ID,window,no_snps,no_insertions,no_deletions,snp_density,transitions,transversions,mean_indel_length
SUPER_1,20000,2,1,0,3,0,2,2
SUPER_1,30000,39,3,7,49,34,5,1
SUPER_1,40000,228,13,0,241,164,64,1.0769231
SUPER_1,50000,24,1,2,27,15,9,2
SUPER_1,60000,32,1,0,33,24,8,20
SUPER_1,70000,61,3,0,64,48,13,1.3333334
SUPER_1,80000,64,1,3,68,49,15,3
SUPER_1,90000,7,1,1,9,5,2,7.5
SUPER_1,100000,59,3,1,63,36,23,1
SUPER_1,110000,7,8,4,19,5,2,2.0833333
SUPER_1,120000,19,3,2,24,8,11,7.4
SUPER_1,130000,13,0,0,13,9,4,NaN
SUPER_1,140000,17,1,1,19,9,8,3
SUPER_1,150000,27,1,3,31,17,10,4.5
SUPER_1,160000,29,3,6,38,13,16,2.2222223
SUPER_1,170000,7,0,1,8,4,3,3
SUPER_1,180000,66,4,4,74,38,28,11.625
SUPER_1,190000,58,6,5,69,28,30,6.5454545
SUPER_1,200000,0,0,1,1,0,0,1
SUPER_1,210000,81,6,9,96,42,39,13.933333
SUPER_1,220000,101,13,9,123,56,45,8.5
SUPER_1,230000,86,1,5,92,40,46,5.3333335
SUPER_1,240000,0,0,0,0,0,0,0
SUPER_1,250000,0,0,0,0,0,0,0
SUPER_1,260000,0,0,0,0,0,0,0
SUPER_1,270000,172,8,18,198,81,91,8.346154
SUPER_1,280000,35,1,2,38,16,19,2.3333333
SUPER_1,290000,13,1,2,16,7,6,3
SUPER_1,300000,8,0,0,8,4,4,NaN
SUPER_1,310000,13,3,0,16,7,6,1.3333334
SUPER_1,320000,6,0,1,7,3,3,2
SUPER_1,330000,11,0,0,11,7,4,NaN
SUPER_1,340000,9,0,0,9,4,5,NaN
SUPER_1,350000,37,2,6,45,18,19,9.25
SUPER_1,360000,71,3,9,83,25,46,10.666667
SUPER_1,370000,68,2,7,77,34,34,11.555555
SUPER_1,380000,28,3,0,31,12,16,4.6666665
SUPER_1,390000,9,3,1,13,7,2,25.5
SUPER_1,400000,11,0,0,11,6,5,NaN
SUPER_1,410000,16,1,0,17,9,7,1
SUPER_1,420000,42,3,2,47,20,22,7.6
SUPER_1,430000,72,6,10,88,34,38,15.5
SUPER_1,440000,105,9,13,127,54,51,3.2272727
SUPER_1,450000,80,8,7,95,41,39,9.733334
SUPER_1,460000,90,8,6,104,36,54,8.071428
SUPER_1,470000,0,0,0,0,0,0,0
SUPER_1,480000,0,0,0,0,0,0,0
SUPER_1,490000,83,3,7,93,37,46,5.1
SUPER_1,500000,135,2,6,143,65,70,7
SUPER_1,510000,89,7,9,105,45,44,10.6875
SUPER_1,520000,77,9,8,94,40,37,6.0588236
SUPER_1,530000,77,5,6,88,42,35,9.909091
SUPER_1,540000,48,3,3,54,30,18,29.166666
SUPER_1,550000,76,6,2,84,43,33,8
SUPER_1,560000,67,6,5,78,33,34,5.2727275
SUPER_1,570000,31,2,4,37,15,16,6
SUPER_1,580000,32,6,0,38,15,17,6.8333335
SUPER_1,590000,24,3,1,28,16,8,9.75
SUPER_1,600000,102,3,12,117,56,46,14.733334
SUPER_1,610000,128,11,9,148,73,55,4.95
SUPER_1,620000,132,9,10,151,73,59,5.736842
SUPER_1,630000,113,5,6,124,64,49,3.4545455
SUPER_1,640000,0,0,0,0,0,0,0
SUPER_1,650000,0,0,0,0,0,0,0
SUPER_1,660000,79,9,6,94,41,38,3.3333333
SUPER_1,670000,80,6,10,96,35,45,5.4375
SUPER_1,680000,62,5,6,73,30,32,4.2727275
SUPER_1,690000,0,0,0,0,0,0,0
SUPER_1,700000,0,0,0,0,0,0,0
SUPER_1,710000,0,0,0,0,0,0,0
SUPER_1,720000,37,4,1,42,26,11,16
SUPER_1,730000,102,12,11,125,49,53,9.173913
SUPER_1,740000,92,7,7,106,48,44,5.785714
SUPER_1,750000,32,5,2,39,18,14,4.428571
SUPER_1,760000,1,0,1,2,1,0,1
SUPER_1,770000,27,6,2,35,16,11,3
SUPER_1,780000,79,7,6,92,34,45,9.153846
SUPER_1,790000,205,17,9,231,105,100,6.4615383
SUPER_1,800000,8,1,0,9,3,5,1
SUPER_1,810000,1,0,0,1,0,1,NaN
SUPER_1,820000,0,0,0,0,0,0,0
SUPER_1,830000,0,0,0,0,0,0,0
SUPER_1,840000,20,1,2,23,9,11,23.333334
SUPER_1,850000,112,11,9,132,47,65,4.95
SUPER_1,860000,59,7,7,73,37,22,73
SUPER_1,870000,77,4,11,92,38,39,10
SUPER_1,880000,127,5,16,148,73,54,15.809524
SUPER_1,890000,105,7,9,121,54,51,5.4375
SUPER_1,900000,48,3,9,60,16,32,3
SUPER_1,910000,13,0,4,17,8,5,23.75
SUPER_1,920000,32,0,4,36,15,17,70.75
SUPER_1,930000,34,2,3,39,18,16,1.2
SUPER_1,940000,60,8,1,69,32,28,4.7777777
SUPER_1,950000,60,7,4,71,32,28,6.909091
SUPER_1,960000,112,9,8,129,51,61,24
SUPER_1,970000,76,3,6,85,41,35,3.3333333
SUPER_1,980000,132,9,9,150,72,60,12.055555
SUPER_1,990000,96,3,10,109,45,51,5.6923075
SUPER_1,1000000,61,6,8,75,28,33,6.357143
SUPER_1,1010000,98,7,10,115,54,44,7.2941175
SUPER_1,1020000,132,7,13,152,72,60,9.85
SUPER_1,1030000,190,6,14,210,98,92,13.2
SUPER_1,1040000,84,9,4,97,39,45,10.307693
SUPER_1,1050000,113,9,2,124,63,50,6
SUPER_1,1060000,122,13,11,146,55,67,26.166666
SUPER_1,1070000,40,3,5,48,15,25,2.625
SUPER_1,1080000,52,2,2,56,24,28,3.5
SUPER_1,1090000,34,3,1,38,23,11,1.25
SUPER_1,1100000,17,1,3,21,10,7,6
SUPER_1,1110000,36,1,3,40,21,15,76
SUPER_1,1120000,83,8,3,94,36,47,5.3636365
SUPER_1,1130000,25,2,3,30,13,12,5.2
SUPER_1,1140000,69,10,5,84,30,39,9.733334
SUPER_1,1150000,95,6,6,107,41,54,4.3333335
SUPER_1,1160000,79,4,5,88,46,33,5.4444447
SUPER_1,1170000,151,7,14,172,60,91,13.142858
SUPER_1,1180000,85,9,9,103,37,48,5.2222223
SUPER_1,1190000,41,3,6,50,22,19,5.7777777
SUPER_1,1200000,110,8,7,125,52,58,3.8
SUPER_1,1210000,1,0,0,1,0,1,NaN
SUPER_1,1220000,7,2,1,10,3,4,10.333333
SUPER_1,1230000,88,6,4,98,44,44,4.8
SUPER_1,1240000,116,8,9,133,58,58,39.411766
SUPER_1,1250000,94,5,14,113,55,39,3.7894738
SUPER_1,1260000,79,6,3,88,38,41,4.7777777
SUPER_1,1270000,44,5,11,60,24,20,4.3125
SUPER_1,1280000,60,10,3,73,36,24,4.4615383
SUPER_1,1290000,43,1,9,53,25,18,18.6
SUPER_1,1300000,19,0,1,20,11,8,28
SUPER_1,1310000,1,0,0,1,1,0,NaN
SUPER_1,1320000,2,0,0,2,1,1,NaN
SUPER_1,1330000,2,0,0,2,2,0,NaN
SUPER_1,1340000,2,0,0,2,2,0,NaN
SUPER_1,1350000,2,1,0,3,2,0,4
SUPER_1,1360000,9,0,2,11,4,5,3
SUPER_1,1370000,1,0,0,1,1,0,NaN
SUPER_1,1380000,2,0,0,2,1,1,NaN
SUPER_1,1390000,1,0,2,3,1,0,10.5
SUPER_1,1400000,3,1,0,4,1,2,1
SUPER_1,1410000,2,0,0,2,1,1,NaN
SUPER_1,1420000,2,1,0,3,0,2,6
SUPER_1,1430000,2,0,0,2,1,1,NaN
SUPER_1,1440000,1,0,0,1,1,0,NaN
SUPER_1,1450000,12,0,0,12,6,6,NaN
SUPER_1,1460000,156,9,10,175,74,82,45.842106
SUPER_1,1470000,85,6,2,93,49,36,4.5
SUPER_1,1480000,40,2,3,45,22,18,3.8
SUPER_1,1490000,63,2,3,68,38,25,1.4
SUPER_1,1500000,88,18,7,113,47,41,5.44
SUPER_1,1510000,66,9,6,81,29,37,16.066668
SUPER_1,1520000,121,12,11,144,56,65,6.4347825
SUPER_1,1530000,43,1,7,51,15,28,14.125
SUPER_1,1540000,150,12,11,173,84,66,6.695652
SUPER_1,1550000,155,8,11,174,78,77,14.421053
SUPER_1,1560000,94,5,8,107,58,36,4.4615383
SUPER_1,1570000,0,0,0,0,0,0,0
SUPER_1,1580000,0,0,0,0,0,0,0
SUPER_1,1590000,71,7,6,84,42,29,3.8461537
SUPER_1,1600000,0,0,0,0,0,0,0
SUPER_1,1610000,0,0,0,0,0,0,0
SUPER_1,1620000,0,0,0,0,0,0,0
SUPER_1,1630000,0,0,0,0,0,0,0
SUPER_1,1640000,107,6,8,121,54,53,4.642857
SUPER_1,1650000,147,4,5,156,88,59,5.4444447
SUPER_1,1660000,207,11,6,224,104,103,6.882353
SUPER_1,1670000,5,0,0,5,5,0,NaN
SUPER_1,1680000,40,2,4,46,15,25,10.333333
SUPER_1,1690000,81,5,6,92,45,36,59.727272
SUPER_1,1700000,73,4,3,80,28,45,3.7142856
SUPER_1,1710000,118,11,5,134,66,52,9
SUPER_1,1720000,138,6,11,155,71,67,9.941176
SUPER_1,1730000,60,3,4,67,32,28,11
SUPER_1,1740000,44,3,1,48,21,23,4
SUPER_1,1750000,16,5,0,21,8,8,9
SUPER_1,1760000,85,5,6,96,37,48,6.909091
SUPER_1,1770000,58,1,6,65,29,29,5.571429
SUPER_1,1780000,104,11,12,127,55,49,3.3043478
SUPER_1,1790000,118,4,8,130,64,54,4.9166665
SUPER_1,1800000,35,4,1,40,14,21,8.2
SUPER_1,1810000,94,5,4,103,58,36,3.3333333
SUPER_1,1820000,152,8,10,170,81,71,4.7222223
SUPER_1,1830000,116,4,9,129,64,52,5.4615383
SUPER_1,1840000,134,7,8,149,70,64,4.3333335
SUPER_1,1850000,96,8,8,112,44,52,3.1875
SUPER_1,1860000,154,13,7,174,81,73,5.8
SUPER_1,1870000,48,4,2,54,23,25,3.5
SUPER_1,1880000,38,5,3,46,21,17,7.875
SUPER_1,1890000,3,0,0,3,2,1,NaN
SUPER_1,1900000,4,1,0,5,2,2,5
SUPER_1,1910000,2,2,0,4,1,1,1.5
SUPER_1,1920000,3,0,3,6,2,1,2.6666667
SUPER_1,1930000,2,0,1,3,2,0,1
SUPER_1,1940000,1,0,0,1,1,0,NaN
SUPER_1,1950000,1,1,1,3,1,0,58
SUPER_1,1960000,1,2,1,4,1,0,1.3333334
SUPER_1,1970000,2,0,0,2,2,0,NaN
SUPER_1,1980000,4,0,1,5,0,4,322
SUPER_1,1990000,4,0,0,4,4,0,NaN
SUPER_1,2000000,4,1,1,6,3,1,3
SUPER_1,2010000,5,1,1,7,4,1,6
SUPER_1,2020000,4,0,1,5,2,2,1
SUPER_1,2030000,29,2,2,33,10,19,12.75
SUPER_1,2040000,53,2,5,60,31,22,8.142858
SUPER_1,2050000,57,1,2,60,39,18,21
SUPER_1,2060000,124,15,10,149,61,63,33.52
SUPER_1,2070000,48,0,1,49,26,22,8
SUPER_1,2080000,79,8,6,93,45,34,4.785714
SUPER_1,2090000,35,1,2,38,14,21,3.3333333
SUPER_1,2100000,174,8,14,196,90,84,7.318182
SUPER_1,2110000,110,6,5,121,55,55,5
SUPER_1,2120000,72,2,5,79,42,30,15.714286
SUPER_1,2130000,0,0,0,0,0,0,0
SUPER_1,2140000,0,0,0,0,0,0,0
SUPER_1,2150000,204,12,13,229,103,101,15.68
SUPER_1,2160000,64,2,2,68,30,34,7.75
SUPER_1,2170000,67,1,4,72,34,33,32.2
SUPER_1,2180000,117,10,7,134,50,67,5
SUPER_1,2190000,123,10,6,139,75,48,5.5625
SUPER_1,2200000,42,1,4,47,22,20,22
SUPER_1,2210000,69,4,9,82,24,45,8.615385
SUPER_1,2220000,157,13,10,180,81,76,4.173913
SUPER_1,2230000,23,4,5,32,11,12,2.4444444
SUPER_1,2240000,73,2,2,77,37,36,1.75
SUPER_1,2250000,216,13,16,245,124,92,9.275862
SUPER_1,2260000,0,0,0,0,0,0,0
SUPER_1,2270000,0,0,0,0,0,0,0
SUPER_1,2280000,200,13,11,224,109,91,4.7916665
SUPER_1,2290000,49,1,4,54,28,21,3.2
SUPER_1,2300000,12,1,1,14,6,6,2.5
SUPER_1,2310000,23,2,0,25,12,11,2.5
SUPER_1,2320000,0,0,0,0,0,0,0
SUPER_1,2330000,0,0,0,0,0,0,0
SUPER_1,2340000,51,4,1,56,27,24,3.6
SUPER_1,2350000,38,3,2,43,22,16,3.2
SUPER_1,2360000,79,2,6,87,39,40,26.125
SUPER_1,2370000,45,1,6,52,25,20,6.285714
SUPER_1,2380000,39,1,3,43,20,19,5.75
SUPER_1,2390000,26,4,3,33,13,13,5.571429
SUPER_1,2400000,59,4,1,64,32,27,8.2
SUPER_1,2410000,90,5,4,99,46,44,5.4444447
SUPER_1,2420000,18,4,0,22,8,10,3.75
SUPER_1,2430000,57,5,4,66,26,31,7.6666665
SUPER_1,2440000,71,1,2,74,31,40,36.666668
SUPER_1,2450000,44,4,5,53,23,21,6.6666665
SUPER_1,2460000,8,0,2,10,3,5,8.5
SUPER_1,2470000,59,4,4,67,32,27,11.375
SUPER_1,2480000,120,7,7,134,54,66,8.785714
SUPER_1,2490000,4,0,0,4,2,2,NaN
SUPER_1,2500000,6,1,0,7,5,1,5
SUPER_1,2510000,2,1,2,5,1,1,4.6666665
SUPER_1,2520000,69,4,1,74,41,28,4
SUPER_1,2530000,108,7,5,120,53,55,3.0833333
SUPER_1,2540000,41,2,5,48,28,13,3.5714285
SUPER_1,2550000,156,13,17,186,75,81,15.433333
SUPER_1,2560000,38,2,5,45,18,20,7.571429
SUPER_1,2570000,104,7,6,117,56,48,9.307693
SUPER_1,2580000,24,3,1,28,15,9,5.75
SUPER_1,2590000,62,5,0,67,36,26,5.4
SUPER_1,2600000,0,0,0,0,0,0,0
SUPER_1,2610000,0,0,0,0,0,0,0
SUPER_1,2620000,117,4,5,126,59,58,4.4444447
SUPER_1,2630000,54,7,6,67,32,22,3.2307692
SUPER_1,2640000,114,13,12,139,60,54,13.08
SUPER_1,2650000,0,0,0,0,0,0,0
SUPER_1,2660000,0,0,0,0,0,0,0
SUPER_1,2670000,158,5,12,175,88,70,9.411765
SUPER_1,2680000,78,3,2,83,42,36,10
SUPER_1,2690000,1,0,0,1,1,0,NaN
SUPER_1,2700000,138,5,10,153,84,54,8.266666
SUPER_1,2710000,93,8,8,109,47,46,7.0625
SUPER_1,2720000,195,14,16,225,100,95,10.066667
SUPER_1,2730000,147,12,15,174,69,78,19.481482
SUPER_1,2740000,131,16,13,160,71,60,3.3448277
SUPER_1,2750000,153,5,12,170,79,74,14.176471
SUPER_1,2760000,148,12,15,175,75,73,4.962963
SUPER_1,2770000,125,14,12,151,60,65,5.269231
SUPER_1,2780000,169,7,14,190,86,83,8.476191
SUPER_1,2790000,97,9,11,117,50,47,37.2
SUPER_1,2800000,119,8,17,144,50,69,31.24
SUPER_1,2810000,0,0,0,0,0,0,0
SUPER_1,2820000,0,0,0,0,0,0,0
SUPER_1,2830000,198,16,10,224,90,108,6.8461537
SUPER_1,2840000,69,3,6,78,32,37,3.1111112
SUPER_1,2850000,145,5,13,163,72,73,13.777778
SUPER_1,2860000,127,11,15,153,74,53,5.6538463
SUPER_1,2870000,69,5,2,76,36,33,28.285715
SUPER_1,2880000,142,7,7,156,63,79,21
SUPER_1,2890000,80,3,1,84,43,37,4
SUPER_1,2900000,22,1,3,26,11,11,2.25
SUPER_1,2910000,88,9,7,104,38,50,4.1875
SUPER_1,2920000,67,7,5,79,40,27,7.25
SUPER_1,2930000,2,0,0,2,2,0,NaN
SUPER_1,2940000,121,9,11,141,62,59,8.25
SUPER_1,2950000,26,2,7,35,11,15,2.6666667
SUPER_1,2960000,108,7,10,125,64,44,4.9411764
SUPER_1,2970000,120,7,5,132,59,61,33.416668
SUPER_1,2980000,117,1,5,123,68,49,13.166667
SUPER_1,2990000,55,2,5,62,25,30,5.857143
SUPER_1,3000000,72,8,1,81,43,29,2.2222223
SUPER_1,3010000,93,6,6,105,50,43,3.1666667
SUPER_1,3020000,84,8,11,103,36,48,6.894737
SUPER_1,3030000,103,11,5,119,58,45,4.3125
SUPER_1,3040000,111,9,11,131,56,55,29.3
SUPER_1,3050000,130,4,4,138,83,47,4.625
SUPER_1,3060000,89,6,11,106,52,37,17.82353
SUPER_1,3070000,148,11,5,164,73,75,6.8125
SUPER_1,3080000,122,9,13,144,54,68,5.090909
SUPER_1,3090000,98,10,11,119,47,51,3.7142856
SUPER_1,3100000,93,4,3,100,41,52,7.714286
SUPER_1,3110000,171,15,14,200,76,95,5.586207
SUPER_1,3120000,90,7,9,106,45,45,2.9375
SUPER_1,3130000,167,12,11,190,78,89,2.652174
SUPER_1,3140000,98,9,14,121,54,44,36.608696
SUPER_1,3150000,39,4,2,45,22,17,17.666666
SUPER_1,3160000,106,10,9,125,54,52,3.368421
SUPER_1,3170000,76,3,7,86,39,37,8.1
SUPER_1,3180000,126,6,4,136,60,66,6
SUPER_1,3190000,90,4,5,99,39,51,2.6666667
SUPER_1,3200000,68,7,4,79,33,35,4.6363635
SUPER_1,3210000,118,7,11,136,59,59,3.5555556
SUPER_1,3220000,83,7,3,93,38,45,1.6
SUPER_1,3230000,59,5,5,69,33,26,8
SUPER_1,3240000,86,6,11,103,43,43,5.352941
SUPER_1,3250000,155,9,12,176,78,77,57.238094
SUPER_1,3260000,25,5,2,32,11,14,3.5714285
SUPER_1,3270000,18,3,2,23,10,8,5.4
SUPER_1,3280000,77,3,8,88,40,37,6.3636365
SUPER_1,3290000,130,13,10,153,70,60,9.478261
SUPER_1,3300000,217,20,14,251,121,96,2.5882354
SUPER_1,3310000,120,9,4,133,63,57,41.76923
SUPER_1,3320000,95,13,4,112,54,41,2.4117646
SUPER_1,3330000,128,8,13,149,60,68,8
SUPER_1,3340000,136,10,12,158,58,78,5.818182
SUPER_1,3350000,165,14,15,194,81,84,12.275862
SUPER_1,3360000,128,10,8,146,62,66,5.7777777
SUPER_1,3370000,57,9,6,72,30,27,3.1333334
SUPER_1,3380000,38,4,3,45,20,18,13.142858
SUPER_1,3390000,86,4,3,93,47,39,5.428571
SUPER_1,3400000,1,0,0,1,1,0,NaN
SUPER_1,3410000,1,0,0,1,0,1,NaN
SUPER_1,3420000,51,1,2,54,25,26,2.6666667
SUPER_1,3430000,2,1,0,3,1,1,3
SUPER_1,3440000,80,6,5,91,41,39,5.7272725
SUPER_1,3450000,98,0,7,105,50,48,3.857143
SUPER_1,3460000,0,0,0,0,0,0,0
SUPER_1,3470000,0,0,0,0,0,0,0
SUPER_1,3480000,0,0,0,0,0,0,0
SUPER_1,3490000,0,0,0,0,0,0,0
SUPER_1,3500000,0,0,0,0,0,0,0
SUPER_1,3510000,0,0,0,0,0,0,0
SUPER_1,3520000,0,0,0,0,0,0,0
SUPER_1,3530000,6,1,2,9,4,2,2
SUPER_1,3540000,36,2,0,38,25,11,8
SUPER_1,3550000,14,1,0,15,5,9,2
SUPER_1,3560000,79,5,5,89,42,37,37.2
SUPER_1,3570000,131,14,8,153,65,66,3.8636363
SUPER_1,3580000,101,3,10,114,57,44,2.8461537
SUPER_1,3590000,0,0,0,0,0,0,0
SUPER_1,3600000,0,0,0,0,0,0,0
SUPER_1,3610000,89,9,9,107,46,43,7.7777777
SUPER_1,3620000,117,12,11,140,53,64,6.0869565
SUPER_1,3630000,104,8,2,114,60,44,7
SUPER_1,3640000,81,7,3,91,41,40,2.9
SUPER_1,3650000,55,4,7,66,24,31,7.181818
SUPER_1,3660000,44,5,5,54,23,21,10.5
SUPER_1,3670000,79,4,6,89,41,38,27.6
SUPER_1,3680000,11,3,3,17,6,5,8.333333
SUPER_1,3690000,5,1,3,9,1,4,9.5
SUPER_1,3700000,128,14,10,152,73,55,6.5416665
SUPER_1,3710000,0,0,0,0,0,0,0
SUPER_1,3720000,0,0,0,0,0,0,0
SUPER_1,3730000,0,0,0,0,0,0,0
SUPER_1,3740000,0,0,0,0,0,0,0
SUPER_1,3750000,0,0,0,0,0,0,0
SUPER_1,3760000,42,2,3,47,18,24,9.6
SUPER_1,3770000,190,17,7,214,106,84,6.25
SUPER_1,3780000,63,5,6,74,31,32,17.636364
SUPER_1,3790000,118,8,5,131,57,61,11.076923
SUPER_1,3800000,65,3,2,70,36,29,4.2
SUPER_1,3810000,142,6,13,161,70,72,44.157894
SUPER_1,3820000,52,6,5,63,28,24,7.181818
SUPER_1,3830000,106,11,11,128,61,45,4.6363635
SUPER_1,3840000,192,8,17,217,104,88,9.48
SUPER_1,3850000,225,13,9,247,120,105,10.5
SUPER_1,3860000,53,4,2,59,27,26,7.5
SUPER_1,3870000,174,7,5,186,89,85,3.9166667
SUPER_1,3880000,101,11,6,118,54,47,4.4117646
SUPER_1,3890000,139,11,15,165,67,72,11.576923
SUPER_1,3900000,180,9,10,199,98,82,7.0526314
SUPER_1,3910000,27,1,0,28,15,12,2
SUPER_1,3920000,2,0,0,2,1,1,NaN
SUPER_1,3930000,3,0,0,3,2,1,NaN
SUPER_1,3940000,3,1,1,5,1,2,2.5
SUPER_1,3950000,122,7,5,134,59,63,13.416667
SUPER_1,3960000,176,13,14,203,85,91,6.9259257
SUPER_1,3970000,14,0,4,18,9,5,6.75
SUPER_1,3980000,56,4,1,61,32,24,16.4
SUPER_1,3990000,173,20,10,203,98,75,7.733333
SUPER_1,4000000,151,13,11,175,87,64,6.25
SUPER_1,4010000,179,13,11,203,89,90,7.3333335
SUPER_1,4020000,136,11,6,153,73,63,4.7647057
SUPER_1,4030000,164,8,17,189,91,73,82.52
SUPER_1,4040000,203,13,11,227,113,90,5.4166665
SUPER_1,4050000,128,3,14,145,59,69,4.470588
SUPER_1,4060000,97,7,10,114,41,56,7.8235292
SUPER_1,4070000,117,7,13,137,72,45,5.3
SUPER_1,4080000,111,11,6,128,57,54,5.7058825
SUPER_1,4090000,165,7,12,184,90,75,10.368421
SUPER_1,4100000,82,4,6,92,41,41,86.6
SUPER_1,4110000,93,3,6,102,44,49,3.8888888
SUPER_1,4120000,138,7,13,158,67,71,16
SUPER_1,4130000,141,8,10,159,72,69,13.888889
SUPER_1,4140000,32,2,0,34,17,15,1.5
SUPER_1,4150000,164,12,15,191,83,81,31.518518
SUPER_1,4160000,237,13,23,273,121,116,6.25
SUPER_1,4170000,156,13,5,174,83,73,7.8333335
SUPER_1,4180000,213,13,8,234,102,111,3.857143
SUPER_1,4190000,72,8,3,83,46,26,5.090909
SUPER_1,4200000,54,3,6,63,27,27,7.3333335
SUPER_1,4210000,13,1,3,17,7,6,2
SUPER_1,4220000,168,14,19,201,83,85,14.060606
SUPER_1,4230000,164,8,10,182,84,80,8.5
SUPER_1,4240000,160,12,11,183,80,80,7.2608695
SUPER_1,4250000,73,7,9,89,40,33,11.625
SUPER_1,4260000,165,5,8,178,83,82,4.6153846
SUPER_1,4270000,170,10,12,192,90,80,5.7272725
SUPER_1,4280000,85,4,6,95,41,44,3.3
SUPER_1,4290000,147,5,10,162,64,83,4.2
SUPER_1,4300000,198,10,21,229,116,82,5.064516
SUPER_1,4310000,180,9,11,200,101,79,8.15
SUPER_1,4320000,109,7,10,126,55,54,4.8235292
SUPER_1,4330000,3,0,0,3,0,3,NaN
SUPER_1,4340000,71,4,2,77,36,35,5
SUPER_1,4350000,65,9,4,78,32,33,5.230769
SUPER_1,4360000,115,10,9,134,51,64,4.5789475
SUPER_1,4370000,49,4,4,57,19,30,7
SUPER_1,4380000,112,4,8,124,54,58,3
SUPER_1,4390000,74,3,9,86,43,31,8.75
SUPER_1,4400000,113,5,18,136,56,57,14.913043
SUPER_1,4410000,126,6,6,138,66,60,12.083333
SUPER_1,4420000,6,2,1,9,2,4,64
SUPER_1,4430000,74,4,6,84,41,33,8.5
SUPER_1,4440000,138,17,8,163,71,67,16.16
SUPER_1,4450000,35,1,2,38,17,18,10.666667
SUPER_1,4460000,43,1,1,45,18,25,9.5
SUPER_1,4470000,104,8,10,122,59,45,11.833333
SUPER_1,4480000,77,4,7,88,45,32,4.3636365
SUPER_1,4490000,45,2,8,55,27,18,4.1
SUPER_1,4500000,32,4,3,39,17,15,28.428572
SUPER_1,4510000,147,8,10,165,84,63,13.222222
SUPER_1,4520000,190,12,14,216,86,104,11.653846
SUPER_1,4530000,160,19,15,194,89,71,5.2058825
SUPER_1,4540000,142,7,12,161,79,63,2.9473684
SUPER_1,4550000,17,1,1,19,7,10,2.5
SUPER_1,4560000,2,2,2,6,1,1,1.75
SUPER_1,4570000,2,1,0,3,1,1,1
SUPER_1,4580000,100,6,6,112,52,48,4.8333335
SUPER_1,4590000,8,3,0,11,3,5,10.666667
SUPER_1,4600000,59,5,3,67,29,30,8.875
SUPER_1,4610000,72,11,6,89,37,35,36.588234
SUPER_1,4620000,7,1,1,9,2,5,6.5
SUPER_1,4630000,23,0,1,24,12,11,1
SUPER_1,4640000,105,7,8,120,59,46,16.466667
SUPER_1,4650000,153,19,14,186,67,86,4.3636365
SUPER_1,4660000,175,11,12,198,87,88,37.217392
SUPER_1,4670000,148,6,13,167,83,65,14.157895
SUPER_1,4680000,123,7,10,140,59,64,3.4117646
SUPER_1,4690000,150,5,14,169,59,91,8.105263
SUPER_1,4700000,15,2,2,19,9,6,1.25
SUPER_1,4710000,2,0,1,3,1,1,4
SUPER_1,4720000,9,0,0,9,4,5,NaN
SUPER_1,4730000,109,11,11,131,64,45,4.090909
SUPER_1,4740000,145,7,11,163,71,74,5.111111
SUPER_1,4750000,69,8,9,86,35,34,4.7647057
SUPER_1,4760000,116,8,15,139,58,58,32.695652
SUPER_1,4770000,11,3,2,16,7,4,1.4
SUPER_1,4780000,110,3,12,125,56,54,5.133333
SUPER_1,4790000,124,7,6,137,64,60,5.8461537
SUPER_1,4800000,109,14,7,130,53,56,6.428571
SUPER_1,4810000,131,10,7,148,69,62,4.8235292
SUPER_1,4820000,45,4,4,53,25,20,1.75
SUPER_1,4830000,19,0,0,19,10,9,NaN
SUPER_1,4840000,112,5,8,125,73,39,6.769231
SUPER_1,4850000,167,5,15,187,101,66,6.45
SUPER_1,4860000,196,13,13,222,113,83,9.423077
SUPER_1,4870000,64,5,8,77,35,29,4.4615383
SUPER_1,4880000,166,12,13,191,93,73,24.64
SUPER_1,4890000,124,7,11,142,63,61,5.3333335
SUPER_1,4900000,89,7,2,98,46,43,2.1111112
SUPER_1,4910000,188,21,13,222,115,73,4.5
SUPER_1,4920000,52,4,2,58,22,30,12
SUPER_1,4930000,135,7,11,153,67,68,3
SUPER_1,4940000,130,11,9,150,61,69,6.25
SUPER_1,4950000,160,10,10,180,77,83,11.3
SUPER_1,4960000,4,1,0,5,3,1,4
SUPER_1,4970000,1,0,2,3,0,1,14
SUPER_1,4980000,157,7,12,176,75,82,14.842105
SUPER_1,4990000,100,11,8,119,48,52,8.894737
SUPER_1,5000000,66,6,5,77,33,33,2.5454545
SUPER_1,5010000,205,18,14,237,103,102,5.46875
SUPER_1,5020000,204,17,12,233,93,111,15.344828
SUPER_1,5030000,48,5,5,58,29,19,55.8
SUPER_1,5040000,0,0,0,0,0,0,0
SUPER_1,5050000,0,0,0,0,0,0,0
SUPER_1,5060000,1,1,1,3,1,0,1.5
SUPER_1,5070000,1,0,0,1,0,1,NaN
SUPER_1,5080000,0,0,0,0,0,0,0
SUPER_1,5090000,0,0,0,0,0,0,0
SUPER_1,5100000,45,5,4,54,25,20,3
SUPER_1,5110000,73,6,4,83,40,33,5.5
SUPER_1,5120000,102,8,6,116,55,47,6.214286
SUPER_1,5130000,119,2,8,129,59,60,29.8
SUPER_1,5140000,119,13,9,141,67,52,6.7272725
SUPER_1,5150000,94,6,10,110,42,52,6.75
SUPER_1,5160000,193,19,12,224,89,104,6.322581
SUPER_1,5170000,142,7,9,158,75,67,6.75
SUPER_1,5180000,94,9,9,112,54,40,9.444445
SUPER_1,5190000,126,8,7,141,67,59,7.4666667
SUPER_1,5200000,233,20,12,265,110,123,7.65625
SUPER_1,5210000,94,5,11,110,58,36,51
SUPER_1,5220000,97,6,7,110,47,50,8.076923
SUPER_1,5230000,29,6,5,40,6,23,3.8181818
SUPER_1,5240000,4,1,1,6,2,2,1
SUPER_1,5250000,2,1,1,4,1,1,8.5
SUPER_1,5260000,5,2,1,8,4,1,6.6666665
SUPER_1,5270000,1,0,3,4,1,0,1.6666666
SUPER_1,5280000,2,0,0,2,2,0,NaN
SUPER_1,5290000,119,2,14,135,66,53,3.25
SUPER_1,5300000,154,9,14,177,79,75,4.304348
SUPER_1,5310000,6,0,0,6,2,4,NaN
SUPER_1,5320000,71,7,7,85,30,41,8.5
SUPER_1,5330000,51,6,4,61,26,25,1.9
SUPER_1,5340000,4,1,0,5,4,0,2
SUPER_1,5350000,0,0,0,0,0,0,0
SUPER_1,5360000,0,0,0,0,0,0,0
SUPER_1,5370000,53,3,7,63,29,24,8.8
SUPER_1,5380000,90,6,10,106,48,42,77.25
SUPER_1,5390000,102,8,18,128,49,53,7.1538463
SUPER_1,5400000,84,13,11,108,46,38,7.75
SUPER_1,5410000,72,9,4,85,34,38,5
SUPER_1,5420000,80,13,9,102,41,39,5.0454545
SUPER_1,5430000,110,16,7,133,47,63,4.173913
SUPER_1,5440000,5,0,0,5,2,3,NaN
SUPER_1,5450000,59,5,8,72,30,29,3.0769231
SUPER_1,5460000,5,2,0,7,1,4,13.5
SUPER_1,5470000,25,3,2,30,16,9,6.4
SUPER_1,5480000,40,4,3,47,21,19,4.142857
SUPER_1,5490000,0,1,0,1,0,0,1
SUPER_1,5500000,1,1,0,2,1,0,12
SUPER_1,5510000,5,0,0,5,1,4,NaN
SUPER_1,5520000,1,2,0,3,1,0,14.5
SUPER_1,5530000,39,5,4,48,21,18,3.6666667
SUPER_1,5540000,64,6,7,77,28,36,4.6923075
SUPER_1,5550000,14,5,3,22,6,8,3.5
SUPER_1,5560000,99,6,8,113,52,47,15.928572
SUPER_1,5570000,134,13,13,160,69,65,5.8461537
SUPER_1,5580000,96,7,5,108,54,42,6.5
SUPER_1,5590000,69,5,5,79,35,34,2.7
SUPER_1,5600000,75,5,4,84,37,38,79.333336
SUPER_1,5610000,132,12,13,157,63,69,8.08
SUPER_1,5620000,126,12,12,150,65,61,5.9166665
SUPER_1,5630000,162,6,10,178,84,78,7.5
SUPER_1,5640000,15,0,0,15,7,8,NaN
SUPER_1,5650000,91,4,4,99,50,41,8.375
SUPER_1,5660000,40,8,9,57,15,25,3.2941177
SUPER_1,5670000,23,1,0,24,13,10,7
SUPER_1,5680000,2,4,0,6,1,1,15
SUPER_1,5690000,3,0,0,3,1,2,NaN
SUPER_1,5700000,4,1,2,7,0,4,2.6666667
SUPER_1,5710000,4,0,1,5,2,2,2
SUPER_1,5720000,19,1,3,23,10,9,5.5
SUPER_1,5730000,182,9,11,202,100,82,25.25
SUPER_1,5740000,200,10,9,219,103,97,6.736842
SUPER_1,5750000,68,7,6,81,34,34,23.538462
SUPER_1,5760000,197,12,17,226,97,100,5.206897
SUPER_1,5770000,45,5,1,51,22,23,8.5
SUPER_1,5780000,80,4,6,90,47,33,8.9
SUPER_1,5790000,121,7,8,136,62,59,6.733333
SUPER_1,5800000,177,8,8,193,92,85,5.8125
SUPER_1,5810000,72,4,3,79,29,43,2.142857
SUPER_1,5820000,67,8,6,81,33,34,11.785714
SUPER_1,5830000,149,16,13,178,70,79,14.896552
SUPER_1,5840000,70,7,8,85,35,35,1.8
SUPER_1,5850000,1,0,0,1,0,1,NaN
SUPER_1,5860000,3,0,0,3,3,0,NaN
SUPER_1,5870000,1,0,1,2,1,0,1
SUPER_1,5880000,64,7,3,74,34,30,1.8
SUPER_1,5890000,4,1,0,5,4,0,2
SUPER_1,5900000,135,11,6,152,79,56,9.705882
SUPER_1,5910000,247,14,11,272,107,140,4.4
SUPER_1,5920000,88,2,15,105,46,42,49.764706
SUPER_1,5930000,58,3,3,64,33,25,4.3333335
SUPER_1,5940000,81,5,7,93,46,35,11.25
SUPER_1,5950000,91,5,7,103,50,41,8.75
SUPER_1,5960000,6,0,0,6,3,3,NaN
SUPER_1,5970000,32,3,2,37,22,10,13
SUPER_1,5980000,7,2,1,10,2,5,4.3333335
SUPER_1,5990000,132,6,5,143,65,67,9.818182
SUPER_1,6000000,119,5,11,135,61,58,15.8125
SUPER_1,6010000,40,3,2,45,18,22,10.2
SUPER_1,6020000,136,10,7,153,76,60,6.470588
SUPER_1,6030000,118,9,4,131,66,52,6
SUPER_1,6040000,89,8,5,102,47,42,4.6923075
SUPER_1,6050000,91,8,7,106,43,48,11.666667
SUPER_1,6060000,115,11,8,134,58,57,10.789474
SUPER_1,6070000,141,8,4,153,76,65,15.833333
SUPER_1,6080000,91,3,8,102,43,48,6.090909
SUPER_1,6090000,29,2,0,31,10,19,1
SUPER_1,6100000,64,3,6,73,32,32,4.4444447
SUPER_1,6110000,156,7,13,176,88,68,5.8
SUPER_1,6120000,154,1,15,170,91,63,13.6875
SUPER_1,6130000,87,8,6,101,35,52,4.357143
SUPER_1,6140000,112,10,10,132,58,54,4.25
SUPER_1,6150000,95,6,5,106,51,44,6.7272725
SUPER_1,6160000,99,9,5,113,53,46,5.071429
SUPER_1,6170000,154,10,19,183,72,82,89.51724
SUPER_1,6180000,138,8,8,154,67,71,2.8125
SUPER_1,6190000,0,0,0,0,0,0,0
SUPER_1,6200000,0,0,0,0,0,0,0
SUPER_1,6210000,106,6,5,117,57,49,24.90909
SUPER_1,6220000,35,2,5,42,15,20,5.428571
SUPER_1,6230000,12,4,2,18,3,9,51.5
SUPER_1,6240000,75,9,7,91,34,41,4.375
SUPER_1,6250000,70,6,7,83,40,30,8.230769
SUPER_1,6260000,113,12,7,132,51,62,6.894737
SUPER_1,6270000,79,7,12,98,43,36,13.526316
SUPER_1,6280000,84,4,5,93,39,45,2.1111112
SUPER_1,6290000,96,9,8,113,37,59,12.529411
SUPER_1,6300000,81,6,8,95,27,54,4.071429
SUPER_1,6310000,47,2,7,56,29,18,5
SUPER_1,6320000,145,9,11,165,69,76,10.7
SUPER_1,6330000,9,3,0,12,4,5,1.6666666
SUPER_1,6340000,45,1,1,47,20,25,1
SUPER_1,6350000,49,2,2,53,23,26,2.25
SUPER_1,6360000,93,3,7,103,42,51,2.2
SUPER_1,6370000,0,0,1,1,0,0,4
SUPER_1,6380000,1,0,0,1,0,1,NaN
SUPER_1,6390000,2,0,0,2,2,0,NaN
SUPER_1,6400000,1,0,1,2,0,1,4
SUPER_1,6410000,75,3,5,83,42,33,7.375
SUPER_1,6420000,36,4,0,40,16,20,3.5
SUPER_1,6430000,81,11,8,100,44,37,3.9473684
SUPER_1,6440000,45,6,4,55,17,28,3.2
SUPER_1,6450000,86,6,9,101,45,41,5.3333335
SUPER_1,6460000,114,9,16,139,56,58,4.92
SUPER_1,6470000,96,12,12,120,47,49,17.291666
SUPER_1,6480000,0,0,0,0,0,0,0
SUPER_1,6490000,0,0,0,0,0,0,0
SUPER_1,6500000,4,1,1,6,3,1,2.5
SUPER_1,6510000,66,7,6,79,24,42,59.615383
SUPER_1,6520000,3,1,2,6,2,1,2
SUPER_1,6530000,4,0,1,5,4,0,1
SUPER_1,6540000,4,0,0,4,2,2,NaN
SUPER_1,6550000,1,1,2,4,0,1,4.6666665
SUPER_1,6560000,0,1,1,2,0,0,14.5
SUPER_1,6570000,2,0,0,2,2,0,NaN
SUPER_1,6580000,5,0,0,5,2,3,NaN
SUPER_1,6590000,1,0,0,1,1,0,NaN
SUPER_1,6600000,1,0,0,1,1,0,NaN
SUPER_1,6610000,1,1,0,2,1,0,3
SUPER_1,6620000,4,2,1,7,2,2,1.6666666
SUPER_1,6630000,1,0,0,1,0,1,NaN
SUPER_1,6640000,26,0,6,32,13,13,7.6666665
SUPER_1,6650000,159,11,15,185,75,84,5.1923075
SUPER_1,6660000,102,12,10,124,46,56,3.4545455
SUPER_1,6670000,56,7,3,66,25,31,6.6
SUPER_1,6680000,57,4,4,65,35,22,4
SUPER_1,6690000,2,2,1,5,1,1,6.3333335
SUPER_1,6700000,1,0,1,2,1,0,16
SUPER_1,6710000,92,5,8,105,47,45,4.3076925
SUPER_1,6720000,36,2,4,42,13,23,5.8333335
SUPER_1,6730000,3,1,0,4,0,3,1
SUPER_1,6740000,6,0,3,9,1,5,7.3333335
SUPER_1,6750000,1,0,0,1,1,0,NaN
SUPER_1,6760000,33,3,6,42,18,15,4.888889
SUPER_1,6770000,85,3,8,96,45,40,6.818182
SUPER_1,6780000,114,12,18,144,59,55,4.2
SUPER_1,6790000,97,8,15,120,47,50,12.521739
SUPER_1,6800000,88,7,3,98,49,39,16
SUPER_1,6810000,87,6,14,107,44,43,34.05
SUPER_1,6820000,26,5,1,32,13,13,3
SUPER_1,6830000,0,0,0,0,0,0,0
SUPER_1,6840000,0,0,0,0,0,0,0
SUPER_1,6850000,25,1,5,31,12,13,3.8333333
SUPER_1,6860000,146,8,14,168,78,68,11.681818
SUPER_1,6870000,79,3,6,88,44,35,8.444445
SUPER_1,6880000,44,3,5,52,20,24,13.875
SUPER_1,6890000,163,10,13,186,92,71,5.4347825
SUPER_1,6900000,95,8,7,110,39,56,6.4666667
SUPER_1,6910000,11,2,0,13,6,5,5.5
SUPER_1,6920000,60,5,8,73,33,27,5.3076925
SUPER_1,6930000,26,1,3,30,17,9,4.25
SUPER_1,6940000,86,7,6,99,38,48,6.3846154
SUPER_1,6950000,111,6,11,128,65,46,12
SUPER_1,6960000,8,2,0,10,4,4,7.5
SUPER_1,6970000,83,11,12,106,43,40,6.0869565
SUPER_1,6980000,153,12,14,179,84,69,5.1153846
SUPER_1,6990000,263,15,14,292,121,142,6.9310346
SUPER_1,7000000,136,9,12,157,74,62,6.1904764
SUPER_1,7010000,122,4,8,134,67,55,7.5833335
SUPER_1,7020000,0,0,0,0,0,0,0
SUPER_1,7030000,0,0,0,0,0,0,0
SUPER_1,7040000,43,2,4,49,26,17,6
SUPER_1,7050000,74,3,6,83,36,38,3.7777777
SUPER_1,7060000,64,4,4,72,26,38,5.25
SUPER_1,7070000,123,3,7,133,69,54,8
SUPER_1,7080000,115,5,14,134,61,54,49.63158
SUPER_1,7090000,117,10,9,136,61,56,5.105263
SUPER_1,7100000,122,9,10,141,50,72,31.631578
SUPER_1,7110000,189,15,11,215,88,101,5.4615383
SUPER_1,7120000,1,0,1,2,0,1,6
SUPER_1,7130000,65,8,7,80,36,29,2.4
SUPER_1,7140000,24,4,3,31,9,15,7.571429
SUPER_1,7150000,63,3,7,73,28,35,1.9
SUPER_1,7160000,206,15,12,233,98,108,5.5555553
SUPER_1,7170000,75,7,10,92,37,38,2.235294
SUPER_1,7180000,68,10,8,86,34,34,6.5
SUPER_1,7190000,160,13,13,186,86,74,6.769231
SUPER_1,7200000,98,10,9,117,55,43,12
SUPER_1,7210000,118,8,7,133,51,67,4.4
SUPER_1,7220000,120,6,5,131,68,52,22.636364
SUPER_1,7230000,135,5,10,150,72,63,5.0666666
SUPER_1,7240000,61,1,4,66,37,24,24
SUPER_1,7250000,76,3,5,84,57,19,15
SUPER_1,7260000,101,6,12,119,47,54,6.388889
SUPER_1,7270000,88,14,12,114,40,48,5
SUPER_1,7280000,159,10,6,175,77,82,5.25
SUPER_1,7290000,215,12,13,240,102,113,11.96
SUPER_1,7300000,3,2,0,5,3,0,4
SUPER_1,7310000,63,6,8,77,21,42,9.928572
SUPER_1,7320000,126,10,6,142,62,64,11.5
SUPER_1,7330000,163,16,19,198,70,93,4.857143
SUPER_1,7340000,99,10,11,120,54,45,6.857143
SUPER_1,7350000,1,1,0,2,0,1,1
SUPER_1,7360000,123,4,12,139,51,72,29.8125
SUPER_1,7370000,132,7,10,149,56,76,7.529412
SUPER_1,7380000,107,10,10,127,58,49,5.2
SUPER_1,7390000,100,15,15,130,52,48,14.533334
SUPER_1,7400000,62,3,11,76,27,35,5.571429
SUPER_1,7410000,97,6,9,112,40,57,3
SUPER_1,7420000,7,0,0,7,2,5,NaN
SUPER_1,7430000,138,7,7,152,67,71,11.357142
SUPER_1,7440000,25,1,1,27,19,6,5
SUPER_1,7450000,83,3,7,93,40,43,3.8
SUPER_1,7460000,119,5,14,138,63,56,6.736842
SUPER_1,7470000,125,16,9,150,71,54,31.52
SUPER_1,7480000,99,6,9,114,51,48,10
SUPER_1,7490000,57,7,5,69,22,35,4.4166665
SUPER_1,7500000,90,9,1,100,37,53,5.4
SUPER_1,7510000,146,8,13,167,79,67,2.857143
SUPER_1,7520000,15,1,1,17,8,7,18.5
SUPER_1,7530000,20,0,0,20,11,9,NaN
SUPER_1,7540000,22,1,3,26,7,15,3.75
SUPER_1,7550000,100,6,9,115,51,49,47.4
SUPER_1,7560000,89,5,4,98,54,35,3.3333333
SUPER_1,7570000,58,4,8,70,30,28,5.9166665
SUPER_1,7580000,152,9,8,169,79,73,29.470589
SUPER_1,7590000,88,5,8,101,41,47,76.46154
SUPER_1,7600000,180,14,20,214,93,87,4.647059
SUPER_1,7610000,156,14,14,184,83,73,5.821429
SUPER_1,7620000,15,1,1,17,8,7,5
SUPER_1,7630000,16,2,2,20,10,6,6.75
SUPER_1,7640000,96,13,11,120,46,50,5.125
SUPER_1,7650000,128,12,11,151,59,69,2.6956522
SUPER_1,7660000,14,0,2,16,9,5,3.5
SUPER_1,7670000,88,4,11,103,50,38,6.866667
SUPER_1,7680000,63,6,7,76,29,34,3.6923077
SUPER_1,7690000,1,0,0,1,1,0,NaN
SUPER_1,7700000,83,8,8,99,42,41,9.25
SUPER_1,7710000,72,5,6,83,38,34,10.272727
SUPER_1,7720000,1,0,1,2,1,0,2
SUPER_1,7730000,2,0,1,3,1,1,2
SUPER_1,7740000,1,0,1,2,1,0,1
SUPER_1,7750000,18,2,1,21,8,10,2.3333333
SUPER_1,7760000,0,0,0,0,0,0,0
SUPER_1,7770000,0,0,0,0,0,0,0
SUPER_1,7780000,49,4,5,58,22,27,11.888889
SUPER_1,7790000,2,0,2,4,0,2,1
SUPER_1,7800000,122,13,6,141,54,68,6.368421
SUPER_1,7810000,64,6,3,73,30,34,4.7777777
SUPER_1,7820000,41,3,6,50,23,18,7.2222223
SUPER_1,7830000,112,4,8,124,60,52,5.4166665
SUPER_1,7840000,89,7,11,107,49,40,26.5
SUPER_1,7850000,103,4,5,112,45,58,4.6666665
SUPER_1,7860000,128,12,5,145,62,66,5.7647057
SUPER_1,7870000,1,0,0,1,1,0,NaN
SUPER_1,7880000,1,0,0,1,1,0,NaN
SUPER_1,7890000,2,0,0,2,0,2,NaN
SUPER_1,7900000,10,2,0,12,4,6,18.5
SUPER_1,7910000,41,3,3,47,24,17,11.833333
SUPER_1,7920000,5,1,0,6,3,2,1
SUPER_1,7930000,2,0,0,2,1,1,NaN
SUPER_1,7940000,8,1,0,9,2,6,11
SUPER_1,7950000,63,3,6,72,33,30,6
SUPER_1,7960000,122,6,6,134,61,61,9.583333
SUPER_1,7970000,145,10,6,161,82,63,9.0625
SUPER_1,7980000,55,3,2,60,30,25,17.2
SUPER_1,7990000,27,2,1,30,16,11,13
SUPER_1,8000000,19,4,1,24,11,8,9
SUPER_1,8010000,28,1,0,29,13,15,1
SUPER_1,8020000,15,2,1,18,10,5,1
SUPER_1,8030000,120,8,3,131,67,53,7.6363635
SUPER_1,8040000,52,6,4,62,29,23,3
SUPER_1,8050000,160,10,10,180,74,86,3.85
SUPER_1,8060000,100,9,6,115,51,49,12.266666
SUPER_1,8070000,120,8,8,136,59,61,17.625
SUPER_1,8080000,136,10,13,159,70,66,7.3913045
SUPER_1,8090000,114,12,8,134,65,49,3.15
SUPER_1,8100000,155,10,16,181,69,86,14.115385
SUPER_1,8110000,131,8,9,148,61,70,6.5882354
SUPER_1,8120000,69,6,9,84,31,38,4.3333335
SUPER_1,8130000,203,19,17,239,88,115,15.083333
SUPER_1,8140000,0,0,0,0,0,0,0
SUPER_1,8150000,0,0,0,0,0,0,0
SUPER_1,8160000,0,0,0,0,0,0,0
SUPER_1,8170000,78,5,2,85,45,33,5.571429
SUPER_1,8180000,92,4,7,103,39,53,5.909091
SUPER_1,8190000,77,1,4,82,48,29,8.4
SUPER_1,8200000,153,4,10,167,75,78,9.142858
SUPER_1,8210000,8,1,1,10,4,4,1
SUPER_1,8220000,2,0,0,2,2,0,NaN
SUPER_1,8230000,143,6,11,160,72,71,4.4117646
SUPER_1,8240000,196,13,10,219,87,109,5.7826085
SUPER_1,8250000,158,9,10,177,83,75,13.421053
SUPER_1,8260000,150,9,18,177,77,73,7.5925927
SUPER_1,8270000,149,8,9,166,73,76,7.0588236
SUPER_1,8280000,107,9,11,127,56,51,4.75
SUPER_1,8290000,99,7,10,116,41,58,14.529411
SUPER_1,8300000,126,14,18,158,66,60,4.78125
SUPER_1,8310000,120,9,6,135,60,60,6.5333333
SUPER_1,8320000,106,9,11,126,53,53,5.95
SUPER_1,8330000,113,9,12,134,62,51,8.428572
SUPER_1,8340000,158,15,9,182,83,75,7.7083335
SUPER_1,8350000,82,6,8,96,37,45,6.857143
SUPER_1,8360000,95,8,8,111,45,50,2.8125
SUPER_1,8370000,42,8,7,57,26,16,3.4666667
SUPER_1,8380000,61,6,5,72,28,33,5.5454545
SUPER_1,8390000,0,0,0,0,0,0,0
SUPER_1,8400000,0,0,0,0,0,0,0
SUPER_1,8410000,100,7,3,110,50,50,5
SUPER_1,8420000,157,13,11,181,67,90,12.583333
SUPER_1,8430000,111,4,4,119,63,48,8.75
SUPER_1,8440000,188,13,7,208,115,73,9.75
SUPER_1,8450000,143,13,16,172,85,58,10.620689
SUPER_1,8460000,76,9,7,92,32,44,6.6875
SUPER_1,8470000,108,11,9,128,62,46,5.2
SUPER_1,8480000,96,8,8,112,38,58,5.4375
SUPER_1,8490000,24,3,10,37,13,11,16.692308
SUPER_1,8500000,71,7,12,90,35,36,9.421053
SUPER_1,8510000,60,3,7,70,28,32,8
SUPER_1,8520000,74,3,11,88,36,38,2.7857144
SUPER_1,8530000,63,8,10,81,34,29,7.9444447
SUPER_1,8540000,119,6,6,131,67,52,7.25
SUPER_1,8550000,89,5,5,99,52,37,8.6
SUPER_1,8560000,131,13,9,153,51,80,3.6363637
SUPER_1,8570000,165,12,12,189,77,88,10.666667
SUPER_1,8580000,100,6,7,113,53,47,13
SUPER_1,8590000,47,1,4,52,26,21,15.4
SUPER_1,8600000,139,20,9,168,86,53,4.62069
SUPER_1,8610000,129,7,7,143,65,64,7
SUPER_1,8620000,134,11,9,154,82,52,3.2
SUPER_1,8630000,42,3,2,47,23,19,3
SUPER_1,8640000,114,6,5,125,69,45,10.363636
SUPER_1,8650000,81,8,7,96,43,38,41.933334
SUPER_1,8660000,147,8,6,161,72,75,4.285714
SUPER_1,8670000,140,3,17,160,72,68,14.95
SUPER_1,8680000,104,9,7,120,59,45,9.6875
SUPER_1,8690000,9,0,1,10,3,6,1
SUPER_1,8700000,23,0,3,26,11,12,9
SUPER_1,8710000,90,6,9,105,42,48,15.8
SUPER_1,8720000,12,1,0,13,4,8,1
SUPER_1,8730000,53,2,5,60,32,21,2.7142856
SUPER_1,8740000,44,4,4,52,25,19,4.5
SUPER_1,8750000,102,3,3,108,57,45,1.5
SUPER_1,8760000,140,4,10,154,72,68,15.428572
SUPER_1,8770000,157,11,12,180,86,71,8.217391
SUPER_1,8780000,44,4,3,51,23,21,4.714286
SUPER_1,8790000,23,1,2,26,11,12,2
SUPER_1,8800000,52,4,7,63,33,19,5
SUPER_1,8810000,149,8,10,167,94,55,23.88889
SUPER_1,8820000,24,3,2,29,10,14,4.8
SUPER_1,8830000,109,7,7,123,48,61,18.142857
SUPER_1,8840000,5,0,1,6,5,0,6
SUPER_1,8850000,31,2,6,39,17,14,6.375
SUPER_1,8860000,54,3,8,65,27,27,3.4545455
SUPER_1,8870000,63,3,3,69,31,32,6.3333335
SUPER_1,8880000,113,11,5,129,50,63,5.25
SUPER_1,8890000,73,4,5,82,32,41,34.555557
SUPER_1,8900000,99,4,9,112,52,47,6.6923075
SUPER_1,8910000,88,7,4,99,44,44,8.272727
SUPER_1,8920000,86,6,3,95,49,37,6.111111
SUPER_1,8930000,10,0,1,11,7,3,3
SUPER_1,8940000,4,0,0,4,2,2,NaN
SUPER_1,8950000,3,1,0,4,0,3,4
SUPER_1,8960000,16,1,2,19,9,7,13.333333
SUPER_1,8970000,3,0,0,3,1,2,NaN
SUPER_1,8980000,2,0,1,3,1,1,1
SUPER_1,8990000,2,1,0,3,2,0,1
SUPER_1,9000000,3,1,0,4,2,1,1
SUPER_1,9010000,0,0,0,0,0,0,0
SUPER_1,9020000,0,0,0,0,0,0,0
SUPER_1,9030000,4,0,0,4,2,2,NaN
SUPER_1,9040000,43,2,4,49,27,16,6.3333335
SUPER_1,9050000,145,12,11,168,79,66,8.608696
SUPER_1,9060000,77,2,3,82,48,29,6.8
SUPER_1,9070000,22,3,4,29,13,9,11.428572
SUPER_1,9080000,1,0,0,1,0,1,NaN
SUPER_1,9090000,1,0,0,1,1,0,NaN
SUPER_1,9100000,58,2,5,65,30,28,2.857143
SUPER_1,9110000,1,0,0,1,1,0,NaN
SUPER_1,9120000,4,0,0,4,1,3,NaN
SUPER_1,9130000,2,0,0,2,1,1,NaN
SUPER_1,9140000,2,0,0,2,1,1,NaN
SUPER_1,9150000,0,0,0,0,0,0,0
SUPER_1,9160000,0,0,0,0,0,0,0
SUPER_1,9170000,3,0,1,4,1,2,1
SUPER_1,9180000,3,0,0,3,1,2,NaN
SUPER_1,9190000,2,0,0,2,1,1,NaN
SUPER_1,9200000,6,0,2,8,4,2,6.5
SUPER_1,9210000,3,0,0,3,1,2,NaN
SUPER_1,9220000,2,0,0,2,1,1,NaN
SUPER_1,9230000,1,0,0,1,1,0,NaN
SUPER_1,9240000,53,3,6,62,25,28,4.4444447
SUPER_1,9250000,28,4,2,34,16,12,1.5
SUPER_1,9260000,37,1,3,41,23,14,3.25
SUPER_1,9270000,58,7,7,72,34,24,6.5
SUPER_1,9280000,107,6,9,122,44,63,3.1333334
SUPER_1,9290000,20,0,1,21,13,7,2
SUPER_1,9300000,63,1,1,65,40,23,2.5
SUPER_1,9310000,127,5,11,143,64,63,4.3125
SUPER_1,9320000,110,6,8,124,46,64,7.928571
SUPER_1,9330000,0,0,0,0,0,0,0
SUPER_1,9340000,0,0,0,0,0,0,0
SUPER_1,9350000,0,0,0,0,0,0,0
SUPER_1,9360000,78,3,2,83,48,30,2.2
SUPER_1,9370000,58,6,5,69,32,26,7.909091
SUPER_1,9380000,144,8,11,163,73,71,4.368421
SUPER_1,9390000,120,9,9,138,62,58,7.8333335
SUPER_1,9400000,103,7,6,116,42,61,7.3846154
SUPER_1,9410000,176,8,11,195,88,88,5.7894735
SUPER_1,9420000,93,2,5,100,43,50,4.857143
SUPER_1,9430000,105,7,7,119,55,50,13.357142
SUPER_1,9440000,92,6,12,110,49,43,5.8333335
SUPER_1,9450000,100,8,12,120,56,44,10.3
SUPER_1,9460000,69,8,3,80,41,28,4.4545455
SUPER_1,9470000,103,7,4,114,54,49,6.818182
SUPER_1,9480000,78,1,2,81,42,36,2.3333333
SUPER_1,9490000,5,1,0,6,2,3,1
SUPER_1,9500000,4,0,0,4,2,2,NaN
SUPER_1,9510000,4,0,0,4,1,3,NaN
SUPER_1,9520000,5,0,2,7,2,3,8
SUPER_1,9530000,1,0,0,1,0,1,NaN
SUPER_1,9540000,2,0,1,3,1,1,3
SUPER_1,9550000,2,2,1,5,1,1,4.3333335
SUPER_1,9560000,2,0,0,2,1,1,NaN
SUPER_1,9570000,2,0,0,2,2,0,NaN
SUPER_1,9580000,2,0,0,2,2,0,NaN
SUPER_1,9590000,2,0,1,3,2,0,27
SUPER_1,9600000,2,0,0,2,2,0,NaN
SUPER_1,9610000,3,0,0,3,1,2,NaN
SUPER_1,9620000,1,2,0,3,0,1,45
SUPER_1,9630000,2,0,0,2,1,1,NaN
SUPER_1,9640000,6,0,0,6,3,3,NaN
SUPER_1,9650000,3,0,0,3,1,2,NaN
SUPER_1,9660000,5,2,2,9,2,3,4.5
SUPER_1,9670000,2,0,0,2,0,2,NaN
SUPER_1,9680000,2,0,0,2,1,1,NaN
SUPER_1,9690000,1,0,0,1,1,0,NaN
SUPER_1,9700000,5,2,1,8,4,1,22.666666
SUPER_1,9710000,3,0,0,3,3,0,NaN
SUPER_1,9720000,5,1,0,6,4,1,1
SUPER_1,9730000,5,2,0,7,1,4,1
SUPER_1,9740000,2,0,1,3,0,2,10
SUPER_1,9750000,2,0,1,3,1,1,1
SUPER_1,9760000,0,0,0,0,0,0,0
SUPER_1,9770000,0,0,0,0,0,0,0
SUPER_1,9780000,56,7,5,68,29,27,1.3333334
SUPER_1,9790000,80,5,7,92,42,38,13
SUPER_1,9800000,19,0,0,19,8,11,NaN
SUPER_1,9810000,123,4,7,134,62,61,7.2727275
SUPER_1,9820000,32,0,5,37,20,12,51.4
SUPER_1,9830000,7,0,1,8,4,3,8
SUPER_1,9840000,0,0,0,0,0,0,0
SUPER_1,9850000,0,0,0,0,0,0,0
SUPER_1,9860000,12,0,1,13,6,6,1
SUPER_1,9870000,2,0,0,2,2,0,NaN
SUPER_1,9880000,16,3,0,19,9,7,3.3333333
SUPER_1,9890000,41,2,3,46,23,18,7.2
SUPER_1,9900000,65,4,6,75,28,37,8.1
SUPER_1,9910000,56,5,1,62,27,29,1.8333334
SUPER_1,9920000,38,4,8,50,23,15,5.5833335
SUPER_1,9930000,48,5,3,56,20,28,3.25
SUPER_1,9940000,67,3,1,71,37,30,13
SUPER_1,9950000,34,2,2,38,20,14,3.5
SUPER_1,9960000,0,0,0,0,0,0,0
SUPER_1,9970000,0,0,0,0,0,0,0
SUPER_1,9980000,0,0,0,0,0,0,0
SUPER_1,9990000,0,0,0,0,0,0,0
SUPER_1,10000000,0,0,0,0,0,0,0
SUPER_1,10010000,112,6,10,128,56,56,21.1875
SUPER_1,10020000,62,4,6,72,37,25,17.8
SUPER_1,10030000,57,5,0,62,33,24,10.6
SUPER_1,10040000,23,5,0,28,8,15,3.4
SUPER_1,10050000,64,7,4,75,33,31,10.454545
SUPER_1,10060000,102,5,5,112,64,38,7.9
SUPER_1,10070000,90,2,5,97,48,42,5.571429
SUPER_1,10080000,4,0,0,4,4,0,NaN
SUPER_1,10090000,1,0,0,1,1,0,NaN
SUPER_1,10100000,72,2,5,79,36,36,9.285714
SUPER_1,10110000,2,2,1,5,1,1,7.6666665
SUPER_1,10120000,51,3,2,56,25,26,2.2
SUPER_1,10130000,59,5,8,72,29,30,7.076923
SUPER_1,10140000,10,1,3,14,7,3,3.5
SUPER_1,10150000,2,0,0,2,1,1,NaN
SUPER_1,10160000,29,2,2,33,14,15,5
SUPER_1,10170000,74,4,10,88,45,29,10
SUPER_1,10180000,0,0,0,0,0,0,0
SUPER_1,10190000,0,0,0,0,0,0,0
SUPER_1,10200000,0,0,0,0,0,0,0
SUPER_1,10210000,0,0,0,0,0,0,0
SUPER_1,10220000,0,0,0,0,0,0,0
SUPER_1,10230000,207,11,14,232,109,98,13.36
SUPER_1,10240000,275,10,14,299,142,133,6.2916665
SUPER_1,10250000,104,9,7,120,62,42,3.625
SUPER_1,10260000,83,8,5,96,46,37,4.769231
SUPER_1,10270000,64,6,6,76,39,25,8.583333
SUPER_1,10280000,86,7,4,97,50,36,4.5454545
SUPER_1,10290000,87,7,10,104,45,42,24.058823
SUPER_1,10300000,30,2,0,32,17,13,1.5
SUPER_1,10310000,74,8,6,88,44,30,6
SUPER_1,10320000,105,11,9,125,48,57,4.95
SUPER_1,10330000,49,3,5,57,30,19,2.875
SUPER_1,10340000,32,5,2,39,19,13,10.857142
SUPER_1,10350000,41,4,4,49,27,14,10.875
SUPER_1,10360000,1,1,0,2,1,0,1
SUPER_1,10370000,1,1,0,2,0,1,1
SUPER_1,10380000,1,0,0,1,0,1,NaN
SUPER_1,10390000,1,1,0,2,1,0,12
SUPER_1,10400000,128,5,5,138,61,67,5.2
SUPER_1,10410000,5,1,0,6,2,3,1
SUPER_1,10420000,4,0,0,4,2,2,NaN
SUPER_1,10430000,1,0,0,1,0,1,NaN
SUPER_1,10440000,2,0,0,2,2,0,NaN
SUPER_1,10450000,3,1,3,7,1,2,2.25
SUPER_1,10460000,2,0,0,2,2,0,NaN
SUPER_1,10470000,77,6,3,86,43,34,11.666667
SUPER_1,10480000,67,6,8,81,38,29,11.214286
SUPER_1,10490000,40,4,3,47,13,27,6.714286
SUPER_1,10500000,140,10,10,160,69,71,12.85
SUPER_1,10510000,70,6,4,80,36,34,3.8
SUPER_1,10520000,145,8,14,167,76,69,12.136364
SUPER_1,10530000,194,17,14,225,94,100,9.354838
SUPER_1,10540000,130,9,16,155,65,65,20.36
SUPER_1,10550000,112,5,10,127,57,55,4
SUPER_1,10560000,0,0,0,0,0,0,0
SUPER_1,10570000,0,0,0,0,0,0,0
SUPER_1,10580000,24,3,3,30,11,13,1.8333334
SUPER_1,10590000,2,0,1,3,0,2,1
SUPER_1,10600000,3,0,0,3,3,0,NaN
SUPER_1,10610000,2,0,1,3,2,0,11
SUPER_1,10620000,0,0,0,0,0,0,0
SUPER_1,10630000,0,0,0,0,0,0,0
SUPER_1,10640000,7,1,1,9,2,5,1
SUPER_1,10650000,1,0,0,1,0,1,NaN
SUPER_1,10660000,1,1,0,2,0,1,1
SUPER_1,10670000,3,0,1,4,1,2,9
SUPER_1,10680000,0,1,0,1,0,0,1
SUPER_1,10690000,1,0,0,1,1,0,NaN
SUPER_1,10700000,1,0,0,1,0,1,NaN
SUPER_1,10710000,2,0,0,2,0,2,NaN
SUPER_1,10720000,3,1,0,4,1,2,1
SUPER_1,10730000,3,0,0,3,2,1,NaN
SUPER_1,10740000,11,0,0,11,9,2,NaN
SUPER_1,10750000,88,9,4,101,41,47,14.076923
SUPER_1,10760000,87,9,7,103,48,39,5.3125
SUPER_1,10770000,0,0,1,1,0,0,2
SUPER_1,10780000,109,7,10,126,55,54,28.82353
SUPER_1,10790000,98,6,7,111,50,48,7
SUPER_1,10800000,89,4,7,100,51,38,12.727273
SUPER_1,10810000,134,4,10,148,70,64,6
SUPER_1,10820000,94,6,13,113,47,47,12.052631
SUPER_1,10830000,133,8,4,145,98,35,5.9166665
SUPER_1,10840000,115,5,1,121,64,51,5.1666665
SUPER_1,10850000,0,0,0,0,0,0,0
SUPER_1,10860000,0,0,0,0,0,0,0
SUPER_1,10870000,0,0,0,0,0,0,0
SUPER_1,10880000,81,6,7,94,49,32,2.3076923
SUPER_1,10890000,0,0,0,0,0,0,0
SUPER_1,10900000,0,0,0,0,0,0,0
SUPER_1,10910000,0,0,0,0,0,0,0
SUPER_1,10920000,64,10,5,79,36,28,3
SUPER_1,10930000,155,4,10,169,76,79,2.7142856
SUPER_1,10940000,15,4,1,20,8,7,7.6
SUPER_1,10950000,180,8,11,199,98,82,17.157894
SUPER_1,10960000,0,0,0,0,0,0,0
SUPER_1,10970000,0,0,0,0,0,0,0
SUPER_1,10980000,159,3,5,167,96,63,12.5
SUPER_1,10990000,164,9,12,185,81,83,5.857143
SUPER_1,11000000,95,5,7,107,50,45,3.9166667
SUPER_1,11010000,173,15,8,196,108,65,15.217391
SUPER_1,11020000,74,2,6,82,35,39,2.5
SUPER_1,11030000,0,0,0,0,0,0,0
SUPER_1,11040000,0,0,0,0,0,0,0
SUPER_1,11050000,210,12,7,229,117,93,12.315789
SUPER_1,11060000,167,11,10,188,100,67,7.047619
SUPER_1,11070000,10,1,2,13,4,6,4.3333335
SUPER_1,11080000,12,1,1,14,8,4,1
SUPER_1,11090000,7,1,1,9,3,4,1.5
SUPER_1,11100000,16,3,1,20,5,11,31.75
SUPER_1,11110000,71,12,4,87,37,34,6.5
SUPER_1,11120000,132,4,3,139,71,61,3.2857144
SUPER_1,11130000,97,1,2,100,45,52,10.666667
SUPER_1,11140000,125,8,9,142,62,63,13.235294
SUPER_1,11150000,128,16,9,153,69,59,3.6
SUPER_1,11160000,0,0,0,0,0,0,0
SUPER_1,11170000,0,0,0,0,0,0,0
SUPER_1,11180000,90,7,10,107,45,45,3.0588236
SUPER_1,11190000,99,8,8,115,53,46,10.4375
SUPER_1,11200000,44,2,7,53,28,16,6.888889
SUPER_1,11210000,0,0,0,0,0,0,0
SUPER_1,11220000,0,0,0,0,0,0,0
SUPER_1,11230000,0,0,0,0,0,0,0
SUPER_1,11240000,0,0,0,0,0,0,0
SUPER_1,11250000,49,3,2,54,31,18,4.4
SUPER_1,11260000,84,4,7,95,41,43,36.727272
SUPER_1,11270000,109,6,8,123,47,62,4.714286
SUPER_1,11280000,45,2,3,50,27,18,12.4
SUPER_1,11290000,23,3,1,27,12,11,1.25
SUPER_1,11300000,45,0,3,48,25,20,3.6666667
SUPER_1,11310000,91,6,2,99,48,43,5.375
SUPER_1,11320000,99,5,11,115,48,51,34.3125
SUPER_1,11330000,0,0,0,0,0,0,0
SUPER_1,11340000,0,0,0,0,0,0,0
SUPER_1,11350000,0,0,0,0,0,0,0
SUPER_1,11360000,0,0,0,0,0,0,0
SUPER_1,11370000,0,0,0,0,0,0,0
SUPER_1,11380000,116,6,6,128,65,51,5.1666665
SUPER_1,11390000,10,0,2,12,6,4,2
SUPER_1,11400000,97,9,6,112,53,44,6.4666667
SUPER_1,11410000,19,1,7,27,8,11,42.625
SUPER_1,11420000,71,10,3,84,34,37,3
SUPER_1,11430000,107,6,5,118,54,53,7.7272725
SUPER_1,11440000,66,5,8,79,26,40,5.4615383
SUPER_1,11450000,110,5,5,120,60,50,8.1
SUPER_1,11460000,167,14,11,192,88,79,6.12
SUPER_1,11470000,78,6,5,89,41,37,4.2727275
SUPER_1,11480000,1,0,0,1,0,1,NaN
SUPER_1,11490000,2,0,0,2,0,2,NaN
SUPER_1,11500000,25,1,1,27,15,10,7.5
SUPER_1,11510000,33,3,2,38,20,13,5.4
SUPER_1,11520000,54,3,5,62,31,23,5.5
SUPER_1,11530000,208,7,10,225,102,106,7.882353
SUPER_1,11540000,157,6,12,175,75,82,5.6666665
SUPER_1,11550000,86,8,5,99,48,38,13.538462
SUPER_1,11560000,168,7,17,192,86,82,14.291667
SUPER_1,11570000,0,0,0,0,0,0,0
SUPER_1,11580000,0,0,0,0,0,0,0
SUPER_1,11590000,55,8,2,65,20,35,12
SUPER_1,11600000,2,0,1,3,1,1,2
SUPER_1,11610000,3,0,0,3,1,2,NaN
SUPER_1,11620000,1,1,0,2,0,1,5
SUPER_1,11630000,29,2,4,35,14,15,10
SUPER_1,11640000,32,1,1,34,15,17,1
SUPER_1,11650000,134,9,9,152,78,56,14.055555
SUPER_1,11660000,136,10,11,157,67,69,14.666667
SUPER_1,11670000,108,9,10,127,57,51,19.842106
SUPER_1,11680000,156,13,21,190,77,79,8.088235
SUPER_1,11690000,91,2,5,98,38,53,7.571429
SUPER_1,11700000,204,16,15,235,103,101,12.645162
SUPER_1,11710000,13,0,3,16,6,7,1
SUPER_1,11720000,91,11,14,116,41,50,9.76
SUPER_1,11730000,9,1,1,11,5,4,1
SUPER_1,11740000,24,0,3,27,15,9,14.666667
SUPER_1,11750000,157,15,8,180,80,77,15.130435
SUPER_1,11760000,1,0,0,1,1,0,NaN
SUPER_1,11770000,2,0,1,3,1,1,1
SUPER_1,11780000,58,5,6,69,28,30,10.090909
SUPER_1,11790000,259,14,19,292,141,118,12.666667
SUPER_1,11800000,16,1,1,18,8,8,5
SUPER_1,11810000,5,1,0,6,3,2,1
SUPER_1,11820000,2,0,0,2,2,0,NaN
SUPER_1,11830000,5,1,0,6,2,3,1
SUPER_1,11840000,2,1,0,3,0,2,15
SUPER_1,11850000,86,7,4,97,38,48,4.3636365
SUPER_1,11860000,119,3,9,131,59,60,4.8333335
SUPER_1,11870000,61,3,5,69,32,29,4
SUPER_1,11880000,105,4,7,116,51,54,3.2727273
SUPER_1,11890000,94,5,8,107,47,47,3.5384614
SUPER_1,11900000,56,5,1,62,35,21,11.333333
SUPER_1,11910000,81,5,8,94,36,45,4.923077
SUPER_1,11920000,0,0,0,0,0,0,0
SUPER_1,11930000,0,0,0,0,0,0,0
SUPER_1,11940000,0,0,0,0,0,0,0
SUPER_1,11950000,54,6,1,61,27,27,3
SUPER_1,11960000,3,2,0,5,2,1,1
SUPER_1,11970000,0,0,0,0,0,0,0
SUPER_1,11980000,0,0,0,0,0,0,0
SUPER_1,11990000,94,9,6,109,49,45,2.6666667
SUPER_1,12000000,142,13,13,168,82,60,13.461538
SUPER_1,12010000,46,7,3,56,24,22,4.4
SUPER_1,12020000,117,8,8,133,74,43,5.25
SUPER_1,12030000,98,6,8,112,38,60,2.5714285
SUPER_1,12040000,132,10,8,150,73,59,4.2222223
SUPER_1,12050000,116,13,14,143,57,59,5.814815
SUPER_1,12060000,62,3,2,67,30,32,3.4
SUPER_1,12070000,0,0,0,0,0,0,0
SUPER_1,12080000,0,0,0,0,0,0,0
SUPER_1,12090000,6,0,1,7,2,4,17
SUPER_1,12100000,5,0,0,5,2,3,NaN
SUPER_1,12110000,2,0,0,2,1,1,NaN
SUPER_1,12120000,30,1,2,33,19,11,3.3333333
SUPER_1,12130000,77,9,6,92,39,38,10.666667
SUPER_1,12140000,68,5,9,82,36,32,3.7857144
SUPER_1,12150000,195,17,12,224,85,110,14.034483
SUPER_1,12160000,149,6,9,164,78,71,7.5333333
SUPER_1,12170000,93,5,9,107,51,42,6.285714
SUPER_1,12180000,109,4,4,117,52,57,3
SUPER_1,12190000,0,0,1,1,0,0,1
SUPER_1,12200000,97,7,5,109,53,44,8.166667
SUPER_1,12210000,160,19,11,190,79,81,3.3666666
SUPER_1,12220000,143,9,4,156,75,68,2.3076923
SUPER_1,12230000,28,1,1,30,16,12,2
SUPER_1,12240000,182,11,16,209,94,88,10.703704
SUPER_1,12250000,123,2,8,133,64,59,42
SUPER_1,12260000,153,13,11,177,82,71,18.708334
SUPER_1,12270000,122,12,9,143,59,63,15.666667
SUPER_1,12280000,94,8,7,109,61,33,6.6
SUPER_1,12290000,242,16,22,280,126,116,36.36842
SUPER_1,12300000,160,14,15,189,79,81,4.5172415
SUPER_1,12310000,108,6,13,127,58,50,21.368422
SUPER_1,12320000,108,3,9,120,52,56,6.9166665
SUPER_1,12330000,87,5,2,94,45,42,2.5714285
SUPER_1,12340000,104,8,9,121,60,44,10.3529415
SUPER_1,12350000,117,8,11,136,58,59,30.947369
SUPER_1,12360000,0,0,0,0,0,0,0
SUPER_1,12370000,0,0,0,0,0,0,0
SUPER_1,12380000,60,4,8,72,31,29,8.833333
SUPER_1,12390000,8,0,1,9,6,2,5
SUPER_1,12400000,38,7,8,53,16,22,47.466667
SUPER_1,12410000,26,5,3,34,12,14,2.375
SUPER_1,12420000,91,13,6,110,52,39,14.842105
SUPER_1,12430000,124,7,8,139,60,64,8.333333
SUPER_1,12440000,74,9,6,89,38,36,3.6
SUPER_1,12450000,3,1,1,5,1,2,23
SUPER_1,12460000,2,0,0,2,1,1,NaN
SUPER_1,12470000,29,3,3,35,16,13,2.3333333
SUPER_1,12480000,109,14,17,140,56,53,4.032258
SUPER_1,12490000,108,9,7,124,53,55,3.8125
SUPER_1,12500000,62,5,2,69,29,33,6.142857
SUPER_1,12510000,30,5,2,37,13,17,5
SUPER_1,12520000,88,5,8,101,49,39,4.6153846
SUPER_1,12530000,0,1,0,1,0,0,1
SUPER_1,12540000,0,0,0,0,0,0,0
SUPER_1,12550000,0,0,0,0,0,0,0
SUPER_1,12560000,7,1,1,9,3,4,17.5
SUPER_1,12570000,2,0,0,2,2,0,NaN
SUPER_1,12580000,6,0,0,6,4,2,NaN
SUPER_1,12590000,2,1,0,3,2,0,1
SUPER_1,12600000,0,0,1,1,0,0,6
SUPER_1,12610000,0,0,0,0,0,0,0
SUPER_1,12620000,0,0,0,0,0,0,0
SUPER_1,12630000,29,1,2,32,16,13,6
SUPER_1,12640000,17,1,7,25,11,6,8.75
SUPER_1,12650000,31,2,2,35,15,16,4.5
SUPER_1,12660000,34,5,4,43,17,17,4.888889
SUPER_1,12670000,96,9,5,110,51,45,10
SUPER_1,12680000,99,7,3,109,41,58,2.7
SUPER_1,12690000,81,5,2,88,37,44,7.285714
SUPER_1,12700000,22,3,2,27,11,11,4.2
SUPER_1,12710000,1,0,0,1,0,1,NaN
SUPER_1,12720000,0,1,0,1,0,0,12
SUPER_1,12730000,1,0,0,1,1,0,NaN
SUPER_1,12740000,2,0,0,2,1,1,NaN
SUPER_1,12750000,13,1,1,15,9,4,2.5
SUPER_1,12760000,4,0,1,5,1,3,1
SUPER_1,12770000,1,0,0,1,1,0,NaN
SUPER_1,12780000,29,7,3,39,18,11,3.3
SUPER_1,12790000,134,8,12,154,60,74,3.6
SUPER_1,12800000,95,7,13,115,39,56,2.65
SUPER_1,12810000,138,8,8,154,76,62,13.5
SUPER_1,12820000,122,7,12,141,53,69,5.3157897
SUPER_1,12830000,181,16,15,212,103,78,8
SUPER_1,12840000,121,13,9,143,53,68,6.5
SUPER_1,12850000,2,0,0,2,0,2,NaN
SUPER_1,12860000,4,1,1,6,2,2,1.5
SUPER_1,12870000,27,2,7,36,14,13,8.666667
SUPER_1,12880000,39,2,0,41,16,23,8.5
SUPER_1,12890000,30,4,5,39,14,16,3.4444444
SUPER_1,12900000,1,1,0,2,0,1,4
SUPER_1,12910000,1,2,1,4,0,1,18
SUPER_1,12920000,1,0,0,1,1,0,NaN
SUPER_1,12930000,0,0,0,0,0,0,0
SUPER_1,12940000,0,0,0,0,0,0,0
SUPER_1,12950000,0,0,0,0,0,0,0
SUPER_1,12960000,8,1,1,10,4,4,64
SUPER_1,12970000,1,1,0,2,0,1,5
SUPER_1,12980000,3,0,0,3,2,1,NaN
SUPER_1,12990000,84,4,4,92,46,38,3.25
SUPER_1,13000000,61,3,2,66,36,25,5.6
SUPER_1,13010000,11,1,1,13,6,5,12
SUPER_1,13020000,2,0,0,2,1,1,NaN
SUPER_1,13030000,2,0,0,2,1,1,NaN
SUPER_1,13040000,0,0,0,0,0,0,0
SUPER_1,13050000,0,0,0,0,0,0,0
SUPER_1,13060000,0,0,0,0,0,0,0
SUPER_1,13070000,3,1,2,6,0,3,11.333333
SUPER_1,13080000,5,0,0,5,2,3,NaN
SUPER_1,13090000,9,2,0,11,3,6,18
SUPER_1,13100000,16,0,0,16,7,9,NaN
SUPER_1,13110000,76,5,4,85,44,32,7.6666665
SUPER_1,13120000,198,13,9,220,104,94,3.090909
SUPER_1,13130000,112,13,10,135,50,62,24.826086
SUPER_1,13140000,108,9,8,125,60,48,8.117647
SUPER_1,13150000,167,7,4,178,91,76,4.6363635
SUPER_1,13160000,150,10,6,166,69,81,6.4375
SUPER_1,13170000,114,12,3,129,63,51,20.4
SUPER_1,13180000,85,5,5,95,50,35,10
SUPER_1,13190000,83,5,7,95,34,49,9.25
SUPER_1,13200000,45,2,7,54,31,14,1.7777778
SUPER_1,13210000,91,6,7,104,54,37,8.076923
SUPER_1,13220000,68,9,3,80,31,37,3.8333333
SUPER_1,13230000,29,0,3,32,19,10,4
SUPER_1,13240000,197,19,13,229,95,102,6.75
SUPER_1,13250000,199,18,15,232,110,89,11.181818
SUPER_1,13260000,128,11,14,153,69,59,8.68
SUPER_1,13270000,43,2,1,46,23,20,2
SUPER_1,13280000,48,6,2,56,26,22,7.125
SUPER_1,13290000,142,5,8,155,85,57,15.615385
SUPER_1,13300000,49,7,9,65,29,20,4.8125
SUPER_1,13310000,140,7,9,156,69,71,2.625
SUPER_1,13320000,79,9,11,99,50,29,22.4
SUPER_1,13330000,108,9,8,125,55,53,5.1764708
SUPER_1,13340000,113,9,7,129,54,59,10.8125
SUPER_1,13350000,109,7,10,126,62,47,4.882353
SUPER_1,13360000,163,5,13,181,95,68,14.944445
SUPER_1,13370000,153,14,22,189,74,79,12.805555
SUPER_1,13380000,97,7,7,111,48,49,30.642857
SUPER_1,13390000,99,5,12,116,51,48,5.7058825
SUPER_1,13400000,9,0,0,9,3,6,NaN
SUPER_1,13410000,106,8,3,117,65,41,8.181818
SUPER_1,13420000,114,12,7,133,54,60,51.789474
SUPER_1,13430000,0,0,1,1,0,0,1
SUPER_1,13440000,61,5,7,73,30,31,1.8333334
SUPER_1,13450000,105,5,9,119,57,48,29.285715
SUPER_1,13460000,117,4,13,134,52,65,10.529411
SUPER_1,13470000,41,2,0,43,23,18,5
SUPER_1,13480000,62,1,5,68,35,27,7.8333335
SUPER_1,13490000,154,15,10,179,79,75,10.48
SUPER_1,13500000,164,17,17,198,80,84,5.4411764
SUPER_1,13510000,10,0,1,11,4,6,8
SUPER_1,13520000,102,3,2,107,50,52,3.8
SUPER_1,13530000,0,0,0,0,0,0,0
SUPER_1,13540000,0,0,0,0,0,0,0
SUPER_1,13550000,8,0,3,11,4,4,1.6666666
SUPER_1,13560000,3,0,0,3,1,2,NaN
SUPER_1,13570000,2,0,2,4,2,0,1
SUPER_1,13580000,5,0,0,5,3,2,NaN
SUPER_1,13590000,2,1,2,5,2,0,1
SUPER_1,13600000,6,0,5,11,5,1,43
SUPER_1,13610000,5,0,3,8,1,4,2.3333333
SUPER_1,13620000,2,0,0,2,0,2,NaN
SUPER_1,13630000,69,7,6,82,38,31,3.5384614
SUPER_1,13640000,192,10,11,213,97,95,7.047619
SUPER_1,13650000,148,6,6,160,81,67,1.8333334
SUPER_1,13660000,61,5,1,67,36,25,1
SUPER_1,13670000,15,1,1,17,10,5,3
SUPER_1,13680000,1,0,0,1,0,1,NaN
SUPER_1,13690000,1,0,0,1,0,1,NaN
SUPER_1,13700000,4,2,1,7,1,3,5
SUPER_1,13710000,3,0,0,3,2,1,NaN
SUPER_1,13720000,2,0,0,2,2,0,NaN
SUPER_1,13730000,2,1,2,5,1,1,8.666667
SUPER_1,13740000,2,0,1,3,2,0,1
SUPER_1,13750000,9,1,2,12,6,3,3
SUPER_1,13760000,3,0,0,3,3,0,NaN
SUPER_1,13770000,3,2,0,5,3,0,3.5
SUPER_1,13780000,1,1,0,2,1,0,33
SUPER_1,13790000,3,0,0,3,2,1,NaN
SUPER_1,13800000,0,0,0,0,0,0,0
SUPER_1,13810000,0,0,0,0,0,0,0
SUPER_1,13820000,5,0,0,5,2,3,NaN
SUPER_1,13830000,4,1,0,5,2,2,3
SUPER_1,13840000,2,0,0,2,0,2,NaN
SUPER_1,13850000,4,0,0,4,0,4,NaN
SUPER_1,13860000,6,0,0,6,3,3,NaN
SUPER_1,13870000,1,0,0,1,1,0,NaN
SUPER_1,13880000,2,0,0,2,1,1,NaN
SUPER_1,13890000,0,0,0,0,0,0,0
SUPER_1,13900000,0,0,0,0,0,0,0
SUPER_1,13910000,0,0,0,0,0,0,0
SUPER_1,13920000,0,0,0,0,0,0,0
SUPER_1,13930000,0,0,0,0,0,0,0
SUPER_1,13940000,59,7,6,72,33,26,3.3846154
SUPER_1,13950000,217,7,14,238,104,113,8.095238
SUPER_1,13960000,131,10,11,152,65,66,4.571429
SUPER_1,13970000,101,5,6,112,40,61,7.3636365
SUPER_1,13980000,105,9,8,122,59,46,9.294118
SUPER_1,13990000,31,2,2,35,20,11,2.75
SUPER_1,14000000,148,5,7,160,77,71,5.25
SUPER_1,14010000,48,1,4,53,30,18,2.8
SUPER_1,14020000,247,6,10,263,125,122,7.3125
SUPER_1,14030000,0,0,0,0,0,0,0
SUPER_1,14040000,0,0,0,0,0,0,0
SUPER_1,14050000,64,6,3,73,32,32,6.5555553
SUPER_1,14060000,32,5,0,37,14,18,6.8
SUPER_1,14070000,59,8,5,72,28,31,21
SUPER_1,14080000,43,1,2,46,23,20,23.666666
SUPER_1,14090000,45,5,4,54,34,11,3.2222223
SUPER_1,14100000,1,0,0,1,0,1,NaN
SUPER_1,14110000,0,1,0,1,0,0,10
SUPER_1,14120000,1,0,0,1,0,1,NaN
SUPER_1,14130000,151,9,4,164,73,78,5.230769
SUPER_1,14140000,127,11,8,146,56,71,6.736842
SUPER_1,14150000,0,0,0,0,0,0,0
SUPER_1,14160000,0,0,0,0,0,0,0
SUPER_1,14170000,5,1,0,6,2,3,1
SUPER_1,14180000,3,0,1,4,1,2,6
SUPER_1,14190000,133,11,15,159,77,56,5.1923075
SUPER_1,14200000,130,4,11,145,64,66,6
SUPER_1,14210000,101,5,6,112,46,55,6.3636365
SUPER_1,14220000,0,0,0,0,0,0,0
SUPER_1,14230000,0,0,0,0,0,0,0
SUPER_1,14240000,0,0,0,0,0,0,0
SUPER_1,14250000,0,0,0,0,0,0,0
SUPER_1,14260000,92,5,9,106,45,47,11.142858
SUPER_1,14270000,0,0,0,0,0,0,0
SUPER_1,14280000,0,0,0,0,0,0,0
SUPER_1,14290000,0,0,0,0,0,0,0
SUPER_1,14300000,0,0,0,0,0,0,0
SUPER_1,14310000,11,2,2,15,5,6,1.5
SUPER_1,14320000,86,7,3,96,51,35,7.3
SUPER_1,14330000,87,2,5,94,45,42,14.857142
SUPER_1,14340000,0,0,0,0,0,0,0
SUPER_1,14350000,0,0,0,0,0,0,0
SUPER_1,14360000,0,0,0,0,0,0,0
SUPER_1,14370000,0,0,0,0,0,0,0
SUPER_1,14380000,32,0,2,34,19,13,2.5
SUPER_1,14390000,104,8,4,116,56,48,5.8333335
SUPER_1,14400000,81,9,7,97,41,40,10.3125
SUPER_1,14410000,4,1,0,5,2,2,1
SUPER_1,14420000,5,0,1,6,2,3,1
SUPER_1,14430000,158,12,12,182,78,80,11.125
SUPER_1,14440000,165,12,6,183,86,79,3.8333333
SUPER_1,14450000,60,5,5,70,24,36,4
SUPER_1,14460000,14,1,0,15,6,8,1
SUPER_1,14470000,0,0,0,0,0,0,0
SUPER_1,14480000,0,0,0,0,0,0,0
SUPER_1,14490000,3,2,0,5,2,1,1.5
SUPER_1,14500000,61,4,5,70,31,30,4.4444447
SUPER_1,14510000,183,13,23,219,97,86,14.194445
SUPER_1,14520000,122,12,5,139,63,59,1.5294118
SUPER_1,14530000,42,2,5,49,22,20,32.857143
SUPER_1,14540000,8,1,1,10,5,3,4.5
SUPER_1,14550000,9,1,1,11,2,7,4.5
SUPER_1,14560000,112,3,11,126,52,60,9.214286
SUPER_1,14570000,146,11,9,166,76,70,5.4
SUPER_1,14580000,9,0,1,10,5,4,1
SUPER_1,14590000,1,0,0,1,0,1,NaN
SUPER_1,14600000,68,6,9,83,35,33,3
SUPER_1,14610000,116,14,3,133,46,70,6
SUPER_1,14620000,16,1,1,18,11,5,4.5
SUPER_1,14630000,98,13,7,118,41,57,17.5
SUPER_1,14640000,18,0,1,19,4,14,7
SUPER_1,14650000,110,10,9,129,52,58,4.3157897
SUPER_1,14660000,153,13,12,178,82,71,13.4
SUPER_1,14670000,106,12,6,124,47,59,2.7222223
SUPER_1,14680000,29,5,1,35,14,15,6.3333335
SUPER_1,14690000,113,7,10,130,57,56,3.235294
SUPER_1,14700000,18,1,2,21,9,9,2.6666667
SUPER_1,14710000,1,0,0,1,0,1,NaN
SUPER_1,14720000,96,8,8,112,48,48,3
SUPER_1,14730000,170,16,12,198,107,63,11.5
SUPER_1,14740000,213,8,14,235,109,104,12.454545
SUPER_1,14750000,95,12,12,119,46,49,6.375
SUPER_1,14760000,178,8,8,194,94,84,10.5625
SUPER_1,14770000,161,7,9,177,77,84,5.0625
SUPER_1,14780000,28,1,3,32,17,11,107.25
SUPER_1,14790000,122,8,14,144,63,59,5
SUPER_1,14800000,49,3,4,56,25,24,7.714286
SUPER_1,14810000,2,0,0,2,1,1,NaN
SUPER_1,14820000,55,2,2,59,36,19,4.5
SUPER_1,14830000,160,10,10,180,85,75,8.25
SUPER_1,14840000,193,10,19,222,98,95,4.3448277
SUPER_1,14850000,82,5,5,92,48,34,5.1
SUPER_1,14860000,100,10,3,113,51,49,27.615385
SUPER_1,14870000,46,6,3,55,16,30,16.777779
SUPER_1,14880000,126,9,13,148,61,65,6.0454545
SUPER_1,14890000,172,9,11,192,100,72,9.9
SUPER_1,14900000,79,0,5,84,39,40,6.8
SUPER_1,14910000,3,0,0,3,1,2,NaN
SUPER_1,14920000,108,3,4,115,60,48,2.5714285
SUPER_1,14930000,167,12,6,185,89,78,9.388889
SUPER_1,14940000,147,11,17,175,81,66,11.714286
SUPER_1,14950000,96,8,8,112,54,42,9.0625
SUPER_1,14960000,1,1,0,2,1,0,1
SUPER_1,14970000,41,4,5,50,17,24,13.888889
SUPER_1,14980000,27,1,1,29,15,12,5.5
SUPER_1,14990000,27,0,1,28,14,13,3
SUPER_1,15000000,216,17,15,248,107,109,4.75
SUPER_1,15010000,109,10,11,130,58,51,12.904762
SUPER_1,15020000,0,0,0,0,0,0,0
SUPER_1,15030000,0,0,0,0,0,0,0
SUPER_1,15040000,90,5,8,103,45,45,12
SUPER_1,15050000,77,4,5,86,44,33,12.333333
SUPER_1,15060000,83,6,10,99,44,39,6.0625
SUPER_1,15070000,2,0,0,2,1,1,NaN
SUPER_1,15080000,2,1,0,3,1,1,1
SUPER_1,15090000,6,0,1,7,1,5,1
SUPER_1,15100000,142,9,6,157,76,66,7.4666667
SUPER_1,15110000,227,16,8,251,116,111,6.9166665
SUPER_1,15120000,166,9,16,191,93,73,6.16
SUPER_1,15130000,129,5,13,147,63,66,2.7222223
SUPER_1,15140000,2,0,0,2,0,2,NaN
SUPER_1,15150000,1,0,1,2,0,1,2
SUPER_1,15160000,0,1,0,1,0,0,1
SUPER_1,15170000,1,1,1,3,0,1,9
SUPER_1,15180000,3,0,2,5,1,2,24.5
SUPER_1,15190000,2,0,0,2,1,1,NaN
SUPER_1,15200000,137,13,8,158,69,68,10.714286
SUPER_1,15210000,160,10,12,182,79,81,7.7727275
SUPER_1,15220000,87,9,2,98,44,43,2.909091
SUPER_1,15230000,3,0,0,3,3,0,NaN
SUPER_1,15240000,1,0,0,1,1,0,NaN
SUPER_1,15250000,16,3,1,20,7,9,14.5
SUPER_1,15260000,117,11,10,138,44,73,24.047619
SUPER_1,15270000,39,1,3,43,20,19,4
SUPER_1,15280000,31,2,3,36,14,17,3.8
SUPER_1,15290000,10,4,3,17,7,3,3.4285715
SUPER_1,15300000,56,2,6,64,21,35,7.625
SUPER_1,15310000,73,4,5,82,34,39,24.777779
SUPER_1,15320000,50,6,7,63,27,23,7.6153846
SUPER_1,15330000,133,7,7,147,66,67,15.642858
SUPER_1,15340000,2,0,0,2,1,1,NaN
SUPER_1,15350000,114,8,10,132,57,57,5.8333335
SUPER_1,15360000,159,6,17,182,74,85,9.695652
SUPER_1,15370000,103,7,6,116,53,50,8.153846
SUPER_1,15380000,107,8,12,127,56,51,3.5
SUPER_1,15390000,91,5,9,105,47,44,12.785714
SUPER_1,15400000,48,4,6,58,20,28,8.1
SUPER_1,15410000,161,13,13,187,82,79,7.6538463
SUPER_1,15420000,98,7,10,115,41,57,11
SUPER_1,15430000,109,7,1,117,46,63,13.75
SUPER_1,15440000,95,10,8,113,58,37,9.611111
SUPER_1,15450000,137,15,10,162,65,72,2.72
SUPER_1,15460000,67,6,3,76,34,33,14.222222
SUPER_1,15470000,50,3,3,56,25,25,6.6666665
SUPER_1,15480000,105,5,7,117,46,59,19.166666
SUPER_1,15490000,166,11,9,186,85,81,3.9
SUPER_1,15500000,182,12,15,209,90,92,13.518518
SUPER_1,15510000,19,0,1,20,9,10,1
SUPER_1,15520000,10,0,0,10,5,5,NaN
SUPER_1,15530000,199,21,14,234,109,90,6.9714284
SUPER_1,15540000,81,4,6,91,51,30,4.3
SUPER_1,15550000,53,7,4,64,29,24,5.181818
SUPER_1,15560000,101,8,5,114,46,55,4
SUPER_1,15570000,226,11,15,252,114,112,5.3076925
SUPER_1,15580000,83,5,6,94,45,38,16.545454
SUPER_1,15590000,109,9,11,129,57,52,4.2
SUPER_1,15600000,57,3,4,64,24,33,26.142857
SUPER_1,15610000,78,5,7,90,37,41,6.6666665
SUPER_1,15620000,95,4,7,106,54,41,11.636364
SUPER_1,15630000,26,5,1,32,14,12,3
SUPER_1,15640000,135,8,4,147,74,61,4
SUPER_1,15650000,98,5,7,110,40,58,10.416667
SUPER_1,15660000,1,0,1,2,0,1,3
SUPER_1,15670000,113,5,6,124,55,58,4
SUPER_1,15680000,106,5,9,120,62,44,4.714286
SUPER_1,15690000,89,7,4,100,45,44,6.3636365
SUPER_1,15700000,129,13,7,149,72,57,4.35
SUPER_1,15710000,28,3,2,33,15,13,11.4
SUPER_1,15720000,20,0,1,21,8,12,1
SUPER_1,15730000,0,0,0,0,0,0,0
SUPER_1,15740000,0,0,0,0,0,0,0
SUPER_1,15750000,179,4,14,197,97,82,53.22222
SUPER_1,15760000,19,2,0,21,8,11,2
SUPER_1,15770000,1,0,1,2,1,0,3
SUPER_1,15780000,3,0,0,3,3,0,NaN
SUPER_1,15790000,2,0,1,3,2,0,1
SUPER_1,15800000,0,0,0,0,0,0,0
SUPER_1,15810000,0,0,0,0,0,0,0
SUPER_1,15820000,0,0,0,0,0,0,0
SUPER_1,15830000,0,0,0,0,0,0,0
SUPER_1,15840000,7,1,0,8,4,3,1
SUPER_1,15850000,1,0,0,1,1,0,NaN
SUPER_1,15860000,0,0,1,1,0,0,6
SUPER_1,15870000,1,0,0,1,1,0,NaN
SUPER_1,15880000,0,0,0,0,0,0,0
SUPER_1,15890000,0,0,0,0,0,0,0
SUPER_1,15900000,148,5,7,160,69,79,20.583334
SUPER_1,15910000,115,4,5,124,57,58,7.4444447
SUPER_1,15920000,221,14,12,247,119,102,2.7692308
SUPER_1,15930000,68,7,4,79,28,40,4.090909
SUPER_1,15940000,121,7,12,140,58,63,4.894737
SUPER_1,15950000,198,11,9,218,105,93,5.85
SUPER_1,15960000,130,8,8,146,64,66,15.125
SUPER_1,15970000,91,4,4,99,42,49,4
SUPER_1,15980000,168,13,11,192,81,87,5.0416665
SUPER_1,15990000,111,7,6,124,58,53,4.3846154
SUPER_1,16000000,23,1,0,24,11,12,2
SUPER_1,16010000,112,5,10,127,56,56,6
SUPER_1,16020000,52,4,5,61,24,28,11
SUPER_1,16030000,131,5,7,143,68,63,18.583334
SUPER_1,16040000,92,4,6,102,60,32,5.1
SUPER_1,16050000,17,0,0,17,10,7,NaN
SUPER_1,16060000,71,4,1,76,42,29,6.8
SUPER_1,16070000,87,8,4,99,47,40,7.0833335
SUPER_1,16080000,59,2,3,64,34,25,3
SUPER_1,16090000,127,10,7,144,59,68,6.470588
SUPER_1,16100000,144,11,13,168,70,74,8.708333
SUPER_1,16110000,78,2,6,86,39,39,35.5
SUPER_1,16120000,28,4,1,33,15,13,10
SUPER_1,16130000,89,6,7,102,41,48,4.3076925
SUPER_1,16140000,0,0,0,0,0,0,0
SUPER_1,16150000,0,0,0,0,0,0,0
SUPER_1,16160000,103,2,9,114,59,44,8.636364
SUPER_1,16170000,93,8,8,109,51,42,6.75
SUPER_1,16180000,186,18,9,213,97,89,8.703704
SUPER_1,16190000,180,14,13,207,88,92,2.5185184
SUPER_1,16200000,7,1,0,8,5,2,1
SUPER_1,16210000,4,0,0,4,0,4,NaN
SUPER_1,16220000,3,0,0,3,3,0,NaN
SUPER_1,16230000,3,0,1,4,2,1,1
SUPER_1,16240000,151,4,16,171,76,75,7.85
SUPER_1,16250000,138,11,10,159,77,61,7.3809524
SUPER_1,16260000,77,7,3,87,38,39,7.5
SUPER_1,16270000,34,2,1,37,12,22,129.66667
SUPER_1,16280000,113,7,7,127,52,61,4.714286
SUPER_1,16290000,35,1,5,41,16,19,13.166667
SUPER_1,16300000,0,0,0,0,0,0,0
SUPER_1,16310000,0,0,0,0,0,0,0
SUPER_1,16320000,88,6,9,103,50,38,5.0666666
SUPER_1,16330000,221,10,15,246,115,106,35.44
SUPER_1,16340000,121,9,10,140,61,60,8.736842
SUPER_1,16350000,111,5,7,123,54,57,3.5
SUPER_1,16360000,47,4,6,57,18,29,2.5
SUPER_1,16370000,88,11,8,107,41,47,8.052631
SUPER_1,16380000,127,6,6,139,78,49,5.1666665
SUPER_1,16390000,128,11,9,148,63,65,5.8
SUPER_1,16400000,159,14,15,188,77,82,29.62069
SUPER_1,16410000,128,7,14,149,66,62,13.190476
SUPER_1,16420000,174,15,17,206,89,85,6.625
SUPER_1,16430000,112,15,9,136,56,56,3.8333333
SUPER_1,16440000,41,5,1,47,20,21,2.1666667
SUPER_1,16450000,93,11,6,110,45,48,5.0588236
SUPER_1,16460000,75,4,2,81,41,34,12.5
SUPER_1,16470000,33,4,7,44,16,17,12.363636
SUPER_1,16480000,38,7,5,50,15,23,6.1666665
SUPER_1,16490000,90,9,9,108,48,42,6.8333335
SUPER_1,16500000,68,4,6,78,36,32,6.7
SUPER_1,16510000,0,0,0,0,0,0,0
SUPER_1,16520000,0,0,0,0,0,0,0
SUPER_1,16530000,113,8,7,128,44,69,8
SUPER_1,16540000,38,5,6,49,21,17,19.818182
SUPER_1,16550000,93,6,8,107,49,44,10.785714
SUPER_1,16560000,122,9,3,134,49,73,4.9166665
SUPER_1,16570000,149,8,8,165,71,78,6.375
SUPER_1,16580000,140,10,13,163,73,67,8.73913
SUPER_1,16590000,47,0,5,52,23,24,58.8
SUPER_1,16600000,102,11,3,116,46,56,5.071429
SUPER_1,16610000,45,4,4,53,27,18,8.25
SUPER_1,16620000,64,2,3,69,29,35,18.6
SUPER_1,16630000,131,10,10,151,70,61,10.85
SUPER_1,16640000,159,16,13,188,96,63,6.3103447
SUPER_1,16650000,47,5,3,55,28,19,2.125
SUPER_1,16660000,59,5,6,70,31,28,1.6363636
SUPER_1,16670000,9,0,0,9,3,6,NaN
SUPER_1,16680000,61,10,7,78,25,36,9.529411
SUPER_1,16690000,43,6,2,51,28,15,2
SUPER_1,16700000,1,0,0,1,1,0,NaN
SUPER_1,16710000,6,0,0,6,1,5,NaN
SUPER_1,16720000,3,1,1,5,1,2,3
SUPER_1,16730000,4,0,0,4,1,3,NaN
SUPER_1,16740000,0,0,0,0,0,0,0
SUPER_1,16750000,0,0,0,0,0,0,0
SUPER_1,16760000,5,0,3,8,2,3,5.3333335
SUPER_1,16770000,3,0,0,3,3,0,NaN
SUPER_1,16780000,17,3,2,22,8,9,8
SUPER_1,16790000,39,3,3,45,21,18,2.6666667
SUPER_1,16800000,86,4,7,97,41,45,8.090909
SUPER_1,16810000,161,11,5,177,85,76,10.5
SUPER_1,16820000,154,8,11,173,85,69,30.210526
SUPER_1,16830000,3,1,0,4,3,0,7
SUPER_1,16840000,2,2,0,4,1,1,3
SUPER_1,16850000,3,0,0,3,1,2,NaN
SUPER_1,16860000,4,0,1,5,3,1,4
SUPER_1,16870000,4,0,2,6,1,3,9
SUPER_1,16880000,2,0,0,2,0,2,NaN
SUPER_1,16890000,1,0,0,1,0,1,NaN
SUPER_1,16900000,1,0,0,1,0,1,NaN
SUPER_1,16910000,4,0,0,4,1,3,NaN
SUPER_1,16920000,0,0,0,0,0,0,0
SUPER_1,16930000,0,0,0,0,0,0,0
SUPER_1,16940000,5,0,1,6,4,1,4
SUPER_1,16950000,5,2,0,7,3,2,7
SUPER_1,16960000,2,0,1,3,1,1,1
SUPER_1,16970000,46,7,1,54,20,26,11.25
SUPER_1,16980000,136,7,7,150,71,65,39.785713
SUPER_1,16990000,103,4,10,117,68,35,7.071429
SUPER_1,17000000,0,0,0,0,0,0,0
SUPER_1,17010000,0,0,0,0,0,0,0
SUPER_1,17020000,0,0,0,0,0,0,0
SUPER_1,17030000,178,7,13,198,84,94,7.45
SUPER_1,17040000,54,5,4,63,21,33,6
SUPER_1,17050000,2,0,1,3,1,1,5
SUPER_1,17060000,221,9,13,243,129,92,17.272728
SUPER_1,17070000,70,5,2,77,33,37,4.142857
SUPER_1,17080000,186,12,10,208,106,80,20.727272
SUPER_1,17090000,147,12,11,170,71,76,9.043478
SUPER_1,17100000,27,4,2,33,13,14,15.666667
SUPER_1,17110000,26,1,0,27,10,16,1
SUPER_1,17120000,64,3,4,71,35,29,22.428572
SUPER_1,17130000,95,2,5,102,47,48,29.428572
SUPER_1,17140000,85,4,8,97,43,42,6.3333335
SUPER_1,17150000,38,3,1,42,15,23,12.25
SUPER_1,17160000,140,9,6,155,68,72,5.733333
SUPER_1,17170000,144,11,16,171,73,71,11.888889
SUPER_1,17180000,107,6,4,117,48,59,6.3
SUPER_1,17190000,55,0,4,59,25,30,1
SUPER_1,17200000,65,6,2,73,38,27,7
SUPER_1,17210000,116,5,4,125,65,51,5.3333335
SUPER_1,17220000,120,1,8,129,57,63,3.7777777
SUPER_1,17230000,99,4,10,113,55,44,10.071428
SUPER_1,17240000,217,8,15,240,123,94,4.6086955
SUPER_1,17250000,156,15,7,178,88,68,3.4545455
SUPER_1,17260000,200,9,10,219,117,83,6.4210525
SUPER_1,17270000,110,5,12,127,62,48,6.470588
SUPER_1,17280000,0,0,0,0,0,0,0
SUPER_1,17290000,0,0,0,0,0,0,0
SUPER_1,17300000,58,2,4,64,27,31,14.666667
SUPER_1,17310000,0,0,0,0,0,0,0
SUPER_1,17320000,0,0,0,0,0,0,0
SUPER_1,17330000,0,0,0,0,0,0,0
SUPER_1,17340000,29,1,1,31,18,11,6.5
SUPER_1,17350000,8,2,4,14,2,6,15
SUPER_1,17360000,12,0,1,13,7,5,1
SUPER_1,17370000,8,0,1,9,6,2,29
SUPER_1,17380000,7,0,1,8,2,5,2
SUPER_1,17390000,1,0,0,1,1,0,NaN
SUPER_1,17400000,4,0,1,5,0,4,23
SUPER_1,17410000,1,0,0,1,1,0,NaN
SUPER_1,17420000,41,0,0,41,24,17,NaN
SUPER_1,17430000,73,2,5,80,39,34,3.2857144
SUPER_1,17440000,32,2,5,39,17,15,8.142858
SUPER_1,17450000,0,0,0,0,0,0,0
SUPER_1,17460000,0,0,0,0,0,0,0
SUPER_1,17470000,80,6,8,94,43,37,7.785714
SUPER_1,17480000,110,4,10,124,48,62,8.071428
SUPER_1,17490000,136,9,10,155,69,67,4.5263157
SUPER_1,17500000,125,3,8,136,51,74,4.818182
SUPER_1,17510000,157,12,7,176,85,72,7.894737
SUPER_1,17520000,42,6,4,52,22,20,9.4
SUPER_1,17530000,104,2,6,112,46,58,5.125
SUPER_1,17540000,0,0,0,0,0,0,0
SUPER_1,17550000,0,0,0,0,0,0,0
SUPER_1,17560000,90,5,5,100,43,47,11.3
SUPER_1,17570000,45,4,5,54,25,20,5.5555553
SUPER_1,17580000,58,6,8,72,30,28,4.928571
SUPER_1,17590000,4,0,0,4,3,1,NaN
SUPER_1,17600000,4,0,0,4,3,1,NaN
SUPER_1,17610000,0,1,1,2,0,0,1.5
SUPER_1,17620000,2,0,0,2,2,0,NaN
SUPER_1,17630000,1,1,1,3,0,1,4
SUPER_1,17640000,32,0,1,33,14,18,13
SUPER_1,17650000,187,12,6,205,101,86,6.2777777
SUPER_1,17660000,86,8,9,103,41,45,19.058823
SUPER_1,17670000,144,6,11,161,82,62,4.2352943
SUPER_1,17680000,51,4,9,64,30,21,10.538462
SUPER_1,17690000,3,0,0,3,2,1,NaN
SUPER_1,17700000,3,0,0,3,3,0,NaN
SUPER_1,17710000,1,2,0,3,0,1,1.5
SUPER_1,17720000,4,0,1,5,1,3,4
SUPER_1,17730000,2,0,1,3,1,1,21
SUPER_1,17740000,2,0,0,2,2,0,NaN
SUPER_1,17750000,0,0,0,0,0,0,0
SUPER_1,17760000,0,0,0,0,0,0,0
SUPER_1,17770000,3,1,0,4,1,2,2
SUPER_1,17780000,4,1,0,5,2,2,2
SUPER_1,17790000,4,1,0,5,2,2,4
SUPER_1,17800000,2,0,1,3,0,2,3
SUPER_1,17810000,1,0,1,2,0,1,2
SUPER_1,17820000,1,0,0,1,1,0,NaN
SUPER_1,17830000,0,0,0,0,0,0,0
SUPER_1,17840000,0,0,0,0,0,0,0
SUPER_1,17850000,5,0,0,5,5,0,NaN
SUPER_1,17860000,5,1,0,6,3,2,6
SUPER_1,17870000,1,1,0,2,0,1,1
SUPER_1,17880000,2,0,0,2,2,0,NaN
SUPER_1,17890000,0,0,0,0,0,0,0
SUPER_1,17900000,0,0,0,0,0,0,0
SUPER_1,17910000,4,0,0,4,2,2,NaN
SUPER_1,17920000,38,4,5,47,19,19,4
SUPER_1,17930000,152,8,13,173,94,58,6.6666665
SUPER_1,17940000,189,8,9,206,103,86,2.8235295
SUPER_1,17950000,0,0,0,0,0,0,0
SUPER_1,17960000,0,0,0,0,0,0,0
SUPER_1,17970000,135,9,13,157,64,71,7.318182
SUPER_1,17980000,79,9,5,93,46,33,5.357143
SUPER_1,17990000,136,9,11,156,67,69,9.45
SUPER_1,18000000,156,8,10,174,85,71,3.5555556
SUPER_1,18010000,41,1,2,44,24,17,4.6666665
SUPER_1,18020000,58,2,2,62,35,23,3.75
SUPER_1,18030000,5,0,0,5,4,1,NaN
SUPER_1,18040000,7,1,2,10,3,4,80
SUPER_1,18050000,2,0,0,2,0,2,NaN
SUPER_1,18060000,6,1,1,8,4,2,1
SUPER_1,18070000,4,1,1,6,3,1,51.5
SUPER_1,18080000,12,1,1,14,6,6,1
SUPER_1,18090000,109,13,5,127,61,48,3.5555556
SUPER_1,18100000,11,1,1,13,6,5,2.5
SUPER_1,18110000,1,0,0,1,0,1,NaN
SUPER_1,18120000,1,0,0,1,1,0,NaN
SUPER_1,18130000,2,0,0,2,2,0,NaN
SUPER_1,18140000,1,0,0,1,1,0,NaN
SUPER_1,18150000,130,12,4,146,64,66,5.6875
SUPER_1,18160000,183,19,15,217,104,79,17
SUPER_1,18170000,223,15,19,257,104,119,5.1764708
SUPER_1,18180000,85,3,4,92,46,39,9.714286
SUPER_1,18190000,94,5,5,104,56,38,8.4
SUPER_1,18200000,169,13,10,192,92,77,10.043478
SUPER_1,18210000,123,6,3,132,73,50,4
SUPER_1,18220000,24,5,4,33,13,11,4.888889
SUPER_1,18230000,93,6,6,105,44,49,3.5
SUPER_1,18240000,195,13,14,222,115,80,7.5925927
SUPER_1,18250000,123,6,11,140,62,61,13.588235
SUPER_1,18260000,36,0,2,38,22,14,1
SUPER_1,18270000,99,6,8,113,47,52,6.714286
SUPER_1,18280000,165,7,14,186,86,79,12.761905
SUPER_1,18290000,47,2,3,52,25,22,12
SUPER_1,18300000,63,4,4,71,30,33,6.875
SUPER_1,18310000,151,11,11,173,77,74,12.409091
SUPER_1,18320000,148,10,14,172,83,65,4.5833335
SUPER_1,18330000,52,2,1,55,28,24,12.666667
SUPER_1,18340000,0,0,0,0,0,0,0
SUPER_1,18350000,0,0,0,0,0,0,0
SUPER_1,18360000,45,0,2,47,21,24,2.5
SUPER_1,18370000,79,5,5,89,41,38,2.7
SUPER_1,18380000,101,4,7,112,54,47,7.909091
SUPER_1,18390000,97,4,6,107,54,43,21.7
SUPER_1,18400000,62,4,3,69,46,16,16.428572
SUPER_1,18410000,219,12,11,242,114,105,11.391304
SUPER_1,18420000,153,13,13,179,90,63,5.8076925
SUPER_1,18430000,114,4,5,123,68,46,67.111115
SUPER_1,18440000,58,6,4,68,30,28,6.9
SUPER_1,18450000,17,2,1,20,9,8,1
SUPER_1,18460000,121,10,4,135,64,57,5.928571
SUPER_1,18470000,82,6,5,93,44,38,10.545455
SUPER_1,18480000,17,0,0,17,13,4,NaN
SUPER_1,18490000,115,7,7,129,63,52,3.142857
SUPER_1,18500000,99,6,7,112,60,39,3.6153846
SUPER_1,18510000,126,7,6,139,59,67,5.1538463
SUPER_1,18520000,100,7,8,115,49,51,8.6
SUPER_1,18530000,44,5,3,52,30,14,6.75
SUPER_1,18540000,24,4,2,30,14,10,48
SUPER_1,18550000,79,12,6,97,38,41,4.388889
SUPER_1,18560000,0,0,0,0,0,0,0
SUPER_1,18570000,0,0,0,0,0,0,0
SUPER_1,18580000,115,10,6,131,58,57,14.125
SUPER_1,18590000,50,0,7,57,25,25,9.857142
SUPER_1,18600000,136,2,12,150,87,49,7.857143
SUPER_1,18610000,165,6,11,182,81,84,5.1764708
SUPER_1,18620000,93,5,7,105,45,48,8.083333
SUPER_1,18630000,56,4,4,64,31,25,4.625
SUPER_1,18640000,94,9,3,106,41,53,3.6666667
SUPER_1,18650000,119,10,7,136,68,51,4.529412
SUPER_1,18660000,103,6,2,111,50,53,5.125
SUPER_1,18670000,75,8,8,91,42,33,6.5
SUPER_1,18680000,166,10,8,184,93,73,13.777778
SUPER_1,18690000,126,11,9,146,65,61,3.85
SUPER_1,18700000,221,12,12,245,102,119,5.25
SUPER_1,18710000,178,20,8,206,81,97,11.357142
SUPER_1,18720000,71,1,5,77,37,34,16.833334
SUPER_1,18730000,80,1,7,88,44,36,6.875
SUPER_1,18740000,132,5,6,143,57,75,4.6363635
SUPER_1,18750000,126,10,12,148,68,58,9.681818
SUPER_1,18760000,14,2,3,19,8,6,2.8
SUPER_1,18770000,35,2,3,40,21,14,13.6
SUPER_1,18780000,47,2,4,53,31,16,95.833336
SUPER_1,18790000,132,9,9,150,69,63,4.2222223
SUPER_1,18800000,33,5,2,40,13,20,9.571428
SUPER_1,18810000,129,8,5,142,67,62,5.6153846
SUPER_1,18820000,9,1,0,10,3,6,1
SUPER_1,18830000,119,8,10,137,69,50,4.5555553
SUPER_1,18840000,97,10,9,116,55,42,5.5789475
SUPER_1,18850000,134,6,7,147,73,61,5.3076925
SUPER_1,18860000,124,9,2,135,74,50,3.909091
SUPER_1,18870000,73,6,1,80,38,35,7.857143
SUPER_1,18880000,196,12,13,221,101,95,13.32
SUPER_1,18890000,124,12,8,144,63,61,5.6
SUPER_1,18900000,137,6,10,153,77,60,9.8125
SUPER_1,18910000,164,6,7,177,88,76,17.615385
SUPER_1,18920000,179,14,14,207,101,78,7.464286
SUPER_1,18930000,166,9,12,187,89,77,13.904762
SUPER_1,18940000,98,4,7,109,47,51,8.272727
SUPER_1,18950000,182,16,12,210,97,85,8.392858
SUPER_1,18960000,155,9,8,172,88,67,10.764706
SUPER_1,18970000,99,6,7,112,51,48,6.6923075
SUPER_1,18980000,36,4,3,43,23,13,15.142858
SUPER_1,18990000,176,15,12,203,101,75,5.296296
SUPER_1,19000000,78,6,5,89,34,44,7.7272725
SUPER_1,19010000,68,2,7,77,40,28,6.6666665
SUPER_1,19020000,171,11,7,189,89,82,11.055555
SUPER_1,19030000,167,7,17,191,92,75,6.4583335
SUPER_1,19040000,143,9,8,160,73,70,6.7058825
SUPER_1,19050000,79,2,4,85,44,35,14.333333
SUPER_1,19060000,61,6,4,71,28,33,27.9
SUPER_1,19070000,95,4,4,103,56,39,3.75
SUPER_1,19080000,90,6,11,107,44,46,4.0588236
SUPER_1,19090000,5,0,0,5,2,3,NaN
SUPER_1,19100000,6,0,0,6,2,4,NaN
SUPER_1,19110000,5,0,1,6,2,3,10
SUPER_1,19120000,3,0,0,3,3,0,NaN
SUPER_1,19130000,2,0,0,2,2,0,NaN
SUPER_1,19140000,3,0,0,3,1,2,NaN
SUPER_1,19150000,5,0,0,5,2,3,NaN
SUPER_1,19160000,117,12,5,134,62,55,5.647059
SUPER_1,19170000,0,0,0,0,0,0,0
SUPER_1,19180000,0,0,0,0,0,0,0
SUPER_1,19190000,0,0,0,0,0,0,0
SUPER_1,19200000,0,0,0,0,0,0,0
SUPER_1,19210000,37,6,3,46,17,20,9.666667
SUPER_1,19220000,25,0,0,25,16,9,NaN
SUPER_1,19230000,14,2,0,16,5,9,9.5
SUPER_1,19240000,135,11,8,154,82,53,3
SUPER_1,19250000,85,1,2,88,41,44,152.66667
SUPER_1,19260000,1,1,2,4,1,0,127
SUPER_1,19270000,12,0,0,12,12,0,NaN
SUPER_1,19280000,6,0,0,6,2,4,NaN
SUPER_1,19290000,7,0,3,10,4,3,92.333336
SUPER_1,19300000,120,8,6,134,65,55,21.142857
SUPER_1,19310000,178,8,11,197,105,73,7.368421
SUPER_1,19320000,89,6,5,100,46,43,4.818182
SUPER_1,19330000,161,11,10,182,81,80,5.6666665
SUPER_1,19340000,105,5,7,117,50,55,8.083333
SUPER_1,19350000,157,11,8,176,75,82,12.210526
SUPER_1,19360000,19,2,2,23,13,6,13.5
SUPER_1,19370000,80,9,3,92,39,41,6.25
SUPER_1,19380000,118,11,6,135,64,54,7.882353
SUPER_1,19390000,115,7,7,129,57,58,31.071428
SUPER_1,19400000,48,5,6,59,26,22,7
SUPER_1,19410000,111,6,9,126,51,60,10.333333
SUPER_1,19420000,95,5,11,111,48,47,7.375
SUPER_1,19430000,104,9,10,123,50,54,3.4736843
SUPER_1,19440000,157,8,8,173,78,79,14.9375
SUPER_1,19450000,124,6,9,139,65,59,5.733333
SUPER_1,19460000,102,11,4,117,51,51,9
SUPER_1,19470000,107,7,7,121,55,52,5.285714
SUPER_1,19480000,115,4,5,124,55,60,8.222222
SUPER_1,19490000,45,3,9,57,25,20,7.0833335
SUPER_1,19500000,59,5,6,70,31,28,5.090909
SUPER_1,19510000,83,8,9,100,36,47,6.529412
SUPER_1,19520000,33,0,4,37,24,9,14.75
SUPER_1,19530000,20,2,0,22,11,9,11.5
SUPER_1,19540000,23,1,4,28,9,14,12.8
SUPER_1,19550000,3,0,0,3,3,0,NaN
SUPER_1,19560000,23,1,1,25,10,13,40
SUPER_1,19570000,29,1,0,30,15,14,4
SUPER_1,19580000,11,2,0,13,5,6,7.5
SUPER_1,19590000,2,0,0,2,1,1,NaN
SUPER_1,19600000,2,0,0,2,1,1,NaN
SUPER_1,19610000,1,0,1,2,1,0,1
SUPER_1,19620000,123,5,8,136,63,60,6.8461537
SUPER_1,19630000,122,7,7,136,57,65,6.285714
SUPER_1,19640000,0,0,0,0,0,0,0
SUPER_1,19650000,0,0,0,0,0,0,0
SUPER_1,19660000,0,0,0,0,0,0,0
SUPER_1,19670000,0,0,0,0,0,0,0
SUPER_1,19680000,0,0,0,0,0,0,0
SUPER_1,19690000,0,0,0,0,0,0,0
SUPER_1,19700000,49,7,1,57,31,18,4.875
SUPER_1,19710000,0,0,0,0,0,0,0
SUPER_1,19720000,0,0,0,0,0,0,0
SUPER_1,19730000,0,0,0,0,0,0,0
SUPER_1,19740000,0,0,0,0,0,0,0
SUPER_1,19750000,0,0,0,0,0,0,0
SUPER_1,19760000,0,0,0,0,0,0,0
SUPER_1,19770000,1,1,3,5,0,1,1.25
SUPER_1,19780000,0,0,0,0,0,0,0
SUPER_1,19790000,0,0,0,0,0,0,0
SUPER_1,19800000,0,0,0,0,0,0,0
SUPER_1,19810000,0,0,0,0,0,0,0
SUPER_1,19820000,0,0,0,0,0,0,0
SUPER_1,19830000,0,0,0,0,0,0,0
SUPER_1,19840000,0,0,0,0,0,0,0
SUPER_1,19850000,0,0,0,0,0,0,0
SUPER_1,19860000,0,0,0,0,0,0,0
SUPER_1,19870000,0,0,0,0,0,0,0
SUPER_1,19880000,0,0,0,0,0,0,0
SUPER_1,19890000,0,0,0,0,0,0,0
SUPER_1,19900000,0,0,0,0,0,0,0
SUPER_1,19910000,0,0,0,0,0,0,0
SUPER_1,19920000,0,0,0,0,0,0,0
SUPER_1,19930000,0,0,0,0,0,0,0
SUPER_1,19940000,0,0,0,0,0,0,0
SUPER_1,19950000,0,0,0,0,0,0,0
SUPER_1,19960000,0,0,0,0,0,0,0
SUPER_1,19970000,0,0,0,0,0,0,0
SUPER_1,19980000,0,0,0,0,0,0,0
SUPER_1,19990000,0,0,0,0,0,0,0
SUPER_1,20000000,0,0,0,0,0,0,0
SUPER_1,20010000,0,0,0,0,0,0,0
SUPER_1,20020000,0,0,0,0,0,0,0
SUPER_1,20030000,0,0,0,0,0,0,0
SUPER_1,20040000,0,0,0,0,0,0,0
SUPER_1,20050000,0,0,0,0,0,0,0
SUPER_1,20060000,0,0,0,0,0,0,0
SUPER_1,20070000,0,0,0,0,0,0,0
SUPER_1,20080000,0,0,0,0,0,0,0
SUPER_1,20090000,0,0,0,0,0,0,0
SUPER_1,20100000,0,0,0,0,0,0,0
SUPER_1,20110000,0,0,0,0,0,0,0
SUPER_1,20120000,0,0,0,0,0,0,0
SUPER_1,20130000,0,0,0,0,0,0,0
SUPER_1,20140000,0,0,0,0,0,0,0
SUPER_1,20150000,0,0,0,0,0,0,0
SUPER_1,20160000,0,0,0,0,0,0,0
SUPER_1,20170000,0,0,0,0,0,0,0
SUPER_1,20180000,0,0,0,0,0,0,0
SUPER_1,20190000,0,0,0,0,0,0,0
SUPER_1,20200000,0,0,0,0,0,0,0
SUPER_1,20210000,43,6,2,51,25,18,1.375
SUPER_1,20220000,39,1,2,42,17,22,4.6666665
SUPER_1,20230000,0,1,0,1,0,0,18
SUPER_1,20240000,1,0,1,2,0,1,1
SUPER_1,20250000,12,0,0,12,5,7,NaN
SUPER_1,20260000,3,0,1,4,3,0,4
SUPER_1,20270000,20,2,1,23,9,11,1.6666666
SUPER_1,20280000,1,0,1,2,0,1,1
SUPER_1,20290000,1,0,0,1,1,0,NaN
SUPER_1,20300000,3,1,0,4,1,2,1
SUPER_1,20310000,2,0,0,2,1,1,NaN
SUPER_1,20320000,0,0,0,0,0,0,0
SUPER_1,20330000,0,0,0,0,0,0,0
SUPER_1,20340000,1,3,0,4,1,0,2.6666667
SUPER_1,20350000,4,0,0,4,1,3,NaN
SUPER_1,20360000,0,0,0,0,0,0,0
SUPER_1,20370000,0,0,0,0,0,0,0
SUPER_1,20380000,5,3,2,10,3,2,1.8
SUPER_1,20390000,1,0,0,1,0,1,NaN
SUPER_1,20400000,2,1,0,3,1,1,1
SUPER_1,20410000,2,0,0,2,2,0,NaN
SUPER_1,20420000,1,0,0,1,1,0,NaN
SUPER_1,20430000,1,0,0,1,0,1,NaN
SUPER_1,20440000,0,0,0,0,0,0,0
SUPER_1,20450000,0,0,0,0,0,0,0
SUPER_1,20460000,9,0,0,9,4,5,NaN
SUPER_1,20470000,0,1,0,1,0,0,4
SUPER_1,20480000,23,2,0,25,14,9,5
SUPER_1,20490000,56,4,4,64,29,27,5.5
SUPER_1,20500000,74,1,2,77,36,38,1
SUPER_1,20510000,22,2,4,28,13,9,6.3333335
SUPER_1,20520000,73,1,4,78,42,31,2.6
SUPER_1,20530000,16,2,0,18,9,7,14
SUPER_1,20540000,42,5,6,53,21,21,8
SUPER_1,20550000,59,2,4,65,28,31,11
SUPER_1,20560000,75,5,5,85,39,36,12.2
SUPER_1,20570000,0,0,0,0,0,0,0
SUPER_1,20580000,0,0,0,0,0,0,0
SUPER_1,20590000,76,8,5,89,40,36,5.769231
SUPER_1,20600000,25,0,1,26,9,16,2
SUPER_1,20610000,19,1,5,25,12,7,4.3333335
SUPER_1,20620000,57,1,10,68,24,33,2.090909
SUPER_1,20630000,67,9,3,79,32,35,4.75
SUPER_1,20640000,80,7,6,93,39,41,4.230769
SUPER_1,20650000,53,4,6,63,28,25,10.9
SUPER_1,20660000,101,9,9,119,49,52,3.4444444
SUPER_1,20670000,163,8,11,182,90,73,8.263158
SUPER_1,20680000,74,2,5,81,34,40,10
SUPER_1,20690000,81,13,4,98,43,38,2.8235295
SUPER_1,20700000,3,1,0,4,1,2,9
SUPER_1,20710000,3,1,0,4,1,2,1
SUPER_1,20720000,69,7,7,83,27,42,2
SUPER_1,20730000,19,2,0,21,10,9,4
SUPER_1,20740000,82,3,3,88,42,40,5.3333335
SUPER_1,20750000,74,4,6,84,32,42,4.5
SUPER_1,20760000,6,1,0,7,4,2,30
SUPER_1,20770000,6,0,0,6,1,5,NaN
SUPER_1,20780000,8,1,1,10,4,4,10
SUPER_1,20790000,9,1,1,11,3,6,2
SUPER_1,20800000,12,2,2,16,7,5,6
SUPER_1,20810000,35,3,4,42,14,21,13.142858
SUPER_1,20820000,12,0,0,12,5,7,NaN
SUPER_1,20830000,9,1,0,10,5,4,2
SUPER_1,20840000,10,3,0,13,4,6,10.666667
SUPER_1,20850000,95,9,7,111,48,47,6.5625
SUPER_1,20860000,175,16,18,209,88,87,15.588235
SUPER_1,20870000,125,11,13,149,67,58,15.208333
SUPER_1,20880000,103,7,14,124,51,52,17.619047
SUPER_1,20890000,139,12,19,170,72,67,12.870968
SUPER_1,20900000,111,11,14,136,54,57,24.76
SUPER_1,20910000,106,11,11,128,43,63,3.9545455
SUPER_1,20920000,107,12,6,125,57,50,6.2777777
SUPER_1,20930000,65,2,6,73,39,26,14.875
SUPER_1,20940000,15,3,1,19,9,6,1.25
SUPER_1,20950000,64,6,6,76,29,35,5.75
SUPER_1,20960000,31,2,5,38,14,17,4.428571
SUPER_1,20970000,76,3,6,85,43,33,3.8888888
SUPER_1,20980000,65,2,5,72,41,24,6.857143
SUPER_1,20990000,73,4,4,81,42,31,2.375
SUPER_1,21000000,82,4,5,91,41,41,7.2222223
SUPER_1,21010000,101,8,12,121,47,54,5.4
SUPER_1,21020000,179,13,15,207,107,72,10.071428
SUPER_1,21030000,93,5,13,111,62,31,8.222222
SUPER_1,21040000,64,4,9,77,27,37,5.076923
SUPER_1,21050000,132,10,8,150,64,68,7.5555553
SUPER_1,21060000,81,4,8,93,36,45,5.75
SUPER_1,21070000,35,1,5,41,21,14,3
SUPER_1,21080000,71,9,10,90,35,36,3.4210527
SUPER_1,21090000,49,1,2,52,32,17,30.666666
SUPER_1,21100000,104,10,6,120,55,49,4.1875
SUPER_1,21110000,7,2,1,10,1,6,5.3333335
SUPER_1,21120000,3,0,0,3,2,1,NaN
SUPER_1,21130000,3,1,0,4,1,2,4
SUPER_1,21140000,8,3,0,11,4,4,4.6666665
SUPER_1,21150000,29,2,2,33,10,19,14.5
SUPER_1,21160000,93,2,5,100,50,43,8.428572
SUPER_1,21170000,123,9,13,145,56,67,8.363636
SUPER_1,21180000,153,9,11,173,83,70,4.75
SUPER_1,21190000,48,8,2,58,24,24,4.3
SUPER_1,21200000,65,2,3,70,29,36,1.8
SUPER_1,21210000,52,2,1,55,29,23,1.6666666
SUPER_1,21220000,120,6,6,132,61,59,11
SUPER_1,21230000,194,8,11,213,98,96,2.5263157
SUPER_1,21240000,99,4,7,110,54,45,5.2727275
SUPER_1,21250000,26,2,1,29,13,13,15.333333
SUPER_1,21260000,106,8,11,125,52,54,7.7894735
SUPER_1,21270000,60,3,2,65,28,32,7.8
SUPER_1,21280000,145,9,7,161,69,76,14.0625
SUPER_1,21290000,176,12,7,195,98,78,4.3157897
SUPER_1,21300000,109,10,2,121,53,56,6.5833335
SUPER_1,21310000,73,7,10,90,39,34,17.294117
SUPER_1,21320000,217,15,11,243,108,109,3.5769231
SUPER_1,21330000,129,6,10,145,62,67,8.5
SUPER_1,21340000,55,4,1,60,30,25,2.8
SUPER_1,21350000,69,4,8,81,39,30,7.6666665
SUPER_1,21360000,21,1,3,25,16,5,5.75
SUPER_1,21370000,10,3,1,14,6,4,5.75
SUPER_1,21380000,83,9,7,99,35,48,4.125
SUPER_1,21390000,109,5,8,122,54,55,5.230769
SUPER_1,21400000,2,0,0,2,1,1,NaN
SUPER_1,21410000,9,0,0,9,7,2,NaN
SUPER_1,21420000,1,0,0,1,0,1,NaN
SUPER_1,21430000,1,0,0,1,1,0,NaN
SUPER_1,21440000,0,1,0,1,0,0,2
SUPER_1,21450000,1,0,0,1,1,0,NaN
SUPER_1,21460000,5,0,0,5,1,4,NaN
SUPER_1,21470000,60,3,4,67,21,39,7.714286
SUPER_1,21480000,118,2,8,128,64,54,22.9
SUPER_1,21490000,50,3,6,59,21,29,5.111111
SUPER_1,21500000,122,6,13,141,72,50,12.578947
SUPER_1,21510000,112,11,13,136,56,56,7.7916665
SUPER_1,21520000,125,8,11,144,60,65,3.7894738
SUPER_1,21530000,78,8,2,88,46,32,8
SUPER_1,21540000,65,11,4,80,36,29,5
SUPER_1,21550000,22,2,0,24,10,12,2.5
SUPER_1,21560000,57,9,3,69,23,34,5.5833335
SUPER_1,21570000,73,7,9,89,34,39,7.375
SUPER_1,21580000,9,1,0,10,6,3,4
SUPER_1,21590000,100,4,4,108,56,44,4.625
SUPER_1,21600000,85,11,9,105,38,47,4.1
SUPER_1,21610000,0,0,0,0,0,0,0
SUPER_1,21620000,0,0,0,0,0,0,0
SUPER_1,21630000,0,0,0,0,0,0,0
SUPER_1,21640000,0,0,0,0,0,0,0
SUPER_1,21650000,82,5,5,92,37,45,7.3
SUPER_1,21660000,46,3,4,53,25,21,2.142857
SUPER_1,21670000,107,8,10,125,60,47,8.888889
SUPER_1,21680000,186,13,11,210,89,97,5.4583335
SUPER_1,21690000,111,5,5,121,57,54,4.5
SUPER_1,21700000,214,11,20,245,112,102,25.419355
SUPER_1,21710000,93,8,7,108,54,39,11.666667
SUPER_1,21720000,4,1,0,5,1,3,2
SUPER_1,21730000,55,4,7,66,31,24,3.909091
SUPER_1,21740000,112,7,13,132,55,57,8.95
SUPER_1,21750000,159,11,10,180,77,82,5.7619047
SUPER_1,21760000,89,9,7,105,41,48,19.5625
SUPER_1,21770000,0,0,0,0,0,0,0
SUPER_1,21780000,0,0,0,0,0,0,0
SUPER_1,21790000,0,0,0,0,0,0,0
SUPER_1,21800000,0,0,0,0,0,0,0
SUPER_1,21810000,137,13,6,156,71,66,4
SUPER_1,21820000,0,1,0,1,0,0,17
SUPER_1,21830000,56,8,4,68,24,32,20.083334
SUPER_1,21840000,0,0,2,2,0,0,20
SUPER_1,21850000,15,1,2,18,8,7,1
SUPER_1,21860000,21,1,1,23,7,14,4
SUPER_1,21870000,2,1,0,3,2,0,3
SUPER_1,21880000,1,1,0,2,0,1,1
SUPER_1,21890000,0,0,0,0,0,0,0
SUPER_1,21900000,0,0,0,0,0,0,0
SUPER_1,21910000,166,12,15,193,92,74,3.7777777
SUPER_1,21920000,122,11,6,139,54,68,4.9411764
SUPER_1,21930000,103,14,5,122,60,43,5.8421054
SUPER_1,21940000,64,4,8,76,31,33,22.333334
SUPER_1,21950000,58,6,7,71,27,31,7.3846154
SUPER_1,21960000,150,5,15,170,77,73,33.45
SUPER_1,21970000,54,8,3,65,29,25,4.090909
SUPER_1,21980000,100,6,10,116,45,55,4.6875
SUPER_1,21990000,4,0,1,5,1,3,4
SUPER_1,22000000,2,0,0,2,1,1,NaN
SUPER_1,22010000,0,1,1,2,0,0,22
SUPER_1,22020000,2,0,0,2,1,1,NaN
SUPER_1,22030000,0,1,0,1,0,0,35
SUPER_1,22040000,2,0,0,2,2,0,NaN
SUPER_1,22050000,19,3,1,23,8,11,5.75
SUPER_1,22060000,0,1,0,1,0,0,12
SUPER_1,22070000,0,0,1,1,0,0,1
SUPER_1,22080000,0,0,0,0,0,0,0
SUPER_1,22090000,0,0,0,0,0,0,0
SUPER_1,22100000,5,0,1,6,4,1,2
SUPER_1,22110000,46,5,3,54,23,23,54.75
SUPER_1,22120000,28,3,2,33,16,12,8.2
SUPER_1,22130000,9,1,1,11,4,5,9
SUPER_1,22140000,1,0,0,1,0,1,NaN
SUPER_1,22150000,4,1,0,5,2,2,6
SUPER_1,22160000,0,0,1,1,0,0,1
SUPER_1,22170000,1,0,1,2,1,0,1
SUPER_1,22180000,44,4,6,54,21,23,6.1
SUPER_1,22190000,112,7,1,120,51,61,2
SUPER_1,22200000,56,6,8,70,22,34,8.642858
SUPER_1,22210000,52,3,5,60,27,25,11
SUPER_1,22220000,83,1,6,90,49,34,7.857143
SUPER_1,22230000,88,6,4,98,43,45,7
SUPER_1,22240000,193,14,12,219,94,99,6.923077
SUPER_1,22250000,185,16,20,221,98,87,7.5277777
SUPER_1,22260000,30,2,2,34,18,12,8.25
SUPER_1,22270000,110,10,8,128,57,53,6.8333335
SUPER_1,22280000,119,15,12,146,71,48,7.3333335
SUPER_1,22290000,99,9,6,114,44,55,5.0666666
SUPER_1,22300000,19,3,1,23,7,12,1.5
SUPER_1,22310000,113,9,9,131,56,57,5.8333335
SUPER_1,22320000,20,4,6,30,5,15,6
SUPER_1,22330000,30,1,4,35,12,18,3.8
SUPER_1,22340000,101,10,9,120,56,45,19.052631
SUPER_1,22350000,79,6,9,94,46,33,3.6666667
SUPER_1,22360000,96,9,16,121,38,58,4.36
SUPER_1,22370000,73,10,8,91,36,37,14.166667
SUPER_1,22380000,72,6,3,81,37,35,18.555555
SUPER_1,22390000,124,8,14,146,57,67,7.2272725
SUPER_1,22400000,93,7,7,107,40,53,10.428572
SUPER_1,22410000,118,4,11,133,64,54,4.266667
SUPER_1,22420000,167,7,15,189,82,85,5.2727275
SUPER_1,22430000,101,4,8,113,56,45,9.25
SUPER_1,22440000,51,1,3,55,23,28,3
SUPER_1,22450000,67,1,7,75,33,34,23.625
SUPER_1,22460000,119,5,11,135,55,64,10.125
SUPER_1,22470000,1,1,1,3,1,0,1
SUPER_1,22480000,64,6,3,73,30,34,2.8888888
SUPER_1,22490000,149,8,20,177,71,78,3.642857
SUPER_1,22500000,130,14,8,152,69,61,10.363636
SUPER_1,22510000,62,1,3,66,28,34,5.75
SUPER_1,22520000,88,11,5,104,48,40,10.0625
SUPER_1,22530000,103,4,6,113,45,58,8.1
SUPER_1,22540000,120,10,8,138,55,65,5.888889
SUPER_1,22550000,78,8,6,92,46,32,21.428572
SUPER_1,22560000,138,5,11,154,72,66,5
SUPER_1,22570000,188,17,16,221,85,103,9.636364
SUPER_1,22580000,106,5,5,116,61,45,14.1
SUPER_1,22590000,90,11,9,110,39,51,6.95
SUPER_1,22600000,45,6,2,53,28,17,12.125
SUPER_1,22610000,161,16,9,186,80,81,6.08
SUPER_1,22620000,147,8,10,165,72,75,5.2777777
SUPER_1,22630000,127,12,4,143,54,73,5.5625
SUPER_1,22640000,129,14,8,151,71,58,5.3636365
SUPER_1,22650000,108,11,7,126,56,52,7.1666665
SUPER_1,22660000,118,6,12,136,54,64,23.277779
SUPER_1,22670000,44,4,7,55,18,26,7.090909
SUPER_1,22680000,164,9,9,182,94,70,14.166667
SUPER_1,22690000,118,7,8,133,53,65,8.266666
SUPER_1,22700000,137,10,16,163,65,72,3.1153846
SUPER_1,22710000,134,12,5,151,74,60,4.5882354
SUPER_1,22720000,197,15,9,221,101,96,6.4166665
SUPER_1,22730000,97,4,12,113,54,43,5.4375
SUPER_1,22740000,126,12,8,146,73,53,7.3
SUPER_1,22750000,100,6,3,109,56,44,1.8888888
SUPER_1,22760000,0,0,0,0,0,0,0
SUPER_1,22770000,0,0,0,0,0,0,0
SUPER_1,22780000,2,0,0,2,2,0,NaN
SUPER_1,22790000,82,4,5,91,53,29,6.111111
SUPER_1,22800000,86,3,7,96,47,39,5.1
SUPER_1,22810000,0,0,0,0,0,0,0
SUPER_1,22820000,0,0,0,0,0,0,0
SUPER_1,22830000,0,0,0,0,0,0,0
SUPER_1,22840000,0,0,0,0,0,0,0
SUPER_1,22850000,6,2,0,8,3,3,5
SUPER_1,22860000,0,0,1,1,0,0,196
SUPER_1,22870000,2,0,1,3,2,0,4
SUPER_1,22880000,6,0,0,6,1,5,NaN
SUPER_1,22890000,4,2,0,6,3,1,2
SUPER_1,22900000,96,7,7,110,46,50,2.2142856
SUPER_1,22910000,35,1,4,40,15,20,6.4
SUPER_1,22920000,52,4,5,61,24,28,4.888889
SUPER_1,22930000,0,1,0,1,0,0,1
SUPER_1,22940000,1,0,0,1,1,0,NaN
SUPER_1,22950000,0,0,0,0,0,0,0
SUPER_1,22960000,0,0,0,0,0,0,0
SUPER_1,22970000,0,0,0,0,0,0,0
SUPER_1,22980000,0,0,0,0,0,0,0
SUPER_1,22990000,0,0,0,0,0,0,0
SUPER_1,23000000,0,0,0,0,0,0,0
SUPER_1,23010000,0,0,0,0,0,0,0
SUPER_1,23020000,0,0,0,0,0,0,0
SUPER_1,23030000,0,0,0,0,0,0,0
SUPER_1,23040000,28,2,3,33,21,7,5.2
SUPER_1,23050000,217,17,20,254,97,120,25.378378
SUPER_1,23060000,93,6,6,105,51,42,10.166667
SUPER_1,23070000,2,2,0,4,2,0,1.5
SUPER_1,23080000,2,0,0,2,1,1,NaN
SUPER_1,23090000,3,0,0,3,2,1,NaN
SUPER_1,23100000,2,0,0,2,1,1,NaN
SUPER_1,23110000,3,0,0,3,2,1,NaN
SUPER_1,23120000,3,0,0,3,2,1,NaN
SUPER_1,23130000,2,0,0,2,0,2,NaN
SUPER_1,23140000,0,1,1,2,0,0,4.5
SUPER_1,23150000,5,0,0,5,1,4,NaN
SUPER_1,23160000,1,0,0,1,1,0,NaN
SUPER_1,23170000,1,1,1,3,1,0,4.5
SUPER_1,23180000,3,0,0,3,1,2,NaN
SUPER_1,23190000,1,0,0,1,0,1,NaN
SUPER_1,23200000,4,1,0,5,1,3,1
SUPER_1,23210000,3,0,0,3,2,1,NaN
SUPER_1,23220000,1,1,1,3,1,0,4
SUPER_1,23230000,3,0,0,3,1,2,NaN
SUPER_1,23240000,7,1,0,8,3,4,2
SUPER_1,23250000,36,5,1,42,21,15,6.8333335
SUPER_1,23260000,18,0,1,19,11,7,1
SUPER_1,23270000,58,1,5,64,37,21,8.666667
SUPER_1,23280000,86,8,6,100,41,45,7.928571
SUPER_1,23290000,72,2,6,80,48,24,6.125
SUPER_1,23300000,27,3,2,32,10,17,7.4
SUPER_1,23310000,68,6,4,78,38,30,2.5
SUPER_1,23320000,123,8,12,143,65,58,22.7
SUPER_1,23330000,81,9,1,91,37,44,6.3
SUPER_1,23340000,166,11,16,193,86,80,41.51852
SUPER_1,23350000,209,8,9,226,125,84,25.529411
SUPER_1,23360000,85,2,0,87,52,33,7.5
SUPER_1,23370000,8,2,1,11,5,3,8
SUPER_1,23380000,108,2,5,115,57,51,6.285714
SUPER_1,23390000,136,10,9,155,73,63,7.7894735
SUPER_1,23400000,70,10,6,86,37,33,7.375
SUPER_1,23410000,190,8,11,209,106,84,30.526316
SUPER_1,23420000,36,5,0,41,23,13,1
SUPER_1,23430000,35,4,2,41,13,22,6
SUPER_1,23440000,85,4,6,95,37,48,3
SUPER_1,23450000,136,6,8,150,74,62,6.5
SUPER_1,23460000,196,8,6,210,97,99,9.714286
SUPER_1,23470000,14,2,3,19,8,6,3.2
SUPER_1,23480000,99,1,11,111,48,51,73.083336
SUPER_1,23490000,62,9,4,75,29,33,16.23077
SUPER_1,23500000,69,4,2,75,38,31,7.8333335
SUPER_1,23510000,2,0,0,2,2,0,NaN
SUPER_1,23520000,2,1,0,3,2,0,2
SUPER_1,23530000,5,0,0,5,3,2,NaN
SUPER_1,23540000,9,1,0,10,5,4,1
SUPER_1,23550000,4,0,1,5,1,3,2
SUPER_1,23560000,1,1,0,2,0,1,12
SUPER_1,23570000,1,0,1,2,0,1,1
SUPER_1,23580000,69,7,5,81,36,33,4.6666665
SUPER_1,23590000,109,5,4,118,49,60,6.3333335
SUPER_1,23600000,61,7,6,74,34,27,6.769231
SUPER_1,23610000,0,0,0,0,0,0,0
SUPER_1,23620000,0,0,0,0,0,0,0
SUPER_1,23630000,237,10,19,266,126,111,6.724138
SUPER_1,23640000,93,3,16,112,48,45,26.157894
SUPER_1,23650000,101,5,11,117,55,45,14.8125
SUPER_1,23660000,9,0,0,9,9,0,NaN
SUPER_1,23670000,88,7,6,101,41,47,6.3846154
SUPER_1,23680000,71,4,10,85,32,39,7.071429
SUPER_1,23690000,69,5,5,79,32,37,12.2
SUPER_1,23700000,122,6,12,140,52,70,18
SUPER_1,23710000,85,9,9,103,46,39,14.833333
SUPER_1,23720000,99,9,1,109,51,48,4.9
SUPER_1,23730000,140,7,8,155,79,61,6.733333
SUPER_1,23740000,21,2,3,26,11,10,17.8
SUPER_1,23750000,0,0,0,0,0,0,0
SUPER_1,23760000,0,0,0,0,0,0,0
SUPER_1,23770000,9,1,0,10,6,3,49
SUPER_1,23780000,40,3,2,45,25,15,7.4
SUPER_1,23790000,94,4,6,104,46,48,5.3
SUPER_1,23800000,106,1,5,112,59,47,3.6666667
SUPER_1,23810000,76,4,1,81,47,29,3.6
SUPER_1,23820000,3,0,0,3,0,3,NaN
SUPER_1,23830000,50,1,3,54,26,24,3.75
SUPER_1,23840000,112,8,3,123,64,48,4.090909
SUPER_1,23850000,206,16,19,241,116,90,13.4
SUPER_1,23860000,40,0,1,41,23,17,2
SUPER_1,23870000,93,2,10,105,51,42,13.75
SUPER_1,23880000,66,8,3,77,32,34,4.5454545
SUPER_1,23890000,102,9,4,115,58,44,2.3846154
SUPER_1,23900000,62,3,4,69,33,29,15
SUPER_1,23910000,36,1,3,40,14,22,5.25
SUPER_1,23920000,66,3,3,72,34,32,8.5
SUPER_1,23930000,216,10,13,239,105,111,6.521739
SUPER_1,23940000,156,7,20,183,79,77,19.814816
SUPER_1,23950000,26,1,1,28,13,13,1.5
SUPER_1,23960000,131,10,6,147,71,60,3.4375
SUPER_1,23970000,0,0,0,0,0,0,0
SUPER_1,23980000,0,0,0,0,0,0,0
SUPER_1,23990000,0,0,0,0,0,0,0
SUPER_1,24000000,305,21,19,345,150,155,6.75
SUPER_1,24010000,83,9,4,96,43,40,5.6153846
SUPER_1,24020000,137,5,10,152,82,55,2.8666666
SUPER_1,24030000,0,0,0,0,0,0,0
SUPER_1,24040000,0,0,0,0,0,0,0
SUPER_1,24050000,88,5,4,97,46,42,13.666667
SUPER_1,24060000,90,9,6,105,44,46,4.6
SUPER_1,24070000,101,1,4,106,64,37,2.4
SUPER_1,24080000,99,5,6,110,57,42,7
SUPER_1,24090000,72,2,8,82,37,35,9.6
SUPER_1,24100000,3,0,0,3,1,2,NaN
SUPER_1,24110000,4,0,0,4,1,3,NaN
SUPER_1,24120000,18,1,0,19,8,10,40
SUPER_1,24130000,0,0,0,0,0,0,0
SUPER_1,24140000,0,0,0,0,0,0,0
SUPER_1,24150000,3,3,1,7,1,2,7.75
SUPER_1,24160000,3,2,2,7,2,1,9.25
SUPER_1,24170000,10,1,1,12,2,8,2.5
SUPER_1,24180000,4,1,1,6,1,3,4
SUPER_1,24190000,1,1,0,2,0,1,18
SUPER_1,24200000,3,1,0,4,0,3,36
SUPER_1,24210000,4,1,1,6,4,0,1.5
SUPER_1,24220000,1,1,1,3,0,1,5.5
SUPER_1,24230000,19,2,2,23,11,8,16.25
SUPER_1,24240000,14,1,0,15,8,6,1
SUPER_1,24250000,11,0,1,12,7,4,1
SUPER_1,24260000,20,1,1,22,7,13,2
SUPER_1,24270000,42,4,4,50,21,21,2.75
SUPER_1,24280000,59,4,7,70,25,34,5.5454545
SUPER_1,24290000,100,4,6,110,67,33,3.4
SUPER_1,24300000,9,5,2,16,4,5,2.4285715
SUPER_1,24310000,20,0,4,24,12,8,3.5
SUPER_1,24320000,130,1,7,138,78,52,6.75
SUPER_1,24330000,132,7,9,148,69,63,10.5625
SUPER_1,24340000,69,2,4,75,35,34,3.1666667
SUPER_1,24350000,87,1,1,89,56,31,13.5
SUPER_1,24360000,95,4,7,106,50,45,9.727273
SUPER_1,24370000,240,8,15,263,119,121,10.869565
SUPER_1,24380000,74,3,2,79,37,37,4.6
SUPER_1,24390000,75,1,9,85,36,39,7
SUPER_1,24400000,100,4,11,115,56,44,5.2
SUPER_1,24410000,78,4,9,91,40,38,15.538462
SUPER_1,24420000,45,4,3,52,21,24,3.7142856
SUPER_1,24430000,194,8,17,219,94,100,9.56
SUPER_1,24440000,160,8,7,175,77,83,7.5333333
SUPER_1,24450000,113,6,5,124,66,47,6.3636365
SUPER_1,24460000,33,1,5,39,15,18,48.666668
SUPER_1,24470000,2,0,0,2,0,2,NaN
SUPER_1,24480000,132,11,11,154,67,65,5.590909
SUPER_1,24490000,62,2,3,67,40,22,1.8
SUPER_1,24500000,47,4,8,59,22,25,5.25
SUPER_1,24510000,70,7,4,81,42,28,8.636364
SUPER_1,24520000,168,9,11,188,101,67,8.3
SUPER_1,24530000,100,12,10,122,45,55,19.272728
SUPER_1,24540000,7,0,0,7,4,3,NaN
SUPER_1,24550000,2,0,0,2,1,1,NaN
SUPER_1,24560000,47,2,3,52,21,26,3.2
SUPER_1,24570000,132,9,15,156,64,68,15.875
SUPER_1,24580000,2,1,0,3,0,2,20
SUPER_1,24590000,104,5,9,118,47,57,30.214285
SUPER_1,24600000,118,3,12,133,66,52,3.6666667
SUPER_1,24610000,152,18,11,181,83,69,7.034483
SUPER_1,24620000,0,0,0,0,0,0,0
SUPER_1,24630000,0,0,0,0,0,0,0
SUPER_1,24640000,177,19,5,201,84,93,4.8333335
SUPER_1,24650000,146,11,24,181,64,82,37.42857
SUPER_1,24660000,144,7,15,166,79,65,3.5454545
SUPER_1,24670000,90,8,5,103,40,50,8.076923
SUPER_1,24680000,119,8,3,130,60,59,18.727272
SUPER_1,24690000,126,6,8,140,64,62,12.785714
SUPER_1,24700000,0,0,0,0,0,0,0
SUPER_1,24710000,0,0,0,0,0,0,0
SUPER_1,24720000,262,15,19,296,133,129,9.117647
SUPER_1,24730000,89,4,3,96,50,39,2.4285715
SUPER_1,24740000,96,11,12,119,55,41,10.652174
SUPER_1,24750000,30,3,1,34,18,12,2.25
SUPER_1,24760000,144,7,7,158,81,63,9.071428
SUPER_1,24770000,80,5,5,90,38,42,3.5
SUPER_1,24780000,81,4,11,96,44,37,36.2
SUPER_1,24790000,87,6,6,99,48,39,21.666666
SUPER_1,24800000,84,6,6,96,51,33,4.75
SUPER_1,24810000,80,6,3,89,42,38,3
SUPER_1,24820000,80,8,4,92,44,36,5.9166665
SUPER_1,24830000,45,5,5,55,20,25,1.9
SUPER_1,24840000,44,2,5,51,23,21,2
SUPER_1,24850000,9,0,1,10,5,4,1
SUPER_1,24860000,99,6,7,112,42,57,31.461538
SUPER_1,24870000,110,7,8,125,52,58,9.733334
SUPER_1,24880000,21,2,1,24,9,12,2
SUPER_1,24890000,71,4,4,79,44,27,9
SUPER_1,24900000,152,10,7,169,87,65,10.176471
SUPER_1,24910000,146,9,13,168,73,73,9.454545
SUPER_1,24920000,189,16,14,219,109,80,10.5
SUPER_1,24930000,134,9,4,147,61,73,3.1538463
SUPER_1,24940000,138,4,12,154,66,72,5.625
SUPER_1,24950000,113,7,8,128,47,66,3.2
SUPER_1,24960000,62,3,7,72,31,31,12.3
SUPER_1,24970000,1,0,0,1,0,1,NaN
SUPER_1,24980000,2,0,0,2,2,0,NaN
SUPER_1,24990000,33,2,1,36,18,15,5.6666665
SUPER_1,25000000,1,0,0,1,0,1,NaN
SUPER_1,25010000,20,2,0,22,13,7,18.5
SUPER_1,25020000,35,1,3,39,24,11,7.5
SUPER_1,25030000,144,8,10,162,67,77,6.2777777
SUPER_1,25040000,79,6,4,89,41,38,2.8
SUPER_1,25050000,122,6,5,133,63,59,24.636364
SUPER_1,25060000,86,0,7,93,48,38,22.142857
SUPER_1,25070000,173,9,10,192,89,84,5.631579
SUPER_1,25080000,111,5,7,123,55,56,5.75
SUPER_1,25090000,146,12,6,164,83,63,7.8333335
SUPER_1,25100000,40,8,3,51,20,20,7.909091
SUPER_1,25110000,48,3,5,56,25,23,2.5
SUPER_1,25120000,0,0,0,0,0,0,0
SUPER_1,25130000,0,0,0,0,0,0,0
SUPER_1,25140000,185,12,8,205,102,83,6.85
SUPER_1,25150000,77,8,2,87,39,38,9.2
SUPER_1,25160000,88,4,7,99,51,37,11.909091
SUPER_1,25170000,0,0,0,0,0,0,0
SUPER_1,25180000,0,0,0,0,0,0,0
SUPER_1,25190000,0,0,0,0,0,0,0
SUPER_1,25200000,2,0,2,4,1,1,3
SUPER_1,25210000,55,2,4,61,30,25,4.3333335
SUPER_1,25220000,44,2,4,50,26,18,2.5
SUPER_1,25230000,111,5,8,124,54,57,4.6153846
SUPER_1,25240000,95,3,10,108,46,49,30.76923
SUPER_1,25250000,0,0,0,0,0,0,0
SUPER_1,25260000,0,0,0,0,0,0,0
SUPER_1,25270000,0,0,0,0,0,0,0
SUPER_1,25280000,0,0,0,0,0,0,0
SUPER_1,25290000,124,4,6,134,75,49,12.1
SUPER_1,25300000,112,4,9,125,51,61,11.384615
SUPER_1,25310000,135,13,7,155,77,58,9.3
SUPER_1,25320000,82,7,2,91,42,40,3.5555556
SUPER_1,25330000,102,2,8,112,53,49,9.6
SUPER_1,25340000,118,5,5,128,63,55,2.4
SUPER_1,25350000,6,0,1,7,4,2,10
SUPER_1,25360000,108,4,3,115,60,48,8
SUPER_1,25370000,105,15,4,124,60,45,3.6842105
SUPER_1,25380000,86,2,4,92,38,48,10
SUPER_1,25390000,45,7,5,57,20,25,21.666666
SUPER_1,25400000,134,11,13,158,68,66,6.5
SUPER_1,25410000,77,4,4,85,38,39,35.875
SUPER_1,25420000,99,9,4,112,54,45,6.1538463
SUPER_1,25430000,186,8,15,209,92,94,8.130435
SUPER_1,25440000,9,1,2,12,5,4,1.6666666
SUPER_1,25450000,0,0,1,1,0,0,2
SUPER_1,25460000,2,0,0,2,1,1,NaN
SUPER_1,25470000,0,0,0,0,0,0,0
SUPER_1,25480000,0,0,0,0,0,0,0
SUPER_1,25490000,0,0,0,0,0,0,0
SUPER_1,25500000,160,9,15,184,79,81,8.208333
SUPER_1,25510000,96,5,8,109,48,48,11.538462
SUPER_1,25520000,144,5,9,158,64,80,10.214286
SUPER_1,25530000,51,3,1,55,27,24,9.75
SUPER_1,25540000,75,6,5,86,33,42,6.2727275
SUPER_1,25550000,46,1,1,48,28,18,6
SUPER_1,25560000,57,7,4,68,26,31,8.363636
SUPER_1,25570000,112,14,9,135,55,57,5.0869565
SUPER_1,25580000,0,3,0,3,0,0,8.666667
SUPER_1,25590000,7,1,0,8,0,7,1
SUPER_1,25600000,2,1,0,3,1,1,2
SUPER_1,25610000,48,6,2,56,22,26,5.75
SUPER_1,25620000,67,4,3,74,35,32,6.142857
SUPER_1,25630000,64,7,6,77,31,33,3.6153846
SUPER_1,25640000,76,8,11,95,39,37,4
SUPER_1,25650000,84,6,3,93,42,42,4.111111
SUPER_1,25660000,88,10,6,104,45,43,10.125
SUPER_1,25670000,200,15,14,229,108,92,7.724138
SUPER_1,25680000,169,12,13,194,87,82,15.96
SUPER_1,25690000,55,3,4,62,26,29,5.285714
SUPER_1,25700000,135,12,7,154,67,68,5.6842103
SUPER_1,25710000,23,2,4,29,13,10,44.166668
SUPER_1,25720000,22,4,4,30,11,11,3.25
SUPER_1,25730000,3,1,0,4,1,2,26
SUPER_1,25740000,1,1,0,2,0,1,2
SUPER_1,25750000,1,3,2,6,0,1,1.6
SUPER_1,25760000,3,0,0,3,0,3,NaN
SUPER_1,25770000,94,8,3,105,46,48,7.090909
SUPER_1,25780000,86,9,8,103,40,46,6.8235292
SUPER_1,25790000,181,8,15,204,96,85,11.434783
SUPER_1,25800000,143,6,6,155,73,70,7.5833335
SUPER_1,25810000,161,8,14,183,89,72,11.818182
SUPER_1,25820000,154,13,12,179,80,74,20.92
SUPER_1,25830000,152,11,17,180,76,76,5.535714
SUPER_1,25840000,107,4,8,119,58,49,5.0833335
SUPER_1,25850000,115,6,3,124,56,59,9.111111
SUPER_1,25860000,3,0,0,3,2,1,NaN
SUPER_1,25870000,97,4,10,111,56,41,15.285714
SUPER_1,25880000,163,14,9,186,80,83,10.652174
SUPER_1,25890000,85,8,5,98,45,40,7.3076925
SUPER_1,25900000,143,16,6,165,73,70,4.7727275
SUPER_1,25910000,78,5,5,88,36,42,2.3
SUPER_1,25920000,141,6,6,153,65,76,6.3333335
SUPER_1,25930000,150,5,4,159,69,81,6.2222223
SUPER_1,25940000,87,9,4,100,37,50,5.230769
SUPER_1,25950000,1,0,0,1,0,1,NaN
SUPER_1,25960000,1,0,0,1,1,0,NaN
SUPER_1,25970000,0,0,1,1,0,0,2
SUPER_1,25980000,2,1,0,3,1,1,2
SUPER_1,25990000,5,1,0,6,2,3,16
SUPER_1,26000000,147,10,16,173,75,72,49.846153
SUPER_1,26010000,89,4,5,98,48,41,8.888889
SUPER_1,26020000,94,12,10,116,43,51,7.318182
SUPER_1,26030000,68,6,5,79,26,42,8.363636
SUPER_1,26040000,59,5,6,70,31,28,5.181818
SUPER_1,26050000,123,10,5,138,57,66,3.4
SUPER_1,26060000,133,4,10,147,60,73,3.2142856
SUPER_1,26070000,157,5,10,172,84,73,3.8
SUPER_1,26080000,145,10,9,164,80,65,5.6842103
SUPER_1,26090000,80,5,6,91,36,44,5.909091
SUPER_1,26100000,116,11,8,135,48,68,3.1578948
SUPER_1,26110000,74,9,6,89,41,33,13.466666
SUPER_1,26120000,209,12,8,229,99,110,4
SUPER_1,26130000,168,12,16,196,86,82,5.535714
SUPER_1,26140000,101,7,6,114,54,47,37.53846
SUPER_1,26150000,67,5,8,80,32,35,19.846153
SUPER_1,26160000,77,5,7,89,36,41,7.8333335
SUPER_1,26170000,126,13,10,149,59,67,4.347826
SUPER_1,26180000,110,3,13,126,51,59,13.125
SUPER_1,26190000,71,1,7,79,31,40,6.75
SUPER_1,26200000,43,8,4,55,19,24,5.25
SUPER_1,26210000,20,2,2,24,12,8,5.5
SUPER_1,26220000,13,3,3,19,6,7,5.8333335
SUPER_1,26230000,32,2,3,37,13,19,18.4
SUPER_1,26240000,133,10,9,152,66,67,16.105263
SUPER_1,26250000,122,9,6,137,60,62,11.733334
SUPER_1,26260000,154,14,9,177,78,76,5.9130435
SUPER_1,26270000,108,8,5,121,54,54,17.076923
SUPER_1,26280000,161,12,5,178,89,72,7
SUPER_1,26290000,81,11,7,99,39,42,3.9444444
SUPER_1,26300000,98,2,6,106,43,55,5.125
SUPER_1,26310000,131,10,16,157,62,69,6.3846154
SUPER_1,26320000,50,3,8,61,30,20,5.181818
SUPER_1,26330000,130,6,9,145,69,61,3.4666667
SUPER_1,26340000,122,3,3,128,67,55,20.5
SUPER_1,26350000,117,8,5,130,63,54,39
SUPER_1,26360000,161,5,13,179,72,89,7.2777777
SUPER_1,26370000,121,8,9,138,62,59,4.7058825
SUPER_1,26380000,118,10,13,141,66,52,11.869565
SUPER_1,26390000,91,17,4,112,53,38,6.1904764
SUPER_1,26400000,173,8,10,191,82,91,6.7777777
SUPER_1,26410000,131,16,7,154,77,54,5.2608695
SUPER_1,26420000,101,6,6,113,46,55,9.916667
SUPER_1,26430000,231,14,15,260,111,120,5.275862
SUPER_1,26440000,78,10,2,90,36,42,5.9166665
SUPER_1,26450000,64,9,5,78,30,34,17.214285
SUPER_1,26460000,121,12,9,142,55,66,2.8095238
SUPER_1,26470000,17,0,2,19,8,9,6.5
SUPER_1,26480000,2,0,1,3,2,0,2
SUPER_1,26490000,1,0,0,1,1,0,NaN
SUPER_1,26500000,60,4,7,71,37,23,3.4545455
SUPER_1,26510000,85,8,4,97,46,39,67.416664
SUPER_1,26520000,121,14,12,147,65,56,8.230769
SUPER_1,26530000,232,15,10,257,117,115,4.68
SUPER_1,26540000,68,2,3,73,41,27,128.6
SUPER_1,26550000,51,1,4,56,21,30,19.4
SUPER_1,26560000,27,3,3,33,19,8,2.3333333
SUPER_1,26570000,203,18,23,244,108,95,16.926828
SUPER_1,26580000,78,3,9,90,34,44,7
SUPER_1,26590000,63,2,6,71,35,28,3.75
SUPER_1,26600000,29,4,2,35,10,19,3
SUPER_1,26610000,187,9,11,207,79,108,7.75
SUPER_1,26620000,151,7,14,172,77,74,3
SUPER_1,26630000,157,8,10,175,97,60,13.666667
SUPER_1,26640000,40,3,2,45,21,19,5.2
SUPER_1,26650000,92,4,6,102,50,42,4.8
SUPER_1,26660000,40,4,1,45,21,19,5.6
SUPER_1,26670000,36,5,3,44,19,17,4.625
SUPER_1,26680000,129,9,11,149,64,65,31.3
SUPER_1,26690000,51,2,5,58,28,23,6.571429
SUPER_1,26700000,43,1,0,44,28,15,4
SUPER_1,26710000,122,12,7,141,64,58,4.736842
SUPER_1,26720000,192,14,8,214,107,85,3.909091
SUPER_1,26730000,160,12,15,187,83,77,8.518518
SUPER_1,26740000,5,0,2,7,3,2,1.5
SUPER_1,26750000,114,8,9,131,55,59,5.0588236
SUPER_1,26760000,118,5,5,128,64,54,33.5
SUPER_1,26770000,89,10,4,103,45,44,4.142857
SUPER_1,26780000,139,12,9,160,69,70,3.5714285
SUPER_1,26790000,46,3,4,53,19,27,22.857143
SUPER_1,26800000,149,10,7,166,77,72,8.294118
SUPER_1,26810000,130,9,8,147,65,65,16.235294
SUPER_1,26820000,124,10,10,144,65,59,14.55
SUPER_1,26830000,154,8,12,174,90,64,5.05
SUPER_1,26840000,195,10,14,219,110,85,6.4166665
SUPER_1,26850000,36,2,3,41,18,18,5
SUPER_1,26860000,87,5,9,101,46,41,11.142858
SUPER_1,26870000,199,11,10,220,110,89,46.42857
SUPER_1,26880000,126,7,10,143,67,59,6.7647057
SUPER_1,26890000,77,4,7,88,44,33,9.272727
SUPER_1,26900000,41,4,1,46,17,24,8
SUPER_1,26910000,141,6,5,152,61,80,3.5454545
SUPER_1,26920000,0,0,0,0,0,0,0
SUPER_1,26930000,0,0,0,0,0,0,0
SUPER_1,26940000,0,0,0,0,0,0,0
SUPER_1,26950000,36,3,0,39,22,14,5
SUPER_1,26960000,131,7,11,149,72,59,6.5555553
SUPER_1,26970000,44,2,3,49,21,23,8.8
SUPER_1,26980000,48,3,1,52,25,23,7.75
SUPER_1,26990000,43,6,2,51,19,24,6.375
SUPER_1,27000000,28,1,1,30,14,14,1.5
SUPER_1,27010000,26,3,3,32,14,12,4.8333335
SUPER_1,27020000,10,0,1,11,6,4,3
SUPER_1,27030000,56,2,5,63,28,28,9.714286
SUPER_1,27040000,12,2,2,16,8,4,5.25
SUPER_1,27050000,25,1,1,27,11,14,17.5
SUPER_1,27060000,167,14,11,192,77,90,4.76
SUPER_1,27070000,105,9,10,124,56,49,7.631579
SUPER_1,27080000,34,2,2,38,18,16,2
SUPER_1,27090000,22,2,2,26,13,9,2
SUPER_1,27100000,0,0,0,0,0,0,0
SUPER_1,27110000,0,0,0,0,0,0,0
SUPER_1,27120000,63,4,3,70,29,34,18.571428
SUPER_1,27130000,55,6,1,62,31,24,2.142857
SUPER_1,27140000,41,5,2,48,19,22,1.1428572
SUPER_1,27150000,0,0,0,0,0,0,0
SUPER_1,27160000,0,0,0,0,0,0,0
SUPER_1,27170000,0,0,0,0,0,0,0
SUPER_1,27180000,0,0,0,0,0,0,0
SUPER_1,27190000,0,0,0,0,0,0,0
SUPER_1,27200000,0,0,0,0,0,0,0
SUPER_1,27210000,3,1,2,6,1,2,1
SUPER_1,27220000,46,3,3,52,25,21,8.666667
SUPER_1,27230000,0,0,0,0,0,0,0
SUPER_1,27240000,0,0,0,0,0,0,0
SUPER_1,27250000,0,0,0,0,0,0,0
SUPER_1,27260000,0,0,0,0,0,0,0
SUPER_1,27270000,0,0,0,0,0,0,0
SUPER_1,27280000,0,0,0,0,0,0,0
SUPER_1,27290000,0,0,0,0,0,0,0
SUPER_1,27300000,0,0,0,0,0,0,0
SUPER_1,27310000,0,0,0,0,0,0,0
SUPER_1,27320000,0,0,0,0,0,0,0
SUPER_1,27330000,0,0,0,0,0,0,0
SUPER_1,27340000,0,0,0,0,0,0,0
SUPER_1,27350000,0,0,0,0,0,0,0
SUPER_1,27360000,0,0,0,0,0,0,0
SUPER_1,27370000,0,0,0,0,0,0,0
SUPER_1,27380000,0,0,0,0,0,0,0
SUPER_1,27390000,0,0,0,0,0,0,0
SUPER_1,27400000,0,0,0,0,0,0,0
SUPER_1,27410000,0,0,0,0,0,0,0
SUPER_1,27420000,0,0,0,0,0,0,0
SUPER_1,27430000,68,6,3,77,44,24,4.7777777
SUPER_1,27440000,0,0,1,1,0,0,2
SUPER_1,27450000,0,1,0,1,0,0,1
SUPER_1,27460000,43,0,3,46,27,16,6
SUPER_1,27470000,0,0,0,0,0,0,0
SUPER_1,27480000,0,0,0,0,0,0,0
SUPER_1,27490000,0,0,0,0,0,0,0
SUPER_1,27500000,0,0,0,0,0,0,0
SUPER_1,27510000,0,0,0,0,0,0,0
SUPER_1,27520000,0,0,0,0,0,0,0
SUPER_1,27530000,0,0,0,0,0,0,0
SUPER_1,27540000,38,4,6,48,17,21,4.2
SUPER_1,27550000,105,5,8,118,55,50,8.692307
SUPER_1,27560000,52,3,2,57,29,23,2.8
SUPER_1,27570000,63,2,6,71,30,33,2.125
SUPER_1,27580000,16,2,2,20,11,5,4.75
SUPER_1,27590000,17,0,1,18,12,5,88
SUPER_1,27600000,132,10,7,149,71,61,5.882353
SUPER_1,27610000,131,9,6,146,80,51,7.2
SUPER_1,27620000,68,4,8,80,37,31,4
SUPER_1,27630000,0,0,0,0,0,0,0
SUPER_1,27640000,0,0,0,0,0,0,0
SUPER_1,27650000,92,7,8,107,49,43,8.4
SUPER_1,27660000,35,2,3,40,15,20,9.4
SUPER_1,27670000,49,3,5,57,25,24,2.375
SUPER_1,27680000,0,0,0,0,0,0,0
SUPER_1,27690000,0,0,0,0,0,0,0
SUPER_1,27700000,107,10,9,126,52,55,6.263158
SUPER_1,27710000,0,0,0,0,0,0,0
SUPER_1,27720000,0,0,0,0,0,0,0
SUPER_1,27730000,0,0,0,0,0,0,0
SUPER_1,27740000,0,0,0,0,0,0,0
SUPER_1,27750000,0,0,0,0,0,0,0
SUPER_1,27760000,0,0,0,0,0,0,0
SUPER_1,27770000,32,1,2,35,15,17,1.3333334
SUPER_1,27780000,142,1,10,153,73,69,4.909091
SUPER_1,27790000,79,4,6,89,43,36,7.5
SUPER_1,27800000,84,5,8,97,37,47,7.6153846
SUPER_1,27810000,0,0,0,0,0,0,0
SUPER_1,27820000,0,0,0,0,0,0,0
SUPER_1,27830000,124,4,8,136,61,63,6
SUPER_1,27840000,73,3,4,80,45,28,6.571429
SUPER_1,27850000,111,6,4,121,72,39,54.2
SUPER_1,27860000,40,2,4,46,11,29,28.5
SUPER_1,27870000,49,5,2,56,32,17,3.2857144
SUPER_1,27880000,0,0,0,0,0,0,0
SUPER_1,27890000,0,0,0,0,0,0,0
SUPER_1,27900000,88,5,6,99,49,39,10.818182
SUPER_1,27910000,24,3,0,27,13,11,1
SUPER_1,27920000,18,3,2,23,9,9,8.6
SUPER_1,27930000,29,4,1,34,15,14,2.8
SUPER_1,27940000,19,2,1,22,6,13,3
SUPER_1,27950000,31,3,4,38,15,16,5.857143
SUPER_1,27960000,62,5,3,70,33,29,6.375
SUPER_1,27970000,64,7,5,76,29,35,26.416666
SUPER_1,27980000,20,1,0,21,9,11,3
SUPER_1,27990000,33,2,1,36,22,11,10.333333
SUPER_1,28000000,49,1,4,54,28,21,8.2
SUPER_1,28010000,19,1,1,21,10,9,2
SUPER_1,28020000,19,0,2,21,6,13,1
SUPER_1,28030000,17,2,0,19,10,7,3.5
SUPER_1,28040000,57,4,3,64,21,36,5.857143
SUPER_1,28050000,9,1,2,12,4,5,5.6666665
SUPER_1,28060000,13,1,2,16,7,6,11
SUPER_1,28070000,44,1,3,48,26,18,1.5
SUPER_1,28080000,30,3,1,34,16,14,4.75
SUPER_1,28090000,34,3,9,46,18,16,3.9166667
SUPER_1,28100000,24,3,2,29,17,7,14.8
SUPER_1,28110000,22,1,3,26,10,12,22.75
SUPER_1,28120000,34,4,0,38,16,18,1.75
SUPER_1,28130000,68,4,7,79,32,36,10.909091
SUPER_1,28140000,16,4,2,22,9,7,7.3333335
SUPER_1,28150000,50,3,3,56,30,20,6
SUPER_1,28160000,67,6,4,77,30,37,1.6
SUPER_1,28170000,30,0,0,30,16,14,NaN
SUPER_1,28180000,77,3,1,81,40,37,8.75
SUPER_1,28190000,50,1,7,58,18,32,20.75
SUPER_1,28200000,1,1,0,2,1,0,1
SUPER_1,28210000,79,10,5,94,43,36,7.0666666
SUPER_1,28220000,0,0,0,0,0,0,0
SUPER_1,28230000,0,0,0,0,0,0,0
SUPER_1,28240000,0,0,0,0,0,0,0
SUPER_1,28250000,0,0,0,0,0,0,0
SUPER_1,28260000,15,2,1,18,7,8,2
SUPER_1,28270000,43,4,4,51,17,26,8.25
SUPER_1,28280000,38,3,5,46,26,12,9.75
SUPER_1,28290000,112,6,5,123,57,55,5.5454545
SUPER_1,28300000,76,6,6,88,38,38,11.25
SUPER_1,28310000,0,0,0,0,0,0,0
SUPER_1,28320000,0,0,0,0,0,0,0
SUPER_1,28330000,34,3,1,38,17,17,8
SUPER_1,28340000,179,8,7,194,106,73,10.133333
SUPER_1,28350000,0,0,0,0,0,0,0
SUPER_1,28360000,0,0,0,0,0,0,0
SUPER_1,28370000,0,0,0,0,0,0,0
SUPER_1,28380000,0,0,0,0,0,0,0
SUPER_1,28390000,0,0,0,0,0,0,0
SUPER_1,28400000,219,18,11,248,116,103,5.793103
SUPER_1,28410000,85,5,6,96,44,41,6.181818
SUPER_1,28420000,0,0,0,0,0,0,0
SUPER_1,28430000,0,0,0,0,0,0,0
SUPER_1,28440000,156,15,7,178,74,82,4.2272725
SUPER_1,28450000,224,10,6,240,119,105,8.1875
SUPER_1,28460000,198,9,8,215,103,95,3
SUPER_1,28470000,124,6,2,132,62,62,7.5
SUPER_1,28480000,195,10,12,217,96,99,6.1363635
SUPER_1,28490000,76,7,6,89,38,38,3.4615386
SUPER_1,28500000,97,6,7,110,41,56,3.6923077
SUPER_1,28510000,125,4,3,132,66,58,5.857143
SUPER_1,28520000,115,8,8,131,56,59,6.375
SUPER_1,28530000,72,7,6,85,34,38,3.0769231
SUPER_1,28540000,88,7,14,109,39,49,10.714286
SUPER_1,28550000,118,11,6,135,63,55,6.8235292
SUPER_1,28560000,59,5,4,68,29,30,3.8888888
SUPER_1,28570000,75,4,2,81,49,26,1
SUPER_1,28580000,62,6,5,73,32,30,4.181818
SUPER_1,28590000,125,7,12,144,59,66,20.157894
SUPER_1,28600000,13,0,1,14,5,8,16
SUPER_1,28610000,5,2,0,7,2,3,2.5
SUPER_1,28620000,5,1,0,6,4,1,1
SUPER_1,28630000,1,0,0,1,0,1,NaN
SUPER_1,28640000,1,0,0,1,1,0,NaN
SUPER_1,28650000,5,0,0,5,4,1,NaN
SUPER_1,28660000,4,0,1,5,3,1,2
SUPER_1,28670000,0,0,0,0,0,0,0
SUPER_1,28680000,0,0,0,0,0,0,0
SUPER_1,28690000,4,2,0,6,2,2,3.5
SUPER_1,28700000,1,2,0,3,1,0,1.5
SUPER_1,28710000,1,1,1,3,0,1,1
SUPER_1,28720000,2,1,0,3,2,0,1
SUPER_1,28730000,3,0,0,3,1,2,NaN
SUPER_1,28740000,28,3,3,34,16,12,2.8333333
SUPER_1,28750000,38,4,4,46,16,22,7.125
SUPER_1,28760000,1,0,0,1,1,0,NaN
SUPER_1,28770000,11,2,1,14,3,8,1
SUPER_1,28780000,115,13,7,135,54,61,6.8
SUPER_1,28790000,68,4,8,80,34,34,5.0833335
SUPER_1,28800000,134,8,14,156,56,78,18.681818
SUPER_1,28810000,124,6,12,142,63,61,3
SUPER_1,28820000,119,12,7,138,60,59,6.263158
SUPER_1,28830000,161,12,12,185,83,78,4.4583335
SUPER_1,28840000,75,12,8,95,41,34,10.55
SUPER_1,28850000,24,4,3,31,9,15,2.4285715
SUPER_1,28860000,47,3,4,54,21,26,2.2857144
SUPER_1,28870000,124,7,14,145,72,52,9.666667
SUPER_1,28880000,60,8,5,73,33,27,3.9230769
SUPER_1,28890000,53,4,5,62,23,30,3.8888888
SUPER_1,28900000,98,11,6,115,36,62,2.8823528
SUPER_1,28910000,142,13,16,171,78,64,4.8965516
SUPER_1,28920000,81,3,4,88,44,37,2.7142856
SUPER_1,28930000,31,0,1,32,13,18,3
SUPER_1,28940000,5,0,0,5,2,3,NaN
SUPER_1,28950000,34,7,6,47,12,22,5.923077
SUPER_1,28960000,92,8,9,109,42,50,3.9411764
SUPER_1,28970000,162,10,10,182,71,91,4.25
SUPER_1,28980000,108,4,8,120,57,51,7.6666665
SUPER_1,28990000,41,2,4,47,15,26,7.5
SUPER_1,29000000,1,0,0,1,0,1,NaN
SUPER_1,29010000,121,9,4,134,55,66,25.384615
SUPER_1,29020000,11,2,2,15,8,3,10.5
SUPER_1,29030000,95,3,9,107,43,52,4.75
SUPER_1,29040000,118,11,13,142,64,54,7.3333335
SUPER_1,29050000,198,6,15,219,117,81,38.333332
SUPER_1,29060000,96,9,10,115,46,50,5.894737
SUPER_1,29070000,110,14,9,133,55,55,7.0869565
SUPER_1,29080000,222,18,18,258,107,115,6.6944447
SUPER_1,29090000,137,7,9,153,81,56,9.8125
SUPER_1,29100000,122,5,9,136,65,57,27
SUPER_1,29110000,140,10,10,160,65,75,3.35
SUPER_1,29120000,60,5,1,66,35,25,35.166668
SUPER_1,29130000,0,0,0,0,0,0,0
SUPER_1,29140000,0,0,0,0,0,0,0
SUPER_1,29150000,60,5,3,68,32,28,5.125
SUPER_1,29160000,69,8,9,86,41,28,4.7058825
SUPER_1,29170000,72,9,5,86,39,33,4.571429
SUPER_1,29180000,3,0,0,3,1,2,NaN
SUPER_1,29190000,7,0,0,7,5,2,NaN
SUPER_1,29200000,7,0,2,9,4,3,13.5
SUPER_1,29210000,1,0,0,1,0,1,NaN
SUPER_1,29220000,119,10,6,135,64,55,7.1875
SUPER_1,29230000,27,1,0,28,18,9,41
SUPER_1,29240000,19,2,4,25,13,6,4.1666665
SUPER_1,29250000,30,3,3,36,15,15,4.6666665
SUPER_1,29260000,91,10,5,106,46,45,8.6
SUPER_1,29270000,0,0,0,0,0,0,0
SUPER_1,29280000,0,0,0,0,0,0,0
SUPER_1,29290000,0,0,0,0,0,0,0
SUPER_1,29300000,0,0,0,0,0,0,0
SUPER_1,29310000,0,0,0,0,0,0,0
SUPER_1,29320000,0,0,0,0,0,0,0
SUPER_1,29330000,0,0,0,0,0,0,0
SUPER_1,29340000,0,0,0,0,0,0,0
SUPER_1,29350000,0,0,0,0,0,0,0
SUPER_1,29360000,0,0,0,0,0,0,0
SUPER_1,29370000,83,20,9,112,34,49,44.517242
SUPER_1,29380000,46,6,5,57,20,26,7.4545455
SUPER_1,29390000,22,0,1,23,12,10,2
SUPER_1,29400000,1,0,0,1,1,0,NaN
SUPER_1,29410000,36,4,3,43,19,17,4.428571
SUPER_1,29420000,67,4,9,80,35,32,3
SUPER_1,29430000,28,2,3,33,18,10,3
SUPER_1,29440000,129,5,8,142,69,60,3.7692308
SUPER_1,29450000,151,18,12,181,75,76,4.633333
SUPER_1,29460000,118,13,12,143,61,57,4.16
SUPER_1,29470000,116,11,12,139,54,62,3.1304348
SUPER_1,29480000,189,15,14,218,112,77,22
SUPER_1,29490000,108,17,12,137,50,58,4.0689654
SUPER_1,29500000,130,13,9,152,69,61,4.7727275
SUPER_1,29510000,134,12,11,157,74,60,3.6086957
SUPER_1,29520000,4,0,0,4,0,4,NaN
SUPER_1,29530000,67,3,4,74,32,35,2.142857
SUPER_1,29540000,153,13,19,185,68,85,6.59375
SUPER_1,29550000,0,0,0,0,0,0,0
SUPER_1,29560000,0,0,0,0,0,0,0
SUPER_1,29570000,5,1,0,6,4,1,16
SUPER_1,29580000,0,0,0,0,0,0,0
SUPER_1,29590000,0,0,0,0,0,0,0
SUPER_1,29600000,11,1,0,12,6,5,1
SUPER_1,29610000,1,0,0,1,0,1,NaN
SUPER_1,29620000,1,0,0,1,1,0,NaN
SUPER_1,29630000,1,1,1,3,0,1,6
SUPER_1,29640000,1,1,0,2,1,0,1
SUPER_1,29650000,3,0,1,4,0,3,1
SUPER_1,29660000,0,1,0,1,0,0,1
SUPER_1,29670000,2,0,0,2,2,0,NaN
SUPER_1,29680000,2,0,1,3,0,2,24
SUPER_1,29690000,12,1,0,13,6,6,1
SUPER_1,29700000,210,14,13,237,101,109,6.2222223
SUPER_1,29710000,104,8,4,116,57,47,2.5
SUPER_1,29720000,94,4,7,105,44,50,16.363636
SUPER_1,29730000,136,11,6,153,73,63,4.117647
SUPER_1,29740000,72,6,6,84,41,31,9
SUPER_1,29750000,126,9,13,148,51,75,8
SUPER_1,29760000,178,21,10,209,96,82,5.967742
SUPER_1,29770000,0,0,0,0,0,0,0
SUPER_1,29780000,0,0,0,0,0,0,0
SUPER_1,29790000,117,11,7,135,63,54,3.8888888
SUPER_1,29800000,147,12,12,171,82,65,6.2916665
SUPER_1,29810000,35,3,2,40,19,16,2.2
SUPER_1,29820000,70,5,1,76,35,35,2.3333333
SUPER_1,29830000,6,0,0,6,4,2,NaN
SUPER_1,29840000,16,0,3,19,11,5,4.6666665
SUPER_1,29850000,131,4,9,144,66,65,8.692307
SUPER_1,29860000,118,10,8,136,59,59,6.6666665
SUPER_1,29870000,7,1,0,8,3,4,1
SUPER_1,29880000,2,0,0,2,1,1,NaN
SUPER_1,29890000,0,0,0,0,0,0,0
SUPER_1,29900000,0,0,0,0,0,0,0
SUPER_1,29910000,0,0,0,0,0,0,0
SUPER_1,29920000,11,1,0,12,6,5,4
SUPER_1,29930000,8,0,0,8,3,5,NaN
SUPER_1,29940000,2,1,1,4,1,1,1
SUPER_1,29950000,1,0,1,2,0,1,5
SUPER_1,29960000,2,0,0,2,1,1,NaN
SUPER_1,29970000,0,0,0,0,0,0,0
SUPER_1,29980000,0,0,0,0,0,0,0
SUPER_1,29990000,6,3,0,9,4,2,23
SUPER_1,30000000,1,0,0,1,1,0,NaN
SUPER_1,30010000,27,3,2,32,13,14,9.6
SUPER_1,30020000,181,14,15,210,82,99,6.793103
SUPER_1,30030000,66,6,6,78,39,27,4.25
SUPER_1,30040000,36,1,5,42,19,17,2.8333333
SUPER_1,30050000,3,0,1,4,1,2,2
SUPER_1,30060000,144,8,6,158,77,67,2.9285715
SUPER_1,30070000,67,3,3,73,33,34,6
SUPER_1,30080000,39,2,0,41,21,18,4.5
SUPER_1,30090000,1,0,0,1,0,1,NaN
SUPER_1,30100000,1,0,0,1,0,1,NaN
SUPER_1,30110000,1,0,0,1,0,1,NaN
SUPER_1,30120000,5,1,0,6,2,3,21
SUPER_1,30130000,9,0,1,10,4,5,8
SUPER_1,30140000,12,0,4,16,6,6,3.5
SUPER_1,30150000,4,0,0,4,2,2,NaN
SUPER_1,30160000,78,9,4,91,42,36,4.230769
SUPER_1,30170000,120,10,7,137,69,51,3.8235295
SUPER_1,30180000,109,6,7,122,50,59,4.5384617
SUPER_1,30190000,101,5,7,113,51,50,7.5833335
SUPER_1,30200000,39,3,0,42,18,21,3.6666667
SUPER_1,30210000,46,1,0,47,25,21,9
SUPER_1,30220000,34,4,0,38,17,17,5
SUPER_1,30230000,5,0,0,5,2,3,NaN
SUPER_1,30240000,14,3,0,17,10,4,6
SUPER_1,30250000,37,2,6,45,22,15,3.625
SUPER_1,30260000,73,5,6,84,33,40,11.363636
SUPER_1,30270000,118,9,6,133,56,62,13.333333
SUPER_1,30280000,1,0,0,1,1,0,NaN
SUPER_1,30290000,2,1,0,3,1,1,7
SUPER_1,30300000,3,0,0,3,1,2,NaN
SUPER_1,30310000,2,0,0,2,1,1,NaN
SUPER_1,30320000,1,1,0,2,0,1,1
SUPER_1,30330000,2,0,0,2,1,1,NaN
SUPER_1,30340000,3,0,0,3,2,1,NaN
SUPER_1,30350000,2,0,1,3,0,2,1
SUPER_1,30360000,53,3,4,60,26,27,3.5714285
SUPER_1,30370000,46,3,2,51,17,29,4
SUPER_1,30380000,105,9,8,122,55,50,5.0588236
SUPER_1,30390000,123,8,18,149,54,69,7.076923
SUPER_1,30400000,47,2,3,52,22,25,10.4
SUPER_1,30410000,2,0,0,2,1,1,NaN
SUPER_1,30420000,129,9,6,144,60,69,6.133333
SUPER_1,30430000,197,7,3,207,93,104,4.9
SUPER_1,30440000,36,4,5,45,13,23,9.888889
SUPER_1,30450000,135,7,11,153,70,65,31.444445
SUPER_1,30460000,48,4,4,56,21,27,6.25
SUPER_1,30470000,90,4,11,105,40,50,4.266667
SUPER_1,30480000,82,9,6,97,37,45,10.266666
SUPER_1,30490000,134,16,10,160,71,63,6.8076925
SUPER_1,30500000,98,5,3,106,50,48,8.75
SUPER_1,30510000,138,10,15,163,68,70,17.88
SUPER_1,30520000,83,7,4,94,49,34,3.090909
SUPER_1,30530000,74,7,4,85,39,35,7
SUPER_1,30540000,76,4,5,85,40,36,11.555555
SUPER_1,30550000,113,6,5,124,43,70,6.909091
SUPER_1,30560000,163,5,14,182,78,85,8.684211
SUPER_1,30570000,68,6,6,80,36,32,3.25
SUPER_1,30580000,31,4,3,38,15,16,7.857143
SUPER_1,30590000,0,0,0,0,0,0,0
SUPER_1,30600000,0,0,0,0,0,0,0
SUPER_1,30610000,25,0,0,25,10,15,NaN
SUPER_1,30620000,118,17,6,141,70,48,6.695652
SUPER_1,30630000,81,6,6,93,43,38,4.3333335
SUPER_1,30640000,96,7,9,112,46,50,2.0625
SUPER_1,30650000,162,7,12,181,90,72,5.631579
SUPER_1,30660000,120,10,3,133,59,61,3
SUPER_1,30670000,81,7,4,92,38,43,16.90909
SUPER_1,30680000,139,10,10,159,65,74,8.45
SUPER_1,30690000,181,7,14,202,104,77,8.333333
SUPER_1,30700000,20,2,1,23,8,12,8.333333
SUPER_1,30710000,125,7,12,144,64,61,6
SUPER_1,30720000,102,7,9,118,49,53,4.375
SUPER_1,30730000,135,15,6,156,69,66,10.571428
SUPER_1,30740000,4,0,2,6,2,2,8
SUPER_1,30750000,9,1,2,12,5,4,17.333334
SUPER_1,30760000,5,1,0,6,4,1,2
SUPER_1,30770000,8,0,0,8,4,4,NaN
SUPER_1,30780000,1,0,0,1,1,0,NaN
SUPER_1,30790000,1,0,0,1,0,1,NaN
SUPER_1,30800000,2,0,0,2,1,1,NaN
SUPER_1,30810000,0,0,0,0,0,0,0
SUPER_1,30820000,0,0,0,0,0,0,0
SUPER_1,30830000,5,1,0,6,1,4,2
SUPER_1,30840000,1,0,0,1,0,1,NaN
SUPER_1,30850000,1,0,0,1,0,1,NaN
SUPER_1,30860000,0,0,0,0,0,0,0
SUPER_1,30870000,0,0,0,0,0,0,0
SUPER_1,30880000,2,0,0,2,2,0,NaN
SUPER_1,30890000,1,1,1,3,0,1,20.5
SUPER_1,30900000,1,0,0,1,1,0,NaN
SUPER_1,30910000,6,0,0,6,5,1,NaN
SUPER_1,30920000,5,0,0,5,3,2,NaN
SUPER_1,30930000,1,0,0,1,0,1,NaN
SUPER_1,30940000,1,0,0,1,1,0,NaN
SUPER_1,30950000,3,0,0,3,2,1,NaN
SUPER_1,30960000,71,2,4,77,32,39,47.833332
SUPER_1,30970000,156,7,8,171,90,66,80.333336
SUPER_1,30980000,10,2,0,12,3,7,8
SUPER_1,30990000,2,0,0,2,0,2,NaN
SUPER_1,31000000,2,1,0,3,2,0,1
SUPER_1,31010000,26,0,2,28,15,11,138
SUPER_1,31020000,98,11,9,118,40,58,3.05
SUPER_1,31030000,80,3,3,86,48,32,5.1666665
SUPER_1,31040000,105,6,7,118,46,59,4.6923075
SUPER_1,31050000,116,5,3,124,60,56,10.25
SUPER_1,31060000,81,3,11,95,44,37,13.5
SUPER_1,31070000,108,9,6,123,54,54,57.266666
SUPER_1,31080000,43,7,3,53,21,22,3.5
SUPER_1,31090000,169,12,8,189,84,85,10.95
SUPER_1,31100000,169,8,13,190,84,85,3.6666667
SUPER_1,31110000,88,11,7,106,49,39,5.611111
SUPER_1,31120000,195,14,16,225,91,104,10.833333
SUPER_1,31130000,119,8,6,133,53,66,9.785714
SUPER_1,31140000,60,4,9,73,26,34,5.3846154
SUPER_1,31150000,236,15,21,272,129,107,6.888889
SUPER_1,31160000,75,7,7,89,35,40,5.785714
SUPER_1,31170000,75,4,2,81,48,27,5.3333335
SUPER_1,31180000,81,12,7,100,39,42,8.105263
SUPER_1,31190000,1,0,0,1,1,0,NaN
SUPER_1,31200000,1,0,0,1,1,0,NaN
SUPER_1,31210000,25,0,2,27,16,9,1.5
SUPER_1,31220000,0,0,0,0,0,0,0
SUPER_1,31230000,0,0,0,0,0,0,0
SUPER_1,31240000,0,0,0,0,0,0,0
SUPER_1,31250000,0,0,0,0,0,0,0
SUPER_1,31260000,0,0,0,0,0,0,0
SUPER_1,31270000,104,10,7,121,50,54,2.6470587
SUPER_1,31280000,148,13,11,172,82,66,5.9583335
SUPER_1,31290000,111,8,3,122,50,61,5.6363635
SUPER_1,31300000,104,4,2,110,51,53,5
SUPER_1,31310000,93,6,11,110,45,48,32.764706
SUPER_1,31320000,181,4,10,195,94,87,5
SUPER_1,31330000,0,0,0,0,0,0,0
SUPER_1,31340000,0,0,0,0,0,0,0
SUPER_1,31350000,77,2,4,83,43,34,2.5
SUPER_1,31360000,167,18,24,209,86,81,5.595238
SUPER_1,31370000,193,9,13,215,101,92,37.954544
SUPER_1,31380000,105,7,8,120,53,52,3.9333334
SUPER_1,31390000,42,5,9,56,22,20,5.928571
SUPER_1,31400000,36,0,3,39,17,19,1.6666666
SUPER_1,31410000,122,7,8,137,67,55,4.5333333
SUPER_1,31420000,216,19,18,253,107,109,6.081081
SUPER_1,31430000,123,14,6,143,70,53,5.1
SUPER_1,31440000,86,4,8,98,38,48,11.166667
SUPER_1,31450000,119,4,3,126,69,50,4.285714
SUPER_1,31460000,101,7,6,114,57,44,7.076923
SUPER_1,31470000,122,7,5,134,59,63,7.25
SUPER_1,31480000,65,8,4,77,43,22,7.6666665
SUPER_1,31490000,152,7,9,168,86,66,4.8125
SUPER_1,31500000,86,4,7,97,42,44,4.3636365
SUPER_1,31510000,98,8,6,112,44,54,31.428572
SUPER_1,31520000,32,3,5,40,18,14,7.125
SUPER_1,31530000,237,23,12,272,121,116,5.857143
SUPER_1,31540000,213,15,12,240,111,102,4.6666665
SUPER_1,31550000,109,9,6,124,46,63,3.9333334
SUPER_1,31560000,124,6,9,139,68,56,9.866667
SUPER_1,31570000,146,11,8,165,83,63,7.5263157
SUPER_1,31580000,2,0,0,2,0,2,NaN
SUPER_1,31590000,25,1,1,27,12,13,4
SUPER_1,31600000,143,13,10,166,83,60,13.391304
SUPER_1,31610000,40,4,1,45,21,19,1
SUPER_1,31620000,4,3,1,8,2,2,3
SUPER_1,31630000,51,3,4,58,24,27,35.42857
SUPER_1,31640000,0,2,0,2,0,0,1
SUPER_1,31650000,81,7,3,91,40,41,5.5
SUPER_1,31660000,1,0,1,2,1,0,10
SUPER_1,31670000,1,0,0,1,0,1,NaN
SUPER_1,31680000,10,1,1,12,4,6,13.5
SUPER_1,31690000,3,1,1,5,0,3,3
SUPER_1,31700000,0,2,1,3,0,0,35.666668
SUPER_1,31710000,3,3,1,7,1,2,211.25
SUPER_1,31720000,1,0,0,1,0,1,NaN
SUPER_1,31730000,37,0,2,39,18,19,8
SUPER_1,31740000,125,11,9,145,71,54,5.1
SUPER_1,31750000,156,18,10,184,81,75,6.142857
SUPER_1,31760000,41,3,1,45,25,16,12.5
SUPER_1,31770000,138,16,12,166,75,63,5.821429
SUPER_1,31780000,0,0,0,0,0,0,0
SUPER_1,31790000,0,0,0,0,0,0,0
SUPER_1,31800000,0,0,0,0,0,0,0
SUPER_1,31810000,0,0,0,0,0,0,0
SUPER_1,31820000,144,5,9,158,81,63,19.428572
SUPER_1,31830000,54,1,5,60,24,30,5.5
SUPER_1,31840000,12,4,3,19,0,12,73.28571
SUPER_1,31850000,1,0,2,3,0,1,1
SUPER_1,31860000,38,6,4,48,28,10,11.2
SUPER_1,31870000,31,2,4,37,18,13,12
SUPER_1,31880000,145,4,10,159,82,63,8.285714
SUPER_1,31890000,34,0,2,36,12,22,1.5
SUPER_1,31900000,56,3,3,62,27,29,2.1666667
SUPER_1,31910000,32,3,6,41,14,18,12.333333
SUPER_1,31920000,82,8,4,94,50,32,2.5
SUPER_1,31930000,29,2,4,35,18,11,5.1666665
SUPER_1,31940000,120,11,12,143,61,59,3.9130435
SUPER_1,31950000,130,11,9,150,61,69,6.7
SUPER_1,31960000,122,5,8,135,70,52,20.461538
SUPER_1,31970000,179,14,7,200,85,94,9.380953
SUPER_1,31980000,164,8,8,180,90,74,5.0625
SUPER_1,31990000,98,1,10,109,57,41,8
SUPER_1,32000000,132,10,9,151,68,64,10.736842
SUPER_1,32010000,3,0,1,4,0,3,1
SUPER_1,32020000,54,3,8,65,22,32,6
SUPER_1,32030000,105,6,5,116,55,50,9.818182
SUPER_1,32040000,28,0,1,29,13,15,2
SUPER_1,32050000,0,0,0,0,0,0,0
SUPER_1,32060000,0,0,0,0,0,0,0
SUPER_1,32070000,4,2,0,6,1,3,1.5
SUPER_1,32080000,122,10,12,144,66,56,4.4545455
SUPER_1,32090000,127,6,14,147,63,64,6.85
SUPER_1,32100000,64,7,3,74,27,37,7.3
SUPER_1,32110000,3,0,0,3,1,2,NaN
SUPER_1,32120000,86,9,5,100,54,32,7.428571
SUPER_1,32130000,57,5,2,64,26,31,9.142858
SUPER_1,32140000,117,6,17,140,57,60,9.652174
SUPER_1,32150000,167,9,10,186,86,81,3.4210527
SUPER_1,32160000,141,10,10,161,76,65,7.5
SUPER_1,32170000,74,6,2,82,41,33,7.5
SUPER_1,32180000,81,1,3,85,41,40,50.25
SUPER_1,32190000,143,13,7,163,71,72,10.75
SUPER_1,32200000,143,15,10,168,71,72,7.96
SUPER_1,32210000,143,11,12,166,74,69,5.521739
SUPER_1,32220000,166,11,10,187,84,82,5.1904764
SUPER_1,32230000,175,7,9,191,85,90,9.1875
SUPER_1,32240000,124,7,9,140,61,63,9.1875
SUPER_1,32250000,87,8,8,103,40,47,10.3125
SUPER_1,32260000,61,2,8,71,26,35,14
SUPER_1,32270000,5,2,0,7,4,1,2
SUPER_1,32280000,1,0,0,1,1,0,NaN
SUPER_1,32290000,4,0,0,4,4,0,NaN
SUPER_1,32300000,4,1,2,7,1,3,12.666667
SUPER_1,32310000,13,1,0,14,7,6,2
SUPER_1,32320000,138,10,12,160,57,81,14.409091
SUPER_1,32330000,158,8,6,172,87,71,11.714286
SUPER_1,32340000,123,9,10,142,66,57,9.578947
SUPER_1,32350000,166,9,10,185,91,75,7.5263157
SUPER_1,32360000,85,9,7,101,47,38,19.3125
SUPER_1,32370000,109,13,9,131,59,50,9.954545
SUPER_1,32380000,94,10,5,109,54,40,6.2
SUPER_1,32390000,166,17,24,207,81,85,5
SUPER_1,32400000,100,7,13,120,48,52,5.75
SUPER_1,32410000,129,4,7,140,63,66,8.454545
SUPER_1,32420000,90,8,7,105,48,42,6.9333334
SUPER_1,32430000,83,5,6,94,44,39,7.909091
SUPER_1,32440000,86,3,5,94,40,46,3.5
SUPER_1,32450000,93,7,8,108,50,43,9.6
SUPER_1,32460000,37,3,8,48,19,18,5.6363635
SUPER_1,32470000,3,0,1,4,2,1,1
SUPER_1,32480000,80,4,4,88,49,31,6.125
SUPER_1,32490000,144,10,13,167,85,59,5.652174
SUPER_1,32500000,147,3,8,158,86,61,8.454545
SUPER_1,32510000,27,3,1,31,14,13,1.75
SUPER_1,32520000,166,18,13,197,85,81,10.451612
SUPER_1,32530000,145,8,12,165,70,75,14.45
SUPER_1,32540000,7,1,3,11,6,1,3
SUPER_1,32550000,5,0,1,6,0,5,1
SUPER_1,32560000,66,4,9,79,45,21,9.230769
SUPER_1,32570000,106,7,9,122,52,54,5.875
SUPER_1,32580000,93,10,8,111,48,45,5.2777777
SUPER_1,32590000,157,9,8,174,87,70,4.8235292
SUPER_1,32600000,111,9,12,132,41,70,9.523809
SUPER_1,32610000,115,10,4,129,52,63,9.071428
SUPER_1,32620000,84,7,9,100,42,42,5.8125
SUPER_1,32630000,21,1,2,24,8,13,1.3333334
SUPER_1,32640000,27,0,4,31,17,10,4.25
SUPER_1,32650000,103,7,9,119,56,47,8.3125
SUPER_1,32660000,110,3,4,117,55,55,3.7142856
SUPER_1,32670000,175,7,9,191,94,81,9.1875
SUPER_1,32680000,35,5,3,43,19,16,2.875
SUPER_1,32690000,38,5,3,46,17,21,3.375
SUPER_1,32700000,44,5,2,51,21,23,19.714285
SUPER_1,32710000,113,10,5,128,47,66,4
SUPER_1,32720000,98,8,11,117,50,48,5.8421054
SUPER_1,32730000,82,5,6,93,58,24,31
SUPER_1,32740000,105,10,10,125,52,53,8.5
SUPER_1,32750000,92,6,11,109,48,44,10.294118
SUPER_1,32760000,153,6,17,176,77,76,4.304348
SUPER_1,32770000,53,4,5,62,25,28,5.2222223
SUPER_1,32780000,37,4,1,42,19,18,9
SUPER_1,32790000,71,1,8,80,38,33,9.777778
SUPER_1,32800000,104,9,12,125,51,53,7.2380953
SUPER_1,32810000,0,0,0,0,0,0,0
SUPER_1,32820000,0,0,0,0,0,0,0
SUPER_1,32830000,208,11,22,241,94,114,5.242424
SUPER_1,32840000,62,8,7,77,21,41,2.8666666
SUPER_1,32850000,133,8,13,154,64,69,8.380953
SUPER_1,32860000,110,9,4,123,45,65,7.076923
SUPER_1,32870000,37,5,3,45,21,16,1.875
SUPER_1,32880000,169,11,10,190,81,88,8.285714
SUPER_1,32890000,128,9,11,148,61,67,30.05
SUPER_1,32900000,82,9,6,97,35,47,4.4
SUPER_1,32910000,50,9,7,66,27,23,4.4375
SUPER_1,32920000,48,8,2,58,27,21,19.5
SUPER_1,32930000,117,12,18,147,64,53,19.766666
SUPER_1,32940000,104,7,9,120,57,47,6.9375
SUPER_1,32950000,4,1,0,5,3,1,1
SUPER_1,32960000,1,1,0,2,1,0,7
SUPER_1,32970000,65,4,4,73,37,28,5.875
SUPER_1,32980000,70,4,2,76,43,27,5.3333335
SUPER_1,32990000,48,3,4,55,19,29,8
SUPER_1,33000000,83,4,4,91,42,41,1.625
SUPER_1,33010000,127,9,10,146,73,54,12.052631
SUPER_1,33020000,75,5,6,86,37,38,4.5454545
SUPER_1,33030000,55,1,1,57,30,25,1
SUPER_1,33040000,5,2,1,8,3,2,4.6666665
SUPER_1,33050000,56,7,4,67,25,31,51.18182
SUPER_1,33060000,64,5,6,75,31,33,9.454545
SUPER_1,33070000,47,4,4,55,22,25,4.5
SUPER_1,33080000,3,1,0,4,2,1,6
SUPER_1,33090000,2,0,0,2,0,2,NaN
SUPER_1,33100000,0,1,1,2,0,0,18.5
SUPER_1,33110000,163,9,16,188,82,81,6.32
SUPER_1,33120000,137,8,17,162,71,66,14.88
SUPER_1,33130000,124,7,6,137,46,78,4.923077
SUPER_1,33140000,196,17,14,227,91,105,10.645162
SUPER_1,33150000,27,0,2,29,11,16,9
SUPER_1,33160000,120,9,8,137,53,67,18.588236
SUPER_1,33170000,159,12,19,190,81,78,6.096774
SUPER_1,33180000,97,5,4,106,38,59,7.7777777
SUPER_1,33190000,39,1,6,46,18,21,10
SUPER_1,33200000,131,8,5,144,74,57,5.3846154
SUPER_1,33210000,146,11,10,167,80,66,6.095238
SUPER_1,33220000,125,9,9,143,61,64,6.888889
SUPER_1,33230000,19,3,5,27,6,13,1.875
SUPER_1,33240000,120,6,9,135,59,61,9.533334
SUPER_1,33250000,128,14,5,147,62,66,8.736842
SUPER_1,33260000,123,6,13,142,62,61,6.8421054
SUPER_1,33270000,92,5,8,105,49,43,6.3846154
SUPER_1,33280000,2,0,0,2,2,0,NaN
SUPER_1,33290000,25,1,3,29,12,13,1.25
SUPER_1,33300000,120,14,11,145,63,57,8.16
SUPER_1,33310000,135,10,9,154,75,60,4.263158
SUPER_1,33320000,64,2,5,71,34,30,7.285714
SUPER_1,33330000,113,7,12,132,61,52,7.3157897
SUPER_1,33340000,57,4,6,67,27,30,3.3
SUPER_1,33350000,56,4,6,66,32,24,5.4
SUPER_1,33360000,0,1,0,1,0,0,1
SUPER_1,33370000,19,3,3,25,15,4,11.166667
SUPER_1,33380000,116,3,13,132,60,56,23.125
SUPER_1,33390000,139,7,16,162,65,74,8.869565
SUPER_1,33400000,174,9,15,198,79,95,18.708334
SUPER_1,33410000,153,11,8,172,69,84,12.421053
SUPER_1,33420000,187,14,20,221,94,93,4.6764708
SUPER_1,33430000,173,10,14,197,75,98,2.7083333
SUPER_1,33440000,157,13,11,181,71,86,18.666666
SUPER_1,33450000,122,9,12,143,67,55,4.4761906
SUPER_1,33460000,93,9,1,103,42,51,2.9
SUPER_1,33470000,100,3,6,109,52,48,3.6666667
SUPER_1,33480000,103,3,15,121,53,50,12.111111
SUPER_1,33490000,63,5,5,73,38,25,2.7
SUPER_1,33500000,35,1,7,43,15,20,4.25
SUPER_1,33510000,136,9,9,154,70,66,8.166667
SUPER_1,33520000,116,7,13,136,63,53,7.3
SUPER_1,33530000,92,5,5,102,46,46,2
SUPER_1,33540000,72,5,6,83,38,34,4
SUPER_1,33550000,57,4,5,66,23,34,7.3333335
SUPER_1,33560000,140,10,6,156,74,66,4.9375
SUPER_1,33570000,120,11,12,143,63,57,4.9130435
SUPER_1,33580000,50,5,2,57,29,21,4.142857
SUPER_1,33590000,132,9,10,151,70,62,4.1578946
SUPER_1,33600000,134,9,11,154,69,65,7.75
SUPER_1,33610000,116,7,7,130,57,59,11.142858
SUPER_1,33620000,90,11,8,109,51,39,7.894737
SUPER_1,33630000,145,17,11,173,64,81,9.142858
SUPER_1,33640000,133,12,11,156,62,71,58.173912
SUPER_1,33650000,149,6,9,164,80,69,15.533334
SUPER_1,33660000,52,5,7,64,21,31,2.9166667
SUPER_1,33670000,2,1,1,4,2,0,6
SUPER_1,33680000,54,3,8,65,22,32,4.909091
SUPER_1,33690000,48,2,1,51,23,25,1.3333334
SUPER_1,33700000,82,4,7,93,39,43,2.7272727
SUPER_1,33710000,168,10,16,194,82,86,18.423077
SUPER_1,33720000,84,7,6,97,37,47,7.5384617
SUPER_1,33730000,83,8,17,108,40,43,11.24
SUPER_1,33740000,124,10,18,152,54,70,3.4285715
SUPER_1,33750000,64,5,2,71,39,25,5.142857
SUPER_1,33760000,120,9,10,139,58,62,5.4210525
SUPER_1,33770000,151,6,12,169,78,73,11.777778
SUPER_1,33780000,67,4,2,73,30,37,2.1666667
SUPER_1,33790000,95,7,8,110,49,46,10.266666
SUPER_1,33800000,83,9,9,101,48,35,22.166666
SUPER_1,33810000,111,14,8,133,59,52,4.5
SUPER_1,33820000,1,0,0,1,1,0,NaN
SUPER_1,33830000,99,0,11,110,59,40,12.545455
SUPER_1,33840000,1,1,1,3,1,0,4
SUPER_1,33850000,79,10,7,96,45,34,4.117647
SUPER_1,33860000,15,0,0,15,5,10,NaN
SUPER_1,33870000,39,2,3,44,19,20,8.2
SUPER_1,33880000,162,9,14,185,77,85,5
SUPER_1,33890000,93,7,9,109,39,54,1.9375
SUPER_1,33900000,5,1,0,6,2,3,1
SUPER_1,33910000,2,1,0,3,1,1,4
SUPER_1,33920000,2,0,1,3,1,1,1
SUPER_1,33930000,9,0,1,10,3,6,12
SUPER_1,33940000,77,3,4,84,44,33,21.857143
SUPER_1,33950000,73,5,2,80,39,34,14
SUPER_1,33960000,137,10,14,161,77,60,19.375
SUPER_1,33970000,70,4,1,75,31,39,2.4
SUPER_1,33980000,78,3,10,91,45,33,16.076923
SUPER_1,33990000,156,10,8,174,78,78,2.9444444
SUPER_1,34000000,72,6,5,83,41,31,6.818182
SUPER_1,34010000,75,2,5,82,42,33,7.571429
SUPER_1,34020000,121,8,8,137,63,58,18.0625
SUPER_1,34030000,159,7,12,178,85,74,25.157894
SUPER_1,34040000,100,6,10,116,50,50,22.875
SUPER_1,34050000,125,5,18,148,55,70,15.478261
SUPER_1,34060000,62,4,7,73,32,30,7.909091
SUPER_1,34070000,2,1,0,3,0,2,2
SUPER_1,34080000,3,1,1,5,2,1,1.5
SUPER_1,34090000,2,0,1,3,0,2,4
SUPER_1,34100000,112,10,6,128,62,50,8.125
SUPER_1,34110000,105,21,10,136,50,55,11.645162
SUPER_1,34120000,16,4,3,23,7,9,6
SUPER_1,34130000,66,5,3,74,36,30,6.5
SUPER_1,34140000,168,15,11,194,101,67,8.461538
SUPER_1,34150000,205,10,14,229,99,106,7.75
SUPER_1,34160000,55,4,6,65,31,24,6.8
SUPER_1,34170000,49,5,4,58,21,28,2
SUPER_1,34180000,53,2,3,58,31,22,2.6
SUPER_1,34190000,130,11,6,147,65,65,7.117647
SUPER_1,34200000,171,15,18,204,98,73,5.151515
SUPER_1,34210000,127,4,11,142,66,61,12.733334
SUPER_1,34220000,171,6,14,191,101,70,5.6
SUPER_1,34230000,173,15,8,196,87,86,4.7826085
SUPER_1,34240000,0,0,0,0,0,0,0
SUPER_1,34250000,0,0,0,0,0,0,0
SUPER_1,34260000,259,8,22,289,128,131,5.366667
SUPER_1,34270000,112,8,6,126,60,52,9.214286
SUPER_1,34280000,107,6,9,122,58,49,7
SUPER_1,34290000,110,3,11,124,60,50,4.857143
SUPER_1,34300000,38,3,4,45,16,22,4
SUPER_1,34310000,13,1,0,14,5,8,1
SUPER_1,34320000,82,1,4,87,46,36,9.8
SUPER_1,34330000,37,8,2,47,19,18,6.9
SUPER_1,34340000,101,4,15,120,52,49,9.631579
SUPER_1,34350000,51,5,4,60,26,25,6.6666665
SUPER_1,34360000,1,2,2,5,0,1,5
SUPER_1,34370000,4,0,1,5,2,2,2
SUPER_1,34380000,2,0,1,3,1,1,1
SUPER_1,34390000,1,1,0,2,0,1,1
SUPER_1,34400000,28,4,4,36,14,14,6.875
SUPER_1,34410000,67,5,4,76,30,37,1.4444444
SUPER_1,34420000,49,5,6,60,28,21,7
SUPER_1,34430000,71,10,6,87,34,37,4.8125
SUPER_1,34440000,141,13,13,167,88,53,5.576923
SUPER_1,34450000,61,9,5,75,30,31,5.357143
SUPER_1,34460000,6,0,0,6,2,4,NaN
SUPER_1,34470000,62,4,5,71,38,24,4.7777777
SUPER_1,34480000,113,13,12,138,53,60,4.6
SUPER_1,34490000,124,10,10,144,63,61,6.95
SUPER_1,34500000,99,15,8,122,46,53,8
SUPER_1,34510000,53,2,2,57,28,25,13.75
SUPER_1,34520000,142,12,10,164,73,69,6.2272725
SUPER_1,34530000,0,0,0,0,0,0,0
SUPER_1,34540000,0,0,0,0,0,0,0
SUPER_1,34550000,38,2,4,44,13,25,10.333333
SUPER_1,34560000,88,5,5,98,48,40,8.9
SUPER_1,34570000,0,0,0,0,0,0,0
SUPER_1,34580000,0,0,0,0,0,0,0
SUPER_1,34590000,88,9,10,107,46,42,10.368421
SUPER_1,34600000,102,4,3,109,52,50,11.142858
SUPER_1,34610000,100,8,4,112,44,56,2.8333333
SUPER_1,34620000,167,14,17,198,73,94,6.935484
SUPER_1,34630000,155,10,11,176,74,81,14.095238
SUPER_1,34640000,162,7,11,180,83,79,6
SUPER_1,34650000,44,6,1,51,22,22,4.428571
SUPER_1,34660000,31,1,3,35,15,16,10.25
SUPER_1,34670000,1,0,0,1,1,0,NaN
SUPER_1,34680000,0,0,0,0,0,0,0
SUPER_1,34690000,0,0,0,0,0,0,0
SUPER_1,34700000,2,1,0,3,2,0,2
SUPER_1,34710000,66,5,4,75,35,31,10.666667
SUPER_1,34720000,130,5,13,148,68,62,6.7222223
SUPER_1,34730000,30,2,7,39,16,14,4.6666665
SUPER_1,34740000,98,8,13,119,45,53,3
SUPER_1,34750000,87,7,5,99,37,50,10.583333
SUPER_1,34760000,37,0,5,42,22,15,12.4
SUPER_1,34770000,16,3,1,20,10,6,4.75
SUPER_1,34780000,85,4,8,97,35,50,10.166667
SUPER_1,34790000,97,9,6,112,49,48,23.333334
SUPER_1,34800000,33,1,2,36,19,14,10
SUPER_1,34810000,94,8,5,107,49,45,3.3846154
SUPER_1,34820000,223,20,13,256,130,93,15.212121
SUPER_1,34830000,41,4,3,48,20,21,5.857143
SUPER_1,34840000,100,9,8,117,52,48,5.4117646
SUPER_1,34850000,63,1,10,74,30,33,4.7272725
SUPER_1,34860000,66,4,7,77,35,31,3.5454545
SUPER_1,34870000,50,3,3,56,32,18,16
SUPER_1,34880000,199,11,17,227,92,107,3.75
SUPER_1,34890000,152,15,14,181,69,83,7.62069
SUPER_1,34900000,154,14,14,182,77,77,6.25
SUPER_1,34910000,150,6,12,168,69,81,8.055555
SUPER_1,34920000,126,9,8,143,59,67,9.882353
SUPER_1,34930000,171,17,16,204,80,91,10.121212
SUPER_1,34940000,84,5,8,97,41,43,6.4615383
SUPER_1,34950000,41,2,2,45,21,20,10.25
SUPER_1,34960000,161,17,14,192,81,80,3.903226
SUPER_1,34970000,133,9,8,150,63,70,10.176471
SUPER_1,34980000,62,3,6,71,30,32,5.2222223
SUPER_1,34990000,6,0,0,6,3,3,NaN
SUPER_1,35000000,87,6,8,101,51,36,28.857143
SUPER_1,35010000,95,7,8,110,44,51,7.5333333
SUPER_1,35020000,173,12,18,203,85,88,7.6
SUPER_1,35030000,20,4,0,24,11,9,4.75
SUPER_1,35040000,55,1,6,62,32,23,8.571428
SUPER_1,35050000,166,12,10,188,96,70,6.1363635
SUPER_1,35060000,142,17,21,180,64,78,10.842105
SUPER_1,35070000,1,0,0,1,1,0,NaN
SUPER_1,35080000,50,4,0,54,31,19,4.75
SUPER_1,35090000,65,8,3,76,36,29,8.272727
SUPER_1,35100000,36,3,3,42,17,19,2.1666667
SUPER_1,35110000,66,6,11,83,35,31,25.17647
SUPER_1,35120000,154,2,18,174,76,78,5.55
SUPER_1,35130000,112,6,7,125,60,52,4.6923075
SUPER_1,35140000,130,10,8,148,55,75,14.666667
SUPER_1,35150000,139,5,12,156,79,60,12.470589
SUPER_1,35160000,105,11,9,125,38,67,3.6
SUPER_1,35170000,78,4,5,87,39,39,6.4444447
SUPER_1,35180000,0,1,0,1,0,0,2
SUPER_1,35190000,1,0,1,2,0,1,1
SUPER_1,35200000,101,9,13,123,50,51,4.8636365
SUPER_1,35210000,149,13,20,182,69,80,20.39394
SUPER_1,35220000,26,7,2,35,14,12,3.5555556
SUPER_1,35230000,149,13,13,175,81,68,6.6538463
SUPER_1,35240000,65,7,9,81,29,36,7.875
SUPER_1,35250000,48,5,2,55,28,20,3.5714285
SUPER_1,35260000,115,5,14,134,56,59,28.894737
SUPER_1,35270000,0,0,0,0,0,0,0
SUPER_1,35280000,0,0,0,0,0,0,0
SUPER_1,35290000,47,8,4,59,31,16,57.333332
SUPER_1,35300000,3,0,0,3,0,3,NaN
SUPER_1,35310000,1,1,0,2,1,0,1
SUPER_1,35320000,24,1,3,28,14,10,51.25
SUPER_1,35330000,5,0,0,5,0,5,NaN
SUPER_1,35340000,83,17,6,106,36,47,11.565217
SUPER_1,35350000,127,6,8,141,68,59,3.857143
SUPER_1,35360000,68,0,3,71,38,30,31
SUPER_1,35370000,106,6,11,123,51,55,7.470588
SUPER_1,35380000,75,8,10,93,34,41,3.7222223
SUPER_1,35390000,93,10,9,112,54,39,2.8947368
SUPER_1,35400000,128,8,10,146,54,74,3.2777777
SUPER_1,35410000,147,16,12,175,71,76,8.107142
SUPER_1,35420000,139,10,6,155,61,78,3.125
SUPER_1,35430000,92,5,10,107,50,42,5.4
SUPER_1,35440000,33,2,5,40,12,21,5.142857
SUPER_1,35450000,7,0,1,8,6,1,4
SUPER_1,35460000,1,0,0,1,1,0,NaN
SUPER_1,35470000,2,0,0,2,0,2,NaN
SUPER_1,35480000,6,0,1,7,2,4,2
SUPER_1,35490000,17,1,1,19,12,5,14
SUPER_1,35500000,78,6,3,87,40,38,8.555555
SUPER_1,35510000,124,2,13,139,61,63,3.6666667
SUPER_1,35520000,49,5,3,57,18,31,7.625
SUPER_1,35530000,132,12,17,161,55,77,8.862069
SUPER_1,35540000,146,10,13,169,58,88,8.608696
SUPER_1,35550000,103,13,9,125,54,49,6.909091
SUPER_1,35560000,97,10,12,119,52,45,9.772727
SUPER_1,35570000,116,11,15,142,57,59,4.769231
SUPER_1,35580000,0,0,0,0,0,0,0
SUPER_1,35590000,0,0,0,0,0,0,0
SUPER_1,35600000,47,3,3,53,23,24,3.8333333
SUPER_1,35610000,0,0,1,1,0,0,1
SUPER_1,35620000,0,0,1,1,0,0,8
SUPER_1,35630000,2,0,0,2,2,0,NaN
SUPER_1,35640000,5,0,0,5,2,3,NaN
SUPER_1,35650000,187,14,21,222,100,87,27.22857
SUPER_1,35660000,114,7,10,131,51,63,7.352941
SUPER_1,35670000,6,2,0,8,2,4,2.5
SUPER_1,35680000,95,10,9,114,43,52,25.31579
SUPER_1,35690000,150,13,18,181,90,60,5.677419
SUPER_1,35700000,69,6,2,77,43,26,7.75
SUPER_1,35710000,31,2,0,33,16,15,5.5
SUPER_1,35720000,40,3,5,48,19,21,10.25
SUPER_1,35730000,60,2,4,66,25,35,3.8333333
SUPER_1,35740000,54,3,4,61,19,35,4.857143
SUPER_1,35750000,2,1,0,3,0,2,1
SUPER_1,35760000,48,6,6,60,23,25,13.5
SUPER_1,35770000,68,3,8,79,39,29,7.181818
SUPER_1,35780000,126,10,8,144,54,72,4.2777777
SUPER_1,35790000,117,13,11,141,56,61,6.2083335
SUPER_1,35800000,117,9,9,135,68,49,5.8333335
SUPER_1,35810000,71,10,6,87,35,36,3.875
SUPER_1,35820000,69,8,4,81,36,33,21.75
SUPER_1,35830000,141,16,13,170,71,70,9.137931
SUPER_1,35840000,154,17,15,186,62,92,8.1875
SUPER_1,35850000,51,2,1,54,25,26,4.3333335
SUPER_1,35860000,145,13,15,173,71,74,8.25
SUPER_1,35870000,183,12,10,205,101,82,20.863636
SUPER_1,35880000,80,3,15,98,33,47,6.6666665
SUPER_1,35890000,25,1,2,28,14,11,1
SUPER_1,35900000,164,12,13,189,68,96,32.96
SUPER_1,35910000,115,3,7,125,58,57,9.6
SUPER_1,35920000,60,5,5,70,25,35,2.8
SUPER_1,35930000,42,2,7,51,19,23,7.888889
SUPER_1,35940000,0,0,0,0,0,0,0
SUPER_1,35950000,0,0,0,0,0,0,0
SUPER_1,35960000,63,6,7,76,34,29,2.8461537
SUPER_1,35970000,106,10,9,125,58,48,6.9473686
SUPER_1,35980000,137,5,10,152,62,75,6
SUPER_1,35990000,46,1,0,47,25,21,4
SUPER_1,36000000,120,6,18,144,59,61,4.875
SUPER_1,36010000,91,5,10,106,50,41,18.666666
SUPER_1,36020000,118,9,8,135,63,55,6.0588236
SUPER_1,36030000,4,2,0,6,1,3,2
SUPER_1,36040000,0,0,0,0,0,0,0
SUPER_1,36050000,0,0,0,0,0,0,0
SUPER_1,36060000,0,0,0,0,0,0,0
SUPER_1,36070000,158,11,17,186,81,77,7.678571
SUPER_1,36080000,80,7,3,90,45,35,10.6
SUPER_1,36090000,14,0,1,15,8,6,1
SUPER_1,36100000,65,8,3,76,34,31,10.090909
SUPER_1,36110000,82,4,5,91,49,33,19.444445
SUPER_1,36120000,143,13,8,164,69,74,14.523809
SUPER_1,36130000,81,5,7,93,40,41,4.6666665
SUPER_1,36140000,94,5,10,109,47,47,10.666667
SUPER_1,36150000,41,4,4,49,26,15,4.875
SUPER_1,36160000,96,6,5,107,49,47,3.090909
SUPER_1,36170000,59,8,3,70,23,36,2.6363637
SUPER_1,36180000,43,3,3,49,21,22,4.1666665
SUPER_1,36190000,199,14,7,220,107,92,6.3333335
SUPER_1,36200000,154,7,8,169,70,84,8.066667
SUPER_1,36210000,3,0,1,4,1,2,135
SUPER_1,36220000,1,0,0,1,1,0,NaN
SUPER_1,36230000,3,0,0,3,2,1,NaN
SUPER_1,36240000,64,2,8,74,29,35,3.6
SUPER_1,36250000,147,6,13,166,74,73,6.263158
SUPER_1,36260000,15,1,1,17,6,9,1
SUPER_1,36270000,72,5,7,84,47,25,3.0833333
SUPER_1,36280000,81,7,5,93,36,45,3.0833333
SUPER_1,36290000,87,3,11,101,46,41,4.857143
SUPER_1,36300000,22,1,2,25,10,12,5.6666665
SUPER_1,36310000,44,7,4,55,26,18,6.181818
SUPER_1,36320000,115,9,8,132,58,57,5.0588236
SUPER_1,36330000,29,5,0,34,15,14,6
SUPER_1,36340000,0,0,0,0,0,0,0
SUPER_1,36350000,0,0,0,0,0,0,0
SUPER_1,36360000,41,1,2,44,15,26,7
SUPER_1,36370000,0,0,0,0,0,0,0
SUPER_1,36380000,0,0,0,0,0,0,0
SUPER_1,36390000,13,1,1,15,6,7,1
SUPER_1,36400000,44,2,1,47,20,24,4.3333335
SUPER_1,36410000,96,7,6,109,50,46,18
SUPER_1,36420000,1,0,0,1,1,0,NaN
SUPER_1,36430000,0,1,0,1,0,0,1
SUPER_1,36440000,0,0,0,0,0,0,0
SUPER_1,36450000,0,0,0,0,0,0,0
SUPER_1,36460000,3,0,1,4,1,2,2
SUPER_1,36470000,0,0,0,0,0,0,0
SUPER_1,36480000,0,0,0,0,0,0,0
SUPER_1,36490000,5,0,1,6,2,3,2
SUPER_1,36500000,29,0,2,31,15,14,2
SUPER_1,36510000,112,12,8,132,59,53,4.6
SUPER_1,36520000,2,2,0,4,1,1,1
SUPER_1,36530000,52,1,6,59,37,15,22.285715
SUPER_1,36540000,10,1,0,11,5,5,2
SUPER_1,36550000,4,2,1,7,2,2,5.3333335
SUPER_1,36560000,84,1,6,91,51,33,13.857142
SUPER_1,36570000,90,5,9,104,46,44,5.071429
SUPER_1,36580000,193,20,15,228,100,93,8.057143
SUPER_1,36590000,50,2,4,56,28,22,2
SUPER_1,36600000,112,9,12,133,60,52,7.5238094
SUPER_1,36610000,64,2,5,71,26,38,3.4285715
SUPER_1,36620000,46,6,1,53,24,22,4.428571
SUPER_1,36630000,196,11,12,219,106,90,5.6086955
SUPER_1,36640000,76,4,3,83,42,34,18.571428
SUPER_1,36650000,114,6,8,128,55,59,6.928571
SUPER_1,36660000,112,11,6,129,58,54,8.823529
SUPER_1,36670000,124,7,11,142,61,63,5.3333335
SUPER_1,36680000,158,7,8,173,78,80,2.1333334
SUPER_1,36690000,35,7,2,44,13,22,3
SUPER_1,36700000,59,3,5,67,32,27,6
SUPER_1,36710000,0,0,1,1,0,0,1
SUPER_1,36720000,118,2,11,131,64,54,56.846153
SUPER_1,36730000,115,5,8,128,65,50,10.076923
SUPER_1,36740000,108,11,9,128,57,51,14
SUPER_1,36750000,84,7,5,96,40,44,2.6666667
SUPER_1,36760000,94,6,6,106,59,35,3.25
SUPER_1,36770000,83,5,5,93,39,44,4
SUPER_1,36780000,113,4,7,124,72,41,11.818182
SUPER_1,36790000,132,4,10,146,66,66,5.214286
SUPER_1,36800000,0,0,0,0,0,0,0
SUPER_1,36810000,0,0,0,0,0,0,0
SUPER_1,36820000,50,3,5,58,25,25,3.5
SUPER_1,36830000,136,13,8,157,72,64,7.6190476
SUPER_1,36840000,116,9,8,133,57,59,7.470588
SUPER_1,36850000,117,8,10,135,57,60,29.5
SUPER_1,36860000,148,8,14,170,76,72,7.3636365
SUPER_1,36870000,145,11,11,167,62,83,16.59091
SUPER_1,36880000,191,6,13,210,101,90,7.7894735
SUPER_1,36890000,3,0,0,3,2,1,NaN
SUPER_1,36900000,4,1,1,6,2,2,3.5
SUPER_1,36910000,19,1,1,21,8,11,79.5
SUPER_1,36920000,161,11,5,177,80,81,3.5625
SUPER_1,36930000,84,4,7,95,43,41,3.7272727
SUPER_1,36940000,32,4,4,40,17,15,6
SUPER_1,36950000,66,7,6,79,31,35,4.3846154
SUPER_1,36960000,202,14,10,226,113,89,6.9583335
SUPER_1,36970000,131,7,10,148,78,53,11.176471
SUPER_1,36980000,30,2,2,34,19,11,38.5
SUPER_1,36990000,16,3,0,19,8,8,4.6666665
SUPER_1,37000000,49,1,2,52,30,19,3.6666667
SUPER_1,37010000,2,0,1,3,2,0,2
SUPER_1,37020000,3,0,0,3,1,2,NaN
SUPER_1,37030000,3,1,0,4,2,1,2
SUPER_1,37040000,5,0,0,5,2,3,NaN
SUPER_1,37050000,52,4,5,61,25,27,123.333336
SUPER_1,37060000,58,7,8,73,30,28,9.733334
SUPER_1,37070000,42,3,2,47,18,24,3.2
SUPER_1,37080000,84,8,7,99,43,41,9.866667
SUPER_1,37090000,138,12,18,168,65,73,16.066668
SUPER_1,37100000,78,11,12,101,34,44,3.4347825
SUPER_1,37110000,110,9,10,129,67,43,12.052631
SUPER_1,37120000,137,6,12,155,71,66,8.222222
SUPER_1,37130000,80,4,6,90,32,48,2.4
SUPER_1,37140000,2,0,0,2,0,2,NaN
SUPER_1,37150000,4,0,0,4,0,4,NaN
SUPER_1,37160000,10,3,4,17,4,6,3.4285715
SUPER_1,37170000,0,0,0,0,0,0,0
SUPER_1,37180000,0,0,0,0,0,0,0
SUPER_1,37190000,0,0,0,0,0,0,0
SUPER_1,37200000,0,0,0,0,0,0,0
SUPER_1,37210000,4,1,1,6,1,3,1
SUPER_1,37220000,5,0,0,5,3,2,NaN
SUPER_1,37230000,1,1,1,3,0,1,3.5
SUPER_1,37240000,2,0,1,3,2,0,2
SUPER_1,37250000,1,0,0,1,0,1,NaN
SUPER_1,37260000,64,4,4,72,26,38,4.625
SUPER_1,37270000,63,5,2,70,31,32,6
SUPER_1,37280000,49,3,3,55,24,25,7
SUPER_1,37290000,2,0,0,2,1,1,NaN
SUPER_1,37300000,76,8,6,90,43,33,7.5
SUPER_1,37310000,110,10,11,131,60,50,40
SUPER_1,37320000,47,7,4,58,24,23,4.090909
SUPER_1,37330000,28,1,2,31,13,15,1.3333334
SUPER_1,37340000,52,2,2,56,29,23,1
SUPER_1,37350000,65,6,3,74,37,28,5.6666665
SUPER_1,37360000,0,0,0,0,0,0,0
SUPER_1,37370000,0,0,0,0,0,0,0
SUPER_1,37380000,57,7,9,73,32,25,4
SUPER_1,37390000,1,0,0,1,1,0,NaN
SUPER_1,37400000,80,3,5,88,48,32,25.125
SUPER_1,37410000,86,6,2,94,47,39,8.875
SUPER_1,37420000,56,3,3,62,25,31,4
SUPER_1,37430000,74,6,1,81,37,37,3.5714285
SUPER_1,37440000,28,1,2,31,12,16,1.6666666
SUPER_1,37450000,0,0,1,1,0,0,2
SUPER_1,37460000,5,0,1,6,4,1,16
SUPER_1,37470000,118,8,10,136,59,59,4.888889
SUPER_1,37480000,100,3,8,111,50,50,3.3636363
SUPER_1,37490000,0,0,0,0,0,0,0
SUPER_1,37500000,0,0,0,0,0,0,0
SUPER_1,37510000,0,0,0,0,0,0,0
SUPER_1,37520000,92,7,3,102,45,47,3.4
SUPER_1,37530000,1,0,1,2,1,0,12
SUPER_1,37540000,0,0,0,0,0,0,0
SUPER_1,37550000,0,0,0,0,0,0,0
SUPER_1,37560000,0,0,0,0,0,0,0
SUPER_1,37570000,0,0,0,0,0,0,0
SUPER_1,37580000,0,0,0,0,0,0,0
SUPER_1,37590000,82,5,1,88,39,43,8.666667
SUPER_1,37600000,3,0,1,4,1,2,2
SUPER_1,37610000,85,8,8,101,45,40,6.5625
SUPER_1,37620000,97,4,11,112,53,44,12
SUPER_1,37630000,19,1,0,20,12,7,11
SUPER_1,37640000,60,2,0,62,36,24,4
SUPER_1,37650000,0,0,0,0,0,0,0
SUPER_1,37660000,0,0,0,0,0,0,0
SUPER_1,37670000,0,0,0,0,0,0,0
SUPER_1,37680000,256,9,20,285,126,130,8.344828
SUPER_1,37690000,14,10,8,32,6,8,1
SUPER_1,37700000,0,0,0,0,0,0,0
SUPER_1,37710000,0,0,0,0,0,0,0
SUPER_1,37720000,0,0,0,0,0,0,0
SUPER_1,37730000,0,0,0,0,0,0,0
SUPER_1,37740000,0,0,0,0,0,0,0
SUPER_1,37750000,0,0,0,0,0,0,0
SUPER_1,37760000,64,5,4,73,31,33,11.333333
SUPER_1,37770000,89,8,5,102,46,43,9.769231
SUPER_1,37780000,52,5,7,64,26,26,5.6666665
SUPER_1,37790000,0,0,0,0,0,0,0
SUPER_1,37800000,0,0,0,0,0,0,0
SUPER_1,37810000,79,5,2,86,44,35,2.7142856
SUPER_1,37820000,0,0,0,0,0,0,0
SUPER_1,37830000,0,0,0,0,0,0,0
SUPER_1,37840000,0,0,0,0,0,0,0
SUPER_1,37850000,0,0,0,0,0,0,0
SUPER_1,37860000,58,8,3,69,39,19,5.7272725
SUPER_1,37870000,0,0,0,0,0,0,0
SUPER_1,37880000,0,0,0,0,0,0,0
SUPER_1,37890000,28,4,2,34,15,13,3.1666667
SUPER_1,37900000,7,3,0,10,1,6,10.666667
SUPER_1,37910000,54,7,3,64,20,34,3.3
SUPER_1,37920000,32,3,1,36,25,7,5.75
SUPER_1,37930000,43,2,2,47,21,22,9.75
SUPER_1,37940000,69,6,5,80,36,33,16.545454
SUPER_1,37950000,41,2,2,45,19,22,12.5
SUPER_1,37960000,35,1,2,38,17,18,2.6666667
SUPER_1,37970000,55,2,6,63,28,27,5.5
SUPER_1,37980000,0,0,0,0,0,0,0
SUPER_1,37990000,0,0,0,0,0,0,0
SUPER_1,38000000,0,0,0,0,0,0,0
SUPER_1,38010000,0,0,0,0,0,0,0
SUPER_1,38020000,0,0,0,0,0,0,0
SUPER_1,38030000,0,0,0,0,0,0,0
SUPER_1,38040000,0,0,0,0,0,0,0
SUPER_1,38050000,0,0,0,0,0,0,0
SUPER_1,38060000,0,0,0,0,0,0,0
SUPER_1,38070000,113,10,6,129,61,52,3.3125
SUPER_1,38080000,2,0,1,3,1,1,1
SUPER_1,38090000,5,0,1,6,5,0,1
SUPER_1,38100000,3,2,0,5,1,2,1
SUPER_1,38110000,39,7,2,48,21,18,1.1111112
SUPER_1,38120000,67,6,4,77,42,25,5.8
SUPER_1,38130000,14,0,0,14,10,4,NaN
SUPER_1,38140000,139,9,8,156,77,62,5.5882354
SUPER_1,38150000,42,2,4,48,24,18,2.3333333
SUPER_1,38160000,82,5,4,91,44,38,7
SUPER_1,38170000,0,0,0,0,0,0,0
SUPER_1,38180000,0,0,0,0,0,0,0
SUPER_1,38190000,54,8,3,65,27,27,11.181818
SUPER_1,38200000,126,7,12,145,70,56,6.6842103
SUPER_1,38210000,95,7,6,108,48,47,8.230769
SUPER_1,38220000,0,0,0,0,0,0,0
SUPER_1,38230000,0,0,0,0,0,0,0
SUPER_1,38240000,135,4,10,149,75,60,7.357143
SUPER_1,38250000,96,7,7,110,44,52,4.357143
SUPER_1,38260000,30,3,1,34,16,14,4.75
SUPER_1,38270000,7,0,1,8,3,4,1
SUPER_1,38280000,2,0,0,2,2,0,NaN
SUPER_1,38290000,2,0,0,2,0,2,NaN
SUPER_1,38300000,1,0,0,1,0,1,NaN
SUPER_1,38310000,2,1,0,3,2,0,2
SUPER_1,38320000,0,0,1,1,0,0,8
SUPER_1,38330000,7,2,0,9,5,2,1.5
SUPER_1,38340000,81,6,4,91,44,37,10.8
SUPER_1,38350000,5,0,0,5,3,2,NaN
SUPER_1,38360000,3,0,1,4,2,1,1
SUPER_1,38370000,58,2,4,64,30,28,2.8333333
SUPER_1,38380000,133,9,10,152,70,63,4.3157897
SUPER_1,38390000,8,0,1,9,5,3,1
SUPER_1,38400000,2,0,0,2,0,2,NaN
SUPER_1,38410000,102,5,6,113,65,37,13.363636
SUPER_1,38420000,115,12,8,135,56,59,5.6
SUPER_1,38430000,8,2,2,12,6,2,10.75
SUPER_1,38440000,3,1,0,4,1,2,16
SUPER_1,38450000,14,0,0,14,10,4,NaN
SUPER_1,38460000,39,3,3,45,23,16,9.833333
SUPER_1,38470000,8,2,0,10,2,6,20.5
SUPER_1,38480000,50,1,5,56,28,22,12.5
SUPER_1,38490000,15,1,1,17,12,3,4.5
SUPER_1,38500000,0,0,0,0,0,0,0
SUPER_1,38510000,0,0,0,0,0,0,0
SUPER_1,38520000,35,4,2,41,13,22,4.5
SUPER_1,38530000,0,0,0,0,0,0,0
SUPER_1,38540000,0,0,0,0,0,0,0
SUPER_1,38550000,0,0,0,0,0,0,0
SUPER_1,38560000,0,0,0,0,0,0,0
SUPER_1,38570000,0,0,0,0,0,0,0
SUPER_1,38580000,0,0,0,0,0,0,0
SUPER_1,38590000,0,0,0,0,0,0,0
SUPER_1,38600000,0,0,0,0,0,0,0
SUPER_1,38610000,0,0,0,0,0,0,0
SUPER_1,38620000,0,0,0,0,0,0,0
SUPER_1,38630000,0,0,0,0,0,0,0
SUPER_1,38640000,11,0,2,13,6,5,2
SUPER_1,38650000,104,8,4,116,56,48,4
SUPER_1,38660000,42,2,3,47,20,22,24.2
SUPER_1,38670000,128,8,10,146,63,65,5.2222223
SUPER_1,38680000,0,0,0,0,0,0,0
SUPER_1,38690000,0,0,0,0,0,0,0
SUPER_1,38700000,0,0,0,0,0,0,0
SUPER_1,38710000,0,0,0,0,0,0,0
SUPER_1,38720000,0,0,0,0,0,0,0
SUPER_1,38730000,36,2,4,42,20,16,4
SUPER_1,38740000,0,0,0,0,0,0,0
SUPER_1,38750000,0,0,0,0,0,0,0
SUPER_1,38760000,0,0,0,0,0,0,0
SUPER_1,38770000,0,0,0,0,0,0,0
SUPER_1,38780000,35,5,5,45,17,18,3.1
SUPER_1,38790000,63,3,4,70,28,35,2.2857144
SUPER_1,38800000,0,0,0,0,0,0,0
SUPER_1,38810000,0,0,0,0,0,0,0
SUPER_1,38820000,179,14,8,201,89,90,7.681818
SUPER_1,38830000,28,1,1,30,18,10,6
SUPER_1,38840000,0,0,0,0,0,0,0
SUPER_1,38850000,0,0,0,0,0,0,0
SUPER_1,38860000,0,0,0,0,0,0,0
SUPER_1,38870000,0,0,0,0,0,0,0
SUPER_1,38880000,0,0,0,0,0,0,0
SUPER_1,38890000,0,0,0,0,0,0,0
SUPER_1,38900000,0,0,0,0,0,0,0
SUPER_1,38910000,0,0,0,0,0,0,0
SUPER_1,38920000,0,0,0,0,0,0,0
SUPER_1,38930000,0,0,0,0,0,0,0
SUPER_1,38940000,0,0,0,0,0,0,0
SUPER_1,38950000,0,0,0,0,0,0,0
SUPER_1,38960000,7,2,1,10,4,3,4.6666665
SUPER_1,38970000,34,5,3,42,13,21,6.125
SUPER_1,38980000,18,2,5,25,11,7,3.857143
SUPER_1,38990000,49,2,2,53,20,29,12.25
SUPER_1,39000000,0,0,0,0,0,0,0
SUPER_1,39010000,0,0,0,0,0,0,0
SUPER_1,39020000,84,6,6,96,44,40,3.8333333
SUPER_1,39030000,110,7,4,121,57,53,8.818182
SUPER_1,39040000,50,2,1,53,27,23,15.333333
SUPER_1,39050000,0,0,0,0,0,0,0
SUPER_1,39060000,0,0,0,0,0,0,0
SUPER_1,39070000,0,0,0,0,0,0,0
SUPER_1,39080000,0,0,0,0,0,0,0
SUPER_1,39090000,0,0,0,0,0,0,0
SUPER_1,39100000,95,4,5,104,42,53,7.4444447
SUPER_1,39110000,13,2,3,18,5,8,1.8
SUPER_1,39120000,25,1,2,28,18,7,16.666666
SUPER_1,39130000,0,1,0,1,0,0,1
SUPER_1,39140000,1,0,0,1,1,0,NaN
SUPER_1,39150000,0,0,0,0,0,0,0
SUPER_1,39160000,0,0,0,0,0,0,0
SUPER_1,39170000,0,0,0,0,0,0,0
SUPER_1,39180000,0,0,0,0,0,0,0
SUPER_1,39190000,0,0,0,0,0,0,0
SUPER_1,39200000,0,0,0,0,0,0,0
SUPER_1,39210000,106,3,14,123,53,53,5.7647057
SUPER_1,39220000,0,0,1,1,0,0,1
SUPER_1,39230000,41,4,3,48,19,22,4.571429
SUPER_1,39240000,28,2,2,32,13,15,3.5
SUPER_1,39250000,98,7,5,110,58,40,23.083334
SUPER_1,39260000,113,6,14,133,66,47,10.95
SUPER_1,39270000,69,6,3,78,29,40,4.7777777
SUPER_1,39280000,37,1,4,42,21,16,32.6
SUPER_1,39290000,4,0,0,4,2,2,NaN
SUPER_1,39300000,0,1,0,1,0,0,18
SUPER_1,39310000,6,0,1,7,2,4,10
SUPER_1,39320000,56,3,4,63,25,31,8
SUPER_1,39330000,91,5,15,111,50,41,8.1
SUPER_1,39340000,74,6,1,81,43,31,3.7142856
SUPER_1,39350000,109,8,7,124,59,50,14.666667
SUPER_1,39360000,85,3,7,95,41,44,4.4
SUPER_1,39370000,65,5,4,74,34,31,5
SUPER_1,39380000,17,0,2,19,8,9,2
SUPER_1,39390000,160,10,8,178,79,80,4.388889
SUPER_1,39400000,196,13,10,219,97,99,10.26087
SUPER_1,39410000,22,2,3,27,10,12,1.8
SUPER_1,39420000,33,4,3,40,13,20,21
SUPER_1,39430000,43,3,4,50,23,20,3.857143
SUPER_1,39440000,3,0,0,3,1,2,NaN
SUPER_1,39450000,24,1,0,25,13,11,8
SUPER_1,39460000,13,0,0,13,4,9,NaN
SUPER_1,39470000,63,12,7,82,34,29,26.052631
SUPER_1,39480000,38,2,2,42,21,17,7.75
SUPER_1,39490000,3,1,1,5,2,1,5
SUPER_1,39500000,3,1,0,4,1,2,55
SUPER_1,39510000,26,2,1,29,16,10,2.6666667
SUPER_1,39520000,5,0,0,5,3,2,NaN
SUPER_1,39530000,28,3,1,32,12,16,4.5
SUPER_1,39540000,41,3,2,46,21,20,4.2
SUPER_1,39550000,97,7,6,110,60,37,6.3846154
SUPER_1,39560000,91,7,5,103,44,47,4.1666665
SUPER_1,39570000,84,8,9,101,44,40,13.235294
SUPER_1,39580000,0,0,0,0,0,0,0
SUPER_1,39590000,0,0,0,0,0,0,0
SUPER_1,39600000,52,2,2,56,24,28,1.5
SUPER_1,39610000,0,0,1,1,0,0,1
SUPER_1,39620000,0,0,0,0,0,0,0
SUPER_1,39630000,0,0,0,0,0,0,0
SUPER_1,39640000,143,12,8,163,75,68,8.55
SUPER_1,39650000,113,4,6,123,60,53,5.9
SUPER_1,39660000,58,2,2,62,26,32,3.5
SUPER_1,39670000,0,0,0,0,0,0,0
SUPER_1,39680000,0,0,0,0,0,0,0
SUPER_1,39690000,0,0,0,0,0,0,0
SUPER_1,39700000,0,0,0,0,0,0,0
SUPER_1,39710000,0,0,0,0,0,0,0
SUPER_1,39720000,0,0,0,0,0,0,0
SUPER_1,39730000,0,0,0,0,0,0,0
SUPER_1,39740000,0,0,0,0,0,0,0
SUPER_1,39750000,0,0,0,0,0,0,0
SUPER_1,39760000,0,0,0,0,0,0,0
SUPER_1,39770000,75,9,3,87,41,34,19.416666
SUPER_1,39780000,58,4,5,67,28,30,3
SUPER_1,39790000,28,2,2,32,15,13,1
SUPER_1,39800000,41,2,4,47,25,16,9.5
SUPER_1,39810000,73,3,10,86,41,32,2.3846154
SUPER_1,39820000,54,4,9,67,29,25,16.23077
SUPER_1,39830000,2,0,0,2,2,0,NaN
SUPER_1,39840000,55,3,5,63,28,27,3.5
SUPER_1,39850000,28,2,3,33,21,7,30.2
SUPER_1,39860000,43,2,1,46,16,27,3.3333333
SUPER_1,39870000,13,0,2,15,6,7,9.5
SUPER_1,39880000,0,0,0,0,0,0,0
SUPER_1,39890000,0,0,0,0,0,0,0
SUPER_1,39900000,34,0,6,40,16,18,2
SUPER_1,39910000,145,8,6,159,77,68,4.928571
SUPER_1,39920000,88,6,14,108,43,45,14.8
SUPER_1,39930000,59,1,4,64,27,32,2.4
SUPER_1,39940000,122,6,6,134,66,56,6.6666665
SUPER_1,39950000,129,6,12,147,67,62,7.611111
SUPER_1,39960000,80,7,5,92,39,41,4.6666665
SUPER_1,39970000,143,9,9,161,78,65,10.944445
SUPER_1,39980000,102,6,9,117,42,60,16.4
SUPER_1,39990000,113,9,5,127,58,55,10.857142
SUPER_1,40000000,60,7,4,71,32,28,13
SUPER_1,40010000,128,8,7,143,81,47,8.133333
SUPER_1,40020000,178,10,17,205,83,95,9.851851
SUPER_1,40030000,146,5,6,157,89,57,4.6363635
SUPER_1,40040000,43,2,4,49,23,20,3.6666667
SUPER_1,40050000,86,6,5,97,44,42,5.6363635
SUPER_1,40060000,86,9,7,102,33,53,9.6875
SUPER_1,40070000,24,0,0,24,9,15,NaN
SUPER_1,40080000,76,6,4,86,38,38,10.7
SUPER_1,40090000,30,3,0,33,14,16,4.6666665
SUPER_1,40100000,88,6,3,97,50,38,6.3333335
SUPER_1,40110000,168,13,11,192,91,77,11.375
SUPER_1,40120000,2,0,0,2,2,0,NaN
SUPER_1,40130000,4,1,0,5,3,1,1
SUPER_1,40140000,93,6,6,105,54,39,10.75
SUPER_1,40150000,8,1,1,10,5,3,1
SUPER_1,40160000,2,0,1,3,0,2,1
SUPER_1,40170000,1,0,0,1,1,0,NaN
SUPER_1,40180000,2,0,0,2,2,0,NaN
SUPER_1,40190000,5,0,3,8,2,3,11.666667
SUPER_1,40200000,2,0,0,2,1,1,NaN
SUPER_1,40210000,4,0,0,4,2,2,NaN
SUPER_1,40220000,2,0,0,2,1,1,NaN
SUPER_1,40230000,15,3,2,20,6,9,36.8
SUPER_1,40240000,1,0,0,1,0,1,NaN
SUPER_1,40250000,3,0,1,4,2,1,7
SUPER_1,40260000,1,0,1,2,0,1,1
SUPER_1,40270000,12,2,1,15,7,5,8.333333
SUPER_1,40280000,89,5,3,97,40,49,7.25
SUPER_1,40290000,112,6,7,125,57,55,5.5384617
SUPER_1,40300000,102,4,7,113,54,48,5.909091
SUPER_1,40310000,1,0,0,1,0,1,NaN
SUPER_1,40320000,3,0,0,3,2,1,NaN
SUPER_1,40330000,1,1,0,2,1,0,1
SUPER_1,40340000,2,0,0,2,1,1,NaN
SUPER_1,40350000,13,1,0,14,6,7,1
SUPER_1,40360000,2,0,1,3,0,2,1
SUPER_1,40370000,4,0,0,4,1,3,NaN
SUPER_1,40380000,3,0,0,3,2,1,NaN
SUPER_1,40390000,17,0,2,19,6,11,3.5
SUPER_1,40400000,0,0,0,0,0,0,0
SUPER_1,40410000,0,0,0,0,0,0,0
SUPER_1,40420000,60,5,1,66,33,27,7
SUPER_1,40430000,0,0,0,0,0,0,0
SUPER_1,40440000,0,0,0,0,0,0,0
SUPER_1,40450000,0,0,0,0,0,0,0
SUPER_1,40460000,67,0,2,69,45,22,17.5
SUPER_1,40470000,128,5,11,144,63,65,17.375
SUPER_1,40480000,25,2,2,29,12,13,19
SUPER_1,40490000,3,0,0,3,1,2,NaN
SUPER_1,40500000,1,1,0,2,0,1,1
SUPER_1,40510000,1,0,0,1,0,1,NaN
SUPER_1,40520000,11,0,1,12,5,6,10
SUPER_1,40530000,136,10,7,153,56,80,10.294118
SUPER_1,40540000,68,5,6,79,24,44,3.8181818
SUPER_1,40550000,107,7,11,125,48,59,13.055555
SUPER_1,40560000,35,0,1,36,13,22,1
SUPER_1,40570000,0,0,0,0,0,0,0
SUPER_1,40580000,0,0,0,0,0,0,0
SUPER_1,40590000,4,0,0,4,2,2,NaN
SUPER_1,40600000,2,0,0,2,1,1,NaN
SUPER_1,40610000,0,0,0,0,0,0,0
SUPER_1,40620000,0,0,0,0,0,0,0
SUPER_1,40630000,101,8,10,119,41,60,5
SUPER_1,40640000,162,12,26,200,80,82,3.9473684
SUPER_1,40650000,23,2,3,28,11,12,3.4
SUPER_1,40660000,68,5,5,78,30,38,37
SUPER_1,40670000,2,0,1,3,1,1,8
SUPER_1,40680000,39,4,4,47,21,18,45.125
SUPER_1,40690000,2,1,0,3,0,2,1
SUPER_1,40700000,30,2,3,35,18,12,140.2
SUPER_1,40710000,3,1,0,4,1,2,4
SUPER_1,40720000,2,0,1,3,1,1,1
SUPER_1,40730000,38,9,3,50,22,16,4
SUPER_1,40740000,123,9,10,142,63,60,6.4736843
SUPER_1,40750000,117,10,8,135,64,53,5.3333335
SUPER_1,40760000,118,9,8,135,54,64,6.4117646
SUPER_1,40770000,2,0,0,2,1,1,NaN
SUPER_1,40780000,51,4,3,58,26,25,6.428571
SUPER_1,40790000,115,7,9,131,60,55,2.75
SUPER_1,40800000,2,1,1,4,1,1,1
SUPER_1,40810000,186,12,15,213,87,99,10
SUPER_1,40820000,69,2,5,76,37,32,6.714286
SUPER_1,40830000,27,1,2,30,11,16,3
SUPER_1,40840000,13,0,3,16,8,5,1.6666666
SUPER_1,40850000,18,0,2,20,12,6,3.5
SUPER_1,40860000,34,2,2,38,17,17,1
SUPER_1,40870000,22,4,2,28,12,10,10.166667
SUPER_1,40880000,2,0,0,2,2,0,NaN
SUPER_1,40890000,0,0,2,2,0,0,2
SUPER_1,40900000,121,11,14,146,58,63,8.4
SUPER_1,40910000,117,9,3,129,60,57,6.1666665
SUPER_1,40920000,0,0,0,0,0,0,0
SUPER_1,40930000,0,0,0,0,0,0,0
SUPER_1,40940000,166,19,10,195,91,75,11.5172415
SUPER_1,40950000,107,8,7,122,59,48,9.933333
SUPER_1,40960000,122,8,11,141,57,65,6.5263157
SUPER_1,40970000,118,6,12,136,58,60,7.2777777
SUPER_1,40980000,94,2,10,106,56,38,3.1666667
SUPER_1,40990000,123,11,2,136,63,60,9.461538
SUPER_1,41000000,65,6,3,74,35,30,48.666668
SUPER_1,41010000,122,10,11,143,68,54,7.1904764
SUPER_1,41020000,54,7,7,68,27,27,5.642857
SUPER_1,41030000,76,5,3,84,37,39,2.875
SUPER_1,41040000,24,0,2,26,8,16,6.5
SUPER_1,41050000,32,1,4,37,13,19,5.2
SUPER_1,41060000,0,0,0,0,0,0,0
SUPER_1,41070000,0,0,0,0,0,0,0
SUPER_1,41080000,0,0,0,0,0,0,0
SUPER_1,41090000,0,0,0,0,0,0,0
SUPER_1,41100000,2,0,1,3,1,1,93
SUPER_1,41110000,2,0,0,2,2,0,NaN
SUPER_1,41120000,2,0,2,4,1,1,1
SUPER_1,41130000,1,1,1,3,0,1,1.5
SUPER_1,41140000,8,0,2,10,2,6,7
SUPER_1,41150000,21,2,2,25,12,9,3.75
SUPER_1,41160000,7,1,1,9,4,3,1
SUPER_1,41170000,7,1,1,9,2,5,2
SUPER_1,41180000,48,3,4,55,23,25,6.571429
SUPER_1,41190000,21,4,5,30,9,12,3.2222223
SUPER_1,41200000,129,7,20,156,70,59,22.518518
SUPER_1,41210000,94,13,12,119,55,39,5
SUPER_1,41220000,137,4,11,152,63,74,10.266666
SUPER_1,41230000,79,9,6,94,41,38,40.333332
SUPER_1,41240000,68,5,6,79,33,35,10.545455
SUPER_1,41250000,138,12,10,160,61,77,8.727273
SUPER_1,41260000,105,8,11,124,46,59,8.157895
SUPER_1,41270000,53,4,3,60,27,26,13.571428
SUPER_1,41280000,21,2,3,26,10,11,8.6
SUPER_1,41290000,187,16,13,216,103,84,4.551724
SUPER_1,41300000,93,9,6,108,40,53,11.666667
SUPER_1,41310000,122,13,7,142,55,67,8.4
SUPER_1,41320000,24,2,1,27,14,10,2.6666667
SUPER_1,41330000,1,1,0,2,1,0,2
SUPER_1,41340000,2,0,0,2,2,0,NaN
SUPER_1,41350000,3,0,0,3,1,2,NaN
SUPER_1,41360000,0,0,0,0,0,0,0
SUPER_1,41370000,0,0,0,0,0,0,0
SUPER_1,41380000,125,3,11,139,66,59,7.214286
SUPER_1,41390000,119,4,11,134,61,58,4.266667
SUPER_1,41400000,104,8,10,122,51,53,27.555555
SUPER_1,41410000,135,8,16,159,74,61,9.416667
SUPER_1,41420000,28,3,3,34,10,18,3.3333333
SUPER_1,41430000,50,3,5,58,21,29,42
SUPER_1,41440000,88,5,6,99,45,43,8
SUPER_1,41450000,66,5,5,76,34,32,7.4
SUPER_1,41460000,27,0,0,27,17,10,NaN
SUPER_1,41470000,11,0,1,12,5,6,23
SUPER_1,41480000,105,6,7,118,61,44,4.923077
SUPER_1,41490000,110,7,6,123,52,58,18.23077
SUPER_1,41500000,0,0,0,0,0,0,0
SUPER_1,41510000,0,0,0,0,0,0,0
SUPER_1,41520000,35,2,2,39,19,16,5.25
SUPER_1,41530000,1,0,0,1,1,0,NaN
SUPER_1,41540000,2,0,0,2,1,1,NaN
SUPER_1,41550000,85,10,7,102,43,42,10.882353
SUPER_1,41560000,169,12,9,190,85,84,27.571428
SUPER_1,41570000,117,6,11,134,51,66,5.2352943
SUPER_1,41580000,78,4,9,91,37,41,49.076923
SUPER_1,41590000,130,7,8,145,55,75,24.8
SUPER_1,41600000,110,7,11,128,53,57,7.5
SUPER_1,41610000,79,11,5,95,48,31,4.875
SUPER_1,41620000,11,1,0,12,9,2,1
SUPER_1,41630000,7,2,1,10,4,3,2
SUPER_1,41640000,78,10,5,93,49,29,9.6
SUPER_1,41650000,36,3,1,40,18,18,2
SUPER_1,41660000,143,14,8,165,77,66,7.409091
SUPER_1,41670000,211,9,20,240,107,104,7
SUPER_1,41680000,69,9,3,81,39,30,14.083333
SUPER_1,41690000,12,0,2,14,6,6,1
SUPER_1,41700000,91,7,5,103,39,52,6.3333335
SUPER_1,41710000,59,3,5,67,30,29,6.5
SUPER_1,41720000,12,2,0,14,8,4,5
SUPER_1,41730000,4,1,1,6,1,3,1
SUPER_1,41740000,22,0,5,27,11,11,6.6
SUPER_1,41750000,57,7,6,70,31,26,15.615385
SUPER_1,41760000,106,7,7,120,57,49,4.571429
SUPER_1,41770000,94,9,11,114,42,52,8.05
SUPER_1,41780000,98,9,4,111,50,48,8.153846
SUPER_1,41790000,76,2,3,81,40,36,38.2
SUPER_1,41800000,143,8,14,165,82,61,20.5
SUPER_1,41810000,168,8,8,184,85,83,4.5
SUPER_1,41820000,20,4,1,25,13,7,1.8
SUPER_1,41830000,77,3,3,83,44,33,3.8333333
SUPER_1,41840000,3,1,1,5,1,2,1
SUPER_1,41850000,3,0,1,4,1,2,19
SUPER_1,41860000,50,3,2,55,21,29,3.4
SUPER_1,41870000,110,15,8,133,65,45,6.826087
SUPER_1,41880000,88,7,6,101,52,36,7.1538463
SUPER_1,41890000,65,2,6,73,38,27,8.25
SUPER_1,41900000,172,23,21,216,81,91,6.2727275
SUPER_1,41910000,105,4,9,118,49,56,8.307693
SUPER_1,41920000,121,13,18,152,53,68,10.709678
SUPER_1,41930000,29,1,5,35,16,13,3.3333333
SUPER_1,41940000,27,3,2,32,12,15,2
SUPER_1,41950000,134,15,10,159,78,56,11.88
SUPER_1,41960000,127,3,8,138,71,56,4.5454545
SUPER_1,41970000,72,7,2,81,36,36,4.3333335
SUPER_1,41980000,58,3,6,67,27,31,2.1111112
SUPER_1,41990000,139,10,9,158,74,65,12.052631
SUPER_1,42000000,63,6,1,70,32,31,4
SUPER_1,42010000,147,9,12,168,75,72,9.571428
SUPER_1,42020000,121,4,4,129,67,54,2.25
SUPER_1,42030000,29,0,0,29,15,14,NaN
SUPER_1,42040000,53,4,2,59,34,19,6.8333335
SUPER_1,42050000,121,8,9,138,68,53,7.5882354
SUPER_1,42060000,133,10,14,157,70,63,11.833333
SUPER_1,42070000,192,6,14,212,92,100,5.75
SUPER_1,42080000,37,5,4,46,22,15,6.3333335
SUPER_1,42090000,11,2,0,13,2,9,14
SUPER_1,42100000,12,1,0,13,5,7,2
SUPER_1,42110000,14,2,0,16,7,7,5
SUPER_1,42120000,6,0,3,9,2,4,9
SUPER_1,42130000,12,0,1,13,8,4,2
SUPER_1,42140000,14,1,0,15,7,7,1
SUPER_1,42150000,10,0,0,10,4,6,NaN
SUPER_1,42160000,10,1,1,12,7,3,1
SUPER_1,42170000,15,2,1,18,11,4,146.33333
SUPER_1,42180000,26,0,2,28,14,12,4
SUPER_1,42190000,31,1,5,37,15,16,4
SUPER_1,42200000,190,10,11,211,92,98,4.428571
SUPER_1,42210000,152,11,7,170,73,79,6.0555553
SUPER_1,42220000,42,2,4,48,21,21,16.333334
SUPER_1,42230000,1,0,0,1,1,0,NaN
SUPER_1,42240000,1,0,0,1,1,0,NaN
SUPER_1,42250000,1,0,0,1,0,1,NaN
SUPER_1,42260000,1,0,1,2,1,0,9
SUPER_1,42270000,3,1,0,4,1,2,1
SUPER_1,42280000,53,1,2,56,31,22,6.3333335
SUPER_1,42290000,52,6,4,62,21,31,13.2
SUPER_1,42300000,5,1,0,6,3,2,1
SUPER_1,42310000,49,2,7,58,27,22,15.444445
SUPER_1,42320000,99,11,7,117,53,46,12.555555
SUPER_1,42330000,159,5,9,173,79,80,9
SUPER_1,42340000,67,4,4,75,31,36,6
SUPER_1,42350000,84,5,2,91,42,42,2
SUPER_1,42360000,200,12,5,217,106,94,5.647059
SUPER_1,42370000,100,4,4,108,51,49,4.375
SUPER_1,42380000,49,3,3,55,17,32,6.5
SUPER_1,42390000,55,2,4,61,26,29,2.8333333
SUPER_1,42400000,32,1,5,38,21,11,4
SUPER_1,42410000,81,3,2,86,37,44,6.8
SUPER_1,42420000,33,0,4,37,17,16,1.25
SUPER_1,42430000,25,1,1,27,9,16,1.5
SUPER_1,42440000,64,3,6,73,35,29,16.333334
SUPER_1,42450000,63,2,7,72,30,33,7.3333335
SUPER_1,42460000,12,1,0,13,6,6,1
SUPER_1,42470000,1,0,0,1,1,0,NaN
SUPER_1,42480000,4,0,0,4,2,2,NaN
SUPER_1,42490000,5,1,1,7,1,4,1
SUPER_1,42500000,2,1,2,5,2,0,2.3333333
SUPER_1,42510000,1,0,0,1,1,0,NaN
SUPER_1,42520000,2,0,0,2,2,0,NaN
SUPER_1,42530000,106,8,6,120,57,49,6.357143
SUPER_1,42540000,41,4,4,49,23,18,66.875
SUPER_1,42550000,89,8,6,103,52,37,12.357142
SUPER_1,42560000,4,0,1,5,2,2,1
SUPER_1,42570000,2,0,1,3,1,1,1
SUPER_1,42580000,5,0,1,6,3,2,10
SUPER_1,42590000,47,4,1,52,25,22,9.8
SUPER_1,42600000,123,9,12,144,72,51,6.714286
SUPER_1,42610000,41,5,2,48,15,26,68
SUPER_1,42620000,84,2,6,92,43,41,12.5
SUPER_1,42630000,29,1,4,34,15,14,13.4
SUPER_1,42640000,46,0,1,47,21,25,55
SUPER_1,42650000,128,10,11,149,61,67,7.571429
SUPER_1,42660000,159,11,11,181,89,70,9.227273
SUPER_1,42670000,88,3,6,97,40,48,3.8888888
SUPER_1,42680000,115,9,8,132,54,61,2.764706
SUPER_1,42690000,54,7,2,63,30,24,2.2222223
SUPER_1,42700000,12,4,2,18,5,7,6.5
SUPER_1,42710000,10,0,1,11,3,7,70
SUPER_1,42720000,50,3,5,58,22,28,28
SUPER_1,42730000,62,8,9,79,29,33,5.7058825
SUPER_1,42740000,102,10,6,118,52,50,8.125
SUPER_1,42750000,33,4,3,40,13,20,4.571429
SUPER_1,42760000,44,3,7,54,21,23,4
SUPER_1,42770000,30,4,1,35,17,13,3
SUPER_1,42780000,71,3,5,79,35,36,6.375
SUPER_1,42790000,133,11,10,154,59,74,4.285714
SUPER_1,42800000,160,17,18,195,72,88,7.2
SUPER_1,42810000,58,4,3,65,21,37,3.4285715
SUPER_1,42820000,76,8,6,90,38,38,4.785714
SUPER_1,42830000,99,14,7,120,47,52,11.714286
SUPER_1,42840000,126,8,11,145,68,58,14
SUPER_1,42850000,0,0,0,0,0,0,0
SUPER_1,42860000,0,0,0,0,0,0,0
SUPER_1,42870000,141,12,9,162,75,66,3.0952382
SUPER_1,42880000,114,8,13,135,60,54,4.285714
SUPER_1,42890000,107,4,20,131,54,53,20.041666
SUPER_1,42900000,72,5,5,82,36,36,4.6
SUPER_1,42910000,104,11,10,125,51,53,7.142857
SUPER_1,42920000,34,5,1,40,12,22,2.5
SUPER_1,42930000,45,5,7,57,22,23,9.583333
SUPER_1,42940000,24,3,2,29,13,11,5.4
SUPER_1,42950000,43,2,2,47,22,21,4.25
SUPER_1,42960000,46,1,2,49,23,23,10
SUPER_1,42970000,45,3,3,51,14,31,1
SUPER_1,42980000,70,3,4,77,34,36,15
SUPER_1,42990000,76,4,6,86,37,39,4.7
SUPER_1,43000000,61,6,5,72,27,34,5.2727275
SUPER_1,43010000,83,7,10,100,33,50,14
SUPER_1,43020000,37,3,4,44,20,17,2.7142856
SUPER_1,43030000,12,3,1,16,6,6,1.25
SUPER_1,43040000,47,9,5,61,21,26,6.214286
SUPER_1,43050000,94,6,9,109,41,53,4.0666666
SUPER_1,43060000,76,7,13,96,32,44,5.7
SUPER_1,43070000,27,2,2,31,15,12,10
SUPER_1,43080000,41,8,1,50,20,21,9.555555
SUPER_1,43090000,109,9,6,124,50,59,8.466666
SUPER_1,43100000,145,15,14,174,93,52,9.103448
SUPER_1,43110000,37,5,7,49,19,18,2.8333333
SUPER_1,43120000,139,9,12,160,74,65,4.6666665
SUPER_1,43130000,67,6,5,78,35,32,3.090909
SUPER_1,43140000,80,8,7,95,40,40,8.933333
SUPER_1,43150000,50,4,2,56,29,21,10.5
SUPER_1,43160000,63,4,3,70,35,28,7.285714
SUPER_1,43170000,64,8,2,74,37,27,7.5
SUPER_1,43180000,0,0,1,1,0,0,2
SUPER_1,43190000,71,2,3,76,48,23,2.4
SUPER_1,43200000,52,1,7,60,28,24,3.875
SUPER_1,43210000,31,3,1,35,17,14,4.75
SUPER_1,43220000,0,0,0,0,0,0,0
SUPER_1,43230000,0,0,0,0,0,0,0
SUPER_1,43240000,0,0,0,0,0,0,0
SUPER_1,43250000,0,0,0,0,0,0,0
SUPER_1,43260000,0,0,0,0,0,0,0
SUPER_1,43270000,0,2,1,3,0,0,1.3333334
SUPER_1,43280000,17,1,0,18,9,8,3
SUPER_1,43290000,7,0,2,9,4,3,3
SUPER_1,43300000,30,1,0,31,16,14,8
SUPER_1,43310000,0,0,0,0,0,0,0
SUPER_1,43320000,0,0,0,0,0,0,0
SUPER_1,43330000,0,0,0,0,0,0,0
SUPER_1,43340000,0,0,0,0,0,0,0
SUPER_1,43350000,0,0,0,0,0,0,0
SUPER_1,43360000,81,4,3,88,55,26,13.428572
SUPER_1,43370000,22,1,1,24,13,9,5
SUPER_1,43380000,0,0,0,0,0,0,0
SUPER_1,43390000,0,0,0,0,0,0,0
SUPER_1,43400000,6,1,3,10,4,2,5.75
SUPER_1,43410000,8,1,0,9,5,3,2
SUPER_1,43420000,20,1,2,23,10,10,3.6666667
SUPER_1,43430000,18,1,1,20,11,7,1.5
SUPER_1,43440000,0,0,0,0,0,0,0
SUPER_1,43450000,0,0,0,0,0,0,0
SUPER_1,43460000,19,2,2,23,11,8,6.5
SUPER_1,43470000,11,3,1,15,7,4,1.75
SUPER_1,43480000,17,0,0,17,11,5,NaN
SUPER_2,10000,9,7,4,20,6,3,1
SUPER_2,20000,49,2,2,53,30,19,2.25
SUPER_2,30000,33,0,1,34,23,10,3
SUPER_2,40000,11,0,0,11,9,2,NaN
SUPER_2,50000,29,1,3,33,20,9,3
SUPER_2,60000,9,0,0,9,7,2,NaN
SUPER_2,70000,9,0,0,9,6,3,NaN
SUPER_2,80000,0,0,1,1,0,0,2
SUPER_2,90000,31,1,0,32,25,6,3
SUPER_2,100000,28,1,2,31,16,12,7.6666665
SUPER_2,110000,1,2,0,3,1,0,1
SUPER_2,120000,1,1,0,2,1,0,2
SUPER_2,130000,101,12,7,120,47,54,4.631579
SUPER_2,140000,66,10,12,88,34,32,10.590909
SUPER_2,150000,77,5,5,87,44,33,21.2
SUPER_2,160000,71,3,11,85,38,33,13
SUPER_2,170000,57,1,8,66,27,30,3.7777777
SUPER_2,180000,71,6,8,85,36,35,3.857143
SUPER_2,190000,35,0,1,36,13,22,1
SUPER_2,200000,63,9,3,75,36,27,6.0833335
SUPER_2,210000,55,4,5,64,32,23,5.111111
SUPER_2,220000,21,1,3,25,12,9,5.25
SUPER_2,230000,58,2,5,65,39,19,15.285714
SUPER_2,240000,0,0,0,0,0,0,0
SUPER_2,250000,0,0,0,0,0,0,0
SUPER_2,260000,163,16,13,192,76,87,5.551724
SUPER_2,270000,40,3,1,44,21,19,2.25
SUPER_2,280000,101,7,9,117,52,49,9.6875
SUPER_2,290000,122,6,5,133,69,53,4.090909
SUPER_2,300000,113,5,16,134,68,45,7.4761906
SUPER_2,310000,52,4,7,63,28,24,15.272727
SUPER_2,320000,28,5,4,37,8,20,5.3333335
SUPER_2,330000,50,3,8,61,27,23,3.2727273
SUPER_2,340000,102,8,9,119,43,59,9.058824
SUPER_2,350000,3,1,1,5,2,1,14.5
SUPER_2,360000,81,3,6,90,36,45,47.11111
SUPER_2,370000,142,7,14,163,80,62,6.857143
SUPER_2,380000,126,15,8,149,59,67,9.434783
SUPER_2,390000,0,0,0,0,0,0,0
SUPER_2,400000,0,0,0,0,0,0,0
SUPER_2,410000,94,7,6,107,36,58,9
SUPER_2,420000,3,0,5,8,2,1,5.6
SUPER_2,430000,2,0,0,2,1,1,NaN
SUPER_2,440000,4,2,1,7,1,3,10.666667
SUPER_2,450000,2,1,0,3,0,2,1
SUPER_2,460000,2,1,2,5,0,2,9
SUPER_2,470000,5,1,1,7,3,2,92
SUPER_2,480000,0,0,0,0,0,0,0
SUPER_2,490000,0,0,0,0,0,0,0
SUPER_2,500000,4,0,2,6,1,3,1
SUPER_2,510000,4,1,0,5,2,2,1
SUPER_2,520000,3,2,0,5,2,1,2.5
SUPER_2,530000,4,1,2,7,2,2,19
SUPER_2,540000,1,1,2,4,1,0,15.666667
SUPER_2,550000,3,0,0,3,2,1,NaN
SUPER_2,560000,1,0,0,1,0,1,NaN
SUPER_2,570000,5,0,0,5,3,2,NaN
SUPER_2,580000,1,0,0,1,0,1,NaN
SUPER_2,590000,12,1,1,14,4,8,53.5
SUPER_2,600000,57,6,5,68,29,28,5.7272725
SUPER_2,610000,39,2,3,44,23,16,6
SUPER_2,620000,34,3,4,41,14,20,2.5714285
SUPER_2,630000,0,0,0,0,0,0,0
SUPER_2,640000,0,0,0,0,0,0,0
SUPER_2,650000,0,0,0,0,0,0,0
SUPER_2,660000,0,0,0,0,0,0,0
SUPER_2,670000,9,2,2,13,5,4,11
SUPER_2,680000,2,0,0,2,0,2,NaN
SUPER_2,690000,1,0,0,1,1,0,NaN
SUPER_2,700000,3,0,0,3,1,2,NaN
SUPER_2,710000,0,0,0,0,0,0,0
SUPER_2,720000,0,0,0,0,0,0,0
SUPER_2,730000,6,0,1,7,0,6,1
SUPER_2,740000,2,0,0,2,1,1,NaN
SUPER_2,750000,3,0,0,3,2,1,NaN
SUPER_2,760000,2,0,0,2,1,1,NaN
SUPER_2,770000,0,1,1,2,0,0,8
SUPER_2,780000,68,5,5,78,36,32,5.2
SUPER_2,790000,119,7,8,134,58,61,5.5333333
SUPER_2,800000,120,10,4,134,65,55,13.214286
SUPER_2,810000,159,10,10,179,91,68,5.15
SUPER_2,820000,101,7,9,117,58,43,31.6875
SUPER_2,830000,168,14,4,186,78,90,8.388889
SUPER_2,840000,115,11,6,132,62,53,5.9411764
SUPER_2,850000,135,9,10,154,66,69,6.4210525
SUPER_2,860000,107,5,7,119,61,46,36.75
SUPER_2,870000,125,9,13,147,59,66,5.0454545
SUPER_2,880000,77,5,5,87,39,38,4.3
SUPER_2,890000,102,9,13,124,43,59,22.818182
SUPER_2,900000,32,3,2,37,19,13,4.4
SUPER_2,910000,91,7,3,101,49,42,9.1
SUPER_2,920000,67,7,5,79,33,34,7.75
SUPER_2,930000,231,14,19,264,117,114,16.969696
SUPER_2,940000,60,4,3,67,35,25,22.857143
SUPER_2,950000,32,2,3,37,21,11,16.6
SUPER_2,960000,146,8,8,162,91,55,4.625
SUPER_2,970000,92,4,6,102,54,38,3.5
SUPER_2,980000,28,0,1,29,12,16,1
SUPER_2,990000,3,0,0,3,1,2,NaN
SUPER_2,1000000,5,1,0,6,3,2,1
SUPER_2,1010000,125,4,5,134,63,62,5
SUPER_2,1020000,196,13,9,218,110,86,6.681818
SUPER_2,1030000,125,6,11,142,61,64,36.882355
SUPER_2,1040000,144,8,14,166,65,79,3.9545455
SUPER_2,1050000,121,10,3,134,66,55,11.923077
SUPER_2,1060000,71,5,4,80,41,30,13.222222
SUPER_2,1070000,103,8,10,121,46,57,3.7777777
SUPER_2,1080000,98,10,4,112,56,42,2.7142856
SUPER_2,1090000,123,3,2,128,69,54,7.8
SUPER_2,1100000,58,2,5,65,22,36,1.7142857
SUPER_2,1110000,119,9,18,146,66,53,12.666667
SUPER_2,1120000,27,0,1,28,13,14,187
SUPER_2,1130000,80,1,2,83,42,38,5.3333335
SUPER_2,1140000,128,13,10,151,59,69,9.478261
SUPER_2,1150000,178,9,12,199,93,85,6.7619047
SUPER_2,1160000,39,7,0,46,25,14,7.428571
SUPER_2,1170000,34,6,1,41,15,19,7
SUPER_2,1180000,169,15,4,188,94,75,4.894737
SUPER_2,1190000,230,6,17,253,117,113,14.782609
SUPER_2,1200000,87,8,10,105,52,35,10.888889
SUPER_2,1210000,102,7,5,114,51,51,23
SUPER_2,1220000,187,10,16,213,100,87,12.307693
SUPER_2,1230000,69,9,6,84,33,36,8.333333
SUPER_2,1240000,112,7,6,125,62,50,9.923077
SUPER_2,1250000,154,7,14,175,76,78,23.571428
SUPER_2,1260000,47,5,1,53,20,27,5.8333335
SUPER_2,1270000,1,1,0,2,1,0,1
SUPER_2,1280000,2,0,0,2,0,2,NaN
SUPER_2,1290000,0,1,0,1,0,0,1
SUPER_2,1300000,2,0,0,2,0,2,NaN
SUPER_2,1310000,3,0,0,3,1,2,NaN
SUPER_2,1320000,3,0,1,4,2,1,2
SUPER_2,1330000,0,1,1,2,0,0,2
SUPER_2,1340000,1,0,0,1,1,0,NaN
SUPER_2,1350000,2,0,0,2,1,1,NaN
SUPER_2,1360000,1,0,0,1,1,0,NaN
SUPER_2,1370000,1,1,0,2,0,1,2
SUPER_2,1380000,2,0,0,2,2,0,NaN
SUPER_2,1390000,0,1,0,1,0,0,11
SUPER_2,1400000,0,0,0,0,0,0,0
SUPER_2,1410000,0,0,0,0,0,0,0
SUPER_2,1420000,2,1,2,5,1,1,17.666666
SUPER_2,1430000,22,7,1,30,11,11,3.375
SUPER_2,1440000,28,3,6,37,18,10,12.111111
SUPER_2,1450000,19,0,0,19,16,3,NaN
SUPER_2,1460000,119,9,12,140,66,53,18.761906
SUPER_2,1470000,33,1,3,37,16,17,2.25
SUPER_2,1480000,82,3,6,91,45,37,4.2222223
SUPER_2,1490000,1,0,0,1,0,1,NaN
SUPER_2,1500000,128,19,6,153,67,61,6.04
SUPER_2,1510000,200,14,20,234,88,112,12.764706
SUPER_2,1520000,0,0,0,0,0,0,0
SUPER_2,1530000,0,0,0,0,0,0,0
SUPER_2,1540000,67,4,5,76,42,25,3.6666667
SUPER_2,1550000,30,2,5,37,14,16,16.857143
SUPER_2,1560000,75,3,2,80,39,36,8
SUPER_2,1570000,113,12,12,137,50,63,17.5
SUPER_2,1580000,112,4,7,123,52,60,4.181818
SUPER_2,1590000,129,9,12,150,65,64,9.047619
SUPER_2,1600000,94,4,15,113,43,51,15.263158
SUPER_2,1610000,91,5,7,103,46,45,8.5
SUPER_2,1620000,71,6,9,86,34,37,2.7333333
SUPER_2,1630000,92,10,1,103,49,43,11.272727
SUPER_2,1640000,134,13,7,154,67,67,9
SUPER_2,1650000,43,5,2,50,26,17,5.857143
SUPER_2,1660000,62,4,6,72,27,35,9.1
SUPER_2,1670000,102,8,12,122,58,44,9.95
SUPER_2,1680000,15,0,2,17,5,10,5
SUPER_2,1690000,108,7,8,123,43,65,6.266667
SUPER_2,1700000,156,10,17,183,85,71,18.185184
SUPER_2,1710000,110,12,12,134,51,59,5.25
SUPER_2,1720000,149,10,13,172,85,64,3.652174
SUPER_2,1730000,114,9,4,127,55,59,2.9230769
SUPER_2,1740000,80,8,11,99,39,41,10.894737
SUPER_2,1750000,89,10,3,102,39,50,4.6153846
SUPER_2,1760000,127,6,7,140,57,70,6.230769
SUPER_2,1770000,116,12,11,139,69,47,5.695652
SUPER_2,1780000,146,9,12,167,68,78,5.6666665
SUPER_2,1790000,164,11,12,187,79,85,7.869565
SUPER_2,1800000,36,6,4,46,19,17,9.1
SUPER_2,1810000,125,12,14,151,62,63,2.6538463
SUPER_2,1820000,170,8,12,190,77,93,10.2
SUPER_2,1830000,2,0,0,2,1,1,NaN
SUPER_2,1840000,2,0,0,2,1,1,NaN
SUPER_2,1850000,2,0,0,2,1,1,NaN
SUPER_2,1860000,4,1,0,5,2,2,6
SUPER_2,1870000,2,0,0,2,2,0,NaN
SUPER_2,1880000,83,4,7,94,39,44,19.727272
SUPER_2,1890000,62,7,7,76,34,28,2.5
SUPER_2,1900000,109,9,7,125,53,56,7.6875
SUPER_2,1910000,95,11,6,112,41,54,10.941176
SUPER_2,1920000,195,16,17,228,91,104,4.3030305
SUPER_2,1930000,105,15,10,130,54,51,18.84
SUPER_2,1940000,131,7,14,152,70,61,8
SUPER_2,1950000,56,7,3,66,22,34,5.8
SUPER_2,1960000,113,8,10,131,64,49,6.5
SUPER_2,1970000,135,13,13,161,68,67,34.846153
SUPER_2,1980000,95,4,9,108,44,51,5.076923
SUPER_2,1990000,98,9,10,117,60,38,11.052631
SUPER_2,2000000,118,8,16,142,71,47,16.666666
SUPER_2,2010000,135,10,8,153,62,73,6.111111
SUPER_2,2020000,62,5,4,71,35,27,2.2222223
SUPER_2,2030000,77,5,2,84,36,41,4.571429
SUPER_2,2040000,125,11,8,144,67,58,5.105263
SUPER_2,2050000,63,6,5,74,31,32,4.6363635
SUPER_2,2060000,49,7,4,60,14,35,8.090909
SUPER_2,2070000,144,17,6,167,67,77,9.608696
SUPER_2,2080000,116,9,12,137,62,54,12.190476
SUPER_2,2090000,89,8,6,103,45,44,3.5714285
SUPER_2,2100000,1,0,0,1,0,1,NaN
SUPER_2,2110000,1,0,0,1,1,0,NaN
SUPER_2,2120000,2,0,0,2,0,2,NaN
SUPER_2,2130000,2,0,0,2,0,2,NaN
SUPER_2,2140000,0,0,0,0,0,0,0
SUPER_2,2150000,0,0,0,0,0,0,0
SUPER_2,2160000,9,1,0,10,7,2,3
SUPER_2,2170000,50,1,0,51,25,25,1
SUPER_2,2180000,3,0,0,3,0,3,NaN
SUPER_2,2190000,1,1,0,2,1,0,1
SUPER_2,2200000,41,3,1,45,21,20,6.75
SUPER_2,2210000,88,8,9,105,44,44,10.941176
SUPER_2,2220000,99,9,15,123,53,46,4.4583335
SUPER_2,2230000,67,8,3,78,33,34,3.6363637
SUPER_2,2240000,83,5,9,97,40,43,9.571428
SUPER_2,2250000,40,1,4,45,21,19,153.6
SUPER_2,2260000,42,2,1,45,24,18,5.3333335
SUPER_2,2270000,3,2,0,5,2,1,2.5
SUPER_2,2280000,1,0,0,1,1,0,NaN
SUPER_2,2290000,3,0,1,4,3,0,1
SUPER_2,2300000,0,0,0,0,0,0,0
SUPER_2,2310000,0,0,0,0,0,0,0
SUPER_2,2320000,5,2,3,10,4,1,14.6
SUPER_2,2330000,83,3,9,95,36,47,4.8333335
SUPER_2,2340000,129,9,11,149,71,58,2.85
SUPER_2,2350000,0,0,0,0,0,0,0
SUPER_2,2360000,0,0,0,0,0,0,0
SUPER_2,2370000,124,9,10,143,68,56,7.5263157
SUPER_2,2380000,37,1,4,42,17,20,9.4
SUPER_2,2390000,80,0,1,81,43,37,4
SUPER_2,2400000,106,7,6,119,57,49,3.9230769
SUPER_2,2410000,181,12,8,201,90,91,15.25
SUPER_2,2420000,45,2,1,48,20,25,3.6666667
SUPER_2,2430000,149,12,10,171,62,87,6.0454545
SUPER_2,2440000,161,8,9,178,72,89,6.117647
SUPER_2,2450000,91,4,3,98,38,53,4.571429
SUPER_2,2460000,1,0,0,1,1,0,NaN
SUPER_2,2470000,3,1,0,4,2,1,1
SUPER_2,2480000,2,1,0,3,2,0,32
SUPER_2,2490000,4,1,0,5,4,0,1
SUPER_2,2500000,70,4,8,82,32,38,4.6666665
SUPER_2,2510000,134,15,12,161,84,50,12.962963
SUPER_2,2520000,43,2,3,48,28,15,5.2
SUPER_2,2530000,50,8,10,68,24,26,3.1111112
SUPER_2,2540000,43,3,4,50,19,24,63.857143
SUPER_2,2550000,72,6,15,93,44,28,4.857143
SUPER_2,2560000,155,11,9,175,91,64,5.9
SUPER_2,2570000,140,10,15,165,77,63,3.76
SUPER_2,2580000,188,9,11,208,81,107,6.9
SUPER_2,2590000,72,3,3,78,48,24,7
SUPER_2,2600000,129,7,15,151,75,54,16.136364
SUPER_2,2610000,2,0,0,2,2,0,NaN
SUPER_2,2620000,2,0,0,2,1,1,NaN
SUPER_2,2630000,0,0,2,2,0,0,7
SUPER_2,2640000,0,1,0,1,0,0,22
SUPER_2,2650000,0,0,0,0,0,0,0
SUPER_2,2660000,0,0,0,0,0,0,0
SUPER_2,2670000,1,3,0,4,0,1,3
SUPER_2,2680000,0,0,0,0,0,0,0
SUPER_2,2690000,0,0,0,0,0,0,0
SUPER_2,2700000,5,0,0,5,4,1,NaN
SUPER_2,2710000,3,0,0,3,1,2,NaN
SUPER_2,2720000,78,4,6,88,39,39,9.1
SUPER_2,2730000,1,0,0,1,1,0,NaN
SUPER_2,2740000,0,0,0,0,0,0,0
SUPER_2,2750000,0,0,0,0,0,0,0
SUPER_2,2760000,14,0,3,17,9,5,35.333332
SUPER_2,2770000,52,3,4,59,29,23,46.857143
SUPER_2,2780000,194,8,20,222,105,89,5.035714
SUPER_2,2790000,74,9,9,92,38,36,8.444445
SUPER_2,2800000,23,1,2,26,12,11,1.3333334
SUPER_2,2810000,167,12,11,190,75,92,6
SUPER_2,2820000,105,8,8,121,51,54,8.625
SUPER_2,2830000,68,6,3,77,37,31,2.5555556
SUPER_2,2840000,22,2,2,26,12,10,12
SUPER_2,2850000,9,2,0,11,5,4,6.5
SUPER_2,2860000,75,4,4,83,49,26,71
SUPER_2,2870000,66,5,4,75,31,35,7.7777777
SUPER_2,2880000,88,8,6,102,42,46,17.285715
SUPER_2,2890000,1,0,1,2,1,0,2
SUPER_2,2900000,6,1,1,8,3,3,2.5
SUPER_2,2910000,30,2,2,34,14,16,6
SUPER_2,2920000,106,5,6,117,66,40,65.454544
SUPER_2,2930000,120,6,9,135,66,54,3.8666666
SUPER_2,2940000,84,8,6,98,45,39,14.642858
SUPER_2,2950000,29,4,1,34,18,11,11.2
SUPER_2,2960000,43,5,3,51,23,20,4.125
SUPER_2,2970000,0,0,0,0,0,0,0
SUPER_2,2980000,0,0,0,0,0,0,0
SUPER_2,2990000,0,0,0,0,0,0,0
SUPER_2,3000000,0,0,0,0,0,0,0
SUPER_2,3010000,40,3,3,46,21,19,3.5
SUPER_2,3020000,29,2,0,31,19,10,1
SUPER_2,3030000,122,4,5,131,60,62,8.666667
SUPER_2,3040000,53,4,3,60,23,30,2
SUPER_2,3050000,38,3,5,46,19,19,4.25
SUPER_2,3060000,173,17,10,200,84,89,2.2962964
SUPER_2,3070000,149,9,14,172,85,64,19
SUPER_2,3080000,185,20,18,223,94,91,5.7894735
SUPER_2,3090000,207,15,15,237,101,106,4.366667
SUPER_2,3100000,79,5,4,88,39,40,8.555555
SUPER_2,3110000,4,0,3,7,1,3,2.3333333
SUPER_2,3120000,166,11,10,187,79,87,24.380953
SUPER_2,3130000,156,12,12,180,77,79,6.5
SUPER_2,3140000,106,8,12,126,61,45,4.85
SUPER_2,3150000,5,0,0,5,1,4,NaN
SUPER_2,3160000,105,8,9,122,55,50,9.3529415
SUPER_2,3170000,178,16,11,205,94,84,8.037037
SUPER_2,3180000,20,1,3,24,11,9,1.25
SUPER_2,3190000,116,6,17,139,55,61,4.7826085
SUPER_2,3200000,143,14,12,169,70,73,13.692307
SUPER_2,3210000,116,7,12,135,61,55,7.736842
SUPER_2,3220000,135,10,11,156,68,67,6.3333335
SUPER_2,3230000,128,12,6,146,67,61,8.055555
SUPER_2,3240000,138,11,11,160,71,67,6.818182
SUPER_2,3250000,84,6,5,95,44,40,3.4545455
SUPER_2,3260000,136,10,11,157,79,57,3.1904762
SUPER_2,3270000,105,3,7,115,48,57,3.7
SUPER_2,3280000,113,3,8,124,58,55,10.272727
SUPER_2,3290000,147,15,11,173,69,78,4.5384617
SUPER_2,3300000,80,6,7,93,36,44,10.538462
SUPER_2,3310000,1,0,0,1,0,1,NaN
SUPER_2,3320000,0,0,0,0,0,0,0
SUPER_2,3330000,0,0,0,0,0,0,0
SUPER_2,3340000,1,3,0,4,0,1,8.333333
SUPER_2,3350000,2,1,0,3,2,0,4
SUPER_2,3360000,4,0,0,4,1,3,NaN
SUPER_2,3370000,3,0,0,3,0,3,NaN
SUPER_2,3380000,4,1,0,5,2,2,2
SUPER_2,3390000,0,1,0,1,0,0,1
SUPER_2,3400000,9,4,0,13,5,4,2
SUPER_2,3410000,0,0,0,0,0,0,0
SUPER_2,3420000,0,0,0,0,0,0,0
SUPER_2,3430000,0,0,0,0,0,0,0
SUPER_2,3440000,6,0,0,6,3,3,NaN
SUPER_2,3450000,1,0,1,2,1,0,13
SUPER_2,3460000,2,0,2,4,2,0,4
SUPER_2,3470000,1,3,1,5,0,1,10.5
SUPER_2,3480000,7,0,0,7,3,4,NaN
SUPER_2,3490000,2,0,0,2,1,1,NaN
SUPER_2,3500000,125,13,15,153,66,59,39.107143
SUPER_2,3510000,99,11,8,118,51,48,7.0526314
SUPER_2,3520000,53,5,4,62,21,32,17.222221
SUPER_2,3530000,103,8,12,123,62,41,11.35
SUPER_2,3540000,55,6,8,69,25,30,9
SUPER_2,3550000,58,3,9,70,26,32,8.833333
SUPER_2,3560000,83,6,4,93,53,30,13.5
SUPER_2,3570000,88,10,11,109,46,42,3.047619
SUPER_2,3580000,69,3,9,81,36,33,6.1666665
SUPER_2,3590000,85,4,13,102,41,44,6.117647
SUPER_2,3600000,99,15,8,122,56,43,5.2608695
SUPER_2,3610000,15,1,1,17,10,5,5
SUPER_2,3620000,30,5,2,37,11,19,18.285715
SUPER_2,3630000,17,0,3,20,9,8,4.6666665
SUPER_2,3640000,49,5,5,59,26,23,5.5
SUPER_2,3650000,26,2,3,31,19,7,2.2
SUPER_2,3660000,41,2,1,44,18,23,9.666667
SUPER_2,3670000,87,5,15,107,49,38,5.8
SUPER_2,3680000,52,2,6,60,25,27,13.75
SUPER_2,3690000,127,9,13,149,61,66,11.818182
SUPER_2,3700000,3,0,0,3,1,2,NaN
SUPER_2,3710000,102,5,8,115,44,58,7.769231
SUPER_2,3720000,125,19,7,151,52,73,8.961538
SUPER_2,3730000,175,8,11,194,78,97,7.0526314
SUPER_2,3740000,91,8,1,100,39,52,7.7777777
SUPER_2,3750000,56,2,9,67,26,30,4.7272725
SUPER_2,3760000,29,0,1,30,12,17,20
SUPER_2,3770000,71,3,4,78,41,30,3.7142856
SUPER_2,3780000,127,9,12,148,71,56,5.904762
SUPER_2,3790000,90,6,6,102,44,46,4.3333335
SUPER_2,3800000,38,0,5,43,12,26,14.8
SUPER_2,3810000,2,0,1,3,1,1,4
SUPER_2,3820000,1,1,0,2,1,0,3
SUPER_2,3830000,21,2,3,26,10,11,3.8
SUPER_2,3840000,152,8,8,168,73,79,11
SUPER_2,3850000,113,7,6,126,61,52,9.923077
SUPER_2,3860000,96,8,5,109,46,50,7.923077
SUPER_2,3870000,27,0,3,30,13,14,1.3333334
SUPER_2,3880000,102,9,7,118,56,46,37.1875
SUPER_2,3890000,148,12,9,169,70,78,5.7619047
SUPER_2,3900000,56,5,5,66,32,24,6.2
SUPER_2,3910000,85,7,5,97,41,44,7.75
SUPER_2,3920000,89,8,6,103,49,40,5.5
SUPER_2,3930000,120,11,11,142,66,54,18.272728
SUPER_2,3940000,114,13,7,134,55,59,36.7
SUPER_2,3950000,46,4,3,53,20,26,6.571429
SUPER_2,3960000,115,2,4,121,67,48,5.1666665
SUPER_2,3970000,182,12,19,213,82,100,7.290323
SUPER_2,3980000,61,12,5,78,24,37,13.705882
SUPER_2,3990000,143,16,5,164,67,76,4.7619047
SUPER_2,4000000,130,14,7,151,66,64,18.857143
SUPER_2,4010000,0,0,0,0,0,0,0
SUPER_2,4020000,0,0,0,0,0,0,0
SUPER_2,4030000,35,2,1,38,14,21,12
SUPER_2,4040000,1,0,1,2,0,1,1
SUPER_2,4050000,5,0,1,6,4,1,1
SUPER_2,4060000,1,0,0,1,1,0,NaN
SUPER_2,4070000,2,0,0,2,1,1,NaN
SUPER_2,4080000,0,0,0,0,0,0,0
SUPER_2,4090000,0,0,0,0,0,0,0
SUPER_2,4100000,38,3,2,43,23,15,4.8
SUPER_2,4110000,98,8,7,113,55,43,7.4
SUPER_2,4120000,114,8,9,131,68,46,3.6470587
SUPER_2,4130000,107,7,9,123,51,56,9.875
SUPER_2,4140000,84,5,9,98,38,46,2.142857
SUPER_2,4150000,163,7,12,182,93,70,7.3157897
SUPER_2,4160000,105,7,11,123,62,43,5.0555553
SUPER_2,4170000,92,10,9,111,47,45,6
SUPER_2,4180000,203,11,12,226,111,92,4.5652175
SUPER_2,4190000,162,11,16,189,89,73,15.666667
SUPER_2,4200000,163,15,5,183,86,77,1.95
SUPER_2,4210000,130,2,14,146,65,65,18.4375
SUPER_2,4220000,172,16,9,197,90,82,16.68
SUPER_2,4230000,55,4,3,62,32,23,7.285714
SUPER_2,4240000,168,6,5,179,82,86,6.181818
SUPER_2,4250000,88,6,6,100,53,35,12.166667
SUPER_2,4260000,0,0,0,0,0,0,0
SUPER_2,4270000,0,0,0,0,0,0,0
SUPER_2,4280000,0,0,0,0,0,0,0
SUPER_2,4290000,286,11,27,324,141,145,4.2105265
SUPER_2,4300000,141,8,10,159,65,76,12.222222
SUPER_2,4310000,151,12,9,172,88,63,7.571429
SUPER_2,4320000,7,0,0,7,3,4,NaN
SUPER_2,4330000,6,1,0,7,4,2,5
SUPER_2,4340000,2,0,0,2,1,1,NaN
SUPER_2,4350000,2,1,0,3,1,1,12
SUPER_2,4360000,0,1,0,1,0,0,26
SUPER_2,4370000,168,16,12,196,93,75,29.535715
SUPER_2,4380000,2,0,0,2,1,1,NaN
SUPER_2,4390000,1,0,0,1,1,0,NaN
SUPER_2,4400000,2,0,0,2,1,1,NaN
SUPER_2,4410000,1,0,0,1,1,0,NaN
SUPER_2,4420000,3,0,0,3,2,1,NaN
SUPER_2,4430000,3,1,0,4,1,2,1
SUPER_2,4440000,0,1,1,2,0,0,6
SUPER_2,4450000,1,0,0,1,1,0,NaN
SUPER_2,4460000,9,2,0,11,5,4,1.5
SUPER_2,4470000,1,1,0,2,1,0,6
SUPER_2,4480000,2,1,0,3,1,1,28
SUPER_2,4490000,4,0,0,4,0,4,NaN
SUPER_2,4500000,74,7,8,89,36,38,5.9333334
SUPER_2,4510000,46,3,4,53,26,20,12
SUPER_2,4520000,3,0,0,3,1,2,NaN
SUPER_2,4530000,3,1,2,6,1,2,4
SUPER_2,4540000,3,0,0,3,1,2,NaN
SUPER_2,4550000,1,0,0,1,1,0,NaN
SUPER_2,4560000,4,0,1,5,3,1,2
SUPER_2,4570000,7,2,0,9,3,4,2.5
SUPER_2,4580000,12,3,4,19,4,8,7.714286
SUPER_2,4590000,50,5,2,57,24,26,9.714286
SUPER_2,4600000,32,4,1,37,18,14,13.2
SUPER_2,4610000,100,5,9,114,47,53,5.357143
SUPER_2,4620000,100,9,3,112,55,45,3.5833333
SUPER_2,4630000,133,8,9,150,65,68,2.5294118
SUPER_2,4640000,161,8,17,186,81,80,4.12
SUPER_2,4650000,105,8,12,125,49,56,4.55
SUPER_2,4660000,48,1,3,52,23,25,78.5
SUPER_2,4670000,3,1,0,4,2,1,12
SUPER_2,4680000,1,0,0,1,0,1,NaN
SUPER_2,4690000,70,6,2,78,25,45,2
SUPER_2,4700000,23,1,0,24,7,16,5
SUPER_2,4710000,164,12,15,191,81,83,27.555555
SUPER_2,4720000,128,9,11,148,51,77,4.9
SUPER_2,4730000,106,4,4,114,59,47,2
SUPER_2,4740000,107,9,10,126,47,60,4
SUPER_2,4750000,78,6,5,89,43,35,6.3636365
SUPER_2,4760000,40,3,7,50,23,17,2
SUPER_2,4770000,159,14,12,185,75,84,5.730769
SUPER_2,4780000,65,4,7,76,35,30,4.818182
SUPER_2,4790000,159,11,12,182,83,76,8.217391
SUPER_2,4800000,88,9,13,110,46,42,5.090909
SUPER_2,4810000,126,9,7,142,64,62,6.875
SUPER_2,4820000,143,10,7,160,75,68,16.588236
SUPER_2,4830000,169,14,15,198,84,85,22.172413
SUPER_2,4840000,9,1,2,12,6,3,4.6666665
SUPER_2,4850000,2,0,0,2,1,1,NaN
SUPER_2,4860000,109,4,9,122,63,46,19.384615
SUPER_2,4870000,116,3,13,132,55,61,35.3125
SUPER_2,4880000,96,9,11,116,47,49,4.2
SUPER_2,4890000,48,3,4,55,24,24,7.285714
SUPER_2,4900000,63,1,4,68,38,25,6.8
SUPER_2,4910000,83,6,8,97,44,39,6.714286
SUPER_2,4920000,173,10,11,194,78,95,14.571428
SUPER_2,4930000,76,6,8,90,42,34,6
SUPER_2,4940000,107,4,14,125,65,42,14.666667
SUPER_2,4950000,165,14,11,190,80,85,8.12
SUPER_2,4960000,98,6,5,109,50,48,2.5454545
SUPER_2,4970000,74,3,6,83,37,37,9.333333
SUPER_2,4980000,64,9,7,80,23,41,4.5625
SUPER_2,4990000,116,8,8,132,62,54,6.9375
SUPER_2,5000000,42,4,2,48,20,22,13.333333
SUPER_2,5010000,65,4,4,73,35,30,5.875
SUPER_2,5020000,19,4,2,25,10,9,5.1666665
SUPER_2,5030000,0,0,0,0,0,0,0
SUPER_2,5040000,0,0,0,0,0,0,0
SUPER_2,5050000,6,1,2,9,2,4,6.3333335
SUPER_2,5060000,2,0,0,2,0,2,NaN
SUPER_2,5070000,1,0,0,1,0,1,NaN
SUPER_2,5080000,1,0,0,1,1,0,NaN
SUPER_2,5090000,5,0,0,5,2,3,NaN
SUPER_2,5100000,15,2,2,19,7,8,1.5
SUPER_2,5110000,168,21,8,197,90,78,7.7586207
SUPER_2,5120000,122,8,6,136,74,48,6.5
SUPER_2,5130000,167,8,12,187,86,81,8.55
SUPER_2,5140000,94,4,14,112,45,49,9.722222
SUPER_2,5150000,5,1,2,8,0,5,1.3333334
SUPER_2,5160000,90,4,10,104,45,45,12.642858
SUPER_2,5170000,102,5,14,121,50,52,7.263158
SUPER_2,5180000,47,4,6,57,24,23,5.7
SUPER_2,5190000,104,6,7,117,49,55,5.3076925
SUPER_2,5200000,118,5,9,132,57,61,5.928571
SUPER_2,5210000,174,10,13,197,88,86,9.478261
SUPER_2,5220000,222,18,23,263,126,96,6.292683
SUPER_2,5230000,122,9,9,140,70,52,7.9444447
SUPER_2,5240000,141,16,7,164,73,68,13
SUPER_2,5250000,45,2,1,48,24,21,18
SUPER_2,5260000,76,13,8,97,36,40,5.8095236
SUPER_2,5270000,109,4,7,120,66,43,2.4545455
SUPER_2,5280000,3,1,1,5,1,2,2
SUPER_2,5290000,4,0,1,5,1,3,3
SUPER_2,5300000,14,5,4,23,7,7,3.1111112
SUPER_2,5310000,59,5,6,70,35,24,8.181818
SUPER_2,5320000,47,3,4,54,26,21,8.428572
SUPER_2,5330000,111,8,5,124,53,58,4.4615383
SUPER_2,5340000,54,1,4,59,22,32,2
SUPER_2,5350000,42,4,2,48,21,21,6.5
SUPER_2,5360000,26,1,1,28,16,10,2.5
SUPER_2,5370000,10,1,1,12,3,7,1.5
SUPER_2,5380000,145,11,9,165,80,65,5.7
SUPER_2,5390000,125,10,9,144,67,58,7.6842103
SUPER_2,5400000,124,9,6,139,68,56,6.2
SUPER_2,5410000,25,5,6,36,9,16,19.09091
SUPER_2,5420000,197,19,12,228,98,99,7.387097
SUPER_2,5430000,132,10,16,158,56,76,9.461538
SUPER_2,5440000,113,10,5,128,63,50,12.666667
SUPER_2,5450000,47,3,3,53,16,31,29
SUPER_2,5460000,27,4,2,33,11,16,2.8333333
SUPER_2,5470000,62,3,3,68,29,33,7
SUPER_2,5480000,3,0,0,3,2,1,NaN
SUPER_2,5490000,4,1,1,6,3,1,10.5
SUPER_2,5500000,1,0,0,1,1,0,NaN
SUPER_2,5510000,0,0,0,0,0,0,0
SUPER_2,5520000,0,0,0,0,0,0,0
SUPER_2,5530000,0,0,0,0,0,0,0
SUPER_2,5540000,0,0,0,0,0,0,0
SUPER_2,5550000,6,1,0,7,6,0,6
SUPER_2,5560000,1,0,0,1,1,0,NaN
SUPER_2,5570000,67,3,4,74,34,33,6.571429
SUPER_2,5580000,144,8,8,160,74,70,13.3125
SUPER_2,5590000,103,9,7,119,60,43,4.3125
SUPER_2,5600000,70,4,6,80,27,43,2.5
SUPER_2,5610000,2,0,0,2,1,1,NaN
SUPER_2,5620000,45,2,5,52,23,22,8
SUPER_2,5630000,95,7,9,111,47,48,6.5625
SUPER_2,5640000,227,17,20,264,111,116,12.486486
SUPER_2,5650000,0,0,0,0,0,0,0
SUPER_2,5660000,0,0,0,0,0,0,0
SUPER_2,5670000,50,5,6,61,22,28,5.6363635
SUPER_2,5680000,1,1,1,3,0,1,3
SUPER_2,5690000,32,1,1,34,16,16,16
SUPER_2,5700000,131,15,6,152,70,61,6.047619
SUPER_2,5710000,101,7,5,113,43,58,3.6666667
SUPER_2,5720000,79,5,8,92,39,40,2.2307692
SUPER_2,5730000,4,1,0,5,1,3,1
SUPER_2,5740000,0,1,0,1,0,0,4
SUPER_2,5750000,3,0,0,3,0,3,NaN
SUPER_2,5760000,1,0,1,2,1,0,2
SUPER_2,5770000,3,0,0,3,1,2,NaN
SUPER_2,5780000,3,0,0,3,2,1,NaN
SUPER_2,5790000,23,3,0,26,12,11,1.3333334
SUPER_2,5800000,148,11,10,169,65,83,15.095238
SUPER_2,5810000,142,13,10,165,75,67,4.4347825
SUPER_2,5820000,128,14,9,151,63,65,34.173912
SUPER_2,5830000,88,8,6,102,47,41,3.2857144
SUPER_2,5840000,49,4,2,55,24,25,1.3333334
SUPER_2,5850000,141,10,11,162,64,77,5.6190476
SUPER_2,5860000,92,7,3,102,46,46,4.8
SUPER_2,5870000,121,9,10,140,55,66,4.5789475
SUPER_2,5880000,123,8,7,138,60,63,5
SUPER_2,5890000,136,11,9,156,69,67,9.1
SUPER_2,5900000,165,15,13,193,74,91,6.25
SUPER_2,5910000,114,8,6,128,52,62,2.5714285
SUPER_2,5920000,11,3,0,14,5,6,1.6666666
SUPER_2,5930000,18,4,1,23,8,10,1.2
SUPER_2,5940000,111,10,6,127,55,56,48.4375
SUPER_2,5950000,0,0,0,0,0,0,0
SUPER_2,5960000,0,0,0,0,0,0,0
SUPER_2,5970000,86,6,4,96,40,46,5.1
SUPER_2,5980000,194,15,13,222,96,98,5.321429
SUPER_2,5990000,96,4,10,110,47,49,9.214286
SUPER_2,6000000,110,6,8,124,60,50,13.428572
SUPER_2,6010000,85,9,6,100,47,38,5.6
SUPER_2,6020000,126,9,16,151,56,70,12.68
SUPER_2,6030000,69,5,6,80,27,42,4.818182
SUPER_2,6040000,20,2,1,23,7,13,15.666667
SUPER_2,6050000,102,6,9,117,50,52,6.4666667
SUPER_2,6060000,49,4,0,53,28,21,3.25
SUPER_2,6070000,136,8,14,158,68,68,9.681818
SUPER_2,6080000,88,4,7,99,52,36,4.3636365
SUPER_2,6090000,107,9,5,121,56,51,7.571429
SUPER_2,6100000,150,10,8,168,76,74,8.166667
SUPER_2,6110000,125,8,10,143,73,52,3.5555556
SUPER_2,6120000,75,6,10,91,37,38,9
SUPER_2,6130000,20,3,3,26,15,5,9.166667
SUPER_2,6140000,233,17,20,270,123,110,5.4324327
SUPER_2,6150000,186,14,13,213,90,96,4.3333335
SUPER_2,6160000,42,7,3,52,20,22,5.4
SUPER_2,6170000,51,5,7,63,23,28,16.166666
SUPER_2,6180000,113,7,9,129,61,52,40.5625
SUPER_2,6190000,29,1,4,34,12,17,11.8
SUPER_2,6200000,96,6,9,111,54,42,8.666667
SUPER_2,6210000,142,8,17,167,72,70,11.64
SUPER_2,6220000,27,2,2,31,12,15,2
SUPER_2,6230000,24,3,2,29,10,14,8
SUPER_2,6240000,68,7,3,78,35,33,4.5
SUPER_2,6250000,173,16,9,198,69,104,12.4
SUPER_2,6260000,102,8,2,112,46,56,3.9
SUPER_2,6270000,92,5,6,103,47,45,6.909091
SUPER_2,6280000,101,7,7,115,55,46,12.142858
SUPER_2,6290000,142,10,15,167,72,70,7.44
SUPER_2,6300000,103,6,8,117,46,57,4.928571
SUPER_2,6310000,31,0,5,36,14,17,6.8
SUPER_2,6320000,0,0,0,0,0,0,0
SUPER_2,6330000,0,0,0,0,0,0,0
SUPER_2,6340000,37,1,3,41,17,20,2
SUPER_2,6350000,155,11,11,177,72,83,21.59091
SUPER_2,6360000,186,10,19,215,89,97,39.724136
SUPER_2,6370000,95,6,10,111,50,45,8.1875
SUPER_2,6380000,131,8,9,148,71,60,5.4117646
SUPER_2,6390000,182,22,11,215,100,82,5.939394
SUPER_2,6400000,110,11,10,131,59,51,3.7619047
SUPER_2,6410000,51,7,4,62,21,30,7.909091
SUPER_2,6420000,58,2,10,70,17,41,15.583333
SUPER_2,6430000,68,3,5,76,42,26,17.5
SUPER_2,6440000,123,14,11,148,55,68,10.88
SUPER_2,6450000,111,9,9,129,59,52,7.8333335
SUPER_2,6460000,174,14,16,204,92,82,5.4333334
SUPER_2,6470000,46,4,3,53,23,23,6.857143
SUPER_2,6480000,58,3,2,63,34,24,15.6
SUPER_2,6490000,0,1,0,1,0,0,2
SUPER_2,6500000,4,0,0,4,2,2,NaN
SUPER_2,6510000,0,0,0,0,0,0,0
SUPER_2,6520000,0,0,0,0,0,0,0
SUPER_2,6530000,3,0,0,3,2,1,NaN
SUPER_2,6540000,2,0,0,2,2,0,NaN
SUPER_2,6550000,1,1,0,2,1,0,1
SUPER_2,6560000,5,1,0,6,3,2,1
SUPER_2,6570000,1,0,0,1,1,0,NaN
SUPER_2,6580000,0,0,0,0,0,0,0
SUPER_2,6590000,0,0,0,0,0,0,0
SUPER_2,6600000,4,2,0,6,1,3,1.5
SUPER_2,6610000,1,0,0,1,0,1,NaN
SUPER_2,6620000,51,9,5,65,26,25,5.857143
SUPER_2,6630000,94,4,3,101,46,48,2.857143
SUPER_2,6640000,2,0,1,3,0,2,20
SUPER_2,6650000,1,0,2,3,0,1,13.5
SUPER_2,6660000,73,3,5,81,39,34,18.375
SUPER_2,6670000,131,14,16,161,70,61,15.466666
SUPER_2,6680000,139,12,14,165,71,68,9.423077
SUPER_2,6690000,45,1,8,54,20,25,6.888889
SUPER_2,6700000,113,10,7,130,55,58,6.470588
SUPER_2,6710000,74,4,5,83,37,37,7.4444447
SUPER_2,6720000,89,7,8,104,46,43,15.266666
SUPER_2,6730000,133,8,13,154,57,76,4.571429
SUPER_2,6740000,29,4,2,35,18,11,5.8333335
SUPER_2,6750000,47,2,2,51,28,19,3.5
SUPER_2,6760000,86,10,10,106,39,47,4.7
SUPER_2,6770000,133,10,12,155,66,67,7.3636365
SUPER_2,6780000,27,0,2,29,15,12,2
SUPER_2,6790000,147,6,7,160,74,73,13.076923
SUPER_2,6800000,88,5,5,98,38,50,7.5
SUPER_2,6810000,229,11,9,249,110,119,15.9
SUPER_2,6820000,77,2,0,79,35,42,2
SUPER_2,6830000,11,0,0,11,5,6,NaN
SUPER_2,6840000,2,0,1,3,0,2,2
SUPER_2,6850000,3,0,0,3,1,2,NaN
SUPER_2,6860000,0,0,1,1,0,0,1
SUPER_2,6870000,2,0,1,3,1,1,8
SUPER_2,6880000,1,0,0,1,0,1,NaN
SUPER_2,6890000,2,0,0,2,2,0,NaN
SUPER_2,6900000,63,9,5,77,37,26,18.428572
SUPER_2,6910000,115,12,8,135,59,56,4.3
SUPER_2,6920000,41,2,0,43,19,22,2.5
SUPER_2,6930000,47,0,3,50,21,26,15.666667
SUPER_2,6940000,33,2,3,38,23,10,11.8
SUPER_2,6950000,2,0,0,2,2,0,NaN
SUPER_2,6960000,1,0,0,1,1,0,NaN
SUPER_2,6970000,7,1,2,10,2,5,8.333333
SUPER_2,6980000,75,6,5,86,38,37,12.818182
SUPER_2,6990000,164,6,7,177,85,79,7.3076925
SUPER_2,7000000,57,0,4,61,33,24,1.25
SUPER_2,7010000,96,10,8,114,46,50,3.6111112
SUPER_2,7020000,148,6,14,168,76,72,4.95
SUPER_2,7030000,60,5,7,72,36,24,6.75
SUPER_2,7040000,74,6,3,83,38,36,3.7777777
SUPER_2,7050000,87,2,8,97,42,45,9.1
SUPER_2,7060000,101,11,6,118,63,38,6.529412
SUPER_2,7070000,69,6,5,80,41,28,3.3636363
SUPER_2,7080000,66,5,1,72,36,30,1.8333334
SUPER_2,7090000,142,15,18,175,72,70,7.2727275
SUPER_2,7100000,14,2,1,17,8,6,11.333333
SUPER_2,7110000,69,5,5,79,34,35,14.8
SUPER_2,7120000,56,8,6,70,30,26,3.4285715
SUPER_2,7130000,62,3,10,75,40,22,45.53846
SUPER_2,7140000,138,17,15,170,64,74,8.71875
SUPER_2,7150000,212,11,13,236,114,98,5.1666665
SUPER_2,7160000,104,3,3,110,57,47,5.5
SUPER_2,7170000,48,2,5,55,18,30,6.142857
SUPER_2,7180000,118,5,11,134,61,57,14.8125
SUPER_2,7190000,169,10,14,193,89,80,12.791667
SUPER_2,7200000,169,13,9,191,84,85,4.8636365
SUPER_2,7210000,136,3,4,143,76,60,8.428572
SUPER_2,7220000,131,15,8,154,66,65,4.9565215
SUPER_2,7230000,58,3,4,65,33,25,35.714287
SUPER_2,7240000,64,8,5,77,40,24,8.846154
SUPER_2,7250000,139,8,9,156,91,48,7
SUPER_2,7260000,117,7,8,132,62,55,6.5333333
SUPER_2,7270000,129,9,10,148,63,66,6.736842
SUPER_2,7280000,32,4,2,38,14,18,1.3333334
SUPER_2,7290000,137,9,6,152,66,71,7.0666666
SUPER_2,7300000,118,6,19,143,57,61,9.28
SUPER_2,7310000,12,0,1,13,5,7,1
SUPER_2,7320000,114,10,5,129,59,55,14.733334
SUPER_2,7330000,12,1,1,14,5,7,12.5
SUPER_2,7340000,27,4,2,33,11,16,10.166667
SUPER_2,7350000,4,0,0,4,2,2,NaN
SUPER_2,7360000,11,0,1,12,6,5,1
SUPER_2,7370000,58,8,5,71,32,26,6.1538463
SUPER_2,7380000,80,6,10,96,34,46,6.25
SUPER_2,7390000,130,4,13,147,84,46,7.0588236
SUPER_2,7400000,61,3,2,66,33,28,5.2
SUPER_2,7410000,149,10,7,166,72,77,3.5294118
SUPER_2,7420000,102,6,4,112,57,45,7.2
SUPER_2,7430000,106,7,11,124,60,46,12.777778
SUPER_2,7440000,89,8,12,109,44,45,7.7
SUPER_2,7450000,196,13,17,226,98,98,4
SUPER_2,7460000,151,5,15,171,74,77,6.35
SUPER_2,7470000,16,2,3,21,10,6,1.4
SUPER_2,7480000,160,12,9,181,74,86,3.5714285
SUPER_2,7490000,179,12,13,204,96,83,14.16
SUPER_2,7500000,170,11,15,196,86,84,8.807693
SUPER_2,7510000,23,2,3,28,12,11,4.4
SUPER_2,7520000,98,11,12,121,42,56,9.391304
SUPER_2,7530000,116,13,8,137,49,67,21.380953
SUPER_2,7540000,167,7,13,187,89,78,4.25
SUPER_2,7550000,102,3,6,111,55,47,15.222222
SUPER_2,7560000,1,1,0,2,1,0,2
SUPER_2,7570000,95,4,8,107,56,39,4.5833335
SUPER_2,7580000,90,6,8,104,47,43,25.214285
SUPER_2,7590000,85,5,7,97,42,43,6
SUPER_2,7600000,0,0,0,0,0,0,0
SUPER_2,7610000,0,0,0,0,0,0,0
SUPER_2,7620000,131,12,13,156,65,66,2.84
SUPER_2,7630000,28,7,4,39,14,14,8.454545
SUPER_2,7640000,93,7,8,108,48,45,6.266667
SUPER_2,7650000,3,0,0,3,2,1,NaN
SUPER_2,7660000,0,1,0,1,0,0,1
SUPER_2,7670000,59,3,4,66,33,26,113.85714
SUPER_2,7680000,180,6,12,198,112,68,9.833333
SUPER_2,7690000,146,11,11,168,68,78,7.7727275
SUPER_2,7700000,164,14,10,188,93,71,5.75
SUPER_2,7710000,60,4,4,68,35,25,3.75
SUPER_2,7720000,19,1,1,21,10,9,2.5
SUPER_2,7730000,145,6,11,162,71,74,4.7058825
SUPER_2,7740000,121,9,5,135,62,59,19.285715
SUPER_2,7750000,151,5,15,171,80,71,7.35
SUPER_2,7760000,53,0,7,60,34,19,4.428571
SUPER_2,7770000,34,5,4,43,16,18,5.2222223
SUPER_2,7780000,49,4,2,55,31,18,13.5
SUPER_2,7790000,96,10,6,112,47,49,12.6875
SUPER_2,7800000,135,6,11,152,64,71,4.470588
SUPER_2,7810000,156,18,15,189,77,79,8.090909
SUPER_2,7820000,2,0,0,2,1,1,NaN
SUPER_2,7830000,0,0,0,0,0,0,0
SUPER_2,7840000,0,0,0,0,0,0,0
SUPER_2,7850000,0,0,0,0,0,0,0
SUPER_2,7860000,0,0,0,0,0,0,0
SUPER_2,7870000,47,3,3,53,23,24,8.333333
SUPER_2,7880000,2,0,0,2,2,0,NaN
SUPER_2,7890000,1,1,0,2,0,1,5
SUPER_2,7900000,1,0,0,1,1,0,NaN
SUPER_2,7910000,0,1,1,2,0,0,19.5
SUPER_2,7920000,14,0,2,16,10,4,1
SUPER_2,7930000,69,2,2,73,31,38,4.75
SUPER_2,7940000,154,12,14,180,83,71,5.0384617
SUPER_2,7950000,157,9,10,176,80,77,12.052631
SUPER_2,7960000,111,10,8,129,57,54,6.5
SUPER_2,7970000,111,2,7,120,67,44,9.111111
SUPER_2,7980000,125,5,7,137,68,57,4.5
SUPER_2,7990000,80,7,3,90,46,34,6.7
SUPER_2,8000000,156,7,6,169,84,72,6.4615383
SUPER_2,8010000,123,9,7,139,69,54,7.5625
SUPER_2,8020000,167,13,9,189,82,85,52.045456
SUPER_2,8030000,159,18,6,183,73,86,4.1666665
SUPER_2,8040000,124,6,9,139,59,65,5.3333335
SUPER_2,8050000,1,0,0,1,1,0,NaN
SUPER_2,8060000,164,7,12,183,84,80,6.5263157
SUPER_2,8070000,155,8,14,177,70,85,3.1363637
SUPER_2,8080000,123,9,9,141,63,60,12
SUPER_2,8090000,25,4,6,35,16,9,8.5
SUPER_2,8100000,105,8,10,123,55,50,7.611111
SUPER_2,8110000,96,4,8,108,45,51,4.6666665
SUPER_2,8120000,0,0,0,0,0,0,0
SUPER_2,8130000,0,0,0,0,0,0,0
SUPER_2,8140000,54,1,5,60,20,34,7.3333335
SUPER_2,8150000,1,0,0,1,0,1,NaN
SUPER_2,8160000,1,0,0,1,0,1,NaN
SUPER_2,8170000,3,1,0,4,2,1,32
SUPER_2,8180000,3,0,0,3,2,1,NaN
SUPER_2,8190000,10,0,0,10,5,5,NaN
SUPER_2,8200000,3,0,1,4,1,2,3
SUPER_2,8210000,0,0,0,0,0,0,0
SUPER_2,8220000,0,0,0,0,0,0,0
SUPER_2,8230000,192,12,12,216,93,99,6.25
SUPER_2,8240000,214,19,10,243,108,106,4.6896553
SUPER_2,8250000,25,3,3,31,10,15,5.5
SUPER_2,8260000,1,0,1,2,0,1,5
SUPER_2,8270000,2,0,1,3,1,1,668
SUPER_2,8280000,0,0,0,0,0,0,0
SUPER_2,8290000,0,0,0,0,0,0,0
SUPER_2,8300000,0,0,3,3,0,0,3.3333333
SUPER_2,8310000,13,0,0,13,6,7,NaN
SUPER_2,8320000,83,6,15,104,42,41,18.428572
SUPER_2,8330000,143,10,6,159,70,73,4.5
SUPER_2,8340000,128,11,9,148,63,65,18
SUPER_2,8350000,29,4,1,34,15,14,5.6
SUPER_2,8360000,2,0,1,3,2,0,2
SUPER_2,8370000,1,0,0,1,1,0,NaN
SUPER_2,8380000,3,1,1,5,2,1,1
SUPER_2,8390000,0,0,0,0,0,0,0
SUPER_2,8400000,0,0,0,0,0,0,0
SUPER_2,8410000,4,1,0,5,1,3,1
SUPER_2,8420000,2,0,2,4,1,1,22
SUPER_2,8430000,1,1,0,2,0,1,33
SUPER_2,8440000,11,1,1,13,4,7,1
SUPER_2,8450000,132,11,10,153,65,67,27.190475
SUPER_2,8460000,83,7,7,97,38,45,3.857143
SUPER_2,8470000,84,3,11,98,39,45,2.4285715
SUPER_2,8480000,105,9,10,124,43,62,12
SUPER_2,8490000,2,0,0,2,2,0,NaN
SUPER_2,8500000,96,12,6,114,46,50,7.8333335
SUPER_2,8510000,112,13,13,138,54,58,9.269231
SUPER_2,8520000,133,16,17,166,69,64,7.5454545
SUPER_2,8530000,21,1,1,23,13,8,3
SUPER_2,8540000,1,0,0,1,0,1,NaN
SUPER_2,8550000,22,0,0,22,12,10,NaN
SUPER_2,8560000,0,0,0,0,0,0,0
SUPER_2,8570000,0,0,0,0,0,0,0
SUPER_2,8580000,10,0,1,11,7,3,3
SUPER_2,8590000,0,1,1,2,0,0,1
SUPER_2,8600000,4,1,0,5,2,2,1
SUPER_2,8610000,0,0,0,0,0,0,0
SUPER_2,8620000,0,0,0,0,0,0,0
SUPER_2,8630000,4,2,1,7,2,2,1
SUPER_2,8640000,0,1,1,2,0,0,2
SUPER_2,8650000,8,0,0,8,4,4,NaN
SUPER_2,8660000,68,2,9,79,30,38,12.909091
SUPER_2,8670000,87,5,5,97,44,43,7.3
SUPER_2,8680000,73,9,3,85,36,37,2
SUPER_2,8690000,55,5,4,64,22,33,3.1111112
SUPER_2,8700000,104,6,7,117,52,52,4.4615383
SUPER_2,8710000,110,9,11,130,54,56,13.45
SUPER_2,8720000,211,21,16,248,110,101,6.108108
SUPER_2,8730000,131,11,10,152,69,62,7.3333335
SUPER_2,8740000,49,7,3,59,30,19,4.8
SUPER_2,8750000,72,7,3,82,32,40,9.6
SUPER_2,8760000,93,6,5,104,54,39,6.6363635
SUPER_2,8770000,0,1,2,3,0,0,2.3333333
SUPER_2,8780000,3,0,0,3,0,3,NaN
SUPER_2,8790000,1,1,0,2,0,1,2
SUPER_2,8800000,14,0,2,16,6,8,2
SUPER_2,8810000,63,3,5,71,38,25,16.125
SUPER_2,8820000,98,6,8,112,45,53,9.071428
SUPER_2,8830000,60,4,1,65,37,23,7.4
SUPER_2,8840000,130,11,11,152,64,66,6.8636365
SUPER_2,8850000,148,6,10,164,70,78,16.3125
SUPER_2,8860000,52,2,0,54,31,21,7
SUPER_2,8870000,142,10,6,158,63,79,4.5625
SUPER_2,8880000,132,7,8,147,79,53,9.466666
SUPER_2,8890000,167,9,20,196,74,93,16.48276
SUPER_2,8900000,26,5,2,33,16,10,8.142858
SUPER_2,8910000,26,1,3,30,16,10,1.75
SUPER_2,8920000,135,11,10,156,68,67,4.952381
SUPER_2,8930000,143,9,12,164,82,61,14.666667
SUPER_2,8940000,106,7,6,119,58,48,3.7692308
SUPER_2,8950000,139,12,11,162,70,69,15.913043
SUPER_2,8960000,35,1,4,40,16,19,6.4
SUPER_2,8970000,43,3,6,52,28,15,11.111111
SUPER_2,8980000,153,7,10,170,77,76,11.176471
SUPER_2,8990000,106,7,11,124,46,60,6.0555553
SUPER_2,9000000,0,0,0,0,0,0,0
SUPER_2,9010000,0,0,0,0,0,0,0
SUPER_2,9020000,100,13,12,125,48,52,6.04
SUPER_2,9030000,4,0,2,6,3,1,2
SUPER_2,9040000,41,2,5,48,20,21,4.714286
SUPER_2,9050000,100,6,9,115,55,45,6.733333
SUPER_2,9060000,12,0,4,16,4,8,12
SUPER_2,9070000,8,0,0,8,5,3,NaN
SUPER_2,9080000,2,0,0,2,1,1,NaN
SUPER_2,9090000,1,0,0,1,1,0,NaN
SUPER_2,9100000,69,5,4,78,29,40,5.888889
SUPER_2,9110000,135,10,3,148,71,64,4.5384617
SUPER_2,9120000,43,5,6,54,21,22,8.090909
SUPER_2,9130000,2,0,0,2,2,0,NaN
SUPER_2,9140000,3,2,0,5,1,2,4
SUPER_2,9150000,3,0,0,3,0,3,NaN
SUPER_2,9160000,64,4,6,74,32,32,13.3
SUPER_2,9170000,184,13,12,209,90,94,6.04
SUPER_2,9180000,74,2,2,78,33,41,5.5
SUPER_2,9190000,172,11,17,200,96,76,6.142857
SUPER_2,9200000,150,8,9,167,78,72,15.823529
SUPER_2,9210000,11,0,0,11,6,5,NaN
SUPER_2,9220000,144,9,8,161,79,65,6.4117646
SUPER_2,9230000,98,7,7,112,56,42,31.285715
SUPER_2,9240000,68,4,6,78,34,34,96.7
SUPER_2,9250000,205,15,14,234,104,101,12.413794
SUPER_2,9260000,127,12,9,148,58,69,5.4761906
SUPER_2,9270000,174,11,6,191,94,80,6.117647
SUPER_2,9280000,94,8,6,108,44,50,7.428571
SUPER_2,9290000,50,1,5,56,31,19,6.1666665
SUPER_2,9300000,5,0,0,5,1,4,NaN
SUPER_2,9310000,10,0,3,13,5,5,94.333336
SUPER_2,9320000,122,9,8,139,55,67,13.058824
SUPER_2,9330000,128,7,12,147,62,66,7.263158
SUPER_2,9340000,165,10,6,181,92,73,6
SUPER_2,9350000,124,4,7,135,64,60,4.3636365
SUPER_2,9360000,136,17,10,163,80,56,4.185185
SUPER_2,9370000,78,5,7,90,47,31,9.083333
SUPER_2,9380000,9,1,1,11,5,4,5.5
SUPER_2,9390000,4,1,1,6,0,4,14
SUPER_2,9400000,4,0,1,5,2,2,1
SUPER_2,9410000,102,7,9,118,52,50,13.125
SUPER_2,9420000,1,1,0,2,1,0,1
SUPER_2,9430000,2,0,0,2,2,0,NaN
SUPER_2,9440000,55,1,2,58,26,29,12.666667
SUPER_2,9450000,36,3,2,41,18,18,1.4
SUPER_2,9460000,62,5,3,70,22,40,10.5
SUPER_2,9470000,95,9,9,113,50,45,5.5
SUPER_2,9480000,108,9,9,126,52,56,11.5
SUPER_2,9490000,73,2,1,76,39,34,9.666667
SUPER_2,9500000,91,11,10,112,41,50,3.4761906
SUPER_2,9510000,149,10,16,175,66,83,7.230769
SUPER_2,9520000,96,5,3,104,58,38,3.25
SUPER_2,9530000,90,6,10,106,53,37,9.5625
SUPER_2,9540000,50,2,5,57,16,34,4.857143
SUPER_2,9550000,2,0,0,2,2,0,NaN
SUPER_2,9560000,2,1,0,3,1,1,1
SUPER_2,9570000,20,2,2,24,8,12,1.75
SUPER_2,9580000,5,1,0,6,3,2,28
SUPER_2,9590000,3,0,2,5,2,1,82.5
SUPER_2,9600000,0,0,0,0,0,0,0
SUPER_2,9610000,0,0,0,0,0,0,0
SUPER_2,9620000,5,1,0,6,3,2,1
SUPER_2,9630000,2,0,0,2,1,1,NaN
SUPER_2,9640000,0,0,0,0,0,0,0
SUPER_2,9650000,0,0,0,0,0,0,0
SUPER_2,9660000,72,6,4,82,36,36,17.1
SUPER_2,9670000,105,4,9,118,46,59,6.923077
SUPER_2,9680000,44,7,8,59,17,27,5.733333
SUPER_2,9690000,0,0,0,0,0,0,0
SUPER_2,9700000,0,0,0,0,0,0,0
SUPER_2,9710000,147,7,10,164,84,63,7.529412
SUPER_2,9720000,149,11,20,180,74,75,4.387097
SUPER_2,9730000,147,14,17,178,71,76,4.548387
SUPER_2,9740000,137,6,12,155,64,73,6.7222223
SUPER_2,9750000,29,3,1,33,11,18,4.25
SUPER_2,9760000,4,0,0,4,2,2,NaN
SUPER_2,9770000,130,6,7,143,60,70,35.76923
SUPER_2,9780000,94,8,1,103,44,50,3.7777777
SUPER_2,9790000,16,4,1,21,8,8,2
SUPER_2,9800000,74,4,4,82,31,43,21.5
SUPER_2,9810000,65,11,6,82,31,34,3.5882354
SUPER_2,9820000,0,0,0,0,0,0,0
SUPER_2,9830000,0,0,0,0,0,0,0
SUPER_2,9840000,121,9,12,142,68,53,45.666668
SUPER_2,9850000,139,12,10,161,78,61,5.7272725
SUPER_2,9860000,128,11,11,150,75,53,5.5
SUPER_2,9870000,70,5,3,78,37,33,2.875
SUPER_2,9880000,53,5,4,62,31,22,7.2222223
SUPER_2,9890000,22,4,1,27,13,9,6.4
SUPER_2,9900000,0,0,0,0,0,0,0
SUPER_2,9910000,0,0,0,0,0,0,0
SUPER_2,9920000,0,0,0,0,0,0,0
SUPER_2,9930000,0,0,0,0,0,0,0
SUPER_2,9940000,22,3,0,25,12,10,1.3333334
SUPER_2,9950000,22,6,2,30,14,8,10.625
SUPER_2,9960000,29,0,0,29,16,13,NaN
SUPER_2,9970000,4,1,1,6,3,1,2.5
SUPER_2,9980000,22,1,1,24,11,11,12
SUPER_2,9990000,85,5,5,95,51,34,4
SUPER_2,10000000,152,6,7,165,65,87,5.4615383
SUPER_2,10010000,135,9,9,153,74,61,9.722222
SUPER_2,10020000,124,8,8,140,62,62,8.875
SUPER_2,10030000,153,22,12,187,72,81,8.941176
SUPER_2,10040000,0,0,0,0,0,0,0
SUPER_2,10050000,0,0,0,0,0,0,0
SUPER_2,10060000,50,4,5,59,16,34,10.666667
SUPER_2,10070000,47,2,6,55,22,25,2.375
SUPER_2,10080000,0,0,0,0,0,0,0
SUPER_2,10090000,0,0,0,0,0,0,0
SUPER_2,10100000,0,0,0,0,0,0,0
SUPER_2,10110000,80,18,19,117,42,38,2.108108
SUPER_2,10120000,2,1,0,3,2,0,1
SUPER_2,10130000,54,3,1,58,23,31,4.75
SUPER_2,10140000,75,5,3,83,40,35,13.375
SUPER_2,10150000,117,3,7,127,56,61,9
SUPER_2,10160000,4,1,0,5,0,4,1
SUPER_2,10170000,23,0,3,26,13,10,13.333333
SUPER_2,10180000,2,0,0,2,0,2,NaN
SUPER_2,10190000,3,1,1,5,0,3,2.5
SUPER_2,10200000,0,0,0,0,0,0,0
SUPER_2,10210000,0,0,0,0,0,0,0
SUPER_2,10220000,6,1,0,7,2,4,1
SUPER_2,10230000,63,8,7,78,27,36,6.5333333
SUPER_2,10240000,142,9,11,162,72,70,23.65
SUPER_2,10250000,112,7,7,126,58,54,5.428571
SUPER_2,10260000,58,3,8,69,24,34,5.818182
SUPER_2,10270000,77,3,2,82,35,42,1.4
SUPER_2,10280000,98,9,6,113,52,46,6.4666667
SUPER_2,10290000,62,4,4,70,42,20,8.625
SUPER_2,10300000,60,5,6,71,30,30,5
SUPER_2,10310000,98,7,8,113,59,39,2.5333333
SUPER_2,10320000,146,11,11,168,84,62,6.590909
SUPER_2,10330000,199,18,10,227,100,99,17.464285
SUPER_2,10340000,145,10,11,166,71,74,21
SUPER_2,10350000,82,12,2,96,41,41,4.428571
SUPER_2,10360000,119,8,7,134,52,67,6.133333
SUPER_2,10370000,144,9,11,164,89,55,11.75
SUPER_2,10380000,75,6,5,86,39,36,6.3636365
SUPER_2,10390000,110,8,16,134,47,63,5.9166665
SUPER_2,10400000,116,6,8,130,63,53,6.5
SUPER_2,10410000,49,7,3,59,29,20,6.4
SUPER_2,10420000,158,9,18,185,83,75,6.6666665
SUPER_2,10430000,49,2,0,51,23,26,28.5
SUPER_2,10440000,45,0,4,49,24,21,13.75
SUPER_2,10450000,159,5,14,178,81,78,16.052631
SUPER_2,10460000,147,11,10,168,77,70,10.428572
SUPER_2,10470000,76,2,8,86,40,36,44.6
SUPER_2,10480000,70,5,4,79,34,36,2.5555556
SUPER_2,10490000,43,1,2,46,15,28,25.333334
SUPER_2,10500000,3,1,0,4,2,1,6
SUPER_2,10510000,158,12,15,185,71,87,8.259259
SUPER_2,10520000,90,1,7,98,38,52,9.375
SUPER_2,10530000,77,5,5,87,36,41,3.8
SUPER_2,10540000,71,1,7,79,28,43,3.75
SUPER_2,10550000,112,7,10,129,41,71,22
SUPER_2,10560000,121,6,12,139,72,49,4.0555553
SUPER_2,10570000,166,16,9,191,84,82,5.2
SUPER_2,10580000,100,7,6,113,46,54,4.8461537
SUPER_2,10590000,30,0,1,31,15,15,18
SUPER_2,10600000,87,14,7,108,46,41,6.714286
SUPER_2,10610000,78,5,9,92,34,44,21.428572
SUPER_2,10620000,88,7,7,102,45,43,4.071429
SUPER_2,10630000,40,6,3,49,15,25,4.7777777
SUPER_2,10640000,108,6,6,120,66,42,6.0833335
SUPER_2,10650000,76,5,6,87,33,43,2.909091
SUPER_2,10660000,80,7,5,92,41,39,4.5833335
SUPER_2,10670000,74,5,6,85,37,37,24.636364
SUPER_2,10680000,83,11,9,103,39,44,13.8
SUPER_2,10690000,172,16,16,204,73,99,12.59375
SUPER_2,10700000,159,10,22,191,73,86,9.6875
SUPER_2,10710000,107,6,6,119,59,48,11.5
SUPER_2,10720000,120,11,9,140,52,68,6.5
SUPER_2,10730000,74,1,6,81,27,47,7
SUPER_2,10740000,63,3,5,71,28,35,6
SUPER_2,10750000,92,11,10,113,50,42,10.523809
SUPER_2,10760000,82,5,7,94,49,33,49.25
SUPER_2,10770000,18,3,1,22,13,5,3
SUPER_2,10780000,0,0,0,0,0,0,0
SUPER_2,10790000,0,0,0,0,0,0,0
SUPER_2,10800000,21,2,2,25,15,6,8.25
SUPER_2,10810000,1,0,1,2,1,0,2
SUPER_2,10820000,6,0,0,6,4,2,NaN
SUPER_2,10830000,5,0,0,5,4,1,NaN
SUPER_2,10840000,7,2,2,11,3,4,43.25
SUPER_2,10850000,9,0,0,9,1,8,NaN
SUPER_2,10860000,2,0,1,3,2,0,14
SUPER_2,10870000,28,2,3,33,17,11,9
SUPER_2,10880000,31,1,2,34,14,17,16.666666
SUPER_2,10890000,131,10,9,150,66,65,11.263158
SUPER_2,10900000,1,0,1,2,1,0,1
SUPER_2,10910000,1,0,0,1,1,0,NaN
SUPER_2,10920000,0,0,0,0,0,0,0
SUPER_2,10930000,0,0,0,0,0,0,0
SUPER_2,10940000,7,0,0,7,3,4,NaN
SUPER_2,10950000,145,9,8,162,81,64,14.705882
SUPER_2,10960000,114,4,13,131,62,52,2.3529413
SUPER_2,10970000,20,1,5,26,12,8,2.3333333
SUPER_2,10980000,6,1,1,8,1,5,10
SUPER_2,10990000,1,0,0,1,0,1,NaN
SUPER_2,11000000,2,2,0,4,0,2,11.5
SUPER_2,11010000,1,0,0,1,0,1,NaN
SUPER_2,11020000,4,2,0,6,2,2,6.5
SUPER_2,11030000,5,0,0,5,3,2,NaN
SUPER_2,11040000,13,0,3,16,8,5,2.6666667
SUPER_2,11050000,92,3,6,101,36,56,4.888889
SUPER_2,11060000,142,11,8,161,70,72,3.5789473
SUPER_2,11070000,84,3,3,90,48,36,2.5
SUPER_2,11080000,117,7,7,131,65,52,3.7142856
SUPER_2,11090000,104,8,11,123,54,50,11.157895
SUPER_2,11100000,92,2,6,100,53,39,21.125
SUPER_2,11110000,118,6,5,129,61,57,2.909091
SUPER_2,11120000,154,9,14,177,76,78,8.434783
SUPER_2,11130000,196,8,9,213,107,89,5.5882354
SUPER_2,11140000,112,11,7,130,58,54,10.944445
SUPER_2,11150000,39,2,3,44,18,21,6
SUPER_2,11160000,0,0,0,0,0,0,0
SUPER_2,11170000,0,0,0,0,0,0,0
SUPER_2,11180000,7,2,0,9,4,3,4.5
SUPER_2,11190000,48,5,4,57,23,25,7.3333335
SUPER_2,11200000,50,2,8,60,20,30,3.7
SUPER_2,11210000,0,1,0,1,0,0,3
SUPER_2,11220000,3,0,0,3,2,1,NaN
SUPER_2,11230000,0,1,0,1,0,0,2
SUPER_2,11240000,85,4,7,96,49,36,5.4545455
SUPER_2,11250000,54,4,6,64,28,26,5.4
SUPER_2,11260000,93,6,9,108,43,50,8.4
SUPER_2,11270000,39,4,2,45,21,18,8.5
SUPER_2,11280000,84,5,1,90,44,40,7.5
SUPER_2,11290000,100,8,13,121,37,63,10.380953
SUPER_2,11300000,89,4,10,103,50,39,2.5
SUPER_2,11310000,2,1,3,6,0,2,1.75
SUPER_2,11320000,2,1,2,5,1,1,2
SUPER_2,11330000,1,0,0,1,1,0,NaN
SUPER_2,11340000,1,0,0,1,1,0,NaN
SUPER_2,11350000,1,0,0,1,0,1,NaN
SUPER_2,11360000,4,0,0,4,4,0,NaN
SUPER_2,11370000,2,1,0,3,1,1,1
SUPER_2,11380000,5,1,0,6,2,3,1
SUPER_2,11390000,132,11,10,153,68,64,10.285714
SUPER_2,11400000,112,8,9,129,57,55,59.117645
SUPER_2,11410000,152,10,8,170,80,72,9.722222
SUPER_2,11420000,0,0,0,0,0,0,0
SUPER_2,11430000,0,0,0,0,0,0,0
SUPER_2,11440000,145,14,11,170,79,66,5.56
SUPER_2,11450000,101,6,3,110,49,52,8.777778
SUPER_2,11460000,137,7,5,149,71,66,7.75
SUPER_2,11470000,87,6,10,103,39,48,10.1875
SUPER_2,11480000,86,11,3,100,39,47,2.9285715
SUPER_2,11490000,34,2,2,38,19,15,5.75
SUPER_2,11500000,86,4,5,95,47,39,3.3333333
SUPER_2,11510000,142,13,19,174,77,65,9.25
SUPER_2,11520000,12,0,1,13,7,5,1
SUPER_2,11530000,2,1,0,3,0,2,1
SUPER_2,11540000,48,3,3,54,23,25,7.3333335
SUPER_2,11550000,59,5,4,68,35,24,7.3333335
SUPER_2,11560000,147,6,4,157,76,71,3.1
SUPER_2,11570000,28,5,0,33,15,13,5
SUPER_2,11580000,80,3,5,88,43,37,7.5
SUPER_2,11590000,0,0,0,0,0,0,0
SUPER_2,11600000,0,0,0,0,0,0,0
SUPER_2,11610000,380,19,26,425,179,201,8
SUPER_2,11620000,119,5,8,132,63,56,8
SUPER_2,11630000,134,11,9,154,67,67,65.05
SUPER_2,11640000,52,4,4,60,21,31,3.875
SUPER_2,11650000,59,7,6,72,25,34,30.23077
SUPER_2,11660000,85,3,7,95,41,44,2.8
SUPER_2,11670000,152,8,9,169,65,87,19.764706
SUPER_2,11680000,1,0,0,1,1,0,NaN
SUPER_2,11690000,1,0,0,1,0,1,NaN
SUPER_2,11700000,17,1,1,19,8,9,2
SUPER_2,11710000,93,4,7,104,49,44,30.272728
SUPER_2,11720000,147,6,8,161,73,74,5.857143
SUPER_2,11730000,0,0,0,0,0,0,0
SUPER_2,11740000,0,0,0,0,0,0,0
SUPER_2,11750000,0,0,0,0,0,0,0
SUPER_2,11760000,0,0,0,0,0,0,0
SUPER_2,11770000,56,7,2,65,30,26,2.3333333
SUPER_2,11780000,66,6,9,81,36,30,2.8
SUPER_2,11790000,56,3,6,65,22,34,23.777779
SUPER_2,11800000,97,6,15,118,41,56,16.571428
SUPER_2,11810000,108,11,6,125,59,49,6.7058825
SUPER_2,11820000,97,6,7,110,48,49,5.923077
SUPER_2,11830000,117,5,5,127,66,51,3.8
SUPER_2,11840000,49,3,6,58,24,25,8.888889
SUPER_2,11850000,98,2,7,107,55,43,8.555555
SUPER_2,11860000,94,9,16,119,48,46,12.08
SUPER_2,11870000,73,2,6,81,34,39,3.75
SUPER_2,11880000,122,11,12,145,62,60,28.652174
SUPER_2,11890000,1,1,0,2,1,0,3
SUPER_2,11900000,50,5,7,62,33,17,3.0833333
SUPER_2,11910000,0,0,0,0,0,0,0
SUPER_2,11920000,0,0,0,0,0,0,0
SUPER_2,11930000,0,0,0,0,0,0,0
SUPER_2,11940000,0,0,0,0,0,0,0
SUPER_2,11950000,37,3,1,41,14,23,1.5
SUPER_2,11960000,12,3,0,15,7,5,5.6666665
SUPER_2,11970000,73,8,3,84,38,35,3
SUPER_2,11980000,72,7,3,82,36,36,5.5
SUPER_2,11990000,119,8,7,134,58,61,8.066667
SUPER_2,12000000,120,7,8,135,63,57,18.533333
SUPER_2,12010000,25,1,1,27,15,10,3.5
SUPER_2,12020000,108,7,17,132,50,58,10.416667
SUPER_2,12030000,140,7,7,154,73,67,4.642857
SUPER_2,12040000,68,6,6,80,31,37,16.416666
SUPER_2,12050000,121,10,9,140,58,63,5.0526314
SUPER_2,12060000,126,8,10,144,68,58,9.388889
SUPER_2,12070000,100,5,9,114,57,43,9.714286
SUPER_2,12080000,89,6,9,104,48,41,8.866667
SUPER_2,12090000,4,0,0,4,3,1,NaN
SUPER_2,12100000,20,1,3,24,8,12,3.5
SUPER_2,12110000,50,1,6,57,33,17,4
SUPER_2,12120000,93,3,7,103,49,44,8.4
SUPER_2,12130000,142,6,14,162,76,66,2.7
SUPER_2,12140000,168,11,11,190,93,75,5.1363635
SUPER_2,12150000,66,3,2,71,26,40,2.6
SUPER_2,12160000,108,2,10,120,58,50,6.3333335
SUPER_2,12170000,130,4,10,144,77,53,3.5714285
SUPER_2,12180000,59,2,1,62,32,27,2.6666667
SUPER_2,12190000,111,10,8,129,60,51,26.166666
SUPER_2,12200000,219,10,8,237,108,111,4.5555553
SUPER_2,12210000,172,12,12,196,97,75,6.1666665
SUPER_2,12220000,108,9,9,126,52,56,7.7222223
SUPER_2,12230000,49,3,2,54,21,28,7.2
SUPER_2,12240000,100,7,10,117,58,42,7.117647
SUPER_2,12250000,110,10,3,123,51,59,9.384615
SUPER_2,12260000,78,6,5,89,39,39,20
SUPER_2,12270000,157,12,12,181,64,93,4.1666665
SUPER_2,12280000,164,10,13,187,75,89,6.347826
SUPER_2,12290000,40,2,2,44,22,18,8.5
SUPER_2,12300000,86,5,6,97,39,47,19.181818
SUPER_2,12310000,163,8,9,180,98,65,8.705882
SUPER_2,12320000,95,5,8,108,47,48,41.615383
SUPER_2,12330000,27,3,2,32,14,13,5
SUPER_2,12340000,64,4,7,75,33,31,6.3636365
SUPER_2,12350000,72,6,7,85,38,34,13.461538
SUPER_2,12360000,100,6,9,115,43,57,3.7333333
SUPER_2,12370000,112,8,5,125,58,54,4
SUPER_2,12380000,121,7,8,136,61,60,5.9333334
SUPER_2,12390000,102,5,4,111,46,56,4
SUPER_2,12400000,149,12,8,169,77,72,4.65
SUPER_2,12410000,0,0,0,0,0,0,0
SUPER_2,12420000,0,0,0,0,0,0,0
SUPER_2,12430000,69,4,6,79,36,33,2.3
SUPER_2,12440000,0,0,0,0,0,0,0
SUPER_2,12450000,0,0,0,0,0,0,0
SUPER_2,12460000,0,0,0,0,0,0,0
SUPER_2,12470000,116,6,12,134,48,68,4.5
SUPER_2,12480000,0,0,0,0,0,0,0
SUPER_2,12490000,0,0,0,0,0,0,0
SUPER_2,12500000,206,5,14,225,125,81,7.631579
SUPER_2,12510000,40,1,3,44,19,21,2.75
SUPER_2,12520000,67,5,7,79,37,30,15.083333
SUPER_2,12530000,134,3,8,145,64,70,8.727273
SUPER_2,12540000,178,14,18,210,99,79,6.34375
SUPER_2,12550000,221,11,11,243,127,94,7.818182
SUPER_2,12560000,0,0,0,0,0,0,0
SUPER_2,12570000,0,0,0,0,0,0,0
SUPER_2,12580000,192,9,8,209,92,100,4.470588
SUPER_2,12590000,3,0,0,3,1,2,NaN
SUPER_2,12600000,108,5,4,117,66,42,8.333333
SUPER_2,12610000,73,5,9,87,40,33,28.214285
SUPER_2,12620000,41,4,4,49,20,21,10.125
SUPER_2,12630000,3,0,0,3,2,1,NaN
SUPER_2,12640000,75,4,3,82,51,24,5
SUPER_2,12650000,21,1,3,25,17,4,37.5
SUPER_2,12660000,104,6,8,118,53,51,4.571429
SUPER_2,12670000,119,8,4,131,67,52,5.0833335
SUPER_2,12680000,44,3,4,51,18,26,10.714286
SUPER_2,12690000,2,1,0,3,0,2,54
SUPER_2,12700000,0,0,0,0,0,0,0
SUPER_2,12710000,0,0,0,0,0,0,0
SUPER_2,12720000,6,0,0,6,5,1,NaN
SUPER_2,12730000,1,0,0,1,0,1,NaN
SUPER_2,12740000,2,0,0,2,2,0,NaN
SUPER_2,12750000,3,2,2,7,1,2,4
SUPER_2,12760000,3,0,1,4,2,1,8
SUPER_2,12770000,2,0,0,2,2,0,NaN
SUPER_2,12780000,7,1,1,9,4,3,3.5
SUPER_2,12790000,16,2,0,18,8,8,7.5
SUPER_2,12800000,4,0,0,4,1,3,NaN
SUPER_2,12810000,1,1,1,3,0,1,4
SUPER_2,12820000,3,0,0,3,2,1,NaN
SUPER_2,12830000,6,0,0,6,3,3,NaN
SUPER_2,12840000,3,0,0,3,1,2,NaN
SUPER_2,12850000,1,0,0,1,0,1,NaN
SUPER_2,12860000,5,0,2,7,1,4,35.5
SUPER_2,12870000,2,0,0,2,0,2,NaN
SUPER_2,12880000,86,5,1,92,39,47,3
SUPER_2,12890000,167,9,8,184,85,82,6.2352943
SUPER_2,12900000,95,5,8,108,42,53,23.615385
SUPER_2,12910000,26,3,0,29,10,16,15.666667
SUPER_2,12920000,65,7,6,78,30,35,13
SUPER_2,12930000,0,0,0,0,0,0,0
SUPER_2,12940000,0,0,0,0,0,0,0
SUPER_2,12950000,98,4,8,110,48,50,4.8333335
SUPER_2,12960000,12,1,2,15,5,7,1.3333334
SUPER_2,12970000,46,3,5,54,26,20,4.375
SUPER_2,12980000,91,6,5,102,44,47,8.454545
SUPER_2,12990000,29,2,5,36,14,15,1.7142857
SUPER_2,13000000,7,0,0,7,5,2,NaN
SUPER_2,13010000,56,4,7,67,31,25,4.2727275
SUPER_2,13020000,183,9,9,201,85,98,8.888889
SUPER_2,13030000,56,5,3,64,28,28,4.125
SUPER_2,13040000,182,13,15,210,96,86,8.357142
SUPER_2,13050000,144,7,10,161,73,71,9.6470585
SUPER_2,13060000,0,0,0,0,0,0,0
SUPER_2,13070000,0,0,0,0,0,0,0
SUPER_2,13080000,131,11,9,151,72,59,5.7
SUPER_2,13090000,122,5,5,132,61,61,2.9
SUPER_2,13100000,124,10,7,141,59,65,19.82353
SUPER_2,13110000,168,12,17,197,85,83,7.275862
SUPER_2,13120000,0,0,0,0,0,0,0
SUPER_2,13130000,0,0,0,0,0,0,0
SUPER_2,13140000,0,0,0,0,0,0,0
SUPER_2,13150000,151,8,11,170,74,77,2.4210527
SUPER_2,13160000,0,0,1,1,0,0,2
SUPER_2,13170000,113,13,7,133,53,60,6.25
SUPER_2,13180000,98,9,8,115,49,49,5.7647057
SUPER_2,13190000,159,12,12,183,74,85,4.375
SUPER_2,13200000,1,1,0,2,1,0,8
SUPER_2,13210000,23,3,0,26,13,10,4.6666665
SUPER_2,13220000,109,8,8,125,53,56,5.25
SUPER_2,13230000,173,18,17,208,78,95,4.714286
SUPER_2,13240000,204,12,20,236,97,107,6.46875
SUPER_2,13250000,65,7,4,76,32,33,3.7272727
SUPER_2,13260000,1,0,2,3,1,0,2.5
SUPER_2,13270000,44,3,0,47,21,23,2.3333333
SUPER_2,13280000,37,5,2,44,16,21,3.2857144
SUPER_2,13290000,2,1,1,4,0,2,1.5
SUPER_2,13300000,3,0,0,3,3,0,NaN
SUPER_2,13310000,3,0,0,3,2,1,NaN
SUPER_2,13320000,1,0,1,2,0,1,3
SUPER_2,13330000,0,0,1,1,0,0,14
SUPER_2,13340000,4,1,0,5,3,1,9
SUPER_2,13350000,61,6,7,74,36,25,7
SUPER_2,13360000,49,3,2,54,21,28,4.8
SUPER_2,13370000,89,4,10,103,39,50,35.214287
SUPER_2,13380000,20,0,0,20,7,13,NaN
SUPER_2,13390000,25,1,2,28,14,11,5.3333335
SUPER_2,13400000,37,2,6,45,17,20,8
SUPER_2,13410000,121,6,10,137,66,55,4.625
SUPER_2,13420000,13,1,1,15,8,5,3
SUPER_2,13430000,91,4,11,106,38,53,20.266666
SUPER_2,13440000,27,2,2,31,11,16,1.25
SUPER_2,13450000,173,9,14,196,95,78,14.956522
SUPER_2,13460000,42,3,1,46,24,18,27
SUPER_2,13470000,48,4,3,55,15,33,2.5714285
SUPER_2,13480000,26,1,0,27,15,11,9
SUPER_2,13490000,15,1,3,19,11,4,3
SUPER_2,13500000,119,12,10,141,59,60,5.6363635
SUPER_2,13510000,83,11,10,104,42,41,5.952381
SUPER_2,13520000,90,4,8,102,41,49,6.5
SUPER_2,13530000,110,7,13,130,58,52,6.95
SUPER_2,13540000,139,16,15,170,64,75,6.129032
SUPER_2,13550000,201,17,17,235,109,92,6.9117646
SUPER_2,13560000,16,1,0,17,10,6,5
SUPER_2,13570000,46,5,3,54,18,28,2.25
SUPER_2,13580000,105,6,9,120,51,54,33.8
SUPER_2,13590000,81,12,7,100,45,36,7.0526314
SUPER_2,13600000,52,3,4,59,26,26,8.428572
SUPER_2,13610000,2,0,0,2,0,2,NaN
SUPER_2,13620000,4,0,0,4,2,2,NaN
SUPER_2,13630000,0,1,0,1,0,0,6
SUPER_2,13640000,68,4,5,77,37,31,5.2222223
SUPER_2,13650000,131,11,16,158,73,58,10.888889
SUPER_2,13660000,72,10,11,93,37,35,9
SUPER_2,13670000,78,3,11,92,42,36,4.071429
SUPER_2,13680000,39,1,0,40,24,15,1
SUPER_2,13690000,68,6,5,79,38,30,2.5454545
SUPER_2,13700000,23,4,4,31,16,7,3.5
SUPER_2,13710000,134,5,5,144,65,69,6
SUPER_2,13720000,45,1,1,47,18,27,2.5
SUPER_2,13730000,106,6,10,122,49,57,2.75
SUPER_2,13740000,107,9,12,128,59,48,8.238095
SUPER_2,13750000,89,5,5,99,50,39,3.9
SUPER_2,13760000,101,4,13,118,44,57,6.0588236
SUPER_2,13770000,154,10,6,170,69,85,14.9375
SUPER_2,13780000,80,1,7,88,38,42,4.125
SUPER_2,13790000,58,9,8,75,27,31,4.882353
SUPER_2,13800000,117,10,12,139,71,46,2.7272727
SUPER_2,13810000,114,7,15,136,57,57,2.090909
SUPER_2,13820000,153,12,11,176,80,73,20.086956
SUPER_2,13830000,114,10,11,135,63,51,6.428571
SUPER_2,13840000,58,9,3,70,30,28,5.5
SUPER_2,13850000,41,1,3,45,21,20,27.25
SUPER_2,13860000,70,5,4,79,33,37,21.333334
SUPER_2,13870000,9,2,2,13,6,3,33.75
SUPER_2,13880000,35,1,3,39,20,15,6.75
SUPER_2,13890000,54,3,3,60,29,25,6.6666665
SUPER_2,13900000,0,0,0,0,0,0,0
SUPER_2,13910000,0,0,0,0,0,0,0
SUPER_2,13920000,5,0,0,5,4,1,NaN
SUPER_2,13930000,4,0,0,4,2,2,NaN
SUPER_2,13940000,0,1,0,1,0,0,1
SUPER_2,13950000,1,0,0,1,1,0,NaN
SUPER_2,13960000,1,0,0,1,1,0,NaN
SUPER_2,13970000,4,0,0,4,3,1,NaN
SUPER_2,13980000,0,0,1,1,0,0,36
SUPER_2,13990000,1,0,0,1,0,1,NaN
SUPER_2,14000000,1,0,0,1,1,0,NaN
SUPER_2,14010000,0,1,1,2,0,0,3
SUPER_2,14020000,0,0,0,0,0,0,0
SUPER_2,14030000,0,0,0,0,0,0,0
SUPER_2,14040000,79,2,8,89,39,40,6.1
SUPER_2,14050000,79,7,9,95,50,29,18.625
SUPER_2,14060000,57,5,5,67,29,28,10.2
SUPER_2,14070000,2,0,0,2,2,0,NaN
SUPER_2,14080000,7,0,1,8,3,4,16
SUPER_2,14090000,65,5,11,81,29,36,12.625
SUPER_2,14100000,55,5,2,62,29,26,6.571429
SUPER_2,14110000,56,4,7,67,27,29,7.5454545
SUPER_2,14120000,96,9,5,110,39,57,4.714286
SUPER_2,14130000,2,0,0,2,2,0,NaN
SUPER_2,14140000,2,0,0,2,0,2,NaN
SUPER_2,14150000,99,7,5,111,52,47,8.666667
SUPER_2,14160000,51,3,2,56,23,28,2
SUPER_2,14170000,27,2,5,34,14,13,5.857143
SUPER_2,14180000,2,1,0,3,1,1,1
SUPER_2,14190000,38,1,2,41,24,14,7.6666665
SUPER_2,14200000,5,0,0,5,1,4,NaN
SUPER_2,14210000,38,4,3,45,24,14,24.571428
SUPER_2,14220000,0,0,0,0,0,0,0
SUPER_2,14230000,0,0,0,0,0,0,0
SUPER_2,14240000,0,0,0,0,0,0,0
SUPER_2,14250000,0,0,0,0,0,0,0
SUPER_2,14260000,0,0,0,0,0,0,0
SUPER_2,14270000,0,0,0,0,0,0,0
SUPER_2,14280000,19,5,1,25,5,14,2.5
SUPER_2,14290000,0,0,0,0,0,0,0
SUPER_2,14300000,0,0,0,0,0,0,0
SUPER_2,14310000,0,0,0,0,0,0,0
SUPER_2,14320000,0,0,0,0,0,0,0
SUPER_2,14330000,0,0,0,0,0,0,0
SUPER_2,14340000,0,0,0,0,0,0,0
SUPER_2,14350000,0,0,0,0,0,0,0
SUPER_2,14360000,102,8,9,119,53,49,3.235294
SUPER_2,14370000,0,0,0,0,0,0,0
SUPER_2,14380000,0,0,0,0,0,0,0
SUPER_2,14390000,0,0,0,0,0,0,0
SUPER_2,14400000,0,0,0,0,0,0,0
SUPER_2,14410000,0,0,0,0,0,0,0
SUPER_2,14420000,0,0,0,0,0,0,0
SUPER_2,14430000,0,0,0,0,0,0,0
SUPER_2,14440000,0,0,0,0,0,0,0
SUPER_2,14450000,386,20,36,442,203,183,7.678571
SUPER_2,14460000,140,5,11,156,78,62,4.8125
SUPER_2,14470000,0,0,0,0,0,0,0
SUPER_2,14480000,0,0,0,0,0,0,0
SUPER_2,14490000,0,0,0,0,0,0,0
SUPER_2,14500000,0,0,0,0,0,0,0
SUPER_2,14510000,0,0,0,0,0,0,0
SUPER_2,14520000,0,0,0,0,0,0,0
SUPER_2,14530000,0,0,0,0,0,0,0
SUPER_2,14540000,0,0,0,0,0,0,0
SUPER_2,14550000,0,0,0,0,0,0,0
SUPER_2,14560000,72,6,8,86,44,28,6
SUPER_2,14570000,122,5,9,136,65,57,10.285714
SUPER_2,14580000,96,6,8,110,52,44,7.785714
SUPER_2,14590000,109,9,7,125,51,58,7.25
SUPER_2,14600000,0,0,0,0,0,0,0
SUPER_2,14610000,0,0,0,0,0,0,0
SUPER_2,14620000,0,0,0,0,0,0,0
SUPER_2,14630000,0,0,0,0,0,0,0
SUPER_2,14640000,0,0,0,0,0,0,0
SUPER_2,14650000,0,0,0,0,0,0,0
SUPER_2,14660000,95,10,4,109,47,48,7.857143
SUPER_2,14670000,2,1,0,3,1,1,1
SUPER_2,14680000,6,1,1,8,4,2,21
SUPER_2,14690000,82,5,6,93,40,42,4.818182
SUPER_2,14700000,159,8,12,179,83,76,3.95
SUPER_2,14710000,0,0,0,0,0,0,0
SUPER_2,14720000,0,0,0,0,0,0,0
SUPER_2,14730000,0,0,0,0,0,0,0
SUPER_2,14740000,0,0,0,0,0,0,0
SUPER_2,14750000,119,16,10,145,66,53,3.9230769
SUPER_2,14760000,77,4,6,87,41,36,3
SUPER_2,14770000,127,10,9,146,67,60,7.1578946
SUPER_2,14780000,0,0,0,0,0,0,0
SUPER_2,14790000,0,0,0,0,0,0,0
SUPER_2,14800000,0,0,0,0,0,0,0
SUPER_2,14810000,0,0,0,0,0,0,0
SUPER_2,14820000,0,0,0,0,0,0,0
SUPER_2,14830000,0,0,0,0,0,0,0
SUPER_2,14840000,0,0,0,0,0,0,0
SUPER_2,14850000,0,0,0,0,0,0,0
SUPER_2,14860000,0,0,0,0,0,0,0
SUPER_2,14870000,0,0,0,0,0,0,0
SUPER_2,14880000,0,0,0,0,0,0,0
SUPER_2,14890000,0,0,0,0,0,0,0
SUPER_2,14900000,0,0,0,0,0,0,0
SUPER_2,14910000,0,0,0,0,0,0,0
SUPER_2,14920000,0,0,0,0,0,0,0
SUPER_2,14930000,0,0,0,0,0,0,0
SUPER_2,14940000,69,8,4,81,34,35,5.5833335
SUPER_2,14950000,56,2,4,62,30,26,5.1666665
SUPER_2,14960000,4,0,1,5,2,2,8
SUPER_2,14970000,1,0,0,1,0,1,NaN
SUPER_2,14980000,43,4,5,52,29,14,2.8888888
SUPER_2,14990000,4,0,1,5,1,3,6
SUPER_2,15000000,2,1,1,4,2,0,15.5
SUPER_2,15010000,3,0,0,3,0,3,NaN
SUPER_2,15020000,3,1,0,4,1,2,1
SUPER_2,15030000,7,1,0,8,2,5,6
SUPER_2,15040000,5,1,1,7,2,3,1.5
SUPER_2,15050000,6,1,0,7,1,5,1
SUPER_2,15060000,83,7,13,103,33,50,6.3
SUPER_2,15070000,44,1,4,49,20,24,2.2
SUPER_2,15080000,41,2,4,47,19,22,55.333332
SUPER_2,15090000,144,8,12,164,72,72,15.25
SUPER_2,15100000,115,5,17,137,50,65,7.2727275
SUPER_2,15110000,123,8,13,144,58,65,3.7619047
SUPER_2,15120000,42,2,1,45,24,18,3.3333333
SUPER_2,15130000,79,5,7,91,38,41,10.166667
SUPER_2,15140000,46,1,5,52,23,23,1
SUPER_2,15150000,92,6,7,105,41,51,3.5384614
SUPER_2,15160000,59,7,2,68,35,24,11.111111
SUPER_2,15170000,79,2,8,89,43,36,4.1
SUPER_2,15180000,124,4,3,131,69,55,7
SUPER_2,15190000,113,8,15,136,47,66,16.608696
SUPER_2,15200000,95,4,5,104,53,42,11
SUPER_2,15210000,58,4,9,71,26,32,4.923077
SUPER_2,15220000,0,0,0,0,0,0,0
SUPER_2,15230000,0,0,0,0,0,0,0
SUPER_2,15240000,0,0,0,0,0,0,0
SUPER_2,15250000,172,10,9,191,96,76,3.4736843
SUPER_2,15260000,210,10,10,230,128,82,4.35
SUPER_2,15270000,243,16,17,276,124,119,6.181818
SUPER_2,15280000,85,10,7,102,39,46,24.294117
SUPER_2,15290000,142,8,7,157,76,66,3.7333333
SUPER_2,15300000,154,9,8,171,60,94,7.2352943
SUPER_2,15310000,109,6,8,123,47,62,4.071429
SUPER_2,15320000,68,3,3,74,34,34,4.1666665
SUPER_2,15330000,140,9,5,154,68,72,17.785715
SUPER_2,15340000,113,7,5,125,68,45,18.666666
SUPER_2,15350000,34,4,1,39,14,20,9.6
SUPER_2,15360000,101,0,5,106,61,40,5.4
SUPER_2,15370000,120,15,6,141,64,56,5.952381
SUPER_2,15380000,1,0,0,1,0,1,NaN
SUPER_2,15390000,125,4,5,134,61,64,1.6666666
SUPER_2,15400000,130,10,5,145,62,68,7.266667
SUPER_2,15410000,71,10,4,85,31,40,3.7857144
SUPER_2,15420000,63,6,5,74,23,40,9.181818
SUPER_2,15430000,121,7,10,138,63,58,4.352941
SUPER_2,15440000,185,4,5,194,100,85,4.3333335
SUPER_2,15450000,42,3,3,48,28,14,12
SUPER_2,15460000,2,0,1,3,0,2,8
SUPER_2,15470000,50,5,2,57,22,28,6.285714
SUPER_2,15480000,79,3,6,88,45,34,17
SUPER_2,15490000,100,10,4,114,50,50,26.857143
SUPER_2,15500000,23,1,0,24,7,16,1
SUPER_2,15510000,2,0,1,3,1,1,1
SUPER_2,15520000,2,0,0,2,1,1,NaN
SUPER_2,15530000,29,2,4,35,14,15,4.8333335
SUPER_2,15540000,73,10,6,89,27,46,2.75
SUPER_2,15550000,108,4,8,120,66,42,17.416666
SUPER_2,15560000,182,11,14,207,106,76,20.24
SUPER_2,15570000,118,10,5,133,56,62,4.4
SUPER_2,15580000,148,9,17,174,76,72,5.576923
SUPER_2,15590000,147,5,10,162,83,64,6.0666666
SUPER_2,15600000,77,7,2,86,44,33,5.4444447
SUPER_2,15610000,97,5,5,107,63,34,8.5
SUPER_2,15620000,42,5,6,53,22,20,1.6363636
SUPER_2,15630000,5,1,0,6,2,3,4
SUPER_2,15640000,119,9,10,138,61,58,6.6842103
SUPER_2,15650000,58,4,3,65,29,29,6.857143
SUPER_2,15660000,104,12,7,123,60,44,7.736842
SUPER_2,15670000,56,1,2,59,25,31,4.3333335
SUPER_2,15680000,67,1,2,70,29,38,8
SUPER_2,15690000,110,4,7,121,60,50,11
SUPER_2,15700000,45,3,6,54,19,26,26.555555
SUPER_2,15710000,29,2,1,32,14,15,1
SUPER_2,15720000,72,7,6,85,37,35,6.769231
SUPER_2,15730000,82,3,7,92,45,37,12.4
SUPER_2,15740000,152,10,13,175,81,71,3.4347825
SUPER_2,15750000,30,1,4,35,19,11,1.8
SUPER_2,15760000,58,5,3,66,38,20,4.375
SUPER_2,15770000,101,5,3,109,50,51,13.375
SUPER_2,15780000,112,8,11,131,55,57,5.8421054
SUPER_2,15790000,31,4,3,38,13,18,4.428571
SUPER_2,15800000,5,0,0,5,1,4,NaN
SUPER_2,15810000,141,10,5,156,75,66,28.333334
SUPER_2,15820000,191,12,14,217,105,86,8.5
SUPER_2,15830000,95,9,7,111,57,38,10
SUPER_2,15840000,66,6,6,78,43,23,11.583333
SUPER_2,15850000,85,2,7,94,44,41,6.888889
SUPER_2,15860000,25,2,3,30,15,10,2.6
SUPER_2,15870000,1,0,1,2,1,0,1
SUPER_2,15880000,1,0,1,2,0,1,1
SUPER_2,15890000,2,0,1,3,1,1,1
SUPER_2,15900000,2,0,1,3,1,1,1
SUPER_2,15910000,54,1,3,58,24,30,3
SUPER_2,15920000,28,0,3,31,15,13,1
SUPER_2,15930000,99,9,8,116,58,41,2.764706
SUPER_2,15940000,57,6,5,68,24,33,3.7272727
SUPER_2,15950000,0,0,0,0,0,0,0
SUPER_2,15960000,0,0,0,0,0,0,0
SUPER_2,15970000,196,7,13,216,108,88,5.35
SUPER_2,15980000,54,4,5,63,29,25,6
SUPER_2,15990000,29,2,3,34,12,17,2
SUPER_2,16000000,32,3,1,36,10,22,2
SUPER_2,16010000,98,2,9,109,51,47,6.818182
SUPER_2,16020000,83,6,5,94,49,34,6.5454545
SUPER_2,16030000,74,12,3,89,29,45,3.2666667
SUPER_2,16040000,32,1,0,33,14,18,4
SUPER_2,16050000,129,6,11,146,71,58,17.764706
SUPER_2,16060000,130,3,4,137,67,63,4.571429
SUPER_2,16070000,77,2,2,81,48,29,9
SUPER_2,16080000,86,7,9,102,46,40,3.6875
SUPER_2,16090000,0,0,0,0,0,0,0
SUPER_2,16100000,0,0,0,0,0,0,0
SUPER_2,16110000,284,13,7,304,159,125,6.4
SUPER_2,16120000,0,0,0,0,0,0,0
SUPER_2,16130000,0,0,0,0,0,0,0
SUPER_2,16140000,77,4,4,85,49,28,6.375
SUPER_2,16150000,148,11,12,171,76,72,20.52174
SUPER_2,16160000,140,12,8,160,72,68,4
SUPER_2,16170000,142,14,7,163,84,58,17.333334
SUPER_2,16180000,16,1,0,17,12,4,26
SUPER_2,16190000,3,0,1,4,1,2,39
SUPER_2,16200000,100,4,4,108,56,44,5.125
SUPER_2,16210000,107,5,5,117,62,45,7.3
SUPER_2,16220000,132,10,11,153,67,65,8.571428
SUPER_2,16230000,89,5,11,105,59,30,7.75
SUPER_2,16240000,104,10,10,124,53,51,10.85
SUPER_2,16250000,56,5,2,63,34,22,11.857142
SUPER_2,16260000,40,6,3,49,21,19,35.444443
SUPER_2,16270000,83,9,7,99,43,40,4.875
SUPER_2,16280000,114,7,9,130,56,58,7.375
SUPER_2,16290000,111,10,9,130,62,49,8.526316
SUPER_2,16300000,41,4,0,45,22,19,13.25
SUPER_2,16310000,219,8,8,235,111,108,6.75
SUPER_2,16320000,61,5,5,71,33,28,10.4
SUPER_2,16330000,61,5,7,73,30,31,4.6666665
SUPER_2,16340000,53,7,0,60,27,26,2.857143
SUPER_2,16350000,93,3,5,101,53,40,2
SUPER_2,16360000,9,2,1,12,4,5,2
SUPER_2,16370000,5,0,0,5,4,1,NaN
SUPER_2,16380000,11,1,0,12,7,4,1
SUPER_2,16390000,99,3,8,110,49,50,4
SUPER_2,16400000,83,5,3,91,39,44,5.375
SUPER_2,16410000,59,4,8,71,28,31,3
SUPER_2,16420000,114,7,8,129,64,50,25.666666
SUPER_2,16430000,164,11,17,192,81,83,6.035714
SUPER_2,16440000,135,10,6,151,74,61,6.3125
SUPER_2,16450000,65,5,4,74,37,28,1.8888888
SUPER_2,16460000,19,1,3,23,9,10,1.75
SUPER_2,16470000,2,0,0,2,1,1,NaN
SUPER_2,16480000,111,7,5,123,65,46,4.8333335
SUPER_2,16490000,167,15,11,193,84,83,3.7692308
SUPER_2,16500000,185,10,7,202,95,90,14.235294
SUPER_2,16510000,173,10,20,203,83,90,9.266666
SUPER_2,16520000,106,7,6,119,53,53,15.923077
SUPER_2,16530000,125,10,8,143,70,55,5.111111
SUPER_2,16540000,82,6,5,93,46,36,5.5454545
SUPER_2,16550000,182,10,11,203,106,76,4.142857
SUPER_2,16560000,63,8,8,79,32,31,4.125
SUPER_2,16570000,75,7,3,85,39,36,7.3
SUPER_2,16580000,28,0,3,31,18,10,10
SUPER_2,16590000,30,2,3,35,17,13,3
SUPER_2,16600000,116,6,11,133,59,57,8.294118
SUPER_2,16610000,175,12,7,194,93,82,7.0526314
SUPER_2,16620000,126,9,12,147,67,59,23.238094
SUPER_2,16630000,0,0,0,0,0,0,0
SUPER_2,16640000,0,0,0,0,0,0,0
SUPER_2,16650000,0,0,0,0,0,0,0
SUPER_2,16660000,0,0,0,0,0,0,0
SUPER_2,16670000,0,0,0,0,0,0,0
SUPER_2,16680000,56,5,3,64,30,26,6.875
SUPER_2,16690000,31,1,0,32,19,12,2
SUPER_2,16700000,54,8,3,65,31,23,5.909091
SUPER_2,16710000,2,0,1,3,1,1,1
SUPER_2,16720000,3,0,2,5,1,2,5
SUPER_2,16730000,3,0,0,3,2,1,NaN
SUPER_2,16740000,4,1,1,6,1,3,2.5
SUPER_2,16750000,2,0,0,2,1,1,NaN
SUPER_2,16760000,3,0,0,3,3,0,NaN
SUPER_2,16770000,1,0,0,1,1,0,NaN
SUPER_2,16780000,0,0,0,0,0,0,0
SUPER_2,16790000,0,0,0,0,0,0,0
SUPER_2,16800000,0,0,0,0,0,0,0
SUPER_2,16810000,0,0,0,0,0,0,0
SUPER_2,16820000,67,4,4,75,35,32,4.25
SUPER_2,16830000,140,12,17,169,66,74,5.8965516
SUPER_2,16840000,118,12,12,142,58,60,12.333333
SUPER_2,16850000,57,2,2,61,34,23,15.25
SUPER_2,16860000,70,2,4,76,31,39,29.333334
SUPER_2,16870000,14,1,0,15,8,6,5
SUPER_2,16880000,78,4,12,94,32,46,22.5
SUPER_2,16890000,111,8,11,130,50,61,3.5789473
SUPER_2,16900000,58,12,4,74,28,30,7.1875
SUPER_2,16910000,62,5,7,74,26,36,4.75
SUPER_2,16920000,87,6,8,101,42,45,7.5
SUPER_2,16930000,72,10,3,85,38,34,7.1538463
SUPER_2,16940000,84,4,6,94,43,41,4.5
SUPER_2,16950000,54,7,3,64,27,27,2.4
SUPER_2,16960000,35,4,5,44,17,18,4.4444447
SUPER_2,16970000,88,3,10,101,42,46,9.538462
SUPER_2,16980000,9,1,2,12,5,4,1.6666666
SUPER_2,16990000,31,5,1,37,19,12,4.6666665
SUPER_2,17000000,82,4,7,93,35,47,34.636364
SUPER_2,17010000,45,1,3,49,18,27,4.5
SUPER_2,17020000,24,2,1,27,15,9,1
SUPER_2,17030000,0,0,0,0,0,0,0
SUPER_2,17040000,0,0,0,0,0,0,0
SUPER_2,17050000,0,0,0,0,0,0,0
SUPER_2,17060000,0,0,0,0,0,0,0
SUPER_2,17070000,0,0,0,0,0,0,0
SUPER_2,17080000,0,0,0,0,0,0,0
SUPER_2,17090000,0,0,0,0,0,0,0
SUPER_2,17100000,0,0,0,0,0,0,0
SUPER_2,17110000,0,0,0,0,0,0,0
SUPER_2,17120000,0,0,0,0,0,0,0
SUPER_2,17130000,0,0,0,0,0,0,0
SUPER_2,17140000,0,0,0,0,0,0,0
SUPER_2,17150000,57,2,2,61,34,23,11
SUPER_2,17160000,59,3,10,72,34,25,4.8461537
SUPER_2,17170000,0,0,0,0,0,0,0
SUPER_2,17180000,0,0,0,0,0,0,0
SUPER_2,17190000,0,0,0,0,0,0,0
SUPER_2,17200000,62,7,4,73,34,28,5
SUPER_2,17210000,52,7,5,64,26,25,3.5833333
SUPER_2,17220000,46,4,2,52,22,24,3.8333333
SUPER_2,17230000,0,0,0,0,0,0,0
SUPER_2,17240000,0,0,0,0,0,0,0
SUPER_2,17250000,0,0,0,0,0,0,0
SUPER_2,17260000,0,0,0,0,0,0,0
SUPER_2,17270000,0,0,0,0,0,0,0
SUPER_2,17280000,0,0,0,0,0,0,0
SUPER_2,17290000,0,0,0,0,0,0,0
SUPER_2,17300000,0,0,0,0,0,0,0
SUPER_2,17310000,0,0,0,0,0,0,0
SUPER_2,17320000,65,4,5,74,33,32,4.4444447
SUPER_2,17330000,78,4,4,86,44,34,7.375
SUPER_2,17340000,85,12,6,103,46,39,4.6666665
SUPER_2,17350000,17,4,1,22,8,9,1.6
SUPER_2,17360000,4,0,0,4,3,1,NaN
SUPER_2,17370000,73,3,3,79,27,46,6.3333335
SUPER_2,17380000,107,9,5,121,62,45,7.785714
SUPER_2,17390000,132,8,5,145,73,59,3.9230769
SUPER_2,17400000,59,5,8,72,27,32,4.230769
SUPER_2,17410000,0,0,0,0,0,0,0
SUPER_2,17420000,0,0,0,0,0,0,0
SUPER_2,17430000,29,1,1,31,13,16,2.5
SUPER_2,17440000,21,0,2,23,11,10,4
SUPER_2,17450000,50,4,3,57,23,27,3.2857144
SUPER_2,17460000,0,0,0,0,0,0,0
SUPER_2,17470000,0,0,0,0,0,0,0
SUPER_2,17480000,0,0,0,0,0,0,0
SUPER_2,17490000,0,0,0,0,0,0,0
SUPER_2,17500000,20,1,1,22,6,14,6.5
SUPER_2,17510000,42,7,7,56,17,25,7.214286
SUPER_2,17520000,60,2,5,67,32,28,4.857143
SUPER_2,17530000,104,4,4,112,56,48,1.5
SUPER_2,17540000,48,2,2,52,29,19,3
SUPER_2,17550000,39,3,3,45,21,18,3.3333333
SUPER_2,17560000,69,9,4,82,37,32,5.3076925
SUPER_2,17570000,91,4,5,100,53,38,5
SUPER_2,17580000,110,8,6,124,52,58,3.7857144
SUPER_2,17590000,83,6,7,96,52,31,11.615385
SUPER_2,17600000,78,1,3,82,37,41,19
SUPER_2,17610000,0,0,0,0,0,0,0
SUPER_2,17620000,0,0,0,0,0,0,0
SUPER_2,17630000,0,0,0,0,0,0,0
SUPER_2,17640000,55,2,2,59,25,30,21.75
SUPER_2,17650000,1,0,0,1,0,1,NaN
SUPER_2,17660000,6,0,1,7,6,0,13
SUPER_2,17670000,3,0,0,3,2,1,NaN
SUPER_2,17680000,26,1,0,27,12,14,1
SUPER_2,17690000,76,3,2,81,43,33,14.8
SUPER_2,17700000,4,1,1,6,0,4,6.5
SUPER_2,17710000,2,0,1,3,0,2,1
SUPER_2,17720000,0,0,0,0,0,0,0
SUPER_2,17730000,0,0,0,0,0,0,0
SUPER_2,17740000,0,0,0,0,0,0,0
SUPER_2,17750000,37,0,2,39,16,21,5
SUPER_2,17760000,0,0,0,0,0,0,0
SUPER_2,17770000,0,0,0,0,0,0,0
SUPER_2,17780000,0,0,0,0,0,0,0
SUPER_2,17790000,0,0,0,0,0,0,0
SUPER_2,17800000,0,0,0,0,0,0,0
SUPER_2,17810000,0,0,0,0,0,0,0
SUPER_2,17820000,0,0,0,0,0,0,0
SUPER_2,17830000,0,0,0,0,0,0,0
SUPER_2,17840000,0,0,0,0,0,0,0
SUPER_2,17850000,20,5,3,28,5,15,27.875
SUPER_2,17860000,11,3,1,15,7,4,7.25
SUPER_2,17870000,5,0,0,5,2,3,NaN
SUPER_2,17880000,3,1,0,4,0,3,6
SUPER_2,17890000,28,4,1,33,17,11,3.2
SUPER_2,17900000,1,0,0,1,1,0,NaN
SUPER_2,17910000,1,1,0,2,1,0,1
SUPER_2,17920000,3,0,0,3,2,1,NaN
SUPER_2,17930000,1,1,0,2,0,1,13
SUPER_2,17940000,0,1,0,1,0,0,1
SUPER_2,17950000,3,0,0,3,3,0,NaN
SUPER_2,17960000,2,0,0,2,0,2,NaN
SUPER_2,17970000,4,0,1,5,2,2,8
SUPER_2,17980000,1,0,0,1,0,1,NaN
SUPER_2,17990000,0,0,1,1,0,0,1
SUPER_2,18000000,9,0,1,10,3,6,1
SUPER_2,18010000,3,0,0,3,1,2,NaN
SUPER_2,18020000,0,0,0,0,0,0,0
SUPER_2,18030000,0,0,0,0,0,0,0
SUPER_2,18040000,21,0,2,23,15,6,4
SUPER_2,18050000,27,0,0,27,12,15,NaN
SUPER_2,18060000,5,1,1,7,3,2,7.5
SUPER_2,18070000,2,1,0,3,2,0,9
SUPER_2,18080000,51,16,28,95,29,22,19.704546
SUPER_2,18090000,33,3,4,40,14,19,10.428572
SUPER_2,18100000,5,0,0,5,1,4,NaN
SUPER_2,18110000,8,1,1,10,4,4,4
SUPER_2,18120000,2,1,2,5,2,0,8
SUPER_2,18130000,17,2,4,23,8,9,19.5
SUPER_2,18140000,99,9,7,115,54,45,10.5
SUPER_2,18150000,63,6,4,73,27,36,35.5
SUPER_2,18160000,51,8,4,63,27,24,4.0833335
SUPER_2,18170000,0,0,0,0,0,0,0
SUPER_2,18180000,0,0,0,0,0,0,0
SUPER_2,18190000,116,10,13,139,61,55,2.9130435
SUPER_2,18200000,56,6,2,64,33,23,2.75
SUPER_2,18210000,83,10,8,101,40,43,3.1111112
SUPER_2,18220000,22,2,3,27,9,13,2
SUPER_2,18230000,67,4,3,74,29,38,2.857143
SUPER_2,18240000,39,4,4,47,20,19,6.375
SUPER_2,18250000,89,9,5,103,41,48,4.714286
SUPER_2,18260000,1,0,1,2,1,0,13
SUPER_2,18270000,1,0,0,1,0,1,NaN
SUPER_2,18280000,74,5,14,93,29,45,5.368421
SUPER_2,18290000,109,8,9,126,59,50,6.882353
SUPER_2,18300000,114,5,9,128,70,44,4.142857
SUPER_2,18310000,49,5,2,56,31,18,2.4285715
SUPER_2,18320000,88,7,8,103,32,56,3.8
SUPER_2,18330000,97,6,9,112,58,39,8
SUPER_2,18340000,0,0,0,0,0,0,0
SUPER_2,18350000,0,0,0,0,0,0,0
SUPER_2,18360000,117,8,7,132,51,66,10.933333
SUPER_2,18370000,2,0,0,2,2,0,NaN
SUPER_2,18380000,5,2,0,7,3,2,2.5
SUPER_2,18390000,104,10,6,120,50,54,4.75
SUPER_2,18400000,68,6,10,84,28,40,5.5
SUPER_2,18410000,47,6,3,56,31,16,5.3333335
SUPER_2,18420000,23,1,1,25,11,12,7.5
SUPER_2,18430000,82,4,9,95,48,34,2.8461537
SUPER_2,18440000,104,10,16,130,48,56,12.269231
SUPER_2,18450000,113,6,6,125,54,59,4.3333335
SUPER_2,18460000,70,5,7,82,38,32,7.5833335
SUPER_2,18470000,74,3,6,83,29,45,1.7777778
SUPER_2,18480000,165,11,8,184,84,81,6.2105265
SUPER_2,18490000,149,13,10,172,73,76,6.0434785
SUPER_2,18500000,90,8,7,105,43,47,4.9333334
SUPER_2,18510000,116,7,1,124,61,55,19.875
SUPER_2,18520000,28,1,0,29,10,18,4
SUPER_2,18530000,76,7,9,92,45,31,7.125
SUPER_2,18540000,141,12,12,165,73,68,14.333333
SUPER_2,18550000,54,3,5,62,24,30,3.125
SUPER_2,18560000,107,4,12,123,52,55,9.5625
SUPER_2,18570000,32,2,5,39,15,17,2.4285715
SUPER_2,18580000,74,6,3,83,32,42,13.666667
SUPER_2,18590000,120,7,14,141,67,53,25.380953
SUPER_2,18600000,79,2,12,93,38,41,20.214285
SUPER_2,18610000,63,2,8,73,37,26,2.8
SUPER_2,18620000,86,9,6,101,41,45,9.666667
SUPER_2,18630000,122,9,11,142,54,68,5.05
SUPER_2,18640000,88,11,9,108,40,48,5.2
SUPER_2,18650000,65,10,8,83,31,34,7.5555553
SUPER_2,18660000,35,4,3,42,26,9,16
SUPER_2,18670000,77,9,4,90,44,33,8.230769
SUPER_2,18680000,77,6,7,90,28,49,3.4615386
SUPER_2,18690000,75,6,6,87,39,36,12.083333
SUPER_2,18700000,118,6,8,132,62,56,3.7857144
SUPER_2,18710000,102,4,11,117,61,41,5.4666667
SUPER_2,18720000,102,5,8,115,49,53,3.3076923
SUPER_2,18730000,2,0,0,2,0,2,NaN
SUPER_2,18740000,7,0,0,7,4,3,NaN
SUPER_2,18750000,0,1,0,1,0,0,2
SUPER_2,18760000,2,0,0,2,1,1,NaN
SUPER_2,18770000,42,6,2,50,21,21,2.25
SUPER_2,18780000,143,7,10,160,64,79,9.529411
SUPER_2,18790000,108,5,16,129,50,58,10.952381
SUPER_2,18800000,130,9,14,153,78,52,5.0434785
SUPER_2,18810000,147,5,17,169,65,82,4.6363635
SUPER_2,18820000,98,8,3,109,48,50,4.3636365
SUPER_2,18830000,74,7,8,89,39,35,7.6666665
SUPER_2,18840000,78,4,8,90,41,37,4.75
SUPER_2,18850000,92,8,11,111,45,47,4.2105265
SUPER_2,18860000,135,16,8,159,60,75,8.791667
SUPER_2,18870000,14,0,2,16,10,4,1.5
SUPER_2,18880000,113,14,8,135,60,53,14.227273
SUPER_2,18890000,7,1,0,8,3,4,16
SUPER_2,18900000,109,7,11,127,47,62,15.666667
SUPER_2,18910000,116,3,10,129,63,53,10.153846
SUPER_2,18920000,120,3,13,136,66,54,6.8125
SUPER_2,18930000,71,4,2,77,39,32,2.1666667
SUPER_2,18940000,65,9,5,79,28,37,4.071429
SUPER_2,18950000,66,2,4,72,37,29,13.666667
SUPER_2,18960000,61,4,6,71,34,27,72
SUPER_2,18970000,86,9,7,102,50,36,5.625
SUPER_2,18980000,77,3,8,88,38,39,2.909091
SUPER_2,18990000,121,9,14,144,56,65,18
SUPER_2,19000000,158,10,11,179,77,81,7.3333335
SUPER_2,19010000,52,3,4,59,20,32,7.285714
SUPER_2,19020000,139,7,6,152,64,75,5.8461537
SUPER_2,19030000,133,8,13,154,73,60,16.619047
SUPER_2,19040000,93,2,13,108,49,44,6.866667
SUPER_2,19050000,57,2,3,62,34,23,5.2
SUPER_2,19060000,87,8,10,105,43,44,32.833332
SUPER_2,19070000,146,12,17,175,80,66,8.724138
SUPER_2,19080000,104,5,6,115,55,49,3.8181818
SUPER_2,19090000,88,10,4,102,40,48,3.9285715
SUPER_2,19100000,121,5,7,133,54,67,5.1666665
SUPER_2,19110000,149,9,8,166,79,70,9.411765
SUPER_2,19120000,90,8,8,106,47,43,6.875
SUPER_2,19130000,60,4,2,66,32,28,8.833333
SUPER_2,19140000,170,3,12,185,78,92,5.0666666
SUPER_2,19150000,141,14,9,164,70,71,7.173913
SUPER_2,19160000,144,5,8,157,75,69,33.692307
SUPER_2,19170000,35,1,2,38,20,15,2.6666667
SUPER_2,19180000,47,5,2,54,25,22,30.428572
SUPER_2,19190000,95,7,4,106,43,52,4.5454545
SUPER_2,19200000,151,8,15,174,79,72,5.6086955
SUPER_2,19210000,30,1,4,35,15,15,8.2
SUPER_2,19220000,33,2,4,39,19,14,8.333333
SUPER_2,19230000,97,3,8,108,44,53,3.1818182
SUPER_2,19240000,53,2,1,56,25,28,8.333333
SUPER_2,19250000,125,9,13,147,55,70,4.5
SUPER_2,19260000,43,2,4,49,18,25,74.333336
SUPER_2,19270000,93,10,11,114,43,50,5.1904764
SUPER_2,19280000,59,1,9,69,31,28,3.8
SUPER_2,19290000,71,8,5,84,36,35,47.384617
SUPER_2,19300000,63,5,9,77,30,33,3
SUPER_2,19310000,74,8,3,85,32,42,3.3636363
SUPER_2,19320000,44,5,2,51,17,27,3.5714285
SUPER_2,19330000,42,6,1,49,20,22,6.857143
SUPER_2,19340000,39,8,1,48,20,19,2.1111112
SUPER_2,19350000,87,12,6,105,44,43,3.8888888
SUPER_2,19360000,52,3,4,59,24,28,10
SUPER_2,19370000,74,3,2,79,39,35,4.2
SUPER_2,19380000,44,7,4,55,25,19,4.909091
SUPER_2,19390000,97,8,7,112,47,50,8.2
SUPER_2,19400000,16,1,1,18,6,10,2.5
SUPER_2,19410000,104,8,10,122,53,51,13.666667
SUPER_2,19420000,129,9,10,148,63,66,3.4210527
SUPER_2,19430000,86,10,10,106,42,44,7.9
SUPER_2,19440000,29,4,3,36,13,16,7.285714
SUPER_2,19450000,56,5,3,64,29,27,6
SUPER_2,19460000,1,1,0,2,1,0,1
SUPER_2,19470000,38,4,2,44,13,25,5.6666665
SUPER_2,19480000,19,1,0,20,10,9,4
SUPER_2,19490000,6,2,0,8,5,1,7
SUPER_2,19500000,19,1,0,20,10,9,56
SUPER_2,19510000,44,2,1,47,24,20,1
SUPER_2,19520000,132,8,14,154,65,67,5.6363635
SUPER_2,19530000,65,5,4,74,27,38,6.2222223
SUPER_2,19540000,28,2,2,32,20,8,23
SUPER_2,19550000,56,9,10,75,29,27,18.052631
SUPER_2,19560000,69,6,3,78,37,32,17.777779
SUPER_2,19570000,99,10,11,120,44,55,23.904762
SUPER_2,19580000,124,10,19,153,73,51,8.137931
SUPER_2,19590000,102,10,9,121,57,45,11.736842
SUPER_2,19600000,2,1,1,4,1,1,1.5
SUPER_2,19610000,25,6,2,33,9,16,1.625
SUPER_2,19620000,143,10,12,165,76,67,8.272727
SUPER_2,19630000,38,1,2,41,23,15,4.3333335
SUPER_2,19640000,16,0,3,19,9,7,1.6666666
SUPER_2,19650000,40,5,7,52,18,22,9.916667
SUPER_2,19660000,0,0,0,0,0,0,0
SUPER_2,19670000,0,0,0,0,0,0,0
SUPER_2,19680000,24,6,5,35,10,14,3.2727273
SUPER_2,19690000,93,9,5,107,40,53,3.9285715
SUPER_2,19700000,97,6,10,113,61,36,5.5
SUPER_2,19710000,80,12,7,99,44,36,6.6842103
SUPER_2,19720000,98,10,9,117,42,56,9.368421
SUPER_2,19730000,27,5,5,37,14,13,6.3
SUPER_2,19740000,113,11,8,132,54,59,5.6842103
SUPER_2,19750000,50,5,11,66,23,27,37.9375
SUPER_2,19760000,13,2,0,15,7,6,28.5
SUPER_2,19770000,6,0,1,7,3,3,1
SUPER_2,19780000,56,2,6,64,29,27,16.125
SUPER_2,19790000,43,2,8,53,22,21,6.9
SUPER_2,19800000,71,2,4,77,38,33,4.3333335
SUPER_2,19810000,130,10,7,147,57,73,7.647059
SUPER_2,19820000,98,11,2,111,54,44,2.9230769
SUPER_2,19830000,147,10,6,163,75,72,5.4375
SUPER_2,19840000,89,6,6,101,45,44,43.916668
SUPER_2,19850000,95,11,6,112,55,40,5.4117646
SUPER_2,19860000,29,3,0,32,12,17,9.333333
SUPER_2,19870000,1,0,0,1,1,0,NaN
SUPER_2,19880000,2,1,0,3,0,2,3
SUPER_2,19890000,2,1,0,3,1,1,1
SUPER_2,19900000,5,0,2,7,4,1,5
SUPER_2,19910000,2,0,0,2,1,1,NaN
SUPER_2,19920000,9,0,1,10,2,7,9
SUPER_2,19930000,61,3,3,67,31,30,7.8333335
SUPER_2,19940000,135,11,10,156,64,71,5.6190476
SUPER_2,19950000,19,1,4,24,9,10,4
SUPER_2,19960000,0,0,0,0,0,0,0
SUPER_2,19970000,0,0,0,0,0,0,0
SUPER_2,19980000,63,5,5,73,26,37,2.9
SUPER_2,19990000,66,5,5,76,37,29,8.3
SUPER_2,20000000,67,8,9,84,27,40,15.470589
SUPER_2,20010000,89,5,9,103,41,48,4.857143
SUPER_2,20020000,58,3,5,66,26,32,3.75
SUPER_2,20030000,88,8,6,102,36,52,6.214286
SUPER_2,20040000,127,9,13,149,63,64,7.318182
SUPER_2,20050000,57,2,4,63,28,29,4.5
SUPER_2,20060000,4,0,0,4,2,2,NaN
SUPER_2,20070000,48,4,5,57,20,28,11.444445
SUPER_2,20080000,1,0,1,2,1,0,1
SUPER_2,20090000,2,0,2,4,1,1,2.5
SUPER_2,20100000,0,0,0,0,0,0,0
SUPER_2,20110000,0,0,0,0,0,0,0
SUPER_2,20120000,3,1,0,4,2,1,6
SUPER_2,20130000,1,0,1,2,0,1,2
SUPER_2,20140000,25,1,1,27,11,14,7
SUPER_2,20150000,89,12,10,111,38,51,10.090909
SUPER_2,20160000,74,3,4,81,29,45,7.571429
SUPER_2,20170000,54,7,3,64,24,30,20.7
SUPER_2,20180000,123,14,5,142,63,60,4.631579
SUPER_2,20190000,60,3,3,66,35,25,4.5
SUPER_2,20200000,41,3,7,51,20,21,14.7
SUPER_2,20210000,87,9,2,98,40,47,4.090909
SUPER_2,20220000,73,2,4,79,34,39,2.3333333
SUPER_2,20230000,118,7,3,128,53,65,4.4
SUPER_2,20240000,50,5,5,60,25,25,52.5
SUPER_2,20250000,24,2,2,28,13,11,3.75
SUPER_2,20260000,2,1,0,3,2,0,1
SUPER_2,20270000,0,1,0,1,0,0,34
SUPER_2,20280000,3,1,0,4,1,2,9
SUPER_2,20290000,0,0,0,0,0,0,0
SUPER_2,20300000,0,0,0,0,0,0,0
SUPER_2,20310000,22,1,1,24,13,9,3
SUPER_2,20320000,1,0,0,1,1,0,NaN
SUPER_2,20330000,62,4,8,74,27,35,10.083333
SUPER_2,20340000,145,8,17,170,74,71,7.32
SUPER_2,20350000,67,4,7,78,36,31,10.727273
SUPER_2,20360000,39,3,3,45,21,18,4.8333335
SUPER_2,20370000,93,3,9,105,50,43,4.8333335
SUPER_2,20380000,120,5,8,133,53,67,8.307693
SUPER_2,20390000,116,8,9,133,55,61,5.1764708
SUPER_2,20400000,96,8,4,108,50,46,5.5833335
SUPER_2,20410000,80,2,6,88,37,43,8.125
SUPER_2,20420000,112,8,6,126,57,55,22.071428
SUPER_2,20430000,0,0,0,0,0,0,0
SUPER_2,20440000,0,0,0,0,0,0,0
SUPER_2,20450000,5,0,2,7,2,3,1.5
SUPER_2,20460000,3,0,0,3,1,2,NaN
SUPER_2,20470000,3,0,2,5,0,3,4.5
SUPER_2,20480000,2,1,0,3,2,0,6
SUPER_2,20490000,6,0,1,7,3,3,1
SUPER_2,20500000,3,0,0,3,0,3,NaN
SUPER_2,20510000,5,0,0,5,5,0,NaN
SUPER_2,20520000,182,11,17,210,82,100,6.642857
SUPER_2,20530000,116,12,5,133,68,48,4.8235292
SUPER_2,20540000,26,2,6,34,14,12,13.75
SUPER_2,20550000,99,11,10,120,52,47,23.904762
SUPER_2,20560000,68,6,6,80,33,35,4.9166665
SUPER_2,20570000,42,1,1,44,18,24,6.5
SUPER_2,20580000,85,4,7,96,42,43,5.3636365
SUPER_2,20590000,127,7,13,147,69,58,20.6
SUPER_2,20600000,47,2,4,53,27,20,1.5
SUPER_2,20610000,114,9,13,136,69,45,4.1363635
SUPER_2,20620000,105,6,6,117,54,51,6.75
SUPER_2,20630000,140,5,6,151,86,54,16.818182
SUPER_2,20640000,87,8,4,99,44,43,15.583333
SUPER_2,20650000,0,1,0,1,0,0,1
SUPER_2,20660000,20,2,2,24,13,7,12.25
SUPER_2,20670000,120,9,8,137,67,53,6.2352943
SUPER_2,20680000,39,4,3,46,22,17,5.714286
SUPER_2,20690000,173,8,10,191,95,78,5.2777777
SUPER_2,20700000,65,3,5,73,38,27,1.5
SUPER_2,20710000,141,8,7,156,72,69,9.8
SUPER_2,20720000,79,4,7,90,48,31,9.545455
SUPER_2,20730000,79,6,10,95,44,35,9.3125
SUPER_2,20740000,66,6,4,76,34,32,6.8
SUPER_2,20750000,2,3,0,5,0,2,9.333333
SUPER_2,20760000,1,0,0,1,1,0,NaN
SUPER_2,20770000,2,1,0,3,2,0,2
SUPER_2,20780000,2,0,1,3,2,0,2
SUPER_2,20790000,7,0,1,8,4,3,2
SUPER_2,20800000,3,0,0,3,0,3,NaN
SUPER_2,20810000,2,0,0,2,0,2,NaN
SUPER_2,20820000,2,0,0,2,1,1,NaN
SUPER_2,20830000,2,0,1,3,0,2,18
SUPER_2,20840000,3,1,0,4,1,2,1
SUPER_2,20850000,0,0,0,0,0,0,0
SUPER_2,20860000,0,0,0,0,0,0,0
SUPER_2,20870000,6,2,0,8,3,3,15
SUPER_2,20880000,2,0,0,2,2,0,NaN
SUPER_2,20890000,0,0,0,0,0,0,0
SUPER_2,20900000,0,0,0,0,0,0,0
SUPER_2,20910000,5,0,0,5,4,1,NaN
SUPER_2,20920000,1,0,0,1,0,1,NaN
SUPER_2,20930000,2,0,1,3,0,2,10
SUPER_2,20940000,10,1,0,11,8,2,14
SUPER_2,20950000,107,9,6,122,59,48,7
SUPER_2,20960000,0,0,0,0,0,0,0
SUPER_2,20970000,0,0,0,0,0,0,0
SUPER_2,20980000,0,0,0,0,0,0,0
SUPER_2,20990000,0,0,0,0,0,0,0
SUPER_2,21000000,0,0,0,0,0,0,0
SUPER_2,21010000,0,0,0,0,0,0,0
SUPER_2,21020000,0,0,0,0,0,0,0
SUPER_2,21030000,0,0,0,0,0,0,0
SUPER_2,21040000,0,0,0,0,0,0,0
SUPER_2,21050000,98,4,5,107,52,46,4.3333335
SUPER_2,21060000,0,0,0,0,0,0,0
SUPER_2,21070000,0,0,0,0,0,0,0
SUPER_2,21080000,0,0,0,0,0,0,0
SUPER_2,21090000,0,0,0,0,0,0,0
SUPER_2,21100000,0,0,0,0,0,0,0
SUPER_2,21110000,0,0,0,0,0,0,0
SUPER_2,21120000,0,0,0,0,0,0,0
SUPER_2,21130000,0,0,0,0,0,0,0
SUPER_2,21140000,0,0,0,0,0,0,0
SUPER_2,21150000,207,18,7,232,104,103,6.16
SUPER_2,21160000,72,0,0,72,42,30,NaN
SUPER_2,21170000,185,10,12,207,96,89,29.40909
SUPER_2,21180000,31,1,3,35,14,17,8.75
SUPER_2,21190000,55,5,2,62,28,27,4.142857
SUPER_2,21200000,6,0,0,6,3,3,NaN
SUPER_2,21210000,3,0,1,4,2,1,1
SUPER_2,21220000,2,0,0,2,2,0,NaN
SUPER_2,21230000,1,0,0,1,0,1,NaN
SUPER_2,21240000,1,0,0,1,1,0,NaN
SUPER_2,21250000,0,0,0,0,0,0,0
SUPER_2,21260000,0,0,0,0,0,0,0
SUPER_2,21270000,4,1,1,6,1,3,12.5
SUPER_2,21280000,2,0,0,2,0,2,NaN
SUPER_2,21290000,2,3,1,6,1,1,10.75
SUPER_2,21300000,2,0,0,2,1,1,NaN
SUPER_2,21310000,1,0,0,1,0,1,NaN
SUPER_2,21320000,2,1,0,3,2,0,1
SUPER_2,21330000,4,0,2,6,3,1,2
SUPER_2,21340000,2,0,0,2,1,1,NaN
SUPER_2,21350000,3,0,0,3,3,0,NaN
SUPER_2,21360000,0,0,0,0,0,0,0
SUPER_2,21370000,0,0,0,0,0,0,0
SUPER_2,21380000,36,3,3,42,21,15,3.3333333
SUPER_2,21390000,47,3,7,57,22,25,1.9
SUPER_2,21400000,109,4,12,125,55,54,5.625
SUPER_2,21410000,162,13,6,181,81,81,5.4210525
SUPER_2,21420000,173,14,9,196,90,83,18.695652
SUPER_2,21430000,166,11,16,193,88,78,21.962963
SUPER_2,21440000,30,4,5,39,13,17,6.111111
SUPER_2,21450000,58,2,1,61,32,26,1.3333334
SUPER_2,21460000,73,1,9,83,34,39,13.7
SUPER_2,21470000,87,10,7,104,47,40,3.5882354
SUPER_2,21480000,93,8,11,112,55,38,6.631579
SUPER_2,21490000,48,6,1,55,20,28,10.142858
SUPER_2,21500000,1,0,1,2,0,1,2
SUPER_2,21510000,0,1,0,1,0,0,2
SUPER_2,21520000,5,0,0,5,1,4,NaN
SUPER_2,21530000,133,8,13,154,60,73,10.285714
SUPER_2,21540000,109,8,6,123,46,63,5.642857
SUPER_2,21550000,93,2,10,105,53,40,8.416667
SUPER_2,21560000,122,18,14,154,53,69,7.5625
SUPER_2,21570000,141,10,6,157,69,72,10.0625
SUPER_2,21580000,1,0,0,1,0,1,NaN
SUPER_2,21590000,0,0,0,0,0,0,0
SUPER_2,21600000,0,0,0,0,0,0,0
SUPER_2,21610000,6,1,0,7,2,4,2
SUPER_2,21620000,37,1,2,40,14,23,11
SUPER_2,21630000,3,0,0,3,1,2,NaN
SUPER_2,21640000,100,9,3,112,41,59,7
SUPER_2,21650000,64,4,6,74,34,30,4.4
SUPER_2,21660000,24,3,0,27,12,12,4
SUPER_2,21670000,1,0,0,1,0,1,NaN
SUPER_2,21680000,1,1,1,3,0,1,1.5
SUPER_2,21690000,2,0,0,2,0,2,NaN
SUPER_2,21700000,2,0,1,3,2,0,5
SUPER_2,21710000,78,4,8,90,41,37,45.083332
SUPER_2,21720000,82,5,7,94,44,38,6.6666665
SUPER_2,21730000,146,10,11,167,85,61,4.142857
SUPER_2,21740000,132,5,6,143,67,65,3.7272727
SUPER_2,21750000,122,11,7,140,63,59,4.5
SUPER_2,21760000,61,2,9,72,38,23,8.545455
SUPER_2,21770000,69,6,2,77,33,36,3
SUPER_2,21780000,113,11,7,131,60,53,8.055555
SUPER_2,21790000,108,10,7,125,44,64,16.764706
SUPER_2,21800000,21,0,1,22,12,9,5
SUPER_2,21810000,53,4,5,62,37,16,4.4444447
SUPER_2,21820000,84,9,9,102,44,40,11.722222
SUPER_2,21830000,110,5,6,121,61,49,3
SUPER_2,21840000,126,5,12,143,61,65,3.3529413
SUPER_2,21850000,28,2,2,32,17,11,7.75
SUPER_2,21860000,122,8,13,143,66,56,12.666667
SUPER_2,21870000,148,10,13,171,60,88,9.782609
SUPER_2,21880000,123,15,5,143,67,56,6.1
SUPER_2,21890000,97,6,5,108,53,44,45.454544
SUPER_2,21900000,149,9,8,166,88,61,16.058823
SUPER_2,21910000,93,8,4,105,51,42,9.833333
SUPER_2,21920000,44,4,2,50,22,22,3.5
SUPER_2,21930000,119,9,7,135,53,66,4
SUPER_2,21940000,40,5,4,49,20,20,9.555555
SUPER_2,21950000,30,6,0,36,11,19,3.6666667
SUPER_2,21960000,23,2,2,27,13,10,5.75
SUPER_2,21970000,18,6,1,25,11,7,4.428571
SUPER_2,21980000,21,6,2,29,11,10,3.25
SUPER_2,21990000,2,0,2,4,0,2,1
SUPER_2,22000000,38,2,8,48,15,23,10.4
SUPER_2,22010000,100,10,5,115,42,58,10.066667
SUPER_2,22020000,68,1,4,73,35,33,6.8
SUPER_2,22030000,45,1,7,53,17,28,18.5
SUPER_2,22040000,147,9,3,159,72,75,8.833333
SUPER_2,22050000,98,7,9,114,58,40,17
SUPER_2,22060000,64,5,2,71,34,30,2
SUPER_2,22070000,1,0,0,1,0,1,NaN
SUPER_2,22080000,61,5,3,69,34,27,23.375
SUPER_2,22090000,91,1,4,96,45,46,3.8
SUPER_2,22100000,115,10,4,129,53,62,8.928572
SUPER_2,22110000,164,11,11,186,78,86,2.7727273
SUPER_2,22120000,128,15,6,149,69,59,9.476191
SUPER_2,22130000,79,3,5,87,40,39,3.875
SUPER_2,22140000,99,6,5,110,49,50,7.4545455
SUPER_2,22150000,121,9,5,135,64,57,7.642857
SUPER_2,22160000,53,3,4,60,26,27,4.857143
SUPER_2,22170000,58,4,7,69,24,34,12.090909
SUPER_2,22180000,1,0,0,1,0,1,NaN
SUPER_2,22190000,2,0,0,2,1,1,NaN
SUPER_2,22200000,2,0,0,2,1,1,NaN
SUPER_2,22210000,51,5,3,59,31,20,4.25
SUPER_2,22220000,10,1,1,12,5,5,1
SUPER_2,22230000,2,0,0,2,0,2,NaN
SUPER_2,22240000,3,0,0,3,0,3,NaN
SUPER_2,22250000,1,1,0,2,0,1,36
SUPER_2,22260000,0,0,1,1,0,0,1
SUPER_2,22270000,10,1,0,11,7,3,4
SUPER_2,22280000,8,0,0,8,4,4,NaN
SUPER_2,22290000,49,5,12,66,24,25,4.9411764
SUPER_2,22300000,8,0,1,9,3,5,2
SUPER_2,22310000,62,5,4,71,24,38,7.3333335
SUPER_2,22320000,4,0,1,5,2,2,1
SUPER_2,22330000,86,7,9,102,47,39,21.375
SUPER_2,22340000,109,4,7,120,57,52,17
SUPER_2,22350000,147,10,13,170,81,66,11.304348
SUPER_2,22360000,65,1,3,69,33,32,2.5
SUPER_2,22370000,96,8,2,106,36,60,8
SUPER_2,22380000,132,3,12,147,66,66,6.9333334
SUPER_2,22390000,72,4,7,83,40,32,9.545455
SUPER_2,22400000,131,8,10,149,63,68,5
SUPER_2,22410000,20,1,1,22,9,11,2.5
SUPER_2,22420000,9,2,0,11,4,5,1.5
SUPER_2,22430000,116,8,4,128,57,59,10.416667
SUPER_2,22440000,148,11,10,169,79,69,10.047619
SUPER_2,22450000,183,10,15,208,93,90,12.88
SUPER_2,22460000,127,9,10,146,63,64,8.421053
SUPER_2,22470000,54,2,6,62,24,30,8
SUPER_2,22480000,13,3,2,18,8,5,16.6
SUPER_2,22490000,2,0,0,2,0,2,NaN
SUPER_2,22500000,1,1,0,2,1,0,1
SUPER_2,22510000,1,0,0,1,0,1,NaN
SUPER_2,22520000,2,0,0,2,1,1,NaN
SUPER_2,22530000,23,2,0,25,8,15,2.5
SUPER_2,22540000,200,11,17,228,95,105,6.321429
SUPER_2,22550000,107,14,12,133,50,57,15.384615
SUPER_2,22560000,24,3,1,28,8,16,6
SUPER_2,22570000,36,3,0,39,20,16,3.6666667
SUPER_2,22580000,131,5,13,149,66,65,2.7777777
SUPER_2,22590000,112,13,10,135,62,50,9.652174
SUPER_2,22600000,111,4,4,119,59,52,10.5
SUPER_2,22610000,135,3,6,144,76,59,3
SUPER_2,22620000,173,9,10,192,101,72,4.631579
SUPER_2,22630000,151,12,5,168,77,74,14
SUPER_2,22640000,118,6,11,135,61,57,4.1764708
SUPER_2,22650000,74,4,6,84,33,41,5.9
SUPER_2,22660000,87,7,5,99,49,38,5
SUPER_2,22670000,97,2,6,105,53,44,5.5
SUPER_2,22680000,79,15,4,98,37,42,4.6842103
SUPER_2,22690000,6,0,0,6,2,4,NaN
SUPER_2,22700000,1,1,0,2,0,1,1
SUPER_2,22710000,3,0,0,3,1,2,NaN
SUPER_2,22720000,0,0,0,0,0,0,0
SUPER_2,22730000,0,0,0,0,0,0,0
SUPER_2,22740000,0,0,0,0,0,0,0
SUPER_2,22750000,0,0,0,0,0,0,0
SUPER_2,22760000,5,0,0,5,1,4,NaN
SUPER_2,22770000,6,0,1,7,2,4,1
SUPER_2,22780000,3,0,0,3,0,3,NaN
SUPER_2,22790000,2,0,0,2,2,0,NaN
SUPER_2,22800000,2,2,2,6,1,1,4.25
SUPER_2,22810000,0,0,0,0,0,0,0
SUPER_2,22820000,0,0,0,0,0,0,0
SUPER_2,22830000,4,2,1,7,2,2,3.3333333
SUPER_2,22840000,3,1,0,4,3,0,32
SUPER_2,22850000,2,0,0,2,2,0,NaN
SUPER_2,22860000,2,1,0,3,0,2,4
SUPER_2,22870000,0,0,0,0,0,0,0
SUPER_2,22880000,0,0,0,0,0,0,0
SUPER_2,22890000,1,1,2,4,0,1,7.6666665
SUPER_2,22900000,2,0,1,3,1,1,1
SUPER_2,22910000,6,3,0,9,3,3,8.333333
SUPER_2,22920000,114,13,6,133,45,69,4.631579
SUPER_2,22930000,117,6,4,127,56,61,4.3
SUPER_2,22940000,186,10,12,208,97,89,7.181818
SUPER_2,22950000,136,11,9,156,70,66,38.5
SUPER_2,22960000,144,4,2,150,86,58,8.166667
SUPER_2,22970000,130,6,4,140,83,47,5.4
SUPER_2,22980000,124,9,6,139,56,68,4.133333
SUPER_2,22990000,98,5,7,110,54,44,6.3333335
SUPER_2,23000000,101,5,7,113,60,41,7.4166665
SUPER_2,23010000,100,3,7,110,52,48,5.7
SUPER_2,23020000,40,8,0,48,29,11,2
SUPER_2,23030000,69,5,3,77,34,35,9.75
SUPER_2,23040000,206,9,13,228,109,97,6.0454545
SUPER_2,23050000,182,12,7,201,94,88,7.4736843
SUPER_2,23060000,62,4,2,68,33,29,2.5
SUPER_2,23070000,153,13,11,177,81,72,5.7083335
SUPER_2,23080000,76,4,5,85,39,37,10.111111
SUPER_2,23090000,1,0,0,1,1,0,NaN
SUPER_2,23100000,3,1,0,4,2,1,1
SUPER_2,23110000,2,0,1,3,1,1,2
SUPER_2,23120000,1,0,0,1,1,0,NaN
SUPER_2,23130000,0,0,0,0,0,0,0
SUPER_2,23140000,0,0,0,0,0,0,0
SUPER_2,23150000,67,6,1,74,39,28,4.285714
SUPER_2,23160000,65,1,2,68,25,40,2.3333333
SUPER_2,23170000,45,4,2,51,20,25,8.333333
SUPER_2,23180000,37,6,1,44,20,17,8.571428
SUPER_2,23190000,60,9,8,77,27,33,8.705882
SUPER_2,23200000,61,2,5,68,28,33,7.285714
SUPER_2,23210000,4,0,0,4,2,2,NaN
SUPER_2,23220000,2,1,0,3,2,0,7
SUPER_2,23230000,6,0,0,6,3,3,NaN
SUPER_2,23240000,76,8,7,91,36,40,5.4666667
SUPER_2,23250000,120,5,2,127,65,55,3.142857
SUPER_2,23260000,85,8,8,101,41,44,6
SUPER_2,23270000,38,5,1,44,18,20,1.8333334
SUPER_2,23280000,77,7,6,90,47,30,15.230769
SUPER_2,23290000,0,0,0,0,0,0,0
SUPER_2,23300000,0,0,0,0,0,0,0
SUPER_2,23310000,61,6,3,70,37,24,11.666667
SUPER_2,23320000,120,3,8,131,64,56,8.636364
SUPER_2,23330000,0,0,0,0,0,0,0
SUPER_2,23340000,0,0,0,0,0,0,0
SUPER_2,23350000,174,14,11,199,101,73,6.6
SUPER_2,23360000,137,13,12,162,73,64,12.72
SUPER_2,23370000,141,13,8,162,70,71,10.523809
SUPER_2,23380000,0,0,0,0,0,0,0
SUPER_2,23390000,0,0,0,0,0,0,0
SUPER_2,23400000,338,14,24,376,164,174,9.657895
SUPER_2,23410000,20,3,0,23,12,8,11.666667
SUPER_2,23420000,128,3,8,139,61,67,4.818182
SUPER_2,23430000,135,8,6,149,66,69,13.5
SUPER_2,23440000,206,12,22,240,93,113,3.5
SUPER_2,23450000,142,11,2,155,76,66,4.923077
SUPER_2,23460000,105,3,10,118,63,42,10.615385
SUPER_2,23470000,106,6,7,119,53,53,11.076923
SUPER_2,23480000,169,13,9,191,89,80,7.5454545
SUPER_2,23490000,35,3,0,38,17,18,2
SUPER_2,23500000,50,7,6,63,27,23,7.5384617
SUPER_2,23510000,13,1,0,14,4,9,1
SUPER_2,23520000,82,3,6,91,44,38,4.888889
SUPER_2,23530000,46,1,2,49,25,21,1.6666666
SUPER_2,23540000,56,4,5,65,31,25,4.7777777
SUPER_2,23550000,134,4,9,147,71,63,11.461538
SUPER_2,23560000,106,6,8,120,55,51,8.714286
SUPER_2,23570000,113,4,7,124,75,38,24.636364
SUPER_2,23580000,46,1,1,48,28,18,3
SUPER_2,23590000,158,1,3,162,78,80,6.25
SUPER_2,23600000,47,3,3,53,25,22,5.5
SUPER_2,23610000,15,1,1,17,9,6,9.5
SUPER_2,23620000,135,14,13,162,70,65,5.185185
SUPER_2,23630000,174,4,11,189,85,89,7.266667
SUPER_2,23640000,66,2,4,72,36,30,4.5
SUPER_2,23650000,18,1,2,21,9,9,25.333334
SUPER_2,23660000,118,8,3,129,68,50,4.7272725
SUPER_2,23670000,96,8,6,110,50,46,8.428572
SUPER_2,23680000,89,4,5,98,51,38,8.444445
SUPER_2,23690000,93,5,3,101,45,48,5.75
SUPER_2,23700000,0,0,0,0,0,0,0
SUPER_2,23710000,0,0,0,0,0,0,0
SUPER_2,23720000,3,0,0,3,1,2,NaN
SUPER_2,23730000,2,0,1,3,1,1,1
SUPER_2,23740000,4,0,0,4,2,2,NaN
SUPER_2,23750000,44,2,1,47,23,21,3.6666667
SUPER_2,23760000,142,12,9,163,83,59,10
SUPER_2,23770000,80,5,5,90,42,38,9.9
SUPER_2,23780000,68,7,4,79,31,37,3.090909
SUPER_2,23790000,117,9,11,137,55,62,11.2
SUPER_2,23800000,179,8,9,196,102,77,5.8235292
SUPER_2,23810000,43,2,6,51,18,25,2.125
SUPER_2,23820000,17,2,1,20,7,10,4.6666665
SUPER_2,23830000,16,2,0,18,12,4,4.5
SUPER_2,23840000,35,5,2,42,23,12,35
SUPER_2,23850000,94,11,5,110,43,51,5.125
SUPER_2,23860000,77,7,2,86,38,39,4
SUPER_2,23870000,67,5,4,76,34,33,7
SUPER_2,23880000,125,1,7,133,70,55,4.125
SUPER_2,23890000,1,0,0,1,0,1,NaN
SUPER_2,23900000,37,4,2,43,20,17,2
SUPER_2,23910000,2,0,0,2,0,2,NaN
SUPER_2,23920000,1,0,0,1,1,0,NaN
SUPER_2,23930000,55,0,7,62,25,30,5.285714
SUPER_2,23940000,211,6,15,232,103,108,16.571428
SUPER_2,23950000,0,0,0,0,0,0,0
SUPER_2,23960000,0,0,0,0,0,0,0
SUPER_2,23970000,112,10,8,130,50,62,3.2222223
SUPER_2,23980000,30,3,4,37,17,13,3.142857
SUPER_2,23990000,66,3,2,71,38,28,1
SUPER_2,24000000,148,8,8,164,78,70,13
SUPER_2,24010000,73,4,5,82,38,35,4.2222223
SUPER_2,24020000,188,13,9,210,100,88,5.590909
SUPER_2,24030000,9,1,1,11,8,1,11
SUPER_2,24040000,157,12,10,179,84,73,9.818182
SUPER_2,24050000,21,3,3,27,12,9,2
SUPER_2,24060000,102,5,4,111,63,39,2.6666667
SUPER_2,24070000,84,6,6,96,39,45,6.1666665
SUPER_2,24080000,2,0,0,2,2,0,NaN
SUPER_2,24090000,97,5,1,103,64,33,12.833333
SUPER_2,24100000,191,7,13,211,117,74,7.75
SUPER_2,24110000,73,5,3,81,35,38,11.125
SUPER_2,24120000,67,4,5,76,30,37,9.111111
SUPER_2,24130000,70,4,6,80,44,26,10.2
SUPER_2,24140000,0,0,0,0,0,0,0
SUPER_2,24150000,0,0,0,0,0,0,0
SUPER_2,24160000,0,0,0,0,0,0,0
SUPER_2,24170000,0,0,0,0,0,0,0
SUPER_2,24180000,0,0,0,0,0,0,0
SUPER_2,24190000,178,18,17,213,88,90,5.6571426
SUPER_2,24200000,127,5,7,139,69,58,8.916667
SUPER_2,24210000,148,4,7,159,65,83,5.090909
SUPER_2,24220000,179,11,15,205,93,86,9.884615
SUPER_2,24230000,232,17,13,262,117,115,12.833333
SUPER_2,24240000,65,5,1,71,26,39,2.8333333
SUPER_2,24250000,142,7,10,159,68,74,14.470589
SUPER_2,24260000,196,9,13,218,95,101,6.181818
SUPER_2,24270000,46,4,4,54,24,22,7.125
SUPER_2,24280000,46,1,3,50,20,26,1.5
SUPER_2,24290000,110,4,10,124,53,57,3.857143
SUPER_2,24300000,82,5,6,93,41,41,8.363636
SUPER_2,24310000,7,1,0,8,3,4,1
SUPER_2,24320000,4,1,0,5,4,0,1
SUPER_2,24330000,84,7,4,95,37,47,12.363636
SUPER_2,24340000,170,12,9,191,91,79,8.571428
SUPER_2,24350000,98,9,9,116,47,51,6.5
SUPER_2,24360000,109,13,9,131,52,57,31.136364
SUPER_2,24370000,79,7,5,91,37,42,6.0833335
SUPER_2,24380000,158,7,7,172,81,77,9
SUPER_2,24390000,158,8,16,182,95,63,6.875
SUPER_2,24400000,201,15,16,232,94,107,6.7419353
SUPER_2,24410000,117,8,11,136,48,69,8.421053
SUPER_2,24420000,97,5,9,111,55,42,5.857143
SUPER_2,24430000,44,2,3,49,23,21,3.4
SUPER_2,24440000,7,0,0,7,7,0,NaN
SUPER_2,24450000,116,8,14,138,62,54,14.545455
SUPER_2,24460000,145,8,11,164,75,70,12.052631
SUPER_2,24470000,107,9,6,122,59,48,5.733333
SUPER_2,24480000,67,5,1,73,40,27,5.8333335
SUPER_2,24490000,92,4,3,99,54,38,4.142857
SUPER_2,24500000,114,8,11,133,52,62,11.421053
SUPER_2,24510000,28,4,2,34,10,18,11.333333
SUPER_2,24520000,160,8,14,182,74,86,37.81818
SUPER_2,24530000,114,10,14,138,54,60,5.9166665
SUPER_2,24540000,139,12,9,160,82,57,6.142857
SUPER_2,24550000,178,15,12,205,97,81,14.333333
SUPER_2,24560000,135,15,10,160,63,72,34.12
SUPER_2,24570000,92,5,9,106,43,49,6.928571
SUPER_2,24580000,89,8,4,101,44,45,3.5
SUPER_2,24590000,53,5,3,61,23,30,5.125
SUPER_2,24600000,12,0,1,13,4,8,1
SUPER_2,24610000,6,1,0,7,5,1,1
SUPER_2,24620000,40,4,3,47,24,16,9.571428
SUPER_2,24630000,87,6,8,101,41,46,31.285715
SUPER_2,24640000,107,7,7,121,62,45,5.428571
SUPER_2,24650000,45,12,3,60,18,27,4.0666666
SUPER_2,24660000,92,9,6,107,55,37,6.3333335
SUPER_2,24670000,113,10,8,131,56,57,16.444445
SUPER_2,24680000,72,6,5,83,35,37,12.090909
SUPER_2,24690000,37,0,1,38,19,18,12
SUPER_2,24700000,72,3,6,81,38,34,22.88889
SUPER_2,24710000,14,2,5,21,7,7,5.285714
SUPER_2,24720000,68,7,8,83,35,33,22.4
SUPER_2,24730000,25,2,2,29,10,15,16.75
SUPER_2,24740000,3,0,0,3,1,2,NaN
SUPER_2,24750000,2,0,0,2,1,1,NaN
SUPER_2,24760000,2,0,1,3,0,2,11
SUPER_2,24770000,0,0,0,0,0,0,0
SUPER_2,24780000,0,0,0,0,0,0,0
SUPER_2,24790000,2,0,1,3,1,1,25
SUPER_2,24800000,1,1,0,2,1,0,1
SUPER_2,24810000,76,7,9,92,37,39,5
SUPER_2,24820000,77,2,1,80,44,33,9
SUPER_2,24830000,132,9,10,151,66,66,5.9473686
SUPER_2,24840000,39,2,4,45,22,17,7.8333335
SUPER_2,24850000,71,6,5,82,36,35,20.90909
SUPER_2,24860000,12,0,1,13,4,8,1
SUPER_2,24870000,17,0,2,19,10,7,19.5
SUPER_2,24880000,99,7,13,119,41,58,9.05
SUPER_2,24890000,136,10,4,150,71,65,2.4285715
SUPER_2,24900000,140,9,14,163,85,55,3.826087
SUPER_2,24910000,79,4,4,87,33,46,11
SUPER_2,24920000,127,6,7,140,67,60,13.076923
SUPER_2,24930000,59,7,3,69,30,29,5.4
SUPER_2,24940000,70,4,8,82,39,31,8.25
SUPER_2,24950000,57,8,2,67,35,22,4.2
SUPER_2,24960000,159,6,16,181,88,71,6.4545455
SUPER_2,24970000,110,5,8,123,61,49,13.307693
SUPER_2,24980000,34,2,4,40,18,16,4.5
SUPER_2,24990000,61,5,5,71,33,28,5.6
SUPER_2,25000000,162,8,16,186,92,70,7.0833335
SUPER_2,25010000,45,1,3,49,20,25,11.5
SUPER_2,25020000,7,0,1,8,3,4,3
SUPER_2,25030000,14,3,1,18,8,6,16
SUPER_2,25040000,106,7,9,122,55,51,11.9375
SUPER_2,25050000,109,11,11,131,53,56,13.136364
SUPER_2,25060000,150,7,12,169,72,78,7
SUPER_2,25070000,187,15,15,217,98,89,8.766666
SUPER_2,25080000,44,4,4,52,23,21,3.125
SUPER_2,25090000,0,0,0,0,0,0,0
SUPER_2,25100000,0,0,0,0,0,0,0
SUPER_2,25110000,3,0,0,3,1,2,NaN
SUPER_2,25120000,2,0,0,2,1,1,NaN
SUPER_2,25130000,0,0,0,0,0,0,0
SUPER_2,25140000,0,0,0,0,0,0,0
SUPER_2,25150000,16,3,2,21,8,8,4.6
SUPER_2,25160000,7,1,0,8,4,3,2
SUPER_2,25170000,0,0,0,0,0,0,0
SUPER_2,25180000,0,0,0,0,0,0,0
SUPER_2,25190000,32,1,2,35,16,16,8
SUPER_2,25200000,15,1,0,16,9,6,20
SUPER_2,25210000,6,1,2,9,2,4,7
SUPER_2,25220000,2,0,0,2,0,2,NaN
SUPER_2,25230000,3,0,1,4,2,1,1
SUPER_2,25240000,4,1,2,7,1,3,123
SUPER_2,25250000,0,0,0,0,0,0,0
SUPER_2,25260000,0,0,0,0,0,0,0
SUPER_2,25270000,3,2,0,5,2,1,2.5
SUPER_2,25280000,3,0,0,3,0,3,NaN
SUPER_2,25290000,1,0,1,2,1,0,2
SUPER_2,25300000,1,0,0,1,1,0,NaN
SUPER_2,25310000,5,0,0,5,2,3,NaN
SUPER_2,25320000,28,2,2,32,15,13,3.25
SUPER_2,25330000,140,9,11,160,74,66,9
SUPER_2,25340000,139,5,11,155,71,68,3.3125
SUPER_2,25350000,60,3,3,66,34,26,7.1666665
SUPER_2,25360000,92,8,8,108,44,48,5.375
SUPER_2,25370000,82,13,8,103,42,40,3.142857
SUPER_2,25380000,153,10,13,176,84,69,11.565217
SUPER_2,25390000,122,10,15,147,65,57,6.12
SUPER_2,25400000,135,10,10,155,73,62,16.15
SUPER_2,25410000,77,10,3,90,36,41,3.9230769
SUPER_2,25420000,37,4,4,45,13,24,5.125
SUPER_2,25430000,26,0,4,30,12,14,6.5
SUPER_2,25440000,3,0,0,3,0,3,NaN
SUPER_2,25450000,1,0,0,1,1,0,NaN
SUPER_2,25460000,0,0,0,0,0,0,0
SUPER_2,25470000,0,0,0,0,0,0,0
SUPER_2,25480000,0,0,0,0,0,0,0
SUPER_2,25490000,3,0,1,4,1,2,1
SUPER_2,25500000,0,0,1,1,0,0,1
SUPER_2,25510000,1,0,0,1,0,1,NaN
SUPER_2,25520000,1,0,0,1,0,1,NaN
SUPER_2,25530000,0,1,0,1,0,0,24
SUPER_2,25540000,1,0,2,3,1,0,6
SUPER_2,25550000,0,0,0,0,0,0,0
SUPER_2,25560000,0,0,0,0,0,0,0
SUPER_2,25570000,1,0,1,2,1,0,1
SUPER_2,25580000,34,4,2,40,25,9,2.8333333
SUPER_2,25590000,75,7,4,86,31,44,49.18182
SUPER_2,25600000,23,2,1,26,9,14,2
SUPER_2,25610000,74,5,6,85,34,40,3.3636363
SUPER_2,25620000,90,4,6,100,47,43,14
SUPER_2,25630000,94,4,9,107,45,49,2.3076923
SUPER_2,25640000,22,4,4,30,14,8,3.375
SUPER_2,25650000,100,9,7,116,51,49,5.125
SUPER_2,25660000,45,1,2,48,23,22,33
SUPER_2,25670000,82,5,5,92,50,32,2.9
SUPER_2,25680000,46,8,2,56,24,22,5.2
SUPER_2,25690000,130,4,8,142,69,61,2.25
SUPER_2,25700000,47,5,4,56,26,21,5.2222223
SUPER_2,25710000,85,7,5,97,46,39,34.583332
SUPER_2,25720000,159,14,5,178,89,70,28.894737
SUPER_2,25730000,71,4,5,80,31,40,5.3333335
SUPER_2,25740000,133,10,7,150,69,64,5.9411764
SUPER_2,25750000,151,6,6,163,86,65,9.333333
SUPER_2,25760000,177,9,11,197,77,100,24.15
SUPER_2,25770000,78,3,11,92,43,35,14.714286
SUPER_2,25780000,138,11,13,162,59,79,5.375
SUPER_2,25790000,74,9,4,87,40,34,3.1538463
SUPER_2,25800000,21,4,4,29,9,12,6
SUPER_2,25810000,58,7,1,66,29,29,5
SUPER_2,25820000,0,0,0,0,0,0,0
SUPER_2,25830000,0,0,0,0,0,0,0
SUPER_2,25840000,62,3,4,69,30,32,14.285714
SUPER_2,25850000,61,2,3,66,30,31,4
SUPER_2,25860000,72,7,9,88,42,30,5.125
SUPER_2,25870000,60,6,8,74,32,28,6.928571
SUPER_2,25880000,61,8,1,70,32,29,4.5555553
SUPER_2,25890000,82,7,4,93,43,39,8.818182
SUPER_2,25900000,162,12,14,188,79,83,8.192307
SUPER_2,25910000,135,4,4,143,77,58,2.875
SUPER_2,25920000,139,11,10,160,79,60,7.1904764
SUPER_2,25930000,81,4,7,92,38,43,7.909091
SUPER_2,25940000,152,6,7,165,80,72,4.769231
SUPER_2,25950000,35,2,2,39,15,20,3.25
SUPER_2,25960000,45,2,2,49,30,15,6.75
SUPER_2,25970000,93,4,4,101,37,56,2.5
SUPER_2,25980000,139,23,7,169,69,70,4.133333
SUPER_2,25990000,125,3,8,136,58,67,2.8181818
SUPER_2,26000000,229,17,20,266,110,119,8.621622
SUPER_2,26010000,155,9,10,174,79,76,11.052631
SUPER_2,26020000,1,0,0,1,1,0,NaN
SUPER_2,26030000,0,0,1,1,0,0,4
SUPER_2,26040000,2,1,0,3,0,2,2
SUPER_2,26050000,2,0,1,3,1,1,1
SUPER_2,26060000,1,1,0,2,1,0,6
SUPER_2,26070000,3,0,0,3,2,1,NaN
SUPER_2,26080000,2,1,0,3,1,1,1
SUPER_2,26090000,2,0,0,2,1,1,NaN
SUPER_2,26100000,3,0,1,4,1,2,6
SUPER_2,26110000,3,1,0,4,1,2,12
SUPER_2,26120000,2,0,0,2,0,2,NaN
SUPER_2,26130000,1,2,1,4,0,1,12
SUPER_2,26140000,1,1,0,2,0,1,1
SUPER_2,26150000,3,0,0,3,0,3,NaN
SUPER_2,26160000,5,0,0,5,2,3,NaN
SUPER_2,26170000,1,0,0,1,1,0,NaN
SUPER_2,26180000,1,0,0,1,1,0,NaN
SUPER_2,26190000,2,1,0,3,2,0,2
SUPER_2,26200000,3,0,0,3,1,2,NaN
SUPER_2,26210000,86,5,8,99,47,39,6.6923075
SUPER_2,26220000,63,4,5,72,31,32,10.555555
SUPER_2,26230000,103,1,8,112,59,44,9.555555
SUPER_2,26240000,113,3,10,126,62,51,4.230769
SUPER_2,26250000,188,18,15,221,105,83,11.181818
SUPER_2,26260000,80,2,5,87,50,30,4
SUPER_2,26270000,101,9,3,113,52,49,6.4166665
SUPER_2,26280000,50,4,4,58,23,27,3.75
SUPER_2,26290000,33,2,4,39,18,15,52.833332
SUPER_2,26300000,6,0,1,7,2,4,70
SUPER_2,26310000,1,1,2,4,0,1,3.3333333
SUPER_2,26320000,3,0,0,3,2,1,NaN
SUPER_2,26330000,3,0,0,3,1,2,NaN
SUPER_2,26340000,12,2,1,15,7,5,2
SUPER_2,26350000,169,10,6,185,80,89,9.1875
SUPER_2,26360000,170,10,14,194,93,77,5.3333335
SUPER_2,26370000,87,2,7,96,43,44,19.11111
SUPER_2,26380000,125,6,10,141,72,53,22.3125
SUPER_2,26390000,152,7,9,168,71,81,23.875
SUPER_2,26400000,228,11,19,258,122,106,6.3
SUPER_2,26410000,117,8,5,130,60,57,4.6153846
SUPER_2,26420000,31,4,2,37,16,15,7.3333335
SUPER_2,26430000,42,3,0,45,20,22,3.3333333
SUPER_2,26440000,26,1,2,29,13,13,8
SUPER_2,26450000,28,0,1,29,13,15,1
SUPER_2,26460000,164,16,10,190,85,79,16.961538
SUPER_2,26470000,11,1,0,12,5,6,4
SUPER_2,26480000,16,2,3,21,10,6,12.2
SUPER_2,26490000,103,5,11,119,44,59,5.25
SUPER_2,26500000,160,6,8,174,97,63,23
SUPER_2,26510000,102,8,7,117,56,46,1.8
SUPER_2,26520000,42,5,8,55,20,22,3.6923077
SUPER_2,26530000,152,18,10,180,64,88,3.2142856
SUPER_2,26540000,0,0,0,0,0,0,0
SUPER_2,26550000,0,0,0,0,0,0,0
SUPER_2,26560000,136,2,4,142,79,57,5.1666665
SUPER_2,26570000,61,2,5,68,35,26,22.285715
SUPER_2,26580000,7,2,1,10,4,3,2.6666667
SUPER_2,26590000,14,0,1,15,3,11,1
SUPER_2,26600000,4,0,0,4,3,1,NaN
SUPER_2,26610000,0,0,0,0,0,0,0
SUPER_2,26620000,0,0,0,0,0,0,0
SUPER_2,26630000,102,6,8,116,47,55,5.928571
SUPER_2,26640000,34,2,3,39,14,20,1
SUPER_2,26650000,160,11,15,186,75,85,8.307693
SUPER_2,26660000,91,9,4,104,45,46,8.076923
SUPER_2,26670000,137,3,5,145,72,65,26.875
SUPER_2,26680000,116,8,9,133,61,55,3.6470587
SUPER_2,26690000,87,8,4,99,44,43,3.3333333
SUPER_2,26700000,14,0,2,16,8,6,2
SUPER_2,26710000,66,7,6,79,30,36,20.692308
SUPER_2,26720000,2,0,0,2,0,2,NaN
SUPER_2,26730000,0,0,1,1,0,0,1
SUPER_2,26740000,2,0,0,2,2,0,NaN
SUPER_2,26750000,9,2,2,13,4,5,2.25
SUPER_2,26760000,95,5,8,108,45,50,7.6153846
SUPER_2,26770000,49,3,1,53,22,27,1.25
SUPER_2,26780000,74,1,1,76,46,28,7
SUPER_2,26790000,86,5,7,98,42,44,5.9166665
SUPER_2,26800000,3,2,0,5,1,2,18
SUPER_2,26810000,96,8,5,109,51,45,2.7692308
SUPER_2,26820000,99,5,5,109,48,51,11.4
SUPER_2,26830000,141,8,9,158,66,75,33.705883
SUPER_2,26840000,82,1,3,86,40,42,3
SUPER_2,26850000,0,1,0,1,0,0,2
SUPER_2,26860000,106,8,8,122,62,44,6.8125
SUPER_2,26870000,40,4,9,53,27,13,5.923077
SUPER_2,26880000,6,1,0,7,3,3,24
SUPER_2,26890000,9,0,0,9,4,5,NaN
SUPER_2,26900000,2,0,0,2,1,1,NaN
SUPER_2,26910000,3,0,0,3,3,0,NaN
SUPER_2,26920000,3,0,0,3,0,3,NaN
SUPER_2,26930000,26,1,2,29,14,12,4.6666665
SUPER_2,26940000,148,8,14,170,83,65,5.7727275
SUPER_2,26950000,30,1,1,32,13,17,3
SUPER_2,26960000,62,3,2,67,30,32,30.4
SUPER_2,26970000,77,2,6,85,42,35,2.75
SUPER_2,26980000,0,0,0,0,0,0,0
SUPER_2,26990000,0,0,0,0,0,0,0
SUPER_2,27000000,162,7,7,176,84,78,5.214286
SUPER_2,27010000,54,4,5,63,29,25,8.444445
SUPER_2,27020000,143,7,8,158,74,69,3.8
SUPER_2,27030000,40,5,3,48,19,21,7.375
SUPER_2,27040000,5,2,1,8,4,1,9.333333
SUPER_2,27050000,14,1,2,17,9,5,1.3333334
SUPER_2,27060000,143,7,12,162,81,62,30.526316
SUPER_2,27070000,78,6,6,90,50,28,4.5
SUPER_2,27080000,39,6,1,46,20,19,3
SUPER_2,27090000,111,5,10,126,52,59,11.466666
SUPER_2,27100000,105,6,5,116,52,53,13.454545
SUPER_2,27110000,27,3,1,31,20,7,5
SUPER_2,27120000,8,0,0,8,4,4,NaN
SUPER_2,27130000,0,0,0,0,0,0,0
SUPER_2,27140000,0,0,0,0,0,0,0
SUPER_2,27150000,103,8,4,115,56,47,4.4166665
SUPER_2,27160000,96,0,3,99,61,35,2.3333333
SUPER_2,27170000,86,4,4,94,55,31,2.625
SUPER_2,27180000,108,9,4,121,56,52,3
SUPER_2,27190000,84,5,11,100,43,41,8.3125
SUPER_2,27200000,25,3,5,33,14,11,7.875
SUPER_2,27210000,92,5,5,102,52,40,4.5
SUPER_2,27220000,34,1,4,39,19,15,4.4
SUPER_2,27230000,0,0,0,0,0,0,0
SUPER_2,27240000,0,0,0,0,0,0,0
SUPER_2,27250000,0,0,0,0,0,0,0
SUPER_2,27260000,57,2,2,61,26,31,26.5
SUPER_2,27270000,23,5,2,30,14,9,11.857142
SUPER_2,27280000,25,0,2,27,8,17,3
SUPER_2,27290000,41,3,8,52,25,16,5.818182
SUPER_2,27300000,0,0,0,0,0,0,0
SUPER_2,27310000,0,0,0,0,0,0,0
SUPER_2,27320000,0,0,0,0,0,0,0
SUPER_2,27330000,0,0,0,0,0,0,0
SUPER_2,27340000,0,0,0,0,0,0,0
SUPER_2,27350000,0,0,0,0,0,0,0
SUPER_2,27360000,0,0,0,0,0,0,0
SUPER_2,27370000,197,6,14,217,109,88,5.55
SUPER_2,27380000,193,9,6,208,105,88,6.733333
SUPER_2,27390000,86,1,5,92,43,43,7.5
SUPER_2,27400000,81,5,2,88,42,39,7.142857
SUPER_2,27410000,99,8,6,113,51,48,5
SUPER_2,27420000,1,0,0,1,0,1,NaN
SUPER_2,27430000,3,0,0,3,1,2,NaN
SUPER_2,27440000,1,1,3,5,0,1,37.5
SUPER_2,27450000,66,6,4,76,39,27,6
SUPER_2,27460000,96,14,3,113,53,43,3.4705882
SUPER_2,27470000,0,0,0,0,0,0,0
SUPER_2,27480000,0,0,0,0,0,0,0
SUPER_2,27490000,38,2,2,42,18,20,2.5
SUPER_2,27500000,8,0,0,8,7,1,NaN
SUPER_2,27510000,1,0,0,1,1,0,NaN
SUPER_2,27520000,102,9,6,117,59,43,5.6666665
SUPER_2,27530000,67,3,3,73,36,31,8.833333
SUPER_2,27540000,4,1,0,5,1,3,17
SUPER_2,27550000,3,0,0,3,3,0,NaN
SUPER_2,27560000,2,1,0,3,0,2,1
SUPER_2,27570000,0,0,0,0,0,0,0
SUPER_2,27580000,0,0,0,0,0,0,0
SUPER_2,27590000,5,0,1,6,3,2,19
SUPER_2,27600000,4,0,0,4,3,1,NaN
SUPER_2,27610000,4,0,0,4,4,0,NaN
SUPER_2,27620000,1,1,1,3,0,1,1
SUPER_2,27630000,3,0,0,3,3,0,NaN
SUPER_2,27640000,0,2,0,2,0,0,24
SUPER_2,27650000,2,0,0,2,1,1,NaN
SUPER_2,27660000,4,1,0,5,4,0,6
SUPER_2,27670000,3,0,0,3,2,1,NaN
SUPER_2,27680000,9,2,0,11,5,4,24
SUPER_2,27690000,4,0,0,4,3,1,NaN
SUPER_2,27700000,4,0,0,4,1,3,NaN
SUPER_2,27710000,3,1,0,4,3,0,1
SUPER_2,27720000,0,0,0,0,0,0,0
SUPER_2,27730000,0,0,0,0,0,0,0
SUPER_2,27740000,87,5,4,96,44,43,3.1111112
SUPER_2,27750000,176,10,9,195,91,85,6.736842
SUPER_2,27760000,20,3,0,23,7,13,4
SUPER_2,27770000,58,8,3,69,29,29,5.6363635
SUPER_2,27780000,0,0,0,0,0,0,0
SUPER_2,27790000,0,0,0,0,0,0,0
SUPER_2,27800000,0,0,0,0,0,0,0
SUPER_2,27810000,0,0,0,0,0,0,0
SUPER_2,27820000,88,7,3,98,44,44,6.4
SUPER_2,27830000,108,5,6,119,66,42,17.90909
SUPER_2,27840000,14,2,0,16,5,9,4
SUPER_2,27850000,35,3,3,41,16,19,53.833332
SUPER_2,27860000,6,0,0,6,3,3,NaN
SUPER_2,27870000,117,13,5,135,61,56,8.777778
SUPER_2,27880000,113,2,5,120,53,60,195.42857
SUPER_2,27890000,42,3,2,47,23,19,3.2
SUPER_2,27900000,1,0,1,2,0,1,1
SUPER_2,27910000,0,0,0,0,0,0,0
SUPER_2,27920000,0,0,0,0,0,0,0
SUPER_2,27930000,0,0,0,0,0,0,0
SUPER_2,27940000,0,0,0,0,0,0,0
SUPER_2,27950000,3,0,0,3,1,2,NaN
SUPER_2,27960000,1,0,0,1,0,1,NaN
SUPER_2,27970000,0,0,1,1,0,0,9
SUPER_2,27980000,0,1,0,1,0,0,7
SUPER_2,27990000,0,0,0,0,0,0,0
SUPER_2,28000000,0,0,0,0,0,0,0
SUPER_2,28010000,3,0,0,3,2,1,NaN
SUPER_2,28020000,2,0,1,3,1,1,17
SUPER_2,28030000,4,0,0,4,3,1,NaN
SUPER_2,28040000,2,0,0,2,1,1,NaN
SUPER_2,28050000,2,1,0,3,2,0,22
SUPER_2,28060000,2,1,0,3,1,1,1
SUPER_2,28070000,75,5,5,85,35,40,5.1
SUPER_2,28080000,122,5,5,132,65,57,6.1
SUPER_2,28090000,57,3,7,67,28,29,8.6
SUPER_2,28100000,68,8,10,86,36,32,7.8333335
SUPER_2,28110000,9,4,1,14,5,4,4.4
SUPER_2,28120000,136,9,9,154,75,61,5.7777777
SUPER_2,28130000,132,10,12,154,66,66,4.8636365
SUPER_2,28140000,55,4,2,61,31,24,2.6666667
SUPER_2,28150000,85,9,5,99,40,45,2.5
SUPER_2,28160000,116,6,8,130,56,60,4.285714
SUPER_2,28170000,45,5,3,53,22,23,5.875
SUPER_2,28180000,15,1,8,24,12,3,2.2222223
SUPER_2,28190000,5,0,0,5,3,2,NaN
SUPER_2,28200000,1,0,0,1,0,1,NaN
SUPER_2,28210000,1,1,0,2,0,1,2
SUPER_2,28220000,2,0,1,3,1,1,6
SUPER_2,28230000,78,4,14,96,30,48,6.0555553
SUPER_2,28240000,6,0,0,6,1,5,NaN
SUPER_2,28250000,0,0,1,1,0,0,1
SUPER_2,28260000,3,0,0,3,2,1,NaN
SUPER_2,28270000,1,1,2,4,0,1,1
SUPER_2,28280000,2,0,0,2,2,0,NaN
SUPER_2,28290000,0,0,0,0,0,0,0
SUPER_2,28300000,0,0,0,0,0,0,0
SUPER_2,28310000,9,2,0,11,5,4,20.5
SUPER_2,28320000,1,0,1,2,1,0,2
SUPER_2,28330000,1,0,0,1,1,0,NaN
SUPER_2,28340000,0,1,0,1,0,0,1
SUPER_2,28350000,5,0,1,6,2,3,2
SUPER_2,28360000,33,0,0,33,21,12,NaN
SUPER_2,28370000,1,1,0,2,1,0,12
SUPER_2,28380000,0,1,1,2,0,0,2
SUPER_2,28390000,6,0,3,9,4,2,4
SUPER_2,28400000,1,1,0,2,0,1,10
SUPER_2,28410000,1,0,0,1,0,1,NaN
SUPER_2,28420000,1,0,1,2,1,0,2
SUPER_2,28430000,3,0,0,3,2,1,NaN
SUPER_2,28440000,1,0,1,2,1,0,76
SUPER_2,28450000,18,1,0,19,12,6,15
SUPER_2,28460000,4,0,1,5,3,1,306
SUPER_2,28470000,80,6,5,91,48,32,3.4545455
SUPER_2,28480000,27,3,1,31,14,13,3.25
SUPER_2,28490000,42,1,3,46,20,22,2.5
SUPER_2,28500000,22,1,3,26,13,9,13.75
SUPER_2,28510000,81,3,3,87,43,38,4.1666665
SUPER_2,28520000,122,12,9,143,63,59,4.904762
SUPER_2,28530000,7,1,0,8,5,2,1
SUPER_2,28540000,1,0,0,1,0,1,NaN
SUPER_2,28550000,67,10,4,81,35,32,4.285714
SUPER_2,28560000,90,7,6,103,46,44,26.153847
SUPER_2,28570000,5,2,0,7,2,3,1
SUPER_2,28580000,5,0,0,5,0,5,NaN
SUPER_2,28590000,3,1,0,4,1,2,41
SUPER_2,28600000,0,2,1,3,0,0,2.3333333
SUPER_2,28610000,1,0,0,1,1,0,NaN
SUPER_2,28620000,3,0,1,4,1,2,5
SUPER_2,28630000,3,0,1,4,1,2,2
SUPER_2,28640000,1,0,0,1,0,1,NaN
SUPER_2,28650000,3,0,0,3,2,1,NaN
SUPER_2,28660000,2,0,0,2,1,1,NaN
SUPER_2,28670000,17,0,5,22,7,10,5
SUPER_2,28680000,1,0,0,1,1,0,NaN
SUPER_2,28690000,5,0,0,5,2,3,NaN
SUPER_2,28700000,60,7,5,72,28,32,7.1666665
SUPER_2,28710000,25,2,1,28,11,14,10.333333
SUPER_2,28720000,123,11,15,149,64,59,6.5384617
SUPER_2,28730000,99,7,3,109,55,44,4.4
SUPER_2,28740000,63,7,7,77,35,28,6.285714
SUPER_2,28750000,119,9,6,134,65,54,11.133333
SUPER_2,28760000,134,6,7,147,64,70,8.384615
SUPER_2,28770000,108,11,9,128,50,58,39.15
SUPER_2,28780000,73,3,6,82,31,42,5.6666665
SUPER_2,28790000,49,2,2,53,18,31,6
SUPER_2,28800000,40,3,4,47,23,17,13
SUPER_2,28810000,148,10,10,168,76,72,7.1
SUPER_2,28820000,178,8,12,198,89,89,4.65
SUPER_2,28830000,141,8,12,161,73,68,3.15
SUPER_2,28840000,85,5,3,93,48,37,4.5
SUPER_2,28850000,39,3,1,43,25,14,22.25
SUPER_2,28860000,116,7,2,125,57,59,13.777778
SUPER_2,28870000,88,3,4,95,46,42,6.857143
SUPER_2,28880000,78,6,7,91,43,35,3.5384614
SUPER_2,28890000,8,1,2,11,4,4,1
SUPER_2,28900000,22,0,1,23,11,11,6
SUPER_2,28910000,54,3,2,59,25,29,7.8
SUPER_2,28920000,109,4,11,124,61,48,74.53333
SUPER_2,28930000,139,6,11,156,62,77,5.117647
SUPER_2,28940000,75,5,4,84,34,41,6.2222223
SUPER_2,28950000,96,11,10,117,52,44,5.428571
SUPER_2,28960000,145,11,13,169,78,67,5.9583335
SUPER_2,28970000,28,1,2,31,13,15,4.6666665
SUPER_2,28980000,89,9,5,103,50,39,3.7857144
SUPER_2,28990000,56,6,5,67,30,26,5.818182
SUPER_2,29000000,160,10,12,182,88,72,32.227272
SUPER_2,29010000,61,6,4,71,35,26,3.7
SUPER_2,29020000,28,3,1,32,12,16,15.75
SUPER_2,29030000,71,4,7,82,35,36,7.3636365
SUPER_2,29040000,99,9,6,114,49,50,21.733334
SUPER_2,29050000,143,7,9,159,86,57,7.6875
SUPER_2,29060000,128,11,7,146,56,72,10.888889
SUPER_2,29070000,87,7,8,102,45,42,6.0666666
SUPER_2,29080000,0,0,0,0,0,0,0
SUPER_2,29090000,0,0,0,0,0,0,0
SUPER_2,29100000,69,2,9,80,36,33,8.545455
SUPER_2,29110000,33,3,3,39,20,13,4
SUPER_2,29120000,37,7,7,51,19,18,8.571428
SUPER_2,29130000,42,6,6,54,22,20,9
SUPER_2,29140000,56,1,6,63,24,32,6
SUPER_2,29150000,17,2,1,20,6,11,6
SUPER_2,29160000,20,4,1,25,9,11,3
SUPER_2,29170000,103,12,5,120,50,53,4.7647057
SUPER_2,29180000,106,8,10,124,47,59,3.6111112
SUPER_2,29190000,76,4,11,91,38,38,3.0666666
SUPER_2,29200000,124,8,11,143,57,67,4.1578946
SUPER_2,29210000,36,1,2,39,17,19,8.666667
SUPER_2,29220000,120,8,5,133,73,47,16.461538
SUPER_2,29230000,78,4,8,90,34,44,46.083332
SUPER_2,29240000,142,6,15,163,70,72,30.333334
SUPER_2,29250000,89,5,8,102,46,43,4.3846154
SUPER_2,29260000,89,11,6,106,48,41,12.882353
SUPER_2,29270000,46,4,3,53,30,16,6.857143
SUPER_2,29280000,52,8,2,62,31,21,9.8
SUPER_2,29290000,33,3,3,39,24,9,10.666667
SUPER_2,29300000,1,0,0,1,1,0,NaN
SUPER_2,29310000,4,0,0,4,1,3,NaN
SUPER_2,29320000,53,5,5,63,27,26,3.2
SUPER_2,29330000,34,3,2,39,20,14,6
SUPER_2,29340000,108,3,8,119,50,58,25.727272
SUPER_2,29350000,115,17,15,147,58,57,4.6875
SUPER_2,29360000,131,15,5,151,66,65,3.45
SUPER_2,29370000,134,18,15,167,54,80,4.4848485
SUPER_2,29380000,5,1,0,6,3,2,1
SUPER_2,29390000,8,3,0,11,4,4,1.3333334
SUPER_2,29400000,86,7,3,96,40,46,15.1
SUPER_2,29410000,92,10,10,112,44,48,6.9
SUPER_2,29420000,84,7,11,102,44,40,6.7777777
SUPER_2,29430000,116,11,12,139,51,65,6.2608695
SUPER_2,29440000,20,3,2,25,9,11,3.8
SUPER_2,29450000,0,0,1,1,0,0,1
SUPER_2,29460000,0,0,0,0,0,0,0
SUPER_2,29470000,0,0,0,0,0,0,0
SUPER_2,29480000,3,0,2,5,2,1,3.5
SUPER_2,29490000,6,0,0,6,3,3,NaN
SUPER_2,29500000,92,14,9,115,50,42,6.173913
SUPER_2,29510000,67,6,6,79,29,38,6.9166665
SUPER_2,29520000,106,3,14,123,54,52,5.647059
SUPER_2,29530000,175,11,12,198,91,84,4.2608695
SUPER_2,29540000,79,5,1,85,42,37,4.6666665
SUPER_2,29550000,115,12,15,142,58,57,7
SUPER_2,29560000,168,5,11,184,82,86,12.625
SUPER_2,29570000,162,6,12,180,78,84,4.1666665
SUPER_2,29580000,68,7,6,81,35,33,3.3846154
SUPER_2,29590000,20,0,1,21,14,6,1
SUPER_2,29600000,59,4,5,68,28,31,1.8888888
SUPER_2,29610000,16,5,2,23,8,8,3.4285715
SUPER_2,29620000,25,2,6,33,12,13,8.875
SUPER_2,29630000,5,0,0,5,4,1,NaN
SUPER_2,29640000,7,3,1,11,3,4,1.75
SUPER_2,29650000,87,10,9,106,44,43,2.6842105
SUPER_2,29660000,119,10,7,136,61,58,5.470588
SUPER_2,29670000,111,3,1,115,59,52,1.25
SUPER_2,29680000,29,2,4,35,15,14,2.8333333
SUPER_2,29690000,84,7,5,96,39,45,8.333333
SUPER_2,29700000,87,4,5,96,52,35,9.333333
SUPER_2,29710000,35,4,5,44,11,24,5.3333335
SUPER_2,29720000,85,4,4,93,44,41,3.5
SUPER_2,29730000,100,10,6,116,49,51,9.4375
SUPER_2,29740000,106,9,7,122,47,59,20.125
SUPER_2,29750000,90,9,9,108,42,48,4.611111
SUPER_2,29760000,42,2,4,48,22,20,3.3333333
SUPER_2,29770000,0,0,0,0,0,0,0
SUPER_2,29780000,0,0,0,0,0,0,0
SUPER_2,29790000,4,0,1,5,3,1,2
SUPER_2,29800000,52,5,5,62,24,28,3
SUPER_2,29810000,70,6,9,85,37,33,5.5333333
SUPER_2,29820000,67,8,3,78,32,35,29.90909
SUPER_2,29830000,1,0,0,1,1,0,NaN
SUPER_2,29840000,97,6,3,106,48,49,2
SUPER_2,29850000,92,5,7,104,46,46,4.9166665
SUPER_2,29860000,66,1,9,76,42,24,24.8
SUPER_2,29870000,113,4,5,122,60,53,7.7777777
SUPER_2,29880000,62,3,8,73,33,29,5.7272725
SUPER_2,29890000,89,10,11,110,50,39,9.619047
SUPER_2,29900000,87,11,9,107,37,50,4.75
SUPER_2,29910000,15,2,0,17,7,8,21.5
SUPER_2,29920000,27,0,3,30,9,18,4.3333335
SUPER_2,29930000,145,16,9,170,72,73,3.56
SUPER_2,29940000,16,0,1,17,8,8,1
SUPER_2,29950000,2,1,2,5,2,0,13
SUPER_2,29960000,2,0,0,2,1,1,NaN
SUPER_2,29970000,0,0,1,1,0,0,8
SUPER_2,29980000,1,0,0,1,0,1,NaN
SUPER_2,29990000,5,1,0,6,4,1,8
SUPER_2,30000000,61,3,5,69,28,33,3.25
SUPER_2,30010000,111,9,12,132,60,51,4.857143
SUPER_2,30020000,70,4,2,76,42,28,2.3333333
SUPER_2,30030000,37,4,3,44,14,23,7.714286
SUPER_2,30040000,0,0,0,0,0,0,0
SUPER_2,30050000,0,0,0,0,0,0,0
SUPER_2,30060000,134,8,12,154,76,58,3.2
SUPER_2,30070000,133,11,11,155,66,67,3.8636363
SUPER_2,30080000,91,8,6,105,52,39,3.7142856
SUPER_2,30090000,93,6,12,111,54,39,5.8333335
SUPER_2,30100000,149,8,6,163,79,70,6.5
SUPER_2,30110000,65,7,3,75,27,38,2.3
SUPER_2,30120000,94,6,2,102,49,45,5.75
SUPER_2,30130000,144,9,13,166,75,69,5.2272725
SUPER_2,30140000,115,8,11,134,59,56,14.894737
SUPER_2,30150000,156,14,7,177,79,77,3.5714285
SUPER_2,30160000,99,3,3,105,46,53,3.6666667
SUPER_2,30170000,43,1,2,46,26,17,3
SUPER_2,30180000,156,14,7,177,84,72,9.333333
SUPER_2,30190000,118,6,5,129,60,58,9.272727
SUPER_2,30200000,154,14,9,177,75,79,8.043478
SUPER_2,30210000,57,2,4,63,33,24,17.833334
SUPER_2,30220000,33,0,4,37,14,19,6
SUPER_2,30230000,19,0,4,23,6,13,3.25
SUPER_2,30240000,87,15,2,104,39,48,5.5882354
SUPER_2,30250000,87,9,4,100,44,43,3.2307692
SUPER_2,30260000,81,8,10,99,44,37,25.777779
SUPER_2,30270000,29,2,3,34,18,11,2.4
SUPER_2,30280000,0,0,0,0,0,0,0
SUPER_2,30290000,0,0,0,0,0,0,0
SUPER_2,30300000,0,0,0,0,0,0,0
SUPER_2,30310000,0,0,0,0,0,0,0
SUPER_2,30320000,57,8,6,71,32,25,10.428572
SUPER_2,30330000,170,13,8,191,89,81,5.8095236
SUPER_2,30340000,194,18,15,227,93,101,12.242424
SUPER_2,30350000,45,1,4,50,28,17,1.8
SUPER_2,30360000,163,3,13,179,76,87,35.3125
SUPER_2,30370000,15,2,1,18,5,10,1.6666666
SUPER_2,30380000,3,0,0,3,1,2,NaN
SUPER_2,30390000,1,0,0,1,1,0,NaN
SUPER_2,30400000,0,0,0,0,0,0,0
SUPER_2,30410000,0,0,0,0,0,0,0
SUPER_2,30420000,4,0,1,5,0,4,2
SUPER_2,30430000,1,0,0,1,0,1,NaN
SUPER_2,30440000,3,0,0,3,2,1,NaN
SUPER_2,30450000,0,0,1,1,0,0,1
SUPER_2,30460000,55,2,4,61,29,26,3
SUPER_2,30470000,125,9,14,148,64,61,11
SUPER_2,30480000,65,5,8,78,30,35,7.3076925
SUPER_2,30490000,13,1,1,15,5,8,5
SUPER_2,30500000,1,0,0,1,1,0,NaN
SUPER_2,30510000,3,1,1,5,1,2,7.5
SUPER_2,30520000,54,4,6,64,22,32,5.6
SUPER_2,30530000,27,1,2,30,17,10,3
SUPER_2,30540000,41,3,4,48,15,26,3.2857144
SUPER_2,30550000,55,4,3,62,27,28,4.285714
SUPER_2,30560000,107,10,10,127,52,55,5.35
SUPER_2,30570000,76,12,5,93,43,33,11.882353
SUPER_2,30580000,68,5,5,78,37,31,6.9
SUPER_2,30590000,144,9,11,164,67,77,9.45
SUPER_2,30600000,91,8,5,104,47,44,8.153846
SUPER_2,30610000,42,4,6,52,22,20,12.8
SUPER_2,30620000,105,6,11,122,49,56,9.235294
SUPER_2,30630000,22,1,2,25,14,8,4.3333335
SUPER_2,30640000,1,0,0,1,0,1,NaN
SUPER_2,30650000,0,0,0,0,0,0,0
SUPER_2,30660000,0,0,0,0,0,0,0
SUPER_2,30670000,5,1,0,6,4,1,5
SUPER_2,30680000,1,1,0,2,1,0,1
SUPER_2,30690000,2,0,0,2,2,0,NaN
SUPER_2,30700000,3,0,0,3,1,2,NaN
SUPER_2,30710000,0,0,0,0,0,0,0
SUPER_2,30720000,0,0,0,0,0,0,0
SUPER_2,30730000,4,1,2,7,1,3,11.666667
SUPER_2,30740000,4,0,3,7,2,2,1.6666666
SUPER_2,30750000,2,0,2,4,1,1,5.5
SUPER_2,30760000,0,1,1,2,0,0,38.5
SUPER_2,30770000,2,1,0,3,1,1,1
SUPER_2,30780000,108,15,13,136,48,60,7.535714
SUPER_2,30790000,50,2,6,58,29,21,7.5
SUPER_2,30800000,80,10,11,101,38,42,22.904762
SUPER_2,30810000,118,8,8,134,57,61,5.9375
SUPER_2,30820000,60,6,8,74,28,32,14.071428
SUPER_2,30830000,0,0,0,0,0,0,0
SUPER_2,30840000,0,0,0,0,0,0,0
SUPER_2,30850000,51,3,1,55,33,18,8.5
SUPER_2,30860000,147,11,5,163,68,79,4.625
SUPER_2,30870000,94,10,6,110,45,49,5.4375
SUPER_2,30880000,111,7,13,131,58,53,15.7
SUPER_2,30890000,87,2,6,95,44,43,12.5
SUPER_2,30900000,124,5,8,137,50,74,43.615383
SUPER_2,30910000,41,4,3,48,19,22,7.714286
SUPER_2,30920000,146,3,6,155,86,60,3.5555556
SUPER_2,30930000,151,8,8,167,81,70,6.8125
SUPER_2,30940000,93,5,13,111,58,35,32.444443
SUPER_2,30950000,128,8,10,146,63,65,7.4444447
SUPER_2,30960000,52,8,8,68,28,24,5.9375
SUPER_2,30970000,161,13,8,182,81,80,9.095238
SUPER_2,30980000,0,0,0,0,0,0,0
SUPER_2,30990000,0,0,0,0,0,0,0
SUPER_2,31000000,175,14,17,206,85,90,12.806452
SUPER_2,31010000,175,15,18,208,80,95,5.3939395
SUPER_2,31020000,0,0,0,0,0,0,0
SUPER_2,31030000,0,0,0,0,0,0,0
SUPER_2,31040000,0,0,0,0,0,0,0
SUPER_2,31050000,0,0,0,0,0,0,0
SUPER_2,31060000,0,0,0,0,0,0,0
SUPER_2,31070000,300,11,21,332,159,141,8.25
SUPER_2,31080000,73,0,1,74,37,36,1
SUPER_2,31090000,0,0,0,0,0,0,0
SUPER_2,31100000,0,0,0,0,0,0,0
SUPER_2,31110000,25,2,4,31,14,11,4.5
SUPER_2,31120000,72,4,5,81,38,34,6.888889
SUPER_2,31130000,1,0,0,1,1,0,NaN
SUPER_2,31140000,0,0,0,0,0,0,0
SUPER_2,31150000,0,0,0,0,0,0,0
SUPER_2,31160000,9,2,1,12,4,5,2.6666667
SUPER_2,31170000,3,1,0,4,1,2,1
SUPER_2,31180000,1,0,0,1,0,1,NaN
SUPER_2,31190000,3,1,4,8,1,2,4.6
SUPER_2,31200000,1,0,0,1,1,0,NaN
SUPER_2,31210000,1,1,2,4,1,0,1
SUPER_2,31220000,2,1,0,3,0,2,3
SUPER_2,31230000,1,0,0,1,0,1,NaN
SUPER_2,31240000,32,4,8,44,14,18,9.166667
SUPER_2,31250000,88,5,7,100,42,46,23.416666
SUPER_2,31260000,105,8,5,118,53,52,4
SUPER_2,31270000,93,5,3,101,50,43,28
SUPER_2,31280000,104,2,10,116,59,45,8.416667
SUPER_2,31290000,41,2,2,45,16,25,14.75
SUPER_2,31300000,5,0,0,5,2,3,NaN
SUPER_2,31310000,2,0,1,3,1,1,1
SUPER_2,31320000,5,0,1,6,2,3,1
SUPER_2,31330000,3,2,2,7,0,3,6
SUPER_2,31340000,3,1,0,4,0,3,1
SUPER_2,31350000,15,1,2,18,7,8,8
SUPER_2,31360000,177,6,15,198,87,90,8.714286
SUPER_2,31370000,147,9,11,167,72,75,6.3
SUPER_2,31380000,104,5,7,116,62,42,27.083334
SUPER_2,31390000,80,6,5,91,32,48,13.545455
SUPER_2,31400000,87,5,5,97,38,49,6.2
SUPER_2,31410000,1,0,0,1,0,1,NaN
SUPER_2,31420000,33,7,3,43,17,16,6.6
SUPER_2,31430000,116,7,3,126,60,56,2.8
SUPER_2,31440000,100,3,4,107,59,41,8.428572
SUPER_2,31450000,1,0,0,1,0,1,NaN
SUPER_2,31460000,110,11,3,124,53,57,9.571428
SUPER_2,31470000,200,7,17,224,94,106,30.708334
SUPER_2,31480000,74,5,2,81,30,44,3.142857
SUPER_2,31490000,19,0,1,20,11,8,1
SUPER_2,31500000,84,7,4,95,35,49,6.181818
SUPER_2,31510000,142,11,11,164,84,58,7.181818
SUPER_2,31520000,115,11,12,138,56,59,10.565217
SUPER_2,31530000,54,4,8,66,26,28,13.25
SUPER_2,31540000,11,0,0,11,5,6,NaN
SUPER_2,31550000,6,0,0,6,4,2,NaN
SUPER_2,31560000,2,1,1,4,1,1,6
SUPER_2,31570000,2,0,0,2,1,1,NaN
SUPER_2,31580000,3,1,2,6,2,1,11
SUPER_2,31590000,3,1,0,4,3,0,2
SUPER_2,31600000,14,0,2,16,6,8,6.5
SUPER_2,31610000,0,0,0,0,0,0,0
SUPER_2,31620000,0,0,0,0,0,0,0
SUPER_2,31630000,14,0,2,16,5,9,7
SUPER_2,31640000,46,3,4,53,22,24,6.571429
SUPER_2,31650000,90,5,2,97,48,42,2.2857144
SUPER_2,31660000,180,3,7,190,86,94,8.2
SUPER_2,31670000,104,7,11,122,56,48,8.333333
SUPER_2,31680000,87,2,3,92,45,42,2
SUPER_2,31690000,88,3,6,97,50,38,8.111111
SUPER_2,31700000,205,12,13,230,116,89,8.6
SUPER_2,31710000,68,11,6,85,36,32,5.470588
SUPER_2,31720000,106,5,8,119,55,51,2.8461537
SUPER_2,31730000,85,4,12,101,40,45,3.25
SUPER_2,31740000,84,6,7,97,45,39,4
SUPER_2,31750000,108,14,11,133,54,54,5.16
SUPER_2,31760000,159,9,14,182,78,81,6.695652
SUPER_2,31770000,76,4,11,91,38,38,15.6
SUPER_2,31780000,83,6,6,95,43,40,7.5
SUPER_2,31790000,156,12,11,179,88,68,8.73913
SUPER_2,31800000,137,8,14,159,70,67,10.363636
SUPER_2,31810000,87,2,3,92,47,40,8.2
SUPER_2,31820000,75,5,5,85,32,43,3.9
SUPER_2,31830000,121,7,12,140,58,63,5.2105265
SUPER_2,31840000,142,6,12,160,68,74,5.5555553
SUPER_2,31850000,114,10,6,130,50,64,8.5
SUPER_2,31860000,76,5,8,89,41,35,5.076923
SUPER_2,31870000,183,11,11,205,90,93,52.454544
SUPER_2,31880000,171,12,11,194,74,97,15.434783
SUPER_2,31890000,88,11,3,102,40,48,5.571429
SUPER_2,31900000,138,10,15,163,72,66,4.36
SUPER_2,31910000,79,6,4,89,35,44,6.7
SUPER_2,31920000,164,18,8,190,86,78,3.8461537
SUPER_2,31930000,102,5,7,114,58,44,3.1666667
SUPER_2,31940000,158,10,6,174,87,71,2.4375
SUPER_2,31950000,104,9,7,120,53,51,9.25
SUPER_2,31960000,21,3,4,28,9,12,2.2857144
SUPER_2,31970000,91,2,6,99,40,51,3.375
SUPER_2,31980000,198,14,11,223,92,106,4.76
SUPER_2,31990000,26,4,1,31,13,13,112.6
SUPER_2,32000000,0,0,0,0,0,0,0
SUPER_2,32010000,0,0,0,0,0,0,0
SUPER_2,32020000,82,4,5,91,38,44,10.777778
SUPER_2,32030000,74,2,6,82,32,42,7.875
SUPER_2,32040000,214,7,11,232,114,100,11.722222
SUPER_2,32050000,139,10,12,161,59,80,4.3636365
SUPER_2,32060000,1,0,0,1,0,1,NaN
SUPER_2,32070000,42,4,1,47,19,23,12
SUPER_2,32080000,134,5,7,146,63,71,4.3333335
SUPER_2,32090000,154,9,4,167,92,62,6.6923075
SUPER_2,32100000,122,9,8,139,63,59,13.117647
SUPER_2,32110000,127,13,3,143,61,66,10.9375
SUPER_2,32120000,67,8,11,86,36,31,4.7894735
SUPER_2,32130000,159,10,9,178,82,77,5.6842103
SUPER_2,32140000,166,9,12,187,86,80,8.904762
SUPER_2,32150000,107,8,8,123,52,55,11.8125
SUPER_2,32160000,47,1,3,51,18,29,2.75
SUPER_2,32170000,126,7,5,138,63,63,2
SUPER_2,32180000,109,7,6,122,60,49,7.3846154
SUPER_2,32190000,127,7,9,143,73,54,6.625
SUPER_2,32200000,98,8,8,114,56,42,41.3125
SUPER_2,32210000,81,4,6,91,44,37,12.2
SUPER_2,32220000,77,3,5,85,41,36,7
SUPER_2,32230000,99,8,5,112,59,40,10.615385
SUPER_2,32240000,194,8,21,223,97,97,9.4827585
SUPER_2,32250000,85,6,5,96,36,49,5.4545455
SUPER_2,32260000,124,19,4,147,62,62,5.130435
SUPER_2,32270000,117,8,8,133,61,56,34.625
SUPER_2,32280000,166,14,12,192,84,82,4.230769
SUPER_2,32290000,148,11,11,170,72,76,12.909091
SUPER_2,32300000,150,7,13,170,67,83,6.9
SUPER_2,32310000,181,13,15,209,92,89,6.428571
SUPER_2,32320000,115,13,7,135,58,57,5.8
SUPER_2,32330000,133,9,13,155,80,53,4.7272725
SUPER_2,32340000,50,5,5,60,24,26,5.6
SUPER_2,32350000,71,5,4,80,36,35,18.555555
SUPER_2,32360000,24,3,4,31,10,14,3.7142856
SUPER_2,32370000,39,3,2,44,17,22,5
SUPER_2,32380000,68,0,5,73,38,30,14.6
SUPER_2,32390000,164,16,12,192,83,81,11.392858
SUPER_2,32400000,123,8,9,140,68,55,10.705882
SUPER_2,32410000,117,9,15,141,55,62,6.7916665
SUPER_2,32420000,112,6,13,131,58,54,6.631579
SUPER_2,32430000,94,8,3,105,49,45,2.909091
SUPER_2,32440000,52,3,2,57,28,24,6.6
SUPER_2,32450000,19,1,4,24,8,11,117.8
SUPER_2,32460000,134,7,10,151,58,76,4.7058825
SUPER_2,32470000,0,0,0,0,0,0,0
SUPER_2,32480000,0,0,0,0,0,0,0
SUPER_2,32490000,0,0,0,0,0,0,0
SUPER_2,32500000,0,0,0,0,0,0,0
SUPER_2,32510000,0,0,0,0,0,0,0
SUPER_2,32520000,0,0,0,0,0,0,0
SUPER_2,32530000,147,7,15,169,77,70,7
SUPER_2,32540000,1,0,0,1,1,0,NaN
SUPER_2,32550000,82,8,7,97,44,38,4.4
SUPER_2,32560000,77,7,3,87,40,37,9.1
SUPER_2,32570000,25,0,5,30,12,13,3.4
SUPER_2,32580000,8,0,2,10,3,5,5.5
SUPER_2,32590000,186,10,20,216,87,99,4.4666667
SUPER_2,32600000,234,18,14,266,119,115,13.46875
SUPER_2,32610000,73,2,9,84,40,33,7.818182
SUPER_2,32620000,87,2,9,98,38,49,6.2727275
SUPER_2,32630000,33,1,2,36,20,13,4.6666665
SUPER_2,32640000,34,5,6,45,20,14,3.2727273
SUPER_2,32650000,168,8,10,186,83,85,16
SUPER_2,32660000,70,5,7,82,40,30,11.166667
SUPER_2,32670000,107,4,10,121,53,54,26.928572
SUPER_2,32680000,82,6,2,90,38,44,5.25
SUPER_2,32690000,93,3,10,106,44,49,12.769231
SUPER_2,32700000,147,12,12,171,74,73,3.875
SUPER_2,32710000,82,11,8,101,47,35,6.105263
SUPER_2,32720000,98,11,9,118,53,45,44.9
SUPER_2,32730000,85,12,9,106,39,46,6.857143
SUPER_2,32740000,87,11,7,105,51,36,2.8888888
SUPER_2,32750000,84,9,7,100,44,40,4.5625
SUPER_2,32760000,65,4,8,77,34,31,23.583334
SUPER_2,32770000,124,9,14,147,57,67,4.478261
SUPER_2,32780000,29,0,3,32,17,12,9
SUPER_2,32790000,121,10,12,143,53,68,5.681818
SUPER_2,32800000,4,0,0,4,1,3,NaN
SUPER_2,32810000,4,0,1,5,1,3,1
SUPER_2,32820000,5,1,0,6,4,1,1
SUPER_2,32830000,46,7,3,56,23,23,5.8
SUPER_2,32840000,115,9,10,134,63,52,4.894737
SUPER_2,32850000,148,4,2,154,90,58,2.8333333
SUPER_2,32860000,104,8,10,122,52,52,9.5
SUPER_2,32870000,98,5,8,111,55,43,4.1538463
SUPER_2,32880000,14,1,2,17,9,5,6.3333335
SUPER_2,32890000,70,9,7,86,29,41,6.125
SUPER_2,32900000,137,7,8,152,69,68,8.8
SUPER_2,32910000,0,0,0,0,0,0,0
SUPER_2,32920000,0,0,0,0,0,0,0
SUPER_2,32930000,0,0,0,0,0,0,0
SUPER_2,32940000,0,0,0,0,0,0,0
SUPER_2,32950000,0,0,0,0,0,0,0
SUPER_2,32960000,0,0,0,0,0,0,0
SUPER_2,32970000,0,0,0,0,0,0,0
SUPER_2,32980000,0,0,0,0,0,0,0
SUPER_2,32990000,0,0,0,0,0,0,0
SUPER_2,33000000,163,9,9,181,93,70,7.0555553
SUPER_2,33010000,0,0,0,0,0,0,0
SUPER_2,33020000,0,0,0,0,0,0,0
SUPER_2,33030000,189,13,16,218,93,96,9.75862
SUPER_2,33040000,4,0,0,4,1,3,NaN
SUPER_2,33050000,3,3,1,7,1,2,3
SUPER_2,33060000,3,1,0,4,1,2,46
SUPER_2,33070000,8,0,2,10,1,7,1
SUPER_2,33080000,88,6,6,100,35,53,5
SUPER_2,33090000,110,12,9,131,59,51,14.333333
SUPER_2,33100000,21,2,1,24,14,7,3.6666667
SUPER_2,33110000,5,0,0,5,5,0,NaN
SUPER_2,33120000,179,12,13,204,95,84,10.6
SUPER_2,33130000,78,8,3,89,32,46,4.090909
SUPER_2,33140000,178,16,10,204,92,86,10.615385
SUPER_2,33150000,91,5,12,108,59,32,3.9411764
SUPER_2,33160000,83,5,6,94,39,44,14.636364
SUPER_2,33170000,160,9,18,187,70,90,10.111111
SUPER_2,33180000,7,1,0,8,4,3,1
SUPER_2,33190000,1,0,1,2,0,1,2
SUPER_2,33200000,53,4,6,63,24,29,5.5
SUPER_2,33210000,56,6,2,64,37,19,9.5
SUPER_2,33220000,60,6,3,69,28,32,6.111111
SUPER_2,33230000,158,14,10,182,91,67,4.0833335
SUPER_2,33240000,233,19,17,269,119,114,15.388889
SUPER_2,33250000,99,12,10,121,48,51,9.363636
SUPER_2,33260000,151,9,6,166,80,71,6.866667
SUPER_2,33270000,83,8,4,95,48,35,5.3333335
SUPER_2,33280000,51,3,4,58,25,26,5.285714
SUPER_2,33290000,60,3,2,65,27,33,6.2
SUPER_2,33300000,53,8,5,66,20,33,7.230769
SUPER_2,33310000,207,14,17,238,112,95,5
SUPER_2,33320000,175,6,13,194,90,85,6.631579
SUPER_2,33330000,142,11,15,168,81,61,9.692307
SUPER_2,33340000,143,9,11,163,69,74,5.7
SUPER_2,33350000,87,4,7,98,39,48,4.2727275
SUPER_2,33360000,161,7,10,178,91,70,4.1764708
SUPER_2,33370000,138,19,13,170,78,60,20
SUPER_2,33380000,195,6,15,216,98,97,11.523809
SUPER_2,33390000,105,4,7,116,49,56,6.4545455
SUPER_2,33400000,129,6,14,149,60,69,4.55
SUPER_2,33410000,125,7,8,140,63,62,33.133335
SUPER_2,33420000,141,6,11,158,76,65,12.176471
SUPER_2,33430000,191,17,14,222,91,100,6.064516
SUPER_2,33440000,85,7,10,102,44,41,19.470589
SUPER_2,33450000,98,14,22,134,55,43,10.583333
SUPER_2,33460000,138,9,15,162,62,76,10.208333
SUPER_2,33470000,113,5,14,132,61,52,5.4210525
SUPER_2,33480000,113,4,11,128,64,49,11.733334
SUPER_2,33490000,115,5,8,128,61,54,4
SUPER_2,33500000,110,8,8,126,64,46,38.75
SUPER_2,33510000,0,0,0,0,0,0,0
SUPER_2,33520000,0,0,0,0,0,0,0
SUPER_2,33530000,104,9,12,125,44,60,4.3333335
SUPER_2,33540000,2,2,1,5,0,2,3.6666667
SUPER_2,33550000,1,0,0,1,0,1,NaN
SUPER_2,33560000,49,4,2,55,22,27,3.1666667
SUPER_2,33570000,56,1,6,63,21,35,11.428572
SUPER_2,33580000,6,1,1,8,3,3,11.5
SUPER_2,33590000,1,1,0,2,0,1,4
SUPER_2,33600000,0,2,0,2,0,0,11.5
SUPER_2,33610000,96,9,5,110,40,56,8.428572
SUPER_2,33620000,154,9,10,173,69,85,7.6842103
SUPER_2,33630000,84,3,10,97,36,48,10.769231
SUPER_2,33640000,122,9,11,142,56,66,6.45
SUPER_2,33650000,12,0,1,13,6,6,1
SUPER_2,33660000,1,0,0,1,0,1,NaN
SUPER_2,33670000,18,2,1,21,9,9,6
SUPER_2,33680000,74,3,8,85,39,35,6.6363635
SUPER_2,33690000,111,9,10,130,52,59,10.315789
SUPER_2,33700000,83,7,4,94,40,43,4.818182
SUPER_2,33710000,103,12,8,123,52,51,6.35
SUPER_2,33720000,169,7,13,189,86,83,6.3
SUPER_2,33730000,202,14,9,225,104,98,7
SUPER_2,33740000,70,8,4,82,31,39,8.916667
SUPER_2,33750000,127,13,8,148,56,71,5.571429
SUPER_2,33760000,120,8,6,134,59,61,5.571429
SUPER_2,33770000,85,5,2,92,47,38,6.571429
SUPER_2,33780000,106,8,10,124,54,52,19.666666
SUPER_2,33790000,127,9,10,146,68,59,6.4736843
SUPER_2,33800000,20,2,0,22,9,11,26
SUPER_2,33810000,4,3,0,7,2,2,9
SUPER_2,33820000,17,1,2,20,9,8,3
SUPER_2,33830000,81,4,3,88,36,45,5.857143
SUPER_2,33840000,35,4,1,40,16,19,42
SUPER_2,33850000,0,2,0,2,0,0,2.5
SUPER_2,33860000,2,1,1,4,2,0,1
SUPER_2,33870000,7,2,0,9,3,4,12
SUPER_2,33880000,8,0,1,9,2,6,2
SUPER_2,33890000,88,5,11,104,45,43,7
SUPER_2,33900000,84,6,9,99,42,42,2.9333334
SUPER_2,33910000,75,4,4,83,41,34,4.125
SUPER_2,33920000,2,0,0,2,2,0,NaN
SUPER_2,33930000,4,0,0,4,3,1,NaN
SUPER_2,33940000,21,2,2,25,7,14,1
SUPER_2,33950000,32,0,2,34,18,14,2.5
SUPER_2,33960000,119,6,14,139,49,70,50.2
SUPER_2,33970000,43,4,5,52,21,22,36.88889
SUPER_2,33980000,15,1,0,16,6,9,6
SUPER_2,33990000,36,4,1,41,21,15,2.4
SUPER_2,34000000,60,4,8,72,30,30,4.9166665
SUPER_2,34010000,90,9,9,108,44,46,7.611111
SUPER_2,34020000,142,8,20,170,65,77,9.607142
SUPER_2,34030000,149,5,16,170,74,75,7.6190476
SUPER_2,34040000,74,6,10,90,34,40,6.5
SUPER_2,34050000,62,4,4,70,39,23,4.25
SUPER_2,34060000,151,7,18,176,68,83,6.64
SUPER_2,34070000,127,14,6,147,63,64,10.2
SUPER_2,34080000,148,5,7,160,75,73,3.5833333
SUPER_2,34090000,63,2,6,71,31,32,5.5
SUPER_2,34100000,99,6,8,113,49,50,9.214286
SUPER_2,34110000,193,10,15,218,104,89,6.12
SUPER_2,34120000,83,6,10,99,35,48,10.3125
SUPER_2,34130000,66,9,5,80,32,34,4.714286
SUPER_2,34140000,91,7,4,102,40,51,2.909091
SUPER_2,34150000,13,0,1,14,9,4,2
SUPER_2,34160000,0,0,0,0,0,0,0
SUPER_2,34170000,0,0,0,0,0,0,0
SUPER_2,34180000,0,0,0,0,0,0,0
SUPER_2,34190000,0,0,0,0,0,0,0
SUPER_2,34200000,131,9,11,151,58,73,11.25
SUPER_2,34210000,155,12,13,180,85,70,6
SUPER_2,34220000,110,9,11,130,51,59,3.35
SUPER_2,34230000,142,7,20,169,71,71,11
SUPER_2,34240000,59,5,9,73,33,26,4
SUPER_2,34250000,83,5,3,91,34,49,10.75
SUPER_2,34260000,54,4,3,61,27,27,3.7142856
SUPER_2,34270000,141,11,15,167,78,63,20
SUPER_2,34280000,0,0,0,0,0,0,0
SUPER_2,34290000,0,0,0,0,0,0,0
SUPER_2,34300000,112,13,14,139,51,61,19.296297
SUPER_2,34310000,40,5,2,47,19,21,4.571429
SUPER_2,34320000,1,0,0,1,1,0,NaN
SUPER_2,34330000,11,0,1,12,4,7,10
SUPER_2,34340000,201,12,15,228,94,107,5.148148
SUPER_2,34350000,76,7,4,87,33,43,6.090909
SUPER_2,34360000,168,14,15,197,89,79,6.62069
SUPER_2,34370000,86,5,12,103,34,52,28.529411
SUPER_2,34380000,38,5,3,46,20,18,4.875
SUPER_2,34390000,137,8,9,154,62,75,8
SUPER_2,34400000,93,6,2,101,54,39,34
SUPER_2,34410000,1,0,0,1,1,0,NaN
SUPER_2,34420000,2,0,0,2,1,1,NaN
SUPER_2,34430000,7,0,1,8,5,2,1
SUPER_2,34440000,17,1,0,18,10,7,1
SUPER_2,34450000,110,9,5,124,50,60,5.571429
SUPER_2,34460000,77,5,9,91,37,40,6.142857
SUPER_2,34470000,122,7,18,147,54,68,5.96
SUPER_2,34480000,112,12,4,128,52,60,2.3125
SUPER_2,34490000,111,8,9,128,66,45,6.2941175
SUPER_2,34500000,2,0,0,2,2,0,NaN
SUPER_2,34510000,1,0,1,2,0,1,2
SUPER_2,34520000,1,0,0,1,0,1,NaN
SUPER_2,34530000,44,3,4,51,26,18,6.857143
SUPER_2,34540000,104,8,7,119,60,44,8.866667
SUPER_2,34550000,114,3,9,126,64,50,11.916667
SUPER_2,34560000,21,2,1,24,7,14,12
SUPER_2,34570000,6,0,0,6,2,4,NaN
SUPER_2,34580000,1,0,0,1,1,0,NaN
SUPER_2,34590000,1,0,1,2,1,0,1
SUPER_2,34600000,64,5,5,74,32,32,11.9
SUPER_2,34610000,65,5,7,77,35,30,44.75
SUPER_2,34620000,158,13,13,184,79,79,4.8076925
SUPER_2,34630000,77,1,2,80,35,42,1.6666666
SUPER_2,34640000,106,4,4,114,53,53,30.875
SUPER_2,34650000,93,9,8,110,43,50,15.058824
SUPER_2,34660000,47,8,2,57,22,25,14.4
SUPER_2,34670000,3,0,0,3,0,3,NaN
SUPER_2,34680000,55,3,5,63,24,31,8.125
SUPER_2,34690000,101,6,8,115,41,60,3.0714285
SUPER_2,34700000,78,3,3,84,46,32,4.1666665
SUPER_2,34710000,121,6,6,133,52,69,21.25
SUPER_2,34720000,13,0,0,13,8,5,NaN
SUPER_2,34730000,7,1,1,9,4,3,1
SUPER_2,34740000,134,9,16,159,63,71,21.88
SUPER_2,34750000,88,2,12,102,41,47,3.142857
SUPER_2,34760000,57,5,9,71,27,30,6.142857
SUPER_2,34770000,138,8,9,155,72,66,11.058824
SUPER_2,34780000,113,7,11,131,55,58,17.666666
SUPER_2,34790000,109,7,5,121,48,61,3.3333333
SUPER_2,34800000,119,8,7,134,62,57,8.266666
SUPER_2,34810000,72,6,8,86,45,27,7.5
SUPER_2,34820000,2,1,0,3,1,1,4
SUPER_2,34830000,1,1,0,2,0,1,42
SUPER_2,34840000,1,0,1,2,0,1,1
SUPER_2,34850000,0,1,2,3,0,0,14.666667
SUPER_2,34860000,40,4,4,48,22,18,4.625
SUPER_2,34870000,42,5,4,51,22,20,4.3333335
SUPER_2,34880000,33,0,3,36,15,18,2.3333333
SUPER_2,34890000,2,0,0,2,1,1,NaN
SUPER_2,34900000,81,6,6,93,46,35,9.5
SUPER_2,34910000,132,9,7,148,68,64,3.375
SUPER_2,34920000,102,6,9,117,54,48,4.133333
SUPER_2,34930000,0,0,0,0,0,0,0
SUPER_2,34940000,0,0,0,0,0,0,0
SUPER_2,34950000,142,16,13,171,82,60,7.586207
SUPER_2,34960000,13,0,3,16,10,3,1.3333334
SUPER_2,34970000,5,1,1,7,2,3,208.5
SUPER_2,34980000,1,1,2,4,0,1,3.3333333
SUPER_2,34990000,46,2,1,49,21,25,3.3333333
SUPER_2,35000000,87,2,10,99,47,40,46.25
SUPER_2,35010000,87,6,1,94,57,30,1.2857143
SUPER_2,35020000,74,7,5,86,39,35,5.3333335
SUPER_2,35030000,164,10,12,186,83,81,4.818182
SUPER_2,35040000,173,10,9,192,87,86,11.263158
SUPER_2,35050000,57,5,6,68,29,28,6.3636365
SUPER_2,35060000,76,4,8,88,41,35,3.0833333
SUPER_2,35070000,50,5,5,60,24,26,6.9
SUPER_2,35080000,141,9,9,159,67,74,9.944445
SUPER_2,35090000,48,0,5,53,26,22,5.6
SUPER_2,35100000,5,0,0,5,1,4,NaN
SUPER_2,35110000,0,0,1,1,0,0,1
SUPER_2,35120000,2,0,0,2,1,1,NaN
SUPER_2,35130000,29,1,1,31,15,14,11.5
SUPER_2,35140000,3,0,0,3,1,2,NaN
SUPER_2,35150000,3,0,0,3,2,1,NaN
SUPER_2,35160000,1,0,0,1,1,0,NaN
SUPER_2,35170000,3,2,1,6,2,1,8
SUPER_2,35180000,224,11,13,248,121,103,10.833333
SUPER_2,35190000,184,13,8,205,107,77,7.904762
SUPER_2,35200000,19,1,1,21,8,11,1
SUPER_2,35210000,100,9,7,116,46,54,9.8125
SUPER_2,35220000,72,4,3,79,38,34,3.7142856
SUPER_2,35230000,103,6,7,116,54,49,7.3076925
SUPER_2,35240000,146,11,11,168,73,73,8
SUPER_2,35250000,201,16,17,234,99,102,5.969697
SUPER_2,35260000,55,6,2,63,34,21,4.75
SUPER_2,35270000,144,5,6,155,81,63,5.5454545
SUPER_2,35280000,98,5,4,107,39,59,6.6666665
SUPER_2,35290000,112,8,11,131,66,46,5.9473686
SUPER_2,35300000,132,6,8,146,68,64,28.928572
SUPER_2,35310000,38,5,2,45,23,15,2.2857144
SUPER_2,35320000,109,8,5,122,62,47,3.7692308
SUPER_2,35330000,106,7,7,120,46,60,6.5
SUPER_2,35340000,72,3,4,79,40,32,6.571429
SUPER_2,35350000,19,2,3,24,9,10,5.4
SUPER_2,35360000,72,2,8,82,42,30,9.7
SUPER_2,35370000,161,9,7,177,77,84,3.25
SUPER_2,35380000,60,4,4,68,22,38,2.375
SUPER_2,35390000,5,2,1,8,3,2,6
SUPER_2,35400000,114,5,9,128,69,45,30.214285
SUPER_2,35410000,3,0,0,3,2,1,NaN
SUPER_2,35420000,0,0,0,0,0,0,0
SUPER_2,35430000,0,0,0,0,0,0,0
SUPER_2,35440000,0,0,0,0,0,0,0
SUPER_2,35450000,0,0,0,0,0,0,0
SUPER_2,35460000,0,0,0,0,0,0,0
SUPER_2,35470000,0,0,0,0,0,0,0
SUPER_2,35480000,15,3,1,19,7,8,2.5
SUPER_2,35490000,2,0,0,2,1,1,NaN
SUPER_2,35500000,2,0,0,2,2,0,NaN
SUPER_2,35510000,4,0,0,4,2,2,NaN
SUPER_2,35520000,0,0,0,0,0,0,0
SUPER_2,35530000,0,0,0,0,0,0,0
SUPER_2,35540000,3,0,0,3,1,2,NaN
SUPER_2,35550000,1,1,1,3,1,0,28
SUPER_2,35560000,0,0,0,0,0,0,0
SUPER_2,35570000,0,0,0,0,0,0,0
SUPER_2,35580000,0,0,0,0,0,0,0
SUPER_2,35590000,3,1,0,4,2,1,6
SUPER_2,35600000,3,0,1,4,3,0,1
SUPER_2,35610000,2,0,0,2,1,1,NaN
SUPER_2,35620000,0,1,0,1,0,0,7
SUPER_2,35630000,4,1,1,6,1,3,2.5
SUPER_2,35640000,1,1,1,3,0,1,1.5
SUPER_2,35650000,1,0,0,1,1,0,NaN
SUPER_2,35660000,0,0,0,0,0,0,0
SUPER_2,35670000,0,0,0,0,0,0,0
SUPER_2,35680000,11,0,0,11,4,7,NaN
SUPER_2,35690000,22,1,3,26,14,8,3.75
SUPER_2,35700000,10,2,1,13,4,6,1.6666666
SUPER_2,35710000,29,2,1,32,21,8,18
SUPER_2,35720000,138,5,9,152,84,54,7.857143
SUPER_2,35730000,95,8,16,119,49,46,12.5
SUPER_2,35740000,56,4,1,61,30,26,1.8
SUPER_2,35750000,49,5,4,58,20,29,10.444445
SUPER_2,35760000,20,3,1,24,9,11,2.5
SUPER_2,35770000,86,7,5,98,37,49,3.1666667
SUPER_2,35780000,107,8,7,122,47,60,6.133333
SUPER_2,35790000,145,11,11,167,74,71,4.6363635
SUPER_2,35800000,79,5,7,91,39,40,4.75
SUPER_2,35810000,94,7,5,106,42,52,10.083333
SUPER_2,35820000,155,18,4,177,69,86,8.727273
SUPER_2,35830000,107,10,13,130,54,53,5
SUPER_2,35840000,133,3,15,151,66,67,7.2777777
SUPER_2,35850000,87,5,7,99,41,46,5.6666665
SUPER_2,35860000,14,1,2,17,6,8,1
SUPER_2,35870000,0,2,0,2,0,0,1
SUPER_2,35880000,1,0,1,2,0,1,1
SUPER_2,35890000,3,0,0,3,1,2,NaN
SUPER_2,35900000,1,0,0,1,0,1,NaN
SUPER_2,35910000,0,0,1,1,0,0,1
SUPER_2,35920000,1,0,0,1,0,1,NaN
SUPER_2,35930000,7,1,0,8,3,4,8
SUPER_2,35940000,80,4,9,93,43,37,3.6923077
SUPER_2,35950000,115,4,9,128,63,52,6.230769
SUPER_2,35960000,120,6,10,136,60,60,7.75
SUPER_2,35970000,52,7,7,66,22,30,6.357143
SUPER_2,35980000,166,16,13,195,81,85,12.931034
SUPER_2,35990000,142,14,9,165,63,79,5.826087
SUPER_2,36000000,117,5,12,134,65,52,7.5882354
SUPER_2,36010000,59,3,5,67,25,34,3.125
SUPER_2,36020000,31,3,3,37,12,19,5
SUPER_2,36030000,96,4,8,108,54,42,38.5
SUPER_2,36040000,132,8,13,153,63,69,5.6190476
SUPER_2,36050000,147,14,8,169,64,83,9.954545
SUPER_2,36060000,165,13,15,193,71,94,11.785714
SUPER_2,36070000,110,7,7,124,53,57,9.071428
SUPER_2,36080000,82,3,6,91,31,51,7.4444447
SUPER_2,36090000,91,7,6,104,45,46,25.538462
SUPER_2,36100000,143,11,5,159,74,69,3.125
SUPER_2,36110000,147,7,14,168,70,77,10.428572
SUPER_2,36120000,160,14,16,190,90,70,19.3
SUPER_2,36130000,135,6,9,150,71,64,8.266666
SUPER_2,36140000,67,2,7,76,39,28,7.111111
SUPER_2,36150000,57,2,5,64,33,24,3.4285715
SUPER_2,36160000,105,5,8,118,55,50,3.2307692
SUPER_2,36170000,101,6,8,115,47,54,10.5
SUPER_2,36180000,113,5,8,126,65,48,7.5384617
SUPER_2,36190000,81,7,16,104,42,39,14.086957
SUPER_2,36200000,156,11,6,173,68,88,7.5882354
SUPER_2,36210000,118,9,4,131,61,57,6
SUPER_2,36220000,30,3,2,35,17,13,5.2
SUPER_2,36230000,143,11,6,160,73,70,10.764706
SUPER_2,36240000,135,13,14,162,66,69,6.111111
SUPER_2,36250000,66,6,4,76,36,30,9.4
SUPER_2,36260000,14,5,4,23,6,8,5.2222223
SUPER_2,36270000,72,9,9,90,32,40,6.7222223
SUPER_2,36280000,44,0,4,48,23,21,4.75
SUPER_2,36290000,0,0,0,0,0,0,0
SUPER_2,36300000,0,0,0,0,0,0,0
SUPER_2,36310000,97,7,7,111,44,53,11.142858
SUPER_2,36320000,150,5,16,171,75,75,17.52381
SUPER_2,36330000,101,9,7,117,52,49,3.9375
SUPER_2,36340000,20,0,1,21,12,8,1
SUPER_2,36350000,102,11,4,117,55,47,4.9333334
SUPER_2,36360000,23,1,1,25,13,10,3
SUPER_2,36370000,0,0,0,0,0,0,0
SUPER_2,36380000,0,0,0,0,0,0,0
SUPER_2,36390000,184,10,14,208,86,98,4.7083335
SUPER_2,36400000,118,9,13,140,66,52,11.181818
SUPER_2,36410000,127,5,7,139,69,58,45.166668
SUPER_2,36420000,52,3,6,61,22,30,8.444445
SUPER_2,36430000,164,12,9,185,95,69,6.1904764
SUPER_2,36440000,0,0,0,0,0,0,0
SUPER_2,36450000,0,0,0,0,0,0,0
SUPER_2,36460000,0,0,0,0,0,0,0
SUPER_2,36470000,0,0,0,0,0,0,0
SUPER_2,36480000,0,0,0,0,0,0,0
SUPER_2,36490000,140,6,10,156,69,71,7.1875
SUPER_2,36500000,10,0,0,10,5,5,NaN
SUPER_2,36510000,39,4,3,46,22,17,3.5714285
SUPER_2,36520000,0,0,1,1,0,0,36
SUPER_2,36530000,3,0,1,4,2,1,1
SUPER_2,36540000,89,6,6,101,34,55,3.8333333
SUPER_2,36550000,37,3,2,42,19,18,6.2
SUPER_2,36560000,112,7,7,126,62,50,6.357143
SUPER_2,36570000,4,0,0,4,3,1,NaN
SUPER_2,36580000,0,0,0,0,0,0,0
SUPER_2,36590000,0,0,0,0,0,0,0
SUPER_2,36600000,228,13,10,251,129,99,17.47826
SUPER_2,36610000,209,8,15,232,98,111,23.608696
SUPER_2,36620000,153,9,15,177,84,69,9.166667
SUPER_2,36630000,87,2,1,90,58,29,3.3333333
SUPER_2,36640000,33,2,0,35,19,14,4
SUPER_2,36650000,1,0,0,1,0,1,NaN
SUPER_2,36660000,5,0,0,5,4,1,NaN
SUPER_2,36670000,10,1,1,12,6,4,2
SUPER_2,36680000,42,9,2,53,26,16,5.5454545
SUPER_2,36690000,52,6,4,62,28,24,8.1
SUPER_2,36700000,7,0,0,7,5,2,NaN
SUPER_2,36710000,34,2,1,37,18,16,21
SUPER_2,36720000,107,8,3,118,54,53,3.2727273
SUPER_2,36730000,147,12,16,175,79,68,5.285714
SUPER_2,36740000,158,3,8,169,83,75,11.181818
SUPER_2,36750000,91,8,5,104,52,39,5.769231
SUPER_2,36760000,0,0,0,0,0,0,0
SUPER_2,36770000,0,0,0,0,0,0,0
SUPER_2,36780000,0,0,0,0,0,0,0
SUPER_2,36790000,0,0,0,0,0,0,0
SUPER_2,36800000,111,5,10,126,61,50,10.866667
SUPER_2,36810000,73,8,6,87,39,34,15
SUPER_2,36820000,7,1,0,8,4,3,18
SUPER_2,36830000,1,0,0,1,0,1,NaN
SUPER_2,36840000,2,0,0,2,2,0,NaN
SUPER_2,36850000,2,0,1,3,1,1,1
SUPER_2,36860000,1,1,1,3,0,1,7
SUPER_2,36870000,1,0,3,4,1,0,1.6666666
SUPER_2,36880000,1,0,0,1,1,0,NaN
SUPER_2,36890000,1,2,0,3,0,1,27
SUPER_2,36900000,6,0,0,6,2,4,NaN
SUPER_2,36910000,2,0,0,2,1,1,NaN
SUPER_2,36920000,0,0,0,0,0,0,0
SUPER_2,36930000,0,0,0,0,0,0,0
SUPER_2,36940000,5,1,0,6,3,2,1
SUPER_2,36950000,2,0,0,2,2,0,NaN
SUPER_2,36960000,4,1,0,5,1,3,2
SUPER_2,36970000,3,0,0,3,1,2,NaN
SUPER_2,36980000,93,11,6,110,47,46,4.1764708
SUPER_2,36990000,117,11,7,135,67,50,12.666667
SUPER_2,37000000,168,18,18,204,91,77,12.361111
SUPER_2,37010000,116,16,12,144,55,61,8.035714
SUPER_2,37020000,153,7,7,167,71,82,4.785714
SUPER_2,37030000,16,0,2,18,9,7,3
SUPER_2,37040000,4,0,1,5,0,4,1
SUPER_2,37050000,4,0,3,7,2,2,20.666666
SUPER_2,37060000,54,2,2,58,26,28,5
SUPER_2,37070000,162,9,12,183,68,94,9.714286
SUPER_2,37080000,127,6,6,139,57,70,2.4166667
SUPER_2,37090000,58,1,4,63,31,27,22.8
SUPER_2,37100000,109,9,16,134,59,50,6.48
SUPER_2,37110000,72,5,6,83,36,36,5.6363635
SUPER_2,37120000,23,2,4,29,13,10,3.5
SUPER_2,37130000,8,1,0,9,6,2,1
SUPER_2,37140000,7,0,1,8,2,5,2
SUPER_2,37150000,4,1,1,6,1,3,10
SUPER_2,37160000,2,0,1,3,1,1,1
SUPER_2,37170000,22,3,1,26,16,6,2.75
SUPER_2,37180000,81,5,7,93,51,30,12.166667
SUPER_2,37190000,7,0,2,9,2,5,2
SUPER_2,37200000,57,3,0,60,32,25,1
SUPER_2,37210000,101,4,9,114,50,51,4.6153846
SUPER_2,37220000,126,7,13,146,72,54,5.85
SUPER_2,37230000,0,0,0,0,0,0,0
SUPER_2,37240000,0,0,0,0,0,0,0
SUPER_2,37250000,0,0,0,0,0,0,0
SUPER_2,37260000,206,10,9,225,108,98,13.105263
SUPER_2,37270000,159,8,10,177,73,86,11.666667
SUPER_2,37280000,49,3,2,54,27,22,19.4
SUPER_2,37290000,29,0,4,33,11,18,7.75
SUPER_2,37300000,128,7,10,145,69,59,4.0588236
SUPER_2,37310000,145,10,21,176,66,79,8.741936
SUPER_2,37320000,80,8,8,96,48,32,21.625
SUPER_2,37330000,27,3,2,32,20,7,5.2
SUPER_2,37340000,75,3,13,91,35,40,2.875
SUPER_2,37350000,36,2,4,42,22,14,7
SUPER_2,37360000,127,9,11,147,61,66,9.6
SUPER_2,37370000,92,4,12,108,47,45,10
SUPER_2,37380000,49,5,3,57,24,25,4.25
SUPER_2,37390000,49,2,1,52,23,26,7.3333335
SUPER_2,37400000,131,11,12,154,72,59,26.304348
SUPER_2,37410000,132,13,11,156,69,63,3.8333333
SUPER_2,37420000,180,7,9,196,94,86,3.75
SUPER_2,37430000,115,6,6,127,68,47,4.0833335
SUPER_2,37440000,48,5,3,56,26,22,11.375
SUPER_2,37450000,39,0,2,41,21,18,1
SUPER_2,37460000,5,0,0,5,4,1,NaN
SUPER_2,37470000,3,1,1,5,2,1,14
SUPER_2,37480000,43,0,1,44,20,23,21
SUPER_2,37490000,256,15,19,290,141,115,11.205882
SUPER_2,37500000,83,6,0,89,47,36,8.5
SUPER_2,37510000,135,10,12,157,60,75,7.0454545
SUPER_2,37520000,80,7,6,93,39,41,32.076923
SUPER_2,37530000,133,7,12,152,75,58,8.578947
SUPER_2,37540000,132,3,8,143,65,67,6.2727275
SUPER_2,37550000,118,6,12,136,56,62,8.222222
SUPER_2,37560000,148,12,13,173,76,72,11.44
SUPER_2,37570000,93,8,4,105,42,51,5.3333335
SUPER_2,37580000,13,1,1,15,8,5,7.5
SUPER_2,37590000,124,15,6,145,66,58,7.3333335
SUPER_2,37600000,91,8,7,106,49,42,3.7333333
SUPER_2,37610000,149,6,13,168,85,64,8.842105
SUPER_2,37620000,73,5,3,81,41,32,2.375
SUPER_2,37630000,95,7,6,108,54,41,7.6923075
SUPER_2,37640000,126,8,12,146,69,57,14.25
SUPER_2,37650000,47,2,4,53,17,30,11.833333
SUPER_2,37660000,66,4,7,77,30,36,96.818184
SUPER_2,37670000,19,1,1,21,13,6,2
SUPER_2,37680000,102,5,5,112,50,52,42.2
SUPER_2,37690000,62,2,4,68,28,34,8.5
SUPER_2,37700000,83,9,6,98,42,41,8.666667
SUPER_2,37710000,13,0,1,14,9,4,1
SUPER_2,37720000,119,8,11,138,69,50,11.631579
SUPER_2,37730000,167,10,19,196,83,84,10.034483
SUPER_2,37740000,0,0,0,0,0,0,0
SUPER_2,37750000,0,0,0,0,0,0,0
SUPER_2,37760000,87,10,15,112,42,45,10.32
SUPER_2,37770000,8,0,3,11,5,3,3.3333333
SUPER_2,37780000,51,2,5,58,20,31,1.7142857
SUPER_2,37790000,112,7,5,124,66,46,5.75
SUPER_2,37800000,29,2,2,33,17,12,3.5
SUPER_2,37810000,98,9,8,115,56,42,11.3529415
SUPER_2,37820000,10,3,0,13,4,6,9.333333
SUPER_2,37830000,114,9,11,134,60,54,7.15
SUPER_2,37840000,132,7,12,151,62,70,7.8421054
SUPER_2,37850000,1,0,0,1,1,0,NaN
SUPER_2,37860000,2,0,0,2,2,0,NaN
SUPER_2,37870000,2,0,0,2,1,1,NaN
SUPER_2,37880000,2,0,0,2,1,1,NaN
SUPER_2,37890000,23,0,0,23,4,19,NaN
SUPER_2,37900000,8,0,0,8,3,5,NaN
SUPER_2,37910000,1,0,0,1,1,0,NaN
SUPER_2,37920000,4,0,0,4,3,1,NaN
SUPER_2,37930000,85,10,5,100,50,35,24.866667
SUPER_2,37940000,37,1,2,40,22,15,5
SUPER_2,37950000,12,3,1,16,6,6,1.25
SUPER_2,37960000,123,12,6,141,61,62,8.277778
SUPER_2,37970000,112,9,8,129,54,58,9.411765
SUPER_2,37980000,0,0,1,1,0,0,2
SUPER_2,37990000,72,4,2,78,47,25,13
SUPER_2,38000000,117,8,6,131,56,61,8.285714
SUPER_2,38010000,49,0,5,54,30,19,78.6
SUPER_2,38020000,39,3,7,49,21,18,73.6
SUPER_2,38030000,56,8,3,67,24,32,2.5454545
SUPER_2,38040000,99,8,7,114,58,41,5.866667
SUPER_2,38050000,71,7,4,82,36,35,26.818182
SUPER_2,38060000,36,2,1,39,18,18,5
SUPER_2,38070000,217,11,18,246,111,106,7.3103447
SUPER_2,38080000,0,1,0,1,0,0,1
SUPER_2,38090000,16,1,1,18,10,6,1
SUPER_2,38100000,71,2,7,80,35,36,10.222222
SUPER_2,38110000,197,13,15,225,100,97,10.071428
SUPER_2,38120000,159,13,7,179,89,70,3.1
SUPER_2,38130000,119,13,3,135,53,66,6.5625
SUPER_2,38140000,202,15,9,226,100,102,14.458333
SUPER_2,38150000,247,18,15,280,110,137,5.6969695
SUPER_2,38160000,263,14,15,292,140,123,5.793103
SUPER_2,38170000,64,3,4,71,32,32,7.285714
SUPER_2,38180000,144,7,9,160,66,78,7.5
SUPER_2,38190000,165,8,8,181,89,76,4.625
SUPER_2,38200000,77,4,6,87,34,43,9
SUPER_2,38210000,78,8,2,88,42,36,6
SUPER_2,38220000,137,8,7,152,75,62,5.6666665
SUPER_2,38230000,143,10,19,172,74,69,4.3103447
SUPER_2,38240000,80,6,7,93,36,44,3.9230769
SUPER_2,38250000,3,1,0,4,1,2,1
SUPER_2,38260000,0,0,0,0,0,0,0
SUPER_2,38270000,0,0,0,0,0,0,0
SUPER_2,38280000,0,0,2,2,0,0,3
SUPER_2,38290000,1,0,0,1,1,0,NaN
SUPER_2,38300000,3,0,0,3,1,2,NaN
SUPER_2,38310000,14,4,1,19,11,3,2.6
SUPER_2,38320000,123,12,9,144,47,76,4.1904764
SUPER_2,38330000,137,8,10,155,74,63,9.333333
SUPER_2,38340000,105,9,5,119,61,44,10.142858
SUPER_2,38350000,120,8,9,137,57,63,12
SUPER_2,38360000,119,7,8,134,59,60,17.266666
SUPER_2,38370000,111,4,4,119,61,50,12.125
SUPER_2,38380000,117,7,4,128,64,53,32.363636
SUPER_2,38390000,6,0,0,6,2,4,NaN
SUPER_2,38400000,23,3,1,27,13,10,2.25
SUPER_2,38410000,42,4,1,47,19,23,6.2
SUPER_2,38420000,8,1,2,11,4,4,4.6666665
SUPER_2,38430000,41,2,3,46,23,18,10.4
SUPER_2,38440000,46,5,4,55,16,30,82.888885
SUPER_2,38450000,116,6,17,139,57,59,5.130435
SUPER_2,38460000,6,2,1,9,3,3,11.666667
SUPER_2,38470000,1,2,0,3,0,1,32.5
SUPER_2,38480000,2,0,0,2,1,1,NaN
SUPER_2,38490000,3,0,1,4,0,3,1
SUPER_2,38500000,1,0,0,1,1,0,NaN
SUPER_2,38510000,3,0,0,3,1,2,NaN
SUPER_2,38520000,0,1,0,1,0,0,3
SUPER_2,38530000,69,4,6,79,32,37,1.9
SUPER_2,38540000,84,6,7,97,44,40,34.923077
SUPER_2,38550000,110,3,9,122,61,49,10.666667
SUPER_2,38560000,181,15,9,205,96,85,7.2083335
SUPER_2,38570000,128,10,13,151,73,55,16.304348
SUPER_2,38580000,105,3,8,116,55,50,5.181818
SUPER_2,38590000,152,15,10,177,75,77,7.96
SUPER_2,38600000,82,6,5,93,44,38,2.2727273
SUPER_2,38610000,120,7,9,136,69,51,14.4375
SUPER_2,38620000,61,6,3,70,26,35,14.888889
SUPER_2,38630000,25,2,2,29,16,9,9.75
SUPER_2,38640000,15,4,2,21,8,7,2.8333333
SUPER_2,38650000,148,9,8,165,83,65,4.1764708
SUPER_2,38660000,64,7,12,83,29,35,4.368421
SUPER_2,38670000,2,0,1,3,0,2,14
SUPER_2,38680000,1,0,1,2,0,1,1
SUPER_2,38690000,4,0,1,5,1,3,1
SUPER_2,38700000,3,0,0,3,0,3,NaN
SUPER_2,38710000,1,0,0,1,1,0,NaN
SUPER_2,38720000,0,0,1,1,0,0,2
SUPER_2,38730000,7,0,1,8,4,3,1
SUPER_2,38740000,4,0,2,6,2,2,4.5
SUPER_2,38750000,2,1,1,4,1,1,1.5
SUPER_2,38760000,6,0,0,6,5,1,NaN
SUPER_2,38770000,58,4,4,66,31,27,1.25
SUPER_2,38780000,196,16,5,217,98,98,9.285714
SUPER_2,38790000,36,5,2,43,19,17,28.285715
SUPER_2,38800000,21,2,1,24,8,13,4
SUPER_2,38810000,170,9,10,189,76,94,25.842106
SUPER_2,38820000,103,10,9,122,55,48,3.3157895
SUPER_2,38830000,72,6,6,84,36,36,16.583334
SUPER_2,38840000,135,4,7,146,72,63,22.272728
SUPER_2,38850000,0,0,0,0,0,0,0
SUPER_2,38860000,0,0,0,0,0,0,0
SUPER_2,38870000,109,3,4,116,57,52,7.142857
SUPER_2,38880000,41,3,1,45,22,19,11.25
SUPER_2,38890000,148,10,8,166,75,73,7.9444447
SUPER_2,38900000,105,9,12,126,53,52,10.047619
SUPER_2,38910000,98,7,6,111,56,42,16.23077
SUPER_2,38920000,58,5,3,66,32,26,15.625
SUPER_2,38930000,98,9,5,112,58,40,63.142857
SUPER_2,38940000,160,11,8,179,82,78,5.263158
SUPER_2,38950000,178,7,12,197,92,86,3.6842105
SUPER_2,38960000,135,7,10,152,78,57,4.0588236
SUPER_2,38970000,151,13,10,174,90,61,10.521739
SUPER_2,38980000,146,5,4,155,77,69,9.666667
SUPER_2,38990000,107,6,5,118,60,47,7.4545455
SUPER_2,39000000,97,7,6,110,47,50,5.4615383
SUPER_2,39010000,146,14,5,165,77,69,6
SUPER_2,39020000,179,8,17,204,87,92,6.24
SUPER_2,39030000,93,7,10,110,40,53,4.2941175
SUPER_2,39040000,112,9,11,132,63,49,6.2
SUPER_2,39050000,93,6,8,107,49,44,6.5
SUPER_2,39060000,93,7,7,107,48,45,5.071429
SUPER_2,39070000,93,4,7,104,52,41,5.5454545
SUPER_2,39080000,136,4,7,147,74,62,11
SUPER_2,39090000,31,1,3,35,16,15,2
SUPER_2,39100000,10,2,1,13,7,3,1.3333334
SUPER_2,39110000,6,1,2,9,4,2,12.666667
SUPER_2,39120000,2,1,0,3,2,0,1
SUPER_2,39130000,81,4,2,87,45,36,3.1666667
SUPER_2,39140000,0,0,0,0,0,0,0
SUPER_2,39150000,0,0,0,0,0,0,0
SUPER_2,39160000,109,7,4,120,61,48,5.4545455
SUPER_2,39170000,55,2,3,60,32,23,3.4
SUPER_2,39180000,128,14,8,150,65,63,10.727273
SUPER_2,39190000,22,3,3,28,11,11,4.3333335
SUPER_2,39200000,45,3,4,52,17,28,5.285714
SUPER_2,39210000,78,5,3,86,48,30,4.625
SUPER_2,39220000,30,0,2,32,18,12,6
SUPER_2,39230000,39,3,4,46,14,25,4.142857
SUPER_2,39240000,0,0,0,0,0,0,0
SUPER_2,39250000,0,0,0,0,0,0,0
SUPER_2,39260000,17,1,3,21,10,7,1.25
SUPER_2,39270000,119,7,8,134,63,56,5.266667
SUPER_2,39280000,124,7,9,140,70,54,6.125
SUPER_2,39290000,71,5,3,79,40,31,5.25
SUPER_2,39300000,1,1,0,2,1,0,1
SUPER_2,39310000,195,6,7,208,113,82,5.076923
SUPER_2,39320000,67,5,7,79,37,30,6.4166665
SUPER_2,39330000,142,6,8,156,74,68,7.857143
SUPER_2,39340000,129,9,13,151,59,70,3.5454545
SUPER_2,39350000,145,9,6,160,76,69,7.2
SUPER_2,39360000,11,3,4,18,5,6,12.571428
SUPER_2,39370000,0,0,0,0,0,0,0
SUPER_2,39380000,0,0,0,0,0,0,0
SUPER_2,39390000,4,0,0,4,2,2,NaN
SUPER_2,39400000,1,0,0,1,1,0,NaN
SUPER_2,39410000,2,1,0,3,2,0,1
SUPER_2,39420000,2,0,0,2,0,2,NaN
SUPER_2,39430000,8,0,0,8,3,5,NaN
SUPER_2,39440000,110,13,6,129,60,50,3.8947368
SUPER_2,39450000,67,2,2,71,35,32,15.75
SUPER_2,39460000,105,6,8,119,52,53,8
SUPER_2,39470000,103,4,9,116,49,54,8.307693
SUPER_2,39480000,0,0,0,0,0,0,0
SUPER_2,39490000,0,0,0,0,0,0,0
SUPER_2,39500000,44,4,7,55,27,17,22.727272
SUPER_2,39510000,0,0,0,0,0,0,0
SUPER_2,39520000,0,0,0,0,0,0,0
SUPER_2,39530000,0,0,0,0,0,0,0
SUPER_2,39540000,0,0,0,0,0,0,0
SUPER_2,39550000,0,0,0,0,0,0,0
SUPER_2,39560000,0,0,0,0,0,0,0
SUPER_2,39570000,0,0,0,0,0,0,0
SUPER_2,39580000,0,0,0,0,0,0,0
SUPER_2,39590000,0,0,0,0,0,0,0
SUPER_2,39600000,0,0,0,0,0,0,0
SUPER_2,39610000,0,0,0,0,0,0,0
SUPER_2,39620000,0,0,0,0,0,0,0
SUPER_2,39630000,0,0,0,0,0,0,0
SUPER_2,39640000,193,19,10,222,102,91,4.0689654
SUPER_2,39650000,105,7,9,121,61,44,22.5
SUPER_2,39660000,43,5,6,54,18,25,6.4545455
SUPER_2,39670000,148,14,11,173,79,69,4.16
SUPER_2,39680000,68,8,4,80,26,42,5.3333335
SUPER_2,39690000,136,7,5,148,74,62,5.25
SUPER_2,39700000,117,6,7,130,57,60,3.4615386
SUPER_2,39710000,116,3,11,130,57,59,16.785715
SUPER_2,39720000,127,10,10,147,69,58,11.2
SUPER_2,39730000,101,9,10,120,64,37,6.5263157
SUPER_2,39740000,116,9,13,138,70,46,7.5454545
SUPER_2,39750000,71,2,8,81,41,30,9.3
SUPER_2,39760000,48,4,2,54,23,25,6.1666665
SUPER_2,39770000,15,0,2,17,7,8,1
SUPER_2,39780000,14,0,0,14,6,8,NaN
SUPER_2,39790000,22,1,1,24,9,13,20
SUPER_2,39800000,15,2,4,21,9,6,66.166664
SUPER_2,39810000,20,1,3,24,13,7,4
SUPER_2,39820000,61,2,8,71,27,34,39.2
SUPER_2,39830000,123,9,8,140,66,57,4.117647
SUPER_2,39840000,98,2,6,106,49,49,5.5
SUPER_2,39850000,31,4,0,35,16,15,3.5
SUPER_2,39860000,2,0,0,2,1,1,NaN
SUPER_2,39870000,52,4,2,58,31,21,13
SUPER_2,39880000,47,5,4,56,29,18,11.222222
SUPER_2,39890000,2,0,0,2,1,1,NaN
SUPER_2,39900000,158,11,8,177,79,79,5.6842103
SUPER_2,39910000,107,4,7,118,54,53,5.2727275
SUPER_2,39920000,284,12,23,319,167,117,10.771428
SUPER_2,39930000,64,6,7,77,36,28,6.923077
SUPER_2,39940000,112,10,11,133,55,57,5.142857
SUPER_2,39950000,145,9,16,170,74,71,7.44
SUPER_2,39960000,0,0,0,0,0,0,0
SUPER_2,39970000,0,0,0,0,0,0,0
SUPER_2,39980000,0,0,0,0,0,0,0
SUPER_2,39990000,0,0,0,0,0,0,0
SUPER_2,40000000,34,4,2,40,12,22,10
SUPER_2,40010000,0,0,0,0,0,0,0
SUPER_2,40020000,0,0,0,0,0,0,0
SUPER_2,40030000,272,8,15,295,151,121,20.347826
SUPER_2,40040000,131,10,9,150,69,62,5.0526314
SUPER_2,40050000,90,3,9,102,45,45,9.666667
SUPER_2,40060000,168,4,14,186,92,76,22.61111
SUPER_2,40070000,93,5,4,102,44,49,6.2222223
SUPER_2,40080000,54,6,3,63,29,25,7.6666665
SUPER_2,40090000,0,0,1,1,0,0,1
SUPER_2,40100000,56,4,2,62,36,20,12.333333
SUPER_2,40110000,59,1,2,62,40,19,5.6666665
SUPER_2,40120000,152,9,11,172,85,67,9.8
SUPER_2,40130000,122,9,9,140,63,59,6.611111
SUPER_2,40140000,144,6,9,159,82,62,14.266666
SUPER_2,40150000,57,3,4,64,28,29,2.857143
SUPER_2,40160000,56,4,2,62,28,28,12.833333
SUPER_2,40170000,84,3,8,95,42,42,7.2727275
SUPER_2,40180000,33,4,3,40,17,16,10
SUPER_2,40190000,62,9,6,77,33,29,29.466667
SUPER_2,40200000,57,2,4,63,19,38,4.6666665
SUPER_2,40210000,120,6,9,135,68,52,9.066667
SUPER_2,40220000,26,4,0,30,15,11,6
SUPER_2,40230000,29,8,0,37,16,13,3.125
SUPER_2,40240000,22,0,1,23,12,10,10
SUPER_2,40250000,22,3,5,30,11,11,3.625
SUPER_2,40260000,16,3,3,22,9,7,7.5
SUPER_2,40270000,0,0,0,0,0,0,0
SUPER_2,40280000,0,0,0,0,0,0,0
SUPER_2,40290000,0,0,0,0,0,0,0
SUPER_2,40300000,0,0,0,0,0,0,0
SUPER_2,40310000,0,0,0,0,0,0,0
SUPER_2,40320000,199,16,17,232,99,100,9.090909
SUPER_2,40330000,164,14,15,193,85,79,4.275862
SUPER_2,40340000,84,9,2,95,36,48,4.909091
SUPER_2,40350000,0,0,0,0,0,0,0
SUPER_2,40360000,0,0,0,0,0,0,0
SUPER_2,40370000,162,10,10,182,83,79,21.7
SUPER_2,40380000,0,1,0,1,0,0,2
SUPER_2,40390000,75,5,7,87,40,35,3
SUPER_2,40400000,172,18,10,200,103,69,39.285713
SUPER_2,40410000,0,0,0,0,0,0,0
SUPER_2,40420000,0,0,0,0,0,0,0
SUPER_2,40430000,66,3,6,75,30,36,2.7777777
SUPER_2,40440000,67,2,3,72,36,31,10.6
SUPER_2,40450000,49,1,3,53,26,23,12
SUPER_2,40460000,130,6,7,143,63,67,5.230769
SUPER_2,40470000,97,9,12,118,51,46,4.4761906
SUPER_2,40480000,38,2,2,42,20,18,4.25
SUPER_2,40490000,0,0,0,0,0,0,0
SUPER_2,40500000,0,0,0,0,0,0,0
SUPER_2,40510000,0,0,0,0,0,0,0
SUPER_2,40520000,144,12,9,165,73,71,7.6666665
SUPER_2,40530000,10,0,0,10,4,6,NaN
SUPER_2,40540000,17,1,0,18,11,6,42
SUPER_2,40550000,86,7,10,103,46,40,6.117647
SUPER_2,40560000,0,0,1,1,0,0,1
SUPER_2,40570000,0,1,0,1,0,0,2
SUPER_2,40580000,0,0,0,0,0,0,0
SUPER_2,40590000,0,0,0,0,0,0,0
SUPER_2,40600000,3,0,0,3,2,1,NaN
SUPER_2,40610000,0,0,0,0,0,0,0
SUPER_2,40620000,0,0,0,0,0,0,0
SUPER_2,40630000,0,0,0,0,0,0,0
SUPER_2,40640000,0,0,0,0,0,0,0
SUPER_2,40650000,4,1,0,5,3,1,1
SUPER_2,40660000,1,0,0,1,1,0,NaN
SUPER_2,40670000,0,0,0,0,0,0,0
SUPER_2,40680000,0,0,0,0,0,0,0
SUPER_2,40690000,0,0,0,0,0,0,0
SUPER_2,40700000,0,0,0,0,0,0,0
SUPER_2,40710000,0,0,0,0,0,0,0
SUPER_2,40720000,0,0,0,0,0,0,0
SUPER_2,40730000,67,3,0,70,41,26,4.3333335
SUPER_2,40740000,2,1,0,3,2,0,1
SUPER_2,40750000,92,4,2,98,61,31,1.1666666
SUPER_2,40760000,6,1,1,8,2,4,1.5
SUPER_2,40770000,2,0,0,2,1,1,NaN
SUPER_2,40780000,6,1,1,8,1,5,1.5
SUPER_2,40790000,0,2,0,2,0,0,1.5
SUPER_2,40800000,0,1,1,2,0,0,1
SUPER_2,40810000,0,1,0,1,0,0,1
SUPER_2,40820000,45,0,2,47,26,19,1
SUPER_2,40830000,44,1,0,45,27,17,3
SUPER_2,40840000,2,0,0,2,0,2,NaN
SUPER_2,40850000,5,1,2,8,3,2,1
SUPER_2,40860000,18,0,0,18,14,4,NaN
SUPER_2,40870000,0,4,3,7,0,0,2.2857144
SUPER_3,10000,1,0,0,1,0,1,NaN
SUPER_3,20000,7,0,0,7,4,3,NaN
SUPER_3,30000,0,0,0,0,0,0,0
SUPER_3,40000,0,0,0,0,0,0,0
SUPER_3,50000,0,0,0,0,0,0,0
SUPER_3,60000,48,4,2,54,29,19,5.3333335
SUPER_3,70000,58,1,4,63,25,33,6.2
SUPER_3,80000,63,7,7,77,28,35,3
SUPER_3,90000,46,1,3,50,19,27,3.75
SUPER_3,100000,40,2,3,45,22,18,2.4
SUPER_3,110000,0,0,0,0,0,0,0
SUPER_3,120000,0,0,0,0,0,0,0
SUPER_3,130000,0,0,0,0,0,0,0
SUPER_3,140000,0,0,0,0,0,0,0
SUPER_3,150000,10,3,1,14,4,6,8.5
SUPER_3,160000,1,0,1,2,0,1,6
SUPER_3,170000,5,0,3,8,1,4,1
SUPER_3,180000,0,1,0,1,0,0,8
SUPER_3,190000,3,0,2,5,2,1,2
SUPER_3,200000,5,0,0,5,1,4,NaN
SUPER_3,210000,1,1,0,2,1,0,16
SUPER_3,220000,3,0,0,3,0,3,NaN
SUPER_3,230000,2,0,1,3,2,0,4
SUPER_3,240000,3,1,0,4,2,1,23
SUPER_3,250000,3,1,0,4,2,1,1
SUPER_3,260000,3,1,0,4,1,2,1
SUPER_3,270000,5,2,0,7,4,1,11
SUPER_3,280000,3,2,0,5,1,2,9.5
SUPER_3,290000,3,0,0,3,2,1,NaN
SUPER_3,300000,1,0,1,2,0,1,3
SUPER_3,310000,3,0,1,4,2,1,1
SUPER_3,320000,2,1,0,3,0,2,2
SUPER_3,330000,78,5,4,87,44,34,3.5555556
SUPER_3,340000,60,4,1,65,28,32,13.6
SUPER_3,350000,20,4,2,26,11,9,3.6666667
SUPER_3,360000,192,9,16,217,92,100,12.68
SUPER_3,370000,77,3,4,84,31,46,3.7142856
SUPER_3,380000,31,2,0,33,17,14,10.5
SUPER_3,390000,32,3,6,41,11,21,16.444445
SUPER_3,400000,84,7,5,96,45,39,3.5
SUPER_3,410000,162,13,15,190,83,79,8.892858
SUPER_3,420000,37,1,2,40,24,13,16
SUPER_3,430000,120,2,7,129,67,53,104.888885
SUPER_3,440000,69,1,7,77,33,36,3
SUPER_3,450000,17,0,2,19,10,7,3.5
SUPER_3,460000,10,2,2,14,4,6,3.75
SUPER_3,470000,10,1,0,11,5,5,31
SUPER_3,480000,16,0,2,18,9,7,6
SUPER_3,490000,19,0,1,20,9,10,1
SUPER_3,500000,35,1,7,43,25,10,124.5
SUPER_3,510000,17,2,1,20,8,9,4
SUPER_3,520000,44,4,2,50,20,24,77.166664
SUPER_3,530000,44,0,4,48,22,22,4.25
SUPER_3,540000,49,4,1,54,29,20,4.2
SUPER_3,550000,25,2,1,28,12,13,2
SUPER_3,560000,7,2,0,9,3,4,2.5
SUPER_3,570000,32,2,5,39,16,16,4.714286
SUPER_3,580000,73,10,5,88,32,41,7.133333
SUPER_3,590000,40,1,1,42,14,26,2
SUPER_3,600000,113,6,7,126,53,60,7.4615383
SUPER_3,610000,59,7,2,68,30,29,5.5555553
SUPER_3,620000,99,7,3,109,50,49,7.7
SUPER_3,630000,92,5,12,109,46,46,8.235294
SUPER_3,640000,13,1,1,15,7,6,3
SUPER_3,650000,77,2,8,87,44,33,8.7
SUPER_3,660000,77,7,6,90,42,35,8
SUPER_3,670000,38,3,7,48,23,15,3.1
SUPER_3,680000,65,3,0,68,29,36,3.6666667
SUPER_3,690000,90,5,9,104,44,46,3.0714285
SUPER_3,700000,0,0,0,0,0,0,0
SUPER_3,710000,0,0,0,0,0,0,0
SUPER_3,720000,0,0,0,0,0,0,0
SUPER_3,730000,0,0,0,0,0,0,0
SUPER_3,740000,0,0,0,0,0,0,0
SUPER_3,750000,20,1,0,21,9,11,1
SUPER_3,760000,79,3,10,92,49,30,14.153846
SUPER_3,770000,83,9,6,98,47,36,2.7333333
SUPER_3,780000,89,4,6,99,50,39,73.4
SUPER_3,790000,124,3,6,133,69,55,46.11111
SUPER_3,800000,9,0,0,9,4,5,NaN
SUPER_3,810000,56,6,6,68,28,28,49.583332
SUPER_3,820000,0,0,0,0,0,0,0
SUPER_3,830000,0,0,0,0,0,0,0
SUPER_3,840000,0,0,0,0,0,0,0
SUPER_3,850000,0,0,0,0,0,0,0
SUPER_3,860000,0,0,0,0,0,0,0
SUPER_3,870000,0,0,0,0,0,0,0
SUPER_3,880000,35,4,0,39,21,14,9.25
SUPER_3,890000,8,1,0,9,3,5,1
SUPER_3,900000,18,1,1,20,6,12,2.5
SUPER_3,910000,39,6,3,48,15,24,5.7777777
SUPER_3,920000,45,3,4,52,26,19,2.4285715
SUPER_3,930000,37,2,2,41,23,14,13.5
SUPER_3,940000,57,3,2,62,29,28,5
SUPER_3,950000,0,0,0,0,0,0,0
SUPER_3,960000,0,0,0,0,0,0,0
SUPER_3,970000,92,9,4,105,55,37,5.1538463
SUPER_3,980000,43,7,0,50,20,23,8.857142
SUPER_3,990000,0,0,0,0,0,0,0
SUPER_3,1000000,0,0,0,0,0,0,0
SUPER_3,1010000,0,0,0,0,0,0,0
SUPER_3,1020000,0,0,0,0,0,0,0
SUPER_3,1030000,0,0,0,0,0,0,0
SUPER_3,1040000,47,0,1,48,27,20,1
SUPER_3,1050000,59,2,2,63,39,20,10.25
SUPER_3,1060000,52,7,2,61,33,19,7.5555553
SUPER_3,1070000,4,0,2,6,1,3,10
SUPER_3,1080000,3,1,1,5,0,3,4.5
SUPER_3,1090000,9,0,1,10,4,5,3
SUPER_3,1100000,9,0,1,10,6,3,1
SUPER_3,1110000,4,3,0,7,3,1,1
SUPER_3,1120000,9,2,1,12,4,5,7.3333335
SUPER_3,1130000,6,1,1,8,4,2,6
SUPER_3,1140000,3,2,2,7,2,1,5.75
SUPER_3,1150000,7,2,0,9,4,3,20
SUPER_3,1160000,11,2,0,13,4,7,3
SUPER_3,1170000,9,1,1,11,7,2,1
SUPER_3,1180000,10,0,0,10,5,5,NaN
SUPER_3,1190000,7,0,0,7,5,2,NaN
SUPER_3,1200000,5,1,1,7,1,4,20
SUPER_3,1210000,3,3,2,8,1,2,1.6
SUPER_3,1220000,3,0,2,5,2,1,3
SUPER_3,1230000,10,2,1,13,4,6,11
SUPER_3,1240000,7,0,0,7,5,2,NaN
SUPER_3,1250000,6,0,1,7,2,4,1
SUPER_3,1260000,7,0,1,8,4,3,6
SUPER_3,1270000,7,0,0,7,3,4,NaN
SUPER_3,1280000,2,0,0,2,1,1,NaN
SUPER_3,1290000,4,0,0,4,1,3,NaN
SUPER_3,1300000,8,0,1,9,4,4,2
SUPER_3,1310000,7,0,0,7,5,2,NaN
SUPER_3,1320000,79,9,4,92,36,43,8.230769
SUPER_3,1330000,22,2,1,25,13,9,12
SUPER_3,1340000,25,1,2,28,15,10,10
SUPER_3,1350000,70,8,5,83,35,35,57
SUPER_3,1360000,103,5,6,114,53,50,5.4545455
SUPER_3,1370000,56,4,2,62,31,25,8.833333
SUPER_3,1380000,88,10,7,105,40,48,10.058824
SUPER_3,1390000,88,8,1,97,45,43,13.555555
SUPER_3,1400000,97,8,3,108,53,44,5
SUPER_3,1410000,63,4,4,71,35,28,22.5
SUPER_3,1420000,32,3,2,37,19,13,3.6
SUPER_3,1430000,17,2,1,20,8,9,14
SUPER_3,1440000,40,2,1,43,15,25,4.3333335
SUPER_3,1450000,26,4,3,33,19,7,7
SUPER_3,1460000,60,3,3,66,32,28,14.333333
SUPER_3,1470000,53,3,3,59,26,27,6.5
SUPER_3,1480000,85,9,2,96,45,40,5.2727275
SUPER_3,1490000,80,6,3,89,44,36,16.222221
SUPER_3,1500000,81,9,7,97,44,37,7.5
SUPER_3,1510000,46,7,3,56,21,25,4.3
SUPER_3,1520000,27,0,1,28,16,11,1
SUPER_3,1530000,46,0,3,49,28,18,2
SUPER_3,1540000,62,1,4,67,43,19,4.6
SUPER_3,1550000,46,3,4,53,32,14,4.428571
SUPER_3,1560000,44,2,4,50,27,17,5.1666665
SUPER_3,1570000,0,0,0,0,0,0,0
SUPER_3,1580000,0,0,0,0,0,0,0
SUPER_3,1590000,71,7,5,83,37,34,19.166666
SUPER_3,1600000,59,4,8,71,32,27,5.75
SUPER_3,1610000,40,8,5,53,23,17,4.076923
SUPER_3,1620000,0,0,0,0,0,0,0
SUPER_3,1630000,0,0,0,0,0,0,0
SUPER_3,1640000,12,1,2,15,7,5,3.6666667
SUPER_3,1650000,54,7,6,67,36,18,20.153847
SUPER_3,1660000,36,3,2,41,19,17,15.8
SUPER_3,1670000,0,0,0,0,0,0,0
SUPER_3,1680000,0,0,0,0,0,0,0
SUPER_3,1690000,12,1,0,13,6,6,18
SUPER_3,1700000,0,0,0,0,0,0,0
SUPER_3,1710000,0,0,0,0,0,0,0
SUPER_3,1720000,0,0,0,0,0,0,0
SUPER_3,1730000,35,3,3,41,18,17,6.8333335
SUPER_3,1740000,12,2,0,14,8,4,9
SUPER_3,1750000,23,1,1,25,12,11,3
SUPER_3,1760000,17,0,3,20,6,11,3.6666667
SUPER_3,1770000,24,1,4,29,13,11,8.2
SUPER_3,1780000,10,0,1,11,6,4,1
SUPER_3,1790000,24,5,3,32,8,16,11.375
SUPER_3,1800000,15,2,2,19,6,9,5
SUPER_3,1810000,17,1,2,20,11,6,135.33333
SUPER_3,1820000,9,0,2,11,7,2,5.5
SUPER_3,1830000,29,5,1,35,16,13,18.166666
SUPER_3,1840000,36,3,5,44,18,18,11.375
SUPER_3,1850000,6,4,3,13,2,4,5.571429
SUPER_3,1860000,12,3,1,16,7,5,1.25
SUPER_3,1870000,18,2,2,22,8,10,5.5
SUPER_3,1880000,19,3,0,22,11,8,3.6666667
SUPER_3,1890000,11,1,0,12,7,4,4
SUPER_3,1900000,7,0,0,7,5,2,NaN
SUPER_3,1910000,4,0,1,5,3,1,1
SUPER_3,1920000,25,2,4,31,12,13,18.833334
SUPER_3,1930000,70,4,4,78,38,32,12.25
SUPER_3,1940000,26,1,1,28,16,10,2
SUPER_3,1950000,27,7,0,34,17,10,3.142857
SUPER_3,1960000,8,0,2,10,4,4,5.5
SUPER_3,1970000,15,0,0,15,12,3,NaN
SUPER_3,1980000,63,8,3,74,30,33,2.1818182
SUPER_3,1990000,174,8,7,189,88,86,8.666667
SUPER_3,2000000,49,5,3,57,28,21,8.75
SUPER_3,2010000,142,8,13,163,71,71,14.142858
SUPER_3,2020000,171,7,20,198,84,87,16.185184
SUPER_3,2030000,111,4,6,121,64,47,2.6
SUPER_3,2040000,74,6,9,89,37,37,5.5333333
SUPER_3,2050000,75,3,8,86,47,28,1.5454545
SUPER_3,2060000,83,4,3,90,38,45,25.571428
SUPER_3,2070000,34,3,2,39,16,18,11
SUPER_3,2080000,41,5,6,52,18,23,4.090909
SUPER_3,2090000,167,11,12,190,90,77,7.130435
SUPER_3,2100000,41,4,6,51,22,19,5.3
SUPER_3,2110000,105,6,6,117,52,53,6.6666665
SUPER_3,2120000,126,9,8,143,66,60,3.8235295
SUPER_3,2130000,201,13,20,234,109,92,3.4848485
SUPER_3,2140000,164,8,9,181,87,77,11.058824
SUPER_3,2150000,21,2,1,24,14,7,1.3333334
SUPER_3,2160000,82,1,5,88,46,36,10.166667
SUPER_3,2170000,5,0,0,5,1,4,NaN
SUPER_3,2180000,100,2,9,111,51,49,5.6363635
SUPER_3,2190000,59,7,2,68,28,31,6.111111
SUPER_3,2200000,77,1,4,82,43,34,3
SUPER_3,2210000,119,5,7,131,74,45,17.5
SUPER_3,2220000,48,4,1,53,23,25,7.4
SUPER_3,2230000,136,10,9,155,64,72,4.6842103
SUPER_3,2240000,26,4,3,33,16,10,8.285714
SUPER_3,2250000,113,8,9,130,58,55,18.411764
SUPER_3,2260000,36,3,6,45,22,14,2.2222223
SUPER_3,2270000,81,5,6,92,38,43,26.272728
SUPER_3,2280000,25,2,2,29,15,10,2.5
SUPER_3,2290000,2,0,0,2,0,2,NaN
SUPER_3,2300000,1,0,0,1,1,0,NaN
SUPER_3,2310000,0,0,0,0,0,0,0
SUPER_3,2320000,0,0,0,0,0,0,0
SUPER_3,2330000,17,0,4,21,9,8,1.75
SUPER_3,2340000,114,5,13,132,61,53,4
SUPER_3,2350000,100,3,5,108,52,48,1.875
SUPER_3,2360000,87,3,7,97,42,45,4.6
SUPER_3,2370000,25,5,5,35,13,12,4.3
SUPER_3,2380000,96,7,5,108,56,40,2.75
SUPER_3,2390000,0,0,0,0,0,0,0
SUPER_3,2400000,0,0,0,0,0,0,0
SUPER_3,2410000,0,0,0,0,0,0,0
SUPER_3,2420000,0,0,0,0,0,0,0
SUPER_3,2430000,0,0,0,0,0,0,0
SUPER_3,2440000,74,13,3,90,42,32,3
SUPER_3,2450000,0,0,0,0,0,0,0
SUPER_3,2460000,0,0,0,0,0,0,0
SUPER_3,2470000,1,1,0,2,0,1,1
SUPER_3,2480000,2,0,0,2,2,0,NaN
SUPER_3,2490000,1,0,0,1,1,0,NaN
SUPER_3,2500000,3,0,0,3,1,2,NaN
SUPER_3,2510000,3,0,0,3,2,1,NaN
SUPER_3,2520000,1,0,0,1,0,1,NaN
SUPER_3,2530000,31,2,3,36,14,17,7.2
SUPER_3,2540000,182,10,13,205,96,86,4.347826
SUPER_3,2550000,148,8,16,172,85,63,8.166667
SUPER_3,2560000,121,12,7,140,69,52,7.9473686
SUPER_3,2570000,92,14,8,114,38,54,3.590909
SUPER_3,2580000,172,15,15,202,101,71,7.6
SUPER_3,2590000,106,12,7,125,57,49,3.5789473
SUPER_3,2600000,113,9,11,133,65,48,4.65
SUPER_3,2610000,26,3,1,30,16,10,6
SUPER_3,2620000,59,5,7,71,26,33,2.6666667
SUPER_3,2630000,54,5,5,64,17,37,5.4
SUPER_3,2640000,134,5,6,145,66,68,3.6363637
SUPER_3,2650000,43,1,3,47,19,24,2
SUPER_3,2660000,0,0,0,0,0,0,0
SUPER_3,2670000,0,0,0,0,0,0,0
SUPER_3,2680000,12,3,0,15,7,5,2.6666667
SUPER_3,2690000,199,12,13,224,93,106,4.8
SUPER_3,2700000,137,9,12,158,72,65,9.380953
SUPER_3,2710000,152,11,6,169,73,79,8.235294
SUPER_3,2720000,112,10,7,129,56,56,5.647059
SUPER_3,2730000,95,7,10,112,54,41,5.470588
SUPER_3,2740000,66,2,5,73,34,32,1.1428572
SUPER_3,2750000,82,12,10,104,41,41,12.090909
SUPER_3,2760000,34,1,0,35,19,15,4
SUPER_3,2770000,169,5,11,185,98,71,16.875
SUPER_3,2780000,195,6,4,205,91,104,16.7
SUPER_3,2790000,115,12,7,134,58,57,5.3157897
SUPER_3,2800000,116,7,9,132,53,63,9.125
SUPER_3,2810000,170,13,15,198,87,83,4.428571
SUPER_3,2820000,184,7,10,201,101,83,12
SUPER_3,2830000,98,5,4,107,63,35,5.5555553
SUPER_3,2840000,32,2,3,37,15,17,1.6
SUPER_3,2850000,15,1,3,19,6,9,11
SUPER_3,2860000,25,5,0,30,15,10,7
SUPER_3,2870000,36,4,0,40,18,18,6.25
SUPER_3,2880000,127,10,10,147,65,62,5.8
SUPER_3,2890000,47,4,4,55,26,21,3.375
SUPER_3,2900000,104,4,11,119,53,51,2.4666667
SUPER_3,2910000,77,8,3,88,37,40,6.3636365
SUPER_3,2920000,8,1,0,9,6,2,1
SUPER_3,2930000,8,1,0,9,0,8,1
SUPER_3,2940000,7,1,1,9,1,6,2
SUPER_3,2950000,13,3,1,17,10,3,3.5
SUPER_3,2960000,19,0,0,19,5,14,NaN
SUPER_3,2970000,0,0,1,1,0,0,2
SUPER_3,2980000,3,0,0,3,1,2,NaN
SUPER_3,2990000,4,0,2,6,1,3,5
SUPER_3,3000000,2,1,1,4,2,0,2
SUPER_3,3010000,2,0,0,2,1,1,NaN
SUPER_3,3020000,1,1,1,3,1,0,23
SUPER_3,3030000,1,0,0,1,1,0,NaN
SUPER_3,3040000,0,0,0,0,0,0,0
SUPER_3,3050000,0,0,0,0,0,0,0
SUPER_3,3060000,4,0,0,4,3,1,NaN
SUPER_3,3070000,1,0,0,1,1,0,NaN
SUPER_3,3080000,6,2,1,9,2,4,6.6666665
SUPER_3,3090000,3,1,0,4,2,1,1
SUPER_3,3100000,1,0,2,3,1,0,8.5
SUPER_3,3110000,2,0,0,2,2,0,NaN
SUPER_3,3120000,0,0,0,0,0,0,0
SUPER_3,3130000,0,0,0,0,0,0,0
SUPER_3,3140000,6,0,0,6,4,2,NaN
SUPER_3,3150000,2,0,0,2,1,1,NaN
SUPER_3,3160000,1,0,0,1,1,0,NaN
SUPER_3,3170000,1,0,0,1,1,0,NaN
SUPER_3,3180000,2,0,0,2,0,2,NaN
SUPER_3,3190000,4,1,0,5,3,1,1
SUPER_3,3200000,3,0,0,3,1,2,NaN
SUPER_3,3210000,2,0,0,2,1,1,NaN
SUPER_3,3220000,73,6,2,81,44,29,5.5
SUPER_3,3230000,162,11,9,182,78,84,6.5
SUPER_3,3240000,35,0,2,37,20,15,4.5
SUPER_3,3250000,93,6,5,104,45,48,3.8181818
SUPER_3,3260000,198,16,20,234,92,106,11.583333
SUPER_3,3270000,131,11,9,151,62,69,4.7
SUPER_3,3280000,4,0,2,6,1,3,1
SUPER_3,3290000,17,3,4,24,3,14,4.428571
SUPER_3,3300000,10,0,0,10,8,2,NaN
SUPER_3,3310000,5,0,1,6,2,3,1
SUPER_3,3320000,1,0,0,1,0,1,NaN
SUPER_3,3330000,50,7,10,67,24,26,5.529412
SUPER_3,3340000,148,13,7,168,81,67,17.95
SUPER_3,3350000,0,0,0,0,0,0,0
SUPER_3,3360000,0,0,0,0,0,0,0
SUPER_3,3370000,185,9,18,212,98,87,10.518518
SUPER_3,3380000,76,7,7,90,50,26,4.071429
SUPER_3,3390000,118,8,5,131,57,61,5.3076925
SUPER_3,3400000,97,18,12,127,49,48,8.966666
SUPER_3,3410000,137,9,10,156,80,57,16.789474
SUPER_3,3420000,105,7,10,122,49,56,4.8235292
SUPER_3,3430000,79,10,6,95,43,36,23.9375
SUPER_3,3440000,108,14,8,130,52,56,5.3636365
SUPER_3,3450000,74,6,6,86,30,44,5.8333335
SUPER_3,3460000,89,7,10,106,37,52,3.8235295
SUPER_3,3470000,50,3,4,57,29,21,2
SUPER_3,3480000,98,4,13,115,44,54,3.8235295
SUPER_3,3490000,7,1,0,8,1,6,9
SUPER_3,3500000,2,0,0,2,2,0,NaN
SUPER_3,3510000,1,0,0,1,0,1,NaN
SUPER_3,3520000,0,0,0,0,0,0,0
SUPER_3,3530000,0,0,0,0,0,0,0
SUPER_3,3540000,6,0,0,6,4,2,NaN
SUPER_3,3550000,1,0,1,2,1,0,2
SUPER_3,3560000,1,1,0,2,1,0,4
SUPER_3,3570000,4,2,0,6,1,3,4.5
SUPER_3,3580000,4,0,2,6,1,3,7.5
SUPER_3,3590000,138,7,13,158,68,70,3.45
SUPER_3,3600000,131,11,12,154,60,71,15.478261
SUPER_3,3610000,82,4,3,89,48,34,9.571428
SUPER_3,3620000,127,3,12,142,61,66,3.4666667
SUPER_3,3630000,121,16,9,146,69,52,8.52
SUPER_3,3640000,196,15,17,228,91,105,7.03125
SUPER_3,3650000,99,11,5,115,58,41,12.5625
SUPER_3,3660000,39,7,4,50,19,20,8.818182
SUPER_3,3670000,35,3,1,39,15,20,2.25
SUPER_3,3680000,137,8,7,152,60,77,4.4666667
SUPER_3,3690000,131,9,11,151,64,67,17
SUPER_3,3700000,117,10,11,138,59,58,5.7619047
SUPER_3,3710000,40,4,6,50,21,19,1.7
SUPER_3,3720000,2,0,2,4,2,0,4.5
SUPER_3,3730000,3,0,0,3,2,1,NaN
SUPER_3,3740000,21,3,0,24,10,11,20.333334
SUPER_3,3750000,80,5,8,93,33,47,6.6923075
SUPER_3,3760000,124,8,12,144,59,65,27.05
SUPER_3,3770000,87,6,7,100,45,42,7.6923075
SUPER_3,3780000,67,2,4,73,39,28,5.6666665
SUPER_3,3790000,68,7,4,79,33,35,10.272727
SUPER_3,3800000,99,6,9,114,58,41,33.266666
SUPER_3,3810000,183,14,14,211,83,100,10.285714
SUPER_3,3820000,191,12,11,214,98,93,5.2173915
SUPER_3,3830000,132,14,9,155,70,62,7.521739
SUPER_3,3840000,93,7,7,107,50,43,3.9285715
SUPER_3,3850000,92,7,6,105,49,43,8.230769
SUPER_3,3860000,151,21,12,184,91,60,9.363636
SUPER_3,3870000,89,3,6,98,47,42,2.7777777
SUPER_3,3880000,28,1,3,32,13,15,2.75
SUPER_3,3890000,95,6,11,112,50,45,5.4117646
SUPER_3,3900000,59,5,2,66,29,30,8.428572
SUPER_3,3910000,26,3,1,30,12,14,2.75
SUPER_3,3920000,70,1,4,75,37,33,3
SUPER_3,3930000,57,7,6,70,22,35,9.230769
SUPER_3,3940000,78,1,4,83,50,28,4.4
SUPER_3,3950000,52,5,14,71,27,25,9.315789
SUPER_3,3960000,66,8,3,77,30,36,9.727273
SUPER_3,3970000,11,0,0,11,8,3,NaN
SUPER_3,3980000,61,5,6,72,28,33,14.545455
SUPER_3,3990000,121,6,8,135,55,66,6.428571
SUPER_3,4000000,96,8,8,112,59,37,11.8125
SUPER_3,4010000,124,5,10,139,76,48,13.666667
SUPER_3,4020000,104,13,7,124,52,52,5.45
SUPER_3,4030000,148,13,12,173,84,64,8.36
SUPER_3,4040000,10,1,1,12,7,3,6.5
SUPER_3,4050000,96,10,7,113,48,48,8
SUPER_3,4060000,0,0,0,0,0,0,0
SUPER_3,4070000,0,0,0,0,0,0,0
SUPER_3,4080000,0,0,0,0,0,0,0
SUPER_3,4090000,46,2,5,53,18,28,6.714286
SUPER_3,4100000,4,0,1,5,2,2,6
SUPER_3,4110000,3,0,1,4,3,0,1
SUPER_3,4120000,46,0,7,53,23,23,2.142857
SUPER_3,4130000,1,0,0,1,0,1,NaN
SUPER_3,4140000,119,6,3,128,56,63,2.3333333
SUPER_3,4150000,84,6,3,93,51,33,4.2222223
SUPER_3,4160000,6,2,1,9,2,4,22.666666
SUPER_3,4170000,4,0,0,4,3,1,NaN
SUPER_3,4180000,2,0,1,3,1,1,40
SUPER_3,4190000,81,12,6,99,42,39,9.111111
SUPER_3,4200000,72,5,6,83,31,41,8.363636
SUPER_3,4210000,75,2,9,86,38,37,13.727273
SUPER_3,4220000,89,3,5,97,50,39,1.625
SUPER_3,4230000,77,5,7,89,36,41,6
SUPER_3,4240000,112,12,8,132,61,51,3.5
SUPER_3,4250000,181,19,14,214,96,85,5.3939395
SUPER_3,4260000,110,8,10,128,59,51,10.333333
SUPER_3,4270000,136,9,9,154,68,68,6.888889
SUPER_3,4280000,186,8,4,198,88,98,5.1666665
SUPER_3,4290000,109,7,8,124,63,46,4.2
SUPER_3,4300000,78,4,4,86,43,35,35.25
SUPER_3,4310000,88,3,3,94,43,45,6.1666665
SUPER_3,4320000,128,6,12,146,72,56,18.88889
SUPER_3,4330000,135,4,9,148,75,60,6.1538463
SUPER_3,4340000,88,6,4,98,37,51,8.6
SUPER_3,4350000,2,0,0,2,0,2,NaN
SUPER_3,4360000,2,1,0,3,1,1,35
SUPER_3,4370000,108,4,10,122,58,50,6.714286
SUPER_3,4380000,63,1,3,67,37,26,5.5
SUPER_3,4390000,130,6,9,145,63,67,12.6
SUPER_3,4400000,164,14,13,191,87,77,5.814815
SUPER_3,4410000,1,1,0,2,1,0,10
SUPER_3,4420000,84,10,6,100,54,30,4.25
SUPER_3,4430000,86,7,4,97,49,37,11.272727
SUPER_3,4440000,76,6,7,89,42,34,5.3846154
SUPER_3,4450000,8,1,1,10,5,3,1.5
SUPER_3,4460000,3,0,0,3,1,2,NaN
SUPER_3,4470000,2,1,0,3,0,2,4
SUPER_3,4480000,1,0,0,1,0,1,NaN
SUPER_3,4490000,1,0,1,2,0,1,2
SUPER_3,4500000,3,1,0,4,3,0,33
SUPER_3,4510000,3,0,0,3,1,2,NaN
SUPER_3,4520000,2,1,1,4,2,0,2.5
SUPER_3,4530000,84,6,6,96,37,47,3.4166667
SUPER_3,4540000,3,0,0,3,2,1,NaN
SUPER_3,4550000,44,2,4,50,22,22,16.333334
SUPER_3,4560000,128,4,4,136,63,65,2.375
SUPER_3,4570000,124,10,8,142,60,64,7
SUPER_3,4580000,21,3,2,26,12,9,4.8
SUPER_3,4590000,41,2,1,44,19,22,1
SUPER_3,4600000,139,14,13,166,65,74,4.6666665
SUPER_3,4610000,138,10,4,152,72,66,6
SUPER_3,4620000,133,5,6,144,75,58,27.272728
SUPER_3,4630000,168,10,9,187,90,78,10.631579
SUPER_3,4640000,114,9,8,131,62,52,4.5882354
SUPER_3,4650000,39,6,1,46,26,13,3.5714285
SUPER_3,4660000,126,12,15,153,51,75,2.7037036
SUPER_3,4670000,4,0,0,4,2,2,NaN
SUPER_3,4680000,2,0,0,2,1,1,NaN
SUPER_3,4690000,13,0,1,14,5,8,10
SUPER_3,4700000,68,5,6,79,33,35,7.3636365
SUPER_3,4710000,66,6,3,75,40,26,7.888889
SUPER_3,4720000,97,9,7,113,59,38,14.3125
SUPER_3,4730000,71,3,6,80,36,35,5.4444447
SUPER_3,4740000,141,16,15,172,67,74,8.580646
SUPER_3,4750000,69,4,3,76,40,29,4.714286
SUPER_3,4760000,49,4,5,58,26,23,2.8888888
SUPER_3,4770000,90,5,5,100,45,45,2
SUPER_3,4780000,1,0,0,1,0,1,NaN
SUPER_3,4790000,1,0,0,1,1,0,NaN
SUPER_3,4800000,57,6,9,72,27,30,5.4666667
SUPER_3,4810000,118,11,14,143,54,64,3.92
SUPER_3,4820000,164,14,10,188,79,85,10.291667
SUPER_3,4830000,115,6,4,125,56,59,5.9
SUPER_3,4840000,68,6,3,77,32,36,8.444445
SUPER_3,4850000,84,4,5,93,49,35,7.2222223
SUPER_3,4860000,125,8,10,143,73,52,3.7222223
SUPER_3,4870000,70,6,10,86,30,40,5.5
SUPER_3,4880000,39,2,4,45,18,21,5.5
SUPER_3,4890000,97,7,3,107,50,47,5.7
SUPER_3,4900000,113,7,4,124,51,62,5.7272725
SUPER_3,4910000,144,13,8,165,67,77,5.095238
SUPER_3,4920000,157,8,8,173,86,71,7.9375
SUPER_3,4930000,46,1,4,51,21,25,2.8
SUPER_3,4940000,111,5,7,123,63,48,3.25
SUPER_3,4950000,56,4,6,66,28,28,4.8
SUPER_3,4960000,49,6,4,59,18,31,12
SUPER_3,4970000,60,4,0,64,34,26,3.75
SUPER_3,4980000,99,4,4,107,60,39,10.375
SUPER_3,4990000,205,13,14,232,108,97,6.6296296
SUPER_3,5000000,78,5,4,87,40,38,11.444445
SUPER_3,5010000,87,7,5,99,39,48,57.75
SUPER_3,5020000,55,7,4,66,19,36,11.818182
SUPER_3,5030000,75,7,4,86,35,40,8.363636
SUPER_3,5040000,103,13,8,124,49,54,9.714286
SUPER_3,5050000,111,4,5,120,59,52,42
SUPER_3,5060000,122,7,6,135,67,55,10.153846
SUPER_3,5070000,128,5,9,142,65,63,13.714286
SUPER_3,5080000,37,1,1,39,18,19,4
SUPER_3,5090000,44,8,3,55,21,23,122.454544
SUPER_3,5100000,64,8,4,76,32,32,9.333333
SUPER_3,5110000,86,7,7,100,51,35,7.357143
SUPER_3,5120000,70,5,6,81,33,37,11
SUPER_3,5130000,105,5,5,115,53,52,18.4
SUPER_3,5140000,44,2,5,51,28,16,9.142858
SUPER_3,5150000,100,5,8,113,55,45,4.230769
SUPER_3,5160000,73,3,5,81,29,44,10
SUPER_3,5170000,99,5,9,113,46,53,7.714286
SUPER_3,5180000,39,6,1,46,20,19,1.5714285
SUPER_3,5190000,103,4,14,121,48,55,3.6111112
SUPER_3,5200000,79,2,6,87,42,37,6.75
SUPER_3,5210000,68,5,8,81,34,34,7.6923075
SUPER_3,5220000,130,4,5,139,67,63,2.5555556
SUPER_3,5230000,92,8,7,107,49,43,8.533334
SUPER_3,5240000,3,0,0,3,0,3,NaN
SUPER_3,5250000,0,1,0,1,0,0,1
SUPER_3,5260000,3,0,0,3,1,2,NaN
SUPER_3,5270000,83,5,5,93,50,33,6.6
SUPER_3,5280000,111,4,6,121,54,57,9.8
SUPER_3,5290000,12,2,2,16,7,5,2.5
SUPER_3,5300000,132,7,6,145,74,58,11.076923
SUPER_3,5310000,99,8,9,116,57,42,7.1764708
SUPER_3,5320000,14,3,3,20,6,8,2.8333333
SUPER_3,5330000,3,0,0,3,2,1,NaN
SUPER_3,5340000,1,0,0,1,1,0,NaN
SUPER_3,5350000,0,0,0,0,0,0,0
SUPER_3,5360000,0,0,0,0,0,0,0
SUPER_3,5370000,4,0,1,5,3,1,1
SUPER_3,5380000,1,0,0,1,1,0,NaN
SUPER_3,5390000,3,0,0,3,1,2,NaN
SUPER_3,5400000,1,0,0,1,0,1,NaN
SUPER_3,5410000,73,6,0,79,38,35,3.6666667
SUPER_3,5420000,106,2,5,113,64,42,14.142858
SUPER_3,5430000,41,3,2,46,24,17,91.6
SUPER_3,5440000,101,8,11,120,44,57,16.263159
SUPER_3,5450000,77,6,6,89,43,34,5.3333335
SUPER_3,5460000,125,8,14,147,57,68,5.181818
SUPER_3,5470000,125,7,5,137,72,53,12.083333
SUPER_3,5480000,0,1,0,1,0,0,2
SUPER_3,5490000,102,8,5,115,49,53,5.6153846
SUPER_3,5500000,149,7,14,170,83,66,8.285714
SUPER_3,5510000,111,7,12,130,57,54,5.9473686
SUPER_3,5520000,94,6,3,103,50,44,5.111111
SUPER_3,5530000,1,0,0,1,1,0,NaN
SUPER_3,5540000,0,0,0,0,0,0,0
SUPER_3,5550000,0,0,0,0,0,0,0
SUPER_3,5560000,0,0,0,0,0,0,0
SUPER_3,5570000,140,4,5,149,71,69,27.333334
SUPER_3,5580000,5,0,0,5,3,2,NaN
SUPER_3,5590000,5,1,0,6,4,1,2
SUPER_3,5600000,1,1,1,3,0,1,1
SUPER_3,5610000,38,3,3,44,18,20,2
SUPER_3,5620000,217,6,18,241,118,99,8.416667
SUPER_3,5630000,81,5,4,90,47,34,4.111111
SUPER_3,5640000,89,11,4,104,47,42,8.466666
SUPER_3,5650000,141,4,5,150,85,56,4.888889
SUPER_3,5660000,35,2,3,40,20,15,2.6
SUPER_3,5670000,62,2,3,67,33,29,1.6
SUPER_3,5680000,67,3,8,78,29,38,3.6363637
SUPER_3,5690000,74,2,5,81,36,38,20.714285
SUPER_3,5700000,145,9,10,164,74,71,5
SUPER_3,5710000,122,9,9,140,58,64,27.61111
SUPER_3,5720000,129,7,8,144,77,52,11.933333
SUPER_3,5730000,33,2,2,37,16,17,4.5
SUPER_3,5740000,82,4,9,95,34,48,4.6153846
SUPER_3,5750000,6,1,0,7,2,4,1
SUPER_3,5760000,0,0,1,1,0,0,18
SUPER_3,5770000,1,0,0,1,1,0,NaN
SUPER_3,5780000,0,0,0,0,0,0,0
SUPER_3,5790000,0,0,0,0,0,0,0
SUPER_3,5800000,7,0,0,7,3,4,NaN
SUPER_3,5810000,2,0,0,2,1,1,NaN
SUPER_3,5820000,5,0,1,6,1,4,5
SUPER_3,5830000,86,7,1,94,41,45,2.625
SUPER_3,5840000,22,2,1,25,10,12,3.3333333
SUPER_3,5850000,117,7,7,131,70,47,14.285714
SUPER_3,5860000,226,6,17,249,121,105,4.7391305
SUPER_3,5870000,135,11,12,158,70,65,10.695652
SUPER_3,5880000,50,3,4,57,26,24,18.142857
SUPER_3,5890000,123,6,5,134,66,57,4.4545455
SUPER_3,5900000,148,10,10,168,78,70,6.65
SUPER_3,5910000,16,2,2,20,10,6,11.75
SUPER_3,5920000,22,0,1,23,11,11,1
SUPER_3,5930000,91,4,3,98,44,47,6.428571
SUPER_3,5940000,132,9,9,150,74,58,7.5
SUPER_3,5950000,171,8,9,188,84,87,5.5882354
SUPER_3,5960000,79,4,4,87,37,42,6.875
SUPER_3,5970000,6,0,0,6,3,3,NaN
SUPER_3,5980000,0,1,0,1,0,0,1
SUPER_3,5990000,4,2,0,6,3,1,1.5
SUPER_3,6000000,4,0,0,4,2,2,NaN
SUPER_3,6010000,4,1,0,5,0,4,1
SUPER_3,6020000,12,2,1,15,5,7,7
SUPER_3,6030000,80,4,5,89,46,34,3.6666667
SUPER_3,6040000,87,7,5,99,46,41,20.75
SUPER_3,6050000,97,9,4,110,52,45,4
SUPER_3,6060000,131,7,9,147,66,65,27.9375
SUPER_3,6070000,80,7,6,93,40,40,4.5384617
SUPER_3,6080000,138,6,6,150,75,63,10.25
SUPER_3,6090000,2,0,0,2,1,1,NaN
SUPER_3,6100000,3,0,0,3,2,1,NaN
SUPER_3,6110000,2,0,0,2,1,1,NaN
SUPER_3,6120000,5,1,0,6,2,3,8
SUPER_3,6130000,4,0,0,4,2,2,NaN
SUPER_3,6140000,28,1,4,33,22,6,1.6
SUPER_3,6150000,138,8,8,154,70,68,5.25
SUPER_3,6160000,71,4,4,79,31,40,5.5
SUPER_3,6170000,211,7,13,231,117,94,5.2
SUPER_3,6180000,0,0,0,0,0,0,0
SUPER_3,6190000,0,0,0,0,0,0,0
SUPER_3,6200000,125,9,4,138,69,56,7.4615383
SUPER_3,6210000,79,6,8,93,37,42,4.928571
SUPER_3,6220000,136,5,10,151,76,60,57.066666
SUPER_3,6230000,89,7,5,101,47,42,6.0833335
SUPER_3,6240000,2,0,0,2,0,2,NaN
SUPER_3,6250000,1,0,0,1,1,0,NaN
SUPER_3,6260000,2,1,0,3,1,1,6
SUPER_3,6270000,2,0,0,2,1,1,NaN
SUPER_3,6280000,140,10,9,159,71,69,7.105263
SUPER_3,6290000,2,0,0,2,1,1,NaN
SUPER_3,6300000,1,0,0,1,1,0,NaN
SUPER_3,6310000,6,1,0,7,2,4,2
SUPER_3,6320000,2,0,2,4,1,1,157
SUPER_3,6330000,1,0,0,1,0,1,NaN
SUPER_3,6340000,2,1,1,4,1,1,1.5
SUPER_3,6350000,81,1,5,87,46,35,2.6666667
SUPER_3,6360000,10,2,1,13,7,3,2.3333333
SUPER_3,6370000,138,5,6,149,88,50,3.909091
SUPER_3,6380000,0,0,0,0,0,0,0
SUPER_3,6390000,0,0,0,0,0,0,0
SUPER_3,6400000,106,4,8,118,59,47,3.4166667
SUPER_3,6410000,150,8,12,170,67,83,8.05
SUPER_3,6420000,42,5,2,49,27,15,6.714286
SUPER_3,6430000,65,2,4,71,31,34,9.666667
SUPER_3,6440000,173,10,13,196,84,89,8.130435
SUPER_3,6450000,90,2,7,99,59,31,3.7777777
SUPER_3,6460000,142,14,10,166,72,70,7.7916665
SUPER_3,6470000,167,8,17,192,79,88,8.08
SUPER_3,6480000,75,2,4,81,44,31,11.166667
SUPER_3,6490000,41,4,2,47,21,20,4.3333335
SUPER_3,6500000,144,4,9,157,72,72,31.23077
SUPER_3,6510000,243,14,18,275,150,93,3.875
SUPER_3,6520000,22,0,0,22,9,13,NaN
SUPER_3,6530000,11,4,1,16,4,7,3.2
SUPER_3,6540000,172,6,10,188,88,84,3.375
SUPER_3,6550000,238,21,18,277,121,117,12.282051
SUPER_3,6560000,73,9,6,88,36,37,19.733334
SUPER_3,6570000,120,12,12,144,61,59,6.2083335
SUPER_3,6580000,105,11,5,121,58,47,3.625
SUPER_3,6590000,112,7,8,127,72,40,9.333333
SUPER_3,6600000,157,4,12,173,92,65,10.6875
SUPER_3,6610000,176,6,6,188,87,89,4.1666665
SUPER_3,6620000,105,5,8,118,54,51,6.5384617
SUPER_3,6630000,90,4,6,100,50,40,35.9
SUPER_3,6640000,160,7,14,181,84,76,3.952381
SUPER_3,6650000,47,3,2,52,24,23,1.4
SUPER_3,6660000,47,4,3,54,24,23,7.428571
SUPER_3,6670000,47,4,4,55,18,29,5
SUPER_3,6680000,4,0,0,4,3,1,NaN
SUPER_3,6690000,116,7,7,130,66,50,24.714285
SUPER_3,6700000,78,4,6,88,49,29,6.2
SUPER_3,6710000,154,14,7,175,80,74,5.1904764
SUPER_3,6720000,9,0,0,9,1,8,NaN
SUPER_3,6730000,34,0,1,35,17,17,1
SUPER_3,6740000,29,4,5,38,12,17,5.6666665
SUPER_3,6750000,6,2,2,10,2,4,1
SUPER_3,6760000,12,1,0,13,4,8,13
SUPER_3,6770000,5,0,2,7,4,1,12
SUPER_3,6780000,14,1,2,17,5,9,1
SUPER_3,6790000,0,0,0,0,0,0,0
SUPER_3,6800000,0,0,0,0,0,0,0
SUPER_3,6810000,23,1,3,27,8,15,1
SUPER_3,6820000,128,8,5,141,72,56,5.5384617
SUPER_3,6830000,66,4,5,75,36,30,17.444445
SUPER_3,6840000,27,2,2,31,16,11,11.25
SUPER_3,6850000,71,4,5,80,33,38,4.5555553
SUPER_3,6860000,61,4,5,70,30,31,3.7777777
SUPER_3,6870000,86,8,10,104,49,37,5.8333335
SUPER_3,6880000,130,13,9,152,69,61,7.8636365
SUPER_3,6890000,120,10,6,136,60,60,9.1875
SUPER_3,6900000,124,7,14,145,60,64,4.285714
SUPER_3,6910000,137,14,12,163,67,70,8.423077
SUPER_3,6920000,80,11,4,95,40,40,6.0666666
SUPER_3,6930000,141,9,10,160,82,59,18
SUPER_3,6940000,240,9,15,264,129,111,9.375
SUPER_3,6950000,122,17,6,145,60,62,8
SUPER_3,6960000,55,2,3,60,31,24,2.8
SUPER_3,6970000,96,6,4,106,54,42,18.3
SUPER_3,6980000,91,4,2,97,48,43,4.1666665
SUPER_3,6990000,76,8,7,91,40,36,14.733334
SUPER_3,7000000,91,6,5,102,44,47,22.636364
SUPER_3,7010000,219,16,12,247,111,108,9.357142
SUPER_3,7020000,156,12,16,184,79,77,12
SUPER_3,7030000,66,5,1,72,35,31,2.3333333
SUPER_3,7040000,4,0,0,4,2,2,NaN
SUPER_3,7050000,93,5,7,105,44,49,124.25
SUPER_3,7060000,131,10,14,155,68,63,8.25
SUPER_3,7070000,177,12,13,202,101,76,13.76
SUPER_3,7080000,1,0,0,1,1,0,NaN
SUPER_3,7090000,10,0,0,10,8,2,NaN
SUPER_3,7100000,2,0,0,2,1,1,NaN
SUPER_3,7110000,2,0,0,2,0,2,NaN
SUPER_3,7120000,1,0,0,1,1,0,NaN
SUPER_3,7130000,2,0,0,2,0,2,NaN
SUPER_3,7140000,15,0,3,18,8,7,5.3333335
SUPER_3,7150000,218,13,20,251,105,113,22.69697
SUPER_3,7160000,115,8,11,134,62,53,2.7894738
SUPER_3,7170000,144,10,15,169,75,69,12.92
SUPER_3,7180000,41,0,2,43,17,24,16.5
SUPER_3,7190000,161,6,11,178,85,76,30.235294
SUPER_3,7200000,138,14,12,164,62,76,8.769231
SUPER_3,7210000,34,2,2,38,17,17,6.5
SUPER_3,7220000,178,13,12,203,88,90,11.84
SUPER_3,7230000,34,4,1,39,16,18,2
SUPER_3,7240000,0,0,2,2,0,0,1.5
SUPER_3,7250000,2,0,2,4,0,2,7.5
SUPER_3,7260000,10,0,0,10,3,7,NaN
SUPER_3,7270000,3,0,0,3,0,3,NaN
SUPER_3,7280000,3,0,1,4,1,2,29
SUPER_3,7290000,87,1,6,94,50,37,1.7142857
SUPER_3,7300000,122,8,11,141,69,53,8.052631
SUPER_3,7310000,107,4,5,116,52,55,7.4444447
SUPER_3,7320000,76,1,5,82,42,34,1.8333334
SUPER_3,7330000,1,0,0,1,1,0,NaN
SUPER_3,7340000,38,1,0,39,18,20,1
SUPER_3,7350000,44,4,3,51,22,22,6.714286
SUPER_3,7360000,76,4,1,81,41,35,1.4
SUPER_3,7370000,26,2,2,30,14,12,4.75
SUPER_3,7380000,80,6,5,91,40,40,7.909091
SUPER_3,7390000,56,3,4,63,28,28,6.714286
SUPER_3,7400000,0,0,0,0,0,0,0
SUPER_3,7410000,0,0,0,0,0,0,0
SUPER_3,7420000,28,2,4,34,17,11,2.8333333
SUPER_3,7430000,15,2,1,18,6,9,2.3333333
SUPER_3,7440000,70,4,6,80,42,28,6.5
SUPER_3,7450000,191,7,20,218,100,91,4.3703704
SUPER_3,7460000,47,2,5,54,27,20,6.142857
SUPER_3,7470000,47,1,0,48,29,18,31
SUPER_3,7480000,59,3,5,67,23,36,6.875
SUPER_3,7490000,3,1,0,4,3,0,11
SUPER_3,7500000,3,1,0,4,2,1,2
SUPER_3,7510000,1,1,0,2,1,0,1
SUPER_3,7520000,1,0,1,2,1,0,2
SUPER_3,7530000,3,0,1,4,1,2,12
SUPER_3,7540000,1,0,0,1,0,1,NaN
SUPER_3,7550000,3,0,0,3,3,0,NaN
SUPER_3,7560000,0,1,0,1,0,0,38
SUPER_3,7570000,2,2,0,4,1,1,5
SUPER_3,7580000,2,0,1,3,0,2,2
SUPER_3,7590000,0,0,0,0,0,0,0
SUPER_3,7600000,0,0,0,0,0,0,0
SUPER_3,7610000,5,1,0,6,3,2,2
SUPER_3,7620000,5,2,0,7,3,2,1
SUPER_3,7630000,1,1,1,3,0,1,1
SUPER_3,7640000,5,0,0,5,4,1,NaN
SUPER_3,7650000,1,0,1,2,1,0,102
SUPER_3,7660000,2,0,0,2,2,0,NaN
SUPER_3,7670000,1,0,0,1,1,0,NaN
SUPER_3,7680000,24,7,0,31,13,11,5.571429
SUPER_3,7690000,71,9,2,82,37,34,7.5454545
SUPER_3,7700000,2,0,0,2,0,2,NaN
SUPER_3,7710000,0,0,0,0,0,0,0
SUPER_3,7720000,0,0,0,0,0,0,0
SUPER_3,7730000,6,2,1,9,2,4,23
SUPER_3,7740000,3,1,0,4,2,1,2
SUPER_3,7750000,4,1,1,6,2,2,1.5
SUPER_3,7760000,0,1,0,1,0,0,1
SUPER_3,7770000,5,1,0,6,3,2,10
SUPER_3,7780000,0,1,0,1,0,0,2
SUPER_3,7790000,1,1,0,2,1,0,7
SUPER_3,7800000,1,0,0,1,1,0,NaN
SUPER_3,7810000,81,6,5,92,48,33,8.909091
SUPER_3,7820000,97,10,10,117,50,47,12.45
SUPER_3,7830000,32,1,2,35,15,17,1
SUPER_3,7840000,102,6,7,115,39,63,7
SUPER_3,7850000,114,7,16,137,48,66,5.5652175
SUPER_3,7860000,62,5,2,69,36,26,2
SUPER_3,7870000,59,7,10,76,31,28,12.588235
SUPER_3,7880000,18,1,1,20,9,9,24.5
SUPER_3,7890000,22,8,5,35,10,12,14.769231
SUPER_3,7900000,1,0,0,1,0,1,NaN
SUPER_3,7910000,2,0,0,2,2,0,NaN
SUPER_3,7920000,100,5,13,118,53,47,8.055555
SUPER_3,7930000,142,14,10,166,71,71,3.75
SUPER_3,7940000,64,6,5,75,33,31,5.181818
SUPER_3,7950000,157,14,16,187,89,68,6.5333333
SUPER_3,7960000,4,0,1,5,3,1,1
SUPER_3,7970000,0,0,0,0,0,0,0
SUPER_3,7980000,0,0,0,0,0,0,0
SUPER_3,7990000,3,1,0,4,1,2,1
SUPER_3,8000000,1,0,0,1,0,1,NaN
SUPER_3,8010000,35,4,4,43,15,20,18.625
SUPER_3,8020000,77,7,5,89,38,39,25.583334
SUPER_3,8030000,125,7,8,140,52,73,4.2
SUPER_3,8040000,104,11,5,120,50,54,15.75
SUPER_3,8050000,92,7,5,104,43,49,9.166667
SUPER_3,8060000,171,9,12,192,90,81,9.333333
SUPER_3,8070000,15,2,3,20,9,6,7.8
SUPER_3,8080000,130,11,7,148,70,60,8.777778
SUPER_3,8090000,59,7,6,72,29,30,14.692307
SUPER_3,8100000,67,8,4,79,31,36,2.4166667
SUPER_3,8110000,0,0,0,0,0,0,0
SUPER_3,8120000,0,0,0,0,0,0,0
SUPER_3,8130000,138,13,23,174,58,80,5.25
SUPER_3,8140000,153,17,20,190,71,82,16.324324
SUPER_3,8150000,110,9,9,128,47,63,4.4444447
SUPER_3,8160000,105,10,9,124,50,55,7.2105265
SUPER_3,8170000,99,8,7,114,52,47,10.4
SUPER_3,8180000,48,5,3,56,28,20,6.125
SUPER_3,8190000,68,5,6,79,30,38,6.5454545
SUPER_3,8200000,32,2,4,38,10,22,3.3333333
SUPER_3,8210000,45,4,1,50,26,19,2.8
SUPER_3,8220000,111,8,10,129,51,60,7.611111
SUPER_3,8230000,137,10,13,160,69,68,3.2608695
SUPER_3,8240000,87,7,5,99,53,34,10.333333
SUPER_3,8250000,70,7,7,84,32,38,9.714286
SUPER_3,8260000,55,1,9,65,30,25,9.2
SUPER_3,8270000,119,4,7,130,67,52,31.818182
SUPER_3,8280000,68,3,4,75,31,37,26.285715
SUPER_3,8290000,3,1,0,4,2,1,1
SUPER_3,8300000,6,0,0,6,2,4,NaN
SUPER_3,8310000,52,4,4,60,18,34,6
SUPER_3,8320000,36,2,0,38,21,15,5.5
SUPER_3,8330000,117,13,12,142,61,56,14.72
SUPER_3,8340000,120,11,12,143,62,58,5.826087
SUPER_3,8350000,162,16,10,188,72,90,8.538462
SUPER_3,8360000,74,8,4,86,38,36,4.3333335
SUPER_3,8370000,80,2,5,87,49,31,9.857142
SUPER_3,8380000,104,9,7,120,54,50,13
SUPER_3,8390000,21,1,1,23,13,8,7.5
SUPER_3,8400000,154,14,4,172,80,74,6
SUPER_3,8410000,136,6,10,152,75,61,6.25
SUPER_3,8420000,118,7,6,131,55,63,7.5384617
SUPER_3,8430000,86,3,7,96,44,42,32.4
SUPER_3,8440000,127,10,8,145,74,53,8.222222
SUPER_3,8450000,0,0,1,1,0,0,1
SUPER_3,8460000,55,7,2,64,34,21,9.777778
SUPER_3,8470000,135,4,16,155,71,64,3.65
SUPER_3,8480000,66,4,5,75,36,30,11.888889
SUPER_3,8490000,82,6,6,94,54,28,5.0833335
SUPER_3,8500000,121,10,10,141,58,63,9.2
SUPER_3,8510000,166,11,16,193,80,86,2.4074075
SUPER_3,8520000,90,3,3,96,53,37,5
SUPER_3,8530000,137,8,14,159,86,51,8.909091
SUPER_3,8540000,35,2,2,39,11,24,17.75
SUPER_3,8550000,11,0,0,11,7,4,NaN
SUPER_3,8560000,74,4,4,82,33,41,3.75
SUPER_3,8570000,152,9,6,167,83,69,7.6666665
SUPER_3,8580000,8,2,0,10,5,3,17
SUPER_3,8590000,71,7,3,81,35,36,7.5
SUPER_3,8600000,210,15,16,241,125,85,7.354839
SUPER_3,8610000,163,8,8,179,89,74,4.625
SUPER_3,8620000,36,3,4,43,16,20,5.857143
SUPER_3,8630000,106,4,9,119,56,50,25.307692
SUPER_3,8640000,66,5,2,73,36,30,2.857143
SUPER_3,8650000,138,10,8,156,78,60,39.833332
SUPER_3,8660000,123,9,5,137,64,59,44.57143
SUPER_3,8670000,82,7,1,90,43,39,8.25
SUPER_3,8680000,79,7,4,90,41,38,4.181818
SUPER_3,8690000,155,8,11,174,77,78,6.3157897
SUPER_3,8700000,28,1,1,30,13,15,3.5
SUPER_3,8710000,36,3,1,40,16,20,11
SUPER_3,8720000,195,9,12,216,90,105,5.714286
SUPER_3,8730000,78,8,5,91,34,44,8.692307
SUPER_3,8740000,83,5,5,93,42,41,3.7
SUPER_3,8750000,57,3,1,61,36,21,3.25
SUPER_3,8760000,36,1,2,39,15,21,3.3333333
SUPER_3,8770000,158,10,13,181,87,71,12.391304
SUPER_3,8780000,114,13,8,135,59,55,13.190476
SUPER_3,8790000,36,2,2,40,24,12,1.75
SUPER_3,8800000,46,4,10,60,28,18,16.142857
SUPER_3,8810000,76,6,4,86,29,47,20
SUPER_3,8820000,141,10,11,162,74,67,5.952381
SUPER_3,8830000,37,1,2,40,19,18,1.3333334
SUPER_3,8840000,1,0,0,1,0,1,NaN
SUPER_3,8850000,2,0,0,2,1,1,NaN
SUPER_3,8860000,17,1,1,19,6,11,5.5
SUPER_3,8870000,4,0,1,5,4,0,14
SUPER_3,8880000,2,1,0,3,1,1,4
SUPER_3,8890000,3,0,0,3,1,2,NaN
SUPER_3,8900000,1,0,0,1,1,0,NaN
SUPER_3,8910000,3,0,0,3,3,0,NaN
SUPER_3,8920000,67,5,3,75,43,24,1.75
SUPER_3,8930000,146,6,12,164,66,80,6.6666665
SUPER_3,8940000,80,4,10,94,44,36,8.071428
SUPER_3,8950000,123,8,10,141,63,60,6.888889
SUPER_3,8960000,3,0,0,3,1,2,NaN
SUPER_3,8970000,1,0,0,1,1,0,NaN
SUPER_3,8980000,37,4,2,43,12,25,7.1666665
SUPER_3,8990000,112,11,8,131,61,51,3.8947368
SUPER_3,9000000,60,4,6,70,23,37,4.4
SUPER_3,9010000,0,0,0,0,0,0,0
SUPER_3,9020000,0,0,0,0,0,0,0
SUPER_3,9030000,11,0,0,11,4,7,NaN
SUPER_3,9040000,0,0,0,0,0,0,0
SUPER_3,9050000,0,0,0,0,0,0,0
SUPER_3,9060000,2,0,1,3,2,0,1
SUPER_3,9070000,1,0,0,1,0,1,NaN
SUPER_3,9080000,0,1,0,1,0,0,1
SUPER_3,9090000,13,1,1,15,6,7,1.5
SUPER_3,9100000,118,6,6,130,73,45,7.25
SUPER_3,9110000,11,1,2,14,7,4,1.6666666
SUPER_3,9120000,36,8,3,47,18,18,5.909091
SUPER_3,9130000,85,5,6,96,44,41,13.727273
SUPER_3,9140000,138,8,8,154,66,72,4.875
SUPER_3,9150000,146,5,9,160,77,69,5.214286
SUPER_3,9160000,39,0,2,41,24,15,15.5
SUPER_3,9170000,41,6,2,49,29,12,6.125
SUPER_3,9180000,10,0,0,10,7,3,NaN
SUPER_3,9190000,43,0,4,47,26,17,22
SUPER_3,9200000,79,3,6,88,37,42,9.555555
SUPER_3,9210000,4,1,1,6,4,0,11
SUPER_3,9220000,1,0,0,1,1,0,NaN
SUPER_3,9230000,0,0,1,1,0,0,11
SUPER_3,9240000,1,0,1,2,0,1,1
SUPER_3,9250000,3,0,0,3,1,2,NaN
SUPER_3,9260000,1,0,0,1,0,1,NaN
SUPER_3,9270000,1,0,0,1,0,1,NaN
SUPER_3,9280000,2,0,1,3,0,2,1
SUPER_3,9290000,3,0,1,4,1,2,2
SUPER_3,9300000,1,0,0,1,0,1,NaN
SUPER_3,9310000,4,0,1,5,2,2,1
SUPER_3,9320000,4,1,0,5,2,2,1
SUPER_3,9330000,3,0,0,3,1,2,NaN
SUPER_3,9340000,2,2,0,4,0,2,5
SUPER_3,9350000,2,0,0,2,2,0,NaN
SUPER_3,9360000,12,2,0,14,5,7,2
SUPER_3,9370000,15,1,0,16,6,9,1
SUPER_3,9380000,15,3,3,21,7,8,2.8333333
SUPER_3,9390000,12,3,2,17,9,3,3
SUPER_3,9400000,157,15,17,189,74,83,7.09375
SUPER_3,9410000,68,6,5,79,27,41,3.4545455
SUPER_3,9420000,18,1,0,19,9,9,1
SUPER_3,9430000,116,3,8,127,63,53,11
SUPER_3,9440000,126,11,11,148,65,61,18.59091
SUPER_3,9450000,40,0,1,41,21,19,4
SUPER_3,9460000,66,4,7,77,40,26,3.4545455
SUPER_3,9470000,27,5,2,34,18,9,11.857142
SUPER_3,9480000,45,2,5,52,21,24,9.571428
SUPER_3,9490000,82,2,6,90,44,38,5.875
SUPER_3,9500000,121,8,9,138,46,75,9.058824
SUPER_3,9510000,147,15,6,168,69,78,28.095238
SUPER_3,9520000,150,8,7,165,69,81,9.6
SUPER_3,9530000,109,4,9,122,63,46,2.6153846
SUPER_3,9540000,53,3,6,62,27,26,2.8888888
SUPER_3,9550000,166,8,19,193,77,89,10.333333
SUPER_3,9560000,132,5,5,142,55,77,14.9
SUPER_3,9570000,83,7,7,97,34,49,4.357143
SUPER_3,9580000,109,6,7,122,50,59,10.615385
SUPER_3,9590000,84,8,7,99,42,42,26.466667
SUPER_3,9600000,149,19,8,176,70,79,5.185185
SUPER_3,9610000,65,4,4,73,35,30,2.5
SUPER_3,9620000,135,9,11,155,70,65,5.4
SUPER_3,9630000,21,2,2,25,11,10,25
SUPER_3,9640000,88,6,4,98,43,45,4.9
SUPER_3,9650000,35,3,3,41,15,20,8.166667
SUPER_3,9660000,24,3,4,31,10,14,5.714286
SUPER_3,9670000,119,11,12,142,59,60,9.26087
SUPER_3,9680000,104,8,7,119,52,52,2.4
SUPER_3,9690000,165,18,14,197,76,89,8.0625
SUPER_3,9700000,28,3,3,34,14,14,27.666666
SUPER_3,9710000,36,3,4,43,15,21,2.7142856
SUPER_3,9720000,89,6,4,99,51,38,47.9
SUPER_3,9730000,82,4,10,96,36,46,5.928571
SUPER_3,9740000,107,7,9,123,53,54,12.875
SUPER_3,9750000,43,5,3,51,23,20,4.5
SUPER_3,9760000,65,8,4,77,32,33,13.916667
SUPER_3,9770000,126,13,9,148,72,54,39.590908
SUPER_3,9780000,23,2,2,27,12,11,8.5
SUPER_3,9790000,16,0,1,17,13,3,1
SUPER_3,9800000,20,1,2,23,11,9,1.3333334
SUPER_3,9810000,31,2,2,35,19,12,1.5
SUPER_3,9820000,22,2,1,25,10,12,1
SUPER_3,9830000,31,4,2,37,22,9,9
SUPER_3,9840000,115,6,10,131,47,68,4.1875
SUPER_3,9850000,3,0,1,4,1,2,22
SUPER_3,9860000,109,9,4,122,59,50,5.6153846
SUPER_3,9870000,40,3,2,45,20,20,2.2
SUPER_3,9880000,156,16,18,190,85,71,7.5882354
SUPER_3,9890000,31,4,3,38,17,14,18.285715
SUPER_3,9900000,1,0,0,1,1,0,NaN
SUPER_3,9910000,1,0,0,1,1,0,NaN
SUPER_3,9920000,37,1,4,42,12,25,17.4
SUPER_3,9930000,20,4,0,24,11,9,2
SUPER_3,9940000,45,1,8,54,17,28,4
SUPER_3,9950000,97,10,7,114,45,52,10.058824
SUPER_3,9960000,1,0,0,1,1,0,NaN
SUPER_3,9970000,127,6,8,141,64,63,6.214286
SUPER_3,9980000,79,6,6,91,34,45,13.416667
SUPER_3,9990000,56,5,5,66,30,26,4.4
SUPER_3,10000000,101,9,11,121,48,53,6.2
SUPER_3,10010000,114,12,11,137,61,53,6.2173915
SUPER_3,10020000,92,7,7,106,53,39,5
SUPER_3,10030000,82,8,10,100,46,36,7.3333335
SUPER_3,10040000,96,7,8,111,48,48,10.533334
SUPER_3,10050000,148,11,10,169,64,84,7.047619
SUPER_3,10060000,100,5,7,112,58,42,12
SUPER_3,10070000,42,4,2,48,20,22,9.666667
SUPER_3,10080000,62,3,4,69,28,34,6.714286
SUPER_3,10090000,89,4,2,95,42,47,4.6666665
SUPER_3,10100000,21,2,1,24,9,12,10
SUPER_3,10110000,5,0,2,7,4,1,16.5
SUPER_3,10120000,127,10,11,148,61,66,11.047619
SUPER_3,10130000,107,13,5,125,58,49,4.2222223
SUPER_3,10140000,60,0,6,66,31,29,6.1666665
SUPER_3,10150000,180,14,13,207,84,96,4.148148
SUPER_3,10160000,47,3,2,52,21,26,6.6
SUPER_3,10170000,104,15,9,128,46,58,9.208333
SUPER_3,10180000,143,6,14,163,67,76,59.9
SUPER_3,10190000,115,8,6,129,65,50,7.571429
SUPER_3,10200000,80,7,11,98,46,34,27.5
SUPER_3,10210000,48,2,4,54,25,23,2.8333333
SUPER_3,10220000,106,11,8,125,59,47,7.3157897
SUPER_3,10230000,90,5,9,104,40,50,6.357143
SUPER_3,10240000,167,12,8,187,88,79,16.3
SUPER_3,10250000,110,18,14,142,60,50,6.625
SUPER_3,10260000,59,4,5,68,36,23,18.222221
SUPER_3,10270000,149,15,10,174,81,68,3.88
SUPER_3,10280000,24,3,0,27,13,11,9
SUPER_3,10290000,47,5,2,54,25,22,5.571429
SUPER_3,10300000,104,8,6,118,56,48,4.5
SUPER_3,10310000,72,8,8,88,32,40,5.125
SUPER_3,10320000,1,1,1,3,0,1,11
SUPER_3,10330000,5,2,1,8,2,3,3
SUPER_3,10340000,72,5,5,82,35,37,5.6
SUPER_3,10350000,148,9,15,172,77,71,6.7916665
SUPER_3,10360000,58,3,4,65,28,30,9.142858
SUPER_3,10370000,106,6,5,117,56,50,15.363636
SUPER_3,10380000,79,4,9,92,39,40,3.6923077
SUPER_3,10390000,119,7,8,134,71,48,21.333334
SUPER_3,10400000,116,10,10,136,63,53,7.2
SUPER_3,10410000,85,11,10,106,40,45,11.523809
SUPER_3,10420000,143,7,14,164,72,71,9.857142
SUPER_3,10430000,86,5,8,99,43,43,26.76923
SUPER_3,10440000,50,4,7,61,21,29,4.5454545
SUPER_3,10450000,40,4,4,48,18,22,6.125
SUPER_3,10460000,163,8,15,186,86,77,7.347826
SUPER_3,10470000,194,15,18,227,94,100,3.8181818
SUPER_3,10480000,48,3,3,54,19,29,132.83333
SUPER_3,10490000,72,8,7,87,35,37,13.466666
SUPER_3,10500000,66,7,2,75,40,26,9.555555
SUPER_3,10510000,87,15,11,113,39,48,5.730769
SUPER_3,10520000,64,7,6,77,34,30,6
SUPER_3,10530000,84,6,6,96,39,45,2.8333333
SUPER_3,10540000,88,3,9,100,41,47,44.666668
SUPER_3,10550000,109,6,8,123,54,55,9.571428
SUPER_3,10560000,185,11,10,206,98,87,8
SUPER_3,10570000,108,7,15,130,53,55,10.045455
SUPER_3,10580000,98,6,6,110,44,54,4.9166665
SUPER_3,10590000,99,5,7,111,60,39,6.9166665
SUPER_3,10600000,163,16,12,191,91,72,6.25
SUPER_3,10610000,151,7,7,165,66,85,15.428572
SUPER_3,10620000,27,3,2,32,18,9,4.6
SUPER_3,10630000,137,12,14,163,72,65,6.1923075
SUPER_3,10640000,128,3,13,144,64,64,3.125
SUPER_3,10650000,139,6,7,152,74,65,4.5384617
SUPER_3,10660000,2,0,1,3,1,1,1
SUPER_3,10670000,10,1,3,14,8,2,4.25
SUPER_3,10680000,9,0,0,9,8,1,NaN
SUPER_3,10690000,4,0,2,6,3,1,5
SUPER_3,10700000,1,3,0,4,1,0,2
SUPER_3,10710000,64,5,3,72,23,41,5.125
SUPER_3,10720000,1,0,0,1,0,1,NaN
SUPER_3,10730000,1,0,0,1,0,1,NaN
SUPER_3,10740000,18,1,4,23,7,11,4.2
SUPER_3,10750000,170,13,18,201,81,89,7.096774
SUPER_3,10760000,158,19,11,188,71,87,3.9333334
SUPER_3,10770000,96,6,4,106,49,47,8.6
SUPER_3,10780000,85,11,6,102,52,33,6
SUPER_3,10790000,8,0,0,8,4,4,NaN
SUPER_3,10800000,78,9,6,93,39,39,3.1333334
SUPER_3,10810000,162,9,7,178,80,82,4.375
SUPER_3,10820000,27,2,1,30,12,15,2.6666667
SUPER_3,10830000,124,10,6,140,63,61,4.875
SUPER_3,10840000,60,4,8,72,30,30,6.5833335
SUPER_3,10850000,95,5,3,103,44,51,7
SUPER_3,10860000,75,7,2,84,38,37,4.4444447
SUPER_3,10870000,26,0,3,29,20,6,2.3333333
SUPER_3,10880000,10,0,0,10,8,2,NaN
SUPER_3,10890000,1,0,0,1,1,0,NaN
SUPER_3,10900000,0,0,0,0,0,0,0
SUPER_3,10910000,0,0,0,0,0,0,0
SUPER_3,10920000,59,6,7,72,29,30,8.153846
SUPER_3,10930000,123,12,12,147,59,64,5.4166665
SUPER_3,10940000,39,3,4,46,21,18,7.285714
SUPER_3,10950000,109,10,13,132,56,53,16.173914
SUPER_3,10960000,25,1,3,29,13,12,11
SUPER_3,10970000,2,1,1,4,1,1,1
SUPER_3,10980000,1,0,0,1,0,1,NaN
SUPER_3,10990000,90,3,3,96,39,51,2.3333333
SUPER_3,11000000,129,12,8,149,63,66,4.4
SUPER_3,11010000,55,3,1,59,29,26,6.5
SUPER_3,11020000,68,4,5,77,31,37,7.3333335
SUPER_3,11030000,127,15,10,152,58,69,6.76
SUPER_3,11040000,149,10,13,172,80,69,25.173914
SUPER_3,11050000,56,3,5,64,30,26,3.375
SUPER_3,11060000,97,6,9,112,46,51,33.266666
SUPER_3,11070000,93,6,10,109,38,55,3.125
SUPER_3,11080000,25,2,2,29,16,9,6.75
SUPER_3,11090000,22,4,2,28,9,13,1.3333334
SUPER_3,11100000,1,0,0,1,1,0,NaN
SUPER_3,11110000,6,2,0,8,5,1,1.5
SUPER_3,11120000,2,0,2,4,1,1,1.5
SUPER_3,11130000,81,13,10,104,40,41,6.6086955
SUPER_3,11140000,140,11,7,158,81,59,36.11111
SUPER_3,11150000,93,5,5,103,50,43,6.4
SUPER_3,11160000,150,10,11,171,70,80,5.142857
SUPER_3,11170000,16,2,2,20,9,7,6.75
SUPER_3,11180000,144,13,12,169,75,69,13.16
SUPER_3,11190000,117,9,8,134,55,62,8.705882
SUPER_3,11200000,8,0,1,9,5,3,2
SUPER_3,11210000,107,12,7,126,49,58,5.9473686
SUPER_3,11220000,64,4,5,73,32,32,27.555555
SUPER_3,11230000,195,7,14,216,108,87,4.285714
SUPER_3,11240000,115,7,3,125,52,63,30.3
SUPER_3,11250000,99,4,7,110,47,52,9.181818
SUPER_3,11260000,39,3,3,45,20,19,5.3333335
SUPER_3,11270000,97,2,4,103,52,45,2.8333333
SUPER_3,11280000,83,7,5,95,38,45,6.75
SUPER_3,11290000,116,9,8,133,59,57,3.235294
SUPER_3,11300000,42,3,2,47,23,19,8.4
SUPER_3,11310000,4,0,1,5,2,2,1
SUPER_3,11320000,123,15,12,150,65,58,14.62963
SUPER_3,11330000,87,8,9,104,47,40,5
SUPER_3,11340000,90,13,3,106,39,51,9.1875
SUPER_3,11350000,60,4,2,66,34,26,5.1666665
SUPER_3,11360000,56,5,3,64,27,29,2.875
SUPER_3,11370000,128,15,7,150,61,67,5.0454545
SUPER_3,11380000,77,9,8,94,45,32,5.9411764
SUPER_3,11390000,211,8,11,230,100,111,6.894737
SUPER_3,11400000,155,9,8,172,82,73,7.9411764
SUPER_3,11410000,103,8,11,122,46,57,4.3157897
SUPER_3,11420000,0,0,0,0,0,0,0
SUPER_3,11430000,0,0,0,0,0,0,0
SUPER_3,11440000,0,0,0,0,0,0,0
SUPER_3,11450000,0,0,0,0,0,0,0
SUPER_3,11460000,23,0,1,24,12,11,2
SUPER_3,11470000,2,0,0,2,1,1,NaN
SUPER_3,11480000,7,0,1,8,1,6,8
SUPER_3,11490000,89,3,7,99,48,41,7.3
SUPER_3,11500000,143,10,8,161,68,75,7.888889
SUPER_3,11510000,98,6,2,106,58,40,1.375
SUPER_3,11520000,67,3,2,72,35,32,10
SUPER_3,11530000,0,0,0,0,0,0,0
SUPER_3,11540000,0,0,0,0,0,0,0
SUPER_3,11550000,1,1,0,2,0,1,2
SUPER_3,11560000,51,5,6,62,28,23,3.6363637
SUPER_3,11570000,66,2,7,75,41,25,1.3333334
SUPER_3,11580000,94,9,5,108,49,45,17.928572
SUPER_3,11590000,90,10,5,105,38,52,6.9333334
SUPER_3,11600000,142,10,12,164,67,75,6.818182
SUPER_3,11610000,149,10,9,168,75,74,9.263158
SUPER_3,11620000,120,8,15,143,59,61,13.782609
SUPER_3,11630000,134,8,11,153,68,66,8
SUPER_3,11640000,215,21,9,245,118,97,5.3
SUPER_3,11650000,175,7,12,194,87,88,7.4736843
SUPER_3,11660000,94,9,8,111,45,49,7.8235292
SUPER_3,11670000,109,9,8,126,42,67,7.2941175
SUPER_3,11680000,132,8,17,157,55,77,9.36
SUPER_3,11690000,53,2,1,56,28,25,1.3333334
SUPER_3,11700000,159,13,13,185,81,78,19.807692
SUPER_3,11710000,179,9,25,213,88,91,5.0882354
SUPER_3,11720000,135,6,5,146,72,63,20.09091
SUPER_3,11730000,87,2,10,99,50,37,3.9166667
SUPER_3,11740000,70,8,8,86,38,32,7
SUPER_3,11750000,100,8,6,114,46,54,4.714286
SUPER_3,11760000,75,6,4,85,36,39,5.3
SUPER_3,11770000,36,3,2,41,25,11,2.4
SUPER_3,11780000,128,8,8,144,61,67,5.6875
SUPER_3,11790000,112,13,11,136,53,59,17.25
SUPER_3,11800000,50,4,5,59,28,22,2.4444444
SUPER_3,11810000,77,4,3,84,41,36,3.142857
SUPER_3,11820000,179,13,18,210,92,87,5.677419
SUPER_3,11830000,82,3,5,90,49,33,5.625
SUPER_3,11840000,74,5,7,86,40,34,4.4166665
SUPER_3,11850000,3,0,1,4,0,3,8
SUPER_3,11860000,2,0,0,2,1,1,NaN
SUPER_3,11870000,5,2,0,7,4,1,2
SUPER_3,11880000,1,0,1,2,1,0,2
SUPER_3,11890000,3,0,0,3,1,2,NaN
SUPER_3,11900000,1,0,1,2,0,1,20
SUPER_3,11910000,139,7,11,157,63,76,3.0555556
SUPER_3,11920000,120,12,7,139,56,64,4.263158
SUPER_3,11930000,0,0,0,0,0,0,0
SUPER_3,11940000,0,0,0,0,0,0,0
SUPER_3,11950000,0,0,0,0,0,0,0
SUPER_3,11960000,0,0,0,0,0,0,0
SUPER_3,11970000,65,7,5,77,29,36,14.75
SUPER_3,11980000,64,7,5,76,30,34,22.75
SUPER_3,11990000,89,5,5,99,48,41,5.5
SUPER_3,12000000,74,7,4,85,40,34,3.3636363
SUPER_3,12010000,138,17,14,169,65,73,6.354839
SUPER_3,12020000,92,15,5,112,46,46,9.35
SUPER_3,12030000,58,8,7,73,30,28,4.8
SUPER_3,12040000,125,4,9,138,61,64,8.153846
SUPER_3,12050000,68,4,3,75,31,37,6
SUPER_3,12060000,73,3,7,83,32,41,44.4
SUPER_3,12070000,49,3,4,56,31,18,6
SUPER_3,12080000,142,8,6,156,75,67,5.714286
SUPER_3,12090000,76,5,6,87,30,46,13.909091
SUPER_3,12100000,34,3,1,38,17,17,7.5
SUPER_3,12110000,106,7,4,117,50,56,7.181818
SUPER_3,12120000,90,3,9,102,59,31,4.3333335
SUPER_3,12130000,1,1,0,2,1,0,11
SUPER_3,12140000,56,5,2,63,32,24,6.571429
SUPER_3,12150000,0,0,0,0,0,0,0
SUPER_3,12160000,0,0,0,0,0,0,0
SUPER_3,12170000,11,1,1,13,8,3,11.5
SUPER_3,12180000,0,0,0,0,0,0,0
SUPER_3,12190000,0,0,0,0,0,0,0
SUPER_3,12200000,0,0,0,0,0,0,0
SUPER_3,12210000,3,0,0,3,2,1,NaN
SUPER_3,12220000,2,1,0,3,2,0,2
SUPER_3,12230000,3,1,0,4,0,3,2
SUPER_3,12240000,11,3,2,16,6,5,4.6
SUPER_3,12250000,79,6,6,91,43,36,11.583333
SUPER_3,12260000,215,15,16,246,94,121,8.387096
SUPER_3,12270000,20,0,1,21,6,14,1
SUPER_3,12280000,17,4,4,25,10,7,5
SUPER_3,12290000,34,4,5,43,15,19,6.888889
SUPER_3,12300000,158,13,9,180,84,74,8.227273
SUPER_3,12310000,118,10,10,138,54,64,4.8
SUPER_3,12320000,64,4,4,72,30,34,5.125
SUPER_3,12330000,100,6,10,116,51,49,44.6875
SUPER_3,12340000,81,7,5,93,42,39,2.8333333
SUPER_3,12350000,0,0,0,0,0,0,0
SUPER_3,12360000,0,0,0,0,0,0,0
SUPER_3,12370000,209,24,10,243,118,91,10.676471
SUPER_3,12380000,51,6,4,61,23,28,17.6
SUPER_3,12390000,115,6,8,129,64,51,6.214286
SUPER_3,12400000,86,5,7,98,39,47,8.583333
SUPER_3,12410000,66,6,1,73,35,31,34.142857
SUPER_3,12420000,47,6,3,56,26,21,5.7777777
SUPER_3,12430000,93,6,2,101,56,37,4.75
SUPER_3,12440000,26,1,1,28,12,14,7
SUPER_3,12450000,86,8,17,111,39,47,6.08
SUPER_3,12460000,26,2,0,28,10,16,16.5
SUPER_3,12470000,3,0,0,3,0,3,NaN
SUPER_3,12480000,2,0,0,2,2,0,NaN
SUPER_3,12490000,32,1,2,35,14,18,4.3333335
SUPER_3,12500000,81,5,4,90,50,31,4.2222223
SUPER_3,12510000,15,0,0,15,11,4,NaN
SUPER_3,12520000,96,9,13,118,47,49,11.545455
SUPER_3,12530000,0,0,0,0,0,0,0
SUPER_3,12540000,0,0,0,0,0,0,0
SUPER_3,12550000,57,5,4,66,35,22,5.2222223
SUPER_3,12560000,121,9,11,141,67,54,17.7
SUPER_3,12570000,133,9,2,144,64,69,2.6363637
SUPER_3,12580000,53,5,3,61,30,23,8.375
SUPER_3,12590000,112,8,9,129,65,47,7.117647
SUPER_3,12600000,70,7,3,80,28,42,19.2
SUPER_3,12610000,0,0,1,1,0,0,182
SUPER_3,12620000,2,0,0,2,1,1,NaN
SUPER_3,12630000,1,0,0,1,1,0,NaN
SUPER_3,12640000,8,0,3,11,3,5,1
SUPER_3,12650000,0,1,0,1,0,0,20
SUPER_3,12660000,5,0,0,5,4,1,NaN
SUPER_3,12670000,0,0,0,0,0,0,0
SUPER_3,12680000,0,0,0,0,0,0,0
SUPER_3,12690000,0,0,0,0,0,0,0
SUPER_3,12700000,3,1,0,4,2,1,28
SUPER_3,12710000,24,1,1,26,12,12,2.5
SUPER_3,12720000,16,1,1,18,14,2,10
SUPER_3,12730000,124,10,8,142,53,71,7.7777777
SUPER_3,12740000,83,2,6,91,38,45,63
SUPER_3,12750000,37,6,3,46,18,19,3.2222223
SUPER_3,12760000,224,14,21,259,120,104,4.6571426
SUPER_3,12770000,116,9,10,135,65,51,11.894737
SUPER_3,12780000,172,4,12,188,88,84,9.75
SUPER_3,12790000,49,5,8,62,24,25,7.4615383
SUPER_3,12800000,57,5,8,70,25,32,3.6923077
SUPER_3,12810000,62,5,4,71,25,37,8.888889
SUPER_3,12820000,17,2,3,22,6,11,10.8
SUPER_3,12830000,20,6,5,31,10,10,7.7272725
SUPER_3,12840000,67,5,5,77,32,35,2
SUPER_3,12850000,96,9,9,114,38,58,13.111111
SUPER_3,12860000,25,5,1,31,11,14,5.6666665
SUPER_3,12870000,44,3,3,50,25,19,5.1666665
SUPER_3,12880000,88,8,7,103,39,49,9.466666
SUPER_3,12890000,68,5,4,77,35,33,5
SUPER_3,12900000,83,3,8,94,43,40,5.2727275
SUPER_3,12910000,1,0,0,1,1,0,NaN
SUPER_3,12920000,1,1,2,4,1,0,13
SUPER_3,12930000,59,5,3,67,34,25,2.25
SUPER_3,12940000,72,4,3,79,38,34,12.428572
SUPER_3,12950000,7,0,2,9,3,4,2.5
SUPER_3,12960000,2,1,2,5,1,1,4.6666665
SUPER_3,12970000,1,0,0,1,1,0,NaN
SUPER_3,12980000,0,2,1,3,0,0,5
SUPER_3,12990000,1,0,0,1,0,1,NaN
SUPER_3,13000000,1,1,0,2,1,0,1
SUPER_3,13010000,61,5,3,69,30,31,12.5
SUPER_3,13020000,88,5,15,108,42,46,4.75
SUPER_3,13030000,94,4,6,104,45,49,6.8
SUPER_3,13040000,114,17,11,142,56,58,8
SUPER_3,13050000,0,0,0,0,0,0,0
SUPER_3,13060000,0,0,0,0,0,0,0
SUPER_3,13070000,3,1,0,4,2,1,1
SUPER_3,13080000,63,4,3,70,29,34,5.857143
SUPER_3,13090000,77,5,6,88,50,27,8.181818
SUPER_3,13100000,39,3,7,49,22,17,3.1
SUPER_3,13110000,104,11,5,120,48,56,7.4375
SUPER_3,13120000,59,2,1,62,34,25,1
SUPER_3,13130000,134,8,10,152,62,72,4.8333335
SUPER_3,13140000,42,2,2,46,20,22,5.5
SUPER_3,13150000,75,3,9,87,46,29,4.5
SUPER_3,13160000,147,9,5,161,65,82,4.642857
SUPER_3,13170000,76,5,5,86,41,35,8.1
SUPER_3,13180000,64,5,8,77,29,35,4.1538463
SUPER_3,13190000,119,9,7,135,59,60,6.375
SUPER_3,13200000,109,3,6,118,50,59,4.111111
SUPER_3,13210000,92,2,6,100,46,46,17.875
SUPER_3,13220000,147,7,15,169,77,70,7.090909
SUPER_3,13230000,233,14,8,255,117,116,5.5454545
SUPER_3,13240000,182,15,19,216,86,96,4.5
SUPER_3,13250000,80,7,5,92,45,35,4.9166665
SUPER_3,13260000,71,3,6,80,38,33,4.111111
SUPER_3,13270000,76,3,4,83,44,32,16.714285
SUPER_3,13280000,186,7,11,204,100,86,16.38889
SUPER_3,13290000,24,2,1,27,12,12,1
SUPER_3,13300000,79,12,5,96,41,38,2.9411764
SUPER_3,13310000,121,6,11,138,65,56,15.470589
SUPER_3,13320000,37,2,6,45,17,20,42.5
SUPER_3,13330000,4,2,0,6,2,2,2
SUPER_3,13340000,1,1,0,2,1,0,5
SUPER_3,13350000,1,0,0,1,1,0,NaN
SUPER_3,13360000,3,0,0,3,1,2,NaN
SUPER_3,13370000,1,1,1,3,1,0,1.5
SUPER_3,13380000,4,1,1,6,4,0,1
SUPER_3,13390000,2,1,2,5,1,1,67
SUPER_3,13400000,8,2,1,11,1,7,5
SUPER_3,13410000,0,0,0,0,0,0,0
SUPER_3,13420000,0,0,0,0,0,0,0
SUPER_3,13430000,97,2,3,102,50,47,27.2
SUPER_3,13440000,1,0,0,1,1,0,NaN
SUPER_3,13450000,1,0,2,3,0,1,1.5
SUPER_3,13460000,1,1,1,3,1,0,1.5
SUPER_3,13470000,2,0,0,2,1,1,NaN
SUPER_3,13480000,0,0,0,0,0,0,0
SUPER_3,13490000,0,0,0,0,0,0,0
SUPER_3,13500000,3,2,0,5,2,1,1.5
SUPER_3,13510000,0,0,0,0,0,0,0
SUPER_3,13520000,0,0,0,0,0,0,0
SUPER_3,13530000,4,0,0,4,2,2,NaN
SUPER_3,13540000,16,2,1,19,11,5,10.666667
SUPER_3,13550000,0,0,0,0,0,0,0
SUPER_3,13560000,0,0,0,0,0,0,0
SUPER_3,13570000,0,0,0,0,0,0,0
SUPER_3,13580000,0,0,0,0,0,0,0
SUPER_3,13590000,0,0,0,0,0,0,0
SUPER_3,13600000,128,14,7,149,68,60,10.285714
SUPER_3,13610000,0,0,0,0,0,0,0
SUPER_3,13620000,0,0,0,0,0,0,0
SUPER_3,13630000,184,16,13,213,98,86,4.5172415
SUPER_3,13640000,158,15,4,177,109,49,6.4736843
SUPER_3,13650000,109,3,5,117,64,45,9.375
SUPER_3,13660000,61,5,5,71,36,25,7.8
SUPER_3,13670000,87,5,11,103,45,42,15.625
SUPER_3,13680000,96,9,8,113,45,51,3.8235295
SUPER_3,13690000,0,0,0,0,0,0,0
SUPER_3,13700000,0,0,0,0,0,0,0
SUPER_3,13710000,0,0,0,0,0,0,0
SUPER_3,13720000,0,0,0,0,0,0,0
SUPER_3,13730000,0,0,0,0,0,0,0
SUPER_3,13740000,0,0,0,0,0,0,0
SUPER_3,13750000,63,4,6,73,34,29,5.1
SUPER_3,13760000,0,0,1,1,0,0,2
SUPER_3,13770000,0,0,1,1,0,0,1
SUPER_3,13780000,0,0,2,2,0,0,1.5
SUPER_3,13790000,0,0,0,0,0,0,0
SUPER_3,13800000,0,0,0,0,0,0,0
SUPER_3,13810000,0,0,0,0,0,0,0
SUPER_3,13820000,0,0,0,0,0,0,0
SUPER_3,13830000,0,0,0,0,0,0,0
SUPER_3,13840000,0,0,0,0,0,0,0
SUPER_3,13850000,0,0,0,0,0,0,0
SUPER_3,13860000,0,0,0,0,0,0,0
SUPER_3,13870000,0,0,0,0,0,0,0
SUPER_3,13880000,0,0,0,0,0,0,0
SUPER_3,13890000,0,0,0,0,0,0,0
SUPER_3,13900000,0,0,0,0,0,0,0
SUPER_3,13910000,0,0,0,0,0,0,0
SUPER_3,13920000,0,0,0,0,0,0,0
SUPER_3,13930000,0,0,0,0,0,0,0
SUPER_3,13940000,0,0,0,0,0,0,0
SUPER_3,13950000,0,0,0,0,0,0,0
SUPER_3,13960000,0,0,0,0,0,0,0
SUPER_3,13970000,131,12,6,149,65,66,11.666667
SUPER_3,13980000,88,3,4,95,43,45,9.285714
SUPER_3,13990000,51,7,4,62,22,29,2.6363637
SUPER_3,14000000,46,1,5,52,22,24,26
SUPER_3,14010000,55,2,4,61,31,24,25
SUPER_3,14020000,63,5,2,70,33,30,2.2857144
SUPER_3,14030000,56,5,6,67,25,31,4.181818
SUPER_3,14040000,138,6,4,148,64,74,3.3
SUPER_3,14050000,190,13,16,219,95,95,4.413793
SUPER_3,14060000,100,10,8,118,52,48,7.888889
SUPER_3,14070000,121,8,12,141,59,62,14.85
SUPER_3,14080000,136,15,16,167,74,62,24.064516
SUPER_3,14090000,117,6,10,133,77,40,7.6875
SUPER_3,14100000,117,7,6,130,59,58,8.384615
SUPER_3,14110000,14,2,0,16,11,3,4
SUPER_3,14120000,1,0,1,2,0,1,1
SUPER_3,14130000,4,0,1,5,3,1,2
SUPER_3,14140000,48,1,3,52,26,22,8.25
SUPER_3,14150000,7,0,0,7,4,3,NaN
SUPER_3,14160000,33,2,3,38,17,16,7.2
SUPER_3,14170000,39,3,2,44,21,18,4.2
SUPER_3,14180000,37,3,4,44,17,20,14.428572
SUPER_3,14190000,82,12,10,104,43,39,15.181818
SUPER_3,14200000,52,2,5,59,22,30,18.142857
SUPER_3,14210000,5,0,0,5,1,4,NaN
SUPER_3,14220000,5,0,0,5,3,2,NaN
SUPER_3,14230000,85,2,5,92,45,40,1.8571428
SUPER_3,14240000,84,8,3,95,45,39,4.4545455
SUPER_3,14250000,75,10,3,88,43,32,6
SUPER_3,14260000,49,5,5,59,24,25,7.4
SUPER_3,14270000,79,8,6,93,39,40,3.5714285
SUPER_3,14280000,65,2,2,69,42,23,3.75
SUPER_3,14290000,37,5,1,43,15,22,3.5
SUPER_3,14300000,80,2,6,88,55,25,31.625
SUPER_3,14310000,54,4,6,64,25,29,10.4
SUPER_3,14320000,152,11,16,179,73,79,19.333334
SUPER_3,14330000,75,8,6,89,41,34,4.857143
SUPER_3,14340000,0,0,0,0,0,0,0
SUPER_3,14350000,0,0,0,0,0,0,0
SUPER_3,14360000,210,16,6,232,116,94,4.7272725
SUPER_3,14370000,33,0,3,36,23,10,3
SUPER_3,14380000,35,3,0,38,16,19,18.666666
SUPER_3,14390000,87,6,4,97,44,43,8.4
SUPER_3,14400000,92,10,9,111,47,45,6.9473686
SUPER_3,14410000,64,2,7,73,36,28,3
SUPER_3,14420000,7,0,0,7,3,4,NaN
SUPER_3,14430000,8,0,0,8,5,3,NaN
SUPER_3,14440000,5,1,0,6,3,2,1
SUPER_3,14450000,2,1,0,3,0,2,10
SUPER_3,14460000,4,0,0,4,2,2,NaN
SUPER_3,14470000,4,0,1,5,2,2,1
SUPER_3,14480000,5,1,0,6,4,1,15
SUPER_3,14490000,4,1,0,5,3,1,8
SUPER_3,14500000,4,0,0,4,2,2,NaN
SUPER_3,14510000,3,0,0,3,0,3,NaN
SUPER_3,14520000,10,1,0,11,8,2,10
SUPER_3,14530000,14,0,0,14,11,3,NaN
SUPER_3,14540000,5,0,0,5,2,3,NaN
SUPER_3,14550000,1,0,0,1,1,0,NaN
SUPER_3,14560000,6,0,0,6,3,3,NaN
SUPER_3,14570000,3,1,0,4,2,1,31
SUPER_3,14580000,5,0,0,5,3,2,NaN
SUPER_3,14590000,5,1,0,6,2,3,3
SUPER_3,14600000,2,0,3,5,1,1,58.666668
SUPER_3,14610000,7,1,1,9,2,5,28
SUPER_3,14620000,14,0,1,15,9,5,1
SUPER_3,14630000,3,0,2,5,2,1,1
SUPER_3,14640000,5,0,0,5,2,3,NaN
SUPER_3,14650000,3,0,0,3,3,0,NaN
SUPER_3,14660000,3,0,0,3,1,2,NaN
SUPER_3,14670000,71,5,2,78,29,42,2.142857
SUPER_3,14680000,40,5,4,49,15,25,5.111111
SUPER_3,14690000,49,1,3,53,25,24,7.25
SUPER_3,14700000,225,19,16,260,115,110,7.714286
SUPER_3,14710000,34,4,5,43,20,14,2.1111112
SUPER_3,14720000,13,1,1,15,8,5,1
SUPER_3,14730000,97,9,7,113,54,43,14.5
SUPER_3,14740000,99,4,8,111,53,46,15
SUPER_3,14750000,0,0,0,0,0,0,0
SUPER_3,14760000,0,0,0,0,0,0,0
SUPER_3,14770000,121,5,3,129,59,62,4.875
SUPER_3,14780000,39,2,1,42,12,27,6
SUPER_3,14790000,81,9,5,95,40,41,18.428572
SUPER_3,14800000,12,0,2,14,9,3,23.5
SUPER_3,14810000,1,1,2,4,1,0,21.666666
SUPER_3,14820000,5,0,1,6,2,3,1
SUPER_3,14830000,3,0,0,3,1,2,NaN
SUPER_3,14840000,1,0,0,1,1,0,NaN
SUPER_3,14850000,4,0,0,4,3,1,NaN
SUPER_3,14860000,33,5,5,43,19,14,5.5
SUPER_3,14870000,90,7,6,103,52,38,6.4615383
SUPER_3,14880000,98,4,1,103,51,47,5.6
SUPER_3,14890000,24,1,2,27,11,13,4.3333335
SUPER_3,14900000,55,4,7,66,24,31,7.181818
SUPER_3,14910000,4,0,0,4,0,4,NaN
SUPER_3,14920000,1,1,0,2,0,1,34
SUPER_3,14930000,2,0,0,2,2,0,NaN
SUPER_3,14940000,6,1,1,8,2,4,7
SUPER_3,14950000,6,0,1,7,1,5,2
SUPER_3,14960000,5,0,0,5,2,3,NaN
SUPER_3,14970000,4,0,0,4,1,3,NaN
SUPER_3,14980000,23,2,1,26,13,10,26.666666
SUPER_3,14990000,4,2,1,7,2,2,1.3333334
SUPER_3,15000000,7,1,0,8,4,3,6
SUPER_3,15010000,5,0,0,5,1,4,NaN
SUPER_3,15020000,3,0,0,3,2,1,NaN
SUPER_3,15030000,6,1,0,7,3,3,1
SUPER_3,15040000,8,1,1,10,3,5,2
SUPER_3,15050000,1,0,0,1,1,0,NaN
SUPER_3,15060000,2,0,1,3,1,1,7
SUPER_3,15070000,0,0,0,0,0,0,0
SUPER_3,15080000,0,0,0,0,0,0,0
SUPER_3,15090000,4,1,1,6,3,1,1
SUPER_3,15100000,3,0,2,5,2,1,1.5
SUPER_3,15110000,0,0,2,2,0,0,2
SUPER_3,15120000,2,0,0,2,1,1,NaN
SUPER_3,15130000,1,0,0,1,0,1,NaN
SUPER_3,15140000,2,0,1,3,1,1,15
SUPER_3,15150000,0,0,0,0,0,0,0
SUPER_3,15160000,0,0,0,0,0,0,0
SUPER_3,15170000,4,0,1,5,3,1,42
SUPER_3,15180000,2,0,1,3,0,2,7
SUPER_3,15190000,0,0,2,2,0,0,6
SUPER_3,15200000,2,0,0,2,1,1,NaN
SUPER_3,15210000,1,1,0,2,0,1,1
SUPER_3,15220000,2,1,1,4,1,1,1
SUPER_3,15230000,87,5,2,94,51,36,7.571429
SUPER_3,15240000,59,5,0,64,34,25,11.6
SUPER_3,15250000,27,1,3,31,11,16,4.25
SUPER_3,15260000,27,1,3,31,12,15,6.5
SUPER_3,15270000,47,0,3,50,29,18,4.3333335
SUPER_3,15280000,34,1,2,37,13,21,6.3333335
SUPER_3,15290000,32,4,0,36,16,16,8.5
SUPER_3,15300000,72,8,3,83,33,39,22.272728
SUPER_3,15310000,65,3,1,69,35,30,8.25
SUPER_3,15320000,124,10,8,142,56,68,19.333334
SUPER_3,15330000,108,11,9,128,50,58,5.2
SUPER_3,15340000,51,3,5,59,25,26,5.5
SUPER_3,15350000,47,3,6,56,25,22,35.444443
SUPER_3,15360000,85,5,2,92,35,50,5.142857
SUPER_3,15370000,43,4,2,49,26,17,13.666667
SUPER_3,15380000,66,8,7,81,32,34,8.333333
SUPER_3,15390000,160,9,7,176,105,55,6.3125
SUPER_3,15400000,150,3,12,165,85,65,11.333333
SUPER_3,15410000,0,0,0,0,0,0,0
SUPER_3,15420000,0,0,0,0,0,0,0
SUPER_3,15430000,132,11,14,157,68,64,4.76
SUPER_3,15440000,61,4,0,65,33,28,1.75
SUPER_3,15450000,61,4,4,69,28,33,5
SUPER_3,15460000,89,6,5,100,47,42,16.272728
SUPER_3,15470000,137,10,7,154,74,63,23.235294
SUPER_3,15480000,143,12,10,165,68,75,4.818182
SUPER_3,15490000,206,7,7,220,116,90,9.571428
SUPER_3,15500000,92,4,6,102,58,34,6.5
SUPER_3,15510000,27,3,1,31,19,8,5.25
SUPER_3,15520000,99,11,11,121,57,42,4.090909
SUPER_3,15530000,173,12,11,196,83,90,17.391304
SUPER_3,15540000,92,6,4,102,43,49,9.6
SUPER_3,15550000,77,3,4,84,38,39,2.4285715
SUPER_3,15560000,43,4,2,49,17,26,2.5
SUPER_3,15570000,35,5,3,43,21,14,5.625
SUPER_3,15580000,42,4,7,53,15,27,7.4545455
SUPER_3,15590000,4,0,2,6,2,2,2
SUPER_3,15600000,176,11,15,202,99,77,13.115385
SUPER_3,15610000,177,10,9,196,94,83,8.157895
SUPER_3,15620000,172,9,12,193,92,80,5.5238094
SUPER_3,15630000,120,10,7,137,61,59,5.8235292
SUPER_3,15640000,85,8,2,95,46,39,10.5
SUPER_3,15650000,69,4,4,77,35,34,2.75
SUPER_3,15660000,0,0,0,0,0,0,0
SUPER_3,15670000,0,0,0,0,0,0,0
SUPER_3,15680000,149,10,11,170,79,70,9.428572
SUPER_3,15690000,120,12,8,140,66,54,13.7
SUPER_3,15700000,97,3,5,105,38,59,9
SUPER_3,15710000,65,3,8,76,35,30,2.3636363
SUPER_3,15720000,99,9,6,114,57,42,5.733333
SUPER_3,15730000,54,4,2,60,28,26,5.1666665
SUPER_3,15740000,0,0,0,0,0,0,0
SUPER_3,15750000,0,0,0,0,0,0,0
SUPER_3,15760000,32,1,4,37,18,14,4
SUPER_3,15770000,0,0,0,0,0,0,0
SUPER_3,15780000,0,0,0,0,0,0,0
SUPER_3,15790000,197,8,14,219,94,103,8.227273
SUPER_3,15800000,36,5,1,42,18,18,1.3333334
SUPER_3,15810000,0,0,0,0,0,0,0
SUPER_3,15820000,0,0,0,0,0,0,0
SUPER_3,15830000,110,3,4,117,50,60,2.7142856
SUPER_3,15840000,12,0,0,12,7,5,NaN
SUPER_3,15850000,206,13,11,230,112,94,3.5833333
SUPER_3,15860000,33,3,5,41,13,20,5.25
SUPER_3,15870000,241,5,8,254,117,124,8.230769
SUPER_3,15880000,0,0,0,0,0,0,0
SUPER_3,15890000,0,0,0,0,0,0,0
SUPER_3,15900000,0,0,0,0,0,0,0
SUPER_3,15910000,0,0,0,0,0,0,0
SUPER_3,15920000,0,0,0,0,0,0,0
SUPER_3,15930000,0,0,0,0,0,0,0
SUPER_3,15940000,0,0,0,0,0,0,0
SUPER_3,15950000,106,7,6,119,53,53,3.1538463
SUPER_3,15960000,142,11,11,164,68,74,5.090909
SUPER_3,15970000,83,5,10,98,40,43,6.4
SUPER_3,15980000,69,5,8,82,32,37,20.307692
SUPER_3,15990000,1,1,0,2,0,1,3
SUPER_3,16000000,0,1,0,1,0,0,19
SUPER_3,16010000,0,0,0,0,0,0,0
SUPER_3,16020000,0,0,0,0,0,0,0
SUPER_3,16030000,6,0,1,7,3,3,1
SUPER_3,16040000,3,0,0,3,1,2,NaN
SUPER_3,16050000,4,0,0,4,3,1,NaN
SUPER_3,16060000,1,0,0,1,0,1,NaN
SUPER_3,16070000,5,0,1,6,3,2,8
SUPER_3,16080000,0,0,0,0,0,0,0
SUPER_3,16090000,0,0,0,0,0,0,0
SUPER_3,16100000,0,0,0,0,0,0,0
SUPER_3,16110000,0,0,0,0,0,0,0
SUPER_3,16120000,28,3,3,34,15,13,2.5
SUPER_3,16130000,57,9,3,69,25,32,4.75
SUPER_3,16140000,0,1,0,1,0,0,6
SUPER_3,16150000,4,0,0,4,2,2,NaN
SUPER_3,16160000,13,4,0,17,7,6,5.75
SUPER_3,16170000,52,3,2,57,25,27,16.4
SUPER_3,16180000,0,0,0,0,0,0,0
SUPER_3,16190000,0,0,0,0,0,0,0
SUPER_3,16200000,196,22,11,229,87,109,4.151515
SUPER_3,16210000,1,2,0,3,1,0,12
SUPER_3,16220000,77,3,6,86,38,39,9.222222
SUPER_3,16230000,3,1,0,4,3,0,40
SUPER_3,16240000,192,6,16,214,104,88,7.318182
SUPER_3,16250000,71,3,9,83,41,30,16.666666
SUPER_3,16260000,160,11,7,178,84,76,6.1666665
SUPER_3,16270000,114,10,5,129,57,57,3.8666666
SUPER_3,16280000,126,10,7,143,56,70,9.3529415
SUPER_3,16290000,127,7,11,145,66,61,10
SUPER_3,16300000,69,7,5,81,33,36,5.6666665
SUPER_3,16310000,1,0,0,1,0,1,NaN
SUPER_3,16320000,1,0,1,2,0,1,18
SUPER_3,16330000,65,4,3,72,39,26,7.571429
SUPER_3,16340000,153,13,16,182,79,74,6.2413793
SUPER_3,16350000,142,11,4,157,67,75,3.9333334
SUPER_3,16360000,121,10,8,139,61,60,5.7222223
SUPER_3,16370000,39,2,2,43,24,15,5
SUPER_3,16380000,136,7,6,149,74,62,17.615385
SUPER_3,16390000,138,17,9,164,69,69,18.615385
SUPER_3,16400000,91,8,8,107,47,44,17.375
SUPER_3,16410000,162,7,10,179,77,85,4.5882354
SUPER_3,16420000,160,19,7,186,80,80,4.4615383
SUPER_3,16430000,86,7,5,98,38,48,6.9166665
SUPER_3,16440000,92,11,5,108,46,46,6.625
SUPER_3,16450000,113,4,14,131,65,48,25.555555
SUPER_3,16460000,66,4,6,76,36,30,9.1
SUPER_3,16470000,112,9,7,128,51,61,16.5
SUPER_3,16480000,131,17,10,158,67,64,4.185185
SUPER_3,16490000,67,7,8,82,41,26,18.333334
SUPER_3,16500000,2,0,0,2,1,1,NaN
SUPER_3,16510000,1,0,0,1,0,1,NaN
SUPER_3,16520000,17,1,0,18,3,14,2
SUPER_3,16530000,143,14,18,175,75,68,4.125
SUPER_3,16540000,146,8,12,166,82,64,8.4
SUPER_3,16550000,107,4,10,121,55,52,18
SUPER_3,16560000,102,3,7,112,57,45,7.1
SUPER_3,16570000,85,5,3,93,45,40,12.875
SUPER_3,16580000,93,7,4,104,46,47,7.2727275
SUPER_3,16590000,123,7,14,144,64,59,9.333333
SUPER_3,16600000,7,3,1,11,3,4,18.25
SUPER_3,16610000,109,4,11,124,69,40,6.6666665
SUPER_3,16620000,120,7,4,131,67,53,4.181818
SUPER_3,16630000,168,14,14,196,85,83,12
SUPER_3,16640000,108,5,9,122,56,52,5.285714
SUPER_3,16650000,88,5,6,99,50,38,5.3636365
SUPER_3,16660000,54,3,3,60,26,28,7.8333335
SUPER_3,16670000,67,5,5,77,31,36,6.6
SUPER_3,16680000,25,2,0,27,17,8,1
SUPER_3,16690000,2,0,2,4,2,0,10.5
SUPER_3,16700000,0,0,0,0,0,0,0
SUPER_3,16710000,0,0,0,0,0,0,0
SUPER_3,16720000,7,1,2,10,2,5,2.3333333
SUPER_3,16730000,32,2,2,36,18,14,1.75
SUPER_3,16740000,13,0,0,13,5,8,NaN
SUPER_3,16750000,2,0,1,3,1,1,3
SUPER_3,16760000,0,0,1,1,0,0,117
SUPER_3,16770000,4,2,0,6,2,2,6.5
SUPER_3,16780000,111,6,10,127,58,53,49.25
SUPER_3,16790000,143,4,12,159,71,72,12.0625
SUPER_3,16800000,144,9,15,168,79,65,12.916667
SUPER_3,16810000,157,14,9,180,85,72,3.2173913
SUPER_3,16820000,121,10,7,138,57,64,9.235294
SUPER_3,16830000,134,8,5,147,69,65,7.1538463
SUPER_3,16840000,102,3,11,116,54,48,6.928571
SUPER_3,16850000,147,12,11,170,81,66,4
SUPER_3,16860000,97,10,8,115,41,56,14.833333
SUPER_3,16870000,94,5,10,109,52,42,30.2
SUPER_3,16880000,99,6,2,107,53,46,4
SUPER_3,16890000,186,13,16,215,95,91,7.413793
SUPER_3,16900000,58,2,1,61,28,30,5.3333335
SUPER_3,16910000,5,0,0,5,2,3,NaN
SUPER_3,16920000,159,15,11,185,79,80,3.9615386
SUPER_3,16930000,117,7,5,129,42,75,7.1666665
SUPER_3,16940000,109,10,11,130,58,51,5.571429
SUPER_3,16950000,45,4,3,52,17,28,24.285715
SUPER_3,16960000,119,6,3,128,76,43,9.444445
SUPER_3,16970000,117,6,8,131,54,63,4.642857
SUPER_3,16980000,195,13,15,223,93,102,5.25
SUPER_3,16990000,110,10,3,123,60,50,3.7692308
SUPER_3,17000000,42,2,2,46,23,19,5.75
SUPER_3,17010000,47,6,1,54,26,21,1.5714285
SUPER_3,17020000,163,10,13,186,86,77,30.73913
SUPER_3,17030000,70,5,6,81,35,35,5.5454545
SUPER_3,17040000,62,2,5,69,33,29,11.142858
SUPER_3,17050000,1,0,0,1,1,0,NaN
SUPER_3,17060000,5,2,1,8,2,3,1.6666666
SUPER_3,17070000,59,4,4,67,33,26,6
SUPER_3,17080000,2,0,0,2,1,1,NaN
SUPER_3,17090000,1,0,0,1,0,1,NaN
SUPER_3,17100000,3,0,0,3,2,1,NaN
SUPER_3,17110000,8,2,0,10,5,3,1
SUPER_3,17120000,86,3,8,97,44,42,22.818182
SUPER_3,17130000,33,4,1,38,20,13,2
SUPER_3,17140000,2,0,0,2,1,1,NaN
SUPER_3,17150000,0,0,0,0,0,0,0
SUPER_3,17160000,0,0,0,0,0,0,0
SUPER_3,17170000,1,2,0,3,1,0,1.5
SUPER_3,17180000,19,1,1,21,12,7,6
SUPER_3,17190000,0,1,0,1,0,0,20
SUPER_3,17200000,60,7,9,76,24,36,5.25
SUPER_3,17210000,1,0,0,1,1,0,NaN
SUPER_3,17220000,4,0,0,4,1,3,NaN
SUPER_3,17230000,1,1,0,2,1,0,6
SUPER_3,17240000,1,0,1,2,1,0,4
SUPER_3,17250000,2,1,0,3,0,2,1
SUPER_3,17260000,1,1,1,3,0,1,7
SUPER_3,17270000,3,0,0,3,2,1,NaN
SUPER_3,17280000,2,0,0,2,1,1,NaN
SUPER_3,17290000,67,3,4,74,29,38,5
SUPER_3,17300000,91,4,6,101,43,48,3.4
SUPER_3,17310000,53,6,4,63,30,23,39.4
SUPER_3,17320000,11,1,4,16,8,3,3
SUPER_3,17330000,13,0,0,13,6,7,NaN
SUPER_3,17340000,41,7,6,54,15,26,7.5384617
SUPER_3,17350000,121,13,8,142,60,61,14.333333
SUPER_3,17360000,78,9,8,95,37,41,5.882353
SUPER_3,17370000,113,4,12,129,60,53,7.125
SUPER_3,17380000,87,7,6,100,46,41,5.1538463
SUPER_3,17390000,86,1,7,94,50,36,7.5
SUPER_3,17400000,125,9,13,147,53,72,13.090909
SUPER_3,17410000,24,2,3,29,13,11,7
SUPER_3,17420000,92,3,5,100,43,49,12.625
SUPER_3,17430000,45,4,1,50,23,22,14.8
SUPER_3,17440000,46,2,1,49,29,17,6.3333335
SUPER_3,17450000,138,18,14,170,72,66,3.59375
SUPER_3,17460000,63,2,10,75,34,29,75.083336
SUPER_3,17470000,114,10,9,133,54,60,5.5789475
SUPER_3,17480000,91,4,6,101,40,51,6.1
SUPER_3,17490000,145,15,13,173,69,76,7.071429
SUPER_3,17500000,123,14,9,146,64,59,8.913043
SUPER_3,17510000,73,5,10,88,32,41,11.933333
SUPER_3,17520000,62,6,6,74,24,38,9.083333
SUPER_3,17530000,187,10,15,212,95,92,10.56
SUPER_3,17540000,27,5,6,38,14,13,2.1818182
SUPER_3,17550000,20,0,4,24,10,10,15.25
SUPER_3,17560000,31,5,8,44,16,15,2.7692308
SUPER_3,17570000,66,13,5,84,30,36,6.388889
SUPER_3,17580000,78,4,7,89,36,42,19.363636
SUPER_3,17590000,168,9,12,189,79,89,3.4761906
SUPER_3,17600000,75,7,8,90,33,42,5.6666665
SUPER_3,17610000,33,1,0,34,15,18,3
SUPER_3,17620000,92,4,4,100,43,49,7.875
SUPER_3,17630000,37,7,7,51,20,17,5.357143
SUPER_3,17640000,7,0,1,8,4,3,1
SUPER_3,17650000,32,0,3,35,16,16,5.3333335
SUPER_3,17660000,5,1,0,6,4,1,1
SUPER_3,17670000,40,1,0,41,16,24,1
SUPER_3,17680000,76,5,4,85,44,32,2.3333333
SUPER_3,17690000,51,5,3,59,23,28,5.25
SUPER_3,17700000,127,10,4,141,72,55,5.714286
SUPER_3,17710000,186,11,16,213,101,85,16.296297
SUPER_3,17720000,201,16,12,229,100,101,9.428572
SUPER_3,17730000,63,3,7,73,34,29,4.8
SUPER_3,17740000,207,12,9,228,121,86,3.7619047
SUPER_3,17750000,152,12,13,177,72,80,2.56
SUPER_3,17760000,104,9,11,124,62,42,8.7
SUPER_3,17770000,67,6,2,75,34,33,3.25
SUPER_3,17780000,128,7,3,138,59,69,6.9
SUPER_3,17790000,110,3,5,118,55,55,5.5
SUPER_3,17800000,119,17,9,145,56,63,5.1923075
SUPER_3,17810000,121,10,4,135,55,66,3.9285715
SUPER_3,17820000,60,4,7,71,31,29,7.5454545
SUPER_3,17830000,18,4,1,23,9,9,1.8
SUPER_3,17840000,6,0,1,7,2,4,5
SUPER_3,17850000,69,4,7,80,32,37,2.1818182
SUPER_3,17860000,166,14,6,186,88,78,2.3
SUPER_3,17870000,74,1,8,83,38,36,6.2222223
SUPER_3,17880000,176,16,11,203,106,70,9.111111
SUPER_3,17890000,117,7,12,136,60,57,5.5789475
SUPER_3,17900000,147,11,9,167,80,67,3.55
SUPER_3,17910000,48,6,2,56,22,26,4
SUPER_3,17920000,9,2,3,14,5,4,3.8
SUPER_3,17930000,1,0,0,1,1,0,NaN
SUPER_3,17940000,37,4,2,43,13,24,9.833333
SUPER_3,17950000,138,11,9,158,65,73,4.75
SUPER_3,17960000,53,4,2,59,26,27,6
SUPER_3,17970000,57,3,1,61,36,21,1.75
SUPER_3,17980000,45,6,8,59,28,17,6.357143
SUPER_3,17990000,17,1,2,20,8,9,8.666667
SUPER_3,18000000,58,7,5,70,25,33,3.25
SUPER_3,18010000,105,11,10,126,56,49,12.285714
SUPER_3,18020000,173,19,6,198,90,83,8.56
SUPER_3,18030000,63,7,6,76,38,25,15.307693
SUPER_3,18040000,5,0,1,6,2,3,4
SUPER_3,18050000,12,1,4,17,5,7,4.2
SUPER_3,18060000,46,7,11,64,22,24,7.1666665
SUPER_3,18070000,66,6,7,79,28,38,9.769231
SUPER_3,18080000,81,11,8,100,50,31,12.684211
SUPER_3,18090000,91,9,4,104,52,39,3.3846154
SUPER_3,18100000,56,2,4,62,33,23,12.166667
SUPER_3,18110000,185,6,14,205,102,83,14.35
SUPER_3,18120000,61,9,6,76,29,32,5.8
SUPER_3,18130000,115,5,12,132,52,63,6.7058825
SUPER_3,18140000,103,7,7,117,60,43,5.285714
SUPER_3,18150000,78,6,5,89,36,42,4.4545455
SUPER_3,18160000,73,6,9,88,39,34,17.733334
SUPER_3,18170000,31,3,1,35,16,15,5.75
SUPER_3,18180000,9,1,1,11,3,6,25.5
SUPER_3,18190000,3,0,0,3,1,2,NaN
SUPER_3,18200000,73,4,5,82,39,34,9.444445
SUPER_3,18210000,152,13,16,181,65,87,14.896552
SUPER_3,18220000,160,13,10,183,84,76,7.4347825
SUPER_3,18230000,93,2,3,98,46,47,3.4
SUPER_3,18240000,126,10,12,148,60,66,3.4545455
SUPER_3,18250000,126,9,9,144,76,50,5.1666665
SUPER_3,18260000,72,4,6,82,37,35,12.9
SUPER_3,18270000,0,0,0,0,0,0,0
SUPER_3,18280000,0,0,0,0,0,0,0
SUPER_3,18290000,90,6,10,106,45,45,11.9375
SUPER_3,18300000,1,0,0,1,0,1,NaN
SUPER_3,18310000,22,1,1,24,9,13,1.5
SUPER_3,18320000,62,8,6,76,31,31,8.714286
SUPER_3,18330000,146,10,7,163,62,84,6.470588
SUPER_3,18340000,87,6,14,107,44,43,14.1
SUPER_3,18350000,126,3,10,139,67,59,45.692307
SUPER_3,18360000,58,6,7,71,30,28,5.3846154
SUPER_3,18370000,79,3,4,86,33,46,3.857143
SUPER_3,18380000,45,4,5,54,27,18,3.6666667
SUPER_3,18390000,151,17,11,179,72,79,4.642857
SUPER_3,18400000,134,7,14,155,71,63,12.380953
SUPER_3,18410000,174,10,14,198,93,81,8.416667
SUPER_3,18420000,132,15,4,151,69,63,6.6842103
SUPER_3,18430000,106,3,8,117,51,55,25.636364
SUPER_3,18440000,10,1,5,16,5,5,10.333333
SUPER_3,18450000,3,0,0,3,2,1,NaN
SUPER_3,18460000,0,0,0,0,0,0,0
SUPER_3,18470000,0,0,0,0,0,0,0
SUPER_3,18480000,4,0,0,4,2,2,NaN
SUPER_3,18490000,3,0,2,5,0,3,11.5
SUPER_3,18500000,110,8,7,125,46,64,6.266667
SUPER_3,18510000,69,8,6,83,32,37,4.928571
SUPER_3,18520000,79,4,2,85,41,38,7.8333335
SUPER_3,18530000,86,9,11,106,41,45,3.4
SUPER_3,18540000,7,3,1,11,2,5,2.25
SUPER_3,18550000,65,5,4,74,28,37,50.77778
SUPER_3,18560000,1,0,0,1,1,0,NaN
SUPER_3,18570000,3,0,0,3,1,2,NaN
SUPER_3,18580000,162,13,12,187,77,85,7.36
SUPER_3,18590000,190,9,13,212,91,99,5.7727275
SUPER_3,18600000,0,0,0,0,0,0,0
SUPER_3,18610000,0,0,0,0,0,0,0
SUPER_3,18620000,164,18,12,194,97,67,15.1
SUPER_3,18630000,0,0,0,0,0,0,0
SUPER_3,18640000,0,0,0,0,0,0,0
SUPER_3,18650000,115,6,3,124,53,62,2.1111112
SUPER_3,18660000,189,4,11,204,97,92,4.133333
SUPER_3,18670000,138,6,7,151,75,63,13.230769
SUPER_3,18680000,96,6,11,113,51,45,18.941177
SUPER_3,18690000,89,6,7,102,42,47,5.769231
SUPER_3,18700000,79,6,4,89,41,38,3.1
SUPER_3,18710000,86,5,5,96,39,47,3.4
SUPER_3,18720000,226,11,12,249,125,101,15.608696
SUPER_3,18730000,83,2,6,91,46,37,4.75
SUPER_3,18740000,225,17,20,262,112,113,7.324324
SUPER_3,18750000,101,8,13,122,50,51,6.285714
SUPER_3,18760000,115,9,12,136,45,70,10.904762
SUPER_3,18770000,208,13,11,232,101,107,4.375
SUPER_3,18780000,121,7,4,132,57,64,12.454545
SUPER_3,18790000,18,1,2,21,9,9,2.6666667
SUPER_3,18800000,72,5,3,80,35,37,6.125
SUPER_3,18810000,148,7,13,168,85,63,6.85
SUPER_3,18820000,45,5,3,53,24,21,3.25
SUPER_3,18830000,85,9,7,101,43,42,24.5625
SUPER_3,18840000,136,14,12,162,71,65,4.5
SUPER_3,18850000,109,6,9,124,62,47,3.2666667
SUPER_3,18860000,84,8,4,96,35,49,6.75
SUPER_3,18870000,155,14,15,184,82,73,10.75862
SUPER_3,18880000,136,12,18,166,71,65,7.266667
SUPER_3,18890000,108,10,7,125,55,53,7.8235292
SUPER_3,18900000,138,9,5,152,79,59,7.928571
SUPER_3,18910000,9,2,0,11,3,6,3
SUPER_3,18920000,41,3,2,46,26,15,2.6
SUPER_3,18930000,64,3,4,71,34,30,9.142858
SUPER_3,18940000,120,8,8,136,57,63,6.875
SUPER_3,18950000,187,17,13,217,90,97,7.4
SUPER_3,18960000,150,11,13,174,79,71,9.875
SUPER_3,18970000,120,6,7,133,57,63,3
SUPER_3,18980000,114,2,4,120,57,57,9
SUPER_3,18990000,0,0,0,0,0,0,0
SUPER_3,19000000,0,0,0,0,0,0,0
SUPER_3,19010000,10,1,1,12,5,5,1
SUPER_3,19020000,2,0,1,3,0,2,1
SUPER_3,19030000,2,0,0,2,1,1,NaN
SUPER_3,19040000,2,1,0,3,2,0,1
SUPER_3,19050000,3,0,2,5,3,0,18.5
SUPER_3,19060000,33,6,0,39,12,21,3.8333333
SUPER_3,19070000,80,11,9,100,49,31,6.45
SUPER_3,19080000,16,2,2,20,10,6,7.25
SUPER_3,19090000,104,7,6,117,40,64,5.1538463
SUPER_3,19100000,124,11,11,146,66,58,31.272728
SUPER_3,19110000,76,8,5,89,35,41,7.8461537
SUPER_3,19120000,112,15,12,139,53,59,5.6666665
SUPER_3,19130000,151,13,15,179,84,67,6.607143
SUPER_3,19140000,147,7,9,163,81,66,12.25
SUPER_3,19150000,69,7,5,81,41,28,2.5
SUPER_3,19160000,55,1,2,58,27,28,24.333334
SUPER_3,19170000,46,4,6,56,26,20,6.4
SUPER_3,19180000,39,2,3,44,24,15,4.6
SUPER_3,19190000,78,8,10,96,35,43,3.7222223
SUPER_3,19200000,124,9,8,141,56,68,23.117647
SUPER_3,19210000,18,2,6,26,9,9,6.25
SUPER_3,19220000,60,8,11,79,25,35,7
SUPER_3,19230000,38,3,4,45,23,15,58.714287
SUPER_3,19240000,187,6,9,202,106,81,15.2
SUPER_3,19250000,21,1,3,25,8,13,13.5
SUPER_3,19260000,2,1,0,3,1,1,2
SUPER_3,19270000,37,4,6,47,17,20,3.3
SUPER_3,19280000,57,1,4,62,27,30,1.4
SUPER_3,19290000,8,0,1,9,8,0,67
SUPER_3,19300000,89,10,9,108,42,47,48.157894
SUPER_3,19310000,73,6,5,84,32,41,10.363636
SUPER_3,19320000,224,20,13,257,105,119,3.1515152
SUPER_3,19330000,59,4,9,72,29,30,6.5384617
SUPER_3,19340000,1,0,1,2,1,0,1
SUPER_3,19350000,2,0,0,2,0,2,NaN
SUPER_3,19360000,4,1,0,5,2,2,1
SUPER_3,19370000,0,0,0,0,0,0,0
SUPER_3,19380000,0,0,0,0,0,0,0
SUPER_3,19390000,0,0,0,0,0,0,0
SUPER_3,19400000,0,0,0,0,0,0,0
SUPER_3,19410000,96,13,7,116,52,44,4.4
SUPER_3,19420000,163,12,5,180,83,80,4.882353
SUPER_3,19430000,194,9,22,225,91,103,9.096774
SUPER_3,19440000,124,9,17,150,63,61,15.5
SUPER_3,19450000,113,4,9,126,57,56,4.076923
SUPER_3,19460000,90,4,3,97,48,42,6.285714
SUPER_3,19470000,187,13,7,207,94,93,12.3
SUPER_3,19480000,134,8,10,152,68,66,9.111111
SUPER_3,19490000,185,16,12,213,105,80,13.107142
SUPER_3,19500000,100,2,5,107,51,49,6.571429
SUPER_3,19510000,109,3,4,116,59,50,11
SUPER_3,19520000,45,1,6,52,18,27,11.142858
SUPER_3,19530000,61,4,6,71,34,27,4.2
SUPER_3,19540000,90,5,2,97,38,52,7.714286
SUPER_3,19550000,0,1,0,1,0,0,1
SUPER_3,19560000,2,0,1,3,1,1,17
SUPER_3,19570000,2,0,0,2,2,0,NaN
SUPER_3,19580000,1,0,0,1,1,0,NaN
SUPER_3,19590000,2,1,0,3,2,0,1
SUPER_3,19600000,9,1,2,12,4,5,190
SUPER_3,19610000,1,0,0,1,1,0,NaN
SUPER_3,19620000,11,1,0,12,5,6,2
SUPER_3,19630000,54,4,5,63,24,30,43.555557
SUPER_3,19640000,169,8,20,197,73,96,20
SUPER_3,19650000,120,7,6,133,61,59,5.230769
SUPER_3,19660000,5,0,2,7,0,5,23
SUPER_3,19670000,4,0,1,5,2,2,3
SUPER_3,19680000,0,0,0,0,0,0,0
SUPER_3,19690000,0,0,0,0,0,0,0
SUPER_3,19700000,11,0,2,13,8,3,10
SUPER_3,19710000,50,3,4,57,20,30,5.571429
SUPER_3,19720000,52,4,4,60,28,24,6.75
SUPER_3,19730000,0,0,0,0,0,0,0
SUPER_3,19740000,0,0,0,0,0,0,0
SUPER_3,19750000,7,2,2,11,5,2,4
SUPER_3,19760000,3,0,0,3,2,1,NaN
SUPER_3,19770000,0,0,0,0,0,0,0
SUPER_3,19780000,0,0,0,0,0,0,0
SUPER_3,19790000,2,0,1,3,1,1,18
SUPER_3,19800000,117,6,11,134,55,62,5.8235292
SUPER_3,19810000,60,3,2,65,29,31,1
SUPER_3,19820000,84,1,8,93,49,35,4.4444447
SUPER_3,19830000,33,2,2,37,19,14,1
SUPER_3,19840000,103,7,3,113,53,50,6.4
SUPER_3,19850000,211,10,15,236,117,94,10.28
SUPER_3,19860000,114,4,8,126,66,48,3.4166667
SUPER_3,19870000,65,6,3,74,37,28,7.6666665
SUPER_3,19880000,172,8,12,192,82,90,6.55
SUPER_3,19890000,89,4,7,100,46,43,6.090909
SUPER_3,19900000,110,10,7,127,53,57,11.3529415
SUPER_3,19910000,196,18,16,230,102,94,6.2058825
SUPER_3,19920000,82,3,5,90,38,44,3.5
SUPER_3,19930000,31,3,1,35,19,12,2
SUPER_3,19940000,20,3,0,23,10,10,1.6666666
SUPER_3,19950000,130,8,8,146,67,63,3.5625
SUPER_3,19960000,152,8,10,170,81,71,10.277778
SUPER_3,19970000,102,10,2,114,49,53,6.3333335
SUPER_3,19980000,4,0,0,4,1,3,NaN
SUPER_3,19990000,2,2,0,4,1,1,12
SUPER_3,20000000,2,0,0,2,0,2,NaN
SUPER_3,20010000,0,0,1,1,0,0,1
SUPER_3,20020000,101,5,9,115,58,43,9.142858
SUPER_3,20030000,121,6,4,131,52,69,7.2
SUPER_3,20040000,21,1,4,26,8,13,4
SUPER_3,20050000,57,1,2,60,22,35,1.6666666
SUPER_3,20060000,93,7,10,110,46,47,15.764706
SUPER_3,20070000,107,9,5,121,54,53,8.142858
SUPER_3,20080000,54,2,3,59,23,31,5.2
SUPER_3,20090000,80,3,7,90,43,37,11.4
SUPER_3,20100000,175,4,12,191,85,90,2.875
SUPER_3,20110000,139,10,12,161,65,74,5.181818
SUPER_3,20120000,28,2,0,30,18,10,20.5
SUPER_3,20130000,88,10,4,102,50,38,7.428571
SUPER_3,20140000,4,0,0,4,2,2,NaN
SUPER_3,20150000,39,7,1,47,19,20,2.25
SUPER_3,20160000,57,0,5,62,28,29,11.2
SUPER_3,20170000,0,0,0,0,0,0,0
SUPER_3,20180000,0,0,0,0,0,0,0
SUPER_3,20190000,85,7,2,94,46,39,12.777778
SUPER_3,20200000,91,6,6,103,48,43,10.666667
SUPER_3,20210000,111,11,5,127,47,64,8.6875
SUPER_3,20220000,109,5,9,123,61,48,42.857143
SUPER_3,20230000,17,0,4,21,8,9,15.75
SUPER_3,20240000,13,0,4,17,8,5,4
SUPER_3,20250000,39,3,1,43,16,23,8.25
SUPER_3,20260000,89,5,4,98,49,40,2.1111112
SUPER_3,20270000,47,5,4,56,21,26,3.2222223
SUPER_3,20280000,54,2,8,64,28,26,2.8
SUPER_3,20290000,90,4,7,101,43,47,4.5454545
SUPER_3,20300000,118,9,12,139,59,59,4.3809524
SUPER_3,20310000,3,1,2,6,2,1,13.333333
SUPER_3,20320000,95,10,4,109,49,46,11.785714
SUPER_3,20330000,61,9,5,75,38,23,5.5
SUPER_3,20340000,102,5,10,117,57,45,11.866667
SUPER_3,20350000,128,12,10,150,60,68,3.9545455
SUPER_3,20360000,162,20,10,192,90,72,15.6
SUPER_3,20370000,59,1,2,62,34,25,53.666668
SUPER_3,20380000,168,15,10,193,79,89,6
SUPER_3,20390000,110,11,5,126,67,43,8.5625
SUPER_3,20400000,113,6,7,126,63,50,3
SUPER_3,20410000,66,3,7,76,34,32,4.2
SUPER_3,20420000,55,4,4,63,35,20,13.875
SUPER_3,20430000,22,2,1,25,9,13,1
SUPER_3,20440000,51,4,3,58,22,29,2.2857144
SUPER_3,20450000,118,11,16,145,58,60,4.6666665
SUPER_3,20460000,35,5,2,42,19,16,8.142858
SUPER_3,20470000,49,4,2,55,21,28,5.5
SUPER_3,20480000,110,3,9,122,62,48,3.4166667
SUPER_3,20490000,42,3,3,48,22,20,4.6666665
SUPER_3,20500000,109,7,10,126,44,65,2.9411764
SUPER_3,20510000,106,10,8,124,55,51,2.8888888
SUPER_3,20520000,127,7,13,147,68,59,3.8
SUPER_3,20530000,56,5,8,69,23,33,7.230769
SUPER_3,20540000,100,10,4,114,43,57,4.285714
SUPER_3,20550000,52,0,1,53,28,24,30
SUPER_3,20560000,30,5,2,37,12,18,1.7142857
SUPER_3,20570000,109,6,5,120,45,64,4.909091
SUPER_3,20580000,63,4,4,71,30,33,1.75
SUPER_3,20590000,169,10,3,182,77,92,16.846153
SUPER_3,20600000,280,10,17,307,144,136,7.296296
SUPER_3,20610000,86,5,8,99,49,37,6.076923
SUPER_3,20620000,69,2,6,77,33,36,1.75
SUPER_3,20630000,84,4,5,93,39,45,5.2222223
SUPER_3,20640000,119,3,12,134,67,52,5.3333335
SUPER_3,20650000,166,8,4,178,86,80,6.5833335
SUPER_3,20660000,86,7,7,100,36,50,5.5
SUPER_3,20670000,113,13,10,136,52,61,10.478261
SUPER_3,20680000,78,6,3,87,42,36,2.6666667
SUPER_3,20690000,53,6,11,70,23,30,45.058823
SUPER_3,20700000,99,4,10,113,50,49,6.857143
SUPER_3,20710000,77,10,4,91,37,40,10.214286
SUPER_3,20720000,162,16,9,187,88,74,17.84
SUPER_3,20730000,27,4,1,32,9,18,2
SUPER_3,20740000,3,1,0,4,2,1,1
SUPER_3,20750000,2,0,0,2,1,1,NaN
SUPER_3,20760000,3,0,0,3,0,3,NaN
SUPER_3,20770000,52,5,4,61,29,23,3.3333333
SUPER_3,20780000,81,4,10,95,47,34,10.857142
SUPER_3,20790000,79,4,11,94,45,34,1.6666666
SUPER_3,20800000,105,9,6,120,47,58,5.866667
SUPER_3,20810000,137,9,8,154,66,71,3.3529413
SUPER_3,20820000,99,7,15,121,45,54,13.954545
SUPER_3,20830000,43,1,0,44,21,22,4
SUPER_3,20840000,2,0,0,2,2,0,NaN
SUPER_3,20850000,43,4,6,53,22,21,3.1
SUPER_3,20860000,75,7,8,90,42,33,5.866667
SUPER_3,20870000,79,6,6,91,43,36,3.25
SUPER_3,20880000,41,3,3,47,16,25,3.8333333
SUPER_3,20890000,97,7,6,110,48,49,10
SUPER_3,20900000,101,8,1,110,67,34,6.6666665
SUPER_3,20910000,134,7,7,148,66,68,8.5
SUPER_3,20920000,66,4,7,77,25,41,1.5454545
SUPER_3,20930000,94,11,6,111,44,50,5.352941
SUPER_3,20940000,157,9,11,177,84,73,16.25
SUPER_3,20950000,63,4,4,71,34,29,17.25
SUPER_3,20960000,0,0,0,0,0,0,0
SUPER_3,20970000,0,0,0,0,0,0,0
SUPER_3,20980000,10,0,0,10,5,5,NaN
SUPER_3,20990000,0,0,2,2,0,0,6
SUPER_3,21000000,117,7,12,136,53,64,5.7894735
SUPER_3,21010000,123,7,12,142,57,66,10.894737
SUPER_3,21020000,107,10,7,124,47,60,3.8235295
SUPER_3,21030000,72,4,3,79,29,43,2
SUPER_3,21040000,125,13,4,142,67,58,8.3529415
SUPER_3,21050000,104,8,11,123,53,51,5.5263157
SUPER_3,21060000,191,10,19,220,106,85,4.586207
SUPER_3,21070000,158,9,14,181,88,70,5
SUPER_3,21080000,109,9,9,127,47,62,6.4444447
SUPER_3,21090000,15,3,3,21,6,9,1.6666666
SUPER_3,21100000,122,8,10,140,63,59,6.2222223
SUPER_3,21110000,75,2,8,85,41,34,3.7
SUPER_3,21120000,92,5,9,106,48,44,12
SUPER_3,21130000,123,9,15,147,58,65,10.166667
SUPER_3,21140000,141,18,10,169,77,64,9.321428
SUPER_3,21150000,118,3,12,133,53,65,4.6
SUPER_3,21160000,87,1,8,96,47,40,7.7777777
SUPER_3,21170000,54,3,3,60,30,24,2.6666667
SUPER_3,21180000,146,10,11,167,66,80,7.3333335
SUPER_3,21190000,36,2,0,38,23,13,9
SUPER_3,21200000,215,15,9,239,104,111,5.5416665
SUPER_3,21210000,133,8,5,146,65,68,2.3076923
SUPER_3,21220000,212,10,8,230,103,109,10
SUPER_3,21230000,89,3,4,96,38,51,2.7142856
SUPER_3,21240000,127,8,7,142,70,57,7.4666667
SUPER_3,21250000,91,3,7,101,44,47,5.7
SUPER_3,21260000,5,0,2,7,4,1,1
SUPER_3,21270000,3,0,0,3,2,1,NaN
SUPER_3,21280000,0,0,0,0,0,0,0
SUPER_3,21290000,0,0,0,0,0,0,0
SUPER_3,21300000,0,0,0,0,0,0,0
SUPER_3,21310000,0,0,0,0,0,0,0
SUPER_3,21320000,1,0,2,3,0,1,1
SUPER_3,21330000,46,0,3,49,22,24,4
SUPER_3,21340000,57,6,4,67,31,26,8.3
SUPER_3,21350000,14,1,1,16,10,4,2
SUPER_3,21360000,51,2,1,54,34,17,2
SUPER_3,21370000,90,7,6,103,54,36,16.384615
SUPER_3,21380000,39,0,1,40,21,18,1
SUPER_3,21390000,3,0,0,3,2,1,NaN
SUPER_3,21400000,4,0,0,4,1,3,NaN
SUPER_3,21410000,109,7,9,125,53,56,12.25
SUPER_3,21420000,127,9,6,142,69,58,14.266666
SUPER_3,21430000,79,2,6,87,38,41,17
SUPER_3,21440000,78,8,4,90,32,46,28.333334
SUPER_3,21450000,47,3,6,56,23,24,3.8888888
SUPER_3,21460000,19,4,2,25,11,8,38.166668
SUPER_3,21470000,28,1,3,32,16,12,7
SUPER_3,21480000,3,0,0,3,2,1,NaN
SUPER_3,21490000,60,1,2,63,31,29,1
SUPER_3,21500000,42,3,2,47,23,19,14.2
SUPER_3,21510000,83,6,9,98,49,34,15.266666
SUPER_3,21520000,99,5,6,110,58,41,11.909091
SUPER_3,21530000,159,12,13,184,69,90,8.52
SUPER_3,21540000,52,2,6,60,24,28,4
SUPER_3,21550000,89,9,6,104,48,41,3.8666666
SUPER_3,21560000,128,8,12,148,61,67,2.25
SUPER_3,21570000,0,0,0,0,0,0,0
SUPER_3,21580000,0,0,0,0,0,0,0
SUPER_3,21590000,0,0,0,0,0,0,0
SUPER_3,21600000,241,12,22,275,117,124,6.147059
SUPER_3,21610000,121,11,9,141,66,55,8.7
SUPER_3,21620000,134,11,9,154,72,62,12.7
SUPER_3,21630000,151,9,16,176,70,81,5.04
SUPER_3,21640000,96,9,11,116,52,44,7.5
SUPER_3,21650000,59,9,4,72,33,26,20.153847
SUPER_3,21660000,122,6,9,137,65,57,33.533333
SUPER_3,21670000,99,5,15,119,47,52,11.95
SUPER_3,21680000,156,9,9,174,76,80,3.9444444
SUPER_3,21690000,115,4,6,125,55,60,2.8
SUPER_3,21700000,111,5,8,124,46,65,4.3846154
SUPER_3,21710000,124,16,15,155,61,63,8.548388
SUPER_3,21720000,161,18,13,192,87,74,11.870968
SUPER_3,21730000,101,3,9,113,46,55,14.75
SUPER_3,21740000,160,8,14,182,76,84,9.090909
SUPER_3,21750000,44,1,3,48,25,19,8.5
SUPER_3,21760000,90,4,5,99,49,41,6.4444447
SUPER_3,21770000,148,10,10,168,74,74,5.15
SUPER_3,21780000,27,3,2,32,14,13,10
SUPER_3,21790000,1,0,0,1,0,1,NaN
SUPER_3,21800000,0,0,1,1,0,0,1
SUPER_3,21810000,0,0,0,0,0,0,0
SUPER_3,21820000,0,0,0,0,0,0,0
SUPER_3,21830000,3,1,2,6,2,1,3.6666667
SUPER_3,21840000,2,1,0,3,1,1,2
SUPER_3,21850000,52,3,5,60,26,26,11.75
SUPER_3,21860000,90,10,12,112,41,49,5.8636365
SUPER_3,21870000,168,8,20,196,99,69,6.357143
SUPER_3,21880000,31,2,0,33,14,17,2.5
SUPER_3,21890000,129,8,10,147,63,66,3.5555556
SUPER_3,21900000,71,3,6,80,33,38,6
SUPER_3,21910000,0,0,0,0,0,0,0
SUPER_3,21920000,0,0,0,0,0,0,0
SUPER_3,21930000,65,6,3,74,27,38,4.3333335
SUPER_3,21940000,38,2,0,40,17,21,3
SUPER_3,21950000,88,1,2,91,54,34,1
SUPER_3,21960000,77,6,9,92,37,40,4.6666665
SUPER_3,21970000,9,1,2,12,4,5,18
SUPER_3,21980000,106,11,6,123,59,47,7.5882354
SUPER_3,21990000,18,2,0,20,9,9,20.5
SUPER_3,22000000,82,9,6,97,44,38,20.466667
SUPER_3,22010000,33,2,2,37,15,18,2
SUPER_3,22020000,22,0,1,23,10,12,8
SUPER_3,22030000,117,6,10,133,64,53,11.9375
SUPER_3,22040000,83,5,8,96,39,44,15.307693
SUPER_3,22050000,190,10,18,218,94,96,8.892858
SUPER_3,22060000,129,7,9,145,68,61,9.1875
SUPER_3,22070000,162,12,11,185,69,93,12.217391
SUPER_3,22080000,137,10,9,156,70,67,4
SUPER_3,22090000,77,5,6,88,38,39,7.909091
SUPER_3,22100000,140,6,6,152,72,68,8.083333
SUPER_3,22110000,0,0,0,0,0,0,0
SUPER_3,22120000,0,0,0,0,0,0,0
SUPER_3,22130000,118,12,6,136,68,50,11.888889
SUPER_3,22140000,0,0,1,1,0,0,1
SUPER_3,22150000,11,1,3,15,5,6,10.5
SUPER_3,22160000,81,8,7,96,42,39,5.9333334
SUPER_3,22170000,113,7,11,131,56,57,3.1111112
SUPER_3,22180000,73,5,2,80,35,38,1.8571428
SUPER_3,22190000,0,0,0,0,0,0,0
SUPER_3,22200000,0,0,0,0,0,0,0
SUPER_3,22210000,29,3,1,33,20,9,1.5
SUPER_3,22220000,4,0,0,4,4,0,NaN
SUPER_3,22230000,110,11,6,127,49,61,9.823529
SUPER_3,22240000,164,16,17,197,85,79,20.484848
SUPER_3,22250000,120,10,8,138,65,55,4.4444447
SUPER_3,22260000,81,5,10,96,35,46,6.133333
SUPER_3,22270000,0,0,0,0,0,0,0
SUPER_3,22280000,0,0,0,0,0,0,0
SUPER_3,22290000,0,0,0,0,0,0,0
SUPER_3,22300000,0,0,0,0,0,0,0
SUPER_3,22310000,123,10,10,143,62,61,3.7
SUPER_3,22320000,93,3,6,102,41,52,2.6666667
SUPER_3,22330000,66,2,6,74,30,36,7.125
SUPER_3,22340000,95,6,8,109,40,55,6
SUPER_3,22350000,79,3,7,89,40,39,7.9
SUPER_3,22360000,78,7,11,96,41,37,8.555555
SUPER_3,22370000,179,12,22,213,90,89,4.4117646
SUPER_3,22380000,139,7,5,151,74,65,3.8333333
SUPER_3,22390000,3,0,0,3,1,2,NaN
SUPER_3,22400000,19,2,1,22,13,6,17
SUPER_3,22410000,107,12,7,126,51,56,5.631579
SUPER_3,22420000,39,4,3,46,21,18,5.285714
SUPER_3,22430000,1,2,2,5,0,1,3.25
SUPER_3,22440000,74,1,14,89,40,34,5.6666665
SUPER_3,22450000,93,9,10,112,39,54,4.736842
SUPER_3,22460000,71,5,6,82,40,31,3.090909
SUPER_3,22470000,110,7,7,124,58,52,5.642857
SUPER_3,22480000,60,1,0,61,29,31,1
SUPER_3,22490000,45,3,2,50,28,17,9.4
SUPER_3,22500000,3,0,1,4,2,1,1
SUPER_3,22510000,134,9,12,155,73,61,7.571429
SUPER_3,22520000,64,8,6,78,36,28,4.214286
SUPER_3,22530000,17,0,2,19,6,11,1.5
SUPER_3,22540000,0,0,0,0,0,0,0
SUPER_3,22550000,0,0,0,0,0,0,0
SUPER_3,22560000,0,0,0,0,0,0,0
SUPER_3,22570000,0,0,0,0,0,0,0
SUPER_3,22580000,0,0,0,0,0,0,0
SUPER_3,22590000,116,6,10,132,65,51,4.375
SUPER_3,22600000,1,0,0,1,1,0,NaN
SUPER_3,22610000,0,1,0,1,0,0,1
SUPER_3,22620000,0,1,0,1,0,0,1
SUPER_3,22630000,0,0,0,0,0,0,0
SUPER_3,22640000,0,0,0,0,0,0,0
SUPER_3,22650000,0,0,0,0,0,0,0
SUPER_3,22660000,0,0,0,0,0,0,0
SUPER_3,22670000,0,0,0,0,0,0,0
SUPER_3,22680000,0,0,0,0,0,0,0
SUPER_3,22690000,30,5,5,40,16,14,4.6
SUPER_3,22700000,184,14,12,210,94,90,11.5
SUPER_3,22710000,107,8,9,124,66,41,6.2941175
SUPER_3,22720000,44,2,2,48,24,20,4.25
SUPER_3,22730000,0,0,2,2,0,0,4.5
SUPER_3,22740000,21,1,0,22,10,11,22
SUPER_3,22750000,168,10,14,192,78,90,21.791666
SUPER_3,22760000,14,1,0,15,9,5,45
SUPER_3,22770000,59,8,6,73,28,31,3
SUPER_3,22780000,134,11,12,157,71,63,3.7391305
SUPER_3,22790000,88,11,14,113,39,49,9.6
SUPER_3,22800000,98,11,10,119,48,50,3.0952382
SUPER_3,22810000,0,0,0,0,0,0,0
SUPER_3,22820000,0,0,0,0,0,0,0
SUPER_3,22830000,119,9,10,138,62,57,4.4736843
SUPER_3,22840000,69,6,10,85,38,31,41
SUPER_3,22850000,128,9,11,148,56,72,12.05
SUPER_3,22860000,20,2,2,24,9,11,7.75
SUPER_3,22870000,74,7,7,88,34,40,110.92857
SUPER_3,22880000,127,8,14,149,65,62,4.590909
SUPER_3,22890000,0,0,0,0,0,0,0
SUPER_3,22900000,0,0,0,0,0,0,0
SUPER_3,22910000,105,7,6,118,58,47,6.1538463
SUPER_3,22920000,92,9,1,102,44,48,6.3
SUPER_3,22930000,38,4,3,45,16,22,3.7142856
SUPER_3,22940000,79,7,6,92,42,37,4.230769
SUPER_3,22950000,106,4,7,117,45,61,13.818182
SUPER_3,22960000,68,5,5,78,40,28,6.7
SUPER_3,22970000,114,8,15,137,61,53,4.7391305
SUPER_3,22980000,5,2,1,8,2,3,9
SUPER_3,22990000,0,0,0,0,0,0,0
SUPER_3,23000000,0,0,0,0,0,0,0
SUPER_3,23010000,0,0,0,0,0,0,0
SUPER_3,23020000,0,0,0,0,0,0,0
SUPER_3,23030000,9,1,0,10,7,2,1
SUPER_3,23040000,1,0,1,2,1,0,1
SUPER_3,23050000,1,0,0,1,1,0,NaN
SUPER_3,23060000,1,0,0,1,0,1,NaN
SUPER_3,23070000,18,2,2,22,8,10,20.25
SUPER_3,23080000,106,5,8,119,46,60,14.692307
SUPER_3,23090000,98,2,10,110,58,40,7.1666665
SUPER_3,23100000,121,13,20,154,57,64,11.30303
SUPER_3,23110000,102,7,7,116,60,42,5.714286
SUPER_3,23120000,141,6,6,153,69,72,6.1666665
SUPER_3,23130000,14,1,2,17,6,8,3
SUPER_3,23140000,71,2,11,84,32,39,7.6153846
SUPER_3,23150000,66,5,5,76,38,28,8.3
SUPER_3,23160000,62,2,7,71,27,35,6.7777777
SUPER_3,23170000,89,7,13,109,48,41,3.6
SUPER_3,23180000,105,11,8,124,47,58,7.894737
SUPER_3,23190000,140,6,14,160,68,72,5
SUPER_3,23200000,93,10,7,110,45,48,5.2352943
SUPER_3,23210000,115,12,10,137,55,60,3.3636363
SUPER_3,23220000,43,7,7,57,25,18,5.071429
SUPER_3,23230000,102,10,8,120,50,52,5.2222223
SUPER_3,23240000,78,3,6,87,39,39,4.4444447
SUPER_3,23250000,7,1,2,10,2,5,160
SUPER_3,23260000,2,0,0,2,1,1,NaN
SUPER_3,23270000,135,10,12,157,68,67,4.7272725
SUPER_3,23280000,152,17,8,177,78,74,8.84
SUPER_3,23290000,8,0,1,9,5,3,5
SUPER_3,23300000,107,3,8,118,48,59,8.090909
SUPER_3,23310000,145,16,13,174,67,78,6.034483
SUPER_3,23320000,86,6,5,97,43,43,10.363636
SUPER_3,23330000,94,9,7,110,47,47,7.25
SUPER_3,23340000,58,9,8,75,29,29,5.5882354
SUPER_3,23350000,113,13,12,138,59,54,2.92
SUPER_3,23360000,103,14,6,123,53,50,8.55
SUPER_3,23370000,140,9,8,157,80,60,17.470589
SUPER_3,23380000,213,16,23,252,109,104,4.25641
SUPER_3,23390000,140,12,12,164,58,82,26.458334
SUPER_3,23400000,171,9,18,198,98,73,10.259259
SUPER_3,23410000,114,11,14,139,61,53,6.4
SUPER_3,23420000,92,6,5,103,47,45,3.909091
SUPER_3,23430000,200,13,9,222,113,87,7.6363635
SUPER_3,23440000,23,2,6,31,14,9,6.375
SUPER_3,23450000,13,0,0,13,6,7,NaN
SUPER_3,23460000,6,0,1,7,2,4,27
SUPER_3,23470000,99,9,4,112,53,46,7
SUPER_3,23480000,36,1,4,41,23,13,5.4
SUPER_3,23490000,7,0,2,9,1,6,1.5
SUPER_3,23500000,50,8,2,60,28,22,4.1
SUPER_3,23510000,62,7,6,75,35,27,68.30769
SUPER_3,23520000,51,4,2,57,25,26,4.5
SUPER_3,23530000,36,2,5,43,21,15,4.571429
SUPER_3,23540000,30,3,2,35,11,19,3.4
SUPER_3,23550000,28,3,5,36,14,14,19.375
SUPER_3,23560000,16,0,2,18,10,6,8.5
SUPER_3,23570000,44,2,4,50,21,23,5.3333335
SUPER_3,23580000,76,9,10,95,38,38,6.368421
SUPER_3,23590000,66,1,4,71,32,34,3.6
SUPER_3,23600000,47,1,2,50,22,25,5.6666665
SUPER_3,23610000,96,8,8,112,39,57,14.0625
SUPER_3,23620000,187,10,11,208,106,81,5.7619047
SUPER_3,23630000,119,13,13,145,64,55,4.076923
SUPER_3,23640000,48,3,4,55,32,16,3.2857144
SUPER_3,23650000,46,5,3,54,26,20,3.375
SUPER_3,23660000,73,4,6,83,39,34,9.3
SUPER_3,23670000,7,0,0,7,4,3,NaN
SUPER_3,23680000,34,4,4,42,17,17,6.625
SUPER_3,23690000,8,0,3,11,4,4,4
SUPER_3,23700000,2,0,0,2,2,0,NaN
SUPER_3,23710000,1,0,0,1,1,0,NaN
SUPER_3,23720000,0,0,1,1,0,0,5
SUPER_3,23730000,3,0,0,3,2,1,NaN
SUPER_3,23740000,7,0,1,8,5,2,1
SUPER_3,23750000,1,0,0,1,1,0,NaN
SUPER_3,23760000,26,1,5,32,14,12,7
SUPER_3,23770000,109,11,11,131,65,44,5.681818
SUPER_3,23780000,0,0,0,0,0,0,0
SUPER_3,23790000,0,0,0,0,0,0,0
SUPER_3,23800000,0,0,0,0,0,0,0
SUPER_3,23810000,0,0,0,0,0,0,0
SUPER_3,23820000,0,0,0,0,0,0,0
SUPER_3,23830000,0,0,0,0,0,0,0
SUPER_3,23840000,0,0,0,0,0,0,0
SUPER_3,23850000,0,0,0,0,0,0,0
SUPER_3,23860000,86,5,10,101,36,50,6.133333
SUPER_3,23870000,76,7,8,91,36,40,11.933333
SUPER_3,23880000,16,2,0,18,11,5,16.5
SUPER_3,23890000,3,0,0,3,1,2,NaN
SUPER_3,23900000,1,0,0,1,1,0,NaN
SUPER_3,23910000,5,1,1,7,1,4,6
SUPER_3,23920000,21,0,0,21,13,8,NaN
SUPER_3,23930000,90,5,6,101,32,58,3.090909
SUPER_3,23940000,53,4,4,61,24,29,2.5
SUPER_3,23950000,0,0,1,1,0,0,2
SUPER_3,23960000,15,1,1,17,2,13,1
SUPER_3,23970000,42,4,2,48,16,26,2.3333333
SUPER_3,23980000,70,3,8,81,34,36,4.3636365
SUPER_3,23990000,78,10,4,92,41,37,8.142858
SUPER_3,24000000,52,10,8,70,21,31,6.5555553
SUPER_3,24010000,52,5,3,60,30,22,14.375
SUPER_3,24020000,64,2,6,72,32,32,3.125
SUPER_3,24030000,1,0,0,1,0,1,NaN
SUPER_3,24040000,35,2,2,39,19,16,2.75
SUPER_3,24050000,58,2,1,61,26,32,3.3333333
SUPER_3,24060000,43,2,6,51,18,25,26.625
SUPER_3,24070000,58,6,2,66,28,30,5.75
SUPER_3,24080000,52,6,5,63,24,28,6.2727275
SUPER_3,24090000,16,0,2,18,10,6,11
SUPER_3,24100000,59,9,5,73,27,32,3.5
SUPER_3,24110000,114,7,10,131,55,59,24.647058
SUPER_3,24120000,30,0,1,31,11,19,2
SUPER_3,24130000,34,3,3,40,20,14,11.166667
SUPER_3,24140000,57,6,4,67,26,31,3.2
SUPER_3,24150000,66,2,4,72,37,29,7.5
SUPER_3,24160000,150,5,11,166,79,71,6.625
SUPER_3,24170000,140,11,10,161,74,66,9.571428
SUPER_3,24180000,96,16,9,121,54,42,7.4
SUPER_3,24190000,81,3,10,94,45,36,5.6923075
SUPER_3,24200000,20,2,0,22,13,7,1
SUPER_3,24210000,69,2,1,72,39,30,90.666664
SUPER_3,24220000,0,0,0,0,0,0,0
SUPER_3,24230000,0,0,0,0,0,0,0
SUPER_3,24240000,129,4,8,141,59,70,4.6666665
SUPER_3,24250000,72,0,3,75,32,40,6.6666665
SUPER_3,24260000,77,5,5,87,49,28,12.1
SUPER_3,24270000,99,5,7,111,53,46,3.5
SUPER_3,24280000,84,3,1,88,39,45,2.75
SUPER_3,24290000,118,7,11,136,61,57,11.111111
SUPER_3,24300000,56,2,4,62,35,21,2.8333333
SUPER_3,24310000,52,2,4,58,24,28,12.666667
SUPER_3,24320000,99,4,7,110,53,46,4.181818
SUPER_3,24330000,94,6,5,105,54,40,5.3636365
SUPER_3,24340000,50,3,2,55,25,25,2.8
SUPER_3,24350000,53,3,1,57,22,31,3.5
SUPER_3,24360000,19,1,3,23,9,10,5.75
SUPER_3,24370000,71,4,5,80,42,29,20.444445
SUPER_3,24380000,22,1,1,24,8,14,4
SUPER_3,24390000,2,1,0,3,1,1,1
SUPER_3,24400000,2,0,0,2,1,1,NaN
SUPER_3,24410000,1,0,1,2,1,0,1
SUPER_3,24420000,7,0,0,7,6,1,NaN
SUPER_3,24430000,0,1,0,1,0,0,1
SUPER_3,24440000,1,1,0,2,1,0,1
SUPER_3,24450000,0,0,0,0,0,0,0
SUPER_3,24460000,0,0,0,0,0,0,0
SUPER_3,24470000,0,0,0,0,0,0,0
SUPER_3,24480000,5,1,1,7,2,3,5.5
SUPER_3,24490000,4,0,0,4,4,0,NaN
SUPER_3,24500000,0,0,0,0,0,0,0
SUPER_3,24510000,0,0,0,0,0,0,0
SUPER_3,24520000,0,0,0,0,0,0,0
SUPER_3,24530000,0,0,0,0,0,0,0
SUPER_3,24540000,0,0,0,0,0,0,0
SUPER_3,24550000,0,0,0,0,0,0,0
SUPER_3,24560000,0,0,0,0,0,0,0
SUPER_3,24570000,0,0,0,0,0,0,0
SUPER_3,24580000,0,0,0,0,0,0,0
SUPER_3,24590000,0,0,0,0,0,0,0
SUPER_3,24600000,0,0,0,0,0,0,0
SUPER_3,24610000,0,0,0,0,0,0,0
SUPER_3,24620000,0,0,0,0,0,0,0
SUPER_3,24630000,0,0,0,0,0,0,0
SUPER_3,24640000,0,0,0,0,0,0,0
SUPER_3,24650000,0,0,0,0,0,0,0
SUPER_3,24660000,0,0,0,0,0,0,0
SUPER_3,24670000,0,0,0,0,0,0,0
SUPER_3,24680000,0,0,0,0,0,0,0
SUPER_3,24690000,0,0,0,0,0,0,0
SUPER_3,24700000,0,0,0,0,0,0,0
SUPER_3,24710000,14,2,4,20,8,6,2
SUPER_3,24720000,4,0,0,4,3,1,NaN
SUPER_3,24730000,0,0,0,0,0,0,0
SUPER_3,24740000,0,0,0,0,0,0,0
SUPER_3,24750000,133,7,12,152,73,60,4.894737
SUPER_3,24760000,105,6,6,117,53,52,5.9166665
SUPER_3,24770000,102,10,8,120,59,43,6
SUPER_3,24780000,22,3,2,27,11,11,1.4
SUPER_3,24790000,38,3,1,42,29,9,1.5
SUPER_3,24800000,154,3,12,169,81,73,5.6
SUPER_3,24810000,66,4,4,74,33,33,8.25
SUPER_3,24820000,56,4,4,64,26,30,8.5
SUPER_3,24830000,59,1,5,65,28,31,40.333332
SUPER_3,24840000,61,10,4,75,34,27,5
SUPER_3,24850000,85,4,8,97,44,41,9.25
SUPER_3,24860000,130,7,7,144,66,64,7.071429
SUPER_3,24870000,79,3,7,89,41,38,8.1
SUPER_3,24880000,52,2,4,58,30,22,9.833333
SUPER_3,24890000,84,3,9,96,42,42,5.75
SUPER_3,24900000,78,3,7,88,37,41,19.9
SUPER_3,24910000,42,3,1,46,28,14,1.5
SUPER_3,24920000,90,8,6,104,59,31,8.857142
SUPER_3,24930000,152,5,11,168,70,82,8.0625
SUPER_3,24940000,0,0,1,1,0,0,2
SUPER_3,24950000,80,6,8,94,52,28,5.928571
SUPER_3,24960000,70,6,6,82,35,35,8.833333
SUPER_3,24970000,145,7,0,152,82,63,4.571429
SUPER_3,24980000,33,1,5,39,20,13,9.166667
SUPER_3,24990000,41,3,2,46,22,19,2
SUPER_3,25000000,163,17,7,187,87,76,4.4583335
SUPER_3,25010000,157,15,12,184,81,76,6.037037
SUPER_3,25020000,83,10,5,98,41,42,9.8
SUPER_3,25030000,60,5,1,66,36,24,5.6666665
SUPER_3,25040000,130,11,9,150,65,65,23.3
SUPER_3,25050000,21,1,0,22,14,7,1
SUPER_3,25060000,116,12,4,132,58,58,15.375
SUPER_3,25070000,162,7,7,176,81,81,5.714286
SUPER_3,25080000,100,5,7,112,48,52,4.1666665
SUPER_3,25090000,89,2,8,99,49,40,10.5
SUPER_3,25100000,164,11,15,190,84,80,17.653847
SUPER_3,25110000,70,9,3,82,35,35,16.25
SUPER_3,25120000,142,10,9,161,66,76,22.473684
SUPER_3,25130000,0,0,0,0,0,0,0
SUPER_3,25140000,0,0,0,0,0,0,0
SUPER_3,25150000,5,0,1,6,2,3,2
SUPER_3,25160000,0,0,0,0,0,0,0
SUPER_3,25170000,0,0,0,0,0,0,0
SUPER_3,25180000,196,11,11,218,105,91,7.2727275
SUPER_3,25190000,118,7,9,134,57,61,7.125
SUPER_3,25200000,0,0,0,0,0,0,0
SUPER_3,25210000,0,0,0,0,0,0,0
SUPER_3,25220000,130,3,5,138,63,67,5.5
SUPER_3,25230000,83,3,5,91,45,38,43.375
SUPER_3,25240000,106,10,5,121,51,55,9.133333
SUPER_3,25250000,175,10,12,197,92,83,6.9545455
SUPER_3,25260000,77,6,3,86,43,34,8.222222
SUPER_3,25270000,92,5,11,108,54,38,6.1875
SUPER_3,25280000,76,1,4,81,49,27,3.2
SUPER_3,25290000,43,2,3,48,25,18,2
SUPER_3,25300000,59,2,3,64,32,27,6.8
SUPER_3,25310000,3,0,0,3,2,1,NaN
SUPER_3,25320000,5,1,0,6,3,2,2
SUPER_3,25330000,1,0,0,1,0,1,NaN
SUPER_3,25340000,46,2,0,48,24,22,2
SUPER_3,25350000,43,1,2,46,21,22,1.6666666
SUPER_3,25360000,85,5,7,97,42,43,19.166666
SUPER_3,25370000,113,10,6,129,64,49,7.625
SUPER_3,25380000,72,5,8,85,39,33,17.615385
SUPER_3,25390000,32,4,2,38,13,19,3.3333333
SUPER_3,25400000,2,1,0,3,1,1,1
SUPER_3,25410000,1,0,0,1,0,1,NaN
SUPER_3,25420000,22,3,1,26,10,12,1.75
SUPER_3,25430000,82,8,2,92,44,38,8.3
SUPER_3,25440000,74,5,7,86,36,38,8.25
SUPER_3,25450000,67,4,7,78,25,42,14.545455
SUPER_3,25460000,49,4,5,58,29,20,8
SUPER_3,25470000,90,6,10,106,53,37,3.5625
SUPER_3,25480000,60,0,4,64,39,21,1.75
SUPER_3,25490000,37,5,4,46,16,21,9.555555
SUPER_3,25500000,38,1,1,40,15,23,84
SUPER_3,25510000,13,2,0,15,6,7,4
SUPER_3,25520000,96,7,4,107,50,46,1.9090909
SUPER_3,25530000,119,8,6,133,60,59,4.714286
SUPER_3,25540000,1,0,0,1,1,0,NaN
SUPER_3,25550000,36,2,2,40,20,16,6
SUPER_3,25560000,85,4,5,94,40,45,16.555555
SUPER_3,25570000,95,13,7,115,55,40,4.15
SUPER_3,25580000,41,3,4,48,23,18,4.571429
SUPER_3,25590000,26,2,1,29,13,13,2
SUPER_3,25600000,55,5,3,63,28,27,6.75
SUPER_3,25610000,62,0,4,66,26,36,18.75
SUPER_3,25620000,72,6,4,82,31,41,13.4
SUPER_3,25630000,65,2,4,71,26,39,1.3333334
SUPER_3,25640000,229,11,14,254,105,124,6.28
SUPER_3,25650000,82,1,7,90,42,40,16.375
SUPER_3,25660000,123,6,7,136,61,62,20.692308
SUPER_3,25670000,94,6,7,107,45,49,9.076923
SUPER_3,25680000,64,4,3,71,29,35,56.714287
SUPER_3,25690000,50,2,0,52,26,24,27.5
SUPER_3,25700000,11,0,0,11,5,6,NaN
SUPER_3,25710000,2,1,0,3,0,2,1
SUPER_3,25720000,0,0,0,0,0,0,0
SUPER_3,25730000,0,0,0,0,0,0,0
SUPER_3,25740000,58,4,6,68,34,24,21.7
SUPER_3,25750000,1,0,0,1,0,1,NaN
SUPER_3,25760000,0,0,0,0,0,0,0
SUPER_3,25770000,0,0,0,0,0,0,0
SUPER_3,25780000,13,1,5,19,9,4,3.3333333
SUPER_3,25790000,127,13,11,151,66,61,8.958333
SUPER_3,25800000,55,3,5,63,20,35,2.875
SUPER_3,25810000,0,1,1,2,0,0,6
SUPER_3,25820000,40,1,1,42,26,14,1.5
SUPER_3,25830000,87,6,4,97,41,46,2.2
SUPER_3,25840000,152,11,12,175,76,76,7.4347825
SUPER_3,25850000,29,1,1,31,19,10,1
SUPER_3,25860000,62,1,6,69,32,30,5.857143
SUPER_3,25870000,195,6,16,217,97,98,9.772727
SUPER_3,25880000,125,4,7,136,70,55,9.818182
SUPER_3,25890000,151,10,11,172,84,67,10.571428
SUPER_3,25900000,118,2,7,127,67,51,15.555555
SUPER_3,25910000,104,6,8,118,54,50,4.571429
SUPER_3,25920000,7,0,0,7,3,4,NaN
SUPER_3,25930000,115,5,8,128,67,48,16.23077
SUPER_3,25940000,86,4,2,92,43,43,3.5
SUPER_3,25950000,0,0,0,0,0,0,0
SUPER_3,25960000,0,0,0,0,0,0,0
SUPER_3,25970000,0,0,0,0,0,0,0
SUPER_3,25980000,61,9,1,71,33,28,4
SUPER_3,25990000,86,4,7,97,42,44,8.272727
SUPER_3,26000000,3,0,0,3,2,1,NaN
SUPER_3,26010000,2,0,1,3,2,0,1
SUPER_3,26020000,0,2,0,2,0,0,16.5
SUPER_3,26030000,2,0,1,3,1,1,3
SUPER_3,26040000,2,2,0,4,1,1,1.5
SUPER_3,26050000,13,0,3,16,7,6,5
SUPER_3,26060000,3,0,2,5,2,1,1
SUPER_3,26070000,2,1,0,3,0,2,8
SUPER_3,26080000,2,0,0,2,0,2,NaN
SUPER_3,26090000,2,0,0,2,2,0,NaN
SUPER_3,26100000,2,0,0,2,0,2,NaN
SUPER_3,26110000,16,4,2,22,9,7,4.5
SUPER_3,26120000,114,6,11,131,52,62,11.294118
SUPER_3,26130000,157,7,10,174,83,74,9.117647
SUPER_3,26140000,133,6,4,143,70,63,5.5
SUPER_3,26150000,119,11,2,132,64,55,4.769231
SUPER_3,26160000,162,16,8,186,91,71,18.583334
SUPER_3,26170000,114,9,9,132,59,55,5.0555553
SUPER_3,26180000,14,3,1,18,7,7,9.25
SUPER_3,26190000,95,5,4,104,59,36,6
SUPER_3,26200000,84,2,5,91,49,35,9.714286
SUPER_3,26210000,87,6,4,97,49,38,5.9
SUPER_3,26220000,104,9,13,126,56,48,9.363636
SUPER_3,26230000,59,2,6,67,29,30,1
SUPER_3,26240000,106,14,9,129,65,41,7.9130435
SUPER_3,26250000,43,4,3,50,21,22,5.285714
SUPER_3,26260000,180,16,11,207,100,80,12
SUPER_3,26270000,19,3,1,23,9,10,6.25
SUPER_3,26280000,2,0,0,2,1,1,NaN
SUPER_3,26290000,55,1,4,60,29,26,1.6
SUPER_3,26300000,76,10,12,98,37,39,3.7727273
SUPER_3,26310000,70,5,4,79,35,35,2.1111112
SUPER_3,26320000,120,2,7,129,66,54,7.5555553
SUPER_3,26330000,42,3,2,47,24,18,6.2
SUPER_3,26340000,2,0,0,2,0,2,NaN
SUPER_3,26350000,5,1,1,7,3,2,7
SUPER_3,26360000,3,0,0,3,2,1,NaN
SUPER_3,26370000,18,1,1,20,5,13,3
SUPER_3,26380000,13,0,0,13,7,6,NaN
SUPER_3,26390000,5,0,1,6,2,3,1
SUPER_3,26400000,11,1,1,13,3,8,16.5
SUPER_3,26410000,9,0,1,10,4,5,2
SUPER_3,26420000,8,1,1,10,6,2,10.5
SUPER_3,26430000,47,3,0,50,20,27,18
SUPER_3,26440000,92,12,7,111,47,45,3.631579
SUPER_3,26450000,99,7,7,113,49,50,5
SUPER_3,26460000,135,3,9,147,74,61,1.8333334
SUPER_3,26470000,61,4,6,71,27,34,23.9
SUPER_3,26480000,0,0,0,0,0,0,0
SUPER_3,26490000,0,0,0,0,0,0,0
SUPER_3,26500000,0,0,0,0,0,0,0
SUPER_3,26510000,117,6,11,134,62,55,3.4117646
SUPER_3,26520000,35,1,3,39,21,14,2.5
SUPER_3,26530000,200,9,6,215,105,95,3.4
SUPER_3,26540000,144,6,8,158,72,72,4.928571
SUPER_3,26550000,60,1,0,61,28,32,1
SUPER_3,26560000,71,6,2,79,38,33,7.25
SUPER_3,26570000,140,5,11,156,77,63,33.125
SUPER_3,26580000,1,0,1,2,1,0,4
SUPER_3,26590000,2,0,1,3,1,1,18
SUPER_3,26600000,0,1,0,1,0,0,10
SUPER_3,26610000,25,0,2,27,17,8,1.5
SUPER_3,26620000,26,1,1,28,13,13,1.5
SUPER_3,26630000,0,0,0,0,0,0,0
SUPER_3,26640000,0,0,0,0,0,0,0
SUPER_3,26650000,117,3,5,125,51,66,18.75
SUPER_3,26660000,36,1,1,38,17,19,93.5
SUPER_3,26670000,138,8,9,155,73,65,5.352941
SUPER_3,26680000,3,0,0,3,0,3,NaN
SUPER_3,26690000,163,8,15,186,93,70,5.130435
SUPER_3,26700000,60,3,3,66,36,24,4.3333335
SUPER_3,26710000,193,6,11,210,96,97,6.7647057
SUPER_3,26720000,148,4,7,159,95,53,2.8181818
SUPER_3,26730000,165,14,12,191,88,77,3.2307692
SUPER_3,26740000,236,15,13,264,114,122,2.6785715
SUPER_3,26750000,114,7,3,124,64,50,5.3
SUPER_3,26760000,115,9,8,132,56,59,13.705882
SUPER_3,26770000,134,8,10,152,64,70,11.944445
SUPER_3,26780000,0,0,0,0,0,0,0
SUPER_3,26790000,0,0,0,0,0,0,0
SUPER_3,26800000,48,3,2,53,30,18,8.4
SUPER_3,26810000,130,7,6,143,72,58,4.5384617
SUPER_3,26820000,81,11,11,103,36,45,6.681818
SUPER_3,26830000,66,1,5,72,40,26,39.833332
SUPER_3,26840000,62,1,4,67,33,29,3.8
SUPER_3,26850000,61,4,4,69,29,32,3.5
SUPER_3,26860000,81,6,8,95,36,45,5.857143
SUPER_3,26870000,153,10,6,169,90,63,9
SUPER_3,26880000,25,0,3,28,13,12,1.6666666
SUPER_3,26890000,54,1,5,60,29,25,5.1666665
SUPER_3,26900000,43,4,4,51,25,18,6.25
SUPER_3,26910000,147,9,7,163,79,68,5
SUPER_3,26920000,29,4,3,36,18,11,2.142857
SUPER_3,26930000,91,4,10,105,50,41,14.428572
SUPER_3,26940000,44,1,3,48,19,25,1
SUPER_3,26950000,114,7,6,127,55,59,26.23077
SUPER_3,26960000,83,6,3,92,49,34,4.2222223
SUPER_3,26970000,60,7,8,75,35,25,6.6
SUPER_3,26980000,33,1,1,35,16,17,10
SUPER_3,26990000,20,2,0,22,11,9,10
SUPER_3,27000000,74,3,5,82,39,35,4.875
SUPER_3,27010000,147,5,12,164,77,70,9.176471
SUPER_3,27020000,87,6,3,96,47,40,14
SUPER_3,27030000,108,5,5,118,67,41,4.6
SUPER_3,27040000,21,2,2,25,12,9,1
SUPER_3,27050000,91,7,5,103,42,49,23.833334
SUPER_3,27060000,148,9,16,173,81,67,12.8
SUPER_3,27070000,91,4,6,101,42,49,1.8
SUPER_3,27080000,100,4,7,111,49,51,4.3636365
SUPER_3,27090000,25,1,0,26,14,11,1
SUPER_3,27100000,171,12,12,195,92,79,9.625
SUPER_3,27110000,199,14,11,224,112,87,15.8
SUPER_3,27120000,85,2,6,93,47,38,3.75
SUPER_3,27130000,186,14,20,220,114,72,11.088235
SUPER_3,27140000,159,9,15,183,85,74,7.4583335
SUPER_3,27150000,1,0,0,1,1,0,NaN
SUPER_3,27160000,92,8,4,104,39,53,9.333333
SUPER_3,27170000,79,3,4,86,44,35,6.857143
SUPER_3,27180000,66,3,6,75,35,31,5.5555553
SUPER_3,27190000,142,10,5,157,79,63,5.0666666
SUPER_3,27200000,151,8,7,166,81,70,6.6
SUPER_3,27210000,120,9,4,133,65,55,12.076923
SUPER_3,27220000,0,0,0,0,0,0,0
SUPER_3,27230000,0,0,0,0,0,0,0
SUPER_3,27240000,217,16,14,247,117,100,11.233334
SUPER_3,27250000,84,3,5,92,44,40,5.25
SUPER_3,27260000,94,7,8,109,46,48,3.5333333
SUPER_3,27270000,158,9,11,178,86,72,6.9
SUPER_3,27280000,145,10,5,160,73,72,5.9333334
SUPER_3,27290000,26,0,2,28,14,12,14.5
SUPER_3,27300000,53,4,3,60,32,21,3.2857144
SUPER_3,27310000,106,12,13,131,61,45,5.92
SUPER_3,27320000,93,4,4,101,58,35,4.5
SUPER_3,27330000,78,0,1,79,50,28,2
SUPER_3,27340000,157,8,8,173,79,78,6.875
SUPER_3,27350000,123,7,11,141,58,65,13.277778
SUPER_3,27360000,159,10,9,178,79,80,6.631579
SUPER_3,27370000,79,1,10,90,26,53,23.181818
SUPER_3,27380000,54,3,4,61,26,28,11.571428
SUPER_3,27390000,36,1,7,44,18,18,4.75
SUPER_3,27400000,47,6,4,57,28,19,5
SUPER_3,27410000,67,7,7,81,30,37,4.071429
SUPER_3,27420000,96,4,10,110,45,51,11.214286
SUPER_3,27430000,107,6,13,126,48,59,3.2631578
SUPER_3,27440000,131,9,17,157,65,66,12.115385
SUPER_3,27450000,56,1,1,58,38,18,1.5
SUPER_3,27460000,126,14,16,156,65,61,12.3
SUPER_3,27470000,130,6,8,144,65,65,8
SUPER_3,27480000,117,15,11,143,53,64,8.307693
SUPER_3,27490000,0,1,1,2,0,0,2
SUPER_3,27500000,61,2,6,69,26,35,6.875
SUPER_3,27510000,0,0,0,0,0,0,0
SUPER_3,27520000,0,0,0,0,0,0,0
SUPER_3,27530000,77,5,1,83,43,34,10.5
SUPER_3,27540000,91,9,6,106,55,36,5
SUPER_3,27550000,165,11,15,191,80,85,4
SUPER_3,27560000,94,4,5,103,48,46,6
SUPER_3,27570000,97,5,11,113,49,48,5.8125
SUPER_3,27580000,0,0,0,0,0,0,0
SUPER_3,27590000,0,0,0,0,0,0,0
SUPER_3,27600000,45,4,12,61,29,16,6.375
SUPER_3,27610000,2,0,0,2,0,2,NaN
SUPER_3,27620000,6,0,0,6,3,3,NaN
SUPER_3,27630000,97,6,8,111,50,47,11
SUPER_3,27640000,120,9,3,132,58,62,2.1666667
SUPER_3,27650000,103,4,5,112,50,53,5.111111
SUPER_3,27660000,104,8,9,121,49,55,8.764706
SUPER_3,27670000,177,12,12,201,81,96,5.625
SUPER_3,27680000,93,8,5,106,39,54,10.230769
SUPER_3,27690000,131,11,15,157,62,69,5.769231
SUPER_3,27700000,139,10,14,163,70,69,14.75
SUPER_3,27710000,53,4,5,62,26,27,14.222222
SUPER_3,27720000,175,16,14,205,84,91,5
SUPER_3,27730000,4,1,2,7,1,3,20.333334
SUPER_3,27740000,139,14,11,164,78,61,6.24
SUPER_3,27750000,108,3,9,120,54,54,4.5
SUPER_3,27760000,146,11,11,168,78,68,4.9545455
SUPER_3,27770000,123,7,13,143,58,65,15.35
SUPER_3,27780000,148,13,17,178,70,78,35.333332
SUPER_3,27790000,134,9,8,151,66,68,13.470589
SUPER_3,27800000,69,11,12,92,27,42,10.73913
SUPER_3,27810000,44,7,10,61,22,22,7.0588236
SUPER_3,27820000,17,3,4,24,8,9,9
SUPER_3,27830000,64,5,2,71,32,32,12.428572
SUPER_3,27840000,2,1,1,4,0,2,1.5
SUPER_3,27850000,5,1,1,7,3,2,4
SUPER_3,27860000,1,0,0,1,1,0,NaN
SUPER_3,27870000,16,2,1,19,7,9,1.3333334
SUPER_3,27880000,23,2,1,26,11,12,6.6666665
SUPER_3,27890000,104,11,7,122,51,53,5.388889
SUPER_3,27900000,124,14,9,147,63,61,27.652174
SUPER_3,27910000,89,12,6,107,39,50,3.2777777
SUPER_3,27920000,156,14,20,190,72,84,4.647059
SUPER_3,27930000,104,9,12,125,55,49,3.7142856
SUPER_3,27940000,109,1,9,119,66,43,6.1
SUPER_3,27950000,59,6,8,73,29,30,31.714285
SUPER_3,27960000,214,10,13,237,103,111,4.0869565
SUPER_3,27970000,147,11,13,171,66,81,4.7083335
SUPER_3,27980000,16,1,2,19,6,10,3.3333333
SUPER_3,27990000,98,12,5,115,51,47,3.8823528
SUPER_3,28000000,93,9,8,110,41,52,16.470589
SUPER_3,28010000,126,5,6,137,65,61,3.3636363
SUPER_3,28020000,103,3,10,116,45,58,20.307692
SUPER_3,28030000,195,15,11,221,89,106,41
SUPER_3,28040000,77,13,4,94,37,40,6.4117646
SUPER_3,28050000,1,0,0,1,0,1,NaN
SUPER_3,28060000,48,2,6,56,28,20,13.625
SUPER_3,28070000,0,0,0,0,0,0,0
SUPER_3,28080000,0,0,0,0,0,0,0
SUPER_3,28090000,16,2,1,19,9,7,3
SUPER_3,28100000,0,0,0,0,0,0,0
SUPER_3,28110000,0,0,0,0,0,0,0
SUPER_3,28120000,0,0,0,0,0,0,0
SUPER_3,28130000,0,0,0,0,0,0,0
SUPER_3,28140000,4,0,0,4,4,0,NaN
SUPER_3,28150000,30,2,0,32,11,19,7.5
SUPER_3,28160000,105,10,5,120,55,50,4.5333333
SUPER_3,28170000,63,5,3,71,32,31,4.125
SUPER_3,28180000,46,2,1,49,22,24,11
SUPER_3,28190000,59,7,6,72,24,35,6.923077
SUPER_3,28200000,88,5,5,98,48,40,2.6
SUPER_3,28210000,100,8,13,121,56,44,6.6666665
SUPER_3,28220000,83,5,10,98,46,37,8.866667
SUPER_3,28230000,5,2,0,7,4,1,6
SUPER_3,28240000,9,2,0,11,4,5,2
SUPER_3,28250000,47,2,0,49,28,19,18
SUPER_3,28260000,2,0,1,3,0,2,27
SUPER_3,28270000,27,2,2,31,10,17,138
SUPER_3,28280000,148,8,5,161,80,68,8.923077
SUPER_3,28290000,29,1,0,30,12,17,8
SUPER_3,28300000,17,2,1,20,6,11,2.6666667
SUPER_3,28310000,108,4,5,117,71,37,3.7777777
SUPER_3,28320000,95,9,7,111,47,48,4.1875
SUPER_3,28330000,103,5,7,115,55,48,16.416666
SUPER_3,28340000,109,3,1,113,51,58,7.25
SUPER_3,28350000,144,8,17,169,76,68,9.92
SUPER_3,28360000,133,5,7,145,65,68,13.75
SUPER_3,28370000,2,0,1,3,0,2,4
SUPER_3,28380000,1,1,0,2,1,0,41
SUPER_3,28390000,1,0,1,2,0,1,1
SUPER_3,28400000,110,2,13,125,63,47,21.4
SUPER_3,28410000,77,11,13,101,40,37,4
SUPER_3,28420000,124,10,16,150,51,73,10.769231
SUPER_3,28430000,167,15,13,195,87,80,6.107143
SUPER_3,28440000,57,7,8,72,27,30,4.6666665
SUPER_3,28450000,171,12,12,195,79,92,4.3333335
SUPER_3,28460000,41,2,5,48,19,22,28.571428
SUPER_3,28470000,149,10,4,163,78,71,4.071429
SUPER_3,28480000,90,2,5,97,51,39,3.7142856
SUPER_3,28490000,0,2,0,2,0,0,27.5
SUPER_3,28500000,6,2,2,10,2,4,27
SUPER_3,28510000,106,7,7,120,61,45,8.285714
SUPER_3,28520000,154,7,9,170,81,73,6.25
SUPER_3,28530000,137,12,10,159,60,77,4.409091
SUPER_3,28540000,114,6,11,131,51,63,5.1764708
SUPER_3,28550000,67,8,4,79,36,31,3.25
SUPER_3,28560000,123,8,2,133,65,58,3.5
SUPER_3,28570000,36,5,3,44,22,14,8.25
SUPER_3,28580000,5,0,2,7,1,4,4.5
SUPER_3,28590000,78,3,10,91,27,51,13.384615
SUPER_3,28600000,189,18,19,226,89,100,8.378378
SUPER_3,28610000,189,18,29,236,101,88,9.297873
SUPER_3,28620000,96,5,8,109,52,44,6
SUPER_3,28630000,159,10,13,182,78,81,6.9565215
SUPER_3,28640000,62,6,6,74,36,26,5
SUPER_3,28650000,134,7,7,148,70,64,5.571429
SUPER_3,28660000,46,2,2,50,29,17,13.75
SUPER_3,28670000,1,0,1,2,0,1,2
SUPER_3,28680000,94,12,10,116,52,42,6.909091
SUPER_3,28690000,55,3,3,61,33,22,14.333333
SUPER_3,28700000,104,7,13,124,57,47,12.6
SUPER_3,28710000,99,13,7,119,50,49,21.2
SUPER_3,28720000,129,8,9,146,63,66,28.352942
SUPER_3,28730000,66,10,6,82,33,33,7.75
SUPER_3,28740000,3,0,0,3,2,1,NaN
SUPER_3,28750000,114,12,10,136,58,56,6.590909
SUPER_3,28760000,97,7,5,109,52,45,10.25
SUPER_3,28770000,199,11,15,225,103,96,6.8846154
SUPER_3,28780000,1,2,0,3,1,0,2.5
SUPER_3,28790000,2,0,0,2,2,0,NaN
SUPER_3,28800000,3,1,0,4,1,2,1
SUPER_3,28810000,5,1,1,7,3,2,1
SUPER_3,28820000,3,0,0,3,0,3,NaN
SUPER_3,28830000,0,0,0,0,0,0,0
SUPER_3,28840000,0,0,0,0,0,0,0
SUPER_3,28850000,7,0,0,7,5,2,NaN
SUPER_3,28860000,0,0,1,1,0,0,1
SUPER_3,28870000,5,0,1,6,2,3,1
SUPER_3,28880000,4,0,0,4,2,2,NaN
SUPER_3,28890000,3,0,2,5,0,3,1.5
SUPER_3,28900000,3,1,0,4,1,2,1
SUPER_3,28910000,0,0,0,0,0,0,0
SUPER_3,28920000,0,0,0,0,0,0,0
SUPER_3,28930000,8,3,0,11,4,4,1.6666666
SUPER_3,28940000,142,10,13,165,83,59,7.5652175
SUPER_3,28950000,5,0,0,5,4,1,NaN
SUPER_3,28960000,2,0,0,2,2,0,NaN
SUPER_3,28970000,2,0,1,3,0,2,3
SUPER_3,28980000,8,0,4,12,4,4,1.25
SUPER_3,28990000,2,0,0,2,1,1,NaN
SUPER_3,29000000,2,0,0,2,1,1,NaN
SUPER_3,29010000,170,8,12,190,98,72,11.25
SUPER_3,29020000,140,12,15,167,85,55,4.5925927
SUPER_3,29030000,135,13,7,155,58,77,2.7
SUPER_3,29040000,2,0,0,2,1,1,NaN
SUPER_3,29050000,1,0,0,1,0,1,NaN
SUPER_3,29060000,74,5,6,85,39,35,7.3636365
SUPER_3,29070000,96,0,5,101,47,49,3.8
SUPER_3,29080000,98,7,5,110,48,50,3.6666667
SUPER_3,29090000,90,6,10,106,43,47,8.875
SUPER_3,29100000,77,6,6,89,39,38,6.75
SUPER_3,29110000,0,0,0,0,0,0,0
SUPER_3,29120000,0,0,0,0,0,0,0
SUPER_3,29130000,34,2,4,40,15,19,59.666668
SUPER_3,29140000,1,0,2,3,0,1,27.5
SUPER_3,29150000,3,0,0,3,1,2,NaN
SUPER_3,29160000,1,0,1,2,0,1,1
SUPER_3,29170000,10,0,3,13,5,5,2.3333333
SUPER_3,29180000,1,0,0,1,0,1,NaN
SUPER_3,29190000,1,0,0,1,0,1,NaN
SUPER_3,29200000,1,0,0,1,1,0,NaN
SUPER_3,29210000,54,2,3,59,30,24,1
SUPER_3,29220000,130,5,6,141,67,63,5
SUPER_3,29230000,104,4,5,113,55,49,7.3333335
SUPER_3,29240000,98,12,3,113,44,54,4.8
SUPER_3,29250000,37,6,2,45,19,18,5.875
SUPER_3,29260000,0,0,0,0,0,0,0
SUPER_3,29270000,0,0,0,0,0,0,0
SUPER_3,29280000,5,0,1,6,3,2,1
SUPER_3,29290000,2,0,0,2,1,1,NaN
SUPER_3,29300000,2,0,0,2,1,1,NaN
SUPER_3,29310000,0,0,0,0,0,0,0
SUPER_3,29320000,0,0,0,0,0,0,0
SUPER_3,29330000,3,1,1,5,2,1,7.5
SUPER_3,29340000,5,0,0,5,1,4,NaN
SUPER_3,29350000,5,0,1,6,3,2,1
SUPER_3,29360000,4,2,0,6,2,2,2
SUPER_3,29370000,3,0,0,3,2,1,NaN
SUPER_3,29380000,3,2,1,6,1,2,2.6666667
SUPER_3,29390000,0,1,0,1,0,0,4
SUPER_3,29400000,2,2,1,5,2,0,3
SUPER_3,29410000,65,7,4,76,36,29,5.7272725
SUPER_3,29420000,83,7,6,96,34,49,5.923077
SUPER_3,29430000,13,0,1,14,6,7,4
SUPER_3,29440000,0,3,1,4,0,0,7.5
SUPER_3,29450000,58,6,3,67,24,34,2.8888888
SUPER_3,29460000,3,1,0,4,1,2,4
SUPER_3,29470000,6,0,0,6,4,2,NaN
SUPER_3,29480000,16,1,2,19,7,9,2
SUPER_3,29490000,134,6,9,149,74,60,26.2
SUPER_3,29500000,81,7,9,97,35,46,22.75
SUPER_3,29510000,227,11,14,252,125,102,10.96
SUPER_3,29520000,25,2,3,30,14,11,6.4
SUPER_3,29530000,78,5,6,89,42,36,6.090909
SUPER_3,29540000,92,3,2,97,50,42,12.8
SUPER_3,29550000,135,8,7,150,63,72,13.333333
SUPER_3,29560000,104,7,7,118,59,45,25.285715
SUPER_3,29570000,111,9,8,128,49,62,3.8823528
SUPER_3,29580000,123,6,7,136,82,41,6.230769
SUPER_3,29590000,195,8,13,216,98,97,5.6190476
SUPER_3,29600000,154,13,10,177,80,74,8.826087
SUPER_3,29610000,158,8,6,172,69,89,4.785714
SUPER_3,29620000,72,3,6,81,36,36,13
SUPER_3,29630000,43,3,4,50,15,28,4.857143
SUPER_3,29640000,128,7,9,144,68,60,7.25
SUPER_3,29650000,132,9,11,152,58,74,8.8
SUPER_3,29660000,96,4,5,105,58,38,10.333333
SUPER_3,29670000,166,11,10,187,79,87,4.3333335
SUPER_3,29680000,35,4,5,44,14,21,13.333333
SUPER_3,29690000,96,6,5,107,49,47,4.181818
SUPER_3,29700000,188,6,10,204,90,98,9.9375
SUPER_3,29710000,134,8,9,151,77,57,4.8235292
SUPER_3,29720000,180,16,5,201,108,72,6.428571
SUPER_3,29730000,131,7,4,142,73,58,6.3636365
SUPER_3,29740000,98,12,7,117,44,54,1.8947369
SUPER_3,29750000,190,9,9,208,99,91,19.444445
SUPER_3,29760000,141,6,10,157,70,71,18.9375
SUPER_3,29770000,166,4,10,180,84,82,14.285714
SUPER_3,29780000,88,4,9,101,48,40,4.923077
SUPER_3,29790000,75,5,5,85,47,28,4.7
SUPER_3,29800000,100,5,6,111,54,46,2
SUPER_3,29810000,29,4,3,36,20,9,7.857143
SUPER_3,29820000,20,4,1,25,12,8,2
SUPER_3,29830000,109,5,8,122,59,50,28.461538
SUPER_3,29840000,91,9,7,107,45,46,10.375
SUPER_3,29850000,158,9,12,179,91,67,8.142858
SUPER_3,29860000,49,2,2,53,24,25,9.75
SUPER_3,29870000,49,3,4,56,25,24,21
SUPER_3,29880000,1,0,0,1,1,0,NaN
SUPER_3,29890000,12,0,0,12,7,5,NaN
SUPER_3,29900000,2,0,0,2,1,1,NaN
SUPER_3,29910000,2,0,0,2,1,1,NaN
SUPER_3,29920000,76,6,2,84,40,36,5.375
SUPER_3,29930000,160,18,10,188,75,85,5.785714
SUPER_3,29940000,152,8,13,173,81,71,10.190476
SUPER_3,29950000,13,0,0,13,9,4,NaN
SUPER_3,29960000,1,1,2,4,1,0,2
SUPER_3,29970000,5,0,1,6,3,2,4
SUPER_3,29980000,74,3,2,79,43,31,1.8
SUPER_3,29990000,124,10,17,151,55,69,5.6296296
SUPER_3,30000000,84,5,13,102,41,43,9.611111
SUPER_3,30010000,73,8,4,85,37,36,4.1666665
SUPER_3,30020000,0,0,0,0,0,0,0
SUPER_3,30030000,0,0,0,0,0,0,0
SUPER_3,30040000,224,13,19,256,123,101,10.3125
SUPER_3,30050000,100,8,5,113,47,53,7.230769
SUPER_3,30060000,46,0,7,53,23,23,5.142857
SUPER_3,30070000,55,0,5,60,26,29,22.6
SUPER_3,30080000,114,10,6,130,58,56,10.1875
SUPER_3,30090000,130,1,8,139,63,67,32.666668
SUPER_3,30100000,106,10,3,119,58,48,8.230769
SUPER_3,30110000,22,1,2,25,13,9,9
SUPER_3,30120000,9,2,1,12,5,4,2.6666667
SUPER_3,30130000,66,4,5,75,27,39,4.2222223
SUPER_3,30140000,67,6,2,75,34,33,4
SUPER_3,30150000,51,3,6,60,30,21,11.333333
SUPER_3,30160000,148,9,7,164,85,63,8.75
SUPER_3,30170000,118,20,9,147,64,54,4.7586207
SUPER_3,30180000,79,9,5,93,42,37,3.4285715
SUPER_3,30190000,50,4,5,59,24,26,6
SUPER_3,30200000,57,6,7,70,28,29,8
SUPER_3,30210000,44,2,3,49,30,14,7.2
SUPER_3,30220000,72,3,4,79,40,32,13.285714
SUPER_3,30230000,2,0,0,2,1,1,NaN
SUPER_3,30240000,11,3,1,15,8,3,6.25
SUPER_3,30250000,91,8,12,111,44,47,8.7
SUPER_3,30260000,107,15,9,131,52,55,14.375
SUPER_3,30270000,81,5,4,90,29,52,6.4444447
SUPER_3,30280000,86,7,7,100,45,41,5.571429
SUPER_3,30290000,84,6,10,100,41,43,5.75
SUPER_3,30300000,36,5,2,43,18,18,16.428572
SUPER_3,30310000,89,3,9,101,40,49,31.166666
SUPER_3,30320000,41,2,1,44,23,18,10.333333
SUPER_3,30330000,62,3,4,69,37,25,4.285714
SUPER_3,30340000,8,1,1,10,5,3,82
SUPER_3,30350000,141,12,10,163,58,83,8.681818
SUPER_3,30360000,135,12,12,159,71,64,20.625
SUPER_3,30370000,37,3,3,43,15,22,3
SUPER_3,30380000,99,6,4,109,46,53,11.9
SUPER_3,30390000,68,4,7,79,36,32,3.6363637
SUPER_3,30400000,155,8,5,168,98,57,8.923077
SUPER_3,30410000,120,8,9,137,63,57,4.9411764
SUPER_3,30420000,0,0,0,0,0,0,0
SUPER_3,30430000,0,0,0,0,0,0,0
SUPER_3,30440000,63,5,8,76,36,27,22.23077
SUPER_3,30450000,2,1,0,3,0,2,1
SUPER_3,30460000,97,7,16,120,49,48,37.434784
SUPER_3,30470000,37,1,3,41,24,13,7.25
SUPER_3,30480000,38,3,7,48,21,17,2.1
SUPER_3,30490000,144,9,10,163,74,70,5
SUPER_3,30500000,111,3,10,124,56,55,3.9230769
SUPER_3,30510000,108,10,9,127,58,50,5.4210525
SUPER_3,30520000,86,8,3,97,43,43,14.636364
SUPER_3,30530000,30,1,5,36,14,16,5.3333335
SUPER_3,30540000,5,2,0,7,1,4,1.5
SUPER_3,30550000,28,3,2,33,14,14,20
SUPER_3,30560000,98,5,5,108,49,49,10.9
SUPER_3,30570000,6,1,0,7,3,3,3
SUPER_3,30580000,35,2,9,46,14,21,12.909091
SUPER_3,30590000,116,6,6,128,61,55,2.75
SUPER_3,30600000,64,9,5,78,30,34,43
SUPER_3,30610000,35,3,3,41,17,18,3.5
SUPER_3,30620000,8,0,0,8,3,5,NaN
SUPER_3,30630000,75,5,5,85,42,33,5.7
SUPER_3,30640000,6,0,0,6,0,6,NaN
SUPER_3,30650000,0,0,2,2,0,0,17.5
SUPER_3,30660000,19,0,1,20,12,7,4
SUPER_3,30670000,9,0,1,10,6,3,2
SUPER_3,30680000,161,8,12,181,94,67,4.85
SUPER_3,30690000,147,13,11,171,80,67,11.708333
SUPER_3,30700000,27,2,1,30,17,10,11.666667
SUPER_3,30710000,0,0,0,0,0,0,0
SUPER_3,30720000,0,0,0,0,0,0,0
SUPER_3,30730000,2,1,1,4,1,1,1.5
SUPER_3,30740000,120,8,7,135,61,59,17.266666
SUPER_3,30750000,34,5,2,41,22,12,4
SUPER_3,30760000,36,4,2,42,12,24,2.5
SUPER_3,30770000,49,4,1,54,22,27,7.2
SUPER_3,30780000,100,11,9,120,48,52,12.95
SUPER_3,30790000,54,7,3,64,24,30,4.4
SUPER_3,30800000,88,5,8,101,46,42,4.5384617
SUPER_3,30810000,88,10,6,104,45,43,6
SUPER_3,30820000,68,5,2,75,32,36,5.142857
SUPER_3,30830000,5,5,3,13,3,2,1.125
SUPER_3,30840000,0,0,0,0,0,0,0
SUPER_3,30850000,0,0,0,0,0,0,0
SUPER_3,30860000,6,0,0,6,3,3,NaN
SUPER_3,30870000,2,0,0,2,1,1,NaN
SUPER_3,30880000,34,0,2,36,20,14,2
SUPER_3,30890000,35,4,2,41,15,20,6
SUPER_3,30900000,6,0,0,6,6,0,NaN
SUPER_3,30910000,17,0,2,19,8,9,5
SUPER_3,30920000,9,0,0,9,7,2,NaN
SUPER_3,30930000,3,0,0,3,1,2,NaN
SUPER_3,30940000,16,1,3,20,6,10,2
SUPER_3,30950000,12,0,2,14,5,7,2
SUPER_3,30960000,33,1,3,37,18,15,88.75
SUPER_3,30970000,12,1,2,15,9,3,1.3333334
SUPER_3,30980000,47,3,3,53,31,16,4.5
SUPER_3,30990000,2,1,1,4,2,0,1.5
SUPER_3,31000000,30,0,7,37,19,11,2.857143
SUPER_3,31010000,44,4,4,52,23,21,4.25
SUPER_3,31020000,83,2,7,92,50,33,4.2222223
SUPER_3,31030000,30,2,3,35,16,14,4
SUPER_3,31040000,69,1,3,73,34,35,2
SUPER_3,31050000,38,1,1,40,22,16,1
SUPER_3,31060000,2,0,0,2,1,1,NaN
SUPER_3,31070000,0,0,0,0,0,0,0
SUPER_3,31080000,0,0,0,0,0,0,0
SUPER_3,31090000,0,0,0,0,0,0,0
SUPER_3,31100000,31,3,6,40,12,19,10.888889
SUPER_3,31110000,28,1,1,30,11,17,1.5
SUPER_3,31120000,17,2,1,20,7,10,35
SUPER_3,31130000,1,0,1,2,0,1,2
SUPER_3,31140000,1,0,0,1,0,1,NaN
SUPER_3,31150000,19,3,2,24,8,11,4.6
SUPER_3,31160000,23,3,0,26,10,13,10
SUPER_3,31170000,31,1,2,34,22,9,17.666666
SUPER_3,31180000,45,4,0,49,29,16,6.25
SUPER_3,31190000,17,1,0,18,11,6,5
SUPER_3,31200000,79,5,4,88,47,32,8.666667
SUPER_3,31210000,80,5,2,87,44,36,4.857143
SUPER_3,31220000,58,9,3,70,26,32,8.833333
SUPER_3,31230000,85,5,6,96,52,33,11.090909
SUPER_3,31240000,127,6,9,142,62,65,22.533333
SUPER_3,31250000,2,0,1,3,2,0,2
SUPER_3,31260000,93,2,5,100,51,42,6.571429
SUPER_3,31270000,123,6,10,139,67,56,14.3125
SUPER_3,31280000,143,10,13,166,70,73,14.565217
SUPER_3,31290000,136,16,8,160,67,69,4.1666665
SUPER_3,31300000,160,7,17,184,80,80,8.291667
SUPER_3,31310000,181,14,13,208,81,100,5.4814816
SUPER_3,31320000,14,1,0,15,7,7,15
SUPER_3,31330000,37,8,1,46,17,20,4.4444447
SUPER_3,31340000,11,1,2,14,4,7,1
SUPER_3,31350000,17,23,9,49,11,6,1.09375
SUPER_3,31360000,77,6,7,90,44,33,2.8461537
SUPER_3,31370000,113,6,4,123,55,58,4.7
SUPER_3,31380000,281,7,17,305,159,122,11.166667
SUPER_3,31390000,134,11,11,156,76,58,8.409091
SUPER_3,31400000,75,4,4,83,41,34,6.625
SUPER_3,31410000,33,4,1,38,18,15,6.6
SUPER_3,31420000,26,1,3,30,17,9,3
SUPER_3,31430000,150,7,7,164,70,80,7.285714
SUPER_3,31440000,158,6,10,174,84,74,4.125
SUPER_3,31450000,0,0,0,0,0,0,0
SUPER_3,31460000,0,0,0,0,0,0,0
SUPER_3,31470000,85,2,7,94,45,40,6
SUPER_3,31480000,92,7,10,109,47,45,7.7058825
SUPER_3,31490000,63,6,5,74,33,30,19.818182
SUPER_3,31500000,7,3,0,10,1,6,12.333333
SUPER_3,31510000,7,0,1,8,3,4,1
SUPER_3,31520000,3,0,0,3,3,0,NaN
SUPER_3,31530000,1,0,0,1,0,1,NaN
SUPER_3,31540000,2,0,0,2,2,0,NaN
SUPER_3,31550000,5,2,0,7,1,4,5
SUPER_3,31560000,0,0,0,0,0,0,0
SUPER_3,31570000,0,0,0,0,0,0,0
SUPER_3,31580000,6,0,0,6,3,3,NaN
SUPER_3,31590000,80,6,6,92,40,40,7.25
SUPER_3,31600000,23,4,1,28,16,7,1.6
SUPER_3,31610000,99,5,3,107,43,56,13.625
SUPER_3,31620000,104,7,3,114,54,50,9.1
SUPER_3,31630000,122,12,3,137,69,53,4.4
SUPER_3,31640000,55,3,5,63,22,33,2.25
SUPER_3,31650000,76,3,5,84,34,42,3.375
SUPER_3,31660000,71,3,2,76,41,30,3.8
SUPER_3,31670000,1,0,0,1,0,1,NaN
SUPER_3,31680000,2,1,0,3,2,0,20
SUPER_3,31690000,2,1,0,3,2,0,7
SUPER_3,31700000,2,0,1,3,1,1,29
SUPER_3,31710000,1,0,0,1,1,0,NaN
SUPER_3,31720000,23,0,4,27,13,10,5.75
SUPER_3,31730000,30,3,1,34,13,17,34.5
SUPER_3,31740000,0,0,0,0,0,0,0
SUPER_3,31750000,0,0,0,0,0,0,0
SUPER_3,31760000,0,0,0,0,0,0,0
SUPER_3,31770000,0,0,0,0,0,0,0
SUPER_3,31780000,43,3,2,48,17,26,19.6
SUPER_3,31790000,3,1,0,4,3,0,1
SUPER_3,31800000,1,0,0,1,0,1,NaN
SUPER_3,31810000,2,0,1,3,0,2,3
SUPER_3,31820000,6,0,0,6,3,3,NaN
SUPER_3,31830000,1,0,0,1,0,1,NaN
SUPER_3,31840000,5,0,0,5,3,2,NaN
SUPER_3,31850000,0,0,1,1,0,0,1
SUPER_3,31860000,7,0,0,7,1,6,NaN
SUPER_3,31870000,1,0,0,1,0,1,NaN
SUPER_3,31880000,118,5,8,131,65,53,2.9230769
SUPER_3,31890000,18,1,1,20,16,2,1.5
SUPER_3,31900000,104,4,9,117,48,56,5.076923
SUPER_3,31910000,107,5,9,121,56,51,28.214285
SUPER_3,31920000,154,12,7,173,85,69,10.631579
SUPER_3,31930000,127,8,11,146,75,52,18.473684
SUPER_3,31940000,111,10,6,127,68,43,3.875
SUPER_3,31950000,25,0,1,26,17,8,1
SUPER_3,31960000,177,11,14,202,89,88,7
SUPER_3,31970000,39,3,0,42,21,18,15.333333
SUPER_3,31980000,2,0,0,2,1,1,NaN
SUPER_3,31990000,7,0,0,7,3,4,NaN
SUPER_3,32000000,0,0,0,0,0,0,0
SUPER_3,32010000,0,0,0,0,0,0,0
SUPER_3,32020000,3,1,0,4,2,1,33
SUPER_3,32030000,5,0,0,5,3,2,NaN
SUPER_3,32040000,2,0,0,2,1,1,NaN
SUPER_3,32050000,2,0,0,2,2,0,NaN
SUPER_3,32060000,3,0,0,3,1,2,NaN
SUPER_3,32070000,5,0,2,7,1,4,4
SUPER_3,32080000,2,0,0,2,1,1,NaN
SUPER_3,32090000,1,0,0,1,0,1,NaN
SUPER_3,32100000,5,0,0,5,1,4,NaN
SUPER_3,32110000,113,6,5,124,57,56,8.181818
SUPER_3,32120000,97,5,6,108,58,39,6.6363635
SUPER_3,32130000,108,7,9,124,56,52,5.8125
SUPER_3,32140000,121,10,10,141,69,52,18.05
SUPER_3,32150000,63,3,1,67,43,20,4
SUPER_3,32160000,92,11,11,114,38,54,7.909091
SUPER_3,32170000,91,6,5,102,53,38,7.090909
SUPER_3,32180000,107,12,11,130,42,65,9.26087
SUPER_3,32190000,130,7,5,142,78,52,7
SUPER_3,32200000,113,8,7,128,56,57,13.866667
SUPER_3,32210000,152,4,6,162,99,53,13.4
SUPER_3,32220000,73,4,5,82,43,30,10.777778
SUPER_3,32230000,5,0,4,9,3,2,4.75
SUPER_3,32240000,115,5,10,130,59,56,2.8
SUPER_3,32250000,104,3,1,108,61,43,10
SUPER_3,32260000,51,3,2,56,27,24,12.2
SUPER_3,32270000,78,6,1,85,36,42,8
SUPER_3,32280000,153,8,9,170,78,75,5.1764708
SUPER_3,32290000,145,11,14,170,72,73,17.72
SUPER_3,32300000,144,9,1,154,80,64,7.8
SUPER_3,32310000,58,3,1,62,26,32,4.75
SUPER_3,32320000,61,8,2,71,36,25,3
SUPER_3,32330000,0,0,0,0,0,0,0
SUPER_3,32340000,0,0,0,0,0,0,0
SUPER_3,32350000,0,0,0,0,0,0,0
SUPER_3,32360000,0,0,0,0,0,0,0
SUPER_3,32370000,0,0,0,0,0,0,0
SUPER_3,32380000,0,0,0,0,0,0,0
SUPER_3,32390000,60,3,4,67,31,29,3.142857
SUPER_3,32400000,0,0,0,0,0,0,0
SUPER_3,32410000,0,0,0,0,0,0,0
SUPER_3,32420000,0,0,0,0,0,0,0
SUPER_3,32430000,8,1,1,10,3,5,24
SUPER_3,32440000,0,0,0,0,0,0,0
SUPER_3,32450000,0,0,0,0,0,0,0
SUPER_3,32460000,0,0,0,0,0,0,0
SUPER_3,32470000,41,2,8,51,26,15,8.2
SUPER_3,32480000,81,10,5,96,42,39,4.2
SUPER_3,32490000,125,9,8,142,61,64,4.0588236
SUPER_3,32500000,66,1,8,75,32,34,23
SUPER_3,32510000,47,0,2,49,25,22,8
SUPER_3,32520000,152,12,6,170,83,69,4.9444447
SUPER_3,32530000,145,6,9,160,80,65,12.333333
SUPER_3,32540000,12,1,1,14,7,5,1.5
SUPER_3,32550000,100,7,9,116,54,46,10
SUPER_3,32560000,92,3,9,104,48,44,10
SUPER_3,32570000,16,1,0,17,5,11,1
SUPER_3,32580000,64,7,7,78,23,41,1.5714285
SUPER_3,32590000,70,5,1,76,34,36,9
SUPER_3,32600000,60,3,2,65,36,24,2.8
SUPER_3,32610000,60,5,1,66,36,24,4.8333335
SUPER_3,32620000,89,6,5,100,43,46,7.2727275
SUPER_3,32630000,16,4,2,22,5,11,2.3333333
SUPER_3,32640000,0,0,0,0,0,0,0
SUPER_3,32650000,0,0,0,0,0,0,0
SUPER_3,32660000,71,5,9,85,35,36,8.214286
SUPER_3,32670000,26,0,1,27,13,13,1
SUPER_3,32680000,40,1,2,43,27,13,1.3333334
SUPER_3,32690000,125,9,12,146,63,62,9.333333
SUPER_3,32700000,140,14,7,161,72,68,4
SUPER_3,32710000,81,7,8,96,44,37,4.266667
SUPER_3,32720000,241,13,16,270,124,117,17.655172
SUPER_3,32730000,49,4,5,58,28,21,13.111111
SUPER_3,32740000,24,1,1,26,9,15,9
SUPER_3,32750000,0,0,0,0,0,0,0
SUPER_3,32760000,0,0,0,0,0,0,0
SUPER_3,32770000,0,0,0,0,0,0,0
SUPER_3,32780000,0,0,0,0,0,0,0
SUPER_3,32790000,25,1,2,28,10,15,4.6666665
SUPER_3,32800000,2,0,0,2,0,2,NaN
SUPER_3,32810000,0,0,0,0,0,0,0
SUPER_3,32820000,0,0,0,0,0,0,0
SUPER_3,32830000,0,0,0,0,0,0,0
SUPER_3,32840000,5,0,0,5,0,5,NaN
SUPER_3,32850000,4,0,1,5,3,1,13
SUPER_3,32860000,1,0,0,1,0,1,NaN
SUPER_3,32870000,0,0,0,0,0,0,0
SUPER_3,32880000,0,0,0,0,0,0,0
SUPER_3,32890000,0,0,0,0,0,0,0
SUPER_3,32900000,0,0,0,0,0,0,0
SUPER_3,32910000,7,0,1,8,4,3,16
SUPER_3,32920000,1,0,0,1,1,0,NaN
SUPER_3,32930000,7,0,2,9,2,5,2
SUPER_3,32940000,9,2,1,12,3,6,5
SUPER_3,32950000,6,0,0,6,2,4,NaN
SUPER_3,32960000,56,3,6,65,24,32,36
SUPER_3,32970000,56,3,3,62,27,29,2
SUPER_3,32980000,23,3,1,27,13,10,9
SUPER_3,32990000,30,1,1,32,13,17,46
SUPER_3,33000000,17,3,0,20,10,7,8.333333
SUPER_3,33010000,57,7,7,71,33,24,7.428571
SUPER_3,33020000,235,11,11,257,130,105,8.454545
SUPER_3,33030000,116,1,5,122,72,44,6.6666665
SUPER_3,33040000,91,3,3,97,49,42,4.5
SUPER_3,33050000,32,2,0,34,16,16,1.5
SUPER_3,33060000,29,1,2,32,15,14,51
SUPER_3,33070000,25,1,1,27,14,11,7
SUPER_3,33080000,39,1,4,44,24,15,8.8
SUPER_3,33090000,25,3,5,33,15,10,14.625
SUPER_3,33100000,4,1,2,7,3,1,18
SUPER_3,33110000,38,4,1,43,18,20,49.2
SUPER_3,33120000,31,2,3,36,17,14,4
SUPER_3,33130000,11,1,1,13,3,8,5.5
SUPER_3,33140000,28,3,6,37,15,13,19.555555
SUPER_3,33150000,56,6,3,65,27,29,8.111111
SUPER_3,33160000,64,3,4,71,36,28,4
SUPER_3,33170000,141,8,8,157,66,75,7.8125
SUPER_3,33180000,0,0,0,0,0,0,0
SUPER_3,33190000,0,0,0,0,0,0,0
SUPER_3,33200000,76,4,3,83,47,29,22.571428
SUPER_3,33210000,28,3,4,35,15,13,27.571428
SUPER_3,33220000,31,2,2,35,12,19,6
SUPER_3,33230000,51,2,3,56,28,23,1.8
SUPER_3,33240000,147,13,11,171,81,66,5.1666665
SUPER_3,33250000,125,9,5,139,68,57,6.571429
SUPER_3,33260000,97,4,14,115,53,44,21.666666
SUPER_3,33270000,126,5,12,143,72,54,4.8235292
SUPER_3,33280000,114,7,3,124,49,65,5.4
SUPER_3,33290000,98,6,8,112,47,51,17.857143
SUPER_3,33300000,110,7,15,132,54,56,12.227273
SUPER_3,33310000,84,4,6,94,38,46,8.4
SUPER_3,33320000,129,7,14,150,58,71,51.04762
SUPER_3,33330000,84,4,9,97,46,38,7.769231
SUPER_3,33340000,1,0,0,1,1,0,NaN
SUPER_3,33350000,16,0,2,18,12,4,78
SUPER_3,33360000,113,12,14,139,63,50,6.269231
SUPER_3,33370000,55,6,11,72,21,34,8.705882
SUPER_3,33380000,121,12,19,152,61,60,25.258064
SUPER_3,33390000,45,4,8,57,29,16,10
SUPER_3,33400000,136,11,6,153,60,76,10
SUPER_3,33410000,46,3,3,52,24,22,4.8333335
SUPER_3,33420000,59,7,5,71,30,29,7.5
SUPER_3,33430000,45,2,5,52,25,20,24.857143
SUPER_3,33440000,60,3,0,63,34,26,1.3333334
SUPER_3,33450000,35,2,0,37,17,18,8.5
SUPER_3,33460000,26,3,3,32,6,20,4.6666665
SUPER_3,33470000,75,4,6,85,38,37,26.3
SUPER_3,33480000,54,3,9,66,26,28,7.8333335
SUPER_3,33490000,186,11,15,212,86,100,6.1153846
SUPER_3,33500000,39,5,7,51,23,16,3.5
SUPER_3,33510000,65,3,3,71,39,26,10.666667
SUPER_3,33520000,65,5,4,74,29,36,4.5555553
SUPER_3,33530000,36,2,4,42,16,20,3.5
SUPER_3,33540000,120,12,13,145,72,48,12.68
SUPER_3,33550000,0,0,0,0,0,0,0
SUPER_3,33560000,0,0,0,0,0,0,0
SUPER_3,33570000,162,16,14,192,88,74,8.6
SUPER_3,33580000,8,1,1,10,4,4,14.5
SUPER_3,33590000,64,5,3,72,32,32,4
SUPER_3,33600000,121,12,10,143,61,60,9.818182
SUPER_3,33610000,92,6,4,102,51,41,15.8
SUPER_3,33620000,68,6,4,78,39,29,3.5
SUPER_3,33630000,0,1,0,1,0,0,1
SUPER_3,33640000,2,0,0,2,2,0,NaN
SUPER_3,33650000,1,0,0,1,1,0,NaN
SUPER_3,33660000,1,0,0,1,1,0,NaN
SUPER_3,33670000,0,0,0,0,0,0,0
SUPER_3,33680000,0,0,0,0,0,0,0
SUPER_3,33690000,3,1,0,4,2,1,1
SUPER_3,33700000,32,4,1,37,15,17,14.4
SUPER_3,33710000,158,9,12,179,84,74,27.666666
SUPER_3,33720000,90,9,3,102,44,46,8.583333
SUPER_3,33730000,89,9,14,112,32,57,13.652174
SUPER_3,33740000,0,0,0,0,0,0,0
SUPER_3,33750000,0,0,0,0,0,0,0
SUPER_3,33760000,0,0,0,0,0,0,0
SUPER_3,33770000,86,6,5,97,46,40,19.272728
SUPER_3,33780000,0,0,0,0,0,0,0
SUPER_3,33790000,0,0,0,0,0,0,0
SUPER_3,33800000,0,0,0,0,0,0,0
SUPER_3,33810000,0,0,0,0,0,0,0
SUPER_3,33820000,1,1,1,3,0,1,2
SUPER_3,33830000,3,1,0,4,1,2,4
SUPER_3,33840000,1,0,0,1,1,0,NaN
SUPER_3,33850000,1,0,0,1,0,1,NaN
SUPER_3,33860000,0,0,0,0,0,0,0
SUPER_3,33870000,0,0,0,0,0,0,0
SUPER_3,33880000,4,0,1,5,1,3,1
SUPER_3,33890000,3,0,1,4,2,1,2
SUPER_3,33900000,1,0,0,1,1,0,NaN
SUPER_3,33910000,0,0,0,0,0,0,0
SUPER_3,33920000,0,0,0,0,0,0,0
SUPER_3,33930000,4,1,0,5,2,2,11
SUPER_3,33940000,0,0,2,2,0,0,12
SUPER_3,33950000,2,0,0,2,1,1,NaN
SUPER_3,33960000,3,0,0,3,2,1,NaN
SUPER_3,33970000,1,1,0,2,1,0,2
SUPER_3,33980000,1,0,0,1,1,0,NaN
SUPER_3,33990000,2,0,1,3,2,0,1
SUPER_3,34000000,2,0,0,2,1,1,NaN
SUPER_3,34010000,1,1,0,2,1,0,1
SUPER_3,34020000,1,0,0,1,1,0,NaN
SUPER_3,34030000,1,1,0,2,0,1,1
SUPER_3,34040000,0,0,1,1,0,0,2
SUPER_3,34050000,2,0,1,3,1,1,28
SUPER_3,34060000,2,0,0,2,2,0,NaN
SUPER_3,34070000,2,0,1,3,1,1,4
SUPER_3,34080000,2,2,0,4,0,2,5
SUPER_3,34090000,0,1,0,1,0,0,2
SUPER_3,34100000,4,0,0,4,1,3,NaN
SUPER_3,34110000,0,0,0,0,0,0,0
SUPER_3,34120000,0,0,0,0,0,0,0
SUPER_3,34130000,0,0,0,0,0,0,0
SUPER_3,34140000,7,0,1,8,3,4,1
SUPER_3,34150000,1,0,0,1,1,0,NaN
SUPER_3,34160000,1,0,0,1,0,1,NaN
SUPER_3,34170000,3,1,0,4,1,2,2
SUPER_3,34180000,0,0,0,0,0,0,0
SUPER_3,34190000,0,0,0,0,0,0,0
SUPER_3,34200000,4,0,0,4,2,2,NaN
SUPER_3,34210000,2,0,0,2,0,2,NaN
SUPER_3,34220000,1,0,0,1,0,1,NaN
SUPER_3,34230000,4,0,0,4,1,3,NaN
SUPER_3,34240000,0,0,0,0,0,0,0
SUPER_3,34250000,0,0,0,0,0,0,0
SUPER_3,34260000,0,0,0,0,0,0,0
SUPER_3,34270000,2,0,0,2,2,0,NaN
SUPER_3,34280000,2,0,0,2,1,1,NaN
SUPER_3,34290000,1,0,0,1,1,0,NaN
SUPER_3,34300000,1,0,0,1,0,1,NaN
SUPER_3,34310000,3,0,0,3,0,3,NaN
SUPER_3,34320000,2,0,0,2,1,1,NaN
SUPER_3,34330000,2,1,0,3,1,1,1
SUPER_3,34340000,2,1,0,3,1,1,1
SUPER_3,34350000,3,2,0,5,2,1,1
SUPER_3,34360000,1,0,0,1,1,0,NaN
SUPER_3,34370000,4,0,0,4,1,3,NaN
SUPER_3,34380000,1,0,0,1,1,0,NaN
SUPER_3,34390000,12,0,1,13,8,4,1
SUPER_3,34400000,0,0,0,0,0,0,0
SUPER_3,34410000,0,0,0,0,0,0,0
SUPER_3,34420000,90,8,8,106,37,53,4.75
SUPER_3,34430000,125,8,8,141,67,58,4.25
SUPER_3,34440000,19,1,0,20,10,9,1
SUPER_3,34450000,19,3,1,23,13,6,1.75
SUPER_3,34460000,66,5,4,75,30,36,6.888889
SUPER_3,34470000,65,6,5,76,34,31,8
SUPER_3,34480000,71,4,4,79,39,32,12.625
SUPER_3,34490000,86,4,5,95,45,41,4.3333335
SUPER_3,34500000,127,10,3,140,73,54,5.1538463
SUPER_3,34510000,12,1,1,14,9,3,22.5
SUPER_3,34520000,29,2,1,32,14,15,9.333333
SUPER_3,34530000,25,2,2,29,12,13,9.5
SUPER_3,34540000,16,1,3,20,10,6,11.5
SUPER_3,34550000,25,1,4,30,17,8,5.2
SUPER_3,34560000,90,6,6,102,45,45,34.25
SUPER_3,34570000,88,5,4,97,40,48,41.666668
SUPER_3,34580000,91,5,5,101,40,51,3.1
SUPER_3,34590000,122,2,3,127,62,60,1
SUPER_3,34600000,144,9,11,164,89,55,7.45
SUPER_3,34610000,95,6,12,113,55,40,3.2222223
SUPER_3,34620000,113,7,7,127,59,54,17.714285
SUPER_3,34630000,101,4,3,108,34,67,12.142858
SUPER_3,34640000,60,5,3,68,33,27,24.125
SUPER_3,34650000,2,0,0,2,0,2,NaN
SUPER_3,34660000,42,1,4,47,21,21,6.2
SUPER_3,34670000,152,12,6,170,77,75,3.9444444
SUPER_3,34680000,96,9,5,110,56,40,9.928572
SUPER_3,34690000,99,5,9,113,53,46,5.785714
SUPER_3,34700000,134,15,8,157,72,62,6.0434785
SUPER_3,34710000,102,5,5,112,54,48,20.7
SUPER_3,34720000,144,9,13,166,72,72,10.363636
SUPER_3,34730000,1,0,0,1,0,1,NaN
SUPER_3,34740000,88,7,3,98,43,45,15
SUPER_3,34750000,145,9,12,166,66,79,15.380953
SUPER_3,34760000,93,8,3,104,53,40,3.909091
SUPER_3,34770000,51,6,1,58,22,29,2.2857144
SUPER_3,34780000,58,5,2,65,37,21,4.714286
SUPER_3,34790000,11,0,1,12,6,5,8
SUPER_3,34800000,57,1,8,66,25,32,8.333333
SUPER_3,34810000,88,8,7,103,53,35,3.3333333
SUPER_3,34820000,107,10,8,125,58,49,19.833334
SUPER_3,34830000,191,6,8,205,105,86,7
SUPER_3,34840000,0,0,0,0,0,0,0
SUPER_3,34850000,0,0,0,0,0,0,0
SUPER_3,34860000,0,0,0,0,0,0,0
SUPER_3,34870000,0,0,0,0,0,0,0
SUPER_3,34880000,0,0,0,0,0,0,0
SUPER_3,34890000,168,11,10,189,90,78,17.380953
SUPER_3,34900000,148,11,5,164,81,67,5.25
SUPER_3,34910000,184,7,19,210,103,81,30.192308
SUPER_3,34920000,104,3,7,114,60,44,5.1
SUPER_3,34930000,65,6,1,72,29,36,1.8571428
SUPER_3,34940000,59,3,5,67,30,29,8.75
SUPER_3,34950000,49,2,3,54,28,21,2
SUPER_3,34960000,58,3,2,63,24,34,1.8
SUPER_3,34970000,113,9,3,125,58,55,5.9166665
SUPER_3,34980000,154,13,10,177,81,73,5.0869565
SUPER_3,34990000,51,4,2,57,21,30,4
SUPER_3,35000000,77,7,9,93,42,35,6.875
SUPER_3,35010000,106,7,3,116,62,44,7.8
SUPER_3,35020000,0,0,0,0,0,0,0
SUPER_3,35030000,0,0,0,0,0,0,0
SUPER_3,35040000,217,10,20,247,116,101,5.5
SUPER_3,35050000,170,11,9,190,96,74,6.65
SUPER_3,35060000,37,3,6,46,18,19,4
SUPER_3,35070000,1,0,0,1,0,1,NaN
SUPER_3,35080000,1,0,0,1,1,0,NaN
SUPER_3,35090000,27,1,2,30,15,12,9.666667
SUPER_3,35100000,108,3,8,119,58,50,9.545455
SUPER_3,35110000,7,0,0,7,6,1,NaN
SUPER_3,35120000,64,1,5,70,29,35,6.8333335
SUPER_3,35130000,128,3,7,138,75,53,13.9
SUPER_3,35140000,131,9,9,149,68,63,4.8333335
SUPER_3,35150000,22,1,0,23,11,11,12
SUPER_3,35160000,93,6,4,103,46,47,4.1
SUPER_3,35170000,77,8,6,91,38,39,10.642858
SUPER_3,35180000,80,7,6,93,45,35,2.4615386
SUPER_3,35190000,232,8,7,247,130,102,24.533333
SUPER_3,35200000,155,8,5,168,87,68,3.7692308
SUPER_3,35210000,107,10,4,121,60,47,6
SUPER_3,35220000,131,7,8,146,67,64,4.3333335
SUPER_3,35230000,31,1,4,36,16,15,3.4
SUPER_3,35240000,102,4,12,118,59,43,7.6875
SUPER_3,35250000,141,8,9,158,66,75,10.823529
SUPER_3,35260000,27,1,2,30,10,17,11.333333
SUPER_3,35270000,12,0,2,14,7,5,25
SUPER_3,35280000,95,5,7,107,50,45,8.833333
SUPER_3,35290000,156,10,11,177,87,69,13.047619
SUPER_3,35300000,73,5,3,81,30,43,20
SUPER_3,35310000,41,4,1,46,18,23,10.6
SUPER_3,35320000,81,8,12,101,47,34,5.2
SUPER_3,35330000,53,7,7,67,30,23,31.785715
SUPER_3,35340000,12,0,0,12,5,7,NaN
SUPER_3,35350000,130,13,6,149,72,58,5.263158
SUPER_3,35360000,125,6,9,140,64,61,3.6666667
SUPER_3,35370000,78,8,5,91,35,43,2.9230769
SUPER_3,35380000,3,0,0,3,0,3,NaN
SUPER_3,35390000,1,0,0,1,1,0,NaN
SUPER_3,35400000,1,0,0,1,0,1,NaN
SUPER_3,35410000,3,1,0,4,2,1,4
SUPER_3,35420000,32,3,3,38,13,19,18.5
SUPER_3,35430000,9,0,0,9,6,3,NaN
SUPER_3,35440000,2,0,0,2,1,1,NaN
SUPER_3,35450000,0,0,0,0,0,0,0
SUPER_3,35460000,0,0,0,0,0,0,0
SUPER_3,35470000,7,2,2,11,4,3,3.25
SUPER_3,35480000,3,0,0,3,1,2,NaN
SUPER_3,35490000,122,7,8,137,58,64,4.4
SUPER_3,35500000,66,3,10,79,27,39,30.846153
SUPER_3,35510000,74,8,4,86,33,41,7.6666665
SUPER_3,35520000,56,4,5,65,26,30,3.4444444
SUPER_3,35530000,111,7,9,127,59,52,7.625
SUPER_3,35540000,157,20,12,189,74,83,7.28125
SUPER_3,35550000,22,1,0,23,13,9,28
SUPER_3,35560000,1,1,0,2,0,1,6
SUPER_3,35570000,2,0,2,4,0,2,59
SUPER_3,35580000,3,0,0,3,1,2,NaN
SUPER_3,35590000,1,1,0,2,1,0,14
SUPER_3,35600000,2,0,0,2,1,1,NaN
SUPER_3,35610000,0,0,0,0,0,0,0
SUPER_3,35620000,0,0,0,0,0,0,0
SUPER_3,35630000,5,1,2,8,1,4,2.6666667
SUPER_3,35640000,1,0,0,1,1,0,NaN
SUPER_3,35650000,2,0,0,2,0,2,NaN
SUPER_3,35660000,1,0,1,2,0,1,118
SUPER_3,35670000,0,0,0,0,0,0,0
SUPER_3,35680000,0,0,0,0,0,0,0
SUPER_3,35690000,3,1,1,5,1,2,1
SUPER_3,35700000,0,1,0,1,0,0,13
SUPER_3,35710000,0,1,0,1,0,0,16
SUPER_3,35720000,0,1,1,2,0,0,2.5
SUPER_3,35730000,2,0,0,2,0,2,NaN
SUPER_3,35740000,2,0,0,2,0,2,NaN
SUPER_3,35750000,1,0,1,2,1,0,1
SUPER_3,35760000,3,2,1,6,2,1,4.3333335
SUPER_3,35770000,2,0,0,2,2,0,NaN
SUPER_3,35780000,3,0,0,3,2,1,NaN
SUPER_3,35790000,9,0,1,10,4,5,1
SUPER_3,35800000,103,13,6,122,56,47,8.842105
SUPER_3,35810000,97,10,11,118,41,56,6.4761906
SUPER_3,35820000,82,6,7,95,39,43,3.1538463
SUPER_3,35830000,25,2,2,29,14,11,14.5
SUPER_3,35840000,128,7,8,143,63,65,5.3333335
SUPER_3,35850000,128,6,11,145,51,77,4.2941175
SUPER_3,35860000,160,12,11,183,89,71,9.869565
SUPER_3,35870000,144,11,12,167,73,71,5.521739
SUPER_3,35880000,109,7,7,123,65,44,11.928572
SUPER_3,35890000,115,3,8,126,56,59,10.272727
SUPER_3,35900000,44,1,2,47,26,18,1.3333334
SUPER_3,35910000,13,1,0,14,7,6,5
SUPER_3,35920000,3,2,1,6,2,1,9
SUPER_3,35930000,101,9,7,117,55,46,6.3125
SUPER_3,35940000,159,16,15,190,79,80,13.290322
SUPER_3,35950000,29,2,2,33,14,15,7
SUPER_3,35960000,91,10,6,107,46,45,50.875
SUPER_3,35970000,124,8,10,142,56,68,4.3333335
SUPER_3,35980000,76,5,7,88,25,51,22.583334
SUPER_3,35990000,0,0,0,0,0,0,0
SUPER_3,36000000,0,0,0,0,0,0,0
SUPER_3,36010000,77,6,3,86,30,47,2.6666667
SUPER_3,36020000,92,3,2,97,39,53,3.8
SUPER_3,36030000,89,8,4,101,48,41,10.583333
SUPER_3,36040000,99,5,7,111,54,45,7
SUPER_3,36050000,70,3,5,78,32,38,1.625
SUPER_3,36060000,2,1,0,3,0,2,20
SUPER_3,36070000,0,0,0,0,0,0,0
SUPER_3,36080000,0,0,0,0,0,0,0
SUPER_3,36090000,14,4,1,19,7,7,4.6
SUPER_3,36100000,85,6,7,98,34,51,2.6923077
SUPER_3,36110000,101,7,7,115,54,47,10.571428
SUPER_3,36120000,81,10,6,97,36,45,2
SUPER_3,36130000,142,8,9,159,73,69,4.4117646
SUPER_3,36140000,134,9,6,149,65,69,4.3333335
SUPER_3,36150000,21,0,1,22,7,14,200
SUPER_3,36160000,3,0,0,3,2,1,NaN
SUPER_3,36170000,1,3,0,4,0,1,6
SUPER_3,36180000,0,0,0,0,0,0,0
SUPER_3,36190000,0,0,0,0,0,0,0
SUPER_3,36200000,83,7,10,100,54,29,4.2352943
SUPER_3,36210000,123,7,10,140,64,59,5.529412
SUPER_3,36220000,71,5,6,82,42,29,7.818182
SUPER_3,36230000,36,2,3,41,22,14,7
SUPER_3,36240000,68,5,7,80,32,36,2.25
SUPER_3,36250000,71,8,4,83,35,36,4.75
SUPER_3,36260000,67,4,5,76,42,25,4.5555553
SUPER_3,36270000,125,9,14,148,69,56,10.478261
SUPER_3,36280000,99,8,9,116,33,66,10.705882
SUPER_3,36290000,40,2,3,45,22,18,4.2
SUPER_3,36300000,75,10,7,92,35,40,8.588235
SUPER_3,36310000,93,7,4,104,48,45,5.2727275
SUPER_3,36320000,39,3,2,44,19,20,8.6
SUPER_3,36330000,150,14,15,179,62,88,5.37931
SUPER_3,36340000,68,4,0,72,36,32,10.5
SUPER_3,36350000,1,0,0,1,0,1,NaN
SUPER_3,36360000,1,0,0,1,0,1,NaN
SUPER_3,36370000,5,0,2,7,3,2,17.5
SUPER_3,36380000,6,0,0,6,2,4,NaN
SUPER_3,36390000,2,1,0,3,1,1,1
SUPER_3,36400000,40,5,1,46,16,24,13.5
SUPER_3,36410000,7,1,0,8,1,6,1
SUPER_3,36420000,32,1,3,36,21,11,9.25
SUPER_3,36430000,105,9,9,123,54,51,5.5
SUPER_3,36440000,174,6,7,187,89,85,2.7692308
SUPER_3,36450000,120,7,7,134,69,51,7.357143
SUPER_3,36460000,85,2,2,89,40,45,15.5
SUPER_3,36470000,131,8,14,153,68,63,5.090909
SUPER_3,36480000,168,19,13,200,74,94,6.8125
SUPER_3,36490000,69,9,2,80,33,36,2
SUPER_3,36500000,137,8,6,151,77,60,5.714286
SUPER_3,36510000,61,7,4,72,31,30,4.7272725
SUPER_3,36520000,122,3,10,135,57,65,16.846153
SUPER_3,36530000,2,2,0,4,1,1,1
SUPER_3,36540000,2,1,2,5,1,1,1.3333334
SUPER_3,36550000,5,0,2,7,2,3,29.5
SUPER_3,36560000,73,2,8,83,37,36,5.2
SUPER_3,36570000,58,4,0,62,29,29,2
SUPER_3,36580000,67,3,3,73,36,31,36.833332
SUPER_3,36590000,0,0,0,0,0,0,0
SUPER_3,36600000,0,0,0,0,0,0,0
SUPER_3,36610000,63,7,10,80,33,30,27.705883
SUPER_3,36620000,72,2,8,82,33,39,8.7
SUPER_3,36630000,111,10,12,133,56,55,24.363636
SUPER_3,36640000,95,7,8,110,48,47,4
SUPER_3,36650000,134,11,8,153,70,64,5.9473686
SUPER_3,36660000,136,13,12,161,71,65,27.76
SUPER_3,36670000,143,8,14,165,78,65,16.545454
SUPER_3,36680000,104,7,9,120,57,47,5.25
SUPER_3,36690000,156,9,12,177,83,73,6.428571
SUPER_3,36700000,125,8,10,143,67,58,6.611111
SUPER_3,36710000,85,8,9,102,33,52,40.705883
SUPER_3,36720000,89,6,7,102,46,43,5.230769
SUPER_3,36730000,147,11,11,169,79,68,4.2727275
SUPER_3,36740000,72,6,9,87,40,32,8.6
SUPER_3,36750000,122,9,8,139,59,63,13.470589
SUPER_3,36760000,0,0,0,0,0,0,0
SUPER_3,36770000,0,0,0,0,0,0,0
SUPER_3,36780000,80,6,2,88,41,39,7.125
SUPER_3,36790000,2,0,0,2,1,1,NaN
SUPER_3,36800000,3,1,1,5,3,0,2.5
SUPER_3,36810000,2,2,0,4,2,0,24.5
SUPER_3,36820000,1,0,0,1,0,1,NaN
SUPER_3,36830000,2,2,0,4,1,1,4
SUPER_3,36840000,2,0,0,2,1,1,NaN
SUPER_3,36850000,1,0,1,2,1,0,1
SUPER_3,36860000,2,0,0,2,0,2,NaN
SUPER_3,36870000,22,1,3,26,14,8,2.5
SUPER_3,36880000,131,6,13,150,70,61,17.736841
SUPER_3,36890000,146,3,10,159,74,72,3.7692308
SUPER_3,36900000,172,15,8,195,84,88,10.130435
SUPER_3,36910000,67,4,7,78,29,38,5.5454545
SUPER_3,36920000,87,4,6,97,46,41,4.6
SUPER_3,36930000,107,10,9,126,58,49,4.736842
SUPER_3,36940000,40,3,3,46,16,24,18.666666
SUPER_3,36950000,25,1,3,29,11,14,8.25
SUPER_3,36960000,5,0,1,6,3,2,1
SUPER_3,36970000,46,2,1,49,27,19,3
SUPER_3,36980000,58,5,0,63,29,29,1.8
SUPER_3,36990000,4,1,0,5,3,1,1
SUPER_3,37000000,5,0,1,6,3,2,9
SUPER_3,37010000,60,3,2,65,31,29,14.4
SUPER_3,37020000,66,6,6,78,35,31,6.4166665
SUPER_3,37030000,212,7,17,236,94,118,17.416666
SUPER_3,37040000,217,12,10,239,125,92,6.318182
SUPER_3,37050000,0,0,0,0,0,0,0
SUPER_3,37060000,0,0,0,0,0,0,0
SUPER_3,37070000,207,15,17,239,105,102,4.375
SUPER_3,37080000,89,5,9,103,48,41,10.214286
SUPER_3,37090000,200,17,13,230,84,116,5.4333334
SUPER_3,37100000,160,7,15,182,87,73,7.681818
SUPER_3,37110000,111,3,7,121,66,45,19.4
SUPER_3,37120000,189,10,6,205,103,86,8.5
SUPER_3,37130000,134,10,9,153,68,66,7.7894735
SUPER_3,37140000,104,7,4,115,74,30,6.181818
SUPER_3,37150000,113,9,5,127,52,61,4.928571
SUPER_3,37160000,87,10,4,101,47,40,9.285714
SUPER_3,37170000,105,8,10,123,45,60,12.277778
SUPER_3,37180000,91,10,12,113,36,55,5.818182
SUPER_3,37190000,114,8,7,129,68,46,9.133333
SUPER_3,37200000,99,9,10,118,39,60,5.4210525
SUPER_3,37210000,83,9,6,98,47,36,13.333333
SUPER_3,37220000,89,9,4,102,50,39,5.5384617
SUPER_3,37230000,126,8,7,141,63,63,17.333334
SUPER_3,37240000,151,10,7,168,68,83,4.0588236
SUPER_3,37250000,5,0,1,6,1,4,1
SUPER_3,37260000,1,0,0,1,1,0,NaN
SUPER_3,37270000,1,0,0,1,0,1,NaN
SUPER_3,37280000,1,0,1,2,0,1,16
SUPER_3,37290000,65,3,12,80,36,29,4.9333334
SUPER_3,37300000,85,4,3,92,40,45,7.571429
SUPER_3,37310000,106,5,7,118,47,59,2.25
SUPER_3,37320000,7,0,1,8,4,3,2
SUPER_3,37330000,114,13,7,134,54,60,7.45
SUPER_3,37340000,95,5,7,107,53,42,29.916666
SUPER_3,37350000,143,9,9,161,76,67,12.333333
SUPER_3,37360000,88,3,8,99,49,39,5.6363635
SUPER_3,37370000,64,1,3,68,40,24,6.5
SUPER_3,37380000,109,5,3,117,60,49,2.625
SUPER_3,37390000,122,6,4,132,73,49,5
SUPER_3,37400000,116,8,8,132,70,46,7.5625
SUPER_3,37410000,89,9,7,105,45,44,8.125
SUPER_3,37420000,106,4,8,118,50,56,43.583332
SUPER_3,37430000,52,4,5,61,30,22,20.555555
SUPER_3,37440000,0,0,0,0,0,0,0
SUPER_3,37450000,0,0,0,0,0,0,0
SUPER_3,37460000,0,0,0,0,0,0,0
SUPER_3,37470000,0,0,0,0,0,0,0
SUPER_3,37480000,24,3,2,29,12,12,8.4
SUPER_3,37490000,0,1,1,2,0,0,1.5
SUPER_3,37500000,1,0,0,1,0,1,NaN
SUPER_3,37510000,0,0,1,1,0,0,2
SUPER_3,37520000,6,0,0,6,3,3,NaN
SUPER_3,37530000,1,0,0,1,1,0,NaN
SUPER_3,37540000,4,0,1,5,2,2,21
SUPER_3,37550000,2,0,0,2,2,0,NaN
SUPER_3,37560000,1,1,0,2,0,1,2
SUPER_3,37570000,2,0,0,2,0,2,NaN
SUPER_3,37580000,2,0,0,2,1,1,NaN
SUPER_3,37590000,1,0,0,1,1,0,NaN
SUPER_3,37600000,1,0,0,1,1,0,NaN
SUPER_3,37610000,0,0,0,0,0,0,0
SUPER_3,37620000,0,0,0,0,0,0,0
SUPER_3,37630000,0,0,0,0,0,0,0
SUPER_3,37640000,0,0,0,0,0,0,0
SUPER_3,37650000,8,0,1,9,4,4,2
SUPER_3,37660000,5,0,1,6,2,3,2
SUPER_3,37670000,2,0,0,2,1,1,NaN
SUPER_3,37680000,1,0,1,2,0,1,2
SUPER_3,37690000,2,0,0,2,1,1,NaN
SUPER_3,37700000,4,0,0,4,1,3,NaN
SUPER_3,37710000,1,0,0,1,1,0,NaN
SUPER_3,37720000,3,0,1,4,2,1,1
SUPER_3,37730000,1,0,0,1,1,0,NaN
SUPER_3,37740000,0,0,0,0,0,0,0
SUPER_3,37750000,0,0,0,0,0,0,0
SUPER_3,37760000,0,0,0,0,0,0,0
SUPER_3,37770000,0,0,0,0,0,0,0
SUPER_3,37780000,3,0,1,4,2,1,1
SUPER_3,37790000,3,1,1,5,3,0,7.5
SUPER_3,37800000,4,0,0,4,0,4,NaN
SUPER_3,37810000,2,1,0,3,0,2,23
SUPER_3,37820000,1,0,0,1,0,1,NaN
SUPER_3,37830000,0,0,0,0,0,0,0
SUPER_3,37840000,0,0,0,0,0,0,0
SUPER_3,37850000,2,0,0,2,2,0,NaN
SUPER_3,37860000,2,1,0,3,1,1,6
SUPER_3,37870000,3,0,0,3,1,2,NaN
SUPER_3,37880000,2,1,2,5,0,2,7
SUPER_3,37890000,1,0,0,1,1,0,NaN
SUPER_3,37900000,1,0,0,1,0,1,NaN
SUPER_3,37910000,3,1,1,5,1,2,7
SUPER_3,37920000,0,1,0,1,0,0,3
SUPER_3,37930000,1,0,0,1,1,0,NaN
SUPER_3,37940000,4,0,0,4,3,1,NaN
SUPER_3,37950000,8,0,0,8,6,2,NaN
SUPER_3,37960000,3,0,0,3,0,3,NaN
SUPER_3,37970000,5,0,0,5,3,2,NaN
SUPER_3,37980000,2,0,0,2,1,1,NaN
SUPER_3,37990000,0,1,3,4,0,0,7.25
SUPER_3,38000000,0,1,0,1,0,0,37
SUPER_3,38010000,0,0,0,0,0,0,0
SUPER_3,38020000,0,0,0,0,0,0,0
SUPER_3,38030000,2,1,0,3,1,1,1
SUPER_3,38040000,5,0,0,5,3,2,NaN
SUPER_3,38050000,22,2,0,24,12,10,5.5
SUPER_3,38060000,44,5,3,52,22,22,9.875
SUPER_3,38070000,14,2,2,18,6,8,2.5
SUPER_3,38080000,0,0,0,0,0,0,0
SUPER_3,38090000,0,0,0,0,0,0,0
SUPER_3,38100000,150,8,14,172,80,70,3.7727273
SUPER_3,38110000,0,0,0,0,0,0,0
SUPER_3,38120000,0,0,0,0,0,0,0
SUPER_3,38130000,71,4,4,79,34,37,2.25
SUPER_3,38140000,0,0,0,0,0,0,0
SUPER_3,38150000,0,0,0,0,0,0,0
SUPER_3,38160000,49,1,5,55,31,18,2.1666667
SUPER_3,38170000,95,5,8,108,53,42,12.692307
SUPER_3,38180000,116,11,2,129,66,50,2.8461537
SUPER_3,38190000,0,0,0,0,0,0,0
SUPER_3,38200000,0,0,0,0,0,0,0
SUPER_3,38210000,219,14,19,252,118,101,5.3333335
SUPER_3,38220000,176,11,14,201,77,99,5.6
SUPER_3,38230000,10,0,1,11,4,6,1
SUPER_3,38240000,62,4,3,69,27,35,7.285714
SUPER_3,38250000,132,9,14,155,70,62,18.043478
SUPER_3,38260000,50,2,6,58,27,23,6.125
SUPER_3,38270000,54,7,5,66,28,26,4.4166665
SUPER_3,38280000,167,6,18,191,90,77,9.666667
SUPER_3,38290000,0,0,0,0,0,0,0
SUPER_3,38300000,0,0,0,0,0,0,0
SUPER_3,38310000,254,15,7,276,131,123,6.8636365
SUPER_3,38320000,121,9,13,143,65,56,6.2727275
SUPER_3,38330000,6,0,0,6,2,4,NaN
SUPER_3,38340000,2,0,0,2,2,0,NaN
SUPER_3,38350000,4,0,0,4,3,1,NaN
SUPER_3,38360000,2,0,0,2,1,1,NaN
SUPER_3,38370000,3,1,1,5,1,2,1.5
SUPER_3,38380000,1,0,0,1,1,0,NaN
SUPER_3,38390000,2,0,0,2,2,0,NaN
SUPER_3,38400000,3,0,1,4,2,1,1
SUPER_3,38410000,4,0,1,5,4,0,1
SUPER_3,38420000,4,0,0,4,2,2,NaN
SUPER_3,38430000,1,0,0,1,1,0,NaN
SUPER_3,38440000,11,2,0,13,5,6,3.5
SUPER_3,38450000,41,2,3,46,22,19,5.2
SUPER_3,38460000,27,6,2,35,12,15,3.375
SUPER_3,38470000,116,6,9,131,70,46,17.933332
SUPER_3,38480000,127,7,14,148,66,61,12.238095
SUPER_3,38490000,59,5,3,67,32,27,6.125
SUPER_3,38500000,179,9,9,197,93,86,4.8333335
SUPER_3,38510000,165,13,8,186,91,74,7.047619
SUPER_3,38520000,76,5,6,87,40,36,8.727273
SUPER_3,38530000,134,7,12,153,71,63,7.263158
SUPER_3,38540000,130,12,13,155,71,59,7.36
SUPER_3,38550000,35,1,5,41,19,16,6
SUPER_3,38560000,85,8,4,97,43,42,11.75
SUPER_3,38570000,112,5,16,133,55,57,5.285714
SUPER_3,38580000,109,7,6,122,57,52,8
SUPER_3,38590000,98,3,9,110,51,47,6.75
SUPER_3,38600000,0,0,0,0,0,0,0
SUPER_3,38610000,0,0,0,0,0,0,0
SUPER_3,38620000,0,0,0,0,0,0,0
SUPER_3,38630000,202,8,11,221,101,101,7.7894735
SUPER_3,38640000,106,9,9,124,58,48,3.7777777
SUPER_3,38650000,137,9,8,154,71,66,8.176471
SUPER_3,38660000,118,6,9,133,62,56,3.8666666
SUPER_3,38670000,138,6,8,152,80,58,20
SUPER_3,38680000,94,6,5,105,53,41,4.5454545
SUPER_3,38690000,87,5,9,101,46,41,18.571428
SUPER_3,38700000,39,3,6,48,19,20,10.444445
SUPER_3,38710000,28,2,0,30,15,13,5.5
SUPER_3,38720000,56,2,3,61,25,31,4.8
SUPER_3,38730000,104,10,6,120,56,48,3.9375
SUPER_3,38740000,98,3,6,107,42,56,6.3333335
SUPER_3,38750000,82,4,7,93,37,45,12.181818
SUPER_3,38760000,58,4,7,69,40,18,2.090909
SUPER_3,38770000,65,4,9,78,34,31,8.076923
SUPER_3,38780000,104,6,11,121,53,51,4.7058825
SUPER_3,38790000,105,14,8,127,58,47,30.363636
SUPER_3,38800000,49,1,6,56,22,27,2.7142856
SUPER_3,38810000,14,0,2,16,7,7,5
SUPER_3,38820000,0,0,1,1,0,0,2
SUPER_3,38830000,61,6,5,72,35,26,5.6363635
SUPER_3,38840000,24,0,2,26,16,8,19.5
SUPER_3,38850000,168,6,8,182,83,85,30.214285
SUPER_3,38860000,109,4,2,115,66,43,7.5
SUPER_3,38870000,79,6,4,89,40,39,5.6
SUPER_3,38880000,110,8,6,124,59,51,7.5
SUPER_3,38890000,112,6,13,131,56,56,5.4210525
SUPER_3,38900000,59,7,6,72,28,31,5
SUPER_3,38910000,44,2,2,48,26,18,7.25
SUPER_3,38920000,129,6,16,151,69,60,4.0454545
SUPER_3,38930000,121,5,9,135,63,58,40.92857
SUPER_3,38940000,86,5,2,93,49,37,10.571428
SUPER_3,38950000,74,2,5,81,39,35,15.714286
SUPER_3,38960000,64,3,4,71,32,32,5
SUPER_3,38970000,29,3,6,38,20,9,3.8888888
SUPER_3,38980000,45,5,6,56,22,23,8.090909
SUPER_3,38990000,104,6,4,114,51,53,2.9
SUPER_3,39000000,34,3,1,38,20,14,4.25
SUPER_3,39010000,20,2,3,25,9,11,13.2
SUPER_3,39020000,15,0,0,15,7,8,NaN
SUPER_3,39030000,29,3,4,36,18,11,2.5714285
SUPER_3,39040000,49,3,8,60,16,33,4.5454545
SUPER_3,39050000,27,6,0,33,16,11,7.6666665
SUPER_3,39060000,77,9,5,91,36,41,5
SUPER_3,39070000,56,6,7,69,28,28,7.1538463
SUPER_3,39080000,127,7,9,143,62,65,5.625
SUPER_3,39090000,106,5,8,119,55,51,28.307692
SUPER_3,39100000,92,7,10,109,41,51,14.705882
SUPER_3,39110000,73,7,6,86,41,32,6.8461537
SUPER_3,39120000,0,0,0,0,0,0,0
SUPER_3,39130000,0,0,0,0,0,0,0
SUPER_3,39140000,117,4,2,123,57,60,10.5
SUPER_3,39150000,165,10,12,187,81,84,5.5
SUPER_3,39160000,126,8,8,142,61,65,7.375
SUPER_3,39170000,39,3,3,45,23,16,5.3333335
SUPER_3,39180000,120,7,8,135,62,58,4.0666666
SUPER_3,39190000,72,2,3,77,41,31,5.2
SUPER_3,39200000,34,1,4,39,21,13,3.6
SUPER_3,39210000,81,9,7,97,31,50,18.125
SUPER_3,39220000,129,6,11,146,66,63,25.352942
SUPER_3,39230000,38,2,0,40,15,23,18.5
SUPER_3,39240000,96,3,11,110,53,43,19.142857
SUPER_3,39250000,88,9,4,101,41,47,4.6153846
SUPER_3,39260000,102,3,7,112,62,40,10.2
SUPER_3,39270000,47,2,4,53,22,25,23.166666
SUPER_3,39280000,71,4,3,78,47,24,11.142858
SUPER_3,39290000,126,7,10,143,61,65,12.470589
SUPER_3,39300000,91,5,7,103,48,43,12.916667
SUPER_3,39310000,75,6,3,84,43,32,3.1111112
SUPER_3,39320000,35,4,4,43,18,17,3.125
SUPER_3,39330000,64,12,7,83,29,35,4.4210525
SUPER_3,39340000,148,12,8,168,71,77,10.35
SUPER_3,39350000,104,9,3,116,53,51,4.6666665
SUPER_3,39360000,17,5,3,25,8,9,10.75
SUPER_3,39370000,12,1,1,14,5,7,6.5
SUPER_3,39380000,24,1,0,25,16,8,1
SUPER_3,39390000,27,5,3,35,12,15,25.625
SUPER_3,39400000,170,7,9,186,94,76,4.125
SUPER_3,39410000,100,9,9,118,50,50,13.722222
SUPER_3,39420000,111,8,3,122,57,54,5.4545455
SUPER_3,39430000,60,8,5,73,33,27,3.4615386
SUPER_3,39440000,184,13,9,206,90,94,6.090909
SUPER_3,39450000,91,5,2,98,51,40,5.285714
SUPER_3,39460000,92,2,6,100,46,46,18.75
SUPER_3,39470000,117,5,5,127,58,59,96.1
SUPER_3,39480000,152,5,1,158,96,56,18.5
SUPER_3,39490000,182,11,18,211,89,93,5.37931
SUPER_3,39500000,254,15,22,291,126,128,9.486486
SUPER_3,39510000,97,3,5,105,54,43,8.875
SUPER_3,39520000,118,7,8,133,56,62,5.3333335
SUPER_3,39530000,87,12,8,107,43,44,4.05
SUPER_3,39540000,96,6,5,107,52,44,5.5454545
SUPER_3,39550000,78,6,5,89,39,39,8
SUPER_3,39560000,70,11,6,87,32,38,12.235294
SUPER_3,39570000,97,8,12,117,44,53,10.85
SUPER_3,39580000,53,3,4,60,30,23,14.714286
SUPER_3,39590000,71,3,4,78,34,37,5.142857
SUPER_3,39600000,74,4,7,85,40,34,4.181818
SUPER_3,39610000,54,7,5,66,23,31,11.166667
SUPER_3,39620000,22,1,6,29,12,10,11.857142
SUPER_3,39630000,13,0,1,14,7,6,1
SUPER_3,39640000,22,0,3,25,8,14,77
SUPER_3,39650000,18,0,4,22,9,9,3.75
SUPER_3,39660000,5,2,0,7,2,3,2.5
SUPER_3,39670000,5,1,0,6,4,1,1
SUPER_3,39680000,8,0,1,9,6,2,1
SUPER_3,39690000,7,1,1,9,4,3,3
SUPER_3,39700000,8,0,3,11,4,4,3.3333333
SUPER_3,39710000,9,3,2,14,7,2,3.2
SUPER_3,39720000,81,3,8,92,39,42,24.636364
SUPER_3,39730000,65,3,7,75,33,32,5
SUPER_3,39740000,69,6,6,81,39,30,12.583333
SUPER_3,39750000,43,4,2,49,22,21,6.8333335
SUPER_3,39760000,60,4,5,69,30,30,20.555555
SUPER_3,39770000,0,0,0,0,0,0,0
SUPER_3,39780000,0,0,0,0,0,0,0
SUPER_3,39790000,103,13,10,126,43,60,6.695652
SUPER_3,39800000,40,4,4,48,21,19,2
SUPER_3,39810000,0,0,2,2,0,0,1
SUPER_4,10000,0,0,0,0,0,0,0
SUPER_4,20000,0,0,0,0,0,0,0
SUPER_4,30000,29,13,4,46,16,13,1.117647
SUPER_4,40000,13,0,0,13,7,6,NaN
SUPER_4,50000,51,1,2,54,40,11,2.3333333
SUPER_4,60000,42,2,0,44,26,16,6
SUPER_4,70000,1,1,1,3,0,1,8.5
SUPER_4,80000,1,0,1,2,1,0,1
SUPER_4,90000,1,1,0,2,0,1,1
SUPER_4,100000,2,0,0,2,1,1,NaN
SUPER_4,110000,4,1,1,6,3,1,3.5
SUPER_4,120000,35,1,1,37,21,14,10
SUPER_4,130000,13,0,1,14,8,5,2
SUPER_4,140000,2,0,0,2,0,2,NaN
SUPER_4,150000,0,1,0,1,0,0,2
SUPER_4,160000,1,1,1,3,1,0,2
SUPER_4,170000,4,2,0,6,2,1,27.5
SUPER_4,180000,1,0,0,1,0,1,NaN
SUPER_4,190000,4,1,0,5,2,2,1
SUPER_4,200000,1,0,1,2,0,1,2
SUPER_4,210000,3,0,0,3,2,1,NaN
SUPER_4,220000,2,0,0,2,1,1,NaN
SUPER_4,230000,1,0,0,1,1,0,NaN
SUPER_4,240000,0,0,0,0,0,0,0
SUPER_4,250000,0,0,0,0,0,0,0
SUPER_4,260000,9,0,0,9,5,4,NaN
SUPER_4,270000,0,1,1,2,0,0,21
SUPER_4,280000,1,0,1,2,0,1,10
SUPER_4,290000,2,0,0,2,1,1,NaN
SUPER_4,300000,0,0,1,1,0,0,1
SUPER_4,310000,53,3,6,62,28,25,13
SUPER_4,320000,54,5,2,61,23,31,2.4285715
SUPER_4,330000,54,1,5,60,24,30,7.5
SUPER_4,340000,43,3,4,50,24,19,3.5714285
SUPER_4,350000,51,1,3,55,26,25,34.75
SUPER_4,360000,53,5,4,62,21,32,24.333334
SUPER_4,370000,53,5,7,65,28,25,11.666667
SUPER_4,380000,28,3,5,36,18,10,11.5
SUPER_4,390000,7,1,0,8,3,4,1
SUPER_4,400000,21,0,0,21,8,13,NaN
SUPER_4,410000,55,6,6,67,26,29,7.5
SUPER_4,420000,87,9,3,99,36,51,3.4166667
SUPER_4,430000,70,4,6,80,37,33,33.7
SUPER_4,440000,49,10,7,66,19,30,11.588235
SUPER_4,450000,26,3,6,35,16,10,5.2222223
SUPER_4,460000,18,5,0,23,13,5,3.6
SUPER_4,470000,74,8,1,83,42,32,2.1111112
SUPER_4,480000,98,8,4,110,56,42,4.6666665
SUPER_4,490000,77,1,8,86,42,35,4.4444447
SUPER_4,500000,59,3,5,67,35,24,4
SUPER_4,510000,95,13,7,115,39,56,42.8
SUPER_4,520000,71,4,8,83,37,34,4.6666665
SUPER_4,530000,58,5,7,70,30,28,27.083334
SUPER_4,540000,158,9,9,176,76,82,41.88889
SUPER_4,550000,119,7,10,136,52,67,11.588235
SUPER_4,560000,152,7,5,164,85,67,6.5
SUPER_4,570000,212,11,9,232,110,102,6.8
SUPER_4,580000,123,7,11,141,58,65,3.2777777
SUPER_4,590000,154,9,9,172,69,85,6.6666665
SUPER_4,600000,123,9,10,142,59,64,8.263158
SUPER_4,610000,219,14,9,242,120,99,9.043478
SUPER_4,620000,56,9,8,73,22,34,3.4117646
SUPER_4,630000,6,0,0,6,2,4,NaN
SUPER_4,640000,14,2,0,16,12,2,1.5
SUPER_4,650000,114,7,12,133,55,59,6.368421
SUPER_4,660000,25,1,3,29,11,14,27.75
SUPER_4,670000,0,0,0,0,0,0,0
SUPER_4,680000,0,0,0,0,0,0,0
SUPER_4,690000,0,0,0,0,0,0,0
SUPER_4,700000,113,12,12,137,52,61,22.958334
SUPER_4,710000,32,5,2,39,19,13,2.2857144
SUPER_4,720000,22,2,2,26,15,7,10.5
SUPER_4,730000,81,5,10,96,45,36,31.133333
SUPER_4,740000,71,7,6,84,34,37,4.8461537
SUPER_4,750000,42,4,3,49,17,25,1.7142857
SUPER_4,760000,94,9,7,110,43,51,3.25
SUPER_4,770000,70,9,11,90,40,30,8.3
SUPER_4,780000,1,1,1,3,0,1,7
SUPER_4,790000,2,1,0,3,0,2,2
SUPER_4,800000,3,0,0,3,2,1,NaN
SUPER_4,810000,38,1,6,45,19,19,7.428571
SUPER_4,820000,60,7,6,73,25,35,10
SUPER_4,830000,27,3,1,31,12,15,14.75
SUPER_4,840000,1,0,0,1,0,1,NaN
SUPER_4,850000,3,0,0,3,2,1,NaN
SUPER_4,860000,5,0,0,5,2,3,NaN
SUPER_4,870000,37,3,2,42,22,15,6.6
SUPER_4,880000,33,6,2,41,16,17,5.375
SUPER_4,890000,140,15,4,159,68,72,7.1578946
SUPER_4,900000,103,11,8,122,51,52,8.263158
SUPER_4,910000,137,11,14,162,72,65,5.36
SUPER_4,920000,126,7,9,142,47,79,5.8125
SUPER_4,930000,60,5,5,70,31,29,3.6
SUPER_4,940000,96,5,5,106,56,40,5.2
SUPER_4,950000,112,9,8,129,54,58,11.117647
SUPER_4,960000,143,12,11,166,71,72,6.304348
SUPER_4,970000,62,3,3,68,24,38,2.3333333
SUPER_4,980000,144,8,7,159,78,66,5.3333335
SUPER_4,990000,0,0,0,0,0,0,0
SUPER_4,1000000,0,0,0,0,0,0,0
SUPER_4,1010000,99,3,8,110,47,52,2.4545455
SUPER_4,1020000,41,9,12,62,24,17,7.6666665
SUPER_4,1030000,31,24,22,77,20,11,9.434783
SUPER_4,1040000,40,10,7,57,19,21,10.176471
SUPER_4,1050000,62,6,3,71,30,32,16.88889
SUPER_4,1060000,242,15,11,268,142,100,3.0384614
SUPER_4,1070000,102,3,7,112,41,61,5.4
SUPER_4,1080000,125,5,11,141,60,65,4.9375
SUPER_4,1090000,162,8,11,181,82,80,55.05263
SUPER_4,1100000,102,6,6,114,47,55,3.4166667
SUPER_4,1110000,126,6,14,146,64,62,25.4
SUPER_4,1120000,144,8,4,156,79,65,5.6666665
SUPER_4,1130000,35,5,5,45,18,17,21.9
SUPER_4,1140000,5,1,0,6,2,3,1
SUPER_4,1150000,0,0,1,1,0,0,1
SUPER_4,1160000,3,0,0,3,0,3,NaN
SUPER_4,1170000,2,0,0,2,1,1,NaN
SUPER_4,1180000,4,2,0,6,3,1,6.5
SUPER_4,1190000,5,0,0,5,2,3,NaN
SUPER_4,1200000,4,0,0,4,3,1,NaN
SUPER_4,1210000,68,3,6,77,38,30,6
SUPER_4,1220000,2,0,0,2,1,1,NaN
SUPER_4,1230000,1,1,0,2,1,0,3
SUPER_4,1240000,0,0,0,0,0,0,0
SUPER_4,1250000,0,0,0,0,0,0,0
SUPER_4,1260000,3,1,4,8,1,2,1
SUPER_4,1270000,129,11,8,148,69,60,13.263158
SUPER_4,1280000,106,9,6,121,56,50,3.8666666
SUPER_4,1290000,80,5,3,88,44,36,7
SUPER_4,1300000,82,12,4,98,39,43,27.875
SUPER_4,1310000,64,2,4,70,37,27,3.3333333
SUPER_4,1320000,0,0,0,0,0,0,0
SUPER_4,1330000,0,0,0,0,0,0,0
SUPER_4,1340000,17,3,3,23,9,8,17.5
SUPER_4,1350000,0,1,1,2,0,0,5.5
SUPER_4,1360000,2,0,0,2,1,1,NaN
SUPER_4,1370000,5,2,1,8,1,4,8.666667
SUPER_4,1380000,63,5,8,76,26,37,4
SUPER_4,1390000,92,7,7,106,45,47,9.285714
SUPER_4,1400000,148,10,13,171,80,68,10.217391
SUPER_4,1410000,41,1,2,44,32,9,3.3333333
SUPER_4,1420000,78,8,6,92,48,30,3.5714285
SUPER_4,1430000,54,5,4,63,32,22,3.7777777
SUPER_4,1440000,29,2,2,33,9,20,3.25
SUPER_4,1450000,35,2,2,39,13,22,2.75
SUPER_4,1460000,39,4,3,46,19,20,17.571428
SUPER_4,1470000,101,10,10,121,50,51,5.65
SUPER_4,1480000,63,4,3,70,32,31,5.428571
SUPER_4,1490000,146,22,9,177,79,67,5.548387
SUPER_4,1500000,109,14,12,135,52,57,4.1153846
SUPER_4,1510000,29,2,2,33,16,13,6.75
SUPER_4,1520000,81,7,5,93,36,45,7.5
SUPER_4,1530000,0,0,0,0,0,0,0
SUPER_4,1540000,0,0,0,0,0,0,0
SUPER_4,1550000,5,0,0,5,4,1,NaN
SUPER_4,1560000,2,0,0,2,0,2,NaN
SUPER_4,1570000,0,0,0,0,0,0,0
SUPER_4,1580000,0,0,0,0,0,0,0
SUPER_4,1590000,5,0,1,6,2,3,1
SUPER_4,1600000,37,3,5,45,19,18,4.75
SUPER_4,1610000,116,8,9,133,50,66,4.4117646
SUPER_4,1620000,75,6,8,89,35,40,8.428572
SUPER_4,1630000,100,14,13,127,52,48,3.3703704
SUPER_4,1640000,52,6,8,66,29,23,3.857143
SUPER_4,1650000,84,6,13,103,38,46,4.3157897
SUPER_4,1660000,105,9,8,122,47,58,8.529411
SUPER_4,1670000,1,0,0,1,1,0,NaN
SUPER_4,1680000,7,1,1,9,3,4,14.5
SUPER_4,1690000,83,8,12,103,36,47,8.9
SUPER_4,1700000,15,2,3,20,5,10,19.2
SUPER_4,1710000,64,5,11,80,34,30,4.375
SUPER_4,1720000,13,0,0,13,6,7,NaN
SUPER_4,1730000,38,2,2,42,22,16,7.5
SUPER_4,1740000,8,1,0,9,2,6,1
SUPER_4,1750000,121,12,8,141,71,50,7.85
SUPER_4,1760000,0,0,0,0,0,0,0
SUPER_4,1770000,0,0,0,0,0,0,0
SUPER_4,1780000,125,15,9,149,62,63,4.0833335
SUPER_4,1790000,18,0,0,18,10,8,NaN
SUPER_4,1800000,4,0,1,5,2,2,1
SUPER_4,1810000,3,1,0,4,0,3,4
SUPER_4,1820000,1,0,0,1,1,0,NaN
SUPER_4,1830000,51,2,2,55,21,30,4
SUPER_4,1840000,174,8,13,195,99,75,3.3333333
SUPER_4,1850000,192,7,9,208,106,86,6.9375
SUPER_4,1860000,116,8,11,135,64,52,6.0526314
SUPER_4,1870000,39,5,2,46,15,24,4.571429
SUPER_4,1880000,5,0,0,5,3,2,NaN
SUPER_4,1890000,1,0,0,1,1,0,NaN
SUPER_4,1900000,105,8,5,118,59,46,9.307693
SUPER_4,1910000,92,3,2,97,43,49,2
SUPER_4,1920000,9,2,0,11,5,4,1
SUPER_4,1930000,4,0,0,4,1,3,NaN
SUPER_4,1940000,139,12,11,162,75,64,11.391304
SUPER_4,1950000,106,4,7,117,62,44,6.3636365
SUPER_4,1960000,158,4,12,174,81,77,11.75
SUPER_4,1970000,141,11,12,164,69,72,5.695652
SUPER_4,1980000,158,13,7,178,88,70,3.2
SUPER_4,1990000,40,7,1,48,22,18,9
SUPER_4,2000000,73,10,7,90,40,33,7.8235292
SUPER_4,2010000,80,13,7,100,46,34,4.7
SUPER_4,2020000,120,13,17,150,70,50,6.0666666
SUPER_4,2030000,90,9,6,105,45,45,14.8
SUPER_4,2040000,103,9,14,126,41,62,9.782609
SUPER_4,2050000,105,9,8,122,53,52,7.470588
SUPER_4,2060000,145,14,16,175,84,61,4.5666666
SUPER_4,2070000,80,5,7,92,42,38,6.4166665
SUPER_4,2080000,33,2,2,37,9,24,11.5
SUPER_4,2090000,37,5,2,44,17,20,8.571428
SUPER_4,2100000,60,3,5,68,36,24,5.625
SUPER_4,2110000,147,9,12,168,77,70,4.3333335
SUPER_4,2120000,85,4,7,96,46,39,4.4545455
SUPER_4,2130000,97,8,9,114,57,40,3.1764705
SUPER_4,2140000,69,6,2,77,44,25,4.125
SUPER_4,2150000,86,7,8,101,37,49,13.2
SUPER_4,2160000,71,5,5,81,30,41,5.4
SUPER_4,2170000,52,2,7,61,28,24,7.888889
SUPER_4,2180000,21,2,5,28,6,15,28.857143
SUPER_4,2190000,171,8,11,190,90,81,15.263158
SUPER_4,2200000,178,17,12,207,111,67,5.862069
SUPER_4,2210000,155,13,16,184,69,86,8.448276
SUPER_4,2220000,66,2,6,74,32,34,8.75
SUPER_4,2230000,156,10,11,177,61,95,10.952381
SUPER_4,2240000,141,13,10,164,85,56,7.826087
SUPER_4,2250000,135,15,10,160,76,59,5.04
SUPER_4,2260000,168,11,10,189,80,88,5.857143
SUPER_4,2270000,133,10,15,158,68,65,11.76
SUPER_4,2280000,116,12,7,135,56,60,7.736842
SUPER_4,2290000,112,9,7,128,45,67,9.875
SUPER_4,2300000,104,10,8,122,49,55,6.2222223
SUPER_4,2310000,9,2,2,13,4,5,4.25
SUPER_4,2320000,81,6,5,92,39,42,7.4545455
SUPER_4,2330000,136,12,10,158,66,70,9.363636
SUPER_4,2340000,0,1,0,1,0,0,4
SUPER_4,2350000,4,0,0,4,1,3,NaN
SUPER_4,2360000,2,0,0,2,2,0,NaN
SUPER_4,2370000,6,0,0,6,4,2,NaN
SUPER_4,2380000,2,0,0,2,1,1,NaN
SUPER_4,2390000,1,1,0,2,0,1,4
SUPER_4,2400000,34,0,0,34,17,17,NaN
SUPER_4,2410000,2,0,0,2,1,1,NaN
SUPER_4,2420000,29,0,1,30,17,12,1
SUPER_4,2430000,0,0,1,1,0,0,1
SUPER_4,2440000,2,0,0,2,1,1,NaN
SUPER_4,2450000,0,0,0,0,0,0,0
SUPER_4,2460000,0,0,0,0,0,0,0
SUPER_4,2470000,0,0,0,0,0,0,0
SUPER_4,2480000,87,5,4,96,51,36,3.3333333
SUPER_4,2490000,28,2,1,31,16,12,5
SUPER_4,2500000,97,4,11,112,42,55,6.266667
SUPER_4,2510000,84,8,5,97,49,35,21.923077
SUPER_4,2520000,41,2,1,44,24,17,11.666667
SUPER_4,2530000,10,1,0,11,7,3,1
SUPER_4,2540000,77,8,4,89,38,39,4
SUPER_4,2550000,54,2,4,60,26,28,5
SUPER_4,2560000,75,7,6,88,39,36,8
SUPER_4,2570000,2,1,2,5,1,1,2
SUPER_4,2580000,13,5,0,18,9,4,2
SUPER_4,2590000,53,5,0,58,26,27,15.4
SUPER_4,2600000,11,1,0,12,5,6,1
SUPER_4,2610000,0,0,1,1,0,0,1
SUPER_4,2620000,5,1,0,6,3,2,2
SUPER_4,2630000,101,9,2,112,59,42,3.4545455
SUPER_4,2640000,158,8,7,173,76,82,9.733334
SUPER_4,2650000,96,8,10,114,42,54,2.9444444
SUPER_4,2660000,17,1,2,20,8,9,1.3333334
SUPER_4,2670000,6,0,1,7,2,4,2
SUPER_4,2680000,3,0,0,3,3,0,NaN
SUPER_4,2690000,3,0,0,3,2,1,NaN
SUPER_4,2700000,1,1,1,3,0,1,1
SUPER_4,2710000,5,0,0,5,2,3,NaN
SUPER_4,2720000,19,0,2,21,11,8,5
SUPER_4,2730000,85,5,7,97,49,36,8.083333
SUPER_4,2740000,53,5,3,61,30,23,4.5
SUPER_4,2750000,5,0,0,5,3,2,NaN
SUPER_4,2760000,110,7,7,124,63,47,8.571428
SUPER_4,2770000,57,4,3,64,25,32,5.428571
SUPER_4,2780000,2,1,0,3,1,1,1
SUPER_4,2790000,4,0,0,4,2,2,NaN
SUPER_4,2800000,11,1,0,12,4,7,3
SUPER_4,2810000,56,4,3,63,29,27,3
SUPER_4,2820000,93,10,2,105,42,51,6.0833335
SUPER_4,2830000,157,9,10,176,75,82,6.7894735
SUPER_4,2840000,66,4,3,73,45,21,3.857143
SUPER_4,2850000,56,2,3,61,29,27,7.2
SUPER_4,2860000,102,7,6,115,55,47,8.538462
SUPER_4,2870000,89,9,7,105,42,47,3.6875
SUPER_4,2880000,105,5,5,115,46,59,27.1
SUPER_4,2890000,73,8,10,91,33,40,10.666667
SUPER_4,2900000,143,14,5,162,67,76,6.9473686
SUPER_4,2910000,76,6,4,86,40,36,10.3
SUPER_4,2920000,98,9,6,113,55,43,6.4
SUPER_4,2930000,45,4,3,52,23,22,7.857143
SUPER_4,2940000,74,2,6,82,44,30,5.625
SUPER_4,2950000,98,8,9,115,54,44,15.117647
SUPER_4,2960000,30,0,2,32,12,18,2.5
SUPER_4,2970000,1,0,0,1,1,0,NaN
SUPER_4,2980000,1,0,1,2,1,0,6
SUPER_4,2990000,4,0,0,4,1,3,NaN
SUPER_4,3000000,82,4,5,91,44,38,5.5555553
SUPER_4,3010000,115,8,9,132,50,65,6.9411764
SUPER_4,3020000,111,9,9,129,52,59,5.1666665
SUPER_4,3030000,78,6,10,94,40,38,18.625
SUPER_4,3040000,3,1,0,4,1,2,6
SUPER_4,3050000,1,0,0,1,1,0,NaN
SUPER_4,3060000,14,1,1,16,8,6,3.5
SUPER_4,3070000,0,0,1,1,0,0,17
SUPER_4,3080000,0,1,0,1,0,0,4
SUPER_4,3090000,2,0,0,2,1,1,NaN
SUPER_4,3100000,3,0,0,3,0,3,NaN
SUPER_4,3110000,1,1,0,2,0,1,1
SUPER_4,3120000,0,0,0,0,0,0,0
SUPER_4,3130000,0,0,0,0,0,0,0
SUPER_4,3140000,76,5,2,83,37,39,2
SUPER_4,3150000,151,7,7,165,76,75,7.857143
SUPER_4,3160000,146,12,15,173,68,78,9.592592
SUPER_4,3170000,0,1,0,1,0,0,1
SUPER_4,3180000,52,0,1,53,33,19,1
SUPER_4,3190000,20,1,1,22,10,10,4
SUPER_4,3200000,31,1,4,36,19,12,3.2
SUPER_4,3210000,72,7,13,92,40,32,18.1
SUPER_4,3220000,58,3,4,65,28,30,40.142857
SUPER_4,3230000,68,1,3,72,34,34,5.75
SUPER_4,3240000,92,3,6,101,50,42,4.4444447
SUPER_4,3250000,187,14,16,217,94,93,10.366667
SUPER_4,3260000,40,4,3,47,17,23,3.5714285
SUPER_4,3270000,67,6,4,77,33,34,3.7
SUPER_4,3280000,6,2,0,8,4,2,10.5
SUPER_4,3290000,0,0,0,0,0,0,0
SUPER_4,3300000,0,0,0,0,0,0,0
SUPER_4,3310000,0,0,0,0,0,0,0
SUPER_4,3320000,0,0,0,0,0,0,0
SUPER_4,3330000,8,2,0,10,5,3,1.5
SUPER_4,3340000,69,2,7,78,34,35,41.444443
SUPER_4,3350000,129,11,13,153,70,59,10.166667
SUPER_4,3360000,65,3,3,71,31,34,7
SUPER_4,3370000,100,10,16,126,55,45,3.5384614
SUPER_4,3380000,132,10,14,156,74,58,7.0833335
SUPER_4,3390000,42,5,2,49,25,17,10.428572
SUPER_4,3400000,48,1,5,54,19,29,12.833333
SUPER_4,3410000,138,6,12,156,73,65,10.5
SUPER_4,3420000,91,9,10,110,51,40,12.368421
SUPER_4,3430000,24,2,3,29,13,11,3.2
SUPER_4,3440000,136,4,10,150,76,60,4.642857
SUPER_4,3450000,28,1,4,33,20,8,4
SUPER_4,3460000,218,20,13,251,106,112,6.3939395
SUPER_4,3470000,104,4,13,121,47,57,2.4705882
SUPER_4,3480000,57,2,4,63,25,32,2.6666667
SUPER_4,3490000,91,5,7,103,48,43,2.8333333
SUPER_4,3500000,134,10,11,155,67,67,19.619047
SUPER_4,3510000,103,6,4,113,66,37,3.1
SUPER_4,3520000,161,7,11,179,81,80,6.388889
SUPER_4,3530000,169,14,13,196,87,82,14.851851
SUPER_4,3540000,111,7,8,126,56,55,22.133333
SUPER_4,3550000,142,11,14,167,74,68,7.8
SUPER_4,3560000,97,9,3,109,55,42,5.3333335
SUPER_4,3570000,111,7,12,130,57,54,6.7894735
SUPER_4,3580000,127,8,8,143,69,58,6.75
SUPER_4,3590000,99,5,7,111,55,44,18.416666
SUPER_4,3600000,0,0,0,0,0,0,0
SUPER_4,3610000,0,0,0,0,0,0,0
SUPER_4,3620000,4,1,2,7,0,4,1.3333334
SUPER_4,3630000,1,0,0,1,1,0,NaN
SUPER_4,3640000,8,0,0,8,4,4,NaN
SUPER_4,3650000,5,2,0,7,1,4,5
SUPER_4,3660000,84,4,13,101,38,46,7.647059
SUPER_4,3670000,187,14,11,212,106,81,8.84
SUPER_4,3680000,83,4,4,91,37,46,4.5
SUPER_4,3690000,1,1,0,2,1,0,1
SUPER_4,3700000,2,0,0,2,1,1,NaN
SUPER_4,3710000,2,1,0,3,2,0,6
SUPER_4,3720000,1,0,0,1,0,1,NaN
SUPER_4,3730000,0,0,0,0,0,0,0
SUPER_4,3740000,0,0,0,0,0,0,0
SUPER_4,3750000,174,9,11,194,100,74,3.45
SUPER_4,3760000,14,2,1,17,7,7,4.3333335
SUPER_4,3770000,3,0,0,3,2,1,NaN
SUPER_4,3780000,1,0,0,1,1,0,NaN
SUPER_4,3790000,1,0,0,1,1,0,NaN
SUPER_4,3800000,1,0,0,1,1,0,NaN
SUPER_4,3810000,109,13,11,133,43,66,5.1666665
SUPER_4,3820000,57,6,5,68,29,28,6.2727275
SUPER_4,3830000,53,2,1,56,25,28,4
SUPER_4,3840000,94,5,6,105,49,45,5.6363635
SUPER_4,3850000,54,2,3,59,36,18,1.6
SUPER_4,3860000,72,5,3,80,44,28,3.625
SUPER_4,3870000,126,8,16,150,68,58,3.7916667
SUPER_4,3880000,122,9,12,143,69,53,34.47619
SUPER_4,3890000,79,6,3,88,40,39,11.444445
SUPER_4,3900000,111,12,7,130,58,53,5.5789475
SUPER_4,3910000,0,0,0,0,0,0,0
SUPER_4,3920000,0,0,0,0,0,0,0
SUPER_4,3930000,26,1,4,31,14,12,7.4
SUPER_4,3940000,147,12,10,169,69,78,3
SUPER_4,3950000,130,12,9,151,55,75,8.523809
SUPER_4,3960000,148,7,8,163,79,69,4.8
SUPER_4,3970000,87,10,5,102,50,37,5.5333333
SUPER_4,3980000,92,6,8,106,47,45,20.142857
SUPER_4,3990000,171,8,11,190,78,93,24.68421
SUPER_4,4000000,183,7,9,199,80,103,5.5
SUPER_4,4010000,192,5,13,210,114,78,7.611111
SUPER_4,4020000,135,9,8,152,75,60,8.176471
SUPER_4,4030000,119,9,7,135,59,60,7.3125
SUPER_4,4040000,155,9,14,178,71,84,9.347826
SUPER_4,4050000,137,7,10,154,72,65,20.235294
SUPER_4,4060000,135,9,13,157,62,73,4.5
SUPER_4,4070000,1,2,1,4,0,1,2
SUPER_4,4080000,1,0,0,1,0,1,NaN
SUPER_4,4090000,27,2,2,31,15,12,2.75
SUPER_4,4100000,198,14,10,222,102,96,5.375
SUPER_4,4110000,104,9,10,123,51,53,7.631579
SUPER_4,4120000,48,4,6,58,28,20,8.6
SUPER_4,4130000,115,10,8,133,51,64,7.0555553
SUPER_4,4140000,236,15,18,269,120,116,4.757576
SUPER_4,4150000,46,3,4,53,17,29,8.428572
SUPER_4,4160000,73,10,2,85,41,32,3
SUPER_4,4170000,94,11,4,109,31,63,34.333332
SUPER_4,4180000,123,4,12,139,61,62,15.5625
SUPER_4,4190000,199,18,13,230,109,90,7.387097
SUPER_4,4200000,113,10,7,130,52,61,15.176471
SUPER_4,4210000,105,3,10,118,59,46,10.076923
SUPER_4,4220000,125,11,9,145,69,56,9.2
SUPER_4,4230000,111,6,4,121,59,52,5.7
SUPER_4,4240000,107,6,7,120,69,38,8.307693
SUPER_4,4250000,187,11,10,208,100,87,5.8095236
SUPER_4,4260000,36,2,4,42,11,25,54.5
SUPER_4,4270000,80,6,5,91,34,46,16.818182
SUPER_4,4280000,76,2,3,81,34,42,8.4
SUPER_4,4290000,105,6,7,118,51,54,4.3076925
SUPER_4,4300000,150,5,16,171,84,66,7.1904764
SUPER_4,4310000,186,8,27,221,96,90,12.457143
SUPER_4,4320000,145,12,8,165,75,70,4.35
SUPER_4,4330000,112,10,7,129,63,49,5.5882354
SUPER_4,4340000,0,0,0,0,0,0,0
SUPER_4,4350000,0,0,0,0,0,0,0
SUPER_4,4360000,54,4,8,66,30,24,3.5
SUPER_4,4370000,80,3,4,87,41,39,3.142857
SUPER_4,4380000,143,5,14,162,80,63,4.8421054
SUPER_4,4390000,82,11,5,98,44,38,4.25
SUPER_4,4400000,149,12,15,176,68,81,3.5185184
SUPER_4,4410000,12,1,0,13,3,9,1
SUPER_4,4420000,81,4,10,95,49,32,4.5
SUPER_4,4430000,139,11,10,160,73,66,6.3809524
SUPER_4,4440000,51,5,4,60,22,29,2.8888888
SUPER_4,4450000,125,14,8,147,59,66,9.5
SUPER_4,4460000,104,7,9,120,63,41,8
SUPER_4,4470000,111,7,9,127,52,59,5.75
SUPER_4,4480000,122,13,7,142,67,55,5.4
SUPER_4,4490000,3,0,0,3,3,0,NaN
SUPER_4,4500000,43,3,2,48,16,27,3
SUPER_4,4510000,116,8,8,132,61,55,4.25
SUPER_4,4520000,109,6,6,121,58,51,8.5
SUPER_4,4530000,56,2,4,62,32,24,71
SUPER_4,4540000,86,7,5,98,50,36,4
SUPER_4,4550000,148,14,9,171,75,73,9.913043
SUPER_4,4560000,186,9,15,210,99,87,5.1666665
SUPER_4,4570000,42,5,5,52,19,23,3.2
SUPER_4,4580000,27,2,2,31,10,17,3.25
SUPER_4,4590000,44,4,8,56,26,18,2.25
SUPER_4,4600000,1,0,0,1,0,1,NaN
SUPER_4,4610000,51,5,3,59,30,21,5.5
SUPER_4,4620000,115,4,9,128,63,52,11.846154
SUPER_4,4630000,158,6,15,179,79,79,39.714287
SUPER_4,4640000,114,17,21,152,58,56,6.7894735
SUPER_4,4650000,42,5,7,54,22,20,8.833333
SUPER_4,4660000,46,1,6,53,20,26,2.4285715
SUPER_4,4670000,9,1,0,10,5,4,1
SUPER_4,4680000,1,0,0,1,0,1,NaN
SUPER_4,4690000,2,0,0,2,1,1,NaN
SUPER_4,4700000,2,0,0,2,1,1,NaN
SUPER_4,4710000,6,0,0,6,3,3,NaN
SUPER_4,4720000,1,0,0,1,0,1,NaN
SUPER_4,4730000,2,2,1,5,2,0,2.3333333
SUPER_4,4740000,70,2,6,78,38,32,5.75
SUPER_4,4750000,67,8,12,87,37,30,5
SUPER_4,4760000,151,14,21,186,87,64,16.142857
SUPER_4,4770000,20,0,2,22,10,10,9.5
SUPER_4,4780000,3,0,1,4,2,1,2
SUPER_4,4790000,7,0,3,10,2,5,2.6666667
SUPER_4,4800000,0,0,0,0,0,0,0
SUPER_4,4810000,0,0,0,0,0,0,0
SUPER_4,4820000,0,0,0,0,0,0,0
SUPER_4,4830000,6,0,1,7,4,2,5
SUPER_4,4840000,84,5,10,99,37,47,5.133333
SUPER_4,4850000,140,6,14,160,77,63,9.45
SUPER_4,4860000,125,9,13,147,65,60,3.090909
SUPER_4,4870000,35,5,2,42,16,19,4.428571
SUPER_4,4880000,53,2,3,58,30,23,3.4
SUPER_4,4890000,89,7,8,104,54,35,8.133333
SUPER_4,4900000,56,9,2,67,28,28,8.636364
SUPER_4,4910000,121,5,15,141,53,68,7.4
SUPER_4,4920000,117,9,9,135,61,56,11.666667
SUPER_4,4930000,105,1,12,118,53,52,43.53846
SUPER_4,4940000,51,2,5,58,23,28,4.142857
SUPER_4,4950000,132,8,7,147,71,61,3.5333333
SUPER_4,4960000,145,5,16,166,65,80,9.761905
SUPER_4,4970000,25,2,7,34,14,11,15.222222
SUPER_4,4980000,84,11,6,101,50,34,9.176471
SUPER_4,4990000,0,0,0,0,0,0,0
SUPER_4,5000000,0,0,0,0,0,0,0
SUPER_4,5010000,21,3,1,25,12,9,3.25
SUPER_4,5020000,31,1,2,34,21,10,4.6666665
SUPER_4,5030000,140,7,12,159,75,65,3.6842105
SUPER_4,5040000,168,10,13,191,95,73,10.956522
SUPER_4,5050000,0,1,0,1,0,0,2
SUPER_4,5060000,21,2,2,25,11,10,3.75
SUPER_4,5070000,149,15,10,174,80,69,5.44
SUPER_4,5080000,142,15,13,170,71,71,35.714287
SUPER_4,5090000,144,10,8,162,78,66,5.7222223
SUPER_4,5100000,83,8,6,97,47,36,3.357143
SUPER_4,5110000,74,5,7,86,42,32,6.5833335
SUPER_4,5120000,24,1,5,30,6,18,3
SUPER_4,5130000,90,5,4,99,42,48,7.3333335
SUPER_4,5140000,151,16,6,173,71,80,4.818182
SUPER_4,5150000,15,1,3,19,9,6,2.75
SUPER_4,5160000,119,7,7,133,50,69,3.7857144
SUPER_4,5170000,224,18,26,268,115,109,14.636364
SUPER_4,5180000,97,5,8,110,40,57,28.538462
SUPER_4,5190000,16,2,2,20,11,5,1
SUPER_4,5200000,90,8,3,101,48,42,9.090909
SUPER_4,5210000,38,8,1,47,25,13,5
SUPER_4,5220000,122,7,10,139,61,61,6.9411764
SUPER_4,5230000,72,5,4,81,40,32,7.3333335
SUPER_4,5240000,34,2,8,44,20,14,5.4
SUPER_4,5250000,61,2,5,68,26,35,8.142858
SUPER_4,5260000,132,13,10,155,65,67,6.521739
SUPER_4,5270000,38,1,3,42,20,18,4
SUPER_4,5280000,18,2,4,24,8,10,3.8333333
SUPER_4,5290000,202,20,21,243,107,95,11.560976
SUPER_4,5300000,135,9,10,154,60,75,16
SUPER_4,5310000,103,7,7,117,47,56,4.071429
SUPER_4,5320000,135,14,12,161,65,70,9.5
SUPER_4,5330000,105,8,10,123,62,43,4.5
SUPER_4,5340000,132,9,19,160,75,57,22.178572
SUPER_4,5350000,88,4,9,101,44,44,18.76923
SUPER_4,5360000,108,8,10,126,54,54,3.9444444
SUPER_4,5370000,200,16,18,234,102,98,5.0882354
SUPER_4,5380000,150,8,7,165,74,76,5.9333334
SUPER_4,5390000,159,9,8,176,85,74,7.117647
SUPER_4,5400000,116,12,10,138,63,53,5
SUPER_4,5410000,112,9,5,126,58,54,3.2142856
SUPER_4,5420000,71,5,4,80,38,33,6.4444447
SUPER_4,5430000,29,1,2,32,17,12,2.3333333
SUPER_4,5440000,141,6,16,163,76,65,4.0454545
SUPER_4,5450000,126,6,7,139,73,53,4.6923075
SUPER_4,5460000,158,11,11,180,80,78,20.454546
SUPER_4,5470000,73,2,2,77,39,34,16.25
SUPER_4,5480000,106,12,9,127,51,55,6
SUPER_4,5490000,72,6,5,83,30,42,2.7272727
SUPER_4,5500000,32,4,2,38,18,14,2.1666667
SUPER_4,5510000,22,0,2,24,9,13,2
SUPER_4,5520000,169,13,6,188,86,83,5.4736843
SUPER_4,5530000,142,6,14,162,69,73,3.75
SUPER_4,5540000,80,10,6,96,33,47,28.875
SUPER_4,5550000,89,6,3,98,45,44,11.555555
SUPER_4,5560000,82,4,9,95,46,36,3
SUPER_4,5570000,161,9,17,187,97,64,4.4615383
SUPER_4,5580000,10,2,1,13,3,7,12
SUPER_4,5590000,98,5,12,115,53,45,5.0588236
SUPER_4,5600000,106,8,6,120,54,52,9.214286
SUPER_4,5610000,61,3,4,68,29,32,4.857143
SUPER_4,5620000,124,8,8,140,59,65,7.1875
SUPER_4,5630000,136,14,15,165,75,61,14.206897
SUPER_4,5640000,102,7,5,114,57,45,7.8333335
SUPER_4,5650000,45,5,6,56,22,23,2.3636363
SUPER_4,5660000,19,1,3,23,7,12,3
SUPER_4,5670000,108,5,8,121,52,56,4.230769
SUPER_4,5680000,178,11,11,200,105,73,10.136364
SUPER_4,5690000,177,4,9,190,93,84,15.615385
SUPER_4,5700000,1,2,0,3,1,0,1
SUPER_4,5710000,4,0,0,4,2,2,NaN
SUPER_4,5720000,13,0,1,14,7,6,7
SUPER_4,5730000,49,5,7,61,32,17,5.8333335
SUPER_4,5740000,46,2,3,51,24,22,2
SUPER_4,5750000,151,8,5,164,80,71,7.8461537
SUPER_4,5760000,0,0,0,0,0,0,0
SUPER_4,5770000,0,0,0,0,0,0,0
SUPER_4,5780000,54,3,3,60,24,30,4
SUPER_4,5790000,7,0,0,7,6,1,NaN
SUPER_4,5800000,7,1,0,8,3,4,5
SUPER_4,5810000,129,11,7,147,61,68,2.0555556
SUPER_4,5820000,42,0,5,47,21,21,2.6
SUPER_4,5830000,162,8,9,179,92,70,3.1176472
SUPER_4,5840000,61,4,5,70,37,24,3.8888888
SUPER_4,5850000,111,9,8,128,56,55,5.470588
SUPER_4,5860000,88,8,9,105,43,45,4.4117646
SUPER_4,5870000,25,1,0,26,18,7,3
SUPER_4,5880000,179,14,17,210,83,96,8.67742
SUPER_4,5890000,100,5,11,116,51,49,4.6875
SUPER_4,5900000,56,7,5,68,21,35,3.25
SUPER_4,5910000,165,10,10,185,80,85,11.45
SUPER_4,5920000,25,1,0,26,12,13,2
SUPER_4,5930000,71,5,2,78,33,38,9.285714
SUPER_4,5940000,47,2,6,55,14,33,31.5
SUPER_4,5950000,0,0,0,0,0,0,0
SUPER_4,5960000,0,0,0,0,0,0,0
SUPER_4,5970000,17,0,1,18,10,7,4
SUPER_4,5980000,0,0,0,0,0,0,0
SUPER_4,5990000,0,0,0,0,0,0,0
SUPER_4,6000000,5,0,0,5,2,3,NaN
SUPER_4,6010000,85,2,4,91,45,40,3.1666667
SUPER_4,6020000,47,7,1,55,31,16,2.75
SUPER_4,6030000,100,4,6,110,46,54,6.1
SUPER_4,6040000,40,0,3,43,23,17,2.6666667
SUPER_4,6050000,87,4,3,94,47,40,5.428571
SUPER_4,6060000,31,2,3,36,17,14,20.4
SUPER_4,6070000,40,4,3,47,18,22,3.2857144
SUPER_4,6080000,95,8,11,114,57,38,3
SUPER_4,6090000,118,4,7,129,62,56,2.2727273
SUPER_4,6100000,62,5,6,73,32,30,2.1818182
SUPER_4,6110000,65,2,3,70,35,30,17.8
SUPER_4,6120000,5,0,0,5,1,4,NaN
SUPER_4,6130000,3,0,0,3,1,2,NaN
SUPER_4,6140000,5,1,1,7,3,2,11.5
SUPER_4,6150000,74,6,4,84,38,36,4
SUPER_4,6160000,2,3,2,7,1,1,1.2
SUPER_4,6170000,157,9,18,184,96,61,5.148148
SUPER_4,6180000,155,11,9,175,78,77,5.4
SUPER_4,6190000,157,11,14,182,87,70,4.48
SUPER_4,6200000,164,12,16,192,78,86,4.464286
SUPER_4,6210000,150,12,4,166,80,70,9.6875
SUPER_4,6220000,181,9,15,205,99,82,4.5416665
SUPER_4,6230000,130,4,9,143,70,60,6.076923
SUPER_4,6240000,92,2,12,106,47,45,11
SUPER_4,6250000,40,3,0,43,24,16,3.6666667
SUPER_4,6260000,2,1,1,4,0,2,3
SUPER_4,6270000,1,0,0,1,1,0,NaN
SUPER_4,6280000,2,0,0,2,0,2,NaN
SUPER_4,6290000,0,0,0,0,0,0,0
SUPER_4,6300000,0,0,0,0,0,0,0
SUPER_4,6310000,0,0,0,0,0,0,0
SUPER_4,6320000,0,0,0,0,0,0,0
SUPER_4,6330000,0,0,0,0,0,0,0
SUPER_4,6340000,78,3,8,89,36,42,29.818182
SUPER_4,6350000,19,2,1,22,12,7,7.6666665
SUPER_4,6360000,74,8,6,88,43,31,9
SUPER_4,6370000,102,3,7,112,53,49,6.8
SUPER_4,6380000,16,2,4,22,9,7,8.333333
SUPER_4,6390000,1,0,0,1,0,1,NaN
SUPER_4,6400000,3,0,2,5,1,2,2.5
SUPER_4,6410000,1,0,0,1,0,1,NaN
SUPER_4,6420000,1,0,0,1,1,0,NaN
SUPER_4,6430000,1,1,0,2,1,0,48
SUPER_4,6440000,1,0,0,1,1,0,NaN
SUPER_4,6450000,2,0,0,2,1,1,NaN
SUPER_4,6460000,1,1,0,2,1,0,18
SUPER_4,6470000,1,0,1,2,1,0,2
SUPER_4,6480000,1,0,0,1,0,1,NaN
SUPER_4,6490000,5,1,1,7,1,4,13.5
SUPER_4,6500000,111,12,7,130,56,55,4.0526314
SUPER_4,6510000,98,4,4,106,53,45,42.125
SUPER_4,6520000,124,4,13,141,74,50,26.17647
SUPER_4,6530000,94,1,4,99,53,41,7.2
SUPER_4,6540000,4,0,0,4,0,4,NaN
SUPER_4,6550000,1,0,0,1,1,0,NaN
SUPER_4,6560000,4,1,1,6,1,3,5.5
SUPER_4,6570000,2,0,0,2,1,1,NaN
SUPER_4,6580000,1,0,0,1,0,1,NaN
SUPER_4,6590000,4,1,2,7,0,4,1
SUPER_4,6600000,2,0,0,2,0,2,NaN
SUPER_4,6610000,2,0,0,2,2,0,NaN
SUPER_4,6620000,3,0,0,3,2,1,NaN
SUPER_4,6630000,1,0,0,1,0,1,NaN
SUPER_4,6640000,126,7,6,139,52,74,4.1538463
SUPER_4,6650000,170,6,10,186,76,94,3.8125
SUPER_4,6660000,170,11,10,191,90,80,10.666667
SUPER_4,6670000,6,0,0,6,3,3,NaN
SUPER_4,6680000,1,1,0,2,1,0,20
SUPER_4,6690000,2,0,0,2,1,1,NaN
SUPER_4,6700000,85,7,6,98,42,43,13.076923
SUPER_4,6710000,98,9,5,112,46,51,14.142858
SUPER_4,6720000,117,11,4,132,54,63,11.4
SUPER_4,6730000,108,6,6,120,62,46,7.0833335
SUPER_4,6740000,5,0,1,6,3,2,1
SUPER_4,6750000,3,0,0,3,2,1,NaN
SUPER_4,6760000,3,0,0,3,2,1,NaN
SUPER_4,6770000,2,0,0,2,1,1,NaN
SUPER_4,6780000,4,0,0,4,2,2,NaN
SUPER_4,6790000,18,1,1,20,11,7,21
SUPER_4,6800000,22,0,0,22,9,13,NaN
SUPER_4,6810000,35,3,1,39,21,14,6.5
SUPER_4,6820000,29,3,3,35,17,12,2.5
SUPER_4,6830000,8,0,2,10,4,4,25
SUPER_4,6840000,62,4,2,68,36,26,9.333333
SUPER_4,6850000,19,4,0,23,7,12,2.25
SUPER_4,6860000,37,5,0,42,25,12,8.4
SUPER_4,6870000,15,2,0,17,10,5,9.5
SUPER_4,6880000,0,1,0,1,0,0,1
SUPER_4,6890000,13,0,1,14,6,7,1
SUPER_4,6900000,0,0,0,0,0,0,0
SUPER_4,6910000,0,0,0,0,0,0,0
SUPER_4,6920000,32,2,2,36,19,13,1
SUPER_4,6930000,6,0,0,6,4,2,NaN
SUPER_4,6940000,1,1,0,2,1,0,2
SUPER_4,6950000,1,0,0,1,0,1,NaN
SUPER_4,6960000,2,0,0,2,1,1,NaN
SUPER_4,6970000,1,0,1,2,1,0,18
SUPER_4,6980000,1,1,3,5,0,1,2.75
SUPER_4,6990000,0,0,1,1,0,0,1
SUPER_4,7000000,3,0,0,3,0,3,NaN
SUPER_4,7010000,3,2,0,5,2,1,27.5
SUPER_4,7020000,2,0,0,2,1,1,NaN
SUPER_4,7030000,101,7,13,121,61,40,11.3
SUPER_4,7040000,186,9,8,203,92,94,3.764706
SUPER_4,7050000,121,8,6,135,59,62,4.714286
SUPER_4,7060000,100,6,6,112,53,47,8.916667
SUPER_4,7070000,137,9,9,155,81,56,4.2222223
SUPER_4,7080000,53,3,2,58,29,24,3
SUPER_4,7090000,70,9,3,82,42,28,6.1666665
SUPER_4,7100000,93,2,6,101,56,37,7.75
SUPER_4,7110000,113,6,11,130,58,55,5.7647057
SUPER_4,7120000,66,4,3,73,37,29,4.428571
SUPER_4,7130000,1,0,1,2,1,0,2
SUPER_4,7140000,107,3,10,120,56,51,5.5384617
SUPER_4,7150000,176,5,15,196,95,81,28.45
SUPER_4,7160000,93,6,7,106,47,46,3.4615386
SUPER_4,7170000,0,0,0,0,0,0,0
SUPER_4,7180000,0,0,0,0,0,0,0
SUPER_4,7190000,96,6,9,111,49,47,18.866667
SUPER_4,7200000,3,1,0,4,3,0,6
SUPER_4,7210000,2,0,0,2,1,1,NaN
SUPER_4,7220000,3,1,0,4,2,1,1
SUPER_4,7230000,3,0,0,3,2,1,NaN
SUPER_4,7240000,3,1,0,4,1,2,1
SUPER_4,7250000,2,1,0,3,1,1,3
SUPER_4,7260000,3,1,0,4,1,2,1
SUPER_4,7270000,3,1,2,6,1,2,3
SUPER_4,7280000,3,0,0,3,2,1,NaN
SUPER_4,7290000,1,0,0,1,1,0,NaN
SUPER_4,7300000,3,0,0,3,1,2,NaN
SUPER_4,7310000,3,0,0,3,2,1,NaN
SUPER_4,7320000,1,0,0,1,1,0,NaN
SUPER_4,7330000,2,1,0,3,1,1,1
SUPER_4,7340000,1,0,0,1,1,0,NaN
SUPER_4,7350000,2,1,0,3,1,1,14
SUPER_4,7360000,0,1,0,1,0,0,20
SUPER_4,7370000,3,0,0,3,0,3,NaN
SUPER_4,7380000,22,1,0,23,12,10,15
SUPER_4,7390000,1,1,0,2,1,0,2
SUPER_4,7400000,23,1,2,26,12,11,4.3333335
SUPER_4,7410000,97,7,7,111,58,39,3.7142856
SUPER_4,7420000,172,8,8,188,87,85,13.4375
SUPER_4,7430000,176,10,15,201,84,92,22.32
SUPER_4,7440000,29,2,4,35,20,9,13.833333
SUPER_4,7450000,19,1,2,22,11,8,6.3333335
SUPER_4,7460000,7,0,3,10,4,3,9
SUPER_4,7470000,65,7,3,75,22,43,8.3
SUPER_4,7480000,94,4,8,106,55,39,19.75
SUPER_4,7490000,73,4,5,82,40,33,53.666668
SUPER_4,7500000,52,2,4,58,33,19,6.3333335
SUPER_4,7510000,133,3,9,145,74,59,18.75
SUPER_4,7520000,114,7,9,130,59,55,20.1875
SUPER_4,7530000,98,5,8,111,52,46,9.230769
SUPER_4,7540000,113,6,9,128,54,59,27.4
SUPER_4,7550000,119,5,7,131,78,41,9.666667
SUPER_4,7560000,83,6,5,94,47,36,3.1818182
SUPER_4,7570000,198,11,12,221,111,87,4.130435
SUPER_4,7580000,0,0,0,0,0,0,0
SUPER_4,7590000,0,0,0,0,0,0,0
SUPER_4,7600000,108,7,5,120,52,56,10.416667
SUPER_4,7610000,84,7,7,98,44,40,4.357143
SUPER_4,7620000,74,7,4,85,33,41,8.181818
SUPER_4,7630000,130,14,9,153,67,63,6.869565
SUPER_4,7640000,157,6,7,170,74,83,1.9230769
SUPER_4,7650000,15,0,1,16,11,4,12
SUPER_4,7660000,4,0,0,4,1,3,NaN
SUPER_4,7670000,22,1,4,27,15,7,1.2
SUPER_4,7680000,68,10,10,88,31,37,3.8
SUPER_4,7690000,138,5,15,158,72,66,9.3
SUPER_4,7700000,127,7,4,138,76,51,7.3636365
SUPER_4,7710000,239,16,9,264,115,124,13.12
SUPER_4,7720000,167,10,8,185,85,82,2.4444444
SUPER_4,7730000,218,10,10,238,109,109,8.6
SUPER_4,7740000,67,3,4,74,33,34,5.571429
SUPER_4,7750000,110,9,7,126,53,57,26.875
SUPER_4,7760000,225,15,7,247,116,109,5.2272725
SUPER_4,7770000,150,9,8,167,89,61,5.2352943
SUPER_4,7780000,113,9,5,127,55,58,6
SUPER_4,7790000,29,1,0,30,15,14,1
SUPER_4,7800000,99,6,4,109,54,45,7.2
SUPER_4,7810000,1,0,0,1,1,0,NaN
SUPER_4,7820000,172,9,10,191,96,76,9.842105
SUPER_4,7830000,115,3,9,127,55,60,6.25
SUPER_4,7840000,86,3,7,96,48,38,36.1
SUPER_4,7850000,71,4,6,81,38,33,5.5
SUPER_4,7860000,169,10,11,190,83,86,4.047619
SUPER_4,7870000,52,4,1,57,31,21,6.8
SUPER_4,7880000,93,5,5,103,46,47,21.3
SUPER_4,7890000,96,2,6,104,56,40,6.25
SUPER_4,7900000,128,12,4,144,63,65,6.1875
SUPER_4,7910000,263,17,8,288,149,114,6
SUPER_4,7920000,43,6,3,52,20,23,2.3333333
SUPER_4,7930000,24,2,1,27,12,12,1.6666666
SUPER_4,7940000,73,6,7,86,44,29,6
SUPER_4,7950000,62,9,4,75,32,30,3
SUPER_4,7960000,55,3,2,60,25,30,3.8
SUPER_4,7970000,79,1,3,83,41,38,1.75
SUPER_4,7980000,68,5,4,77,38,30,4.5555553
SUPER_4,7990000,183,11,16,210,84,99,8.222222
SUPER_4,8000000,24,3,2,29,14,10,11.4
SUPER_4,8010000,3,1,1,5,0,3,6.5
SUPER_4,8020000,6,1,1,8,5,1,1.5
SUPER_4,8030000,50,4,4,58,29,21,38.5
SUPER_4,8040000,161,10,12,183,86,75,14.272727
SUPER_4,8050000,189,7,13,209,108,81,8.4
SUPER_4,8060000,92,8,1,101,42,50,2.1111112
SUPER_4,8070000,144,8,11,163,77,67,11.210526
SUPER_4,8080000,47,6,5,58,27,20,5.7272725
SUPER_4,8090000,78,3,4,85,44,34,40.857143
SUPER_4,8100000,169,8,12,189,90,79,4.25
SUPER_4,8110000,34,2,1,37,21,13,1
SUPER_4,8120000,120,3,4,127,65,55,9.285714
SUPER_4,8130000,16,2,2,20,5,11,4
SUPER_4,8140000,110,5,4,119,60,50,6.2222223
SUPER_4,8150000,165,16,12,193,76,89,8.178572
SUPER_4,8160000,9,0,1,10,7,2,10
SUPER_4,8170000,100,7,4,111,56,44,13.636364
SUPER_4,8180000,117,7,6,130,51,66,4.6153846
SUPER_4,8190000,104,7,6,117,47,57,8.461538
SUPER_4,8200000,2,0,0,2,2,0,NaN
SUPER_4,8210000,2,0,0,2,0,2,NaN
SUPER_4,8220000,66,4,2,72,39,27,1.6666666
SUPER_4,8230000,124,8,7,139,66,58,3.6
SUPER_4,8240000,0,0,0,0,0,0,0
SUPER_4,8250000,0,0,0,0,0,0,0
SUPER_4,8260000,0,0,0,0,0,0,0
SUPER_4,8270000,252,12,21,285,126,126,6.939394
SUPER_4,8280000,98,6,8,112,40,58,7.714286
SUPER_4,8290000,74,4,8,86,39,35,4.4166665
SUPER_4,8300000,84,5,3,92,38,46,5.75
SUPER_4,8310000,98,8,4,110,59,39,5.4166665
SUPER_4,8320000,35,8,1,44,17,18,5.2222223
SUPER_4,8330000,72,5,9,86,36,36,9.714286
SUPER_4,8340000,0,0,0,0,0,0,0
SUPER_4,8350000,0,0,0,0,0,0,0
SUPER_4,8360000,19,3,4,26,9,10,3.857143
SUPER_4,8370000,0,1,0,1,0,0,15
SUPER_4,8380000,2,0,1,3,0,2,22
SUPER_4,8390000,0,1,0,1,0,0,1
SUPER_4,8400000,45,3,2,50,17,28,24.8
SUPER_4,8410000,14,1,3,18,8,6,7
SUPER_4,8420000,16,1,1,18,11,5,4.5
SUPER_4,8430000,0,0,0,0,0,0,0
SUPER_4,8440000,0,0,0,0,0,0,0
SUPER_4,8450000,80,11,9,100,47,33,3.55
SUPER_4,8460000,67,3,3,73,30,37,3.8333333
SUPER_4,8470000,15,0,2,17,8,7,14.5
SUPER_4,8480000,15,2,2,19,12,3,6
SUPER_4,8490000,115,9,5,129,57,58,20.928572
SUPER_4,8500000,162,17,12,191,99,63,6.9310346
SUPER_4,8510000,84,4,5,93,42,42,5.3333335
SUPER_4,8520000,0,0,0,0,0,0,0
SUPER_4,8530000,0,0,0,0,0,0,0
SUPER_4,8540000,192,15,21,228,97,95,9.5
SUPER_4,8550000,77,8,7,92,37,40,4.733333
SUPER_4,8560000,146,7,16,169,64,82,14.26087
SUPER_4,8570000,196,13,12,221,98,98,5.56
SUPER_4,8580000,142,11,9,162,80,62,5.35
SUPER_4,8590000,173,9,11,193,87,86,4.1
SUPER_4,8600000,114,7,11,132,47,67,6.7777777
SUPER_4,8610000,227,17,15,259,122,105,11.65625
SUPER_4,8620000,174,10,15,199,84,90,6
SUPER_4,8630000,195,12,10,217,105,90,5.818182
SUPER_4,8640000,41,2,1,44,22,19,2
SUPER_4,8650000,81,7,8,96,44,37,4.4666667
SUPER_4,8660000,54,2,4,60,24,30,2.3333333
SUPER_4,8670000,0,0,0,0,0,0,0
SUPER_4,8680000,0,0,0,0,0,0,0
SUPER_4,8690000,194,9,13,216,95,99,12.863636
SUPER_4,8700000,13,2,0,15,8,5,3.5
SUPER_4,8710000,76,8,5,89,44,32,2.8461537
SUPER_4,8720000,162,10,11,183,86,76,4.4761906
SUPER_4,8730000,94,8,4,106,45,49,21.333334
SUPER_4,8740000,0,0,0,0,0,0,0
SUPER_4,8750000,0,0,0,0,0,0,0
SUPER_4,8760000,142,6,11,159,79,63,13.6470585
SUPER_4,8770000,61,2,6,69,27,34,7.5
SUPER_4,8780000,0,0,0,0,0,0,0
SUPER_4,8790000,0,0,0,0,0,0,0
SUPER_4,8800000,183,13,12,208,88,95,5.8
SUPER_4,8810000,0,0,0,0,0,0,0
SUPER_4,8820000,0,0,0,0,0,0,0
SUPER_4,8830000,71,3,2,76,38,33,2.8
SUPER_4,8840000,0,0,0,0,0,0,0
SUPER_4,8850000,0,0,0,0,0,0,0
SUPER_4,8860000,77,3,8,88,40,37,32.090908
SUPER_4,8870000,2,0,0,2,0,2,NaN
SUPER_4,8880000,1,0,0,1,0,1,NaN
SUPER_4,8890000,52,4,6,62,28,24,5.6
SUPER_4,8900000,54,8,2,64,24,30,8.9
SUPER_4,8910000,127,6,9,142,69,58,4.0666666
SUPER_4,8920000,121,6,10,137,60,61,5.1875
SUPER_4,8930000,133,12,9,154,72,61,7.3333335
SUPER_4,8940000,34,7,3,44,19,15,2.7
SUPER_4,8950000,148,15,3,166,81,67,8.111111
SUPER_4,8960000,217,9,14,240,104,113,6.0434785
SUPER_4,8970000,222,16,13,251,108,114,7.413793
SUPER_4,8980000,130,8,11,149,75,55,5.9473686
SUPER_4,8990000,90,5,7,102,46,44,3.9166667
SUPER_4,9000000,14,3,1,18,8,6,5
SUPER_4,9010000,75,6,7,88,36,39,19.153847
SUPER_4,9020000,44,1,1,46,21,23,19
SUPER_4,9030000,39,7,2,48,19,20,5.3333335
SUPER_4,9040000,1,0,0,1,1,0,NaN
SUPER_4,9050000,0,0,0,0,0,0,0
SUPER_4,9060000,0,0,0,0,0,0,0
SUPER_4,9070000,3,0,0,3,2,1,NaN
SUPER_4,9080000,6,1,0,7,3,3,1
SUPER_4,9090000,5,1,1,7,2,3,5
SUPER_4,9100000,76,7,2,85,36,40,4.7777777
SUPER_4,9110000,113,2,4,119,60,53,6.3333335
SUPER_4,9120000,107,4,6,117,60,47,2.9
SUPER_4,9130000,148,10,6,164,82,66,8.375
SUPER_4,9140000,112,4,6,122,59,53,2.5
SUPER_4,9150000,0,0,0,0,0,0,0
SUPER_4,9160000,0,0,0,0,0,0,0
SUPER_4,9170000,78,5,2,85,47,31,3.2857144
SUPER_4,9180000,0,0,0,0,0,0,0
SUPER_4,9190000,0,0,0,0,0,0,0
SUPER_4,9200000,133,3,5,141,65,68,39
SUPER_4,9210000,43,3,3,49,18,25,6.1666665
SUPER_4,9220000,175,15,12,202,97,78,6.740741
SUPER_4,9230000,68,2,4,74,30,38,8
SUPER_4,9240000,92,12,5,109,45,47,14.117647
SUPER_4,9250000,104,5,4,113,53,51,5.6666665
SUPER_4,9260000,123,15,7,145,69,54,5.3636365
SUPER_4,9270000,53,4,2,59,30,23,2.8333333
SUPER_4,9280000,22,1,1,24,9,13,28
SUPER_4,9290000,115,8,9,132,66,49,9.588235
SUPER_4,9300000,41,4,3,48,26,15,4
SUPER_4,9310000,108,5,8,121,59,49,10
SUPER_4,9320000,123,4,10,137,61,62,4.714286
SUPER_4,9330000,0,0,0,0,0,0,0
SUPER_4,9340000,0,0,0,0,0,0,0
SUPER_4,9350000,309,13,22,344,149,160,7.9428573
SUPER_4,9360000,153,14,15,182,81,72,3.2068965
SUPER_4,9370000,100,4,8,112,52,48,6.0833335
SUPER_4,9380000,6,2,0,8,1,5,5
SUPER_4,9390000,59,5,9,73,34,25,8.214286
SUPER_4,9400000,116,3,11,130,54,62,3.142857
SUPER_4,9410000,135,9,11,155,68,67,5.6
SUPER_4,9420000,165,13,10,188,78,87,63.826088
SUPER_4,9430000,186,6,6,198,99,87,6.25
SUPER_4,9440000,54,6,5,65,28,26,15.363636
SUPER_4,9450000,0,0,0,0,0,0,0
SUPER_4,9460000,0,0,0,0,0,0,0
SUPER_4,9470000,0,0,0,0,0,0,0
SUPER_4,9480000,0,0,0,0,0,0,0
SUPER_4,9490000,92,7,6,105,45,47,5.1538463
SUPER_4,9500000,11,2,1,14,5,6,3.6666667
SUPER_4,9510000,0,0,0,0,0,0,0
SUPER_4,9520000,0,0,0,0,0,0,0
SUPER_4,9530000,0,0,0,0,0,0,0
SUPER_4,9540000,44,3,5,52,20,24,7.75
SUPER_4,9550000,1,0,0,1,0,1,NaN
SUPER_4,9560000,4,0,0,4,4,0,NaN
SUPER_4,9570000,13,0,2,15,5,8,1
SUPER_4,9580000,39,3,6,48,17,22,10.222222
SUPER_4,9590000,0,0,0,0,0,0,0
SUPER_4,9600000,0,0,0,0,0,0,0
SUPER_4,9610000,65,8,4,77,35,30,32.083332
SUPER_4,9620000,0,0,0,0,0,0,0
SUPER_4,9630000,0,0,0,0,0,0,0
SUPER_4,9640000,215,15,14,244,103,112,7.1034484
SUPER_4,9650000,160,10,18,188,83,77,6.107143
SUPER_4,9660000,69,3,5,77,35,34,13.5
SUPER_4,9670000,19,1,0,20,6,13,2
SUPER_4,9680000,5,2,0,7,3,2,1.5
SUPER_4,9690000,0,0,0,0,0,0,0
SUPER_4,9700000,0,0,0,0,0,0,0
SUPER_4,9710000,0,0,0,0,0,0,0
SUPER_4,9720000,42,3,3,48,18,24,6.3333335
SUPER_4,9730000,10,0,2,12,5,5,3
SUPER_4,9740000,8,0,2,10,6,2,29.5
SUPER_4,9750000,47,0,2,49,20,27,74
SUPER_4,9760000,14,2,1,17,10,4,1
SUPER_4,9770000,9,0,0,9,4,5,NaN
SUPER_4,9780000,9,2,0,11,3,6,11.5
SUPER_4,9790000,118,12,15,145,49,69,4.296296
SUPER_4,9800000,131,8,14,153,72,59,3.5454545
SUPER_4,9810000,0,0,0,0,0,0,0
SUPER_4,9820000,0,0,0,0,0,0,0
SUPER_4,9830000,0,0,0,0,0,0,0
SUPER_4,9840000,173,8,6,187,97,76,6.928571
SUPER_4,9850000,43,1,3,47,23,20,2.75
SUPER_4,9860000,33,4,4,41,20,13,5.125
SUPER_4,9870000,132,9,9,150,69,63,4.7222223
SUPER_4,9880000,112,4,2,118,67,45,80.833336
SUPER_4,9890000,101,6,5,112,57,44,4.4545455
SUPER_4,9900000,151,6,7,164,87,64,3.4615386
SUPER_4,9910000,77,10,5,92,41,36,6.4666667
SUPER_4,9920000,67,7,2,76,29,38,6.4444447
SUPER_4,9930000,57,2,5,64,31,26,2.857143
SUPER_4,9940000,133,9,13,155,72,61,7.318182
SUPER_4,9950000,35,4,6,45,15,20,5.3
SUPER_4,9960000,125,9,11,145,59,66,5.8
SUPER_4,9970000,145,2,6,153,85,60,10.375
SUPER_4,9980000,74,4,4,82,41,33,14.5
SUPER_4,9990000,68,4,3,75,30,38,1.4285715
SUPER_4,10000000,108,10,9,127,68,40,2.368421
SUPER_4,10010000,87,8,8,103,44,43,6.125
SUPER_4,10020000,47,5,3,55,23,24,2.625
SUPER_4,10030000,99,3,8,110,42,57,18
SUPER_4,10040000,100,4,6,110,58,42,9.1
SUPER_4,10050000,62,4,4,70,37,25,2.5
SUPER_4,10060000,70,3,3,76,34,36,9.833333
SUPER_4,10070000,105,5,7,117,58,47,5.0833335
SUPER_4,10080000,78,6,3,87,36,42,5.7777777
SUPER_4,10090000,88,11,4,103,51,37,4
SUPER_4,10100000,70,1,4,75,32,38,1.8
SUPER_4,10110000,125,4,8,137,58,67,6.9166665
SUPER_4,10120000,26,0,0,26,8,18,NaN
SUPER_4,10130000,72,8,9,89,34,38,6.882353
SUPER_4,10140000,85,4,10,99,41,44,7.428571
SUPER_4,10150000,100,5,5,110,47,53,5.4
SUPER_4,10160000,121,5,8,134,65,56,28.384615
SUPER_4,10170000,139,10,13,162,76,63,2.8695652
SUPER_4,10180000,86,4,6,96,47,39,17.2
SUPER_4,10190000,125,10,7,142,65,60,24.764706
SUPER_4,10200000,127,13,11,151,54,73,7.0833335
SUPER_4,10210000,119,14,12,145,56,63,5.269231
SUPER_4,10220000,50,5,10,65,28,22,8.333333
SUPER_4,10230000,112,8,10,130,64,48,5.5555553
SUPER_4,10240000,56,4,11,71,33,23,24
SUPER_4,10250000,77,6,8,91,39,38,5.357143
SUPER_4,10260000,129,14,13,156,53,76,6.148148
SUPER_4,10270000,27,1,1,29,13,14,5
SUPER_4,10280000,0,0,2,2,0,0,1
SUPER_4,10290000,146,9,7,162,68,78,3.25
SUPER_4,10300000,94,7,9,110,38,56,7.8125
SUPER_4,10310000,3,0,0,3,2,1,NaN
SUPER_4,10320000,2,0,0,2,2,0,NaN
SUPER_4,10330000,3,1,0,4,3,0,12
SUPER_4,10340000,2,1,1,4,1,1,1.5
SUPER_4,10350000,2,0,1,3,0,2,1
SUPER_4,10360000,2,0,0,2,2,0,NaN
SUPER_4,10370000,7,2,1,10,0,7,10.666667
SUPER_4,10380000,1,0,1,2,1,0,2
SUPER_4,10390000,1,1,0,2,0,1,2
SUPER_4,10400000,0,1,1,2,0,0,4
SUPER_4,10410000,0,0,2,2,0,0,8.5
SUPER_4,10420000,5,0,0,5,3,2,NaN
SUPER_4,10430000,1,0,0,1,0,1,NaN
SUPER_4,10440000,19,2,3,24,7,12,4.2
SUPER_4,10450000,96,9,9,114,39,57,3.8333333
SUPER_4,10460000,75,3,7,85,33,42,5.5
SUPER_4,10470000,110,8,7,125,50,60,13.866667
SUPER_4,10480000,131,16,9,156,59,72,8.64
SUPER_4,10490000,101,11,12,124,51,50,16.52174
SUPER_4,10500000,18,4,2,24,6,12,5.1666665
SUPER_4,10510000,10,0,1,11,5,5,71
SUPER_4,10520000,37,2,4,43,15,22,5.1666665
SUPER_4,10530000,184,9,14,207,94,90,6.521739
SUPER_4,10540000,110,8,7,125,56,54,8.4
SUPER_4,10550000,57,4,3,64,28,29,7
SUPER_4,10560000,3,0,0,3,1,2,NaN
SUPER_4,10570000,29,1,1,31,18,11,278
SUPER_4,10580000,90,4,6,100,45,45,6.1
SUPER_4,10590000,95,11,1,107,53,42,4.75
SUPER_4,10600000,105,4,4,113,51,54,5.375
SUPER_4,10610000,89,6,7,102,49,40,5.6153846
SUPER_4,10620000,119,12,8,139,59,60,3.3
SUPER_4,10630000,108,12,7,127,49,59,12.368421
SUPER_4,10640000,120,8,5,133,61,59,3.4615386
SUPER_4,10650000,120,13,4,137,62,58,4.8235292
SUPER_4,10660000,80,3,12,95,48,32,3.2666667
SUPER_4,10670000,145,11,8,164,76,69,3.4736843
SUPER_4,10680000,69,11,7,87,30,39,4.611111
SUPER_4,10690000,59,3,6,68,30,29,12.888889
SUPER_4,10700000,29,4,1,34,17,12,2.4
SUPER_4,10710000,20,3,4,27,13,7,3.7142856
SUPER_4,10720000,59,8,8,75,32,27,3.75
SUPER_4,10730000,101,8,9,118,53,48,2.8235295
SUPER_4,10740000,172,9,13,194,73,99,29.636364
SUPER_4,10750000,1,1,0,2,1,0,1
SUPER_4,10760000,51,2,3,56,28,23,3
SUPER_4,10770000,2,0,0,2,2,0,NaN
SUPER_4,10780000,2,0,1,3,2,0,1
SUPER_4,10790000,7,0,2,9,4,3,81.5
SUPER_4,10800000,48,8,3,59,25,23,3.8181818
SUPER_4,10810000,88,6,4,98,42,46,4.5
SUPER_4,10820000,89,10,10,109,43,46,7
SUPER_4,10830000,1,0,0,1,1,0,NaN
SUPER_4,10840000,111,7,5,123,62,49,5
SUPER_4,10850000,125,8,11,144,57,68,30
SUPER_4,10860000,84,7,10,101,38,46,6
SUPER_4,10870000,45,1,8,54,25,20,11.666667
SUPER_4,10880000,117,12,9,138,53,64,3.142857
SUPER_4,10890000,165,20,10,195,86,79,7.0666666
SUPER_4,10900000,106,9,8,123,51,55,6.4117646
SUPER_4,10910000,119,10,7,136,47,72,5.0588236
SUPER_4,10920000,50,2,2,54,24,26,3.25
SUPER_4,10930000,67,7,3,77,29,38,6.7
SUPER_4,10940000,9,3,1,13,4,5,61.5
SUPER_4,10950000,32,5,6,43,16,16,9.545455
SUPER_4,10960000,153,9,9,171,79,74,14.833333
SUPER_4,10970000,108,8,7,123,51,57,3.0666666
SUPER_4,10980000,112,3,8,123,64,48,28.181818
SUPER_4,10990000,182,16,14,212,97,85,4.633333
SUPER_4,11000000,143,12,11,166,66,77,3.6956522
SUPER_4,11010000,83,5,6,94,47,36,3.2727273
SUPER_4,11020000,119,8,7,134,57,62,5.9333334
SUPER_4,11030000,111,4,12,127,57,54,9.9375
SUPER_4,11040000,103,2,11,116,47,56,11.923077
SUPER_4,11050000,93,1,3,97,50,43,2.25
SUPER_4,11060000,122,13,6,141,60,62,3.7894738
SUPER_4,11070000,110,11,5,126,49,61,15.4375
SUPER_4,11080000,0,0,0,0,0,0,0
SUPER_4,11090000,0,0,0,0,0,0,0
SUPER_4,11100000,150,5,4,159,78,72,1.7777778
SUPER_4,11110000,67,10,3,80,32,35,10.076923
SUPER_4,11120000,1,1,0,2,0,1,1
SUPER_4,11130000,45,2,4,51,20,25,2.8333333
SUPER_4,11140000,90,6,8,104,50,40,8.5
SUPER_4,11150000,0,0,0,0,0,0,0
SUPER_4,11160000,0,0,0,0,0,0,0
SUPER_4,11170000,0,0,0,0,0,0,0
SUPER_4,11180000,81,3,5,89,42,39,3
SUPER_4,11190000,9,0,0,9,7,2,NaN
SUPER_4,11200000,129,8,10,147,65,64,4.3333335
SUPER_4,11210000,58,3,0,61,31,27,13
SUPER_4,11220000,9,2,0,11,3,6,7.5
SUPER_4,11230000,95,10,6,111,51,44,3
SUPER_4,11240000,95,6,8,109,44,51,20.785715
SUPER_4,11250000,61,1,4,66,28,33,9.8
SUPER_4,11260000,110,4,7,121,56,54,30.09091
SUPER_4,11270000,178,3,2,183,102,76,7
SUPER_4,11280000,158,9,11,178,83,75,4.45
SUPER_4,11290000,125,10,7,142,63,62,16.411764
SUPER_4,11300000,197,8,11,216,94,103,2.7894738
SUPER_4,11310000,176,10,10,196,83,93,5.65
SUPER_4,11320000,80,5,6,91,41,39,7.5454545
SUPER_4,11330000,173,12,12,197,82,91,13.125
SUPER_4,11340000,122,11,9,142,73,49,19.7
SUPER_4,11350000,0,0,0,0,0,0,0
SUPER_4,11360000,0,0,0,0,0,0,0
SUPER_4,11370000,13,0,1,14,7,6,1
SUPER_4,11380000,41,2,2,45,21,20,6.5
SUPER_4,11390000,109,8,6,123,53,56,6.357143
SUPER_4,11400000,194,18,19,231,100,94,6.108108
SUPER_4,11410000,79,6,4,89,41,38,4.7
SUPER_4,11420000,131,11,11,153,62,69,11.409091
SUPER_4,11430000,178,12,20,210,79,99,21.40625
SUPER_4,11440000,198,13,17,228,109,89,4.5333333
SUPER_4,11450000,163,9,11,183,71,92,12.65
SUPER_4,11460000,55,3,7,65,30,25,8.9
SUPER_4,11470000,189,8,11,208,101,88,9.421053
SUPER_4,11480000,182,11,10,203,88,94,5.904762
SUPER_4,11490000,161,10,8,179,73,88,5.2777777
SUPER_4,11500000,81,10,7,98,37,44,5.647059
SUPER_4,11510000,82,6,7,95,41,41,2.5384614
SUPER_4,11520000,111,4,2,117,56,55,5.5
SUPER_4,11530000,104,6,5,115,50,54,7.090909
SUPER_4,11540000,155,14,14,183,86,69,3.0714285
SUPER_4,11550000,79,5,13,97,39,40,5.4444447
SUPER_4,11560000,37,3,2,42,23,14,1.8
SUPER_4,11570000,70,5,5,80,35,35,6.3
SUPER_4,11580000,117,6,11,134,56,61,3.764706
SUPER_4,11590000,22,1,1,24,14,8,1
SUPER_4,11600000,29,3,3,35,17,12,20.833334
SUPER_4,11610000,47,3,4,54,23,24,8.571428
SUPER_4,11620000,134,12,14,160,69,65,16.807692
SUPER_4,11630000,160,6,17,183,84,76,13.652174
SUPER_4,11640000,111,10,7,128,57,54,11.058824
SUPER_4,11650000,85,3,7,95,44,41,8.1
SUPER_4,11660000,41,4,2,47,15,26,5.5
SUPER_4,11670000,106,8,7,121,51,55,9.666667
SUPER_4,11680000,119,13,14,146,60,59,5.6666665
SUPER_4,11690000,86,5,9,100,39,46,3.4285715
SUPER_4,11700000,4,1,0,5,1,3,6
SUPER_4,11710000,42,4,5,51,23,19,8.222222
SUPER_4,11720000,6,1,0,7,5,1,1
SUPER_4,11730000,147,6,19,172,76,71,8.4
SUPER_4,11740000,0,0,0,0,0,0,0
SUPER_4,11750000,0,0,0,0,0,0,0
SUPER_4,11760000,152,13,13,178,59,93,4.0384617
SUPER_4,11770000,84,5,5,94,45,39,8
SUPER_4,11780000,12,1,0,13,6,6,2
SUPER_4,11790000,16,1,1,18,7,9,22.5
SUPER_4,11800000,109,11,14,134,46,63,6.96
SUPER_4,11810000,134,18,8,160,69,65,8.653846
SUPER_4,11820000,101,7,7,115,55,46,4.785714
SUPER_4,11830000,85,3,5,93,44,41,17.5
SUPER_4,11840000,133,10,4,147,63,70,4.357143
SUPER_4,11850000,78,4,8,90,47,31,18.666666
SUPER_4,11860000,33,1,1,35,15,18,1.5
SUPER_4,11870000,32,4,8,44,14,18,8.833333
SUPER_4,11880000,133,7,9,149,69,64,8.1875
SUPER_4,11890000,153,15,9,177,78,75,8.375
SUPER_4,11900000,118,9,8,135,59,59,7.0588236
SUPER_4,11910000,0,0,0,0,0,0,0
SUPER_4,11920000,0,0,0,0,0,0,0
SUPER_4,11930000,0,0,0,0,0,0,0
SUPER_4,11940000,77,7,6,90,30,47,7.5384617
SUPER_4,11950000,12,2,2,16,6,6,8.25
SUPER_4,11960000,60,11,3,74,36,24,2.2857144
SUPER_4,11970000,116,5,12,133,63,53,12.823529
SUPER_4,11980000,106,10,14,130,52,54,4.9583335
SUPER_4,11990000,124,12,13,149,55,69,14.72
SUPER_4,12000000,32,2,4,38,16,16,5.3333335
SUPER_4,12010000,2,0,0,2,2,0,NaN
SUPER_4,12020000,2,0,1,3,0,2,2
SUPER_4,12030000,3,1,0,4,1,2,1
SUPER_4,12040000,45,4,8,57,30,15,8.083333
SUPER_4,12050000,43,4,6,53,22,21,6.4
SUPER_4,12060000,157,7,10,174,75,82,5.470588
SUPER_4,12070000,44,5,2,51,19,25,6.857143
SUPER_4,12080000,1,0,0,1,1,0,NaN
SUPER_4,12090000,27,4,3,34,13,14,6.285714
SUPER_4,12100000,3,0,1,4,1,2,10
SUPER_4,12110000,2,0,0,2,1,1,NaN
SUPER_4,12120000,1,1,0,2,0,1,1
SUPER_4,12130000,1,0,0,1,1,0,NaN
SUPER_4,12140000,2,0,0,2,0,2,NaN
SUPER_4,12150000,127,5,9,141,68,59,8.357142
SUPER_4,12160000,68,3,5,76,28,40,13.5
SUPER_4,12170000,118,13,9,140,55,63,4
SUPER_4,12180000,233,10,16,259,117,116,9.769231
SUPER_4,12190000,39,5,5,49,21,18,4.7
SUPER_4,12200000,1,0,0,1,0,1,NaN
SUPER_4,12210000,124,5,7,136,65,59,25.333334
SUPER_4,12220000,132,5,7,144,71,61,11.583333
SUPER_4,12230000,95,7,9,111,56,39,22.25
SUPER_4,12240000,0,0,0,0,0,0,0
SUPER_4,12250000,0,0,0,0,0,0,0
SUPER_4,12260000,114,8,7,129,56,58,9.266666
SUPER_4,12270000,1,0,1,2,0,1,1
SUPER_4,12280000,4,0,0,4,2,2,NaN
SUPER_4,12290000,3,0,0,3,2,1,NaN
SUPER_4,12300000,5,0,1,6,1,4,2
SUPER_4,12310000,72,3,5,80,32,40,4.125
SUPER_4,12320000,148,15,16,179,67,81,20.838709
SUPER_4,12330000,99,10,2,111,45,54,7.75
SUPER_4,12340000,117,10,7,134,61,56,4.9411764
SUPER_4,12350000,50,1,8,59,27,23,12.333333
SUPER_4,12360000,16,5,1,22,10,6,11.833333
SUPER_4,12370000,121,13,10,144,66,55,5.3913045
SUPER_4,12380000,205,15,9,229,101,104,7.875
SUPER_4,12390000,54,4,3,61,31,23,3.142857
SUPER_4,12400000,22,0,0,22,14,8,NaN
SUPER_4,12410000,14,0,0,14,6,8,NaN
SUPER_4,12420000,7,1,0,8,2,5,2
SUPER_4,12430000,1,1,0,2,0,1,5
SUPER_4,12440000,2,0,0,2,0,2,NaN
SUPER_4,12450000,47,2,2,51,25,22,1.5
SUPER_4,12460000,38,1,3,42,20,18,7.5
SUPER_4,12470000,0,0,0,0,0,0,0
SUPER_4,12480000,0,0,0,0,0,0,0
SUPER_4,12490000,81,10,6,97,37,44,14.25
SUPER_4,12500000,77,6,10,93,42,35,7.75
SUPER_4,12510000,38,6,0,44,17,21,8.5
SUPER_4,12520000,101,5,9,115,50,51,4.357143
SUPER_4,12530000,104,5,6,115,61,43,7.2727275
SUPER_4,12540000,54,5,5,64,36,18,3.1
SUPER_4,12550000,48,7,2,57,30,18,3.8888888
SUPER_4,12560000,47,4,3,54,22,25,10
SUPER_4,12570000,18,1,0,19,10,8,18
SUPER_4,12580000,5,1,3,9,5,0,10.25
SUPER_4,12590000,11,0,1,12,9,2,1
SUPER_4,12600000,13,0,1,14,8,5,2
SUPER_4,12610000,3,1,1,5,2,1,4.5
SUPER_4,12620000,2,0,0,2,2,0,NaN
SUPER_4,12630000,114,11,6,131,55,59,4.2352943
SUPER_4,12640000,150,23,10,183,77,73,5.6060605
SUPER_4,12650000,128,10,11,149,67,61,5.6666665
SUPER_4,12660000,147,7,11,165,63,84,34.88889
SUPER_4,12670000,172,7,11,190,91,81,4.2222223
SUPER_4,12680000,76,6,6,88,41,35,3.6666667
SUPER_4,12690000,115,11,8,134,53,62,47.105263
SUPER_4,12700000,147,17,11,175,65,82,11.321428
SUPER_4,12710000,87,5,11,103,39,48,8.75
SUPER_4,12720000,95,5,7,107,55,40,51.666668
SUPER_4,12730000,162,16,15,193,68,94,5.870968
SUPER_4,12740000,21,2,2,25,8,13,2.5
SUPER_4,12750000,45,3,5,53,23,22,4.625
SUPER_4,12760000,3,1,0,4,2,1,13
SUPER_4,12770000,3,0,0,3,2,1,NaN
SUPER_4,12780000,2,0,1,3,1,1,7
SUPER_4,12790000,6,0,1,7,4,2,6
SUPER_4,12800000,1,0,1,2,1,0,1
SUPER_4,12810000,4,2,0,6,1,3,1.5
SUPER_4,12820000,2,0,0,2,1,1,NaN
SUPER_4,12830000,4,0,0,4,3,1,NaN
SUPER_4,12840000,47,4,1,52,28,19,2.6
SUPER_4,12850000,68,5,5,78,35,33,22.3
SUPER_4,12860000,0,0,1,1,0,0,1
SUPER_4,12870000,1,0,0,1,1,0,NaN
SUPER_4,12880000,106,13,5,124,48,58,7.888889
SUPER_4,12890000,78,7,6,91,44,34,17.538462
SUPER_4,12900000,161,9,6,176,88,73,4.0666666
SUPER_4,12910000,172,8,9,189,92,80,3.8823528
SUPER_4,12920000,143,15,14,172,70,73,7.0689654
SUPER_4,12930000,86,8,3,97,44,42,9.727273
SUPER_4,12940000,184,8,19,211,91,93,7.3333335
SUPER_4,12950000,111,7,7,125,56,55,2.357143
SUPER_4,12960000,74,8,11,93,43,31,8.263158
SUPER_4,12970000,13,0,1,14,7,6,7
SUPER_4,12980000,202,14,21,237,102,100,51.54286
SUPER_4,12990000,123,2,9,134,62,61,18.363636
SUPER_4,13000000,100,11,6,117,44,56,4.7058825
SUPER_4,13010000,28,0,1,29,16,12,1
SUPER_4,13020000,166,16,11,193,81,85,4.6666665
SUPER_4,13030000,103,8,5,116,65,38,27.76923
SUPER_4,13040000,3,0,0,3,2,1,NaN
SUPER_4,13050000,7,2,0,9,1,6,1
SUPER_4,13060000,19,1,1,21,10,9,1
SUPER_4,13070000,102,4,6,112,51,51,6.2
SUPER_4,13080000,84,4,11,99,42,42,3.9333334
SUPER_4,13090000,146,11,18,175,64,82,7.413793
SUPER_4,13100000,103,14,12,129,47,56,6.3846154
SUPER_4,13110000,72,4,9,85,28,44,7.3076925
SUPER_4,13120000,92,4,9,105,45,47,9.384615
SUPER_4,13130000,63,4,6,73,29,34,27.5
SUPER_4,13140000,4,0,0,4,3,1,NaN
SUPER_4,13150000,135,9,5,149,71,64,6.142857
SUPER_4,13160000,170,10,12,192,78,92,22.5
SUPER_4,13170000,170,13,9,192,90,80,4.318182
SUPER_4,13180000,131,11,12,154,61,70,7.130435
SUPER_4,13190000,173,11,13,197,89,84,10.458333
SUPER_4,13200000,118,5,10,133,56,62,9.466666
SUPER_4,13210000,165,9,13,187,82,83,4.0454545
SUPER_4,13220000,15,0,0,15,4,11,NaN
SUPER_4,13230000,112,7,6,125,60,52,2.4615386
SUPER_4,13240000,181,13,13,207,88,93,5.5384617
SUPER_4,13250000,201,13,20,234,94,107,6.878788
SUPER_4,13260000,29,3,4,36,13,16,5.857143
SUPER_4,13270000,100,13,7,120,62,38,15.85
SUPER_4,13280000,115,10,13,138,63,52,6.7826085
SUPER_4,13290000,134,6,6,146,63,71,4.0833335
SUPER_4,13300000,65,4,2,71,31,34,9.166667
SUPER_4,13310000,114,5,7,126,65,49,4.3333335
SUPER_4,13320000,186,13,13,212,94,92,9.115385
SUPER_4,13330000,71,2,8,81,42,29,10.4
SUPER_4,13340000,86,7,4,97,39,47,3.8181818
SUPER_4,13350000,134,6,9,149,66,68,4.733333
SUPER_4,13360000,3,0,1,4,2,1,4
SUPER_4,13370000,16,0,0,16,5,11,NaN
SUPER_4,13380000,1,0,0,1,1,0,NaN
SUPER_4,13390000,0,0,0,0,0,0,0
SUPER_4,13400000,0,0,0,0,0,0,0
SUPER_4,13410000,1,0,2,3,1,0,4.5
SUPER_4,13420000,4,1,0,5,2,2,1
SUPER_4,13430000,3,0,0,3,1,2,NaN
SUPER_4,13440000,3,0,0,3,2,1,NaN
SUPER_4,13450000,5,1,0,6,2,3,2
SUPER_4,13460000,1,1,1,3,0,1,6
SUPER_4,13470000,3,0,0,3,3,0,NaN
SUPER_4,13480000,1,1,0,2,0,1,1
SUPER_4,13490000,15,2,0,17,4,11,1
SUPER_4,13500000,141,7,13,161,87,54,4.25
SUPER_4,13510000,16,3,1,20,7,9,2.5
SUPER_4,13520000,181,12,8,201,101,80,4.55
SUPER_4,13530000,88,6,13,107,53,35,3.6842105
SUPER_4,13540000,29,2,2,33,15,14,1.5
SUPER_4,13550000,123,7,7,137,72,51,4.928571
SUPER_4,13560000,68,8,5,81,32,36,22.76923
SUPER_4,13570000,82,3,8,93,44,38,7.5454545
SUPER_4,13580000,89,7,9,105,40,49,3.0625
SUPER_4,13590000,97,8,6,111,61,36,3.357143
SUPER_4,13600000,98,8,10,116,53,45,4.111111
SUPER_4,13610000,45,1,3,49,22,23,3.25
SUPER_4,13620000,76,3,3,82,36,40,9.5
SUPER_4,13630000,112,9,10,131,58,54,7.5263157
SUPER_4,13640000,46,2,2,50,21,25,5.25
SUPER_4,13650000,77,5,3,85,40,37,8.375
SUPER_4,13660000,124,10,10,144,69,55,9.25
SUPER_4,13670000,0,0,0,0,0,0,0
SUPER_4,13680000,0,0,0,0,0,0,0
SUPER_4,13690000,0,0,0,0,0,0,0
SUPER_4,13700000,65,6,11,82,37,28,6.4117646
SUPER_4,13710000,4,1,0,5,3,1,14
SUPER_4,13720000,1,0,2,3,1,0,1
SUPER_4,13730000,32,5,2,39,19,13,11
SUPER_4,13740000,2,0,0,2,1,1,NaN
SUPER_4,13750000,23,2,5,30,12,11,8.142858
SUPER_4,13760000,15,2,1,18,8,7,17
SUPER_4,13770000,43,2,3,48,29,14,1.4
SUPER_4,13780000,27,1,1,29,16,11,7
SUPER_4,13790000,112,8,9,129,59,53,22.705883
SUPER_4,13800000,131,10,6,147,62,69,5.5625
SUPER_4,13810000,12,2,1,15,7,5,3
SUPER_4,13820000,12,0,0,12,4,8,NaN
SUPER_4,13830000,71,8,0,79,38,33,6
SUPER_4,13840000,30,2,1,33,14,16,3.3333333
SUPER_4,13850000,13,2,0,15,7,6,1
SUPER_4,13860000,3,1,1,5,0,3,5.5
SUPER_4,13870000,1,0,0,1,0,1,NaN
SUPER_4,13880000,61,9,4,74,31,30,2.3846154
SUPER_4,13890000,96,7,6,109,51,45,4.5384617
SUPER_4,13900000,0,0,0,0,0,0,0
SUPER_4,13910000,0,0,0,0,0,0,0
SUPER_4,13920000,0,0,0,0,0,0,0
SUPER_4,13930000,93,6,10,109,49,44,3.1875
SUPER_4,13940000,153,19,14,186,69,84,6.090909
SUPER_4,13950000,128,11,11,150,65,63,4.318182
SUPER_4,13960000,82,9,2,93,48,34,5.181818
SUPER_4,13970000,125,4,8,137,75,50,3.4166667
SUPER_4,13980000,1,0,3,4,1,0,18
SUPER_4,13990000,2,0,1,3,1,1,1
SUPER_4,14000000,10,1,1,12,5,5,3
SUPER_4,14010000,104,10,11,125,58,46,4.571429
SUPER_4,14020000,77,6,10,93,36,41,6.3125
SUPER_4,14030000,52,0,1,53,27,25,3
SUPER_4,14040000,94,7,7,108,43,51,7.214286
SUPER_4,14050000,9,0,3,12,3,6,5
SUPER_4,14060000,2,0,0,2,0,2,NaN
SUPER_4,14070000,5,2,0,7,3,2,4.5
SUPER_4,14080000,4,1,0,5,1,3,1
SUPER_4,14090000,15,0,2,17,8,7,5
SUPER_4,14100000,0,0,0,0,0,0,0
SUPER_4,14110000,0,0,0,0,0,0,0
SUPER_4,14120000,14,1,0,15,9,5,4
SUPER_4,14130000,3,0,0,3,2,1,NaN
SUPER_4,14140000,5,0,0,5,2,3,NaN
SUPER_4,14150000,7,0,1,8,3,4,1
SUPER_4,14160000,1,1,0,2,1,0,4
SUPER_4,14170000,3,0,0,3,2,1,NaN
SUPER_4,14180000,1,0,0,1,1,0,NaN
SUPER_4,14190000,4,0,3,7,3,1,4
SUPER_4,14200000,1,0,0,1,0,1,NaN
SUPER_4,14210000,1,0,0,1,1,0,NaN
SUPER_4,14220000,5,0,0,5,3,2,NaN
SUPER_4,14230000,4,0,0,4,3,1,NaN
SUPER_4,14240000,1,1,1,3,0,1,1
SUPER_4,14250000,3,1,1,5,2,1,4
SUPER_4,14260000,1,0,0,1,1,0,NaN
SUPER_4,14270000,2,0,0,2,1,1,NaN
SUPER_4,14280000,4,1,0,5,3,1,30
SUPER_4,14290000,6,1,0,7,3,3,4
SUPER_4,14300000,62,4,13,79,35,27,5.470588
SUPER_4,14310000,78,7,13,98,38,40,20.1
SUPER_4,14320000,28,1,1,30,11,17,21
SUPER_4,14330000,78,8,6,92,40,38,9.785714
SUPER_4,14340000,226,17,13,256,107,119,9.666667
SUPER_4,14350000,71,10,5,86,32,39,8.666667
SUPER_4,14360000,92,9,6,107,45,47,15
SUPER_4,14370000,0,0,0,0,0,0,0
SUPER_4,14380000,0,0,0,0,0,0,0
SUPER_4,14390000,17,1,2,20,11,6,2.3333333
SUPER_4,14400000,92,3,7,102,50,42,5
SUPER_4,14410000,46,5,5,56,23,23,1.5
SUPER_4,14420000,41,5,4,50,25,16,7.111111
SUPER_4,14430000,14,2,2,18,9,5,5.75
SUPER_4,14440000,89,4,4,97,50,39,11
SUPER_4,14450000,68,6,5,79,34,34,12.909091
SUPER_4,14460000,10,2,0,12,7,3,1.5
SUPER_4,14470000,12,4,2,18,6,6,3.1666667
SUPER_4,14480000,6,2,1,9,3,3,2
SUPER_4,14490000,1,0,1,2,0,1,4
SUPER_4,14500000,6,3,0,9,2,4,11.333333
SUPER_4,14510000,12,0,0,12,6,6,NaN
SUPER_4,14520000,4,0,0,4,1,3,NaN
SUPER_4,14530000,14,0,2,16,8,6,5.5
SUPER_4,14540000,6,0,0,6,4,2,NaN
SUPER_4,14550000,48,4,2,54,25,23,28.333334
SUPER_4,14560000,0,0,0,0,0,0,0
SUPER_4,14570000,0,0,0,0,0,0,0
SUPER_4,14580000,0,0,0,0,0,0,0
SUPER_4,14590000,0,0,0,0,0,0,0
SUPER_4,14600000,0,0,0,0,0,0,0
SUPER_4,14610000,0,0,0,0,0,0,0
SUPER_4,14620000,0,0,0,0,0,0,0
SUPER_4,14630000,0,0,0,0,0,0,0
SUPER_4,14640000,70,1,3,74,35,35,2.25
SUPER_4,14650000,66,1,4,71,38,28,10.8
SUPER_4,14660000,0,0,0,0,0,0,0
SUPER_4,14670000,0,0,0,0,0,0,0
SUPER_4,14680000,0,0,0,0,0,0,0
SUPER_4,14690000,0,0,0,0,0,0,0
SUPER_4,14700000,0,0,0,0,0,0,0
SUPER_4,14710000,0,0,0,0,0,0,0
SUPER_4,14720000,0,0,0,0,0,0,0
SUPER_4,14730000,16,3,1,20,11,5,1.25
SUPER_4,14740000,0,0,0,0,0,0,0
SUPER_4,14750000,0,0,0,0,0,0,0
SUPER_4,14760000,0,0,0,0,0,0,0
SUPER_4,14770000,0,0,0,0,0,0,0
SUPER_4,14780000,0,0,0,0,0,0,0
SUPER_4,14790000,86,1,5,92,40,46,8.166667
SUPER_4,14800000,0,0,0,0,0,0,0
SUPER_4,14810000,0,0,0,0,0,0,0
SUPER_4,14820000,0,0,0,0,0,0,0
SUPER_4,14830000,214,16,12,242,119,95,7.571429
SUPER_4,14840000,57,2,7,66,31,26,6.2222223
SUPER_4,14850000,33,1,2,36,17,16,5
SUPER_4,14860000,136,12,17,165,70,66,15.689655
SUPER_4,14870000,103,7,2,112,38,65,4
SUPER_4,14880000,12,2,3,17,8,4,3.6
SUPER_4,14890000,1,1,1,3,0,1,2.5
SUPER_4,14900000,4,1,0,5,1,3,1
SUPER_4,14910000,2,0,0,2,2,0,NaN
SUPER_4,14920000,1,0,0,1,0,1,NaN
SUPER_4,14930000,5,1,0,6,0,5,4
SUPER_4,14940000,2,2,0,4,0,2,2
SUPER_4,14950000,3,0,0,3,3,0,NaN
SUPER_4,14960000,3,1,1,5,3,0,8
SUPER_4,14970000,4,0,0,4,4,0,NaN
SUPER_4,14980000,5,0,1,6,3,2,11
SUPER_4,14990000,3,0,1,4,2,1,6
SUPER_4,15000000,6,2,1,9,3,3,2
SUPER_4,15010000,1,0,0,1,1,0,NaN
SUPER_4,15020000,4,0,0,4,3,1,NaN
SUPER_4,15030000,3,0,1,4,0,3,11
SUPER_4,15040000,62,5,8,75,28,34,10.384615
SUPER_4,15050000,26,1,5,32,10,16,9
SUPER_4,15060000,3,0,1,4,1,2,2
SUPER_4,15070000,8,1,1,10,4,4,60
SUPER_4,15080000,8,1,1,10,3,5,3.5
SUPER_4,15090000,120,5,10,135,67,53,7.866667
SUPER_4,15100000,70,2,7,79,39,31,8.555555
SUPER_4,15110000,57,3,6,66,34,23,3
SUPER_4,15120000,63,2,10,75,40,23,6.0833335
SUPER_4,15130000,86,9,5,100,53,33,3.7857144
SUPER_4,15140000,7,0,0,7,3,4,NaN
SUPER_4,15150000,72,4,4,80,40,32,7.375
SUPER_4,15160000,32,3,2,37,14,18,3.8
SUPER_4,15170000,99,4,8,111,52,47,6
SUPER_4,15180000,45,2,1,48,20,25,3
SUPER_4,15190000,78,2,6,86,35,43,5.75
SUPER_4,15200000,64,7,5,76,35,29,15.083333
SUPER_4,15210000,37,1,3,41,21,16,14.25
SUPER_4,15220000,117,10,8,135,55,62,5.4444447
SUPER_4,15230000,75,3,5,83,30,45,6.25
SUPER_4,15240000,91,3,7,101,49,42,4.4
SUPER_4,15250000,50,2,3,55,25,25,20.4
SUPER_4,15260000,26,2,1,29,19,7,1.6666666
SUPER_4,15270000,39,1,0,40,26,13,12
SUPER_4,15280000,52,1,0,53,30,22,1
SUPER_4,15290000,9,0,0,9,4,5,NaN
SUPER_4,15300000,3,2,1,6,0,3,7.6666665
SUPER_4,15310000,3,1,0,4,2,1,1
SUPER_4,15320000,4,2,0,6,1,3,1
SUPER_4,15330000,2,1,0,3,1,1,2
SUPER_4,15340000,4,0,0,4,3,1,NaN
SUPER_4,15350000,83,2,7,92,38,45,1.5555556
SUPER_4,15360000,51,2,4,57,23,28,7
SUPER_4,15370000,102,10,5,117,49,53,4.733333
SUPER_4,15380000,91,6,2,99,51,40,42.625
SUPER_4,15390000,91,5,1,97,48,43,8
SUPER_4,15400000,31,5,1,37,18,13,3.8333333
SUPER_4,15410000,0,0,0,0,0,0,0
SUPER_4,15420000,0,0,0,0,0,0,0
SUPER_4,15430000,0,0,0,0,0,0,0
SUPER_4,15440000,0,0,0,0,0,0,0
SUPER_4,15450000,6,1,0,7,1,5,16
SUPER_4,15460000,55,5,3,63,30,25,10.25
SUPER_4,15470000,135,7,6,148,53,82,12.461538
SUPER_4,15480000,106,7,8,121,51,55,4.6
SUPER_4,15490000,119,8,5,132,63,56,7.076923
SUPER_4,15500000,77,6,6,89,42,35,16.916666
SUPER_4,15510000,9,0,1,10,5,4,28
SUPER_4,15520000,1,0,0,1,1,0,NaN
SUPER_4,15530000,1,1,1,3,0,1,1
SUPER_4,15540000,25,1,3,29,15,10,5
SUPER_4,15550000,5,3,0,8,3,2,3.6666667
SUPER_4,15560000,5,0,0,5,2,3,NaN
SUPER_4,15570000,40,0,2,42,27,13,7.5
SUPER_4,15580000,29,3,0,32,15,14,1.6666666
SUPER_4,15590000,86,3,7,96,48,38,9.7
SUPER_4,15600000,138,7,5,150,69,69,44.5
SUPER_4,15610000,1,0,0,1,0,1,NaN
SUPER_4,15620000,25,5,0,30,19,6,10
SUPER_4,15630000,75,5,7,87,36,39,9.083333
SUPER_4,15640000,88,3,6,97,48,40,6.6666665
SUPER_4,15650000,108,7,11,126,55,53,1.5555556
SUPER_4,15660000,151,13,12,176,86,65,7.56
SUPER_4,15670000,133,6,6,145,63,70,4.9166665
SUPER_4,15680000,28,5,4,37,15,13,2.6666667
SUPER_4,15690000,41,3,4,48,16,25,6.285714
SUPER_4,15700000,80,9,11,100,44,36,4.65
SUPER_4,15710000,8,0,1,9,5,3,1
SUPER_4,15720000,1,2,0,3,1,0,5
SUPER_4,15730000,1,0,0,1,0,1,NaN
SUPER_4,15740000,0,0,0,0,0,0,0
SUPER_4,15750000,0,0,0,0,0,0,0
SUPER_4,15760000,4,1,3,8,3,1,3.5
SUPER_4,15770000,0,0,0,0,0,0,0
SUPER_4,15780000,0,0,0,0,0,0,0
SUPER_4,15790000,7,0,0,7,5,2,NaN
SUPER_4,15800000,1,0,2,3,0,1,3
SUPER_4,15810000,5,2,0,7,3,2,1
SUPER_4,15820000,1,0,0,1,0,1,NaN
SUPER_4,15830000,8,0,1,9,8,0,1
SUPER_4,15840000,3,0,0,3,1,2,NaN
SUPER_4,15850000,3,0,0,3,1,2,NaN
SUPER_4,15860000,11,0,2,13,7,4,1.5
SUPER_4,15870000,0,0,0,0,0,0,0
SUPER_4,15880000,0,0,0,0,0,0,0
SUPER_4,15890000,5,1,0,6,2,3,1
SUPER_4,15900000,1,0,0,1,0,1,NaN
SUPER_4,15910000,72,3,2,77,36,36,1.8
SUPER_4,15920000,88,8,4,100,40,48,13.583333
SUPER_4,15930000,68,4,4,76,32,36,4.25
SUPER_4,15940000,81,6,12,99,45,36,16.88889
SUPER_4,15950000,67,6,6,79,36,31,4.5
SUPER_4,15960000,74,5,4,83,40,34,2.3333333
SUPER_4,15970000,90,9,12,111,55,35,13.428572
SUPER_4,15980000,52,6,2,60,23,29,9.25
SUPER_4,15990000,0,0,0,0,0,0,0
SUPER_4,16000000,0,0,0,0,0,0,0
SUPER_4,16010000,0,0,0,0,0,0,0
SUPER_4,16020000,87,4,5,96,47,40,5.2222223
SUPER_4,16030000,21,0,0,21,12,9,NaN
SUPER_4,16040000,2,0,0,2,1,1,NaN
SUPER_4,16050000,4,0,1,5,1,3,5
SUPER_4,16060000,2,0,0,2,0,2,NaN
SUPER_4,16070000,3,1,0,4,2,1,8
SUPER_4,16080000,0,1,0,1,0,0,5
SUPER_4,16090000,1,0,0,1,0,1,NaN
SUPER_4,16100000,4,0,0,4,3,1,NaN
SUPER_4,16110000,2,0,0,2,0,2,NaN
SUPER_4,16120000,109,8,7,124,55,54,7.4666667
SUPER_4,16130000,100,7,9,116,53,47,12.6875
SUPER_4,16140000,112,12,8,132,50,62,8.3
SUPER_4,16150000,143,11,14,168,72,71,8
SUPER_4,16160000,142,12,17,171,65,77,14.551724
SUPER_4,16170000,170,10,9,189,80,90,7.4736843
SUPER_4,16180000,150,7,8,165,82,68,4.133333
SUPER_4,16190000,99,9,8,116,47,52,6.5882354
SUPER_4,16200000,4,0,0,4,2,2,NaN
SUPER_4,16210000,111,11,13,135,59,52,13.458333
SUPER_4,16220000,90,9,12,111,42,48,10.190476
SUPER_4,16230000,88,6,8,102,39,49,6.214286
SUPER_4,16240000,151,12,9,172,79,72,8.952381
SUPER_4,16250000,13,0,2,15,7,6,4
SUPER_4,16260000,113,6,7,126,59,54,11.923077
SUPER_4,16270000,97,10,7,114,54,43,2.7058823
SUPER_4,16280000,1,0,0,1,1,0,NaN
SUPER_4,16290000,2,1,0,3,1,1,3
SUPER_4,16300000,173,8,8,189,93,80,6.1875
SUPER_4,16310000,0,0,0,0,0,0,0
SUPER_4,16320000,0,0,0,0,0,0,0
SUPER_4,16330000,0,0,0,0,0,0,0
SUPER_4,16340000,0,0,0,0,0,0,0
SUPER_4,16350000,0,0,0,0,0,0,0
SUPER_4,16360000,40,1,4,45,25,15,10.8
SUPER_4,16370000,0,0,0,0,0,0,0
SUPER_4,16380000,0,0,0,0,0,0,0
SUPER_4,16390000,2,0,0,2,1,1,NaN
SUPER_4,16400000,1,0,0,1,0,1,NaN
SUPER_4,16410000,17,0,3,20,8,9,1.3333334
SUPER_4,16420000,72,3,10,85,37,35,15.076923
SUPER_4,16430000,11,0,0,11,6,5,NaN
SUPER_4,16440000,3,1,1,5,2,1,3
SUPER_4,16450000,1,1,0,2,0,1,1
SUPER_4,16460000,0,0,1,1,0,0,1
SUPER_4,16470000,1,0,0,1,0,1,NaN
SUPER_4,16480000,2,0,0,2,2,0,NaN
SUPER_4,16490000,85,1,6,92,44,41,14.428572
SUPER_4,16500000,29,3,2,34,14,15,10.4
SUPER_4,16510000,5,1,0,6,3,2,2
SUPER_4,16520000,6,1,0,7,6,0,4
SUPER_4,16530000,5,0,1,6,2,3,1
SUPER_4,16540000,42,1,2,45,23,19,9.333333
SUPER_4,16550000,3,0,0,3,2,1,NaN
SUPER_4,16560000,3,1,0,4,2,1,4
SUPER_4,16570000,0,0,0,0,0,0,0
SUPER_4,16580000,0,0,0,0,0,0,0
SUPER_4,16590000,0,0,0,0,0,0,0
SUPER_4,16600000,1,7,2,10,0,1,1.2222222
SUPER_4,16610000,6,1,1,8,3,3,46.5
SUPER_4,16620000,6,0,0,6,4,2,NaN
SUPER_4,16630000,0,0,0,0,0,0,0
SUPER_4,16640000,0,0,0,0,0,0,0
SUPER_4,16650000,1,2,0,3,1,0,38.5
SUPER_4,16660000,0,0,2,2,0,0,3
SUPER_4,16670000,1,0,0,1,0,1,NaN
SUPER_4,16680000,97,4,4,105,50,47,3.25
SUPER_4,16690000,25,1,1,27,8,17,21
SUPER_4,16700000,56,1,1,58,37,19,4
SUPER_4,16710000,2,0,0,2,2,0,NaN
SUPER_4,16720000,39,2,6,47,21,18,1.75
SUPER_4,16730000,0,0,0,0,0,0,0
SUPER_4,16740000,0,0,0,0,0,0,0
SUPER_4,16750000,96,9,6,111,48,48,1.6
SUPER_4,16760000,138,9,7,154,81,57,4.375
SUPER_4,16770000,99,4,8,111,48,51,3.9166667
SUPER_4,16780000,156,7,9,172,84,72,15.8125
SUPER_4,16790000,7,1,1,9,4,3,28.5
SUPER_4,16800000,114,5,11,130,59,55,9.0625
SUPER_4,16810000,115,5,9,129,51,64,4.142857
SUPER_4,16820000,49,5,6,60,26,23,4.2727275
SUPER_4,16830000,146,8,4,158,78,68,3.75
SUPER_4,16840000,151,14,10,175,74,77,4.5833335
SUPER_4,16850000,69,7,3,79,30,39,6.7
SUPER_4,16860000,1,0,0,1,0,1,NaN
SUPER_4,16870000,4,1,1,6,3,1,1.5
SUPER_4,16880000,1,1,0,2,0,1,1
SUPER_4,16890000,0,2,1,3,0,0,1.3333334
SUPER_4,16900000,136,9,11,156,63,73,9.8
SUPER_4,16910000,0,0,0,0,0,0,0
SUPER_4,16920000,0,0,0,0,0,0,0
SUPER_4,16930000,191,12,13,216,97,94,5.44
SUPER_4,16940000,123,9,2,134,60,63,5.2727275
SUPER_4,16950000,18,0,1,19,11,7,1
SUPER_4,16960000,25,2,1,28,11,14,4.6666665
SUPER_4,16970000,1,0,0,1,1,0,NaN
SUPER_4,16980000,12,1,1,14,7,5,2
SUPER_4,16990000,114,1,2,117,63,51,3
SUPER_4,17000000,84,9,10,103,38,46,6.0526314
SUPER_4,17010000,118,9,8,135,55,63,3.764706
SUPER_4,17020000,74,2,7,83,41,33,6.6666665
SUPER_4,17030000,1,0,0,1,1,0,NaN
SUPER_4,17040000,5,0,0,5,2,3,NaN
SUPER_4,17050000,161,12,4,177,70,91,6.625
SUPER_4,17060000,167,11,12,190,92,75,8.434783
SUPER_4,17070000,133,7,9,149,63,70,2.6875
SUPER_4,17080000,100,8,5,113,46,54,6.230769
SUPER_4,17090000,116,5,8,129,62,54,3.8461537
SUPER_4,17100000,133,8,17,158,60,73,8.72
SUPER_4,17110000,8,1,1,10,5,3,1.5
SUPER_4,17120000,120,10,11,141,62,58,9.428572
SUPER_4,17130000,130,14,16,160,67,63,10.933333
SUPER_4,17140000,16,5,1,22,9,7,1.8333334
SUPER_4,17150000,138,9,10,157,66,72,5.4210525
SUPER_4,17160000,32,1,2,35,20,12,10
SUPER_4,17170000,1,0,0,1,1,0,NaN
SUPER_4,17180000,120,8,7,135,58,62,7.4666667
SUPER_4,17190000,25,8,4,37,12,13,10.666667
SUPER_4,17200000,1,0,0,1,1,0,NaN
SUPER_4,17210000,40,4,2,46,14,26,10.833333
SUPER_4,17220000,68,4,4,76,34,34,3.375
SUPER_4,17230000,88,1,2,91,56,32,3.3333333
SUPER_4,17240000,145,18,16,179,66,79,6.3235292
SUPER_4,17250000,2,0,0,2,1,1,NaN
SUPER_4,17260000,4,0,0,4,3,1,NaN
SUPER_4,17270000,1,0,2,3,1,0,2.5
SUPER_4,17280000,86,7,5,98,42,44,14.5
SUPER_4,17290000,87,7,3,97,40,47,9.1
SUPER_4,17300000,154,15,10,179,80,74,9
SUPER_4,17310000,101,3,5,109,51,50,18.25
SUPER_4,17320000,72,2,7,81,33,39,10.777778
SUPER_4,17330000,3,0,0,3,2,1,NaN
SUPER_4,17340000,2,0,0,2,1,1,NaN
SUPER_4,17350000,0,0,0,0,0,0,0
SUPER_4,17360000,0,0,0,0,0,0,0
SUPER_4,17370000,2,0,1,3,1,1,2
SUPER_4,17380000,1,0,0,1,1,0,NaN
SUPER_4,17390000,2,0,0,2,0,2,NaN
SUPER_4,17400000,4,1,0,5,1,3,2
SUPER_4,17410000,32,3,2,37,13,19,2.6
SUPER_4,17420000,98,10,7,115,50,48,17.82353
SUPER_4,17430000,64,5,8,77,33,31,3.9230769
SUPER_4,17440000,68,4,5,77,40,28,48.88889
SUPER_4,17450000,121,11,17,149,63,58,2.857143
SUPER_4,17460000,182,13,12,207,93,89,18.36
SUPER_4,17470000,1,2,0,3,1,0,5
SUPER_4,17480000,3,1,0,4,1,2,60
SUPER_4,17490000,5,1,1,7,2,3,16.5
SUPER_4,17500000,6,0,0,6,4,2,NaN
SUPER_4,17510000,2,0,0,2,2,0,NaN
SUPER_4,17520000,3,2,0,5,0,3,3.5
SUPER_4,17530000,1,0,0,1,0,1,NaN
SUPER_4,17540000,0,1,0,1,0,0,1
SUPER_4,17550000,3,0,0,3,2,1,NaN
SUPER_4,17560000,1,0,0,1,0,1,NaN
SUPER_4,17570000,48,1,3,52,30,18,18
SUPER_4,17580000,93,8,10,111,42,51,19.444445
SUPER_4,17590000,108,9,11,128,47,61,28.35
SUPER_4,17600000,68,6,1,75,40,28,13.142858
SUPER_4,17610000,64,6,5,75,23,41,3.090909
SUPER_4,17620000,6,0,0,6,3,3,NaN
SUPER_4,17630000,0,3,1,4,0,0,1.25
SUPER_4,17640000,1,1,0,2,1,0,1
SUPER_4,17650000,3,0,1,4,3,0,4
SUPER_4,17660000,4,0,1,5,2,2,1
SUPER_4,17670000,4,0,0,4,2,2,NaN
SUPER_4,17680000,2,0,0,2,2,0,NaN
SUPER_4,17690000,1,0,0,1,1,0,NaN
SUPER_4,17700000,1,1,1,3,0,1,10.5
SUPER_4,17710000,5,2,1,8,2,3,5
SUPER_4,17720000,59,2,7,68,32,27,4.7777777
SUPER_4,17730000,138,8,7,153,64,74,3.8
SUPER_4,17740000,168,15,16,199,86,82,6.064516
SUPER_4,17750000,37,0,3,40,21,16,2
SUPER_4,17760000,30,2,1,33,20,10,33.666668
SUPER_4,17770000,40,3,6,49,20,20,17.222221
SUPER_4,17780000,119,11,16,146,69,50,3.8148148
SUPER_4,17790000,78,8,5,91,35,43,5.5384617
SUPER_4,17800000,74,6,2,82,31,43,1.25
SUPER_4,17810000,90,2,7,99,48,42,12.555555
SUPER_4,17820000,139,7,10,156,79,60,7.529412
SUPER_4,17830000,94,8,2,104,40,54,3.3
SUPER_4,17840000,155,14,8,177,83,72,3.9545455
SUPER_4,17850000,126,5,8,139,60,66,8
SUPER_4,17860000,77,6,4,87,38,39,17
SUPER_4,17870000,124,10,10,144,62,62,2.45
SUPER_4,17880000,139,5,10,154,61,78,7.266667
SUPER_4,17890000,122,5,7,134,68,54,2.5
SUPER_4,17900000,107,1,6,114,51,56,2.857143
SUPER_4,17910000,42,4,2,48,21,21,4.8333335
SUPER_4,17920000,49,3,1,53,30,19,4
SUPER_4,17930000,120,8,11,139,52,68,4.1578946
SUPER_4,17940000,78,5,3,86,31,47,5.5
SUPER_4,17950000,99,5,5,109,54,45,7.9
SUPER_4,17960000,105,4,12,121,62,43,16.75
SUPER_4,17970000,98,4,5,107,37,61,12.777778
SUPER_4,17980000,0,1,0,1,0,0,2
SUPER_4,17990000,122,5,7,134,70,52,2.0833333
SUPER_4,18000000,135,12,10,157,75,60,6.2272725
SUPER_4,18010000,100,4,3,107,46,54,23.714285
SUPER_4,18020000,42,5,2,49,27,15,2.2857144
SUPER_4,18030000,2,0,1,3,1,1,3
SUPER_4,18040000,4,0,0,4,1,3,NaN
SUPER_4,18050000,4,0,1,5,1,3,1
SUPER_4,18060000,2,1,1,4,1,1,1.5
SUPER_4,18070000,5,0,0,5,2,3,NaN
SUPER_4,18080000,3,0,0,3,1,2,NaN
SUPER_4,18090000,2,0,0,2,1,1,NaN
SUPER_4,18100000,1,0,0,1,1,0,NaN
SUPER_4,18110000,2,0,0,2,0,2,NaN
SUPER_4,18120000,3,0,0,3,2,1,NaN
SUPER_4,18130000,78,4,6,88,44,34,4.8
SUPER_4,18140000,174,14,11,199,82,92,5.16
SUPER_4,18150000,211,11,12,234,100,111,9.73913
SUPER_4,18160000,186,16,10,212,89,97,6.076923
SUPER_4,18170000,129,6,9,144,68,61,5.6666665
SUPER_4,18180000,89,6,2,97,49,40,5.125
SUPER_4,18190000,90,5,12,107,40,50,4.2941175
SUPER_4,18200000,78,7,2,87,43,35,3.1111112
SUPER_4,18210000,88,8,6,102,41,47,7
SUPER_4,18220000,86,4,8,98,40,46,8.083333
SUPER_4,18230000,115,10,2,127,55,60,5.5
SUPER_4,18240000,51,4,5,60,25,26,5.3333335
SUPER_4,18250000,66,5,7,78,26,40,7.75
SUPER_4,18260000,92,6,6,104,38,54,2.8333333
SUPER_4,18270000,111,10,9,130,46,65,4.736842
SUPER_4,18280000,49,8,3,60,24,25,4.181818
SUPER_4,18290000,63,5,3,71,35,28,10.5
SUPER_4,18300000,107,6,12,125,56,51,11.388889
SUPER_4,18310000,45,1,4,50,24,21,7
SUPER_4,18320000,17,0,1,18,4,13,4
SUPER_4,18330000,65,3,9,77,27,38,4.4166665
SUPER_4,18340000,0,0,0,0,0,0,0
SUPER_4,18350000,0,0,0,0,0,0,0
SUPER_4,18360000,78,10,13,101,41,37,8.347826
SUPER_4,18370000,2,0,0,2,0,2,NaN
SUPER_4,18380000,1,0,0,1,0,1,NaN
SUPER_4,18390000,1,0,0,1,1,0,NaN
SUPER_4,18400000,81,8,10,99,41,40,34.61111
SUPER_4,18410000,122,8,9,139,62,60,5.4117646
SUPER_4,18420000,62,8,6,76,35,27,5.285714
SUPER_4,18430000,108,10,7,125,65,43,8.470589
SUPER_4,18440000,136,20,7,163,68,68,4.148148
SUPER_4,18450000,146,7,17,170,69,77,5.2083335
SUPER_4,18460000,91,9,8,108,43,48,4.647059
SUPER_4,18470000,72,3,1,76,28,44,3.75
SUPER_4,18480000,54,3,9,66,27,27,2.0833333
SUPER_4,18490000,9,0,1,10,4,5,11
SUPER_4,18500000,1,0,0,1,0,1,NaN
SUPER_4,18510000,37,2,1,40,13,24,52.333332
SUPER_4,18520000,12,1,1,14,9,3,1
SUPER_4,18530000,16,1,1,18,7,9,1
SUPER_4,18540000,110,13,9,132,56,54,3.7272727
SUPER_4,18550000,103,14,11,128,49,54,6.24
SUPER_4,18560000,124,11,11,146,58,66,32.5
SUPER_4,18570000,102,6,9,117,41,61,4.6
SUPER_4,18580000,64,4,4,72,30,34,6
SUPER_4,18590000,32,3,4,39,16,16,26.714285
SUPER_4,18600000,22,3,3,28,10,12,2.6666667
SUPER_4,18610000,68,11,6,85,35,33,29.411764
SUPER_4,18620000,79,6,1,86,47,32,9.285714
SUPER_4,18630000,143,7,13,163,82,61,15.1
SUPER_4,18640000,105,5,6,116,61,44,3.6363637
SUPER_4,18650000,70,5,9,84,36,34,5.285714
SUPER_4,18660000,35,2,2,39,21,14,69.5
SUPER_4,18670000,39,2,2,43,16,23,44.5
SUPER_4,18680000,48,8,8,64,24,24,2.3125
SUPER_4,18690000,16,2,2,20,6,10,3.75
SUPER_4,18700000,12,3,1,16,4,8,7.5
SUPER_4,18710000,134,11,11,156,72,62,4.9545455
SUPER_4,18720000,128,7,5,140,73,55,7.5833335
SUPER_4,18730000,93,4,7,104,53,40,21.272728
SUPER_4,18740000,102,6,4,112,57,45,3.3
SUPER_4,18750000,49,5,1,55,34,15,3.5
SUPER_4,18760000,107,7,9,123,62,45,7.0625
SUPER_4,18770000,88,5,3,96,40,48,5.25
SUPER_4,18780000,0,0,0,0,0,0,0
SUPER_4,18790000,0,0,0,0,0,0,0
SUPER_4,18800000,173,12,12,197,84,89,6.625
SUPER_4,18810000,76,6,6,88,29,47,6.9166665
SUPER_4,18820000,101,5,8,114,59,42,2.9230769
SUPER_4,18830000,99,8,3,110,50,49,2.6363637
SUPER_4,18840000,138,9,9,156,76,62,5.7777777
SUPER_4,18850000,47,7,4,58,21,26,6.4545455
SUPER_4,18860000,76,1,2,79,41,35,1
SUPER_4,18870000,22,4,0,26,16,6,10.25
SUPER_4,18880000,18,0,0,18,6,12,NaN
SUPER_4,18890000,1,0,0,1,1,0,NaN
SUPER_4,18900000,2,1,0,3,0,2,1
SUPER_4,18910000,15,2,3,20,11,4,3.2
SUPER_4,18920000,1,0,1,2,0,1,1
SUPER_4,18930000,72,1,3,76,34,38,3.5
SUPER_4,18940000,178,12,11,201,88,90,5.6086955
SUPER_4,18950000,98,10,11,119,42,56,5.8095236
SUPER_4,18960000,74,4,4,82,39,35,102
SUPER_4,18970000,77,3,5,85,39,38,11.125
SUPER_4,18980000,48,4,3,55,23,25,12.142858
SUPER_4,18990000,27,0,0,27,14,13,NaN
SUPER_4,19000000,23,0,0,23,10,13,NaN
SUPER_4,19010000,104,11,8,123,44,60,4.3157897
SUPER_4,19020000,44,1,4,49,18,26,3.4
SUPER_4,19030000,26,1,1,28,15,11,1
SUPER_4,19040000,172,5,10,187,90,82,5.133333
SUPER_4,19050000,17,1,0,18,12,5,5
SUPER_4,19060000,83,5,4,92,37,46,20
SUPER_4,19070000,44,4,5,53,22,22,2
SUPER_4,19080000,143,16,8,167,71,72,8.666667
SUPER_4,19090000,141,6,10,157,71,70,1.9375
SUPER_4,19100000,0,0,0,0,0,0,0
SUPER_4,19110000,0,0,0,0,0,0,0
SUPER_4,19120000,0,0,0,0,0,0,0
SUPER_4,19130000,0,0,0,0,0,0,0
SUPER_4,19140000,62,4,4,70,35,27,3.25
SUPER_4,19150000,158,8,13,179,90,68,22.809525
SUPER_4,19160000,33,4,3,40,18,15,13.285714
SUPER_4,19170000,10,1,0,11,5,5,1
SUPER_4,19180000,127,7,14,148,61,66,14.428572
SUPER_4,19190000,81,5,5,91,41,40,4.7
SUPER_4,19200000,149,7,4,160,78,71,4.818182
SUPER_4,19210000,35,0,1,36,23,12,1
SUPER_4,19220000,8,2,0,10,4,4,4.5
SUPER_4,19230000,5,1,1,7,5,0,121
SUPER_4,19240000,4,0,1,5,1,3,5
SUPER_4,19250000,1,0,0,1,0,1,NaN
SUPER_4,19260000,0,0,0,0,0,0,0
SUPER_4,19270000,0,0,0,0,0,0,0
SUPER_4,19280000,4,0,0,4,3,1,NaN
SUPER_4,19290000,4,0,0,4,1,3,NaN
SUPER_4,19300000,3,0,1,4,2,1,6
SUPER_4,19310000,3,0,0,3,0,3,NaN
SUPER_4,19320000,4,1,0,5,3,1,1
SUPER_4,19330000,0,0,0,0,0,0,0
SUPER_4,19340000,0,0,0,0,0,0,0
SUPER_4,19350000,0,0,0,0,0,0,0
SUPER_4,19360000,7,0,0,7,4,3,NaN
SUPER_4,19370000,3,0,0,3,1,2,NaN
SUPER_4,19380000,2,0,0,2,1,1,NaN
SUPER_4,19390000,4,0,2,6,2,2,37
SUPER_4,19400000,1,0,0,1,0,1,NaN
SUPER_4,19410000,2,0,0,2,2,0,NaN
SUPER_4,19420000,6,1,1,8,3,3,11.5
SUPER_4,19430000,1,0,0,1,0,1,NaN
SUPER_4,19440000,1,0,0,1,0,1,NaN
SUPER_4,19450000,3,0,0,3,3,0,NaN
SUPER_4,19460000,2,0,0,2,2,0,NaN
SUPER_4,19470000,5,0,0,5,4,1,NaN
SUPER_4,19480000,2,0,1,3,1,1,2
SUPER_4,19490000,2,0,2,4,1,1,1
SUPER_4,19500000,14,1,1,16,7,7,1.5
SUPER_4,19510000,3,0,0,3,2,1,NaN
SUPER_4,19520000,0,0,0,0,0,0,0
SUPER_4,19530000,0,0,0,0,0,0,0
SUPER_4,19540000,10,1,1,12,3,7,6.5
SUPER_4,19550000,4,0,1,5,1,3,3
SUPER_4,19560000,1,0,0,1,1,0,NaN
SUPER_4,19570000,1,0,1,2,0,1,1
SUPER_4,19580000,0,2,0,2,0,0,6
SUPER_4,19590000,6,0,0,6,4,2,NaN
SUPER_4,19600000,3,0,0,3,1,2,NaN
SUPER_4,19610000,0,0,0,0,0,0,0
SUPER_4,19620000,0,0,0,0,0,0,0
SUPER_4,19630000,7,0,0,7,4,3,NaN
SUPER_4,19640000,13,3,2,18,6,7,4
SUPER_4,19650000,43,0,2,45,27,16,3
SUPER_4,19660000,41,3,1,45,18,23,4.75
SUPER_4,19670000,58,1,1,60,26,32,4.5
SUPER_4,19680000,6,0,0,6,1,5,NaN
SUPER_4,19690000,3,0,1,4,1,2,3
SUPER_4,19700000,3,0,0,3,1,2,NaN
SUPER_4,19710000,4,0,0,4,3,1,NaN
SUPER_4,19720000,3,0,0,3,3,0,NaN
SUPER_4,19730000,2,0,0,2,1,1,NaN
SUPER_4,19740000,1,0,0,1,0,1,NaN
SUPER_4,19750000,1,1,0,2,0,1,8
SUPER_4,19760000,2,0,0,2,0,2,NaN
SUPER_4,19770000,7,0,1,8,4,3,232
SUPER_4,19780000,6,0,2,8,3,3,20
SUPER_4,19790000,4,0,1,5,2,2,9
SUPER_4,19800000,5,1,0,6,5,0,38
SUPER_4,19810000,4,3,0,7,3,1,1
SUPER_4,19820000,4,0,0,4,1,3,NaN
SUPER_4,19830000,8,1,1,10,6,2,27.5
SUPER_4,19840000,1,1,1,3,0,1,8.5
SUPER_4,19850000,2,1,0,3,0,2,4
SUPER_4,19860000,4,1,0,5,2,2,4
SUPER_4,19870000,3,0,0,3,3,0,NaN
SUPER_4,19880000,2,2,1,5,1,1,1
SUPER_4,19890000,0,1,0,1,0,0,1
SUPER_4,19900000,12,2,0,14,11,1,2.5
SUPER_4,19910000,190,5,15,210,105,85,7.7
SUPER_4,19920000,0,0,0,0,0,0,0
SUPER_4,19930000,0,0,0,0,0,0,0
SUPER_4,19940000,13,1,1,15,9,4,1.5
SUPER_4,19950000,1,0,1,2,1,0,6
SUPER_4,19960000,2,1,0,3,1,1,1
SUPER_4,19970000,3,0,0,3,0,3,NaN
SUPER_4,19980000,4,0,0,4,1,3,NaN
SUPER_4,19990000,2,1,0,3,2,0,2
SUPER_4,20000000,1,1,0,2,1,0,1
SUPER_4,20010000,4,0,0,4,1,3,NaN
SUPER_4,20020000,1,0,1,2,0,1,6
SUPER_4,20030000,2,1,1,4,0,2,2.5
SUPER_4,20040000,11,2,1,14,8,3,3.3333333
SUPER_4,20050000,2,1,0,3,1,1,56
SUPER_4,20060000,2,0,1,3,1,1,24
SUPER_4,20070000,4,0,0,4,3,1,NaN
SUPER_4,20080000,2,0,1,3,0,2,22
SUPER_4,20090000,3,0,0,3,1,2,NaN
SUPER_4,20100000,1,0,0,1,1,0,NaN
SUPER_4,20110000,2,1,1,4,1,1,10.5
SUPER_4,20120000,2,0,0,2,2,0,NaN
SUPER_4,20130000,1,2,1,4,0,1,7
SUPER_4,20140000,3,0,0,3,1,2,NaN
SUPER_4,20150000,2,0,0,2,1,1,NaN
SUPER_4,20160000,2,0,0,2,1,1,NaN
SUPER_4,20170000,2,0,0,2,1,1,NaN
SUPER_4,20180000,1,0,0,1,1,0,NaN
SUPER_4,20190000,0,0,0,0,0,0,0
SUPER_4,20200000,0,0,0,0,0,0,0
SUPER_4,20210000,6,0,0,6,5,1,NaN
SUPER_4,20220000,3,0,0,3,1,2,NaN
SUPER_4,20230000,21,1,0,22,11,10,1
SUPER_4,20240000,79,10,4,93,45,34,2
SUPER_4,20250000,115,9,9,133,65,50,3.6666667
SUPER_4,20260000,247,7,10,264,120,127,25.529411
SUPER_4,20270000,61,4,3,68,33,28,3.5714285
SUPER_4,20280000,8,0,0,8,7,1,NaN
SUPER_4,20290000,2,0,1,3,2,0,2
SUPER_4,20300000,6,0,0,6,0,6,NaN
SUPER_4,20310000,5,0,0,5,2,3,NaN
SUPER_4,20320000,6,1,0,7,3,3,11
SUPER_4,20330000,5,1,0,6,1,4,1
SUPER_4,20340000,99,7,8,114,54,45,3.4
SUPER_4,20350000,47,6,3,56,21,26,18.666666
SUPER_4,20360000,145,11,4,160,86,59,10.2
SUPER_4,20370000,163,9,18,190,85,78,18.481482
SUPER_4,20380000,47,5,4,56,22,25,11.111111
SUPER_4,20390000,108,12,5,125,59,49,8.6470585
SUPER_4,20400000,87,9,8,104,50,37,9.941176
SUPER_4,20410000,17,1,2,20,6,11,6.6666665
SUPER_4,20420000,2,0,1,3,1,1,1
SUPER_4,20430000,2,2,1,5,1,1,2
SUPER_4,20440000,5,1,2,8,2,3,5
SUPER_4,20450000,2,0,1,3,0,2,2
SUPER_4,20460000,1,1,0,2,1,0,18
SUPER_4,20470000,107,9,10,126,53,54,5.7894735
SUPER_4,20480000,79,10,8,97,36,43,2.8333333
SUPER_4,20490000,121,8,10,139,54,67,4
SUPER_4,20500000,136,11,14,161,64,72,5.48
SUPER_4,20510000,148,13,12,173,75,73,3.72
SUPER_4,20520000,178,11,11,200,105,73,12.863636
SUPER_4,20530000,85,7,11,103,48,37,3.6111112
SUPER_4,20540000,114,10,11,135,59,55,9.238095
SUPER_4,20550000,98,10,9,117,45,53,24.526316
SUPER_4,20560000,8,2,0,10,3,5,3
SUPER_4,20570000,45,3,2,50,21,24,4
SUPER_4,20580000,106,10,8,124,61,45,7.9444447
SUPER_4,20590000,85,4,9,98,42,43,38.846153
SUPER_4,20600000,88,9,6,103,49,39,18
SUPER_4,20610000,68,3,7,78,40,28,2.4
SUPER_4,20620000,49,7,3,59,17,32,7.5
SUPER_4,20630000,61,2,3,66,29,32,2.4
SUPER_4,20640000,86,13,6,105,34,52,5.6842103
SUPER_4,20650000,51,4,4,59,23,28,3.25
SUPER_4,20660000,175,10,10,195,104,71,4.95
SUPER_4,20670000,116,2,12,130,69,47,4.5
SUPER_4,20680000,124,7,7,138,63,61,7
SUPER_4,20690000,65,6,2,73,42,23,6.125
SUPER_4,20700000,179,11,16,206,95,84,3.3333333
SUPER_4,20710000,76,2,4,82,41,35,83
SUPER_4,20720000,92,7,3,102,51,41,17.5
SUPER_4,20730000,14,1,1,16,9,5,2
SUPER_4,20740000,2,0,0,2,1,1,NaN
SUPER_4,20750000,3,0,0,3,1,2,NaN
SUPER_4,20760000,2,2,0,4,1,1,7.5
SUPER_4,20770000,2,0,1,3,0,2,4
SUPER_4,20780000,1,0,0,1,0,1,NaN
SUPER_4,20790000,4,0,0,4,1,3,NaN
SUPER_4,20800000,39,2,4,45,20,19,8.833333
SUPER_4,20810000,53,4,3,60,23,30,6.714286
SUPER_4,20820000,1,0,1,2,0,1,1
SUPER_4,20830000,109,4,8,121,53,56,3
SUPER_4,20840000,93,9,6,108,45,48,29.466667
SUPER_4,20850000,136,11,6,153,74,62,12.470589
SUPER_4,20860000,148,8,16,172,77,71,2.6666667
SUPER_4,20870000,163,18,14,195,87,76,4.1875
SUPER_4,20880000,179,6,11,196,89,90,4.5882354
SUPER_4,20890000,107,8,13,128,54,53,9.809524
SUPER_4,20900000,124,7,14,145,59,65,8.238095
SUPER_4,20910000,192,12,12,216,97,95,4.875
SUPER_4,20920000,103,9,17,129,52,51,12.923077
SUPER_4,20930000,86,2,5,93,44,42,3.2857144
SUPER_4,20940000,78,5,6,89,48,30,3.2727273
SUPER_4,20950000,50,4,2,56,24,26,6.8333335
SUPER_4,20960000,70,4,6,80,37,33,11.3
SUPER_4,20970000,27,6,3,36,13,14,4
SUPER_4,20980000,78,3,6,87,41,37,6.2222223
SUPER_4,20990000,51,8,3,62,34,17,10.090909
SUPER_4,21000000,86,12,6,104,42,44,7.7777777
SUPER_4,21010000,125,10,15,150,60,65,3.56
SUPER_4,21020000,78,10,6,94,43,35,4.875
SUPER_4,21030000,128,8,12,148,64,64,9.1
SUPER_4,21040000,140,16,7,163,70,70,7.4347825
SUPER_4,21050000,189,11,10,210,95,94,28.571428
SUPER_4,21060000,142,9,10,161,69,73,4.736842
SUPER_4,21070000,126,13,5,144,58,68,7.9444447
SUPER_4,21080000,38,6,2,46,23,15,10.25
SUPER_4,21090000,111,5,5,121,58,53,3.8
SUPER_4,21100000,115,9,15,139,61,54,18.166666
SUPER_4,21110000,98,10,6,114,45,53,6.4375
SUPER_4,21120000,107,8,5,120,57,50,5.3846154
SUPER_4,21130000,34,4,2,40,13,21,8.166667
SUPER_4,21140000,0,0,0,0,0,0,0
SUPER_4,21150000,0,0,0,0,0,0,0
SUPER_4,21160000,0,0,0,0,0,0,0
SUPER_4,21170000,0,0,0,0,0,0,0
SUPER_4,21180000,2,0,0,2,0,2,NaN
SUPER_4,21190000,88,5,6,99,39,49,6.818182
SUPER_4,21200000,27,3,3,33,14,13,3
SUPER_4,21210000,90,6,0,96,52,38,11.166667
SUPER_4,21220000,153,14,9,176,76,77,4.826087
SUPER_4,21230000,81,9,8,98,46,35,3.7058823
SUPER_4,21240000,88,6,9,103,44,44,3.3333333
SUPER_4,21250000,63,7,3,73,29,34,10.2
SUPER_4,21260000,125,11,8,144,68,57,5.4736843
SUPER_4,21270000,46,5,7,58,18,28,6.5
SUPER_4,21280000,142,9,10,161,71,71,18.789474
SUPER_4,21290000,41,2,4,47,22,19,4.5
SUPER_4,21300000,76,6,10,92,39,37,9.375
SUPER_4,21310000,123,10,9,142,66,57,5.3157897
SUPER_4,21320000,90,4,7,101,45,45,6.818182
SUPER_4,21330000,109,9,16,134,54,55,4.72
SUPER_4,21340000,6,0,0,6,3,3,NaN
SUPER_4,21350000,2,1,1,4,1,1,1.5
SUPER_4,21360000,1,1,1,3,1,0,6
SUPER_4,21370000,2,0,0,2,1,1,NaN
SUPER_4,21380000,17,3,4,24,7,10,12.428572
SUPER_4,21390000,46,7,6,59,24,22,4.3846154
SUPER_4,21400000,26,1,3,30,13,13,1.25
SUPER_4,21410000,19,1,5,25,12,7,3.3333333
SUPER_4,21420000,89,10,17,116,45,44,8.259259
SUPER_4,21430000,56,9,6,71,22,34,3.8
SUPER_4,21440000,94,8,14,116,45,49,7.7727275
SUPER_4,21450000,4,0,0,4,1,3,NaN
SUPER_4,21460000,3,1,0,4,2,1,1
SUPER_4,21470000,52,4,5,61,30,22,2.6666667
SUPER_4,21480000,60,2,4,66,29,31,2
SUPER_4,21490000,108,9,12,129,61,47,4.8095236
SUPER_4,21500000,4,1,0,5,2,2,1
SUPER_4,21510000,10,2,0,12,6,4,2.5
SUPER_4,21520000,12,3,1,16,4,8,3.75
SUPER_4,21530000,30,2,2,34,11,19,6.25
SUPER_4,21540000,181,10,9,200,95,86,4.105263
SUPER_4,21550000,28,2,2,32,12,16,2.5
SUPER_4,21560000,34,1,3,38,20,14,6.5
SUPER_4,21570000,146,10,13,169,83,63,7.5652175
SUPER_4,21580000,70,3,3,76,41,29,3.5
SUPER_4,21590000,128,5,11,144,64,64,6.4375
SUPER_4,21600000,42,5,2,49,19,23,4.571429
SUPER_4,21610000,32,5,4,41,13,19,9.666667
SUPER_4,21620000,49,1,3,53,26,23,2
SUPER_4,21630000,118,6,7,131,67,51,4.6923075
SUPER_4,21640000,66,1,5,72,34,32,14.666667
SUPER_4,21650000,0,0,0,0,0,0,0
SUPER_4,21660000,0,0,0,0,0,0,0
SUPER_4,21670000,112,6,11,129,54,58,12.058824
SUPER_4,21680000,90,15,6,111,44,46,13.571428
SUPER_4,21690000,105,3,6,114,59,46,2.2222223
SUPER_4,21700000,70,6,3,79,30,40,7
SUPER_4,21710000,185,7,18,210,106,79,6.76
SUPER_4,21720000,81,6,10,97,41,40,24.625
SUPER_4,21730000,147,12,13,172,70,77,7
SUPER_4,21740000,88,8,11,107,43,45,5.3157897
SUPER_4,21750000,83,7,7,97,46,37,20.642857
SUPER_4,21760000,73,5,4,82,38,35,20.88889
SUPER_4,21770000,159,13,11,183,82,77,16.75
SUPER_4,21780000,174,9,11,194,89,85,4.05
SUPER_4,21790000,199,14,9,222,99,100,4.5652175
SUPER_4,21800000,160,7,13,180,84,76,7.8
SUPER_4,21810000,249,11,17,277,132,117,6.321429
SUPER_4,21820000,170,13,12,195,93,77,5.32
SUPER_4,21830000,42,3,2,47,21,21,4.2
SUPER_4,21840000,36,0,1,37,26,10,3
SUPER_4,21850000,4,0,0,4,1,3,NaN
SUPER_4,21860000,64,7,7,78,30,34,28.214285
SUPER_4,21870000,135,4,12,151,64,71,5.625
SUPER_4,21880000,92,6,10,108,49,43,15.5625
SUPER_4,21890000,62,3,8,73,28,34,7.4545455
SUPER_4,21900000,155,3,8,166,79,76,3.6363637
SUPER_4,21910000,199,9,12,220,109,90,3.8095238
SUPER_4,21920000,36,3,2,41,17,19,8.4
SUPER_4,21930000,1,0,0,1,0,1,NaN
SUPER_4,21940000,2,1,0,3,0,2,4
SUPER_4,21950000,3,0,0,3,1,2,NaN
SUPER_4,21960000,1,1,0,2,1,0,6
SUPER_4,21970000,3,1,1,5,1,2,1
SUPER_4,21980000,2,0,0,2,1,1,NaN
SUPER_4,21990000,0,0,0,0,0,0,0
SUPER_4,22000000,0,0,0,0,0,0,0
SUPER_4,22010000,0,0,0,0,0,0,0
SUPER_4,22020000,18,0,3,21,7,11,26.666666
SUPER_4,22030000,24,1,4,29,5,19,3.8
SUPER_4,22040000,21,2,3,26,13,8,21.4
SUPER_4,22050000,32,3,1,36,16,16,5.25
SUPER_4,22060000,62,3,7,72,21,41,5.8
SUPER_4,22070000,92,5,7,104,49,43,2.75
SUPER_4,22080000,139,10,10,159,65,74,8.35
SUPER_4,22090000,87,9,9,105,43,44,10.611111
SUPER_4,22100000,103,7,5,115,51,52,3.9166667
SUPER_4,22110000,96,10,6,112,46,50,6.8125
SUPER_4,22120000,87,8,7,102,49,38,7.4
SUPER_4,22130000,67,4,16,87,34,33,7.15
SUPER_4,22140000,80,6,2,88,43,37,2.625
SUPER_4,22150000,82,7,9,98,39,43,16.3125
SUPER_4,22160000,113,11,6,130,52,61,6.1764708
SUPER_4,22170000,147,13,11,171,70,77,9.541667
SUPER_4,22180000,163,13,12,188,86,77,7.4
SUPER_4,22190000,147,6,9,162,70,77,5.2
SUPER_4,22200000,88,8,6,102,48,40,6
SUPER_4,22210000,66,7,9,82,34,32,4.75
SUPER_4,22220000,95,6,10,111,40,55,7.4375
SUPER_4,22230000,2,0,1,3,1,1,2
SUPER_4,22240000,0,0,0,0,0,0,0
SUPER_4,22250000,0,0,0,0,0,0,0
SUPER_4,22260000,3,1,1,5,1,2,1
SUPER_4,22270000,0,1,0,1,0,0,3
SUPER_4,22280000,3,1,0,4,1,2,2
SUPER_4,22290000,2,0,0,2,0,2,NaN
SUPER_4,22300000,0,0,0,0,0,0,0
SUPER_4,22310000,0,0,0,0,0,0,0
SUPER_4,22320000,6,0,0,6,2,4,NaN
SUPER_4,22330000,1,1,1,3,1,0,1
SUPER_4,22340000,1,0,0,1,1,0,NaN
SUPER_4,22350000,1,0,0,1,0,1,NaN
SUPER_4,22360000,4,1,0,5,3,1,9
SUPER_4,22370000,3,0,0,3,2,1,NaN
SUPER_4,22380000,8,2,1,11,6,2,2
SUPER_4,22390000,12,1,2,15,5,7,9.333333
SUPER_4,22400000,2,2,1,5,0,2,1
SUPER_4,22410000,0,0,0,0,0,0,0
SUPER_4,22420000,0,0,0,0,0,0,0
SUPER_4,22430000,86,3,10,99,44,42,7.1538463
SUPER_4,22440000,179,14,16,209,80,99,4.9666667
SUPER_4,22450000,0,0,0,0,0,0,0
SUPER_4,22460000,0,0,0,0,0,0,0
SUPER_4,22470000,10,0,2,12,4,6,3.5
SUPER_4,22480000,0,0,0,0,0,0,0
SUPER_4,22490000,0,0,0,0,0,0,0
SUPER_4,22500000,7,0,0,7,4,3,NaN
SUPER_4,22510000,3,0,0,3,1,2,NaN
SUPER_4,22520000,1,0,0,1,1,0,NaN
SUPER_4,22530000,0,1,1,2,0,0,5
SUPER_4,22540000,1,0,0,1,0,1,NaN
SUPER_4,22550000,1,0,1,2,0,1,27
SUPER_4,22560000,1,1,1,3,1,0,1.5
SUPER_4,22570000,49,5,2,56,27,22,2
SUPER_4,22580000,46,3,4,53,14,32,2.142857
SUPER_4,22590000,28,1,5,34,10,18,3.1666667
SUPER_4,22600000,61,2,9,72,37,24,18.545454
SUPER_4,22610000,76,6,8,90,40,36,34.214287
SUPER_4,22620000,93,9,8,110,53,40,3.8823528
SUPER_4,22630000,77,5,7,89,43,34,6.25
SUPER_4,22640000,142,14,11,167,73,69,11.76
SUPER_4,22650000,144,10,10,164,75,69,5.45
SUPER_4,22660000,19,1,3,23,7,12,2.25
SUPER_4,22670000,1,0,0,1,0,1,NaN
SUPER_4,22680000,18,2,3,23,14,4,52.6
SUPER_4,22690000,124,12,16,152,53,71,5.321429
SUPER_4,22700000,194,11,16,221,98,96,10.851851
SUPER_4,22710000,53,3,4,60,27,26,7.714286
SUPER_4,22720000,126,16,11,153,67,59,6.3333335
SUPER_4,22730000,70,6,6,82,38,32,6.9166665
SUPER_4,22740000,133,13,12,158,64,69,6.24
SUPER_4,22750000,36,4,2,42,16,20,37.166668
SUPER_4,22760000,117,7,5,129,64,53,9.666667
SUPER_4,22770000,109,7,10,126,54,55,9.176471
SUPER_4,22780000,91,6,8,105,51,40,5.714286
SUPER_4,22790000,117,14,12,143,55,62,13.076923
SUPER_4,22800000,90,8,6,104,44,46,19.571428
SUPER_4,22810000,119,9,11,139,63,56,27.95
SUPER_4,22820000,25,2,1,28,10,15,4.3333335
SUPER_4,22830000,2,0,0,2,2,0,NaN
SUPER_4,22840000,1,0,0,1,0,1,NaN
SUPER_4,22850000,4,1,0,5,2,2,1
SUPER_4,22860000,6,0,0,6,3,3,NaN
SUPER_4,22870000,41,2,2,45,23,18,5.25
SUPER_4,22880000,38,2,2,42,23,15,3.25
SUPER_4,22890000,83,7,8,98,39,44,22.866667
SUPER_4,22900000,144,5,11,160,86,58,21.6875
SUPER_4,22910000,124,10,3,137,62,62,2.8461537
SUPER_4,22920000,99,11,4,114,50,49,9.266666
SUPER_4,22930000,76,4,1,81,40,36,8.4
SUPER_4,22940000,90,6,8,104,38,52,10.714286
SUPER_4,22950000,108,3,6,117,63,45,5.7777777
SUPER_4,22960000,62,5,2,69,30,32,5
SUPER_4,22970000,59,4,4,67,29,30,2.75
SUPER_4,22980000,151,7,4,162,69,82,7.2727275
SUPER_4,22990000,102,8,9,119,50,52,12.588235
SUPER_4,23000000,90,7,5,102,43,47,5.1666665
SUPER_4,23010000,73,4,2,79,33,40,8.5
SUPER_4,23020000,96,8,8,112,52,44,35.375
SUPER_4,23030000,85,8,14,107,38,47,12.772727
SUPER_4,23040000,196,18,7,221,88,108,4.24
SUPER_4,23050000,80,9,8,97,42,38,3.2941177
SUPER_4,23060000,39,0,2,41,11,28,1.5
SUPER_4,23070000,115,9,8,132,64,51,6
SUPER_4,23080000,147,14,13,174,72,75,5.9259257
SUPER_4,23090000,133,10,9,152,68,65,10
SUPER_4,23100000,85,4,10,99,49,36,8
SUPER_4,23110000,17,2,1,20,9,8,1
SUPER_4,23120000,106,8,7,121,45,61,4.4
SUPER_4,23130000,146,7,8,161,81,65,3.4
SUPER_4,23140000,147,11,20,178,72,75,13.709678
SUPER_4,23150000,107,3,10,120,55,52,10.076923
SUPER_4,23160000,84,7,6,97,40,44,16.846153
SUPER_4,23170000,119,12,9,140,54,65,7.571429
SUPER_4,23180000,5,2,2,9,1,4,3.75
SUPER_4,23190000,46,6,1,53,27,19,2.142857
SUPER_4,23200000,23,1,2,26,7,16,23
SUPER_4,23210000,31,3,0,34,16,15,4.6666665
SUPER_4,23220000,139,5,8,152,80,59,14.461538
SUPER_4,23230000,83,6,3,92,45,38,6.7777777
SUPER_4,23240000,158,14,10,182,85,73,6.875
SUPER_4,23250000,112,6,6,124,55,57,7.4166665
SUPER_4,23260000,135,7,15,157,78,57,9.090909
SUPER_4,23270000,66,7,4,77,36,30,4.2727275
SUPER_4,23280000,86,2,8,96,46,40,6.7
SUPER_4,23290000,138,10,14,162,67,71,5.8333335
SUPER_4,23300000,123,5,4,132,57,66,5.3333335
SUPER_4,23310000,0,0,0,0,0,0,0
SUPER_4,23320000,0,0,0,0,0,0,0
SUPER_4,23330000,188,10,9,207,88,100,10.210526
SUPER_4,23340000,155,9,8,172,77,78,12.058824
SUPER_4,23350000,103,5,7,115,51,52,7.5
SUPER_4,23360000,122,11,4,137,57,65,8.266666
SUPER_4,23370000,150,13,17,180,75,75,7.266667
SUPER_4,23380000,65,5,5,75,40,25,7.7
SUPER_4,23390000,127,9,12,148,62,65,26.333334
SUPER_4,23400000,25,3,2,30,12,13,20.8
SUPER_4,23410000,1,0,0,1,0,1,NaN
SUPER_4,23420000,120,8,12,140,64,56,8.85
SUPER_4,23430000,197,11,15,223,104,93,7.3076925
SUPER_4,23440000,74,4,3,81,38,36,6
SUPER_4,23450000,27,3,1,31,13,14,1.25
SUPER_4,23460000,46,5,3,54,28,18,5
SUPER_4,23470000,6,1,1,8,2,4,1.5
SUPER_4,23480000,71,7,6,84,41,30,2.6923077
SUPER_4,23490000,203,11,11,225,95,108,10.272727
SUPER_4,23500000,136,3,3,142,80,56,4
SUPER_4,23510000,138,6,9,153,74,64,7.9333334
SUPER_4,23520000,168,10,20,198,94,74,7.5666666
SUPER_4,23530000,72,6,5,83,34,38,3.3636363
SUPER_4,23540000,113,5,10,128,44,69,9.266666
SUPER_4,23550000,163,12,10,185,79,84,6.7272725
SUPER_4,23560000,170,10,19,199,75,95,10.413794
SUPER_4,23570000,141,10,12,163,68,73,4.318182
SUPER_4,23580000,90,9,2,101,39,51,6.4545455
SUPER_4,23590000,73,3,7,83,42,31,4.2
SUPER_4,23600000,43,3,4,50,27,16,7.571429
SUPER_4,23610000,42,2,4,48,25,17,2
SUPER_4,23620000,4,0,0,4,3,1,NaN
SUPER_4,23630000,1,0,0,1,0,1,NaN
SUPER_4,23640000,73,3,5,81,40,33,7.625
SUPER_4,23650000,52,4,4,60,19,33,6.75
SUPER_4,23660000,6,2,1,9,0,6,2
SUPER_4,23670000,48,2,4,54,18,30,5.1666665
SUPER_4,23680000,24,2,2,28,14,10,5.25
SUPER_4,23690000,147,10,19,176,69,78,5.9310346
SUPER_4,23700000,101,11,17,129,50,51,7.25
SUPER_4,23710000,11,2,0,13,5,6,2
SUPER_4,23720000,57,7,3,67,30,27,4.5
SUPER_4,23730000,63,5,5,73,33,30,5.8
SUPER_4,23740000,54,6,5,65,25,29,4.090909
SUPER_4,23750000,46,1,3,50,23,23,3
SUPER_4,23760000,3,3,2,8,1,2,5.8
SUPER_4,23770000,3,0,0,3,1,2,NaN
SUPER_4,23780000,3,1,0,4,2,1,4
SUPER_4,23790000,3,0,0,3,1,2,NaN
SUPER_4,23800000,5,0,1,6,3,2,10
SUPER_4,23810000,2,0,1,3,0,2,1
SUPER_4,23820000,0,1,0,1,0,0,1
SUPER_4,23830000,31,1,2,34,12,19,6
SUPER_4,23840000,84,7,4,95,48,36,3.6363637
SUPER_4,23850000,105,6,13,124,43,62,6.263158
SUPER_4,23860000,121,11,8,140,59,62,9.421053
SUPER_4,23870000,76,8,8,92,42,34,9.875
SUPER_4,23880000,43,4,2,49,17,26,2.5
SUPER_4,23890000,182,6,11,199,91,91,9.941176
SUPER_4,23900000,82,9,9,100,37,45,3.0555556
SUPER_4,23910000,27,3,5,35,12,15,3.625
SUPER_4,23920000,58,3,7,68,31,27,3.6
SUPER_4,23930000,89,7,12,108,51,38,6.2105265
SUPER_4,23940000,71,5,7,83,33,38,7.6666665
SUPER_4,23950000,86,5,8,99,40,46,3.8461537
SUPER_4,23960000,32,2,1,35,19,13,2.6666667
SUPER_4,23970000,72,6,6,84,34,38,10.166667
SUPER_4,23980000,79,6,7,92,38,41,4.769231
SUPER_4,23990000,80,3,4,87,37,43,17.428572
SUPER_4,24000000,0,0,0,0,0,0,0
SUPER_4,24010000,0,0,0,0,0,0,0
SUPER_4,24020000,128,10,21,159,60,68,3.483871
SUPER_4,24030000,21,1,2,24,9,12,25.333334
SUPER_4,24040000,1,0,0,1,1,0,NaN
SUPER_4,24050000,1,0,0,1,0,1,NaN
SUPER_4,24060000,1,2,0,3,1,0,16
SUPER_4,24070000,2,0,1,3,2,0,2
SUPER_4,24080000,0,0,1,1,0,0,22
SUPER_4,24090000,10,1,1,12,8,2,1
SUPER_4,24100000,52,7,9,68,27,25,5.8125
SUPER_4,24110000,34,2,3,39,17,17,4.2
SUPER_4,24120000,0,0,0,0,0,0,0
SUPER_4,24130000,0,0,0,0,0,0,0
SUPER_4,24140000,2,2,0,4,2,0,4
SUPER_4,24150000,3,0,0,3,3,0,NaN
SUPER_4,24160000,101,5,7,113,44,57,5.6666665
SUPER_4,24170000,57,4,9,70,28,29,8.153846
SUPER_4,24180000,39,2,5,46,18,21,34.285713
SUPER_4,24190000,84,7,10,101,44,40,3.0588236
SUPER_4,24200000,133,11,13,157,64,69,4.3333335
SUPER_4,24210000,169,15,8,192,83,86,18.869566
SUPER_4,24220000,66,6,3,75,24,42,6.5555553
SUPER_4,24230000,53,5,1,59,29,24,2.3333333
SUPER_4,24240000,130,7,9,146,69,61,8.9375
SUPER_4,24250000,198,12,18,228,100,98,6.866667
SUPER_4,24260000,70,3,3,76,39,31,14.666667
SUPER_4,24270000,128,7,13,148,60,68,33.85
SUPER_4,24280000,75,9,7,91,35,40,7.0625
SUPER_4,24290000,84,6,7,97,42,42,8.384615
SUPER_4,24300000,158,12,10,180,83,75,6.5
SUPER_4,24310000,72,9,1,82,33,39,3.4
SUPER_4,24320000,30,1,1,32,16,14,9.5
SUPER_4,24330000,73,7,6,86,30,43,49.846153
SUPER_4,24340000,16,0,2,18,5,11,2
SUPER_4,24350000,1,0,1,2,1,0,3
SUPER_4,24360000,27,0,3,30,17,10,6.6666665
SUPER_4,24370000,0,0,0,0,0,0,0
SUPER_4,24380000,0,0,0,0,0,0,0
SUPER_4,24390000,8,0,1,9,4,4,1
SUPER_4,24400000,1,0,0,1,0,1,NaN
SUPER_4,24410000,127,7,12,146,67,60,7.5789475
SUPER_4,24420000,0,0,0,0,0,0,0
SUPER_4,24430000,0,0,0,0,0,0,0
SUPER_4,24440000,0,0,0,0,0,0,0
SUPER_4,24450000,121,7,12,140,60,61,7.0526314
SUPER_4,24460000,2,0,0,2,1,1,NaN
SUPER_4,24470000,1,1,0,2,1,0,25
SUPER_4,24480000,5,0,0,5,4,1,NaN
SUPER_4,24490000,10,0,0,10,7,3,NaN
SUPER_4,24500000,3,0,0,3,0,3,NaN
SUPER_4,24510000,4,0,0,4,3,1,NaN
SUPER_4,24520000,3,1,0,4,2,1,21
SUPER_4,24530000,4,0,0,4,4,0,NaN
SUPER_4,24540000,2,0,0,2,2,0,NaN
SUPER_4,24550000,2,0,1,3,1,1,1
SUPER_4,24560000,0,0,1,1,0,0,48
SUPER_4,24570000,1,0,0,1,1,0,NaN
SUPER_4,24580000,1,0,0,1,0,1,NaN
SUPER_4,24590000,2,0,0,2,1,1,NaN
SUPER_4,24600000,1,0,0,1,0,1,NaN
SUPER_4,24610000,2,0,0,2,1,1,NaN
SUPER_4,24620000,0,0,0,0,0,0,0
SUPER_4,24630000,0,0,0,0,0,0,0
SUPER_4,24640000,0,0,0,0,0,0,0
SUPER_4,24650000,3,1,4,8,1,2,5.8
SUPER_4,24660000,0,0,0,0,0,0,0
SUPER_4,24670000,0,0,0,0,0,0,0
SUPER_4,24680000,41,4,3,48,15,26,6.714286
SUPER_4,24690000,154,12,3,169,84,70,2.6
SUPER_4,24700000,30,2,3,35,14,16,4.4
SUPER_4,24710000,70,3,4,77,41,29,5
SUPER_4,24720000,7,0,0,7,4,3,NaN
SUPER_4,24730000,122,12,13,147,65,57,5.8
SUPER_4,24740000,100,3,5,108,54,46,15.625
SUPER_4,24750000,145,10,18,173,74,71,9.392858
SUPER_4,24760000,97,1,6,104,44,53,2.7142856
SUPER_4,24770000,35,2,0,37,18,17,23.5
SUPER_4,24780000,22,2,4,28,13,9,1.5
SUPER_4,24790000,25,0,4,29,11,14,2
SUPER_4,24800000,1,1,0,2,1,0,7
SUPER_4,24810000,1,0,0,1,1,0,NaN
SUPER_4,24820000,1,0,1,2,1,0,1
SUPER_4,24830000,0,0,2,2,0,0,3.5
SUPER_4,24840000,0,0,1,1,0,0,2
SUPER_4,24850000,2,0,0,2,0,2,NaN
SUPER_4,24860000,1,1,0,2,0,1,8
SUPER_4,24870000,114,6,8,128,61,53,8.357142
SUPER_4,24880000,72,6,4,82,41,31,40.1
SUPER_4,24890000,96,8,4,108,46,50,5.6666665
SUPER_4,24900000,173,15,19,207,93,80,10.382353
SUPER_4,24910000,128,12,13,153,62,66,13.68
SUPER_4,24920000,120,11,11,142,71,49,5.090909
SUPER_4,24930000,168,10,8,186,85,83,6.8333335
SUPER_4,24940000,155,17,11,183,77,78,3.75
SUPER_4,24950000,58,5,11,74,25,33,16
SUPER_4,24960000,1,0,0,1,1,0,NaN
SUPER_4,24970000,2,0,0,2,2,0,NaN
SUPER_4,24980000,81,4,6,91,41,40,2.4
SUPER_4,24990000,48,2,4,54,22,26,9
SUPER_4,25000000,1,1,0,2,0,1,2
SUPER_4,25010000,2,0,0,2,1,1,NaN
SUPER_4,25020000,2,0,0,2,0,2,NaN
SUPER_4,25030000,0,1,0,1,0,0,1
SUPER_4,25040000,3,0,0,3,2,1,NaN
SUPER_4,25050000,1,0,0,1,1,0,NaN
SUPER_4,25060000,1,0,0,1,0,1,NaN
SUPER_4,25070000,81,15,3,99,35,46,6.7222223
SUPER_4,25080000,122,16,11,149,50,72,8.962963
SUPER_4,25090000,110,13,7,130,59,51,22.25
SUPER_4,25100000,152,10,9,171,74,78,6.7894735
SUPER_4,25110000,175,17,11,203,90,85,9.214286
SUPER_4,25120000,56,4,6,66,29,27,7.4
SUPER_4,25130000,89,2,5,96,44,45,4
SUPER_4,25140000,139,8,7,154,69,70,2.9333334
SUPER_4,25150000,54,5,2,61,27,27,3.857143
SUPER_4,25160000,157,13,9,179,71,86,5.2272725
SUPER_4,25170000,213,20,11,244,103,110,3.419355
SUPER_4,25180000,165,4,8,177,89,76,7.4166665
SUPER_4,25190000,103,7,8,118,49,54,11.6
SUPER_4,25200000,83,4,6,93,44,39,7.9
SUPER_4,25210000,71,6,7,84,47,24,4.8461537
SUPER_4,25220000,180,13,14,207,89,91,2.925926
SUPER_4,25230000,111,11,10,132,59,52,4.5238094
SUPER_4,25240000,123,10,11,144,62,61,23.809525
SUPER_4,25250000,54,5,4,63,28,26,4.6666665
SUPER_4,25260000,139,11,4,154,73,66,5.4666667
SUPER_4,25270000,142,4,7,153,78,64,7.090909
SUPER_4,25280000,108,8,4,120,58,50,9
SUPER_4,25290000,105,12,9,126,54,51,10.857142
SUPER_4,25300000,62,4,4,70,36,26,11.375
SUPER_4,25310000,36,4,1,41,24,12,8
SUPER_4,25320000,74,6,3,83,46,28,3.2222223
SUPER_4,25330000,165,10,12,187,88,77,3.3181818
SUPER_4,25340000,88,7,7,102,48,40,7.571429
SUPER_4,25350000,4,0,1,5,1,3,8
SUPER_4,25360000,1,0,0,1,1,0,NaN
SUPER_4,25370000,64,4,5,73,26,38,6
SUPER_4,25380000,77,2,1,80,42,35,3
SUPER_4,25390000,73,5,9,87,29,44,15.714286
SUPER_4,25400000,102,9,3,114,48,54,7
SUPER_4,25410000,248,21,12,281,139,109,3.1515152
SUPER_4,25420000,199,10,11,220,100,99,3.7619047
SUPER_4,25430000,70,4,7,81,41,29,15.727273
SUPER_4,25440000,1,0,0,1,1,0,NaN
SUPER_4,25450000,39,6,3,48,19,20,11.555555
SUPER_4,25460000,7,1,1,9,5,2,2.5
SUPER_4,25470000,0,0,0,0,0,0,0
SUPER_4,25480000,0,0,0,0,0,0,0
SUPER_4,25490000,105,8,7,120,44,61,3.6
SUPER_4,25500000,152,18,5,175,80,72,14.782609
SUPER_4,25510000,132,7,7,146,62,70,17.5
SUPER_4,25520000,110,6,5,121,46,64,3.1818182
SUPER_4,25530000,88,11,8,107,50,38,5.5789475
SUPER_4,25540000,25,2,2,29,12,13,8.75
SUPER_4,25550000,153,16,9,178,80,73,10.52
SUPER_4,25560000,107,14,12,133,60,47,6.1538463
SUPER_4,25570000,14,1,1,16,4,10,4.5
SUPER_4,25580000,52,3,3,58,30,22,3.8333333
SUPER_4,25590000,0,0,0,0,0,0,0
SUPER_4,25600000,0,0,0,0,0,0,0
SUPER_4,25610000,147,9,4,160,74,73,2
SUPER_4,25620000,1,0,3,4,0,1,2.6666667
SUPER_4,25630000,1,0,0,1,0,1,NaN
SUPER_4,25640000,21,0,2,23,13,8,8
SUPER_4,25650000,67,3,6,76,40,27,18.555555
SUPER_4,25660000,39,2,6,47,19,20,43.75
SUPER_4,25670000,17,0,2,19,8,9,2
SUPER_4,25680000,55,7,4,66,23,32,10.090909
SUPER_4,25690000,0,0,0,0,0,0,0
SUPER_4,25700000,0,0,0,0,0,0,0
SUPER_4,25710000,66,7,6,79,32,34,7.923077
SUPER_4,25720000,2,0,1,3,0,2,5
SUPER_4,25730000,2,0,0,2,2,0,NaN
SUPER_4,25740000,0,0,1,1,0,0,9
SUPER_4,25750000,1,0,1,2,0,1,4
SUPER_4,25760000,1,1,0,2,0,1,1
SUPER_4,25770000,0,0,0,0,0,0,0
SUPER_4,25780000,0,0,0,0,0,0,0
SUPER_4,25790000,3,1,0,4,0,3,1
SUPER_4,25800000,39,0,2,41,23,16,7
SUPER_4,25810000,21,0,2,23,14,7,1.5
SUPER_4,25820000,58,7,3,68,34,24,5.3
SUPER_4,25830000,92,6,6,104,42,50,7.0833335
SUPER_4,25840000,81,8,4,93,41,40,8.25
SUPER_4,25850000,69,6,2,77,39,30,5.875
SUPER_4,25860000,0,0,0,0,0,0,0
SUPER_4,25870000,0,0,0,0,0,0,0
SUPER_4,25880000,157,18,11,186,81,76,10.172414
SUPER_4,25890000,170,12,3,185,86,84,6.133333
SUPER_4,25900000,0,0,0,0,0,0,0
SUPER_4,25910000,0,0,0,0,0,0,0
SUPER_4,25920000,118,10,5,133,61,57,6.3333335
SUPER_4,25930000,102,4,3,109,51,51,60.857143
SUPER_4,25940000,59,5,6,70,32,27,8.272727
SUPER_4,25950000,127,3,7,137,75,52,6
SUPER_4,25960000,131,9,5,145,69,62,3.2857144
SUPER_4,25970000,45,1,4,50,25,20,2.4
SUPER_4,25980000,2,0,0,2,2,0,NaN
SUPER_4,25990000,6,1,1,8,2,4,9.5
SUPER_4,26000000,6,1,0,7,1,5,50
SUPER_4,26010000,1,0,1,2,1,0,1
SUPER_4,26020000,101,9,7,117,53,48,4.4375
SUPER_4,26030000,51,8,3,62,25,26,8.818182
SUPER_4,26040000,5,0,0,5,1,4,NaN
SUPER_4,26050000,1,0,0,1,0,1,NaN
SUPER_4,26060000,8,0,1,9,3,5,2
SUPER_4,26070000,6,0,0,6,2,4,NaN
SUPER_4,26080000,15,1,2,18,11,4,16.333334
SUPER_4,26090000,53,6,5,64,28,25,4.7272725
SUPER_4,26100000,0,0,0,0,0,0,0
SUPER_4,26110000,0,0,0,0,0,0,0
SUPER_4,26120000,15,1,0,16,8,7,6
SUPER_4,26130000,0,0,0,0,0,0,0
SUPER_4,26140000,0,0,0,0,0,0,0
SUPER_4,26150000,6,0,0,6,3,3,NaN
SUPER_4,26160000,0,1,3,4,0,0,1.75
SUPER_4,26170000,0,0,1,1,0,0,6
SUPER_4,26180000,2,0,0,2,0,2,NaN
SUPER_4,26190000,1,0,0,1,0,1,NaN
SUPER_4,26200000,1,0,0,1,1,0,NaN
SUPER_4,26210000,20,1,0,21,13,7,1
SUPER_4,26220000,95,4,6,105,55,40,3.5
SUPER_4,26230000,117,5,12,134,64,53,41.058823
SUPER_4,26240000,63,2,9,74,40,23,11.272727
SUPER_4,26250000,0,0,0,0,0,0,0
SUPER_4,26260000,0,0,0,0,0,0,0
SUPER_4,26270000,0,0,0,0,0,0,0
SUPER_4,26280000,73,6,4,83,38,35,4
SUPER_4,26290000,1,0,0,1,1,0,NaN
SUPER_4,26300000,38,1,2,41,21,17,3.3333333
SUPER_4,26310000,0,0,0,0,0,0,0
SUPER_4,26320000,0,0,0,0,0,0,0
SUPER_4,26330000,113,5,6,124,55,58,16.90909
SUPER_4,26340000,118,7,6,131,64,54,14.230769
SUPER_4,26350000,139,9,5,153,73,66,7.071429
SUPER_4,26360000,0,0,0,0,0,0,0
SUPER_4,26370000,0,0,0,0,0,0,0
SUPER_4,26380000,89,3,15,107,53,36,7
SUPER_4,26390000,139,10,7,156,71,68,5.8235292
SUPER_4,26400000,0,0,0,0,0,0,0
SUPER_4,26410000,0,0,0,0,0,0,0
SUPER_4,26420000,117,11,8,136,50,67,9.526316
SUPER_4,26430000,0,0,0,0,0,0,0
SUPER_4,26440000,0,0,0,0,0,0,0
SUPER_4,26450000,0,0,0,0,0,0,0
SUPER_4,26460000,0,0,0,0,0,0,0
SUPER_4,26470000,96,5,10,111,45,51,2.2
SUPER_4,26480000,0,0,0,0,0,0,0
SUPER_4,26490000,0,0,0,0,0,0,0
SUPER_4,26500000,0,0,0,0,0,0,0
SUPER_4,26510000,0,0,0,0,0,0,0
SUPER_4,26520000,0,0,0,0,0,0,0
SUPER_4,26530000,0,0,0,0,0,0,0
SUPER_4,26540000,114,14,6,134,50,64,4.05
SUPER_4,26550000,0,0,1,1,0,0,1
SUPER_4,26560000,0,0,0,0,0,0,0
SUPER_4,26570000,0,0,0,0,0,0,0
SUPER_4,26580000,36,1,4,41,25,11,9
SUPER_4,26590000,0,0,0,0,0,0,0
SUPER_4,26600000,0,0,0,0,0,0,0
SUPER_4,26610000,0,0,0,0,0,0,0
SUPER_4,26620000,0,0,0,0,0,0,0
SUPER_4,26630000,141,11,10,162,56,85,24.619047
SUPER_4,26640000,0,0,0,0,0,0,0
SUPER_4,26650000,0,0,0,0,0,0,0
SUPER_4,26660000,0,0,0,0,0,0,0
SUPER_4,26670000,0,0,0,0,0,0,0
SUPER_4,26680000,0,0,0,0,0,0,0
SUPER_4,26690000,0,0,0,0,0,0,0
SUPER_4,26700000,0,0,0,0,0,0,0
SUPER_4,26710000,0,0,0,0,0,0,0
SUPER_4,26720000,66,6,8,80,42,24,8.642858
SUPER_4,26730000,0,0,0,0,0,0,0
SUPER_4,26740000,0,0,0,0,0,0,0
SUPER_4,26750000,0,0,0,0,0,0,0
SUPER_4,26760000,0,0,0,0,0,0,0
SUPER_4,26770000,49,2,7,58,19,30,4.6666665
SUPER_4,26780000,0,0,0,0,0,0,0
SUPER_4,26790000,0,0,0,0,0,0,0
SUPER_4,26800000,0,0,0,0,0,0,0
SUPER_4,26810000,0,0,0,0,0,0,0
SUPER_4,26820000,0,0,0,0,0,0,0
SUPER_4,26830000,0,0,0,0,0,0,0
SUPER_4,26840000,0,0,0,0,0,0,0
SUPER_4,26850000,0,0,0,0,0,0,0
SUPER_4,26860000,110,9,7,126,53,57,37.5625
SUPER_4,26870000,0,0,0,0,0,0,0
SUPER_4,26880000,0,0,0,0,0,0,0
SUPER_4,26890000,41,1,3,45,25,16,10
SUPER_4,26900000,73,7,2,82,37,36,8
SUPER_4,26910000,21,4,0,25,12,9,4.25
SUPER_4,26920000,3,0,0,3,2,1,NaN
SUPER_4,26930000,44,6,3,53,27,17,8.555555
SUPER_4,26940000,44,5,3,52,27,17,5.625
SUPER_4,26950000,101,7,4,112,48,53,5
SUPER_4,26960000,58,3,6,67,31,27,7
SUPER_4,26970000,55,2,8,65,35,20,6.4
SUPER_4,26980000,132,8,11,151,72,60,4.6842103
SUPER_4,26990000,33,3,1,37,17,16,3.5
SUPER_4,27000000,126,6,8,140,76,50,11.5
SUPER_4,27010000,0,0,0,0,0,0,0
SUPER_4,27020000,0,0,0,0,0,0,0
SUPER_4,27030000,153,11,8,172,73,80,7.631579
SUPER_4,27040000,51,7,6,64,25,26,4.1538463
SUPER_4,27050000,33,5,2,40,17,16,4.857143
SUPER_4,27060000,0,0,0,0,0,0,0
SUPER_4,27070000,0,0,0,0,0,0,0
SUPER_4,27080000,0,0,0,0,0,0,0
SUPER_4,27090000,0,0,0,0,0,0,0
SUPER_4,27100000,0,0,0,0,0,0,0
SUPER_4,27110000,4,1,1,6,4,0,2
SUPER_4,27120000,1,1,0,2,0,1,1
SUPER_4,27130000,52,4,4,60,28,24,13.375
SUPER_4,27140000,56,4,2,62,36,20,2
SUPER_4,27150000,59,5,9,73,31,28,9.5
SUPER_4,27160000,9,3,0,12,4,5,4.6666665
SUPER_4,27170000,0,0,0,0,0,0,0
SUPER_4,27180000,0,0,0,0,0,0,0
SUPER_4,27190000,0,0,0,0,0,0,0
SUPER_4,27200000,0,0,0,0,0,0,0
SUPER_4,27210000,46,4,4,54,21,25,21.75
SUPER_4,27220000,0,0,0,0,0,0,0
SUPER_4,27230000,0,0,0,0,0,0,0
SUPER_4,27240000,0,0,0,0,0,0,0
SUPER_4,27250000,0,0,0,0,0,0,0
SUPER_4,27260000,0,0,0,0,0,0,0
SUPER_4,27270000,0,0,0,0,0,0,0
SUPER_4,27280000,0,0,0,0,0,0,0
SUPER_4,27290000,0,0,0,0,0,0,0
SUPER_4,27300000,0,0,0,0,0,0,0
SUPER_4,27310000,0,0,0,0,0,0,0
SUPER_4,27320000,0,0,0,0,0,0,0
SUPER_4,27330000,0,0,0,0,0,0,0
SUPER_4,27340000,0,0,0,0,0,0,0
SUPER_4,27350000,35,3,2,40,20,15,5
SUPER_4,27360000,22,3,1,26,16,6,13.25
SUPER_4,27370000,58,4,3,65,33,25,5.428571
SUPER_4,27380000,0,0,0,0,0,0,0
SUPER_4,27390000,0,0,0,0,0,0,0
SUPER_4,27400000,0,0,0,0,0,0,0
SUPER_4,27410000,0,0,0,0,0,0,0
SUPER_4,27420000,0,0,0,0,0,0,0
SUPER_4,27430000,0,0,0,0,0,0,0
SUPER_4,27440000,63,3,11,77,37,26,5.571429
SUPER_4,27450000,21,2,0,23,13,8,17.5
SUPER_4,27460000,74,5,5,84,41,33,7.7
SUPER_4,27470000,0,0,0,0,0,0,0
SUPER_4,27480000,0,0,0,0,0,0,0
SUPER_4,27490000,0,0,0,0,0,0,0
SUPER_4,27500000,193,12,8,213,116,77,14.9
SUPER_4,27510000,121,5,7,133,65,56,10.333333
SUPER_4,27520000,14,0,1,15,6,8,9
SUPER_4,27530000,72,5,5,82,26,46,2.6
SUPER_4,27540000,0,0,0,0,0,0,0
SUPER_4,27550000,0,0,0,0,0,0,0
SUPER_4,27560000,0,0,0,0,0,0,0
SUPER_4,27570000,0,0,0,0,0,0,0
SUPER_4,27580000,0,0,0,0,0,0,0
SUPER_4,27590000,0,0,0,0,0,0,0
SUPER_4,27600000,0,0,0,0,0,0,0
SUPER_4,27610000,197,7,5,209,93,104,6.0833335
SUPER_4,27620000,26,3,0,29,11,15,2
SUPER_4,27630000,25,3,3,31,13,12,17.666666
SUPER_4,27640000,2,0,0,2,1,1,NaN
SUPER_4,27650000,20,2,1,23,10,10,4.6666665
SUPER_4,27660000,0,0,0,0,0,0,0
SUPER_4,27670000,0,0,0,0,0,0,0
SUPER_4,27680000,0,0,0,0,0,0,0
SUPER_4,27690000,0,2,0,2,0,0,1
SUPER_4,27700000,1,0,0,1,1,0,NaN
SUPER_4,27710000,0,0,0,0,0,0,0
SUPER_4,27720000,0,0,0,0,0,0,0
SUPER_4,27730000,0,0,0,0,0,0,0
SUPER_4,27740000,0,0,0,0,0,0,0
SUPER_4,27750000,0,0,0,0,0,0,0
SUPER_4,27760000,0,0,0,0,0,0,0
SUPER_4,27770000,0,0,0,0,0,0,0
SUPER_4,27780000,0,0,0,0,0,0,0
SUPER_4,27790000,0,0,0,0,0,0,0
SUPER_4,27800000,0,0,0,0,0,0,0
SUPER_4,27810000,86,10,6,102,42,44,2.5625
SUPER_4,27820000,0,0,0,0,0,0,0
SUPER_4,27830000,0,0,0,0,0,0,0
SUPER_4,27840000,0,0,0,0,0,0,0
SUPER_4,27850000,46,3,10,59,22,24,9.230769
SUPER_4,27860000,11,1,3,15,5,6,37.5
SUPER_4,27870000,45,4,1,50,24,21,4.6
SUPER_4,27880000,0,0,0,0,0,0,0
SUPER_4,27890000,0,0,0,0,0,0,0
SUPER_4,27900000,0,0,0,0,0,0,0
SUPER_4,27910000,50,3,3,56,28,22,4.5
SUPER_4,27920000,114,6,6,126,58,56,4.5
SUPER_4,27930000,0,0,0,0,0,0,0
SUPER_4,27940000,0,0,0,0,0,0,0
SUPER_4,27950000,0,0,0,0,0,0,0
SUPER_4,27960000,0,0,0,0,0,0,0
SUPER_4,27970000,0,0,0,0,0,0,0
SUPER_4,27980000,0,0,0,0,0,0,0
SUPER_4,27990000,0,0,0,0,0,0,0
SUPER_4,28000000,71,9,8,88,35,36,3.9411764
SUPER_4,28010000,0,0,0,0,0,0,0
SUPER_4,28020000,0,0,0,0,0,0,0
SUPER_4,28030000,142,12,9,163,80,62,11.380953
SUPER_4,28040000,152,9,7,168,69,83,4.9375
SUPER_4,28050000,29,3,2,34,20,9,8.2
SUPER_4,28060000,182,6,10,198,99,83,47.1875
SUPER_4,28070000,85,6,3,94,52,33,8.888889
SUPER_4,28080000,51,7,3,61,20,31,5.1
SUPER_4,28090000,70,8,1,79,34,36,3.4444444
SUPER_4,28100000,0,0,0,0,0,0,0
SUPER_4,28110000,0,0,0,0,0,0,0
SUPER_4,28120000,0,0,0,0,0,0,0
SUPER_4,28130000,0,0,0,0,0,0,0
SUPER_4,28140000,0,0,0,0,0,0,0
SUPER_4,28150000,0,0,0,0,0,0,0
SUPER_4,28160000,0,0,0,0,0,0,0
SUPER_4,28170000,0,0,0,0,0,0,0
SUPER_4,28180000,0,0,0,0,0,0,0
SUPER_4,28190000,0,0,0,0,0,0,0
SUPER_4,28200000,0,0,0,0,0,0,0
SUPER_4,28210000,0,0,0,0,0,0,0
SUPER_4,28220000,0,0,0,0,0,0,0
SUPER_4,28230000,0,0,0,0,0,0,0
SUPER_4,28240000,0,0,0,0,0,0,0
SUPER_4,28250000,0,0,0,0,0,0,0
SUPER_4,28260000,0,0,0,0,0,0,0
SUPER_4,28270000,0,0,0,0,0,0,0
SUPER_4,28280000,0,0,0,0,0,0,0
SUPER_4,28290000,0,0,0,0,0,0,0
SUPER_4,28300000,0,0,0,0,0,0,0
SUPER_4,28310000,0,0,0,0,0,0,0
SUPER_4,28320000,147,8,20,175,75,72,9.821428
SUPER_4,28330000,58,4,4,66,28,30,22.25
SUPER_4,28340000,25,4,4,33,15,10,15.875
SUPER_4,28350000,110,5,11,126,56,54,5.9375
SUPER_4,28360000,59,5,5,69,32,27,8
SUPER_4,28370000,103,3,5,111,64,39,4
SUPER_4,28380000,126,11,6,143,67,59,3.1176472
SUPER_4,28390000,53,4,1,58,28,25,10.2
SUPER_4,28400000,43,6,3,52,24,19,4.6666665
SUPER_4,28410000,100,5,7,112,50,50,5.5
SUPER_4,28420000,103,4,10,117,51,52,9.285714
SUPER_4,28430000,177,11,13,201,93,84,18.458334
SUPER_4,28440000,0,0,0,0,0,0,0
SUPER_4,28450000,0,0,0,0,0,0,0
SUPER_4,28460000,0,0,0,0,0,0,0
SUPER_4,28470000,0,0,0,0,0,0,0
SUPER_4,28480000,0,0,0,0,0,0,0
SUPER_4,28490000,0,0,0,0,0,0,0
SUPER_4,28500000,63,4,5,72,30,33,18.222221
SUPER_4,28510000,0,0,0,0,0,0,0
SUPER_4,28520000,0,0,0,0,0,0,0
SUPER_4,28530000,0,0,0,0,0,0,0
SUPER_4,28540000,0,0,0,0,0,0,0
SUPER_4,28550000,0,0,0,0,0,0,0
SUPER_4,28560000,45,2,5,52,21,24,6.142857
SUPER_4,28570000,0,0,0,0,0,0,0
SUPER_4,28580000,0,0,0,0,0,0,0
SUPER_4,28590000,0,0,0,0,0,0,0
SUPER_4,28600000,0,0,0,0,0,0,0
SUPER_4,28610000,218,10,8,236,107,111,8
SUPER_4,28620000,89,4,7,100,47,42,10.363636
SUPER_4,28630000,0,0,0,0,0,0,0
SUPER_4,28640000,0,0,0,0,0,0,0
SUPER_4,28650000,80,11,3,94,40,40,3.0714285
SUPER_4,28660000,0,0,0,0,0,0,0
SUPER_4,28670000,0,0,0,0,0,0,0
SUPER_4,28680000,0,0,0,0,0,0,0
SUPER_4,28690000,0,0,0,0,0,0,0
SUPER_4,28700000,0,0,0,0,0,0,0
SUPER_4,28710000,0,0,0,0,0,0,0
SUPER_4,28720000,36,6,3,45,16,20,4
SUPER_4,28730000,1,1,1,3,1,0,1.5
SUPER_4,28740000,5,1,0,6,1,4,14
SUPER_4,28750000,108,4,4,116,64,44,5.5
SUPER_4,28760000,61,6,5,72,34,27,5.6363635
SUPER_4,28770000,0,0,0,0,0,0,0
SUPER_4,28780000,0,0,0,0,0,0,0
SUPER_4,28790000,78,2,1,81,37,41,5.3333335
SUPER_4,28800000,0,0,0,0,0,0,0
SUPER_4,28810000,0,0,0,0,0,0,0
SUPER_4,28820000,0,0,0,0,0,0,0
SUPER_4,28830000,0,0,0,0,0,0,0
SUPER_4,28840000,0,0,0,0,0,0,0
SUPER_4,28850000,0,0,0,0,0,0,0
SUPER_4,28860000,172,11,11,194,91,81,5.318182
SUPER_4,28870000,52,3,7,62,29,23,6.6
SUPER_4,28880000,70,3,6,79,40,30,14
SUPER_4,28890000,0,0,0,0,0,0,0
SUPER_4,28900000,0,0,0,0,0,0,0
SUPER_4,28910000,0,0,0,0,0,0,0
SUPER_4,28920000,0,0,0,0,0,0,0
SUPER_4,28930000,0,0,0,0,0,0,0
SUPER_4,28940000,0,0,0,0,0,0,0
SUPER_4,28950000,45,4,4,53,22,23,6.375
SUPER_4,28960000,55,1,1,57,26,29,7
SUPER_4,28970000,0,0,0,0,0,0,0
SUPER_4,28980000,0,0,0,0,0,0,0
SUPER_4,28990000,0,0,0,0,0,0,0
SUPER_4,29000000,0,0,0,0,0,0,0
SUPER_4,29010000,0,0,0,0,0,0,0
SUPER_4,29020000,0,0,0,0,0,0,0
SUPER_4,29030000,0,0,0,0,0,0,0
SUPER_4,29040000,0,0,0,0,0,0,0
SUPER_4,29050000,134,8,5,147,74,60,6.230769
SUPER_4,29060000,0,0,0,0,0,0,0
SUPER_4,29070000,0,0,0,0,0,0,0
SUPER_4,29080000,0,0,0,0,0,0,0
SUPER_4,29090000,0,0,0,0,0,0,0
SUPER_4,29100000,0,0,0,0,0,0,0
SUPER_4,29110000,0,0,0,0,0,0,0
SUPER_4,29120000,0,0,0,0,0,0,0
SUPER_4,29130000,0,0,0,0,0,0,0
SUPER_4,29140000,0,0,0,0,0,0,0
SUPER_4,29150000,112,6,7,125,54,58,2.5384614
SUPER_4,29160000,0,0,0,0,0,0,0
SUPER_4,29170000,0,0,0,0,0,0,0
SUPER_4,29180000,0,0,0,0,0,0,0
SUPER_4,29190000,0,0,0,0,0,0,0
SUPER_4,29200000,0,0,0,0,0,0,0
SUPER_4,29210000,0,0,0,0,0,0,0
SUPER_4,29220000,0,0,0,0,0,0,0
SUPER_4,29230000,85,3,1,89,45,40,4.75
SUPER_4,29240000,106,3,7,116,46,60,8.7
SUPER_4,29250000,105,7,6,118,57,48,6
SUPER_4,29260000,52,7,1,60,20,32,3.75
SUPER_4,29270000,0,0,0,0,0,0,0
SUPER_4,29280000,0,0,0,0,0,0,0
SUPER_4,29290000,0,0,0,0,0,0,0
SUPER_4,29300000,0,0,0,0,0,0,0
SUPER_4,29310000,0,0,0,0,0,0,0
SUPER_4,29320000,0,0,0,0,0,0,0
SUPER_4,29330000,68,3,4,75,35,33,5
SUPER_4,29340000,55,5,4,64,31,24,9.888889
SUPER_4,29350000,47,2,4,53,27,20,3.5
SUPER_4,29360000,26,5,2,33,16,10,5.142857
SUPER_4,29370000,38,1,3,42,13,25,11
SUPER_4,29380000,38,2,8,48,15,23,11.8
SUPER_4,29390000,25,2,4,31,16,9,9.166667
SUPER_4,29400000,31,6,0,37,21,10,4.6666665
SUPER_4,29410000,27,4,3,34,18,9,9.428572
SUPER_4,29420000,127,12,10,149,68,59,7.5
SUPER_4,29430000,83,9,3,95,36,47,5.0833335
SUPER_4,29440000,197,11,9,217,112,85,8.35
SUPER_4,29450000,0,0,0,0,0,0,0
SUPER_4,29460000,0,0,0,0,0,0,0
SUPER_4,29470000,0,0,0,0,0,0,0
SUPER_4,29480000,174,7,11,192,97,77,7.888889
SUPER_4,29490000,95,12,7,114,52,43,4.105263
SUPER_4,29500000,155,12,8,175,84,71,8
SUPER_4,29510000,23,0,0,23,15,8,NaN
SUPER_4,29520000,0,0,0,0,0,0,0
SUPER_4,29530000,0,0,0,0,0,0,0
SUPER_4,29540000,0,0,0,0,0,0,0
SUPER_4,29550000,0,0,0,0,0,0,0
SUPER_4,29560000,66,5,2,73,42,24,4.285714
SUPER_4,29570000,0,0,0,0,0,0,0
SUPER_4,29580000,0,0,0,0,0,0,0
SUPER_4,29590000,0,0,0,0,0,0,0
SUPER_4,29600000,0,0,0,0,0,0,0
SUPER_4,29610000,0,0,0,0,0,0,0
SUPER_4,29620000,0,0,0,0,0,0,0
SUPER_4,29630000,0,0,0,0,0,0,0
SUPER_4,29640000,0,0,0,0,0,0,0
SUPER_4,29650000,0,0,0,0,0,0,0
SUPER_4,29660000,0,0,0,0,0,0,0
SUPER_4,29670000,59,6,4,69,31,28,1.7
SUPER_4,29680000,58,3,3,64,32,26,2.6666667
SUPER_4,29690000,1,1,0,2,0,1,1
SUPER_4,29700000,4,1,0,5,1,3,1
SUPER_4,29710000,77,5,1,83,38,39,7.8333335
SUPER_4,29720000,87,9,3,99,42,45,7.8333335
SUPER_4,29730000,55,3,6,64,36,19,4.111111
SUPER_4,29740000,0,0,0,0,0,0,0
SUPER_4,29750000,0,0,0,0,0,0,0
SUPER_4,29760000,3,1,0,4,1,2,1
SUPER_4,29770000,1,0,0,1,1,0,NaN
SUPER_4,29780000,4,0,1,5,1,3,5
SUPER_4,29790000,1,0,0,1,1,0,NaN
SUPER_4,29800000,2,0,0,2,0,2,NaN
SUPER_4,29810000,1,0,0,1,0,1,NaN
SUPER_4,29820000,1,0,1,2,0,1,28
SUPER_4,29830000,2,2,0,4,2,0,9
SUPER_4,29840000,6,2,1,9,3,3,1
SUPER_4,29850000,8,1,0,9,3,5,17
SUPER_4,29860000,12,2,0,14,7,5,5.5
SUPER_4,29870000,3,0,1,4,1,2,1
SUPER_4,29880000,70,2,8,80,32,38,11.7
SUPER_4,29890000,149,11,8,168,76,73,2.5789473
SUPER_4,29900000,58,6,4,68,29,29,9
SUPER_4,29910000,78,7,10,95,46,32,34.705883
SUPER_4,29920000,50,3,2,55,29,21,4.4
SUPER_4,29930000,56,7,4,67,20,36,5
SUPER_4,29940000,2,0,0,2,2,0,NaN
SUPER_4,29950000,2,0,0,2,2,0,NaN
SUPER_4,29960000,15,1,0,16,9,6,25
SUPER_4,29970000,4,0,1,5,1,3,2
SUPER_4,29980000,3,0,3,6,1,2,4.3333335
SUPER_4,29990000,1,0,1,2,0,1,16
SUPER_4,30000000,7,1,2,10,4,3,5.6666665
SUPER_4,30010000,83,5,5,93,47,36,35
SUPER_4,30020000,106,7,8,121,58,48,7.8
SUPER_4,30030000,69,3,5,77,30,39,13.25
SUPER_4,30040000,104,4,10,118,52,52,7.5
SUPER_4,30050000,124,8,10,142,65,59,3.5
SUPER_4,30060000,80,6,3,89,35,45,6.2222223
SUPER_4,30070000,41,5,3,49,21,20,5.75
SUPER_4,30080000,94,10,5,109,65,29,3.5333333
SUPER_4,30090000,0,0,0,0,0,0,0
SUPER_4,30100000,0,0,0,0,0,0,0
SUPER_4,30110000,165,6,17,188,84,81,17.47826
SUPER_4,30120000,83,3,6,92,50,33,2
SUPER_4,30130000,55,1,6,62,33,22,5.285714
SUPER_4,30140000,98,5,8,111,52,46,3.8461537
SUPER_4,30150000,122,5,8,135,76,46,29.153847
SUPER_4,30160000,165,8,10,183,99,66,10.611111
SUPER_4,30170000,94,8,3,105,53,41,1.6363636
SUPER_4,30180000,23,1,0,24,13,10,1
SUPER_4,30190000,46,6,1,53,23,23,3
SUPER_4,30200000,112,5,6,123,63,49,21.545454
SUPER_4,30210000,125,9,8,142,68,57,5.9411764
SUPER_4,30220000,88,6,4,98,49,39,14.7
SUPER_4,30230000,69,10,11,90,36,33,7.3809524
SUPER_4,30240000,57,5,4,66,24,33,12.444445
SUPER_4,30250000,93,4,3,100,43,50,4.571429
SUPER_4,30260000,150,8,8,166,90,60,6.5
SUPER_4,30270000,2,0,0,2,1,1,NaN
SUPER_4,30280000,49,3,1,53,24,25,7
SUPER_4,30290000,67,4,4,75,39,28,2.25
SUPER_4,30300000,39,1,3,43,19,20,2.5
SUPER_4,30310000,4,1,0,5,2,2,2
SUPER_4,30320000,30,1,3,34,19,11,19.75
SUPER_4,30330000,53,5,11,69,30,23,4.9375
SUPER_4,30340000,21,0,2,23,13,8,1.5
SUPER_4,30350000,10,0,1,11,6,4,1
SUPER_4,30360000,16,0,3,19,8,8,4
SUPER_4,30370000,156,7,7,170,75,81,4.642857
SUPER_4,30380000,40,5,3,48,16,24,5
SUPER_4,30390000,15,3,1,19,6,9,8.25
SUPER_4,30400000,121,5,9,135,65,56,8.642858
SUPER_4,30410000,148,10,8,166,70,78,4.388889
SUPER_4,30420000,67,4,3,74,29,38,3
SUPER_4,30430000,86,8,2,96,44,42,13
SUPER_4,30440000,124,14,6,144,68,56,5.05
SUPER_4,30450000,33,0,3,36,19,14,13.666667
SUPER_4,30460000,92,4,7,103,49,43,10.181818
SUPER_4,30470000,111,13,13,137,51,60,7.3846154
SUPER_4,30480000,168,12,10,190,82,86,7.3636365
SUPER_4,30490000,117,7,8,132,56,61,66.86667
SUPER_4,30500000,83,4,4,91,40,43,52.375
SUPER_4,30510000,96,5,11,112,49,47,7.6875
SUPER_4,30520000,78,6,2,86,38,40,13.625
SUPER_4,30530000,111,5,4,120,54,57,5.4444447
SUPER_4,30540000,43,3,1,47,22,21,2.5
SUPER_4,30550000,31,0,0,31,16,15,NaN
SUPER_4,30560000,40,2,3,45,17,23,11.8
SUPER_4,30570000,62,4,3,69,38,24,27.714285
SUPER_4,30580000,98,8,6,112,51,47,6.714286
SUPER_4,30590000,1,1,0,2,0,1,1
SUPER_4,30600000,1,1,1,3,0,1,2.5
SUPER_4,30610000,2,0,0,2,1,1,NaN
SUPER_4,30620000,2,0,0,2,1,1,NaN
SUPER_4,30630000,1,0,0,1,0,1,NaN
SUPER_4,30640000,104,9,7,120,59,45,6.875
SUPER_4,30650000,95,4,4,103,57,38,10
SUPER_4,30660000,76,7,6,89,44,32,11.153846
SUPER_4,30670000,53,2,1,56,24,29,6.3333335
SUPER_4,30680000,5,0,3,8,2,3,1.6666666
SUPER_4,30690000,9,2,1,12,5,4,5.3333335
SUPER_4,30700000,10,1,2,13,7,3,21.666666
SUPER_4,30710000,9,3,1,13,4,5,10.25
SUPER_4,30720000,6,0,0,6,5,1,NaN
SUPER_4,30730000,4,0,1,5,3,1,1
SUPER_4,30740000,0,0,0,0,0,0,0
SUPER_4,30750000,0,0,0,0,0,0,0
SUPER_4,30760000,0,0,0,0,0,0,0
SUPER_4,30770000,0,0,0,0,0,0,0
SUPER_4,30780000,206,10,11,227,105,101,17.380953
SUPER_4,30790000,101,5,4,110,49,52,7.6666665
SUPER_4,30800000,136,7,5,148,58,78,10
SUPER_4,30810000,164,15,9,188,98,66,9
SUPER_4,30820000,0,0,0,0,0,0,0
SUPER_4,30830000,0,0,0,0,0,0,0
SUPER_4,30840000,6,0,1,7,4,2,1
SUPER_4,30850000,1,1,0,2,1,0,12
SUPER_4,30860000,70,3,7,80,30,40,7.4
SUPER_4,30870000,61,2,10,73,23,38,7.0833335
SUPER_4,30880000,77,7,8,92,36,41,3.6
SUPER_4,30890000,128,7,9,144,78,50,4.375
SUPER_4,30900000,57,7,4,68,25,32,8.272727
SUPER_4,30910000,146,15,2,163,74,72,5.470588
SUPER_4,30920000,108,4,9,121,67,41,2.6923077
SUPER_4,30930000,130,8,15,153,73,57,17.043478
SUPER_4,30940000,135,14,3,152,63,72,10.117647
SUPER_4,30950000,102,4,9,115,57,45,5.4615383
SUPER_4,30960000,97,12,5,114,44,53,9.3529415
SUPER_4,30970000,129,7,9,145,67,62,5.5
SUPER_4,30980000,170,10,14,194,90,80,2.9583333
SUPER_4,30990000,55,3,3,61,27,28,9.333333
SUPER_4,31000000,54,2,3,59,22,32,9
SUPER_4,31010000,34,3,1,38,20,14,8
SUPER_4,31020000,19,1,1,21,14,5,1.5
SUPER_4,31030000,141,12,8,161,75,66,12.1
SUPER_4,31040000,171,23,17,211,90,81,5.15
SUPER_4,31050000,202,11,16,229,90,112,7.4444447
SUPER_4,31060000,64,2,1,67,32,32,1
SUPER_4,31070000,73,8,6,87,40,33,12.428572
SUPER_4,31080000,26,1,3,30,17,9,3.5
SUPER_4,31090000,179,7,7,193,88,91,4.285714
SUPER_4,31100000,76,6,4,86,35,41,3
SUPER_4,31110000,110,13,8,131,57,53,8
SUPER_4,31120000,32,1,0,33,15,17,2
SUPER_4,31130000,172,5,7,184,87,85,5.25
SUPER_4,31140000,135,9,14,158,60,75,5.7391305
SUPER_4,31150000,66,6,5,77,38,28,2.6363637
SUPER_4,31160000,108,9,17,134,43,65,3.6538463
SUPER_4,31170000,144,9,6,159,75,69,7
SUPER_4,31180000,19,1,2,22,13,6,3.6666667
SUPER_4,31190000,56,4,2,62,27,29,5
SUPER_4,31200000,21,1,0,22,13,8,16
SUPER_4,31210000,79,3,2,84,43,36,1.6
SUPER_4,31220000,81,3,8,92,43,38,11.818182
SUPER_4,31230000,77,7,2,86,37,40,8.888889
SUPER_4,31240000,127,9,4,140,69,58,9.153846
SUPER_4,31250000,98,9,11,118,42,56,6.05
SUPER_4,31260000,70,8,8,86,45,25,3.625
SUPER_4,31270000,35,2,2,39,17,18,3.5
SUPER_4,31280000,28,1,1,30,14,14,1
SUPER_4,31290000,144,12,13,169,64,80,6.76
SUPER_4,31300000,158,10,19,187,94,64,7.965517
SUPER_4,31310000,17,0,1,18,8,9,5
SUPER_4,31320000,4,1,0,5,2,2,1
SUPER_4,31330000,0,1,0,1,0,0,1
SUPER_4,31340000,2,0,0,2,0,2,NaN
SUPER_4,31350000,169,12,18,199,71,98,4.1
SUPER_4,31360000,54,5,2,61,27,27,6.857143
SUPER_4,31370000,104,10,9,123,44,60,4.7894735
SUPER_4,31380000,0,1,0,1,0,0,30
SUPER_4,31390000,35,1,4,40,27,8,9.6
SUPER_4,31400000,174,17,13,204,99,75,6.5666666
SUPER_4,31410000,136,15,7,158,74,62,2.6363637
SUPER_4,31420000,175,19,19,213,87,88,26.289474
SUPER_4,31430000,105,6,9,120,49,56,2.2666667
SUPER_4,31440000,98,5,4,107,59,39,31.777779
SUPER_4,31450000,139,8,14,161,68,71,5.2272725
SUPER_4,31460000,140,15,15,170,75,65,9.533334
SUPER_4,31470000,86,9,3,98,44,42,4.8333335
SUPER_4,31480000,98,6,6,110,56,42,18.166666
SUPER_4,31490000,86,5,3,94,48,38,4
SUPER_4,31500000,0,0,0,0,0,0,0
SUPER_4,31510000,0,0,0,0,0,0,0
SUPER_4,31520000,46,6,4,56,21,25,3.6
SUPER_4,31530000,2,0,0,2,1,1,NaN
SUPER_4,31540000,123,10,13,146,63,60,15.608696
SUPER_4,31550000,110,9,8,127,56,54,6.7647057
SUPER_4,31560000,172,22,15,209,84,88,5.3783784
SUPER_4,31570000,154,18,6,178,80,74,9.208333
SUPER_4,31580000,1,0,0,1,0,1,NaN
SUPER_4,31590000,67,6,6,79,38,29,23.5
SUPER_4,31600000,0,1,0,1,0,0,1
SUPER_4,31610000,44,3,6,53,27,17,2.5555556
SUPER_4,31620000,56,2,7,65,31,25,3.7777777
SUPER_4,31630000,61,7,1,69,29,32,8
SUPER_4,31640000,130,13,10,153,61,69,6
SUPER_4,31650000,41,5,2,48,22,19,4.857143
SUPER_4,31660000,34,4,0,38,11,23,10.5
SUPER_4,31670000,94,4,6,104,41,53,3.8
SUPER_4,31680000,1,0,1,2,0,1,1
SUPER_4,31690000,48,4,3,55,29,19,11
SUPER_4,31700000,81,13,9,103,41,40,6
SUPER_4,31710000,124,8,6,138,74,50,4
SUPER_4,31720000,174,16,24,214,88,86,9.525
SUPER_4,31730000,125,13,12,150,63,62,6.4
SUPER_4,31740000,49,7,6,62,23,26,6.6153846
SUPER_4,31750000,70,4,6,80,33,37,2.6
SUPER_4,31760000,105,5,7,117,48,57,6.1666665
SUPER_4,31770000,100,6,11,117,49,51,3.9411764
SUPER_4,31780000,174,9,14,197,93,81,9.391304
SUPER_4,31790000,145,11,8,164,66,79,7.105263
SUPER_4,31800000,148,15,6,169,74,74,7.285714
SUPER_4,31810000,69,6,12,87,36,33,6.7777777
SUPER_4,31820000,50,1,6,57,25,25,48.57143
SUPER_4,31830000,137,6,14,157,69,68,9.2
SUPER_4,31840000,193,13,10,216,107,86,8.956522
SUPER_4,31850000,62,5,8,75,30,32,19.923077
SUPER_4,31860000,76,3,4,83,38,38,7.428571
SUPER_4,31870000,56,9,3,68,35,21,3
SUPER_4,31880000,27,4,3,34,11,16,7.142857
SUPER_4,31890000,106,5,8,119,54,52,7.3076925
SUPER_4,31900000,131,8,12,151,67,64,3.75
SUPER_4,31910000,38,5,4,47,20,18,3.8888888
SUPER_4,31920000,0,1,0,1,0,0,2
SUPER_4,31930000,5,0,0,5,4,1,NaN
SUPER_4,31940000,1,0,0,1,1,0,NaN
SUPER_4,31950000,1,0,1,2,0,1,2
SUPER_4,31960000,67,9,5,81,29,38,4.714286
SUPER_4,31970000,108,11,9,128,57,51,4.05
SUPER_4,31980000,86,10,6,102,46,40,13.375
SUPER_4,31990000,89,4,9,102,46,43,33.846153
SUPER_4,32000000,48,6,3,57,29,19,12.222222
SUPER_4,32010000,96,10,4,110,61,35,4.928571
SUPER_4,32020000,81,9,4,94,35,46,4.1538463
SUPER_4,32030000,54,6,6,66,22,32,5.25
SUPER_4,32040000,95,5,5,105,45,50,6.1
SUPER_4,32050000,95,4,1,100,53,42,6.4
SUPER_4,32060000,79,4,11,94,43,36,15.933333
SUPER_4,32070000,105,7,7,119,49,56,4.5
SUPER_4,32080000,6,3,0,9,3,3,5.6666665
SUPER_4,32090000,118,8,7,133,49,69,9.533334
SUPER_4,32100000,69,8,5,82,43,26,6
SUPER_4,32110000,137,10,12,159,59,78,25.636364
SUPER_4,32120000,115,14,9,138,52,63,8.826087
SUPER_4,32130000,127,22,6,155,52,75,5.321429
SUPER_4,32140000,97,6,3,106,48,49,6.5555553
SUPER_4,32150000,71,3,5,79,38,33,2.25
SUPER_4,32160000,104,11,8,123,57,47,11.684211
SUPER_4,32170000,109,4,4,117,42,67,3.375
SUPER_4,32180000,83,8,8,99,41,42,5.625
SUPER_4,32190000,144,11,7,162,71,73,4.888889
SUPER_4,32200000,26,1,5,32,14,12,49.333332
SUPER_4,32210000,5,0,0,5,3,2,NaN
SUPER_4,32220000,35,1,2,38,15,20,3.3333333
SUPER_4,32230000,0,0,0,0,0,0,0
SUPER_4,32240000,0,0,0,0,0,0,0
SUPER_4,32250000,110,8,6,124,54,56,4.785714
SUPER_4,32260000,98,7,11,116,53,45,6.9444447
SUPER_4,32270000,151,8,6,165,78,73,12.357142
SUPER_4,32280000,13,1,0,14,5,8,6
SUPER_4,32290000,188,15,8,211,90,98,4.869565
SUPER_4,32300000,15,1,0,16,10,5,17
SUPER_4,32310000,7,1,0,8,4,3,1
SUPER_4,32320000,5,0,0,5,3,2,NaN
SUPER_4,32330000,23,3,3,29,9,14,3.1666667
SUPER_4,32340000,0,0,0,0,0,0,0
SUPER_4,32350000,0,0,0,0,0,0,0
SUPER_4,32360000,40,2,4,46,25,15,6.6666665
SUPER_4,32370000,66,3,8,77,29,37,14.545455
SUPER_4,32380000,66,3,5,74,26,40,9.5
SUPER_4,32390000,54,1,4,59,29,25,9.4
SUPER_4,32400000,79,2,1,82,42,37,3.3333333
SUPER_4,32410000,33,3,4,40,18,15,5.428571
SUPER_4,32420000,67,7,2,76,36,31,2.3333333
SUPER_4,32430000,13,1,1,15,8,5,1.5
SUPER_4,32440000,0,0,0,0,0,0,0
SUPER_4,32450000,0,0,0,0,0,0,0
SUPER_4,32460000,46,3,4,53,22,24,2.7142856
SUPER_4,32470000,0,0,0,0,0,0,0
SUPER_4,32480000,0,0,0,0,0,0,0
SUPER_4,32490000,121,13,7,141,74,47,3.6
SUPER_4,32500000,1,0,0,1,0,1,NaN
SUPER_4,32510000,3,0,1,4,2,1,1
SUPER_4,32520000,3,0,0,3,2,1,NaN
SUPER_4,32530000,170,9,10,189,82,88,5.631579
SUPER_4,32540000,9,0,0,9,5,4,NaN
SUPER_4,32550000,78,3,5,86,42,36,49.375
SUPER_4,32560000,91,7,7,105,44,47,8.428572
SUPER_4,32570000,18,3,3,24,10,8,14.833333
SUPER_4,32580000,102,7,8,117,60,42,6.266667
SUPER_4,32590000,102,6,6,114,49,53,3.75
SUPER_4,32600000,159,17,18,194,79,80,6.6
SUPER_4,32610000,136,11,21,168,72,64,25.5625
SUPER_4,32620000,30,0,6,36,18,12,12.333333
SUPER_4,32630000,4,0,1,5,1,3,1
SUPER_4,32640000,39,1,5,45,21,18,3
SUPER_4,32650000,170,11,8,189,85,85,7.5789475
SUPER_4,32660000,33,1,3,37,11,22,7
SUPER_4,32670000,69,9,2,80,35,34,4
SUPER_4,32680000,4,0,0,4,2,2,NaN
SUPER_4,32690000,97,6,5,108,56,41,10.090909
SUPER_4,32700000,37,1,2,40,19,18,1.3333334
SUPER_4,32710000,114,5,12,131,53,61,7.4117646
SUPER_4,32720000,56,9,6,71,31,25,8.533334
SUPER_4,32730000,5,0,0,5,4,1,NaN
SUPER_4,32740000,3,1,1,5,3,0,22
SUPER_4,32750000,2,1,0,3,0,2,12
SUPER_4,32760000,2,0,0,2,1,1,NaN
SUPER_4,32770000,6,2,1,9,3,3,1
SUPER_4,32780000,43,7,9,59,23,20,13.3125
SUPER_4,32790000,122,13,10,145,59,63,9
SUPER_4,32800000,0,0,0,0,0,0,0
SUPER_4,32810000,0,0,0,0,0,0,0
SUPER_4,32820000,112,11,6,129,57,55,8.882353
SUPER_4,32830000,35,4,1,40,16,19,7.8
SUPER_4,32840000,6,0,0,6,3,3,NaN
SUPER_4,32850000,1,1,2,4,0,1,1.3333334
SUPER_4,32860000,1,0,2,3,1,0,22
SUPER_4,32870000,2,2,1,5,0,2,4
SUPER_4,32880000,1,2,2,5,0,1,3.75
SUPER_4,32890000,44,6,4,54,23,21,8
SUPER_4,32900000,39,6,3,48,18,21,18.444445
SUPER_4,32910000,2,0,1,3,1,1,1
SUPER_4,32920000,5,0,0,5,2,3,NaN
SUPER_4,32930000,6,0,0,6,4,2,NaN
SUPER_4,32940000,0,0,0,0,0,0,0
SUPER_4,32950000,0,0,0,0,0,0,0
SUPER_4,32960000,0,0,0,0,0,0,0
SUPER_4,32970000,0,0,0,0,0,0,0
SUPER_4,32980000,12,0,0,12,6,6,NaN
SUPER_4,32990000,90,4,7,101,51,39,2.5454545
SUPER_4,33000000,0,0,0,0,0,0,0
SUPER_4,33010000,0,0,0,0,0,0,0
SUPER_4,33020000,70,4,4,78,36,34,12
SUPER_4,33030000,72,5,2,79,32,40,4.285714
SUPER_4,33040000,50,2,1,53,26,24,2.3333333
SUPER_4,33050000,155,15,10,180,79,76,18.76
SUPER_4,33060000,97,5,7,109,46,51,3.0833333
SUPER_4,33070000,123,8,12,143,67,56,10.8
SUPER_4,33080000,63,4,4,71,29,34,4.75
SUPER_4,33090000,117,6,12,135,66,51,8
SUPER_4,33100000,66,9,4,79,36,30,11
SUPER_4,33110000,157,8,7,172,77,80,39.4
SUPER_4,33120000,64,3,6,73,39,25,11.111111
SUPER_4,33130000,0,0,0,0,0,0,0
SUPER_4,33140000,0,0,0,0,0,0,0
SUPER_4,33150000,5,0,0,5,4,1,NaN
SUPER_4,33160000,3,0,0,3,1,2,NaN
SUPER_4,33170000,3,0,0,3,1,2,NaN
SUPER_4,33180000,83,4,2,89,54,29,23.666666
SUPER_4,33190000,90,9,5,104,39,51,6.857143
SUPER_4,33200000,114,9,12,135,56,58,5.142857
SUPER_4,33210000,247,17,21,285,134,113,39.763157
SUPER_4,33220000,111,5,11,127,57,54,16.3125
SUPER_4,33230000,2,0,0,2,2,0,NaN
SUPER_4,33240000,52,4,2,58,26,26,7.5
SUPER_4,33250000,220,18,17,255,113,107,5.5142856
SUPER_4,33260000,130,12,9,151,67,63,8.238095
SUPER_4,33270000,86,3,7,96,48,38,5.4
SUPER_4,33280000,182,8,16,206,89,93,22.416666
SUPER_4,33290000,110,6,7,123,58,52,27.846153
SUPER_4,33300000,36,5,10,51,21,15,6.4
SUPER_4,33310000,177,10,18,205,85,92,14.75
SUPER_4,33320000,196,18,10,224,100,96,7.214286
SUPER_4,33330000,114,11,6,131,62,52,7.529412
SUPER_4,33340000,180,16,9,205,89,91,5.48
SUPER_4,33350000,105,9,5,119,55,50,8.642858
SUPER_4,33360000,65,4,4,73,31,34,12.875
SUPER_4,33370000,102,12,10,124,48,54,19.181818
SUPER_4,33380000,106,11,11,128,55,51,6.181818
SUPER_4,33390000,118,19,7,144,64,54,5.730769
SUPER_4,33400000,93,4,8,105,48,45,3.6666667
SUPER_4,33410000,98,6,6,110,56,42,3.8333333
SUPER_4,33420000,91,4,6,101,53,38,14.4
SUPER_4,33430000,126,9,7,142,68,58,6.75
SUPER_4,33440000,207,16,13,236,100,107,16.172413
SUPER_4,33450000,161,8,13,182,91,70,15.428572
SUPER_4,33460000,52,0,5,57,26,26,8.4
SUPER_4,33470000,107,8,7,122,55,52,4.266667
SUPER_4,33480000,49,2,3,54,22,27,7.8
SUPER_4,33490000,64,2,2,68,38,26,1
SUPER_4,33500000,59,3,8,70,34,25,1.7272727
SUPER_4,33510000,12,0,2,14,6,6,2
SUPER_4,33520000,66,4,7,77,41,25,6.2727275
SUPER_4,33530000,85,4,6,95,48,37,23
SUPER_4,33540000,61,5,5,71,33,28,9.3
SUPER_4,33550000,2,1,0,3,1,1,1
SUPER_4,33560000,1,0,0,1,1,0,NaN
SUPER_4,33570000,59,3,2,64,37,22,3
SUPER_4,33580000,157,14,9,180,89,68,3.1304348
SUPER_4,33590000,80,11,3,94,41,39,7.285714
SUPER_4,33600000,99,4,4,107,45,54,1.75
SUPER_4,33610000,74,3,7,84,40,34,9
SUPER_4,33620000,113,11,15,139,55,58,5.6153846
SUPER_4,33630000,118,6,15,139,67,51,8.857142
SUPER_4,33640000,133,12,12,157,60,73,4.625
SUPER_4,33650000,59,4,5,68,25,34,10.111111
SUPER_4,33660000,71,8,2,81,35,36,8.9
SUPER_4,33670000,117,14,6,137,58,59,6.3
SUPER_4,33680000,0,0,0,0,0,0,0
SUPER_4,33690000,0,0,0,0,0,0,0
SUPER_4,33700000,106,12,13,131,59,47,10.64
SUPER_4,33710000,135,9,11,155,63,72,3.75
SUPER_4,33720000,81,7,6,94,38,43,6.1538463
SUPER_4,33730000,62,4,10,76,25,37,18.428572
SUPER_4,33740000,133,6,10,149,74,59,4.3125
SUPER_4,33750000,122,6,3,131,66,56,36.666668
SUPER_4,33760000,160,10,21,191,75,85,5.677419
SUPER_4,33770000,23,1,1,25,11,12,3
SUPER_4,33780000,155,4,7,166,75,80,9.727273
SUPER_4,33790000,111,4,11,126,53,58,6.6
SUPER_4,33800000,66,7,1,74,24,42,4
SUPER_4,33810000,3,0,0,3,2,1,NaN
SUPER_4,33820000,1,1,0,2,0,1,4
SUPER_4,33830000,23,0,3,26,11,12,16
SUPER_4,33840000,42,4,5,51,23,19,2.2222223
SUPER_4,33850000,72,5,8,85,36,36,5.3076925
SUPER_4,33860000,87,15,16,118,40,47,5.83871
SUPER_4,33870000,1,1,2,4,1,0,6.6666665
SUPER_4,33880000,11,2,0,13,5,6,1
SUPER_4,33890000,41,0,2,43,25,16,2
SUPER_4,33900000,229,11,14,254,121,108,13.32
SUPER_4,33910000,103,7,9,119,53,50,4.875
SUPER_4,33920000,142,11,17,170,73,69,15.392858
SUPER_4,33930000,89,12,9,110,36,53,9.619047
SUPER_4,33940000,100,3,4,107,55,45,30.571428
SUPER_4,33950000,117,6,8,131,66,51,6.785714
SUPER_4,33960000,38,6,3,47,22,16,10.888889
SUPER_4,33970000,129,13,11,153,73,56,7.0833335
SUPER_4,33980000,130,12,7,149,77,53,13.157895
SUPER_4,33990000,35,1,2,38,17,18,3.3333333
SUPER_4,34000000,9,1,1,11,5,4,28
SUPER_4,34010000,137,12,4,153,63,74,4.9375
SUPER_4,34020000,109,13,18,140,45,64,14.741936
SUPER_4,34030000,84,7,7,98,41,43,7.357143
SUPER_4,34040000,73,4,5,82,28,45,3
SUPER_4,34050000,167,9,10,186,97,70,4.736842
SUPER_4,34060000,32,1,4,37,21,11,2.2
SUPER_4,34070000,3,1,0,4,1,2,2
SUPER_4,34080000,2,0,0,2,0,2,NaN
SUPER_4,34090000,3,0,1,4,3,0,255
SUPER_4,34100000,1,0,0,1,1,0,NaN
SUPER_4,34110000,18,2,2,22,10,8,2.75
SUPER_4,34120000,48,7,5,60,24,24,6.25
SUPER_4,34130000,2,0,0,2,1,1,NaN
SUPER_4,34140000,0,0,1,1,0,0,14
SUPER_4,34150000,1,0,0,1,0,1,NaN
SUPER_4,34160000,5,1,0,6,1,4,16
SUPER_4,34170000,58,5,6,69,33,25,8.363636
SUPER_4,34180000,130,10,11,151,70,60,17.952381
SUPER_4,34190000,84,7,13,104,40,44,6.6
SUPER_4,34200000,65,2,6,73,28,37,29.375
SUPER_4,34210000,0,0,0,0,0,0,0
SUPER_4,34220000,0,0,0,0,0,0,0
SUPER_4,34230000,0,0,0,0,0,0,0
SUPER_4,34240000,28,4,5,37,13,15,2.7777777
SUPER_4,34250000,85,5,11,101,48,37,6.5
SUPER_4,34260000,89,9,11,109,42,47,8.45
SUPER_4,34270000,86,12,17,115,37,49,5.7586207
SUPER_4,34280000,100,7,5,112,47,53,5
SUPER_4,34290000,94,6,7,107,36,58,3.6923077
SUPER_4,34300000,23,2,2,27,11,12,5
SUPER_4,34310000,141,9,14,164,69,72,14.521739
SUPER_4,34320000,59,4,1,64,26,33,6.8
SUPER_4,34330000,69,5,9,83,37,32,8
SUPER_4,34340000,45,9,3,57,15,30,3.5833333
SUPER_4,34350000,68,4,6,78,30,38,5.6
SUPER_4,34360000,89,5,8,102,39,50,5.6153846
SUPER_4,34370000,157,9,15,181,72,85,12.5
SUPER_4,34380000,28,1,0,29,16,12,5
SUPER_4,34390000,2,2,1,5,0,2,1.3333334
SUPER_4,34400000,103,9,3,115,49,54,3.25
SUPER_4,34410000,10,1,1,12,5,5,2
SUPER_4,34420000,0,1,0,1,0,0,1
SUPER_4,34430000,2,1,0,3,1,1,1
SUPER_4,34440000,0,1,1,2,0,0,9
SUPER_4,34450000,0,1,0,1,0,0,1
SUPER_4,34460000,21,2,3,26,9,12,3.6
SUPER_4,34470000,2,0,1,3,2,0,1
SUPER_4,34480000,7,0,0,7,4,3,NaN
SUPER_4,34490000,46,3,1,50,30,16,2
SUPER_4,34500000,56,5,4,65,30,26,3.4444444
SUPER_4,34510000,67,5,4,76,36,31,11.444445
SUPER_4,34520000,116,12,8,136,59,57,28.9
SUPER_4,34530000,117,9,5,131,63,54,38.07143
SUPER_4,34540000,67,7,6,80,34,33,5.8461537
SUPER_4,34550000,72,1,2,75,37,35,76.333336
SUPER_4,34560000,0,0,0,0,0,0,0
SUPER_4,34570000,0,0,0,0,0,0,0
SUPER_4,34580000,159,7,12,178,87,72,6.368421
SUPER_4,34590000,69,6,3,78,42,27,4.4444447
SUPER_4,34600000,76,7,7,90,41,35,9.285714
SUPER_4,34610000,4,0,0,4,1,3,NaN
SUPER_4,34620000,61,6,6,73,30,31,3.75
SUPER_4,34630000,148,9,4,161,80,68,7.6153846
SUPER_4,34640000,31,2,1,34,20,11,3
SUPER_4,34650000,63,5,6,74,33,30,3.6363637
SUPER_4,34660000,99,5,4,108,48,51,4.6666665
SUPER_4,34670000,130,14,14,158,62,68,9.464286
SUPER_4,34680000,69,5,4,78,32,37,7.2222223
SUPER_4,34690000,121,10,9,140,56,65,6.3157897
SUPER_4,34700000,11,1,2,14,7,4,6
SUPER_4,34710000,106,8,16,130,47,59,4.7916665
SUPER_4,34720000,143,7,4,154,76,67,8.909091
SUPER_4,34730000,102,11,3,116,48,54,12.142858
SUPER_4,34740000,69,3,11,83,37,32,6.785714
SUPER_4,34750000,114,4,9,127,58,56,6.6153846
SUPER_4,34760000,105,7,8,120,57,48,6.4666667
SUPER_4,34770000,95,7,4,106,55,40,16.727272
SUPER_4,34780000,199,6,14,219,116,83,5.95
SUPER_4,34790000,125,12,10,147,65,60,5.181818
SUPER_4,34800000,146,7,16,169,77,69,24
SUPER_4,34810000,148,19,15,182,67,81,12.264706
SUPER_4,34820000,122,6,13,141,59,63,4.9473686
SUPER_4,34830000,27,1,2,30,17,10,2.6666667
SUPER_4,34840000,39,1,4,44,23,16,5.6
SUPER_4,34850000,131,10,10,151,66,65,2.55
SUPER_4,34860000,78,6,3,87,40,38,11.777778
SUPER_4,34870000,149,11,11,171,86,63,8.863636
SUPER_4,34880000,85,3,9,97,42,43,5.25
SUPER_4,34890000,28,3,0,31,16,12,2.6666667
SUPER_4,34900000,39,5,2,46,22,17,1.8571428
SUPER_4,34910000,109,6,7,122,54,55,2.9230769
SUPER_4,34920000,126,8,10,144,63,63,5.2222223
SUPER_4,34930000,124,7,10,141,58,66,8.882353
SUPER_4,34940000,134,5,10,149,65,69,9.466666
SUPER_4,34950000,155,9,16,180,69,86,9.36
SUPER_4,34960000,64,5,5,74,38,26,7.7
SUPER_4,34970000,78,7,1,86,35,43,7
SUPER_4,34980000,117,5,6,128,58,59,3.6363637
SUPER_4,34990000,70,6,4,80,34,36,23.9
SUPER_4,35000000,121,9,11,141,56,65,9.95
SUPER_4,35010000,15,2,0,17,8,7,3
SUPER_4,35020000,171,14,14,199,85,86,12.892858
SUPER_4,35030000,74,5,15,94,40,34,3.45
SUPER_4,35040000,10,3,0,13,4,6,1.3333334
SUPER_4,35050000,10,1,2,13,5,5,4.3333335
SUPER_4,35060000,119,9,17,145,55,64,9
SUPER_4,35070000,31,3,2,36,18,13,5
SUPER_4,35080000,39,2,4,45,14,25,15.833333
SUPER_4,35090000,138,11,10,159,79,59,7.428571
SUPER_4,35100000,81,6,7,94,42,39,8.538462
SUPER_4,35110000,40,3,3,46,24,16,8.166667
SUPER_4,35120000,159,11,19,189,80,79,19.5
SUPER_4,35130000,69,10,6,85,33,36,24.6875
SUPER_4,35140000,34,4,2,40,18,16,2.3333333
SUPER_4,35150000,116,6,10,132,66,50,9.1875
SUPER_4,35160000,81,3,6,90,38,43,1.4444444
SUPER_4,35170000,90,4,13,107,51,39,6.117647
SUPER_4,35180000,101,8,11,120,59,42,27.631578
SUPER_4,35190000,124,7,10,141,62,62,9.058824
SUPER_4,35200000,56,4,5,65,27,29,6.6666665
SUPER_4,35210000,127,7,8,142,74,53,31.6
SUPER_4,35220000,108,6,14,128,56,52,4.4
SUPER_4,35230000,2,0,0,2,1,1,NaN
SUPER_4,35240000,113,8,13,134,63,50,10.095238
SUPER_4,35250000,159,14,7,180,83,76,6.6190476
SUPER_4,35260000,130,5,10,145,70,60,3.8
SUPER_4,35270000,175,9,9,193,94,81,9.111111
SUPER_4,35280000,130,6,8,144,62,68,7.857143
SUPER_4,35290000,153,8,3,164,90,63,7.6363635
SUPER_4,35300000,154,13,7,174,83,71,10.25
SUPER_4,35310000,42,1,0,43,21,21,1
SUPER_4,35320000,8,0,0,8,2,6,NaN
SUPER_4,35330000,123,11,8,142,64,59,7.9473686
SUPER_4,35340000,47,2,2,51,26,21,3
SUPER_4,35350000,5,0,0,5,3,2,NaN
SUPER_4,35360000,3,0,0,3,3,0,NaN
SUPER_4,35370000,1,2,0,3,1,0,25
SUPER_4,35380000,6,0,1,7,2,4,2
SUPER_4,35390000,3,0,0,3,1,2,NaN
SUPER_4,35400000,1,0,0,1,0,1,NaN
SUPER_4,35410000,31,3,1,35,14,17,1.75
SUPER_4,35420000,108,9,6,123,47,61,17.866667
SUPER_4,35430000,18,1,0,19,12,6,3
SUPER_4,35440000,6,1,1,8,6,0,1.5
SUPER_4,35450000,103,5,7,115,53,50,4.4166665
SUPER_4,35460000,38,1,2,41,25,13,9.666667
SUPER_4,35470000,130,8,16,154,72,58,7.75
SUPER_4,35480000,92,5,10,107,51,41,44.933334
SUPER_4,35490000,121,6,10,137,59,62,4.75
SUPER_4,35500000,118,6,8,132,56,62,5.571429
SUPER_4,35510000,125,8,8,141,54,71,3.3125
SUPER_4,35520000,189,12,12,213,95,94,11.583333
SUPER_4,35530000,133,11,7,151,81,52,5.8333335
SUPER_4,35540000,61,7,2,70,36,25,2.6666667
SUPER_4,35550000,106,7,10,123,59,47,6.2352943
SUPER_4,35560000,142,7,15,164,77,65,9.136364
SUPER_4,35570000,82,6,5,93,41,41,7.818182
SUPER_4,35580000,87,10,3,100,48,39,24.76923
SUPER_4,35590000,50,10,2,62,25,25,4.25
SUPER_4,35600000,50,2,1,53,20,30,15.333333
SUPER_4,35610000,24,2,6,32,14,10,31.5
SUPER_4,35620000,98,10,7,115,48,50,25.764706
SUPER_4,35630000,11,1,0,12,6,5,14
SUPER_4,35640000,1,0,1,2,1,0,1
SUPER_4,35650000,53,5,6,64,34,19,4.818182
SUPER_4,35660000,137,10,5,152,70,67,4.866667
SUPER_4,35670000,20,1,3,24,8,12,12.75
SUPER_4,35680000,69,4,3,76,33,36,1.2857143
SUPER_4,35690000,124,8,7,139,66,58,9.6
SUPER_4,35700000,42,4,1,47,24,18,12.2
SUPER_4,35710000,162,11,9,182,87,75,6.7
SUPER_4,35720000,71,7,4,82,33,38,6.4545455
SUPER_4,35730000,0,0,0,0,0,0,0
SUPER_4,35740000,0,0,0,0,0,0,0
SUPER_4,35750000,48,4,4,56,28,20,1.75
SUPER_4,35760000,0,0,0,0,0,0,0
SUPER_4,35770000,0,0,0,0,0,0,0
SUPER_4,35780000,0,0,0,0,0,0,0
SUPER_4,35790000,73,2,6,81,39,34,2.375
SUPER_4,35800000,52,4,4,60,18,34,5.375
SUPER_4,35810000,95,12,6,113,46,49,6.2222223
SUPER_4,35820000,16,3,5,24,7,9,5.125
SUPER_4,35830000,3,0,2,5,1,2,13
SUPER_4,35840000,1,0,0,1,1,0,NaN
SUPER_4,35850000,2,1,0,3,1,1,11
SUPER_4,35860000,2,0,0,2,2,0,NaN
SUPER_4,35870000,69,8,6,83,31,38,6
SUPER_4,35880000,76,5,5,86,43,33,12.1
SUPER_4,35890000,60,5,7,72,26,34,24.75
SUPER_4,35900000,133,13,7,153,64,69,33.9
SUPER_4,35910000,161,14,18,193,88,73,27.8125
SUPER_4,35920000,81,4,7,92,47,34,2.6363637
SUPER_4,35930000,6,0,0,6,1,5,NaN
SUPER_4,35940000,94,4,5,103,47,47,4.6666665
SUPER_4,35950000,12,1,0,13,8,4,4
SUPER_4,35960000,37,3,1,41,18,19,8.75
SUPER_4,35970000,104,9,8,121,54,50,10.588235
SUPER_4,35980000,83,8,8,99,40,43,7.0625
SUPER_4,35990000,135,6,8,149,67,68,3.7857144
SUPER_4,36000000,38,9,9,56,13,25,4.7777777
SUPER_4,36010000,74,4,5,83,46,28,5.4444447
SUPER_4,36020000,29,2,3,34,18,11,2.4
SUPER_4,36030000,57,4,4,65,36,21,21.875
SUPER_4,36040000,2,0,1,3,2,0,1
SUPER_4,36050000,118,5,10,133,64,54,21.066668
SUPER_4,36060000,54,3,5,62,35,19,35.25
SUPER_4,36070000,178,7,13,198,99,79,8.3
SUPER_4,36080000,140,11,7,158,85,55,9.222222
SUPER_4,36090000,102,7,7,116,46,56,4.142857
SUPER_4,36100000,105,3,7,115,51,54,4.1
SUPER_4,36110000,19,1,2,22,9,10,1
SUPER_4,36120000,16,0,1,17,9,7,79
SUPER_4,36130000,130,8,11,149,67,63,16.368422
SUPER_4,36140000,99,6,7,112,57,42,1.5384616
SUPER_4,36150000,48,5,4,57,26,22,2.7777777
SUPER_4,36160000,143,13,11,167,76,67,7.7083335
SUPER_4,36170000,113,6,8,127,57,56,3.7857144
SUPER_4,36180000,14,2,0,16,9,5,1
SUPER_4,36190000,5,1,1,7,1,4,2
SUPER_4,36200000,15,1,0,16,9,6,1
SUPER_4,36210000,0,0,0,0,0,0,0
SUPER_4,36220000,0,0,0,0,0,0,0
SUPER_4,36230000,0,0,0,0,0,0,0
SUPER_4,36240000,0,0,0,0,0,0,0
SUPER_4,36250000,262,15,15,292,140,122,5.266667
SUPER_4,36260000,130,10,5,145,68,62,7.2
SUPER_4,36270000,48,5,2,55,16,32,8.142858
SUPER_4,36280000,85,3,5,93,52,33,10.5
SUPER_4,36290000,57,6,2,65,33,24,6.5
SUPER_4,36300000,195,7,12,214,112,83,3.1052632
SUPER_4,36310000,0,1,0,1,0,0,1
SUPER_4,36320000,66,3,2,71,34,32,4
SUPER_4,36330000,83,4,7,94,52,31,9.909091
SUPER_4,36340000,109,10,6,125,53,56,5.9375
SUPER_4,36350000,167,7,13,187,83,84,5.3
SUPER_4,36360000,141,7,6,154,81,60,5.923077
SUPER_4,36370000,141,5,8,154,67,74,6.4615383
SUPER_4,36380000,69,5,1,75,41,28,9
SUPER_4,36390000,49,0,4,53,25,24,7.5
SUPER_4,36400000,149,10,11,170,78,71,5.5238094
SUPER_4,36410000,151,12,19,182,76,75,9.096774
SUPER_4,36420000,201,12,14,227,101,100,16.692308
SUPER_4,36430000,139,8,12,159,76,63,5
SUPER_4,36440000,164,7,6,177,90,74,3.7692308
SUPER_4,36450000,77,6,7,90,47,30,6.5384617
SUPER_4,36460000,1,0,0,1,1,0,NaN
SUPER_4,36470000,27,4,1,32,15,12,3
SUPER_4,36480000,48,6,1,55,25,23,3.857143
SUPER_4,36490000,3,0,2,5,1,2,18.5
SUPER_4,36500000,3,0,0,3,2,1,NaN
SUPER_4,36510000,4,0,0,4,3,1,NaN
SUPER_4,36520000,1,0,0,1,1,0,NaN
SUPER_4,36530000,79,3,4,86,50,29,3.4285715
SUPER_4,36540000,155,6,10,171,77,78,6.5
SUPER_4,36550000,68,4,3,75,38,30,3.142857
SUPER_4,36560000,115,11,8,134,50,65,6.2105265
SUPER_4,36570000,133,11,7,151,68,65,18
SUPER_4,36580000,147,11,8,166,97,50,8.789474
SUPER_4,36590000,44,3,1,48,22,22,13
SUPER_4,36600000,45,3,3,51,24,21,8.166667
SUPER_4,36610000,63,4,4,71,36,27,6.25
SUPER_4,36620000,60,11,4,75,36,24,4.0666666
SUPER_4,36630000,30,0,2,32,16,14,9
SUPER_4,36640000,251,10,16,277,151,100,9.269231
SUPER_4,36650000,89,1,6,96,51,38,11.714286
SUPER_4,36660000,88,7,9,104,41,47,3.9375
SUPER_4,36670000,1,0,1,2,0,1,3
SUPER_4,36680000,54,4,5,63,28,26,2.4444444
SUPER_4,36690000,9,0,2,11,4,5,1
SUPER_4,36700000,0,0,0,0,0,0,0
SUPER_4,36710000,0,0,0,0,0,0,0
SUPER_4,36720000,96,6,3,105,42,54,3.4444444
SUPER_4,36730000,26,1,2,29,13,13,7.6666665
SUPER_4,36740000,7,2,1,10,4,3,11
SUPER_4,36750000,69,3,6,78,35,34,4.5555553
SUPER_4,36760000,1,0,0,1,1,0,NaN
SUPER_4,36770000,104,8,5,117,52,52,3.8461537
SUPER_4,36780000,117,4,6,127,69,48,5.2
SUPER_4,36790000,48,3,1,52,21,27,1.5
SUPER_4,36800000,34,3,3,40,18,16,9.666667
SUPER_4,36810000,51,4,5,60,25,26,4.7777777
SUPER_4,36820000,205,15,13,233,117,88,46.857143
SUPER_4,36830000,150,9,12,171,88,62,5.428571
SUPER_4,36840000,123,12,6,141,72,51,24.222221
SUPER_4,36850000,139,13,10,162,78,61,7.652174
SUPER_4,36860000,16,1,2,19,9,7,16.666666
SUPER_4,36870000,43,0,1,44,21,22,24
SUPER_4,36880000,193,15,19,227,105,88,4.470588
SUPER_4,36890000,0,0,0,0,0,0,0
SUPER_4,36900000,0,0,0,0,0,0,0
SUPER_4,36910000,0,0,0,0,0,0,0
SUPER_4,36920000,50,2,3,55,32,18,7.8
SUPER_4,36930000,112,3,11,126,55,57,3.5714285
SUPER_4,36940000,87,5,5,97,46,41,7.5
SUPER_4,36950000,98,3,10,111,51,47,6.3846154
SUPER_4,36960000,119,13,9,141,65,54,5.2727275
SUPER_4,36970000,66,3,4,73,32,34,3.4285715
SUPER_4,36980000,143,11,14,168,78,65,6.12
SUPER_4,36990000,138,5,9,152,70,68,5.285714
SUPER_4,37000000,102,4,7,113,55,47,46.363636
SUPER_4,37010000,43,3,4,50,24,19,4.571429
SUPER_4,37020000,57,8,2,67,31,26,9.6
SUPER_4,37030000,109,6,8,123,63,46,5.571429
SUPER_4,37040000,145,7,11,163,77,68,5.7777777
SUPER_4,37050000,53,6,4,63,34,19,25.1
SUPER_4,37060000,40,2,3,45,19,21,2.6
SUPER_4,37070000,38,7,0,45,21,17,5.428571
SUPER_4,37080000,46,1,3,50,21,25,10.75
SUPER_4,37090000,60,5,9,74,31,29,7.785714
SUPER_4,37100000,77,7,6,90,41,36,7.3846154
SUPER_4,37110000,53,7,2,62,31,22,5
SUPER_4,37120000,52,2,2,56,26,26,4.75
SUPER_4,37130000,150,8,7,165,87,63,8.666667
SUPER_4,37140000,157,10,9,176,81,76,20.68421
SUPER_4,37150000,0,0,0,0,0,0,0
SUPER_4,37160000,0,0,0,0,0,0,0
SUPER_4,37170000,305,15,17,337,161,144,8
SUPER_4,37180000,164,7,17,188,85,79,32.375
SUPER_4,37190000,86,4,8,98,37,49,14.166667
SUPER_4,37200000,0,0,0,0,0,0,0
SUPER_4,37210000,0,0,0,0,0,0,0
SUPER_4,37220000,148,7,8,163,73,75,11.8
SUPER_4,37230000,24,3,6,33,12,12,2.6666667
SUPER_4,37240000,6,1,1,8,4,2,6.5
SUPER_4,37250000,11,1,1,13,5,6,1
SUPER_4,37260000,4,0,1,5,3,1,17
SUPER_4,37270000,1,0,1,2,1,0,6
SUPER_4,37280000,5,0,0,5,1,4,NaN
SUPER_4,37290000,55,3,2,60,33,22,6.8
SUPER_4,37300000,45,2,3,50,25,20,4
SUPER_4,37310000,24,4,6,34,17,7,9.5
SUPER_4,37320000,89,8,6,103,36,53,7.357143
SUPER_4,37330000,173,8,16,197,87,86,9.375
SUPER_4,37340000,199,8,12,219,111,88,8.25
SUPER_4,37350000,189,11,10,210,107,82,16.285715
SUPER_4,37360000,108,8,11,127,62,46,3.7368422
SUPER_4,37370000,164,12,14,190,95,69,34.346153
SUPER_4,37380000,86,6,10,102,41,45,8.625
SUPER_4,37390000,139,8,17,164,59,80,6
SUPER_4,37400000,88,3,5,96,54,34,7.125
SUPER_4,37410000,67,4,4,75,34,33,3.25
SUPER_4,37420000,5,0,0,5,3,2,NaN
SUPER_4,37430000,71,2,6,79,32,39,5.25
SUPER_4,37440000,191,12,10,213,94,97,20.318182
SUPER_4,37450000,69,4,4,77,41,28,6.25
SUPER_4,37460000,2,0,0,2,2,0,NaN
SUPER_4,37470000,73,7,10,90,37,36,15
SUPER_4,37480000,1,0,0,1,0,1,NaN
SUPER_4,37490000,1,0,0,1,1,0,NaN
SUPER_4,37500000,2,1,1,4,0,2,8
SUPER_4,37510000,2,0,1,3,1,1,1
SUPER_4,37520000,1,0,0,1,0,1,NaN
SUPER_4,37530000,3,0,2,5,0,3,5.5
SUPER_4,37540000,3,0,0,3,2,1,NaN
SUPER_4,37550000,9,1,1,11,4,5,5.5
SUPER_4,37560000,150,13,9,172,85,65,7.2727275
SUPER_4,37570000,60,1,10,71,27,33,4.2727275
SUPER_4,37580000,23,1,1,25,15,8,12.5
SUPER_4,37590000,42,8,2,52,21,21,10.5
SUPER_4,37600000,168,5,15,188,83,85,6.85
SUPER_4,37610000,5,1,0,6,2,3,1
SUPER_4,37620000,169,9,13,191,90,79,8.636364
SUPER_4,37630000,218,8,19,245,107,111,9.37037
SUPER_4,37640000,141,15,15,171,64,77,9.3
SUPER_4,37650000,213,14,17,244,110,103,8.16129
SUPER_4,37660000,31,2,1,34,13,18,8
SUPER_4,37670000,102,3,8,113,54,48,4.2727275
SUPER_4,37680000,0,0,0,0,0,0,0
SUPER_4,37690000,0,0,0,0,0,0,0
SUPER_4,37700000,0,0,0,0,0,0,0
SUPER_4,37710000,99,3,4,106,53,46,1
SUPER_4,37720000,96,9,5,110,55,41,10.857142
SUPER_4,37730000,109,10,12,131,39,70,33.590908
SUPER_4,37740000,28,2,1,31,12,16,8
SUPER_4,37750000,111,13,4,128,68,43,20.529411
SUPER_4,37760000,105,8,5,118,55,50,7.923077
SUPER_4,37770000,91,7,5,103,44,47,6
SUPER_4,37780000,38,4,3,45,20,18,2
SUPER_4,37790000,52,4,2,58,28,24,7.3333335
SUPER_4,37800000,164,9,13,186,94,70,17.636364
SUPER_4,37810000,108,8,1,117,42,66,3.3333333
SUPER_4,37820000,9,2,1,12,7,2,1
SUPER_4,37830000,6,1,0,7,3,3,1
SUPER_4,37840000,5,2,2,9,1,4,16
SUPER_4,37850000,0,0,0,0,0,0,0
SUPER_4,37860000,0,0,0,0,0,0,0
SUPER_4,37870000,15,1,1,17,11,4,2.5
SUPER_4,37880000,4,0,0,4,2,2,NaN
SUPER_4,37890000,4,0,0,4,2,2,NaN
SUPER_4,37900000,28,2,0,30,13,15,23
SUPER_4,37910000,3,0,0,3,1,2,NaN
SUPER_4,37920000,0,0,0,0,0,0,0
SUPER_4,37930000,0,0,0,0,0,0,0
SUPER_4,37940000,113,4,11,128,60,53,13.666667
SUPER_4,37950000,109,8,5,122,62,47,4.769231
SUPER_4,37960000,83,10,5,98,43,40,3.4
SUPER_4,37970000,44,2,4,50,28,16,4
SUPER_4,37980000,18,3,2,23,8,10,38.8
SUPER_4,37990000,22,0,2,24,13,9,3.5
SUPER_4,38000000,15,1,2,18,12,3,1
SUPER_4,38010000,29,2,2,33,19,10,13.5
SUPER_4,38020000,66,9,11,86,32,34,4.6
SUPER_4,38030000,121,9,9,139,60,61,4.111111
SUPER_4,38040000,0,0,0,0,0,0,0
SUPER_4,38050000,0,0,0,0,0,0,0
SUPER_4,38060000,0,0,0,0,0,0,0
SUPER_4,38070000,77,4,4,85,39,38,4.125
SUPER_4,38080000,0,0,0,0,0,0,0
SUPER_4,38090000,0,0,0,0,0,0,0
SUPER_4,38100000,86,6,7,99,53,33,11.230769
SUPER_4,38110000,72,1,6,79,31,41,12.428572
SUPER_4,38120000,73,5,6,84,42,31,3.7272727
SUPER_4,38130000,126,7,13,146,64,62,26.3
SUPER_4,38140000,205,18,12,235,112,93,4.633333
SUPER_4,38150000,119,14,6,139,57,62,6.05
SUPER_4,38160000,68,4,5,77,35,33,3.2222223
SUPER_4,38170000,84,8,3,95,43,41,5.5454545
SUPER_4,38180000,152,9,11,172,72,80,20.45
SUPER_4,38190000,4,2,0,6,3,1,3.5
SUPER_4,38200000,118,11,7,136,59,59,12
SUPER_4,38210000,114,9,14,137,62,52,3.826087
SUPER_4,38220000,126,6,11,143,65,61,7.352941
SUPER_4,38230000,60,1,3,64,29,31,39.5
SUPER_4,38240000,0,0,0,0,0,0,0
SUPER_4,38250000,0,0,0,0,0,0,0
SUPER_4,38260000,0,0,0,0,0,0,0
SUPER_4,38270000,82,6,2,90,45,37,53
SUPER_4,38280000,46,4,5,55,20,26,11.555555
SUPER_4,38290000,0,0,0,0,0,0,0
SUPER_4,38300000,0,0,0,0,0,0,0
SUPER_4,38310000,179,9,14,202,87,92,4.4347825
SUPER_4,38320000,53,3,2,58,26,27,3.6
SUPER_4,38330000,81,5,3,89,41,40,3.875
SUPER_4,38340000,97,1,5,103,51,46,3.1666667
SUPER_4,38350000,74,5,4,83,38,36,6.111111
SUPER_4,38360000,105,11,5,121,48,57,3.125
SUPER_4,38370000,3,0,0,3,2,1,NaN
SUPER_4,38380000,8,1,0,9,4,4,5
SUPER_4,38390000,42,0,2,44,23,19,24
SUPER_4,38400000,15,0,0,15,8,7,NaN
SUPER_4,38410000,0,0,0,0,0,0,0
SUPER_4,38420000,0,0,0,0,0,0,0
SUPER_4,38430000,0,0,0,0,0,0,0
SUPER_4,38440000,0,0,0,0,0,0,0
SUPER_4,38450000,18,1,0,19,11,7,2
SUPER_4,38460000,0,0,0,0,0,0,0
SUPER_4,38470000,0,0,0,0,0,0,0
SUPER_4,38480000,2,1,0,3,1,1,18
SUPER_4,38490000,4,0,0,4,2,2,NaN
SUPER_4,38500000,11,2,2,15,6,5,2
SUPER_4,38510000,0,0,0,0,0,0,0
SUPER_4,38520000,0,0,0,0,0,0,0
SUPER_4,38530000,2,0,0,2,1,1,NaN
SUPER_4,38540000,3,0,0,3,1,2,NaN
SUPER_4,38550000,2,2,0,4,0,2,2.5
SUPER_4,38560000,1,0,0,1,0,1,NaN
SUPER_4,38570000,41,2,2,45,17,24,3.5
SUPER_4,38580000,48,5,2,55,29,19,4.142857
SUPER_4,38590000,165,2,8,175,84,81,69
SUPER_4,38600000,58,5,3,66,34,24,9.75
SUPER_4,38610000,114,6,5,125,61,53,7.090909
SUPER_4,38620000,144,14,8,166,75,69,6.7272725
SUPER_4,38630000,89,8,3,100,51,38,12.818182
SUPER_4,38640000,51,3,0,54,28,23,3
SUPER_4,38650000,120,13,12,145,63,57,8.84
SUPER_4,38660000,110,10,13,133,61,49,4.521739
SUPER_4,38670000,41,4,6,51,22,19,4.6
SUPER_4,38680000,96,6,8,110,41,55,8.857142
SUPER_4,38690000,12,0,1,13,5,7,3
SUPER_4,38700000,91,15,4,110,52,39,6.9473686
SUPER_4,38710000,83,12,6,101,33,50,5.4444447
SUPER_4,38720000,78,6,4,88,34,44,11.9
SUPER_4,38730000,0,0,0,0,0,0,0
SUPER_4,38740000,0,0,0,0,0,0,0
SUPER_4,38750000,6,0,0,6,4,2,NaN
SUPER_4,38760000,10,0,1,11,5,5,8
SUPER_4,38770000,66,3,6,75,34,32,20.444445
SUPER_4,38780000,79,3,8,90,46,33,23.90909
SUPER_4,38790000,64,1,3,68,36,28,6.5
SUPER_4,38800000,40,3,8,51,18,22,4.909091
SUPER_4,38810000,84,7,5,96,41,43,2.8333333
SUPER_4,38820000,135,10,9,154,78,57,9.842105
SUPER_4,38830000,94,11,9,114,43,51,5.55
SUPER_4,38840000,92,9,8,109,49,43,4.2941175
SUPER_4,38850000,131,10,6,147,71,60,58.375
SUPER_4,38860000,55,4,7,66,29,26,2.1818182
SUPER_4,38870000,65,9,1,75,32,33,5.2
SUPER_4,38880000,3,0,0,3,1,2,NaN
SUPER_4,38890000,65,6,9,80,32,33,8.533334
SUPER_4,38900000,62,5,2,69,31,31,4.571429
SUPER_4,38910000,37,4,3,44,23,14,12.428572
SUPER_4,38920000,26,3,4,33,10,16,7
SUPER_4,38930000,94,5,4,103,53,41,3.3333333
SUPER_4,38940000,153,14,7,174,72,81,23.952381
SUPER_4,38950000,83,8,11,102,45,38,7.631579
SUPER_4,38960000,99,15,10,124,57,42,10.88
SUPER_4,38970000,10,0,0,10,8,2,NaN
SUPER_4,38980000,68,3,3,74,31,37,12.833333
SUPER_4,38990000,56,3,2,61,34,22,3.4
SUPER_4,39000000,66,1,3,70,40,26,12.25
SUPER_4,39010000,78,11,7,96,35,43,25.38889
SUPER_4,39020000,27,4,2,33,14,13,12.166667
SUPER_4,39030000,0,0,0,0,0,0,0
SUPER_4,39040000,0,0,0,0,0,0,0
SUPER_4,39050000,3,2,1,6,0,3,10.333333
SUPER_4,39060000,1,1,0,2,0,1,1
SUPER_4,39070000,0,0,0,0,0,0,0
SUPER_4,39080000,0,0,0,0,0,0,0
SUPER_4,39090000,3,0,0,3,1,2,NaN
SUPER_4,39100000,3,0,0,3,2,1,NaN
SUPER_4,39110000,0,0,0,0,0,0,0
SUPER_4,39120000,0,0,0,0,0,0,0
SUPER_4,39130000,6,0,1,7,1,5,40
SUPER_4,39140000,0,0,1,1,0,0,1
SUPER_4,39150000,10,1,2,13,7,3,22.666666
SUPER_4,39160000,9,3,1,13,4,5,3.5
SUPER_4,39170000,21,0,3,24,11,10,1.3333334
SUPER_4,39180000,3,1,0,4,2,1,8
SUPER_4,39190000,11,2,1,14,8,3,12.333333
SUPER_4,39200000,0,0,0,0,0,0,0
SUPER_4,39210000,0,0,0,0,0,0,0
SUPER_4,39220000,112,18,12,142,56,56,12.9
SUPER_4,39230000,73,5,5,83,32,41,7.6
SUPER_4,39240000,49,6,6,61,19,30,10.916667
SUPER_4,39250000,26,2,2,30,15,11,2.75
SUPER_4,39260000,55,4,3,62,29,26,4
SUPER_4,39270000,46,5,4,55,26,20,13
SUPER_4,39280000,39,4,6,49,19,20,3.8
SUPER_4,39290000,42,5,6,53,18,24,2
SUPER_4,39300000,65,6,6,77,35,30,4.6666665
SUPER_4,39310000,48,1,3,52,24,24,1.75
SUPER_4,39320000,51,4,4,59,23,28,6.5
SUPER_4,39330000,54,5,3,62,25,29,35.875
SUPER_4,39340000,63,3,2,68,36,27,4.4
SUPER_4,39350000,30,1,1,32,16,14,1.5
SUPER_4,39360000,1,0,0,1,1,0,NaN
SUPER_4,39370000,17,0,0,17,10,7,NaN
SUPER_4,39380000,32,2,1,35,20,12,5.3333335
SUPER_4,39390000,62,4,6,72,29,33,4.8
SUPER_4,39400000,62,6,7,75,30,32,10.846154
SUPER_4,39410000,18,1,1,20,7,11,19.5
SUPER_4,39420000,89,7,6,102,46,43,3.9230769
SUPER_4,39430000,86,7,5,98,44,42,6.75
SUPER_4,39440000,66,3,4,73,32,34,3.7142856
SUPER_4,39450000,73,5,6,84,38,35,5.6363635
SUPER_4,39460000,0,0,0,0,0,0,0
SUPER_4,39470000,0,0,0,0,0,0,0
SUPER_4,39480000,69,3,4,76,41,28,4.428571
SUPER_4,39490000,0,0,0,0,0,0,0
SUPER_4,39500000,0,0,0,0,0,0,0
SUPER_4,39510000,43,4,9,56,20,23,3.5384614
SUPER_4,39520000,5,2,0,7,5,0,2.5
SUPER_4,39530000,78,0,0,78,51,27,NaN
SUPER_4,39540000,19,1,0,20,11,8,4
SUPER_4,39550000,2,1,2,5,2,0,2.3333333
SUPER_4,39560000,11,0,1,12,8,3,1
SUPER_4,39570000,44,0,0,44,29,15,NaN
SUPER_4,39580000,11,0,1,12,8,3,2
SUPER_4,39590000,0,0,0,0,0,0,0
SUPER_4,39600000,0,0,0,0,0,0,0
SUPER_4,39610000,8,2,1,11,4,4,3
SUPER_4,39620000,22,2,0,24,16,6,3
SUPER_4,39630000,0,0,0,0,0,0,0
SUPER_4,39640000,0,0,0,0,0,0,0
SUPER_4,39650000,0,0,0,0,0,0,0
SUPER_4,39660000,0,0,0,0,0,0,0
SUPER_5,10000,10,3,6,19,3,7,2.8888888
SUPER_5,20000,2,0,0,2,1,1,NaN
SUPER_5,30000,3,0,0,3,2,1,NaN
SUPER_5,40000,0,0,1,1,0,0,3
SUPER_5,50000,1,0,0,1,0,1,NaN
SUPER_5,60000,1,1,0,2,1,0,10
SUPER_5,70000,2,0,0,2,2,0,NaN
SUPER_5,80000,2,0,1,3,1,1,1
SUPER_5,90000,0,0,0,0,0,0,0
SUPER_5,100000,0,0,0,0,0,0,0
SUPER_5,110000,5,1,1,7,3,2,2
SUPER_5,120000,0,1,0,1,0,0,1
SUPER_5,130000,2,1,1,4,0,2,1.5
SUPER_5,140000,1,0,0,1,0,1,NaN
SUPER_5,150000,1,1,0,2,1,0,8
SUPER_5,160000,0,1,0,1,0,0,3
SUPER_5,170000,3,0,2,5,1,2,26.5
SUPER_5,180000,3,0,0,3,0,3,NaN
SUPER_5,190000,2,1,0,3,1,1,1
SUPER_5,200000,1,0,1,2,0,1,22
SUPER_5,210000,1,0,1,2,0,1,16
SUPER_5,220000,0,0,0,0,0,0,0
SUPER_5,230000,0,0,0,0,0,0,0
SUPER_5,240000,3,0,3,6,0,3,1.6666666
SUPER_5,250000,1,0,0,1,0,1,NaN
SUPER_5,260000,2,0,0,2,2,0,NaN
SUPER_5,270000,2,0,0,2,2,0,NaN
SUPER_5,280000,4,0,0,4,2,2,NaN
SUPER_5,290000,2,0,0,2,2,0,NaN
SUPER_5,300000,3,0,0,3,1,2,NaN
SUPER_5,310000,2,0,0,2,2,0,NaN
SUPER_5,320000,0,1,0,1,0,0,1
SUPER_5,330000,1,1,0,2,0,1,24
SUPER_5,340000,56,3,4,63,28,28,30.285715
SUPER_5,350000,63,6,8,77,29,34,5.428571
SUPER_5,360000,105,5,5,115,61,44,12.6
SUPER_5,370000,55,5,0,60,23,32,5.8
SUPER_5,380000,87,7,6,100,51,36,5.923077
SUPER_5,390000,31,7,2,40,16,15,4.3333335
SUPER_5,400000,92,7,13,112,44,48,7.65
SUPER_5,410000,60,2,3,65,25,35,41.8
SUPER_5,420000,112,8,6,126,60,52,5.285714
SUPER_5,430000,115,6,10,131,56,59,56.0625
SUPER_5,440000,74,2,6,82,37,37,5
SUPER_5,450000,21,3,0,24,11,10,4
SUPER_5,460000,88,1,5,94,49,39,30.666666
SUPER_5,470000,126,6,11,143,73,53,7.7058825
SUPER_5,480000,102,7,12,121,43,59,7.368421
SUPER_5,490000,177,15,8,200,95,82,10.826087
SUPER_5,500000,89,9,4,102,46,43,11.846154
SUPER_5,510000,85,10,7,102,50,35,10.411765
SUPER_5,520000,135,6,10,151,62,73,4.6875
SUPER_5,530000,127,5,10,142,66,61,5.6
SUPER_5,540000,187,9,15,211,92,95,14.958333
SUPER_5,550000,9,2,0,11,5,4,1.5
SUPER_5,560000,11,1,1,13,6,5,17.5
SUPER_5,570000,1,0,1,2,1,0,1
SUPER_5,580000,2,0,0,2,1,1,NaN
SUPER_5,590000,1,1,0,2,1,0,7
SUPER_5,600000,3,0,0,3,0,3,NaN
SUPER_5,610000,2,2,0,4,0,2,1
SUPER_5,620000,1,0,0,1,0,1,NaN
SUPER_5,630000,73,5,2,80,31,42,16.285715
SUPER_5,640000,111,6,5,122,57,54,4.6363635
SUPER_5,650000,88,6,5,99,56,32,17
SUPER_5,660000,175,10,14,199,81,94,32.75
SUPER_5,670000,197,18,9,224,97,100,5.6666665
SUPER_5,680000,76,7,11,94,42,34,15.222222
SUPER_5,690000,63,4,6,73,37,26,1.9
SUPER_5,700000,64,7,7,78,32,32,5.571429
SUPER_5,710000,82,5,8,95,40,42,2.5384614
SUPER_5,720000,94,8,11,113,43,51,35.842106
SUPER_5,730000,110,6,13,129,56,54,7.5263157
SUPER_5,740000,60,8,6,74,28,32,11.928572
SUPER_5,750000,151,7,8,166,82,69,15.933333
SUPER_5,760000,49,2,6,57,26,23,7.125
SUPER_5,770000,46,6,4,56,19,27,2.8
SUPER_5,780000,25,2,2,29,15,10,4.75
SUPER_5,790000,51,6,5,62,26,25,4.090909
SUPER_5,800000,75,6,3,84,36,39,2.7777777
SUPER_5,810000,105,10,3,118,55,50,12.076923
SUPER_5,820000,155,7,12,174,81,74,16.421053
SUPER_5,830000,116,12,10,138,40,76,12.5
SUPER_5,840000,27,2,5,34,13,14,17.142857
SUPER_5,850000,65,6,4,75,29,36,9.3
SUPER_5,860000,49,5,3,57,23,26,2.875
SUPER_5,870000,72,4,4,80,42,30,10
SUPER_5,880000,70,11,9,90,31,39,3.7
SUPER_5,890000,0,0,0,0,0,0,0
SUPER_5,900000,0,0,0,0,0,0,0
SUPER_5,910000,129,10,8,147,73,56,20.666666
SUPER_5,920000,98,4,3,105,52,46,27
SUPER_5,930000,66,2,1,69,39,27,9.333333
SUPER_5,940000,29,1,3,33,17,12,3
SUPER_5,950000,64,2,3,69,30,34,6.8
SUPER_5,960000,114,10,2,126,55,59,5
SUPER_5,970000,78,6,8,92,38,40,19.642857
SUPER_5,980000,45,7,6,58,19,26,6.6153846
SUPER_5,990000,56,7,2,65,36,20,4.7777777
SUPER_5,1000000,48,3,2,53,19,29,2
SUPER_5,1010000,87,12,6,105,46,41,7.388889
SUPER_5,1020000,113,4,8,125,63,50,3.75
SUPER_5,1030000,195,13,13,221,101,94,7.5
SUPER_5,1040000,254,16,16,286,123,131,7.96875
SUPER_5,1050000,10,0,1,11,5,5,1
SUPER_5,1060000,3,0,0,3,1,2,NaN
SUPER_5,1070000,2,0,0,2,2,0,NaN
SUPER_5,1080000,2,0,0,2,1,1,NaN
SUPER_5,1090000,1,0,0,1,1,0,NaN
SUPER_5,1100000,1,0,0,1,1,0,NaN
SUPER_5,1110000,1,1,0,2,1,0,1
SUPER_5,1120000,1,0,0,1,1,0,NaN
SUPER_5,1130000,2,0,0,2,0,2,NaN
SUPER_5,1140000,0,0,0,0,0,0,0
SUPER_5,1150000,0,0,0,0,0,0,0
SUPER_5,1160000,0,0,0,0,0,0,0
SUPER_5,1170000,0,0,0,0,0,0,0
SUPER_5,1180000,7,0,0,7,2,5,NaN
SUPER_5,1190000,3,0,0,3,2,1,NaN
SUPER_5,1200000,0,0,0,0,0,0,0
SUPER_5,1210000,0,0,0,0,0,0,0
SUPER_5,1220000,42,4,2,48,23,19,9
SUPER_5,1230000,89,6,6,101,50,39,2.6666667
SUPER_5,1240000,132,7,9,148,69,63,8.6875
SUPER_5,1250000,127,9,10,146,60,67,12.894737
SUPER_5,1260000,170,15,7,192,87,83,4.318182
SUPER_5,1270000,92,5,10,107,53,39,6.6666665
SUPER_5,1280000,3,0,1,4,2,1,1
SUPER_5,1290000,2,1,0,3,0,2,19
SUPER_5,1300000,3,1,1,5,2,1,10
SUPER_5,1310000,2,0,1,3,2,0,8
SUPER_5,1320000,103,8,6,117,48,55,5.357143
SUPER_5,1330000,85,7,9,101,49,36,8.5625
SUPER_5,1340000,82,3,8,93,43,39,3.909091
SUPER_5,1350000,111,6,7,124,57,54,12
SUPER_5,1360000,93,9,3,105,45,48,4.5833335
SUPER_5,1370000,101,9,10,120,55,46,15.842105
SUPER_5,1380000,138,14,18,170,66,72,4.25
SUPER_5,1390000,160,12,17,189,80,80,17.241379
SUPER_5,1400000,90,4,7,101,42,48,4.181818
SUPER_5,1410000,173,17,15,205,79,94,3.84375
SUPER_5,1420000,157,14,9,180,86,71,5.173913
SUPER_5,1430000,144,13,15,172,71,73,8.321428
SUPER_5,1440000,59,1,5,65,36,23,2.8333333
SUPER_5,1450000,141,18,13,172,70,71,8.548388
SUPER_5,1460000,106,4,6,116,61,45,15.9
SUPER_5,1470000,57,8,1,66,24,33,6.5555553
SUPER_5,1480000,35,0,1,36,14,21,4
SUPER_5,1490000,99,11,9,119,41,58,5.3
SUPER_5,1500000,63,2,7,72,30,33,4.3333335
SUPER_5,1510000,36,4,2,42,12,24,5
SUPER_5,1520000,0,6,1,7,0,0,1
SUPER_5,1530000,40,0,4,44,15,25,1.25
SUPER_5,1540000,28,4,1,33,12,16,3.8
SUPER_5,1550000,36,3,2,41,11,25,56.8
SUPER_5,1560000,32,5,6,43,16,16,5.7272725
SUPER_5,1570000,119,18,12,149,71,48,7
SUPER_5,1580000,126,9,11,146,71,55,21.9
SUPER_5,1590000,41,5,2,48,22,19,13.571428
SUPER_5,1600000,17,1,2,20,9,8,5.6666665
SUPER_5,1610000,23,4,2,29,11,12,4.3333335
SUPER_5,1620000,72,5,9,86,32,40,6.857143
SUPER_5,1630000,96,11,10,117,43,53,13.285714
SUPER_5,1640000,89,11,10,110,45,44,3.6190476
SUPER_5,1650000,2,0,0,2,1,1,NaN
SUPER_5,1660000,3,1,0,4,1,2,2
SUPER_5,1670000,1,0,0,1,0,1,NaN
SUPER_5,1680000,3,0,0,3,3,0,NaN
SUPER_5,1690000,2,0,0,2,1,1,NaN
SUPER_5,1700000,65,6,12,83,30,35,2.1111112
SUPER_5,1710000,21,3,2,26,10,11,5.4
SUPER_5,1720000,125,6,8,139,68,57,5.071429
SUPER_5,1730000,105,4,6,115,51,54,7.1
SUPER_5,1740000,49,2,2,53,28,21,13.5
SUPER_5,1750000,0,0,0,0,0,0,0
SUPER_5,1760000,0,0,0,0,0,0,0
SUPER_5,1770000,0,0,0,0,0,0,0
SUPER_5,1780000,0,0,0,0,0,0,0
SUPER_5,1790000,0,0,0,0,0,0,0
SUPER_5,1800000,151,12,12,175,73,78,6.0416665
SUPER_5,1810000,55,1,2,58,29,26,5
SUPER_5,1820000,164,13,16,193,75,89,9.724138
SUPER_5,1830000,118,9,5,132,62,56,6.571429
SUPER_5,1840000,0,0,0,0,0,0,0
SUPER_5,1850000,0,0,0,0,0,0,0
SUPER_5,1860000,112,6,11,129,58,54,8.6470585
SUPER_5,1870000,265,11,15,291,126,139,23.192308
SUPER_5,1880000,0,0,0,0,0,0,0
SUPER_5,1890000,0,0,0,0,0,0,0
SUPER_5,1900000,0,0,0,0,0,0,0
SUPER_5,1910000,0,0,0,0,0,0,0
SUPER_5,1920000,0,0,0,0,0,0,0
SUPER_5,1930000,121,12,9,142,62,59,10.809524
SUPER_5,1940000,67,3,2,72,45,22,5.4
SUPER_5,1950000,23,3,2,28,14,9,31.2
SUPER_5,1960000,3,0,0,3,1,2,NaN
SUPER_5,1970000,0,0,0,0,0,0,0
SUPER_5,1980000,0,0,0,0,0,0,0
SUPER_5,1990000,0,0,0,0,0,0,0
SUPER_5,2000000,0,0,0,0,0,0,0
SUPER_5,2010000,0,0,0,0,0,0,0
SUPER_5,2020000,171,10,4,185,89,82,7.571429
SUPER_5,2030000,83,3,7,93,39,44,4
SUPER_5,2040000,148,8,12,168,71,77,6.25
SUPER_5,2050000,30,3,0,33,10,20,1.3333334
SUPER_5,2060000,170,17,15,202,75,95,5.84375
SUPER_5,2070000,132,6,6,144,59,73,5.25
SUPER_5,2080000,187,11,21,219,82,105,6.1875
SUPER_5,2090000,170,12,18,200,95,75,11.066667
SUPER_5,2100000,0,0,0,0,0,0,0
SUPER_5,2110000,0,0,0,0,0,0,0
SUPER_5,2120000,0,0,0,0,0,0,0
SUPER_5,2130000,0,0,0,0,0,0,0
SUPER_5,2140000,77,4,2,83,35,42,8.666667
SUPER_5,2150000,28,4,0,32,16,12,6
SUPER_5,2160000,51,1,1,53,24,27,8
SUPER_5,2170000,3,1,0,4,2,1,1
SUPER_5,2180000,3,0,1,4,2,1,1
SUPER_5,2190000,2,0,0,2,2,0,NaN
SUPER_5,2200000,1,1,1,3,0,1,1
SUPER_5,2210000,4,0,1,5,3,1,1
SUPER_5,2220000,3,1,0,4,2,1,2
SUPER_5,2230000,26,1,0,27,13,13,1
SUPER_5,2240000,2,0,0,2,2,0,NaN
SUPER_5,2250000,0,0,0,0,0,0,0
SUPER_5,2260000,0,0,0,0,0,0,0
SUPER_5,2270000,6,1,0,7,1,5,5
SUPER_5,2280000,33,2,1,36,14,19,1.3333334
SUPER_5,2290000,102,5,5,112,58,44,8.9
SUPER_5,2300000,12,0,1,13,8,4,19
SUPER_5,2310000,0,0,0,0,0,0,0
SUPER_5,2320000,0,0,0,0,0,0,0
SUPER_5,2330000,0,0,0,0,0,0,0
SUPER_5,2340000,0,0,0,0,0,0,0
SUPER_5,2350000,0,0,0,0,0,0,0
SUPER_5,2360000,0,0,0,0,0,0,0
SUPER_5,2370000,0,0,0,0,0,0,0
SUPER_5,2380000,0,0,0,0,0,0,0
SUPER_5,2390000,0,0,0,0,0,0,0
SUPER_5,2400000,0,0,0,0,0,0,0
SUPER_5,2410000,95,8,7,110,48,47,19.2
SUPER_5,2420000,11,2,1,14,4,7,2
SUPER_5,2430000,55,1,2,58,24,31,26
SUPER_5,2440000,26,0,2,28,13,13,2.5
SUPER_5,2450000,63,2,3,68,34,29,12.8
SUPER_5,2460000,104,10,13,127,50,54,9.130435
SUPER_5,2470000,141,5,8,154,74,67,5.3076925
SUPER_5,2480000,211,5,10,226,118,93,6.866667
SUPER_5,2490000,69,5,8,82,29,40,2.5384614
SUPER_5,2500000,172,13,15,200,86,86,4.535714
SUPER_5,2510000,68,3,3,74,37,31,2.3333333
SUPER_5,2520000,45,3,3,51,24,21,7.1666665
SUPER_5,2530000,117,10,9,136,54,63,6.2105265
SUPER_5,2540000,97,3,4,104,50,47,3.2857144
SUPER_5,2550000,159,12,5,176,77,82,5.7647057
SUPER_5,2560000,26,2,3,31,18,8,11.4
SUPER_5,2570000,1,0,1,2,1,0,2
SUPER_5,2580000,6,0,1,7,3,3,8
SUPER_5,2590000,2,1,1,4,1,1,25.5
SUPER_5,2600000,93,7,7,107,46,47,12.928572
SUPER_5,2610000,123,9,12,144,63,60,4.4761906
SUPER_5,2620000,42,9,5,56,23,19,6.285714
SUPER_5,2630000,58,8,2,68,32,26,8.4
SUPER_5,2640000,138,14,15,167,58,80,6.3103447
SUPER_5,2650000,112,16,9,137,57,55,4.12
SUPER_5,2660000,48,0,0,48,30,18,NaN
SUPER_5,2670000,17,3,1,21,8,9,1.75
SUPER_5,2680000,110,10,12,132,64,46,19.727272
SUPER_5,2690000,79,6,5,90,41,38,11.181818
SUPER_5,2700000,155,8,7,170,77,78,9.333333
SUPER_5,2710000,75,5,9,89,39,36,16.428572
SUPER_5,2720000,50,5,4,59,30,20,9.444445
SUPER_5,2730000,67,3,3,73,39,28,3.3333333
SUPER_5,2740000,93,11,4,108,43,50,4.6666665
SUPER_5,2750000,142,8,6,156,74,68,5.928571
SUPER_5,2760000,65,5,5,75,32,33,3.3
SUPER_5,2770000,169,13,14,196,91,78,9
SUPER_5,2780000,325,19,30,374,163,162,8.306123
SUPER_5,2790000,68,3,4,75,36,32,1.7142857
SUPER_5,2800000,158,10,4,172,92,66,6.928571
SUPER_5,2810000,142,16,7,165,71,71,5.304348
SUPER_5,2820000,190,7,9,206,103,87,6.25
SUPER_5,2830000,76,4,1,81,41,35,3.8
SUPER_5,2840000,95,10,4,109,50,45,5.571429
SUPER_5,2850000,112,4,4,120,59,53,4.25
SUPER_5,2860000,5,0,0,5,4,1,NaN
SUPER_5,2870000,96,7,5,108,48,48,22.333334
SUPER_5,2880000,106,3,3,112,54,52,7.3333335
SUPER_5,2890000,55,4,4,63,23,32,8.75
SUPER_5,2900000,111,5,3,119,51,60,8.5
SUPER_5,2910000,135,11,9,155,70,65,13.2
SUPER_5,2920000,130,6,7,143,62,68,10.076923
SUPER_5,2930000,96,10,7,113,50,46,4.9411764
SUPER_5,2940000,105,11,8,124,42,63,6.1578946
SUPER_5,2950000,46,6,7,59,23,23,8.538462
SUPER_5,2960000,0,0,0,0,0,0,0
SUPER_5,2970000,0,0,0,0,0,0,0
SUPER_5,2980000,2,0,1,3,0,2,4
SUPER_5,2990000,3,0,2,5,3,0,2
SUPER_5,3000000,0,0,0,0,0,0,0
SUPER_5,3010000,0,0,0,0,0,0,0
SUPER_5,3020000,3,0,0,3,1,2,NaN
SUPER_5,3030000,31,5,2,38,15,16,5
SUPER_5,3040000,126,11,6,143,77,49,2.3529413
SUPER_5,3050000,68,6,6,80,32,36,6
SUPER_5,3060000,126,6,11,143,64,62,5
SUPER_5,3070000,227,15,17,259,108,119,13.5625
SUPER_5,3080000,90,12,6,108,57,33,4.2222223
SUPER_5,3090000,79,7,5,91,45,34,4.0833335
SUPER_5,3100000,95,8,8,111,44,51,7.0625
SUPER_5,3110000,2,1,1,4,1,1,27
SUPER_5,3120000,2,0,0,2,0,2,NaN
SUPER_5,3130000,1,0,0,1,1,0,NaN
SUPER_5,3140000,8,2,1,11,1,7,31
SUPER_5,3150000,77,3,3,83,39,38,4.5
SUPER_5,3160000,106,6,8,120,54,52,15.785714
SUPER_5,3170000,43,3,4,50,23,20,12.714286
SUPER_5,3180000,102,7,13,122,53,49,15.7
SUPER_5,3190000,138,11,13,162,77,61,4.7083335
SUPER_5,3200000,69,5,5,79,35,34,26.3
SUPER_5,3210000,151,12,13,176,68,83,8.96
SUPER_5,3220000,1,3,0,4,0,1,4
SUPER_5,3230000,6,0,0,6,5,1,NaN
SUPER_5,3240000,120,9,9,138,55,65,16.5
SUPER_5,3250000,2,1,1,4,2,0,1
SUPER_5,3260000,73,5,2,80,40,33,9.857142
SUPER_5,3270000,3,0,1,4,1,2,17
SUPER_5,3280000,161,8,4,173,78,83,5.6666665
SUPER_5,3290000,20,1,2,23,14,6,13.666667
SUPER_5,3300000,119,4,8,131,60,59,3.9166667
SUPER_5,3310000,3,0,1,4,1,2,16
SUPER_5,3320000,0,0,0,0,0,0,0
SUPER_5,3330000,0,0,0,0,0,0,0
SUPER_5,3340000,9,0,2,11,4,5,5
SUPER_5,3350000,0,0,0,0,0,0,0
SUPER_5,3360000,0,0,0,0,0,0,0
SUPER_5,3370000,5,1,3,9,5,0,1.5
SUPER_5,3380000,1,0,0,1,0,1,NaN
SUPER_5,3390000,2,1,0,3,1,1,1
SUPER_5,3400000,122,3,15,140,70,52,7.7777777
SUPER_5,3410000,97,9,4,110,49,48,6.5384617
SUPER_5,3420000,152,9,15,176,81,71,6.7083335
SUPER_5,3430000,0,0,0,0,0,0,0
SUPER_5,3440000,0,0,0,0,0,0,0
SUPER_5,3450000,135,9,9,153,63,72,8.444445
SUPER_5,3460000,210,10,19,239,112,98,8.896552
SUPER_5,3470000,69,1,3,73,43,26,12
SUPER_5,3480000,97,3,3,103,53,44,3.8333333
SUPER_5,3490000,89,5,6,100,46,43,57.18182
SUPER_5,3500000,151,8,12,171,79,72,3
SUPER_5,3510000,43,5,2,50,23,20,4.285714
SUPER_5,3520000,17,3,2,22,8,9,3
SUPER_5,3530000,4,0,0,4,3,1,NaN
SUPER_5,3540000,4,1,1,6,2,2,1
SUPER_5,3550000,4,0,1,5,3,1,1
SUPER_5,3560000,4,0,2,6,1,3,3
SUPER_5,3570000,7,2,3,12,3,4,4
SUPER_5,3580000,51,6,2,59,31,20,1.375
SUPER_5,3590000,109,11,6,126,66,43,5.7058825
SUPER_5,3600000,140,14,10,164,63,77,8.791667
SUPER_5,3610000,105,4,6,115,52,53,6.6
SUPER_5,3620000,96,10,5,111,49,47,3.8666666
SUPER_5,3630000,180,10,16,206,109,71,5.1538463
SUPER_5,3640000,41,3,2,46,25,16,4
SUPER_5,3650000,6,1,0,7,4,2,3
SUPER_5,3660000,45,7,1,53,23,22,3
SUPER_5,3670000,11,1,0,12,2,9,6
SUPER_5,3680000,2,0,0,2,0,2,NaN
SUPER_5,3690000,69,5,4,78,37,32,8.555555
SUPER_5,3700000,42,4,2,48,26,16,17.833334
SUPER_5,3710000,199,10,6,215,115,84,5.6875
SUPER_5,3720000,48,1,5,54,22,26,3.5
SUPER_5,3730000,129,3,10,142,57,72,7
SUPER_5,3740000,131,5,9,145,71,60,7.142857
SUPER_5,3750000,121,9,7,137,76,45,14.375
SUPER_5,3760000,112,8,8,128,50,62,3.125
SUPER_5,3770000,144,10,9,163,71,73,5.368421
SUPER_5,3780000,55,4,2,61,29,26,12.166667
SUPER_5,3790000,81,7,8,96,36,45,4.866667
SUPER_5,3800000,167,9,12,188,86,81,6.952381
SUPER_5,3810000,143,12,5,160,80,63,3.5294118
SUPER_5,3820000,103,3,3,109,57,46,9.833333
SUPER_5,3830000,182,3,8,193,95,87,6.4545455
SUPER_5,3840000,125,9,12,146,55,70,15.761905
SUPER_5,3850000,41,1,3,45,23,18,5
SUPER_5,3860000,4,1,0,5,2,2,1
SUPER_5,3870000,51,4,3,58,26,25,9.142858
SUPER_5,3880000,58,9,7,74,35,23,7.375
SUPER_5,3890000,78,8,5,91,35,43,9.461538
SUPER_5,3900000,26,2,1,29,11,15,4
SUPER_5,3910000,62,1,1,64,33,29,7
SUPER_5,3920000,155,5,9,169,93,62,7.428571
SUPER_5,3930000,164,9,8,181,88,76,4.9411764
SUPER_5,3940000,78,5,8,91,42,36,7.923077
SUPER_5,3950000,70,5,0,75,33,37,4.8
SUPER_5,3960000,59,3,0,62,36,23,3.3333333
SUPER_5,3970000,3,1,1,5,0,3,4
SUPER_5,3980000,1,0,1,2,1,0,2
SUPER_5,3990000,2,3,1,6,0,2,9.25
SUPER_5,4000000,1,0,1,2,0,1,1
SUPER_5,4010000,1,0,0,1,1,0,NaN
SUPER_5,4020000,1,0,0,1,1,0,NaN
SUPER_5,4030000,3,0,0,3,1,2,NaN
SUPER_5,4040000,2,0,0,2,1,1,NaN
SUPER_5,4050000,0,1,0,1,0,0,3
SUPER_5,4060000,122,9,7,138,60,62,30.375
SUPER_5,4070000,203,18,13,234,117,86,5.516129
SUPER_5,4080000,23,1,1,25,11,12,9
SUPER_5,4090000,81,5,6,92,44,37,10.090909
SUPER_5,4100000,71,7,3,81,39,32,5.1
SUPER_5,4110000,0,0,1,1,0,0,7
SUPER_5,4120000,2,1,0,3,1,1,3
SUPER_5,4130000,1,0,0,1,0,1,NaN
SUPER_5,4140000,82,7,7,96,38,44,6.642857
SUPER_5,4150000,122,4,8,134,78,44,5.9166665
SUPER_5,4160000,14,2,0,16,9,5,1
SUPER_5,4170000,63,3,0,66,44,19,4
SUPER_5,4180000,76,2,5,83,47,29,11.857142
SUPER_5,4190000,116,5,7,128,61,55,3.5
SUPER_5,4200000,146,12,18,176,74,72,9.333333
SUPER_5,4210000,0,0,0,0,0,0,0
SUPER_5,4220000,0,0,0,0,0,0,0
SUPER_5,4230000,43,6,4,53,24,19,3.4
SUPER_5,4240000,0,0,0,0,0,0,0
SUPER_5,4250000,0,0,0,0,0,0,0
SUPER_5,4260000,0,0,0,0,0,0,0
SUPER_5,4270000,0,0,0,0,0,0,0
SUPER_5,4280000,0,0,0,0,0,0,0
SUPER_5,4290000,0,0,2,2,0,0,2
SUPER_5,4300000,15,1,6,22,3,12,2.4285715
SUPER_5,4310000,42,5,0,47,27,15,9
SUPER_5,4320000,4,1,1,6,2,2,2
SUPER_5,4330000,2,3,0,5,1,1,2.3333333
SUPER_5,4340000,5,1,0,6,3,2,4
SUPER_5,4350000,5,0,0,5,2,3,NaN
SUPER_5,4360000,8,0,0,8,4,4,NaN
SUPER_5,4370000,6,0,1,7,3,3,1
SUPER_5,4380000,2,0,1,3,2,0,1
SUPER_5,4390000,26,1,0,27,14,12,33
SUPER_5,4400000,159,14,11,184,74,85,5.24
SUPER_5,4410000,65,6,4,75,35,30,7.1
SUPER_5,4420000,2,0,0,2,1,1,NaN
SUPER_5,4430000,82,3,2,87,45,37,12.6
SUPER_5,4440000,54,1,7,62,30,24,5.875
SUPER_5,4450000,12,0,1,13,4,8,8
SUPER_5,4460000,7,1,0,8,5,2,6
SUPER_5,4470000,30,1,3,34,15,15,5.5
SUPER_5,4480000,130,5,13,148,63,67,27
SUPER_5,4490000,39,2,2,43,29,10,3
SUPER_5,4500000,22,1,1,24,10,12,6
SUPER_5,4510000,85,7,2,94,38,47,4
SUPER_5,4520000,133,6,5,144,58,75,5.6363635
SUPER_5,4530000,82,4,3,89,45,37,4.428571
SUPER_5,4540000,112,10,12,134,58,54,16.363636
SUPER_5,4550000,49,3,5,57,27,22,10.75
SUPER_5,4560000,31,4,3,38,19,12,2.2857144
SUPER_5,4570000,77,7,8,92,45,32,6.3333335
SUPER_5,4580000,69,3,2,74,41,28,14.6
SUPER_5,4590000,37,2,3,42,18,19,29
SUPER_5,4600000,24,1,3,28,9,15,105.5
SUPER_5,4610000,72,7,3,82,36,36,6.8
SUPER_5,4620000,104,11,7,122,53,51,11.555555
SUPER_5,4630000,29,5,1,35,10,19,2.3333333
SUPER_5,4640000,0,1,0,1,0,0,1
SUPER_5,4650000,60,6,2,68,31,29,5.75
SUPER_5,4660000,44,3,6,53,17,27,3.5555556
SUPER_5,4670000,129,7,15,151,68,61,9
SUPER_5,4680000,29,3,1,33,12,17,2.5
SUPER_5,4690000,0,0,0,0,0,0,0
SUPER_5,4700000,0,0,0,0,0,0,0
SUPER_5,4710000,53,4,7,64,28,25,6.5454545
SUPER_5,4720000,110,6,8,124,57,53,6.714286
SUPER_5,4730000,7,0,1,8,4,3,1
SUPER_5,4740000,80,5,7,92,44,36,11.5
SUPER_5,4750000,88,4,9,101,48,40,3.2307692
SUPER_5,4760000,13,1,0,14,6,7,1
SUPER_5,4770000,3,0,0,3,2,1,NaN
SUPER_5,4780000,1,0,0,1,1,0,NaN
SUPER_5,4790000,15,1,2,18,9,6,29.666666
SUPER_5,4800000,60,9,6,75,26,34,6.866667
SUPER_5,4810000,118,12,6,136,53,65,21.222221
SUPER_5,4820000,0,0,0,0,0,0,0
SUPER_5,4830000,0,0,0,0,0,0,0
SUPER_5,4840000,0,0,0,0,0,0,0
SUPER_5,4850000,205,9,11,225,93,112,6
SUPER_5,4860000,0,0,0,0,0,0,0
SUPER_5,4870000,0,0,0,0,0,0,0
SUPER_5,4880000,0,0,0,0,0,0,0
SUPER_5,4890000,0,0,0,0,0,0,0
SUPER_5,4900000,0,0,0,0,0,0,0
SUPER_5,4910000,2,0,1,3,1,1,5
SUPER_5,4920000,0,0,0,0,0,0,0
SUPER_5,4930000,0,0,0,0,0,0,0
SUPER_5,4940000,0,0,0,0,0,0,0
SUPER_5,4950000,57,7,5,69,33,24,4.4166665
SUPER_5,4960000,8,1,0,9,4,4,1
SUPER_5,4970000,0,0,0,0,0,0,0
SUPER_5,4980000,0,0,0,0,0,0,0
SUPER_5,4990000,0,0,0,0,0,0,0
SUPER_5,5000000,0,0,0,0,0,0,0
SUPER_5,5010000,74,5,6,85,36,38,24.818182
SUPER_5,5020000,44,1,8,53,17,27,3.8888888
SUPER_5,5030000,44,1,4,49,20,24,3.2
SUPER_5,5040000,0,0,0,0,0,0,0
SUPER_5,5050000,0,0,0,0,0,0,0
SUPER_5,5060000,0,0,0,0,0,0,0
SUPER_5,5070000,0,0,0,0,0,0,0
SUPER_5,5080000,33,3,2,38,21,12,3
SUPER_5,5090000,0,0,0,0,0,0,0
SUPER_5,5100000,0,0,0,0,0,0,0
SUPER_5,5110000,0,0,0,0,0,0,0
SUPER_5,5120000,0,0,0,0,0,0,0
SUPER_5,5130000,0,0,0,0,0,0,0
SUPER_5,5140000,0,0,0,0,0,0,0
SUPER_5,5150000,0,0,0,0,0,0,0
SUPER_5,5160000,0,0,0,0,0,0,0
SUPER_5,5170000,0,0,0,0,0,0,0
SUPER_5,5180000,0,0,0,0,0,0,0
SUPER_5,5190000,0,0,0,0,0,0,0
SUPER_5,5200000,0,0,0,0,0,0,0
SUPER_5,5210000,0,0,0,0,0,0,0
SUPER_5,5220000,0,0,0,0,0,0,0
SUPER_5,5230000,0,0,0,0,0,0,0
SUPER_5,5240000,254,17,21,292,134,120,4.0263157
SUPER_5,5250000,42,5,1,48,20,22,9.666667
SUPER_5,5260000,38,7,2,47,14,24,8.777778
SUPER_5,5270000,5,0,2,7,4,1,1.5
SUPER_5,5280000,1,1,0,2,1,0,16
SUPER_5,5290000,4,0,0,4,2,2,NaN
SUPER_5,5300000,1,0,0,1,1,0,NaN
SUPER_5,5310000,4,0,0,4,1,3,NaN
SUPER_5,5320000,5,1,0,6,4,1,1
SUPER_5,5330000,5,0,0,5,0,5,NaN
SUPER_5,5340000,3,0,0,3,1,2,NaN
SUPER_5,5350000,15,1,0,16,10,5,3
SUPER_5,5360000,211,9,10,230,106,105,4.5263157
SUPER_5,5370000,19,1,1,21,13,6,3
SUPER_5,5380000,116,9,4,129,66,50,9.153846
SUPER_5,5390000,48,6,5,59,29,19,7.4545455
SUPER_5,5400000,33,0,1,34,15,18,1
SUPER_5,5410000,49,6,2,57,20,29,6.25
SUPER_5,5420000,32,2,2,36,13,19,4.25
SUPER_5,5430000,70,2,1,73,37,33,1
SUPER_5,5440000,158,9,15,182,82,76,3.0416667
SUPER_5,5450000,0,0,0,0,0,0,0
SUPER_5,5460000,0,0,0,0,0,0,0
SUPER_5,5470000,86,10,2,98,48,38,1.6666666
SUPER_5,5480000,74,10,10,94,34,40,6.75
SUPER_5,5490000,101,4,7,112,51,50,7.909091
SUPER_5,5500000,141,3,6,150,82,59,14
SUPER_5,5510000,37,7,4,48,21,16,9
SUPER_5,5520000,196,10,11,217,113,83,49.238094
SUPER_5,5530000,26,3,5,34,11,15,5.25
SUPER_5,5540000,37,2,4,43,20,17,5.6666665
SUPER_5,5550000,102,11,9,122,51,51,4.4
SUPER_5,5560000,79,3,8,90,44,35,7.090909
SUPER_5,5570000,35,4,1,40,14,21,12.2
SUPER_5,5580000,0,0,0,0,0,0,0
SUPER_5,5590000,0,0,0,0,0,0,0
SUPER_5,5600000,128,6,3,137,67,61,46.666668
SUPER_5,5610000,92,9,9,110,49,43,17.277779
SUPER_5,5620000,93,7,9,109,53,40,5.375
SUPER_5,5630000,2,0,0,2,1,1,NaN
SUPER_5,5640000,96,7,5,108,49,47,6.25
SUPER_5,5650000,63,3,2,68,34,29,6.6
SUPER_5,5660000,16,2,0,18,10,6,4.5
SUPER_5,5670000,80,6,6,92,36,44,12.75
SUPER_5,5680000,96,5,7,108,56,40,9.666667
SUPER_5,5690000,17,1,3,21,7,10,21.25
SUPER_5,5700000,3,0,1,4,2,1,14
SUPER_5,5710000,122,10,6,138,67,55,3.125
SUPER_5,5720000,99,6,7,112,49,50,5.1538463
SUPER_5,5730000,157,22,10,189,78,79,7.5625
SUPER_5,5740000,40,1,2,43,21,19,4.3333335
SUPER_5,5750000,30,3,0,33,15,15,11.666667
SUPER_5,5760000,33,2,3,38,12,21,2.6
SUPER_5,5770000,91,6,1,98,41,50,2.142857
SUPER_5,5780000,70,3,2,75,38,32,4
SUPER_5,5790000,117,14,10,141,55,62,7.8333335
SUPER_5,5800000,172,13,14,199,85,87,15.62963
SUPER_5,5810000,84,13,11,108,44,40,4.2916665
SUPER_5,5820000,89,3,6,98,42,47,8.111111
SUPER_5,5830000,38,2,5,45,23,15,6.857143
SUPER_5,5840000,30,3,3,36,15,15,3.8333333
SUPER_5,5850000,123,8,7,138,67,56,4.5333333
SUPER_5,5860000,68,7,5,80,36,32,6.4166665
SUPER_5,5870000,94,6,7,107,54,40,6.6923075
SUPER_5,5880000,132,13,8,153,73,59,13.809524
SUPER_5,5890000,169,13,11,193,79,90,7.5
SUPER_5,5900000,47,9,3,59,24,23,7.8333335
SUPER_5,5910000,27,3,5,35,13,14,19.625
SUPER_5,5920000,16,0,3,19,8,8,25.333334
SUPER_5,5930000,3,0,0,3,1,2,NaN
SUPER_5,5940000,23,0,3,26,14,9,1
SUPER_5,5950000,162,9,16,187,85,77,6.24
SUPER_5,5960000,37,4,6,47,19,18,13.4
SUPER_5,5970000,1,0,0,1,1,0,NaN
SUPER_5,5980000,1,0,0,1,1,0,NaN
SUPER_5,5990000,1,2,1,4,0,1,3
SUPER_5,6000000,6,1,1,8,2,4,18
SUPER_5,6010000,0,0,0,0,0,0,0
SUPER_5,6020000,0,0,0,0,0,0,0
SUPER_5,6030000,4,0,1,5,1,3,9
SUPER_5,6040000,0,1,1,2,0,0,1
SUPER_5,6050000,0,0,0,0,0,0,0
SUPER_5,6060000,0,0,0,0,0,0,0
SUPER_5,6070000,54,3,2,59,30,24,2.6
SUPER_5,6080000,1,1,0,2,1,0,1
SUPER_5,6090000,7,0,0,7,4,3,NaN
SUPER_5,6100000,1,0,0,1,1,0,NaN
SUPER_5,6110000,2,0,1,3,0,2,1
SUPER_5,6120000,2,0,0,2,2,0,NaN
SUPER_5,6130000,1,0,0,1,0,1,NaN
SUPER_5,6140000,2,0,0,2,0,2,NaN
SUPER_5,6150000,1,2,2,5,1,0,10
SUPER_5,6160000,2,0,0,2,1,1,NaN
SUPER_5,6170000,3,1,0,4,2,1,3
SUPER_5,6180000,2,0,0,2,2,0,NaN
SUPER_5,6190000,0,1,0,1,0,0,2
SUPER_5,6200000,1,0,0,1,1,0,NaN
SUPER_5,6210000,2,1,0,3,1,1,1
SUPER_5,6220000,1,0,0,1,0,1,NaN
SUPER_5,6230000,0,0,1,1,0,0,1
SUPER_5,6240000,6,0,0,6,3,3,NaN
SUPER_5,6250000,0,0,0,0,0,0,0
SUPER_5,6260000,0,0,0,0,0,0,0
SUPER_5,6270000,6,0,0,6,3,3,NaN
SUPER_5,6280000,6,1,1,8,5,1,4
SUPER_5,6290000,2,0,0,2,2,0,NaN
SUPER_5,6300000,2,0,0,2,1,1,NaN
SUPER_5,6310000,2,0,0,2,2,0,NaN
SUPER_5,6320000,4,2,0,6,3,1,1.5
SUPER_5,6330000,0,0,0,0,0,0,0
SUPER_5,6340000,0,0,0,0,0,0,0
SUPER_5,6350000,19,2,1,22,10,9,5.3333335
SUPER_5,6360000,1,1,1,3,1,0,3
SUPER_5,6370000,0,0,0,0,0,0,0
SUPER_5,6380000,0,0,0,0,0,0,0
SUPER_5,6390000,5,0,0,5,2,3,NaN
SUPER_5,6400000,0,0,0,0,0,0,0
SUPER_5,6410000,0,0,0,0,0,0,0
SUPER_5,6420000,5,0,0,5,2,3,NaN
SUPER_5,6430000,1,0,0,1,1,0,NaN
SUPER_5,6440000,158,8,20,186,77,81,5.964286
SUPER_5,6450000,148,13,10,171,69,79,16.217392
SUPER_5,6460000,161,13,7,181,82,79,5
SUPER_5,6470000,107,8,10,125,50,57,21.61111
SUPER_5,6480000,89,5,9,103,50,39,5.285714
SUPER_5,6490000,136,9,10,155,70,66,6.2105265
SUPER_5,6500000,40,3,4,47,23,17,5
SUPER_5,6510000,74,6,6,86,39,35,4.5
SUPER_5,6520000,60,0,3,63,27,33,1
SUPER_5,6530000,62,4,5,71,32,30,7.3333335
SUPER_5,6540000,78,9,7,94,44,34,5.5
SUPER_5,6550000,125,12,9,146,68,57,27.666666
SUPER_5,6560000,119,13,8,140,58,61,2.2857144
SUPER_5,6570000,108,5,14,127,63,45,44.789474
SUPER_5,6580000,150,10,10,170,69,81,10.55
SUPER_5,6590000,167,10,21,198,88,79,7.7419353
SUPER_5,6600000,127,8,7,142,61,66,4.6666665
SUPER_5,6610000,18,2,3,23,8,10,4.6
SUPER_5,6620000,0,0,1,1,0,0,2
SUPER_5,6630000,2,1,0,3,2,0,1
SUPER_5,6640000,31,1,3,35,16,15,9.75
SUPER_5,6650000,173,16,13,202,73,100,10.4827585
SUPER_5,6660000,27,1,0,28,15,12,3
SUPER_5,6670000,74,8,8,90,42,32,5.3125
SUPER_5,6680000,87,10,7,104,37,50,4.352941
SUPER_5,6690000,137,14,10,161,65,72,11.333333
SUPER_5,6700000,131,10,6,147,65,66,8.5625
SUPER_5,6710000,111,9,9,129,48,63,6.3333335
SUPER_5,6720000,154,11,11,176,90,64,5.2272725
SUPER_5,6730000,64,4,3,71,33,31,72.28571
SUPER_5,6740000,91,7,12,110,47,44,6.894737
SUPER_5,6750000,16,4,1,21,6,10,6.6
SUPER_5,6760000,1,0,0,1,0,1,NaN
SUPER_5,6770000,107,5,11,123,58,49,15.8125
SUPER_5,6780000,1,1,0,2,0,1,2
SUPER_5,6790000,0,0,0,0,0,0,0
SUPER_5,6800000,0,0,0,0,0,0,0
SUPER_5,6810000,6,0,0,6,1,5,NaN
SUPER_5,6820000,4,0,1,5,0,4,64
SUPER_5,6830000,1,0,1,2,1,0,3
SUPER_5,6840000,1,0,0,1,1,0,NaN
SUPER_5,6850000,0,0,0,0,0,0,0
SUPER_5,6860000,0,0,0,0,0,0,0
SUPER_5,6870000,13,0,2,15,3,10,1
SUPER_5,6880000,4,0,1,5,3,1,4
SUPER_5,6890000,55,4,3,62,31,24,4.857143
SUPER_5,6900000,86,4,11,101,49,37,4.866667
SUPER_5,6910000,21,1,1,23,11,10,1
SUPER_5,6920000,0,0,0,0,0,0,0
SUPER_5,6930000,0,0,0,0,0,0,0
SUPER_5,6940000,5,0,0,5,4,1,NaN
SUPER_5,6950000,139,15,7,161,68,71,4.318182
SUPER_5,6960000,131,8,14,153,52,79,24.863636
SUPER_5,6970000,65,6,2,73,23,42,5.625
SUPER_5,6980000,96,7,7,110,46,50,3.2142856
SUPER_5,6990000,26,3,2,31,14,12,37.2
SUPER_5,7000000,3,0,1,4,2,1,14
SUPER_5,7010000,1,1,0,2,1,0,4
SUPER_5,7020000,9,4,0,13,2,7,3.5
SUPER_5,7030000,125,5,7,137,60,65,9.583333
SUPER_5,7040000,42,4,2,48,26,16,3.8333333
SUPER_5,7050000,56,7,5,68,32,24,6.3333335
SUPER_5,7060000,130,18,8,156,57,73,4.769231
SUPER_5,7070000,92,4,10,106,49,43,3.642857
SUPER_5,7080000,127,7,12,146,64,63,6
SUPER_5,7090000,83,14,10,107,39,44,4.75
SUPER_5,7100000,142,10,9,161,77,65,8.894737
SUPER_5,7110000,120,6,9,135,61,59,8.466666
SUPER_5,7120000,130,6,11,147,58,72,11.529411
SUPER_5,7130000,123,8,12,143,55,68,34.05
SUPER_5,7140000,86,12,7,105,42,44,6.368421
SUPER_5,7150000,52,2,3,57,38,14,2.2
SUPER_5,7160000,62,8,4,74,34,28,6.4166665
SUPER_5,7170000,57,8,6,71,27,30,3.5
SUPER_5,7180000,55,6,2,63,33,22,8.125
SUPER_5,7190000,7,1,0,8,4,3,1
SUPER_5,7200000,62,4,4,70,35,27,2.25
SUPER_5,7210000,98,9,7,114,43,55,11.1875
SUPER_5,7220000,40,3,5,48,23,17,5.625
SUPER_5,7230000,39,1,4,44,19,20,7.4
SUPER_5,7240000,87,9,3,99,42,45,6.5
SUPER_5,7250000,102,4,6,112,56,46,5.9
SUPER_5,7260000,127,14,7,148,66,61,7.3809524
SUPER_5,7270000,44,2,2,48,22,22,4.75
SUPER_5,7280000,44,5,6,55,19,25,8.181818
SUPER_5,7290000,72,4,5,81,42,30,4.7777777
SUPER_5,7300000,21,2,5,28,12,9,1.2857143
SUPER_5,7310000,105,5,4,114,56,49,3.1111112
SUPER_5,7320000,139,8,11,158,71,68,10.421053
SUPER_5,7330000,37,4,5,46,18,19,11.111111
SUPER_5,7340000,67,5,13,85,38,29,5.8333335
SUPER_5,7350000,177,15,13,205,91,86,5.607143
SUPER_5,7360000,142,8,4,154,78,64,6.3333335
SUPER_5,7370000,10,1,0,11,5,5,1
SUPER_5,7380000,3,0,0,3,1,2,NaN
SUPER_5,7390000,1,0,0,1,1,0,NaN
SUPER_5,7400000,144,7,12,163,68,76,7.631579
SUPER_5,7410000,105,14,6,125,55,50,6.2
SUPER_5,7420000,22,5,2,29,13,9,1.8571428
SUPER_5,7430000,121,9,11,141,70,51,12.05
SUPER_5,7440000,133,12,10,155,60,73,3.590909
SUPER_5,7450000,106,9,1,116,54,52,5.2
SUPER_5,7460000,0,0,0,0,0,0,0
SUPER_5,7470000,0,0,0,0,0,0,0
SUPER_5,7480000,6,0,2,8,1,5,15.5
SUPER_5,7490000,1,0,0,1,1,0,NaN
SUPER_5,7500000,177,16,14,207,87,90,7.266667
SUPER_5,7510000,190,11,13,214,86,104,10.25
SUPER_5,7520000,158,11,7,176,80,78,8.444445
SUPER_5,7530000,4,0,2,6,2,2,4.5
SUPER_5,7540000,2,2,0,4,1,1,2.5
SUPER_5,7550000,114,11,5,130,51,63,32.0625
SUPER_5,7560000,197,11,11,219,114,83,6.409091
SUPER_5,7570000,5,0,0,5,3,2,NaN
SUPER_5,7580000,1,1,0,2,1,0,6
SUPER_5,7590000,2,0,1,3,2,0,4
SUPER_5,7600000,41,8,3,52,19,22,9.090909
SUPER_5,7610000,1,0,1,2,1,0,1
SUPER_5,7620000,1,1,1,3,0,1,1.5
SUPER_5,7630000,113,7,8,128,66,47,8.2
SUPER_5,7640000,95,8,6,109,43,52,4.785714
SUPER_5,7650000,76,5,5,86,40,36,3.3
SUPER_5,7660000,145,6,8,159,72,73,6.928571
SUPER_5,7670000,97,8,9,114,45,52,6.8235292
SUPER_5,7680000,67,6,6,79,30,37,4.5
SUPER_5,7690000,144,12,9,165,76,68,5.2380953
SUPER_5,7700000,39,3,4,46,16,23,8.857142
SUPER_5,7710000,123,9,6,138,62,61,10.4
SUPER_5,7720000,92,9,4,105,45,47,8.615385
SUPER_5,7730000,127,14,6,147,67,60,11
SUPER_5,7740000,39,2,1,42,14,25,5.3333335
SUPER_5,7750000,13,2,3,18,4,9,4.8
SUPER_5,7760000,1,3,0,4,1,0,5.6666665
SUPER_5,7770000,47,3,2,52,25,22,3.2
SUPER_5,7780000,2,0,0,2,0,2,NaN
SUPER_5,7790000,3,1,1,5,3,0,1.5
SUPER_5,7800000,7,0,1,8,2,5,1
SUPER_5,7810000,10,4,0,14,3,7,24.75
SUPER_5,7820000,7,1,1,9,5,2,1
SUPER_5,7830000,5,0,1,6,3,2,1
SUPER_5,7840000,54,5,5,64,26,28,6
SUPER_5,7850000,115,7,12,134,63,52,30.578947
SUPER_5,7860000,60,5,3,68,35,25,5.125
SUPER_5,7870000,92,7,5,104,50,42,3.4166667
SUPER_5,7880000,74,5,8,87,35,39,4.6153846
SUPER_5,7890000,90,5,4,99,43,47,3.3333333
SUPER_5,7900000,101,8,12,121,49,52,7.5
SUPER_5,7910000,0,0,0,0,0,0,0
SUPER_5,7920000,0,0,0,0,0,0,0
SUPER_5,7930000,208,14,14,236,122,86,12.5
SUPER_5,7940000,137,10,7,154,64,73,6.647059
SUPER_5,7950000,134,9,6,149,74,60,4.6
SUPER_5,7960000,71,4,3,78,44,27,5.571429
SUPER_5,7970000,184,9,10,203,92,92,16.68421
SUPER_5,7980000,92,9,4,105,45,47,7.769231
SUPER_5,7990000,167,9,12,188,94,73,9.666667
SUPER_5,8000000,147,9,11,167,81,66,5.3
SUPER_5,8010000,144,5,14,163,68,76,9.210526
SUPER_5,8020000,82,5,3,90,43,39,9.625
SUPER_5,8030000,27,1,2,30,14,13,1
SUPER_5,8040000,86,9,6,101,43,43,4
SUPER_5,8050000,92,3,5,100,51,41,11.25
SUPER_5,8060000,136,6,10,152,67,69,10.1875
SUPER_5,8070000,36,2,3,41,16,20,23.4
SUPER_5,8080000,117,4,7,128,69,48,11.454545
SUPER_5,8090000,221,15,10,246,120,101,3.92
SUPER_5,8100000,123,4,13,140,74,49,7.7647057
SUPER_5,8110000,169,10,13,192,95,74,13.652174
SUPER_5,8120000,140,8,10,158,69,71,83.77778
SUPER_5,8130000,103,9,11,123,58,45,12.15
SUPER_5,8140000,109,6,6,121,64,45,7.1666665
SUPER_5,8150000,6,0,0,6,3,3,NaN
SUPER_5,8160000,0,0,0,0,0,0,0
SUPER_5,8170000,0,0,0,0,0,0,0
SUPER_5,8180000,10,2,0,12,5,5,1.5
SUPER_5,8190000,145,10,14,169,70,75,3.625
SUPER_5,8200000,42,3,5,50,17,25,7
SUPER_5,8210000,216,12,17,245,124,92,7.4827585
SUPER_5,8220000,73,6,0,79,42,31,4.1666665
SUPER_5,8230000,95,9,5,109,51,44,9.5
SUPER_5,8240000,96,4,9,109,53,43,5.923077
SUPER_5,8250000,44,3,3,50,19,25,8.166667
SUPER_5,8260000,88,5,12,105,43,45,7.4117646
SUPER_5,8270000,96,9,9,114,51,45,8.5
SUPER_5,8280000,171,9,9,189,89,82,8.388889
SUPER_5,8290000,218,14,8,240,124,94,4.3636365
SUPER_5,8300000,92,6,3,101,49,43,8.111111
SUPER_5,8310000,161,15,15,191,79,82,4.4333334
SUPER_5,8320000,181,8,13,202,92,89,7.285714
SUPER_5,8330000,131,8,7,146,66,65,8.4
SUPER_5,8340000,79,5,10,94,36,43,6.2
SUPER_5,8350000,143,9,11,163,85,58,7
SUPER_5,8360000,97,7,3,107,55,42,10.1
SUPER_5,8370000,61,5,2,68,32,29,4.428571
SUPER_5,8380000,161,7,7,175,73,88,4.142857
SUPER_5,8390000,128,10,7,145,69,59,23.17647
SUPER_5,8400000,49,4,5,58,27,22,11.777778
SUPER_5,8410000,71,6,5,82,35,36,6.818182
SUPER_5,8420000,70,9,7,86,34,36,56.6875
SUPER_5,8430000,10,0,0,10,4,6,NaN
SUPER_5,8440000,88,4,9,101,52,36,7.769231
SUPER_5,8450000,19,2,1,22,12,7,27
SUPER_5,8460000,80,6,7,93,34,46,9
SUPER_5,8470000,62,6,7,75,30,32,4.769231
SUPER_5,8480000,144,14,10,168,75,69,22.333334
SUPER_5,8490000,0,0,0,0,0,0,0
SUPER_5,8500000,0,0,0,0,0,0,0
SUPER_5,8510000,144,14,12,170,59,85,8.692307
SUPER_5,8520000,125,12,11,148,69,56,3.0434783
SUPER_5,8530000,141,6,8,155,75,66,15.428572
SUPER_5,8540000,108,8,7,123,55,53,6.6666665
SUPER_5,8550000,124,7,12,143,62,62,46.789474
SUPER_5,8560000,9,0,0,9,6,3,NaN
SUPER_5,8570000,2,0,0,2,2,0,NaN
SUPER_5,8580000,3,0,2,5,2,1,8.5
SUPER_5,8590000,5,0,0,5,1,4,NaN
SUPER_5,8600000,3,0,2,5,1,2,7
SUPER_5,8610000,4,0,1,5,1,3,1
SUPER_5,8620000,3,0,1,4,0,3,8
SUPER_5,8630000,3,0,0,3,1,2,NaN
SUPER_5,8640000,1,1,0,2,0,1,14
SUPER_5,8650000,0,1,0,1,0,0,1
SUPER_5,8660000,5,0,0,5,1,4,NaN
SUPER_5,8670000,10,1,1,12,6,4,1.5
SUPER_5,8680000,128,13,6,147,59,69,6.4736843
SUPER_5,8690000,90,7,11,108,44,46,12.333333
SUPER_5,8700000,86,13,9,108,43,43,11.772727
SUPER_5,8710000,178,17,11,206,77,101,5.714286
SUPER_5,8720000,138,9,15,162,69,69,14.458333
SUPER_5,8730000,31,0,3,34,17,14,12.333333
SUPER_5,8740000,29,2,3,34,17,12,23.8
SUPER_5,8750000,10,3,0,13,3,7,12.666667
SUPER_5,8760000,2,0,0,2,1,1,NaN
SUPER_5,8770000,0,0,0,0,0,0,0
SUPER_5,8780000,0,0,0,0,0,0,0
SUPER_5,8790000,3,1,0,4,2,1,38
SUPER_5,8800000,4,0,0,4,3,1,NaN
SUPER_5,8810000,7,1,1,9,1,6,1
SUPER_5,8820000,72,6,8,86,32,40,36.42857
SUPER_5,8830000,192,22,9,223,97,95,4.967742
SUPER_5,8840000,74,14,7,95,33,41,3.9047618
SUPER_5,8850000,149,7,7,163,69,80,5.857143
SUPER_5,8860000,149,19,6,174,80,69,7.72
SUPER_5,8870000,17,0,1,18,12,5,19
SUPER_5,8880000,126,13,11,150,61,65,9.041667
SUPER_5,8890000,99,13,9,121,48,51,5.318182
SUPER_5,8900000,128,14,6,148,69,59,11.25
SUPER_5,8910000,93,9,6,108,45,48,6
SUPER_5,8920000,81,2,4,87,42,39,5.8333335
SUPER_5,8930000,100,9,12,121,49,51,7.904762
SUPER_5,8940000,63,5,8,76,33,30,3
SUPER_5,8950000,161,12,22,195,78,83,26.441177
SUPER_5,8960000,32,3,3,38,18,14,4.6666665
SUPER_5,8970000,2,1,0,3,1,1,14
SUPER_5,8980000,48,5,5,58,33,15,1.9
SUPER_5,8990000,149,6,13,168,84,65,4.2105265
SUPER_5,9000000,103,7,6,116,51,52,13.615385
SUPER_5,9010000,2,1,1,4,1,1,1.5
SUPER_5,9020000,3,0,0,3,2,1,NaN
SUPER_5,9030000,4,0,0,4,0,4,NaN
SUPER_5,9040000,2,0,2,4,1,1,14.5
SUPER_5,9050000,17,1,3,21,9,8,17.75
SUPER_5,9060000,187,8,7,202,96,91,5.266667
SUPER_5,9070000,6,0,0,6,3,3,NaN
SUPER_5,9080000,3,0,2,5,3,0,2
SUPER_5,9090000,3,0,0,3,2,1,NaN
SUPER_5,9100000,32,4,3,39,14,18,3.2857144
SUPER_5,9110000,53,4,3,60,27,26,13
SUPER_5,9120000,105,9,10,124,50,55,8.210526
SUPER_5,9130000,141,10,9,160,75,66,6.0526314
SUPER_5,9140000,140,10,8,158,75,65,10.777778
SUPER_5,9150000,135,7,11,153,68,67,5.6666665
SUPER_5,9160000,148,8,12,168,72,76,3.9
SUPER_5,9170000,68,4,10,82,29,39,4.214286
SUPER_5,9180000,130,11,14,155,69,61,6.88
SUPER_5,9190000,114,6,11,131,57,57,5.529412
SUPER_5,9200000,68,7,8,83,32,36,2.0666666
SUPER_5,9210000,20,1,2,23,10,10,5.6666665
SUPER_5,9220000,169,9,7,185,84,85,13.3125
SUPER_5,9230000,126,8,8,142,64,62,15.9375
SUPER_5,9240000,95,7,6,108,50,45,11.692307
SUPER_5,9250000,158,11,7,176,85,73,8.833333
SUPER_5,9260000,100,9,12,121,39,61,7.142857
SUPER_5,9270000,190,13,13,216,88,102,5.5
SUPER_5,9280000,128,8,9,145,69,59,10.411765
SUPER_5,9290000,161,9,17,187,91,70,6.269231
SUPER_5,9300000,87,1,6,94,44,43,7.142857
SUPER_5,9310000,173,13,9,195,92,81,5.590909
SUPER_5,9320000,208,15,15,238,94,114,8.366667
SUPER_5,9330000,218,17,19,254,106,112,8.305555
SUPER_5,9340000,188,11,17,216,105,83,7.357143
SUPER_5,9350000,100,6,9,115,55,45,3.0666666
SUPER_5,9360000,154,6,9,169,83,71,6.0666666
SUPER_5,9370000,157,11,8,176,76,81,19.578947
SUPER_5,9380000,139,11,9,159,72,67,29.35
SUPER_5,9390000,64,12,6,82,26,38,3.5
SUPER_5,9400000,5,0,1,6,1,4,6
SUPER_5,9410000,0,0,0,0,0,0,0
SUPER_5,9420000,0,0,0,0,0,0,0
SUPER_5,9430000,2,1,1,4,2,0,1.5
SUPER_5,9440000,0,0,0,0,0,0,0
SUPER_5,9450000,0,0,0,0,0,0,0
SUPER_5,9460000,4,4,0,8,2,2,1.25
SUPER_5,9470000,3,0,1,4,2,1,4
SUPER_5,9480000,99,13,7,119,50,49,10.65
SUPER_5,9490000,165,9,9,183,81,84,10
SUPER_5,9500000,11,0,1,12,9,2,1
SUPER_5,9510000,81,6,7,94,41,40,5.230769
SUPER_5,9520000,142,9,14,165,66,76,5.521739
SUPER_5,9530000,162,4,12,178,68,94,14.625
SUPER_5,9540000,149,7,6,162,74,75,62.615383
SUPER_5,9550000,134,10,15,159,72,62,8.32
SUPER_5,9560000,60,2,1,63,34,26,11
SUPER_5,9570000,98,7,9,114,53,45,9.4375
SUPER_5,9580000,106,9,8,123,44,62,6.4117646
SUPER_5,9590000,19,0,2,21,8,11,6
SUPER_5,9600000,21,5,0,26,11,10,6.4
SUPER_5,9610000,0,0,0,0,0,0,0
SUPER_5,9620000,0,0,0,0,0,0,0
SUPER_5,9630000,3,0,1,4,0,3,2
SUPER_5,9640000,52,4,4,60,29,23,43.125
SUPER_5,9650000,140,12,15,167,76,64,13.185185
SUPER_5,9660000,76,5,9,90,33,43,10.714286
SUPER_5,9670000,65,3,7,75,34,31,33.1
SUPER_5,9680000,229,20,16,265,107,122,9.944445
SUPER_5,9690000,123,14,11,148,65,58,5.56
SUPER_5,9700000,117,5,16,138,53,64,8.809524
SUPER_5,9710000,143,13,11,167,65,78,5.4166665
SUPER_5,9720000,101,3,5,109,51,50,4.625
SUPER_5,9730000,241,11,13,265,134,107,9.958333
SUPER_5,9740000,10,1,0,11,5,4,1
SUPER_5,9750000,4,0,0,4,2,2,NaN
SUPER_5,9760000,0,0,0,0,0,0,0
SUPER_5,9770000,0,0,0,0,0,0,0
SUPER_5,9780000,4,0,0,4,3,1,NaN
SUPER_5,9790000,4,0,0,4,2,2,NaN
SUPER_5,9800000,4,0,0,4,2,2,NaN
SUPER_5,9810000,103,3,5,111,58,45,2.875
SUPER_5,9820000,16,3,1,20,9,7,2.5
SUPER_5,9830000,3,0,1,4,2,1,18
SUPER_5,9840000,1,0,0,1,0,1,NaN
SUPER_5,9850000,7,0,3,10,2,5,33
SUPER_5,9860000,2,0,0,2,1,1,NaN
SUPER_5,9870000,3,0,1,4,1,2,1
SUPER_5,9880000,70,7,3,80,37,33,3.2
SUPER_5,9890000,155,12,12,179,71,83,5.4583335
SUPER_5,9900000,113,16,3,132,63,50,8.947369
SUPER_5,9910000,25,4,7,36,15,10,10.545455
SUPER_5,9920000,92,7,8,107,48,44,7.733333
SUPER_5,9930000,92,7,4,103,44,48,3
SUPER_5,9940000,144,12,8,164,74,70,4.15
SUPER_5,9950000,36,4,2,42,18,18,3.6666667
SUPER_5,9960000,10,0,1,11,4,6,3
SUPER_5,9970000,127,7,13,147,68,59,5.75
SUPER_5,9980000,114,10,11,135,61,53,3.0952382
SUPER_5,9990000,76,3,5,84,34,42,1.375
SUPER_5,10000000,3,0,0,3,2,1,NaN
SUPER_5,10010000,3,1,0,4,2,1,15
SUPER_5,10020000,4,0,0,4,2,2,NaN
SUPER_5,10030000,1,0,0,1,1,0,NaN
SUPER_5,10040000,1,1,0,2,0,1,1
SUPER_5,10050000,61,3,3,67,33,28,6
SUPER_5,10060000,85,3,6,94,46,39,6.111111
SUPER_5,10070000,18,0,1,19,11,7,1
SUPER_5,10080000,10,3,0,13,5,5,5.6666665
SUPER_5,10090000,9,0,1,10,5,4,139
SUPER_5,10100000,0,0,0,0,0,0,0
SUPER_5,10110000,0,0,0,0,0,0,0
SUPER_5,10120000,16,0,0,16,8,8,NaN
SUPER_5,10130000,10,0,1,11,5,5,1
SUPER_5,10140000,8,2,1,11,3,5,7
SUPER_5,10150000,8,1,0,9,3,5,4
SUPER_5,10160000,8,2,0,10,2,6,5
SUPER_5,10170000,120,5,13,138,52,68,5.388889
SUPER_5,10180000,65,2,4,71,36,29,14
SUPER_5,10190000,31,1,2,34,9,22,16.333334
SUPER_5,10200000,29,1,4,34,18,11,1.4
SUPER_5,10210000,22,1,0,23,16,6,2
SUPER_5,10220000,15,0,0,15,5,10,NaN
SUPER_5,10230000,1,0,1,2,1,0,1
SUPER_5,10240000,6,0,2,8,4,2,16
SUPER_5,10250000,1,0,0,1,0,1,NaN
SUPER_5,10260000,7,0,0,7,4,3,NaN
SUPER_5,10270000,12,1,0,13,7,5,1
SUPER_5,10280000,67,3,5,75,36,31,10.25
SUPER_5,10290000,18,1,0,19,10,8,15
SUPER_5,10300000,0,0,1,1,0,0,2
SUPER_5,10310000,0,0,0,0,0,0,0
SUPER_5,10320000,0,0,0,0,0,0,0
SUPER_5,10330000,1,1,0,2,1,0,1
SUPER_5,10340000,0,0,0,0,0,0,0
SUPER_5,10350000,0,0,0,0,0,0,0
SUPER_5,10360000,0,0,0,0,0,0,0
SUPER_5,10370000,77,6,4,87,41,36,4.7
SUPER_5,10380000,86,5,9,100,44,42,6.285714
SUPER_5,10390000,53,2,5,60,31,22,7.428571
SUPER_5,10400000,0,0,0,0,0,0,0
SUPER_5,10410000,0,0,0,0,0,0,0
SUPER_5,10420000,0,0,0,0,0,0,0
SUPER_5,10430000,0,0,0,0,0,0,0
SUPER_5,10440000,0,0,0,0,0,0,0
SUPER_5,10450000,0,0,0,0,0,0,0
SUPER_5,10460000,0,0,0,0,0,0,0
SUPER_5,10470000,22,3,0,25,12,10,4.3333335
SUPER_5,10480000,59,4,3,66,31,28,3.857143
SUPER_5,10490000,0,0,0,0,0,0,0
SUPER_5,10500000,0,0,0,0,0,0,0
SUPER_5,10510000,0,0,0,0,0,0,0
SUPER_5,10520000,0,0,0,0,0,0,0
SUPER_5,10530000,0,0,0,0,0,0,0
SUPER_5,10540000,0,0,0,0,0,0,0
SUPER_5,10550000,0,0,0,0,0,0,0
SUPER_5,10560000,0,0,0,0,0,0,0
SUPER_5,10570000,0,0,0,0,0,0,0
SUPER_5,10580000,0,0,0,0,0,0,0
SUPER_5,10590000,0,0,0,0,0,0,0
SUPER_5,10600000,222,12,19,253,125,97,7.387097
SUPER_5,10610000,0,0,0,0,0,0,0
SUPER_5,10620000,0,0,0,0,0,0,0
SUPER_5,10630000,0,0,0,0,0,0,0
SUPER_5,10640000,0,0,0,0,0,0,0
SUPER_5,10650000,219,13,16,248,121,98,8.068966
SUPER_5,10660000,43,1,3,47,28,15,6
SUPER_5,10670000,66,11,9,86,30,36,6.9
SUPER_5,10680000,0,0,0,0,0,0,0
SUPER_5,10690000,0,0,0,0,0,0,0
SUPER_5,10700000,0,0,0,0,0,0,0
SUPER_5,10710000,0,0,0,0,0,0,0
SUPER_5,10720000,0,0,0,0,0,0,0
SUPER_5,10730000,0,0,0,0,0,0,0
SUPER_5,10740000,65,8,12,85,23,42,4.75
SUPER_5,10750000,129,7,11,147,65,64,4.7222223
SUPER_5,10760000,1,2,0,3,0,1,1.5
SUPER_5,10770000,0,0,0,0,0,0,0
SUPER_5,10780000,0,0,0,0,0,0,0
SUPER_5,10790000,0,0,0,0,0,0,0
SUPER_5,10800000,0,0,0,0,0,0,0
SUPER_5,10810000,120,3,6,129,65,55,3.5555556
SUPER_5,10820000,0,1,0,1,0,0,1
SUPER_5,10830000,2,0,0,2,0,2,NaN
SUPER_5,10840000,0,0,0,0,0,0,0
SUPER_5,10850000,0,0,0,0,0,0,0
SUPER_5,10860000,0,0,0,0,0,0,0
SUPER_5,10870000,3,0,0,3,0,3,NaN
SUPER_5,10880000,8,1,0,9,5,3,1
SUPER_5,10890000,1,0,0,1,0,1,NaN
SUPER_5,10900000,9,2,2,13,5,4,9.75
SUPER_5,10910000,12,0,1,13,6,6,5
SUPER_5,10920000,9,1,0,10,6,3,2
SUPER_5,10930000,10,0,1,11,5,5,1
SUPER_5,10940000,9,1,1,11,5,4,1
SUPER_5,10950000,3,0,0,3,1,2,NaN
SUPER_5,10960000,2,0,0,2,1,1,NaN
SUPER_5,10970000,2,1,1,4,2,0,1.5
SUPER_5,10980000,0,0,0,0,0,0,0
SUPER_5,10990000,0,0,0,0,0,0,0
SUPER_5,11000000,0,0,0,0,0,0,0
SUPER_5,11010000,0,0,0,0,0,0,0
SUPER_5,11020000,10,0,1,11,5,5,2
SUPER_5,11030000,3,0,0,3,1,2,NaN
SUPER_5,11040000,3,1,1,5,1,2,1
SUPER_5,11050000,5,0,0,5,2,3,NaN
SUPER_5,11060000,4,2,0,6,0,4,7.5
SUPER_5,11070000,0,0,0,0,0,0,0
SUPER_5,11080000,0,0,0,0,0,0,0
SUPER_5,11090000,19,3,1,23,8,11,4.25
SUPER_5,11100000,4,2,0,6,2,2,8
SUPER_5,11110000,1,0,0,1,0,1,NaN
SUPER_5,11120000,31,1,4,36,15,16,3.6
SUPER_5,11130000,76,7,2,85,39,37,4.3333335
SUPER_5,11140000,0,0,0,0,0,0,0
SUPER_5,11150000,0,0,0,0,0,0,0
SUPER_5,11160000,99,6,5,110,64,35,3.7272727
SUPER_5,11170000,0,0,0,0,0,0,0
SUPER_5,11180000,0,0,0,0,0,0,0
SUPER_5,11190000,0,0,0,0,0,0,0
SUPER_5,11200000,1,1,2,4,0,1,1.3333334
SUPER_5,11210000,33,3,3,39,15,18,6.5
SUPER_5,11220000,4,0,0,4,4,0,NaN
SUPER_5,11230000,155,9,7,171,94,61,4.875
SUPER_5,11240000,19,3,2,24,12,7,4
SUPER_5,11250000,10,0,0,10,8,2,NaN
SUPER_5,11260000,118,7,11,136,63,55,12.111111
SUPER_5,11270000,0,0,0,0,0,0,0
SUPER_5,11280000,0,0,0,0,0,0,0
SUPER_5,11290000,110,3,13,126,60,50,4.5625
SUPER_5,11300000,18,2,4,24,10,8,11.166667
SUPER_5,11310000,62,1,2,65,39,23,5.3333335
SUPER_5,11320000,28,0,5,33,14,14,74.4
SUPER_5,11330000,31,0,1,32,17,14,1
SUPER_5,11340000,37,1,2,40,21,16,2.3333333
SUPER_5,11350000,7,0,0,7,3,4,NaN
SUPER_5,11360000,5,1,0,6,2,3,5
SUPER_5,11370000,2,0,0,2,2,0,NaN
SUPER_5,11380000,24,2,2,28,12,12,9.25
SUPER_5,11390000,112,7,9,128,56,56,6.8125
SUPER_5,11400000,0,0,0,0,0,0,0
SUPER_5,11410000,0,0,0,0,0,0,0
SUPER_5,11420000,0,0,0,0,0,0,0
SUPER_5,11430000,0,0,0,0,0,0,0
SUPER_5,11440000,0,0,0,0,0,0,0
SUPER_5,11450000,0,0,0,0,0,0,0
SUPER_5,11460000,0,0,0,0,0,0,0
SUPER_5,11470000,0,0,0,0,0,0,0
SUPER_5,11480000,0,0,0,0,0,0,0
SUPER_5,11490000,23,0,2,25,10,13,1.5
SUPER_5,11500000,63,3,6,72,36,27,3.4444444
SUPER_5,11510000,0,1,0,1,0,0,2
SUPER_5,11520000,187,6,10,203,105,82,11
SUPER_5,11530000,0,0,0,0,0,0,0
SUPER_5,11540000,0,0,0,0,0,0,0
SUPER_5,11550000,0,0,0,0,0,0,0
SUPER_5,11560000,0,0,0,0,0,0,0
SUPER_5,11570000,0,0,0,0,0,0,0
SUPER_5,11580000,0,0,0,0,0,0,0
SUPER_5,11590000,0,0,0,0,0,0,0
SUPER_5,11600000,0,0,0,0,0,0,0
SUPER_5,11610000,0,0,0,0,0,0,0
SUPER_5,11620000,0,0,0,0,0,0,0
SUPER_5,11630000,136,12,18,166,69,67,5.0333333
SUPER_5,11640000,124,3,9,136,60,64,5.75
SUPER_5,11650000,26,6,0,32,10,16,5.5
SUPER_5,11660000,0,0,0,0,0,0,0
SUPER_5,11670000,0,0,0,0,0,0,0
SUPER_5,11680000,79,10,6,95,32,47,27.9375
SUPER_5,11690000,0,0,0,0,0,0,0
SUPER_5,11700000,0,0,0,0,0,0,0
SUPER_5,11710000,0,0,0,0,0,0,0
SUPER_5,11720000,0,0,0,0,0,0,0
SUPER_5,11730000,0,0,0,0,0,0,0
SUPER_5,11740000,0,0,0,0,0,0,0
SUPER_5,11750000,0,0,0,0,0,0,0
SUPER_5,11760000,0,0,0,0,0,0,0
SUPER_5,11770000,0,0,0,0,0,0,0
SUPER_5,11780000,0,0,0,0,0,0,0
SUPER_5,11790000,0,0,0,0,0,0,0
SUPER_5,11800000,76,5,5,86,34,42,3.5
SUPER_5,11810000,4,0,2,6,1,3,1.5
SUPER_5,11820000,0,0,0,0,0,0,0
SUPER_5,11830000,0,0,0,0,0,0,0
SUPER_5,11840000,0,0,0,0,0,0,0
SUPER_5,11850000,0,0,0,0,0,0,0
SUPER_5,11860000,0,0,0,0,0,0,0
SUPER_5,11870000,9,4,1,14,5,4,6.8
SUPER_5,11880000,0,0,0,0,0,0,0
SUPER_5,11890000,0,0,0,0,0,0,0
SUPER_5,11900000,0,0,0,0,0,0,0
SUPER_5,11910000,0,0,0,0,0,0,0
SUPER_5,11920000,24,3,1,28,15,9,3.5
SUPER_5,11930000,178,12,14,204,101,77,4.5384617
SUPER_5,11940000,177,11,12,200,83,94,16.043478
SUPER_5,11950000,102,4,7,113,56,46,4.3636365
SUPER_5,11960000,32,3,1,36,17,15,3.75
SUPER_5,11970000,81,1,2,84,46,35,5
SUPER_5,11980000,165,7,9,181,79,86,14.25
SUPER_5,11990000,113,6,7,126,59,54,3.7692308
SUPER_5,12000000,45,2,0,47,19,26,1
SUPER_5,12010000,95,5,12,112,54,41,6.5882354
SUPER_5,12020000,89,4,3,96,42,47,3.857143
SUPER_5,12030000,2,0,1,3,1,1,2
SUPER_5,12040000,0,1,2,3,0,0,2
SUPER_5,12050000,1,1,1,3,0,1,2
SUPER_5,12060000,3,0,0,3,1,2,NaN
SUPER_5,12070000,0,0,0,0,0,0,0
SUPER_5,12080000,0,0,0,0,0,0,0
SUPER_5,12090000,2,1,0,3,2,0,4
SUPER_5,12100000,50,2,2,54,32,18,3.5
SUPER_5,12110000,0,0,0,0,0,0,0
SUPER_5,12120000,0,0,0,0,0,0,0
SUPER_5,12130000,96,8,3,107,55,41,7.818182
SUPER_5,12140000,59,2,1,62,29,30,13.666667
SUPER_5,12150000,3,0,1,4,1,2,1
SUPER_5,12160000,2,1,1,4,0,2,11
SUPER_5,12170000,0,0,0,0,0,0,0
SUPER_5,12180000,0,0,0,0,0,0,0
SUPER_5,12190000,6,2,0,8,3,3,10.5
SUPER_5,12200000,3,2,0,5,2,1,1.5
SUPER_5,12210000,1,0,0,1,1,0,NaN
SUPER_5,12220000,26,2,2,30,15,11,5.25
SUPER_5,12230000,15,1,0,16,4,11,40
SUPER_5,12240000,2,0,0,2,1,1,NaN
SUPER_5,12250000,7,1,1,9,1,6,1
SUPER_5,12260000,24,1,2,27,13,11,7
SUPER_5,12270000,27,4,1,32,15,12,3.4
SUPER_5,12280000,74,5,2,81,46,28,6
SUPER_5,12290000,0,0,0,0,0,0,0
SUPER_5,12300000,0,0,0,0,0,0,0
SUPER_5,12310000,0,0,0,0,0,0,0
SUPER_5,12320000,0,0,0,0,0,0,0
SUPER_5,12330000,0,0,0,0,0,0,0
SUPER_5,12340000,0,0,0,0,0,0,0
SUPER_5,12350000,15,1,1,17,8,7,3
SUPER_5,12360000,0,0,0,0,0,0,0
SUPER_5,12370000,0,0,0,0,0,0,0
SUPER_5,12380000,0,0,0,0,0,0,0
SUPER_5,12390000,0,0,0,0,0,0,0
SUPER_5,12400000,0,0,0,0,0,0,0
SUPER_5,12410000,0,0,0,0,0,0,0
SUPER_5,12420000,0,0,0,0,0,0,0
SUPER_5,12430000,0,0,0,0,0,0,0
SUPER_5,12440000,0,0,0,0,0,0,0
SUPER_5,12450000,0,0,0,0,0,0,0
SUPER_5,12460000,0,0,0,0,0,0,0
SUPER_5,12470000,0,0,0,0,0,0,0
SUPER_5,12480000,0,0,0,0,0,0,0
SUPER_5,12490000,0,0,0,0,0,0,0
SUPER_5,12500000,76,7,6,89,45,31,5.5384617
SUPER_5,12510000,30,1,1,32,17,13,8
SUPER_5,12520000,164,10,5,179,90,74,6.733333
SUPER_5,12530000,69,8,5,82,39,30,9.846154
SUPER_5,12540000,127,8,5,140,60,67,11.461538
SUPER_5,12550000,0,0,0,0,0,0,0
SUPER_5,12560000,0,0,0,0,0,0,0
SUPER_5,12570000,40,2,7,49,27,13,7.4444447
SUPER_5,12580000,2,0,0,2,2,0,NaN
SUPER_5,12590000,6,1,2,9,3,3,2.6666667
SUPER_5,12600000,135,12,8,155,81,54,19.65
SUPER_5,12610000,89,3,3,95,43,46,11.666667
SUPER_5,12620000,49,4,1,54,25,24,3.4
SUPER_5,12630000,0,0,0,0,0,0,0
SUPER_5,12640000,0,0,0,0,0,0,0
SUPER_5,12650000,0,0,0,0,0,0,0
SUPER_5,12660000,0,0,0,0,0,0,0
SUPER_5,12670000,0,0,0,0,0,0,0
SUPER_5,12680000,0,0,0,0,0,0,0
SUPER_5,12690000,46,2,4,52,26,20,4.5
SUPER_5,12700000,75,2,1,78,45,30,5
SUPER_5,12710000,107,9,5,121,52,55,6
SUPER_5,12720000,0,0,0,0,0,0,0
SUPER_5,12730000,0,0,0,0,0,0,0
SUPER_5,12740000,0,0,0,0,0,0,0
SUPER_5,12750000,0,0,0,0,0,0,0
SUPER_5,12760000,88,6,9,103,43,45,8.666667
SUPER_5,12770000,0,0,0,0,0,0,0
SUPER_5,12780000,0,0,0,0,0,0,0
SUPER_5,12790000,0,0,0,0,0,0,0
SUPER_5,12800000,0,0,0,0,0,0,0
SUPER_5,12810000,144,6,13,163,81,63,8.947369
SUPER_5,12820000,66,4,4,74,38,28,8.875
SUPER_5,12830000,97,4,6,107,49,48,4.6
SUPER_5,12840000,22,4,1,27,13,9,3.8
SUPER_5,12850000,4,1,1,6,3,1,17.5
SUPER_5,12860000,2,1,0,3,1,1,1
SUPER_5,12870000,1,0,0,1,0,1,NaN
SUPER_5,12880000,1,0,1,2,0,1,1
SUPER_5,12890000,0,0,1,1,0,0,9
SUPER_5,12900000,8,0,2,10,4,4,5
SUPER_5,12910000,5,0,0,5,2,3,NaN
SUPER_5,12920000,86,0,0,86,53,33,NaN
SUPER_5,12930000,24,3,0,27,18,6,7.3333335
SUPER_5,12940000,34,1,0,35,15,19,1
SUPER_5,12950000,160,11,10,181,83,77,12.428572
SUPER_5,12960000,80,2,4,86,49,31,4.6666665
SUPER_5,12970000,136,6,12,154,75,61,7.6666665
SUPER_5,12980000,0,0,0,0,0,0,0
SUPER_5,12990000,0,0,0,0,0,0,0
SUPER_5,13000000,140,9,8,157,80,60,6.2352943
SUPER_5,13010000,118,8,8,134,59,59,2.8125
SUPER_5,13020000,239,14,16,269,125,114,8.766666
SUPER_5,13030000,82,6,5,93,46,36,6.7272725
SUPER_5,13040000,25,2,3,30,16,9,10.4
SUPER_5,13050000,61,6,10,77,33,28,6.9375
SUPER_5,13060000,107,9,5,121,50,57,12.142858
SUPER_5,13070000,128,5,10,143,69,59,6.8
SUPER_5,13080000,105,7,3,115,57,48,9.4
SUPER_5,13090000,66,7,1,74,39,27,3.375
SUPER_5,13100000,14,0,2,16,9,5,2.5
SUPER_5,13110000,3,0,0,3,2,1,NaN
SUPER_5,13120000,3,0,0,3,1,2,NaN
SUPER_5,13130000,5,0,1,6,3,2,12
SUPER_5,13140000,10,0,1,11,4,6,11
SUPER_5,13150000,4,0,1,5,2,2,1
SUPER_5,13160000,0,0,1,1,0,0,15
SUPER_5,13170000,108,6,7,121,64,44,2.9230769
SUPER_5,13180000,250,9,17,276,130,120,20.346153
SUPER_5,13190000,163,5,16,184,89,74,14.761905
SUPER_5,13200000,135,8,10,153,74,61,5.2222223
SUPER_5,13210000,146,9,6,161,79,67,13.333333
SUPER_5,13220000,167,16,9,192,79,88,7.04
SUPER_5,13230000,102,4,5,111,49,53,5.5555553
SUPER_5,13240000,70,2,0,72,47,23,5.5
SUPER_5,13250000,228,12,11,251,133,95,4.869565
SUPER_5,13260000,179,9,16,204,95,84,3.64
SUPER_5,13270000,159,8,18,185,85,74,5.1923075
SUPER_5,13280000,164,10,8,182,77,87,5.1666665
SUPER_5,13290000,157,8,8,173,91,66,7.5625
SUPER_5,13300000,81,2,2,85,49,32,9.25
SUPER_5,13310000,206,16,11,233,109,97,4.5555553
SUPER_5,13320000,151,10,14,175,90,61,15
SUPER_5,13330000,157,7,13,177,88,69,10
SUPER_5,13340000,198,18,14,230,111,87,5.375
SUPER_5,13350000,154,6,9,169,86,68,5.9333334
SUPER_5,13360000,31,5,3,39,10,21,8.875
SUPER_5,13370000,166,12,12,190,84,82,4.9583335
SUPER_5,13380000,146,4,19,169,78,68,6.478261
SUPER_5,13390000,138,15,11,164,70,68,8.576923
SUPER_5,13400000,172,7,9,188,93,79,12.25
SUPER_5,13410000,149,18,7,174,75,74,9.92
SUPER_5,13420000,87,6,3,96,50,37,8
SUPER_5,13430000,87,8,8,103,49,38,6.6875
SUPER_5,13440000,123,7,6,136,62,61,8.846154
SUPER_5,13450000,106,4,7,117,64,42,6.2727275
SUPER_5,13460000,52,7,3,62,29,23,4.9
SUPER_5,13470000,78,4,8,90,43,35,19.666666
SUPER_5,13480000,26,2,4,32,12,14,7.8333335
SUPER_5,13490000,51,2,1,54,29,22,1.6666666
SUPER_5,13500000,55,3,6,64,32,23,3.8888888
SUPER_5,13510000,144,8,9,161,73,71,2.8823528
SUPER_5,13520000,0,0,0,0,0,0,0
SUPER_5,13530000,0,0,0,0,0,0,0
SUPER_5,13540000,0,0,0,0,0,0,0
SUPER_5,13550000,0,0,0,0,0,0,0
SUPER_5,13560000,0,0,0,0,0,0,0
SUPER_5,13570000,0,0,0,0,0,0,0
SUPER_5,13580000,110,9,7,126,56,54,5.125
SUPER_5,13590000,137,8,10,155,66,71,5.3333335
SUPER_5,13600000,91,11,6,108,41,50,4.0588236
SUPER_5,13610000,117,8,10,135,63,54,8.555555
SUPER_5,13620000,161,11,7,179,92,69,6.1666665
SUPER_5,13630000,166,7,11,184,87,79,9.444445
SUPER_5,13640000,118,9,9,136,66,52,6.6666665
SUPER_5,13650000,150,15,10,175,80,70,5.76
SUPER_5,13660000,189,18,12,219,104,85,8.1
SUPER_5,13670000,159,13,9,181,100,59,8.045455
SUPER_5,13680000,71,6,6,83,28,43,2.9166667
SUPER_5,13690000,134,5,8,147,83,51,6.6923075
SUPER_5,13700000,107,8,4,119,54,53,18.25
SUPER_5,13710000,121,14,13,148,51,70,7.296296
SUPER_5,13720000,129,13,6,148,52,77,5.6842103
SUPER_5,13730000,97,9,4,110,47,50,5.076923
SUPER_5,13740000,82,6,6,94,37,45,2.9166667
SUPER_5,13750000,187,13,20,220,96,91,4.3636365
SUPER_5,13760000,144,10,14,168,75,69,5.0833335
SUPER_5,13770000,132,10,10,152,71,61,5.8
SUPER_5,13780000,118,10,8,136,69,49,8.444445
SUPER_5,13790000,133,4,8,145,65,68,8.083333
SUPER_5,13800000,1,0,0,1,0,1,NaN
SUPER_5,13810000,1,0,0,1,0,1,NaN
SUPER_5,13820000,112,4,5,121,58,54,7.2222223
SUPER_5,13830000,131,9,5,145,65,66,8.285714
SUPER_5,13840000,4,0,0,4,1,3,NaN
SUPER_5,13850000,12,0,0,12,4,8,NaN
SUPER_5,13860000,71,5,10,86,33,38,15
SUPER_5,13870000,164,5,17,186,72,92,19.454546
SUPER_5,13880000,190,8,12,210,90,100,70.75
SUPER_5,13890000,132,11,7,150,63,69,5.0555553
SUPER_5,13900000,87,5,5,97,44,43,8.1
SUPER_5,13910000,165,12,9,186,81,84,8.904762
SUPER_5,13920000,112,9,4,125,53,59,9
SUPER_5,13930000,151,9,15,175,74,77,13.666667
SUPER_5,13940000,111,7,6,124,53,58,4.4615383
SUPER_5,13950000,105,6,9,120,56,49,12.333333
SUPER_5,13960000,138,15,11,164,68,70,6.769231
SUPER_5,13970000,99,5,17,121,58,41,7.409091
SUPER_5,13980000,160,8,12,180,78,82,6.35
SUPER_5,13990000,26,1,2,29,15,11,1
SUPER_5,14000000,7,1,2,10,2,5,127
SUPER_5,14010000,1,2,0,3,1,0,3.5
SUPER_5,14020000,5,0,0,5,2,3,NaN
SUPER_5,14030000,6,0,0,6,2,4,NaN
SUPER_5,14040000,7,0,0,7,5,2,NaN
SUPER_5,14050000,2,0,0,2,2,0,NaN
SUPER_5,14060000,0,0,1,1,0,0,1
SUPER_5,14070000,81,4,3,88,46,35,3.2857144
SUPER_5,14080000,177,11,10,198,96,81,8.285714
SUPER_5,14090000,70,5,4,79,36,34,2.5555556
SUPER_5,14100000,4,0,0,4,2,2,NaN
SUPER_5,14110000,0,1,0,1,0,0,66
SUPER_5,14120000,0,1,0,1,0,0,1
SUPER_5,14130000,1,0,1,2,1,0,1
SUPER_5,14140000,1,0,0,1,0,1,NaN
SUPER_5,14150000,1,0,0,1,1,0,NaN
SUPER_5,14160000,0,0,0,0,0,0,0
SUPER_5,14170000,0,0,0,0,0,0,0
SUPER_5,14180000,5,2,0,7,2,3,5.5
SUPER_5,14190000,1,1,0,2,1,0,1
SUPER_5,14200000,2,0,0,2,0,2,NaN
SUPER_5,14210000,3,1,0,4,2,1,2
SUPER_5,14220000,0,0,1,1,0,0,1
SUPER_5,14230000,2,0,0,2,0,2,NaN
SUPER_5,14240000,1,0,0,1,0,1,NaN
SUPER_5,14250000,5,1,0,6,1,4,40
SUPER_5,14260000,1,2,0,3,0,1,4.5
SUPER_5,14270000,4,0,0,4,2,2,NaN
SUPER_5,14280000,123,11,6,140,62,61,10.176471
SUPER_5,14290000,51,2,4,57,25,26,12.166667
SUPER_5,14300000,0,0,0,0,0,0,0
SUPER_5,14310000,0,0,0,0,0,0,0
SUPER_5,14320000,3,2,1,6,2,1,1.6666666
SUPER_5,14330000,3,1,1,5,2,1,7
SUPER_5,14340000,2,0,0,2,0,2,NaN
SUPER_5,14350000,3,0,0,3,2,1,NaN
SUPER_5,14360000,2,2,0,4,1,1,5
SUPER_5,14370000,52,3,7,62,17,35,9.9
SUPER_5,14380000,178,12,14,204,85,93,5.730769
SUPER_5,14390000,69,6,5,80,47,22,1.7272727
SUPER_5,14400000,66,6,2,74,37,29,6.25
SUPER_5,14410000,96,9,8,113,45,51,10.3529415
SUPER_5,14420000,110,4,6,120,49,61,5.2
SUPER_5,14430000,110,8,5,123,61,49,6.769231
SUPER_5,14440000,135,12,3,150,72,63,8.2
SUPER_5,14450000,71,8,4,83,33,38,11.666667
SUPER_5,14460000,2,1,0,3,1,1,2
SUPER_5,14470000,1,0,0,1,0,1,NaN
SUPER_5,14480000,1,0,1,2,0,1,2
SUPER_5,14490000,2,0,1,3,2,0,2
SUPER_5,14500000,101,7,8,116,57,44,30.466667
SUPER_5,14510000,0,0,0,0,0,0,0
SUPER_5,14520000,0,0,0,0,0,0,0
SUPER_5,14530000,104,4,5,113,62,42,3.6666667
SUPER_5,14540000,134,11,9,154,73,61,5.05
SUPER_5,14550000,100,9,11,120,49,51,6.05
SUPER_5,14560000,112,3,9,124,56,56,6.4166665
SUPER_5,14570000,92,9,7,108,53,39,4.5
SUPER_5,14580000,175,13,15,203,90,85,12.464286
SUPER_5,14590000,139,7,4,150,83,56,2.8181818
SUPER_5,14600000,37,0,0,37,17,20,NaN
SUPER_5,14610000,66,5,2,73,34,32,3.857143
SUPER_5,14620000,2,0,0,2,0,2,NaN
SUPER_5,14630000,5,0,0,5,2,3,NaN
SUPER_5,14640000,1,0,0,1,0,1,NaN
SUPER_5,14650000,5,0,0,5,4,1,NaN
SUPER_5,14660000,0,0,0,0,0,0,0
SUPER_5,14670000,0,0,0,0,0,0,0
SUPER_5,14680000,0,0,0,0,0,0,0
SUPER_5,14690000,0,0,0,0,0,0,0
SUPER_5,14700000,18,0,2,20,8,10,14.5
SUPER_5,14710000,5,0,2,7,3,2,1.5
SUPER_5,14720000,159,12,18,189,88,71,16.166666
SUPER_5,14730000,107,7,7,121,53,54,14.357142
SUPER_5,14740000,134,15,5,154,67,67,3.35
SUPER_5,14750000,106,11,7,124,56,50,5.6666665
SUPER_5,14760000,90,8,4,102,31,59,3.5
SUPER_5,14770000,128,7,14,149,56,72,5
SUPER_5,14780000,116,10,14,140,48,68,3.0416667
SUPER_5,14790000,49,5,7,61,28,21,25.583334
SUPER_5,14800000,105,7,5,117,55,50,3.75
SUPER_5,14810000,0,0,0,0,0,0,0
SUPER_5,14820000,0,0,0,0,0,0,0
SUPER_5,14830000,215,17,13,245,120,95,4.766667
SUPER_5,14840000,175,14,16,205,95,80,8.5
SUPER_5,14850000,75,6,6,87,33,42,8.75
SUPER_5,14860000,173,15,14,202,81,92,6.275862
SUPER_5,14870000,94,5,14,113,42,52,4.631579
SUPER_5,14880000,89,3,8,100,37,52,6.6363635
SUPER_5,14890000,0,0,0,0,0,0,0
SUPER_5,14900000,0,0,0,0,0,0,0
SUPER_5,14910000,69,4,10,83,40,29,6.357143
SUPER_5,14920000,91,6,1,98,51,40,2.4285715
SUPER_5,14930000,13,1,3,17,9,4,13.75
SUPER_5,14940000,44,3,3,50,26,18,1.8333334
SUPER_5,14950000,169,10,6,185,79,90,6.75
SUPER_5,14960000,176,11,7,194,91,85,6.5555553
SUPER_5,14970000,142,10,8,160,77,65,5.7222223
SUPER_5,14980000,122,9,8,139,75,47,17.411764
SUPER_5,14990000,57,5,3,65,36,21,7.625
SUPER_5,15000000,17,0,2,19,7,10,1
SUPER_5,15010000,0,0,0,0,0,0,0
SUPER_5,15020000,0,0,0,0,0,0,0
SUPER_5,15030000,197,20,5,222,100,97,8.28
SUPER_5,15040000,17,5,6,28,9,8,7.3636365
SUPER_5,15050000,3,0,0,3,2,1,NaN
SUPER_5,15060000,134,9,12,155,82,52,6.285714
SUPER_5,15070000,102,6,6,114,47,55,7.25
SUPER_5,15080000,66,4,4,74,43,23,1.25
SUPER_5,15090000,26,6,3,35,11,15,3.2222223
SUPER_5,15100000,112,5,7,124,59,53,12.75
SUPER_5,15110000,101,10,10,121,44,57,40.75
SUPER_5,15120000,81,4,7,92,46,35,8.090909
SUPER_5,15130000,74,6,8,88,37,37,5.857143
SUPER_5,15140000,72,1,3,76,32,40,1.5
SUPER_5,15150000,137,7,16,160,66,71,15.434783
SUPER_5,15160000,80,5,11,96,39,41,3.75
SUPER_5,15170000,77,7,6,90,35,42,5.923077
SUPER_5,15180000,0,0,0,0,0,0,0
SUPER_5,15190000,0,0,0,0,0,0,0
SUPER_5,15200000,136,12,8,156,62,74,2.15
SUPER_5,15210000,36,1,3,40,16,20,3.75
SUPER_5,15220000,27,1,1,29,15,12,4
SUPER_5,15230000,9,2,2,13,7,2,2
SUPER_5,15240000,110,9,5,124,57,53,10.071428
SUPER_5,15250000,0,0,0,0,0,0,0
SUPER_5,15260000,0,0,0,0,0,0,0
SUPER_5,15270000,0,0,0,0,0,0,0
SUPER_5,15280000,187,11,5,203,94,93,4.9375
SUPER_5,15290000,30,2,4,36,18,12,4
SUPER_5,15300000,89,8,6,103,39,50,4.5
SUPER_5,15310000,0,0,0,0,0,0,0
SUPER_5,15320000,0,0,0,0,0,0,0
SUPER_5,15330000,145,11,12,168,71,74,3.826087
SUPER_5,15340000,172,16,10,198,85,87,27.26923
SUPER_5,15350000,101,13,3,117,49,52,7.25
SUPER_5,15360000,229,11,22,262,119,110,28.363636
SUPER_5,15370000,243,9,12,264,122,121,3.7142856
SUPER_5,15380000,0,0,0,0,0,0,0
SUPER_5,15390000,0,0,0,0,0,0,0
SUPER_5,15400000,37,4,3,44,20,17,9.285714
SUPER_5,15410000,230,15,19,264,124,106,6.5882354
SUPER_5,15420000,98,9,6,113,46,52,4.4666667
SUPER_5,15430000,40,0,1,41,25,15,1
SUPER_5,15440000,106,7,12,125,60,46,19.578947
SUPER_5,15450000,89,2,8,99,38,51,33.6
SUPER_5,15460000,172,16,12,200,78,94,8.285714
SUPER_5,15470000,129,11,12,152,62,67,10.956522
SUPER_5,15480000,91,5,5,101,41,50,4.1
SUPER_5,15490000,139,8,17,164,66,73,6.52
SUPER_5,15500000,97,7,5,109,42,55,10.25
SUPER_5,15510000,4,0,0,4,3,1,NaN
SUPER_5,15520000,81,6,8,95,40,41,5
SUPER_5,15530000,72,4,0,76,36,36,7
SUPER_5,15540000,19,4,0,23,7,12,3.25
SUPER_5,15550000,194,8,11,213,101,93,7.0526314
SUPER_5,15560000,110,8,4,122,58,52,5.75
SUPER_5,15570000,75,5,8,88,33,42,5
SUPER_5,15580000,32,2,3,37,12,20,3.4
SUPER_5,15590000,123,11,6,140,56,67,6.0588236
SUPER_5,15600000,137,8,22,167,75,62,9.533334
SUPER_5,15610000,27,7,2,36,8,19,5.7777777
SUPER_5,15620000,120,8,10,138,61,59,7.3333335
SUPER_5,15630000,172,15,7,194,86,86,6.818182
SUPER_5,15640000,121,12,11,144,70,51,4.7391305
SUPER_5,15650000,105,7,3,115,57,48,5.8
SUPER_5,15660000,1,1,0,2,0,1,1
SUPER_5,15670000,3,0,0,3,1,2,NaN
SUPER_5,15680000,4,0,0,4,2,2,NaN
SUPER_5,15690000,7,0,0,7,4,3,NaN
SUPER_5,15700000,2,0,1,3,0,2,5
SUPER_5,15710000,2,2,0,4,1,1,1
SUPER_5,15720000,24,1,3,28,10,14,11.5
SUPER_5,15730000,0,0,0,0,0,0,0
SUPER_5,15740000,0,0,0,0,0,0,0
SUPER_5,15750000,4,0,1,5,2,2,1
SUPER_5,15760000,0,0,0,0,0,0,0
SUPER_5,15770000,0,0,0,0,0,0,0
SUPER_5,15780000,0,0,0,0,0,0,0
SUPER_5,15790000,6,0,1,7,2,4,2
SUPER_5,15800000,148,5,14,167,73,75,7.368421
SUPER_5,15810000,174,16,11,201,87,87,8.148149
SUPER_5,15820000,65,5,4,74,36,29,3.2222223
SUPER_5,15830000,67,4,5,76,31,36,4.4444447
SUPER_5,15840000,56,8,1,65,29,27,8
SUPER_5,15850000,23,1,2,26,10,13,64.666664
SUPER_5,15860000,2,0,0,2,1,1,NaN
SUPER_5,15870000,80,4,6,90,46,34,2.2
SUPER_5,15880000,128,11,8,147,64,64,6.8421054
SUPER_5,15890000,71,5,3,79,38,33,2.125
SUPER_5,15900000,43,6,2,51,17,26,11.875
SUPER_5,15910000,64,6,6,76,27,37,3.1666667
SUPER_5,15920000,96,6,6,108,47,49,18.166666
SUPER_5,15930000,171,11,19,201,90,81,34.4
SUPER_5,15940000,167,7,3,177,86,81,8.3
SUPER_5,15950000,81,5,5,91,47,34,14
SUPER_5,15960000,3,0,1,4,2,1,4
SUPER_5,15970000,4,0,1,5,3,1,8
SUPER_5,15980000,78,7,6,91,47,31,3.1538463
SUPER_5,15990000,168,7,9,184,86,82,6.125
SUPER_5,16000000,181,15,15,211,99,82,33.7
SUPER_5,16010000,97,9,4,110,52,45,4.8461537
SUPER_5,16020000,75,10,5,90,42,33,4.2
SUPER_5,16030000,183,11,8,202,98,85,9.421053
SUPER_5,16040000,72,3,5,80,35,37,4.875
SUPER_5,16050000,115,13,9,137,58,57,8.318182
SUPER_5,16060000,116,6,7,129,59,57,18.461538
SUPER_5,16070000,22,1,0,23,15,7,3
SUPER_5,16080000,1,0,0,1,0,1,NaN
SUPER_5,16090000,1,1,1,3,0,1,1
SUPER_5,16100000,1,0,0,1,1,0,NaN
SUPER_5,16110000,0,0,0,0,0,0,0
SUPER_5,16120000,0,0,0,0,0,0,0
SUPER_5,16130000,234,11,14,259,128,106,11.16
SUPER_5,16140000,0,0,0,0,0,0,0
SUPER_5,16150000,0,0,0,0,0,0,0
SUPER_5,16160000,97,3,7,107,53,44,7.7
SUPER_5,16170000,141,8,11,160,76,65,26.157894
SUPER_5,16180000,109,2,8,119,53,56,9.6
SUPER_5,16190000,61,2,4,67,31,30,9.166667
SUPER_5,16200000,147,11,7,165,76,71,7.4444447
SUPER_5,16210000,190,6,12,208,107,83,8.055555
SUPER_5,16220000,80,7,4,91,49,31,17.181818
SUPER_5,16230000,40,1,1,42,26,14,1.5
SUPER_5,16240000,1,0,0,1,1,0,NaN
SUPER_5,16250000,2,0,0,2,2,0,NaN
SUPER_5,16260000,5,0,0,5,2,3,NaN
SUPER_5,16270000,2,0,0,2,1,1,NaN
SUPER_5,16280000,2,0,0,2,0,2,NaN
SUPER_5,16290000,37,0,0,37,15,22,NaN
SUPER_5,16300000,102,5,10,117,51,51,4.266667
SUPER_5,16310000,101,8,7,116,60,41,6.4666667
SUPER_5,16320000,130,7,8,145,69,61,12.666667
SUPER_5,16330000,52,6,3,61,31,21,28.777779
SUPER_5,16340000,141,6,9,156,73,68,5.5333333
SUPER_5,16350000,21,3,1,25,10,11,3.25
SUPER_5,16360000,59,1,3,63,31,28,3
SUPER_5,16370000,0,0,0,0,0,0,0
SUPER_5,16380000,0,0,0,0,0,0,0
SUPER_5,16390000,111,8,11,130,51,60,25.473684
SUPER_5,16400000,93,5,7,105,47,46,7.25
SUPER_5,16410000,72,4,7,83,41,31,4.4545455
SUPER_5,16420000,23,3,0,26,14,9,1.3333334
SUPER_5,16430000,169,4,9,182,96,73,4.076923
SUPER_5,16440000,135,6,7,148,70,65,3.3846154
SUPER_5,16450000,106,11,9,126,42,64,8.6
SUPER_5,16460000,17,2,1,20,7,10,1.3333334
SUPER_5,16470000,11,0,1,12,5,6,1
SUPER_5,16480000,14,0,0,14,7,7,NaN
SUPER_5,16490000,6,4,0,10,4,2,21.5
SUPER_5,16500000,13,1,0,14,4,9,38
SUPER_5,16510000,87,7,9,103,43,44,5.8125
SUPER_5,16520000,0,0,2,2,0,0,1.5
SUPER_5,16530000,64,2,4,70,38,26,28
SUPER_5,16540000,52,3,3,58,34,18,1.1666666
SUPER_5,16550000,51,3,6,60,22,29,3.8888888
SUPER_5,16560000,81,9,4,94,45,36,6.3076925
SUPER_5,16570000,17,2,1,20,12,5,2.3333333
SUPER_5,16580000,9,1,1,11,4,5,1.5
SUPER_5,16590000,50,2,1,53,23,27,2.6666667
SUPER_5,16600000,0,0,0,0,0,0,0
SUPER_5,16610000,0,0,0,0,0,0,0
SUPER_5,16620000,307,17,26,350,164,143,10.813953
SUPER_5,16630000,33,2,4,39,16,17,2.3333333
SUPER_5,16640000,0,0,1,1,0,0,1
SUPER_5,16650000,17,1,2,20,6,11,18.666666
SUPER_5,16660000,34,3,3,40,13,21,3.6666667
SUPER_5,16670000,11,0,0,11,4,7,NaN
SUPER_5,16680000,1,0,1,2,0,1,6
SUPER_5,16690000,1,0,0,1,1,0,NaN
SUPER_5,16700000,4,1,1,6,2,2,12
SUPER_5,16710000,6,1,0,7,3,3,1
SUPER_5,16720000,3,1,0,4,1,2,1
SUPER_5,16730000,3,0,0,3,3,0,NaN
SUPER_5,16740000,0,0,0,0,0,0,0
SUPER_5,16750000,0,0,0,0,0,0,0
SUPER_5,16760000,5,1,0,6,2,3,1
SUPER_5,16770000,3,0,0,3,0,3,NaN
SUPER_5,16780000,47,1,3,51,24,23,3.75
SUPER_5,16790000,13,1,0,14,6,7,5
SUPER_5,16800000,102,12,7,121,57,45,6.2105265
SUPER_5,16810000,148,5,4,157,74,74,9.555555
SUPER_5,16820000,149,4,11,164,69,80,7.0666666
SUPER_5,16830000,128,6,10,144,66,62,9.875
SUPER_5,16840000,64,7,5,76,30,34,3.0833333
SUPER_5,16850000,0,0,0,0,0,0,0
SUPER_5,16860000,0,0,0,0,0,0,0
SUPER_5,16870000,240,10,12,262,131,109,7.7272725
SUPER_5,16880000,125,6,14,145,58,67,9.95
SUPER_5,16890000,59,3,0,62,29,30,2.6666667
SUPER_5,16900000,4,1,0,5,1,3,1
SUPER_5,16910000,3,0,0,3,3,0,NaN
SUPER_5,16920000,2,1,1,4,0,2,10.5
SUPER_5,16930000,2,0,0,2,0,2,NaN
SUPER_5,16940000,4,0,0,4,2,2,NaN
SUPER_5,16950000,2,0,0,2,2,0,NaN
SUPER_5,16960000,4,1,0,5,2,2,36
SUPER_5,16970000,3,1,0,4,1,2,5
SUPER_5,16980000,1,1,0,2,1,0,1
SUPER_5,16990000,1,1,0,2,0,1,2
SUPER_5,17000000,4,0,0,4,4,0,NaN
SUPER_5,17010000,3,0,0,3,1,2,NaN
SUPER_5,17020000,3,0,0,3,3,0,NaN
SUPER_5,17030000,1,1,0,2,0,1,1
SUPER_5,17040000,3,0,0,3,2,1,NaN
SUPER_5,17050000,4,0,0,4,2,2,NaN
SUPER_5,17060000,2,1,1,4,2,0,11.5
SUPER_5,17070000,72,5,7,84,36,36,4
SUPER_5,17080000,232,16,15,263,107,125,5.419355
SUPER_5,17090000,103,3,6,112,63,40,2.7777777
SUPER_5,17100000,187,12,13,212,83,104,12.2
SUPER_5,17110000,125,15,9,149,56,69,5.0833335
SUPER_5,17120000,80,4,9,93,45,35,7.1538463
SUPER_5,17130000,100,7,5,112,58,42,2.5833333
SUPER_5,17140000,99,3,4,106,48,51,2.7142856
SUPER_5,17150000,111,3,2,116,65,46,7
SUPER_5,17160000,118,5,6,129,71,47,7.5454545
SUPER_5,17170000,77,7,6,90,42,35,5.923077
SUPER_5,17180000,66,4,3,73,37,29,4.428571
SUPER_5,17190000,155,7,7,169,84,71,7.428571
SUPER_5,17200000,38,0,1,39,22,16,126
SUPER_5,17210000,3,0,0,3,1,2,NaN
SUPER_5,17220000,88,6,6,100,53,35,4.8333335
SUPER_5,17230000,156,8,7,171,73,83,5.2
SUPER_5,17240000,4,1,1,6,3,1,1
SUPER_5,17250000,33,2,0,35,18,15,2
SUPER_5,17260000,1,0,0,1,1,0,NaN
SUPER_5,17270000,2,0,0,2,2,0,NaN
SUPER_5,17280000,205,6,14,225,94,111,16.25
SUPER_5,17290000,0,0,0,0,0,0,0
SUPER_5,17300000,0,0,0,0,0,0,0
SUPER_5,17310000,126,4,8,138,62,64,2.8333333
SUPER_5,17320000,45,3,3,51,21,24,19
SUPER_5,17330000,2,0,0,2,0,2,NaN
SUPER_5,17340000,2,0,4,6,2,0,38.25
SUPER_5,17350000,54,3,2,59,33,21,15.4
SUPER_5,17360000,98,6,5,109,64,34,6.090909
SUPER_5,17370000,77,2,2,81,38,39,7.75
SUPER_5,17380000,90,5,7,102,41,49,9
SUPER_5,17390000,87,6,8,101,46,41,6.642857
SUPER_5,17400000,120,11,6,137,58,62,15.3529415
SUPER_5,17410000,153,8,9,170,85,68,9.235294
SUPER_5,17420000,35,3,1,39,25,10,11.25
SUPER_5,17430000,84,4,3,91,47,37,6.428571
SUPER_5,17440000,3,0,2,5,3,0,1
SUPER_5,17450000,55,3,2,60,29,26,13
SUPER_5,17460000,94,4,13,111,43,51,5.529412
SUPER_5,17470000,117,3,9,129,63,54,6.75
SUPER_5,17480000,85,5,10,100,45,40,10.333333
SUPER_5,17490000,80,6,4,90,44,36,9
SUPER_5,17500000,36,3,3,42,22,14,2.8333333
SUPER_5,17510000,137,9,6,152,65,72,8.466666
SUPER_5,17520000,135,9,9,153,71,64,7.111111
SUPER_5,17530000,65,3,5,73,32,33,22.375
SUPER_5,17540000,224,22,18,264,121,103,7.85
SUPER_5,17550000,138,9,12,159,79,59,29.52381
SUPER_5,17560000,44,5,5,54,16,28,11.1
SUPER_5,17570000,16,3,2,21,6,10,2.6
SUPER_5,17580000,80,9,9,98,43,37,13.222222
SUPER_5,17590000,93,4,7,104,55,38,9.636364
SUPER_5,17600000,74,8,10,92,45,29,9.166667
SUPER_5,17610000,89,4,6,99,53,36,4.2
SUPER_5,17620000,124,12,12,148,60,64,6.0416665
SUPER_5,17630000,136,6,9,151,72,64,5
SUPER_5,17640000,68,4,5,77,41,27,8.888889
SUPER_5,17650000,1,1,0,2,1,0,1
SUPER_5,17660000,42,6,2,50,17,25,6.75
SUPER_5,17670000,66,3,3,72,33,33,6.5
SUPER_5,17680000,109,6,3,118,62,47,7.111111
SUPER_5,17690000,182,14,6,202,96,86,5
SUPER_5,17700000,89,7,3,99,47,42,8.4
SUPER_5,17710000,1,0,0,1,1,0,NaN
SUPER_5,17720000,4,1,0,5,1,3,3
SUPER_5,17730000,2,0,0,2,1,1,NaN
SUPER_5,17740000,69,6,2,77,39,30,3.5
SUPER_5,17750000,48,4,3,55,21,27,10.285714
SUPER_5,17760000,75,3,7,85,36,39,2.3
SUPER_5,17770000,2,1,0,3,2,0,1
SUPER_5,17780000,2,1,0,3,1,1,1
SUPER_5,17790000,104,4,9,117,57,47,25
SUPER_5,17800000,6,0,0,6,4,2,NaN
SUPER_5,17810000,156,6,8,170,75,81,8.428572
SUPER_5,17820000,77,2,5,84,38,39,5.571429
SUPER_5,17830000,6,2,2,10,3,3,1
SUPER_5,17840000,137,7,10,154,66,71,6.117647
SUPER_5,17850000,107,3,6,116,50,57,196.33333
SUPER_5,17860000,118,10,8,136,61,57,5
SUPER_5,17870000,26,4,2,32,13,13,8.666667
SUPER_5,17880000,59,4,4,67,35,24,6.5
SUPER_5,17890000,113,15,6,134,56,57,6.857143
SUPER_5,17900000,80,3,7,90,36,44,5.5
SUPER_5,17910000,124,8,8,140,61,63,3.75
SUPER_5,17920000,153,13,8,174,72,81,6.7619047
SUPER_5,17930000,142,8,4,154,70,72,4.0833335
SUPER_5,17940000,39,3,1,43,18,21,5.75
SUPER_5,17950000,1,0,1,2,0,1,1
SUPER_5,17960000,2,1,0,3,2,0,39
SUPER_5,17970000,1,0,0,1,1,0,NaN
SUPER_5,17980000,38,2,6,46,23,15,2.25
SUPER_5,17990000,2,0,0,2,0,2,NaN
SUPER_5,18000000,102,7,6,115,48,54,7.923077
SUPER_5,18010000,54,5,11,70,24,30,73.1875
SUPER_5,18020000,5,1,0,6,5,0,8
SUPER_5,18030000,9,2,3,14,7,2,7.6
SUPER_5,18040000,113,14,11,138,68,45,6.88
SUPER_5,18050000,104,14,7,125,43,61,5.571429
SUPER_5,18060000,135,8,6,149,61,74,5.642857
SUPER_5,18070000,103,8,5,116,54,49,8.384615
SUPER_5,18080000,126,8,8,142,64,62,3.9375
SUPER_5,18090000,123,6,8,137,54,69,9.714286
SUPER_5,18100000,55,7,4,66,26,29,5
SUPER_5,18110000,38,5,3,46,21,17,13.625
SUPER_5,18120000,32,8,2,42,17,15,21.8
SUPER_5,18130000,143,10,12,165,61,82,21.045454
SUPER_5,18140000,19,0,2,21,12,7,30.5
SUPER_5,18150000,118,5,7,130,55,63,4.9166665
SUPER_5,18160000,103,1,5,109,60,43,3.5
SUPER_5,18170000,40,4,3,47,11,29,2.4285715
SUPER_5,18180000,70,3,10,83,38,32,6
SUPER_5,18190000,0,0,0,0,0,0,0
SUPER_5,18200000,0,0,0,0,0,0,0
SUPER_5,18210000,93,8,5,106,51,42,6.1538463
SUPER_5,18220000,74,6,6,86,31,43,6.25
SUPER_5,18230000,142,6,13,161,71,71,7.9473686
SUPER_5,18240000,7,0,2,9,2,5,1.5
SUPER_5,18250000,38,2,3,43,18,20,2.6
SUPER_5,18260000,37,6,2,45,18,19,5.375
SUPER_5,18270000,23,1,0,24,11,12,1
SUPER_5,18280000,68,7,8,83,31,37,6.6
SUPER_5,18290000,125,7,9,141,61,64,4.1875
SUPER_5,18300000,161,14,16,191,72,89,30.066668
SUPER_5,18310000,152,10,1,163,79,73,5.090909
SUPER_5,18320000,73,4,3,80,36,37,3.857143
SUPER_5,18330000,113,7,12,132,52,61,6.7894735
SUPER_5,18340000,68,11,7,86,31,37,4.6666665
SUPER_5,18350000,65,6,5,76,33,32,3.5454545
SUPER_5,18360000,108,5,5,118,53,55,2.9
SUPER_5,18370000,97,10,9,116,41,56,6.7894735
SUPER_5,18380000,60,5,5,70,31,29,23.6
SUPER_5,18390000,120,8,8,136,68,52,13.875
SUPER_5,18400000,101,6,9,116,52,49,21.333334
SUPER_5,18410000,0,0,1,1,0,0,1
SUPER_5,18420000,126,14,6,146,63,63,4.45
SUPER_5,18430000,60,7,5,72,31,29,3.1666667
SUPER_5,18440000,85,3,4,92,38,47,2.4285715
SUPER_5,18450000,64,3,4,71,21,43,7.571429
SUPER_5,18460000,163,9,13,185,86,77,5.9545455
SUPER_5,18470000,160,12,10,182,70,90,7.9545455
SUPER_5,18480000,201,9,11,221,103,98,26.35
SUPER_5,18490000,165,11,16,192,92,73,16.703703
SUPER_5,18500000,186,11,14,211,95,91,8.96
SUPER_5,18510000,166,10,12,188,90,76,6.7272725
SUPER_5,18520000,158,12,16,186,80,78,6.571429
SUPER_5,18530000,133,8,10,151,64,69,8.555555
SUPER_5,18540000,128,10,9,147,82,46,6.0526314
SUPER_5,18550000,95,7,14,116,38,57,4.6666665
SUPER_5,18560000,49,6,7,62,26,23,16
SUPER_5,18570000,179,13,10,202,95,84,6.9565215
SUPER_5,18580000,29,4,3,36,18,11,5.857143
SUPER_5,18590000,106,11,9,126,52,54,4.25
SUPER_5,18600000,44,2,7,53,24,20,4.111111
SUPER_5,18610000,0,0,0,0,0,0,0
SUPER_5,18620000,0,0,0,0,0,0,0
SUPER_5,18630000,25,1,0,26,10,15,4
SUPER_5,18640000,1,0,0,1,0,1,NaN
SUPER_5,18650000,6,1,0,7,3,3,1
SUPER_5,18660000,2,0,0,2,1,1,NaN
SUPER_5,18670000,5,0,1,6,2,3,101
SUPER_5,18680000,126,9,6,141,71,55,5
SUPER_5,18690000,132,5,10,147,70,62,16.933332
SUPER_5,18700000,105,6,8,119,63,42,7.285714
SUPER_5,18710000,178,9,5,192,102,76,8.285714
SUPER_5,18720000,125,8,12,145,76,49,6.5
SUPER_5,18730000,134,10,7,151,66,68,3.9411764
SUPER_5,18740000,157,9,14,180,85,72,9.695652
SUPER_5,18750000,146,7,8,161,77,69,23.2
SUPER_5,18760000,87,5,4,96,46,41,7.888889
SUPER_5,18770000,112,9,7,128,57,55,11.9375
SUPER_5,18780000,30,0,1,31,15,15,1
SUPER_5,18790000,72,8,8,88,38,34,10.1875
SUPER_5,18800000,137,5,8,150,73,64,9.230769
SUPER_5,18810000,104,6,8,118,45,59,7.571429
SUPER_5,18820000,156,6,14,176,74,82,23.45
SUPER_5,18830000,113,6,5,124,58,55,6.909091
SUPER_5,18840000,58,6,5,69,35,23,5.7272725
SUPER_5,18850000,97,4,5,106,52,45,6
SUPER_5,18860000,2,1,0,3,2,0,1
SUPER_5,18870000,0,1,0,1,0,0,4
SUPER_5,18880000,1,0,3,4,1,0,15
SUPER_5,18890000,1,0,0,1,1,0,NaN
SUPER_5,18900000,65,7,8,80,32,33,20.866667
SUPER_5,18910000,126,11,5,142,59,67,9.4375
SUPER_5,18920000,4,3,0,7,3,1,7
SUPER_5,18930000,3,1,0,4,3,0,1
SUPER_5,18940000,2,1,0,3,1,1,2
SUPER_5,18950000,1,0,0,1,0,1,NaN
SUPER_5,18960000,2,0,1,3,1,1,28
SUPER_5,18970000,58,4,7,69,34,24,1.5454545
SUPER_5,18980000,63,6,3,72,31,32,1.5555556
SUPER_5,18990000,193,14,7,214,92,101,18.761906
SUPER_5,19000000,93,6,4,103,47,46,4
SUPER_5,19010000,2,3,1,6,2,0,1.75
SUPER_5,19020000,1,0,0,1,0,1,NaN
SUPER_5,19030000,51,1,3,55,30,21,7.5
SUPER_5,19040000,165,7,14,186,81,84,11.095238
SUPER_5,19050000,174,11,15,200,84,90,6.230769
SUPER_5,19060000,70,5,4,79,39,31,86.888885
SUPER_5,19070000,173,5,14,192,76,97,18.31579
SUPER_5,19080000,86,5,7,98,51,35,11.833333
SUPER_5,19090000,0,0,0,0,0,0,0
SUPER_5,19100000,0,0,0,0,0,0,0
SUPER_5,19110000,219,11,21,251,118,101,11.3125
SUPER_5,19120000,7,2,0,9,3,4,6.5
SUPER_5,19130000,8,2,0,10,3,5,1.5
SUPER_5,19140000,73,10,7,90,38,35,7.5882354
SUPER_5,19150000,57,9,1,67,31,26,11.8
SUPER_5,19160000,26,1,2,29,12,14,1.6666666
SUPER_5,19170000,99,6,13,118,53,46,9.473684
SUPER_5,19180000,77,5,6,88,43,34,4.909091
SUPER_5,19190000,110,4,8,122,64,46,6.9166665
SUPER_5,19200000,39,3,4,46,22,17,2.2857144
SUPER_5,19210000,149,10,9,168,78,71,5.631579
SUPER_5,19220000,39,4,8,51,24,15,9.666667
SUPER_5,19230000,90,4,7,101,42,48,16.727272
SUPER_5,19240000,40,3,2,45,21,19,2.2
SUPER_5,19250000,2,0,0,2,1,1,NaN
SUPER_5,19260000,112,8,10,130,53,59,5.5
SUPER_5,19270000,92,7,4,103,41,51,18.181818
SUPER_5,19280000,86,4,1,91,47,39,8.2
SUPER_5,19290000,119,8,8,135,63,56,3.8125
SUPER_5,19300000,129,7,13,149,69,60,20.45
SUPER_5,19310000,49,3,3,55,27,22,2.6666667
SUPER_5,19320000,97,10,6,113,50,47,5.5625
SUPER_5,19330000,53,6,5,64,22,31,3.6363637
SUPER_5,19340000,66,5,4,75,30,36,4.888889
SUPER_5,19350000,85,3,10,98,45,40,12.153846
SUPER_5,19360000,47,1,5,53,21,26,1.5
SUPER_5,19370000,56,2,4,62,34,22,4.3333335
SUPER_5,19380000,14,1,0,15,9,5,8
SUPER_5,19390000,0,0,0,0,0,0,0
SUPER_5,19400000,0,0,0,0,0,0,0
SUPER_5,19410000,0,0,0,0,0,0,0
SUPER_5,19420000,133,10,6,149,70,63,23.4375
SUPER_5,19430000,45,5,4,54,23,22,5
SUPER_5,19440000,149,8,9,166,75,74,6.9411764
SUPER_5,19450000,140,10,5,155,72,68,18.666666
SUPER_5,19460000,212,14,15,241,114,98,8.5172415
SUPER_5,19470000,94,5,4,103,53,41,5
SUPER_5,19480000,20,1,3,24,14,6,7.25
SUPER_5,19490000,57,5,2,64,33,24,3.857143
SUPER_5,19500000,51,2,5,58,22,29,10.571428
SUPER_5,19510000,69,2,3,74,42,27,2.4
SUPER_5,19520000,157,5,7,169,78,79,11.166667
SUPER_5,19530000,135,12,8,155,68,67,6.2
SUPER_5,19540000,120,5,12,137,53,67,12.3529415
SUPER_5,19550000,66,7,3,76,32,34,7
SUPER_5,19560000,114,6,9,129,60,54,8.133333
SUPER_5,19570000,148,10,16,174,84,64,6.269231
SUPER_5,19580000,161,9,12,182,77,84,6.714286
SUPER_5,19590000,59,2,4,65,34,25,28.666666
SUPER_5,19600000,75,9,5,89,46,29,4.142857
SUPER_5,19610000,0,0,1,1,0,0,1
SUPER_5,19620000,15,2,0,17,8,7,3
SUPER_5,19630000,51,5,3,59,27,24,6.25
SUPER_5,19640000,2,2,0,4,1,1,7.5
SUPER_5,19650000,39,4,1,44,19,20,8
SUPER_5,19660000,149,10,11,170,78,71,8.142858
SUPER_5,19670000,158,8,10,176,79,79,4.6666665
SUPER_5,19680000,159,11,14,184,81,78,7.32
SUPER_5,19690000,113,9,2,124,63,50,5.4545455
SUPER_5,19700000,15,1,2,18,8,7,4.6666665
SUPER_5,19710000,0,0,0,0,0,0,0
SUPER_5,19720000,0,0,0,0,0,0,0
SUPER_5,19730000,10,2,4,16,5,5,6
SUPER_5,19740000,89,8,5,102,53,36,2.7692308
SUPER_5,19750000,19,2,2,23,9,10,10.75
SUPER_5,19760000,91,4,10,105,55,36,5.428571
SUPER_5,19770000,70,3,3,76,36,34,2
SUPER_5,19780000,0,0,0,0,0,0,0
SUPER_5,19790000,0,0,0,0,0,0,0
SUPER_5,19800000,229,14,16,259,115,114,3.0333333
SUPER_5,19810000,68,4,3,75,33,35,14
SUPER_5,19820000,82,4,5,91,41,41,14.666667
SUPER_5,19830000,2,0,1,3,1,1,1
SUPER_5,19840000,46,3,2,51,21,25,3
SUPER_5,19850000,0,0,0,0,0,0,0
SUPER_5,19860000,0,0,0,0,0,0,0
SUPER_5,19870000,113,6,8,127,76,37,4.214286
SUPER_5,19880000,16,3,1,20,9,7,14.25
SUPER_5,19890000,214,16,7,237,132,82,3.6086957
SUPER_5,19900000,124,13,15,152,65,59,4.285714
SUPER_5,19910000,142,7,7,156,77,65,12.428572
SUPER_5,19920000,147,12,15,174,79,68,5.185185
SUPER_5,19930000,229,7,17,253,126,103,22.708334
SUPER_5,19940000,133,7,8,148,66,67,8.466666
SUPER_5,19950000,59,1,1,61,32,27,5.5
SUPER_5,19960000,63,3,4,70,36,27,6.142857
SUPER_5,19970000,50,2,4,56,31,19,8.5
SUPER_5,19980000,95,7,8,110,48,47,11.8
SUPER_5,19990000,67,6,4,77,28,39,7.1
SUPER_5,20000000,4,0,1,5,1,3,1
SUPER_5,20010000,21,3,1,25,7,14,13.25
SUPER_5,20020000,0,0,0,0,0,0,0
SUPER_5,20030000,0,0,0,0,0,0,0
SUPER_5,20040000,0,0,0,0,0,0,0
SUPER_5,20050000,116,8,7,131,67,49,14.2
SUPER_5,20060000,0,0,0,0,0,0,0
SUPER_5,20070000,0,0,0,0,0,0,0
SUPER_5,20080000,0,0,0,0,0,0,0
SUPER_5,20090000,0,0,0,0,0,0,0
SUPER_5,20100000,272,17,15,304,139,133,9.0625
SUPER_5,20110000,12,0,1,13,7,5,1
SUPER_5,20120000,98,6,6,110,63,35,4
SUPER_5,20130000,196,7,15,218,93,103,9.318182
SUPER_5,20140000,94,5,11,110,50,44,4.375
SUPER_5,20150000,81,8,2,91,45,36,7.4
SUPER_5,20160000,150,15,9,174,72,78,4.7083335
SUPER_5,20170000,80,11,10,101,42,38,4.5238094
SUPER_5,20180000,48,3,0,51,27,21,4
SUPER_5,20190000,90,3,5,98,47,43,7.75
SUPER_5,20200000,49,4,1,54,27,22,8.6
SUPER_5,20210000,89,4,3,96,54,35,5.428571
SUPER_5,20220000,0,0,0,0,0,0,0
SUPER_5,20230000,0,0,0,0,0,0,0
SUPER_5,20240000,72,2,5,79,51,21,26.142857
SUPER_5,20250000,4,1,3,8,2,2,6
SUPER_5,20260000,2,0,1,3,1,1,1
SUPER_5,20270000,2,1,1,4,1,1,2
SUPER_5,20280000,0,0,0,0,0,0,0
SUPER_5,20290000,0,0,0,0,0,0,0
SUPER_5,20300000,11,2,1,14,5,6,2.3333333
SUPER_5,20310000,7,2,1,10,2,5,8.666667
SUPER_5,20320000,1,1,1,3,1,0,5.5
SUPER_5,20330000,35,4,3,42,16,19,3
SUPER_5,20340000,14,2,0,16,6,8,3
SUPER_5,20350000,5,1,0,6,3,2,12
SUPER_5,20360000,20,3,1,24,12,8,3
SUPER_5,20370000,176,6,11,193,89,87,3.8235295
SUPER_5,20380000,91,6,5,102,49,42,2.4545455
SUPER_5,20390000,121,1,5,127,72,49,14.666667
SUPER_5,20400000,107,7,9,123,57,50,8.5
SUPER_5,20410000,163,8,10,181,82,81,3.7777777
SUPER_5,20420000,55,5,2,62,28,27,5.714286
SUPER_5,20430000,10,1,0,11,4,6,4
SUPER_5,20440000,106,5,7,118,55,51,16.333334
SUPER_5,20450000,89,4,5,98,42,47,14.111111
SUPER_5,20460000,9,1,0,10,4,5,1
SUPER_5,20470000,5,0,0,5,3,2,NaN
SUPER_5,20480000,4,0,0,4,2,2,NaN
SUPER_5,20490000,4,0,0,4,2,2,NaN
SUPER_5,20500000,2,1,0,3,1,1,1
SUPER_5,20510000,6,1,0,7,1,5,6
SUPER_5,20520000,28,0,4,32,12,16,5
SUPER_5,20530000,54,4,6,64,25,29,6
SUPER_5,20540000,8,1,2,11,1,7,8.666667
SUPER_5,20550000,3,0,1,4,2,1,7
SUPER_5,20560000,14,0,1,15,8,6,16
SUPER_5,20570000,18,1,0,19,10,8,1
SUPER_5,20580000,23,0,3,26,12,11,7.3333335
SUPER_5,20590000,95,4,6,105,47,48,9.1
SUPER_5,20600000,119,3,10,132,69,50,24
SUPER_5,20610000,84,6,4,94,60,24,5.7
SUPER_5,20620000,123,5,9,137,79,44,6.071429
SUPER_5,20630000,105,4,9,118,53,52,35.384617
SUPER_5,20640000,135,7,11,153,73,62,16.5
SUPER_5,20650000,102,4,8,114,58,44,6.3333335
SUPER_5,20660000,105,1,8,114,54,51,5.7777777
SUPER_5,20670000,145,9,9,163,70,75,29.666666
SUPER_5,20680000,160,8,7,175,86,74,7.133333
SUPER_5,20690000,16,1,2,19,9,7,10.666667
SUPER_5,20700000,225,14,17,256,126,99,10.387096
SUPER_5,20710000,175,6,20,201,82,93,8
SUPER_5,20720000,39,3,5,47,16,23,5.375
SUPER_5,20730000,65,2,7,74,34,31,3.2222223
SUPER_5,20740000,79,8,9,96,40,39,5.647059
SUPER_5,20750000,66,5,4,75,48,18,14.222222
SUPER_5,20760000,79,5,4,88,33,46,94.333336
SUPER_5,20770000,169,9,17,195,92,77,10.307693
SUPER_5,20780000,60,3,3,66,29,31,10
SUPER_5,20790000,127,13,11,151,56,71,5.5
SUPER_5,20800000,116,6,10,132,50,66,4.75
SUPER_5,20810000,115,4,2,121,64,51,3.3333333
SUPER_5,20820000,130,5,8,143,68,62,12.923077
SUPER_5,20830000,121,4,8,133,69,52,5.5833335
SUPER_5,20840000,116,9,14,139,53,63,10.043478
SUPER_5,20850000,0,0,0,0,0,0,0
SUPER_5,20860000,0,0,0,0,0,0,0
SUPER_5,20870000,73,4,7,84,40,33,4.181818
SUPER_5,20880000,40,3,4,47,17,23,2.4285715
SUPER_5,20890000,114,6,20,140,49,65,5.230769
SUPER_5,20900000,78,11,7,96,37,41,15.111111
SUPER_5,20910000,70,4,2,76,40,30,5.1666665
SUPER_5,20920000,132,8,13,153,59,73,6.3333335
SUPER_5,20930000,84,9,10,103,46,38,4
SUPER_5,20940000,122,11,12,145,66,56,4
SUPER_5,20950000,95,6,4,105,42,53,3.2
SUPER_5,20960000,165,6,6,177,96,69,2.25
SUPER_5,20970000,153,5,13,171,69,84,27.055555
SUPER_5,20980000,140,14,8,162,78,62,1.9545455
SUPER_5,20990000,37,2,2,41,20,17,5.75
SUPER_5,21000000,47,2,1,50,22,25,1
SUPER_5,21010000,92,8,5,105,50,42,7.1538463
SUPER_5,21020000,140,20,12,172,72,68,5.375
SUPER_5,21030000,130,7,7,144,61,69,4.357143
SUPER_5,21040000,72,4,7,83,40,32,3
SUPER_5,21050000,20,1,1,22,7,13,3
SUPER_5,21060000,48,1,0,49,32,16,7
SUPER_5,21070000,189,19,12,220,95,94,4.903226
SUPER_5,21080000,145,11,7,163,75,70,4.611111
SUPER_5,21090000,174,10,11,195,95,79,4.904762
SUPER_5,21100000,175,12,10,197,87,88,4
SUPER_5,21110000,27,5,3,35,14,13,20.375
SUPER_5,21120000,35,4,2,41,19,16,4.1666665
SUPER_5,21130000,0,0,0,0,0,0,0
SUPER_5,21140000,0,0,0,0,0,0,0
SUPER_5,21150000,165,10,11,186,99,66,8.571428
SUPER_5,21160000,84,8,7,99,39,45,3.8
SUPER_5,21170000,78,9,5,92,45,33,9.642858
SUPER_5,21180000,96,5,5,106,60,36,4.1
SUPER_5,21190000,23,1,1,25,13,10,1
SUPER_5,21200000,81,3,9,93,43,38,6.4166665
SUPER_5,21210000,0,0,0,0,0,0,0
SUPER_5,21220000,0,0,0,0,0,0,0
SUPER_5,21230000,126,9,10,145,58,68,6.4210525
SUPER_5,21240000,119,4,7,130,52,67,3.909091
SUPER_5,21250000,111,10,8,129,55,56,11.166667
SUPER_5,21260000,58,7,8,73,32,26,49
SUPER_5,21270000,61,4,2,67,35,26,10.666667
SUPER_5,21280000,26,6,1,33,16,10,9.142858
SUPER_5,21290000,65,6,3,74,41,24,11.888889
SUPER_5,21300000,27,4,2,33,17,10,4.1666665
SUPER_5,21310000,84,8,7,99,48,36,3.4666667
SUPER_5,21320000,92,5,5,102,55,37,19.9
SUPER_5,21330000,92,4,8,104,44,48,9.916667
SUPER_5,21340000,66,5,6,77,29,37,9
SUPER_5,21350000,115,6,5,126,52,63,5.2727275
SUPER_5,21360000,43,5,0,48,18,25,4.8
SUPER_5,21370000,145,5,11,161,79,66,37.25
SUPER_5,21380000,114,9,7,130,64,50,15.6875
SUPER_5,21390000,85,7,10,102,38,47,2.4705882
SUPER_5,21400000,134,9,6,149,64,70,7.6
SUPER_5,21410000,125,8,7,140,72,53,15
SUPER_5,21420000,167,6,14,187,90,77,8.7
SUPER_5,21430000,51,7,4,62,19,32,9.363636
SUPER_5,21440000,2,0,0,2,1,1,NaN
SUPER_5,21450000,1,0,1,2,0,1,1
SUPER_5,21460000,2,1,0,3,0,2,3
SUPER_5,21470000,2,0,0,2,1,1,NaN
SUPER_5,21480000,3,0,1,4,1,2,4
SUPER_5,21490000,79,6,10,95,45,34,6.4375
SUPER_5,21500000,127,8,5,140,67,60,6.3846154
SUPER_5,21510000,129,8,13,150,66,63,6.095238
SUPER_5,21520000,120,5,10,135,65,55,21.066668
SUPER_5,21530000,101,5,5,111,51,50,5.5
SUPER_5,21540000,19,5,2,26,14,5,3.5714285
SUPER_5,21550000,41,4,3,48,21,20,8.285714
SUPER_5,21560000,89,8,7,104,44,45,3.4
SUPER_5,21570000,117,8,12,137,68,49,7
SUPER_5,21580000,208,10,20,238,104,104,7.5666666
SUPER_5,21590000,114,16,8,138,51,63,5.0416665
SUPER_5,21600000,53,5,4,62,30,23,5.111111
SUPER_5,21610000,122,5,11,138,61,61,6
SUPER_5,21620000,109,12,6,127,45,64,18.61111
SUPER_5,21630000,64,4,5,73,35,29,10.222222
SUPER_5,21640000,89,8,3,100,44,45,7.7272725
SUPER_5,21650000,139,9,11,159,71,68,5.7
SUPER_5,21660000,96,4,4,104,56,40,3.75
SUPER_5,21670000,114,4,10,128,58,56,6.071429
SUPER_5,21680000,0,0,0,0,0,0,0
SUPER_5,21690000,0,0,0,0,0,0,0
SUPER_5,21700000,1,0,1,2,0,1,1
SUPER_5,21710000,3,0,0,3,2,1,NaN
SUPER_5,21720000,2,0,1,3,0,2,10
SUPER_5,21730000,74,3,6,83,49,25,8.888889
SUPER_5,21740000,151,10,10,171,82,69,11.5
SUPER_5,21750000,85,5,6,96,45,40,3.4545455
SUPER_5,21760000,82,7,11,100,39,43,13.888889
SUPER_5,21770000,8,2,1,11,3,5,1.3333334
SUPER_5,21780000,53,2,4,59,23,30,3.5
SUPER_5,21790000,113,3,11,127,59,54,5.928571
SUPER_5,21800000,73,5,7,85,41,32,7.5833335
SUPER_5,21810000,60,5,5,70,25,35,5.8
SUPER_5,21820000,83,7,2,92,41,42,3.1111112
SUPER_5,21830000,119,15,6,140,64,55,6.4761906
SUPER_5,21840000,129,10,6,145,73,56,2.875
SUPER_5,21850000,80,5,8,93,30,50,14.076923
SUPER_5,21860000,95,3,7,105,44,51,16.4
SUPER_5,21870000,2,1,0,3,2,0,1
SUPER_5,21880000,1,0,0,1,1,0,NaN
SUPER_5,21890000,1,1,0,2,1,0,1
SUPER_5,21900000,1,0,0,1,1,0,NaN
SUPER_5,21910000,0,0,0,0,0,0,0
SUPER_5,21920000,0,0,0,0,0,0,0
SUPER_5,21930000,100,12,5,117,38,62,4.647059
SUPER_5,21940000,0,0,0,0,0,0,0
SUPER_5,21950000,0,0,0,0,0,0,0
SUPER_5,21960000,61,4,8,73,32,29,4.4166665
SUPER_5,21970000,1,0,0,1,1,0,NaN
SUPER_5,21980000,0,0,0,0,0,0,0
SUPER_5,21990000,0,0,0,0,0,0,0
SUPER_5,22000000,4,0,1,5,3,1,2
SUPER_5,22010000,46,4,2,52,24,22,2.6666667
SUPER_5,22020000,101,7,8,116,47,54,4.2
SUPER_5,22030000,5,0,1,6,4,1,8
SUPER_5,22040000,5,1,0,6,1,4,6
SUPER_5,22050000,1,0,0,1,1,0,NaN
SUPER_5,22060000,2,0,0,2,0,2,NaN
SUPER_5,22070000,113,4,8,125,57,56,7.1666665
SUPER_5,22080000,54,4,2,60,26,28,5
SUPER_5,22090000,15,4,6,25,8,7,26.9
SUPER_5,22100000,99,3,4,106,52,47,10.285714
SUPER_5,22110000,124,5,5,134,61,63,4.2
SUPER_5,22120000,53,10,4,67,25,28,3.9285715
SUPER_5,22130000,191,7,12,210,106,85,12.315789
SUPER_5,22140000,133,4,12,149,71,62,7.125
SUPER_5,22150000,24,3,1,28,7,17,4
SUPER_5,22160000,2,1,0,3,0,2,1
SUPER_5,22170000,70,5,3,78,35,35,5.125
SUPER_5,22180000,5,2,2,9,3,2,2.5
SUPER_5,22190000,131,10,5,146,62,69,6.8
SUPER_5,22200000,96,13,10,119,38,58,5.695652
SUPER_5,22210000,1,0,0,1,0,1,NaN
SUPER_5,22220000,70,3,6,79,37,33,5
SUPER_5,22230000,169,13,16,198,78,91,4.3448277
SUPER_5,22240000,99,4,5,108,42,57,2.7777777
SUPER_5,22250000,85,6,6,97,36,49,3.25
SUPER_5,22260000,109,15,9,133,45,64,5.5
SUPER_5,22270000,129,11,12,152,54,75,6.3913045
SUPER_5,22280000,95,8,9,112,50,45,5.1764708
SUPER_5,22290000,118,10,8,136,53,65,5.9444447
SUPER_5,22300000,94,10,10,114,41,53,3.05
SUPER_5,22310000,126,6,8,140,66,60,5.214286
SUPER_5,22320000,144,11,8,163,78,66,8.578947
SUPER_5,22330000,78,9,4,91,37,41,12
SUPER_5,22340000,4,0,0,4,4,0,NaN
SUPER_5,22350000,2,1,1,4,1,1,10.5
SUPER_5,22360000,11,1,2,14,4,7,16
SUPER_5,22370000,41,1,1,43,14,27,1
SUPER_5,22380000,142,9,9,160,64,78,8.555555
SUPER_5,22390000,5,1,1,7,1,4,9.5
SUPER_5,22400000,72,5,5,82,33,39,3.3
SUPER_5,22410000,166,3,9,178,77,89,20
SUPER_5,22420000,31,6,0,37,11,20,2.5
SUPER_5,22430000,0,0,1,1,0,0,1
SUPER_5,22440000,3,0,1,4,2,1,46
SUPER_5,22450000,22,2,4,28,9,13,12.166667
SUPER_5,22460000,2,0,0,2,1,1,NaN
SUPER_5,22470000,55,4,1,60,21,34,10
SUPER_5,22480000,6,1,1,8,5,1,9.5
SUPER_5,22490000,121,13,9,143,69,52,6.7272725
SUPER_5,22500000,74,4,3,81,30,44,4.571429
SUPER_5,22510000,80,3,7,90,37,43,3.8
SUPER_5,22520000,85,2,10,97,37,48,7.0833335
SUPER_5,22530000,109,5,6,120,57,52,18
SUPER_5,22540000,117,11,12,140,56,61,4.6086955
SUPER_5,22550000,43,5,6,54,17,26,9.272727
SUPER_5,22560000,109,6,11,126,52,57,2.764706
SUPER_5,22570000,148,11,7,166,89,59,7.1666665
SUPER_5,22580000,23,0,0,23,6,17,NaN
SUPER_5,22590000,67,3,4,74,33,34,3.7142856
SUPER_5,22600000,95,6,11,112,46,49,5.352941
SUPER_5,22610000,117,10,15,142,63,54,6.76
SUPER_5,22620000,93,8,10,111,51,42,3.0555556
SUPER_5,22630000,0,0,0,0,0,0,0
SUPER_5,22640000,0,0,0,0,0,0,0
SUPER_5,22650000,159,12,17,188,75,84,3.9655173
SUPER_5,22660000,61,3,6,70,36,25,2.5555556
SUPER_5,22670000,68,8,10,86,28,40,4.7777777
SUPER_5,22680000,105,5,4,114,54,51,8.777778
SUPER_5,22690000,60,2,6,68,33,27,5
SUPER_5,22700000,86,2,9,97,41,45,3.8181818
SUPER_5,22710000,92,8,11,111,40,52,6.8421054
SUPER_5,22720000,77,6,9,92,35,42,4.866667
SUPER_5,22730000,87,11,4,102,41,46,7.133333
SUPER_5,22740000,113,7,8,128,55,58,5.266667
SUPER_5,22750000,173,14,11,198,77,96,4.56
SUPER_5,22760000,124,9,2,135,61,63,7.818182
SUPER_5,22770000,82,13,12,107,43,39,8.8
SUPER_5,22780000,48,4,3,55,20,28,7.142857
SUPER_5,22790000,79,12,7,98,42,37,14.842105
SUPER_5,22800000,203,10,9,222,111,92,18.947369
SUPER_5,22810000,42,6,2,50,19,23,5.125
SUPER_5,22820000,70,5,5,80,39,31,7.5
SUPER_5,22830000,133,10,5,148,84,49,6.8
SUPER_5,22840000,91,7,10,108,50,41,8.588235
SUPER_5,22850000,29,1,6,36,14,15,5.142857
SUPER_5,22860000,77,7,3,87,32,45,7
SUPER_5,22870000,60,1,2,63,29,31,3
SUPER_5,22880000,2,0,0,2,1,1,NaN
SUPER_5,22890000,0,1,0,1,0,0,2
SUPER_5,22900000,1,1,0,2,1,0,1
SUPER_5,22910000,2,0,0,2,2,0,NaN
SUPER_5,22920000,5,0,0,5,3,2,NaN
SUPER_5,22930000,2,0,2,4,1,1,1
SUPER_5,22940000,0,0,1,1,0,0,2
SUPER_5,22950000,1,0,0,1,1,0,NaN
SUPER_5,22960000,1,0,0,1,0,1,NaN
SUPER_5,22970000,4,0,0,4,0,4,NaN
SUPER_5,22980000,3,0,1,4,1,2,18
SUPER_5,22990000,2,0,1,3,1,1,4
SUPER_5,23000000,2,1,0,3,2,0,3
SUPER_5,23010000,2,1,0,3,1,1,2
SUPER_5,23020000,1,0,2,3,1,0,87
SUPER_5,23030000,0,3,0,3,0,0,8.666667
SUPER_5,23040000,1,0,0,1,1,0,NaN
SUPER_5,23050000,3,0,0,3,2,1,NaN
SUPER_5,23060000,1,0,0,1,1,0,NaN
SUPER_5,23070000,1,0,0,1,1,0,NaN
SUPER_5,23080000,2,0,0,2,1,1,NaN
SUPER_5,23090000,4,0,0,4,2,2,NaN
SUPER_5,23100000,2,0,1,3,0,2,1
SUPER_5,23110000,6,0,2,8,2,4,2.5
SUPER_5,23120000,1,0,1,2,1,0,6
SUPER_5,23130000,3,0,0,3,1,2,NaN
SUPER_5,23140000,5,0,2,7,1,4,63.5
SUPER_5,23150000,0,0,1,1,0,0,6
SUPER_5,23160000,2,0,0,2,1,1,NaN
SUPER_5,23170000,1,1,0,2,1,0,1
SUPER_5,23180000,0,1,0,1,0,0,1
SUPER_5,23190000,2,1,0,3,2,0,2
SUPER_5,23200000,1,1,0,2,1,0,39
SUPER_5,23210000,4,0,0,4,1,3,NaN
SUPER_5,23220000,5,0,0,5,2,3,NaN
SUPER_5,23230000,2,0,1,3,1,1,2
SUPER_5,23240000,2,0,0,2,2,0,NaN
SUPER_5,23250000,1,0,0,1,1,0,NaN
SUPER_5,23260000,1,0,0,1,1,0,NaN
SUPER_5,23270000,1,0,0,1,1,0,NaN
SUPER_5,23280000,1,1,0,2,0,1,62
SUPER_5,23290000,3,0,0,3,1,2,NaN
SUPER_5,23300000,1,1,0,2,1,0,1
SUPER_5,23310000,2,0,0,2,1,1,NaN
SUPER_5,23320000,7,0,0,7,2,5,NaN
SUPER_5,23330000,39,0,5,44,21,18,59
SUPER_5,23340000,1,0,0,1,0,1,NaN
SUPER_5,23350000,1,0,0,1,1,0,NaN
SUPER_5,23360000,2,0,0,2,1,1,NaN
SUPER_5,23370000,2,0,0,2,1,1,NaN
SUPER_5,23380000,2,0,0,2,0,2,NaN
SUPER_5,23390000,3,0,1,4,0,3,5
SUPER_5,23400000,71,5,7,83,38,33,4.5
SUPER_5,23410000,89,10,7,106,52,37,15.470589
SUPER_5,23420000,94,6,5,105,62,32,7.909091
SUPER_5,23430000,96,8,7,111,60,36,4.4666667
SUPER_5,23440000,76,5,3,84,45,31,6.125
SUPER_5,23450000,125,5,7,137,78,47,8.25
SUPER_5,23460000,126,5,2,133,67,59,3.857143
SUPER_5,23470000,165,10,11,186,99,66,6.952381
SUPER_5,23480000,80,4,7,91,41,39,9.363636
SUPER_5,23490000,78,4,2,84,41,37,4.3333335
SUPER_5,23500000,92,8,8,108,48,44,7.1875
SUPER_5,23510000,59,8,8,75,35,24,8.8125
SUPER_5,23520000,46,0,6,52,25,21,46.5
SUPER_5,23530000,36,3,7,46,24,12,2.9
SUPER_5,23540000,35,6,4,45,14,21,12.4
SUPER_5,23550000,23,3,3,29,9,14,7.8333335
SUPER_5,23560000,47,6,8,61,20,27,7.142857
SUPER_5,23570000,44,2,0,46,28,16,1.5
SUPER_5,23580000,31,2,3,36,14,17,8.8
SUPER_5,23590000,21,0,0,21,12,9,NaN
SUPER_5,23600000,0,2,0,2,0,0,6.5
SUPER_5,23610000,0,0,1,1,0,0,1
SUPER_5,23620000,1,0,0,1,0,1,NaN
SUPER_5,23630000,1,0,0,1,0,1,NaN
SUPER_5,23640000,2,0,0,2,1,1,NaN
SUPER_5,23650000,2,2,0,4,1,1,30
SUPER_5,23660000,0,0,0,0,0,0,0
SUPER_5,23670000,0,0,0,0,0,0,0
SUPER_5,23680000,3,0,1,4,2,1,1
SUPER_5,23690000,18,1,0,19,16,2,3
SUPER_5,23700000,0,0,0,0,0,0,0
SUPER_5,23710000,0,0,0,0,0,0,0
SUPER_5,23720000,0,0,0,0,0,0,0
SUPER_5,23730000,0,0,0,0,0,0,0
SUPER_5,23740000,0,0,0,0,0,0,0
SUPER_5,23750000,0,0,0,0,0,0,0
SUPER_5,23760000,0,0,0,0,0,0,0
SUPER_5,23770000,0,0,0,0,0,0,0
SUPER_5,23780000,0,0,0,0,0,0,0
SUPER_5,23790000,0,0,0,0,0,0,0
SUPER_5,23800000,57,3,3,63,25,32,1.5
SUPER_5,23810000,157,20,12,189,84,73,9.96875
SUPER_5,23820000,86,1,4,91,45,41,4.6
SUPER_5,23830000,174,13,14,201,89,85,5
SUPER_5,23840000,178,7,8,193,98,80,19.933332
SUPER_5,23850000,165,12,12,189,85,80,12.166667
SUPER_5,23860000,119,8,8,135,59,60,3.875
SUPER_5,23870000,109,10,12,131,55,54,12.5
SUPER_5,23880000,141,6,10,157,82,59,4.1875
SUPER_5,23890000,189,8,13,210,88,101,12.809524
SUPER_5,23900000,157,19,11,187,83,74,6.0333333
SUPER_5,23910000,90,3,6,99,47,43,3.5555556
SUPER_5,23920000,19,3,4,26,9,10,3.4285715
SUPER_5,23930000,52,4,2,58,28,24,1.8333334
SUPER_5,23940000,41,4,8,53,15,26,35.25
SUPER_5,23950000,93,5,6,104,51,42,13
SUPER_5,23960000,0,0,0,0,0,0,0
SUPER_5,23970000,0,0,0,0,0,0,0
SUPER_5,23980000,93,7,5,105,54,39,4.6666665
SUPER_5,23990000,98,2,6,106,62,36,2.75
SUPER_5,24000000,254,8,6,268,132,122,7.642857
SUPER_5,24010000,36,0,4,40,19,17,2
SUPER_5,24020000,24,2,1,27,8,16,1
SUPER_5,24030000,155,8,10,173,76,79,9
SUPER_5,24040000,0,0,0,0,0,0,0
SUPER_5,24050000,0,0,0,0,0,0,0
SUPER_5,24060000,0,0,0,0,0,0,0
SUPER_5,24070000,0,0,0,0,0,0,0
SUPER_5,24080000,4,2,1,7,1,3,1
SUPER_5,24090000,127,6,12,145,54,73,14
SUPER_5,24100000,39,2,3,44,21,18,8.6
SUPER_5,24110000,47,4,0,51,28,19,7
SUPER_5,24120000,100,2,2,104,47,53,1.25
SUPER_5,24130000,95,7,5,107,47,48,10.583333
SUPER_5,24140000,120,8,10,138,74,46,12.5
SUPER_5,24150000,62,4,1,67,39,23,1
SUPER_5,24160000,121,7,10,138,66,55,46.882355
SUPER_5,24170000,99,8,5,112,46,53,4.3076925
SUPER_5,24180000,125,8,6,139,60,65,2.642857
SUPER_5,24190000,151,10,16,177,80,71,8.192307
SUPER_5,24200000,20,2,1,23,10,10,2.3333333
SUPER_5,24210000,31,2,4,37,13,18,8.666667
SUPER_5,24220000,40,4,1,45,14,26,3.8
SUPER_5,24230000,67,4,4,75,28,39,33.375
SUPER_5,24240000,21,3,1,25,12,9,1
SUPER_5,24250000,171,11,6,188,79,92,5.8235292
SUPER_5,24260000,56,0,2,58,34,22,9
SUPER_5,24270000,125,10,8,143,64,61,4.611111
SUPER_5,24280000,18,0,2,20,8,10,2
SUPER_5,24290000,0,1,0,1,0,0,1
SUPER_5,24300000,88,4,7,99,36,52,17.181818
SUPER_5,24310000,106,15,5,126,50,56,4.25
SUPER_5,24320000,207,5,12,224,97,110,2.8235295
SUPER_5,24330000,27,2,4,33,11,16,5.1666665
SUPER_5,24340000,8,1,1,10,5,3,5.5
SUPER_5,24350000,15,2,0,17,9,6,1
SUPER_5,24360000,158,14,9,181,72,86,4.9565215
SUPER_5,24370000,45,4,4,53,23,22,2.375
SUPER_5,24380000,106,5,9,120,58,48,6.785714
SUPER_5,24390000,144,11,11,166,75,69,13.363636
SUPER_5,24400000,105,1,6,112,57,48,4.571429
SUPER_5,24410000,175,9,14,198,82,93,6.0869565
SUPER_5,24420000,78,7,7,92,35,43,2.857143
SUPER_5,24430000,47,3,2,52,19,28,7.6
SUPER_5,24440000,53,4,4,61,21,32,2.75
SUPER_5,24450000,72,7,2,81,37,35,6.888889
SUPER_5,24460000,12,3,0,15,5,7,4
SUPER_5,24470000,44,4,0,48,21,23,4.75
SUPER_5,24480000,120,10,7,137,63,57,7
SUPER_5,24490000,162,6,10,178,85,77,10
SUPER_5,24500000,150,16,12,178,82,68,5.714286
SUPER_5,24510000,99,7,5,111,48,51,5.25
SUPER_5,24520000,77,6,9,92,35,42,5.8
SUPER_5,24530000,100,8,4,112,48,52,7.3333335
SUPER_5,24540000,78,3,3,84,42,36,41.5
SUPER_5,24550000,169,13,18,200,93,76,5.387097
SUPER_5,24560000,214,16,20,250,107,107,11.222222
SUPER_5,24570000,49,3,3,55,33,16,18.5
SUPER_5,24580000,62,3,4,69,33,29,4.428571
SUPER_5,24590000,92,3,5,100,48,44,4.25
SUPER_5,24600000,140,9,11,160,66,74,6
SUPER_5,24610000,8,0,0,8,3,5,NaN
SUPER_5,24620000,65,5,6,76,34,31,3.909091
SUPER_5,24630000,20,2,3,25,11,9,1.2
SUPER_5,24640000,113,12,13,138,59,54,4.52
SUPER_5,24650000,39,5,2,46,22,17,9.142858
SUPER_5,24660000,27,2,3,32,13,14,72.8
SUPER_5,24670000,0,0,1,1,0,0,1
SUPER_5,24680000,2,1,0,3,0,2,1
SUPER_5,24690000,0,0,0,0,0,0,0
SUPER_5,24700000,0,0,0,0,0,0,0
SUPER_5,24710000,4,0,1,5,4,0,8
SUPER_5,24720000,37,4,6,47,15,22,1.7
SUPER_5,24730000,91,10,12,113,49,42,7.7727275
SUPER_5,24740000,91,9,8,108,42,49,12.058824
SUPER_5,24750000,0,0,0,0,0,0,0
SUPER_5,24760000,0,0,0,0,0,0,0
SUPER_5,24770000,67,3,9,79,30,37,3.5
SUPER_5,24780000,28,4,1,33,11,17,7.2
SUPER_5,24790000,86,6,7,99,43,43,6.3846154
SUPER_5,24800000,32,2,7,41,11,21,3.4444444
SUPER_5,24810000,99,8,4,111,45,54,5.5833335
SUPER_5,24820000,86,7,14,107,40,46,3.8095238
SUPER_5,24830000,53,2,4,59,33,20,3.1666667
SUPER_5,24840000,18,1,3,22,7,11,3
SUPER_5,24850000,27,3,3,33,15,12,4.3333335
SUPER_5,24860000,161,22,12,195,84,77,6.852941
SUPER_5,24870000,75,7,10,92,40,35,8.294118
SUPER_5,24880000,65,5,1,71,37,28,6.6666665
SUPER_5,24890000,129,9,8,146,63,66,4.7647057
SUPER_5,24900000,68,3,3,74,35,33,2.3333333
SUPER_5,24910000,151,11,11,173,83,68,4.7272725
SUPER_5,24920000,3,1,0,4,1,2,3
SUPER_5,24930000,151,9,11,171,83,68,19.5
SUPER_5,24940000,58,4,3,65,35,23,19.142857
SUPER_5,24950000,121,11,12,144,65,56,5.2173915
SUPER_5,24960000,51,2,3,56,26,25,1.4
SUPER_5,24970000,1,0,0,1,0,1,NaN
SUPER_5,24980000,25,2,3,30,14,11,5
SUPER_5,24990000,92,9,11,112,47,45,5.1
SUPER_5,25000000,2,0,0,2,1,1,NaN
SUPER_5,25010000,49,6,4,59,21,28,2.9
SUPER_5,25020000,64,4,7,75,27,37,8.727273
SUPER_5,25030000,85,8,4,97,44,41,14.333333
SUPER_5,25040000,108,5,7,120,54,54,4.0833335
SUPER_5,25050000,27,2,3,32,13,14,3.4
SUPER_5,25060000,52,5,8,65,27,25,10.692307
SUPER_5,25070000,160,13,4,177,73,87,3
SUPER_5,25080000,53,3,2,58,21,32,8
SUPER_5,25090000,37,4,5,46,18,19,4.888889
SUPER_5,25100000,7,0,0,7,1,6,NaN
SUPER_5,25110000,2,2,1,5,0,2,1
SUPER_5,25120000,88,6,7,101,53,35,7
SUPER_5,25130000,1,1,0,2,0,1,15
SUPER_5,25140000,2,0,0,2,1,1,NaN
SUPER_5,25150000,0,0,0,0,0,0,0
SUPER_5,25160000,0,0,0,0,0,0,0
SUPER_5,25170000,76,5,4,85,40,36,2.1111112
SUPER_5,25180000,98,11,7,116,54,44,5.2222223
SUPER_5,25190000,9,0,0,9,4,5,NaN
SUPER_5,25200000,1,0,0,1,1,0,NaN
SUPER_5,25210000,69,3,3,75,39,30,12
SUPER_5,25220000,141,9,10,160,75,66,5.4736843
SUPER_5,25230000,41,3,1,45,20,21,4.5
SUPER_5,25240000,127,11,6,144,63,64,6.5882354
SUPER_5,25250000,174,8,11,193,88,86,3.0526316
SUPER_5,25260000,105,3,7,115,52,53,24.2
SUPER_5,25270000,109,12,7,128,60,49,9.421053
SUPER_5,25280000,159,12,11,182,82,77,3.9565217
SUPER_5,25290000,132,15,9,156,58,74,8.125
SUPER_5,25300000,95,6,6,107,53,42,3.9166667
SUPER_5,25310000,117,9,13,139,62,55,6.409091
SUPER_5,25320000,149,12,19,180,73,76,4.225806
SUPER_5,25330000,97,4,5,106,53,44,18.666666
SUPER_5,25340000,13,2,0,15,10,3,6.5
SUPER_5,25350000,23,0,1,24,12,11,3
SUPER_5,25360000,85,5,4,94,44,41,4.4444447
SUPER_5,25370000,24,1,2,27,14,10,7.3333335
SUPER_5,25380000,1,1,0,2,0,1,2
SUPER_5,25390000,78,12,7,97,43,35,4.3157897
SUPER_5,25400000,94,7,8,109,47,47,43.066666
SUPER_5,25410000,35,1,2,38,22,13,4.6666665
SUPER_5,25420000,110,9,11,130,50,60,4.4
SUPER_5,25430000,85,11,6,102,42,43,3.764706
SUPER_5,25440000,106,7,6,119,55,51,3
SUPER_5,25450000,62,4,7,73,27,35,6.6363635
SUPER_5,25460000,20,1,2,23,9,11,5.3333335
SUPER_5,25470000,40,4,4,48,26,14,4.625
SUPER_5,25480000,89,12,8,109,39,50,4.9
SUPER_5,25490000,117,14,15,146,52,65,18.62069
SUPER_5,25500000,33,0,2,35,16,17,3
SUPER_5,25510000,72,3,3,78,35,37,6.6666665
SUPER_5,25520000,1,0,0,1,0,1,NaN
SUPER_5,25530000,55,2,4,61,34,21,6.1666665
SUPER_5,25540000,66,3,5,74,43,23,10.5
SUPER_5,25550000,166,3,10,179,84,82,14.307693
SUPER_5,25560000,139,11,13,163,57,82,7.6666665
SUPER_5,25570000,86,7,7,100,42,44,7.071429
SUPER_5,25580000,133,14,5,152,77,56,7.105263
SUPER_5,25590000,123,9,9,141,64,59,6.6666665
SUPER_5,25600000,91,9,7,107,41,50,4.0625
SUPER_5,25610000,128,7,11,146,71,57,17.88889
SUPER_5,25620000,132,7,13,152,71,61,6
SUPER_5,25630000,60,4,3,67,23,37,3.2857144
SUPER_5,25640000,116,11,4,131,51,65,4.4666667
SUPER_5,25650000,68,5,8,81,29,39,13.615385
SUPER_5,25660000,67,1,3,71,35,32,3.25
SUPER_5,25670000,4,0,0,4,2,2,NaN
SUPER_5,25680000,95,7,3,105,45,50,3.9
SUPER_5,25690000,95,9,10,114,49,46,4.368421
SUPER_5,25700000,154,12,13,179,78,76,11.08
SUPER_5,25710000,131,12,13,156,58,73,33.44
SUPER_5,25720000,101,2,3,106,48,53,12.6
SUPER_5,25730000,102,8,5,115,55,47,9.230769
SUPER_5,25740000,77,6,4,87,44,33,7.5
SUPER_5,25750000,82,5,8,95,36,46,4.923077
SUPER_5,25760000,88,2,10,100,41,46,3
SUPER_5,25770000,159,12,6,177,76,83,4.4444447
SUPER_5,25780000,111,11,5,127,58,53,3.75
SUPER_5,25790000,128,8,16,152,71,57,40.291668
SUPER_5,25800000,114,8,9,131,54,60,4.4117646
SUPER_5,25810000,116,9,12,137,56,60,14.476191
SUPER_5,25820000,90,7,7,104,38,52,3.357143
SUPER_5,25830000,135,16,8,159,64,71,6.3333335
SUPER_5,25840000,12,0,1,13,5,7,1
SUPER_5,25850000,1,0,0,1,0,1,NaN
SUPER_5,25860000,105,11,8,124,54,51,4.105263
SUPER_5,25870000,1,1,3,5,0,1,1.25
SUPER_5,25880000,54,6,2,62,25,29,9.25
SUPER_5,25890000,72,2,6,80,35,37,3.125
SUPER_5,25900000,104,3,4,111,51,53,10.142858
SUPER_5,25910000,49,7,4,60,23,26,2.2727273
SUPER_5,25920000,125,3,5,133,62,63,31.125
SUPER_5,25930000,177,16,12,205,90,87,7.142857
SUPER_5,25940000,63,5,4,72,35,28,7
SUPER_5,25950000,173,12,14,199,90,83,2.7692308
SUPER_5,25960000,130,9,15,154,58,72,22.208334
SUPER_5,25970000,148,10,5,163,84,64,5.4
SUPER_5,25980000,151,6,12,169,79,72,14.166667
SUPER_5,25990000,191,11,9,211,92,99,5.15
SUPER_5,26000000,98,7,7,112,48,50,3.142857
SUPER_5,26010000,25,1,1,27,12,13,20.5
SUPER_5,26020000,3,0,1,4,0,3,1
SUPER_5,26030000,4,1,0,5,2,2,1
SUPER_5,26040000,1,0,0,1,1,0,NaN
SUPER_5,26050000,1,0,0,1,0,1,NaN
SUPER_5,26060000,27,2,3,32,16,11,3.6
SUPER_5,26070000,25,2,5,32,10,15,7.285714
SUPER_5,26080000,30,1,2,33,13,17,1.6666666
SUPER_5,26090000,91,7,5,103,53,38,5.25
SUPER_5,26100000,172,11,14,197,85,87,5.24
SUPER_5,26110000,125,14,8,147,69,56,21.045454
SUPER_5,26120000,113,8,10,131,56,57,7.9444447
SUPER_5,26130000,93,6,8,107,52,41,4.285714
SUPER_5,26140000,126,8,8,142,51,75,5.3125
SUPER_5,26150000,107,6,16,129,50,57,13
SUPER_5,26160000,109,10,12,131,55,54,4.0454545
SUPER_5,26170000,118,5,5,128,64,54,4.1
SUPER_5,26180000,80,4,10,94,40,40,6.142857
SUPER_5,26190000,8,1,0,9,2,6,4
SUPER_5,26200000,98,9,7,114,46,52,4.5625
SUPER_5,26210000,137,8,13,158,61,76,15.904762
SUPER_5,26220000,178,10,8,196,94,84,3.5555556
SUPER_5,26230000,96,9,6,111,61,35,3.5333333
SUPER_5,26240000,81,4,3,88,40,41,2.857143
SUPER_5,26250000,132,8,9,149,87,45,4.4117646
SUPER_5,26260000,60,2,2,64,29,31,11.75
SUPER_5,26270000,51,3,5,59,22,29,6.125
SUPER_5,26280000,86,12,6,104,40,46,4.1666665
SUPER_5,26290000,103,2,7,112,51,52,3.6666667
SUPER_5,26300000,126,10,8,144,58,68,3.2777777
SUPER_5,26310000,92,8,9,109,45,47,4.7647057
SUPER_5,26320000,145,8,7,160,90,55,3.8
SUPER_5,26330000,107,7,11,125,61,46,23.11111
SUPER_5,26340000,144,9,5,158,88,56,12.142858
SUPER_5,26350000,133,7,5,145,68,65,3.75
SUPER_5,26360000,149,7,19,175,85,64,6.8076925
SUPER_5,26370000,124,9,7,140,61,63,4.75
SUPER_5,26380000,146,11,8,165,76,70,3.7368422
SUPER_5,26390000,44,6,0,50,20,24,9.833333
SUPER_5,26400000,110,9,6,125,58,52,7.866667
SUPER_5,26410000,174,8,13,195,86,88,4.714286
SUPER_5,26420000,119,9,10,138,63,56,3.2631578
SUPER_5,26430000,150,11,12,173,80,70,5.2173915
SUPER_5,26440000,99,5,7,111,52,47,2.4166667
SUPER_5,26450000,151,10,13,174,76,75,14.826087
SUPER_5,26460000,178,13,10,201,80,98,6.173913
SUPER_5,26470000,232,9,17,258,123,109,16
SUPER_5,26480000,91,7,6,104,43,48,4
SUPER_5,26490000,160,9,11,180,95,65,10.65
SUPER_5,26500000,146,6,14,166,78,68,10.85
SUPER_5,26510000,125,6,9,140,68,57,9.8
SUPER_5,26520000,11,2,2,15,5,6,12.25
SUPER_5,26530000,8,1,0,9,4,4,1
SUPER_5,26540000,38,3,7,48,15,23,7.3
SUPER_5,26550000,69,2,1,72,45,24,10.333333
SUPER_5,26560000,202,14,14,230,110,92,5.821429
SUPER_5,26570000,47,2,3,52,24,23,2.8
SUPER_5,26580000,62,8,2,72,28,34,6.1
SUPER_5,26590000,82,9,3,94,42,40,4.6666665
SUPER_5,26600000,149,12,7,168,75,74,5.1578946
SUPER_5,26610000,118,7,4,129,52,66,61.090908
SUPER_5,26620000,123,4,8,135,63,60,9.583333
SUPER_5,26630000,78,3,7,88,46,32,3.8
SUPER_5,26640000,144,9,8,161,76,68,13.470589
SUPER_5,26650000,109,4,8,121,60,49,5.1666665
SUPER_5,26660000,74,5,4,83,38,36,4.4444447
SUPER_5,26670000,2,0,0,2,2,0,NaN
SUPER_5,26680000,1,0,0,1,1,0,NaN
SUPER_5,26690000,2,0,0,2,1,1,NaN
SUPER_5,26700000,133,10,11,154,79,54,12.761905
SUPER_5,26710000,139,8,7,154,72,67,7.133333
SUPER_5,26720000,13,0,0,13,9,4,NaN
SUPER_5,26730000,73,6,6,85,36,37,9.25
SUPER_5,26740000,107,7,6,120,50,57,6.230769
SUPER_5,26750000,139,8,12,159,59,80,7
SUPER_5,26760000,186,10,19,215,103,83,10.034483
SUPER_5,26770000,126,11,9,146,75,51,8.4
SUPER_5,26780000,99,8,3,110,51,48,4.090909
SUPER_5,26790000,5,0,0,5,3,2,NaN
SUPER_5,26800000,16,1,2,19,5,11,10.333333
SUPER_5,26810000,87,5,9,101,51,36,8.5
SUPER_5,26820000,78,6,3,87,42,36,38.88889
SUPER_5,26830000,108,6,8,122,53,55,6.571429
SUPER_5,26840000,164,11,12,187,88,76,18.52174
SUPER_5,26850000,76,2,4,82,38,38,11.666667
SUPER_5,26860000,143,8,7,158,77,66,34.866665
SUPER_5,26870000,67,3,9,79,39,28,14.75
SUPER_5,26880000,0,0,0,0,0,0,0
SUPER_5,26890000,0,0,0,0,0,0,0
SUPER_5,26900000,188,15,12,215,95,93,3.9629629
SUPER_5,26910000,125,10,10,145,60,65,5.05
SUPER_5,26920000,182,13,9,204,97,85,8.090909
SUPER_5,26930000,85,3,4,92,49,36,6.285714
SUPER_5,26940000,41,1,2,44,23,18,2
SUPER_5,26950000,178,9,7,194,78,100,5.875
SUPER_5,26960000,99,5,6,110,53,46,8.363636
SUPER_5,26970000,3,0,0,3,2,1,NaN
SUPER_5,26980000,153,9,11,173,86,67,9.15
SUPER_5,26990000,162,13,8,183,83,79,7.142857
SUPER_5,27000000,127,11,5,143,55,72,2.875
SUPER_5,27010000,113,6,12,131,62,51,12.333333
SUPER_5,27020000,171,11,18,200,101,70,21.275862
SUPER_5,27030000,108,9,8,125,61,47,11.6470585
SUPER_5,27040000,64,4,5,73,37,27,3.7777777
SUPER_5,27050000,95,8,6,109,53,42,5.214286
SUPER_5,27060000,160,13,11,184,70,90,5.7916665
SUPER_5,27070000,60,2,2,64,30,30,2.5
SUPER_5,27080000,36,5,2,43,22,14,3
SUPER_5,27090000,93,7,6,106,48,45,5.769231
SUPER_5,27100000,138,7,12,157,76,62,5.263158
SUPER_5,27110000,36,0,4,40,16,20,4.75
SUPER_5,27120000,1,0,0,1,1,0,NaN
SUPER_5,27130000,50,3,2,55,32,18,5.2
SUPER_5,27140000,105,14,8,127,61,44,16.636364
SUPER_5,27150000,180,15,8,203,86,94,3.3913043
SUPER_5,27160000,192,11,11,214,100,92,4.7727275
SUPER_5,27170000,61,9,10,80,24,37,7.7894735
SUPER_5,27180000,87,7,6,100,43,44,15
SUPER_5,27190000,25,0,2,27,11,14,1
SUPER_5,27200000,1,0,0,1,0,1,NaN
SUPER_5,27210000,2,0,0,2,0,2,NaN
SUPER_5,27220000,4,0,0,4,1,3,NaN
SUPER_5,27230000,2,0,0,2,2,0,NaN
SUPER_5,27240000,1,0,0,1,0,1,NaN
SUPER_5,27250000,3,0,2,5,0,3,5.5
SUPER_5,27260000,18,3,1,22,12,6,1.75
SUPER_5,27270000,10,1,2,13,4,6,5.3333335
SUPER_5,27280000,1,0,0,1,1,0,NaN
SUPER_5,27290000,3,0,0,3,1,2,NaN
SUPER_5,27300000,28,4,1,33,11,17,6.4
SUPER_5,27310000,167,12,9,188,82,85,5.6190476
SUPER_5,27320000,169,13,14,196,73,96,6.3333335
SUPER_5,27330000,146,15,20,181,75,71,11.857142
SUPER_5,27340000,79,7,6,92,40,39,4
SUPER_5,27350000,121,8,9,138,60,61,14.6470585
SUPER_5,27360000,17,5,0,22,7,10,3.6
SUPER_5,27370000,7,0,0,7,4,3,NaN
SUPER_5,27380000,90,7,6,103,45,45,7.5384617
SUPER_5,27390000,123,10,6,139,71,52,5
SUPER_5,27400000,46,3,1,50,28,18,19.5
SUPER_5,27410000,42,1,1,44,23,19,1
SUPER_5,27420000,84,10,7,101,38,46,1.6470588
SUPER_5,27430000,114,12,5,131,52,62,7.2352943
SUPER_5,27440000,159,10,9,178,78,81,2.2105262
SUPER_5,27450000,138,7,13,158,64,74,8.95
SUPER_5,27460000,70,6,1,77,27,43,2.4285715
SUPER_5,27470000,109,5,7,121,45,64,6.0833335
SUPER_5,27480000,0,0,1,1,0,0,4
SUPER_5,27490000,2,0,1,3,0,2,1
SUPER_5,27500000,2,0,2,4,1,1,8
SUPER_5,27510000,4,0,1,5,1,3,117
SUPER_5,27520000,0,0,0,0,0,0,0
SUPER_5,27530000,0,0,0,0,0,0,0
SUPER_5,27540000,0,0,0,0,0,0,0
SUPER_5,27550000,3,0,1,4,1,2,2
SUPER_5,27560000,1,1,0,2,0,1,1
SUPER_5,27570000,4,0,0,4,3,1,NaN
SUPER_5,27580000,13,2,0,15,8,5,6.5
SUPER_5,27590000,1,0,0,1,0,1,NaN
SUPER_5,27600000,1,0,0,1,1,0,NaN
SUPER_5,27610000,5,0,1,6,2,3,2
SUPER_5,27620000,7,0,1,8,4,3,19
SUPER_5,27630000,3,0,0,3,1,2,NaN
SUPER_5,27640000,3,1,0,4,2,1,4
SUPER_5,27650000,2,0,0,2,2,0,NaN
SUPER_5,27660000,79,7,7,93,32,47,3.0714285
SUPER_5,27670000,197,11,19,227,89,108,4.2
SUPER_5,27680000,98,6,9,113,48,50,5
SUPER_5,27690000,121,13,6,140,67,54,12.105263
SUPER_5,27700000,64,2,9,75,34,30,40.454544
SUPER_5,27710000,18,4,0,22,10,8,7.5
SUPER_5,27720000,22,5,0,27,13,9,1
SUPER_5,27730000,75,2,6,83,37,38,5.25
SUPER_5,27740000,24,4,2,30,13,11,6.5
SUPER_5,27750000,0,0,0,0,0,0,0
SUPER_5,27760000,0,0,0,0,0,0,0
SUPER_5,27770000,4,3,0,7,4,0,6.3333335
SUPER_5,27780000,126,5,11,142,63,63,4.1875
SUPER_5,27790000,42,6,7,55,20,22,4.230769
SUPER_5,27800000,1,2,2,5,0,1,7.5
SUPER_5,27810000,1,1,0,2,1,0,1
SUPER_5,27820000,1,0,0,1,0,1,NaN
SUPER_5,27830000,22,5,3,30,7,15,7.25
SUPER_5,27840000,42,3,4,49,20,22,9.428572
SUPER_5,27850000,107,9,6,122,52,55,3.6
SUPER_5,27860000,150,11,10,171,74,76,5.6666665
SUPER_5,27870000,50,7,6,63,19,31,3.3076923
SUPER_5,27880000,1,0,0,1,0,1,NaN
SUPER_5,27890000,3,0,0,3,0,3,NaN
SUPER_5,27900000,2,0,0,2,0,2,NaN
SUPER_5,27910000,0,1,0,1,0,0,1
SUPER_5,27920000,1,0,0,1,1,0,NaN
SUPER_5,27930000,1,0,0,1,0,1,NaN
SUPER_5,27940000,5,1,1,7,2,3,358
SUPER_5,27950000,50,6,2,58,30,20,4.75
SUPER_5,27960000,1,1,0,2,0,1,15
SUPER_5,27970000,1,0,1,2,0,1,4
SUPER_5,27980000,1,0,0,1,0,1,NaN
SUPER_5,27990000,1,0,0,1,0,1,NaN
SUPER_5,28000000,2,0,0,2,0,2,NaN
SUPER_5,28010000,1,0,0,1,1,0,NaN
SUPER_5,28020000,3,0,0,3,2,1,NaN
SUPER_5,28030000,1,1,4,6,0,1,7.8
SUPER_5,28040000,2,0,0,2,1,1,NaN
SUPER_5,28050000,2,0,0,2,0,2,NaN
SUPER_5,28060000,4,0,0,4,1,3,NaN
SUPER_5,28070000,63,4,6,73,30,33,2.8
SUPER_5,28080000,112,7,7,126,66,46,6.142857
SUPER_5,28090000,158,11,10,179,84,74,5.285714
SUPER_5,28100000,146,11,5,162,70,76,8.625
SUPER_5,28110000,258,16,19,293,127,131,20.285715
SUPER_5,28120000,25,3,2,30,16,9,5
SUPER_5,28130000,24,1,2,27,16,8,1
SUPER_5,28140000,168,5,14,187,90,78,7.4210525
SUPER_5,28150000,25,4,2,31,18,7,9
SUPER_5,28160000,107,4,6,117,51,56,4.2
SUPER_5,28170000,2,0,0,2,2,0,NaN
SUPER_5,28180000,119,3,6,128,74,45,24.333334
SUPER_5,28190000,26,2,2,30,15,11,4.5
SUPER_5,28200000,2,1,0,3,2,0,10
SUPER_5,28210000,1,0,0,1,1,0,NaN
SUPER_5,28220000,3,0,0,3,3,0,NaN
SUPER_5,28230000,1,0,0,1,0,1,NaN
SUPER_5,28240000,1,0,0,1,0,1,NaN
SUPER_5,28250000,6,1,1,8,1,5,13
SUPER_5,28260000,4,0,1,5,1,3,1
SUPER_5,28270000,43,4,2,49,24,19,2.6666667
SUPER_5,28280000,69,2,8,79,41,28,9.8
SUPER_5,28290000,9,0,1,10,8,1,4
SUPER_5,28300000,12,1,2,15,4,8,4.6666665
SUPER_5,28310000,25,2,2,29,14,11,10
SUPER_5,28320000,19,1,0,20,14,5,1
SUPER_5,28330000,145,9,5,159,70,75,5.071429
SUPER_5,28340000,0,0,0,0,0,0,0
SUPER_5,28350000,0,0,0,0,0,0,0
SUPER_5,28360000,46,4,4,54,19,27,5.25
SUPER_5,28370000,123,6,8,137,81,42,3.7142856
SUPER_5,28380000,142,13,19,174,70,72,10.53125
SUPER_5,28390000,45,1,3,49,21,24,7.75
SUPER_5,28400000,48,3,3,54,25,23,3.3333333
SUPER_5,28410000,61,4,6,71,32,29,3.4
SUPER_5,28420000,84,4,3,91,45,39,3.2857144
SUPER_5,28430000,125,4,7,136,75,50,11.272727
SUPER_5,28440000,89,8,6,103,39,50,8.714286
SUPER_5,28450000,129,10,11,150,66,63,8.523809
SUPER_5,28460000,5,0,0,5,2,3,NaN
SUPER_5,28470000,0,0,0,0,0,0,0
SUPER_5,28480000,0,0,0,0,0,0,0
SUPER_5,28490000,11,0,1,12,4,7,5
SUPER_5,28500000,47,3,7,57,22,25,7.2
SUPER_5,28510000,45,3,6,54,23,22,6.2222223
SUPER_5,28520000,126,5,11,142,63,63,51.4375
SUPER_5,28530000,140,12,13,165,81,59,38.12
SUPER_5,28540000,75,3,3,81,47,28,20.5
SUPER_5,28550000,65,4,6,75,38,27,10.8
SUPER_5,28560000,66,6,4,76,38,28,6.5
SUPER_5,28570000,34,4,1,39,20,14,12.4
SUPER_5,28580000,72,2,7,81,30,42,15
SUPER_5,28590000,95,7,6,108,50,45,9.923077
SUPER_5,28600000,122,7,10,139,58,64,7.882353
SUPER_5,28610000,11,2,2,15,3,8,2.75
SUPER_5,28620000,0,1,0,1,0,0,1
SUPER_5,28630000,15,1,0,16,5,10,7
SUPER_5,28640000,25,2,7,34,11,14,1.1111112
SUPER_5,28650000,116,5,6,127,64,52,1.1818181
SUPER_5,28660000,165,12,10,187,81,84,15.318182
SUPER_5,28670000,4,2,1,7,2,2,24
SUPER_5,28680000,80,9,4,93,48,32,12.615385
SUPER_5,28690000,87,5,6,98,44,43,2.4545455
SUPER_5,28700000,95,5,6,106,42,53,3.6363637
SUPER_5,28710000,220,19,19,258,119,101,20.078947
SUPER_5,28720000,0,0,0,0,0,0,0
SUPER_5,28730000,0,0,0,0,0,0,0
SUPER_5,28740000,103,7,13,123,53,50,14.15
SUPER_5,28750000,19,1,2,22,11,8,5
SUPER_5,28760000,57,4,5,66,25,32,9.777778
SUPER_5,28770000,37,1,4,42,18,19,3.6
SUPER_5,28780000,172,10,13,195,90,82,5.3913045
SUPER_5,28790000,161,6,12,179,77,84,8.333333
SUPER_5,28800000,1,0,0,1,0,1,NaN
SUPER_5,28810000,135,5,7,147,66,69,6.5833335
SUPER_5,28820000,0,0,0,0,0,0,0
SUPER_5,28830000,0,0,0,0,0,0,0
SUPER_5,28840000,0,0,0,0,0,0,0
SUPER_5,28850000,0,0,0,0,0,0,0
SUPER_5,28860000,0,0,0,0,0,0,0
SUPER_5,28870000,285,14,20,319,154,131,7.8235292
SUPER_5,28880000,56,4,8,68,25,31,17.833334
SUPER_5,28890000,149,8,18,175,80,69,4.076923
SUPER_5,28900000,45,3,3,51,22,23,8
SUPER_5,28910000,114,10,4,128,65,49,6
SUPER_5,28920000,97,13,11,121,44,53,4.625
SUPER_5,28930000,194,8,14,216,112,82,6.2272725
SUPER_5,28940000,79,4,3,86,51,28,66
SUPER_5,28950000,45,2,5,52,24,21,5.285714
SUPER_5,28960000,42,4,4,50,24,18,5
SUPER_5,28970000,85,4,4,93,50,35,14.625
SUPER_5,28980000,104,13,12,129,42,62,31.56
SUPER_5,28990000,31,1,3,35,18,13,1.25
SUPER_5,29000000,40,5,2,47,24,16,10.714286
SUPER_5,29010000,170,11,11,192,99,71,14.818182
SUPER_5,29020000,131,7,11,149,81,50,3.5
SUPER_5,29030000,107,7,6,120,60,47,5.6923075
SUPER_5,29040000,213,12,19,244,108,105,5.935484
SUPER_5,29050000,123,10,6,139,65,58,19.4375
SUPER_5,29060000,49,1,5,55,23,26,8.833333
SUPER_5,29070000,111,3,5,119,49,62,11.625
SUPER_5,29080000,155,7,10,172,89,66,18.764706
SUPER_5,29090000,95,3,11,109,49,46,5.785714
SUPER_5,29100000,102,6,9,117,59,43,5.0666666
SUPER_5,29110000,164,12,11,187,89,75,15.130435
SUPER_5,29120000,165,7,6,178,85,80,3.6153846
SUPER_5,29130000,61,3,5,69,38,23,73.75
SUPER_5,29140000,44,1,3,48,21,23,4.25
SUPER_5,29150000,99,5,9,113,53,46,6.214286
SUPER_5,29160000,108,5,4,117,55,53,6.7777777
SUPER_5,29170000,224,18,16,258,126,98,6.882353
SUPER_5,29180000,144,5,3,152,94,50,6.125
SUPER_5,29190000,148,6,6,160,79,69,9
SUPER_5,29200000,33,0,3,36,18,15,48
SUPER_5,29210000,1,0,0,1,0,1,NaN
SUPER_5,29220000,4,0,1,5,2,2,1
SUPER_5,29230000,141,15,18,174,67,74,6.030303
SUPER_5,29240000,98,6,6,110,45,53,5.9166665
SUPER_5,29250000,75,5,8,88,36,39,17.692308
SUPER_5,29260000,97,7,3,107,44,53,6.7
SUPER_5,29270000,85,2,9,96,37,48,39.454544
SUPER_5,29280000,168,10,16,194,82,86,13.038462
SUPER_5,29290000,219,12,17,248,113,106,5.586207
SUPER_5,29300000,130,10,6,146,73,57,5.875
SUPER_5,29310000,57,4,2,63,30,27,10.166667
SUPER_5,29320000,78,2,7,87,47,31,15.555555
SUPER_5,29330000,70,5,3,78,36,34,56.5
SUPER_5,29340000,47,3,3,53,19,28,12.833333
SUPER_5,29350000,30,5,5,40,11,19,5.4
SUPER_5,29360000,26,2,1,29,12,14,12.333333
SUPER_5,29370000,6,0,0,6,3,3,NaN
SUPER_5,29380000,3,0,1,4,2,1,1
SUPER_5,29390000,1,0,1,2,0,1,1
SUPER_5,29400000,1,0,0,1,1,0,NaN
SUPER_5,29410000,27,2,3,32,7,20,32.8
SUPER_5,29420000,90,2,8,100,46,44,5.3
SUPER_5,29430000,178,11,12,201,83,95,4.0434785
SUPER_5,29440000,118,13,4,135,68,50,7.117647
SUPER_5,29450000,30,1,7,38,19,11,2.5
SUPER_5,29460000,71,6,5,82,37,34,15.181818
SUPER_5,29470000,58,5,3,66,36,22,6
SUPER_5,29480000,0,0,0,0,0,0,0
SUPER_5,29490000,0,0,0,0,0,0,0
SUPER_5,29500000,0,0,0,0,0,0,0
SUPER_5,29510000,110,5,4,119,64,46,21.88889
SUPER_5,29520000,75,6,3,84,42,33,9.333333
SUPER_5,29530000,131,10,7,148,77,54,13.470589
SUPER_5,29540000,70,3,6,79,38,32,14.555555
SUPER_5,29550000,111,2,6,119,52,59,15
SUPER_5,29560000,14,1,0,15,7,7,1
SUPER_5,29570000,49,5,6,60,28,21,4.4545455
SUPER_5,29580000,56,1,1,58,30,26,5.5
SUPER_5,29590000,98,5,11,114,56,42,8.4375
SUPER_5,29600000,20,2,0,22,10,10,15.5
SUPER_5,29610000,34,1,2,37,17,17,5
SUPER_5,29620000,119,11,13,143,52,67,7.0833335
SUPER_5,29630000,0,0,0,0,0,0,0
SUPER_5,29640000,0,0,0,0,0,0,0
SUPER_5,29650000,130,9,12,151,73,57,7
SUPER_5,29660000,97,3,7,107,55,42,5.6
SUPER_5,29670000,46,1,1,48,23,23,1.5
SUPER_5,29680000,103,13,3,119,59,44,4.75
SUPER_5,29690000,13,0,2,15,4,9,1
SUPER_5,29700000,97,11,6,114,58,39,3.8823528
SUPER_5,29710000,75,5,7,87,48,27,16
SUPER_5,29720000,82,2,7,91,37,45,5.5555553
SUPER_5,29730000,98,6,8,112,48,50,3.5
SUPER_5,29740000,30,5,2,37,12,18,2.142857
SUPER_5,29750000,60,4,5,69,33,27,15.666667
SUPER_5,29760000,16,1,2,19,11,5,1
SUPER_5,29770000,11,0,1,12,4,7,1
SUPER_5,29780000,3,0,0,3,2,1,NaN
SUPER_5,29790000,9,0,0,9,5,4,NaN
SUPER_5,29800000,4,1,0,5,1,3,9
SUPER_5,29810000,7,0,1,8,5,2,1
SUPER_5,29820000,10,1,1,12,5,5,3.5
SUPER_5,29830000,22,2,1,25,14,8,12.666667
SUPER_5,29840000,69,5,8,82,36,33,3.6923077
SUPER_5,29850000,59,4,0,63,32,27,4.75
SUPER_5,29860000,12,6,1,19,7,5,1.7142857
SUPER_5,29870000,13,3,1,17,5,8,12.25
SUPER_5,29880000,10,2,0,12,7,3,11
SUPER_5,29890000,12,0,2,14,7,5,24
SUPER_5,29900000,32,3,3,38,12,20,6.3333335
SUPER_5,29910000,17,1,0,18,8,9,2
SUPER_5,29920000,3,0,1,4,3,0,1
SUPER_5,29930000,2,2,0,4,1,1,17.5
SUPER_5,29940000,1,0,0,1,0,1,NaN
SUPER_5,29950000,1,0,0,1,1,0,NaN
SUPER_5,29960000,3,0,0,3,1,2,NaN
SUPER_5,29970000,7,2,0,9,3,4,3.5
SUPER_5,29980000,45,2,6,53,21,24,3.25
SUPER_5,29990000,95,2,7,104,53,42,10.222222
SUPER_5,30000000,3,0,1,4,2,1,6
SUPER_5,30010000,3,0,0,3,2,1,NaN
SUPER_5,30020000,8,0,0,8,6,2,NaN
SUPER_5,30030000,3,0,0,3,2,1,NaN
SUPER_5,30040000,16,1,1,18,10,6,28
SUPER_5,30050000,21,4,2,27,10,11,4.3333335
SUPER_5,30060000,1,0,1,2,0,1,8
SUPER_5,30070000,10,2,0,12,5,5,1
SUPER_5,30080000,2,0,0,2,1,1,NaN
SUPER_5,30090000,7,0,0,7,7,0,NaN
SUPER_5,30100000,1,0,1,2,1,0,1
SUPER_5,30110000,1,0,0,1,0,1,NaN
SUPER_5,30120000,77,5,4,86,43,34,4.6666665
SUPER_5,30130000,3,0,0,3,1,2,NaN
SUPER_5,30140000,3,0,0,3,2,1,NaN
SUPER_5,30150000,2,0,1,3,1,1,1
SUPER_5,30160000,1,1,0,2,0,1,18
SUPER_5,30170000,3,0,0,3,3,0,NaN
SUPER_5,30180000,3,0,0,3,1,2,NaN
SUPER_5,30190000,1,0,2,3,0,1,7.5
SUPER_5,30200000,1,0,0,1,1,0,NaN
SUPER_5,30210000,3,0,1,4,3,0,1
SUPER_5,30220000,3,0,0,3,3,0,NaN
SUPER_5,30230000,3,0,0,3,2,1,NaN
SUPER_5,30240000,108,7,10,125,50,58,6.352941
SUPER_5,30250000,56,4,3,63,23,33,20.714285
SUPER_5,30260000,48,3,5,56,15,33,5
SUPER_5,30270000,16,1,0,17,9,7,1
SUPER_5,30280000,0,0,0,0,0,0,0
SUPER_5,30290000,0,0,0,0,0,0,0
SUPER_5,30300000,175,10,16,201,83,92,6.6923075
SUPER_5,30310000,57,0,5,62,25,32,42.4
SUPER_5,30320000,0,0,0,0,0,0,0
SUPER_5,30330000,0,0,0,0,0,0,0
SUPER_5,30340000,0,0,0,0,0,0,0
SUPER_5,30350000,0,0,0,0,0,0,0
SUPER_5,30360000,170,18,14,202,89,81,7.8125
SUPER_5,30370000,42,0,0,42,21,21,NaN
SUPER_5,30380000,51,3,2,56,24,27,7.2
SUPER_5,30390000,55,2,5,62,25,30,1.1428572
SUPER_5,30400000,33,1,2,36,23,10,1.3333334
SUPER_5,30410000,43,3,2,48,29,14,4.8
SUPER_5,30420000,55,4,3,62,37,18,2.2857144
SUPER_5,30430000,73,3,4,80,41,32,6.571429
SUPER_5,30440000,79,6,4,89,47,32,5.5
SUPER_5,30450000,48,3,3,54,31,17,2.1666667
SUPER_5,30460000,53,4,4,61,30,23,10
SUPER_5,30470000,57,8,4,69,40,17,8.25
SUPER_5,30480000,116,4,9,129,66,50,8.692307
SUPER_5,30490000,115,7,8,130,61,54,4.6
SUPER_5,30500000,20,2,0,22,13,7,16.5
SUPER_5,30510000,15,2,2,19,8,7,4.5
SUPER_5,30520000,198,4,6,208,112,86,13.2
SUPER_5,30530000,0,0,0,0,0,0,0
SUPER_5,30540000,0,0,0,0,0,0,0
SUPER_5,30550000,0,0,0,0,0,0,0
SUPER_5,30560000,0,0,0,0,0,0,0
SUPER_5,30570000,0,0,0,0,0,0,0
SUPER_5,30580000,11,2,1,14,6,5,3.6666667
SUPER_5,30590000,20,1,1,22,13,7,5.5
SUPER_5,30600000,0,0,0,0,0,0,0
SUPER_5,30610000,0,0,0,0,0,0,0
SUPER_5,30620000,0,0,0,0,0,0,0
SUPER_5,30630000,0,0,0,0,0,0,0
SUPER_5,30640000,30,5,2,37,20,10,11
SUPER_5,30650000,0,0,0,0,0,0,0
SUPER_5,30660000,0,0,0,0,0,0,0
SUPER_5,30670000,0,0,0,0,0,0,0
SUPER_5,30680000,0,0,0,0,0,0,0
SUPER_5,30690000,0,0,0,0,0,0,0
SUPER_5,30700000,0,0,0,0,0,0,0
SUPER_5,30710000,0,0,0,0,0,0,0
SUPER_5,30720000,263,15,21,299,118,145,7.5277777
SUPER_5,30730000,0,0,0,0,0,0,0
SUPER_5,30740000,0,0,0,0,0,0,0
SUPER_5,30750000,0,0,0,0,0,0,0
SUPER_5,30760000,0,0,0,0,0,0,0
SUPER_5,30770000,0,0,0,0,0,0,0
SUPER_5,30780000,0,0,0,0,0,0,0
SUPER_5,30790000,0,0,0,0,0,0,0
SUPER_5,30800000,0,0,0,0,0,0,0
SUPER_5,30810000,0,0,0,0,0,0,0
SUPER_5,30820000,0,0,0,0,0,0,0
SUPER_5,30830000,164,12,16,192,80,84,4.25
SUPER_5,30840000,117,2,4,123,65,52,23.666666
SUPER_5,30850000,27,3,2,32,12,15,3.4
SUPER_5,30860000,106,8,14,128,61,45,8.409091
SUPER_5,30870000,89,6,11,106,43,46,6.2352943
SUPER_5,30880000,132,6,10,148,74,58,7.4375
SUPER_5,30890000,108,6,6,120,54,54,11
SUPER_5,30900000,51,2,2,55,34,17,9.75
SUPER_5,30910000,136,8,9,153,67,69,5.352941
SUPER_5,30920000,124,7,6,137,63,61,5.8461537
SUPER_5,30930000,3,0,0,3,2,1,NaN
SUPER_5,30940000,76,4,5,85,44,32,3.7777777
SUPER_5,30950000,93,9,8,110,53,40,5.117647
SUPER_5,30960000,119,8,11,138,63,56,6.736842
SUPER_5,30970000,4,0,0,4,2,2,NaN
SUPER_5,30980000,0,0,0,0,0,0,0
SUPER_5,30990000,0,0,0,0,0,0,0
SUPER_5,31000000,7,0,0,7,4,3,NaN
SUPER_5,31010000,3,0,0,3,2,1,NaN
SUPER_5,31020000,3,0,0,3,1,2,NaN
SUPER_5,31030000,0,1,0,1,0,0,1
SUPER_5,31040000,66,4,6,76,43,23,5.7
SUPER_5,31050000,72,3,6,81,44,28,13.888889
SUPER_5,31060000,82,8,8,98,37,45,6.6875
SUPER_5,31070000,22,1,2,25,13,9,9.333333
SUPER_5,31080000,64,4,5,73,38,26,7.6666665
SUPER_5,31090000,117,8,9,134,58,59,4.529412
SUPER_5,31100000,0,0,0,0,0,0,0
SUPER_5,31110000,0,0,0,0,0,0,0
SUPER_5,31120000,9,0,0,9,5,4,NaN
SUPER_5,31130000,0,0,1,1,0,0,2
SUPER_5,31140000,0,0,0,0,0,0,0
SUPER_5,31150000,0,0,0,0,0,0,0
SUPER_5,31160000,0,0,0,0,0,0,0
SUPER_5,31170000,103,4,4,111,60,43,5.875
SUPER_5,31180000,61,3,6,70,34,27,12.888889
SUPER_5,31190000,0,0,0,0,0,0,0
SUPER_5,31200000,0,0,0,0,0,0,0
SUPER_5,31210000,232,19,8,259,131,101,9.185185
SUPER_5,31220000,86,7,7,100,48,38,5.428571
SUPER_5,31230000,0,0,0,0,0,0,0
SUPER_5,31240000,0,0,0,0,0,0,0
SUPER_5,31250000,80,2,7,89,38,42,108.22222
SUPER_5,31260000,1,0,0,1,1,0,NaN
SUPER_5,31270000,2,0,0,2,2,0,NaN
SUPER_5,31280000,0,0,0,0,0,0,0
SUPER_5,31290000,0,0,0,0,0,0,0
SUPER_5,31300000,2,0,0,2,2,0,NaN
SUPER_5,31310000,45,5,7,57,27,18,9.833333
SUPER_5,31320000,45,3,3,51,29,16,4.6666665
SUPER_5,31330000,0,0,0,0,0,0,0
SUPER_5,31340000,0,0,0,0,0,0,0
SUPER_5,31350000,0,0,0,0,0,0,0
SUPER_5,31360000,0,0,0,0,0,0,0
SUPER_5,31370000,33,3,4,40,23,10,5.714286
SUPER_5,31380000,0,0,0,0,0,0,0
SUPER_5,31390000,0,0,0,0,0,0,0
SUPER_5,31400000,39,5,4,48,23,16,4.111111
SUPER_5,31410000,157,10,11,178,71,86,5
SUPER_5,31420000,63,4,4,71,38,25,14
SUPER_5,31430000,10,1,1,12,6,4,2
SUPER_5,31440000,78,4,4,86,44,34,4.625
SUPER_5,31450000,0,1,0,1,0,0,3
SUPER_5,31460000,1,0,2,3,1,0,2.5
SUPER_5,31470000,0,1,0,1,0,0,2
SUPER_5,31480000,0,3,0,3,0,0,20.666666
SUPER_5,31490000,1,0,0,1,1,0,NaN
SUPER_5,31500000,2,0,0,2,1,1,NaN
SUPER_5,31510000,1,1,0,2,0,1,6
SUPER_5,31520000,1,0,0,1,1,0,NaN
SUPER_5,31530000,130,9,11,150,63,67,18.95
SUPER_5,31540000,148,13,12,173,74,74,4.32
SUPER_5,31550000,67,9,2,78,37,30,5.2727275
SUPER_5,31560000,117,9,9,135,66,51,8.666667
SUPER_5,31570000,97,5,11,113,54,43,7.375
SUPER_5,31580000,93,6,11,110,56,37,10.176471
SUPER_5,31590000,119,7,3,129,71,48,3.1
SUPER_5,31600000,81,7,7,95,44,37,6.357143
SUPER_5,31610000,68,5,1,74,36,32,7
SUPER_5,31620000,18,0,2,20,9,9,19.5
SUPER_5,31630000,124,6,11,141,64,60,7.117647
SUPER_5,31640000,47,3,5,55,23,24,2.125
SUPER_5,31650000,102,9,8,119,57,45,45.588234
SUPER_5,31660000,99,8,6,113,51,48,5.928571
SUPER_5,31670000,215,18,18,251,115,100,32.416668
SUPER_5,31680000,131,11,9,151,76,55,13.65
SUPER_5,31690000,114,8,11,133,53,61,7.631579
SUPER_5,31700000,146,4,9,159,73,73,1.5384616
SUPER_5,31710000,21,1,3,25,10,11,15.5
SUPER_5,31720000,10,1,0,11,6,4,42
SUPER_5,31730000,119,13,7,139,63,56,3.65
SUPER_5,31740000,139,13,11,163,66,73,11.916667
SUPER_5,31750000,18,0,1,19,6,12,1
SUPER_5,31760000,1,1,1,3,0,1,2
SUPER_5,31770000,35,5,5,45,19,16,7.5
SUPER_5,31780000,77,7,11,95,38,39,6.388889
SUPER_5,31790000,74,8,12,94,36,38,11.55
SUPER_5,31800000,81,10,10,101,49,32,5.95
SUPER_5,31810000,165,9,17,191,88,77,11.423077
SUPER_5,31820000,104,9,7,120,53,51,8.3125
SUPER_5,31830000,127,7,7,141,70,57,4.5
SUPER_5,31840000,100,6,5,111,52,48,6.090909
SUPER_5,31850000,67,6,3,76,33,34,4.4444447
SUPER_5,31860000,70,5,9,84,35,35,5.285714
SUPER_5,31870000,21,0,1,22,10,11,18
SUPER_5,31880000,61,11,4,76,33,28,8.133333
SUPER_5,31890000,138,9,13,160,79,59,21.818182
SUPER_5,31900000,85,4,8,97,37,48,17.833334
SUPER_5,31910000,113,8,4,125,50,63,19.333334
SUPER_5,31920000,36,2,3,41,18,18,7.8
SUPER_5,31930000,3,0,2,5,0,3,6.5
SUPER_5,31940000,3,1,0,4,2,1,26
SUPER_5,31950000,39,5,4,48,17,22,4.2222223
SUPER_5,31960000,2,0,2,4,2,0,2
SUPER_5,31970000,14,1,1,16,8,6,8
SUPER_5,31980000,1,0,0,1,0,1,NaN
SUPER_5,31990000,2,0,1,3,1,1,1
SUPER_5,32000000,8,3,2,13,4,4,2.6
SUPER_5,32010000,4,0,0,4,3,1,NaN
SUPER_5,32020000,37,3,1,41,19,18,7.75
SUPER_5,32030000,145,12,3,160,65,80,6.866667
SUPER_5,32040000,110,5,6,121,55,55,6.3636365
SUPER_5,32050000,148,9,12,169,79,69,8.142858
SUPER_5,32060000,180,10,13,203,100,80,16.347826
SUPER_5,32070000,148,3,9,160,70,78,5.9166665
SUPER_5,32080000,103,7,8,118,68,35,8.333333
SUPER_5,32090000,149,10,14,173,60,89,86.041664
SUPER_5,32100000,114,10,18,142,62,52,8.25
SUPER_5,32110000,44,3,2,49,16,28,2.6
SUPER_5,32120000,64,10,9,83,26,38,3.8421052
SUPER_5,32130000,51,3,8,62,18,33,9.090909
SUPER_5,32140000,24,0,0,24,11,13,NaN
SUPER_5,32150000,95,18,6,119,57,38,3.75
SUPER_5,32160000,191,9,14,214,107,84,7.0869565
SUPER_5,32170000,107,10,7,124,57,50,8
SUPER_5,32180000,98,5,5,108,38,60,3.7
SUPER_5,32190000,53,5,8,66,25,28,2.6153846
SUPER_5,32200000,1,0,0,1,0,1,NaN
SUPER_5,32210000,35,1,2,38,19,16,1.6666666
SUPER_5,32220000,17,0,2,19,9,8,14
SUPER_5,32230000,1,0,0,1,1,0,NaN
SUPER_5,32240000,3,2,0,5,2,1,1
SUPER_5,32250000,0,1,0,1,0,0,1
SUPER_5,32260000,1,0,0,1,0,1,NaN
SUPER_5,32270000,3,1,0,4,2,1,14
SUPER_5,32280000,0,0,0,0,0,0,0
SUPER_5,32290000,0,0,0,0,0,0,0
SUPER_5,32300000,4,1,1,6,1,3,1
SUPER_5,32310000,94,4,4,102,50,44,15.125
SUPER_5,32320000,137,12,10,159,66,71,7.590909
SUPER_5,32330000,77,9,10,96,38,39,19.894737
SUPER_5,32340000,0,2,0,2,0,0,5
SUPER_5,32350000,3,0,0,3,0,3,NaN
SUPER_5,32360000,1,0,0,1,1,0,NaN
SUPER_5,32370000,2,0,0,2,0,2,NaN
SUPER_5,32380000,29,1,3,33,13,16,16
SUPER_5,32390000,122,6,9,137,67,55,2.6666667
SUPER_5,32400000,156,10,16,182,67,89,8.576923
SUPER_5,32410000,156,17,16,189,69,87,8.636364
SUPER_5,32420000,53,8,3,64,28,25,6.5454545
SUPER_5,32430000,109,11,13,133,55,54,4.375
SUPER_5,32440000,44,6,5,55,25,19,10.090909
SUPER_5,32450000,79,6,13,98,43,36,9.578947
SUPER_5,32460000,2,0,2,4,1,1,1
SUPER_5,32470000,37,5,1,43,21,16,1.8333334
SUPER_5,32480000,26,3,3,32,13,13,2.3333333
SUPER_5,32490000,179,12,19,210,82,97,6.483871
SUPER_5,32500000,139,11,11,161,77,62,17.227272
SUPER_5,32510000,119,5,13,137,57,62,10.888889
SUPER_5,32520000,69,11,10,90,32,37,4.952381
SUPER_5,32530000,136,15,9,160,66,70,14.541667
SUPER_5,32540000,72,4,4,80,42,30,8.375
SUPER_5,32550000,1,2,0,3,0,1,1
SUPER_5,32560000,5,0,0,5,3,2,NaN
SUPER_5,32570000,8,1,4,13,6,2,48
SUPER_5,32580000,1,0,0,1,1,0,NaN
SUPER_5,32590000,2,1,1,4,0,2,2
SUPER_5,32600000,31,5,2,38,12,19,1.8571428
SUPER_5,32610000,42,3,3,48,20,22,9.5
SUPER_5,32620000,33,5,3,41,15,18,2.5
SUPER_5,32630000,71,5,3,79,35,36,1.5
SUPER_5,32640000,13,4,3,20,5,8,4.714286
SUPER_5,32650000,0,0,0,0,0,0,0
SUPER_5,32660000,0,0,0,0,0,0,0
SUPER_5,32670000,3,1,0,4,2,1,6
SUPER_5,32680000,118,6,10,134,61,57,7.625
SUPER_5,32690000,114,11,13,138,62,52,7.6666665
SUPER_5,32700000,163,6,6,175,80,83,16.75
SUPER_5,32710000,116,10,6,132,55,61,4.375
SUPER_5,32720000,115,9,15,139,57,58,5.9166665
SUPER_5,32730000,128,12,6,146,62,66,5.611111
SUPER_5,32740000,116,6,9,131,56,60,6.133333
SUPER_5,32750000,0,0,0,0,0,0,0
SUPER_5,32760000,0,0,0,0,0,0,0
SUPER_5,32770000,83,6,5,94,40,43,3.7272727
SUPER_5,32780000,78,5,7,90,34,44,6.6666665
SUPER_5,32790000,209,21,13,243,101,108,15.3529415
SUPER_5,32800000,0,0,0,0,0,0,0
SUPER_5,32810000,0,0,0,0,0,0,0
SUPER_5,32820000,0,0,0,0,0,0,0
SUPER_5,32830000,0,0,0,0,0,0,0
SUPER_5,32840000,162,13,15,190,78,84,7.071429
SUPER_5,32850000,35,3,2,40,14,21,8.8
SUPER_5,32860000,90,5,8,103,49,41,9.769231
SUPER_5,32870000,96,5,12,113,58,38,4.882353
SUPER_5,32880000,36,3,3,42,13,23,6.1666665
SUPER_5,32890000,122,6,10,138,51,71,5.375
SUPER_5,32900000,181,10,10,201,99,82,6.25
SUPER_5,32910000,52,4,9,65,22,30,35.76923
SUPER_5,32920000,93,13,14,120,53,40,5.037037
SUPER_5,32930000,164,7,10,181,79,85,8.705882
SUPER_5,32940000,56,2,3,61,22,34,11.2
SUPER_5,32950000,64,6,9,79,27,37,2.6666667
SUPER_5,32960000,153,4,10,167,75,78,28.928572
SUPER_5,32970000,53,1,10,64,27,26,4.4545455
SUPER_5,32980000,1,0,0,1,0,1,NaN
SUPER_5,32990000,37,2,6,45,22,15,44.375
SUPER_5,33000000,51,9,7,67,25,26,5.75
SUPER_5,33010000,106,10,12,128,53,53,4.181818
SUPER_5,33020000,115,11,5,131,58,57,4.75
SUPER_5,33030000,39,4,3,46,22,17,7
SUPER_5,33040000,154,9,11,174,83,71,5.2
SUPER_5,33050000,46,3,6,55,19,27,3.5555556
SUPER_5,33060000,79,6,3,88,36,43,5.6666665
SUPER_5,33070000,70,7,8,85,32,38,5.9333334
SUPER_5,33080000,50,8,4,62,23,27,4.6666665
SUPER_5,33090000,103,7,9,119,48,55,4.0625
SUPER_5,33100000,67,4,4,75,39,28,34.75
SUPER_5,33110000,68,7,4,79,34,34,8.272727
SUPER_5,33120000,176,21,14,211,80,96,4.6857142
SUPER_5,33130000,127,8,10,145,68,59,7
SUPER_5,33140000,36,5,4,45,22,14,1.7777778
SUPER_5,33150000,35,1,3,39,18,17,1
SUPER_5,33160000,1,1,1,3,1,0,1.5
SUPER_5,33170000,4,0,0,4,4,0,NaN
SUPER_5,33180000,13,2,0,15,9,4,14
SUPER_5,33190000,153,11,8,172,79,74,8.315789
SUPER_5,33200000,91,8,9,108,44,47,11.117647
SUPER_5,33210000,86,5,13,104,43,43,7.888889
SUPER_5,33220000,56,5,4,65,32,24,8.111111
SUPER_5,33230000,65,4,4,73,32,33,2.625
SUPER_5,33240000,130,11,9,150,70,60,44.15
SUPER_5,33250000,140,13,10,163,61,79,10.913043
SUPER_5,33260000,117,14,15,146,56,61,6.6896553
SUPER_5,33270000,80,7,7,94,31,49,4.928571
SUPER_5,33280000,116,9,10,135,60,56,8.105263
SUPER_5,33290000,110,15,9,134,47,63,5.7916665
SUPER_5,33300000,102,4,11,117,52,50,11.066667
SUPER_5,33310000,132,16,16,164,69,63,11
SUPER_5,33320000,40,2,2,44,14,26,12.25
SUPER_5,33330000,2,1,0,3,1,1,3
SUPER_5,33340000,2,2,0,4,1,1,1
SUPER_5,33350000,2,0,0,2,2,0,NaN
SUPER_5,33360000,129,8,11,148,64,65,13.368421
SUPER_5,33370000,83,5,4,92,44,39,4.6666665
SUPER_5,33380000,156,6,18,180,86,70,33.708332
SUPER_5,33390000,169,14,14,197,88,81,7.464286
SUPER_5,33400000,53,3,8,64,21,32,3.3636363
SUPER_5,33410000,100,7,13,120,48,52,5.35
SUPER_5,33420000,5,0,0,5,2,3,NaN
SUPER_5,33430000,99,6,9,114,47,52,8.933333
SUPER_5,33440000,119,9,15,143,50,69,15
SUPER_5,33450000,62,5,4,71,34,28,11.222222
SUPER_5,33460000,60,8,6,74,27,33,29.5
SUPER_5,33470000,24,1,4,29,13,11,2.4
SUPER_5,33480000,107,8,5,120,52,55,9.846154
SUPER_5,33490000,1,0,1,2,0,1,1
SUPER_5,33500000,2,0,0,2,2,0,NaN
SUPER_5,33510000,50,4,4,58,30,20,3
SUPER_5,33520000,51,5,4,60,28,23,7
SUPER_5,33530000,70,3,5,78,39,31,2.125
SUPER_5,33540000,154,19,13,186,80,74,3.8125
SUPER_5,33550000,136,13,14,163,69,67,6.4074073
SUPER_5,33560000,189,10,18,217,79,110,40.67857
SUPER_5,33570000,230,21,32,283,114,116,9.849056
SUPER_5,33580000,70,7,3,80,42,28,8.5
SUPER_5,33590000,11,0,1,12,3,8,6
SUPER_5,33600000,0,2,0,2,0,0,1
SUPER_5,33610000,3,0,0,3,2,1,NaN
SUPER_5,33620000,3,0,0,3,1,2,NaN
SUPER_5,33630000,23,0,1,24,7,16,1
SUPER_5,33640000,94,8,3,105,48,46,5.3636365
SUPER_5,33650000,112,9,7,128,51,61,6.875
SUPER_5,33660000,182,15,10,207,105,77,18.48
SUPER_5,33670000,18,0,2,20,10,8,1
SUPER_5,33680000,111,8,14,133,48,63,4.181818
SUPER_5,33690000,103,6,9,118,48,55,9.8
SUPER_5,33700000,1,0,0,1,0,1,NaN
SUPER_5,33710000,16,4,3,23,7,9,18.571428
SUPER_5,33720000,4,0,1,5,2,2,1
SUPER_5,33730000,2,0,0,2,2,0,NaN
SUPER_5,33740000,3,0,0,3,2,1,NaN
SUPER_5,33750000,0,0,0,0,0,0,0
SUPER_5,33760000,0,0,0,0,0,0,0
SUPER_5,33770000,86,8,8,102,39,47,3.5625
SUPER_5,33780000,77,4,5,86,38,39,21.11111
SUPER_5,33790000,77,2,10,89,42,35,3.6666667
SUPER_5,33800000,68,5,6,79,31,37,7.181818
SUPER_5,33810000,9,1,0,10,3,6,33
SUPER_5,33820000,3,0,0,3,1,2,NaN
SUPER_5,33830000,4,1,0,5,2,2,14
SUPER_5,33840000,1,0,1,2,0,1,6
SUPER_5,33850000,93,5,13,111,48,45,7.9444447
SUPER_5,33860000,25,0,0,25,17,8,NaN
SUPER_5,33870000,89,4,7,100,46,43,9.090909
SUPER_5,33880000,180,17,12,209,85,95,8.034483
SUPER_5,33890000,158,12,9,179,88,70,9.809524
SUPER_5,33900000,49,6,1,56,28,21,3
SUPER_5,33910000,38,1,6,45,24,14,5.714286
SUPER_5,33920000,131,7,4,142,60,71,15.272727
SUPER_5,33930000,105,6,8,119,50,55,5.571429
SUPER_5,33940000,78,5,4,87,45,33,3.5555556
SUPER_5,33950000,139,9,5,153,75,64,12.642858
SUPER_5,33960000,1,0,0,1,1,0,NaN
SUPER_5,33970000,142,7,9,158,75,67,3.8125
SUPER_5,33980000,62,5,5,72,34,28,4.7
SUPER_5,33990000,175,14,15,204,96,79,8.655172
SUPER_5,34000000,158,11,12,181,79,78,10.73913
SUPER_5,34010000,65,2,2,69,34,31,2
SUPER_5,34020000,105,8,5,118,56,49,10.307693
SUPER_5,34030000,93,5,9,107,58,35,3.142857
SUPER_5,34040000,68,5,3,76,40,28,4.75
SUPER_5,34050000,2,0,0,2,1,1,NaN
SUPER_5,34060000,54,3,2,59,29,25,8
SUPER_5,34070000,61,4,5,70,35,26,4.7777777
SUPER_5,34080000,67,2,10,79,34,33,10
SUPER_5,34090000,114,12,10,136,55,59,8.5
SUPER_5,34100000,132,9,12,153,64,68,3.952381
SUPER_5,34110000,67,8,3,78,36,31,6.4545455
SUPER_5,34120000,77,4,3,84,45,32,7
SUPER_5,34130000,112,11,12,135,59,53,3.173913
SUPER_5,34140000,78,4,8,90,42,36,5.75
SUPER_5,34150000,34,4,5,43,19,15,3.2222223
SUPER_5,34160000,76,4,4,84,39,37,4.75
SUPER_5,34170000,66,2,5,73,38,28,4
SUPER_5,34180000,98,6,10,114,54,44,3
SUPER_5,34190000,185,10,7,202,102,83,13
SUPER_5,34200000,49,5,3,57,27,22,5.125
SUPER_5,34210000,19,1,1,21,11,8,3
SUPER_5,34220000,45,5,3,53,19,26,12.25
SUPER_5,34230000,0,0,0,0,0,0,0
SUPER_5,34240000,0,0,0,0,0,0,0
SUPER_5,34250000,81,7,4,92,47,34,13.181818
SUPER_5,34260000,14,0,1,15,6,8,1
SUPER_5,34270000,111,11,3,125,64,47,16.857143
SUPER_5,34280000,165,12,6,183,86,79,17.5
SUPER_5,34290000,19,2,1,22,11,8,2.3333333
SUPER_5,34300000,91,5,4,100,46,45,2.7777777
SUPER_5,34310000,209,11,4,224,114,95,10.333333
SUPER_5,34320000,121,6,11,138,62,59,19
SUPER_5,34330000,62,5,6,73,29,33,6.2727275
SUPER_5,34340000,5,0,0,5,1,4,NaN
SUPER_5,34350000,2,1,0,3,1,1,1
SUPER_5,34360000,151,11,14,176,83,68,4
SUPER_5,34370000,202,21,21,244,106,96,16.166666
SUPER_5,34380000,88,5,8,101,47,41,8.923077
SUPER_5,34390000,70,8,5,83,35,35,4.8461537
SUPER_5,34400000,102,7,3,112,55,47,3.6
SUPER_5,34410000,93,7,7,107,61,32,3.7142856
SUPER_5,34420000,131,6,5,142,62,69,6
SUPER_5,34430000,96,8,9,113,51,45,9.411765
SUPER_5,34440000,12,0,1,13,7,5,1
SUPER_5,34450000,101,5,7,113,48,53,3.75
SUPER_5,34460000,136,6,13,155,58,78,13.631579
SUPER_5,34470000,22,2,3,27,12,10,11.4
SUPER_5,34480000,4,1,1,6,2,2,31
SUPER_5,34490000,3,0,0,3,3,0,NaN
SUPER_5,34500000,3,0,0,3,0,3,NaN
SUPER_5,34510000,44,1,2,47,26,18,8.333333
SUPER_5,34520000,52,5,7,64,24,28,3.75
SUPER_5,34530000,0,0,0,0,0,0,0
SUPER_5,34540000,0,0,0,0,0,0,0
SUPER_5,34550000,157,7,16,180,79,78,18.130434
SUPER_5,34560000,65,2,5,72,34,31,7.714286
SUPER_5,34570000,72,6,5,83,37,35,4.7272725
SUPER_5,34580000,108,10,14,132,61,47,11
SUPER_5,34590000,52,2,4,58,25,27,6.5
SUPER_5,34600000,135,10,10,155,76,59,5.6
SUPER_5,34610000,70,5,7,82,36,34,8.333333
SUPER_5,34620000,60,3,8,71,24,36,5.090909
SUPER_5,34630000,95,10,4,109,56,39,10.642858
SUPER_5,34640000,30,2,4,36,12,18,4.3333335
SUPER_5,34650000,170,12,12,194,86,84,5.8333335
SUPER_5,34660000,123,8,11,142,55,68,5.4210525
SUPER_5,34670000,104,5,8,117,62,42,40.076923
SUPER_5,34680000,86,5,6,97,44,42,22.181818
SUPER_5,34690000,140,10,22,172,56,84,15.40625
SUPER_5,34700000,105,9,11,125,51,54,7.6
SUPER_5,34710000,137,15,15,167,71,66,12.066667
SUPER_5,34720000,180,19,16,215,80,100,7.3142858
SUPER_5,34730000,101,11,8,120,50,51,11.052631
SUPER_5,34740000,38,3,1,42,22,16,11.5
SUPER_5,34750000,90,6,3,99,36,54,3.4444444
SUPER_5,34760000,52,4,5,61,29,23,2.5555556
SUPER_5,34770000,0,0,0,0,0,0,0
SUPER_5,34780000,0,0,0,0,0,0,0
SUPER_5,34790000,5,1,0,6,2,3,10
SUPER_5,34800000,1,0,3,4,1,0,1.6666666
SUPER_5,34810000,2,0,0,2,1,1,NaN
SUPER_5,34820000,4,0,2,6,2,2,32
SUPER_5,34830000,1,0,0,1,1,0,NaN
SUPER_5,34840000,17,4,3,24,9,8,3.857143
SUPER_5,34850000,14,0,1,15,8,6,4
SUPER_5,34860000,34,3,2,39,16,18,2.4
SUPER_5,34870000,109,12,7,128,39,70,4.1578946
SUPER_5,34880000,158,18,14,190,57,101,4.25
SUPER_5,34890000,137,12,18,167,64,73,4.8333335
SUPER_5,34900000,47,7,6,60,21,26,1.8461539
SUPER_5,34910000,1,0,1,2,0,1,4
SUPER_5,34920000,2,0,0,2,0,2,NaN
SUPER_5,34930000,2,0,0,2,2,0,NaN
SUPER_5,34940000,3,0,1,4,2,1,12
SUPER_5,34950000,124,7,12,143,57,67,6.6842103
SUPER_5,34960000,58,7,6,71,35,23,19.615385
SUPER_5,34970000,1,0,0,1,1,0,NaN
SUPER_5,34980000,36,4,1,41,25,11,21.8
SUPER_5,34990000,81,6,11,98,44,37,13.176471
SUPER_5,35000000,120,8,11,139,60,60,3.368421
SUPER_5,35010000,9,0,1,10,7,2,6
SUPER_5,35020000,2,0,1,3,2,0,1
SUPER_5,35030000,1,0,0,1,0,1,NaN
SUPER_5,35040000,2,1,1,4,2,0,1.5
SUPER_5,35050000,3,0,0,3,1,2,NaN
SUPER_5,35060000,75,7,12,94,37,38,3.7368422
SUPER_5,35070000,128,9,13,150,60,68,5.409091
SUPER_5,35080000,170,7,12,189,89,81,7.5789475
SUPER_5,35090000,80,7,9,96,41,39,3.625
SUPER_5,35100000,26,2,3,31,12,14,6.4
SUPER_5,35110000,58,4,5,67,21,37,46.88889
SUPER_5,35120000,108,5,5,118,48,60,4.2
SUPER_5,35130000,112,7,9,128,67,45,8.4375
SUPER_5,35140000,141,12,7,160,75,66,6
SUPER_5,35150000,140,10,14,164,67,73,15.083333
SUPER_5,35160000,120,9,8,137,54,66,4.352941
SUPER_5,35170000,131,10,4,145,73,58,5.5
SUPER_5,35180000,93,5,15,113,48,45,5.45
SUPER_5,35190000,127,14,19,160,66,61,27.757576
SUPER_5,35200000,168,11,6,185,80,88,11.058824
SUPER_5,35210000,161,12,7,180,82,79,5.7894735
SUPER_5,35220000,14,4,1,19,7,7,1.6
SUPER_5,35230000,1,0,0,1,1,0,NaN
SUPER_5,35240000,1,0,1,2,0,1,1
SUPER_5,35250000,1,0,0,1,0,1,NaN
SUPER_5,35260000,1,0,0,1,0,1,NaN
SUPER_5,35270000,6,0,0,6,4,2,NaN
SUPER_5,35280000,3,0,0,3,2,1,NaN
SUPER_5,35290000,3,0,0,3,1,2,NaN
SUPER_5,35300000,32,0,1,33,10,22,1
SUPER_5,35310000,110,5,9,124,49,61,10.142858
SUPER_5,35320000,129,9,11,149,62,67,11.7
SUPER_5,35330000,167,10,5,182,85,82,8.333333
SUPER_5,35340000,0,0,0,0,0,0,0
SUPER_5,35350000,0,0,0,0,0,0,0
SUPER_5,35360000,149,13,17,179,82,67,4.9666667
SUPER_5,35370000,46,1,7,54,25,21,6.625
SUPER_5,35380000,105,5,13,123,51,54,8.388889
SUPER_5,35390000,37,6,3,46,15,22,8.888889
SUPER_5,35400000,2,0,0,2,0,2,NaN
SUPER_5,35410000,40,4,6,50,20,20,6.7
SUPER_5,35420000,48,7,4,59,31,17,22.272728
SUPER_5,35430000,56,4,2,62,28,28,4.5
SUPER_5,35440000,4,0,1,5,0,4,6
SUPER_5,35450000,22,2,4,28,11,11,9.333333
SUPER_5,35460000,90,12,4,106,40,50,6.8125
SUPER_5,35470000,89,9,11,109,40,49,20
SUPER_5,35480000,29,2,3,34,16,13,25
SUPER_5,35490000,119,3,11,133,72,47,36.214287
SUPER_5,35500000,93,7,4,104,53,40,8.818182
SUPER_5,35510000,19,3,2,24,9,10,3.4
SUPER_5,35520000,92,3,8,103,45,47,10.454545
SUPER_5,35530000,51,4,3,58,24,27,3.857143
SUPER_5,35540000,139,14,10,163,72,67,6.2083335
SUPER_5,35550000,120,19,13,152,56,64,4.96875
SUPER_5,35560000,28,0,1,29,12,16,1
SUPER_5,35570000,75,5,3,83,33,42,38.25
SUPER_5,35580000,54,5,4,63,36,18,5.5555553
SUPER_5,35590000,62,5,6,73,27,35,11.090909
SUPER_5,35600000,161,12,15,188,88,73,4.148148
SUPER_5,35610000,134,9,9,152,65,69,7.7222223
SUPER_5,35620000,59,11,7,77,29,30,7.111111
SUPER_5,35630000,87,7,13,107,40,47,4.85
SUPER_5,35640000,111,16,8,135,48,63,4.6666665
SUPER_5,35650000,134,13,9,156,64,70,10.636364
SUPER_5,35660000,82,3,9,94,41,41,17.333334
SUPER_5,35670000,66,11,6,83,30,36,2.8823528
SUPER_5,35680000,73,4,7,84,40,33,3.2727273
SUPER_5,35690000,55,4,2,61,29,26,10.166667
SUPER_5,35700000,82,5,7,94,43,39,11.75
SUPER_5,35710000,93,7,4,104,53,40,14.272727
SUPER_5,35720000,8,0,0,8,5,3,NaN
SUPER_5,35730000,17,3,4,24,12,5,5.571429
SUPER_5,35740000,1,0,0,1,1,0,NaN
SUPER_5,35750000,209,12,12,233,85,124,12.166667
SUPER_5,35760000,140,11,17,168,66,74,7.392857
SUPER_5,35770000,100,9,9,118,44,56,6.5
SUPER_5,35780000,122,11,16,149,66,56,7.259259
SUPER_5,35790000,106,7,12,125,64,42,5.631579
SUPER_5,35800000,110,11,6,127,55,55,4.529412
SUPER_5,35810000,47,5,5,57,24,23,7.4
SUPER_5,35820000,114,7,7,128,63,51,2.7857144
SUPER_5,35830000,125,9,3,137,62,63,41.916668
SUPER_5,35840000,40,0,4,44,23,17,76.75
SUPER_5,35850000,138,5,9,152,84,54,19
SUPER_5,35860000,29,2,5,36,14,15,6
SUPER_5,35870000,103,13,12,128,50,53,5.44
SUPER_5,35880000,201,12,17,230,111,90,7.3448277
SUPER_5,35890000,105,5,11,121,49,56,4.8125
SUPER_5,35900000,115,13,9,137,55,60,7.5
SUPER_5,35910000,2,0,0,2,2,0,NaN
SUPER_5,35920000,58,7,5,70,30,28,7.1666665
SUPER_5,35930000,144,7,13,164,65,79,27.1
SUPER_5,35940000,0,0,0,0,0,0,0
SUPER_5,35950000,0,0,0,0,0,0,0
SUPER_5,35960000,90,8,11,109,37,53,4.1578946
SUPER_5,35970000,68,7,5,80,33,35,5.1666665
SUPER_5,35980000,35,5,3,43,13,22,11.375
SUPER_5,35990000,54,10,1,65,23,31,3.8181818
SUPER_5,36000000,126,15,12,153,63,63,4.962963
SUPER_5,36010000,89,6,5,100,36,53,6.3636365
SUPER_5,36020000,130,10,11,151,59,71,8.190476
SUPER_5,36030000,102,7,6,115,60,42,39.615383
SUPER_5,36040000,47,4,3,54,24,23,13
SUPER_5,36050000,140,13,14,167,79,61,6.4074073
SUPER_5,36060000,99,4,7,110,52,47,4.181818
SUPER_5,36070000,2,0,0,2,1,1,NaN
SUPER_5,36080000,44,3,6,53,21,23,24.666666
SUPER_5,36090000,56,1,3,60,37,19,5.25
SUPER_5,36100000,134,9,14,157,64,70,19.652174
SUPER_5,36110000,111,7,9,127,56,55,5.5
SUPER_5,36120000,36,2,4,42,18,18,1.3333334
SUPER_5,36130000,3,1,0,4,0,3,3
SUPER_5,36140000,0,0,1,1,0,0,2
SUPER_5,36150000,87,5,3,95,40,47,3.125
SUPER_5,36160000,35,4,4,43,15,20,4.25
SUPER_5,36170000,128,9,8,145,68,60,37.117645
SUPER_5,36180000,102,10,6,118,44,58,4.6875
SUPER_5,36190000,104,5,17,126,51,53,10.181818
SUPER_5,36200000,86,7,8,101,51,35,25.2
SUPER_5,36210000,138,11,17,166,66,72,9.428572
SUPER_5,36220000,125,20,10,155,64,61,7.5
SUPER_5,36230000,145,8,15,168,83,62,16.956522
SUPER_5,36240000,140,10,8,158,73,67,4.5555553
SUPER_5,36250000,142,14,8,164,74,68,13.772727
SUPER_5,36260000,22,2,1,25,8,14,3.3333333
SUPER_5,36270000,83,5,9,97,47,36,5.571429
SUPER_5,36280000,93,4,6,103,58,35,7.9
SUPER_5,36290000,39,4,3,46,15,24,8.714286
SUPER_5,36300000,63,4,4,71,35,28,6.625
SUPER_5,36310000,67,2,9,78,32,35,3.090909
SUPER_5,36320000,95,6,9,110,49,46,9.133333
SUPER_5,36330000,37,3,2,42,14,23,4.2
SUPER_5,36340000,114,4,8,126,65,49,5
SUPER_5,36350000,124,7,7,138,59,65,31.214285
SUPER_5,36360000,87,10,11,108,49,38,12.904762
SUPER_5,36370000,217,16,13,246,120,97,5.6551723
SUPER_5,36380000,93,11,7,111,47,46,9.277778
SUPER_5,36390000,151,10,12,173,78,73,6.818182
SUPER_5,36400000,72,8,7,87,35,37,14.333333
SUPER_5,36410000,143,9,5,157,75,68,5.214286
SUPER_5,36420000,3,0,0,3,2,1,NaN
SUPER_5,36430000,0,1,0,1,0,0,2
SUPER_5,36440000,3,0,1,4,2,1,1
SUPER_5,36450000,2,0,1,3,0,2,4
SUPER_5,36460000,5,2,0,7,5,0,1
SUPER_5,36470000,5,0,0,5,1,4,NaN
SUPER_5,36480000,3,0,0,3,2,1,NaN
SUPER_5,36490000,108,13,8,129,57,51,9.428572
SUPER_5,36500000,58,7,3,68,27,31,15.7
SUPER_5,36510000,3,2,1,6,0,3,21.333334
SUPER_5,36520000,2,0,0,2,0,2,NaN
SUPER_5,36530000,3,0,1,4,2,1,1
SUPER_5,36540000,0,0,0,0,0,0,0
SUPER_5,36550000,0,0,0,0,0,0,0
SUPER_5,36560000,2,1,1,4,0,2,1.5
SUPER_5,36570000,0,0,1,1,0,0,1
SUPER_5,36580000,2,0,0,2,0,2,NaN
SUPER_5,36590000,12,2,1,15,5,7,8
SUPER_5,36600000,29,1,1,31,24,5,4.5
SUPER_5,36610000,152,9,10,171,73,79,7.894737
SUPER_5,36620000,109,8,5,122,47,62,6.923077
SUPER_5,36630000,128,5,13,146,61,67,7.3333335
SUPER_5,36640000,144,8,12,164,75,69,7.55
SUPER_5,36650000,3,0,0,3,3,0,NaN
SUPER_5,36660000,0,1,1,2,0,0,3.5
SUPER_5,36670000,1,0,0,1,1,0,NaN
SUPER_5,36680000,20,1,3,24,11,9,12.5
SUPER_5,36690000,44,2,2,48,23,21,6.75
SUPER_5,36700000,144,9,10,163,76,68,6.7894735
SUPER_5,36710000,57,8,5,70,31,26,8.538462
SUPER_5,36720000,68,3,9,80,38,30,6.5
SUPER_5,36730000,156,6,10,172,88,68,24.875
SUPER_5,36740000,89,4,4,97,46,43,3.75
SUPER_5,36750000,130,4,8,142,71,59,3.1666667
SUPER_5,36760000,146,9,12,167,69,77,3.6190476
SUPER_5,36770000,70,7,8,85,37,33,8.933333
SUPER_5,36780000,168,21,12,201,91,77,5.848485
SUPER_5,36790000,3,1,1,5,2,1,3.5
SUPER_5,36800000,8,2,0,10,3,5,6.5
SUPER_5,36810000,4,0,0,4,2,2,NaN
SUPER_5,36820000,8,1,2,11,5,3,1.6666666
SUPER_5,36830000,156,9,13,178,79,77,3.2272727
SUPER_5,36840000,178,10,16,204,92,86,2.2307692
SUPER_5,36850000,161,17,15,193,71,90,11.5625
SUPER_5,36860000,100,9,6,115,54,46,4.4
SUPER_5,36870000,107,4,14,125,67,40,5.7222223
SUPER_5,36880000,116,8,11,135,53,63,6.4736843
SUPER_5,36890000,104,6,12,122,56,48,8.333333
SUPER_5,36900000,112,6,5,123,66,46,5.909091
SUPER_5,36910000,100,9,3,112,58,42,23.916666
SUPER_5,36920000,105,13,6,124,56,49,5.1578946
SUPER_5,36930000,106,6,9,121,63,43,9.066667
SUPER_5,36940000,124,12,11,147,57,67,8.478261
SUPER_5,36950000,156,4,9,169,82,74,6.230769
SUPER_5,36960000,191,18,14,223,100,91,4.78125
SUPER_5,36970000,187,13,17,217,100,87,7.0333333
SUPER_5,36980000,152,10,10,172,72,80,23.8
SUPER_5,36990000,42,4,0,46,26,16,3.5
SUPER_5,37000000,118,13,6,137,65,53,9.947369
SUPER_5,37010000,94,2,7,103,52,42,6.111111
SUPER_5,37020000,68,2,3,73,30,38,5.6
SUPER_5,37030000,17,0,1,18,11,6,1
SUPER_5,37040000,84,6,6,96,44,40,5.5
SUPER_5,37050000,123,7,11,141,64,59,5.611111
SUPER_5,37060000,35,4,6,45,19,16,8.4
SUPER_5,37070000,108,9,6,123,45,63,8.066667
SUPER_5,37080000,27,2,4,33,13,14,1.8333334
SUPER_5,37090000,56,3,4,63,22,34,3.142857
SUPER_5,37100000,42,3,0,45,23,19,12.333333
SUPER_5,37110000,35,0,1,36,22,13,5
SUPER_5,37120000,21,4,1,26,13,8,22.6
SUPER_5,37130000,38,2,2,42,22,16,10.25
SUPER_5,37140000,84,5,4,93,35,49,7.111111
SUPER_5,37150000,114,6,10,130,62,52,17.375
SUPER_5,37160000,6,1,1,8,4,2,10.5
SUPER_5,37170000,87,5,3,95,41,46,4.5
SUPER_5,37180000,63,0,12,75,34,29,10.916667
SUPER_5,37190000,178,11,16,205,91,87,18.925926
SUPER_5,37200000,188,19,18,225,105,83,7.7027025
SUPER_5,37210000,169,10,9,188,86,83,10.684211
SUPER_5,37220000,146,9,13,168,91,55,3.8636363
SUPER_5,37230000,222,17,12,251,113,109,8.4827585
SUPER_5,37240000,11,3,0,14,6,5,6
SUPER_5,37250000,54,3,2,59,34,20,10.6
SUPER_5,37260000,76,2,7,85,43,33,9.777778
SUPER_5,37270000,127,6,8,141,67,60,6.214286
SUPER_5,37280000,35,3,4,42,20,15,11.142858
SUPER_5,37290000,8,1,1,10,4,4,2.5
SUPER_5,37300000,69,3,7,79,35,34,3.8
SUPER_5,37310000,39,1,2,42,24,15,38.666668
SUPER_5,37320000,9,0,0,9,6,3,NaN
SUPER_5,37330000,27,1,3,31,12,15,5.75
SUPER_5,37340000,92,9,6,107,44,48,4.9333334
SUPER_5,37350000,100,5,6,111,54,46,7.6363635
SUPER_5,37360000,97,7,6,110,50,47,11.846154
SUPER_5,37370000,124,10,12,146,68,56,12.818182
SUPER_5,37380000,96,3,11,110,52,44,5.785714
SUPER_5,37390000,82,6,6,94,40,42,62.75
SUPER_5,37400000,79,6,6,91,35,44,15.166667
SUPER_5,37410000,33,3,5,41,20,13,5.5
SUPER_5,37420000,202,12,17,231,107,95,4.793103
SUPER_5,37430000,19,2,1,22,9,10,1.6666666
SUPER_5,37440000,111,7,14,132,51,60,4.8095236
SUPER_5,37450000,156,15,7,178,81,75,5.6363635
SUPER_5,37460000,156,7,9,172,80,76,25.375
SUPER_5,37470000,93,5,3,101,44,49,19.875
SUPER_5,37480000,94,6,4,104,42,52,5.7
SUPER_5,37490000,1,0,1,2,1,0,1
SUPER_5,37500000,1,0,0,1,1,0,NaN
SUPER_5,37510000,3,0,0,3,2,1,NaN
SUPER_5,37520000,9,0,1,10,5,4,5
SUPER_5,37530000,2,0,0,2,2,0,NaN
SUPER_5,37540000,0,0,0,0,0,0,0
SUPER_5,37550000,0,0,0,0,0,0,0
SUPER_5,37560000,36,2,1,39,14,22,2.6666667
SUPER_5,37570000,14,0,4,18,8,6,4.5
SUPER_5,37580000,44,4,5,53,23,21,12.777778
SUPER_5,37590000,23,1,1,25,9,14,1.5
SUPER_5,37600000,118,3,7,128,50,68,4.9
SUPER_5,37610000,124,12,9,145,68,56,3.6190476
SUPER_5,37620000,145,8,7,160,62,83,19.866667
SUPER_5,37630000,101,11,11,123,52,49,7.090909
SUPER_5,37640000,181,15,19,215,97,84,6.352941
SUPER_5,37650000,104,9,2,115,61,43,7.2727275
SUPER_5,37660000,98,8,8,114,48,50,5.75
SUPER_5,37670000,150,12,9,171,73,77,29.190475
SUPER_5,37680000,94,9,11,114,39,55,4.7
SUPER_5,37690000,0,0,0,0,0,0,0
SUPER_5,37700000,0,0,0,0,0,0,0
SUPER_5,37710000,3,1,0,4,1,2,1
SUPER_5,37720000,1,1,0,2,0,1,6
SUPER_5,37730000,0,0,1,1,0,0,2
SUPER_5,37740000,3,0,0,3,2,1,NaN
SUPER_5,37750000,1,0,0,1,1,0,NaN
SUPER_5,37760000,1,0,0,1,0,1,NaN
SUPER_5,37770000,54,8,5,67,31,23,6.6153846
SUPER_5,37780000,55,4,11,70,25,30,10.533334
SUPER_5,37790000,71,4,8,83,35,36,6.0833335
SUPER_5,37800000,9,0,2,11,2,7,5
SUPER_5,37810000,215,8,18,241,107,108,13.730769
SUPER_5,37820000,198,20,13,231,106,92,4.181818
SUPER_5,37830000,158,12,12,182,85,73,24.041666
SUPER_5,37840000,148,15,15,178,82,66,10.066667
SUPER_5,37850000,110,9,9,128,50,60,44.666668
SUPER_5,37860000,110,11,10,131,47,63,24.857143
SUPER_5,37870000,217,16,15,248,111,106,3.580645
SUPER_5,37880000,103,8,15,126,52,51,27.043478
SUPER_5,37890000,119,9,5,133,57,62,4.428571
SUPER_5,37900000,68,4,4,76,35,33,3.875
SUPER_5,37910000,63,3,3,69,25,38,17.166666
SUPER_5,37920000,192,15,14,221,98,94,7.551724
SUPER_5,37930000,212,15,24,251,99,113,9.307693
SUPER_5,37940000,144,15,11,170,70,74,4.1538463
SUPER_5,37950000,35,3,5,43,16,19,3.25
SUPER_5,37960000,94,2,4,100,53,41,3.5
SUPER_5,37970000,45,6,4,55,21,24,4.8
SUPER_5,37980000,132,13,13,158,73,59,9.730769
SUPER_5,37990000,81,5,7,93,36,45,16.083334
SUPER_5,38000000,57,3,6,66,24,33,6.2222223
SUPER_5,38010000,3,0,0,3,2,1,NaN
SUPER_5,38020000,2,1,0,3,1,1,26
SUPER_5,38030000,5,1,1,7,5,0,1
SUPER_5,38040000,2,0,0,2,2,0,NaN
SUPER_5,38050000,1,0,0,1,0,1,NaN
SUPER_5,38060000,2,0,0,2,1,1,NaN
SUPER_5,38070000,4,0,0,4,2,2,NaN
SUPER_5,38080000,5,3,1,9,3,2,4.25
SUPER_5,38090000,5,0,1,6,4,1,3
SUPER_5,38100000,4,0,1,5,2,2,1
SUPER_5,38110000,3,1,0,4,0,3,1
SUPER_5,38120000,4,0,0,4,2,2,NaN
SUPER_5,38130000,4,0,0,4,3,1,NaN
SUPER_5,38140000,3,0,0,3,2,1,NaN
SUPER_5,38150000,4,1,1,6,2,2,6
SUPER_5,38160000,2,0,0,2,2,0,NaN
SUPER_5,38170000,7,0,0,7,3,4,NaN
SUPER_5,38180000,2,0,1,3,0,2,2
SUPER_5,38190000,0,1,0,1,0,0,1
SUPER_5,38200000,20,2,0,22,12,8,10
SUPER_5,38210000,1,0,0,1,0,1,NaN
SUPER_5,38220000,24,0,2,26,15,9,15
SUPER_5,38230000,108,9,6,123,56,52,3.4
SUPER_5,38240000,53,5,10,68,26,27,15.333333
SUPER_5,38250000,114,10,7,131,61,53,10.705882
SUPER_5,38260000,24,2,4,30,12,12,8.5
SUPER_5,38270000,115,7,13,135,57,58,6.55
SUPER_5,38280000,63,7,4,74,32,31,8.818182
SUPER_5,38290000,75,12,7,94,45,30,3.8947368
SUPER_5,38300000,158,13,15,186,71,87,4.892857
SUPER_5,38310000,42,3,3,48,14,28,2.1666667
SUPER_5,38320000,69,1,5,75,39,30,2.8333333
SUPER_5,38330000,135,9,9,153,61,74,3.4444444
SUPER_5,38340000,40,1,1,42,24,16,21
SUPER_5,38350000,84,7,6,97,40,44,31.846153
SUPER_5,38360000,98,8,6,112,51,47,11.214286
SUPER_5,38370000,128,9,4,141,60,68,9.538462
SUPER_5,38380000,33,1,3,37,18,15,11
SUPER_5,38390000,90,2,7,99,44,46,4.3333335
SUPER_5,38400000,143,8,13,164,68,75,4.5238094
SUPER_5,38410000,243,14,18,275,118,125,6.28125
SUPER_5,38420000,143,10,8,161,78,65,7.5
SUPER_5,38430000,136,11,8,155,69,67,6.9473686
SUPER_5,38440000,98,11,15,124,52,46,16.192308
SUPER_5,38450000,58,4,0,62,27,31,2.5
SUPER_5,38460000,42,4,5,51,26,16,6.4444447
SUPER_5,38470000,98,11,4,113,48,50,9.4
SUPER_5,38480000,123,8,11,142,77,46,8.526316
SUPER_5,38490000,104,10,7,121,63,41,6.0588236
SUPER_5,38500000,74,4,6,84,42,32,17.6
SUPER_5,38510000,76,5,5,86,41,35,2.4
SUPER_5,38520000,84,3,5,92,47,37,10.875
SUPER_5,38530000,66,6,1,73,28,38,7
SUPER_5,38540000,153,7,10,170,65,88,16.294117
SUPER_5,38550000,139,15,10,164,73,66,6
SUPER_5,38560000,141,8,9,158,69,72,2.8235295
SUPER_5,38570000,86,4,7,97,42,44,5.090909
SUPER_5,38580000,72,6,6,84,39,33,2.5833333
SUPER_5,38590000,11,0,1,12,7,4,26
SUPER_5,38600000,5,0,0,5,4,1,NaN
SUPER_5,38610000,2,1,1,4,1,1,12.5
SUPER_5,38620000,5,0,0,5,3,2,NaN
SUPER_5,38630000,8,1,1,10,3,5,1
SUPER_5,38640000,4,1,1,6,3,1,8
SUPER_5,38650000,3,0,1,4,0,3,1
SUPER_5,38660000,9,2,1,12,2,7,6
SUPER_5,38670000,60,2,4,66,35,25,6.3333335
SUPER_5,38680000,81,12,7,100,38,43,3.8947368
SUPER_5,38690000,33,4,1,38,21,12,3.6
SUPER_5,38700000,10,15,9,34,6,4,5.6666665
SUPER_5,38710000,1,5,7,13,0,1,4.6666665
SUPER_5,38720000,99,12,7,118,58,41,3
SUPER_5,38730000,49,4,4,57,25,24,3.5
SUPER_5,38740000,160,12,15,187,82,78,6.703704
SUPER_5,38750000,111,11,11,133,51,60,5.818182
SUPER_5,38760000,111,15,6,132,53,58,9.428572
SUPER_5,38770000,59,9,1,69,31,28,2.7
SUPER_5,38780000,45,8,5,58,25,20,5.923077
SUPER_5,38790000,45,4,5,54,24,21,12
SUPER_5,38800000,72,4,6,82,39,33,2.7
SUPER_5,38810000,82,4,4,90,47,35,31.75
SUPER_5,38820000,62,9,7,78,30,32,6.5625
SUPER_5,38830000,75,2,10,87,40,35,6.6666665
SUPER_5,38840000,67,7,10,84,30,37,5.0588236
SUPER_5,38850000,10,1,2,13,7,3,13.333333
SUPER_5,38860000,14,1,2,17,9,5,7.6666665
SUPER_5,38870000,13,0,2,15,5,8,35
SUPER_5,38880000,23,2,3,28,11,12,3.8
SUPER_5,38890000,4,4,1,9,4,0,20.6
SUPER_5,38900000,19,2,1,22,12,7,21
SUPER_5,38910000,14,0,1,15,10,4,4
SUPER_5,38920000,12,0,7,19,7,5,16.285715
SUPER_5,38930000,26,0,0,26,12,14,NaN
SUPER_5,38940000,23,4,1,28,11,12,9.6
SUPER_5,38950000,1,0,0,1,0,1,NaN
SUPER_5,38960000,16,1,2,19,11,5,14
SUPER_5,38970000,49,4,7,60,24,25,4.181818
SUPER_5,38980000,13,4,2,19,4,9,15.333333
SUPER_5,38990000,28,3,3,34,17,11,3.3333333
SUPER_5,39000000,20,7,3,30,11,9,4.7
SUPER_5,39010000,20,4,3,27,12,8,36.857143
SUPER_5,39020000,18,2,1,21,9,9,3.3333333
SUPER_5,39030000,29,0,2,31,15,14,146.5
SUPER_5,39040000,22,0,4,26,12,10,2
SUPER_5,39050000,35,3,2,40,17,18,3.8
SUPER_5,39060000,32,1,1,34,19,13,4.5
SUPER_5,39070000,8,0,0,8,2,6,NaN
SUPER_5,39080000,24,4,3,31,12,12,5.571429
SUPER_5,39090000,21,3,1,25,9,12,2.25
SUPER_5,39100000,21,0,4,25,11,10,11.75
SUPER_5,39110000,30,4,2,36,13,17,28.666666
SUPER_5,39120000,40,5,3,48,20,20,4.75
SUPER_5,39130000,17,2,1,20,4,13,4.6666665
SUPER_5,39140000,14,2,3,19,7,7,12.4
SUPER_5,39150000,13,1,1,15,4,9,10
SUPER_5,39160000,0,0,0,0,0,0,0
SUPER_5,39170000,0,0,0,0,0,0,0
SUPER_5,39180000,12,1,0,13,5,7,5
SUPER_5,39190000,29,2,0,31,18,11,5.5
SUPER_5,39200000,5,0,0,5,4,1,NaN
SUPER_5,39210000,9,3,0,12,5,4,3.3333333
SUPER_5,39220000,74,3,4,81,50,24,6.285714
SUPER_5,39230000,50,5,2,57,30,20,3.857143
SUPER_5,39240000,15,3,1,19,9,6,3.25
SUPER_5,39250000,20,1,1,22,13,7,1.5
SUPER_5,39260000,0,1,0,1,0,0,1
SUPER_5,39270000,0,2,0,2,0,0,1.5
SUPER_5,39280000,3,0,0,3,2,1,NaN
SUPER_5,39290000,0,0,0,0,0,0,0
SUPER_5,39300000,0,0,0,0,0,0,0
SUPER_5,39310000,15,0,4,19,1,14,1
SUPER_6,10000,5,3,4,12,1,4,2.7142856
SUPER_6,20000,15,2,0,17,9,6,1
SUPER_6,30000,5,1,2,8,4,1,1.3333334
SUPER_6,40000,3,0,0,3,3,0,NaN
SUPER_6,50000,3,1,0,4,1,2,1
SUPER_6,60000,3,0,0,3,1,2,NaN
SUPER_6,70000,0,0,0,0,0,0,0
SUPER_6,80000,0,0,0,0,0,0,0
SUPER_6,90000,6,0,1,7,1,5,2
SUPER_6,100000,5,0,0,5,1,4,NaN
SUPER_6,110000,1,0,1,2,1,0,4
SUPER_6,120000,1,1,0,2,1,0,3
SUPER_6,130000,2,0,0,2,0,2,NaN
SUPER_6,140000,10,0,0,10,7,3,NaN
SUPER_6,150000,6,1,0,7,3,3,1
SUPER_6,160000,1,1,0,2,0,1,28
SUPER_6,170000,1,0,0,1,1,0,NaN
SUPER_6,180000,2,0,0,2,1,1,NaN
SUPER_6,190000,3,0,0,3,0,3,NaN
SUPER_6,200000,6,0,0,6,4,2,NaN
SUPER_6,210000,0,0,1,1,0,0,1
SUPER_6,220000,2,0,0,2,1,1,NaN
SUPER_6,230000,5,1,1,7,4,1,5.5
SUPER_6,240000,3,0,0,3,1,2,NaN
SUPER_6,250000,11,0,0,11,5,6,NaN
SUPER_6,260000,3,0,1,4,2,1,2
SUPER_6,270000,2,0,0,2,1,1,NaN
SUPER_6,280000,3,1,0,4,2,1,1
SUPER_6,290000,8,1,0,9,6,2,2
SUPER_6,300000,0,0,1,1,0,0,87
SUPER_6,310000,2,0,1,3,2,0,1
SUPER_6,320000,2,0,0,2,1,1,NaN
SUPER_6,330000,3,0,1,4,2,1,1
SUPER_6,340000,2,1,1,4,1,1,4
SUPER_6,350000,1,1,1,3,0,1,22
SUPER_6,360000,2,0,2,4,1,1,1
SUPER_6,370000,1,0,0,1,1,0,NaN
SUPER_6,380000,1,0,0,1,1,0,NaN
SUPER_6,390000,5,0,0,5,2,3,NaN
SUPER_6,400000,11,1,1,13,8,3,1
SUPER_6,410000,1,0,0,1,0,1,NaN
SUPER_6,420000,2,0,1,3,1,1,1
SUPER_6,430000,6,1,0,7,6,0,3
SUPER_6,440000,4,0,0,4,2,2,NaN
SUPER_6,450000,3,0,0,3,1,2,NaN
SUPER_6,460000,1,0,0,1,0,1,NaN
SUPER_6,470000,7,0,0,7,3,4,NaN
SUPER_6,480000,1,0,2,3,1,0,1
SUPER_6,490000,3,0,0,3,2,1,NaN
SUPER_6,500000,2,0,0,2,1,1,NaN
SUPER_6,510000,2,2,0,4,1,1,23
SUPER_6,520000,0,0,1,1,0,0,12
SUPER_6,530000,0,0,0,0,0,0,0
SUPER_6,540000,0,0,0,0,0,0,0
SUPER_6,550000,0,0,0,0,0,0,0
SUPER_6,560000,0,0,0,0,0,0,0
SUPER_6,570000,5,0,1,6,0,5,2
SUPER_6,580000,12,1,0,13,5,7,1
SUPER_6,590000,3,1,0,4,3,0,1
SUPER_6,600000,157,11,9,177,80,77,3.2
SUPER_6,610000,50,4,4,58,28,22,16
SUPER_6,620000,66,7,7,80,37,29,53.642857
SUPER_6,630000,68,5,8,81,33,35,18.692308
SUPER_6,640000,62,4,5,71,35,27,11.222222
SUPER_6,650000,60,3,4,67,34,26,7.428571
SUPER_6,660000,38,1,3,42,23,15,5.25
SUPER_6,670000,62,1,6,69,35,27,5
SUPER_6,680000,68,5,7,80,44,24,11.583333
SUPER_6,690000,93,2,8,103,52,41,3.2
SUPER_6,700000,34,5,4,43,15,19,2.5555556
SUPER_6,710000,213,13,8,234,121,92,10.476191
SUPER_6,720000,137,7,14,158,56,81,3.2857144
SUPER_6,730000,45,3,4,52,23,22,5.857143
SUPER_6,740000,53,3,4,60,28,25,2.7142856
SUPER_6,750000,35,0,0,35,16,19,NaN
SUPER_6,760000,39,3,4,46,19,20,2.4285715
SUPER_6,770000,71,6,10,87,39,32,3.375
SUPER_6,780000,229,8,18,255,113,116,7.4615383
SUPER_6,790000,98,5,4,107,56,42,15.555555
SUPER_6,800000,32,1,1,34,20,12,2
SUPER_6,810000,104,2,6,112,59,45,13.875
SUPER_6,820000,67,5,1,73,34,33,2.1666667
SUPER_6,830000,60,2,4,66,32,28,7
SUPER_6,840000,0,0,0,0,0,0,0
SUPER_6,850000,0,0,0,0,0,0,0
SUPER_6,860000,169,14,9,192,94,75,5.9565215
SUPER_6,870000,24,2,1,27,12,12,3
SUPER_6,880000,0,0,1,1,0,0,2
SUPER_6,890000,18,1,2,21,10,8,3.3333333
SUPER_6,900000,3,0,0,3,1,2,NaN
SUPER_6,910000,101,4,5,110,43,58,7.6666665
SUPER_6,920000,40,3,6,49,23,17,10.666667
SUPER_6,930000,76,7,14,97,35,41,10.523809
SUPER_6,940000,68,2,1,71,32,36,17
SUPER_6,950000,53,4,1,58,31,22,21
SUPER_6,960000,83,3,6,92,49,34,2.6666667
SUPER_6,970000,102,6,6,114,54,48,47.333332
SUPER_6,980000,85,9,4,98,36,49,3.8461537
SUPER_6,990000,4,1,1,6,1,3,1
SUPER_6,1000000,4,0,1,5,3,1,1
SUPER_6,1010000,4,0,0,4,3,1,NaN
SUPER_6,1020000,83,2,10,95,43,40,7.1666665
SUPER_6,1030000,130,5,7,142,68,62,7.4166665
SUPER_6,1040000,83,7,8,98,42,41,3
SUPER_6,1050000,168,14,10,192,83,85,10.958333
SUPER_6,1060000,129,10,15,154,55,74,6.16
SUPER_6,1070000,9,0,0,9,6,3,NaN
SUPER_6,1080000,3,0,0,3,1,2,NaN
SUPER_6,1090000,71,6,7,84,39,32,18
SUPER_6,1100000,31,2,1,34,18,13,2
SUPER_6,1110000,134,8,8,150,63,71,19.375
SUPER_6,1120000,121,8,11,140,59,62,7.3157897
SUPER_6,1130000,107,8,7,122,50,57,5.8
SUPER_6,1140000,13,1,1,15,7,6,6.5
SUPER_6,1150000,0,0,0,0,0,0,0
SUPER_6,1160000,0,0,0,0,0,0,0
SUPER_6,1170000,0,0,0,0,0,0,0
SUPER_6,1180000,43,3,2,48,28,15,34.2
SUPER_6,1190000,75,6,2,83,42,33,4.125
SUPER_6,1200000,41,4,1,46,23,18,2.2
SUPER_6,1210000,96,1,8,105,51,45,7
SUPER_6,1220000,101,9,8,118,58,43,4
SUPER_6,1230000,177,14,12,203,105,72,9.730769
SUPER_6,1240000,141,4,12,157,75,66,21.875
SUPER_6,1250000,59,4,9,72,31,28,9.615385
SUPER_6,1260000,105,8,6,119,52,53,4.857143
SUPER_6,1270000,138,4,6,148,69,69,3.5
SUPER_6,1280000,148,8,8,164,81,67,6.9375
SUPER_6,1290000,135,12,9,156,64,71,25.571428
SUPER_6,1300000,29,3,5,37,13,16,1.875
SUPER_6,1310000,8,3,1,12,3,5,1.25
SUPER_6,1320000,47,4,4,55,26,21,5.125
SUPER_6,1330000,35,1,5,41,9,26,6.3333335
SUPER_6,1340000,72,9,7,88,35,37,2.875
SUPER_6,1350000,52,9,5,66,20,32,5.428571
SUPER_6,1360000,118,11,6,135,70,48,17.941177
SUPER_6,1370000,111,8,8,127,58,53,11.875
SUPER_6,1380000,63,5,3,71,45,18,9.625
SUPER_6,1390000,62,9,6,77,32,30,6.8
SUPER_6,1400000,27,0,0,27,12,15,NaN
SUPER_6,1410000,7,0,0,7,3,4,NaN
SUPER_6,1420000,7,0,1,8,4,3,1
SUPER_6,1430000,14,1,2,17,7,7,6.6666665
SUPER_6,1440000,21,1,0,22,13,8,46
SUPER_6,1450000,2,0,0,2,1,1,NaN
SUPER_6,1460000,0,1,0,1,0,0,4
SUPER_6,1470000,1,0,0,1,1,0,NaN
SUPER_6,1480000,26,3,4,33,7,19,10.857142
SUPER_6,1490000,24,2,3,29,12,12,3
SUPER_6,1500000,5,0,1,6,4,1,2
SUPER_6,1510000,96,12,4,112,46,50,18.125
SUPER_6,1520000,120,3,5,128,59,61,6.5
SUPER_6,1530000,196,5,8,209,111,85,5.230769
SUPER_6,1540000,53,4,7,64,26,27,17.727272
SUPER_6,1550000,109,3,4,116,62,47,6.714286
SUPER_6,1560000,81,1,5,87,33,48,13.333333
SUPER_6,1570000,0,0,0,0,0,0,0
SUPER_6,1580000,0,0,0,0,0,0,0
SUPER_6,1590000,126,5,7,138,72,54,4.5833335
SUPER_6,1600000,56,3,9,68,26,30,7.1666665
SUPER_6,1610000,132,12,8,152,67,65,9.1
SUPER_6,1620000,157,11,7,175,88,69,9.5
SUPER_6,1630000,100,2,5,107,66,34,7.285714
SUPER_6,1640000,32,5,0,37,17,15,5.2
SUPER_6,1650000,31,0,2,33,18,13,1
SUPER_6,1660000,72,7,4,83,32,40,7
SUPER_6,1670000,0,0,0,0,0,0,0
SUPER_6,1680000,0,0,0,0,0,0,0
SUPER_6,1690000,0,0,0,0,0,0,0
SUPER_6,1700000,0,0,0,0,0,0,0
SUPER_6,1710000,34,2,3,39,20,14,3.4
SUPER_6,1720000,45,1,2,48,20,25,14
SUPER_6,1730000,40,9,3,52,22,18,4.75
SUPER_6,1740000,68,12,4,84,39,29,5.625
SUPER_6,1750000,19,1,2,22,12,7,123.333336
SUPER_6,1760000,4,0,0,4,1,3,NaN
SUPER_6,1770000,2,0,0,2,2,0,NaN
SUPER_6,1780000,4,0,1,5,3,1,1
SUPER_6,1790000,0,2,0,2,0,0,10.5
SUPER_6,1800000,1,0,0,1,0,1,NaN
SUPER_6,1810000,1,0,0,1,0,1,NaN
SUPER_6,1820000,4,0,0,4,2,2,NaN
SUPER_6,1830000,1,0,0,1,1,0,NaN
SUPER_6,1840000,3,0,1,4,3,0,1
SUPER_6,1850000,0,1,0,1,0,0,1
SUPER_6,1860000,36,3,2,41,22,14,3.8
SUPER_6,1870000,5,0,0,5,3,2,NaN
SUPER_6,1880000,11,1,0,12,6,5,1
SUPER_6,1890000,81,5,6,92,39,42,11.363636
SUPER_6,1900000,74,6,5,85,34,40,12.272727
SUPER_6,1910000,79,5,6,90,46,33,4.818182
SUPER_6,1920000,164,7,9,180,75,89,5.75
SUPER_6,1930000,159,20,15,194,70,89,7.542857
SUPER_6,1940000,5,0,0,5,3,2,NaN
SUPER_6,1950000,119,6,9,134,71,48,6.4666667
SUPER_6,1960000,86,4,4,94,51,35,23.125
SUPER_6,1970000,114,12,4,130,54,60,8.6875
SUPER_6,1980000,187,8,10,205,101,86,3.3888888
SUPER_6,1990000,75,9,8,92,46,29,3.0588236
SUPER_6,2000000,156,8,14,178,87,69,13.318182
SUPER_6,2010000,107,6,8,121,52,55,12.357142
SUPER_6,2020000,96,6,10,112,44,52,13.6875
SUPER_6,2030000,4,0,0,4,1,3,NaN
SUPER_6,2040000,5,2,0,7,3,2,2.5
SUPER_6,2050000,2,0,0,2,0,2,NaN
SUPER_6,2060000,1,1,0,2,1,0,2
SUPER_6,2070000,0,0,0,0,0,0,0
SUPER_6,2080000,0,0,0,0,0,0,0
SUPER_6,2090000,5,1,3,9,3,2,7.75
SUPER_6,2100000,1,0,0,1,0,1,NaN
SUPER_6,2110000,2,0,0,2,1,1,NaN
SUPER_6,2120000,120,10,5,135,56,64,6.4
SUPER_6,2130000,14,2,0,16,4,10,3.5
SUPER_6,2140000,1,0,0,1,1,0,NaN
SUPER_6,2150000,3,1,0,4,2,1,1
SUPER_6,2160000,3,0,0,3,2,1,NaN
SUPER_6,2170000,2,1,1,4,1,1,3
SUPER_6,2180000,2,0,0,2,1,1,NaN
SUPER_6,2190000,4,1,0,5,2,2,1
SUPER_6,2200000,4,0,0,4,3,1,NaN
SUPER_6,2210000,27,3,2,32,16,11,4.2
SUPER_6,2220000,31,3,5,39,17,14,14.125
SUPER_6,2230000,92,8,8,108,45,47,5.0625
SUPER_6,2240000,125,9,7,141,67,58,10.9375
SUPER_6,2250000,14,2,0,16,8,6,2.5
SUPER_6,2260000,70,5,5,80,31,39,6.8
SUPER_6,2270000,84,11,3,98,51,33,8.857142
SUPER_6,2280000,161,12,12,185,77,84,14.208333
SUPER_6,2290000,64,7,4,75,45,19,3.4545455
SUPER_6,2300000,135,6,13,154,69,66,7.5789475
SUPER_6,2310000,43,7,4,54,20,23,2.3636363
SUPER_6,2320000,130,9,12,151,63,67,7.714286
SUPER_6,2330000,86,4,4,94,43,43,18
SUPER_6,2340000,15,0,3,18,11,4,12.666667
SUPER_6,2350000,5,3,2,10,1,4,2.8
SUPER_6,2360000,1,0,2,3,1,0,165
SUPER_6,2370000,1,1,0,2,1,0,6
SUPER_6,2380000,1,0,0,1,0,1,NaN
SUPER_6,2390000,0,0,0,0,0,0,0
SUPER_6,2400000,0,0,0,0,0,0,0
SUPER_6,2410000,4,0,1,5,3,1,2
SUPER_6,2420000,1,0,0,1,1,0,NaN
SUPER_6,2430000,2,0,0,2,0,2,NaN
SUPER_6,2440000,0,0,1,1,0,0,10
SUPER_6,2450000,2,0,0,2,1,1,NaN
SUPER_6,2460000,1,1,0,2,0,1,1
SUPER_6,2470000,1,0,0,1,1,0,NaN
SUPER_6,2480000,1,1,0,2,0,1,1
SUPER_6,2490000,20,0,0,20,19,1,NaN
SUPER_6,2500000,3,0,0,3,3,0,NaN
SUPER_6,2510000,94,9,7,110,53,41,107.0625
SUPER_6,2520000,113,3,11,127,57,56,4.785714
SUPER_6,2530000,132,12,5,149,72,60,4.529412
SUPER_6,2540000,4,0,0,4,4,0,NaN
SUPER_6,2550000,2,0,0,2,1,1,NaN
SUPER_6,2560000,30,3,1,34,12,18,7.75
SUPER_6,2570000,130,15,6,151,66,64,8
SUPER_6,2580000,176,11,16,203,87,89,10.62963
SUPER_6,2590000,75,6,12,93,34,41,7
SUPER_6,2600000,22,0,1,23,14,8,69
SUPER_6,2610000,77,4,0,81,39,38,3.25
SUPER_6,2620000,84,2,9,95,50,34,64.454544
SUPER_6,2630000,8,1,1,10,5,3,10.5
SUPER_6,2640000,183,16,18,217,93,90,21.058823
SUPER_6,2650000,125,5,3,133,75,50,2.75
SUPER_6,2660000,91,5,6,102,49,42,9.454545
SUPER_6,2670000,1,0,0,1,1,0,NaN
SUPER_6,2680000,2,0,0,2,2,0,NaN
SUPER_6,2690000,0,0,0,0,0,0,0
SUPER_6,2700000,0,0,0,0,0,0,0
SUPER_6,2710000,3,2,3,8,2,1,10.2
SUPER_6,2720000,2,0,0,2,0,2,NaN
SUPER_6,2730000,24,4,5,33,16,8,3.8888888
SUPER_6,2740000,72,7,8,87,34,38,3.3333333
SUPER_6,2750000,88,7,6,101,36,52,3.6153846
SUPER_6,2760000,81,9,5,95,40,41,5.642857
SUPER_6,2770000,37,3,6,46,20,17,7.111111
SUPER_6,2780000,153,13,10,176,73,80,46.434784
SUPER_6,2790000,60,5,6,71,27,33,9.727273
SUPER_6,2800000,44,7,2,53,22,22,10.888889
SUPER_6,2810000,108,6,15,129,48,60,5.095238
SUPER_6,2820000,118,6,8,132,54,64,14.928572
SUPER_6,2830000,112,12,19,143,58,54,11.548388
SUPER_6,2840000,76,5,6,87,35,41,4.090909
SUPER_6,2850000,2,0,0,2,1,1,NaN
SUPER_6,2860000,4,0,0,4,3,1,NaN
SUPER_6,2870000,5,0,0,5,2,3,NaN
SUPER_6,2880000,1,0,0,1,0,1,NaN
SUPER_6,2890000,1,1,0,2,0,1,1
SUPER_6,2900000,1,0,0,1,0,1,NaN
SUPER_6,2910000,2,0,0,2,1,1,NaN
SUPER_6,2920000,59,4,7,70,32,27,4.909091
SUPER_6,2930000,83,6,11,100,45,38,10.058824
SUPER_6,2940000,28,3,4,35,15,13,12.142858
SUPER_6,2950000,26,3,6,35,11,15,4.3333335
SUPER_6,2960000,37,2,6,45,23,14,2.5
SUPER_6,2970000,0,0,0,0,0,0,0
SUPER_6,2980000,0,0,0,0,0,0,0
SUPER_6,2990000,55,6,5,66,34,21,8.636364
SUPER_6,3000000,131,9,8,148,76,55,6.4117646
SUPER_6,3010000,54,1,2,57,34,20,1
SUPER_6,3020000,92,8,12,112,44,48,15.85
SUPER_6,3030000,124,9,19,152,59,65,5.642857
SUPER_6,3040000,182,14,12,208,99,83,3.3461537
SUPER_6,3050000,116,11,10,137,51,65,21.333334
SUPER_6,3060000,100,8,8,116,49,51,12.1875
SUPER_6,3070000,89,7,10,106,43,46,6.1764708
SUPER_6,3080000,116,3,9,128,63,53,3.4166667
SUPER_6,3090000,109,7,8,124,64,45,14.6
SUPER_6,3100000,100,12,19,131,41,59,13.806452
SUPER_6,3110000,45,3,5,53,22,23,3.375
SUPER_6,3120000,133,9,5,147,66,67,3.2857144
SUPER_6,3130000,138,11,7,156,72,66,7
SUPER_6,3140000,92,5,5,102,43,49,5.2
SUPER_6,3150000,116,10,13,139,55,61,5.652174
SUPER_6,3160000,121,5,5,131,61,60,2.9
SUPER_6,3170000,76,2,7,85,35,41,3
SUPER_6,3180000,22,2,1,25,14,8,3
SUPER_6,3190000,107,7,9,123,58,49,8
SUPER_6,3200000,0,0,0,0,0,0,0
SUPER_6,3210000,0,0,0,0,0,0,0
SUPER_6,3220000,2,3,1,6,1,1,1
SUPER_6,3230000,3,0,0,3,1,2,NaN
SUPER_6,3240000,86,4,4,94,47,39,10.375
SUPER_6,3250000,70,7,6,83,39,31,15.461538
SUPER_6,3260000,154,11,13,178,80,74,3.875
SUPER_6,3270000,201,16,10,227,96,105,12.653846
SUPER_6,3280000,132,9,8,149,79,53,13
SUPER_6,3290000,92,9,6,107,38,54,18.733334
SUPER_6,3300000,118,10,11,139,58,60,4.6190476
SUPER_6,3310000,140,6,11,157,73,67,3.3529413
SUPER_6,3320000,146,14,10,170,68,78,12.541667
SUPER_6,3330000,65,6,6,77,33,32,4
SUPER_6,3340000,93,7,5,105,31,62,6
SUPER_6,3350000,0,0,0,0,0,0,0
SUPER_6,3360000,0,0,0,0,0,0,0
SUPER_6,3370000,45,3,4,52,22,23,11.714286
SUPER_6,3380000,124,12,9,145,59,65,7.428571
SUPER_6,3390000,148,8,16,172,83,65,4.7083335
SUPER_6,3400000,19,2,3,24,11,8,1.6
SUPER_6,3410000,2,1,0,3,2,0,4
SUPER_6,3420000,122,10,8,140,62,60,7.1666665
SUPER_6,3430000,228,17,22,267,121,107,38.25641
SUPER_6,3440000,149,6,12,167,75,74,3.5555556
SUPER_6,3450000,129,12,13,154,62,67,5.88
SUPER_6,3460000,154,11,5,170,71,83,9.125
SUPER_6,3470000,109,6,11,126,45,64,9.235294
SUPER_6,3480000,19,3,5,27,8,11,3.25
SUPER_6,3490000,1,1,1,3,0,1,12
SUPER_6,3500000,1,0,0,1,0,1,NaN
SUPER_6,3510000,118,8,5,131,57,61,9.307693
SUPER_6,3520000,114,8,5,127,71,43,10.076923
SUPER_6,3530000,23,0,0,23,11,12,NaN
SUPER_6,3540000,1,1,1,3,0,1,9
SUPER_6,3550000,2,0,0,2,0,2,NaN
SUPER_6,3560000,1,0,0,1,0,1,NaN
SUPER_6,3570000,2,1,0,3,1,1,14
SUPER_6,3580000,45,0,1,46,23,22,19
SUPER_6,3590000,93,5,2,100,43,50,7.571429
SUPER_6,3600000,146,6,8,160,78,68,8.5
SUPER_6,3610000,159,10,14,183,75,84,5.4166665
SUPER_6,3620000,135,11,13,159,64,71,5.4166665
SUPER_6,3630000,47,4,6,57,29,18,1.9
SUPER_6,3640000,6,2,1,9,2,4,10.666667
SUPER_6,3650000,128,6,7,141,75,53,8.230769
SUPER_6,3660000,115,4,6,125,71,44,5
SUPER_6,3670000,3,1,0,4,1,2,29
SUPER_6,3680000,2,0,0,2,2,0,NaN
SUPER_6,3690000,6,0,1,7,4,2,1
SUPER_6,3700000,0,0,0,0,0,0,0
SUPER_6,3710000,0,0,0,0,0,0,0
SUPER_6,3720000,4,1,0,5,2,2,1
SUPER_6,3730000,1,0,0,1,1,0,NaN
SUPER_6,3740000,3,0,0,3,1,2,NaN
SUPER_6,3750000,2,1,0,3,1,1,1
SUPER_6,3760000,1,0,0,1,0,1,NaN
SUPER_6,3770000,120,9,9,138,66,54,23.222221
SUPER_6,3780000,137,9,10,156,63,74,21.263159
SUPER_6,3790000,83,3,9,95,41,42,15.75
SUPER_6,3800000,105,9,9,123,50,55,10.166667
SUPER_6,3810000,57,5,5,67,29,28,10.6
SUPER_6,3820000,2,0,0,2,1,1,NaN
SUPER_6,3830000,0,1,0,1,0,0,2
SUPER_6,3840000,70,3,1,74,36,34,5.25
SUPER_6,3850000,2,0,0,2,2,0,NaN
SUPER_6,3860000,74,3,3,80,32,42,18.833334
SUPER_6,3870000,87,4,9,100,42,45,32.615383
SUPER_6,3880000,3,0,0,3,3,0,NaN
SUPER_6,3890000,0,1,0,1,0,0,1
SUPER_6,3900000,1,1,0,2,1,0,7
SUPER_6,3910000,67,6,1,74,31,36,6
SUPER_6,3920000,128,4,13,145,63,65,9.3529415
SUPER_6,3930000,2,1,0,3,0,2,1
SUPER_6,3940000,0,0,0,0,0,0,0
SUPER_6,3950000,0,0,0,0,0,0,0
SUPER_6,3960000,0,0,0,0,0,0,0
SUPER_6,3970000,0,0,0,0,0,0,0
SUPER_6,3980000,3,1,0,4,2,1,1
SUPER_6,3990000,1,0,1,2,1,0,14
SUPER_6,4000000,0,0,0,0,0,0,0
SUPER_6,4010000,0,0,0,0,0,0,0
SUPER_6,4020000,148,11,16,175,66,82,3.8888888
SUPER_6,4030000,102,8,4,114,45,57,5.8333335
SUPER_6,4040000,90,4,8,102,56,34,16.666666
SUPER_6,4050000,7,0,1,8,2,5,1
SUPER_6,4060000,71,13,7,91,36,35,4
SUPER_6,4070000,95,6,11,112,47,48,19.705883
SUPER_6,4080000,166,11,9,186,88,78,9.8
SUPER_6,4090000,147,14,4,165,79,68,5.7777777
SUPER_6,4100000,141,6,11,158,73,68,7.2941175
SUPER_6,4110000,44,6,5,55,29,15,7
SUPER_6,4120000,94,4,4,102,59,35,6
SUPER_6,4130000,93,10,8,111,55,38,4.0555553
SUPER_6,4140000,226,7,16,249,125,101,4.869565
SUPER_6,4150000,132,11,14,157,79,53,8.88
SUPER_6,4160000,175,17,14,206,81,94,5.16129
SUPER_6,4170000,89,5,3,97,48,41,34.875
SUPER_6,4180000,4,1,2,7,2,2,5.3333335
SUPER_6,4190000,1,0,0,1,1,0,NaN
SUPER_6,4200000,3,0,0,3,1,2,NaN
SUPER_6,4210000,2,0,0,2,0,2,NaN
SUPER_6,4220000,6,0,0,6,4,2,NaN
SUPER_6,4230000,1,1,0,2,0,1,1
SUPER_6,4240000,0,0,0,0,0,0,0
SUPER_6,4250000,0,0,0,0,0,0,0
SUPER_6,4260000,0,0,0,0,0,0,0
SUPER_6,4270000,0,0,0,0,0,0,0
SUPER_6,4280000,6,0,1,7,4,2,4
SUPER_6,4290000,2,0,0,2,1,1,NaN
SUPER_6,4300000,124,14,16,154,66,58,13.766666
SUPER_6,4310000,98,15,9,122,48,50,8
SUPER_6,4320000,173,7,9,189,93,80,9.3125
SUPER_6,4330000,76,6,5,87,39,37,5.181818
SUPER_6,4340000,25,4,2,31,14,11,1.3333334
SUPER_6,4350000,98,5,10,113,44,54,11.533334
SUPER_6,4360000,52,3,6,61,24,28,12.777778
SUPER_6,4370000,72,3,10,85,41,31,23.076923
SUPER_6,4380000,2,0,0,2,1,1,NaN
SUPER_6,4390000,2,0,0,2,1,1,NaN
SUPER_6,4400000,60,3,2,65,30,30,2.4
SUPER_6,4410000,71,8,5,84,42,29,3
SUPER_6,4420000,147,12,17,176,76,71,9.206897
SUPER_6,4430000,157,7,6,170,74,83,6.3076925
SUPER_6,4440000,89,10,11,110,49,40,6.714286
SUPER_6,4450000,120,13,3,136,67,53,7
SUPER_6,4460000,99,7,6,112,55,44,20.076923
SUPER_6,4470000,0,0,0,0,0,0,0
SUPER_6,4480000,0,0,0,0,0,0,0
SUPER_6,4490000,9,3,1,13,4,5,4.5
SUPER_6,4500000,84,8,6,98,48,36,6.357143
SUPER_6,4510000,93,11,6,110,46,47,12.882353
SUPER_6,4520000,136,10,14,160,74,62,7.0416665
SUPER_6,4530000,63,9,1,73,30,33,5.6
SUPER_6,4540000,46,6,6,58,19,27,54.583332
SUPER_6,4550000,107,1,4,112,63,44,3.2
SUPER_6,4560000,125,5,7,137,62,63,12.166667
SUPER_6,4570000,85,4,2,91,42,43,3.5
SUPER_6,4580000,57,6,4,67,34,23,4.6
SUPER_6,4590000,3,0,0,3,3,0,NaN
SUPER_6,4600000,3,1,1,5,1,2,22
SUPER_6,4610000,2,0,0,2,1,1,NaN
SUPER_6,4620000,119,9,9,137,57,62,2.7777777
SUPER_6,4630000,79,4,3,86,37,42,1.4285715
SUPER_6,4640000,2,0,1,3,1,1,1
SUPER_6,4650000,0,1,0,1,0,0,10
SUPER_6,4660000,24,1,1,26,8,16,1
SUPER_6,4670000,88,7,7,102,49,39,3.4285715
SUPER_6,4680000,111,6,7,124,54,57,7.6923075
SUPER_6,4690000,59,7,4,70,29,30,7.090909
SUPER_6,4700000,110,7,6,123,63,47,4.1538463
SUPER_6,4710000,153,8,18,179,66,87,17.153847
SUPER_6,4720000,146,11,12,169,68,78,35.304348
SUPER_6,4730000,27,2,4,33,10,17,3.5
SUPER_6,4740000,46,1,3,50,27,19,2
SUPER_6,4750000,70,6,6,82,34,36,2.8333333
SUPER_6,4760000,150,6,15,171,73,77,26
SUPER_6,4770000,106,6,9,121,57,49,5.3333335
SUPER_6,4780000,127,11,20,158,58,69,11.5161295
SUPER_6,4790000,127,6,7,140,63,64,9.153846
SUPER_6,4800000,185,18,12,215,91,94,5.233333
SUPER_6,4810000,163,17,15,195,85,78,6.375
SUPER_6,4820000,72,10,4,86,41,31,7.285714
SUPER_6,4830000,139,7,9,155,67,72,9.375
SUPER_6,4840000,127,13,13,153,54,73,9.769231
SUPER_6,4850000,97,4,11,112,42,55,16.733334
SUPER_6,4860000,95,4,7,106,57,38,10
SUPER_6,4870000,59,2,5,66,21,38,25.714285
SUPER_6,4880000,119,10,10,139,53,66,5.3
SUPER_6,4890000,34,0,3,37,17,17,2.6666667
SUPER_6,4900000,96,8,12,116,45,51,12.9
SUPER_6,4910000,128,7,5,140,65,63,7.25
SUPER_6,4920000,8,3,1,12,3,5,3.5
SUPER_6,4930000,1,0,0,1,1,0,NaN
SUPER_6,4940000,34,3,4,41,12,22,25.714285
SUPER_6,4950000,73,2,10,85,34,39,27.416666
SUPER_6,4960000,19,2,1,22,12,7,4
SUPER_6,4970000,5,0,1,6,2,3,8
SUPER_6,4980000,6,0,0,6,3,3,NaN
SUPER_6,4990000,107,7,4,118,55,52,22.181818
SUPER_6,5000000,0,0,0,0,0,0,0
SUPER_6,5010000,0,0,0,0,0,0,0
SUPER_6,5020000,100,2,9,111,58,42,8.727273
SUPER_6,5030000,0,0,0,0,0,0,0
SUPER_6,5040000,0,0,0,0,0,0,0
SUPER_6,5050000,48,4,2,54,26,22,14
SUPER_6,5060000,147,12,19,178,72,75,9.967742
SUPER_6,5070000,82,6,7,95,45,37,7.4615383
SUPER_6,5080000,105,13,6,124,54,51,13.789474
SUPER_6,5090000,61,6,1,68,38,23,8.857142
SUPER_6,5100000,60,2,1,63,30,30,9
SUPER_6,5110000,43,5,2,50,20,23,12
SUPER_6,5120000,47,3,4,54,24,23,46.57143
SUPER_6,5130000,53,3,8,64,22,31,17.181818
SUPER_6,5140000,98,11,14,123,44,54,20.52
SUPER_6,5150000,93,8,11,112,46,47,3.8947368
SUPER_6,5160000,90,5,5,100,44,46,5.4
SUPER_6,5170000,100,10,5,115,53,47,9.733334
SUPER_6,5180000,45,8,4,57,24,21,6.8333335
SUPER_6,5190000,114,7,6,127,55,59,8.076923
SUPER_6,5200000,26,3,5,34,13,13,4.625
SUPER_6,5210000,89,6,9,104,49,40,12.266666
SUPER_6,5220000,73,6,7,86,37,36,2.4615386
SUPER_6,5230000,143,9,16,168,79,64,5.4
SUPER_6,5240000,0,0,0,0,0,0,0
SUPER_6,5250000,0,0,0,0,0,0,0
SUPER_6,5260000,13,0,0,13,8,5,NaN
SUPER_6,5270000,171,11,11,193,76,95,12.909091
SUPER_6,5280000,40,1,6,47,19,21,5.571429
SUPER_6,5290000,25,3,6,34,12,13,11.333333
SUPER_6,5300000,47,5,4,56,28,19,5.888889
SUPER_6,5310000,98,10,6,114,36,62,3.5
SUPER_6,5320000,0,0,0,0,0,0,0
SUPER_6,5330000,0,0,0,0,0,0,0
SUPER_6,5340000,33,3,3,39,14,19,8.5
SUPER_6,5350000,1,1,0,2,1,0,2
SUPER_6,5360000,23,4,3,30,8,15,2
SUPER_6,5370000,103,11,5,119,47,56,5.625
SUPER_6,5380000,114,12,7,133,46,68,5.8421054
SUPER_6,5390000,48,2,3,53,24,24,12.4
SUPER_6,5400000,169,11,19,199,77,92,38.633335
SUPER_6,5410000,102,9,9,120,50,52,24.666666
SUPER_6,5420000,1,0,0,1,1,0,NaN
SUPER_6,5430000,5,1,1,7,3,2,1
SUPER_6,5440000,120,10,5,135,64,56,12.666667
SUPER_6,5450000,164,20,16,200,82,82,5.861111
SUPER_6,5460000,67,6,3,76,38,29,7.6666665
SUPER_6,5470000,11,3,1,15,9,2,1.75
SUPER_6,5480000,18,1,3,22,7,11,6
SUPER_6,5490000,28,1,2,31,16,12,20.666666
SUPER_6,5500000,134,4,12,150,73,61,9.25
SUPER_6,5510000,82,7,7,96,35,47,8.071428
SUPER_6,5520000,143,6,9,158,69,74,7.733333
SUPER_6,5530000,115,8,11,134,53,62,6.3157897
SUPER_6,5540000,60,7,8,75,34,26,7.4
SUPER_6,5550000,134,6,12,152,68,66,7.5
SUPER_6,5560000,35,0,2,37,19,16,5.5
SUPER_6,5570000,127,5,11,143,68,59,3.625
SUPER_6,5580000,115,5,18,138,59,56,23.782608
SUPER_6,5590000,15,3,1,19,7,8,4.25
SUPER_6,5600000,5,0,0,5,3,2,NaN
SUPER_6,5610000,7,0,1,8,2,5,1
SUPER_6,5620000,1,0,0,1,1,0,NaN
SUPER_6,5630000,1,0,1,2,0,1,37
SUPER_6,5640000,4,0,1,5,2,2,1
SUPER_6,5650000,5,0,1,6,1,4,13
SUPER_6,5660000,0,0,0,0,0,0,0
SUPER_6,5670000,0,0,0,0,0,0,0
SUPER_6,5680000,0,0,0,0,0,0,0
SUPER_6,5690000,0,0,0,0,0,0,0
SUPER_6,5700000,0,0,0,0,0,0,0
SUPER_6,5710000,0,0,0,0,0,0,0
SUPER_6,5720000,0,0,0,0,0,0,0
SUPER_6,5730000,0,0,0,0,0,0,0
SUPER_6,5740000,0,0,0,0,0,0,0
SUPER_6,5750000,19,2,1,22,12,7,1.6666666
SUPER_6,5760000,35,2,0,37,20,15,16
SUPER_6,5770000,23,1,3,27,10,13,18.5
SUPER_6,5780000,48,4,4,56,26,22,10
SUPER_6,5790000,2,0,0,2,1,1,NaN
SUPER_6,5800000,2,0,0,2,0,2,NaN
SUPER_6,5810000,2,1,0,3,1,1,18
SUPER_6,5820000,3,0,0,3,2,1,NaN
SUPER_6,5830000,0,0,0,0,0,0,0
SUPER_6,5840000,0,0,0,0,0,0,0
SUPER_6,5850000,1,1,2,4,1,0,2.3333333
SUPER_6,5860000,1,1,1,3,0,1,1.5
SUPER_6,5870000,0,1,0,1,0,0,12
SUPER_6,5880000,8,1,3,12,6,2,8.5
SUPER_6,5890000,90,3,8,101,41,49,2.909091
SUPER_6,5900000,196,17,15,228,121,75,15.09375
SUPER_6,5910000,166,10,9,185,82,84,3.5263157
SUPER_6,5920000,97,3,3,103,57,40,5
SUPER_6,5930000,5,1,1,7,1,4,22
SUPER_6,5940000,2,0,0,2,2,0,NaN
SUPER_6,5950000,3,0,0,3,2,1,NaN
SUPER_6,5960000,5,0,3,8,4,1,6
SUPER_6,5970000,74,8,4,86,36,38,4.75
SUPER_6,5980000,0,0,0,0,0,0,0
SUPER_6,5990000,0,0,0,0,0,0,0
SUPER_6,6000000,99,3,6,108,54,45,7.2222223
SUPER_6,6010000,72,3,6,81,32,40,14.777778
SUPER_6,6020000,4,0,1,5,2,2,12
SUPER_6,6030000,1,0,1,2,0,1,3
SUPER_6,6040000,0,0,1,1,0,0,9
SUPER_6,6050000,2,0,0,2,2,0,NaN
SUPER_6,6060000,43,2,2,47,18,25,16
SUPER_6,6070000,97,4,5,106,47,50,21.444445
SUPER_6,6080000,108,10,7,125,59,49,6.2352943
SUPER_6,6090000,125,11,13,149,64,61,21.125
SUPER_6,6100000,86,4,5,95,53,33,4.2222223
SUPER_6,6110000,149,15,10,174,82,67,5.84
SUPER_6,6120000,197,11,12,220,105,92,2.7391305
SUPER_6,6130000,121,10,9,140,54,67,6.1578946
SUPER_6,6140000,74,7,7,88,44,30,22.142857
SUPER_6,6150000,89,9,7,105,43,46,3
SUPER_6,6160000,114,5,5,124,66,48,8.4
SUPER_6,6170000,97,8,9,114,60,37,6.8235292
SUPER_6,6180000,179,14,7,200,94,85,4.142857
SUPER_6,6190000,169,7,12,188,84,85,7
SUPER_6,6200000,29,4,0,33,14,15,16.75
SUPER_6,6210000,53,2,3,58,27,26,4.2
SUPER_6,6220000,59,11,6,76,25,34,16.117647
SUPER_6,6230000,136,5,7,148,69,67,27.416666
SUPER_6,6240000,164,12,4,180,80,84,3.5
SUPER_6,6250000,93,7,10,110,47,46,5.5882354
SUPER_6,6260000,170,10,8,188,91,79,4.3333335
SUPER_6,6270000,95,4,4,103,42,53,1.625
SUPER_6,6280000,123,11,11,145,65,58,2.5
SUPER_6,6290000,101,6,6,113,54,47,66.75
SUPER_6,6300000,152,16,8,176,91,61,8.791667
SUPER_6,6310000,92,3,8,103,48,44,6.2727275
SUPER_6,6320000,134,11,6,151,67,67,4.7647057
SUPER_6,6330000,180,9,11,200,100,80,9.25
SUPER_6,6340000,54,10,2,66,31,23,9.5
SUPER_6,6350000,124,5,3,132,60,64,2.625
SUPER_6,6360000,119,4,7,130,62,57,2.7272727
SUPER_6,6370000,82,8,9,99,34,48,6.7058825
SUPER_6,6380000,69,3,10,82,37,32,5.5384617
SUPER_6,6390000,174,18,11,203,90,84,5.37931
SUPER_6,6400000,147,7,8,162,86,61,3.7333333
SUPER_6,6410000,116,9,8,133,68,48,7
SUPER_6,6420000,204,15,12,231,104,100,5.148148
SUPER_6,6430000,132,11,8,151,65,67,8
SUPER_6,6440000,89,7,3,99,49,40,5
SUPER_6,6450000,34,2,3,39,15,19,1.8
SUPER_6,6460000,44,2,5,51,21,23,54.42857
SUPER_6,6470000,158,11,9,178,74,84,3.35
SUPER_6,6480000,138,8,2,148,63,75,3.2
SUPER_6,6490000,117,7,11,135,64,53,4.1666665
SUPER_6,6500000,44,3,3,50,20,24,14.333333
SUPER_6,6510000,21,3,1,25,12,9,5
SUPER_6,6520000,60,1,9,70,24,36,13.7
SUPER_6,6530000,87,16,10,113,50,37,6.730769
SUPER_6,6540000,62,2,3,67,32,30,2.8
SUPER_6,6550000,145,6,9,160,80,65,6.4666667
SUPER_6,6560000,97,6,11,114,44,53,8.529411
SUPER_6,6570000,129,13,10,152,70,59,3.826087
SUPER_6,6580000,143,13,11,167,68,75,6.625
SUPER_6,6590000,108,6,7,121,62,46,9.076923
SUPER_6,6600000,134,11,12,157,64,70,6.521739
SUPER_6,6610000,48,4,1,53,17,31,11
SUPER_6,6620000,63,5,6,74,29,34,9.090909
SUPER_6,6630000,79,8,8,95,46,33,7.1875
SUPER_6,6640000,46,2,6,54,23,23,5.125
SUPER_6,6650000,155,12,13,180,83,72,18.96
SUPER_6,6660000,110,5,9,124,59,51,5.428571
SUPER_6,6670000,106,10,5,121,59,47,9.066667
SUPER_6,6680000,69,13,8,90,27,42,8.428572
SUPER_6,6690000,136,6,6,148,78,58,11
SUPER_6,6700000,3,0,0,3,2,1,NaN
SUPER_6,6710000,5,1,0,6,2,3,15
SUPER_6,6720000,3,0,0,3,3,0,NaN
SUPER_6,6730000,0,0,1,1,0,0,4
SUPER_6,6740000,2,0,1,3,0,2,6
SUPER_6,6750000,1,0,0,1,1,0,NaN
SUPER_6,6760000,0,0,0,0,0,0,0
SUPER_6,6770000,0,0,0,0,0,0,0
SUPER_6,6780000,7,1,1,9,3,4,1
SUPER_6,6790000,1,0,0,1,1,0,NaN
SUPER_6,6800000,0,0,0,0,0,0,0
SUPER_6,6810000,0,0,0,0,0,0,0
SUPER_6,6820000,5,1,0,6,3,2,1
SUPER_6,6830000,1,1,0,2,1,0,1
SUPER_6,6840000,1,0,0,1,0,1,NaN
SUPER_6,6850000,67,2,4,73,38,29,6.5
SUPER_6,6860000,33,3,5,41,17,16,3.375
SUPER_6,6870000,119,5,12,136,46,73,15.3529415
SUPER_6,6880000,134,12,10,156,78,56,5.409091
SUPER_6,6890000,124,7,12,143,67,57,25.68421
SUPER_6,6900000,106,8,5,119,50,56,16
SUPER_6,6910000,63,6,5,74,29,34,15.909091
SUPER_6,6920000,110,11,9,130,53,57,10.95
SUPER_6,6930000,102,13,7,122,47,55,7.75
SUPER_6,6940000,68,3,8,79,31,37,22.727272
SUPER_6,6950000,24,1,3,28,15,9,6.5
SUPER_6,6960000,91,5,13,109,44,47,3.9444444
SUPER_6,6970000,46,5,3,54,27,19,4
SUPER_6,6980000,193,10,14,217,104,89,9.541667
SUPER_6,6990000,1,0,0,1,0,1,NaN
SUPER_6,7000000,94,5,5,104,41,53,12.6
SUPER_6,7010000,43,5,5,53,10,33,4.7
SUPER_6,7020000,43,3,5,51,20,23,8.375
SUPER_6,7030000,30,1,6,37,19,11,3.2857144
SUPER_6,7040000,33,1,2,36,17,16,12
SUPER_6,7050000,37,1,2,40,25,12,5
SUPER_6,7060000,60,6,2,68,34,26,2.75
SUPER_6,7070000,114,4,7,125,59,55,10.818182
SUPER_6,7080000,77,9,7,93,37,40,5.0625
SUPER_6,7090000,119,3,6,128,61,58,22.444445
SUPER_6,7100000,50,2,5,57,29,21,2.5714285
SUPER_6,7110000,7,1,0,8,5,2,5
SUPER_6,7120000,5,0,0,5,3,2,NaN
SUPER_6,7130000,123,9,6,138,61,62,23.4
SUPER_6,7140000,46,4,5,55,23,23,2.1111112
SUPER_6,7150000,38,3,4,45,22,16,1.8571428
SUPER_6,7160000,80,10,5,95,38,42,16.2
SUPER_6,7170000,103,9,5,117,52,51,5.642857
SUPER_6,7180000,198,6,12,216,104,94,6.7222223
SUPER_6,7190000,96,11,12,119,49,47,6.478261
SUPER_6,7200000,134,8,15,157,66,68,4.652174
SUPER_6,7210000,86,5,9,100,51,35,58.142857
SUPER_6,7220000,127,8,10,145,70,57,8.111111
SUPER_6,7230000,37,1,5,43,17,20,54.166668
SUPER_6,7240000,41,6,2,49,21,20,4.875
SUPER_6,7250000,23,1,2,26,13,10,4
SUPER_6,7260000,3,0,0,3,0,3,NaN
SUPER_6,7270000,11,1,1,13,6,5,1
SUPER_6,7280000,9,0,0,9,7,2,NaN
SUPER_6,7290000,29,0,1,30,18,11,4
SUPER_6,7300000,85,11,5,101,49,36,7.3125
SUPER_6,7310000,36,1,1,38,13,23,6
SUPER_6,7320000,4,0,1,5,1,3,1
SUPER_6,7330000,13,2,1,16,7,6,65.666664
SUPER_6,7340000,195,14,8,217,108,87,16.363636
SUPER_6,7350000,182,13,12,207,87,94,8
SUPER_6,7360000,264,17,15,296,134,130,13.125
SUPER_6,7370000,60,1,4,65,25,35,10.6
SUPER_6,7380000,75,4,4,83,36,39,8.875
SUPER_6,7390000,186,6,7,199,84,102,3.3076923
SUPER_6,7400000,2,0,1,3,2,0,106
SUPER_6,7410000,19,2,2,23,7,12,1.5
SUPER_6,7420000,79,1,9,89,51,28,40.5
SUPER_6,7430000,82,7,6,95,48,34,4.4615383
SUPER_6,7440000,99,10,8,117,42,57,5.888889
SUPER_6,7450000,88,7,4,99,40,48,3.6363637
SUPER_6,7460000,112,8,6,126,61,51,17.571428
SUPER_6,7470000,34,6,2,42,14,20,2.75
SUPER_6,7480000,4,0,1,5,2,2,13
SUPER_6,7490000,62,1,2,65,30,32,5.3333335
SUPER_6,7500000,140,15,9,164,67,73,6.4166665
SUPER_6,7510000,70,3,3,76,38,32,5.5
SUPER_6,7520000,77,2,6,85,40,37,7.5
SUPER_6,7530000,10,3,0,13,3,7,6.3333335
SUPER_6,7540000,41,5,4,50,24,17,6.3333335
SUPER_6,7550000,2,0,1,3,2,0,1
SUPER_6,7560000,0,0,1,1,0,0,1
SUPER_6,7570000,1,0,0,1,1,0,NaN
SUPER_6,7580000,0,0,0,0,0,0,0
SUPER_6,7590000,0,0,0,0,0,0,0
SUPER_6,7600000,0,0,0,0,0,0,0
SUPER_6,7610000,5,1,1,7,3,2,1.5
SUPER_6,7620000,1,0,1,2,0,1,2
SUPER_6,7630000,11,1,0,12,6,5,1
SUPER_6,7640000,117,3,6,126,59,58,3.3333333
SUPER_6,7650000,40,2,0,42,24,16,2
SUPER_6,7660000,37,3,6,46,25,12,5
SUPER_6,7670000,54,5,3,62,26,28,11.375
SUPER_6,7680000,44,4,2,50,21,23,3.3333333
SUPER_6,7690000,35,6,7,48,17,18,4.076923
SUPER_6,7700000,51,6,3,60,23,28,5.888889
SUPER_6,7710000,4,0,0,4,1,3,NaN
SUPER_6,7720000,9,1,2,12,3,6,6.3333335
SUPER_6,7730000,95,8,6,109,46,49,5.5
SUPER_6,7740000,51,6,3,60,29,22,3.2222223
SUPER_6,7750000,62,7,3,72,34,28,4.5
SUPER_6,7760000,39,2,4,45,22,17,6.6666665
SUPER_6,7770000,80,5,7,92,34,46,4.9166665
SUPER_6,7780000,8,0,1,9,4,4,2
SUPER_6,7790000,1,0,0,1,0,1,NaN
SUPER_6,7800000,19,1,1,21,7,12,4.5
SUPER_6,7810000,49,4,3,56,22,27,6.142857
SUPER_6,7820000,40,2,2,44,22,18,4.75
SUPER_6,7830000,45,1,4,50,23,22,5.2
SUPER_6,7840000,2,0,0,2,0,2,NaN
SUPER_6,7850000,57,10,5,72,33,24,13.866667
SUPER_6,7860000,79,6,8,93,45,34,8.071428
SUPER_6,7870000,182,14,7,203,88,94,5.6666665
SUPER_6,7880000,212,20,18,250,103,109,6.6842103
SUPER_6,7890000,127,8,11,146,71,56,4.4736843
SUPER_6,7900000,62,8,3,73,33,29,4.909091
SUPER_6,7910000,4,0,0,4,1,3,NaN
SUPER_6,7920000,3,0,0,3,2,1,NaN
SUPER_6,7930000,4,0,1,5,1,3,2
SUPER_6,7940000,3,0,0,3,2,1,NaN
SUPER_6,7950000,2,1,0,3,2,0,62
SUPER_6,7960000,1,0,0,1,0,1,NaN
SUPER_6,7970000,1,0,0,1,1,0,NaN
SUPER_6,7980000,0,0,0,0,0,0,0
SUPER_6,7990000,0,0,0,0,0,0,0
SUPER_6,8000000,42,4,6,52,26,16,13.7
SUPER_6,8010000,3,2,0,5,2,1,2.5
SUPER_6,8020000,1,1,0,2,1,0,18
SUPER_6,8030000,1,0,0,1,0,1,NaN
SUPER_6,8040000,51,6,4,61,31,20,5.6
SUPER_6,8050000,10,0,0,10,5,5,NaN
SUPER_6,8060000,1,0,0,1,1,0,NaN
SUPER_6,8070000,47,1,5,53,26,21,5.8333335
SUPER_6,8080000,132,10,10,152,63,69,6.15
SUPER_6,8090000,124,6,6,136,60,64,7
SUPER_6,8100000,105,7,12,124,50,55,11.526316
SUPER_6,8110000,92,8,9,109,47,45,8
SUPER_6,8120000,51,4,5,60,23,28,8.555555
SUPER_6,8130000,98,6,7,111,48,50,21
SUPER_6,8140000,100,10,15,125,43,57,3.44
SUPER_6,8150000,92,11,5,108,50,42,11.5
SUPER_6,8160000,149,8,13,170,69,80,2.4285715
SUPER_6,8170000,67,7,5,79,31,36,4.9166665
SUPER_6,8180000,148,9,6,163,79,69,15.466666
SUPER_6,8190000,131,12,10,153,68,63,33.18182
SUPER_6,8200000,59,5,6,70,24,35,13.363636
SUPER_6,8210000,46,2,3,51,29,17,7
SUPER_6,8220000,72,5,10,87,30,42,18.466667
SUPER_6,8230000,28,2,2,32,13,15,5.75
SUPER_6,8240000,3,1,0,4,2,1,35
SUPER_6,8250000,0,0,0,0,0,0,0
SUPER_6,8260000,0,0,0,0,0,0,0
SUPER_6,8270000,185,13,9,207,105,80,12.681818
SUPER_6,8280000,121,5,10,136,62,59,28.933332
SUPER_6,8290000,107,11,12,130,52,55,4.9565215
SUPER_6,8300000,15,0,1,16,8,7,22
SUPER_6,8310000,10,0,0,10,2,8,NaN
SUPER_6,8320000,107,10,8,125,56,51,9.111111
SUPER_6,8330000,56,10,3,69,32,24,10.769231
SUPER_6,8340000,90,7,7,104,46,44,3.5
SUPER_6,8350000,114,6,9,129,55,59,15.733334
SUPER_6,8360000,100,9,7,116,61,39,7.5625
SUPER_6,8370000,64,4,9,77,37,27,5.6153846
SUPER_6,8380000,110,9,7,126,66,44,9.6875
SUPER_6,8390000,0,0,0,0,0,0,0
SUPER_6,8400000,0,0,0,0,0,0,0
SUPER_6,8410000,3,0,0,3,2,1,NaN
SUPER_6,8420000,0,1,0,1,0,0,2
SUPER_6,8430000,1,1,0,2,0,1,1
SUPER_6,8440000,7,2,0,9,4,3,1
SUPER_6,8450000,33,3,3,39,18,15,6.1666665
SUPER_6,8460000,31,2,7,40,12,19,7.6666665
SUPER_6,8470000,206,18,16,240,100,106,8.264706
SUPER_6,8480000,120,4,7,131,60,60,7.7272725
SUPER_6,8490000,95,5,7,107,49,46,5.8333335
SUPER_6,8500000,169,6,15,190,94,75,7.4761906
SUPER_6,8510000,123,9,8,140,67,56,4.2941175
SUPER_6,8520000,89,9,4,102,51,38,10.538462
SUPER_6,8530000,129,12,11,152,75,54,4.4347825
SUPER_6,8540000,129,9,14,152,65,64,14.826087
SUPER_6,8550000,90,6,10,106,43,47,4.625
SUPER_6,8560000,101,7,2,110,44,57,7.3333335
SUPER_6,8570000,82,7,5,94,32,50,8.25
SUPER_6,8580000,50,4,2,56,23,27,8.166667
SUPER_6,8590000,4,0,2,6,2,2,2
SUPER_6,8600000,5,0,0,5,3,2,NaN
SUPER_6,8610000,27,2,4,33,12,15,11.833333
SUPER_6,8620000,9,1,0,10,5,4,4
SUPER_6,8630000,5,1,2,8,2,3,29
SUPER_6,8640000,2,0,0,2,1,1,NaN
SUPER_6,8650000,26,3,1,30,15,11,2.5
SUPER_6,8660000,17,3,1,21,8,9,5.75
SUPER_6,8670000,137,5,6,148,73,64,4.2727275
SUPER_6,8680000,37,3,1,41,17,20,4.75
SUPER_6,8690000,174,13,11,198,85,89,25.708334
SUPER_6,8700000,154,5,8,167,90,64,3.6923077
SUPER_6,8710000,86,12,11,109,50,36,6.2608695
SUPER_6,8720000,86,4,3,93,53,33,3.7142856
SUPER_6,8730000,52,1,2,55,23,29,6.3333335
SUPER_6,8740000,89,6,12,107,45,44,6.5
SUPER_6,8750000,1,0,0,1,0,1,NaN
SUPER_6,8760000,122,5,10,137,61,61,6.0666666
SUPER_6,8770000,170,10,12,192,87,83,4.2727275
SUPER_6,8780000,131,10,7,148,66,65,14.6470585
SUPER_6,8790000,117,6,9,132,58,59,13.666667
SUPER_6,8800000,71,2,6,79,42,29,52.5
SUPER_6,8810000,117,6,9,132,61,56,2.4666667
SUPER_6,8820000,167,14,14,195,96,71,6.892857
SUPER_6,8830000,153,5,13,171,89,64,4.1666665
SUPER_6,8840000,74,2,2,78,39,35,1.25
SUPER_6,8850000,84,3,1,88,51,33,7.5
SUPER_6,8860000,131,3,10,144,78,53,10.692307
SUPER_6,8870000,18,0,1,19,12,6,13
SUPER_6,8880000,18,2,2,22,9,9,1.5
SUPER_6,8890000,113,6,7,126,64,49,4
SUPER_6,8900000,82,8,8,98,42,40,9.75
SUPER_6,8910000,2,0,0,2,1,1,NaN
SUPER_6,8920000,118,5,9,132,56,62,7.785714
SUPER_6,8930000,91,7,3,101,44,47,7.7
SUPER_6,8940000,113,8,9,130,56,57,11.941176
SUPER_6,8950000,184,10,15,209,88,96,8.24
SUPER_6,8960000,5,1,0,6,4,1,1
SUPER_6,8970000,144,3,11,158,85,59,15.142858
SUPER_6,8980000,46,1,2,49,19,27,3.3333333
SUPER_6,8990000,148,7,14,169,80,68,11.428572
SUPER_6,9000000,74,7,8,89,32,42,8.533334
SUPER_6,9010000,4,1,0,5,2,2,5
SUPER_6,9020000,40,2,2,44,20,20,12.75
SUPER_6,9030000,204,8,6,218,105,99,3.5714285
SUPER_6,9040000,102,10,5,117,58,44,7.5333333
SUPER_6,9050000,3,1,1,5,1,2,19.5
SUPER_6,9060000,4,0,0,4,2,2,NaN
SUPER_6,9070000,7,0,1,8,5,2,1
SUPER_6,9080000,115,15,11,141,57,58,6.076923
SUPER_6,9090000,3,2,2,7,2,1,1.25
SUPER_6,9100000,78,7,3,88,41,37,6.3
SUPER_6,9110000,116,7,9,132,60,56,6.625
SUPER_6,9120000,99,7,5,111,45,54,4.4166665
SUPER_6,9130000,130,5,4,139,71,59,4.111111
SUPER_6,9140000,113,6,6,125,47,66,4.3333335
SUPER_6,9150000,190,8,10,208,108,82,4.0555553
SUPER_6,9160000,12,0,0,12,5,7,NaN
SUPER_6,9170000,26,2,3,31,10,16,3
SUPER_6,9180000,68,3,1,72,35,33,7.5
SUPER_6,9190000,160,9,3,172,89,71,8.166667
SUPER_6,9200000,174,9,7,190,79,95,2.9375
SUPER_6,9210000,119,7,11,137,66,53,4.3333335
SUPER_6,9220000,126,18,7,151,60,66,5.64
SUPER_6,9230000,147,11,5,163,82,65,3.5
SUPER_6,9240000,74,4,6,84,38,36,28.9
SUPER_6,9250000,123,6,12,141,77,46,6.388889
SUPER_6,9260000,152,9,11,172,93,59,4.65
SUPER_6,9270000,123,7,7,137,59,64,10.357142
SUPER_6,9280000,141,10,11,162,75,66,5.8095236
SUPER_6,9290000,41,5,2,48,22,19,6.285714
SUPER_6,9300000,3,0,0,3,2,1,NaN
SUPER_6,9310000,39,3,5,47,22,17,26.375
SUPER_6,9320000,151,10,11,172,69,82,2.5714285
SUPER_6,9330000,108,9,9,126,55,53,8.055555
SUPER_6,9340000,34,2,1,37,16,18,13
SUPER_6,9350000,115,7,8,130,53,62,6.6
SUPER_6,9360000,127,13,6,146,64,63,17.105263
SUPER_6,9370000,108,8,9,125,49,59,6.2352943
SUPER_6,9380000,3,1,0,4,3,0,1
SUPER_6,9390000,8,0,0,8,6,2,NaN
SUPER_6,9400000,148,10,8,166,80,68,2.7222223
SUPER_6,9410000,44,5,6,55,23,21,5.5454545
SUPER_6,9420000,130,4,12,146,72,58,32.3125
SUPER_6,9430000,41,3,3,47,20,21,9.166667
SUPER_6,9440000,112,8,5,125,66,46,7.769231
SUPER_6,9450000,184,12,10,206,109,75,37.68182
SUPER_6,9460000,122,7,9,138,61,61,8
SUPER_6,9470000,61,5,3,69,34,27,6.125
SUPER_6,9480000,181,7,14,202,97,84,8.190476
SUPER_6,9490000,2,0,1,3,1,1,6
SUPER_6,9500000,3,0,0,3,3,0,NaN
SUPER_6,9510000,0,0,1,1,0,0,7
SUPER_6,9520000,137,14,16,167,65,72,8.3
SUPER_6,9530000,104,7,8,119,56,48,6.3333335
SUPER_6,9540000,78,3,5,86,38,40,5.75
SUPER_6,9550000,147,8,9,164,86,61,24
SUPER_6,9560000,85,6,8,99,47,38,6.428571
SUPER_6,9570000,143,7,10,160,79,64,32.705883
SUPER_6,9580000,167,13,8,188,85,82,4.571429
SUPER_6,9590000,122,11,7,140,69,53,4.611111
SUPER_6,9600000,202,12,12,226,103,99,7.7083335
SUPER_6,9610000,198,10,13,221,109,89,6.173913
SUPER_6,9620000,153,11,5,169,72,81,8.9375
SUPER_6,9630000,1,0,0,1,1,0,NaN
SUPER_6,9640000,3,0,0,3,3,0,NaN
SUPER_6,9650000,4,0,1,5,2,2,1
SUPER_6,9660000,3,0,1,4,2,1,4
SUPER_6,9670000,61,3,3,67,31,30,7
SUPER_6,9680000,114,9,11,134,57,57,4.8
SUPER_6,9690000,108,8,12,128,47,61,4.85
SUPER_6,9700000,2,0,1,3,0,2,23
SUPER_6,9710000,7,1,0,8,1,6,2
SUPER_6,9720000,38,5,3,46,22,16,5.5
SUPER_6,9730000,45,4,7,56,22,23,25.90909
SUPER_6,9740000,146,16,15,177,82,64,12.709678
SUPER_6,9750000,3,0,0,3,1,2,NaN
SUPER_6,9760000,54,0,2,56,30,24,6.5
SUPER_6,9770000,87,6,8,101,51,36,25
SUPER_6,9780000,94,12,12,118,50,44,5.625
SUPER_6,9790000,83,6,8,97,39,44,10.071428
SUPER_6,9800000,96,10,2,108,45,51,6.3333335
SUPER_6,9810000,26,0,1,27,14,12,2
SUPER_6,9820000,92,6,10,108,41,51,21.5625
SUPER_6,9830000,144,4,17,165,75,69,5.3333335
SUPER_6,9840000,116,11,11,138,49,67,2.9545455
SUPER_6,9850000,135,10,11,156,71,64,6.904762
SUPER_6,9860000,152,14,15,181,75,77,6.2413793
SUPER_6,9870000,66,3,6,75,39,27,3.3333333
SUPER_6,9880000,131,6,19,156,62,69,6.84
SUPER_6,9890000,23,2,4,29,13,10,4.6666665
SUPER_6,9900000,1,0,1,2,0,1,3
SUPER_6,9910000,76,7,6,89,49,27,15.384615
SUPER_6,9920000,0,0,0,0,0,0,0
SUPER_6,9930000,0,0,0,0,0,0,0
SUPER_6,9940000,96,3,8,107,44,52,5.7272725
SUPER_6,9950000,1,1,0,2,0,1,6
SUPER_6,9960000,2,0,0,2,2,0,NaN
SUPER_6,9970000,0,0,0,0,0,0,0
SUPER_6,9980000,0,0,0,0,0,0,0
SUPER_6,9990000,96,5,9,110,51,45,4.785714
SUPER_6,10000000,96,6,8,110,41,55,16.285715
SUPER_6,10010000,136,13,13,162,67,69,19.038462
SUPER_6,10020000,0,0,0,0,0,0,0
SUPER_6,10030000,0,0,0,0,0,0,0
SUPER_6,10040000,49,5,5,59,24,25,5
SUPER_6,10050000,2,0,0,2,1,1,NaN
SUPER_6,10060000,19,1,0,20,9,10,9
SUPER_6,10070000,109,3,5,117,59,50,3.5
SUPER_6,10080000,1,0,1,2,0,1,2
SUPER_6,10090000,0,0,0,0,0,0,0
SUPER_6,10100000,0,0,0,0,0,0,0
SUPER_6,10110000,0,0,0,0,0,0,0
SUPER_6,10120000,0,0,0,0,0,0,0
SUPER_6,10130000,7,0,0,7,4,3,NaN
SUPER_6,10140000,1,0,0,1,1,0,NaN
SUPER_6,10150000,114,4,6,124,59,55,2.8
SUPER_6,10160000,26,0,0,26,17,9,NaN
SUPER_6,10170000,2,0,0,2,1,1,NaN
SUPER_6,10180000,0,0,0,0,0,0,0
SUPER_6,10190000,0,0,0,0,0,0,0
SUPER_6,10200000,1,2,0,3,0,1,6.5
SUPER_6,10210000,1,0,0,1,0,1,NaN
SUPER_6,10220000,2,0,1,3,1,1,8
SUPER_6,10230000,11,1,1,13,5,6,9
SUPER_6,10240000,142,16,15,173,60,82,10.935484
SUPER_6,10250000,177,17,14,208,96,81,6.548387
SUPER_6,10260000,136,12,11,159,70,66,12.826087
SUPER_6,10270000,89,7,8,104,43,46,3.8
SUPER_6,10280000,39,8,4,51,14,25,12.416667
SUPER_6,10290000,128,7,14,149,62,66,30.857143
SUPER_6,10300000,164,13,11,188,97,67,4.3333335
SUPER_6,10310000,48,6,1,55,26,22,5.142857
SUPER_6,10320000,13,1,2,16,7,6,3.6666667
SUPER_6,10330000,78,5,10,93,34,44,5.3333335
SUPER_6,10340000,44,4,3,51,27,17,3.857143
SUPER_6,10350000,57,5,8,70,24,33,4.923077
SUPER_6,10360000,170,10,12,192,82,88,5.181818
SUPER_6,10370000,156,8,13,177,75,81,5.3809524
SUPER_6,10380000,172,6,10,188,96,76,18.1875
SUPER_6,10390000,73,3,9,85,32,41,10.666667
SUPER_6,10400000,13,0,1,14,6,7,6
SUPER_6,10410000,0,0,1,1,0,0,1
SUPER_6,10420000,1,0,0,1,1,0,NaN
SUPER_6,10430000,2,0,0,2,0,2,NaN
SUPER_6,10440000,2,1,0,3,1,1,1
SUPER_6,10450000,116,5,5,126,60,56,4.9
SUPER_6,10460000,173,7,6,186,101,72,3.4615386
SUPER_6,10470000,85,6,11,102,36,49,11.882353
SUPER_6,10480000,61,3,4,68,35,26,3
SUPER_6,10490000,5,1,1,7,2,3,163.5
SUPER_6,10500000,4,0,0,4,2,2,NaN
SUPER_6,10510000,57,5,3,65,31,26,1.375
SUPER_6,10520000,77,7,6,90,42,35,3.7692308
SUPER_6,10530000,3,0,0,3,1,2,NaN
SUPER_6,10540000,2,0,0,2,2,0,NaN
SUPER_6,10550000,3,0,1,4,2,1,8
SUPER_6,10560000,1,0,2,3,0,1,1
SUPER_6,10570000,75,3,5,83,36,39,3.25
SUPER_6,10580000,138,6,8,152,75,63,6.428571
SUPER_6,10590000,108,13,7,128,53,55,7.15
SUPER_6,10600000,115,7,10,132,52,63,6.470588
SUPER_6,10610000,74,6,4,84,29,45,2.2
SUPER_6,10620000,10,1,2,13,7,3,36.333332
SUPER_6,10630000,2,0,0,2,0,2,NaN
SUPER_6,10640000,2,0,1,3,1,1,3
SUPER_6,10650000,2,0,0,2,0,2,NaN
SUPER_6,10660000,100,5,6,111,53,47,51.272728
SUPER_6,10670000,78,8,7,93,43,35,1.9333333
SUPER_6,10680000,63,3,8,74,38,25,5.090909
SUPER_6,10690000,11,1,1,13,8,3,12
SUPER_6,10700000,30,3,3,36,14,16,3.5
SUPER_6,10710000,96,9,9,114,52,44,2.3888888
SUPER_6,10720000,66,7,4,77,33,33,3.909091
SUPER_6,10730000,128,13,9,150,68,60,11.818182
SUPER_6,10740000,115,6,8,129,64,51,19.5
SUPER_6,10750000,129,7,6,142,65,64,5.6153846
SUPER_6,10760000,157,12,12,181,95,62,6.4583335
SUPER_6,10770000,45,3,5,53,23,22,2.25
SUPER_6,10780000,37,4,1,42,13,24,6.2
SUPER_6,10790000,112,7,8,127,63,49,9.533334
SUPER_6,10800000,61,3,6,70,31,30,2.6666667
SUPER_6,10810000,89,9,7,105,46,43,10.0625
SUPER_6,10820000,99,7,3,109,45,54,1.5
SUPER_6,10830000,128,8,11,147,56,72,6.0526314
SUPER_6,10840000,155,11,9,175,87,68,3.7
SUPER_6,10850000,124,11,7,142,58,66,4.111111
SUPER_6,10860000,149,11,10,170,86,63,8.428572
SUPER_6,10870000,110,9,8,127,56,54,3.9411764
SUPER_6,10880000,110,3,2,115,46,64,5
SUPER_6,10890000,75,6,3,84,31,44,16.333334
SUPER_6,10900000,4,0,0,4,2,2,NaN
SUPER_6,10910000,24,4,2,30,10,14,4.6666665
SUPER_6,10920000,200,14,15,229,109,91,3.862069
SUPER_6,10930000,42,3,2,47,15,27,6.2
SUPER_6,10940000,1,0,0,1,0,1,NaN
SUPER_6,10950000,7,0,0,7,4,3,NaN
SUPER_6,10960000,1,0,0,1,0,1,NaN
SUPER_6,10970000,0,1,2,3,0,0,3.3333333
SUPER_6,10980000,1,0,1,2,1,0,3
SUPER_6,10990000,1,0,0,1,1,0,NaN
SUPER_6,11000000,0,0,1,1,0,0,1
SUPER_6,11010000,46,2,5,53,25,21,7.285714
SUPER_6,11020000,98,7,8,113,43,55,4.4
SUPER_6,11030000,107,7,12,126,55,52,26.68421
SUPER_6,11040000,0,1,1,2,0,0,20
SUPER_6,11050000,1,0,1,2,0,1,1
SUPER_6,11060000,55,2,5,62,33,22,9.142858
SUPER_6,11070000,112,9,6,127,49,63,5.6
SUPER_6,11080000,166,9,18,193,91,75,24.481482
SUPER_6,11090000,126,7,14,147,58,68,5.142857
SUPER_6,11100000,54,7,5,66,28,26,15.5
SUPER_6,11110000,2,0,0,2,0,2,NaN
SUPER_6,11120000,0,1,0,1,0,0,1
SUPER_6,11130000,49,4,6,59,28,21,9.2
SUPER_6,11140000,73,8,6,87,41,32,7.928571
SUPER_6,11150000,150,7,11,168,78,72,7.611111
SUPER_6,11160000,47,2,9,58,26,21,5.3636365
SUPER_6,11170000,97,9,11,117,34,63,17.7
SUPER_6,11180000,100,5,10,115,47,53,7.0666666
SUPER_6,11190000,159,14,18,191,72,87,12.53125
SUPER_6,11200000,3,0,0,3,2,1,NaN
SUPER_6,11210000,1,1,0,2,0,1,2
SUPER_6,11220000,0,0,0,0,0,0,0
SUPER_6,11230000,0,0,0,0,0,0,0
SUPER_6,11240000,0,0,0,0,0,0,0
SUPER_6,11250000,5,0,0,5,3,2,NaN
SUPER_6,11260000,22,3,1,26,9,13,7
SUPER_6,11270000,21,2,2,25,12,9,11.25
SUPER_6,11280000,94,8,7,109,51,43,3.8
SUPER_6,11290000,107,10,1,118,55,52,20.818182
SUPER_6,11300000,113,7,3,123,54,59,5.5
SUPER_6,11310000,136,8,16,160,75,61,20.541666
SUPER_6,11320000,100,11,12,123,50,50,5.695652
SUPER_6,11330000,123,12,12,147,61,62,3.6666667
SUPER_6,11340000,120,7,6,133,56,64,13.538462
SUPER_6,11350000,109,6,6,121,54,55,4.1666665
SUPER_6,11360000,71,7,8,86,36,35,1.7333333
SUPER_6,11370000,96,10,9,115,53,43,3.9473684
SUPER_6,11380000,185,11,7,203,96,89,9.444445
SUPER_6,11390000,99,7,5,111,49,50,4.5833335
SUPER_6,11400000,178,14,12,204,82,96,14.615385
SUPER_6,11410000,136,8,10,154,70,66,4.888889
SUPER_6,11420000,140,10,10,160,62,78,14.8
SUPER_6,11430000,27,1,1,29,15,12,20
SUPER_6,11440000,9,0,0,9,4,5,NaN
SUPER_6,11450000,139,12,14,165,75,64,6.9615383
SUPER_6,11460000,149,9,11,169,73,76,14.1
SUPER_6,11470000,133,5,11,149,74,59,2.75
SUPER_6,11480000,185,18,11,214,103,82,8.379311
SUPER_6,11490000,90,1,7,98,42,48,57.625
SUPER_6,11500000,66,2,3,71,46,20,2.6
SUPER_6,11510000,85,4,8,97,40,45,12.5
SUPER_6,11520000,100,10,5,115,47,53,9.066667
SUPER_6,11530000,104,3,8,115,61,43,5.181818
SUPER_6,11540000,91,5,9,105,44,47,5.071429
SUPER_6,11550000,0,0,1,1,0,0,1
SUPER_6,11560000,2,0,1,3,1,1,2
SUPER_6,11570000,1,0,0,1,0,1,NaN
SUPER_6,11580000,1,0,0,1,0,1,NaN
SUPER_6,11590000,2,0,0,2,1,1,NaN
SUPER_6,11600000,35,3,4,42,17,18,2.2857144
SUPER_6,11610000,130,6,4,140,75,55,8.8
SUPER_6,11620000,108,4,10,122,56,52,68
SUPER_6,11630000,128,14,19,161,66,62,6.3030305
SUPER_6,11640000,156,10,10,176,88,68,6.4
SUPER_6,11650000,117,9,15,141,49,68,5.25
SUPER_6,11660000,20,5,4,29,4,16,2.8888888
SUPER_6,11670000,3,1,2,6,0,3,7.6666665
SUPER_6,11680000,80,8,8,96,34,46,4.125
SUPER_6,11690000,117,9,15,141,54,63,17
SUPER_6,11700000,114,7,7,128,53,61,10.857142
SUPER_6,11710000,88,4,6,98,44,44,8.3
SUPER_6,11720000,5,0,0,5,1,4,NaN
SUPER_6,11730000,76,5,5,86,38,38,6.1
SUPER_6,11740000,134,5,6,145,57,77,5.2727275
SUPER_6,11750000,95,9,8,112,45,50,3.6470587
SUPER_6,11760000,65,6,11,82,33,32,36.35294
SUPER_6,11770000,23,3,1,27,13,10,4.5
SUPER_6,11780000,104,11,4,119,62,42,4.5333333
SUPER_6,11790000,97,7,8,112,41,56,4.133333
SUPER_6,11800000,92,6,6,104,48,44,4.3333335
SUPER_6,11810000,91,4,9,104,44,47,7.3076925
SUPER_6,11820000,95,4,11,110,43,52,3.2666667
SUPER_6,11830000,118,7,6,131,51,67,2.0769231
SUPER_6,11840000,148,13,10,171,86,62,11.304348
SUPER_6,11850000,47,5,2,54,30,17,3
SUPER_6,11860000,112,7,3,122,59,53,8.5
SUPER_6,11870000,103,9,7,119,52,51,6.125
SUPER_6,11880000,199,13,13,225,86,113,4.423077
SUPER_6,11890000,79,13,4,96,42,37,4.352941
SUPER_6,11900000,3,0,0,3,3,0,NaN
SUPER_6,11910000,19,1,2,22,14,5,1.6666666
SUPER_6,11920000,9,2,0,11,3,6,2.5
SUPER_6,11930000,1,0,0,1,0,1,NaN
SUPER_6,11940000,0,0,1,1,0,0,1
SUPER_6,11950000,0,0,0,0,0,0,0
SUPER_6,11960000,0,0,0,0,0,0,0
SUPER_6,11970000,3,3,0,6,0,3,2.6666667
SUPER_6,11980000,2,0,1,3,0,2,10
SUPER_6,11990000,61,3,6,70,27,34,8.222222
SUPER_6,12000000,112,3,2,117,57,55,93.4
SUPER_6,12010000,93,4,6,103,44,49,15.6
SUPER_6,12020000,49,2,2,53,23,26,4.75
SUPER_6,12030000,82,4,6,92,48,34,7.3
SUPER_6,12040000,14,1,1,16,6,8,17.5
SUPER_6,12050000,1,1,0,2,0,1,2
SUPER_6,12060000,78,6,3,87,36,42,4.2222223
SUPER_6,12070000,54,9,3,66,19,35,7.8333335
SUPER_6,12080000,2,0,0,2,0,2,NaN
SUPER_6,12090000,66,3,5,74,32,34,2.375
SUPER_6,12100000,123,5,9,137,67,56,6.571429
SUPER_6,12110000,172,8,9,189,72,100,3.4705882
SUPER_6,12120000,33,3,1,37,10,23,3
SUPER_6,12130000,84,8,8,100,40,44,5.3125
SUPER_6,12140000,140,12,11,163,72,68,5.2173915
SUPER_6,12150000,101,7,4,112,49,52,5.5454545
SUPER_6,12160000,135,7,9,151,65,70,2.625
SUPER_6,12170000,105,12,8,125,51,54,4.65
SUPER_6,12180000,170,11,11,192,81,89,12.818182
SUPER_6,12190000,155,8,15,178,69,86,29.391304
SUPER_6,12200000,0,0,0,0,0,0,0
SUPER_6,12210000,0,0,0,0,0,0,0
SUPER_6,12220000,149,18,19,186,75,74,4.4594593
SUPER_6,12230000,1,0,2,3,1,0,188.5
SUPER_6,12240000,1,0,0,1,1,0,NaN
SUPER_6,12250000,109,13,13,135,51,58,6.576923
SUPER_6,12260000,113,7,3,123,55,58,6.3
SUPER_6,12270000,37,2,3,42,16,21,15.6
SUPER_6,12280000,37,5,3,45,17,20,21.75
SUPER_6,12290000,116,10,12,138,65,51,7.6363635
SUPER_6,12300000,53,3,3,59,22,31,10.833333
SUPER_6,12310000,121,4,8,133,51,70,48.166668
SUPER_6,12320000,73,6,7,86,39,34,12
SUPER_6,12330000,88,5,7,100,40,48,2.4166667
SUPER_6,12340000,141,11,17,169,71,70,5.25
SUPER_6,12350000,166,12,12,190,83,83,7.4166665
SUPER_6,12360000,10,0,0,10,3,7,NaN
SUPER_6,12370000,155,20,15,190,75,80,18.685715
SUPER_6,12380000,113,12,9,134,55,58,7.8095236
SUPER_6,12390000,47,2,7,56,25,22,5.888889
SUPER_6,12400000,82,6,4,92,37,45,7
SUPER_6,12410000,89,11,8,108,46,43,5.5263157
SUPER_6,12420000,65,10,5,80,25,40,4.4666667
SUPER_6,12430000,42,6,1,49,15,27,5.714286
SUPER_6,12440000,67,3,6,76,39,28,6.2222223
SUPER_6,12450000,113,13,7,133,57,56,9.6
SUPER_6,12460000,78,7,3,88,36,42,1.8
SUPER_6,12470000,116,7,10,133,48,68,25
SUPER_6,12480000,145,7,11,163,68,77,16.38889
SUPER_6,12490000,97,11,7,115,49,48,6.0555553
SUPER_6,12500000,177,13,13,203,89,88,8.038462
SUPER_6,12510000,129,9,14,152,68,61,4.304348
SUPER_6,12520000,16,0,3,19,7,9,1.3333334
SUPER_6,12530000,14,1,2,17,5,9,10
SUPER_6,12540000,80,6,6,92,41,39,2.75
SUPER_6,12550000,77,4,5,86,41,36,3.1111112
SUPER_6,12560000,53,7,4,64,29,24,35.636364
SUPER_6,12570000,146,13,19,178,72,74,8.53125
SUPER_6,12580000,57,6,11,74,19,38,3.3529413
SUPER_6,12590000,27,2,3,32,16,11,7.8
SUPER_6,12600000,145,14,6,165,76,69,5.85
SUPER_6,12610000,106,11,11,128,63,43,9.454545
SUPER_6,12620000,104,9,9,122,52,52,3.1666667
SUPER_6,12630000,124,9,11,144,78,46,6
SUPER_6,12640000,100,8,9,117,56,44,7
SUPER_6,12650000,14,2,1,17,6,8,2.6666667
SUPER_6,12660000,84,7,9,100,40,44,14.375
SUPER_6,12670000,38,4,4,46,22,16,4.625
SUPER_6,12680000,64,4,10,78,37,27,4.928571
SUPER_6,12690000,72,5,7,84,29,43,7.3333335
SUPER_6,12700000,63,5,9,77,25,38,10.142858
SUPER_6,12710000,86,8,7,101,43,43,18.4
SUPER_6,12720000,48,4,5,57,27,21,11.555555
SUPER_6,12730000,125,7,15,147,65,60,3
SUPER_6,12740000,54,2,5,61,20,34,41
SUPER_6,12750000,140,10,13,163,63,77,8.217391
SUPER_6,12760000,86,6,7,99,38,48,4
SUPER_6,12770000,137,12,12,161,56,81,5.875
SUPER_6,12780000,189,10,17,216,95,94,17.333334
SUPER_6,12790000,87,5,7,99,44,43,4.9166665
SUPER_6,12800000,16,1,2,19,7,9,1.6666666
SUPER_6,12810000,48,1,3,52,19,29,1.25
SUPER_6,12820000,2,0,0,2,2,0,NaN
SUPER_6,12830000,4,0,0,4,3,1,NaN
SUPER_6,12840000,2,0,0,2,0,2,NaN
SUPER_6,12850000,0,0,0,0,0,0,0
SUPER_6,12860000,0,0,0,0,0,0,0
SUPER_6,12870000,37,3,0,40,20,17,6.6666665
SUPER_6,12880000,138,8,12,158,62,76,75.55
SUPER_6,12890000,117,7,6,130,61,56,22.76923
SUPER_6,12900000,56,3,4,63,29,27,4
SUPER_6,12910000,41,3,3,47,27,14,4
SUPER_6,12920000,3,0,0,3,1,2,NaN
SUPER_6,12930000,2,1,1,4,2,0,2
SUPER_6,12940000,0,0,1,1,0,0,1
SUPER_6,12950000,1,0,0,1,1,0,NaN
SUPER_6,12960000,0,0,0,0,0,0,0
SUPER_6,12970000,0,0,0,0,0,0,0
SUPER_6,12980000,2,1,1,4,1,1,2.5
SUPER_6,12990000,2,0,0,2,1,1,NaN
SUPER_6,13000000,0,1,1,2,0,0,5.5
SUPER_6,13010000,3,0,0,3,3,0,NaN
SUPER_6,13020000,4,0,0,4,3,1,NaN
SUPER_6,13030000,81,4,6,91,43,38,7.3
SUPER_6,13040000,115,9,10,134,57,58,3.8947368
SUPER_6,13050000,86,3,2,91,41,45,3.2
SUPER_6,13060000,73,3,6,82,35,38,2.7777777
SUPER_6,13070000,84,4,6,94,39,45,4.7
SUPER_6,13080000,14,0,1,15,9,5,1
SUPER_6,13090000,0,0,0,0,0,0,0
SUPER_6,13100000,0,0,0,0,0,0,0
SUPER_6,13110000,34,2,7,43,14,20,10.111111
SUPER_6,13120000,20,1,1,22,8,12,4.5
SUPER_6,13130000,1,0,0,1,1,0,NaN
SUPER_6,13140000,2,0,1,3,2,0,1
SUPER_6,13150000,71,8,8,87,28,43,3.0625
SUPER_6,13160000,150,9,18,177,72,78,7.851852
SUPER_6,13170000,66,2,6,74,28,38,3.125
SUPER_6,13180000,0,0,0,0,0,0,0
SUPER_6,13190000,0,0,0,0,0,0,0
SUPER_6,13200000,105,12,12,129,42,63,4.625
SUPER_6,13210000,109,10,6,125,62,47,4.375
SUPER_6,13220000,170,17,17,204,88,82,4.0588236
SUPER_6,13230000,88,8,13,109,47,41,12.714286
SUPER_6,13240000,53,5,6,64,31,22,78
SUPER_6,13250000,4,0,0,4,2,2,NaN
SUPER_6,13260000,1,0,0,1,1,0,NaN
SUPER_6,13270000,1,0,0,1,0,1,NaN
SUPER_6,13280000,1,1,0,2,0,1,6
SUPER_6,13290000,86,5,5,96,43,43,9.2
SUPER_6,13300000,147,14,8,169,73,74,5.1363635
SUPER_6,13310000,32,5,5,42,20,12,40.4
SUPER_6,13320000,140,15,17,172,72,68,6.71875
SUPER_6,13330000,146,13,13,172,80,66,46.115383
SUPER_6,13340000,74,8,3,85,32,42,3.1818182
SUPER_6,13350000,151,6,15,172,76,75,9.523809
SUPER_6,13360000,75,10,8,93,38,37,22.333334
SUPER_6,13370000,227,16,19,262,123,104,8.942857
SUPER_6,13380000,49,4,3,56,25,24,11.142858
SUPER_6,13390000,3,1,0,4,0,3,2
SUPER_6,13400000,66,2,4,72,33,33,1.6666666
SUPER_6,13410000,183,8,16,207,92,91,16
SUPER_6,13420000,135,11,17,163,63,72,3.107143
SUPER_6,13430000,203,10,15,228,99,104,5.32
SUPER_6,13440000,82,3,6,91,37,45,6.7777777
SUPER_6,13450000,225,16,10,251,124,101,4.5
SUPER_6,13460000,122,5,13,140,55,67,14.111111
SUPER_6,13470000,111,14,7,132,54,57,11.380953
SUPER_6,13480000,9,1,1,11,5,4,1.5
SUPER_6,13490000,142,14,14,170,77,65,12.428572
SUPER_6,13500000,57,5,4,66,24,33,18.555555
SUPER_6,13510000,115,9,11,135,66,49,3.15
SUPER_6,13520000,79,5,7,91,46,33,12.916667
SUPER_6,13530000,30,2,2,34,16,14,2.25
SUPER_6,13540000,139,11,9,159,70,69,7.3
SUPER_6,13550000,91,8,8,107,45,46,3.5625
SUPER_6,13560000,39,3,4,46,20,19,7
SUPER_6,13570000,0,0,0,0,0,0,0
SUPER_6,13580000,0,0,0,0,0,0,0
SUPER_6,13590000,96,5,8,109,60,36,16.384615
SUPER_6,13600000,16,3,1,20,8,8,3
SUPER_6,13610000,22,0,2,24,17,5,2
SUPER_6,13620000,1,1,0,2,1,0,18
SUPER_6,13630000,2,1,0,3,1,1,1
SUPER_6,13640000,77,5,3,85,39,38,2.25
SUPER_6,13650000,99,11,4,114,54,45,4.866667
SUPER_6,13660000,55,6,1,62,34,21,1.1428572
SUPER_6,13670000,39,0,0,39,14,25,NaN
SUPER_6,13680000,12,2,1,15,5,7,2.6666667
SUPER_6,13690000,85,8,9,102,47,38,8.705882
SUPER_6,13700000,81,4,1,86,44,37,3.6
SUPER_6,13710000,18,1,2,21,8,10,15
SUPER_6,13720000,82,7,5,94,40,42,11.666667
SUPER_6,13730000,47,1,4,52,24,23,24
SUPER_6,13740000,107,10,6,123,61,46,5.875
SUPER_6,13750000,39,1,1,41,17,22,4.5
SUPER_6,13760000,3,0,0,3,2,1,NaN
SUPER_6,13770000,92,7,6,105,53,39,5.6153846
SUPER_6,13780000,3,0,0,3,2,1,NaN
SUPER_6,13790000,30,3,4,37,16,14,5.285714
SUPER_6,13800000,152,7,5,164,81,71,9.583333
SUPER_6,13810000,80,6,4,90,42,38,3
SUPER_6,13820000,119,9,6,134,55,64,4.8
SUPER_6,13830000,39,3,6,48,23,16,6
SUPER_6,13840000,21,4,0,25,12,9,16.25
SUPER_6,13850000,2,0,0,2,2,0,NaN
SUPER_6,13860000,28,2,1,31,19,9,1
SUPER_6,13870000,83,7,6,96,41,42,4.230769
SUPER_6,13880000,12,2,1,15,8,4,2.3333333
SUPER_6,13890000,97,6,10,113,54,43,14.0625
SUPER_6,13900000,90,3,6,99,47,43,8.222222
SUPER_6,13910000,40,3,1,44,22,18,3.25
SUPER_6,13920000,46,1,2,49,20,26,1.3333334
SUPER_6,13930000,43,4,6,53,19,24,19.5
SUPER_6,13940000,71,6,3,80,31,40,3.3333333
SUPER_6,13950000,69,1,1,71,38,31,7
SUPER_6,13960000,29,2,1,32,15,14,12
SUPER_6,13970000,74,0,4,78,42,32,10.75
SUPER_6,13980000,89,2,9,100,41,48,5.6363635
SUPER_6,13990000,0,0,0,0,0,0,0
SUPER_6,14000000,0,0,0,0,0,0,0
SUPER_6,14010000,101,7,6,114,45,56,16.846153
SUPER_6,14020000,77,4,3,84,38,39,9
SUPER_6,14030000,83,5,4,92,48,35,12.555555
SUPER_6,14040000,47,5,2,54,25,22,3.5714285
SUPER_6,14050000,24,0,1,25,11,13,7
SUPER_6,14060000,9,1,0,10,5,4,1
SUPER_6,14070000,30,4,0,34,12,18,12.75
SUPER_6,14080000,20,0,2,22,16,4,7.5
SUPER_6,14090000,55,1,1,57,26,29,18
SUPER_6,14100000,44,0,1,45,27,17,1
SUPER_6,14110000,21,2,0,23,8,13,1.5
SUPER_6,14120000,16,2,2,20,9,7,2.25
SUPER_6,14130000,78,2,1,81,51,27,4.6666665
SUPER_6,14140000,127,8,6,141,72,55,6.857143
SUPER_6,14150000,39,2,0,41,25,14,2
SUPER_6,14160000,3,0,0,3,1,2,NaN
SUPER_6,14170000,50,5,3,58,23,27,3
SUPER_6,14180000,124,9,4,137,70,54,8.076923
SUPER_6,14190000,56,1,5,62,33,23,8.5
SUPER_6,14200000,232,16,16,264,120,112,7.8125
SUPER_6,14210000,56,5,5,66,29,27,6.9
SUPER_6,14220000,117,5,3,125,64,53,5.5
SUPER_6,14230000,0,0,0,0,0,0,0
SUPER_6,14240000,0,0,0,0,0,0,0
SUPER_6,14250000,0,0,0,0,0,0,0
SUPER_6,14260000,0,0,0,0,0,0,0
SUPER_6,14270000,0,0,0,0,0,0,0
SUPER_6,14280000,84,4,6,94,46,38,21.5
SUPER_6,14290000,109,6,6,121,65,43,15.666667
SUPER_6,14300000,64,6,4,74,42,22,23
SUPER_6,14310000,0,0,0,0,0,0,0
SUPER_6,14320000,0,0,0,0,0,0,0
SUPER_6,14330000,186,12,16,214,89,97,11.5
SUPER_6,14340000,112,6,11,129,51,61,6.7647057
SUPER_6,14350000,87,3,10,100,43,44,7.5384617
SUPER_6,14360000,12,1,0,13,3,9,1
SUPER_6,14370000,2,0,0,2,2,0,NaN
SUPER_6,14380000,94,7,9,110,47,47,1.875
SUPER_6,14390000,144,6,10,160,79,65,33.25
SUPER_6,14400000,93,6,7,106,60,33,3.6923077
SUPER_6,14410000,0,0,0,0,0,0,0
SUPER_6,14420000,0,0,0,0,0,0,0
SUPER_6,14430000,0,0,0,0,0,0,0
SUPER_6,14440000,0,0,0,0,0,0,0
SUPER_6,14450000,121,6,11,138,67,54,3
SUPER_6,14460000,18,0,1,19,7,11,1
SUPER_6,14470000,2,1,1,4,1,1,6
SUPER_6,14480000,3,0,0,3,3,0,NaN
SUPER_6,14490000,3,0,2,5,2,1,2.5
SUPER_6,14500000,84,3,3,90,48,36,1.8333334
SUPER_6,14510000,50,4,3,57,31,19,7.571429
SUPER_6,14520000,192,11,16,219,95,97,4.4074073
SUPER_6,14530000,91,4,11,106,55,36,5.5333333
SUPER_6,14540000,107,5,7,119,57,50,6.8333335
SUPER_6,14550000,152,15,7,174,75,77,24.545454
SUPER_6,14560000,55,1,3,59,27,28,2
SUPER_6,14570000,0,0,0,0,0,0,0
SUPER_6,14580000,0,0,0,0,0,0,0
SUPER_6,14590000,112,10,5,127,58,54,17.333334
SUPER_6,14600000,21,0,0,21,6,15,NaN
SUPER_6,14610000,1,1,0,2,0,1,1
SUPER_6,14620000,42,1,0,43,20,22,2
SUPER_6,14630000,57,2,0,59,31,26,3
SUPER_6,14640000,82,4,5,91,42,40,4.888889
SUPER_6,14650000,66,5,5,76,32,34,3.8
SUPER_6,14660000,56,4,1,61,25,31,2
SUPER_6,14670000,1,0,0,1,0,1,NaN
SUPER_6,14680000,12,2,1,15,3,9,3
SUPER_6,14690000,6,0,0,6,2,4,NaN
SUPER_6,14700000,8,0,1,9,4,4,1
SUPER_6,14710000,8,0,3,11,7,1,2.6666667
SUPER_6,14720000,58,4,6,68,27,31,6.7
SUPER_6,14730000,161,12,6,179,85,76,8.166667
SUPER_6,14740000,72,3,12,87,36,36,7.266667
SUPER_6,14750000,104,5,7,116,56,48,6.5833335
SUPER_6,14760000,0,0,0,0,0,0,0
SUPER_6,14770000,0,0,0,0,0,0,0
SUPER_6,14780000,0,0,0,0,0,0,0
SUPER_6,14790000,0,0,0,0,0,0,0
SUPER_6,14800000,51,3,4,58,21,30,8
SUPER_6,14810000,18,4,1,23,11,7,2.4
SUPER_6,14820000,2,0,0,2,1,1,NaN
SUPER_6,14830000,0,0,0,0,0,0,0
SUPER_6,14840000,0,0,0,0,0,0,0
SUPER_6,14850000,28,2,1,31,14,14,6.6666665
SUPER_6,14860000,0,0,0,0,0,0,0
SUPER_6,14870000,0,0,0,0,0,0,0
SUPER_6,14880000,0,0,0,0,0,0,0
SUPER_6,14890000,0,0,0,0,0,0,0
SUPER_6,14900000,0,0,0,0,0,0,0
SUPER_6,14910000,0,0,0,0,0,0,0
SUPER_6,14920000,65,4,6,75,32,33,3.7
SUPER_6,14930000,126,7,10,143,64,62,5.352941
SUPER_6,14940000,41,1,0,42,20,21,23
SUPER_6,14950000,0,0,0,0,0,0,0
SUPER_6,14960000,0,0,0,0,0,0,0
SUPER_6,14970000,38,0,2,40,17,21,4
SUPER_6,14980000,76,1,3,80,46,30,3.5
SUPER_6,14990000,0,1,0,1,0,0,1
SUPER_6,15000000,13,0,1,14,10,3,5
SUPER_6,15010000,0,0,0,0,0,0,0
SUPER_6,15020000,0,0,0,0,0,0,0
SUPER_6,15030000,0,0,0,0,0,0,0
SUPER_6,15040000,71,5,7,83,39,32,5.6666665
SUPER_6,15050000,79,5,7,91,49,30,6.3333335
SUPER_6,15060000,38,5,6,49,19,19,4.3636365
SUPER_6,15070000,114,5,11,130,59,55,7.875
SUPER_6,15080000,0,0,0,0,0,0,0
SUPER_6,15090000,0,0,0,0,0,0,0
SUPER_6,15100000,142,11,14,167,79,63,7.16
SUPER_6,15110000,104,8,2,114,67,37,9.3
SUPER_6,15120000,39,4,2,45,20,19,7.6666665
SUPER_6,15130000,86,5,8,99,47,39,3.6923077
SUPER_6,15140000,87,9,10,106,43,44,8.473684
SUPER_6,15150000,69,5,2,76,29,40,4.428571
SUPER_6,15160000,3,0,2,5,1,2,3
SUPER_6,15170000,95,7,5,107,47,48,5
SUPER_6,15180000,18,1,1,20,11,7,5
SUPER_6,15190000,30,1,2,33,18,12,10
SUPER_6,15200000,85,6,8,99,53,32,4.142857
SUPER_6,15210000,121,8,5,134,60,61,6.769231
SUPER_6,15220000,11,0,2,13,7,4,8
SUPER_6,15230000,0,2,0,2,0,0,1.5
SUPER_6,15240000,59,7,4,70,31,28,10.636364
SUPER_6,15250000,99,8,13,120,56,43,5.3333335
SUPER_6,15260000,122,5,7,134,75,47,4.3333335
SUPER_6,15270000,77,2,5,84,51,26,9
SUPER_6,15280000,0,0,0,0,0,0,0
SUPER_6,15290000,0,0,0,0,0,0,0
SUPER_6,15300000,0,0,0,0,0,0,0
SUPER_6,15310000,19,3,1,23,6,13,2.25
SUPER_6,15320000,75,2,4,81,39,36,5.1666665
SUPER_6,15330000,124,11,1,136,64,60,6.8333335
SUPER_6,15340000,91,10,6,107,42,49,6.5625
SUPER_6,15350000,58,7,6,71,23,35,43.23077
SUPER_6,15360000,73,5,3,81,40,33,2
SUPER_6,15370000,76,5,7,88,38,38,11.833333
SUPER_6,15380000,94,5,7,106,50,44,3.4166667
SUPER_6,15390000,57,3,4,64,34,23,5.714286
SUPER_6,15400000,78,9,8,95,30,48,3.4117646
SUPER_6,15410000,7,0,2,9,2,5,1.5
SUPER_6,15420000,106,4,5,115,53,53,4.7777777
SUPER_6,15430000,30,2,2,34,17,13,11
SUPER_6,15440000,29,2,4,35,10,19,90.333336
SUPER_6,15450000,10,3,2,15,3,7,20.8
SUPER_6,15460000,78,9,8,95,39,39,5.9411764
SUPER_6,15470000,64,3,6,73,36,28,7.111111
SUPER_6,15480000,0,0,1,1,0,0,1
SUPER_6,15490000,57,3,3,63,26,31,28
SUPER_6,15500000,0,0,0,0,0,0,0
SUPER_6,15510000,0,0,0,0,0,0,0
SUPER_6,15520000,9,0,0,9,4,5,NaN
SUPER_6,15530000,1,0,0,1,0,1,NaN
SUPER_6,15540000,1,1,0,2,1,0,8
SUPER_6,15550000,80,3,8,91,46,34,4.818182
SUPER_6,15560000,66,5,2,73,33,33,8.285714
SUPER_6,15570000,59,5,5,69,35,24,2.7
SUPER_6,15580000,121,7,7,135,60,61,8.071428
SUPER_6,15590000,136,12,5,153,70,66,34.411766
SUPER_6,15600000,153,9,9,171,87,66,12.388889
SUPER_6,15610000,79,5,2,86,33,46,4.857143
SUPER_6,15620000,3,0,0,3,1,2,NaN
SUPER_6,15630000,110,3,6,119,59,51,17.555555
SUPER_6,15640000,105,8,7,120,57,48,7.8
SUPER_6,15650000,74,5,1,80,41,33,7.8333335
SUPER_6,15660000,1,0,0,1,1,0,NaN
SUPER_6,15670000,12,1,1,14,10,2,4.5
SUPER_6,15680000,25,4,0,29,15,10,7
SUPER_6,15690000,51,2,3,56,23,28,12.8
SUPER_6,15700000,9,0,0,9,3,6,NaN
SUPER_6,15710000,69,6,4,79,33,36,9.2
SUPER_6,15720000,5,2,2,9,1,4,7
SUPER_6,15730000,5,0,2,7,1,4,1
SUPER_6,15740000,41,2,2,45,21,20,2.25
SUPER_6,15750000,61,4,5,70,28,33,9.222222
SUPER_6,15760000,0,0,0,0,0,0,0
SUPER_6,15770000,0,0,0,0,0,0,0
SUPER_6,15780000,53,9,4,66,34,19,4.3076925
SUPER_6,15790000,31,6,3,40,18,13,10.333333
SUPER_6,15800000,26,4,2,32,11,15,5.1666665
SUPER_6,15810000,18,3,0,21,7,11,14
SUPER_6,15820000,80,7,8,95,40,40,2.5333333
SUPER_6,15830000,137,14,10,161,71,66,8.25
SUPER_6,15840000,75,10,4,89,46,29,3.0714285
SUPER_6,15850000,135,9,7,151,84,51,6.0625
SUPER_6,15860000,85,5,4,94,40,45,5.7777777
SUPER_6,15870000,11,2,2,15,8,3,10.75
SUPER_6,15880000,72,10,4,86,36,36,12.5
SUPER_6,15890000,61,2,4,67,38,23,2.3333333
SUPER_6,15900000,217,16,10,243,102,115,7.3076925
SUPER_6,15910000,178,17,16,211,83,95,6.6666665
SUPER_6,15920000,36,2,5,43,20,16,8.571428
SUPER_6,15930000,115,9,8,132,46,69,1.8235294
SUPER_6,15940000,110,4,6,120,70,40,6.4
SUPER_6,15950000,128,6,9,143,76,52,8
SUPER_6,15960000,184,17,17,218,82,102,26.617647
SUPER_6,15970000,38,3,2,43,19,19,5.4
SUPER_6,15980000,170,11,18,199,88,82,13.379311
SUPER_6,15990000,22,2,3,27,7,15,45.4
SUPER_6,16000000,113,12,9,134,60,53,5.1904764
SUPER_6,16010000,66,4,1,71,29,37,1.4
SUPER_6,16020000,61,5,2,68,33,28,4.142857
SUPER_6,16030000,115,3,18,136,60,55,5.1904764
SUPER_6,16040000,93,8,6,107,44,49,5.285714
SUPER_6,16050000,107,6,5,118,69,38,4.4545455
SUPER_6,16060000,63,5,3,71,31,32,1.125
SUPER_6,16070000,59,6,7,72,31,28,5.5384617
SUPER_6,16080000,96,8,6,110,45,51,17
SUPER_6,16090000,121,8,10,139,64,57,12.277778
SUPER_6,16100000,114,12,10,136,61,53,2.590909
SUPER_6,16110000,133,11,8,152,79,54,8.526316
SUPER_6,16120000,113,4,13,130,61,52,5.7058825
SUPER_6,16130000,78,6,3,87,46,32,3
SUPER_6,16140000,33,5,4,42,16,17,7.888889
SUPER_6,16150000,111,10,11,132,52,59,6.142857
SUPER_6,16160000,70,4,4,78,31,39,7.625
SUPER_6,16170000,157,17,8,182,82,75,7.12
SUPER_6,16180000,54,1,7,62,35,19,5.625
SUPER_6,16190000,78,0,11,89,39,39,2
SUPER_6,16200000,110,10,12,132,44,66,6.2727275
SUPER_6,16210000,126,10,9,145,67,59,5.7894735
SUPER_6,16220000,186,6,13,205,100,86,6.4736843
SUPER_6,16230000,151,10,15,176,84,67,7.24
SUPER_6,16240000,101,9,7,117,49,52,28.125
SUPER_6,16250000,109,10,7,126,50,59,5.882353
SUPER_6,16260000,113,4,5,122,56,57,8
SUPER_6,16270000,101,6,3,110,58,43,17.555555
SUPER_6,16280000,61,2,9,72,34,27,3.090909
SUPER_6,16290000,60,4,6,70,36,24,3.3
SUPER_6,16300000,77,6,6,89,31,46,5.25
SUPER_6,16310000,75,8,7,90,36,39,7.5333333
SUPER_6,16320000,42,6,4,52,18,24,5.5
SUPER_6,16330000,60,3,2,65,37,23,6.2
SUPER_6,16340000,72,1,2,75,41,31,2.6666667
SUPER_6,16350000,111,9,9,129,59,52,4.4444447
SUPER_6,16360000,66,4,6,76,36,30,19.6
SUPER_6,16370000,1,0,0,1,0,1,NaN
SUPER_6,16380000,8,0,0,8,4,4,NaN
SUPER_6,16390000,53,2,2,57,28,25,7
SUPER_6,16400000,57,2,4,63,28,29,9
SUPER_6,16410000,2,0,0,2,1,1,NaN
SUPER_6,16420000,83,7,8,98,46,37,7.866667
SUPER_6,16430000,104,3,3,110,55,49,1.5
SUPER_6,16440000,151,14,5,170,79,72,4.631579
SUPER_6,16450000,126,6,11,143,64,62,16.470589
SUPER_6,16460000,56,4,3,63,40,16,4.857143
SUPER_6,16470000,121,11,14,146,68,53,18.92
SUPER_6,16480000,149,10,9,168,76,73,4.7894735
SUPER_6,16490000,56,3,6,65,31,25,72.666664
SUPER_6,16500000,135,12,7,154,68,67,9.894737
SUPER_6,16510000,168,7,9,184,89,79,5.875
SUPER_6,16520000,81,6,10,97,43,38,7.25
SUPER_6,16530000,14,2,1,17,11,3,10.666667
SUPER_6,16540000,36,4,2,42,15,21,4.8333335
SUPER_6,16550000,52,1,4,57,24,28,10.8
SUPER_6,16560000,3,0,0,3,1,2,NaN
SUPER_6,16570000,6,2,0,8,2,4,4
SUPER_6,16580000,0,0,0,0,0,0,0
SUPER_6,16590000,0,0,0,0,0,0,0
SUPER_6,16600000,0,0,0,0,0,0,0
SUPER_6,16610000,0,0,0,0,0,0,0
SUPER_6,16620000,5,0,0,5,3,2,NaN
SUPER_6,16630000,2,0,0,2,1,1,NaN
SUPER_6,16640000,2,0,0,2,1,1,NaN
SUPER_6,16650000,4,0,0,4,1,3,NaN
SUPER_6,16660000,6,0,2,8,1,5,7
SUPER_6,16670000,46,3,4,53,25,21,2.142857
SUPER_6,16680000,199,10,12,221,106,93,4.590909
SUPER_6,16690000,52,5,3,60,27,25,7.75
SUPER_6,16700000,54,3,7,64,19,35,3.1
SUPER_6,16710000,34,4,1,39,22,12,2.6
SUPER_6,16720000,21,1,0,22,8,13,3
SUPER_6,16730000,0,1,0,1,0,0,3
SUPER_6,16740000,4,0,0,4,3,1,NaN
SUPER_6,16750000,4,0,1,5,1,3,1
SUPER_6,16760000,25,2,3,30,11,14,4.4
SUPER_6,16770000,7,1,0,8,6,1,25
SUPER_6,16780000,11,1,2,14,7,4,18
SUPER_6,16790000,53,9,3,65,20,33,6.3333335
SUPER_6,16800000,13,0,2,15,7,6,4.5
SUPER_6,16810000,9,0,0,9,6,3,NaN
SUPER_6,16820000,0,0,0,0,0,0,0
SUPER_6,16830000,0,0,0,0,0,0,0
SUPER_6,16840000,53,5,6,64,22,31,4.6363635
SUPER_6,16850000,83,7,13,103,36,47,6.15
SUPER_6,16860000,110,8,14,132,55,55,16.863636
SUPER_6,16870000,168,7,10,185,92,76,8.823529
SUPER_6,16880000,57,3,5,65,28,29,8
SUPER_6,16890000,23,5,3,31,9,14,3.5
SUPER_6,16900000,75,9,3,87,39,36,6.75
SUPER_6,16910000,150,12,6,168,80,70,10.611111
SUPER_6,16920000,43,4,4,51,21,22,6.375
SUPER_6,16930000,17,0,0,17,9,8,NaN
SUPER_6,16940000,25,1,3,29,16,9,2
SUPER_6,16950000,17,4,2,23,9,8,7.6666665
SUPER_6,16960000,97,12,11,120,45,52,7.695652
SUPER_6,16970000,19,0,0,19,10,9,NaN
SUPER_6,16980000,0,0,0,0,0,0,0
SUPER_6,16990000,0,0,0,0,0,0,0
SUPER_6,17000000,0,0,0,0,0,0,0
SUPER_6,17010000,0,0,0,0,0,0,0
SUPER_6,17020000,17,3,0,20,7,10,3.3333333
SUPER_6,17030000,2,0,0,2,1,1,NaN
SUPER_6,17040000,1,0,1,2,1,0,2
SUPER_6,17050000,1,0,0,1,0,1,NaN
SUPER_6,17060000,6,2,2,10,4,2,2
SUPER_6,17070000,30,2,2,34,12,18,8.5
SUPER_6,17080000,0,0,2,2,0,0,3
SUPER_6,17090000,3,0,0,3,0,3,NaN
SUPER_6,17100000,82,7,11,100,36,46,4.7222223
SUPER_6,17110000,0,0,0,0,0,0,0
SUPER_6,17120000,0,0,0,0,0,0,0
SUPER_6,17130000,76,6,4,86,40,36,2
SUPER_6,17140000,2,1,0,3,0,2,1
SUPER_6,17150000,0,0,0,0,0,0,0
SUPER_6,17160000,0,0,0,0,0,0,0
SUPER_6,17170000,1,2,2,5,1,0,3.5
SUPER_6,17180000,2,0,0,2,1,1,NaN
SUPER_6,17190000,1,0,0,1,0,1,NaN
SUPER_6,17200000,1,0,1,2,1,0,5
SUPER_6,17210000,0,0,1,1,0,0,168
SUPER_6,17220000,3,0,1,4,2,1,1
SUPER_6,17230000,24,3,4,31,12,12,6
SUPER_6,17240000,4,0,1,5,2,2,2
SUPER_6,17250000,3,1,0,4,2,1,2
SUPER_6,17260000,32,3,5,40,9,23,13.875
SUPER_6,17270000,21,3,2,26,10,11,3.2
SUPER_6,17280000,132,11,5,148,62,70,19.0625
SUPER_6,17290000,100,7,11,118,49,51,6.9444447
SUPER_6,17300000,92,5,9,106,47,45,5.928571
SUPER_6,17310000,60,6,6,72,25,35,2.6666667
SUPER_6,17320000,0,0,0,0,0,0,0
SUPER_6,17330000,0,0,0,0,0,0,0
SUPER_6,17340000,0,0,0,0,0,0,0
SUPER_6,17350000,4,1,1,6,4,0,1.5
SUPER_6,17360000,96,8,8,112,45,51,4.25
SUPER_6,17370000,1,0,0,1,0,1,NaN
SUPER_6,17380000,0,1,0,1,0,0,1
SUPER_6,17390000,28,2,2,32,14,14,3.5
SUPER_6,17400000,124,8,8,140,62,62,11.875
SUPER_6,17410000,114,10,9,133,68,46,12.263158
SUPER_6,17420000,72,3,4,79,43,29,4.714286
SUPER_6,17430000,31,1,3,35,13,18,7.75
SUPER_6,17440000,12,1,3,16,4,8,2
SUPER_6,17450000,9,0,1,10,6,3,1
SUPER_6,17460000,39,2,4,45,22,17,3.8333333
SUPER_6,17470000,131,7,17,155,66,65,10.666667
SUPER_6,17480000,182,18,17,217,96,86,5.885714
SUPER_6,17490000,167,11,16,194,90,77,6.740741
SUPER_6,17500000,143,12,13,168,55,88,6.92
SUPER_6,17510000,152,11,9,172,78,74,7
SUPER_6,17520000,40,0,1,41,20,20,5
SUPER_6,17530000,116,3,6,125,65,51,9.888889
SUPER_6,17540000,138,14,12,164,68,70,4.8461537
SUPER_6,17550000,79,4,5,88,44,35,3.8888888
SUPER_6,17560000,28,2,3,33,16,12,58.4
SUPER_6,17570000,124,7,5,136,63,61,13.666667
SUPER_6,17580000,60,6,6,72,38,22,3.25
SUPER_6,17590000,133,13,8,154,60,73,2.8095238
SUPER_6,17600000,75,6,7,88,42,33,3
SUPER_6,17610000,70,8,5,83,31,39,27
SUPER_6,17620000,75,10,4,89,40,35,5.142857
SUPER_6,17630000,157,14,7,178,96,61,13.714286
SUPER_6,17640000,259,11,14,284,153,106,9.4
SUPER_6,17650000,115,4,12,131,66,49,7.875
SUPER_6,17660000,113,7,8,128,59,54,57.533333
SUPER_6,17670000,79,9,4,92,44,35,27.307692
SUPER_6,17680000,1,0,0,1,1,0,NaN
SUPER_6,17690000,1,1,0,2,0,1,8
SUPER_6,17700000,7,2,0,9,4,3,2
SUPER_6,17710000,30,0,2,32,18,12,169.5
SUPER_6,17720000,112,8,7,127,56,56,10.933333
SUPER_6,17730000,102,10,7,119,43,59,6.2352943
SUPER_6,17740000,104,8,4,116,51,53,7
SUPER_6,17750000,149,9,11,169,80,69,8.55
SUPER_6,17760000,134,10,9,153,57,77,4.7894735
SUPER_6,17770000,151,7,6,164,86,65,4.230769
SUPER_6,17780000,107,10,5,122,65,42,7.9333334
SUPER_6,17790000,10,2,1,13,6,4,5.3333335
SUPER_6,17800000,98,7,7,112,52,46,7.571429
SUPER_6,17810000,128,5,18,151,69,59,36.173912
SUPER_6,17820000,123,6,4,133,52,71,4.4
SUPER_6,17830000,4,2,2,8,2,2,9.5
SUPER_6,17840000,2,0,0,2,2,0,NaN
SUPER_6,17850000,111,3,10,124,57,54,13.307693
SUPER_6,17860000,2,0,0,2,1,1,NaN
SUPER_6,17870000,44,3,7,54,25,19,5.3
SUPER_6,17880000,64,2,9,75,31,33,49.090908
SUPER_6,17890000,49,5,11,65,27,22,6.5625
SUPER_6,17900000,51,7,3,61,29,22,7.8
SUPER_6,17910000,155,10,9,174,81,74,6.7894735
SUPER_6,17920000,126,9,6,141,60,66,7.6666665
SUPER_6,17930000,19,2,2,23,9,10,4.75
SUPER_6,17940000,1,0,0,1,0,1,NaN
SUPER_6,17950000,0,0,0,0,0,0,0
SUPER_6,17960000,0,0,0,0,0,0,0
SUPER_6,17970000,0,0,0,0,0,0,0
SUPER_6,17980000,159,4,9,172,84,75,3.6923077
SUPER_6,17990000,157,8,6,171,76,81,4.785714
SUPER_6,18000000,50,2,4,56,24,26,1
SUPER_6,18010000,103,5,4,112,54,49,5.6666665
SUPER_6,18020000,128,9,7,144,73,55,18.8125
SUPER_6,18030000,160,8,16,184,73,87,4.2916665
SUPER_6,18040000,20,4,1,25,15,5,12
SUPER_6,18050000,138,11,9,158,66,72,6.5
SUPER_6,18060000,75,6,6,87,35,40,9.083333
SUPER_6,18070000,46,7,4,57,27,19,14.909091
SUPER_6,18080000,10,1,1,12,6,4,9.5
SUPER_6,18090000,2,1,0,3,2,0,1
SUPER_6,18100000,81,4,8,93,44,37,2.25
SUPER_6,18110000,83,6,4,93,42,41,8.6
SUPER_6,18120000,94,8,3,105,48,46,4.090909
SUPER_6,18130000,91,8,5,104,40,51,23.384615
SUPER_6,18140000,134,5,13,152,72,62,6.5555553
SUPER_6,18150000,117,6,11,134,73,44,5.5882354
SUPER_6,18160000,163,13,18,194,93,70,3.3548386
SUPER_6,18170000,154,9,16,179,71,83,16.44
SUPER_6,18180000,97,8,6,111,49,48,10.214286
SUPER_6,18190000,154,12,13,179,81,73,6.28
SUPER_6,18200000,65,9,7,81,33,32,6.0625
SUPER_6,18210000,77,7,1,85,34,43,4.75
SUPER_6,18220000,128,10,11,149,72,56,16.047619
SUPER_6,18230000,107,3,6,116,60,47,38.444443
SUPER_6,18240000,42,6,2,50,17,25,8.25
SUPER_6,18250000,9,0,0,9,6,3,NaN
SUPER_6,18260000,0,0,0,0,0,0,0
SUPER_6,18270000,0,0,0,0,0,0,0
SUPER_6,18280000,7,1,0,8,6,1,1
SUPER_6,18290000,38,3,2,43,21,17,1.6
SUPER_6,18300000,59,2,5,66,28,31,3.857143
SUPER_6,18310000,51,6,3,60,25,26,2.7777777
SUPER_6,18320000,118,11,11,140,52,66,6.7727275
SUPER_6,18330000,47,3,5,55,28,19,3.25
SUPER_6,18340000,98,8,11,117,50,48,5.5789475
SUPER_6,18350000,108,11,10,129,59,49,5.714286
SUPER_6,18360000,75,3,5,83,44,31,49.75
SUPER_6,18370000,52,3,7,62,23,29,43.5
SUPER_6,18380000,22,2,0,24,17,5,2.5
SUPER_6,18390000,51,3,1,55,22,29,16.25
SUPER_6,18400000,3,0,0,3,1,2,NaN
SUPER_6,18410000,1,0,0,1,1,0,NaN
SUPER_6,18420000,1,0,0,1,0,1,NaN
SUPER_6,18430000,48,0,1,49,32,16,1
SUPER_6,18440000,94,3,8,105,44,50,11.090909
SUPER_6,18450000,90,7,7,104,44,46,3.2857144
SUPER_6,18460000,42,0,2,44,23,19,1
SUPER_6,18470000,157,9,12,178,69,88,4.904762
SUPER_6,18480000,60,6,1,67,26,34,4.857143
SUPER_6,18490000,79,6,7,92,37,42,5.076923
SUPER_6,18500000,55,3,5,63,31,24,38.375
SUPER_6,18510000,110,11,9,130,54,56,5.2
SUPER_6,18520000,43,8,4,55,21,22,5.6666665
SUPER_6,18530000,85,4,3,92,47,38,7.714286
SUPER_6,18540000,33,5,4,42,15,18,2.2222223
SUPER_6,18550000,118,5,4,127,67,51,3
SUPER_6,18560000,62,5,4,71,34,28,6.888889
SUPER_6,18570000,44,6,5,55,25,19,3.909091
SUPER_6,18580000,85,8,5,98,44,41,8.538462
SUPER_6,18590000,74,6,12,92,34,40,4.0555553
SUPER_6,18600000,49,4,1,54,22,27,16.4
SUPER_6,18610000,106,7,9,122,53,53,4.75
SUPER_6,18620000,153,11,9,173,75,78,6.5
SUPER_6,18630000,74,8,12,94,40,34,7.95
SUPER_6,18640000,150,10,7,167,71,79,4.529412
SUPER_6,18650000,83,11,6,100,54,29,10.294118
SUPER_6,18660000,84,3,6,93,49,35,24.777779
SUPER_6,18670000,178,13,6,197,86,92,25.631578
SUPER_6,18680000,83,3,6,92,37,46,3.2222223
SUPER_6,18690000,121,6,11,138,63,58,5.117647
SUPER_6,18700000,171,9,8,188,76,95,5
SUPER_6,18710000,112,7,3,122,57,55,4.6
SUPER_6,18720000,206,16,22,244,104,102,14.131579
SUPER_6,18730000,139,9,11,159,76,63,13.65
SUPER_6,18740000,240,18,20,278,114,126,7.5
SUPER_6,18750000,53,2,4,59,32,21,9.333333
SUPER_6,18760000,1,0,0,1,0,1,NaN
SUPER_6,18770000,10,2,0,12,2,8,1
SUPER_6,18780000,37,2,3,42,19,18,110.6
SUPER_6,18790000,59,7,2,68,39,20,5.5555553
SUPER_6,18800000,48,3,6,57,19,29,9.888889
SUPER_6,18810000,14,2,4,20,10,4,6.1666665
SUPER_6,18820000,0,0,0,0,0,0,0
SUPER_6,18830000,0,0,0,0,0,0,0
SUPER_6,18840000,89,9,5,103,53,36,4.571429
SUPER_6,18850000,119,5,11,135,59,60,6.5625
SUPER_6,18860000,94,5,8,107,44,50,5.4615383
SUPER_6,18870000,71,5,1,77,31,40,5
SUPER_6,18880000,0,0,0,0,0,0,0
SUPER_6,18890000,0,0,0,0,0,0,0
SUPER_6,18900000,124,12,6,142,66,58,3.7222223
SUPER_6,18910000,73,2,7,82,39,34,3.3333333
SUPER_6,18920000,31,1,4,36,11,20,9
SUPER_6,18930000,6,1,0,7,1,5,1
SUPER_6,18940000,1,1,1,3,1,0,23.5
SUPER_6,18950000,2,1,0,3,1,1,4
SUPER_6,18960000,3,0,1,4,3,0,1
SUPER_6,18970000,38,4,3,45,21,17,27.428572
SUPER_6,18980000,177,18,23,218,85,92,10.170732
SUPER_6,18990000,26,2,2,30,14,12,1.25
SUPER_6,19000000,99,9,12,120,61,38,7.428571
SUPER_6,19010000,145,8,7,160,73,72,8.933333
SUPER_6,19020000,115,10,13,138,72,43,13.086957
SUPER_6,19030000,158,14,10,182,76,82,10.125
SUPER_6,19040000,149,5,11,165,70,79,14.125
SUPER_6,19050000,36,4,3,43,17,19,2
SUPER_6,19060000,59,4,5,68,24,35,5.6666665
SUPER_6,19070000,100,7,5,112,46,54,22.5
SUPER_6,19080000,147,6,9,162,77,70,3.5333333
SUPER_6,19090000,73,7,4,84,38,35,10.454545
SUPER_6,19100000,2,0,1,3,0,2,4
SUPER_6,19110000,2,0,0,2,2,0,NaN
SUPER_6,19120000,49,2,3,54,27,22,13.4
SUPER_6,19130000,101,4,4,109,49,52,8.875
SUPER_6,19140000,0,0,0,0,0,0,0
SUPER_6,19150000,0,0,0,0,0,0,0
SUPER_6,19160000,143,9,7,159,83,60,5.5
SUPER_6,19170000,90,12,4,106,44,46,5.1875
SUPER_6,19180000,109,2,5,116,62,47,3.2857144
SUPER_6,19190000,195,25,13,233,95,100,5.5263157
SUPER_6,19200000,193,11,15,219,93,100,7.8076925
SUPER_6,19210000,7,2,1,10,4,3,1.3333334
SUPER_6,19220000,0,0,0,0,0,0,0
SUPER_6,19230000,0,0,0,0,0,0,0
SUPER_6,19240000,0,0,0,0,0,0,0
SUPER_6,19250000,0,0,0,0,0,0,0
SUPER_6,19260000,7,1,0,8,3,4,1
SUPER_6,19270000,16,0,1,17,6,10,1
SUPER_6,19280000,80,2,8,90,38,42,5.8
SUPER_6,19290000,211,6,20,237,116,95,15.307693
SUPER_6,19300000,157,8,8,173,85,72,5.1875
SUPER_6,19310000,170,12,11,193,95,75,7
SUPER_6,19320000,177,10,16,203,85,92,9.769231
SUPER_6,19330000,157,13,13,183,87,70,10.076923
SUPER_6,19340000,133,5,9,147,62,71,1.8571428
SUPER_6,19350000,125,10,10,145,65,60,5.4
SUPER_6,19360000,93,11,16,120,36,57,12.148149
SUPER_6,19370000,3,0,0,3,1,2,NaN
SUPER_6,19380000,3,0,0,3,0,3,NaN
SUPER_6,19390000,0,0,0,0,0,0,0
SUPER_6,19400000,0,0,0,0,0,0,0
SUPER_6,19410000,61,3,3,67,33,28,1.6666666
SUPER_6,19420000,76,9,2,87,44,32,9.363636
SUPER_6,19430000,131,10,9,150,67,64,7.894737
SUPER_6,19440000,89,5,6,100,55,34,9.909091
SUPER_6,19450000,175,13,8,196,94,81,6.8095236
SUPER_6,19460000,171,12,13,196,84,87,13.72
SUPER_6,19470000,57,2,5,64,32,25,31.571428
SUPER_6,19480000,183,5,9,197,90,93,4.357143
SUPER_6,19490000,0,0,0,0,0,0,0
SUPER_6,19500000,0,0,0,0,0,0,0
SUPER_6,19510000,149,12,10,171,81,68,7.7727275
SUPER_6,19520000,44,2,6,52,25,19,21.875
SUPER_6,19530000,67,5,4,76,33,34,12.222222
SUPER_6,19540000,59,2,1,62,33,26,2.6666667
SUPER_6,19550000,40,3,3,46,25,15,1.5
SUPER_6,19560000,57,4,5,66,29,28,54
SUPER_6,19570000,86,2,8,96,49,37,6.1
SUPER_6,19580000,49,8,2,59,27,22,6
SUPER_6,19590000,53,2,2,57,21,32,7.25
SUPER_6,19600000,29,2,1,32,20,9,1.3333334
SUPER_6,19610000,47,3,4,54,29,18,3
SUPER_6,19620000,76,3,2,81,46,30,3.4
SUPER_6,19630000,36,3,2,41,21,15,3.8
SUPER_6,19640000,24,1,1,26,17,7,26
SUPER_6,19650000,16,0,0,16,8,8,NaN
SUPER_6,19660000,286,18,33,337,134,152,6.4117646
SUPER_6,19670000,104,5,9,118,53,51,16.428572
SUPER_6,19680000,98,13,6,117,50,48,8.105263
SUPER_6,19690000,46,2,1,49,26,20,12
SUPER_6,19700000,88,6,7,101,47,41,14.384615
SUPER_6,19710000,5,1,0,6,1,4,1
SUPER_6,19720000,67,10,6,83,35,32,6.5625
SUPER_6,19730000,109,8,8,125,57,52,10.6875
SUPER_6,19740000,69,4,3,76,39,30,14
SUPER_6,19750000,62,4,8,74,37,25,8.333333
SUPER_6,19760000,147,10,6,163,78,69,6.875
SUPER_6,19770000,105,3,7,115,56,49,3.6
SUPER_6,19780000,49,4,12,65,20,29,8.9375
SUPER_6,19790000,126,10,8,144,56,70,6.8333335
SUPER_6,19800000,157,14,8,179,83,74,17.136364
SUPER_6,19810000,143,8,8,159,73,70,8.25
SUPER_6,19820000,59,7,7,73,29,30,7.428571
SUPER_6,19830000,0,0,0,0,0,0,0
SUPER_6,19840000,0,0,0,0,0,0,0
SUPER_6,19850000,4,0,2,6,1,3,10
SUPER_6,19860000,1,3,0,4,0,1,15.333333
SUPER_6,19870000,64,4,3,71,25,39,4.857143
SUPER_6,19880000,115,13,6,134,58,57,3.7894738
SUPER_6,19890000,102,12,12,126,53,49,22.333334
SUPER_6,19900000,105,2,5,112,58,47,4
SUPER_6,19910000,2,0,0,2,1,1,NaN
SUPER_6,19920000,1,0,0,1,0,1,NaN
SUPER_6,19930000,6,0,0,6,3,3,NaN
SUPER_6,19940000,0,0,0,0,0,0,0
SUPER_6,19950000,0,0,0,0,0,0,0
SUPER_6,19960000,0,0,0,0,0,0,0
SUPER_6,19970000,2,1,1,4,1,1,1.5
SUPER_6,19980000,2,0,0,2,0,2,NaN
SUPER_6,19990000,5,2,2,9,4,1,2.25
SUPER_6,20000000,86,7,9,102,48,38,11.5
SUPER_6,20010000,51,1,4,56,21,30,2.4
SUPER_6,20020000,70,2,2,74,29,41,3
SUPER_6,20030000,35,3,2,40,18,17,6.4
SUPER_6,20040000,17,3,1,21,6,11,17.5
SUPER_6,20050000,45,9,7,61,21,24,5.75
SUPER_6,20060000,6,2,0,8,1,5,1.5
SUPER_6,20070000,2,0,0,2,1,1,NaN
SUPER_6,20080000,1,0,0,1,1,0,NaN
SUPER_6,20090000,106,2,6,114,48,58,25.25
SUPER_6,20100000,43,6,5,54,21,22,13.454545
SUPER_6,20110000,37,3,3,43,20,17,4.6666665
SUPER_6,20120000,27,0,1,28,12,15,6
SUPER_6,20130000,12,0,2,14,5,7,2.5
SUPER_6,20140000,9,0,0,9,5,4,NaN
SUPER_6,20150000,4,0,1,5,1,2,20
SUPER_6,20160000,3,0,0,3,2,1,NaN
SUPER_6,20170000,2,0,0,2,1,1,NaN
SUPER_6,20180000,8,1,0,9,3,5,7
SUPER_6,20190000,5,0,1,6,1,4,6
SUPER_6,20200000,15,0,3,18,6,9,12
SUPER_6,20210000,71,3,7,81,39,32,117.4
SUPER_6,20220000,34,0,2,36,14,20,1
SUPER_6,20230000,1,0,1,2,1,0,14
SUPER_6,20240000,1,1,0,2,0,1,9
SUPER_6,20250000,2,0,0,2,2,0,NaN
SUPER_6,20260000,111,11,10,132,58,53,4.857143
SUPER_6,20270000,95,8,8,111,42,53,59.6875
SUPER_6,20280000,94,3,1,98,42,52,11.25
SUPER_6,20290000,54,5,7,66,26,28,11.166667
SUPER_6,20300000,73,8,4,85,43,30,6.6666665
SUPER_6,20310000,177,13,13,203,99,78,7.076923
SUPER_6,20320000,129,6,8,143,61,68,4.357143
SUPER_6,20330000,130,11,4,145,71,59,4.9333334
SUPER_6,20340000,136,14,5,155,69,67,3.7368422
SUPER_6,20350000,159,13,12,184,78,81,22.64
SUPER_6,20360000,222,13,11,246,107,115,4.5
SUPER_6,20370000,74,3,9,86,39,35,13.75
SUPER_6,20380000,102,10,8,120,46,56,5.2777777
SUPER_6,20390000,114,14,11,139,58,56,5
SUPER_6,20400000,138,15,11,164,66,72,6.6153846
SUPER_6,20410000,110,7,6,123,51,59,2.3076923
SUPER_6,20420000,44,4,2,50,27,17,10.666667
SUPER_6,20430000,13,0,0,13,6,7,NaN
SUPER_6,20440000,42,1,6,49,25,17,7
SUPER_6,20450000,9,1,1,11,4,5,36
SUPER_6,20460000,103,7,7,117,63,40,4.285714
SUPER_6,20470000,30,1,1,32,17,13,2.5
SUPER_6,20480000,99,6,6,111,50,49,3.4166667
SUPER_6,20490000,1,0,0,1,1,0,NaN
SUPER_6,20500000,1,0,0,1,1,0,NaN
SUPER_6,20510000,0,1,0,1,0,0,2
SUPER_6,20520000,2,0,0,2,1,1,NaN
SUPER_6,20530000,2,0,0,2,2,0,NaN
SUPER_6,20540000,4,0,0,4,2,2,NaN
SUPER_6,20550000,51,4,3,58,28,23,50.285713
SUPER_6,20560000,123,6,9,138,51,72,5
SUPER_6,20570000,82,7,11,100,42,40,4.3333335
SUPER_6,20580000,82,5,4,91,39,43,3.7777777
SUPER_6,20590000,27,1,3,31,12,15,9.75
SUPER_6,20600000,27,5,0,32,13,14,1
SUPER_6,20610000,41,2,2,45,19,22,9.25
SUPER_6,20620000,152,11,8,171,81,71,4.368421
SUPER_6,20630000,147,11,10,168,70,77,10.761905
SUPER_6,20640000,209,8,12,229,107,102,7.6
SUPER_6,20650000,71,4,9,84,30,41,5.6923075
SUPER_6,20660000,56,0,4,60,23,33,2.25
SUPER_6,20670000,98,10,7,115,50,48,23.411764
SUPER_6,20680000,131,5,10,146,60,71,6
SUPER_6,20690000,54,6,4,64,26,28,28.7
SUPER_6,20700000,20,1,3,24,8,12,73.25
SUPER_6,20710000,106,11,9,126,46,60,2.45
SUPER_6,20720000,59,2,4,65,29,30,4
SUPER_6,20730000,101,6,7,114,47,54,6.923077
SUPER_6,20740000,71,11,9,91,30,41,4.25
SUPER_6,20750000,165,7,16,188,93,72,9.521739
SUPER_6,20760000,102,11,6,119,49,53,8.705882
SUPER_6,20770000,117,6,9,132,55,62,3.2
SUPER_6,20780000,156,10,10,176,82,74,7.4
SUPER_6,20790000,136,12,11,159,74,62,7.2608695
SUPER_6,20800000,158,11,9,178,80,78,5.85
SUPER_6,20810000,121,12,8,141,66,55,8.45
SUPER_6,20820000,85,9,5,99,48,37,3.4285715
SUPER_6,20830000,19,3,3,25,8,11,8.666667
SUPER_6,20840000,17,3,4,24,8,9,2.7142856
SUPER_6,20850000,28,5,3,36,12,16,9.375
SUPER_6,20860000,45,1,4,50,16,29,33.2
SUPER_6,20870000,54,1,4,59,31,23,7.8
SUPER_6,20880000,58,5,5,68,31,27,2.4
SUPER_6,20890000,32,1,2,35,15,17,1.3333334
SUPER_6,20900000,48,6,2,56,29,19,7.375
SUPER_6,20910000,7,1,0,8,4,3,1
SUPER_6,20920000,4,0,0,4,3,1,NaN
SUPER_6,20930000,7,0,0,7,4,3,NaN
SUPER_6,20940000,4,0,0,4,1,3,NaN
SUPER_6,20950000,41,2,4,47,22,19,13.333333
SUPER_6,20960000,4,0,0,4,2,2,NaN
SUPER_6,20970000,1,0,0,1,0,1,NaN
SUPER_6,20980000,1,0,0,1,1,0,NaN
SUPER_6,20990000,9,2,3,14,1,8,4
SUPER_6,21000000,14,1,0,15,8,6,1
SUPER_6,21010000,29,4,2,35,15,14,6.6666665
SUPER_6,21020000,45,1,1,47,23,22,3.5
SUPER_6,21030000,71,6,8,85,31,40,23.142857
SUPER_6,21040000,75,4,7,86,37,38,2.1818182
SUPER_6,21050000,75,5,5,85,39,36,6.3
SUPER_6,21060000,69,6,6,81,38,31,26.666666
SUPER_6,21070000,20,4,1,25,15,5,3.8
SUPER_6,21080000,69,5,6,80,29,40,7.4545455
SUPER_6,21090000,1,2,1,4,1,0,5.3333335
SUPER_6,21100000,46,5,4,55,23,23,2.1111112
SUPER_6,21110000,112,8,10,130,53,59,18.277779
SUPER_6,21120000,39,2,5,46,19,20,4.428571
SUPER_6,21130000,39,5,7,51,20,19,24.916666
SUPER_6,21140000,78,4,6,88,42,36,3.8
SUPER_6,21150000,68,5,2,75,37,31,1.7142857
SUPER_6,21160000,106,10,7,123,49,57,9.117647
SUPER_6,21170000,88,4,7,99,44,44,12.636364
SUPER_6,21180000,5,2,0,7,2,3,4
SUPER_6,21190000,168,10,8,186,100,68,5.0555553
SUPER_6,21200000,140,14,13,167,72,68,4.5185184
SUPER_6,21210000,78,8,6,92,41,37,5.928571
SUPER_6,21220000,152,13,16,181,81,71,6.965517
SUPER_6,21230000,62,11,10,83,33,29,10.857142
SUPER_6,21240000,64,9,4,77,28,36,15.692307
SUPER_6,21250000,118,8,10,136,66,52,5.5555553
SUPER_6,21260000,141,12,9,162,82,59,13.523809
SUPER_6,21270000,69,3,4,76,35,34,13.571428
SUPER_6,21280000,153,8,12,173,71,82,9.15
SUPER_6,21290000,122,4,10,136,63,59,7.142857
SUPER_6,21300000,47,5,2,54,27,20,2.857143
SUPER_6,21310000,119,9,15,143,64,55,8.166667
SUPER_6,21320000,117,6,7,130,63,54,5.230769
SUPER_6,21330000,146,11,18,175,65,81,9.448276
SUPER_6,21340000,69,4,6,79,35,34,3.5
SUPER_6,21350000,55,4,8,67,34,21,6
SUPER_6,21360000,0,0,0,0,0,0,0
SUPER_6,21370000,0,0,0,0,0,0,0
SUPER_6,21380000,102,11,10,123,50,52,10.333333
SUPER_6,21390000,77,3,6,86,40,37,5.2222223
SUPER_6,21400000,87,6,3,96,39,48,3.1111112
SUPER_6,21410000,99,7,14,120,40,59,7.2380953
SUPER_6,21420000,58,7,5,70,24,34,2.75
SUPER_6,21430000,79,7,5,91,39,40,2.1666667
SUPER_6,21440000,128,14,12,154,74,54,7.6153846
SUPER_6,21450000,75,5,5,85,42,33,6
SUPER_6,21460000,73,5,2,80,49,24,11
SUPER_6,21470000,117,7,8,132,65,52,11.8
SUPER_6,21480000,50,4,4,58,25,25,9.5
SUPER_6,21490000,6,1,1,8,3,3,6.5
SUPER_6,21500000,7,3,0,10,5,2,1.3333334
SUPER_6,21510000,3,2,2,7,1,2,5.5
SUPER_6,21520000,1,1,1,3,0,1,3.5
SUPER_6,21530000,67,2,8,77,41,26,6.3
SUPER_6,21540000,134,5,11,150,72,62,9.0625
SUPER_6,21550000,18,2,1,21,9,9,3.3333333
SUPER_6,21560000,2,2,0,4,2,0,2
SUPER_6,21570000,0,0,0,0,0,0,0
SUPER_6,21580000,0,0,0,0,0,0,0
SUPER_6,21590000,2,0,0,2,2,0,NaN
SUPER_6,21600000,129,10,9,148,68,61,10.157895
SUPER_6,21610000,8,2,1,11,4,4,9.333333
SUPER_6,21620000,3,0,0,3,1,2,NaN
SUPER_6,21630000,2,0,0,2,0,2,NaN
SUPER_6,21640000,3,1,0,4,1,2,1
SUPER_6,21650000,3,2,0,5,2,1,1
SUPER_6,21660000,1,0,0,1,1,0,NaN
SUPER_6,21670000,2,0,0,2,2,0,NaN
SUPER_6,21680000,3,1,0,4,1,2,4
SUPER_6,21690000,2,0,0,2,0,2,NaN
SUPER_6,21700000,1,0,1,2,1,0,10
SUPER_6,21710000,86,5,9,100,42,44,21.428572
SUPER_6,21720000,27,3,4,34,17,10,12.571428
SUPER_6,21730000,71,11,4,86,33,38,6.2
SUPER_6,21740000,98,4,8,110,61,37,5.6666665
SUPER_6,21750000,108,9,6,123,61,47,5.8
SUPER_6,21760000,100,2,5,107,50,50,37
SUPER_6,21770000,107,4,9,120,46,61,9
SUPER_6,21780000,74,7,7,88,44,30,20.571428
SUPER_6,21790000,46,6,4,56,22,24,2.4
SUPER_6,21800000,168,6,7,181,101,67,6.6153846
SUPER_6,21810000,122,13,2,137,56,66,3.8666666
SUPER_6,21820000,139,11,14,164,71,68,7.2
SUPER_6,21830000,66,3,14,83,33,33,9.764706
SUPER_6,21840000,74,6,2,82,44,30,6.625
SUPER_6,21850000,97,12,10,119,43,54,4.7727275
SUPER_6,21860000,22,2,5,29,10,12,18.285715
SUPER_6,21870000,1,1,0,2,1,0,1
SUPER_6,21880000,85,5,4,94,45,40,53
SUPER_6,21890000,37,5,5,47,23,14,6.1
SUPER_6,21900000,106,14,8,128,50,56,5.3636365
SUPER_6,21910000,53,7,2,62,26,27,6.3333335
SUPER_6,21920000,90,9,7,106,38,52,5.3125
SUPER_6,21930000,77,6,2,85,40,37,6.875
SUPER_6,21940000,63,6,7,76,29,34,17.615385
SUPER_6,21950000,139,10,9,158,83,56,10.315789
SUPER_6,21960000,41,1,6,48,23,18,14.285714
SUPER_6,21970000,23,1,0,24,15,8,25
SUPER_6,21980000,2,0,0,2,1,1,NaN
SUPER_6,21990000,122,5,10,137,67,55,17.733334
SUPER_6,22000000,141,8,12,161,74,67,6
SUPER_6,22010000,69,1,2,72,33,36,3.3333333
SUPER_6,22020000,8,0,0,8,5,3,NaN
SUPER_6,22030000,4,0,0,4,1,3,NaN
SUPER_6,22040000,75,6,6,87,36,39,5.75
SUPER_6,22050000,2,0,0,2,1,1,NaN
SUPER_6,22060000,103,5,8,116,52,51,7.076923
SUPER_6,22070000,143,10,9,162,67,76,19.631578
SUPER_6,22080000,71,9,4,84,36,35,7.8461537
SUPER_6,22090000,1,0,0,1,0,1,NaN
SUPER_6,22100000,6,0,2,8,1,5,17
SUPER_6,22110000,2,1,0,3,1,1,1
SUPER_6,22120000,140,11,17,168,56,84,4.178571
SUPER_6,22130000,25,0,1,26,17,8,1
SUPER_6,22140000,45,5,4,54,21,24,2.4444444
SUPER_6,22150000,77,3,4,84,30,47,8.285714
SUPER_6,22160000,105,12,11,128,46,59,6.826087
SUPER_6,22170000,53,5,6,64,29,24,14.636364
SUPER_6,22180000,77,8,8,93,44,33,6.0625
SUPER_6,22190000,78,5,2,85,44,34,7.285714
SUPER_6,22200000,1,0,0,1,1,0,NaN
SUPER_6,22210000,17,1,1,19,10,7,70
SUPER_6,22220000,59,6,11,76,33,26,11.588235
SUPER_6,22230000,76,9,4,89,39,37,2.3076923
SUPER_6,22240000,123,16,9,148,65,58,6.68
SUPER_6,22250000,112,7,11,130,69,43,11.666667
SUPER_6,22260000,111,10,6,127,48,63,9.4375
SUPER_6,22270000,81,7,10,98,40,41,12.058824
SUPER_6,22280000,2,0,0,2,1,1,NaN
SUPER_6,22290000,3,0,0,3,0,3,NaN
SUPER_6,22300000,1,0,0,1,0,1,NaN
SUPER_6,22310000,2,0,1,3,1,1,2
SUPER_6,22320000,1,1,0,2,1,0,2
SUPER_6,22330000,1,0,0,1,1,0,NaN
SUPER_6,22340000,6,0,2,8,1,5,5
SUPER_6,22350000,40,2,2,44,22,18,8
SUPER_6,22360000,127,12,10,149,68,59,9.590909
SUPER_6,22370000,89,2,6,97,47,42,3.75
SUPER_6,22380000,181,7,9,197,97,84,4.25
SUPER_6,22390000,73,7,6,86,30,43,5.1538463
SUPER_6,22400000,74,8,8,90,42,32,7.625
SUPER_6,22410000,37,2,7,46,25,12,58.11111
SUPER_6,22420000,77,6,6,89,34,43,35.666668
SUPER_6,22430000,43,2,2,47,16,27,1.75
SUPER_6,22440000,91,4,6,101,50,41,24.1
SUPER_6,22450000,107,9,6,122,43,64,7.733333
SUPER_6,22460000,74,4,4,82,37,37,3.25
SUPER_6,22470000,139,13,7,159,62,77,3.65
SUPER_6,22480000,128,10,11,149,62,66,9.857142
SUPER_6,22490000,102,11,10,123,55,47,16.428572
SUPER_6,22500000,20,2,3,25,6,14,25.8
SUPER_6,22510000,5,1,2,8,3,2,5.6666665
SUPER_6,22520000,44,4,2,50,25,19,34.333332
SUPER_6,22530000,1,0,0,1,1,0,NaN
SUPER_6,22540000,5,2,0,7,3,2,8.5
SUPER_6,22550000,6,0,1,7,3,3,5
SUPER_6,22560000,17,2,0,19,10,7,4
SUPER_6,22570000,30,2,2,34,16,14,2.25
SUPER_6,22580000,28,3,6,37,14,14,7.4444447
SUPER_6,22590000,84,7,4,95,47,37,3.2727273
SUPER_6,22600000,200,20,7,227,104,96,5.4444447
SUPER_6,22610000,131,14,11,156,53,78,6
SUPER_6,22620000,23,1,0,24,12,11,18
SUPER_6,22630000,2,1,1,4,0,2,1
SUPER_6,22640000,69,4,1,74,44,25,6.6
SUPER_6,22650000,129,7,8,144,73,56,6.4666667
SUPER_6,22660000,3,0,0,3,3,0,NaN
SUPER_6,22670000,1,0,1,2,0,1,2
SUPER_6,22680000,4,0,1,5,3,1,1
SUPER_6,22690000,2,0,0,2,2,0,NaN
SUPER_6,22700000,4,0,0,4,1,3,NaN
SUPER_6,22710000,12,1,2,15,6,6,1.3333334
SUPER_6,22720000,78,3,8,89,35,43,7.2727275
SUPER_6,22730000,74,3,6,83,41,33,1.4444444
SUPER_6,22740000,77,8,5,90,37,40,7.5384617
SUPER_6,22750000,61,4,5,70,33,28,10
SUPER_6,22760000,224,15,19,258,107,117,6.9411764
SUPER_6,22770000,119,7,4,130,62,57,5.909091
SUPER_6,22780000,86,6,1,93,54,32,5.285714
SUPER_6,22790000,138,6,8,152,75,63,16.071428
SUPER_6,22800000,151,13,14,178,79,72,4.3333335
SUPER_6,22810000,126,7,6,139,70,56,7.1538463
SUPER_6,22820000,2,1,0,3,1,1,6
SUPER_6,22830000,1,0,0,1,1,0,NaN
SUPER_6,22840000,3,0,0,3,3,0,NaN
SUPER_6,22850000,4,1,2,7,2,2,3.3333333
SUPER_6,22860000,15,0,1,16,10,5,7
SUPER_6,22870000,142,9,12,163,64,78,4.714286
SUPER_6,22880000,212,9,10,231,105,107,2.1052632
SUPER_6,22890000,46,4,2,52,25,21,1.3333334
SUPER_6,22900000,112,5,11,128,58,54,5.25
SUPER_6,22910000,201,16,18,235,106,95,6.852941
SUPER_6,22920000,117,7,10,134,58,59,4.2941175
SUPER_6,22930000,144,6,8,158,70,74,4.285714
SUPER_6,22940000,90,13,5,108,47,43,10.444445
SUPER_6,22950000,204,12,14,230,104,100,5.5384617
SUPER_6,22960000,113,11,10,134,61,52,3.3809524
SUPER_6,22970000,70,4,5,79,37,33,18.666666
SUPER_6,22980000,197,8,9,214,102,95,9.294118
SUPER_6,22990000,186,12,14,212,88,98,3.1923077
SUPER_6,23000000,133,20,17,170,67,66,4
SUPER_6,23010000,123,4,9,136,60,63,4.3076925
SUPER_6,23020000,32,1,1,34,15,17,3.5
SUPER_6,23030000,176,9,6,191,82,94,8.666667
SUPER_6,23040000,129,7,12,148,68,61,16.631578
SUPER_6,23050000,167,4,9,180,89,78,22.153847
SUPER_6,23060000,2,0,0,2,1,1,NaN
SUPER_6,23070000,2,0,0,2,1,1,NaN
SUPER_6,23080000,3,0,0,3,2,1,NaN
SUPER_6,23090000,0,0,1,1,0,0,1
SUPER_6,23100000,1,0,0,1,1,0,NaN
SUPER_6,23110000,6,0,1,7,2,4,2
SUPER_6,23120000,2,1,0,3,2,0,1
SUPER_6,23130000,3,1,0,4,2,1,2
SUPER_6,23140000,2,0,0,2,2,0,NaN
SUPER_6,23150000,8,0,0,8,4,4,NaN
SUPER_6,23160000,1,0,1,2,0,1,1
SUPER_6,23170000,4,3,1,8,0,4,11.25
SUPER_6,23180000,2,0,2,4,1,1,2.5
SUPER_6,23190000,9,0,2,11,6,3,2
SUPER_6,23200000,107,11,8,126,53,54,6
SUPER_6,23210000,97,10,8,115,50,47,55.666668
SUPER_6,23220000,155,9,14,178,86,69,3.0869565
SUPER_6,23230000,174,20,16,210,93,81,18.444445
SUPER_6,23240000,184,11,16,211,97,87,28.444445
SUPER_6,23250000,116,5,5,126,72,44,1.7
SUPER_6,23260000,134,11,7,152,67,67,3.3888888
SUPER_6,23270000,99,7,9,115,44,55,6.4375
SUPER_6,23280000,44,2,3,49,20,24,1.4
SUPER_6,23290000,90,2,7,99,40,50,6
SUPER_6,23300000,64,5,9,78,40,24,9.642858
SUPER_6,23310000,64,2,4,70,33,31,4.1666665
SUPER_6,23320000,95,7,7,109,44,51,5.642857
SUPER_6,23330000,168,16,15,199,88,80,6.935484
SUPER_6,23340000,68,6,4,78,33,35,7.8
SUPER_6,23350000,46,2,3,51,22,24,2.4
SUPER_6,23360000,60,5,2,67,27,33,8.285714
SUPER_6,23370000,12,0,0,12,6,6,NaN
SUPER_6,23380000,1,0,1,2,1,0,1
SUPER_6,23390000,1,1,0,2,0,1,1
SUPER_6,23400000,14,2,0,16,5,9,4.5
SUPER_6,23410000,128,6,9,143,54,74,7
SUPER_6,23420000,95,6,6,107,43,52,6.1666665
SUPER_6,23430000,9,1,0,10,6,3,12
SUPER_6,23440000,139,8,11,158,79,60,4.4210525
SUPER_6,23450000,186,8,12,206,88,98,3.75
SUPER_6,23460000,85,4,5,94,53,32,8.222222
SUPER_6,23470000,50,3,8,61,20,30,24.545454
SUPER_6,23480000,3,1,0,4,1,2,9
SUPER_6,23490000,3,0,0,3,3,0,NaN
SUPER_6,23500000,47,7,2,56,25,22,3.3333333
SUPER_6,23510000,212,7,14,233,122,90,17.857143
SUPER_6,23520000,200,13,14,227,103,97,7.185185
SUPER_6,23530000,29,4,4,37,12,17,7.75
SUPER_6,23540000,22,5,3,30,8,14,7.5
SUPER_6,23550000,10,0,0,10,6,4,NaN
SUPER_6,23560000,10,0,1,11,4,6,1
SUPER_6,23570000,65,7,11,83,32,33,5.6666665
SUPER_6,23580000,50,7,8,65,27,23,6
SUPER_6,23590000,151,10,12,173,69,82,6.318182
SUPER_6,23600000,162,12,8,182,81,81,4.95
SUPER_6,23610000,31,5,8,44,15,16,3.6923077
SUPER_6,23620000,46,5,3,54,21,25,4
SUPER_6,23630000,194,16,16,226,101,93,12.3125
SUPER_6,23640000,108,11,8,127,60,48,6.6842103
SUPER_6,23650000,74,9,2,85,42,32,7.090909
SUPER_6,23660000,122,6,20,148,56,66,8.384615
SUPER_6,23670000,91,4,1,96,41,50,1.6
SUPER_6,23680000,129,10,17,156,56,73,5.851852
SUPER_6,23690000,111,7,9,127,52,59,7.875
SUPER_6,23700000,0,0,0,0,0,0,0
SUPER_6,23710000,0,0,0,0,0,0,0
SUPER_6,23720000,0,0,0,0,0,0,0
SUPER_6,23730000,0,0,0,0,0,0,0
SUPER_6,23740000,0,0,0,0,0,0,0
SUPER_6,23750000,145,11,12,168,68,77,8.956522
SUPER_6,23760000,120,8,8,136,71,49,8.75
SUPER_6,23770000,48,1,6,55,25,23,2
SUPER_6,23780000,7,0,1,8,0,7,1
SUPER_6,23790000,1,0,0,1,1,0,NaN
SUPER_6,23800000,3,0,2,5,0,3,1
SUPER_6,23810000,1,0,0,1,0,1,NaN
SUPER_6,23820000,1,0,0,1,1,0,NaN
SUPER_6,23830000,64,8,2,74,36,28,8.7
SUPER_6,23840000,46,5,4,55,28,18,11.777778
SUPER_6,23850000,160,13,13,186,88,72,8.461538
SUPER_6,23860000,164,8,14,186,85,79,4.181818
SUPER_6,23870000,89,9,13,111,47,42,22.954546
SUPER_6,23880000,37,2,0,39,15,22,8
SUPER_6,23890000,117,14,9,140,60,57,13.130435
SUPER_6,23900000,114,7,7,128,54,60,8.357142
SUPER_6,23910000,70,7,6,83,37,33,8.384615
SUPER_6,23920000,152,13,11,176,71,81,3.5
SUPER_6,23930000,146,9,5,160,81,65,3.2857144
SUPER_6,23940000,86,9,7,102,40,46,9.6875
SUPER_6,23950000,35,5,2,42,17,18,9.571428
SUPER_6,23960000,146,12,16,174,68,78,6.285714
SUPER_6,23970000,63,5,4,72,29,34,15
SUPER_6,23980000,142,9,15,166,70,72,25.666666
SUPER_6,23990000,128,13,9,150,74,54,3.1363637
SUPER_6,24000000,94,9,9,112,59,35,6.2777777
SUPER_6,24010000,98,8,6,112,49,49,6.857143
SUPER_6,24020000,62,1,10,73,26,36,3.2727273
SUPER_6,24030000,132,11,8,151,73,59,6.105263
SUPER_6,24040000,49,3,2,54,19,30,5.4
SUPER_6,24050000,101,9,5,115,46,55,7.642857
SUPER_6,24060000,117,5,15,137,63,54,54.85
SUPER_6,24070000,68,8,6,82,27,41,4.428571
SUPER_6,24080000,30,3,2,35,16,14,5.2
SUPER_6,24090000,125,11,9,145,61,64,35.35
SUPER_6,24100000,85,8,3,96,41,44,12.454545
SUPER_6,24110000,116,12,13,141,49,67,8.36
SUPER_6,24120000,180,12,20,212,85,95,4.9375
SUPER_6,24130000,147,16,16,179,69,78,2.46875
SUPER_6,24140000,151,10,19,180,63,88,16.965517
SUPER_6,24150000,117,7,11,135,65,52,4.611111
SUPER_6,24160000,114,7,11,132,51,63,10.222222
SUPER_6,24170000,172,18,13,203,83,89,11.451612
SUPER_6,24180000,161,20,11,192,79,82,3.7741935
SUPER_6,24190000,114,11,11,136,49,65,5.909091
SUPER_6,24200000,85,12,7,104,36,49,6.4736843
SUPER_6,24210000,110,8,17,135,56,54,8.52
SUPER_6,24220000,209,22,17,248,104,105,16.820513
SUPER_6,24230000,129,11,13,153,59,70,12.833333
SUPER_6,24240000,171,21,12,204,83,88,7.6363635
SUPER_6,24250000,115,13,13,141,56,59,4.8461537
SUPER_6,24260000,171,10,12,193,82,89,12.363636
SUPER_6,24270000,99,8,4,111,55,44,35.166668
SUPER_6,24280000,131,6,8,145,67,64,3.357143
SUPER_6,24290000,27,2,2,31,16,11,18.25
SUPER_6,24300000,89,6,7,102,42,47,4
SUPER_6,24310000,122,16,13,151,62,60,5.275862
SUPER_6,24320000,110,5,10,125,45,65,4.4666667
SUPER_6,24330000,154,8,13,175,87,67,5.1904764
SUPER_6,24340000,124,7,12,143,66,58,7.7894735
SUPER_6,24350000,54,6,7,67,21,33,6.3846154
SUPER_6,24360000,1,0,0,1,0,1,NaN
SUPER_6,24370000,16,0,1,17,8,8,8
SUPER_6,24380000,51,4,4,59,21,30,5.125
SUPER_6,24390000,2,0,1,3,1,1,1
SUPER_6,24400000,0,0,0,0,0,0,0
SUPER_6,24410000,0,0,0,0,0,0,0
SUPER_6,24420000,3,0,1,4,0,3,3
SUPER_6,24430000,9,1,0,10,8,1,2
SUPER_6,24440000,12,2,2,16,2,10,26.5
SUPER_6,24450000,104,7,7,118,47,57,10.285714
SUPER_6,24460000,81,5,3,89,36,45,11
SUPER_6,24470000,74,6,5,85,47,27,7
SUPER_6,24480000,0,0,0,0,0,0,0
SUPER_6,24490000,0,0,0,0,0,0,0
SUPER_6,24500000,11,1,0,12,5,6,1
SUPER_6,24510000,4,0,0,4,0,4,NaN
SUPER_6,24520000,25,1,3,29,9,16,2.75
SUPER_6,24530000,74,5,4,83,32,42,6.5555553
SUPER_6,24540000,154,8,10,172,78,76,17.38889
SUPER_6,24550000,19,1,0,20,10,9,19
SUPER_6,24560000,1,1,0,2,1,0,28
SUPER_6,24570000,60,6,7,73,29,31,7.3076925
SUPER_6,24580000,106,5,9,120,55,51,6.142857
SUPER_6,24590000,208,13,13,234,102,106,3.9230769
SUPER_6,24600000,168,8,12,188,89,79,5.25
SUPER_6,24610000,65,3,2,70,40,25,3.4
SUPER_6,24620000,82,5,7,94,45,37,11.916667
SUPER_6,24630000,18,1,0,19,8,10,2
SUPER_6,24640000,72,5,10,87,33,39,5
SUPER_6,24650000,105,6,5,116,63,42,5.7272725
SUPER_6,24660000,162,7,9,178,83,79,5
SUPER_6,24670000,192,10,18,220,96,96,21.678572
SUPER_6,24680000,21,1,2,24,12,9,3.3333333
SUPER_6,24690000,74,5,4,83,37,37,5.111111
SUPER_6,24700000,8,0,0,8,3,5,NaN
SUPER_6,24710000,31,2,1,34,16,15,3
SUPER_6,24720000,129,3,5,137,65,64,4.75
SUPER_6,24730000,55,1,4,60,29,26,4.2
SUPER_6,24740000,120,13,9,142,61,59,11.909091
SUPER_6,24750000,90,6,7,103,49,41,7.6923075
SUPER_6,24760000,191,12,10,213,114,77,7.590909
SUPER_6,24770000,142,3,5,150,64,78,8.875
SUPER_6,24780000,111,4,10,125,52,59,3.9285715
SUPER_6,24790000,55,2,3,60,30,25,9.8
SUPER_6,24800000,36,4,3,43,18,18,2.857143
SUPER_6,24810000,32,5,0,37,19,13,3.6
SUPER_6,24820000,1,1,0,2,0,1,1
SUPER_6,24830000,2,0,0,2,1,1,NaN
SUPER_6,24840000,69,3,6,78,35,34,9.111111
SUPER_6,24850000,91,7,4,102,54,37,5
SUPER_6,24860000,1,1,0,2,1,0,4
SUPER_6,24870000,0,0,0,0,0,0,0
SUPER_6,24880000,0,0,0,0,0,0,0
SUPER_6,24890000,118,4,4,126,58,60,3.5
SUPER_6,24900000,138,6,9,153,72,66,5.266667
SUPER_6,24910000,111,6,4,121,62,49,3.3
SUPER_6,24920000,124,5,9,138,70,54,7.571429
SUPER_6,24930000,47,4,1,52,29,18,2.8
SUPER_6,24940000,3,1,0,4,2,1,1
SUPER_6,24950000,0,1,0,1,0,0,52
SUPER_6,24960000,3,0,0,3,3,0,NaN
SUPER_6,24970000,1,0,0,1,1,0,NaN
SUPER_6,24980000,10,0,2,12,6,4,2.5
SUPER_6,24990000,5,1,2,8,2,3,7.3333335
SUPER_6,25000000,1,0,1,2,1,0,2
SUPER_6,25010000,2,2,0,4,2,0,8.5
SUPER_6,25020000,2,0,0,2,1,1,NaN
SUPER_6,25030000,4,0,0,4,3,1,NaN
SUPER_6,25040000,3,2,0,5,1,2,5
SUPER_6,25050000,3,0,0,3,1,2,NaN
SUPER_6,25060000,7,0,0,7,3,4,NaN
SUPER_6,25070000,97,5,4,106,50,47,3.6666667
SUPER_6,25080000,108,1,7,116,63,45,6.375
SUPER_6,25090000,49,3,5,57,23,26,156.5
SUPER_6,25100000,13,0,3,16,10,3,21.333334
SUPER_6,25110000,48,5,8,61,20,28,4.4615383
SUPER_6,25120000,273,20,15,308,133,140,5.0857143
SUPER_6,25130000,178,14,4,196,101,77,6.2222223
SUPER_6,25140000,108,10,11,129,52,56,25.285715
SUPER_6,25150000,23,2,5,30,11,12,19.142857
SUPER_6,25160000,84,5,4,93,41,43,5.888889
SUPER_6,25170000,4,1,2,7,2,2,11
SUPER_6,25180000,4,0,1,5,2,2,12
SUPER_6,25190000,5,1,0,6,3,2,1
SUPER_6,25200000,2,0,0,2,1,1,NaN
SUPER_6,25210000,2,1,0,3,2,0,1
SUPER_6,25220000,4,2,0,6,2,2,6.5
SUPER_6,25230000,3,0,2,5,2,1,1.5
SUPER_6,25240000,1,0,1,2,0,1,1
SUPER_6,25250000,11,0,1,12,5,6,3
SUPER_6,25260000,43,4,3,50,26,17,14.714286
SUPER_6,25270000,125,7,8,140,67,58,5.6
SUPER_6,25280000,128,13,5,146,76,52,10.111111
SUPER_6,25290000,49,6,2,57,27,22,5.625
SUPER_6,25300000,49,4,3,56,21,28,5.428571
SUPER_6,25310000,60,5,7,72,27,33,17.25
SUPER_6,25320000,102,12,7,121,52,50,4.4210525
SUPER_6,25330000,100,5,10,115,51,49,24.6
SUPER_6,25340000,82,5,2,89,39,43,4.285714
SUPER_6,25350000,24,2,4,30,8,16,4.1666665
SUPER_6,25360000,78,4,6,88,45,33,5.7
SUPER_6,25370000,7,2,1,10,5,2,1.3333334
SUPER_6,25380000,6,0,0,6,3,3,NaN
SUPER_6,25390000,8,2,1,11,4,4,9.666667
SUPER_6,25400000,4,0,0,4,2,2,NaN
SUPER_6,25410000,143,10,14,167,68,75,8.708333
SUPER_6,25420000,70,4,3,77,41,29,23.428572
SUPER_6,25430000,181,16,13,210,104,77,11.724138
SUPER_6,25440000,144,13,7,164,68,76,5.25
SUPER_6,25450000,82,7,7,96,41,41,3.4285715
SUPER_6,25460000,241,17,13,271,127,114,4.3
SUPER_6,25470000,111,8,9,128,58,53,7.117647
SUPER_6,25480000,72,2,3,77,40,32,7.2
SUPER_6,25490000,53,3,7,63,27,26,6.8
SUPER_6,25500000,48,7,4,59,33,15,3.1818182
SUPER_6,25510000,14,0,0,14,10,4,NaN
SUPER_6,25520000,15,1,3,19,12,3,11
SUPER_6,25530000,39,6,4,49,17,22,7.3
SUPER_6,25540000,10,1,0,11,7,3,1
SUPER_6,25550000,60,1,6,67,33,27,7.571429
SUPER_6,25560000,178,5,15,198,94,84,2.6
SUPER_6,25570000,27,1,2,30,16,11,8.333333
SUPER_6,25580000,90,3,5,98,48,42,6.25
SUPER_6,25590000,8,0,1,9,7,1,1
SUPER_6,25600000,3,0,0,3,1,2,NaN
SUPER_6,25610000,2,0,0,2,2,0,NaN
SUPER_6,25620000,4,1,0,5,3,1,8
SUPER_6,25630000,3,0,0,3,3,0,NaN
SUPER_6,25640000,2,0,1,3,2,0,2
SUPER_6,25650000,25,3,3,31,10,15,4
SUPER_6,25660000,9,1,2,12,5,4,1
SUPER_6,25670000,86,7,6,99,41,45,9
SUPER_6,25680000,33,0,3,36,17,16,3.3333333
SUPER_6,25690000,6,0,0,6,5,1,NaN
SUPER_6,25700000,9,0,0,9,5,4,NaN
SUPER_6,25710000,11,0,0,11,7,4,NaN
SUPER_6,25720000,79,6,6,91,38,41,6.3333335
SUPER_6,25730000,59,7,7,73,33,26,5.5
SUPER_6,25740000,2,3,0,5,1,1,2.6666667
SUPER_6,25750000,12,4,0,16,8,4,7.5
SUPER_6,25760000,22,3,3,28,10,12,3.6666667
SUPER_6,25770000,3,0,1,4,2,1,375
SUPER_6,25780000,2,0,0,2,1,1,NaN
SUPER_6,25790000,3,0,0,3,1,2,NaN
SUPER_6,25800000,0,0,0,0,0,0,0
SUPER_6,25810000,0,0,0,0,0,0,0
SUPER_6,25820000,145,9,14,168,81,64,19.043478
SUPER_6,25830000,59,8,3,70,34,25,13.545455
SUPER_6,25840000,55,3,3,61,33,22,4.1666665
SUPER_6,25850000,114,9,9,132,56,58,15.111111
SUPER_6,25860000,80,3,5,88,42,38,173.875
SUPER_6,25870000,93,2,3,98,51,42,9
SUPER_6,25880000,36,2,1,39,21,15,19.666666
SUPER_6,25890000,179,11,15,205,83,96,9.807693
SUPER_6,25900000,139,10,14,163,66,73,5.75
SUPER_6,25910000,0,0,0,0,0,0,0
SUPER_6,25920000,0,0,0,0,0,0,0
SUPER_6,25930000,0,0,0,0,0,0,0
SUPER_6,25940000,0,0,0,0,0,0,0
SUPER_6,25950000,0,0,0,0,0,0,0
SUPER_6,25960000,0,0,0,0,0,0,0
SUPER_6,25970000,0,0,0,0,0,0,0
SUPER_6,25980000,290,15,18,323,156,134,36.484848
SUPER_6,25990000,208,12,12,232,111,97,10.583333
SUPER_6,26000000,0,0,0,0,0,0,0
SUPER_6,26010000,0,0,0,0,0,0,0
SUPER_6,26020000,283,16,25,324,139,144,26.195122
SUPER_6,26030000,135,3,7,145,67,68,9.6
SUPER_6,26040000,131,5,12,148,73,58,6.7058825
SUPER_6,26050000,209,14,15,238,109,100,8.931034
SUPER_6,26060000,153,7,7,167,79,74,6.071429
SUPER_6,26070000,153,11,5,169,81,72,6.625
SUPER_6,26080000,120,9,6,135,63,57,2.4666667
SUPER_6,26090000,67,4,1,72,42,25,4.4
SUPER_6,26100000,135,13,10,158,74,61,10.826087
SUPER_6,26110000,0,0,0,0,0,0,0
SUPER_6,26120000,0,0,0,0,0,0,0
SUPER_6,26130000,0,0,0,0,0,0,0
SUPER_6,26140000,188,11,18,217,109,79,10.551724
SUPER_6,26150000,93,3,7,103,50,43,9.6
SUPER_6,26160000,58,4,9,71,30,28,11.692307
SUPER_6,26170000,40,3,1,44,22,18,2
SUPER_6,26180000,0,0,0,0,0,0,0
SUPER_6,26190000,0,0,0,0,0,0,0
SUPER_6,26200000,216,12,11,239,112,104,6
SUPER_6,26210000,79,5,3,87,32,47,7.875
SUPER_6,26220000,32,2,0,34,21,11,3
SUPER_6,26230000,52,5,5,62,29,23,4.1
SUPER_6,26240000,63,4,8,75,34,29,32.333332
SUPER_6,26250000,113,5,5,123,58,55,9.1
SUPER_6,26260000,71,4,8,83,42,29,3.75
SUPER_6,26270000,184,9,14,207,88,96,20.130434
SUPER_6,26280000,137,9,12,158,71,66,4.6190476
SUPER_6,26290000,247,14,19,280,122,125,7.2727275
SUPER_6,26300000,148,9,14,171,81,67,7.0869565
SUPER_6,26310000,122,9,2,133,77,45,7.7272725
SUPER_6,26320000,25,7,2,34,13,12,2.4444444
SUPER_6,26330000,41,0,3,44,26,15,40.666668
SUPER_6,26340000,5,2,1,8,2,3,8.666667
SUPER_6,26350000,7,1,1,9,5,2,8.5
SUPER_6,26360000,12,0,2,14,5,7,2
SUPER_6,26370000,57,7,5,69,28,29,4.5833335
SUPER_6,26380000,47,10,4,61,17,30,3.2142856
SUPER_6,26390000,76,5,8,89,30,46,3.3076923
SUPER_6,26400000,74,4,5,83,40,34,8.222222
SUPER_6,26410000,45,3,1,49,20,25,11.25
SUPER_6,26420000,58,3,4,65,28,30,7.857143
SUPER_6,26430000,36,3,1,40,18,18,2.5
SUPER_6,26440000,47,4,3,54,26,21,8.142858
SUPER_6,26450000,107,6,15,128,59,48,13
SUPER_6,26460000,86,5,5,96,47,39,8.6
SUPER_6,26470000,160,6,12,178,77,83,4.8333335
SUPER_6,26480000,81,1,6,88,39,42,4.285714
SUPER_6,26490000,79,12,2,93,42,37,47.57143
SUPER_6,26500000,57,2,6,65,26,31,3.375
SUPER_6,26510000,118,7,12,137,68,50,6
SUPER_6,26520000,37,3,0,40,19,18,4.6666665
SUPER_6,26530000,116,7,6,129,59,57,5.230769
SUPER_6,26540000,103,8,6,117,57,46,7.214286
SUPER_6,26550000,154,6,4,164,81,73,10.3
SUPER_6,26560000,109,5,7,121,68,41,8.25
SUPER_6,26570000,109,7,10,126,63,46,11.470589
SUPER_6,26580000,141,9,14,164,71,70,5.9565215
SUPER_6,26590000,110,6,3,119,59,51,6.4444447
SUPER_6,26600000,65,3,1,69,40,25,3.75
SUPER_6,26610000,89,0,2,91,47,42,5
SUPER_6,26620000,59,5,3,67,35,24,3.375
SUPER_6,26630000,108,8,7,123,63,45,5.0666666
SUPER_6,26640000,76,8,6,90,35,41,36.285713
SUPER_6,26650000,116,6,10,132,58,58,10.9375
SUPER_6,26660000,65,3,7,75,34,31,12.8
SUPER_6,26670000,167,13,12,192,91,76,4.48
SUPER_6,26680000,220,9,12,241,119,101,7.6190476
SUPER_6,26690000,0,0,0,0,0,0,0
SUPER_6,26700000,0,0,0,0,0,0,0
SUPER_6,26710000,61,3,7,71,25,36,2
SUPER_6,26720000,2,1,1,4,1,1,1.5
SUPER_6,26730000,6,0,2,8,2,4,7
SUPER_6,26740000,1,0,1,2,1,0,1
SUPER_6,26750000,1,0,0,1,1,0,NaN
SUPER_6,26760000,4,0,0,4,2,2,NaN
SUPER_6,26770000,72,6,6,84,31,41,26.333334
SUPER_6,26780000,71,9,6,86,38,33,9.6
SUPER_6,26790000,48,5,2,55,24,24,9.428572
SUPER_6,26800000,91,4,6,101,48,43,9.4
SUPER_6,26810000,34,0,2,36,19,15,5.5
SUPER_6,26820000,0,0,0,0,0,0,0
SUPER_6,26830000,0,0,0,0,0,0,0
SUPER_6,26840000,167,10,8,185,85,82,12.555555
SUPER_6,26850000,141,10,6,157,69,72,12.875
SUPER_6,26860000,142,9,6,157,65,77,23.533333
SUPER_6,26870000,104,7,4,115,62,42,12.909091
SUPER_6,26880000,93,4,3,100,48,45,17.714285
SUPER_6,26890000,157,12,10,179,90,67,5.2272725
SUPER_6,26900000,55,2,2,59,26,29,4.75
SUPER_6,26910000,119,10,11,140,68,51,14.523809
SUPER_6,26920000,103,6,8,117,65,38,10.428572
SUPER_6,26930000,25,2,5,32,13,12,3.857143
SUPER_6,26940000,92,8,10,110,51,41,4.611111
SUPER_6,26950000,99,3,9,111,58,41,8.333333
SUPER_6,26960000,102,8,4,114,54,48,3.4166667
SUPER_6,26970000,174,5,8,187,86,88,3.8461537
SUPER_6,26980000,67,2,7,76,30,37,7.5555553
SUPER_6,26990000,34,2,4,40,21,13,2.8333333
SUPER_6,27000000,162,10,4,176,94,68,21.285715
SUPER_6,27010000,9,1,0,10,6,3,2
SUPER_6,27020000,23,0,1,24,13,10,2
SUPER_6,27030000,34,2,3,39,17,17,8.8
SUPER_6,27040000,110,5,7,122,70,40,4.0833335
SUPER_6,27050000,79,7,4,90,41,38,7.5454545
SUPER_6,27060000,168,12,20,200,85,83,9.03125
SUPER_6,27070000,60,6,3,69,31,29,9.888889
SUPER_6,27080000,2,0,1,3,1,1,4
SUPER_6,27090000,44,5,1,50,26,18,10.5
SUPER_6,27100000,93,9,9,111,57,36,8.222222
SUPER_6,27110000,137,12,8,157,75,62,5.75
SUPER_6,27120000,136,8,8,152,69,67,18
SUPER_6,27130000,5,0,1,6,2,3,5
SUPER_6,27140000,11,4,1,16,8,3,12.6
SUPER_6,27150000,35,4,1,40,19,16,4.2
SUPER_6,27160000,64,8,5,77,34,30,19.692308
SUPER_6,27170000,34,3,2,39,21,13,2.4
SUPER_6,27180000,68,5,1,74,29,39,8.666667
SUPER_6,27190000,55,1,3,59,26,29,24
SUPER_6,27200000,20,1,4,25,6,14,3.8
SUPER_6,27210000,85,2,5,92,44,41,16.428572
SUPER_6,27220000,0,0,0,0,0,0,0
SUPER_6,27230000,0,0,0,0,0,0,0
SUPER_6,27240000,158,18,16,192,69,89,4.470588
SUPER_6,27250000,92,8,10,110,45,47,14.055555
SUPER_6,27260000,141,15,11,167,78,63,7.3846154
SUPER_6,27270000,141,11,13,165,69,72,5.75
SUPER_6,27280000,4,1,1,6,1,3,1
SUPER_6,27290000,1,1,0,2,1,0,3
SUPER_6,27300000,50,3,6,59,25,25,2.4444444
SUPER_6,27310000,118,8,15,141,65,53,9.869565
SUPER_6,27320000,116,10,8,134,53,63,6.7777777
SUPER_6,27330000,59,6,3,68,38,21,2.8888888
SUPER_6,27340000,114,12,8,134,54,60,9.25
SUPER_6,27350000,74,7,7,88,32,42,3.5714285
SUPER_6,27360000,115,10,6,131,60,55,9.4375
SUPER_6,27370000,63,7,3,73,36,27,4.2
SUPER_6,27380000,37,3,3,43,16,21,4.6666665
SUPER_6,27390000,44,3,2,49,19,25,4.6
SUPER_6,27400000,133,10,7,150,60,73,7.2941175
SUPER_6,27410000,0,0,0,0,0,0,0
SUPER_6,27420000,0,0,0,0,0,0,0
SUPER_6,27430000,201,11,11,223,106,95,6.5
SUPER_6,27440000,70,5,3,78,35,35,4.625
SUPER_6,27450000,39,3,2,44,27,12,35
SUPER_6,27460000,113,7,10,130,56,57,4.8235292
SUPER_6,27470000,121,10,13,144,63,58,10.565217
SUPER_6,27480000,15,0,2,17,6,9,7
SUPER_6,27490000,1,0,2,3,0,1,1.5
SUPER_6,27500000,1,0,0,1,1,0,NaN
SUPER_6,27510000,4,1,0,5,2,2,1
SUPER_6,27520000,16,0,0,16,10,6,NaN
SUPER_6,27530000,55,3,1,59,26,29,13.5
SUPER_6,27540000,100,8,10,118,42,58,24
SUPER_6,27550000,116,7,10,133,60,55,5.0588236
SUPER_6,27560000,2,0,0,2,0,2,NaN
SUPER_6,27570000,1,0,1,2,1,0,1
SUPER_6,27580000,26,3,3,32,8,18,7.8333335
SUPER_6,27590000,208,10,10,228,118,90,4.85
SUPER_6,27600000,75,5,8,88,37,38,4.230769
SUPER_6,27610000,61,2,4,67,32,29,2.5
SUPER_6,27620000,2,0,0,2,0,2,NaN
SUPER_6,27630000,111,9,9,129,52,59,6.1666665
SUPER_6,27640000,144,7,14,165,87,57,6.285714
SUPER_6,27650000,33,5,5,43,15,18,6.3
SUPER_6,27660000,124,8,15,147,62,62,10.217391
SUPER_6,27670000,0,0,0,0,0,0,0
SUPER_6,27680000,0,0,0,0,0,0,0
SUPER_6,27690000,226,11,8,245,129,97,3.8421052
SUPER_6,27700000,13,0,3,16,4,9,36
SUPER_6,27710000,68,2,7,77,36,32,2.6666667
SUPER_6,27720000,23,0,2,25,13,10,1.5
SUPER_6,27730000,82,6,4,92,48,34,4.2
SUPER_6,27740000,141,6,11,158,82,59,4.5882354
SUPER_6,27750000,100,5,4,109,63,37,8
SUPER_6,27760000,118,7,9,134,65,53,48.9375
SUPER_6,27770000,37,2,3,42,19,18,6.6
SUPER_6,27780000,210,12,11,233,117,93,11.652174
SUPER_6,27790000,133,5,5,143,74,59,6.8
SUPER_6,27800000,66,4,2,72,31,35,2.3333333
SUPER_6,27810000,1,0,0,1,0,1,NaN
SUPER_6,27820000,1,0,0,1,1,0,NaN
SUPER_6,27830000,2,0,0,2,2,0,NaN
SUPER_6,27840000,1,0,0,1,1,0,NaN
SUPER_6,27850000,1,0,0,1,1,0,NaN
SUPER_6,27860000,1,0,0,1,1,0,NaN
SUPER_6,27870000,121,6,7,134,55,66,7.5384617
SUPER_6,27880000,64,1,3,68,36,28,4.25
SUPER_6,27890000,104,6,10,120,46,58,5.5625
SUPER_6,27900000,0,0,0,0,0,0,0
SUPER_6,27910000,0,0,0,0,0,0,0
SUPER_6,27920000,284,12,11,307,156,128,7.9130435
SUPER_6,27930000,17,3,1,21,8,9,1.5
SUPER_6,27940000,53,5,6,64,34,19,4.909091
SUPER_6,27950000,202,12,17,231,104,98,9.103448
SUPER_6,27960000,176,14,19,209,88,88,22.09091
SUPER_6,27970000,83,10,12,105,40,43,9.318182
SUPER_6,27980000,2,0,0,2,1,1,NaN
SUPER_6,27990000,2,0,0,2,1,1,NaN
SUPER_6,28000000,4,0,1,5,2,2,28
SUPER_6,28010000,2,0,0,2,1,1,NaN
SUPER_6,28020000,1,0,0,1,1,0,NaN
SUPER_6,28030000,2,0,1,3,1,1,3
SUPER_6,28040000,52,4,5,61,30,22,3.7777777
SUPER_6,28050000,112,9,4,125,62,50,6.6153846
SUPER_6,28060000,130,7,14,151,70,60,17.952381
SUPER_6,28070000,172,6,11,189,108,64,4.9411764
SUPER_6,28080000,67,3,8,78,30,37,5.4545455
SUPER_6,28090000,110,5,8,123,50,60,4.1538463
SUPER_6,28100000,52,6,5,63,23,29,10.909091
SUPER_6,28110000,95,12,11,118,34,61,5.0869565
SUPER_6,28120000,120,8,10,138,61,59,5.8333335
SUPER_6,28130000,140,6,8,154,79,61,13.785714
SUPER_6,28140000,109,2,5,116,57,52,11.857142
SUPER_6,28150000,187,7,8,202,104,83,19.2
SUPER_6,28160000,98,4,6,108,56,42,4.9
SUPER_6,28170000,41,2,3,46,26,15,8
SUPER_6,28180000,118,7,5,130,74,44,7.9166665
SUPER_6,28190000,39,3,6,48,22,17,7.6666665
SUPER_6,28200000,137,7,8,152,80,57,3.8666666
SUPER_6,28210000,27,1,2,30,12,15,3.6666667
SUPER_6,28220000,149,6,12,167,77,72,4.2777777
SUPER_6,28230000,113,7,10,130,57,56,9.823529
SUPER_6,28240000,34,4,1,39,19,15,5.2
SUPER_6,28250000,4,0,0,4,2,2,NaN
SUPER_6,28260000,1,0,0,1,1,0,NaN
SUPER_6,28270000,0,0,0,0,0,0,0
SUPER_6,28280000,0,0,0,0,0,0,0
SUPER_6,28290000,4,0,2,6,2,2,9.5
SUPER_6,28300000,17,0,0,17,8,9,NaN
SUPER_6,28310000,144,7,9,160,81,63,10.3125
SUPER_6,28320000,79,5,6,90,45,34,11.454545
SUPER_6,28330000,99,8,5,112,53,46,6.4615383
SUPER_6,28340000,197,12,16,225,114,83,6.892857
SUPER_6,28350000,155,11,5,171,79,76,6.25
SUPER_6,28360000,200,12,16,228,103,97,7.214286
SUPER_6,28370000,49,9,3,61,29,20,11.75
SUPER_6,28380000,1,0,0,1,1,0,NaN
SUPER_6,28390000,5,0,0,5,4,1,NaN
SUPER_6,28400000,1,0,0,1,1,0,NaN
SUPER_6,28410000,2,0,0,2,0,2,NaN
SUPER_6,28420000,13,0,2,15,6,7,110
SUPER_6,28430000,55,2,3,60,23,32,11
SUPER_6,28440000,27,4,5,36,9,18,1.7777778
SUPER_6,28450000,114,8,5,127,54,60,9.461538
SUPER_6,28460000,71,4,6,81,41,30,3.1
SUPER_6,28470000,94,8,5,107,50,44,5.8461537
SUPER_6,28480000,82,6,8,96,42,40,5.285714
SUPER_6,28490000,3,2,0,5,1,2,1.5
SUPER_6,28500000,3,0,0,3,1,2,NaN
SUPER_6,28510000,2,0,0,2,1,1,NaN
SUPER_6,28520000,3,0,0,3,2,1,NaN
SUPER_6,28530000,16,2,1,19,9,7,2.6666667
SUPER_6,28540000,81,3,10,94,39,42,4.1538463
SUPER_6,28550000,1,2,0,3,1,0,4
SUPER_6,28560000,3,0,0,3,0,3,NaN
SUPER_6,28570000,3,0,0,3,1,2,NaN
SUPER_6,28580000,140,19,19,178,75,65,22
SUPER_6,28590000,0,0,0,0,0,0,0
SUPER_6,28600000,0,0,0,0,0,0,0
SUPER_6,28610000,199,13,8,220,107,92,10.952381
SUPER_6,28620000,177,8,11,196,99,78,21.578947
SUPER_6,28630000,153,15,13,181,81,72,14.357142
SUPER_6,28640000,30,4,1,35,16,14,4.2
SUPER_6,28650000,74,8,5,87,42,32,2.0769231
SUPER_6,28660000,107,1,4,112,54,53,8.4
SUPER_6,28670000,1,0,0,1,1,0,NaN
SUPER_6,28680000,5,2,0,7,2,3,2
SUPER_6,28690000,2,0,1,3,0,2,1
SUPER_6,28700000,4,0,0,4,1,3,NaN
SUPER_6,28710000,3,0,1,4,0,3,1
SUPER_6,28720000,1,0,0,1,1,0,NaN
SUPER_6,28730000,2,0,0,2,1,1,NaN
SUPER_6,28740000,1,0,0,1,1,0,NaN
SUPER_6,28750000,2,0,1,3,2,0,1
SUPER_6,28760000,0,1,0,1,0,0,5
SUPER_6,28770000,1,0,0,1,0,1,NaN
SUPER_6,28780000,0,0,0,0,0,0,0
SUPER_6,28790000,0,0,0,0,0,0,0
SUPER_6,28800000,5,0,0,5,3,2,NaN
SUPER_6,28810000,1,0,0,1,1,0,NaN
SUPER_6,28820000,1,0,0,1,1,0,NaN
SUPER_6,28830000,1,0,0,1,1,0,NaN
SUPER_6,28840000,0,0,0,0,0,0,0
SUPER_6,28850000,0,0,0,0,0,0,0
SUPER_6,28860000,2,0,1,3,0,2,1
SUPER_6,28870000,1,1,1,3,1,0,1
SUPER_6,28880000,2,0,0,2,1,1,NaN
SUPER_6,28890000,136,3,6,145,75,61,58.555557
SUPER_6,28900000,68,2,3,73,39,29,7.6
SUPER_6,28910000,175,7,13,195,106,69,5.35
SUPER_6,28920000,130,6,7,143,79,51,6
SUPER_6,28930000,84,7,4,95,55,29,7.7272725
SUPER_6,28940000,64,6,2,72,36,28,7.25
SUPER_6,28950000,15,1,3,19,5,10,8.25
SUPER_6,28960000,34,2,2,38,14,20,57.75
SUPER_6,28970000,142,10,9,161,69,73,10.473684
SUPER_6,28980000,43,2,3,48,27,16,2.2
SUPER_6,28990000,1,0,0,1,0,1,NaN
SUPER_6,29000000,0,0,0,0,0,0,0
SUPER_6,29010000,0,0,0,0,0,0,0
SUPER_6,29020000,4,0,0,4,1,3,NaN
SUPER_6,29030000,1,0,0,1,1,0,NaN
SUPER_6,29040000,1,1,0,2,1,0,18
SUPER_6,29050000,5,0,0,5,2,3,NaN
SUPER_6,29060000,2,0,0,2,0,2,NaN
SUPER_6,29070000,3,2,1,6,2,1,1.6666666
SUPER_6,29080000,2,0,0,2,2,0,NaN
SUPER_6,29090000,48,5,9,62,23,25,6.857143
SUPER_6,29100000,161,9,7,177,86,75,3
SUPER_6,29110000,70,2,7,79,36,34,3.7777777
SUPER_6,29120000,143,11,9,163,74,69,5.75
SUPER_6,29130000,84,8,7,99,45,39,6.133333
SUPER_6,29140000,44,0,8,52,21,23,1.25
SUPER_6,29150000,92,5,4,101,53,39,56.444443
SUPER_6,29160000,121,3,13,137,70,51,3.375
SUPER_6,29170000,128,10,9,147,59,69,6.5789475
SUPER_6,29180000,44,5,3,52,19,25,8.375
SUPER_6,29190000,67,6,3,76,33,34,12.666667
SUPER_6,29200000,0,0,0,0,0,0,0
SUPER_6,29210000,0,0,0,0,0,0,0
SUPER_6,29220000,38,0,2,40,19,19,1.5
SUPER_6,29230000,0,0,1,1,0,0,8
SUPER_6,29240000,3,0,1,4,2,1,1
SUPER_6,29250000,2,1,0,3,0,2,4
SUPER_6,29260000,1,2,0,3,1,0,11.5
SUPER_6,29270000,4,0,0,4,0,4,NaN
SUPER_6,29280000,197,12,22,231,96,101,21.558823
SUPER_6,29290000,154,11,12,177,78,76,3.6086957
SUPER_6,29300000,88,8,7,103,51,37,24.333334
SUPER_6,29310000,2,0,0,2,2,0,NaN
SUPER_6,29320000,0,0,0,0,0,0,0
SUPER_6,29330000,0,0,0,0,0,0,0
SUPER_6,29340000,2,2,0,4,0,2,1.5
SUPER_6,29350000,3,0,0,3,0,3,NaN
SUPER_6,29360000,1,0,0,1,1,0,NaN
SUPER_6,29370000,5,1,0,6,1,4,1
SUPER_6,29380000,1,0,1,2,1,0,2
SUPER_6,29390000,3,1,0,4,2,1,42
SUPER_6,29400000,5,2,0,7,3,2,26.5
SUPER_6,29410000,1,0,0,1,0,1,NaN
SUPER_6,29420000,0,1,0,1,0,0,4
SUPER_6,29430000,2,0,0,2,1,1,NaN
SUPER_6,29440000,38,3,5,46,15,23,27.375
SUPER_6,29450000,135,5,12,152,66,69,7.117647
SUPER_6,29460000,96,7,5,108,47,49,4.1666665
SUPER_6,29470000,0,0,1,1,0,0,3
SUPER_6,29480000,0,0,0,0,0,0,0
SUPER_6,29490000,0,0,0,0,0,0,0
SUPER_6,29500000,113,2,7,122,67,46,7.888889
SUPER_6,29510000,17,2,1,20,6,11,9.666667
SUPER_6,29520000,70,8,9,87,27,43,6.9411764
SUPER_6,29530000,86,1,9,96,46,40,2.9
SUPER_6,29540000,51,4,5,60,27,24,6.2222223
SUPER_6,29550000,112,6,10,128,60,52,7.9375
SUPER_6,29560000,96,9,8,113,50,46,32.294117
SUPER_6,29570000,114,9,9,132,57,57,8.388889
SUPER_6,29580000,129,6,8,143,79,50,3.7142856
SUPER_6,29590000,121,9,6,136,54,67,7.6
SUPER_6,29600000,122,6,12,140,48,74,5.4444447
SUPER_6,29610000,96,7,4,107,50,46,5.090909
SUPER_6,29620000,4,0,0,4,4,0,NaN
SUPER_6,29630000,2,0,0,2,2,0,NaN
SUPER_6,29640000,1,0,0,1,1,0,NaN
SUPER_6,29650000,3,0,0,3,3,0,NaN
SUPER_6,29660000,20,0,0,20,10,10,NaN
SUPER_6,29670000,110,12,11,133,53,57,8.913043
SUPER_6,29680000,119,7,8,134,66,53,7.733333
SUPER_6,29690000,73,6,6,85,35,38,47.583332
SUPER_6,29700000,0,0,0,0,0,0,0
SUPER_6,29710000,0,0,0,0,0,0,0
SUPER_6,29720000,3,0,0,3,2,1,NaN
SUPER_6,29730000,1,0,0,1,1,0,NaN
SUPER_6,29740000,3,1,0,4,1,2,25
SUPER_6,29750000,41,6,7,54,20,21,3.2307692
SUPER_6,29760000,124,11,10,145,72,52,8.666667
SUPER_6,29770000,185,10,13,208,80,105,3.2173913
SUPER_6,29780000,111,11,10,132,54,57,2.7142856
SUPER_6,29790000,48,0,4,52,20,28,12
SUPER_6,29800000,77,4,7,88,43,34,8.090909
SUPER_6,29810000,168,8,11,187,79,89,4.1578946
SUPER_6,29820000,55,4,5,64,35,20,27.444445
SUPER_6,29830000,114,9,10,133,62,52,5.105263
SUPER_6,29840000,120,10,9,139,58,62,20.052631
SUPER_6,29850000,64,3,3,70,37,27,4.5
SUPER_6,29860000,263,12,19,294,123,140,6.129032
SUPER_6,29870000,156,13,16,185,67,89,7.37931
SUPER_6,29880000,63,7,7,77,29,34,9.428572
SUPER_6,29890000,1,1,0,2,1,0,52
SUPER_6,29900000,1,0,0,1,1,0,NaN
SUPER_6,29910000,0,0,0,0,0,0,0
SUPER_6,29920000,0,0,0,0,0,0,0
SUPER_6,29930000,0,0,0,0,0,0,0
SUPER_6,29940000,8,0,0,8,6,2,NaN
SUPER_6,29950000,1,0,0,1,0,1,NaN
SUPER_6,29960000,71,3,7,81,35,36,3.1
SUPER_6,29970000,118,10,9,137,58,60,4.3157897
SUPER_6,29980000,88,12,9,109,40,48,10.857142
SUPER_6,29990000,116,14,5,135,52,64,6.368421
SUPER_6,30000000,71,12,5,88,29,42,7.470588
SUPER_6,30010000,96,8,5,109,40,56,8.153846
SUPER_6,30020000,87,9,6,102,43,44,25.266666
SUPER_6,30030000,81,7,7,95,43,38,19
SUPER_6,30040000,63,4,5,72,33,30,3
SUPER_6,30050000,76,7,8,91,43,33,7.0666666
SUPER_6,30060000,114,5,11,130,66,48,3.1875
SUPER_6,30070000,111,5,3,119,62,49,7.375
SUPER_6,30080000,112,5,9,126,59,53,3.357143
SUPER_6,30090000,31,0,0,31,15,16,NaN
SUPER_6,30100000,36,1,3,40,20,16,9.75
SUPER_6,30110000,22,2,2,26,10,12,34.75
SUPER_6,30120000,9,1,2,12,6,3,3
SUPER_6,30130000,1,0,0,1,0,1,NaN
SUPER_6,30140000,1,0,0,1,0,1,NaN
SUPER_6,30150000,95,7,5,107,56,39,5.1666665
SUPER_6,30160000,130,9,14,153,71,59,5.2608695
SUPER_6,30170000,121,19,15,155,67,54,4.147059
SUPER_6,30180000,112,13,11,136,55,57,9.166667
SUPER_6,30190000,40,5,4,49,25,15,15.888889
SUPER_6,30200000,1,1,0,2,0,1,8
SUPER_6,30210000,2,0,0,2,1,1,NaN
SUPER_6,30220000,3,0,0,3,2,1,NaN
SUPER_6,30230000,4,1,0,5,4,0,4
SUPER_6,30240000,7,1,3,11,3,4,5.75
SUPER_6,30250000,2,0,0,2,1,1,NaN
SUPER_6,30260000,21,2,4,27,9,12,12
SUPER_6,30270000,99,8,11,118,42,57,49.42105
SUPER_6,30280000,107,4,9,120,53,54,5.6153846
SUPER_6,30290000,0,0,0,0,0,0,0
SUPER_6,30300000,0,0,0,0,0,0,0
SUPER_6,30310000,0,0,0,0,0,0,0
SUPER_6,30320000,0,0,0,0,0,0,0
SUPER_6,30330000,0,0,0,0,0,0,0
SUPER_6,30340000,0,0,0,0,0,0,0
SUPER_6,30350000,0,0,0,0,0,0,0
SUPER_6,30360000,0,0,0,0,0,0,0
SUPER_6,30370000,0,0,0,0,0,0,0
SUPER_6,30380000,0,0,0,0,0,0,0
SUPER_6,30390000,0,0,0,0,0,0,0
SUPER_6,30400000,0,0,0,0,0,0,0
SUPER_6,30410000,0,0,0,0,0,0,0
SUPER_6,30420000,0,0,0,0,0,0,0
SUPER_6,30430000,0,0,0,0,0,0,0
SUPER_6,30440000,0,0,0,0,0,0,0
SUPER_6,30450000,0,0,0,0,0,0,0
SUPER_6,30460000,0,0,0,0,0,0,0
SUPER_6,30470000,0,0,0,0,0,0,0
SUPER_6,30480000,0,0,0,0,0,0,0
SUPER_6,30490000,0,0,0,0,0,0,0
SUPER_6,30500000,0,0,0,0,0,0,0
SUPER_6,30510000,122,9,10,141,62,60,17.578947
SUPER_6,30520000,63,10,8,81,25,38,5.8333335
SUPER_6,30530000,120,8,10,138,66,54,6.2222223
SUPER_6,30540000,74,5,7,86,42,32,7.25
SUPER_6,30550000,59,3,7,69,27,32,36.2
SUPER_6,30560000,112,11,14,137,53,59,5.56
SUPER_6,30570000,53,2,6,61,27,26,1.625
SUPER_6,30580000,73,4,1,78,40,33,14.8
SUPER_6,30590000,146,14,13,173,73,73,5.4814816
SUPER_6,30600000,87,6,10,103,45,42,3.5625
SUPER_6,30610000,182,18,4,204,90,92,6.0454545
SUPER_6,30620000,149,13,11,173,74,75,4.6666665
SUPER_6,30630000,123,7,12,142,57,66,14.736842
SUPER_6,30640000,153,19,16,188,65,88,7.142857
SUPER_6,30650000,73,3,7,83,42,31,9.9
SUPER_6,30660000,63,4,5,72,34,29,5
SUPER_6,30670000,60,2,2,64,25,35,9.5
SUPER_6,30680000,88,8,6,102,44,44,26.142857
SUPER_6,30690000,122,11,13,146,52,70,2.5416667
SUPER_6,30700000,27,3,2,32,12,15,1.6
SUPER_6,30710000,3,0,0,3,1,2,NaN
SUPER_6,30720000,122,12,7,141,61,61,6.2105265
SUPER_6,30730000,113,9,12,134,55,58,14.095238
SUPER_6,30740000,141,12,9,162,71,70,14.904762
SUPER_6,30750000,128,11,14,153,60,68,20.96
SUPER_6,30760000,120,10,9,139,57,63,7.1578946
SUPER_6,30770000,144,6,7,157,67,77,1.7692307
SUPER_6,30780000,114,8,11,133,49,65,5.263158
SUPER_6,30790000,130,6,12,148,69,61,7.111111
SUPER_6,30800000,43,2,6,51,28,15,5.875
SUPER_6,30810000,0,0,0,0,0,0,0
SUPER_6,30820000,0,0,0,0,0,0,0
SUPER_6,30830000,0,0,0,0,0,0,0
SUPER_6,30840000,0,0,0,0,0,0,0
SUPER_6,30850000,16,2,0,18,4,12,15
SUPER_6,30860000,71,4,12,87,33,38,25.375
SUPER_6,30870000,71,6,9,86,42,29,8.066667
SUPER_6,30880000,113,16,9,138,52,61,6.12
SUPER_6,30890000,141,10,11,162,73,68,33.714287
SUPER_6,30900000,1,0,0,1,1,0,NaN
SUPER_6,30910000,4,0,0,4,1,3,NaN
SUPER_6,30920000,1,0,1,2,1,0,1
SUPER_6,30930000,4,0,0,4,3,1,NaN
SUPER_6,30940000,6,0,0,6,5,1,NaN
SUPER_6,30950000,34,3,4,41,14,20,3.5714285
SUPER_6,30960000,232,18,12,262,124,108,4.633333
SUPER_6,30970000,118,8,10,136,58,60,5
SUPER_6,30980000,69,6,8,83,38,31,6.928571
SUPER_6,30990000,262,14,17,293,133,129,10.064516
SUPER_6,31000000,240,17,14,271,129,111,5.774194
SUPER_6,31010000,166,14,5,185,90,76,6.3157897
SUPER_6,31020000,108,4,3,115,47,61,5.285714
SUPER_6,31030000,112,7,5,124,56,56,4.4166665
SUPER_6,31040000,135,12,10,157,71,64,4.909091
SUPER_6,31050000,85,5,7,97,47,38,5.6666665
SUPER_6,31060000,204,16,14,234,105,99,5
SUPER_6,31070000,161,10,11,182,84,77,7.142857
SUPER_6,31080000,137,7,11,155,70,67,11.888889
SUPER_6,31090000,180,7,17,204,104,76,9.958333
SUPER_6,31100000,118,8,8,134,72,46,7.5
SUPER_6,31110000,0,0,0,0,0,0,0
SUPER_6,31120000,0,0,0,0,0,0,0
SUPER_6,31130000,0,0,0,0,0,0,0
SUPER_6,31140000,0,0,0,0,0,0,0
SUPER_6,31150000,0,0,0,0,0,0,0
SUPER_6,31160000,0,0,0,0,0,0,0
SUPER_6,31170000,84,11,5,100,45,39,5.3125
SUPER_6,31180000,1,0,0,1,1,0,NaN
SUPER_6,31190000,0,1,0,1,0,0,1
SUPER_6,31200000,1,0,0,1,0,1,NaN
SUPER_6,31210000,1,0,0,1,1,0,NaN
SUPER_6,31220000,0,0,0,0,0,0,0
SUPER_6,31230000,0,0,0,0,0,0,0
SUPER_6,31240000,222,21,14,257,105,117,6.4857144
SUPER_6,31250000,187,15,15,217,94,93,11.766666
SUPER_6,31260000,180,13,20,213,91,89,5.242424
SUPER_6,31270000,28,2,4,34,13,15,12.166667
SUPER_6,31280000,72,10,10,92,39,33,9.35
SUPER_6,31290000,5,0,1,6,2,3,1
SUPER_6,31300000,78,8,10,96,40,38,5.7222223
SUPER_6,31310000,86,3,1,90,47,39,11
SUPER_6,31320000,108,10,4,122,57,51,9.071428
SUPER_6,31330000,33,0,2,35,20,13,5.5
SUPER_6,31340000,143,11,8,162,81,62,13.157895
SUPER_6,31350000,26,1,2,29,8,18,4.3333335
SUPER_6,31360000,2,0,0,2,1,1,NaN
SUPER_6,31370000,0,0,0,0,0,0,0
SUPER_6,31380000,0,0,0,0,0,0,0
SUPER_6,31390000,6,0,2,8,4,2,1
SUPER_6,31400000,2,0,0,2,2,0,NaN
SUPER_6,31410000,1,0,0,1,1,0,NaN
SUPER_6,31420000,1,0,0,1,1,0,NaN
SUPER_6,31430000,0,0,1,1,0,0,22
SUPER_6,31440000,3,0,0,3,3,0,NaN
SUPER_6,31450000,0,0,0,0,0,0,0
SUPER_6,31460000,0,0,0,0,0,0,0
SUPER_6,31470000,0,0,0,0,0,0,0
SUPER_6,31480000,1,1,0,2,1,0,1
SUPER_6,31490000,3,0,0,3,1,2,NaN
SUPER_6,31500000,0,0,0,0,0,0,0
SUPER_6,31510000,0,0,0,0,0,0,0
SUPER_6,31520000,4,0,0,4,1,3,NaN
SUPER_6,31530000,1,0,0,1,0,1,NaN
SUPER_6,31540000,1,0,0,1,1,0,NaN
SUPER_6,31550000,2,1,0,3,2,0,28
SUPER_6,31560000,1,1,0,2,1,0,18
SUPER_6,31570000,2,0,1,3,1,1,2
SUPER_6,31580000,59,6,1,66,31,28,11.714286
SUPER_6,31590000,61,1,5,67,37,24,16
SUPER_6,31600000,170,15,17,202,94,76,11.75
SUPER_6,31610000,137,8,10,155,76,61,4.9444447
SUPER_6,31620000,88,6,3,97,50,38,12.444445
SUPER_6,31630000,103,8,9,120,61,42,5.2941175
SUPER_6,31640000,160,14,11,185,89,71,6.52
SUPER_6,31650000,43,2,2,47,21,22,18.75
SUPER_6,31660000,85,8,4,97,38,47,8.833333
SUPER_6,31670000,111,5,14,130,46,65,17.894737
SUPER_6,31680000,0,0,0,0,0,0,0
SUPER_6,31690000,0,0,0,0,0,0,0
SUPER_6,31700000,70,3,2,75,34,36,4.2
SUPER_6,31710000,5,0,0,5,3,2,NaN
SUPER_6,31720000,2,0,0,2,1,1,NaN
SUPER_6,31730000,2,0,0,2,2,0,NaN
SUPER_6,31740000,3,0,0,3,2,1,NaN
SUPER_6,31750000,5,0,1,6,3,2,6
SUPER_6,31760000,4,2,0,6,2,2,2
SUPER_6,31770000,2,0,0,2,1,1,NaN
SUPER_6,31780000,2,0,0,2,0,2,NaN
SUPER_6,31790000,2,0,0,2,0,2,NaN
SUPER_6,31800000,1,0,0,1,1,0,NaN
SUPER_6,31810000,1,0,0,1,0,1,NaN
SUPER_6,31820000,1,0,0,1,1,0,NaN
SUPER_6,31830000,164,7,9,180,92,72,4.75
SUPER_6,31840000,153,15,8,176,69,84,6.869565
SUPER_6,31850000,60,7,0,67,32,28,1.5714285
SUPER_6,31860000,15,2,1,18,6,9,1.3333334
SUPER_6,31870000,33,3,2,38,21,12,4.4
SUPER_6,31880000,95,7,6,108,50,45,5.5384617
SUPER_6,31890000,1,0,2,3,1,0,1
SUPER_6,31900000,3,0,1,4,1,2,1
SUPER_6,31910000,4,0,2,6,3,1,3.5
SUPER_6,31920000,5,0,0,5,2,3,NaN
SUPER_6,31930000,2,0,3,5,2,0,2.3333333
SUPER_6,31940000,5,0,0,5,2,3,NaN
SUPER_6,31950000,90,6,9,105,49,41,6.4666667
SUPER_6,31960000,149,8,12,169,86,63,3.3
SUPER_6,31970000,42,2,6,50,19,23,6.5
SUPER_6,31980000,30,1,3,34,11,19,2.75
SUPER_6,31990000,3,0,0,3,2,1,NaN
SUPER_6,32000000,1,0,0,1,0,1,NaN
SUPER_6,32010000,0,1,0,1,0,0,18
SUPER_6,32020000,1,0,1,2,1,0,4
SUPER_6,32030000,1,0,0,1,0,1,NaN
SUPER_6,32040000,26,1,1,28,12,14,3
SUPER_6,32050000,18,1,1,20,10,8,1
SUPER_6,32060000,6,0,0,6,5,1,NaN
SUPER_6,32070000,3,0,0,3,2,1,NaN
SUPER_6,32080000,9,1,0,10,5,4,5
SUPER_6,32090000,131,7,11,149,79,52,12.833333
SUPER_6,32100000,73,6,6,85,43,30,36
SUPER_6,32110000,90,5,10,105,49,41,3.7333333
SUPER_6,32120000,48,4,3,55,19,29,5.857143
SUPER_6,32130000,1,2,0,3,0,1,4.5
SUPER_6,32140000,71,2,4,77,33,38,8.166667
SUPER_6,32150000,164,8,17,189,88,76,2.88
SUPER_6,32160000,137,15,8,160,72,65,8.130435
SUPER_6,32170000,53,1,4,58,24,29,11.2
SUPER_6,32180000,87,5,1,93,52,35,4.1666665
SUPER_6,32190000,83,10,5,98,42,41,8.133333
SUPER_6,32200000,30,0,8,38,11,19,36.375
SUPER_6,32210000,89,4,5,98,46,43,4.888889
SUPER_6,32220000,77,7,3,87,46,31,4.7
SUPER_6,32230000,160,18,10,188,90,70,13.928572
SUPER_6,32240000,139,7,11,157,67,72,19.11111
SUPER_6,32250000,111,7,10,128,54,57,8.941176
SUPER_6,32260000,40,3,4,47,19,21,3
SUPER_6,32270000,6,1,1,8,1,5,13.5
SUPER_6,32280000,52,3,7,62,29,23,6.8
SUPER_6,32290000,57,3,7,67,31,26,8.1
SUPER_6,32300000,54,2,7,63,22,32,5.7777777
SUPER_6,32310000,23,5,6,34,10,13,20.636364
SUPER_6,32320000,135,5,9,149,69,66,5.785714
SUPER_6,32330000,77,5,7,89,43,34,7.3333335
SUPER_6,32340000,148,13,14,175,79,69,4.5555553
SUPER_6,32350000,21,1,1,23,9,12,1.5
SUPER_6,32360000,100,7,6,113,50,50,6
SUPER_6,32370000,69,4,10,83,34,35,2.5
SUPER_6,32380000,165,13,21,199,75,90,26.617647
SUPER_6,32390000,124,16,6,146,74,50,26.772728
SUPER_6,32400000,81,12,9,102,38,43,2.5238094
SUPER_6,32410000,134,3,7,144,79,55,3.4
SUPER_6,32420000,137,10,9,156,73,64,19.210526
SUPER_6,32430000,49,1,5,55,34,15,12
SUPER_6,32440000,119,15,8,142,58,61,4.173913
SUPER_6,32450000,58,3,6,67,27,31,8.444445
SUPER_6,32460000,2,0,0,2,0,2,NaN
SUPER_6,32470000,14,2,1,17,5,9,3.6666667
SUPER_6,32480000,211,12,16,239,106,105,6.285714
SUPER_6,32490000,75,4,6,85,40,35,5.9
SUPER_6,32500000,17,2,1,20,8,9,6.3333335
SUPER_6,32510000,22,1,0,23,10,12,10
SUPER_6,32520000,4,0,0,4,3,1,NaN
SUPER_6,32530000,2,1,1,4,2,0,1
SUPER_6,32540000,1,0,0,1,0,1,NaN
SUPER_6,32550000,26,1,2,29,14,12,13.333333
SUPER_6,32560000,116,7,9,132,53,63,4.875
SUPER_6,32570000,77,7,2,86,38,39,5.888889
SUPER_6,32580000,87,6,3,96,37,50,16.444445
SUPER_6,32590000,127,6,8,141,69,58,21.5
SUPER_6,32600000,51,3,4,58,28,23,7
SUPER_6,32610000,134,10,19,163,72,62,8.724138
SUPER_6,32620000,1,0,0,1,1,0,NaN
SUPER_6,32630000,2,0,0,2,1,1,NaN
SUPER_6,32640000,1,1,0,2,1,0,1
SUPER_6,32650000,148,7,7,162,74,74,6.714286
SUPER_6,32660000,125,3,7,135,74,51,5.5
SUPER_6,32670000,67,8,10,85,40,27,4.8333335
SUPER_6,32680000,138,5,12,155,70,68,4.4117646
SUPER_6,32690000,157,17,8,182,76,81,7.2
SUPER_6,32700000,157,9,16,182,78,79,8.08
SUPER_6,32710000,0,0,0,0,0,0,0
SUPER_6,32720000,0,0,0,0,0,0,0
SUPER_6,32730000,30,2,4,36,16,14,19.5
SUPER_6,32740000,145,11,12,168,75,70,3.2608695
SUPER_6,32750000,23,3,1,27,10,13,4.25
SUPER_6,32760000,16,1,0,17,11,5,8
SUPER_6,32770000,75,4,1,80,44,31,8
SUPER_6,32780000,56,5,5,66,31,25,10.4
SUPER_6,32790000,6,2,0,8,4,2,5
SUPER_6,32800000,60,2,10,72,34,26,23.416666
SUPER_6,32810000,54,1,3,58,22,32,12
SUPER_6,32820000,0,0,0,0,0,0,0
SUPER_6,32830000,0,0,0,0,0,0,0
SUPER_6,32840000,111,7,11,129,55,56,7.7222223
SUPER_6,32850000,37,3,1,41,22,15,7
SUPER_6,32860000,51,3,2,56,25,26,6.2
SUPER_6,32870000,7,1,2,10,3,4,14
SUPER_6,32880000,62,3,1,66,26,36,11.75
SUPER_6,32890000,3,0,0,3,2,1,NaN
SUPER_6,32900000,2,0,0,2,2,0,NaN
SUPER_6,32910000,1,0,0,1,0,1,NaN
SUPER_6,32920000,6,0,1,7,4,2,4
SUPER_6,32930000,3,0,0,3,2,1,NaN
SUPER_6,32940000,2,0,1,3,1,1,1
SUPER_6,32950000,2,0,0,2,0,2,NaN
SUPER_6,32960000,1,0,1,2,0,1,7
SUPER_6,32970000,1,0,1,2,0,1,1
SUPER_6,32980000,32,4,0,36,17,15,7.5
SUPER_6,32990000,186,18,11,215,94,92,4.62069
SUPER_6,33000000,1,0,0,1,0,1,NaN
SUPER_6,33010000,21,0,0,21,16,5,NaN
SUPER_6,33020000,161,10,9,180,81,80,25.421053
SUPER_6,33030000,280,13,17,310,150,130,12.666667
SUPER_6,33040000,127,9,8,144,73,54,6.647059
SUPER_6,33050000,126,5,5,136,72,54,4.4
SUPER_6,33060000,135,11,13,159,61,74,11.666667
SUPER_6,33070000,140,15,14,169,72,68,17.137932
SUPER_6,33080000,128,10,4,142,62,66,8.285714
SUPER_6,33090000,227,9,13,249,126,101,6.0454545
SUPER_6,33100000,180,14,9,203,104,76,4.6086955
SUPER_6,33110000,53,1,3,57,25,28,4
SUPER_6,33120000,21,0,2,23,12,9,6.5
SUPER_6,33130000,4,0,0,4,2,2,NaN
SUPER_6,33140000,4,0,0,4,1,3,NaN
SUPER_6,33150000,13,2,0,15,5,8,3.5
SUPER_6,33160000,238,5,13,256,124,114,3.5
SUPER_6,33170000,118,7,10,135,57,61,9.941176
SUPER_6,33180000,163,10,14,187,90,73,6.5
SUPER_6,33190000,171,9,15,195,89,82,10.291667
SUPER_6,33200000,20,1,0,21,6,14,14
SUPER_6,33210000,91,9,6,106,45,46,13.533334
SUPER_6,33220000,144,6,10,160,79,65,6.875
SUPER_6,33230000,128,4,5,137,67,61,6.7777777
SUPER_6,33240000,43,6,4,53,15,28,5
SUPER_6,33250000,30,1,3,34,20,10,3.75
SUPER_6,33260000,101,5,1,107,58,43,7.8333335
SUPER_6,33270000,127,4,6,137,76,51,12.2
SUPER_6,33280000,110,10,10,130,52,58,24.3
SUPER_6,33290000,148,8,10,166,79,69,5.888889
SUPER_6,33300000,204,16,12,232,109,95,4.107143
SUPER_6,33310000,273,16,21,310,135,138,4.783784
SUPER_6,33320000,58,3,5,66,35,23,5.875
SUPER_6,33330000,13,2,1,16,8,5,15.333333
SUPER_6,33340000,2,1,2,5,1,1,8
SUPER_6,33350000,4,1,0,5,1,3,2
SUPER_6,33360000,0,0,2,2,0,0,1
SUPER_6,33370000,1,0,0,1,1,0,NaN
SUPER_6,33380000,2,0,0,2,0,2,NaN
SUPER_6,33390000,208,18,11,237,109,99,5.448276
SUPER_6,33400000,105,7,11,123,62,43,17.333334
SUPER_6,33410000,143,9,9,161,76,67,5.388889
SUPER_6,33420000,128,9,11,148,62,66,8.25
SUPER_6,33430000,50,4,2,56,21,29,11.833333
SUPER_6,33440000,138,9,5,152,80,58,15.285714
SUPER_6,33450000,33,1,0,34,24,9,1
SUPER_6,33460000,101,6,7,114,54,47,7
SUPER_6,33470000,115,7,6,128,59,56,6.769231
SUPER_6,33480000,160,10,16,186,87,73,13.076923
SUPER_6,33490000,150,7,9,166,72,78,10.375
SUPER_6,33500000,164,6,12,182,93,71,12.055555
SUPER_6,33510000,135,9,11,155,69,66,33.05
SUPER_6,33520000,183,9,16,208,91,92,28.44
SUPER_6,33530000,146,12,7,165,68,78,8.526316
SUPER_6,33540000,60,3,3,66,38,22,20
SUPER_6,33550000,14,0,0,14,8,6,NaN
SUPER_6,33560000,53,4,3,60,25,28,14.571428
SUPER_6,33570000,125,8,5,138,67,58,6.769231
SUPER_6,33580000,10,0,1,11,6,4,4
SUPER_6,33590000,47,3,4,54,25,22,2.5714285
SUPER_6,33600000,128,9,6,143,61,67,5
SUPER_6,33610000,8,2,0,10,2,6,9.5
SUPER_6,33620000,2,0,0,2,2,0,NaN
SUPER_6,33630000,105,6,9,120,59,46,5.3333335
SUPER_6,33640000,105,8,13,126,53,52,21.190475
SUPER_6,33650000,131,6,9,146,62,69,4.2
SUPER_6,33660000,40,1,2,43,19,21,11.666667
SUPER_6,33670000,112,9,5,126,54,58,2.4285715
SUPER_6,33680000,119,8,6,133,57,62,3.142857
SUPER_6,33690000,55,6,5,66,21,34,1.5454545
SUPER_6,33700000,87,7,4,98,54,33,4.818182
SUPER_6,33710000,120,6,6,132,60,60,3.5833333
SUPER_6,33720000,82,7,4,93,50,32,32.363636
SUPER_6,33730000,74,9,6,89,36,38,3.2
SUPER_6,33740000,2,1,0,3,1,1,9
SUPER_6,33750000,2,0,0,2,1,1,NaN
SUPER_6,33760000,3,0,0,3,2,1,NaN
SUPER_6,33770000,0,0,0,0,0,0,0
SUPER_6,33780000,0,0,0,0,0,0,0
SUPER_6,33790000,3,3,0,6,1,2,7.6666665
SUPER_6,33800000,2,0,0,2,1,1,NaN
SUPER_6,33810000,2,1,0,3,0,2,2
SUPER_6,33820000,1,0,0,1,0,1,NaN
SUPER_6,33830000,83,5,10,98,39,44,13.2
SUPER_6,33840000,106,7,10,123,56,50,22.058823
SUPER_6,33850000,78,9,8,95,43,35,5
SUPER_6,33860000,41,6,7,54,20,21,6.4615383
SUPER_6,33870000,0,0,0,0,0,0,0
SUPER_6,33880000,0,0,0,0,0,0,0
SUPER_6,33890000,102,6,5,113,55,47,9
SUPER_6,33900000,122,12,6,140,62,60,6.1666665
SUPER_6,33910000,91,7,8,106,38,53,11.333333
SUPER_6,33920000,81,8,15,104,46,35,20.217392
SUPER_6,33930000,1,0,0,1,0,1,NaN
SUPER_6,33940000,3,1,0,4,2,1,2
SUPER_6,33950000,2,0,0,2,1,1,NaN
SUPER_6,33960000,1,0,0,1,1,0,NaN
SUPER_6,33970000,1,0,0,1,0,1,NaN
SUPER_6,33980000,1,0,0,1,0,1,NaN
SUPER_6,33990000,0,1,0,1,0,0,1
SUPER_6,34000000,2,0,0,2,1,1,NaN
SUPER_6,34010000,31,3,3,37,14,17,7.3333335
SUPER_6,34020000,64,8,6,78,31,33,6.857143
SUPER_6,34030000,28,5,3,36,10,18,6.25
SUPER_6,34040000,2,0,0,2,1,1,NaN
SUPER_6,34050000,2,0,0,2,2,0,NaN
SUPER_6,34060000,2,2,0,4,0,2,1
SUPER_6,34070000,4,1,0,5,1,3,1
SUPER_6,34080000,5,0,0,5,4,1,NaN
SUPER_6,34090000,3,0,0,3,0,3,NaN
SUPER_6,34100000,8,1,2,11,2,6,4.6666665
SUPER_6,34110000,0,2,0,2,0,0,1
SUPER_6,34120000,2,1,0,3,2,0,18
SUPER_6,34130000,9,0,1,10,4,5,1
SUPER_6,34140000,54,7,4,65,22,32,3.1818182
SUPER_6,34150000,103,4,14,121,43,60,7.7777777
SUPER_6,34160000,157,9,15,181,83,74,10.166667
SUPER_6,34170000,154,11,12,177,81,73,27.086956
SUPER_6,34180000,26,1,1,28,14,12,17
SUPER_6,34190000,29,0,3,32,15,14,7
SUPER_6,34200000,193,10,17,220,118,75,24.185184
SUPER_6,34210000,52,3,3,58,23,29,45.333332
SUPER_6,34220000,204,18,16,238,93,111,4.382353
SUPER_6,34230000,49,3,5,57,22,27,4.625
SUPER_6,34240000,0,0,0,0,0,0,0
SUPER_6,34250000,0,0,0,0,0,0,0
SUPER_6,34260000,9,5,3,17,6,3,5.625
SUPER_6,34270000,2,0,0,2,1,1,NaN
SUPER_6,34280000,1,0,1,2,1,0,1
SUPER_6,34290000,8,1,0,9,2,6,1
SUPER_6,34300000,1,0,0,1,0,1,NaN
SUPER_6,34310000,2,0,0,2,1,1,NaN
SUPER_6,34320000,39,2,4,45,15,24,2.5
SUPER_6,34330000,67,8,4,79,33,34,2.25
SUPER_6,34340000,28,5,3,36,15,13,6.375
SUPER_6,34350000,141,2,7,150,68,73,5.111111
SUPER_6,34360000,102,1,5,108,53,49,2.6666667
SUPER_6,34370000,109,5,7,121,61,48,10.333333
SUPER_6,34380000,86,3,4,93,38,48,7.285714
SUPER_6,34390000,1,1,0,2,1,0,16
SUPER_6,34400000,4,0,2,6,3,1,5.5
SUPER_6,34410000,3,2,1,6,3,0,1.3333334
SUPER_6,34420000,5,0,0,5,3,2,NaN
SUPER_6,34430000,3,0,1,4,3,0,1
SUPER_6,34440000,5,0,0,5,1,4,NaN
SUPER_6,34450000,2,2,0,4,2,0,3
SUPER_6,34460000,1,0,0,1,0,1,NaN
SUPER_6,34470000,3,0,0,3,1,2,NaN
SUPER_6,34480000,2,2,0,4,1,1,2
SUPER_6,34490000,166,10,8,184,86,80,14.333333
SUPER_6,34500000,50,5,2,57,25,25,3
SUPER_6,34510000,187,12,16,215,94,93,7.535714
SUPER_6,34520000,135,14,7,156,75,60,5
SUPER_6,34530000,83,4,9,96,39,44,6
SUPER_6,34540000,146,12,10,168,76,70,6.3636365
SUPER_6,34550000,45,4,2,51,20,25,1.6666666
SUPER_6,34560000,103,7,4,114,49,54,2.6363637
SUPER_6,34570000,119,8,12,139,64,55,7.45
SUPER_6,34580000,91,6,4,101,40,51,15.3
SUPER_6,34590000,82,4,5,91,40,42,3.1111112
SUPER_6,34600000,67,3,2,72,35,32,5.6
SUPER_6,34610000,35,2,2,39,12,23,30
SUPER_6,34620000,121,6,8,135,60,61,4.357143
SUPER_6,34630000,132,5,13,150,66,66,5.388889
SUPER_6,34640000,29,2,1,32,17,12,5
SUPER_6,34650000,2,0,0,2,1,1,NaN
SUPER_6,34660000,0,0,0,0,0,0,0
SUPER_6,34670000,0,0,0,0,0,0,0
SUPER_6,34680000,0,0,0,0,0,0,0
SUPER_6,34690000,0,0,0,0,0,0,0
SUPER_6,34700000,5,1,0,6,2,3,1
SUPER_6,34710000,3,1,0,4,1,2,34
SUPER_6,34720000,5,2,0,7,2,3,4
SUPER_6,34730000,1,0,1,2,0,1,4
SUPER_6,34740000,2,0,0,2,1,1,NaN
SUPER_6,34750000,0,0,0,0,0,0,0
SUPER_6,34760000,0,0,0,0,0,0,0
SUPER_6,34770000,9,1,0,10,5,4,4
SUPER_6,34780000,3,2,0,5,0,3,5
SUPER_6,34790000,2,3,1,6,1,1,1.75
SUPER_6,34800000,0,0,1,1,0,0,1
SUPER_6,34810000,0,0,0,0,0,0,0
SUPER_6,34820000,0,0,0,0,0,0,0
SUPER_6,34830000,0,0,0,0,0,0,0
SUPER_6,34840000,0,0,0,0,0,0,0
SUPER_6,34850000,0,0,0,0,0,0,0
SUPER_6,34860000,0,0,0,0,0,0,0
SUPER_6,34870000,24,3,0,27,11,13,1
SUPER_6,34880000,4,0,1,5,2,2,1
SUPER_6,34890000,3,0,0,3,3,0,NaN
SUPER_6,34900000,4,4,0,8,2,2,7
SUPER_6,34910000,88,7,4,99,46,42,13.272727
SUPER_6,34920000,100,9,7,116,46,54,3.1875
SUPER_6,34930000,95,2,9,106,48,47,22.545454
SUPER_6,34940000,111,5,4,120,62,49,4.4444447
SUPER_6,34950000,35,4,2,41,18,17,7.3333335
SUPER_6,34960000,50,7,2,59,26,24,18
SUPER_6,34970000,87,7,8,102,43,44,22.266666
SUPER_6,34980000,90,4,6,100,48,42,3.7
SUPER_6,34990000,19,2,2,23,8,11,3.5
SUPER_6,35000000,132,6,5,143,73,59,3.6363637
SUPER_6,35010000,121,14,8,143,70,51,17.318182
SUPER_6,35020000,17,2,2,21,11,6,1.75
SUPER_6,35030000,95,11,6,112,50,45,6.9411764
SUPER_6,35040000,86,9,1,96,45,41,7.6
SUPER_6,35050000,118,14,5,137,67,51,11
SUPER_6,35060000,63,5,7,75,27,36,29.416666
SUPER_6,35070000,0,1,0,1,0,0,1
SUPER_6,35080000,0,1,1,2,0,0,13.5
SUPER_6,35090000,21,0,0,21,14,7,NaN
SUPER_6,35100000,35,2,3,40,20,15,10
SUPER_6,35110000,2,0,0,2,0,2,NaN
SUPER_6,35120000,4,0,2,6,4,0,1
SUPER_6,35130000,4,0,1,5,4,0,6
SUPER_6,35140000,4,1,0,5,2,2,8
SUPER_6,35150000,2,1,1,4,2,0,1.5
SUPER_6,35160000,0,1,0,1,0,0,4
SUPER_6,35170000,1,0,1,2,1,0,2
SUPER_6,35180000,1,1,0,2,0,1,1
SUPER_6,35190000,3,0,0,3,0,3,NaN
SUPER_6,35200000,4,0,1,5,3,1,1
SUPER_6,35210000,0,0,0,0,0,0,0
SUPER_6,35220000,0,0,0,0,0,0,0
SUPER_6,35230000,79,6,5,90,37,42,4.909091
SUPER_6,35240000,146,17,10,173,76,70,8.518518
SUPER_6,35250000,15,4,1,20,11,4,3.8
SUPER_6,35260000,59,5,5,69,35,24,9.8
SUPER_6,35270000,48,2,3,53,19,29,11.6
SUPER_6,35280000,90,8,5,103,53,37,7.076923
SUPER_6,35290000,23,2,2,27,11,12,12.75
SUPER_6,35300000,28,3,5,36,15,13,2.375
SUPER_6,35310000,75,4,4,83,35,40,10
SUPER_6,35320000,172,14,11,197,89,83,4.28
SUPER_6,35330000,62,2,2,66,26,36,4
SUPER_6,35340000,21,1,1,23,9,12,4
SUPER_6,35350000,56,5,4,65,31,25,6.888889
SUPER_6,35360000,68,4,4,76,42,26,5
SUPER_6,35370000,161,14,8,183,78,83,7.2727275
SUPER_6,35380000,162,13,8,183,77,85,6.3809524
SUPER_6,35390000,119,2,11,132,65,54,7.3846154
SUPER_6,35400000,0,0,0,0,0,0,0
SUPER_6,35410000,0,0,0,0,0,0,0
SUPER_6,35420000,213,16,13,242,113,100,9.586206
SUPER_6,35430000,225,13,18,256,112,113,40.741936
SUPER_6,35440000,142,11,8,161,78,64,4.9473686
SUPER_6,35450000,71,0,3,74,42,29,35.333332
SUPER_6,35460000,0,0,0,0,0,0,0
SUPER_6,35470000,0,0,0,0,0,0,0
SUPER_6,35480000,255,20,14,289,114,141,6.9411764
SUPER_6,35490000,125,5,6,136,74,51,16.272728
SUPER_6,35500000,109,1,9,119,55,54,14.1
SUPER_6,35510000,124,4,6,134,65,59,16.1
SUPER_6,35520000,35,5,2,42,19,16,4.571429
SUPER_6,35530000,136,10,3,149,83,53,12.923077
SUPER_6,35540000,156,11,10,177,78,78,4.4761906
SUPER_6,35550000,109,7,4,120,55,54,11.363636
SUPER_6,35560000,60,6,3,69,33,27,8.666667
SUPER_6,35570000,119,4,11,134,70,49,13.333333
SUPER_6,35580000,143,3,14,160,82,61,7.1764708
SUPER_6,35590000,35,5,4,44,17,18,26.555555
SUPER_6,35600000,1,0,1,2,0,1,1
SUPER_6,35610000,3,1,1,5,3,0,5
SUPER_6,35620000,1,0,0,1,1,0,NaN
SUPER_6,35630000,1,1,0,2,0,1,1
SUPER_6,35640000,1,0,1,2,0,1,1
SUPER_6,35650000,2,0,0,2,2,0,NaN
SUPER_6,35660000,6,0,1,7,3,3,2
SUPER_6,35670000,1,1,1,3,0,1,13
SUPER_6,35680000,4,1,0,5,3,1,24
SUPER_6,35690000,39,8,0,47,18,21,6.125
SUPER_6,35700000,198,9,8,215,101,97,5.0588236
SUPER_6,35710000,83,3,10,96,43,40,13.307693
SUPER_6,35720000,39,4,5,48,20,19,6.3333335
SUPER_6,35730000,30,5,5,40,13,17,4.4
SUPER_6,35740000,0,0,0,0,0,0,0
SUPER_6,35750000,0,0,0,0,0,0,0
SUPER_6,35760000,289,16,20,325,186,103,12.388889
SUPER_6,35770000,59,4,1,64,31,28,6.6
SUPER_6,35780000,50,3,3,56,22,28,2.6666667
SUPER_6,35790000,23,2,3,28,10,13,2.2
SUPER_6,35800000,33,2,3,38,16,17,16.6
SUPER_6,35810000,193,7,10,210,111,82,6.7058825
SUPER_6,35820000,157,3,9,169,85,72,4.1666665
SUPER_6,35830000,68,7,5,80,29,39,9.583333
SUPER_6,35840000,137,6,11,154,67,70,14.294118
SUPER_6,35850000,102,6,6,114,62,40,22.583334
SUPER_6,35860000,150,10,10,170,80,70,5.55
SUPER_6,35870000,24,1,3,28,13,11,5.5
SUPER_6,35880000,54,6,5,65,35,19,4.090909
SUPER_6,35890000,59,1,6,66,44,15,2.142857
SUPER_6,35900000,70,8,8,86,34,36,7.3125
SUPER_6,35910000,176,12,9,197,85,91,21.47619
SUPER_6,35920000,120,9,4,133,69,51,8.307693
SUPER_6,35930000,119,8,10,137,55,64,6
SUPER_6,35940000,119,3,9,131,86,33,9
SUPER_6,35950000,15,0,0,15,7,8,NaN
SUPER_6,35960000,8,1,0,9,3,5,2
SUPER_6,35970000,10,2,0,12,5,5,11.5
SUPER_6,35980000,113,14,9,136,56,57,7.521739
SUPER_6,35990000,95,8,5,108,53,42,5.4615383
SUPER_6,36000000,111,4,9,124,61,50,5.3846154
SUPER_6,36010000,177,9,15,201,88,89,5.5833335
SUPER_6,36020000,207,10,14,231,103,104,4.4583335
SUPER_6,36030000,46,1,1,48,18,28,3.5
SUPER_6,36040000,81,7,6,94,43,38,5.230769
SUPER_6,36050000,26,6,7,39,11,15,3.3076923
SUPER_6,36060000,108,11,6,125,66,42,13.3529415
SUPER_6,36070000,86,10,8,104,44,42,6.611111
SUPER_6,36080000,35,2,0,37,21,14,3.5
SUPER_6,36090000,151,7,7,165,87,64,9.357142
SUPER_6,36100000,147,5,18,170,83,64,6.695652
SUPER_6,36110000,114,8,7,129,49,65,16.666666
SUPER_6,36120000,63,0,1,64,33,30,1
SUPER_6,36130000,2,0,1,3,1,1,7
SUPER_6,36140000,6,1,0,7,2,4,1
SUPER_6,36150000,2,0,0,2,1,1,NaN
SUPER_6,36160000,11,0,2,13,5,6,3
SUPER_6,36170000,104,10,10,124,58,46,12.35
SUPER_6,36180000,109,5,11,125,56,53,12.5625
SUPER_6,36190000,152,11,14,177,72,80,7.52
SUPER_6,36200000,75,4,5,84,41,34,16.444445
SUPER_6,36210000,98,7,7,112,56,42,5.714286
SUPER_6,36220000,100,5,6,111,43,57,5.5454545
SUPER_6,36230000,42,2,1,45,18,24,6.6666665
SUPER_6,36240000,62,1,2,65,33,29,36
SUPER_6,36250000,152,15,8,175,79,73,7.173913
SUPER_6,36260000,177,6,16,199,95,82,17.636364
SUPER_6,36270000,42,1,3,46,26,16,2.5
SUPER_6,36280000,64,2,4,70,30,34,4.3333335
SUPER_6,36290000,135,7,12,154,79,56,4.3157897
SUPER_6,36300000,96,2,2,100,55,41,1.25
SUPER_6,36310000,148,7,11,166,68,80,22.38889
SUPER_6,36320000,0,0,0,0,0,0,0
SUPER_6,36330000,0,0,0,0,0,0,0
SUPER_6,36340000,63,4,4,71,32,31,5.125
SUPER_6,36350000,31,2,4,37,18,13,4
SUPER_6,36360000,39,3,4,46,19,20,3.5714285
SUPER_6,36370000,92,6,4,102,56,36,3.5
SUPER_6,36380000,153,7,6,166,92,61,3.3846154
SUPER_6,36390000,26,2,3,31,15,11,23.8
SUPER_6,36400000,27,0,2,29,16,11,1
SUPER_6,36410000,2,1,0,3,2,0,2
SUPER_6,36420000,11,2,1,14,5,6,15
SUPER_6,36430000,43,4,4,51,18,25,7.125
SUPER_6,36440000,140,3,8,151,80,60,40.454544
SUPER_6,36450000,21,2,2,25,13,8,4
SUPER_6,36460000,22,1,0,23,10,12,10
SUPER_6,36470000,27,3,3,33,20,7,8.333333
SUPER_6,36480000,0,0,0,0,0,0,0
SUPER_6,36490000,0,0,0,0,0,0,0
SUPER_6,36500000,120,11,9,140,63,57,3.4
SUPER_6,36510000,0,0,0,0,0,0,0
SUPER_6,36520000,0,0,0,0,0,0,0
SUPER_6,36530000,0,0,0,0,0,0,0
SUPER_6,36540000,0,0,0,0,0,0,0
SUPER_6,36550000,171,14,9,194,79,92,5.695652
SUPER_6,36560000,40,5,2,47,18,22,6.857143
SUPER_6,36570000,41,3,5,49,17,24,9
SUPER_6,36580000,117,6,9,132,62,55,6.0666666
SUPER_6,36590000,101,9,10,120,58,43,8.157895
SUPER_6,36600000,141,5,10,156,64,77,19.733334
SUPER_6,36610000,196,8,9,213,108,88,6.117647
SUPER_6,36620000,184,16,12,212,111,73,12.892858
SUPER_6,36630000,136,10,9,155,63,73,15.210526
SUPER_6,36640000,76,6,7,89,40,36,20.76923
SUPER_6,36650000,162,9,9,180,76,86,3.5555556
SUPER_6,36660000,118,5,3,126,69,49,12
SUPER_6,36670000,85,6,3,94,49,36,3.4444444
SUPER_6,36680000,118,5,6,129,65,53,6.2727275
SUPER_6,36690000,32,1,0,33,21,11,1
SUPER_6,36700000,32,4,4,40,12,20,10.125
SUPER_6,36710000,0,0,0,0,0,0,0
SUPER_6,36720000,0,0,0,0,0,0,0
SUPER_6,36730000,322,17,20,359,175,147,13.918919
SUPER_6,36740000,65,3,4,72,32,33,4
SUPER_6,36750000,115,5,5,125,69,46,40.1
SUPER_6,36760000,149,8,19,176,79,70,5.185185
SUPER_6,36770000,55,6,5,66,31,24,12.454545
SUPER_6,36780000,106,6,8,120,58,48,3.2857144
SUPER_6,36790000,66,6,5,77,35,31,5.909091
SUPER_6,36800000,5,0,0,5,3,2,NaN
SUPER_6,36810000,4,0,0,4,4,0,NaN
SUPER_6,36820000,189,14,9,212,105,84,8.217391
SUPER_6,36830000,25,1,2,28,12,13,10
SUPER_6,36840000,154,13,9,176,74,80,9.5
SUPER_6,36850000,64,1,7,72,30,34,2.375
SUPER_6,36860000,78,9,9,96,38,40,5.6666665
SUPER_6,36870000,52,4,5,61,34,18,13.111111
SUPER_6,36880000,130,9,13,152,69,61,28.363636
SUPER_6,36890000,111,8,15,134,45,66,16.608696
SUPER_6,36900000,0,0,0,0,0,0,0
SUPER_6,36910000,0,0,0,0,0,0,0
SUPER_6,36920000,0,0,0,0,0,0,0
SUPER_6,36930000,121,5,4,130,54,67,7.2222223
SUPER_6,36940000,100,11,7,118,58,42,5.611111
SUPER_6,36950000,123,10,5,138,84,39,7
SUPER_6,36960000,85,2,5,92,51,34,2.5714285
SUPER_6,36970000,171,8,8,187,94,77,5.5
SUPER_6,36980000,123,9,11,143,60,63,4.8
SUPER_6,36990000,72,5,2,79,32,40,9.571428
SUPER_6,37000000,102,7,5,114,52,50,3.75
SUPER_6,37010000,39,2,0,41,22,17,6.5
SUPER_6,37020000,28,3,3,34,13,15,7.5
SUPER_6,37030000,42,4,2,48,24,18,6.6666665
SUPER_6,37040000,8,3,3,14,3,5,6.1666665
SUPER_6,37050000,86,10,5,101,40,46,4.133333
SUPER_6,37060000,121,10,7,138,56,65,23.588236
SUPER_6,37070000,0,0,0,0,0,0,0
SUPER_6,37080000,0,0,0,0,0,0,0
SUPER_6,37090000,110,7,4,121,60,50,3
SUPER_6,37100000,9,0,0,9,5,4,NaN
SUPER_6,37110000,54,3,4,61,29,25,7.428571
SUPER_6,37120000,79,7,9,95,38,41,14.125
SUPER_6,37130000,122,5,5,132,69,53,8.9
SUPER_6,37140000,69,9,8,86,42,27,7.7058825
SUPER_6,37150000,136,8,9,153,70,66,11.411765
SUPER_6,37160000,129,7,7,143,62,67,6.571429
SUPER_6,37170000,135,9,9,153,76,59,4.1666665
SUPER_6,37180000,90,6,8,104,45,45,3.2857144
SUPER_6,37190000,79,10,5,94,42,37,11.333333
SUPER_6,37200000,0,1,0,1,0,0,1
SUPER_6,37210000,122,3,10,135,74,48,22.692308
SUPER_6,37220000,55,4,6,65,27,28,8.3
SUPER_6,37230000,114,7,3,124,59,55,3.8
SUPER_6,37240000,67,3,3,73,29,38,10
SUPER_6,37250000,63,6,2,71,36,27,8.875
SUPER_6,37260000,78,5,6,89,43,35,7.818182
SUPER_6,37270000,0,0,0,0,0,0,0
SUPER_6,37280000,0,0,0,0,0,0,0
SUPER_6,37290000,0,0,0,0,0,0,0
SUPER_6,37300000,62,3,9,74,31,31,7.0833335
SUPER_6,37310000,0,0,0,0,0,0,0
SUPER_6,37320000,0,0,0,0,0,0,0
SUPER_6,37330000,0,0,0,0,0,0,0
SUPER_6,37340000,77,0,4,81,41,36,1
SUPER_6,37350000,68,2,8,78,33,35,24.6
SUPER_6,37360000,115,6,6,127,63,52,9.25
SUPER_6,37370000,116,9,8,133,74,42,36
SUPER_6,37380000,185,12,8,205,93,92,3.55
SUPER_6,37390000,114,6,8,128,57,57,7
SUPER_6,37400000,32,2,3,37,15,17,1
SUPER_6,37410000,68,4,4,76,40,28,4.875
SUPER_6,37420000,130,3,9,142,75,55,3.4166667
SUPER_6,37430000,30,1,4,35,19,11,1.6
SUPER_6,37440000,17,0,1,18,9,8,1
SUPER_6,37450000,12,1,0,13,9,3,1
SUPER_6,37460000,17,1,1,19,9,8,1
SUPER_6,37470000,21,2,3,26,11,10,4.8
SUPER_6,37480000,20,2,0,22,10,10,1
SUPER_6,37490000,100,10,4,114,34,66,5.428571
SUPER_6,37500000,165,13,9,187,91,74,10.863636
SUPER_6,37510000,12,2,1,15,7,5,5.3333335
SUPER_6,37520000,47,5,5,57,18,29,11.9
SUPER_6,37530000,53,4,2,59,27,26,3
SUPER_6,37540000,34,2,2,38,14,20,4.25
SUPER_6,37550000,74,2,8,84,39,35,4.2
SUPER_6,37560000,90,10,3,103,47,43,3.6153846
SUPER_6,37570000,161,8,6,175,85,76,5.571429
SUPER_6,37580000,133,4,8,145,73,60,5.3333335
SUPER_6,37590000,106,8,10,124,59,47,4.0555553
SUPER_6,37600000,119,8,4,131,58,61,7
SUPER_6,37610000,96,2,3,101,61,35,12
SUPER_6,37620000,89,7,4,100,48,41,21.181818
SUPER_6,37630000,119,10,8,137,76,43,6.8333335
SUPER_6,37640000,95,4,8,107,54,41,18.583334
SUPER_6,37650000,34,2,1,37,15,19,2
SUPER_6,37660000,33,4,1,38,23,10,12.2
SUPER_6,37670000,202,8,10,220,109,93,13.222222
SUPER_6,37680000,100,8,7,115,54,46,8.6
SUPER_6,37690000,46,3,2,51,21,25,7.2
SUPER_6,37700000,7,0,1,8,4,3,2
SUPER_6,37710000,1,0,0,1,0,1,NaN
SUPER_6,37720000,52,5,1,58,32,20,8.333333
SUPER_6,37730000,110,6,5,121,56,54,18.636364
SUPER_6,37740000,202,10,14,226,108,94,4.75
SUPER_6,37750000,115,7,8,130,68,47,3
SUPER_6,37760000,127,7,5,139,62,65,13
SUPER_6,37770000,58,4,5,67,30,28,6.2222223
SUPER_6,37780000,1,0,0,1,0,1,NaN
SUPER_6,37790000,0,0,1,1,0,0,8
SUPER_6,37800000,2,0,0,2,1,1,NaN
SUPER_6,37810000,1,0,0,1,0,1,NaN
SUPER_6,37820000,1,0,0,1,1,0,NaN
SUPER_6,37830000,1,2,0,3,0,1,15.5
SUPER_6,37840000,3,0,1,4,3,0,2
SUPER_6,37850000,0,0,0,0,0,0,0
SUPER_6,37860000,0,0,0,0,0,0,0
SUPER_6,37870000,3,1,1,5,0,3,2
SUPER_6,37880000,0,0,0,0,0,0,0
SUPER_6,37890000,0,0,0,0,0,0,0
SUPER_6,37900000,2,1,0,3,1,1,1
SUPER_6,37910000,4,0,0,4,2,2,NaN
SUPER_6,37920000,1,0,0,1,0,1,NaN
SUPER_6,37930000,3,0,1,4,2,1,16
SUPER_6,37940000,2,0,1,3,1,1,8
SUPER_6,37950000,0,0,2,2,0,0,5
SUPER_6,37960000,1,1,0,2,1,0,1
SUPER_6,37970000,34,1,1,36,22,12,1.5
SUPER_6,37980000,4,1,0,5,1,3,1
SUPER_6,37990000,0,0,0,0,0,0,0
SUPER_6,38000000,0,0,0,0,0,0,0
SUPER_6,38010000,2,2,0,4,1,1,3
SUPER_6,38020000,9,3,3,15,7,2,2.3333333
SUPER_6,38030000,0,0,0,0,0,0,0
SUPER_6,38040000,0,0,0,0,0,0,0
SUPER_6,38050000,13,2,1,16,7,6,1.6666666
SUPER_6,38060000,9,1,0,10,5,4,2
SUPER_6,38070000,32,4,2,38,17,15,2.3333333
SUPER_6,38080000,3,2,4,9,2,1,1.6666666
SUPER_6,38090000,0,0,1,1,0,0,2
SUPER_6,38100000,29,3,0,32,24,5,12.333333
SUPER_6,38110000,18,2,0,20,8,10,3
SUPER_6,38120000,4,0,1,5,1,3,1
SUPER_6,38130000,6,3,0,9,3,3,1
SUPER_7,10000,7,0,1,8,4,3,1
SUPER_7,20000,63,8,3,74,48,15,7.090909
SUPER_7,30000,17,0,1,18,13,4,1
SUPER_7,40000,25,1,0,26,15,10,2
SUPER_7,50000,18,2,0,20,8,10,1
SUPER_7,60000,0,0,0,0,0,0,0
SUPER_7,70000,0,0,0,0,0,0,0
SUPER_7,80000,90,4,1,95,55,35,8
SUPER_7,90000,45,2,1,48,28,17,3.3333333
SUPER_7,100000,1,0,0,1,0,1,NaN
SUPER_7,110000,69,4,1,74,42,27,2.8
SUPER_7,120000,1,0,0,1,1,0,NaN
SUPER_7,130000,32,1,0,33,29,3,3
SUPER_7,140000,26,2,0,28,19,7,1.5
SUPER_7,150000,28,1,1,30,14,14,1.5
SUPER_7,160000,0,1,0,1,0,0,4
SUPER_7,170000,11,6,0,17,4,7,8.5
SUPER_7,180000,24,5,8,37,17,7,8.692307
SUPER_7,190000,0,1,0,1,0,0,1
SUPER_7,200000,2,0,0,2,2,0,NaN
SUPER_7,210000,1,0,0,1,0,1,NaN
SUPER_7,220000,0,0,0,0,0,0,0
SUPER_7,230000,0,0,0,0,0,0,0
SUPER_7,240000,34,7,4,45,18,16,13
SUPER_7,250000,58,2,6,66,33,25,7
SUPER_7,260000,90,9,4,103,57,33,4.3846154
SUPER_7,270000,15,0,3,18,9,5,1.6666666
SUPER_7,280000,90,7,4,101,42,48,14.454545
SUPER_7,290000,7,0,2,9,2,5,2
SUPER_7,300000,4,0,1,5,1,3,1
SUPER_7,310000,2,0,0,2,0,2,NaN
SUPER_7,320000,41,4,6,51,26,15,22.9
SUPER_7,330000,10,0,1,11,4,6,2
SUPER_7,340000,0,0,0,0,0,0,0
SUPER_7,350000,0,0,0,0,0,0,0
SUPER_7,360000,0,0,0,0,0,0,0
SUPER_7,370000,188,19,20,227,92,96,12.641026
SUPER_7,380000,82,5,3,90,41,41,5.25
SUPER_7,390000,65,13,7,85,26,39,4.55
SUPER_7,400000,58,7,8,73,33,25,6.6666665
SUPER_7,410000,36,2,1,39,22,14,12
SUPER_7,420000,38,1,1,40,22,16,2
SUPER_7,430000,24,4,3,31,13,11,2
SUPER_7,440000,34,0,1,35,18,16,2
SUPER_7,450000,0,0,0,0,0,0,0
SUPER_7,460000,0,0,0,0,0,0,0
SUPER_7,470000,135,13,10,158,70,65,5.869565
SUPER_7,480000,71,6,6,83,32,39,7
SUPER_7,490000,76,7,4,87,35,41,4.909091
SUPER_7,500000,117,6,12,135,64,53,6.388889
SUPER_7,510000,138,12,6,156,64,74,6.5
SUPER_7,520000,98,11,7,116,54,44,6.5555553
SUPER_7,530000,59,4,2,65,31,28,2.6666667
SUPER_7,540000,75,7,5,87,37,38,7
SUPER_7,550000,32,3,4,39,15,17,14.428572
SUPER_7,560000,23,0,2,25,14,9,2
SUPER_7,570000,73,5,8,86,34,39,13.692307
SUPER_7,580000,61,6,3,70,34,27,19.333334
SUPER_7,590000,45,3,6,54,24,21,12.666667
SUPER_7,600000,66,8,4,78,35,31,6.8333335
SUPER_7,610000,33,3,1,37,19,14,4
SUPER_7,620000,20,4,0,24,11,9,7
SUPER_7,630000,41,2,4,47,14,27,1.5
SUPER_7,640000,124,6,6,136,65,59,5.6666665
SUPER_7,650000,146,9,11,166,76,70,8.5
SUPER_7,660000,99,7,8,114,58,41,7.2
SUPER_7,670000,123,5,9,137,66,57,8.071428
SUPER_7,680000,155,6,7,168,89,66,4.3076925
SUPER_7,690000,58,3,5,66,33,25,3.375
SUPER_7,700000,66,7,4,77,32,34,11.090909
SUPER_7,710000,49,2,1,52,19,30,13
SUPER_7,720000,48,2,3,53,27,21,4.8
SUPER_7,730000,90,4,6,100,40,50,25.4
SUPER_7,740000,76,6,6,88,38,38,85.333336
SUPER_7,750000,49,7,4,60,17,32,4.818182
SUPER_7,760000,84,6,3,93,47,37,1.2222222
SUPER_7,770000,147,9,7,163,79,68,10.3125
SUPER_7,780000,160,6,10,176,81,79,16.125
SUPER_7,790000,71,4,2,77,38,33,4
SUPER_7,800000,58,2,5,65,33,25,4.857143
SUPER_7,810000,133,8,8,149,67,66,13.1875
SUPER_7,820000,97,6,6,109,48,49,29.833334
SUPER_7,830000,98,12,7,117,47,51,11.421053
SUPER_7,840000,112,13,6,131,63,49,5.6842103
SUPER_7,850000,160,11,11,182,79,81,6.409091
SUPER_7,860000,171,10,10,191,88,83,4.45
SUPER_7,870000,78,7,4,89,43,35,5.181818
SUPER_7,880000,146,7,11,164,77,69,4.5
SUPER_7,890000,153,6,11,170,81,72,5.4117646
SUPER_7,900000,150,10,11,171,65,85,5.714286
SUPER_7,910000,78,3,4,85,38,40,10.714286
SUPER_7,920000,68,7,8,83,29,39,5.9333334
SUPER_7,930000,28,4,6,38,14,14,6.7
SUPER_7,940000,5,1,1,7,1,4,2
SUPER_7,950000,3,1,0,4,1,2,5
SUPER_7,960000,1,2,0,3,1,0,21.5
SUPER_7,970000,2,0,1,3,1,1,2
SUPER_7,980000,1,0,1,2,1,0,1
SUPER_7,990000,0,0,0,0,0,0,0
SUPER_7,1000000,0,0,0,0,0,0,0
SUPER_7,1010000,5,0,0,5,3,2,NaN
SUPER_7,1020000,3,0,0,3,1,2,NaN
SUPER_7,1030000,0,0,0,0,0,0,0
SUPER_7,1040000,0,0,0,0,0,0,0
SUPER_7,1050000,0,0,0,0,0,0,0
SUPER_7,1060000,0,0,0,0,0,0,0
SUPER_7,1070000,0,0,0,0,0,0,0
SUPER_7,1080000,11,0,0,11,3,8,NaN
SUPER_7,1090000,31,4,1,36,14,17,3
SUPER_7,1100000,26,0,3,29,14,12,3.6666667
SUPER_7,1110000,33,7,4,44,18,15,5.181818
SUPER_7,1120000,71,3,10,84,42,29,7.4615383
SUPER_7,1130000,39,3,2,44,17,22,4.8
SUPER_7,1140000,27,0,0,27,17,10,NaN
SUPER_7,1150000,30,3,4,37,17,13,10.571428
SUPER_7,1160000,75,4,6,85,41,34,4.9
SUPER_7,1170000,43,2,0,45,24,19,9
SUPER_7,1180000,41,5,3,49,25,16,6.375
SUPER_7,1190000,114,9,8,131,63,51,3
SUPER_7,1200000,132,13,6,151,74,58,27.789474
SUPER_7,1210000,185,12,15,212,89,96,7.851852
SUPER_7,1220000,95,5,4,104,60,35,8.222222
SUPER_7,1230000,40,1,7,48,15,25,6.75
SUPER_7,1240000,195,7,9,211,94,101,6.5
SUPER_7,1250000,148,11,16,175,91,57,7.5925927
SUPER_7,1260000,104,6,6,116,63,41,2.4166667
SUPER_7,1270000,115,5,8,128,58,57,5.1538463
SUPER_7,1280000,126,12,20,158,63,63,8.96875
SUPER_7,1290000,118,12,12,142,60,58,4.25
SUPER_7,1300000,2,0,1,3,1,1,1
SUPER_7,1310000,0,0,0,0,0,0,0
SUPER_7,1320000,0,0,0,0,0,0,0
SUPER_7,1330000,4,1,1,6,2,2,8
SUPER_7,1340000,75,2,4,81,41,34,3.1666667
SUPER_7,1350000,161,9,11,181,73,88,18.1
SUPER_7,1360000,89,9,8,106,44,45,3.764706
SUPER_7,1370000,0,0,0,0,0,0,0
SUPER_7,1380000,0,0,0,0,0,0,0
SUPER_7,1390000,148,8,14,170,88,60,24.136364
SUPER_7,1400000,92,13,10,115,41,51,3.4782608
SUPER_7,1410000,22,3,0,25,14,8,2.6666667
SUPER_7,1420000,35,2,3,40,22,13,1.8
SUPER_7,1430000,144,12,11,167,77,67,7.5652175
SUPER_7,1440000,73,4,4,81,36,37,2.5
SUPER_7,1450000,53,5,3,61,23,30,5.25
SUPER_7,1460000,151,9,10,170,78,73,2.0526316
SUPER_7,1470000,58,7,4,69,22,36,6.7272725
SUPER_7,1480000,1,0,0,1,0,1,NaN
SUPER_7,1490000,0,1,0,1,0,0,4
SUPER_7,1500000,0,0,0,0,0,0,0
SUPER_7,1510000,0,0,0,0,0,0,0
SUPER_7,1520000,5,0,0,5,2,3,NaN
SUPER_7,1530000,2,1,0,3,1,1,20
SUPER_7,1540000,1,0,1,2,0,1,9
SUPER_7,1550000,3,0,0,3,1,2,NaN
SUPER_7,1560000,3,0,0,3,0,3,NaN
SUPER_7,1570000,1,0,0,1,0,1,NaN
SUPER_7,1580000,1,1,0,2,1,0,2
SUPER_7,1590000,0,0,0,0,0,0,0
SUPER_7,1600000,0,0,0,0,0,0,0
SUPER_7,1610000,6,0,0,6,1,5,NaN
SUPER_7,1620000,5,0,1,6,5,0,1
SUPER_7,1630000,3,0,1,4,2,1,2
SUPER_7,1640000,1,1,0,2,1,0,24
SUPER_7,1650000,1,0,0,1,0,1,NaN
SUPER_7,1660000,1,0,0,1,0,1,NaN
SUPER_7,1670000,1,0,0,1,0,1,NaN
SUPER_7,1680000,4,1,0,5,2,2,18
SUPER_7,1690000,189,20,17,226,95,94,5.864865
SUPER_7,1700000,107,9,10,126,62,45,8.789474
SUPER_7,1710000,140,7,2,149,70,70,8
SUPER_7,1720000,60,0,6,66,32,28,5.6666665
SUPER_7,1730000,138,11,8,157,70,68,14
SUPER_7,1740000,150,14,12,176,75,75,10.769231
SUPER_7,1750000,146,7,12,165,76,70,11.631579
SUPER_7,1760000,2,0,0,2,2,0,NaN
SUPER_7,1770000,4,0,0,4,2,2,NaN
SUPER_7,1780000,2,0,1,3,1,1,14
SUPER_7,1790000,2,0,0,2,1,1,NaN
SUPER_7,1800000,5,1,0,6,2,3,8
SUPER_7,1810000,1,1,0,2,1,0,1
SUPER_7,1820000,3,0,0,3,2,1,NaN
SUPER_7,1830000,1,0,1,2,0,1,6
SUPER_7,1840000,112,11,12,135,65,47,8.913043
SUPER_7,1850000,143,7,8,158,69,74,19.666666
SUPER_7,1860000,146,7,10,163,64,82,3.7058823
SUPER_7,1870000,173,14,11,198,92,81,6.48
SUPER_7,1880000,208,20,20,248,117,91,7
SUPER_7,1890000,100,1,7,108,59,41,3.625
SUPER_7,1900000,95,1,2,98,51,44,9.666667
SUPER_7,1910000,88,9,4,101,51,37,3.9230769
SUPER_7,1920000,63,5,2,70,32,31,2.5714285
SUPER_7,1930000,118,11,5,134,56,62,4.0625
SUPER_7,1940000,50,5,2,57,32,18,8.142858
SUPER_7,1950000,1,0,1,2,1,0,1
SUPER_7,1960000,2,0,0,2,1,1,NaN
SUPER_7,1970000,1,0,0,1,0,1,NaN
SUPER_7,1980000,2,0,0,2,0,2,NaN
SUPER_7,1990000,1,0,0,1,0,1,NaN
SUPER_7,2000000,1,0,1,2,0,1,1
SUPER_7,2010000,0,1,0,1,0,0,8
SUPER_7,2020000,1,0,1,2,0,1,2
SUPER_7,2030000,2,2,0,4,1,1,3.5
SUPER_7,2040000,1,0,0,1,0,1,NaN
SUPER_7,2050000,2,0,0,2,2,0,NaN
SUPER_7,2060000,5,0,0,5,2,3,NaN
SUPER_7,2070000,1,1,0,2,0,1,2
SUPER_7,2080000,3,0,0,3,2,1,NaN
SUPER_7,2090000,0,0,0,0,0,0,0
SUPER_7,2100000,0,0,0,0,0,0,0
SUPER_7,2110000,0,0,0,0,0,0,0
SUPER_7,2120000,0,0,0,0,0,0,0
SUPER_7,2130000,6,0,1,7,4,2,1
SUPER_7,2140000,3,1,1,5,3,0,30.5
SUPER_7,2150000,2,1,0,3,0,2,2
SUPER_7,2160000,2,0,1,3,2,0,1
SUPER_7,2170000,0,0,0,0,0,0,0
SUPER_7,2180000,0,0,0,0,0,0,0
SUPER_7,2190000,32,3,4,39,17,15,3.2857144
SUPER_7,2200000,21,4,3,28,9,12,5.857143
SUPER_7,2210000,47,5,11,63,26,21,8.6875
SUPER_7,2220000,78,5,3,86,33,45,10.25
SUPER_7,2230000,70,3,5,78,28,42,3.875
SUPER_7,2240000,4,0,1,5,3,1,1
SUPER_7,2250000,4,0,1,5,3,1,1
SUPER_7,2260000,2,0,1,3,1,1,14
SUPER_7,2270000,113,5,7,125,52,61,6.25
SUPER_7,2280000,12,0,0,12,8,4,NaN
SUPER_7,2290000,49,2,6,57,23,26,2.75
SUPER_7,2300000,1,0,0,1,0,1,NaN
SUPER_7,2310000,1,1,0,2,1,0,2
SUPER_7,2320000,1,0,0,1,1,0,NaN
SUPER_7,2330000,2,0,1,3,2,0,1
SUPER_7,2340000,1,0,0,1,0,1,NaN
SUPER_7,2350000,2,0,0,2,1,1,NaN
SUPER_7,2360000,6,0,0,6,2,4,NaN
SUPER_7,2370000,2,0,0,2,2,0,NaN
SUPER_7,2380000,1,0,1,2,1,0,1
SUPER_7,2390000,4,1,1,6,3,1,1.5
SUPER_7,2400000,3,0,0,3,1,2,NaN
SUPER_7,2410000,6,2,0,8,5,1,12.5
SUPER_7,2420000,98,8,9,115,51,47,11.588235
SUPER_7,2430000,100,7,13,120,46,54,6.45
SUPER_7,2440000,90,10,9,109,44,46,4.736842
SUPER_7,2450000,12,1,0,13,6,6,1
SUPER_7,2460000,2,0,0,2,2,0,NaN
SUPER_7,2470000,181,13,6,200,109,72,9.578947
SUPER_7,2480000,129,7,9,145,70,59,12.6875
SUPER_7,2490000,57,7,7,71,23,34,3.357143
SUPER_7,2500000,0,1,0,1,0,0,2
SUPER_7,2510000,99,11,10,120,50,49,4.142857
SUPER_7,2520000,148,12,13,173,69,79,5.08
SUPER_7,2530000,37,4,2,43,21,16,2.5
SUPER_7,2540000,7,0,3,10,2,5,1
SUPER_7,2550000,248,17,16,281,112,136,26.484848
SUPER_7,2560000,175,7,19,201,88,87,34.153847
SUPER_7,2570000,76,1,2,79,42,34,9
SUPER_7,2580000,137,11,14,162,69,68,5.2
SUPER_7,2590000,79,1,3,83,50,29,5.5
SUPER_7,2600000,131,5,14,150,68,63,28.052631
SUPER_7,2610000,189,9,8,206,98,91,5.5882354
SUPER_7,2620000,23,2,3,28,10,13,7
SUPER_7,2630000,59,3,4,66,38,21,18.285715
SUPER_7,2640000,22,2,1,25,12,10,12.666667
SUPER_7,2650000,39,4,0,43,20,19,14.25
SUPER_7,2660000,45,2,8,55,17,28,13.8
SUPER_7,2670000,85,6,10,101,41,44,6.75
SUPER_7,2680000,184,11,9,204,82,102,9.85
SUPER_7,2690000,2,0,0,2,0,2,NaN
SUPER_7,2700000,83,8,6,97,40,43,5.642857
SUPER_7,2710000,50,5,7,62,30,20,5.25
SUPER_7,2720000,87,6,6,99,50,37,10.166667
SUPER_7,2730000,0,0,0,0,0,0,0
SUPER_7,2740000,0,0,0,0,0,0,0
SUPER_7,2750000,40,3,4,47,19,21,6.142857
SUPER_7,2760000,3,0,0,3,3,0,NaN
SUPER_7,2770000,2,0,0,2,1,1,NaN
SUPER_7,2780000,0,0,0,0,0,0,0
SUPER_7,2790000,0,0,0,0,0,0,0
SUPER_7,2800000,4,0,0,4,2,2,NaN
SUPER_7,2810000,1,0,0,1,1,0,NaN
SUPER_7,2820000,12,1,0,13,3,9,34
SUPER_7,2830000,6,0,0,6,1,5,NaN
SUPER_7,2840000,51,3,1,55,27,24,4.25
SUPER_7,2850000,146,6,6,158,80,66,6
SUPER_7,2860000,185,11,13,209,102,83,14.791667
SUPER_7,2870000,61,4,5,70,31,30,1.8888888
SUPER_7,2880000,166,15,16,197,96,70,8.548388
SUPER_7,2890000,72,1,4,77,32,40,2.2
SUPER_7,2900000,55,2,4,61,27,28,2.8333333
SUPER_7,2910000,68,6,5,79,36,32,6.6363635
SUPER_7,2920000,0,0,0,0,0,0,0
SUPER_7,2930000,0,0,0,0,0,0,0
SUPER_7,2940000,0,0,0,0,0,0,0
SUPER_7,2950000,0,0,0,0,0,0,0
SUPER_7,2960000,0,0,0,0,0,0,0
SUPER_7,2970000,298,21,20,339,155,143,9.707317
SUPER_7,2980000,124,6,3,133,71,53,1.8888888
SUPER_7,2990000,0,0,0,0,0,0,0
SUPER_7,3000000,0,0,0,0,0,0,0
SUPER_7,3010000,0,0,0,0,0,0,0
SUPER_7,3020000,27,0,3,30,15,12,3.6666667
SUPER_7,3030000,102,8,4,114,50,52,6.5833335
SUPER_7,3040000,3,0,1,4,0,3,16
SUPER_7,3050000,41,4,4,49,24,17,4.75
SUPER_7,3060000,36,5,2,43,19,17,8.285714
SUPER_7,3070000,174,7,9,190,104,70,4.75
SUPER_7,3080000,118,11,4,133,59,59,10.8
SUPER_7,3090000,103,6,4,113,50,53,9.7
SUPER_7,3100000,165,6,15,186,69,96,96.71429
SUPER_7,3110000,86,9,10,105,37,49,7.6842103
SUPER_7,3120000,98,7,10,115,41,57,13.941176
SUPER_7,3130000,104,11,12,127,51,53,4.9565215
SUPER_7,3140000,174,7,7,188,88,86,13.785714
SUPER_7,3150000,159,9,7,175,83,76,20.375
SUPER_7,3160000,86,3,13,102,54,32,5.25
SUPER_7,3170000,1,0,0,1,0,1,NaN
SUPER_7,3180000,4,2,0,6,3,1,1
SUPER_7,3190000,3,0,0,3,2,1,NaN
SUPER_7,3200000,2,0,0,2,0,2,NaN
SUPER_7,3210000,4,1,0,5,2,2,1
SUPER_7,3220000,6,1,0,7,4,2,1
SUPER_7,3230000,121,6,12,139,57,64,17.333334
SUPER_7,3240000,109,10,7,126,50,59,6.1764708
SUPER_7,3250000,74,6,8,88,40,34,7.785714
SUPER_7,3260000,1,0,0,1,0,1,NaN
SUPER_7,3270000,23,0,0,23,10,13,NaN
SUPER_7,3280000,4,0,1,5,2,2,4
SUPER_7,3290000,0,0,0,0,0,0,0
SUPER_7,3300000,0,0,0,0,0,0,0
SUPER_7,3310000,1,0,2,3,0,1,6.5
SUPER_7,3320000,2,1,1,4,1,1,3
SUPER_7,3330000,3,0,2,5,1,2,11
SUPER_7,3340000,3,0,0,3,2,1,NaN
SUPER_7,3350000,3,1,0,4,2,1,1
SUPER_7,3360000,47,1,2,50,25,22,3
SUPER_7,3370000,164,13,9,186,105,59,7.181818
SUPER_7,3380000,172,8,14,194,95,77,8.090909
SUPER_7,3390000,133,11,5,149,68,65,8.4375
SUPER_7,3400000,44,3,3,50,23,21,2.1666667
SUPER_7,3410000,160,8,15,183,79,81,10.956522
SUPER_7,3420000,135,10,12,157,62,73,4.409091
SUPER_7,3430000,160,11,8,179,92,68,6.631579
SUPER_7,3440000,51,1,4,56,27,24,3.2
SUPER_7,3450000,1,0,0,1,0,1,NaN
SUPER_7,3460000,25,2,1,28,9,16,2.3333333
SUPER_7,3470000,43,1,3,47,25,18,1.25
SUPER_7,3480000,47,5,2,54,22,25,7
SUPER_7,3490000,2,0,0,2,1,1,NaN
SUPER_7,3500000,67,8,4,79,43,24,8.333333
SUPER_7,3510000,149,8,5,162,80,69,16.153847
SUPER_7,3520000,117,8,9,134,57,60,4.8235292
SUPER_7,3530000,139,7,15,161,75,64,11.136364
SUPER_7,3540000,4,1,1,6,1,3,1
SUPER_7,3550000,40,2,1,43,22,18,13
SUPER_7,3560000,173,9,14,196,99,74,8.565217
SUPER_7,3570000,99,8,8,115,55,44,3.125
SUPER_7,3580000,63,9,4,76,33,30,2.6923077
SUPER_7,3590000,119,9,10,138,57,62,6.0526314
SUPER_7,3600000,1,0,1,2,0,1,1
SUPER_7,3610000,1,1,1,3,0,1,1
SUPER_7,3620000,2,0,0,2,1,1,NaN
SUPER_7,3630000,4,0,0,4,2,2,NaN
SUPER_7,3640000,3,1,1,5,1,2,30.5
SUPER_7,3650000,3,0,0,3,2,1,NaN
SUPER_7,3660000,0,0,0,0,0,0,0
SUPER_7,3670000,0,0,0,0,0,0,0
SUPER_7,3680000,212,9,14,235,98,114,5.7826085
SUPER_7,3690000,100,5,7,112,60,40,11.333333
SUPER_7,3700000,175,10,5,190,96,79,5.6
SUPER_7,3710000,17,2,0,19,10,7,3
SUPER_7,3720000,3,0,0,3,3,0,NaN
SUPER_7,3730000,2,0,0,2,0,2,NaN
SUPER_7,3740000,4,0,0,4,2,2,NaN
SUPER_7,3750000,50,6,3,59,25,25,14.222222
SUPER_7,3760000,179,12,13,204,92,87,5.52
SUPER_7,3770000,120,9,10,139,59,61,14.736842
SUPER_7,3780000,52,5,6,63,29,23,8.454545
SUPER_7,3790000,64,4,7,75,38,26,19.545454
SUPER_7,3800000,154,12,8,174,81,73,7.3
SUPER_7,3810000,120,12,10,142,81,39,6.318182
SUPER_7,3820000,158,12,19,189,88,70,6.387097
SUPER_7,3830000,79,2,5,86,44,35,16.285715
SUPER_7,3840000,142,14,13,169,60,82,3.5555556
SUPER_7,3850000,126,7,5,138,59,67,4
SUPER_7,3860000,57,6,3,66,20,37,4
SUPER_7,3870000,67,4,4,75,35,32,8.125
SUPER_7,3880000,45,2,1,48,22,23,2.3333333
SUPER_7,3890000,191,11,8,210,97,94,4.2105265
SUPER_7,3900000,116,5,6,127,62,54,3.2727273
SUPER_7,3910000,5,1,1,7,2,3,4.5
SUPER_7,3920000,2,0,0,2,0,2,NaN
SUPER_7,3930000,4,0,0,4,0,4,NaN
SUPER_7,3940000,3,0,0,3,3,0,NaN
SUPER_7,3950000,6,1,1,8,3,3,2.5
SUPER_7,3960000,4,0,0,4,1,3,NaN
SUPER_7,3970000,73,6,5,84,37,36,5.181818
SUPER_7,3980000,52,4,5,61,29,23,2.4444444
SUPER_7,3990000,149,14,8,171,65,84,23.545454
SUPER_7,4000000,66,1,1,68,38,28,2.5
SUPER_7,4010000,1,2,1,4,0,1,2
SUPER_7,4020000,3,0,1,4,0,3,12
SUPER_7,4030000,2,0,0,2,2,0,NaN
SUPER_7,4040000,1,0,1,2,0,1,1
SUPER_7,4050000,4,0,0,4,2,2,NaN
SUPER_7,4060000,17,0,1,18,6,11,1
SUPER_7,4070000,2,2,0,4,1,1,1
SUPER_7,4080000,1,1,0,2,1,0,6
SUPER_7,4090000,1,1,0,2,0,1,1
SUPER_7,4100000,3,0,1,4,1,2,24
SUPER_7,4110000,0,0,0,0,0,0,0
SUPER_7,4120000,0,0,0,0,0,0,0
SUPER_7,4130000,4,0,0,4,1,3,NaN
SUPER_7,4140000,193,10,16,219,96,97,5.6153846
SUPER_7,4150000,65,1,5,71,34,31,1
SUPER_7,4160000,104,6,10,120,44,60,17.9375
SUPER_7,4170000,84,8,3,95,42,42,4.181818
SUPER_7,4180000,101,9,9,119,50,51,7.4444447
SUPER_7,4190000,165,8,14,187,88,77,5.2727275
SUPER_7,4200000,49,4,3,56,23,26,11.285714
SUPER_7,4210000,29,3,2,34,20,9,10.6
SUPER_7,4220000,133,6,6,145,67,66,4.9166665
SUPER_7,4230000,155,9,14,178,82,73,9.26087
SUPER_7,4240000,183,14,18,215,89,94,6.53125
SUPER_7,4250000,14,1,0,15,8,6,5
SUPER_7,4260000,3,0,0,3,3,0,NaN
SUPER_7,4270000,128,8,17,153,61,67,14.96
SUPER_7,4280000,82,8,3,93,40,42,4.6363635
SUPER_7,4290000,95,10,6,111,51,44,10.3125
SUPER_7,4300000,101,11,6,118,58,43,7.2941175
SUPER_7,4310000,96,6,9,111,51,45,8.066667
SUPER_7,4320000,108,5,7,120,54,54,6.5
SUPER_7,4330000,124,16,8,148,59,65,7.0416665
SUPER_7,4340000,97,11,10,118,58,39,7.5238094
SUPER_7,4350000,28,1,1,30,16,12,3.5
SUPER_7,4360000,22,1,0,23,16,6,8
SUPER_7,4370000,107,8,4,119,51,56,16.583334
SUPER_7,4380000,9,1,0,10,6,3,3
SUPER_7,4390000,38,2,0,40,18,20,3
SUPER_7,4400000,24,1,3,28,11,13,12.75
SUPER_7,4410000,147,5,6,158,75,72,9.181818
SUPER_7,4420000,95,5,1,101,52,43,5.3333335
SUPER_7,4430000,6,0,0,6,2,4,NaN
SUPER_7,4440000,45,2,2,49,20,25,8
SUPER_7,4450000,1,1,1,3,0,1,3.5
SUPER_7,4460000,2,0,0,2,1,1,NaN
SUPER_7,4470000,12,0,2,14,4,8,9
SUPER_7,4480000,3,0,0,3,1,2,NaN
SUPER_7,4490000,3,2,1,6,2,1,1
SUPER_7,4500000,86,8,11,105,48,38,4.6842103
SUPER_7,4510000,103,6,7,116,58,45,15.923077
SUPER_7,4520000,54,4,5,63,30,24,11.777778
SUPER_7,4530000,191,6,15,212,96,95,11.380953
SUPER_7,4540000,149,7,12,168,79,70,14.105263
SUPER_7,4550000,90,9,2,101,49,41,8.181818
SUPER_7,4560000,118,8,6,132,70,48,9.928572
SUPER_7,4570000,5,0,1,6,3,2,1
SUPER_7,4580000,2,0,0,2,0,2,NaN
SUPER_7,4590000,1,3,0,4,0,1,16.333334
SUPER_7,4600000,82,6,5,93,42,40,13.454545
SUPER_7,4610000,63,6,5,74,30,33,9
SUPER_7,4620000,79,9,5,93,43,36,14.285714
SUPER_7,4630000,108,8,6,122,53,55,5.071429
SUPER_7,4640000,115,4,7,126,52,63,7.818182
SUPER_7,4650000,218,7,12,237,110,108,18.31579
SUPER_7,4660000,194,16,11,221,110,84,10.888889
SUPER_7,4670000,75,7,10,92,31,44,3.4705882
SUPER_7,4680000,10,2,0,12,5,5,6.5
SUPER_7,4690000,0,0,0,0,0,0,0
SUPER_7,4700000,0,0,0,0,0,0,0
SUPER_7,4710000,6,0,0,6,1,5,NaN
SUPER_7,4720000,6,0,1,7,2,4,1
SUPER_7,4730000,1,0,0,1,0,1,NaN
SUPER_7,4740000,53,5,2,60,22,31,8
SUPER_7,4750000,141,8,9,158,79,62,12.470589
SUPER_7,4760000,0,0,0,0,0,0,0
SUPER_7,4770000,0,0,0,0,0,0,0
SUPER_7,4780000,28,3,6,37,10,18,4.6666665
SUPER_7,4790000,114,6,10,130,58,56,2.4375
SUPER_7,4800000,127,11,9,147,60,67,9.05
SUPER_7,4810000,67,3,2,72,33,34,14.8
SUPER_7,4820000,104,6,8,118,48,56,8.142858
SUPER_7,4830000,81,8,6,95,42,39,8.142858
SUPER_7,4840000,1,0,0,1,1,0,NaN
SUPER_7,4850000,1,0,0,1,1,0,NaN
SUPER_7,4860000,46,1,10,57,17,29,58.272728
SUPER_7,4870000,6,2,1,9,4,2,1.6666666
SUPER_7,4880000,84,13,8,105,49,35,9.333333
SUPER_7,4890000,131,5,13,149,63,68,5.5
SUPER_7,4900000,137,7,12,156,64,73,10.736842
SUPER_7,4910000,100,8,6,114,44,56,42.42857
SUPER_7,4920000,125,7,7,139,63,62,8.857142
SUPER_7,4930000,172,9,20,201,92,80,19.793104
SUPER_7,4940000,141,8,5,154,64,77,6.6153846
SUPER_7,4950000,204,16,19,239,85,119,9.057143
SUPER_7,4960000,173,18,10,201,90,83,6.071429
SUPER_7,4970000,94,8,11,113,42,52,6.5789475
SUPER_7,4980000,71,3,4,78,33,38,9.857142
SUPER_7,4990000,115,5,11,131,51,64,8.5625
SUPER_7,5000000,108,15,9,132,55,53,6.9583335
SUPER_7,5010000,110,11,16,137,51,59,23.333334
SUPER_7,5020000,132,10,10,152,69,63,6.75
SUPER_7,5030000,95,10,8,113,42,53,10.5
SUPER_7,5040000,141,16,17,174,68,73,9.393939
SUPER_7,5050000,134,13,5,152,69,65,12.222222
SUPER_7,5060000,125,6,13,144,56,69,10
SUPER_7,5070000,93,4,4,101,48,45,4
SUPER_7,5080000,123,10,14,147,65,58,6.4166665
SUPER_7,5090000,141,9,18,168,71,70,9.222222
SUPER_7,5100000,53,3,3,59,23,30,6.8333335
SUPER_7,5110000,47,1,2,50,23,24,4.6666665
SUPER_7,5120000,25,0,2,27,11,14,4
SUPER_7,5130000,20,3,4,27,9,11,10.142858
SUPER_7,5140000,21,3,2,26,13,8,5
SUPER_7,5150000,87,7,7,101,43,44,6
SUPER_7,5160000,2,0,1,3,1,1,3
SUPER_7,5170000,4,0,1,5,2,2,1
SUPER_7,5180000,5,0,0,5,1,4,NaN
SUPER_7,5190000,3,0,1,4,2,1,2
SUPER_7,5200000,3,2,1,6,0,3,3
SUPER_7,5210000,1,2,0,3,0,1,1.5
SUPER_7,5220000,1,0,1,2,1,0,3
SUPER_7,5230000,0,0,0,0,0,0,0
SUPER_7,5240000,0,0,0,0,0,0,0
SUPER_7,5250000,5,2,0,7,2,3,5.5
SUPER_7,5260000,2,1,0,3,2,0,1
SUPER_7,5270000,1,0,0,1,0,1,NaN
SUPER_7,5280000,1,1,0,2,0,1,1
SUPER_7,5290000,0,0,0,0,0,0,0
SUPER_7,5300000,0,0,0,0,0,0,0
SUPER_7,5310000,38,3,1,42,26,12,9.5
SUPER_7,5320000,1,0,0,1,1,0,NaN
SUPER_7,5330000,4,0,0,4,4,0,NaN
SUPER_7,5340000,2,2,0,4,0,2,1.5
SUPER_7,5350000,4,0,2,6,2,2,1.5
SUPER_7,5360000,0,0,1,1,0,0,1
SUPER_7,5370000,39,5,6,50,22,17,5.5454545
SUPER_7,5380000,1,0,0,1,0,1,NaN
SUPER_7,5390000,2,0,0,2,1,1,NaN
SUPER_7,5400000,2,0,0,2,1,1,NaN
SUPER_7,5410000,6,0,2,8,3,3,10.5
SUPER_7,5420000,2,2,1,5,0,2,6.6666665
SUPER_7,5430000,2,0,0,2,2,0,NaN
SUPER_7,5440000,4,0,0,4,2,2,NaN
SUPER_7,5450000,5,0,1,6,1,4,9
SUPER_7,5460000,159,8,15,182,87,72,12.521739
SUPER_7,5470000,66,1,7,74,39,27,6.375
SUPER_7,5480000,64,4,4,72,36,28,5.5
SUPER_7,5490000,131,10,4,145,73,58,8.714286
SUPER_7,5500000,167,13,17,197,85,82,5.133333
SUPER_7,5510000,144,15,8,167,77,67,7.347826
SUPER_7,5520000,99,7,9,115,57,42,17.25
SUPER_7,5530000,215,24,17,256,102,113,5.390244
SUPER_7,5540000,192,13,17,222,108,84,7.6666665
SUPER_7,5550000,115,6,12,133,52,63,14.222222
SUPER_7,5560000,91,5,9,105,51,40,14.5
SUPER_7,5570000,99,9,6,114,51,48,15.066667
SUPER_7,5580000,90,9,6,105,53,37,2.6666667
SUPER_7,5590000,143,8,5,156,72,71,9
SUPER_7,5600000,57,3,0,60,24,33,10.666667
SUPER_7,5610000,4,0,0,4,2,2,NaN
SUPER_7,5620000,49,1,6,56,28,21,2.142857
SUPER_7,5630000,58,4,3,65,30,28,12.428572
SUPER_7,5640000,3,0,0,3,2,1,NaN
SUPER_7,5650000,1,0,0,1,1,0,NaN
SUPER_7,5660000,2,0,0,2,0,2,NaN
SUPER_7,5670000,14,2,1,17,7,7,102
SUPER_7,5680000,4,0,2,6,4,0,3.5
SUPER_7,5690000,4,0,0,4,2,2,NaN
SUPER_7,5700000,16,0,0,16,10,6,NaN
SUPER_7,5710000,2,1,0,3,1,1,1
SUPER_7,5720000,103,4,6,113,49,54,13.9
SUPER_7,5730000,173,10,12,195,98,75,5.590909
SUPER_7,5740000,173,11,9,193,87,86,23.95
SUPER_7,5750000,67,8,7,82,39,28,7.9333334
SUPER_7,5760000,151,15,11,177,81,70,4.5384617
SUPER_7,5770000,102,6,3,111,53,49,18.222221
SUPER_7,5780000,112,6,4,122,59,53,14.4
SUPER_7,5790000,49,6,4,59,31,18,15.4
SUPER_7,5800000,155,9,10,174,77,78,4.4210525
SUPER_7,5810000,18,2,0,20,9,9,5
SUPER_7,5820000,42,1,2,45,25,17,1
SUPER_7,5830000,9,0,1,10,3,6,1
SUPER_7,5840000,70,7,10,87,29,41,5.2352943
SUPER_7,5850000,171,16,13,200,89,82,2.5172415
SUPER_7,5860000,0,0,0,0,0,0,0
SUPER_7,5870000,0,0,0,0,0,0,0
SUPER_7,5880000,72,3,6,81,32,40,3.4444444
SUPER_7,5890000,88,7,5,100,50,38,8.75
SUPER_7,5900000,137,4,10,151,67,70,2.5
SUPER_7,5910000,54,3,5,62,27,27,5.75
SUPER_7,5920000,4,1,1,6,2,2,1
SUPER_7,5930000,2,0,0,2,0,2,NaN
SUPER_7,5940000,9,0,2,11,5,4,1
SUPER_7,5950000,72,8,6,86,38,34,6
SUPER_7,5960000,178,10,14,202,87,91,5.5833335
SUPER_7,5970000,137,4,15,156,68,69,9.052631
SUPER_7,5980000,86,4,7,97,39,47,5.5454545
SUPER_7,5990000,77,4,6,87,37,40,5.7
SUPER_7,6000000,67,3,4,74,37,30,11.428572
SUPER_7,6010000,25,2,0,27,14,11,2.5
SUPER_7,6020000,171,9,19,199,91,80,5.714286
SUPER_7,6030000,111,11,7,129,53,58,4.3333335
SUPER_7,6040000,172,12,7,191,99,73,4.6842103
SUPER_7,6050000,12,3,0,15,7,5,1
SUPER_7,6060000,153,6,3,162,81,72,5.2222223
SUPER_7,6070000,74,2,5,81,41,33,4.142857
SUPER_7,6080000,91,5,5,101,48,43,5.1
SUPER_7,6090000,164,4,14,182,79,85,6.5
SUPER_7,6100000,98,6,4,108,49,49,6
SUPER_7,6110000,97,5,9,111,47,50,10.428572
SUPER_7,6120000,89,10,10,109,46,43,4
SUPER_7,6130000,156,11,15,182,83,73,15.692307
SUPER_7,6140000,99,7,7,113,53,46,6.142857
SUPER_7,6150000,68,6,6,80,31,37,4.1666665
SUPER_7,6160000,144,7,8,159,72,72,11.466666
SUPER_7,6170000,82,4,3,89,37,45,14.142858
SUPER_7,6180000,47,2,1,50,23,24,11.333333
SUPER_7,6190000,105,6,3,114,55,50,7.111111
SUPER_7,6200000,51,4,7,62,30,21,3.909091
SUPER_7,6210000,1,0,0,1,1,0,NaN
SUPER_7,6220000,1,0,1,2,1,0,2
SUPER_7,6230000,3,0,0,3,2,1,NaN
SUPER_7,6240000,2,0,0,2,1,1,NaN
SUPER_7,6250000,3,2,2,7,1,2,4.25
SUPER_7,6260000,0,1,0,1,0,0,4
SUPER_7,6270000,3,1,1,5,0,3,1.5
SUPER_7,6280000,20,3,0,23,12,8,2
SUPER_7,6290000,3,0,0,3,1,2,NaN
SUPER_7,6300000,28,0,3,31,20,8,9.333333
SUPER_7,6310000,9,2,2,13,4,5,8.25
SUPER_7,6320000,122,10,6,138,71,51,6.875
SUPER_7,6330000,156,4,12,172,66,90,7.3125
SUPER_7,6340000,51,7,7,65,25,26,10.785714
SUPER_7,6350000,113,10,6,129,65,48,40.375
SUPER_7,6360000,114,6,6,126,62,52,17.25
SUPER_7,6370000,63,0,4,67,31,32,32
SUPER_7,6380000,105,7,14,126,44,61,7.285714
SUPER_7,6390000,101,13,9,123,58,43,6.7727275
SUPER_7,6400000,46,4,1,51,24,22,4.8
SUPER_7,6410000,2,1,0,3,1,1,11
SUPER_7,6420000,3,1,0,4,3,0,1
SUPER_7,6430000,5,1,3,9,2,3,9.75
SUPER_7,6440000,16,1,4,21,7,9,1.8
SUPER_7,6450000,32,3,3,38,14,18,8.333333
SUPER_7,6460000,1,1,0,2,1,0,8
SUPER_7,6470000,7,0,0,7,2,5,NaN
SUPER_7,6480000,2,0,0,2,1,1,NaN
SUPER_7,6490000,10,1,1,12,5,5,3.5
SUPER_7,6500000,148,11,5,164,77,71,4.875
SUPER_7,6510000,88,6,8,102,53,35,4.785714
SUPER_7,6520000,77,6,4,87,35,42,2.1
SUPER_7,6530000,77,3,9,89,39,38,4.3333335
SUPER_7,6540000,51,2,6,59,27,24,8.125
SUPER_7,6550000,131,14,10,155,60,71,6.25
SUPER_7,6560000,40,0,2,42,25,15,5
SUPER_7,6570000,93,4,9,106,44,49,3.2307692
SUPER_7,6580000,68,6,7,81,31,37,5.230769
SUPER_7,6590000,0,0,0,0,0,0,0
SUPER_7,6600000,0,0,0,0,0,0,0
SUPER_7,6610000,0,0,0,0,0,0,0
SUPER_7,6620000,38,2,4,44,16,22,2.6666667
SUPER_7,6630000,120,10,13,143,57,63,2.7826087
SUPER_7,6640000,77,12,9,98,42,35,5.571429
SUPER_7,6650000,36,7,1,44,18,18,5.625
SUPER_7,6660000,50,4,7,61,28,22,3.5454545
SUPER_7,6670000,86,6,1,93,39,47,6.142857
SUPER_7,6680000,46,4,4,54,29,17,4.75
SUPER_7,6690000,27,2,2,31,19,8,9.25
SUPER_7,6700000,76,5,4,85,38,38,4.6666665
SUPER_7,6710000,96,5,6,107,54,42,4.090909
SUPER_7,6720000,126,10,16,152,56,70,5.0384617
SUPER_7,6730000,124,7,14,145,65,59,27.714285
SUPER_7,6740000,2,2,0,4,0,2,4.5
SUPER_7,6750000,2,0,0,2,1,1,NaN
SUPER_7,6760000,1,0,0,1,1,0,NaN
SUPER_7,6770000,3,1,1,5,3,0,2
SUPER_7,6780000,52,5,8,65,31,21,11.307693
SUPER_7,6790000,42,8,3,53,22,20,7.090909
SUPER_7,6800000,76,6,6,88,41,35,8.5
SUPER_7,6810000,22,0,2,24,7,15,7
SUPER_7,6820000,56,4,7,67,25,31,1.9090909
SUPER_7,6830000,93,9,3,105,50,43,4.1666665
SUPER_7,6840000,66,2,2,70,35,31,4.5
SUPER_7,6850000,3,0,0,3,2,1,NaN
SUPER_7,6860000,40,3,7,50,13,27,9.1
SUPER_7,6870000,82,11,6,99,40,42,11.176471
SUPER_7,6880000,54,7,2,63,21,33,7.3333335
SUPER_7,6890000,39,3,8,50,18,21,8.272727
SUPER_7,6900000,39,2,3,44,18,21,4
SUPER_7,6910000,2,0,1,3,1,1,2
SUPER_7,6920000,3,0,0,3,3,0,NaN
SUPER_7,6930000,4,0,1,5,1,3,115
SUPER_7,6940000,0,0,0,0,0,0,0
SUPER_7,6950000,0,0,0,0,0,0,0
SUPER_7,6960000,85,6,12,103,47,38,3.8888888
SUPER_7,6970000,0,0,0,0,0,0,0
SUPER_7,6980000,0,0,0,0,0,0,0
SUPER_7,6990000,84,10,7,101,45,39,3.1764705
SUPER_7,7000000,2,0,0,2,1,1,NaN
SUPER_7,7010000,1,0,0,1,0,1,NaN
SUPER_7,7020000,1,0,0,1,1,0,NaN
SUPER_7,7030000,3,0,0,3,1,2,NaN
SUPER_7,7040000,1,0,1,2,0,1,12
SUPER_7,7050000,3,0,0,3,0,3,NaN
SUPER_7,7060000,1,0,0,1,0,1,NaN
SUPER_7,7070000,1,0,0,1,0,1,NaN
SUPER_7,7080000,8,0,0,8,3,5,NaN
SUPER_7,7090000,0,0,1,1,0,0,24
SUPER_7,7100000,16,0,1,17,2,14,3
SUPER_7,7110000,91,4,14,109,49,42,8.888889
SUPER_7,7120000,131,11,11,153,59,72,8.590909
SUPER_7,7130000,4,1,1,6,2,2,5.5
SUPER_7,7140000,35,3,1,39,20,15,5.75
SUPER_7,7150000,86,7,10,103,41,45,48.17647
SUPER_7,7160000,43,6,10,59,22,21,13.875
SUPER_7,7170000,64,4,6,74,33,31,5.3
SUPER_7,7180000,64,5,4,73,33,31,2.4444444
SUPER_7,7190000,2,0,0,2,1,1,NaN
SUPER_7,7200000,1,0,1,2,1,0,1
SUPER_7,7210000,80,7,3,90,49,31,1.4
SUPER_7,7220000,136,9,11,156,67,69,4.3
SUPER_7,7230000,12,1,0,13,9,3,1
SUPER_7,7240000,0,0,0,0,0,0,0
SUPER_7,7250000,0,0,0,0,0,0,0
SUPER_7,7260000,8,0,1,9,3,5,1
SUPER_7,7270000,2,0,0,2,2,0,NaN
SUPER_7,7280000,0,0,0,0,0,0,0
SUPER_7,7290000,0,0,0,0,0,0,0
SUPER_7,7300000,0,0,0,0,0,0,0
SUPER_7,7310000,0,0,0,0,0,0,0
SUPER_7,7320000,0,0,0,0,0,0,0
SUPER_7,7330000,48,7,1,56,24,24,2.125
SUPER_7,7340000,2,0,1,3,2,0,1
SUPER_7,7350000,2,1,0,3,2,0,2
SUPER_7,7360000,26,2,6,34,14,12,6.875
SUPER_7,7370000,131,8,10,149,75,56,3.4444444
SUPER_7,7380000,87,5,10,102,42,45,13.666667
SUPER_7,7390000,104,5,7,116,58,46,4.75
SUPER_7,7400000,79,10,8,97,42,37,7.7222223
SUPER_7,7410000,9,3,1,13,6,3,6.5
SUPER_7,7420000,82,7,4,93,42,40,47.090908
SUPER_7,7430000,132,13,5,150,67,65,8
SUPER_7,7440000,83,4,2,89,46,37,2.8333333
SUPER_7,7450000,30,2,0,32,21,9,1.5
SUPER_7,7460000,48,4,4,56,28,20,5.625
SUPER_7,7470000,104,8,6,118,55,49,7.571429
SUPER_7,7480000,97,14,8,119,43,54,14.181818
SUPER_7,7490000,137,7,10,154,62,75,4.2352943
SUPER_7,7500000,154,17,10,181,79,75,7.2222223
SUPER_7,7510000,67,6,2,75,29,38,3.625
SUPER_7,7520000,9,0,2,11,6,3,1.5
SUPER_7,7530000,1,0,0,1,0,1,NaN
SUPER_7,7540000,1,1,0,2,1,0,1
SUPER_7,7550000,3,0,0,3,1,2,NaN
SUPER_7,7560000,2,0,0,2,2,0,NaN
SUPER_7,7570000,1,0,1,2,1,0,1
SUPER_7,7580000,2,1,1,4,2,0,1
SUPER_7,7590000,39,5,0,44,21,18,9.4
SUPER_7,7600000,50,4,7,61,25,25,3.7272727
SUPER_7,7610000,6,1,0,7,2,4,1
SUPER_7,7620000,8,0,1,9,5,3,6
SUPER_7,7630000,147,10,12,169,80,67,7.409091
SUPER_7,7640000,18,2,1,21,12,6,2
SUPER_7,7650000,33,3,3,39,17,16,9.833333
SUPER_7,7660000,72,1,1,74,39,33,80.5
SUPER_7,7670000,64,4,4,72,31,33,4.375
SUPER_7,7680000,151,5,6,162,80,71,6.181818
SUPER_7,7690000,92,8,3,103,52,40,8.090909
SUPER_7,7700000,116,6,7,129,57,59,7
SUPER_7,7710000,1,0,0,1,1,0,NaN
SUPER_7,7720000,3,0,0,3,1,2,NaN
SUPER_7,7730000,46,4,3,53,22,24,155
SUPER_7,7740000,38,7,4,49,17,21,3
SUPER_7,7750000,178,8,12,198,77,101,6.2
SUPER_7,7760000,25,2,4,31,17,8,5.6666665
SUPER_7,7770000,82,3,2,87,52,30,5.6
SUPER_7,7780000,89,8,7,104,47,42,7.6
SUPER_7,7790000,162,6,11,179,84,78,9.705882
SUPER_7,7800000,78,4,9,91,40,38,15.538462
SUPER_7,7810000,51,0,3,54,29,22,1
SUPER_7,7820000,58,5,1,64,33,25,2
SUPER_7,7830000,34,4,4,42,14,20,8.5
SUPER_7,7840000,110,4,5,119,55,55,12.111111
SUPER_7,7850000,159,12,8,179,91,68,7.1
SUPER_7,7860000,51,5,8,64,27,24,3.2307692
SUPER_7,7870000,28,3,2,33,15,13,62.8
SUPER_7,7880000,13,2,0,15,7,6,1.5
SUPER_7,7890000,116,6,3,125,65,51,5.5555553
SUPER_7,7900000,117,5,9,131,60,57,4.428571
SUPER_7,7910000,0,0,0,0,0,0,0
SUPER_7,7920000,0,0,0,0,0,0,0
SUPER_7,7930000,0,0,0,0,0,0,0
SUPER_7,7940000,194,8,18,220,111,83,5.6538463
SUPER_7,7950000,57,4,4,65,32,25,2.125
SUPER_7,7960000,138,8,9,155,67,71,13.588235
SUPER_7,7970000,127,15,7,149,59,68,5.0454545
SUPER_7,7980000,73,10,7,90,41,32,5.470588
SUPER_7,7990000,45,3,2,50,25,20,1.4
SUPER_7,8000000,76,5,8,89,41,35,8.461538
SUPER_7,8010000,57,4,10,71,30,27,10.928572
SUPER_7,8020000,11,0,0,11,7,4,NaN
SUPER_7,8030000,158,16,22,196,86,72,9
SUPER_7,8040000,37,2,2,41,21,16,52.25
SUPER_7,8050000,170,13,7,190,92,78,3.95
SUPER_7,8060000,168,10,10,188,76,92,18.75
SUPER_7,8070000,45,4,3,52,27,18,3.857143
SUPER_7,8080000,2,0,0,2,1,1,NaN
SUPER_7,8090000,3,0,1,4,1,2,2
SUPER_7,8100000,36,4,3,43,17,19,1.8571428
SUPER_7,8110000,90,2,7,99,52,38,20.555555
SUPER_7,8120000,5,0,0,5,2,3,NaN
SUPER_7,8130000,121,6,8,135,63,58,37.142857
SUPER_7,8140000,76,6,11,93,38,38,5.8235292
SUPER_7,8150000,2,1,0,3,2,0,11
SUPER_7,8160000,2,0,1,3,2,0,1
SUPER_7,8170000,93,4,6,103,49,44,5.6
SUPER_7,8180000,186,14,13,213,93,93,4.3703704
SUPER_7,8190000,36,3,1,40,17,19,14.5
SUPER_7,8200000,3,0,0,3,0,3,NaN
SUPER_7,8210000,83,6,7,96,46,37,10.846154
SUPER_7,8220000,233,13,17,263,129,104,9.7
SUPER_7,8230000,206,12,18,236,95,111,6.9333334
SUPER_7,8240000,121,17,8,146,54,67,11.24
SUPER_7,8250000,101,9,12,122,47,54,8.142858
SUPER_7,8260000,145,10,12,167,70,75,10.181818
SUPER_7,8270000,112,7,13,132,70,42,11.15
SUPER_7,8280000,8,3,2,13,5,3,4
SUPER_7,8290000,2,0,0,2,2,0,NaN
SUPER_7,8300000,24,4,0,28,13,11,6.5
SUPER_7,8310000,65,1,4,70,35,30,2.8
SUPER_7,8320000,97,8,5,110,55,42,12.384615
SUPER_7,8330000,176,11,14,201,104,72,3.8
SUPER_7,8340000,84,8,6,98,34,50,3.2857144
SUPER_7,8350000,2,0,0,2,0,2,NaN
SUPER_7,8360000,1,0,2,3,1,0,2
SUPER_7,8370000,2,2,0,4,1,1,5.5
SUPER_7,8380000,9,1,1,11,5,4,2.5
SUPER_7,8390000,140,5,12,157,67,73,48.117645
SUPER_7,8400000,79,5,6,90,32,47,4.4545455
SUPER_7,8410000,165,12,17,194,80,85,7.2413793
SUPER_7,8420000,144,11,13,168,62,82,7.75
SUPER_7,8430000,82,10,10,102,34,48,3.85
SUPER_7,8440000,106,7,11,124,51,55,5.6666665
SUPER_7,8450000,9,0,2,11,2,7,3
SUPER_7,8460000,17,1,3,21,11,6,4.75
SUPER_7,8470000,117,14,12,143,65,52,7.8461537
SUPER_7,8480000,149,15,14,178,66,83,6.827586
SUPER_7,8490000,86,5,10,101,42,44,4.866667
SUPER_7,8500000,14,2,1,17,9,5,1
SUPER_7,8510000,70,8,9,87,34,36,7.5882354
SUPER_7,8520000,1,0,1,2,0,1,9
SUPER_7,8530000,4,0,0,4,2,2,NaN
SUPER_7,8540000,1,0,0,1,0,1,NaN
SUPER_7,8550000,78,7,5,90,39,39,28
SUPER_7,8560000,9,1,2,12,5,4,6.6666665
SUPER_7,8570000,3,0,0,3,1,2,NaN
SUPER_7,8580000,31,3,0,34,11,20,1
SUPER_7,8590000,7,1,1,9,1,6,2.5
SUPER_7,8600000,7,0,1,8,3,4,1
SUPER_7,8610000,2,0,0,2,1,1,NaN
SUPER_7,8620000,4,0,0,4,1,3,NaN
SUPER_7,8630000,4,0,2,6,3,1,1
SUPER_7,8640000,2,0,0,2,1,1,NaN
SUPER_7,8650000,2,2,1,5,2,0,5
SUPER_7,8660000,2,0,0,2,0,2,NaN
SUPER_7,8670000,5,0,0,5,3,2,NaN
SUPER_7,8680000,7,0,2,9,4,3,1.5
SUPER_7,8690000,7,2,0,9,6,1,15.5
SUPER_7,8700000,82,3,6,91,42,40,16.11111
SUPER_7,8710000,0,0,0,0,0,0,0
SUPER_7,8720000,0,0,0,0,0,0,0
SUPER_7,8730000,115,14,16,145,61,54,13.766666
SUPER_7,8740000,0,0,0,0,0,0,0
SUPER_7,8750000,0,0,0,0,0,0,0
SUPER_7,8760000,0,0,0,0,0,0,0
SUPER_7,8770000,0,0,0,0,0,0,0
SUPER_7,8780000,0,0,0,0,0,0,0
SUPER_7,8790000,0,0,0,0,0,0,0
SUPER_7,8800000,81,8,12,101,41,40,7.7
SUPER_7,8810000,17,2,0,19,10,7,4.5
SUPER_7,8820000,146,10,18,174,73,73,8.214286
SUPER_7,8830000,100,5,7,112,55,45,8
SUPER_7,8840000,68,10,5,83,34,34,2.4666667
SUPER_7,8850000,129,7,15,151,71,58,4.7727275
SUPER_7,8860000,61,1,2,64,35,26,2
SUPER_7,8870000,86,3,3,92,38,48,12.666667
SUPER_7,8880000,72,4,3,79,38,34,2.142857
SUPER_7,8890000,2,2,0,4,1,1,1.5
SUPER_7,8900000,3,0,0,3,1,2,NaN
SUPER_7,8910000,2,0,0,2,0,2,NaN
SUPER_7,8920000,1,0,1,2,0,1,1
SUPER_7,8930000,1,0,0,1,1,0,NaN
SUPER_7,8940000,25,2,0,27,10,15,1
SUPER_7,8950000,67,4,2,73,31,36,8.333333
SUPER_7,8960000,33,2,0,35,14,19,2.5
SUPER_7,8970000,12,3,1,16,6,6,2.5
SUPER_7,8980000,69,5,7,81,42,27,40.5
SUPER_7,8990000,1,0,0,1,1,0,NaN
SUPER_7,9000000,0,0,0,0,0,0,0
SUPER_7,9010000,0,0,0,0,0,0,0
SUPER_7,9020000,0,0,0,0,0,0,0
SUPER_7,9030000,57,6,5,68,31,26,11.454545
SUPER_7,9040000,21,2,3,26,11,10,16.4
SUPER_7,9050000,6,1,1,8,3,3,1
SUPER_7,9060000,2,1,0,3,1,1,2
SUPER_7,9070000,2,0,1,3,1,1,2
SUPER_7,9080000,6,2,1,9,3,3,1.6666666
SUPER_7,9090000,2,0,1,3,2,0,2
SUPER_7,9100000,2,1,0,3,1,1,5
SUPER_7,9110000,1,0,0,1,1,0,NaN
SUPER_7,9120000,0,1,2,3,0,0,1.3333334
SUPER_7,9130000,94,2,7,103,44,50,3.4444444
SUPER_7,9140000,20,2,0,22,13,7,10
SUPER_7,9150000,4,0,2,6,3,1,1
SUPER_7,9160000,4,0,1,5,1,3,3
SUPER_7,9170000,4,0,0,4,2,2,NaN
SUPER_7,9180000,2,0,0,2,1,1,NaN
SUPER_7,9190000,8,2,0,10,7,1,2
SUPER_7,9200000,3,0,1,4,3,0,2
SUPER_7,9210000,7,0,1,8,4,3,1
SUPER_7,9220000,6,0,1,7,3,3,1
SUPER_7,9230000,6,1,0,7,4,2,21
SUPER_7,9240000,2,0,1,3,1,1,1
SUPER_7,9250000,6,1,1,8,2,4,1.5
SUPER_7,9260000,119,7,3,129,66,53,3.5
SUPER_7,9270000,82,7,5,94,48,34,11.166667
SUPER_7,9280000,63,2,5,70,37,26,12.142858
SUPER_7,9290000,79,4,2,85,39,40,2.8333333
SUPER_7,9300000,127,9,9,145,76,51,43.77778
SUPER_7,9310000,16,1,0,17,10,6,1
SUPER_7,9320000,36,1,3,40,20,16,3.25
SUPER_7,9330000,0,0,0,0,0,0,0
SUPER_7,9340000,0,0,0,0,0,0,0
SUPER_7,9350000,41,1,3,45,20,21,1.25
SUPER_7,9360000,79,7,6,92,41,38,18
SUPER_7,9370000,105,9,13,127,58,47,2.3181818
SUPER_7,9380000,114,5,5,124,61,53,3.8
SUPER_7,9390000,29,5,5,39,11,18,5.7
SUPER_7,9400000,138,5,11,154,72,66,17.3125
SUPER_7,9410000,152,7,7,166,82,70,6.142857
SUPER_7,9420000,260,12,19,291,142,118,6.322581
SUPER_7,9430000,70,4,3,77,34,36,2.4285715
SUPER_7,9440000,41,8,4,53,25,16,1.5833334
SUPER_7,9450000,29,2,2,33,14,15,7.5
SUPER_7,9460000,61,9,4,74,30,31,10.230769
SUPER_7,9470000,92,5,5,102,41,51,10.4
SUPER_7,9480000,94,9,5,108,46,48,5
SUPER_7,9490000,102,8,6,116,52,50,6.785714
SUPER_7,9500000,102,9,9,120,48,54,6.611111
SUPER_7,9510000,51,4,1,56,26,25,4
SUPER_7,9520000,91,8,7,106,45,46,10.666667
SUPER_7,9530000,88,13,9,110,44,44,5.5
SUPER_7,9540000,3,0,0,3,3,0,NaN
SUPER_7,9550000,3,0,0,3,1,2,NaN
SUPER_7,9560000,1,0,0,1,0,1,NaN
SUPER_7,9570000,2,0,0,2,0,2,NaN
SUPER_7,9580000,0,0,1,1,0,0,9
SUPER_7,9590000,2,0,0,2,0,2,NaN
SUPER_7,9600000,1,0,0,1,0,1,NaN
SUPER_7,9610000,3,0,0,3,1,2,NaN
SUPER_7,9620000,3,1,1,5,3,0,3.5
SUPER_7,9630000,2,0,0,2,1,1,NaN
SUPER_7,9640000,108,9,9,126,55,53,9.333333
SUPER_7,9650000,84,6,11,101,48,36,6
SUPER_7,9660000,134,14,6,154,75,59,6.15
SUPER_7,9670000,102,11,10,123,56,46,31.619047
SUPER_7,9680000,85,4,7,96,46,39,4.909091
SUPER_7,9690000,147,8,13,168,72,75,4.6666665
SUPER_7,9700000,44,5,7,56,22,22,5.9166665
SUPER_7,9710000,0,0,0,0,0,0,0
SUPER_7,9720000,0,0,0,0,0,0,0
SUPER_7,9730000,199,20,19,238,97,102,7.820513
SUPER_7,9740000,88,5,7,100,43,45,10.5
SUPER_7,9750000,52,6,8,66,29,23,4
SUPER_7,9760000,73,3,8,84,31,42,9.090909
SUPER_7,9770000,5,2,0,7,2,3,25.5
SUPER_7,9780000,31,2,4,37,9,22,7.5
SUPER_7,9790000,81,5,4,90,51,30,6.111111
SUPER_7,9800000,107,5,9,121,63,44,5.642857
SUPER_7,9810000,41,4,3,48,19,22,4.285714
SUPER_7,9820000,57,7,8,72,28,29,2.7333333
SUPER_7,9830000,1,0,0,1,1,0,NaN
SUPER_7,9840000,0,0,0,0,0,0,0
SUPER_7,9850000,0,0,0,0,0,0,0
SUPER_7,9860000,5,1,0,6,1,4,1
SUPER_7,9870000,3,1,0,4,2,1,1
SUPER_7,9880000,11,0,0,11,7,4,NaN
SUPER_7,9890000,49,3,4,56,26,23,27
SUPER_7,9900000,38,2,1,41,14,24,12.333333
SUPER_7,9910000,130,13,10,153,68,62,9.173913
SUPER_7,9920000,135,16,6,157,65,70,4.909091
SUPER_7,9930000,139,14,11,164,78,61,12.88
SUPER_7,9940000,55,0,4,59,28,27,30.75
SUPER_7,9950000,131,10,10,151,71,60,6.7
SUPER_7,9960000,106,7,11,124,57,49,7.8333335
SUPER_7,9970000,79,7,7,93,34,45,8.428572
SUPER_7,9980000,53,2,7,62,30,23,9.777778
SUPER_7,9990000,46,2,2,50,30,16,1.25
SUPER_7,10000000,17,2,0,19,9,8,14
SUPER_7,10010000,85,4,15,104,42,43,19.789474
SUPER_7,10020000,126,17,15,158,67,59,5.6875
SUPER_7,10030000,22,3,1,26,13,9,2
SUPER_7,10040000,41,7,4,52,22,19,4.6363635
SUPER_7,10050000,84,8,8,100,51,33,8.375
SUPER_7,10060000,79,9,11,99,38,41,5.75
SUPER_7,10070000,131,17,14,162,62,69,13.096774
SUPER_7,10080000,0,0,0,0,0,0,0
SUPER_7,10090000,0,0,0,0,0,0,0
SUPER_7,10100000,29,2,2,33,14,15,5.25
SUPER_7,10110000,22,1,3,26,8,14,83.25
SUPER_7,10120000,120,5,9,134,51,69,3.642857
SUPER_7,10130000,98,6,6,110,49,49,9.416667
SUPER_7,10140000,82,9,4,95,41,41,5.8461537
SUPER_7,10150000,81,7,9,97,43,38,6.5
SUPER_7,10160000,44,2,0,46,16,28,7
SUPER_7,10170000,29,1,0,30,12,17,1
SUPER_7,10180000,1,0,0,1,0,1,NaN
SUPER_7,10190000,10,2,2,14,3,7,6.25
SUPER_7,10200000,86,4,8,98,39,47,5.8333335
SUPER_7,10210000,119,8,9,136,59,60,2.1176472
SUPER_7,10220000,160,14,11,185,83,77,8.92
SUPER_7,10230000,46,4,6,56,14,32,3.9
SUPER_7,10240000,47,0,0,47,22,25,NaN
SUPER_7,10250000,0,0,1,1,0,0,1
SUPER_7,10260000,2,0,0,2,1,1,NaN
SUPER_7,10270000,0,0,0,0,0,0,0
SUPER_7,10280000,0,0,0,0,0,0,0
SUPER_7,10290000,6,2,2,10,3,3,2.5
SUPER_7,10300000,1,0,0,1,1,0,NaN
SUPER_7,10310000,2,0,1,3,1,1,2
SUPER_7,10320000,23,1,1,25,8,15,59.5
SUPER_7,10330000,54,2,4,60,25,29,2.6666667
SUPER_7,10340000,7,0,0,7,5,2,NaN
SUPER_7,10350000,75,12,5,92,33,42,8.941176
SUPER_7,10360000,32,1,2,35,14,18,11.666667
SUPER_7,10370000,2,0,0,2,1,1,NaN
SUPER_7,10380000,158,5,11,174,80,78,66.875
SUPER_7,10390000,107,10,10,127,58,49,4
SUPER_7,10400000,166,15,15,196,77,89,8.7
SUPER_7,10410000,130,11,11,152,62,68,3.5454545
SUPER_7,10420000,117,5,8,130,69,48,4.5384617
SUPER_7,10430000,1,0,0,1,0,1,NaN
SUPER_7,10440000,1,0,0,1,0,1,NaN
SUPER_7,10450000,9,2,2,13,7,2,1.75
SUPER_7,10460000,10,1,1,12,2,8,2
SUPER_7,10470000,64,4,3,71,40,24,10.571428
SUPER_7,10480000,5,0,2,7,3,2,6
SUPER_7,10490000,2,0,0,2,1,1,NaN
SUPER_7,10500000,2,2,1,5,2,0,1.6666666
SUPER_7,10510000,2,1,0,3,0,2,8
SUPER_7,10520000,1,0,0,1,0,1,NaN
SUPER_7,10530000,27,4,3,34,14,13,2.7142856
SUPER_7,10540000,10,2,0,12,7,3,1
SUPER_7,10550000,19,3,2,24,7,12,2
SUPER_7,10560000,155,12,15,182,86,69,8.814815
SUPER_7,10570000,143,11,9,163,75,68,2.95
SUPER_7,10580000,120,7,12,139,63,57,28.368422
SUPER_7,10590000,93,6,10,109,44,49,3.6875
SUPER_7,10600000,105,4,13,122,55,50,4.2941175
SUPER_7,10610000,0,1,0,1,0,0,8
SUPER_7,10620000,1,0,0,1,1,0,NaN
SUPER_7,10630000,2,0,0,2,1,1,NaN
SUPER_7,10640000,2,1,0,3,1,1,3
SUPER_7,10650000,1,0,0,1,0,1,NaN
SUPER_7,10660000,30,4,2,36,9,21,1.8333334
SUPER_7,10670000,160,13,10,183,76,84,8.565217
SUPER_7,10680000,141,22,16,179,77,64,6.9473686
SUPER_7,10690000,53,4,3,60,33,20,1.7142857
SUPER_7,10700000,102,7,9,118,43,59,5.25
SUPER_7,10710000,117,11,10,138,54,63,13.238095
SUPER_7,10720000,14,0,0,14,9,5,NaN
SUPER_7,10730000,31,1,1,33,20,11,1
SUPER_7,10740000,84,4,5,93,46,38,3
SUPER_7,10750000,1,1,0,2,0,1,24
SUPER_7,10760000,4,0,1,5,3,1,39
SUPER_7,10770000,3,1,0,4,2,1,1
SUPER_7,10780000,4,0,0,4,4,0,NaN
SUPER_7,10790000,1,0,1,2,1,0,60
SUPER_7,10800000,2,2,0,4,1,1,22
SUPER_7,10810000,2,0,1,3,0,2,1
SUPER_7,10820000,1,0,1,2,1,0,1
SUPER_7,10830000,3,0,0,3,2,1,NaN
SUPER_7,10840000,2,0,0,2,2,0,NaN
SUPER_7,10850000,1,0,0,1,0,1,NaN
SUPER_7,10860000,1,0,0,1,0,1,NaN
SUPER_7,10870000,1,0,0,1,0,1,NaN
SUPER_7,10880000,0,0,1,1,0,0,8
SUPER_7,10890000,1,1,3,5,0,1,7
SUPER_7,10900000,0,0,0,0,0,0,0
SUPER_7,10910000,0,0,0,0,0,0,0
SUPER_7,10920000,3,1,0,4,1,2,1
SUPER_7,10930000,13,1,0,14,8,5,2
SUPER_7,10940000,62,4,4,70,38,24,17.25
SUPER_7,10950000,118,2,10,130,70,48,2.75
SUPER_7,10960000,0,0,0,0,0,0,0
SUPER_7,10970000,0,0,0,0,0,0,0
SUPER_7,10980000,0,0,0,0,0,0,0
SUPER_7,10990000,0,0,0,0,0,0,0
SUPER_7,11000000,132,3,12,147,66,66,5.8
SUPER_7,11010000,19,2,1,22,8,11,3
SUPER_7,11020000,0,0,0,0,0,0,0
SUPER_7,11030000,0,0,0,0,0,0,0
SUPER_7,11040000,6,2,1,9,5,1,8.666667
SUPER_7,11050000,1,1,0,2,1,0,2
SUPER_7,11060000,1,0,0,1,0,1,NaN
SUPER_7,11070000,2,2,0,4,1,1,14.5
SUPER_7,11080000,3,1,0,4,1,2,1
SUPER_7,11090000,2,0,0,2,0,2,NaN
SUPER_7,11100000,1,0,0,1,0,1,NaN
SUPER_7,11110000,2,0,1,3,0,2,2
SUPER_7,11120000,14,0,1,15,8,6,7
SUPER_7,11130000,3,0,1,4,2,1,5
SUPER_7,11140000,5,0,0,5,4,1,NaN
SUPER_7,11150000,1,0,1,2,0,1,2
SUPER_7,11160000,4,1,0,5,0,4,1
SUPER_7,11170000,1,0,0,1,1,0,NaN
SUPER_7,11180000,1,0,0,1,0,1,NaN
SUPER_7,11190000,0,2,0,2,0,0,10.5
SUPER_7,11200000,0,0,0,0,0,0,0
SUPER_7,11210000,0,0,0,0,0,0,0
SUPER_7,11220000,85,2,4,91,38,47,2
SUPER_7,11230000,89,1,5,95,49,40,9
SUPER_7,11240000,45,2,2,49,17,28,5.5
SUPER_7,11250000,83,4,4,91,37,46,4.25
SUPER_7,11260000,39,1,2,42,20,19,3.3333333
SUPER_7,11270000,1,0,0,1,0,1,NaN
SUPER_7,11280000,3,0,0,3,1,2,NaN
SUPER_7,11290000,1,1,0,2,1,0,6
SUPER_7,11300000,3,0,0,3,1,2,NaN
SUPER_7,11310000,47,2,0,49,20,27,2.5
SUPER_7,11320000,4,1,0,5,2,2,1
SUPER_7,11330000,103,10,6,119,46,57,4.6875
SUPER_7,11340000,31,3,1,35,15,16,5.25
SUPER_7,11350000,23,0,5,28,13,10,106.2
SUPER_7,11360000,24,2,3,29,12,12,2
SUPER_7,11370000,48,3,1,52,28,20,16
SUPER_7,11380000,82,5,3,90,40,42,3.625
SUPER_7,11390000,51,6,4,61,24,27,9.2
SUPER_7,11400000,37,4,1,42,18,19,9
SUPER_7,11410000,46,2,4,52,28,18,6.3333335
SUPER_7,11420000,57,4,3,64,34,23,2.4285715
SUPER_7,11430000,36,2,0,38,24,12,3.5
SUPER_7,11440000,11,0,1,12,6,5,3
SUPER_7,11450000,76,3,4,83,40,36,6.857143
SUPER_7,11460000,0,0,0,0,0,0,0
SUPER_7,11470000,0,0,0,0,0,0,0
SUPER_7,11480000,0,0,0,0,0,0,0
SUPER_7,11490000,8,4,0,12,5,3,3.25
SUPER_7,11500000,3,0,1,4,1,2,1
SUPER_7,11510000,0,0,0,0,0,0,0
SUPER_7,11520000,0,0,0,0,0,0,0
SUPER_7,11530000,2,1,0,3,2,0,1
SUPER_7,11540000,2,0,0,2,1,1,NaN
SUPER_7,11550000,36,1,4,41,20,16,1.8
SUPER_7,11560000,52,5,4,61,37,15,12.333333
SUPER_7,11570000,0,0,0,0,0,0,0
SUPER_7,11580000,0,0,0,0,0,0,0
SUPER_7,11590000,0,0,0,0,0,0,0
SUPER_7,11600000,0,0,0,0,0,0,0
SUPER_7,11610000,0,0,0,0,0,0,0
SUPER_7,11620000,0,0,0,0,0,0,0
SUPER_7,11630000,0,0,0,0,0,0,0
SUPER_7,11640000,0,0,0,0,0,0,0
SUPER_7,11650000,0,0,0,0,0,0,0
SUPER_7,11660000,0,0,0,0,0,0,0
SUPER_7,11670000,0,0,0,0,0,0,0
SUPER_7,11680000,0,0,0,0,0,0,0
SUPER_7,11690000,79,4,4,87,38,41,49.625
SUPER_7,11700000,0,0,1,1,0,0,1
SUPER_7,11710000,20,2,1,23,10,10,3
SUPER_7,11720000,0,0,0,0,0,0,0
SUPER_7,11730000,0,0,0,0,0,0,0
SUPER_7,11740000,0,0,0,0,0,0,0
SUPER_7,11750000,0,0,0,0,0,0,0
SUPER_7,11760000,106,5,3,114,66,40,14.125
SUPER_7,11770000,0,0,0,0,0,0,0
SUPER_7,11780000,0,0,0,0,0,0,0
SUPER_7,11790000,0,0,0,0,0,0,0
SUPER_7,11800000,0,0,0,0,0,0,0
SUPER_7,11810000,0,0,0,0,0,0,0
SUPER_7,11820000,0,0,0,0,0,0,0
SUPER_7,11830000,0,0,0,0,0,0,0
SUPER_7,11840000,0,0,0,0,0,0,0
SUPER_7,11850000,0,0,0,0,0,0,0
SUPER_7,11860000,0,0,0,0,0,0,0
SUPER_7,11870000,0,0,0,0,0,0,0
SUPER_7,11880000,0,0,0,0,0,0,0
SUPER_7,11890000,0,0,0,0,0,0,0
SUPER_7,11900000,0,0,0,0,0,0,0
SUPER_7,11910000,0,0,0,0,0,0,0
SUPER_7,11920000,25,1,2,28,11,14,8
SUPER_7,11930000,1,0,0,1,1,0,NaN
SUPER_7,11940000,2,2,0,4,1,1,1.5
SUPER_7,11950000,3,0,1,4,3,0,6
SUPER_7,11960000,0,0,0,0,0,0,0
SUPER_7,11970000,0,0,0,0,0,0,0
SUPER_7,11980000,0,0,0,0,0,0,0
SUPER_7,11990000,0,0,0,0,0,0,0
SUPER_7,12000000,4,1,1,6,0,4,12
SUPER_7,12010000,0,0,0,0,0,0,0
SUPER_7,12020000,0,0,0,0,0,0,0
SUPER_7,12030000,0,0,0,0,0,0,0
SUPER_7,12040000,0,0,0,0,0,0,0
SUPER_7,12050000,5,1,3,9,3,2,4.75
SUPER_7,12060000,0,1,0,1,0,0,68
SUPER_7,12070000,1,0,0,1,1,0,NaN
SUPER_7,12080000,1,1,0,2,1,0,1
SUPER_7,12090000,1,0,1,2,1,0,1
SUPER_7,12100000,3,0,2,5,1,2,5.5
SUPER_7,12110000,4,0,0,4,3,1,NaN
SUPER_7,12120000,1,1,1,3,0,1,1.5
SUPER_7,12130000,0,1,0,1,0,0,2
SUPER_7,12140000,103,5,13,121,49,54,9.111111
SUPER_7,12150000,141,4,6,151,85,56,3.5
SUPER_7,12160000,102,9,5,116,47,55,5.428571
SUPER_7,12170000,35,2,2,39,14,21,4.25
SUPER_7,12180000,142,10,11,163,78,64,4.571429
SUPER_7,12190000,36,6,2,44,17,19,2.25
SUPER_7,12200000,44,5,5,54,24,20,1.4
SUPER_7,12210000,17,0,3,20,9,8,4.3333335
SUPER_7,12220000,159,9,18,186,77,82,11.777778
SUPER_7,12230000,141,11,7,159,68,73,6.2222223
SUPER_7,12240000,156,7,13,176,87,69,12.2
SUPER_7,12250000,156,12,6,174,78,78,2.6666667
SUPER_7,12260000,75,2,5,82,36,39,4.857143
SUPER_7,12270000,3,0,0,3,2,1,NaN
SUPER_7,12280000,112,16,7,135,58,54,8.869565
SUPER_7,12290000,81,8,6,95,36,45,5.642857
SUPER_7,12300000,76,7,8,91,37,39,6.0666666
SUPER_7,12310000,114,12,9,135,47,67,6.285714
SUPER_7,12320000,102,12,11,125,41,61,14.086957
SUPER_7,12330000,86,10,3,99,41,45,6.230769
SUPER_7,12340000,158,10,19,187,88,70,6.0689654
SUPER_7,12350000,216,11,11,238,108,108,9.545455
SUPER_7,12360000,76,6,9,91,35,41,12.266666
SUPER_7,12370000,169,19,15,203,77,92,12.970589
SUPER_7,12380000,121,9,14,144,62,59,17.086956
SUPER_7,12390000,50,1,5,56,19,31,6.1666665
SUPER_7,12400000,195,8,20,223,102,93,7.928571
SUPER_7,12410000,139,10,11,160,73,66,6.285714
SUPER_7,12420000,115,12,12,139,67,48,10.458333
SUPER_7,12430000,140,7,9,156,78,62,7.75
SUPER_7,12440000,134,8,16,158,61,73,5.4166665
SUPER_7,12450000,134,8,7,149,70,64,6.4666667
SUPER_7,12460000,115,7,5,127,58,57,8.916667
SUPER_7,12470000,33,2,5,40,12,21,7.714286
SUPER_7,12480000,151,15,14,180,83,68,5.0689654
SUPER_7,12490000,81,5,5,91,42,39,8.6
SUPER_7,12500000,182,14,17,213,93,89,10.709678
SUPER_7,12510000,108,5,8,121,53,55,21.538462
SUPER_7,12520000,40,3,1,44,20,20,19.5
SUPER_7,12530000,171,9,16,196,89,82,18.96
SUPER_7,12540000,113,14,3,130,68,45,4.470588
SUPER_7,12550000,5,1,0,6,3,2,66
SUPER_7,12560000,122,9,7,138,53,69,16.75
SUPER_7,12570000,85,5,7,97,54,31,6
SUPER_7,12580000,188,14,9,211,81,107,7.5652175
SUPER_7,12590000,181,7,11,199,94,87,8.333333
SUPER_7,12600000,137,10,12,159,66,71,8.681818
SUPER_7,12610000,152,12,11,175,80,72,4.7826085
SUPER_7,12620000,99,9,7,115,44,55,7.0625
SUPER_7,12630000,157,15,15,187,82,75,4.5333333
SUPER_7,12640000,65,6,9,80,24,41,15.4
SUPER_7,12650000,116,7,10,133,64,52,15.470589
SUPER_7,12660000,113,11,8,132,51,62,6.894737
SUPER_7,12670000,130,8,11,149,65,65,6.6842103
SUPER_7,12680000,124,5,11,140,66,58,4
SUPER_7,12690000,87,12,8,107,48,39,5.2
SUPER_7,12700000,14,5,2,21,4,10,2.5714285
SUPER_7,12710000,62,4,5,71,35,27,6.3333335
SUPER_7,12720000,3,0,0,3,0,3,NaN
SUPER_7,12730000,3,0,1,4,2,1,1
SUPER_7,12740000,148,14,8,170,59,89,5.8636365
SUPER_7,12750000,4,3,1,8,2,2,8.5
SUPER_7,12760000,0,0,0,0,0,0,0
SUPER_7,12770000,0,0,0,0,0,0,0
SUPER_7,12780000,13,0,2,15,8,5,9
SUPER_7,12790000,142,11,15,168,73,69,6.0384617
SUPER_7,12800000,7,0,1,8,5,2,1
SUPER_7,12810000,60,1,4,65,43,17,3.6
SUPER_7,12820000,75,4,6,85,40,35,30
SUPER_7,12830000,0,0,0,0,0,0,0
SUPER_7,12840000,0,0,0,0,0,0,0
SUPER_7,12850000,5,0,0,5,1,4,NaN
SUPER_7,12860000,149,10,16,175,82,67,10.076923
SUPER_7,12870000,83,3,6,92,44,39,4.2222223
SUPER_7,12880000,158,9,12,179,82,76,7.3809524
SUPER_7,12890000,149,20,12,181,74,75,4.5
SUPER_7,12900000,76,5,8,89,31,45,15.846154
SUPER_7,12910000,17,1,3,21,10,7,2
SUPER_7,12920000,34,4,4,42,21,13,13.625
SUPER_7,12930000,195,10,11,216,94,101,4.571429
SUPER_7,12940000,46,5,6,57,27,19,3.909091
SUPER_7,12950000,51,9,5,65,34,17,6.142857
SUPER_7,12960000,41,2,0,43,19,22,1
SUPER_7,12970000,43,5,2,50,28,15,3.857143
SUPER_7,12980000,108,6,15,129,59,49,10.904762
SUPER_7,12990000,22,6,2,30,13,9,4
SUPER_7,13000000,96,6,10,112,56,40,4.0625
SUPER_7,13010000,66,4,6,76,40,26,7.4
SUPER_7,13020000,12,1,2,15,9,3,3
SUPER_7,13030000,7,0,1,8,3,4,2
SUPER_7,13040000,13,2,2,17,5,8,2
SUPER_7,13050000,32,1,4,37,15,17,16.6
SUPER_7,13060000,4,0,0,4,2,2,NaN
SUPER_7,13070000,1,0,0,1,1,0,NaN
SUPER_7,13080000,104,7,3,114,55,49,3.6
SUPER_7,13090000,96,7,7,110,53,43,6.285714
SUPER_7,13100000,9,1,2,12,4,5,3
SUPER_7,13110000,171,17,13,201,81,90,13.5
SUPER_7,13120000,0,0,0,0,0,0,0
SUPER_7,13130000,0,0,0,0,0,0,0
SUPER_7,13140000,116,7,4,127,71,45,6.5454545
SUPER_7,13150000,91,8,4,103,48,43,3.1666667
SUPER_7,13160000,90,8,7,105,49,41,10.4
SUPER_7,13170000,55,0,8,63,32,23,4.5
SUPER_7,13180000,74,2,4,80,37,37,2
SUPER_7,13190000,115,9,11,135,69,46,4.35
SUPER_7,13200000,150,5,7,162,88,62,3.25
SUPER_7,13210000,0,0,0,0,0,0,0
SUPER_7,13220000,0,0,0,0,0,0,0
SUPER_7,13230000,162,12,19,193,82,80,7.870968
SUPER_7,13240000,133,5,12,150,68,65,14.176471
SUPER_7,13250000,82,5,4,91,43,39,2.2222223
SUPER_7,13260000,73,7,4,84,36,37,7.909091
SUPER_7,13270000,80,1,5,86,32,48,9.166667
SUPER_7,13280000,58,1,4,63,30,28,22.6
SUPER_7,13290000,56,3,3,62,23,33,2.3333333
SUPER_7,13300000,99,12,8,119,48,51,9.55
SUPER_7,13310000,88,10,7,105,45,43,6.117647
SUPER_7,13320000,0,0,0,0,0,0,0
SUPER_7,13330000,0,0,0,0,0,0,0
SUPER_7,13340000,52,3,5,60,23,29,13.25
SUPER_7,13350000,2,1,1,4,2,0,6
SUPER_7,13360000,117,8,10,135,59,58,5.5
SUPER_7,13370000,156,12,9,177,66,90,10.428572
SUPER_7,13380000,100,13,9,122,50,50,7.409091
SUPER_7,13390000,66,4,9,79,43,23,1.9230769
SUPER_7,13400000,36,2,2,40,16,20,4.75
SUPER_7,13410000,18,2,1,21,5,13,1
SUPER_7,13420000,44,1,1,46,22,22,18.5
SUPER_7,13430000,36,0,1,37,22,14,35
SUPER_7,13440000,8,4,1,13,5,3,3.2
SUPER_7,13450000,10,2,2,14,3,7,5
SUPER_7,13460000,25,1,2,28,17,8,6
SUPER_7,13470000,153,9,11,173,75,78,8.85
SUPER_7,13480000,112,12,6,130,71,41,11.166667
SUPER_7,13490000,23,0,3,26,15,8,15.666667
SUPER_7,13500000,106,2,7,115,63,43,48.666668
SUPER_7,13510000,24,6,3,33,11,13,12.111111
SUPER_7,13520000,105,14,7,126,58,47,15.476191
SUPER_7,13530000,91,4,2,97,52,39,3
SUPER_7,13540000,89,5,4,98,47,42,4.5555553
SUPER_7,13550000,111,8,10,129,53,58,6.8333335
SUPER_7,13560000,93,4,10,107,49,44,6.642857
SUPER_7,13570000,145,6,7,158,83,62,7
SUPER_7,13580000,59,7,2,68,29,30,3.4444444
SUPER_7,13590000,31,1,4,36,20,11,1.8
SUPER_7,13600000,104,8,10,122,61,43,10.333333
SUPER_7,13610000,5,1,2,8,2,3,5.6666665
SUPER_7,13620000,25,0,0,25,15,10,NaN
SUPER_7,13630000,156,8,12,176,79,77,10.4
SUPER_7,13640000,192,18,6,216,93,99,6.375
SUPER_7,13650000,70,2,2,74,39,31,4.25
SUPER_7,13660000,82,8,3,93,38,44,18.454546
SUPER_7,13670000,132,5,8,145,61,71,4.3846154
SUPER_7,13680000,145,5,6,156,74,71,5.6363635
SUPER_7,13690000,136,7,16,159,64,72,9.521739
SUPER_7,13700000,28,2,1,31,15,13,7.6666665
SUPER_7,13710000,0,0,0,0,0,0,0
SUPER_7,13720000,0,0,0,0,0,0,0
SUPER_7,13730000,107,5,6,118,53,54,8.909091
SUPER_7,13740000,108,7,4,119,49,59,7.3636365
SUPER_7,13750000,233,12,14,259,116,117,4.076923
SUPER_7,13760000,183,13,9,205,98,85,5.1363635
SUPER_7,13770000,127,5,5,137,72,55,6.8
SUPER_7,13780000,149,4,12,165,83,66,4.5625
SUPER_7,13790000,160,13,11,184,86,74,14.625
SUPER_7,13800000,81,5,7,93,38,43,6.9166665
SUPER_7,13810000,158,10,12,180,88,70,9.818182
SUPER_7,13820000,127,6,6,139,67,60,9.25
SUPER_7,13830000,86,7,3,96,44,42,10.9
SUPER_7,13840000,103,6,8,117,51,52,10
SUPER_7,13850000,111,9,7,127,57,54,10.1875
SUPER_7,13860000,104,7,6,117,61,43,3.6153846
SUPER_7,13870000,99,4,6,109,56,43,12
SUPER_7,13880000,111,6,6,123,60,51,6.4166665
SUPER_7,13890000,0,0,0,0,0,0,0
SUPER_7,13900000,0,0,0,0,0,0,0
SUPER_7,13910000,0,0,0,0,0,0,0
SUPER_7,13920000,14,1,0,15,8,6,28
SUPER_7,13930000,0,0,0,0,0,0,0
SUPER_7,13940000,0,0,0,0,0,0,0
SUPER_7,13950000,225,15,16,256,124,101,7.967742
SUPER_7,13960000,0,1,0,1,0,0,6
SUPER_7,13970000,126,7,8,141,64,62,7.133333
SUPER_7,13980000,128,7,6,141,65,63,3.6153846
SUPER_7,13990000,138,6,5,149,63,75,4.818182
SUPER_7,14000000,52,2,4,58,25,27,2
SUPER_7,14010000,48,4,5,57,30,18,3.7777777
SUPER_7,14020000,30,8,4,42,16,14,1.9166666
SUPER_7,14030000,112,6,5,123,53,59,4
SUPER_7,14040000,59,3,6,68,30,29,15.222222
SUPER_7,14050000,22,3,1,26,10,12,18.25
SUPER_7,14060000,3,0,1,4,1,2,1
SUPER_7,14070000,1,1,0,2,0,1,1
SUPER_7,14080000,4,0,0,4,3,1,NaN
SUPER_7,14090000,1,0,0,1,0,1,NaN
SUPER_7,14100000,2,0,0,2,1,1,NaN
SUPER_7,14110000,1,0,1,2,1,0,1
SUPER_7,14120000,3,0,0,3,2,1,NaN
SUPER_7,14130000,1,0,1,2,1,0,1
SUPER_7,14140000,3,1,1,5,0,3,17.5
SUPER_7,14150000,2,0,0,2,0,2,NaN
SUPER_7,14160000,1,0,0,1,1,0,NaN
SUPER_7,14170000,0,1,0,1,0,0,1
SUPER_7,14180000,2,0,0,2,1,1,NaN
SUPER_7,14190000,0,1,0,1,0,0,6
SUPER_7,14200000,1,0,0,1,1,0,NaN
SUPER_7,14210000,1,0,0,1,1,0,NaN
SUPER_7,14220000,67,3,3,73,39,28,6
SUPER_7,14230000,12,1,0,13,7,5,2
SUPER_7,14240000,6,0,2,8,3,3,1
SUPER_7,14250000,2,0,0,2,2,0,NaN
SUPER_7,14260000,6,0,0,6,1,5,NaN
SUPER_7,14270000,2,2,0,4,0,2,2
SUPER_7,14280000,5,0,1,6,1,4,18
SUPER_7,14290000,146,9,9,164,92,54,4.3333335
SUPER_7,14300000,246,18,13,277,127,119,7.451613
SUPER_7,14310000,175,10,7,192,104,71,8.529411
SUPER_7,14320000,127,4,9,140,76,51,13.384615
SUPER_7,14330000,131,15,4,150,71,60,5.894737
SUPER_7,14340000,186,14,20,220,99,87,4.852941
SUPER_7,14350000,158,7,9,174,81,77,7.125
SUPER_7,14360000,131,5,4,140,78,53,3.6666667
SUPER_7,14370000,21,0,2,23,14,7,7
SUPER_7,14380000,41,3,5,49,21,20,7
SUPER_7,14390000,40,2,6,48,20,20,2.625
SUPER_7,14400000,52,4,5,61,26,26,4.3333335
SUPER_7,14410000,59,3,4,66,31,28,28.714285
SUPER_7,14420000,51,3,1,55,23,28,8.75
SUPER_7,14430000,74,6,11,91,35,39,3.0588236
SUPER_7,14440000,115,4,12,131,70,45,16.625
SUPER_7,14450000,126,5,10,141,61,65,12.2
SUPER_7,14460000,5,0,0,5,3,2,NaN
SUPER_7,14470000,51,3,3,57,26,25,6.5
SUPER_7,14480000,28,4,3,35,17,11,6.142857
SUPER_7,14490000,0,0,0,0,0,0,0
SUPER_7,14500000,0,0,0,0,0,0,0
SUPER_7,14510000,0,0,0,0,0,0,0
SUPER_7,14520000,0,0,0,0,0,0,0
SUPER_7,14530000,0,0,0,0,0,0,0
SUPER_7,14540000,81,6,11,98,48,33,28.82353
SUPER_7,14550000,5,0,0,5,3,2,NaN
SUPER_7,14560000,0,0,1,1,0,0,1
SUPER_7,14570000,41,3,2,46,27,14,11
SUPER_7,14580000,109,8,7,124,52,57,7.9333334
SUPER_7,14590000,112,5,6,123,58,54,19.636364
SUPER_7,14600000,149,10,6,165,86,63,8.125
SUPER_7,14610000,167,13,6,186,99,68,9.578947
SUPER_7,14620000,97,6,10,113,43,54,7
SUPER_7,14630000,30,8,1,39,12,18,5
SUPER_7,14640000,34,1,2,37,18,16,4
SUPER_7,14650000,129,7,5,141,59,70,2.4166667
SUPER_7,14660000,42,0,1,43,20,22,1
SUPER_7,14670000,80,5,2,87,42,38,11.857142
SUPER_7,14680000,75,3,8,86,42,33,2.6363637
SUPER_7,14690000,131,3,7,141,66,65,3.4
SUPER_7,14700000,127,6,3,136,70,57,4.2222223
SUPER_7,14710000,116,8,6,130,62,54,6.357143
SUPER_7,14720000,68,5,4,77,42,26,5.888889
SUPER_7,14730000,19,2,2,23,8,11,9.5
SUPER_7,14740000,0,0,0,0,0,0,0
SUPER_7,14750000,0,0,0,0,0,0,0
SUPER_7,14760000,193,18,18,229,108,85,4.1944447
SUPER_7,14770000,82,7,12,101,42,40,19
SUPER_7,14780000,88,4,6,98,53,35,3.7
SUPER_7,14790000,39,5,2,46,22,17,5.428571
SUPER_7,14800000,1,0,0,1,1,0,NaN
SUPER_7,14810000,122,6,11,139,62,60,6.352941
SUPER_7,14820000,74,3,5,82,41,33,2.125
SUPER_7,14830000,81,8,7,96,45,36,5
SUPER_7,14840000,60,7,4,71,32,28,8.272727
SUPER_7,14850000,78,7,12,97,38,40,6.6842103
SUPER_7,14860000,122,7,8,137,62,60,9.8
SUPER_7,14870000,20,2,2,24,7,13,2.5
SUPER_7,14880000,0,0,1,1,0,0,3
SUPER_7,14890000,29,4,7,40,17,12,5.181818
SUPER_7,14900000,86,11,12,109,49,37,7.173913
SUPER_7,14910000,71,4,2,77,37,34,6.1666665
SUPER_7,14920000,10,2,0,12,5,5,1
SUPER_7,14930000,132,14,12,158,67,65,17.846153
SUPER_7,14940000,39,7,4,50,22,17,5.090909
SUPER_7,14950000,113,11,11,135,57,56,10.318182
SUPER_7,14960000,179,17,12,208,96,83,11.586206
SUPER_7,14970000,98,7,8,113,38,60,2.4
SUPER_7,14980000,102,12,9,123,46,56,5.571429
SUPER_7,14990000,75,4,10,89,34,41,3.5
SUPER_7,15000000,68,5,1,74,43,25,7.5
SUPER_7,15010000,70,5,8,83,40,30,9.461538
SUPER_7,15020000,4,1,1,6,2,2,4
SUPER_7,15030000,1,0,0,1,1,0,NaN
SUPER_7,15040000,5,0,0,5,4,1,NaN
SUPER_7,15050000,6,0,1,7,3,3,1
SUPER_7,15060000,0,0,0,0,0,0,0
SUPER_7,15070000,0,0,0,0,0,0,0
SUPER_7,15080000,1,1,1,3,0,1,48.5
SUPER_7,15090000,52,2,2,56,27,25,10.75
SUPER_7,15100000,153,13,11,177,67,86,4.75
SUPER_7,15110000,93,5,13,111,43,50,6.5555553
SUPER_7,15120000,30,4,4,38,13,17,3.375
SUPER_7,15130000,39,3,4,46,22,17,4.571429
SUPER_7,15140000,75,5,6,86,39,36,17.636364
SUPER_7,15150000,142,8,13,163,77,65,4.428571
SUPER_7,15160000,37,3,4,44,18,19,4.428571
SUPER_7,15170000,1,1,0,2,0,1,1
SUPER_7,15180000,2,0,0,2,0,2,NaN
SUPER_7,15190000,151,11,11,173,84,67,4.5454545
SUPER_7,15200000,36,4,3,43,21,15,3.142857
SUPER_7,15210000,3,0,0,3,0,3,NaN
SUPER_7,15220000,2,1,0,3,0,2,8
SUPER_7,15230000,2,1,0,3,1,1,1
SUPER_7,15240000,4,0,0,4,1,3,NaN
SUPER_7,15250000,3,0,0,3,2,1,NaN
SUPER_7,15260000,6,0,0,6,4,2,NaN
SUPER_7,15270000,3,0,1,4,1,2,8
SUPER_7,15280000,1,0,1,2,0,1,1
SUPER_7,15290000,0,0,0,0,0,0,0
SUPER_7,15300000,0,0,0,0,0,0,0
SUPER_7,15310000,3,1,0,4,1,2,1
SUPER_7,15320000,58,5,9,72,24,34,6
SUPER_7,15330000,98,7,9,114,38,60,7.5625
SUPER_7,15340000,81,4,4,89,41,40,5
SUPER_7,15350000,1,0,1,2,1,0,1
SUPER_7,15360000,84,4,5,93,52,32,7.3333335
SUPER_7,15370000,112,5,5,122,51,61,3.9
SUPER_7,15380000,81,7,3,91,45,36,5
SUPER_7,15390000,0,0,0,0,0,0,0
SUPER_7,15400000,0,0,0,0,0,0,0
SUPER_7,15410000,103,5,8,116,62,41,4.230769
SUPER_7,15420000,75,4,5,84,41,34,6.6666665
SUPER_7,15430000,47,3,3,53,28,19,4.5
SUPER_7,15440000,99,5,1,105,59,40,4.3333335
SUPER_7,15450000,79,2,9,90,43,36,23.727272
SUPER_7,15460000,0,0,0,0,0,0,0
SUPER_7,15470000,0,0,0,0,0,0,0
SUPER_7,15480000,12,2,2,16,5,7,1.25
SUPER_7,15490000,8,0,0,8,4,4,NaN
SUPER_7,15500000,1,1,0,2,0,1,1
SUPER_7,15510000,0,0,0,0,0,0,0
SUPER_7,15520000,0,0,0,0,0,0,0
SUPER_7,15530000,40,2,1,43,13,27,4
SUPER_7,15540000,170,13,10,193,78,92,5.7826085
SUPER_7,15550000,109,9,17,135,54,55,5.3076925
SUPER_7,15560000,0,0,0,0,0,0,0
SUPER_7,15570000,0,0,0,0,0,0,0
SUPER_7,15580000,105,12,10,127,47,58,3.5
SUPER_7,15590000,1,0,1,2,1,0,1
SUPER_7,15600000,1,1,0,2,0,1,1
SUPER_7,15610000,2,0,0,2,1,1,NaN
SUPER_7,15620000,3,1,0,4,2,1,4
SUPER_7,15630000,126,10,6,142,65,61,7.9375
SUPER_7,15640000,94,5,5,104,32,62,5.2
SUPER_7,15650000,154,12,16,182,79,75,14.535714
SUPER_7,15660000,135,10,11,156,67,68,8.190476
SUPER_7,15670000,102,5,8,115,57,45,7.230769
SUPER_7,15680000,149,8,13,170,82,67,5.428571
SUPER_7,15690000,56,4,4,64,26,30,6.75
SUPER_7,15700000,132,10,7,149,81,51,9.3529415
SUPER_7,15710000,131,11,8,150,66,65,11.736842
SUPER_7,15720000,153,12,4,169,83,70,6.375
SUPER_7,15730000,67,8,3,78,29,38,4.7272725
SUPER_7,15740000,134,9,11,154,71,63,6.7
SUPER_7,15750000,142,6,5,153,75,67,8.090909
SUPER_7,15760000,127,11,14,152,60,67,7.16
SUPER_7,15770000,95,12,7,114,46,49,8.263158
SUPER_7,15780000,175,5,15,195,96,79,10.7
SUPER_7,15790000,179,11,10,200,94,85,3.142857
SUPER_7,15800000,181,7,20,208,94,87,7.0740743
SUPER_7,15810000,73,5,3,81,30,43,8.5
SUPER_7,15820000,57,0,5,62,32,25,2.8
SUPER_7,15830000,142,17,12,171,69,73,4.6551723
SUPER_7,15840000,84,3,6,93,41,43,8.444445
SUPER_7,15850000,158,16,6,180,75,83,6.409091
SUPER_7,15860000,176,8,16,200,88,88,20.5
SUPER_7,15870000,130,11,8,149,63,67,26.789474
SUPER_7,15880000,69,5,3,77,39,30,2.375
SUPER_7,15890000,62,8,11,81,30,32,6.368421
SUPER_7,15900000,132,9,17,158,68,64,12.576923
SUPER_7,15910000,205,7,12,224,117,88,4.7894735
SUPER_7,15920000,83,6,4,93,38,45,5
SUPER_7,15930000,52,8,3,63,28,24,7.181818
SUPER_7,15940000,90,8,6,104,36,54,12.857142
SUPER_7,15950000,5,1,1,7,3,2,3.5
SUPER_7,15960000,5,0,0,5,4,1,NaN
SUPER_7,15970000,5,0,1,6,2,3,6
SUPER_7,15980000,1,0,0,1,1,0,NaN
SUPER_7,15990000,5,2,0,7,3,2,4.5
SUPER_7,16000000,1,0,0,1,0,1,NaN
SUPER_7,16010000,3,0,0,3,2,1,NaN
SUPER_7,16020000,2,0,0,2,1,1,NaN
SUPER_7,16030000,0,0,2,2,0,0,1
SUPER_7,16040000,1,1,1,3,1,0,1
SUPER_7,16050000,81,3,3,87,35,46,9.833333
SUPER_7,16060000,164,12,17,193,85,79,6.1034484
SUPER_7,16070000,0,0,0,0,0,0,0
SUPER_7,16080000,0,0,0,0,0,0,0
SUPER_7,16090000,149,12,11,172,74,75,3.7391305
SUPER_7,16100000,1,1,1,3,0,1,8
SUPER_7,16110000,4,0,1,5,0,4,2
SUPER_7,16120000,1,0,0,1,0,1,NaN
SUPER_7,16130000,19,2,2,23,9,10,4
SUPER_7,16140000,136,9,6,151,79,57,5.3333335
SUPER_7,16150000,62,5,2,69,35,27,8
SUPER_7,16160000,177,10,13,200,90,87,11.478261
SUPER_7,16170000,36,6,4,46,16,20,1.9
SUPER_7,16180000,44,5,8,57,17,27,6.1538463
SUPER_7,16190000,92,10,11,113,43,49,5.7619047
SUPER_7,16200000,130,12,5,147,62,68,5.882353
SUPER_7,16210000,186,15,15,216,95,91,3.9333334
SUPER_7,16220000,5,0,0,5,3,2,NaN
SUPER_7,16230000,144,17,13,174,80,64,12.133333
SUPER_7,16240000,43,6,7,56,20,23,4.4615383
SUPER_7,16250000,126,8,10,144,68,58,8.277778
SUPER_7,16260000,121,9,5,135,68,53,7.285714
SUPER_7,16270000,65,5,4,74,29,36,51.555557
SUPER_7,16280000,0,0,0,0,0,0,0
SUPER_7,16290000,0,0,0,0,0,0,0
SUPER_7,16300000,5,1,0,6,4,1,9
SUPER_7,16310000,1,1,0,2,0,1,1
SUPER_7,16320000,0,0,0,0,0,0,0
SUPER_7,16330000,0,0,0,0,0,0,0
SUPER_7,16340000,7,0,0,7,5,2,NaN
SUPER_7,16350000,0,0,0,0,0,0,0
SUPER_7,16360000,0,0,0,0,0,0,0
SUPER_7,16370000,2,1,0,3,2,0,1
SUPER_7,16380000,79,9,11,99,35,44,5.9
SUPER_7,16390000,90,10,8,108,48,42,3.7777777
SUPER_7,16400000,74,8,2,84,41,33,4.6
SUPER_7,16410000,128,6,9,143,68,60,15
SUPER_7,16420000,127,9,12,148,61,66,4.904762
SUPER_7,16430000,0,0,0,0,0,0,0
SUPER_7,16440000,0,0,0,0,0,0,0
SUPER_7,16450000,84,6,4,94,42,42,2.9
SUPER_7,16460000,2,0,2,4,2,0,1.5
SUPER_7,16470000,0,1,0,1,0,0,1
SUPER_7,16480000,2,0,0,2,1,1,NaN
SUPER_7,16490000,3,0,0,3,2,1,NaN
SUPER_7,16500000,50,6,2,58,21,29,8.25
SUPER_7,16510000,6,1,0,7,1,5,7
SUPER_7,16520000,1,1,1,3,0,1,1.5
SUPER_7,16530000,2,0,0,2,2,0,NaN
SUPER_7,16540000,2,1,0,3,1,1,1
SUPER_7,16550000,6,2,1,9,4,2,1.3333334
SUPER_7,16560000,2,0,0,2,0,2,NaN
SUPER_7,16570000,26,0,1,27,7,19,2
SUPER_7,16580000,6,1,2,9,3,3,3.6666667
SUPER_7,16590000,4,1,1,6,3,1,1
SUPER_7,16600000,2,0,0,2,1,1,NaN
SUPER_7,16610000,0,0,0,0,0,0,0
SUPER_7,16620000,0,0,0,0,0,0,0
SUPER_7,16630000,7,1,1,9,4,3,1
SUPER_7,16640000,4,0,1,5,2,2,26
SUPER_7,16650000,2,1,0,3,1,1,52
SUPER_7,16660000,0,0,1,1,0,0,6
SUPER_7,16670000,1,0,0,1,0,1,NaN
SUPER_7,16680000,1,0,0,1,0,1,NaN
SUPER_7,16690000,3,0,0,3,1,2,NaN
SUPER_7,16700000,4,1,0,5,3,1,6
SUPER_7,16710000,3,0,0,3,2,1,NaN
SUPER_7,16720000,8,0,0,8,3,5,NaN
SUPER_7,16730000,0,0,0,0,0,0,0
SUPER_7,16740000,0,0,0,0,0,0,0
SUPER_7,16750000,75,6,10,91,37,38,7.5
SUPER_7,16760000,119,7,8,134,61,58,2.9333334
SUPER_7,16770000,30,0,3,33,14,16,1
SUPER_7,16780000,38,1,3,42,27,11,4.5
SUPER_7,16790000,91,5,10,106,43,48,49.733334
SUPER_7,16800000,117,6,6,129,57,60,9
SUPER_7,16810000,15,0,0,15,7,8,NaN
SUPER_7,16820000,0,0,0,0,0,0,0
SUPER_7,16830000,0,0,0,0,0,0,0
SUPER_7,16840000,0,0,0,0,0,0,0
SUPER_7,16850000,252,15,18,285,122,130,8.212121
SUPER_7,16860000,86,6,4,96,45,41,18
SUPER_7,16870000,8,1,1,10,2,6,1.5
SUPER_7,16880000,40,1,0,41,19,21,1
SUPER_7,16890000,114,4,10,128,59,55,11.071428
SUPER_7,16900000,102,7,4,113,56,46,11.636364
SUPER_7,16910000,85,5,5,95,44,41,5.9
SUPER_7,16920000,72,5,4,81,41,31,8.111111
SUPER_7,16930000,164,8,10,182,81,83,5.5
SUPER_7,16940000,28,1,1,30,12,16,1
SUPER_7,16950000,107,7,7,121,58,49,5.214286
SUPER_7,16960000,7,1,1,9,4,3,24.5
SUPER_7,16970000,0,0,0,0,0,0,0
SUPER_7,16980000,0,0,0,0,0,0,0
SUPER_7,16990000,0,0,0,0,0,0,0
SUPER_7,17000000,0,0,0,0,0,0,0
SUPER_7,17010000,0,0,0,0,0,0,0
SUPER_7,17020000,14,0,1,15,6,8,44
SUPER_7,17030000,64,4,2,70,35,29,7.3333335
SUPER_7,17040000,12,0,1,13,7,5,2
SUPER_7,17050000,114,12,4,130,58,56,5.375
SUPER_7,17060000,80,5,5,90,36,44,1.8
SUPER_7,17070000,49,4,0,53,28,21,1.75
SUPER_7,17080000,42,5,0,47,24,18,5.8
SUPER_7,17090000,94,5,4,103,54,40,6.111111
SUPER_7,17100000,119,5,5,129,59,60,4.7
SUPER_7,17110000,19,0,2,21,13,6,4.5
SUPER_7,17120000,14,2,0,16,6,8,28.5
SUPER_7,17130000,43,2,3,48,26,17,2.8
SUPER_7,17140000,0,0,0,0,0,0,0
SUPER_7,17150000,0,0,0,0,0,0,0
SUPER_7,17160000,142,9,10,161,73,69,9.473684
SUPER_7,17170000,26,0,3,29,10,16,1.6666666
SUPER_7,17180000,138,11,8,157,76,62,7.263158
SUPER_7,17190000,0,0,0,0,0,0,0
SUPER_7,17200000,0,0,0,0,0,0,0
SUPER_7,17210000,143,8,9,160,74,69,6.1764708
SUPER_7,17220000,32,4,5,41,15,17,29.88889
SUPER_7,17230000,3,2,1,6,1,2,6
SUPER_7,17240000,3,0,0,3,3,0,NaN
SUPER_7,17250000,4,4,3,11,2,2,1
SUPER_7,17260000,50,10,6,66,26,24,8.75
SUPER_7,17270000,0,0,0,0,0,0,0
SUPER_7,17280000,0,0,0,0,0,0,0
SUPER_7,17290000,34,2,2,38,17,17,2
SUPER_7,17300000,27,2,2,31,12,15,3.5
SUPER_7,17310000,5,1,1,7,1,4,10.5
SUPER_7,17320000,0,0,0,0,0,0,0
SUPER_7,17330000,0,0,0,0,0,0,0
SUPER_7,17340000,0,0,0,0,0,0,0
SUPER_7,17350000,0,0,0,0,0,0,0
SUPER_7,17360000,20,2,0,22,9,11,1
SUPER_7,17370000,2,1,2,5,2,0,9.333333
SUPER_7,17380000,2,0,1,3,0,2,2
SUPER_7,17390000,3,0,0,3,2,1,NaN
SUPER_7,17400000,5,1,0,6,2,3,3
SUPER_7,17410000,5,1,0,6,4,1,1
SUPER_7,17420000,9,2,1,12,4,5,1.3333334
SUPER_7,17430000,60,4,7,71,30,30,6.3636365
SUPER_7,17440000,0,0,0,0,0,0,0
SUPER_7,17450000,0,0,0,0,0,0,0
SUPER_7,17460000,165,9,15,189,93,72,5.3333335
SUPER_7,17470000,81,13,2,96,48,33,11.066667
SUPER_7,17480000,1,0,0,1,0,1,NaN
SUPER_7,17490000,0,0,0,0,0,0,0
SUPER_7,17500000,0,0,0,0,0,0,0
SUPER_7,17510000,0,0,0,0,0,0,0
SUPER_7,17520000,30,1,2,33,14,16,2.6666667
SUPER_7,17530000,128,9,10,147,74,54,7.736842
SUPER_7,17540000,48,1,2,51,27,21,13.333333
SUPER_7,17550000,53,4,2,59,35,18,7.3333335
SUPER_7,17560000,77,2,6,85,45,32,5.5
SUPER_7,17570000,63,4,7,74,36,27,11.727273
SUPER_7,17580000,173,7,4,184,82,91,6.3636365
SUPER_7,17590000,59,4,5,68,31,28,6.6666665
SUPER_7,17600000,1,1,0,2,1,0,1
SUPER_7,17610000,0,0,0,0,0,0,0
SUPER_7,17620000,0,0,0,0,0,0,0
SUPER_7,17630000,8,1,1,10,6,2,5.5
SUPER_7,17640000,21,0,0,21,16,5,NaN
SUPER_7,17650000,9,3,0,12,3,6,6
SUPER_7,17660000,29,0,1,30,16,13,2
SUPER_7,17670000,163,15,6,184,78,85,34.095238
SUPER_7,17680000,6,0,0,6,3,3,NaN
SUPER_7,17690000,5,1,0,6,4,1,2
SUPER_7,17700000,35,1,2,38,13,22,1.3333334
SUPER_7,17710000,3,0,1,4,2,1,1
SUPER_7,17720000,4,0,1,5,3,1,1
SUPER_7,17730000,1,0,0,1,0,1,NaN
SUPER_7,17740000,13,0,2,15,7,6,2.5
SUPER_7,17750000,1,0,0,1,1,0,NaN
SUPER_7,17760000,3,0,0,3,2,1,NaN
SUPER_7,17770000,8,0,1,9,6,2,2
SUPER_7,17780000,13,1,0,14,7,6,1
SUPER_7,17790000,3,1,0,4,2,1,1
SUPER_7,17800000,3,1,0,4,2,1,1
SUPER_7,17810000,8,0,0,8,2,6,NaN
SUPER_7,17820000,6,1,0,7,3,3,1
SUPER_7,17830000,31,3,2,36,13,18,9
SUPER_7,17840000,107,6,0,113,55,52,6.1666665
SUPER_7,17850000,161,9,9,179,89,72,6.388889
SUPER_7,17860000,90,4,7,101,51,39,29.90909
SUPER_7,17870000,4,0,0,4,1,3,NaN
SUPER_7,17880000,56,4,2,62,31,25,2.5
SUPER_7,17890000,104,3,7,114,53,51,28.9
SUPER_7,17900000,98,4,6,108,54,44,5
SUPER_7,17910000,31,3,1,35,18,13,2.75
SUPER_7,17920000,108,9,3,120,62,46,9.083333
SUPER_7,17930000,148,4,13,165,86,62,12.6470585
SUPER_7,17940000,1,0,0,1,1,0,NaN
SUPER_7,17950000,85,4,7,96,42,43,2.909091
SUPER_7,17960000,74,4,4,82,44,30,7.625
SUPER_7,17970000,59,2,4,65,33,26,4
SUPER_7,17980000,131,8,10,149,72,59,8.944445
SUPER_7,17990000,11,2,2,15,6,5,3.75
SUPER_7,18000000,2,0,1,3,2,0,4
SUPER_7,18010000,1,1,3,5,0,1,3.5
SUPER_7,18020000,1,0,0,1,1,0,NaN
SUPER_7,18030000,4,0,0,4,2,2,NaN
SUPER_7,18040000,4,0,0,4,0,4,NaN
SUPER_7,18050000,4,1,0,5,2,2,20
SUPER_7,18060000,4,0,0,4,3,1,NaN
SUPER_7,18070000,1,0,0,1,0,1,NaN
SUPER_7,18080000,2,1,0,3,2,0,1
SUPER_7,18090000,2,0,1,3,1,1,1
SUPER_7,18100000,4,0,0,4,4,0,NaN
SUPER_7,18110000,1,0,0,1,1,0,NaN
SUPER_7,18120000,10,0,0,10,5,5,NaN
SUPER_7,18130000,2,0,0,2,2,0,NaN
SUPER_7,18140000,101,8,4,113,42,59,7.75
SUPER_7,18150000,44,0,2,46,29,15,2.5
SUPER_7,18160000,0,0,0,0,0,0,0
SUPER_7,18170000,0,0,0,0,0,0,0
SUPER_7,18180000,107,11,11,129,53,54,20.772728
SUPER_7,18190000,125,7,9,141,56,69,10.125
SUPER_7,18200000,43,2,0,45,22,21,1
SUPER_7,18210000,49,2,1,52,30,19,4.6666665
SUPER_7,18220000,0,0,0,0,0,0,0
SUPER_7,18230000,0,0,0,0,0,0,0
SUPER_7,18240000,0,0,0,0,0,0,0
SUPER_7,18250000,0,0,0,0,0,0,0
SUPER_7,18260000,38,4,3,45,25,13,4.571429
SUPER_7,18270000,166,8,7,181,97,69,10.533334
SUPER_7,18280000,37,3,0,40,25,12,4.3333335
SUPER_7,18290000,12,2,2,16,2,10,18
SUPER_7,18300000,69,2,5,76,41,28,39.57143
SUPER_7,18310000,71,6,1,78,35,36,7.571429
SUPER_7,18320000,67,9,6,82,45,22,9.4
SUPER_7,18330000,25,1,3,29,13,12,2.25
SUPER_7,18340000,3,0,0,3,1,2,NaN
SUPER_7,18350000,2,0,1,3,1,1,1
SUPER_7,18360000,4,1,1,6,3,1,6
SUPER_7,18370000,3,0,0,3,1,2,NaN
SUPER_7,18380000,1,0,1,2,1,0,1
SUPER_7,18390000,3,0,1,4,1,2,30
SUPER_7,18400000,53,2,2,57,31,22,11.5
SUPER_7,18410000,157,15,12,184,85,72,5.4814816
SUPER_7,18420000,139,6,9,154,66,73,13.8
SUPER_7,18430000,62,4,2,68,31,31,14.833333
SUPER_7,18440000,86,6,8,100,47,39,5.714286
SUPER_7,18450000,48,5,6,59,27,21,6
SUPER_7,18460000,25,3,4,32,11,14,2.7142856
SUPER_7,18470000,46,2,2,50,28,18,3.25
SUPER_7,18480000,104,6,6,116,45,59,1.6666666
SUPER_7,18490000,74,6,4,84,38,36,4.4
SUPER_7,18500000,170,11,12,193,100,70,11.304348
SUPER_7,18510000,31,1,7,39,16,15,4.25
SUPER_7,18520000,4,0,0,4,4,0,NaN
SUPER_7,18530000,2,1,0,3,2,0,41
SUPER_7,18540000,1,0,0,1,1,0,NaN
SUPER_7,18550000,3,0,0,3,2,1,NaN
SUPER_7,18560000,2,0,2,4,0,2,7
SUPER_7,18570000,2,0,1,3,0,2,16
SUPER_7,18580000,1,0,0,1,1,0,NaN
SUPER_7,18590000,73,6,7,86,41,32,4.6923075
SUPER_7,18600000,100,7,6,113,60,40,10.615385
SUPER_7,18610000,63,7,6,76,39,24,3.6153846
SUPER_7,18620000,167,8,6,181,100,67,18
SUPER_7,18630000,107,6,8,121,51,56,8.357142
SUPER_7,18640000,86,14,5,105,43,43,2.3157895
SUPER_7,18650000,113,12,11,136,68,45,5.2608695
SUPER_7,18660000,136,9,13,158,72,64,6.7272725
SUPER_7,18670000,22,2,4,28,13,9,5.1666665
SUPER_7,18680000,1,0,0,1,1,0,NaN
SUPER_7,18690000,1,0,0,1,0,1,NaN
SUPER_7,18700000,3,1,0,4,2,1,2
SUPER_7,18710000,47,5,2,54,27,20,9.857142
SUPER_7,18720000,46,6,11,63,20,26,33.705883
SUPER_7,18730000,6,1,2,9,1,5,3.3333333
SUPER_7,18740000,1,0,0,1,0,1,NaN
SUPER_7,18750000,4,1,2,7,1,3,5
SUPER_7,18760000,0,0,0,0,0,0,0
SUPER_7,18770000,0,0,0,0,0,0,0
SUPER_7,18780000,7,0,0,7,4,3,NaN
SUPER_7,18790000,3,1,0,4,2,1,1
SUPER_7,18800000,4,0,0,4,1,3,NaN
SUPER_7,18810000,1,0,0,1,1,0,NaN
SUPER_7,18820000,3,0,0,3,2,1,NaN
SUPER_7,18830000,2,1,0,3,2,0,1
SUPER_7,18840000,2,1,0,3,1,1,29
SUPER_7,18850000,34,4,2,40,13,21,6
SUPER_7,18860000,51,4,7,62,19,32,5.5454545
SUPER_7,18870000,82,4,9,95,40,42,4.076923
SUPER_7,18880000,91,8,6,105,45,46,2.142857
SUPER_7,18890000,41,2,7,50,21,20,8.111111
SUPER_7,18900000,81,3,9,93,46,35,6.6666665
SUPER_7,18910000,49,3,3,55,20,29,6
SUPER_7,18920000,24,1,1,26,14,10,1
SUPER_7,18930000,98,8,10,116,45,53,9.666667
SUPER_7,18940000,131,8,7,146,56,75,8.333333
SUPER_7,18950000,80,6,11,97,46,34,6.1764708
SUPER_7,18960000,85,5,9,99,46,39,15.857142
SUPER_7,18970000,112,14,10,136,53,59,2.5416667
SUPER_7,18980000,170,11,6,187,93,77,22.117647
SUPER_7,18990000,103,9,9,121,57,46,44.166668
SUPER_7,19000000,147,10,13,170,73,74,3.3913043
SUPER_7,19010000,174,15,16,205,89,85,16.193548
SUPER_7,19020000,8,3,2,13,4,4,11.6
SUPER_7,19030000,0,0,1,1,0,0,6
SUPER_7,19040000,0,1,0,1,0,0,32
SUPER_7,19050000,3,0,0,3,2,1,NaN
SUPER_7,19060000,53,5,2,60,26,27,14.857142
SUPER_7,19070000,68,8,3,79,34,34,6.909091
SUPER_7,19080000,0,0,0,0,0,0,0
SUPER_7,19090000,0,0,0,0,0,0,0
SUPER_7,19100000,0,2,1,3,0,0,1.3333334
SUPER_7,19110000,1,0,0,1,0,1,NaN
SUPER_7,19120000,0,0,0,0,0,0,0
SUPER_7,19130000,0,0,0,0,0,0,0
SUPER_7,19140000,0,0,0,0,0,0,0
SUPER_7,19150000,0,0,0,0,0,0,0
SUPER_7,19160000,0,0,0,0,0,0,0
SUPER_7,19170000,70,7,4,81,32,38,8.090909
SUPER_7,19180000,113,19,11,143,49,64,4.6666665
SUPER_7,19190000,0,0,0,0,0,0,0
SUPER_7,19200000,0,0,0,0,0,0,0
SUPER_7,19210000,277,22,28,327,115,162,9.5
SUPER_7,19220000,112,7,4,123,59,53,4.818182
SUPER_7,19230000,91,4,8,103,43,48,7.0833335
SUPER_7,19240000,109,4,7,120,57,52,2.090909
SUPER_7,19250000,89,5,4,98,42,47,10.888889
SUPER_7,19260000,133,4,8,145,63,70,3.5
SUPER_7,19270000,57,1,3,61,30,27,9.5
SUPER_7,19280000,0,0,1,1,0,0,1
SUPER_7,19290000,1,0,1,2,0,1,12
SUPER_7,19300000,25,3,4,32,8,17,7.714286
SUPER_7,19310000,48,3,4,55,25,23,3.857143
SUPER_7,19320000,90,7,5,102,33,57,4.4166665
SUPER_7,19330000,190,18,16,224,87,103,5.7647057
SUPER_7,19340000,148,5,11,164,87,61,6.5
SUPER_7,19350000,131,12,7,150,67,64,6.263158
SUPER_7,19360000,168,12,8,188,78,90,14.05
SUPER_7,19370000,188,4,12,204,100,88,7.5625
SUPER_7,19380000,122,7,10,139,61,61,77
SUPER_7,19390000,64,3,5,72,30,34,3.25
SUPER_7,19400000,176,18,10,204,90,86,18.321428
SUPER_7,19410000,175,13,10,198,89,86,4.2608695
SUPER_7,19420000,152,9,7,168,87,65,15.1875
SUPER_7,19430000,116,8,10,134,67,49,9.888889
SUPER_7,19440000,18,0,7,25,9,9,2.5714285
SUPER_7,19450000,7,0,1,8,5,2,4
SUPER_7,19460000,5,0,0,5,1,4,NaN
SUPER_7,19470000,2,0,1,3,1,1,9
SUPER_7,19480000,0,0,0,0,0,0,0
SUPER_7,19490000,0,0,0,0,0,0,0
SUPER_7,19500000,6,0,1,7,3,3,5
SUPER_7,19510000,47,5,6,58,22,25,13.272727
SUPER_7,19520000,100,5,10,115,42,58,5.0666666
SUPER_7,19530000,23,2,5,30,11,12,37
SUPER_7,19540000,124,7,5,136,69,55,2.75
SUPER_7,19550000,148,5,6,159,84,64,3.6363637
SUPER_7,19560000,204,12,10,226,101,103,9.545455
SUPER_7,19570000,85,3,10,98,47,38,4.5384617
SUPER_7,19580000,47,8,3,58,27,20,8
SUPER_7,19590000,45,6,1,52,28,17,3
SUPER_7,19600000,5,1,0,6,3,2,14
SUPER_7,19610000,109,4,8,121,57,52,10.833333
SUPER_7,19620000,55,3,5,63,31,24,8.25
SUPER_7,19630000,63,4,8,75,37,26,10
SUPER_7,19640000,72,4,1,77,36,36,3.8
SUPER_7,19650000,84,10,3,97,40,44,5.230769
SUPER_7,19660000,43,5,3,51,23,20,2.5
SUPER_7,19670000,103,6,4,113,50,53,3.9
SUPER_7,19680000,150,5,14,169,76,74,14.894737
SUPER_7,19690000,85,7,3,95,54,31,4.4
SUPER_7,19700000,51,3,4,58,26,25,3.7142856
SUPER_7,19710000,70,11,6,87,35,35,5.117647
SUPER_7,19720000,87,8,11,106,48,39,13.157895
SUPER_7,19730000,43,2,7,52,18,25,4
SUPER_7,19740000,94,6,6,106,52,42,6.0833335
SUPER_7,19750000,79,5,4,88,41,38,39.88889
SUPER_7,19760000,56,5,4,65,32,24,5.3333335
SUPER_7,19770000,105,12,9,126,51,54,4.047619
SUPER_7,19780000,175,12,13,200,82,93,12.6
SUPER_7,19790000,0,0,0,0,0,0,0
SUPER_7,19800000,0,0,0,0,0,0,0
SUPER_7,19810000,168,11,15,194,70,98,4.6538463
SUPER_7,19820000,147,9,6,162,76,71,5.5333333
SUPER_7,19830000,87,9,3,99,44,43,3.8333333
SUPER_7,19840000,49,5,7,61,26,23,9.5
SUPER_7,19850000,138,7,11,156,66,72,4.388889
SUPER_7,19860000,68,5,6,79,36,32,6.6363635
SUPER_7,19870000,111,2,3,116,62,49,8.4
SUPER_7,19880000,14,1,0,15,6,8,1
SUPER_7,19890000,129,7,9,145,62,67,5.125
SUPER_7,19900000,104,14,12,130,59,45,10.692307
SUPER_7,19910000,121,11,8,140,59,62,7.5263157
SUPER_7,19920000,70,4,7,81,37,33,2.6363637
SUPER_7,19930000,123,11,10,144,58,65,15.857142
SUPER_7,19940000,93,5,8,106,52,41,3.0769231
SUPER_7,19950000,25,3,2,30,16,9,7.8
SUPER_7,19960000,37,1,2,40,21,16,2.6666667
SUPER_7,19970000,34,5,5,44,9,25,1.9
SUPER_7,19980000,45,1,3,49,23,22,4.25
SUPER_7,19990000,69,3,3,75,38,31,3
SUPER_7,20000000,113,7,6,126,59,54,9.846154
SUPER_7,20010000,92,7,5,104,32,60,10.333333
SUPER_7,20020000,96,9,6,111,65,31,14.933333
SUPER_7,20030000,84,7,12,103,38,46,17.789474
SUPER_7,20040000,52,4,6,62,21,31,3.7
SUPER_7,20050000,49,5,3,57,16,33,3
SUPER_7,20060000,4,0,1,5,2,2,14
SUPER_7,20070000,3,0,1,4,3,0,9
SUPER_7,20080000,3,0,0,3,2,1,NaN
SUPER_7,20090000,0,0,0,0,0,0,0
SUPER_7,20100000,0,0,0,0,0,0,0
SUPER_7,20110000,0,0,0,0,0,0,0
SUPER_7,20120000,24,2,3,29,16,8,2.8
SUPER_7,20130000,52,6,4,62,17,35,1.4
SUPER_7,20140000,103,5,9,117,48,55,7.642857
SUPER_7,20150000,155,9,9,173,85,70,10.388889
SUPER_7,20160000,73,6,4,83,37,36,15.2
SUPER_7,20170000,93,11,5,109,38,55,9.375
SUPER_7,20180000,48,4,3,55,24,24,6.285714
SUPER_7,20190000,1,0,0,1,1,0,NaN
SUPER_7,20200000,6,2,2,10,5,1,1.5
SUPER_7,20210000,31,4,1,36,15,16,5.6
SUPER_7,20220000,70,7,6,83,32,38,3.3846154
SUPER_7,20230000,100,8,5,113,52,48,29.615385
SUPER_7,20240000,121,4,6,131,61,60,4.2
SUPER_7,20250000,92,2,6,100,39,53,2.5
SUPER_7,20260000,0,0,0,0,0,0,0
SUPER_7,20270000,0,0,0,0,0,0,0
SUPER_7,20280000,80,5,3,88,45,35,19.375
SUPER_7,20290000,90,6,8,104,43,47,6.5
SUPER_7,20300000,61,4,7,72,25,36,4.909091
SUPER_7,20310000,93,4,11,108,41,52,2.5333333
SUPER_7,20320000,69,3,9,81,42,27,24.083334
SUPER_7,20330000,93,4,8,105,49,44,5.3333335
SUPER_7,20340000,28,1,3,32,13,15,4.5
SUPER_7,20350000,52,9,7,68,31,21,4.3125
SUPER_7,20360000,130,20,15,165,58,72,4.3142858
SUPER_7,20370000,106,9,11,126,47,59,2.8
SUPER_7,20380000,98,6,10,114,55,43,23.125
SUPER_7,20390000,91,5,13,109,44,47,4.0555553
SUPER_7,20400000,146,10,10,166,78,68,20.55
SUPER_7,20410000,112,8,7,127,60,52,3.6
SUPER_7,20420000,140,9,17,166,67,73,7.6153846
SUPER_7,20430000,97,5,8,110,45,52,26.307692
SUPER_7,20440000,31,2,2,35,18,13,17.5
SUPER_7,20450000,31,3,2,36,19,12,1.6
SUPER_7,20460000,110,9,4,123,49,61,6.6923075
SUPER_7,20470000,117,8,15,140,52,65,36.217392
SUPER_7,20480000,79,6,8,93,41,38,3.0714285
SUPER_7,20490000,151,8,17,176,84,67,9.6
SUPER_7,20500000,113,5,11,129,57,56,3.875
SUPER_7,20510000,37,1,6,44,15,22,9.428572
SUPER_7,20520000,51,0,4,55,21,30,1.75
SUPER_7,20530000,131,10,7,148,58,73,6.882353
SUPER_7,20540000,250,20,17,287,121,129,33.135136
SUPER_7,20550000,175,7,11,193,92,83,13.444445
SUPER_7,20560000,53,3,2,58,28,25,11.2
SUPER_7,20570000,85,5,6,96,42,43,7
SUPER_7,20580000,117,8,8,133,64,53,4.9375
SUPER_7,20590000,55,4,3,62,28,27,2
SUPER_7,20600000,4,1,0,5,1,3,1
SUPER_7,20610000,3,0,0,3,1,2,NaN
SUPER_7,20620000,3,0,0,3,0,3,NaN
SUPER_7,20630000,4,0,1,5,2,2,1
SUPER_7,20640000,2,0,1,3,1,1,2
SUPER_7,20650000,2,2,0,4,0,2,4.5
SUPER_7,20660000,11,1,0,12,6,5,1
SUPER_7,20670000,1,0,0,1,1,0,NaN
SUPER_7,20680000,14,2,2,18,6,8,19
SUPER_7,20690000,155,7,15,177,73,82,7.681818
SUPER_7,20700000,161,9,15,185,80,81,23.458334
SUPER_7,20710000,80,11,6,97,45,35,8.235294
SUPER_7,20720000,103,7,12,122,46,57,4.5789475
SUPER_7,20730000,108,7,7,122,57,51,3.2857144
SUPER_7,20740000,147,4,6,157,67,80,9
SUPER_7,20750000,31,2,2,35,15,16,1.25
SUPER_7,20760000,74,2,4,80,42,32,2.1666667
SUPER_7,20770000,126,8,7,141,58,68,9.266666
SUPER_7,20780000,51,2,1,54,30,21,5.6666665
SUPER_7,20790000,59,4,5,68,31,28,3
SUPER_7,20800000,6,0,0,6,3,3,NaN
SUPER_7,20810000,57,7,2,66,26,31,2.8888888
SUPER_7,20820000,124,9,16,149,58,66,12
SUPER_7,20830000,118,7,9,134,60,58,5.75
SUPER_7,20840000,44,6,3,53,20,24,8.555555
SUPER_7,20850000,31,3,0,34,16,15,1.3333334
SUPER_7,20860000,4,1,0,5,2,2,4
SUPER_7,20870000,69,9,10,88,32,37,7.736842
SUPER_7,20880000,69,11,7,87,32,37,2.8333333
SUPER_7,20890000,128,5,5,138,70,58,4.4
SUPER_7,20900000,134,10,16,160,68,66,7.4615383
SUPER_7,20910000,71,14,8,93,32,39,4.5454545
SUPER_7,20920000,24,4,0,28,7,17,12.75
SUPER_7,20930000,5,1,1,7,2,3,2.5
SUPER_7,20940000,44,3,0,47,25,19,1.6666666
SUPER_7,20950000,0,0,0,0,0,0,0
SUPER_7,20960000,0,0,0,0,0,0,0
SUPER_7,20970000,70,4,4,78,37,33,12.25
SUPER_7,20980000,56,4,4,64,31,25,10.125
SUPER_7,20990000,9,2,0,11,8,1,1
SUPER_7,21000000,8,0,1,9,6,2,1
SUPER_7,21010000,67,4,3,74,27,40,5.142857
SUPER_7,21020000,93,7,9,109,50,43,3.5
SUPER_7,21030000,54,1,7,62,26,28,16.625
SUPER_7,21040000,64,8,2,74,32,32,8.1
SUPER_7,21050000,73,3,10,86,32,41,27.615385
SUPER_7,21060000,165,12,13,190,87,78,36
SUPER_7,21070000,118,9,7,134,62,56,18.4375
SUPER_7,21080000,108,5,3,116,45,63,2.125
SUPER_7,21090000,110,6,6,122,54,56,3.6666667
SUPER_7,21100000,62,6,7,75,34,28,8.461538
SUPER_7,21110000,82,6,5,93,41,41,6.909091
SUPER_7,21120000,85,6,6,97,46,39,5.1666665
SUPER_7,21130000,99,7,5,111,45,54,17.083334
SUPER_7,21140000,57,3,5,65,32,25,6.125
SUPER_7,21150000,14,3,2,19,8,6,10.2
SUPER_7,21160000,24,1,3,28,12,12,14.5
SUPER_7,21170000,78,7,5,90,44,34,6.75
SUPER_7,21180000,41,3,6,50,25,16,3.1111112
SUPER_7,21190000,9,2,0,11,6,3,19
SUPER_7,21200000,71,7,7,85,32,39,8.071428
SUPER_7,21210000,91,9,8,108,49,42,3.7058823
SUPER_7,21220000,127,5,9,141,60,67,5.071429
SUPER_7,21230000,22,2,4,28,12,10,8.5
SUPER_7,21240000,1,0,1,2,1,0,2
SUPER_7,21250000,48,3,3,54,28,20,5.8333335
SUPER_7,21260000,3,0,2,5,1,2,2
SUPER_7,21270000,1,0,0,1,0,1,NaN
SUPER_7,21280000,40,5,5,50,21,19,3.4
SUPER_7,21290000,12,0,1,13,8,4,1
SUPER_7,21300000,68,6,5,79,32,36,2.8181818
SUPER_7,21310000,114,9,20,143,50,64,6.034483
SUPER_7,21320000,47,2,7,56,31,16,5.6666665
SUPER_7,21330000,101,8,17,126,45,56,8
SUPER_7,21340000,81,6,1,88,41,40,10
SUPER_7,21350000,136,5,8,149,84,52,30.461538
SUPER_7,21360000,95,4,9,108,46,49,9.461538
SUPER_7,21370000,68,5,8,81,40,28,8.384615
SUPER_7,21380000,111,5,8,124,54,57,5.6153846
SUPER_7,21390000,39,0,1,40,22,17,1
SUPER_7,21400000,87,5,4,96,40,47,4
SUPER_7,21410000,131,8,12,151,61,70,3.15
SUPER_7,21420000,57,3,4,64,27,30,7.142857
SUPER_7,21430000,50,1,3,54,21,29,4.75
SUPER_7,21440000,103,7,7,117,47,56,18.285715
SUPER_7,21450000,138,6,11,155,52,86,6.647059
SUPER_7,21460000,165,6,13,184,84,81,12.210526
SUPER_7,21470000,143,13,7,163,67,76,5.9
SUPER_7,21480000,79,3,5,87,31,48,10.25
SUPER_7,21490000,121,9,11,141,65,56,5.95
SUPER_7,21500000,82,12,9,103,51,31,6.952381
SUPER_7,21510000,33,0,4,37,18,15,3.75
SUPER_7,21520000,66,4,4,74,36,30,3.375
SUPER_7,21530000,70,10,7,87,33,37,32.17647
SUPER_7,21540000,135,11,7,153,65,70,10.111111
SUPER_7,21550000,193,9,12,214,111,82,3.5238094
SUPER_7,21560000,134,11,15,160,69,65,5.8846154
SUPER_7,21570000,128,8,11,147,64,64,4.0526314
SUPER_7,21580000,166,10,13,189,80,86,4.2608695
SUPER_7,21590000,73,4,5,82,39,34,3.2222223
SUPER_7,21600000,45,5,6,56,25,20,75.27273
SUPER_7,21610000,137,8,9,154,80,57,7.647059
SUPER_7,21620000,6,1,0,7,4,2,23
SUPER_7,21630000,124,10,10,144,58,66,4.7
SUPER_7,21640000,150,9,5,164,73,77,4.428571
SUPER_7,21650000,139,7,17,163,72,67,7.9166665
SUPER_7,21660000,98,8,12,118,60,38,11.15
SUPER_7,21670000,127,6,9,142,59,68,12.533334
SUPER_7,21680000,208,15,21,244,104,104,5.361111
SUPER_7,21690000,78,5,10,93,29,49,6.2
SUPER_7,21700000,136,5,6,147,72,64,35.363636
SUPER_7,21710000,65,7,5,77,32,33,3.3333333
SUPER_7,21720000,120,8,11,139,60,60,7.736842
SUPER_7,21730000,112,11,6,129,57,55,4.1764708
SUPER_7,21740000,161,5,18,184,77,84,4.2608695
SUPER_7,21750000,97,8,8,113,51,46,4.5
SUPER_7,21760000,84,3,7,94,44,40,3
SUPER_7,21770000,115,4,7,126,62,53,6.6363635
SUPER_7,21780000,89,6,4,99,49,40,6.4
SUPER_7,21790000,119,6,3,128,54,65,2.2222223
SUPER_7,21800000,189,15,14,218,92,97,6.6551723
SUPER_7,21810000,164,16,15,195,81,83,11.193548
SUPER_7,21820000,121,6,9,136,60,61,10.2
SUPER_7,21830000,134,9,15,158,67,67,4.9166665
SUPER_7,21840000,93,4,4,101,48,45,9.5
SUPER_7,21850000,15,0,1,16,5,10,3
SUPER_7,21860000,101,4,6,111,50,51,5.7
SUPER_7,21870000,86,4,5,95,42,44,7
SUPER_7,21880000,8,3,4,15,1,7,17.857143
SUPER_7,21890000,75,6,1,82,45,30,5.142857
SUPER_7,21900000,43,7,5,55,20,23,4
SUPER_7,21910000,183,16,17,216,95,88,25.90909
SUPER_7,21920000,106,5,2,113,54,52,3
SUPER_7,21930000,115,11,11,137,57,58,7
SUPER_7,21940000,138,4,5,147,71,67,4.6666665
SUPER_7,21950000,128,12,11,151,58,70,4.3913045
SUPER_7,21960000,86,5,5,96,44,42,8.5
SUPER_7,21970000,43,3,3,49,24,19,11.833333
SUPER_7,21980000,101,6,3,110,54,47,7.888889
SUPER_7,21990000,89,5,6,100,40,49,6.181818
SUPER_7,22000000,154,6,12,172,82,72,15.5
SUPER_7,22010000,163,9,10,182,74,89,11.315789
SUPER_7,22020000,112,5,8,125,56,56,6.3076925
SUPER_7,22030000,1,0,0,1,1,0,NaN
SUPER_7,22040000,27,0,3,30,16,11,5.6666665
SUPER_7,22050000,197,13,13,223,107,90,14.576923
SUPER_7,22060000,95,6,6,107,50,45,6.5833335
SUPER_7,22070000,45,3,1,49,23,22,3.5
SUPER_7,22080000,6,0,1,7,2,4,2
SUPER_7,22090000,66,5,2,73,35,31,9.714286
SUPER_7,22100000,81,7,7,95,35,46,5.785714
SUPER_7,22110000,107,11,11,129,53,54,3.4545455
SUPER_7,22120000,61,6,8,75,26,35,10.357142
SUPER_7,22130000,105,10,6,121,58,47,4.8125
SUPER_7,22140000,141,13,11,165,64,77,13.791667
SUPER_7,22150000,151,13,12,176,73,78,9.64
SUPER_7,22160000,66,4,10,80,41,25,5.571429
SUPER_7,22170000,102,6,8,116,51,51,6.285714
SUPER_7,22180000,84,6,12,102,50,34,5.1666665
SUPER_7,22190000,1,0,0,1,1,0,NaN
SUPER_7,22200000,1,2,0,3,1,0,5.5
SUPER_7,22210000,1,0,0,1,1,0,NaN
SUPER_7,22220000,3,0,0,3,1,2,NaN
SUPER_7,22230000,0,0,0,0,0,0,0
SUPER_7,22240000,0,0,0,0,0,0,0
SUPER_7,22250000,3,1,1,5,2,1,1
SUPER_7,22260000,1,0,1,2,1,0,4
SUPER_7,22270000,1,0,2,3,1,0,1.5
SUPER_7,22280000,6,1,0,7,4,2,1
SUPER_7,22290000,3,0,0,3,3,0,NaN
SUPER_7,22300000,5,0,0,5,3,2,NaN
SUPER_7,22310000,84,4,6,94,39,45,2.2
SUPER_7,22320000,148,9,11,168,61,87,10.55
SUPER_7,22330000,24,3,0,27,14,10,7.3333335
SUPER_7,22340000,44,4,2,50,22,22,15.333333
SUPER_7,22350000,34,2,2,38,14,20,39.5
SUPER_7,22360000,2,0,0,2,2,0,NaN
SUPER_7,22370000,1,1,0,2,1,0,4
SUPER_7,22380000,4,0,0,4,2,2,NaN
SUPER_7,22390000,3,0,0,3,0,3,NaN
SUPER_7,22400000,5,2,0,7,3,2,1
SUPER_7,22410000,2,0,0,2,2,0,NaN
SUPER_7,22420000,3,1,0,4,2,1,1
SUPER_7,22430000,0,0,0,0,0,0,0
SUPER_7,22440000,0,0,0,0,0,0,0
SUPER_7,22450000,49,9,5,63,26,23,6
SUPER_7,22460000,97,7,15,119,41,56,8.818182
SUPER_7,22470000,59,4,5,68,30,29,2.4444444
SUPER_7,22480000,116,9,9,134,57,59,13.611111
SUPER_7,22490000,0,0,0,0,0,0,0
SUPER_7,22500000,0,0,0,0,0,0,0
SUPER_7,22510000,76,1,3,80,38,38,5.25
SUPER_7,22520000,77,6,6,89,40,37,5.1666665
SUPER_7,22530000,137,13,15,165,73,64,4.714286
SUPER_7,22540000,18,0,0,18,8,10,NaN
SUPER_7,22550000,30,4,2,36,21,9,1.6666666
SUPER_7,22560000,174,20,8,202,91,83,4.642857
SUPER_7,22570000,91,12,8,111,46,45,5.65
SUPER_7,22580000,10,0,3,13,8,2,6
SUPER_7,22590000,40,11,3,54,20,20,15.857142
SUPER_7,22600000,33,6,4,43,11,22,5.6
SUPER_7,22610000,2,0,1,3,1,1,1
SUPER_7,22620000,1,0,0,1,0,1,NaN
SUPER_7,22630000,1,0,0,1,0,1,NaN
SUPER_7,22640000,6,0,2,8,1,4,10.5
SUPER_7,22650000,2,0,0,2,2,0,NaN
SUPER_7,22660000,5,1,0,6,1,4,2
SUPER_7,22670000,32,0,3,35,23,9,5
SUPER_7,22680000,99,3,4,106,55,44,7.571429
SUPER_7,22690000,154,9,4,167,90,64,10.615385
SUPER_7,22700000,132,9,12,153,72,60,5.1904764
SUPER_7,22710000,0,0,0,0,0,0,0
SUPER_7,22720000,0,0,0,0,0,0,0
SUPER_7,22730000,102,9,6,117,56,46,17.066668
SUPER_7,22740000,121,9,12,142,68,53,8.190476
SUPER_7,22750000,83,2,7,92,53,30,9
SUPER_7,22760000,120,12,5,137,50,70,4.7058825
SUPER_7,22770000,86,3,6,95,46,40,7
SUPER_7,22780000,85,3,7,95,50,35,8.4
SUPER_7,22790000,185,12,19,216,99,86,16.387096
SUPER_7,22800000,194,16,12,222,89,105,8.107142
SUPER_7,22810000,38,2,0,40,23,15,6.5
SUPER_7,22820000,112,3,13,128,64,48,5
SUPER_7,22830000,115,13,7,135,62,53,4.05
SUPER_7,22840000,273,14,18,305,141,132,7.0625
SUPER_7,22850000,99,8,5,112,51,48,6
SUPER_7,22860000,79,5,3,87,44,35,8.375
SUPER_7,22870000,43,2,4,49,20,23,4.6666665
SUPER_7,22880000,15,1,0,16,8,7,1
SUPER_7,22890000,66,4,4,74,37,29,10.5
SUPER_7,22900000,25,1,0,26,16,9,4
SUPER_7,22910000,19,2,1,22,12,7,2
SUPER_7,22920000,67,5,2,74,40,27,18.571428
SUPER_7,22930000,49,3,6,58,25,24,5.111111
SUPER_7,22940000,0,0,0,0,0,0,0
SUPER_7,22950000,0,0,0,0,0,0,0
SUPER_7,22960000,90,4,6,100,47,43,4.6
SUPER_7,22970000,92,13,2,107,57,35,7.266667
SUPER_7,22980000,97,8,9,114,43,54,5.7647057
SUPER_7,22990000,125,7,7,139,66,59,15.785714
SUPER_7,23000000,135,13,7,155,64,71,5.7
SUPER_7,23010000,7,2,2,11,6,1,4.25
SUPER_7,23020000,1,0,0,1,0,1,NaN
SUPER_7,23030000,42,3,4,49,26,16,12.142858
SUPER_7,23040000,126,15,11,152,67,59,20.461538
SUPER_7,23050000,156,10,13,179,92,64,9.173913
SUPER_7,23060000,138,7,9,154,70,68,45.9375
SUPER_7,23070000,99,2,8,109,51,48,10.8
SUPER_7,23080000,137,11,6,154,73,64,7.5882354
SUPER_7,23090000,73,5,5,83,37,36,3
SUPER_7,23100000,114,11,7,132,62,52,5
SUPER_7,23110000,34,3,5,42,13,21,6
SUPER_7,23120000,0,0,0,0,0,0,0
SUPER_7,23130000,0,0,0,0,0,0,0
SUPER_7,23140000,0,0,0,0,0,0,0
SUPER_7,23150000,0,0,0,0,0,0,0
SUPER_7,23160000,0,0,0,0,0,0,0
SUPER_7,23170000,0,0,0,0,0,0,0
SUPER_7,23180000,0,0,0,0,0,0,0
SUPER_7,23190000,0,0,0,0,0,0,0
SUPER_7,23200000,0,0,0,0,0,0,0
SUPER_7,23210000,0,0,0,0,0,0,0
SUPER_7,23220000,0,0,0,0,0,0,0
SUPER_7,23230000,0,0,0,0,0,0,0
SUPER_7,23240000,0,0,0,0,0,0,0
SUPER_7,23250000,52,6,2,60,31,21,5
SUPER_7,23260000,2,0,0,2,0,2,NaN
SUPER_7,23270000,22,0,0,22,13,9,NaN
SUPER_7,23280000,0,1,0,1,0,0,24
SUPER_7,23290000,2,1,0,3,1,1,2
SUPER_7,23300000,6,0,2,8,3,3,8
SUPER_7,23310000,3,1,2,6,2,1,14.333333
SUPER_7,23320000,0,0,0,0,0,0,0
SUPER_7,23330000,0,0,0,0,0,0,0
SUPER_7,23340000,0,0,0,0,0,0,0
SUPER_7,23350000,6,0,1,7,3,3,1
SUPER_7,23360000,0,0,0,0,0,0,0
SUPER_7,23370000,0,0,0,0,0,0,0
SUPER_7,23380000,0,0,0,0,0,0,0
SUPER_7,23390000,2,1,0,3,2,0,29
SUPER_7,23400000,3,0,0,3,0,3,NaN
SUPER_7,23410000,3,0,0,3,0,3,NaN
SUPER_7,23420000,2,0,0,2,1,1,NaN
SUPER_7,23430000,1,0,0,1,0,1,NaN
SUPER_7,23440000,3,0,0,3,2,1,NaN
SUPER_7,23450000,3,0,0,3,2,1,NaN
SUPER_7,23460000,68,4,4,76,27,41,2
SUPER_7,23470000,25,1,2,28,15,10,41
SUPER_7,23480000,96,8,6,110,50,46,3.4285715
SUPER_7,23490000,157,8,8,173,82,75,6.125
SUPER_7,23500000,86,3,6,95,44,42,10.333333
SUPER_7,23510000,28,3,0,31,13,15,4.6666665
SUPER_7,23520000,11,3,0,14,6,5,4.6666665
SUPER_7,23530000,12,1,0,13,4,8,1
SUPER_7,23540000,107,3,3,113,55,52,8.5
SUPER_7,23550000,133,7,5,145,67,66,20.416666
SUPER_7,23560000,213,15,12,240,103,110,9.481482
SUPER_7,23570000,137,11,9,157,72,65,7.85
SUPER_7,23580000,57,3,7,67,24,33,12.3
SUPER_7,23590000,25,3,1,29,14,11,2.25
SUPER_7,23600000,14,1,0,15,6,8,4
SUPER_7,23610000,72,6,4,82,40,32,2.6
SUPER_7,23620000,26,1,6,33,11,15,1.8571428
SUPER_7,23630000,10,2,2,14,8,2,13.25
SUPER_7,23640000,121,8,9,138,67,54,4.117647
SUPER_7,23650000,73,10,7,90,46,27,28.588236
SUPER_7,23660000,140,4,10,154,75,65,5.785714
SUPER_7,23670000,25,6,0,31,11,14,5.5
SUPER_7,23680000,126,13,13,152,65,61,5.6538463
SUPER_7,23690000,102,9,7,118,45,57,20
SUPER_7,23700000,11,0,1,12,2,9,1
SUPER_7,23710000,41,2,3,46,21,20,2.8
SUPER_7,23720000,224,13,8,245,113,111,4.095238
SUPER_7,23730000,173,8,16,197,98,75,15.375
SUPER_7,23740000,49,5,5,59,28,21,11.7
SUPER_7,23750000,200,9,14,223,101,99,7.826087
SUPER_7,23760000,69,6,7,82,36,33,19
SUPER_7,23770000,92,5,12,109,46,46,19.588236
SUPER_7,23780000,102,8,11,121,42,60,4.4210525
SUPER_7,23790000,116,10,12,138,62,54,4.2272725
SUPER_7,23800000,0,0,0,0,0,0,0
SUPER_7,23810000,0,0,0,0,0,0,0
SUPER_7,23820000,5,0,3,8,3,2,2.6666667
SUPER_7,23830000,98,4,11,113,54,44,5.5333333
SUPER_7,23840000,110,2,8,120,51,59,4.7
SUPER_7,23850000,131,6,8,145,65,66,8.214286
SUPER_7,23860000,207,10,16,233,101,106,15.230769
SUPER_7,23870000,83,6,10,99,38,45,4.75
SUPER_7,23880000,54,6,8,68,24,30,6.571429
SUPER_7,23890000,97,3,9,109,55,42,7.0833335
SUPER_7,23900000,174,10,11,195,95,79,3.857143
SUPER_7,23910000,72,3,9,84,36,36,2.4166667
SUPER_7,23920000,116,13,11,140,53,63,7.2083335
SUPER_7,23930000,80,10,9,99,33,47,4.263158
SUPER_7,23940000,5,1,0,6,3,2,11
SUPER_7,23950000,75,6,4,85,36,39,5.1
SUPER_7,23960000,141,12,13,166,74,67,8.68
SUPER_7,23970000,142,5,9,156,67,75,7
SUPER_7,23980000,119,11,10,140,60,59,11.285714
SUPER_7,23990000,68,7,7,82,36,32,10.142858
SUPER_7,24000000,90,8,8,106,43,47,4.3125
SUPER_7,24010000,59,10,4,73,23,36,6.642857
SUPER_7,24020000,116,6,12,134,62,54,17.833334
SUPER_7,24030000,167,13,15,195,81,86,12.714286
SUPER_7,24040000,126,12,11,149,57,69,4.0434785
SUPER_7,24050000,130,10,14,154,57,73,4.0416665
SUPER_7,24060000,98,5,3,106,54,44,2
SUPER_7,24070000,58,3,2,63,36,22,5.4
SUPER_7,24080000,116,8,7,131,60,56,5.0666666
SUPER_7,24090000,176,15,16,207,92,84,6.451613
SUPER_7,24100000,141,15,12,168,65,76,6.6296296
SUPER_7,24110000,88,8,2,98,49,39,6.7
SUPER_7,24120000,27,1,4,32,11,16,2.4
SUPER_7,24130000,182,23,10,215,85,97,8.363636
SUPER_7,24140000,144,14,12,170,80,64,14.269231
SUPER_7,24150000,95,6,6,107,54,41,24.5
SUPER_7,24160000,103,6,8,117,57,46,4.714286
SUPER_7,24170000,70,6,6,82,33,37,4.5
SUPER_7,24180000,64,5,3,72,42,22,4.25
SUPER_7,24190000,95,5,11,111,48,47,7.6875
SUPER_7,24200000,0,0,0,0,0,0,0
SUPER_7,24210000,0,0,0,0,0,0,0
SUPER_7,24220000,10,1,0,11,5,5,4
SUPER_7,24230000,133,10,12,155,62,71,8.681818
SUPER_7,24240000,123,13,11,147,64,59,38.083332
SUPER_7,24250000,27,3,2,32,16,11,11.6
SUPER_7,24260000,14,0,2,16,11,3,1.5
SUPER_7,24270000,2,1,0,3,1,1,4
SUPER_7,24280000,21,0,1,22,12,9,1
SUPER_7,24290000,0,0,0,0,0,0,0
SUPER_7,24300000,0,0,0,0,0,0,0
SUPER_7,24310000,17,1,4,22,11,6,15.2
SUPER_7,24320000,3,0,0,3,1,2,NaN
SUPER_7,24330000,88,3,4,95,55,33,6.142857
SUPER_7,24340000,9,0,2,11,4,5,19
SUPER_7,24350000,2,0,0,2,1,1,NaN
SUPER_7,24360000,5,0,0,5,2,3,NaN
SUPER_7,24370000,41,5,5,51,18,23,16.4
SUPER_7,24380000,0,0,0,0,0,0,0
SUPER_7,24390000,0,0,0,0,0,0,0
SUPER_7,24400000,125,16,11,152,74,51,6.3333335
SUPER_7,24410000,140,15,10,165,75,65,30.28
SUPER_7,24420000,69,7,4,80,30,39,7.181818
SUPER_7,24430000,131,4,8,143,70,61,3.5
SUPER_7,24440000,131,6,10,147,56,75,4.6875
SUPER_7,24450000,29,3,0,32,16,13,5
SUPER_7,24460000,40,5,3,48,23,17,4.125
SUPER_7,24470000,49,0,8,57,30,19,5.5
SUPER_7,24480000,133,11,13,157,69,64,3.5
SUPER_7,24490000,104,8,11,123,57,47,4.8421054
SUPER_7,24500000,58,2,5,65,37,21,14.571428
SUPER_7,24510000,44,4,6,54,25,19,5.1
SUPER_7,24520000,10,1,0,11,7,3,1
SUPER_7,24530000,2,1,0,3,1,1,1
SUPER_7,24540000,2,2,0,4,2,0,18.5
SUPER_7,24550000,3,0,1,4,2,1,4
SUPER_7,24560000,1,0,0,1,1,0,NaN
SUPER_7,24570000,1,0,0,1,0,1,NaN
SUPER_7,24580000,2,0,0,2,1,1,NaN
SUPER_7,24590000,1,0,0,1,0,1,NaN
SUPER_7,24600000,2,0,0,2,1,1,NaN
SUPER_7,24610000,4,0,0,4,2,2,NaN
SUPER_7,24620000,2,0,1,3,2,0,2
SUPER_7,24630000,0,0,0,0,0,0,0
SUPER_7,24640000,0,0,0,0,0,0,0
SUPER_7,24650000,4,0,0,4,4,0,NaN
SUPER_7,24660000,1,1,1,3,1,0,2.5
SUPER_7,24670000,2,0,0,2,0,2,NaN
SUPER_7,24680000,39,6,3,48,17,22,7.3333335
SUPER_7,24690000,68,5,4,77,32,36,10.444445
SUPER_7,24700000,96,7,5,108,59,37,14.75
SUPER_7,24710000,85,5,4,94,40,45,9.222222
SUPER_7,24720000,38,3,4,45,23,15,11.428572
SUPER_7,24730000,46,4,3,53,21,25,8
SUPER_7,24740000,5,1,0,6,2,3,1
SUPER_7,24750000,0,0,0,0,0,0,0
SUPER_7,24760000,0,0,0,0,0,0,0
SUPER_7,24770000,148,5,4,157,67,81,31.11111
SUPER_7,24780000,27,1,0,28,9,18,9
SUPER_7,24790000,0,1,0,1,0,0,1
SUPER_7,24800000,38,2,2,42,22,16,22.5
SUPER_7,24810000,105,2,4,111,53,52,3.3333333
SUPER_7,24820000,15,1,1,17,6,9,1
SUPER_7,24830000,27,2,3,32,15,12,6.4
SUPER_7,24840000,96,12,11,119,41,55,20.347826
SUPER_7,24850000,105,7,7,119,53,52,1.8571428
SUPER_7,24860000,40,2,1,43,12,28,1.6666666
SUPER_7,24870000,82,6,5,93,40,42,7
SUPER_7,24880000,243,18,22,283,130,113,13.825
SUPER_7,24890000,108,10,9,127,56,52,9.631579
SUPER_7,24900000,202,14,12,228,96,106,4.1538463
SUPER_7,24910000,160,15,5,180,93,67,25.65
SUPER_7,24920000,2,0,0,2,1,1,NaN
SUPER_7,24930000,2,0,0,2,1,1,NaN
SUPER_7,24940000,1,0,0,1,0,1,NaN
SUPER_7,24950000,2,0,0,2,1,1,NaN
SUPER_7,24960000,11,2,2,15,5,6,5
SUPER_7,24970000,0,0,0,0,0,0,0
SUPER_7,24980000,0,0,0,0,0,0,0
SUPER_7,24990000,31,1,0,32,19,12,6
SUPER_7,25000000,4,1,0,5,2,2,1
SUPER_7,25010000,83,5,9,97,42,41,9.785714
SUPER_7,25020000,58,3,6,67,31,27,3.1111112
SUPER_7,25030000,169,9,10,188,79,90,7.0526314
SUPER_7,25040000,6,1,0,7,0,6,4
SUPER_7,25050000,69,7,6,82,36,33,4.3846154
SUPER_7,25060000,80,6,7,93,38,42,5.4615383
SUPER_7,25070000,162,11,9,182,87,75,15.25
SUPER_7,25080000,75,2,6,83,39,36,3.75
SUPER_7,25090000,126,13,7,146,60,66,5.35
SUPER_7,25100000,44,4,3,51,25,19,4.142857
SUPER_7,25110000,64,4,5,73,31,33,5
SUPER_7,25120000,106,5,6,117,47,59,8
SUPER_7,25130000,144,8,9,161,84,60,7.2941175
SUPER_7,25140000,163,9,8,180,87,76,7.5882354
SUPER_7,25150000,58,6,4,68,35,23,4.5
SUPER_7,25160000,82,8,4,94,44,38,9.5
SUPER_7,25170000,46,1,3,50,23,23,12.75
SUPER_7,25180000,97,3,9,109,45,52,5.8333335
SUPER_7,25190000,89,10,8,107,51,38,4.611111
SUPER_7,25200000,0,0,1,1,0,0,1
SUPER_7,25210000,68,4,2,74,40,28,4.5
SUPER_7,25220000,69,6,4,79,35,34,3.1
SUPER_7,25230000,1,0,1,2,0,1,7
SUPER_7,25240000,60,8,2,70,25,35,4.1
SUPER_7,25250000,43,0,2,45,24,19,4.5
SUPER_7,25260000,94,6,6,106,49,45,6.25
SUPER_7,25270000,70,3,2,75,33,37,3
SUPER_7,25280000,126,12,16,154,54,72,5.392857
SUPER_7,25290000,76,5,4,85,36,40,31
SUPER_7,25300000,127,7,6,140,72,55,7.3076925
SUPER_7,25310000,99,9,8,116,43,56,8
SUPER_7,25320000,41,3,4,48,16,25,1.7142857
SUPER_7,25330000,145,13,5,163,79,66,5.3333335
SUPER_7,25340000,115,10,5,130,69,46,8.066667
SUPER_7,25350000,42,2,2,46,24,18,9.5
SUPER_7,25360000,107,7,5,119,52,55,21.166666
SUPER_7,25370000,55,4,3,62,29,26,20.714285
SUPER_7,25380000,124,7,9,140,57,67,16.625
SUPER_7,25390000,19,2,0,21,8,11,5.5
SUPER_7,25400000,139,11,7,157,74,65,3.6111112
SUPER_7,25410000,182,12,9,203,92,90,10.095238
SUPER_7,25420000,169,8,9,186,80,89,8.411765
SUPER_7,25430000,126,7,10,143,62,64,2.8235295
SUPER_7,25440000,108,7,7,122,55,53,6.142857
SUPER_7,25450000,1,0,1,2,0,1,4
SUPER_7,25460000,0,0,0,0,0,0,0
SUPER_7,25470000,0,0,0,0,0,0,0
SUPER_7,25480000,4,1,3,8,3,1,6.75
SUPER_7,25490000,6,0,1,7,2,4,1
SUPER_7,25500000,0,1,0,1,0,0,6
SUPER_7,25510000,3,0,1,4,1,2,2
SUPER_7,25520000,5,0,0,5,0,5,NaN
SUPER_7,25530000,1,0,0,1,0,1,NaN
SUPER_7,25540000,3,0,0,3,1,2,NaN
SUPER_7,25550000,4,1,0,5,2,2,11
SUPER_7,25560000,11,2,2,15,6,5,3
SUPER_7,25570000,70,11,7,88,34,36,4.2222223
SUPER_7,25580000,121,12,4,137,66,55,3.3125
SUPER_7,25590000,78,3,8,89,34,44,9.909091
SUPER_7,25600000,118,5,9,132,53,65,5.928571
SUPER_7,25610000,94,8,10,112,36,58,6.0555553
SUPER_7,25620000,125,12,8,145,74,51,5.1
SUPER_7,25630000,79,6,8,93,34,45,5.571429
SUPER_7,25640000,1,1,0,2,1,0,1
SUPER_7,25650000,18,2,0,20,6,12,2
SUPER_7,25660000,28,3,2,33,13,15,11.2
SUPER_7,25670000,210,8,20,238,108,102,18.214285
SUPER_7,25680000,35,1,1,37,22,13,6.5
SUPER_7,25690000,37,4,6,47,16,21,6.2
SUPER_7,25700000,51,3,1,55,30,21,7
SUPER_7,25710000,76,5,7,88,41,35,9.083333
SUPER_7,25720000,95,8,9,112,49,46,7.882353
SUPER_7,25730000,52,7,2,61,23,29,15
SUPER_7,25740000,6,2,2,10,4,2,42.5
SUPER_7,25750000,6,1,3,10,1,5,3.25
SUPER_7,25760000,44,2,1,47,21,23,3
SUPER_7,25770000,86,5,7,98,63,23,13.916667
SUPER_7,25780000,122,12,9,143,61,61,8.619047
SUPER_7,25790000,80,4,3,87,46,34,1
SUPER_7,25800000,50,5,2,57,28,22,1.8571428
SUPER_7,25810000,45,6,5,56,33,12,1.3636364
SUPER_7,25820000,30,0,1,31,15,15,6
SUPER_7,25830000,27,1,2,30,9,18,4
SUPER_7,25840000,36,0,6,42,20,16,6.1666665
SUPER_7,25850000,114,8,9,131,45,69,5.647059
SUPER_7,25860000,59,2,5,66,32,27,4.857143
SUPER_7,25870000,6,1,0,7,3,3,1
SUPER_7,25880000,32,2,1,35,16,16,7
SUPER_7,25890000,0,0,0,0,0,0,0
SUPER_7,25900000,0,0,0,0,0,0,0
SUPER_7,25910000,0,0,0,0,0,0,0
SUPER_7,25920000,158,10,10,178,86,72,6.65
SUPER_7,25930000,42,9,3,54,22,20,5.5
SUPER_7,25940000,43,6,6,55,24,19,5
SUPER_7,25950000,48,1,7,56,21,27,1.375
SUPER_7,25960000,107,7,9,123,54,53,7.5625
SUPER_7,25970000,19,2,2,23,10,9,12.5
SUPER_7,25980000,18,1,0,19,11,7,5
SUPER_7,25990000,0,0,0,0,0,0,0
SUPER_7,26000000,0,0,0,0,0,0,0
SUPER_7,26010000,30,1,1,32,20,10,4
SUPER_7,26020000,118,6,12,136,63,55,14.777778
SUPER_7,26030000,85,4,4,93,44,41,23.5
SUPER_7,26040000,19,2,1,22,9,10,12.666667
SUPER_7,26050000,3,0,0,3,0,3,NaN
SUPER_7,26060000,5,0,0,5,0,5,NaN
SUPER_7,26070000,1,0,0,1,0,1,NaN
SUPER_7,26080000,4,0,0,4,1,3,NaN
SUPER_7,26090000,9,3,6,18,4,5,19.11111
SUPER_7,26100000,158,8,12,178,78,80,6.1
SUPER_7,26110000,11,0,1,12,6,5,1
SUPER_7,26120000,31,2,5,38,15,16,1.8571428
SUPER_7,26130000,147,8,6,161,77,70,3.5714285
SUPER_7,26140000,178,6,9,193,85,93,3.4666667
SUPER_7,26150000,129,7,4,140,79,50,3.1818182
SUPER_7,26160000,46,8,0,54,23,23,7.75
SUPER_7,26170000,32,0,1,33,21,11,7
SUPER_7,26180000,60,3,3,66,33,27,12.5
SUPER_7,26190000,0,0,0,0,0,0,0
SUPER_7,26200000,0,0,0,0,0,0,0
SUPER_7,26210000,205,15,7,227,98,107,7.5
SUPER_7,26220000,82,4,3,89,36,46,10.714286
SUPER_7,26230000,49,4,4,57,22,27,3.625
SUPER_7,26240000,3,0,0,3,0,3,NaN
SUPER_7,26250000,10,2,1,13,8,2,1
SUPER_7,26260000,116,4,9,129,49,67,12.769231
SUPER_7,26270000,123,11,8,142,57,66,14.157895
SUPER_7,26280000,158,8,8,174,93,65,8.125
SUPER_7,26290000,156,11,13,180,79,77,4.3333335
SUPER_7,26300000,78,0,2,80,39,39,1
SUPER_7,26310000,48,5,5,58,20,28,5.6
SUPER_7,26320000,56,5,6,67,33,23,5.3636365
SUPER_7,26330000,56,2,2,60,23,33,2.5
SUPER_7,26340000,69,4,2,75,39,30,6.5
SUPER_7,26350000,34,0,2,36,21,13,3
SUPER_7,26360000,69,7,5,81,38,31,7.8333335
SUPER_7,26370000,0,0,0,0,0,0,0
SUPER_7,26380000,0,0,0,0,0,0,0
SUPER_7,26390000,205,6,14,225,107,98,6.65
SUPER_7,26400000,21,3,2,26,13,8,3
SUPER_7,26410000,26,1,3,30,14,12,70.25
SUPER_7,26420000,50,1,2,53,30,20,4.6666665
SUPER_7,26430000,18,1,5,24,9,9,14.833333
SUPER_7,26440000,64,4,2,70,31,33,8.333333
SUPER_7,26450000,54,3,4,61,23,31,8
SUPER_7,26460000,34,2,2,38,19,15,11
SUPER_7,26470000,35,2,0,37,19,16,2
SUPER_7,26480000,166,12,9,187,80,86,5.714286
SUPER_7,26490000,13,0,0,13,8,5,NaN
SUPER_7,26500000,34,1,2,37,18,16,16.333334
SUPER_7,26510000,50,3,7,60,31,19,4.7
SUPER_7,26520000,8,0,0,8,6,2,NaN
SUPER_7,26530000,78,5,3,86,41,37,7.125
SUPER_7,26540000,11,2,2,15,7,4,1.5
SUPER_7,26550000,125,7,8,140,56,69,8.666667
SUPER_7,26560000,82,5,4,91,45,37,11.111111
SUPER_7,26570000,1,0,1,2,0,1,3
SUPER_7,26580000,99,4,3,106,51,48,3.142857
SUPER_7,26590000,19,2,2,23,8,11,3
SUPER_7,26600000,0,0,0,0,0,0,0
SUPER_7,26610000,0,0,0,0,0,0,0
SUPER_7,26620000,0,0,0,0,0,0,0
SUPER_7,26630000,0,0,0,0,0,0,0
SUPER_7,26640000,0,0,0,0,0,0,0
SUPER_7,26650000,0,0,0,0,0,0,0
SUPER_7,26660000,0,0,0,0,0,0,0
SUPER_7,26670000,0,0,0,0,0,0,0
SUPER_7,26680000,0,0,0,0,0,0,0
SUPER_7,26690000,150,10,11,171,69,81,5.571429
SUPER_7,26700000,0,0,0,0,0,0,0
SUPER_7,26710000,0,0,0,0,0,0,0
SUPER_7,26720000,40,2,3,45,17,23,1.8
SUPER_7,26730000,1,0,0,1,1,0,NaN
SUPER_7,26740000,12,1,1,14,7,5,41
SUPER_7,26750000,1,2,0,3,0,1,2
SUPER_7,26760000,1,0,0,1,0,1,NaN
SUPER_7,26770000,197,9,14,220,103,94,11.434783
SUPER_7,26780000,126,7,9,142,75,51,5.4375
SUPER_7,26790000,67,7,1,75,34,33,9
SUPER_7,26800000,0,0,0,0,0,0,0
SUPER_7,26810000,0,0,0,0,0,0,0
SUPER_7,26820000,82,5,6,93,41,41,8.636364
SUPER_7,26830000,82,2,5,89,43,39,7.428571
SUPER_7,26840000,46,6,3,55,25,21,19.666666
SUPER_7,26850000,23,2,5,30,16,7,11
SUPER_7,26860000,124,3,6,133,77,47,5.111111
SUPER_7,26870000,113,4,9,126,53,60,4.769231
SUPER_7,26880000,65,1,4,70,40,25,4
SUPER_7,26890000,52,6,7,65,26,26,8.615385
SUPER_7,26900000,12,0,0,12,5,7,NaN
SUPER_7,26910000,0,2,0,2,0,0,9
SUPER_7,26920000,3,2,0,5,1,2,13
SUPER_7,26930000,72,4,2,78,38,34,3
SUPER_7,26940000,52,2,3,57,24,28,2.6
SUPER_7,26950000,2,0,0,2,1,1,NaN
SUPER_7,26960000,1,0,0,1,0,1,NaN
SUPER_7,26970000,1,0,0,1,0,1,NaN
SUPER_7,26980000,3,0,1,4,2,1,12
SUPER_7,26990000,3,2,1,6,0,3,7
SUPER_7,27000000,2,0,0,2,1,1,NaN
SUPER_7,27010000,4,0,0,4,1,3,NaN
SUPER_7,27020000,0,0,0,0,0,0,0
SUPER_7,27030000,0,0,0,0,0,0,0
SUPER_7,27040000,3,1,0,4,2,1,2
SUPER_7,27050000,37,3,2,42,18,19,7.2
SUPER_7,27060000,56,5,3,64,31,25,3.125
SUPER_7,27070000,113,6,9,128,48,65,3.3333333
SUPER_7,27080000,64,5,4,73,32,32,3.5555556
SUPER_7,27090000,35,5,1,41,23,12,3
SUPER_7,27100000,157,8,8,173,68,89,2.5625
SUPER_7,27110000,62,2,5,69,26,36,12
SUPER_7,27120000,94,10,11,115,44,50,40.238094
SUPER_7,27130000,54,4,1,59,22,32,5.8
SUPER_7,27140000,38,2,3,43,17,21,2.6
SUPER_7,27150000,45,4,8,57,20,25,2.5
SUPER_7,27160000,84,7,2,93,40,44,2
SUPER_7,27170000,93,5,6,104,58,35,13
SUPER_7,27180000,69,7,5,81,37,32,3.1666667
SUPER_7,27190000,25,2,3,30,17,8,5.2
SUPER_7,27200000,117,3,8,128,58,59,6.818182
SUPER_7,27210000,100,11,9,120,50,50,6.45
SUPER_7,27220000,0,0,0,0,0,0,0
SUPER_7,27230000,0,0,0,0,0,0,0
SUPER_7,27240000,79,3,7,89,49,30,3.6
SUPER_7,27250000,0,0,1,1,0,0,1
SUPER_7,27260000,109,9,7,125,53,56,7.5625
SUPER_7,27270000,69,7,9,85,42,27,6.8125
SUPER_7,27280000,110,11,10,131,62,48,6.142857
SUPER_7,27290000,106,7,8,121,51,55,7.3333335
SUPER_7,27300000,0,0,0,0,0,0,0
SUPER_7,27310000,0,0,0,0,0,0,0
SUPER_7,27320000,52,1,8,61,29,23,28.222221
SUPER_7,27330000,49,5,3,57,23,26,5.625
SUPER_7,27340000,45,5,2,52,21,24,5.857143
SUPER_7,27350000,132,6,13,151,64,68,4.9473686
SUPER_7,27360000,101,8,10,119,50,51,8
SUPER_7,27370000,126,11,7,144,68,58,10.444445
SUPER_7,27380000,84,6,7,97,40,44,2.6923077
SUPER_7,27390000,19,0,2,21,8,11,1
SUPER_7,27400000,112,6,6,124,62,50,13.166667
SUPER_7,27410000,82,9,7,98,33,49,5
SUPER_7,27420000,141,10,13,164,70,71,4.521739
SUPER_7,27430000,146,3,9,158,67,79,17.083334
SUPER_7,27440000,55,4,1,60,32,23,4.6
SUPER_7,27450000,93,13,10,116,41,52,7.7826085
SUPER_7,27460000,129,8,11,148,66,63,18.526316
SUPER_7,27470000,117,8,13,138,60,57,10.285714
SUPER_7,27480000,41,2,4,47,20,21,6.1666665
SUPER_7,27490000,95,11,5,111,47,48,19.5625
SUPER_7,27500000,100,7,4,111,47,53,3.8181818
SUPER_7,27510000,136,12,10,158,72,64,6.181818
SUPER_7,27520000,109,9,14,132,59,50,14.173913
SUPER_7,27530000,108,9,15,132,64,44,4.2083335
SUPER_7,27540000,114,8,9,131,58,56,3.5294118
SUPER_7,27550000,158,7,11,176,87,71,3.0555556
SUPER_7,27560000,109,8,2,119,66,43,12.3
SUPER_7,27570000,72,2,5,79,39,33,3.5714285
SUPER_7,27580000,44,0,0,44,26,18,NaN
SUPER_7,27590000,1,0,0,1,1,0,NaN
SUPER_7,27600000,88,5,3,96,46,42,10.625
SUPER_7,27610000,152,14,13,179,87,65,32.925926
SUPER_7,27620000,130,7,13,150,74,56,14.85
SUPER_7,27630000,1,0,0,1,1,0,NaN
SUPER_7,27640000,2,0,0,2,1,1,NaN
SUPER_7,27650000,1,1,0,2,1,0,1
SUPER_7,27660000,7,0,2,9,2,5,3.5
SUPER_7,27670000,15,3,1,19,8,7,6.5
SUPER_7,27680000,66,6,5,77,29,37,19.09091
SUPER_7,27690000,2,1,1,4,1,1,3
SUPER_7,27700000,19,1,1,21,6,13,2
SUPER_7,27710000,0,0,0,0,0,0,0
SUPER_7,27720000,0,0,0,0,0,0,0
SUPER_7,27730000,6,0,1,7,2,4,125
SUPER_7,27740000,3,0,0,3,1,2,NaN
SUPER_7,27750000,1,0,0,1,0,1,NaN
SUPER_7,27760000,158,10,6,174,87,71,6.375
SUPER_7,27770000,0,0,0,0,0,0,0
SUPER_7,27780000,0,0,0,0,0,0,0
SUPER_7,27790000,13,0,0,13,7,6,NaN
SUPER_7,27800000,2,0,0,2,1,1,NaN
SUPER_7,27810000,4,1,0,5,2,2,2
SUPER_7,27820000,4,0,0,4,3,1,NaN
SUPER_7,27830000,3,3,0,6,1,2,1.6666666
SUPER_7,27840000,1,0,0,1,0,1,NaN
SUPER_7,27850000,141,11,8,160,77,64,6.5789475
SUPER_7,27860000,180,8,10,198,83,97,15.333333
SUPER_7,27870000,191,9,19,219,81,110,5.964286
SUPER_7,27880000,89,4,4,97,41,48,3.25
SUPER_7,27890000,6,0,1,7,1,5,5
SUPER_7,27900000,43,2,4,49,23,20,5.8333335
SUPER_7,27910000,93,6,7,106,51,42,4.6153846
SUPER_7,27920000,69,1,11,81,34,35,12.333333
SUPER_7,27930000,118,8,11,137,59,59,16.894737
SUPER_7,27940000,11,1,0,12,3,8,5
SUPER_7,27950000,29,2,3,34,19,10,13.2
SUPER_7,27960000,15,0,0,15,11,4,NaN
SUPER_7,27970000,8,0,0,8,5,3,NaN
SUPER_7,27980000,4,1,1,6,3,1,30.5
SUPER_7,27990000,2,0,0,2,1,1,NaN
SUPER_7,28000000,44,4,2,50,25,19,10
SUPER_7,28010000,121,8,4,133,71,50,5.5833335
SUPER_7,28020000,9,2,0,11,4,5,1.5
SUPER_7,28030000,134,9,8,151,79,55,6.5882354
SUPER_7,28040000,10,1,2,13,5,5,1
SUPER_7,28050000,154,8,7,169,85,69,43.4
SUPER_7,28060000,89,7,3,99,42,47,9.7
SUPER_7,28070000,67,4,1,72,36,31,3.4
SUPER_7,28080000,53,4,4,61,27,26,2.25
SUPER_7,28090000,92,7,9,108,38,54,4.125
SUPER_7,28100000,0,0,0,0,0,0,0
SUPER_7,28110000,0,0,0,0,0,0,0
SUPER_7,28120000,131,11,9,151,64,67,8.9
SUPER_7,28130000,42,1,1,44,26,16,5
SUPER_7,28140000,71,4,8,83,41,30,24.083334
SUPER_7,28150000,138,5,7,150,71,67,10.166667
SUPER_7,28160000,0,0,0,0,0,0,0
SUPER_7,28170000,0,0,0,0,0,0,0
SUPER_7,28180000,145,10,5,160,80,65,5.866667
SUPER_7,28190000,55,2,2,59,30,25,4
SUPER_7,28200000,68,3,5,76,32,36,6.125
SUPER_7,28210000,73,7,2,82,28,45,5
SUPER_7,28220000,107,12,10,129,57,50,4.9545455
SUPER_7,28230000,142,4,13,159,70,72,18.352942
SUPER_7,28240000,178,14,12,204,82,96,6.1538463
SUPER_7,28250000,136,7,8,151,68,68,3.6666667
SUPER_7,28260000,158,10,13,181,81,77,3.9130435
SUPER_7,28270000,123,9,6,138,55,68,5.9333334
SUPER_7,28280000,113,7,4,124,52,61,6.090909
SUPER_7,28290000,43,1,2,46,23,20,8.666667
SUPER_7,28300000,150,13,11,174,70,80,12.666667
SUPER_7,28310000,75,4,4,83,41,34,15.375
SUPER_7,28320000,131,11,10,152,67,64,2.4285715
SUPER_7,28330000,0,1,0,1,0,0,1
SUPER_7,28340000,2,0,0,2,2,0,NaN
SUPER_7,28350000,4,0,0,4,2,2,NaN
SUPER_7,28360000,4,0,0,4,3,1,NaN
SUPER_7,28370000,3,0,0,3,1,2,NaN
SUPER_7,28380000,1,0,0,1,1,0,NaN
SUPER_7,28390000,2,1,0,3,2,0,1
SUPER_7,28400000,2,0,0,2,1,1,NaN
SUPER_7,28410000,20,2,2,24,8,12,1
SUPER_7,28420000,172,6,14,192,96,76,7.05
SUPER_7,28430000,106,4,9,119,53,53,7.8461537
SUPER_7,28440000,56,7,4,67,27,29,21.272728
SUPER_7,28450000,37,2,4,43,15,22,6
SUPER_7,28460000,40,5,0,45,18,22,4.6
SUPER_7,28470000,48,4,2,54,18,30,1.1666666
SUPER_7,28480000,2,0,0,2,0,2,NaN
SUPER_7,28490000,12,1,1,14,4,8,4
SUPER_7,28500000,114,10,4,128,58,56,17.5
SUPER_7,28510000,107,10,11,128,55,52,5.7619047
SUPER_7,28520000,62,2,7,71,33,29,5.4444447
SUPER_7,28530000,104,9,13,126,61,43,21.181818
SUPER_7,28540000,116,12,7,135,59,57,3.8421052
SUPER_7,28550000,71,3,5,79,46,25,6.125
SUPER_7,28560000,118,8,5,131,64,54,29.923077
SUPER_7,28570000,105,4,12,121,51,54,3.875
SUPER_7,28580000,107,6,6,119,46,61,5.25
SUPER_7,28590000,160,12,7,179,83,77,6.105263
SUPER_7,28600000,183,14,12,209,96,87,4.6153846
SUPER_7,28610000,90,8,8,106,47,43,3.5625
SUPER_7,28620000,50,3,6,59,24,26,14.333333
SUPER_7,28630000,2,0,0,2,2,0,NaN
SUPER_7,28640000,1,0,0,1,1,0,NaN
SUPER_7,28650000,1,1,0,2,0,1,2
SUPER_7,28660000,93,5,2,100,43,50,5.142857
SUPER_7,28670000,146,16,11,173,74,72,3.4814816
SUPER_7,28680000,124,9,10,143,74,50,9.789474
SUPER_7,28690000,172,11,11,194,82,90,7.090909
SUPER_7,28700000,40,1,6,47,18,22,7.714286
SUPER_7,28710000,0,1,0,1,0,0,2
SUPER_7,28720000,9,0,0,9,6,3,NaN
SUPER_7,28730000,14,2,2,18,8,6,12.25
SUPER_7,28740000,59,4,5,68,32,27,3.5555556
SUPER_7,28750000,70,5,3,78,28,42,5.25
SUPER_7,28760000,39,2,2,43,25,14,5.5
SUPER_7,28770000,112,6,7,125,54,58,11.692307
SUPER_7,28780000,99,8,2,109,57,42,9.6
SUPER_7,28790000,98,2,6,106,39,59,3.25
SUPER_7,28800000,105,5,7,117,63,42,8.75
SUPER_7,28810000,123,7,7,137,59,64,11.071428
SUPER_7,28820000,64,4,4,72,32,32,2.125
SUPER_7,28830000,69,3,5,77,27,42,5.5
SUPER_7,28840000,36,3,5,44,19,17,2.875
SUPER_7,28850000,23,0,2,25,11,12,5
SUPER_7,28860000,113,10,8,131,59,54,10.333333
SUPER_7,28870000,118,13,10,141,61,57,7.2608695
SUPER_7,28880000,121,11,7,139,66,55,7.611111
SUPER_7,28890000,65,4,2,71,32,33,4.6666665
SUPER_7,28900000,82,11,5,98,38,44,5.8125
SUPER_7,28910000,1,0,0,1,0,1,NaN
SUPER_7,28920000,2,1,1,4,2,0,5
SUPER_7,28930000,1,0,0,1,0,1,NaN
SUPER_7,28940000,2,1,2,5,1,1,4.6666665
SUPER_7,28950000,2,0,0,2,1,1,NaN
SUPER_7,28960000,2,0,0,2,2,0,NaN
SUPER_7,28970000,56,4,3,63,33,23,15
SUPER_7,28980000,52,9,2,63,24,28,4.090909
SUPER_7,28990000,144,9,13,166,75,69,9.818182
SUPER_7,29000000,14,1,0,15,8,6,1
SUPER_7,29010000,178,15,6,199,97,81,4.095238
SUPER_7,29020000,101,4,7,112,48,53,9.454545
SUPER_7,29030000,64,7,3,74,34,30,4.6
SUPER_7,29040000,1,1,1,3,0,1,13.5
SUPER_7,29050000,2,2,0,4,0,2,1
SUPER_7,29060000,2,0,0,2,2,0,NaN
SUPER_7,29070000,0,1,0,1,0,0,1
SUPER_7,29080000,43,1,3,47,24,19,7
SUPER_7,29090000,60,2,3,65,36,24,9.6
SUPER_7,29100000,158,17,17,192,70,88,6.117647
SUPER_7,29110000,1,0,0,1,0,1,NaN
SUPER_7,29120000,16,0,1,17,12,4,2
SUPER_7,29130000,59,5,5,69,33,26,2.8
SUPER_7,29140000,30,3,0,33,15,15,16.666666
SUPER_7,29150000,41,6,15,62,25,16,6
SUPER_7,29160000,112,10,9,131,56,56,4.9473686
SUPER_7,29170000,2,0,0,2,0,2,NaN
SUPER_7,29180000,0,0,0,0,0,0,0
SUPER_7,29190000,0,0,0,0,0,0,0
SUPER_7,29200000,2,0,1,3,1,1,1
SUPER_7,29210000,3,0,0,3,0,3,NaN
SUPER_7,29220000,3,0,3,6,2,1,7.3333335
SUPER_7,29230000,2,0,1,3,1,1,1
SUPER_7,29240000,1,0,0,1,0,1,NaN
SUPER_7,29250000,37,3,1,41,17,20,5
SUPER_7,29260000,90,10,9,109,41,49,8.526316
SUPER_7,29270000,1,0,0,1,1,0,NaN
SUPER_7,29280000,14,0,1,15,13,1,7
SUPER_7,29290000,16,4,0,20,12,4,6.25
SUPER_7,29300000,79,7,9,95,31,48,1.8125
SUPER_7,29310000,27,4,4,35,11,16,4.5
SUPER_7,29320000,10,1,0,11,6,4,1
SUPER_7,29330000,78,5,13,96,39,39,4.5
SUPER_7,29340000,66,5,2,73,36,30,5.857143
SUPER_7,29350000,93,3,7,103,51,42,8.4
SUPER_7,29360000,78,7,6,91,40,38,4.230769
SUPER_7,29370000,43,6,2,51,19,24,4.75
SUPER_7,29380000,46,0,0,46,27,19,NaN
SUPER_7,29390000,1,0,0,1,1,0,NaN
SUPER_7,29400000,46,2,3,51,17,29,2
SUPER_7,29410000,50,4,4,58,25,25,46.5
SUPER_7,29420000,1,0,0,1,1,0,NaN
SUPER_7,29430000,2,1,0,3,0,2,1
SUPER_7,29440000,3,1,0,4,3,0,2
SUPER_7,29450000,2,0,0,2,1,1,NaN
SUPER_7,29460000,9,1,2,12,5,4,13.333333
SUPER_7,29470000,132,8,14,154,67,65,4.4545455
SUPER_7,29480000,148,9,10,167,69,79,5.5263157
SUPER_7,29490000,129,15,14,158,77,52,9.275862
SUPER_7,29500000,58,2,6,66,27,31,3.375
SUPER_7,29510000,3,1,0,4,0,3,8
SUPER_7,29520000,4,0,0,4,1,3,NaN
SUPER_7,29530000,4,0,0,4,1,3,NaN
SUPER_7,29540000,2,0,0,2,2,0,NaN
SUPER_7,29550000,40,3,2,45,12,28,12.4
SUPER_7,29560000,120,8,8,136,52,68,76.25
SUPER_7,29570000,127,7,10,144,69,58,5.647059
SUPER_7,29580000,200,7,10,217,100,100,10.705882
SUPER_7,29590000,145,7,13,165,66,79,6.65
SUPER_7,29600000,14,1,1,16,8,6,18.5
SUPER_7,29610000,4,0,0,4,3,1,NaN
SUPER_7,29620000,2,1,0,3,0,2,1
SUPER_7,29630000,67,4,8,79,37,30,5.0833335
SUPER_7,29640000,2,1,0,3,1,1,4
SUPER_7,29650000,106,7,4,117,45,61,5.5454545
SUPER_7,29660000,214,19,12,245,120,94,23.032259
SUPER_7,29670000,125,7,8,140,58,67,1.7333333
SUPER_7,29680000,104,8,12,124,55,49,27.75
SUPER_7,29690000,149,9,14,172,73,76,26.043478
SUPER_7,29700000,90,8,4,102,46,44,3.5
SUPER_7,29710000,131,6,9,146,77,54,5.5333333
SUPER_7,29720000,204,9,20,233,103,101,13.931034
SUPER_7,29730000,93,8,6,107,48,45,4
SUPER_7,29740000,128,14,6,148,72,56,5.8
SUPER_7,29750000,142,4,8,154,72,70,11.666667
SUPER_7,29760000,126,11,9,146,61,65,22.25
SUPER_7,29770000,174,8,14,196,93,81,7.7727275
SUPER_7,29780000,146,22,10,178,78,68,5.8125
SUPER_7,29790000,42,2,2,46,22,20,10.5
SUPER_7,29800000,96,3,8,107,46,50,40.272728
SUPER_7,29810000,134,14,13,161,56,78,21.074074
SUPER_7,29820000,96,15,12,123,52,44,6.851852
SUPER_7,29830000,37,1,7,45,16,21,6.5
SUPER_7,29840000,25,1,4,30,9,16,4
SUPER_7,29850000,159,9,12,180,72,87,5.6666665
SUPER_7,29860000,85,5,4,94,38,47,3.2222223
SUPER_7,29870000,127,17,10,154,59,68,6.5925927
SUPER_7,29880000,73,9,4,86,39,34,6.4615383
SUPER_7,29890000,175,17,16,208,74,101,8.393939
SUPER_7,29900000,91,10,5,106,43,48,7.9333334
SUPER_7,29910000,149,9,9,167,77,72,4.2222223
SUPER_7,29920000,150,7,11,168,68,82,4.2777777
SUPER_7,29930000,56,5,2,63,24,32,8.857142
SUPER_7,29940000,32,2,3,37,11,21,4
SUPER_7,29950000,6,3,1,10,4,2,16.5
SUPER_7,29960000,3,0,0,3,2,1,NaN
SUPER_7,29970000,1,1,1,3,0,1,2
SUPER_7,29980000,28,2,2,32,17,11,3.5
SUPER_7,29990000,87,4,1,92,46,41,11.2
SUPER_7,30000000,25,1,1,27,11,14,9
SUPER_7,30010000,3,1,0,4,2,1,1
SUPER_7,30020000,28,2,2,32,18,10,2.5
SUPER_7,30030000,47,2,6,55,18,29,30.75
SUPER_7,30040000,188,17,11,216,98,90,4.071429
SUPER_7,30050000,45,1,4,50,22,23,8.2
SUPER_7,30060000,171,11,12,194,77,94,6.9130435
SUPER_7,30070000,3,0,0,3,1,2,NaN
SUPER_7,30080000,0,1,0,1,0,0,1
SUPER_7,30090000,1,1,0,2,0,1,1
SUPER_7,30100000,54,5,5,64,32,22,3.7
SUPER_7,30110000,7,1,0,8,6,1,4
SUPER_7,30120000,57,6,7,70,20,37,8.538462
SUPER_7,30130000,29,4,0,33,18,11,5.25
SUPER_7,30140000,162,16,5,183,78,84,4.285714
SUPER_7,30150000,231,17,22,270,124,107,5.5128207
SUPER_7,30160000,212,11,18,241,103,109,8.344828
SUPER_7,30170000,150,13,7,170,76,74,8.7
SUPER_7,30180000,153,13,16,182,74,79,14.137931
SUPER_7,30190000,16,2,2,20,7,9,9
SUPER_7,30200000,146,8,15,169,66,80,4.9565215
SUPER_7,30210000,4,1,0,5,1,3,2
SUPER_7,30220000,142,8,6,156,67,75,3.357143
SUPER_7,30230000,8,5,0,13,4,4,14
SUPER_7,30240000,120,11,7,138,65,55,7.7222223
SUPER_7,30250000,100,11,7,118,39,61,5.388889
SUPER_7,30260000,71,5,7,83,32,39,4.25
SUPER_7,30270000,149,12,8,169,89,60,11.25
SUPER_7,30280000,158,7,10,175,85,73,6.1764708
SUPER_7,30290000,142,15,6,163,83,59,2.5714285
SUPER_7,30300000,58,4,7,69,30,28,7.090909
SUPER_7,30310000,0,0,0,0,0,0,0
SUPER_7,30320000,0,0,0,0,0,0,0
SUPER_7,30330000,141,12,11,164,70,71,6.869565
SUPER_7,30340000,34,2,2,38,18,16,5.25
SUPER_7,30350000,0,0,0,0,0,0,0
SUPER_7,30360000,0,0,0,0,0,0,0
SUPER_7,30370000,39,3,1,43,27,12,4.25
SUPER_7,30380000,13,0,1,14,6,7,2
SUPER_7,30390000,165,13,9,187,84,81,7.818182
SUPER_7,30400000,29,1,3,33,17,12,19.25
SUPER_7,30410000,26,1,2,29,17,9,9.666667
SUPER_7,30420000,96,6,7,109,47,49,6
SUPER_7,30430000,148,7,9,164,52,96,6.4375
SUPER_7,30440000,59,11,2,72,32,27,10.461538
SUPER_7,30450000,99,8,7,114,48,51,4.0666666
SUPER_7,30460000,121,15,9,145,58,63,8.833333
SUPER_7,30470000,116,8,13,137,53,63,12.190476
SUPER_7,30480000,100,10,9,119,47,53,8.105263
SUPER_7,30490000,86,3,6,95,41,45,5.5555553
SUPER_7,30500000,55,3,2,60,29,26,152.6
SUPER_7,30510000,53,4,5,62,21,32,10.222222
SUPER_7,30520000,0,0,0,0,0,0,0
SUPER_7,30530000,0,0,0,0,0,0,0
SUPER_7,30540000,155,7,12,174,78,77,6.1578946
SUPER_7,30550000,60,4,5,69,31,29,5.111111
SUPER_7,30560000,96,6,10,112,54,42,10.75
SUPER_7,30570000,11,1,1,13,4,7,4.5
SUPER_7,30580000,3,2,1,6,2,1,2.3333333
SUPER_7,30590000,0,1,0,1,0,0,1
SUPER_7,30600000,60,3,7,70,22,38,7.7
SUPER_7,30610000,79,6,4,89,45,34,5
SUPER_7,30620000,119,6,11,136,63,56,31.588236
SUPER_7,30630000,85,12,3,100,42,43,2.8666666
SUPER_7,30640000,104,8,8,120,63,41,43.1875
SUPER_7,30650000,1,0,0,1,0,1,NaN
SUPER_7,30660000,2,0,0,2,0,2,NaN
SUPER_7,30670000,46,2,1,49,29,17,9.333333
SUPER_7,30680000,66,6,3,75,40,26,3.4444444
SUPER_7,30690000,152,9,11,172,80,72,8.5
SUPER_7,30700000,77,2,2,81,44,33,4.25
SUPER_7,30710000,200,13,16,229,103,97,4.172414
SUPER_7,30720000,142,9,11,162,74,68,2.2
SUPER_7,30730000,52,6,6,64,26,26,4.1666665
SUPER_7,30740000,98,11,7,116,42,56,5.0555553
SUPER_7,30750000,92,7,9,108,45,47,24.125
SUPER_7,30760000,134,19,11,164,64,70,7.633333
SUPER_7,30770000,145,16,15,176,58,87,4.354839
SUPER_7,30780000,47,5,2,54,26,21,2.142857
SUPER_7,30790000,147,9,10,166,76,71,7.0526314
SUPER_7,30800000,122,6,11,139,51,71,22.588236
SUPER_7,30810000,168,10,12,190,71,97,10.454545
SUPER_7,30820000,51,4,6,61,29,22,21.8
SUPER_7,30830000,44,3,5,52,30,14,4.375
SUPER_7,30840000,2,0,1,3,0,2,2
SUPER_7,30850000,93,9,7,109,42,51,6.75
SUPER_7,30860000,18,2,1,21,9,9,1.6666666
SUPER_7,30870000,1,0,0,1,0,1,NaN
SUPER_7,30880000,1,0,0,1,1,0,NaN
SUPER_7,30890000,0,1,0,1,0,0,8
SUPER_7,30900000,42,6,3,51,21,21,4.5555553
SUPER_7,30910000,15,2,0,17,11,4,14.5
SUPER_7,30920000,11,1,3,15,8,3,2.25
SUPER_7,30930000,2,0,0,2,1,1,NaN
SUPER_7,30940000,3,0,1,4,1,2,7
SUPER_7,30950000,13,0,1,14,7,6,2
SUPER_7,30960000,101,12,9,122,53,48,5.428571
SUPER_7,30970000,85,12,7,104,44,41,4.4210525
SUPER_7,30980000,99,12,6,117,38,61,7.5555553
SUPER_7,30990000,217,16,24,257,97,120,6.2
SUPER_7,31000000,118,13,14,145,62,56,7.4814816
SUPER_7,31010000,0,0,0,0,0,0,0
SUPER_7,31020000,0,0,0,0,0,0,0
SUPER_7,31030000,147,12,15,174,70,77,10.62963
SUPER_7,31040000,112,7,8,127,63,49,6
SUPER_7,31050000,100,13,9,122,43,57,6.318182
SUPER_7,31060000,65,7,4,76,30,35,6.2727275
SUPER_7,31070000,142,12,10,164,65,77,5
SUPER_7,31080000,134,12,11,157,67,67,7.521739
SUPER_7,31090000,126,7,13,146,71,55,2.9
SUPER_7,31100000,56,2,5,63,31,25,4.714286
SUPER_7,31110000,156,11,20,187,71,85,8.193548
SUPER_7,31120000,69,6,8,83,38,31,7.571429
SUPER_7,31130000,116,10,11,137,57,59,5.4761906
SUPER_7,31140000,16,0,0,16,11,5,NaN
SUPER_7,31150000,37,4,6,47,17,20,10.5
SUPER_7,31160000,1,0,0,1,0,1,NaN
SUPER_7,31170000,2,2,0,4,1,1,1.5
SUPER_7,31180000,2,0,0,2,1,1,NaN
SUPER_7,31190000,32,1,0,33,16,16,4
SUPER_7,31200000,112,7,7,126,57,55,46.857143
SUPER_7,31210000,60,2,5,67,42,18,4.142857
SUPER_7,31220000,46,7,1,54,20,26,7.5
SUPER_7,31230000,13,1,1,15,8,5,1
SUPER_7,31240000,2,0,1,3,1,1,2
SUPER_7,31250000,3,0,1,4,0,3,2
SUPER_7,31260000,1,0,1,2,1,0,2
SUPER_7,31270000,1,0,0,1,1,0,NaN
SUPER_7,31280000,2,0,0,2,2,0,NaN
SUPER_7,31290000,23,2,0,25,12,11,9
SUPER_7,31300000,52,8,0,60,32,20,3.875
SUPER_7,31310000,35,2,0,37,22,13,1
SUPER_7,31320000,0,0,0,0,0,0,0
SUPER_7,31330000,0,0,0,0,0,0,0
SUPER_7,31340000,0,0,0,0,0,0,0
SUPER_7,31350000,0,0,0,0,0,0,0
SUPER_7,31360000,76,12,12,100,40,36,14.25
SUPER_7,31370000,43,3,4,50,28,15,10.428572
SUPER_7,31380000,63,10,3,76,36,27,7
SUPER_7,31390000,73,3,2,78,36,37,35.2
SUPER_7,31400000,58,6,7,71,41,17,6.076923
SUPER_7,31410000,58,5,7,70,33,25,29.5
SUPER_7,31420000,56,5,6,67,31,25,7.6363635
SUPER_7,31430000,115,12,9,136,59,56,3.857143
SUPER_7,31440000,121,14,5,140,63,58,3.5263157
SUPER_7,31450000,0,0,0,0,0,0,0
SUPER_7,31460000,0,0,0,0,0,0,0
SUPER_7,31470000,67,2,3,72,38,29,10
SUPER_7,31480000,128,14,15,157,60,68,4.8965516
SUPER_7,31490000,0,0,0,0,0,0,0
SUPER_7,31500000,0,0,0,0,0,0,0
SUPER_7,31510000,152,14,7,173,91,61,10.238095
SUPER_7,31520000,105,7,8,120,48,57,7.8
SUPER_7,31530000,116,10,4,130,56,60,7.428571
SUPER_7,31540000,109,7,13,129,48,61,23.85
SUPER_7,31550000,142,18,11,171,70,72,14.551724
SUPER_7,31560000,178,17,7,202,97,81,3.1666667
SUPER_7,31570000,107,8,9,124,52,55,5.882353
SUPER_7,31580000,162,6,13,181,80,82,6.3157897
SUPER_7,31590000,109,8,15,132,51,58,16.782608
SUPER_7,31600000,113,4,14,131,57,56,4.1666665
SUPER_7,31610000,86,10,12,108,43,43,19.59091
SUPER_7,31620000,18,2,0,20,10,8,3
SUPER_7,31630000,0,0,0,0,0,0,0
SUPER_7,31640000,0,0,0,0,0,0,0
SUPER_7,31650000,1,3,3,7,0,1,5.1666665
SUPER_7,31660000,2,0,0,2,0,2,NaN
SUPER_7,31670000,3,0,0,3,1,2,NaN
SUPER_7,31680000,6,2,1,9,4,2,8.333333
SUPER_7,31690000,152,12,13,177,72,80,3.92
SUPER_7,31700000,40,3,1,44,21,19,2
SUPER_7,31710000,61,5,9,75,30,31,15.642858
SUPER_7,31720000,59,7,3,69,29,30,39.8
SUPER_7,31730000,145,2,13,160,77,68,4
SUPER_7,31740000,83,10,7,100,51,32,24.470589
SUPER_7,31750000,3,0,0,3,0,3,NaN
SUPER_7,31760000,3,0,0,3,2,1,NaN
SUPER_7,31770000,3,0,0,3,1,2,NaN
SUPER_7,31780000,1,0,0,1,0,1,NaN
SUPER_7,31790000,9,0,0,9,6,3,NaN
SUPER_7,31800000,0,0,0,0,0,0,0
SUPER_7,31810000,0,0,0,0,0,0,0
SUPER_7,31820000,84,7,4,95,43,41,6.4545455
SUPER_7,31830000,80,10,5,95,36,44,5.8
SUPER_7,31840000,60,5,2,67,32,28,8.285714
SUPER_7,31850000,144,5,10,159,67,77,4.5333333
SUPER_7,31860000,13,0,0,13,9,4,NaN
SUPER_7,31870000,6,0,1,7,0,6,31
SUPER_7,31880000,2,0,0,2,1,1,NaN
SUPER_7,31890000,5,0,0,5,3,2,NaN
SUPER_7,31900000,2,0,0,2,2,0,NaN
SUPER_7,31910000,0,0,0,0,0,0,0
SUPER_7,31920000,0,0,0,0,0,0,0
SUPER_7,31930000,9,1,4,14,4,5,1.4
SUPER_7,31940000,39,2,8,49,18,21,3.5
SUPER_7,31950000,1,0,0,1,0,1,NaN
SUPER_7,31960000,2,0,0,2,0,2,NaN
SUPER_7,31970000,149,9,9,167,77,72,6.111111
SUPER_7,31980000,67,4,7,78,26,41,7.2727275
SUPER_7,31990000,19,2,0,21,11,8,9
SUPER_7,32000000,44,5,7,56,24,20,3.75
SUPER_7,32010000,67,2,2,71,40,27,14
SUPER_7,32020000,157,10,9,176,72,85,18.421053
SUPER_7,32030000,116,10,10,136,64,52,3.9
SUPER_7,32040000,83,10,4,97,38,45,4.428571
SUPER_7,32050000,117,7,9,133,60,57,3.6875
SUPER_7,32060000,137,8,10,155,68,69,5.6666665
SUPER_7,32070000,56,5,9,70,27,29,3.857143
SUPER_7,32080000,172,24,14,210,83,89,6.6842103
SUPER_7,32090000,122,8,12,142,64,58,3.25
SUPER_7,32100000,115,9,10,134,50,65,5.105263
SUPER_7,32110000,117,10,5,132,50,67,2.2666667
SUPER_7,32120000,130,16,17,163,52,78,3.060606
SUPER_7,32130000,109,9,10,128,56,53,4.6842103
SUPER_7,32140000,92,4,10,106,50,42,7.642857
SUPER_7,32150000,1,0,0,1,0,1,NaN
SUPER_7,32160000,0,0,1,1,0,0,1
SUPER_7,32170000,111,5,16,132,48,63,9.857142
SUPER_7,32180000,10,3,1,14,6,4,7
SUPER_7,32190000,61,7,3,71,27,34,15
SUPER_7,32200000,87,4,6,97,43,44,5.3
SUPER_7,32210000,119,7,8,134,58,61,5.733333
SUPER_7,32220000,73,2,2,77,38,35,1.25
SUPER_7,32230000,26,2,2,30,18,8,2.25
SUPER_7,32240000,123,12,7,142,52,71,6.6842103
SUPER_7,32250000,152,14,12,178,82,70,6.1538463
SUPER_7,32260000,142,4,12,158,69,73,47.5625
SUPER_7,32270000,59,4,3,66,36,23,5
SUPER_7,32280000,29,3,2,34,12,17,5
SUPER_7,32290000,102,5,7,114,54,48,7.25
SUPER_7,32300000,64,8,4,76,35,29,3.5833333
SUPER_7,32310000,55,6,4,65,26,29,1.7
SUPER_7,32320000,126,5,9,140,56,70,9.857142
SUPER_7,32330000,2,0,0,2,0,2,NaN
SUPER_7,32340000,4,1,0,5,3,1,1
SUPER_7,32350000,18,3,3,24,11,7,78.666664
SUPER_7,32360000,79,4,5,88,35,44,4
SUPER_7,32370000,74,4,9,87,37,37,9.153846
SUPER_7,32380000,115,6,7,128,55,60,10.615385
SUPER_7,32390000,82,7,11,100,35,47,20.166666
SUPER_7,32400000,163,9,11,183,85,78,3.95
SUPER_7,32410000,104,15,13,132,57,47,4.428571
SUPER_7,32420000,136,7,12,155,73,63,6.368421
SUPER_7,32430000,114,10,4,128,62,52,7.357143
SUPER_7,32440000,31,3,3,37,13,18,4.8333335
SUPER_7,32450000,67,8,2,77,39,28,2.9
SUPER_7,32460000,86,5,5,96,45,41,5.6
SUPER_7,32470000,111,6,9,126,58,53,4.6666665
SUPER_7,32480000,145,14,14,173,68,77,13.321428
SUPER_7,32490000,150,10,12,172,69,81,4.8636365
SUPER_7,32500000,102,9,5,116,50,52,4.214286
SUPER_7,32510000,131,13,3,147,62,69,38.4375
SUPER_7,32520000,141,14,15,170,62,79,25.275862
SUPER_7,32530000,116,8,13,137,57,59,12.761905
SUPER_7,32540000,99,11,9,119,44,55,14.55
SUPER_7,32550000,28,1,2,31,16,12,14.666667
SUPER_7,32560000,53,3,10,66,26,27,56
SUPER_7,32570000,4,1,0,5,1,3,14
SUPER_7,32580000,3,0,1,4,1,2,1
SUPER_7,32590000,4,2,1,7,2,2,92.333336
SUPER_7,32600000,2,0,1,3,1,1,1
SUPER_7,32610000,34,3,5,42,18,16,4.25
SUPER_7,32620000,71,7,9,87,39,32,6.5
SUPER_7,32630000,1,0,0,1,1,0,NaN
SUPER_7,32640000,82,6,2,90,42,40,4.25
SUPER_7,32650000,135,8,3,146,74,61,10
SUPER_7,32660000,99,9,9,117,58,41,47.5
SUPER_7,32670000,112,5,10,127,56,56,6.733333
SUPER_7,32680000,18,3,3,24,10,8,5.5
SUPER_7,32690000,141,9,11,161,69,72,5.9
SUPER_7,32700000,0,0,0,0,0,0,0
SUPER_7,32710000,0,0,0,0,0,0,0
SUPER_7,32720000,0,0,0,0,0,0,0
SUPER_7,32730000,57,4,2,63,32,25,8.666667
SUPER_7,32740000,0,0,2,2,0,0,3
SUPER_7,32750000,47,5,1,53,27,20,22.5
SUPER_7,32760000,149,14,11,174,72,77,6.32
SUPER_7,32770000,54,6,9,69,23,31,18.866667
SUPER_7,32780000,157,10,16,183,83,74,4.6923075
SUPER_7,32790000,47,3,4,54,19,28,8
SUPER_7,32800000,126,12,12,150,70,56,5.3333335
SUPER_7,32810000,145,8,10,163,73,72,7.9444447
SUPER_7,32820000,64,2,6,72,28,36,4
SUPER_7,32830000,42,1,2,45,23,19,2
SUPER_7,32840000,121,5,5,131,65,56,4.4
SUPER_7,32850000,118,10,9,137,68,50,4.5263157
SUPER_7,32860000,163,15,25,203,77,86,8.325
SUPER_7,32870000,135,5,9,149,69,66,4.5
SUPER_7,32880000,111,2,10,123,52,59,4.75
SUPER_7,32890000,161,6,9,176,90,71,47.933334
SUPER_7,32900000,100,7,8,115,50,50,8.133333
SUPER_7,32910000,119,8,12,139,61,58,4.7
SUPER_7,32920000,140,11,12,163,64,76,5.826087
SUPER_7,32930000,138,4,18,160,77,61,5.3636365
SUPER_7,32940000,161,10,18,189,75,86,4.035714
SUPER_7,32950000,172,10,11,193,76,96,4.285714
SUPER_7,32960000,5,0,0,5,3,2,NaN
SUPER_7,32970000,102,11,13,126,50,52,5.7083335
SUPER_7,32980000,150,13,11,174,71,79,8.25
SUPER_7,32990000,10,1,1,12,5,5,4.5
SUPER_7,33000000,13,2,2,17,6,7,6.5
SUPER_7,33010000,1,0,0,1,0,1,NaN
SUPER_7,33020000,3,0,0,3,0,3,NaN
SUPER_7,33030000,40,1,1,42,20,20,4
SUPER_7,33040000,157,5,12,174,79,78,5.5882354
SUPER_7,33050000,192,14,17,223,113,79,4.709677
SUPER_7,33060000,178,6,7,191,93,85,2.9230769
SUPER_7,33070000,3,1,0,4,2,1,1
SUPER_7,33080000,5,1,0,6,0,5,1
SUPER_7,33090000,130,10,12,152,62,68,5.2727275
SUPER_7,33100000,181,13,13,207,93,88,5.1538463
SUPER_7,33110000,169,13,8,190,84,85,6.2380953
SUPER_7,33120000,0,0,0,0,0,0,0
SUPER_7,33130000,0,0,0,0,0,0,0
SUPER_7,33140000,102,5,4,111,56,46,6.7777777
SUPER_7,33150000,103,9,10,122,47,56,31.105263
SUPER_7,33160000,116,12,3,131,63,53,6.6666665
SUPER_7,33170000,144,10,9,163,85,59,7.4736843
SUPER_7,33180000,103,3,5,111,52,51,10.125
SUPER_7,33190000,3,0,0,3,3,0,NaN
SUPER_7,33200000,6,0,0,6,2,4,NaN
SUPER_7,33210000,1,1,0,2,1,0,8
SUPER_7,33220000,0,1,2,3,0,0,7.3333335
SUPER_7,33230000,3,0,0,3,1,2,NaN
SUPER_7,33240000,1,0,0,1,0,1,NaN
SUPER_7,33250000,4,1,0,5,4,0,1
SUPER_7,33260000,5,0,3,8,3,2,7
SUPER_7,33270000,11,1,0,12,6,5,12
SUPER_7,33280000,3,1,1,5,0,3,12
SUPER_7,33290000,2,0,1,3,0,2,1
SUPER_7,33300000,0,0,0,0,0,0,0
SUPER_7,33310000,0,0,0,0,0,0,0
SUPER_7,33320000,0,0,0,0,0,0,0
SUPER_7,33330000,0,0,0,0,0,0,0
SUPER_7,33340000,6,0,0,6,4,2,NaN
SUPER_7,33350000,3,0,1,4,2,1,14
SUPER_7,33360000,112,4,4,120,55,57,9.125
SUPER_7,33370000,103,11,15,129,46,57,11.961538
SUPER_7,33380000,156,12,17,185,78,78,20.48276
SUPER_7,33390000,204,12,21,237,96,108,4.3939395
SUPER_7,33400000,12,0,0,12,7,5,NaN
SUPER_7,33410000,51,5,7,63,28,23,5.4166665
SUPER_7,33420000,162,14,11,187,80,82,5.4
SUPER_7,33430000,41,5,4,50,21,20,6.111111
SUPER_7,33440000,53,4,2,59,32,21,2.5
SUPER_7,33450000,104,9,11,124,44,60,6.7
SUPER_7,33460000,0,0,0,0,0,0,0
SUPER_7,33470000,0,0,0,0,0,0,0
SUPER_7,33480000,170,9,11,190,81,89,5.5
SUPER_7,33490000,3,1,0,4,2,1,1
SUPER_7,33500000,45,2,2,49,21,24,4.5
SUPER_7,33510000,76,5,6,87,42,34,8.545455
SUPER_7,33520000,25,4,1,30,15,10,23.2
SUPER_7,33530000,83,8,2,93,50,33,4.9
SUPER_7,33540000,103,6,4,113,52,51,5.3
SUPER_7,33550000,120,6,11,137,59,61,4.0588236
SUPER_7,33560000,110,11,6,127,43,67,4.352941
SUPER_7,33570000,84,2,5,91,45,39,1.2857143
SUPER_7,33580000,148,10,11,169,78,70,32.857143
SUPER_7,33590000,87,1,4,92,38,49,1.4
SUPER_7,33600000,108,8,13,129,55,53,9.809524
SUPER_7,33610000,86,4,3,93,39,47,5.428571
SUPER_7,33620000,104,8,7,119,61,43,7.733333
SUPER_7,33630000,105,4,10,119,47,58,4
SUPER_7,33640000,122,10,11,143,64,58,3.0952382
SUPER_7,33650000,90,2,2,94,50,40,22
SUPER_7,33660000,97,9,8,114,51,46,7.9411764
SUPER_7,33670000,73,5,6,84,42,31,28.272728
SUPER_7,33680000,151,9,5,165,74,77,8
SUPER_7,33690000,120,5,8,133,61,59,2.4615386
SUPER_7,33700000,132,7,10,149,67,65,10.882353
SUPER_7,33710000,100,2,7,109,57,43,4.3333335
SUPER_7,33720000,149,6,9,164,89,60,6.6666665
SUPER_7,33730000,0,0,0,0,0,0,0
SUPER_7,33740000,0,0,0,0,0,0,0
SUPER_7,33750000,153,12,11,176,87,66,6.826087
SUPER_7,33760000,65,4,6,75,37,28,3.5
SUPER_7,33770000,2,0,0,2,1,1,NaN
SUPER_7,33780000,9,1,0,10,7,2,8
SUPER_7,33790000,41,3,2,46,23,18,5.4
SUPER_7,33800000,147,10,15,172,76,71,3.6
SUPER_7,33810000,154,11,8,173,83,71,6
SUPER_7,33820000,110,13,8,131,58,52,5
SUPER_7,33830000,0,0,0,0,0,0,0
SUPER_7,33840000,0,0,0,0,0,0,0
SUPER_7,33850000,122,12,6,140,60,62,3.8888888
SUPER_7,33860000,48,4,6,58,19,29,8.9
SUPER_7,33870000,96,3,2,101,49,47,7.8
SUPER_7,33880000,253,13,12,278,136,117,5.44
SUPER_7,33890000,193,12,10,215,100,93,13.454545
SUPER_7,33900000,107,6,6,119,51,56,5.5833335
SUPER_7,33910000,123,9,11,143,64,59,4.85
SUPER_7,33920000,83,3,3,89,55,28,5.5
SUPER_7,33930000,155,16,10,181,86,69,6.923077
SUPER_7,33940000,152,14,14,180,85,67,9.357142
SUPER_7,33950000,27,4,4,35,16,11,22.875
SUPER_7,33960000,87,2,1,90,43,44,3.6666667
SUPER_7,33970000,45,3,0,48,30,15,11
SUPER_7,33980000,36,5,1,42,21,15,5.8333335
SUPER_7,33990000,3,0,1,4,1,2,2
SUPER_7,34000000,3,1,1,5,0,3,7
SUPER_7,34010000,0,0,0,0,0,0,0
SUPER_7,34020000,0,0,0,0,0,0,0
SUPER_7,34030000,6,1,1,8,1,5,3.5
SUPER_7,34040000,1,0,1,2,1,0,4
SUPER_7,34050000,4,0,0,4,2,2,NaN
SUPER_7,34060000,4,1,1,6,3,1,15.5
SUPER_7,34070000,1,0,0,1,0,1,NaN
SUPER_7,34080000,1,0,0,1,1,0,NaN
SUPER_7,34090000,3,1,0,4,2,1,6
SUPER_7,34100000,3,0,0,3,1,2,NaN
SUPER_7,34110000,5,0,0,5,4,1,NaN
SUPER_7,34120000,1,1,0,2,0,1,10
SUPER_7,34130000,8,3,1,12,1,7,7.75
SUPER_7,34140000,87,2,8,97,40,47,17
SUPER_7,34150000,100,9,8,117,49,51,10.470589
SUPER_7,34160000,109,5,5,119,58,51,12.3
SUPER_7,34170000,98,6,11,115,40,58,6.9411764
SUPER_7,34180000,171,8,10,189,90,81,3.0555556
SUPER_7,34190000,154,17,9,180,91,63,4.6153846
SUPER_7,34200000,61,5,5,71,36,25,11.4
SUPER_7,34210000,124,7,8,139,66,58,11.066667
SUPER_7,34220000,51,2,3,56,22,29,9
SUPER_7,34230000,21,3,2,26,11,10,9.4
SUPER_7,34240000,102,12,8,122,57,45,11.15
SUPER_7,34250000,45,2,2,49,19,26,5.5
SUPER_7,34260000,3,2,0,5,2,1,20.5
SUPER_7,34270000,100,6,5,111,52,48,4.7272725
SUPER_7,34280000,132,10,8,150,58,74,6.2777777
SUPER_7,34290000,92,8,4,104,50,42,9.916667
SUPER_7,34300000,19,1,2,22,9,10,7
SUPER_7,34310000,107,3,5,115,49,58,8.5
SUPER_7,34320000,131,11,7,149,65,66,10.277778
SUPER_7,34330000,23,4,0,27,9,14,14
SUPER_7,34340000,3,0,0,3,1,2,NaN
SUPER_7,34350000,28,2,2,32,17,11,9.5
SUPER_7,34360000,161,8,14,183,88,73,41.5
SUPER_7,34370000,139,7,9,155,80,59,6.5
SUPER_7,34380000,110,5,7,122,63,47,3
SUPER_7,34390000,124,4,8,136,68,56,5.75
SUPER_7,34400000,4,0,0,4,3,1,NaN
SUPER_7,34410000,22,0,1,23,9,13,1
SUPER_7,34420000,134,5,9,148,73,61,9.785714
SUPER_7,34430000,8,1,3,12,7,1,2
SUPER_7,34440000,47,4,4,55,21,26,3.625
SUPER_7,34450000,231,10,14,255,121,110,28.291666
SUPER_7,34460000,0,0,0,0,0,0,0
SUPER_7,34470000,0,0,0,0,0,0,0
SUPER_7,34480000,0,0,0,0,0,0,0
SUPER_7,34490000,0,0,0,0,0,0,0
SUPER_7,34500000,137,9,12,158,64,73,4.428571
SUPER_7,34510000,1,1,1,3,1,0,54.5
SUPER_7,34520000,1,0,0,1,1,0,NaN
SUPER_7,34530000,8,1,1,10,5,3,3
SUPER_7,34540000,3,0,0,3,0,3,NaN
SUPER_7,34550000,1,0,1,2,1,0,10
SUPER_7,34560000,0,0,1,1,0,0,1
SUPER_7,34570000,3,1,0,4,1,2,6
SUPER_7,34580000,4,0,0,4,2,2,NaN
SUPER_7,34590000,4,2,1,7,2,2,1.6666666
SUPER_7,34600000,3,0,0,3,2,1,NaN
SUPER_7,34610000,2,0,0,2,1,1,NaN
SUPER_7,34620000,0,1,0,1,0,0,2
SUPER_7,34630000,1,1,0,2,1,0,2
SUPER_7,34640000,0,0,0,0,0,0,0
SUPER_7,34650000,0,0,0,0,0,0,0
SUPER_7,34660000,4,0,1,5,2,2,1
SUPER_7,34670000,10,1,1,12,5,5,2.5
SUPER_7,34680000,55,1,1,57,25,30,12.5
SUPER_7,34690000,87,7,7,101,59,28,7.5
SUPER_7,34700000,47,2,3,52,24,23,7.2
SUPER_7,34710000,132,7,13,152,75,57,22.4
SUPER_7,34720000,59,2,8,69,34,25,14.1
SUPER_7,34730000,76,5,0,81,48,28,13
SUPER_7,34740000,90,10,6,106,42,48,7.6875
SUPER_7,34750000,85,5,4,94,51,34,18
SUPER_7,34760000,159,8,6,173,99,60,35.857143
SUPER_7,34770000,135,7,8,150,73,62,22.933332
SUPER_7,34780000,1,0,1,2,1,0,1
SUPER_7,34790000,2,1,0,3,1,1,4
SUPER_7,34800000,2,0,0,2,1,1,NaN
SUPER_7,34810000,20,0,1,21,13,7,55
SUPER_7,34820000,103,7,7,117,54,49,13.928572
SUPER_7,34830000,111,7,4,122,58,53,13.727273
SUPER_7,34840000,133,6,6,145,67,66,10.666667
SUPER_7,34850000,223,9,13,245,118,105,5.181818
SUPER_7,34860000,164,12,16,192,84,80,16.5
SUPER_7,34870000,70,5,3,78,37,33,3.5
SUPER_7,34880000,145,4,3,152,81,64,3.2857144
SUPER_7,34890000,79,2,3,84,37,42,9.6
SUPER_7,34900000,143,7,6,156,81,62,8.461538
SUPER_7,34910000,163,7,15,185,76,87,6.318182
SUPER_7,34920000,102,10,12,124,52,50,7.1363635
SUPER_7,34930000,35,0,1,36,13,22,1
SUPER_7,34940000,128,7,7,142,67,61,10.357142
SUPER_7,34950000,67,5,6,78,30,37,6.7272725
SUPER_7,34960000,193,12,13,218,103,90,5.6
SUPER_7,34970000,83,4,6,93,50,33,5.3
SUPER_7,34980000,84,6,2,92,48,36,2.875
SUPER_7,34990000,47,1,6,54,23,24,7.428571
SUPER_7,35000000,56,3,4,63,28,28,12.428572
SUPER_7,35010000,26,5,4,35,15,11,4.111111
SUPER_7,35020000,0,0,0,0,0,0,0
SUPER_7,35030000,0,0,0,0,0,0,0
SUPER_7,35040000,35,4,5,44,16,19,5.3333335
SUPER_7,35050000,81,4,12,97,42,39,28
SUPER_7,35060000,103,10,8,121,59,44,5.0555553
SUPER_7,35070000,30,2,0,32,16,14,2.5
SUPER_7,35080000,63,2,6,71,28,35,2.25
SUPER_7,35090000,72,7,6,85,34,38,14.307693
SUPER_7,35100000,163,3,11,177,85,78,12.785714
SUPER_7,35110000,22,2,3,27,12,10,4.4
SUPER_7,35120000,97,9,5,111,55,42,5.428571
SUPER_7,35130000,148,12,8,168,79,69,12.15
SUPER_7,35140000,155,11,11,177,80,75,2.3181818
SUPER_7,35150000,71,12,5,88,31,40,7.2352943
SUPER_7,35160000,159,8,11,178,84,75,3.1578948
SUPER_7,35170000,145,3,6,154,73,72,3.4444444
SUPER_7,35180000,141,5,10,156,67,74,11.866667
SUPER_7,35190000,36,4,2,42,16,20,94.166664
SUPER_7,35200000,120,12,5,137,57,63,5.2941175
SUPER_7,35210000,65,6,7,78,39,26,3.0769231
SUPER_7,35220000,92,8,9,109,43,49,3.7058823
SUPER_7,35230000,54,6,3,63,26,28,11.111111
SUPER_7,35240000,56,7,2,65,23,33,2.2222223
SUPER_7,35250000,74,7,7,88,39,35,6.071429
SUPER_7,35260000,73,6,11,90,37,36,10.176471
SUPER_7,35270000,93,16,11,120,46,47,12.666667
SUPER_7,35280000,24,0,2,26,14,10,4
SUPER_7,35290000,89,7,8,104,39,50,7.9333334
SUPER_7,35300000,67,5,2,74,39,28,1.8571428
SUPER_7,35310000,96,10,19,125,46,50,7.448276
SUPER_7,35320000,268,6,20,294,138,130,13.230769
SUPER_7,35330000,217,15,9,241,104,113,46.333332
SUPER_7,35340000,22,1,1,24,17,5,78.5
SUPER_7,35350000,57,4,1,62,30,27,6.8
SUPER_7,35360000,109,4,9,122,42,67,4.1538463
SUPER_7,35370000,92,15,8,115,43,49,15.304348
SUPER_7,35380000,45,1,2,48,17,28,11
SUPER_7,35390000,49,2,1,52,23,26,3
SUPER_7,35400000,40,1,0,41,21,19,1
SUPER_7,35410000,110,5,11,126,61,49,8.1875
SUPER_7,35420000,100,4,7,111,55,45,3.7272727
SUPER_7,35430000,67,4,5,76,45,22,28.11111
SUPER_7,35440000,77,4,11,92,39,38,9.266666
SUPER_7,35450000,116,7,9,132,59,57,5
SUPER_7,35460000,176,11,4,191,100,76,3.6
SUPER_7,35470000,170,12,7,189,93,77,5.263158
SUPER_7,35480000,127,6,13,146,66,61,8.842105
SUPER_7,35490000,18,0,1,19,15,3,1
SUPER_7,35500000,57,2,1,60,28,29,4
SUPER_7,35510000,36,4,3,43,21,15,5.571429
SUPER_7,35520000,44,4,3,51,24,20,5.571429
SUPER_7,35530000,46,1,1,48,29,17,9
SUPER_7,35540000,56,4,7,67,21,35,8.636364
SUPER_7,35550000,1,0,0,1,1,0,NaN
SUPER_7,35560000,1,1,1,3,0,1,1
SUPER_7,35570000,1,0,0,1,0,1,NaN
SUPER_7,35580000,3,0,1,4,2,1,1
SUPER_7,35590000,0,0,0,0,0,0,0
SUPER_7,35600000,0,0,0,0,0,0,0
SUPER_7,35610000,4,0,0,4,2,2,NaN
SUPER_7,35620000,1,2,0,3,1,0,3
SUPER_7,35630000,2,0,0,2,0,2,NaN
SUPER_7,35640000,2,0,0,2,0,2,NaN
SUPER_7,35650000,5,1,0,6,4,1,1
SUPER_7,35660000,5,0,1,6,3,2,1
SUPER_7,35670000,80,3,5,88,42,38,4.75
SUPER_7,35680000,35,0,3,38,15,20,80.666664
SUPER_7,35690000,31,1,1,33,14,17,1.5
SUPER_7,35700000,150,11,16,177,75,75,22.333334
SUPER_7,35710000,200,10,10,220,115,85,26
SUPER_7,35720000,18,3,2,23,11,7,10.6
SUPER_7,35730000,2,0,0,2,1,1,NaN
SUPER_7,35740000,0,0,0,0,0,0,0
SUPER_7,35750000,0,0,0,0,0,0,0
SUPER_7,35760000,15,3,0,18,9,6,3
SUPER_7,35770000,13,2,0,15,8,5,5.5
SUPER_7,35780000,232,18,10,260,126,106,6.535714
SUPER_7,35790000,186,10,19,215,103,83,9.413794
SUPER_7,35800000,10,0,2,12,3,7,110
SUPER_7,35810000,10,1,0,11,6,4,1
SUPER_7,35820000,52,5,2,59,32,20,3.5714285
SUPER_7,35830000,17,0,0,17,11,6,NaN
SUPER_7,35840000,74,5,3,82,46,28,1.625
SUPER_7,35850000,0,0,0,0,0,0,0
SUPER_7,35860000,0,0,0,0,0,0,0
SUPER_7,35870000,96,5,8,109,58,38,1.4615384
SUPER_7,35880000,87,12,6,105,37,50,4.2777777
SUPER_7,35890000,148,10,17,175,91,57,5.5555553
SUPER_7,35900000,126,10,9,145,62,64,4.105263
SUPER_7,35910000,47,4,4,55,32,15,7.25
SUPER_7,35920000,290,19,13,322,143,147,8.46875
SUPER_7,35930000,125,9,15,149,64,61,4.25
SUPER_7,35940000,157,6,13,176,78,79,7
SUPER_7,35950000,8,1,0,9,6,2,1
SUPER_7,35960000,35,3,1,39,19,16,4.75
SUPER_7,35970000,1,1,0,2,0,1,2
SUPER_7,35980000,3,0,1,4,1,2,1
SUPER_7,35990000,2,0,0,2,2,0,NaN
SUPER_7,36000000,5,0,0,5,3,2,NaN
SUPER_7,36010000,2,1,0,3,1,1,1
SUPER_7,36020000,2,0,0,2,1,1,NaN
SUPER_7,36030000,120,6,14,140,68,52,16.2
SUPER_7,36040000,5,0,0,5,3,2,NaN
SUPER_7,36050000,100,1,7,108,57,43,6.5
SUPER_7,36060000,112,6,7,125,59,53,8.692307
SUPER_7,36070000,2,1,0,3,0,2,9
SUPER_7,36080000,47,4,1,52,25,22,5.8
SUPER_7,36090000,63,2,6,71,34,29,5
SUPER_7,36100000,10,0,1,11,7,3,1
SUPER_7,36110000,7,0,1,8,3,4,11
SUPER_7,36120000,8,2,1,11,6,2,4.6666665
SUPER_7,36130000,6,0,0,6,4,2,NaN
SUPER_7,36140000,1,0,0,1,1,0,NaN
SUPER_7,36150000,13,1,0,14,4,9,1
SUPER_7,36160000,70,3,7,80,43,27,10.2
SUPER_7,36170000,167,11,12,190,76,91,11.347826
SUPER_7,36180000,63,5,7,75,28,35,7.3333335
SUPER_7,36190000,58,2,3,63,27,31,6.6
SUPER_7,36200000,120,8,4,132,71,49,6.3333335
SUPER_7,36210000,49,5,1,55,33,16,12
SUPER_7,36220000,0,0,0,0,0,0,0
SUPER_7,36230000,0,0,0,0,0,0,0
SUPER_7,36240000,113,9,10,132,58,55,4.9473686
SUPER_7,36250000,2,0,1,3,1,1,19
SUPER_7,36260000,63,7,3,73,32,31,5.7
SUPER_7,36270000,62,8,5,75,38,24,2.6153846
SUPER_7,36280000,95,8,9,112,49,46,9.294118
SUPER_7,36290000,22,0,1,23,11,11,1
SUPER_7,36300000,189,13,12,214,84,105,6.52
SUPER_7,36310000,55,2,3,60,34,21,9
SUPER_7,36320000,84,8,2,94,40,44,6.2
SUPER_7,36330000,2,0,1,3,1,1,2
SUPER_7,36340000,72,6,6,84,36,36,4.6666665
SUPER_7,36350000,29,2,3,34,15,14,5
SUPER_7,36360000,5,0,0,5,3,2,NaN
SUPER_7,36370000,0,0,0,0,0,0,0
SUPER_7,36380000,0,0,0,0,0,0,0
SUPER_7,36390000,6,1,0,7,1,5,8
SUPER_7,36400000,1,0,0,1,0,1,NaN
SUPER_7,36410000,1,0,0,1,1,0,NaN
SUPER_7,36420000,0,0,0,0,0,0,0
SUPER_7,36430000,0,0,0,0,0,0,0
SUPER_7,36440000,1,1,1,3,1,0,4
SUPER_7,36450000,0,0,2,2,0,0,6
SUPER_7,36460000,0,0,2,2,0,0,37
SUPER_7,36470000,1,1,1,3,1,0,2.5
SUPER_7,36480000,54,2,1,57,28,26,1
SUPER_7,36490000,104,13,12,129,55,49,15.24
SUPER_7,36500000,66,4,2,72,35,31,3.3333333
SUPER_7,36510000,57,4,6,67,24,33,26.1
SUPER_7,36520000,35,1,4,40,18,17,8.6
SUPER_7,36530000,122,14,9,145,62,60,8.043478
SUPER_7,36540000,120,6,9,135,62,58,2.0666666
SUPER_7,36550000,67,4,4,75,37,30,2.875
SUPER_7,36560000,137,4,6,147,83,54,4
SUPER_7,36570000,61,6,5,72,32,29,4.4545455
SUPER_7,36580000,122,6,7,135,58,64,13.461538
SUPER_7,36590000,10,0,1,11,7,3,2
SUPER_7,36600000,7,1,1,9,4,3,7.5
SUPER_7,36610000,3,0,0,3,2,1,NaN
SUPER_7,36620000,14,1,0,15,6,8,1
SUPER_7,36630000,29,3,1,33,15,14,3.5
SUPER_7,36640000,52,1,5,58,26,26,79.333336
SUPER_7,36650000,113,8,6,127,54,59,10.571428
SUPER_7,36660000,96,3,7,106,56,40,17.9
SUPER_7,36670000,93,7,11,111,48,45,11.111111
SUPER_7,36680000,78,4,5,87,41,37,16.555555
SUPER_7,36690000,7,2,1,10,3,4,7.6666665
SUPER_7,36700000,140,10,12,162,74,66,19.454546
SUPER_7,36710000,10,1,2,13,4,6,4
SUPER_7,36720000,56,2,1,59,28,28,4.6666665
SUPER_7,36730000,132,13,5,150,75,57,6.7222223
SUPER_7,36740000,127,12,12,151,67,60,9.791667
SUPER_7,36750000,93,5,5,103,44,49,18.3
SUPER_7,36760000,69,5,6,80,35,34,2.6363637
SUPER_7,36770000,73,6,8,87,37,36,15.285714
SUPER_7,36780000,83,2,1,86,43,40,4
SUPER_7,36790000,68,12,7,87,36,32,3.4210527
SUPER_7,36800000,95,6,3,104,54,41,3.3333333
SUPER_7,36810000,81,5,3,89,44,37,8.125
SUPER_7,36820000,64,4,7,75,35,29,7.3636365
SUPER_7,36830000,103,9,7,119,52,51,19
SUPER_7,36840000,69,5,6,80,43,26,25
SUPER_7,36850000,9,1,1,11,5,4,4.5
SUPER_7,36860000,138,7,8,153,87,51,5.5333333
SUPER_7,36870000,197,18,11,226,99,98,5.413793
SUPER_7,36880000,28,2,1,31,15,13,3.6666667
SUPER_7,36890000,107,11,10,128,65,42,9.761905
SUPER_7,36900000,134,12,9,155,69,65,6.142857
SUPER_7,36910000,134,12,4,150,64,70,7.375
SUPER_7,36920000,109,6,9,124,63,46,4.866667
SUPER_7,36930000,146,14,6,166,85,61,5.3
SUPER_7,36940000,40,3,4,47,21,19,1.8571428
SUPER_7,36950000,134,9,5,148,60,74,6.142857
SUPER_7,36960000,55,9,4,68,30,25,6.230769
SUPER_7,36970000,139,11,16,166,68,71,5.3703704
SUPER_7,36980000,173,11,15,199,95,78,12.230769
SUPER_7,36990000,185,9,19,213,88,97,5.785714
SUPER_7,37000000,215,14,16,245,115,100,6.266667
SUPER_7,37010000,59,2,3,64,34,25,2.8
SUPER_7,37020000,1,0,1,2,1,0,37
SUPER_7,37030000,3,0,2,5,2,1,2.5
SUPER_7,37040000,4,0,1,5,3,1,2
SUPER_7,37050000,4,0,1,5,1,3,7
SUPER_7,37060000,1,1,1,3,1,0,27.5
SUPER_7,37070000,3,0,0,3,2,1,NaN
SUPER_7,37080000,2,1,0,3,2,0,1
SUPER_7,37090000,1,1,0,2,1,0,7
SUPER_7,37100000,1,0,1,2,0,1,10
SUPER_7,37110000,5,0,1,6,0,5,3
SUPER_7,37120000,5,0,0,5,2,3,NaN
SUPER_7,37130000,5,1,2,8,2,3,10
SUPER_7,37140000,12,1,2,15,9,3,1.6666666
SUPER_7,37150000,2,0,0,2,1,1,NaN
SUPER_7,37160000,15,0,0,15,9,6,NaN
SUPER_7,37170000,6,0,0,6,3,3,NaN
SUPER_7,37180000,5,1,0,6,5,0,3
SUPER_7,37190000,17,0,1,18,9,8,15
SUPER_7,37200000,100,9,7,116,54,46,11.625
SUPER_7,37210000,105,6,7,118,63,42,14.076923
SUPER_7,37220000,34,4,5,43,18,16,5
SUPER_7,37230000,63,2,2,67,29,34,1.25
SUPER_7,37240000,46,2,1,49,29,17,14
SUPER_7,37250000,27,4,2,33,12,15,10.666667
SUPER_7,37260000,39,2,3,44,18,21,3.2
SUPER_7,37270000,91,2,7,100,48,43,2
SUPER_7,37280000,27,0,3,30,18,9,2.6666667
SUPER_7,37290000,43,6,4,53,18,25,3.7
SUPER_7,37300000,6,0,0,6,4,2,NaN
SUPER_7,37310000,138,11,8,157,72,66,6.5789475
SUPER_7,37320000,71,6,5,82,31,40,15.909091
SUPER_7,37330000,21,1,3,25,15,6,5.75
SUPER_7,37340000,129,15,6,150,68,61,7.3809524
SUPER_7,37350000,15,0,0,15,10,5,NaN
SUPER_7,37360000,101,3,12,116,41,60,5.6
SUPER_7,37370000,108,6,6,120,64,44,4.6666665
SUPER_7,37380000,6,2,1,9,1,5,6
SUPER_7,37390000,5,1,1,7,4,1,1.5
SUPER_7,37400000,6,0,1,7,3,3,1
SUPER_7,37410000,7,0,2,9,2,5,1.5
SUPER_7,37420000,6,1,1,8,2,4,3
SUPER_7,37430000,4,0,1,5,2,2,10
SUPER_7,37440000,10,1,1,12,5,5,1
SUPER_7,37450000,8,12,5,25,5,3,5.4117646
SUPER_7,37460000,18,32,14,64,11,7,5.0434785
SUPER_7,37470000,6,0,1,7,1,5,4
SUPER_7,37480000,7,1,0,8,2,5,2
SUPER_7,37490000,5,0,1,6,1,4,1
SUPER_7,37500000,24,1,1,26,9,15,1
SUPER_7,37510000,24,0,0,24,17,7,NaN
SUPER_7,37520000,2,0,0,2,2,0,NaN
SUPER_7,37530000,4,0,0,4,3,1,NaN
SUPER_7,37540000,6,1,1,8,3,3,25
SUPER_7,37550000,4,0,0,4,3,1,NaN
SUPER_7,37560000,10,3,0,13,4,6,6
SUPER_7,37570000,2,1,0,3,0,2,2
SUPER_7,37580000,7,0,1,8,3,4,1
SUPER_7,37590000,15,2,3,20,6,9,4
SUPER_7,37600000,7,0,0,7,4,3,NaN
SUPER_7,37610000,8,0,0,8,6,2,NaN
SUPER_7,37620000,10,1,1,12,7,3,2
SUPER_7,37630000,6,2,1,9,2,4,3.3333333
SUPER_7,37640000,9,2,1,12,6,3,3.3333333
SUPER_7,37650000,7,3,0,10,4,3,3.3333333
SUPER_7,37660000,3,3,2,8,3,0,4
SUPER_7,37670000,7,1,1,9,2,5,19
SUPER_7,37680000,51,1,5,57,31,20,2.5
SUPER_7,37690000,1,0,2,3,0,1,4.5
SUPER_7,37700000,2,1,0,3,1,1,11
SUPER_7,37710000,18,0,0,18,10,8,NaN
SUPER_7,37720000,42,4,3,49,35,7,3.142857
SUPER_8,10000,0,0,0,0,0,0,0
SUPER_8,20000,0,0,0,0,0,0,0
SUPER_8,30000,54,3,1,58,44,10,2.25
SUPER_8,40000,63,1,5,69,44,19,2.5
SUPER_8,50000,28,2,1,31,16,12,2
SUPER_8,60000,22,1,0,23,17,5,1
SUPER_8,70000,18,0,0,18,12,6,NaN
SUPER_8,80000,30,0,1,31,20,10,3
SUPER_8,90000,3,3,1,7,1,2,6.5
SUPER_8,100000,2,0,0,2,1,1,NaN
SUPER_8,110000,5,1,2,8,4,1,3
SUPER_8,120000,4,1,0,5,2,2,1
SUPER_8,130000,6,1,0,7,4,2,34
SUPER_8,140000,3,0,0,3,1,2,NaN
SUPER_8,150000,1,0,0,1,0,1,NaN
SUPER_8,160000,2,0,0,2,1,1,NaN
SUPER_8,170000,2,1,1,4,1,1,4.5
SUPER_8,180000,1,0,0,1,1,0,NaN
SUPER_8,190000,3,0,0,3,1,2,NaN
SUPER_8,200000,1,0,0,1,0,1,NaN
SUPER_8,210000,4,0,0,4,3,1,NaN
SUPER_8,220000,3,0,0,3,1,2,NaN
SUPER_8,230000,2,1,0,3,0,2,5
SUPER_8,240000,5,0,3,8,2,3,1.3333334
SUPER_8,250000,4,0,1,5,2,2,47
SUPER_8,260000,2,0,0,2,1,1,NaN
SUPER_8,270000,48,5,3,56,27,21,12.875
SUPER_8,280000,100,9,6,115,48,52,7.9333334
SUPER_8,290000,0,0,0,0,0,0,0
SUPER_8,300000,0,0,0,0,0,0,0
SUPER_8,310000,0,0,0,0,0,0,0
SUPER_8,320000,0,0,0,0,0,0,0
SUPER_8,330000,242,5,21,268,116,126,13.269231
SUPER_8,340000,19,1,1,21,11,8,1
SUPER_8,350000,164,6,9,179,98,66,7.2
SUPER_8,360000,135,10,10,155,68,67,10.7
SUPER_8,370000,68,5,2,75,33,35,6.142857
SUPER_8,380000,151,4,8,163,73,78,2.6666667
SUPER_8,390000,206,10,15,231,109,97,14.92
SUPER_8,400000,175,5,15,195,86,89,7.55
SUPER_8,410000,2,0,0,2,0,2,NaN
SUPER_8,420000,2,1,2,5,0,2,2.3333333
SUPER_8,430000,2,1,0,3,1,1,16
SUPER_8,440000,0,0,0,0,0,0,0
SUPER_8,450000,0,0,0,0,0,0,0
SUPER_8,460000,0,0,0,0,0,0,0
SUPER_8,470000,101,6,8,115,54,47,4.428571
SUPER_8,480000,10,1,3,14,7,3,5.5
SUPER_8,490000,98,4,3,105,55,43,27
SUPER_8,500000,102,8,6,116,52,50,15.428572
SUPER_8,510000,128,10,6,144,64,64,3.1875
SUPER_8,520000,104,3,7,114,52,52,6.6
SUPER_8,530000,15,0,1,16,3,12,39
SUPER_8,540000,57,3,3,63,26,31,4
SUPER_8,550000,24,3,1,28,12,12,7.5
SUPER_8,560000,126,5,5,136,72,54,4.9
SUPER_8,570000,147,12,11,170,70,77,7.826087
SUPER_8,580000,68,3,2,73,44,24,4.8
SUPER_8,590000,91,11,6,108,42,49,5.5882354
SUPER_8,600000,52,6,3,61,26,26,4.7777777
SUPER_8,610000,68,8,8,84,32,36,5.4375
SUPER_8,620000,68,8,9,85,36,32,13.529411
SUPER_8,630000,94,5,5,104,50,44,3.1
SUPER_8,640000,44,0,4,48,19,25,8
SUPER_8,650000,50,6,5,61,27,23,6.3636365
SUPER_8,660000,93,5,8,106,53,40,12.076923
SUPER_8,670000,28,1,4,33,13,15,68.8
SUPER_8,680000,90,4,9,103,40,50,36.846153
SUPER_8,690000,99,10,9,118,50,49,7.263158
SUPER_8,700000,5,0,0,5,3,2,NaN
SUPER_8,710000,143,10,15,168,69,74,4.56
SUPER_8,720000,119,6,6,131,61,58,11.083333
SUPER_8,730000,88,9,6,103,43,45,18.866667
SUPER_8,740000,136,6,8,150,62,74,7.142857
SUPER_8,750000,0,0,0,0,0,0,0
SUPER_8,760000,0,0,0,0,0,0,0
SUPER_8,770000,0,0,0,0,0,0,0
SUPER_8,780000,0,0,0,0,0,0,0
SUPER_8,790000,78,5,7,90,29,49,5.25
SUPER_8,800000,1,0,0,1,0,1,NaN
SUPER_8,810000,0,1,0,1,0,0,1
SUPER_8,820000,128,5,4,137,68,60,4.888889
SUPER_8,830000,65,4,3,72,36,29,6.571429
SUPER_8,840000,40,0,6,46,18,22,6.5
SUPER_8,850000,147,6,6,159,77,70,5.6666665
SUPER_8,860000,135,16,5,156,69,66,11.380953
SUPER_8,870000,117,4,18,139,58,59,7
SUPER_8,880000,87,2,1,90,43,44,2.3333333
SUPER_8,890000,73,3,5,81,46,27,27
SUPER_8,900000,8,0,0,8,5,3,NaN
SUPER_8,910000,0,0,0,0,0,0,0
SUPER_8,920000,0,0,0,0,0,0,0
SUPER_8,930000,3,0,0,3,3,0,NaN
SUPER_8,940000,2,0,0,2,0,2,NaN
SUPER_8,950000,2,0,0,2,1,1,NaN
SUPER_8,960000,2,1,0,3,0,2,6
SUPER_8,970000,1,0,0,1,0,1,NaN
SUPER_8,980000,39,4,5,48,27,12,2.2222223
SUPER_8,990000,36,5,5,46,21,15,12.5
SUPER_8,1000000,116,6,8,130,64,52,11.571428
SUPER_8,1010000,76,3,6,85,33,43,10
SUPER_8,1020000,0,0,0,0,0,0,0
SUPER_8,1030000,0,0,0,0,0,0,0
SUPER_8,1040000,133,8,15,156,69,64,6.130435
SUPER_8,1050000,152,12,12,176,79,73,6
SUPER_8,1060000,80,11,4,95,35,45,2.8666666
SUPER_8,1070000,0,0,0,0,0,0,0
SUPER_8,1080000,0,0,0,0,0,0,0
SUPER_8,1090000,113,4,11,128,61,52,7.133333
SUPER_8,1100000,43,9,3,55,19,24,7.4166665
SUPER_8,1110000,28,0,1,29,10,18,29
SUPER_8,1120000,126,9,16,151,74,52,7.84
SUPER_8,1130000,63,1,3,67,32,31,8.75
SUPER_8,1140000,26,5,4,35,13,13,11.555555
SUPER_8,1150000,80,5,8,93,37,43,81
SUPER_8,1160000,81,6,6,93,45,36,8.416667
SUPER_8,1170000,86,6,2,94,45,41,5.875
SUPER_8,1180000,159,13,7,179,86,73,4.85
SUPER_8,1190000,85,1,7,93,40,45,6.125
SUPER_8,1200000,9,1,0,10,4,5,1
SUPER_8,1210000,2,0,0,2,1,1,NaN
SUPER_8,1220000,0,0,0,0,0,0,0
SUPER_8,1230000,0,0,0,0,0,0,0
SUPER_8,1240000,1,1,1,3,0,1,2.5
SUPER_8,1250000,31,3,1,35,22,9,9.5
SUPER_8,1260000,1,0,0,1,0,1,NaN
SUPER_8,1270000,1,0,0,1,1,0,NaN
SUPER_8,1280000,1,0,0,1,1,0,NaN
SUPER_8,1290000,1,0,0,1,0,1,NaN
SUPER_8,1300000,0,0,0,0,0,0,0
SUPER_8,1310000,0,0,0,0,0,0,0
SUPER_8,1320000,132,15,13,160,67,65,16
SUPER_8,1330000,62,6,1,69,38,24,9
SUPER_8,1340000,40,3,2,45,23,17,5.4
SUPER_8,1350000,2,0,1,3,2,0,8
SUPER_8,1360000,22,4,4,30,11,11,2.375
SUPER_8,1370000,14,1,3,18,7,7,1.25
SUPER_8,1380000,44,2,1,47,28,16,2
SUPER_8,1390000,50,5,2,57,25,25,6.428571
SUPER_8,1400000,79,11,10,100,40,39,19.571428
SUPER_8,1410000,54,1,3,58,26,28,4
SUPER_8,1420000,103,12,20,135,47,56,4.78125
SUPER_8,1430000,96,9,1,106,47,49,6.6
SUPER_8,1440000,17,4,0,21,5,12,10.75
SUPER_8,1450000,7,0,1,8,4,3,51
SUPER_8,1460000,10,12,4,26,5,5,31.25
SUPER_8,1470000,87,6,6,99,44,43,4.9166665
SUPER_8,1480000,116,11,11,138,54,62,14.181818
SUPER_8,1490000,131,14,9,154,60,71,6.347826
SUPER_8,1500000,58,6,8,72,26,32,5.357143
SUPER_8,1510000,89,8,8,105,42,47,5.625
SUPER_8,1520000,118,5,13,136,53,65,6.4444447
SUPER_8,1530000,126,5,9,140,59,67,5.071429
SUPER_8,1540000,134,15,8,157,66,68,6
SUPER_8,1550000,218,13,17,248,122,96,11.333333
SUPER_8,1560000,58,4,5,67,25,33,3.8888888
SUPER_8,1570000,37,2,2,41,24,13,1.75
SUPER_8,1580000,94,8,8,110,40,54,8.5
SUPER_8,1590000,88,5,8,101,42,46,14.076923
SUPER_8,1600000,108,5,9,122,54,54,12.928572
SUPER_8,1610000,107,5,7,119,54,53,3.9166667
SUPER_8,1620000,1,0,0,1,1,0,NaN
SUPER_8,1630000,3,0,0,3,0,3,NaN
SUPER_8,1640000,1,2,1,4,1,0,4.3333335
SUPER_8,1650000,5,0,2,7,1,4,9
SUPER_8,1660000,4,0,1,5,2,2,52
SUPER_8,1670000,2,1,0,3,1,1,4
SUPER_8,1680000,3,0,0,3,1,2,NaN
SUPER_8,1690000,3,0,0,3,0,3,NaN
SUPER_8,1700000,15,1,3,19,11,4,11.25
SUPER_8,1710000,0,1,0,1,0,0,9
SUPER_8,1720000,69,7,7,83,30,39,2.857143
SUPER_8,1730000,94,6,7,107,54,40,5.3846154
SUPER_8,1740000,52,4,2,58,24,28,2
SUPER_8,1750000,80,6,5,91,33,47,5.909091
SUPER_8,1760000,110,10,7,127,50,60,3.6470587
SUPER_8,1770000,1,0,1,2,1,0,1
SUPER_8,1780000,2,0,0,2,1,1,NaN
SUPER_8,1790000,3,1,1,5,0,3,3.5
SUPER_8,1800000,96,7,7,110,59,37,5
SUPER_8,1810000,129,6,10,145,66,63,25.875
SUPER_8,1820000,28,3,2,33,14,14,8.8
SUPER_8,1830000,3,2,1,6,0,3,4.3333335
SUPER_8,1840000,67,8,6,81,36,31,6.714286
SUPER_8,1850000,115,8,5,128,54,61,3.9230769
SUPER_8,1860000,124,12,7,143,65,59,10.842105
SUPER_8,1870000,65,7,8,80,32,33,2.5333333
SUPER_8,1880000,74,5,6,85,41,33,4.6363635
SUPER_8,1890000,95,10,11,116,58,37,6.4761906
SUPER_8,1900000,119,5,13,137,59,60,3.2777777
SUPER_8,1910000,0,0,0,0,0,0,0
SUPER_8,1920000,0,0,0,0,0,0,0
SUPER_8,1930000,106,10,12,128,47,59,5
SUPER_8,1940000,84,8,9,101,36,48,2.7058823
SUPER_8,1950000,86,9,7,102,39,47,4.8125
SUPER_8,1960000,86,13,5,104,46,40,5.2222223
SUPER_8,1970000,58,5,3,66,28,30,13.375
SUPER_8,1980000,19,1,3,23,7,12,3
SUPER_8,1990000,79,2,3,84,35,44,1.6
SUPER_8,2000000,48,5,2,55,28,20,2.142857
SUPER_8,2010000,122,4,7,133,58,64,13.545455
SUPER_8,2020000,38,5,4,47,23,15,5.7777777
SUPER_8,2030000,53,6,2,61,28,25,12.875
SUPER_8,2040000,1,0,0,1,0,1,NaN
SUPER_8,2050000,1,0,1,2,1,0,1
SUPER_8,2060000,8,0,0,8,6,2,NaN
SUPER_8,2070000,2,0,0,2,1,1,NaN
SUPER_8,2080000,3,0,2,5,2,1,13
SUPER_8,2090000,4,1,2,7,2,2,1.3333334
SUPER_8,2100000,0,0,0,0,0,0,0
SUPER_8,2110000,0,0,0,0,0,0,0
SUPER_8,2120000,48,3,4,55,22,26,1.5714285
SUPER_8,2130000,102,7,9,118,50,52,6.5625
SUPER_8,2140000,113,10,13,136,60,53,9.695652
SUPER_8,2150000,191,12,14,217,93,98,6.923077
SUPER_8,2160000,173,16,13,202,77,96,11.379311
SUPER_8,2170000,146,8,11,165,80,66,6.2105265
SUPER_8,2180000,129,14,9,152,58,71,16.173914
SUPER_8,2190000,134,12,16,162,58,76,20.285715
SUPER_8,2200000,91,6,9,106,29,62,10.666667
SUPER_8,2210000,144,7,18,169,76,68,12.76
SUPER_8,2220000,102,9,10,121,48,54,21.263159
SUPER_8,2230000,104,5,11,120,44,60,3
SUPER_8,2240000,84,5,3,92,49,35,29.125
SUPER_8,2250000,46,2,6,54,27,19,7.375
SUPER_8,2260000,88,10,4,102,41,47,7.142857
SUPER_8,2270000,34,3,4,41,27,7,7.571429
SUPER_8,2280000,40,1,2,43,19,21,29.666666
SUPER_8,2290000,23,0,2,25,12,11,2
SUPER_8,2300000,3,0,0,3,1,2,NaN
SUPER_8,2310000,0,1,0,1,0,0,14
SUPER_8,2320000,48,4,4,56,26,22,3.75
SUPER_8,2330000,127,9,10,146,62,65,6.631579
SUPER_8,2340000,88,4,1,93,49,39,4.8
SUPER_8,2350000,113,4,10,127,55,58,5.214286
SUPER_8,2360000,71,4,9,84,39,32,6.5384617
SUPER_8,2370000,112,8,10,130,60,52,5.2777777
SUPER_8,2380000,103,2,8,113,44,59,10.1
SUPER_8,2390000,93,8,5,106,51,42,4.1538463
SUPER_8,2400000,84,12,7,103,49,35,6.105263
SUPER_8,2410000,133,9,11,153,76,57,4.55
SUPER_8,2420000,173,12,10,195,86,87,8.909091
SUPER_8,2430000,109,6,9,124,60,49,33.066666
SUPER_8,2440000,138,6,7,151,73,65,15.307693
SUPER_8,2450000,157,8,18,183,63,94,5.0384617
SUPER_8,2460000,187,16,15,218,95,92,5.806452
SUPER_8,2470000,140,11,10,161,72,68,14.666667
SUPER_8,2480000,46,3,1,50,28,18,4.75
SUPER_8,2490000,133,8,9,150,83,50,8.764706
SUPER_8,2500000,158,10,11,179,81,77,4.7619047
SUPER_8,2510000,46,2,4,52,16,30,19
SUPER_8,2520000,102,6,11,119,49,53,14.941176
SUPER_8,2530000,77,6,9,92,46,31,8.933333
SUPER_8,2540000,141,12,5,158,61,80,4.5882354
SUPER_8,2550000,140,7,12,159,78,62,11.473684
SUPER_8,2560000,95,4,7,106,42,53,5.5454545
SUPER_8,2570000,168,14,17,199,81,87,5.193548
SUPER_8,2580000,0,1,0,1,0,0,1
SUPER_8,2590000,0,0,1,1,0,0,2
SUPER_8,2600000,135,10,7,152,61,74,5.7058825
SUPER_8,2610000,78,8,6,92,42,36,19.357143
SUPER_8,2620000,105,8,9,122,67,38,5.7058825
SUPER_8,2630000,0,0,0,0,0,0,0
SUPER_8,2640000,0,0,0,0,0,0,0
SUPER_8,2650000,0,0,0,0,0,0,0
SUPER_8,2660000,32,2,2,36,15,17,4
SUPER_8,2670000,0,0,0,0,0,0,0
SUPER_8,2680000,0,0,0,0,0,0,0
SUPER_8,2690000,108,7,12,127,62,46,5.894737
SUPER_8,2700000,110,6,9,125,59,51,3.4666667
SUPER_8,2710000,129,7,11,147,62,67,3.6111112
SUPER_8,2720000,114,9,10,133,50,64,5.736842
SUPER_8,2730000,96,6,9,111,48,48,6.9333334
SUPER_8,2740000,109,6,8,123,59,50,7.285714
SUPER_8,2750000,3,0,0,3,3,0,NaN
SUPER_8,2760000,88,4,9,101,47,41,11.230769
SUPER_8,2770000,134,8,13,155,60,74,6.1904764
SUPER_8,2780000,123,7,14,144,59,64,12.047619
SUPER_8,2790000,5,1,0,6,4,1,4
SUPER_8,2800000,1,0,0,1,1,0,NaN
SUPER_8,2810000,8,1,1,10,3,5,1.5
SUPER_8,2820000,3,1,0,4,0,3,6
SUPER_8,2830000,1,0,0,1,1,0,NaN
SUPER_8,2840000,3,1,0,4,1,2,1
SUPER_8,2850000,133,11,7,151,65,68,8
SUPER_8,2860000,81,3,7,91,41,40,4.2
SUPER_8,2870000,104,12,14,130,49,55,6.769231
SUPER_8,2880000,68,10,5,83,34,34,4.0666666
SUPER_8,2890000,15,2,4,21,11,4,4.5
SUPER_8,2900000,73,2,4,79,43,30,4.1666665
SUPER_8,2910000,67,5,7,79,38,29,5.0833335
SUPER_8,2920000,68,6,5,79,25,43,7.818182
SUPER_8,2930000,2,0,1,3,1,1,8
SUPER_8,2940000,2,1,1,4,2,0,5
SUPER_8,2950000,1,0,0,1,0,1,NaN
SUPER_8,2960000,3,0,0,3,0,3,NaN
SUPER_8,2970000,4,0,0,4,1,3,NaN
SUPER_8,2980000,3,0,1,4,3,0,2
SUPER_8,2990000,82,12,11,105,43,39,5
SUPER_8,3000000,5,0,1,6,2,3,1
SUPER_8,3010000,1,0,0,1,0,1,NaN
SUPER_8,3020000,7,0,1,8,4,3,1
SUPER_8,3030000,1,1,0,2,0,1,1
SUPER_8,3040000,42,6,4,52,21,21,2.6
SUPER_8,3050000,107,10,2,119,52,55,3
SUPER_8,3060000,63,1,6,70,34,29,3.857143
SUPER_8,3070000,27,5,3,35,16,11,22.5
SUPER_8,3080000,41,0,10,51,18,23,6.7
SUPER_8,3090000,12,1,3,16,5,7,3.25
SUPER_8,3100000,8,0,2,10,5,3,1.5
SUPER_8,3110000,0,0,0,0,0,0,0
SUPER_8,3120000,0,0,0,0,0,0,0
SUPER_8,3130000,4,2,0,6,0,4,2
SUPER_8,3140000,5,0,1,6,4,1,1
SUPER_8,3150000,3,0,0,3,1,2,NaN
SUPER_8,3160000,4,1,1,6,0,4,3.5
SUPER_8,3170000,41,7,4,52,23,18,10.818182
SUPER_8,3180000,126,10,6,142,66,60,3.6875
SUPER_8,3190000,112,12,9,133,64,48,17.285715
SUPER_8,3200000,63,5,3,71,33,30,8.625
SUPER_8,3210000,89,4,5,98,39,50,24.777779
SUPER_8,3220000,130,9,16,155,73,57,15.64
SUPER_8,3230000,132,5,9,146,76,56,6.142857
SUPER_8,3240000,133,11,15,159,64,69,8.346154
SUPER_8,3250000,130,13,6,149,67,63,6.7894735
SUPER_8,3260000,223,16,23,262,108,115,6.25641
SUPER_8,3270000,81,11,3,95,43,38,5.785714
SUPER_8,3280000,197,11,23,231,97,100,8.382353
SUPER_8,3290000,117,9,9,135,61,56,4.7222223
SUPER_8,3300000,143,11,12,166,74,69,7.7391305
SUPER_8,3310000,217,14,18,249,108,109,4.96875
SUPER_8,3320000,16,1,2,19,10,6,4.3333335
SUPER_8,3330000,18,1,1,20,7,11,1
SUPER_8,3340000,94,8,9,111,44,50,2.9411764
SUPER_8,3350000,141,11,21,173,72,69,6.25
SUPER_8,3360000,57,5,4,66,31,26,3.7777777
SUPER_8,3370000,0,0,1,1,0,0,36
SUPER_8,3380000,1,0,2,3,1,0,1
SUPER_8,3390000,0,1,0,1,0,0,1
SUPER_8,3400000,0,0,0,0,0,0,0
SUPER_8,3410000,0,0,0,0,0,0,0
SUPER_8,3420000,2,0,1,3,1,1,14
SUPER_8,3430000,0,0,1,1,0,0,1
SUPER_8,3440000,0,1,0,1,0,0,1
SUPER_8,3450000,97,7,17,121,48,49,10.541667
SUPER_8,3460000,140,12,19,171,63,77,5.83871
SUPER_8,3470000,45,4,3,52,27,18,2.142857
SUPER_8,3480000,101,4,7,112,43,58,10.909091
SUPER_8,3490000,160,19,14,193,65,95,5.6363635
SUPER_8,3500000,97,9,12,118,48,49,11.857142
SUPER_8,3510000,152,12,11,175,72,80,5.6086955
SUPER_8,3520000,107,10,7,124,62,45,7.0588236
SUPER_8,3530000,62,6,5,73,35,27,4.3636365
SUPER_8,3540000,97,14,12,123,41,56,6.1923075
SUPER_8,3550000,9,0,2,11,7,2,8
SUPER_8,3560000,2,1,0,3,1,1,1
SUPER_8,3570000,0,0,0,0,0,0,0
SUPER_8,3580000,0,0,0,0,0,0,0
SUPER_8,3590000,3,0,2,5,3,0,1.5
SUPER_8,3600000,2,0,1,3,1,1,2
SUPER_8,3610000,1,0,0,1,0,1,NaN
SUPER_8,3620000,0,0,1,1,0,0,3
SUPER_8,3630000,1,0,1,2,0,1,1
SUPER_8,3640000,3,0,0,3,0,3,NaN
SUPER_8,3650000,1,0,0,1,0,1,NaN
SUPER_8,3660000,4,0,0,4,0,4,NaN
SUPER_8,3670000,1,0,0,1,0,1,NaN
SUPER_8,3680000,1,0,1,2,1,0,2
SUPER_8,3690000,17,0,4,21,9,8,69.5
SUPER_8,3700000,94,7,6,107,57,37,7.6923075
SUPER_8,3710000,92,9,7,108,56,36,15.1875
SUPER_8,3720000,94,6,10,110,45,49,8.5
SUPER_8,3730000,109,7,7,123,53,56,8.428572
SUPER_8,3740000,9,0,3,12,3,6,11.333333
SUPER_8,3750000,2,0,0,2,1,1,NaN
SUPER_8,3760000,25,1,6,32,12,13,20.571428
SUPER_8,3770000,1,0,0,1,0,1,NaN
SUPER_8,3780000,1,0,0,1,0,1,NaN
SUPER_8,3790000,1,1,1,3,1,0,6
SUPER_8,3800000,78,8,8,94,37,41,3.75
SUPER_8,3810000,79,7,1,87,42,37,3.375
SUPER_8,3820000,111,4,13,128,61,50,56.82353
SUPER_8,3830000,102,7,8,117,48,54,4.866667
SUPER_8,3840000,160,10,20,190,87,73,13.533334
SUPER_8,3850000,187,18,14,219,101,86,14.09375
SUPER_8,3860000,147,12,13,172,72,75,6.32
SUPER_8,3870000,95,13,14,122,48,47,5.6296296
SUPER_8,3880000,3,0,0,3,2,1,NaN
SUPER_8,3890000,2,0,2,4,0,2,2.5
SUPER_8,3900000,35,5,3,43,16,19,6.875
SUPER_8,3910000,85,4,8,97,50,35,14.75
SUPER_8,3920000,13,1,1,15,11,2,23.5
SUPER_8,3930000,74,12,5,91,40,34,6.647059
SUPER_8,3940000,83,2,13,98,36,47,21.533333
SUPER_8,3950000,76,8,7,91,34,42,5.266667
SUPER_8,3960000,5,0,0,5,3,2,NaN
SUPER_8,3970000,23,3,5,31,9,14,7.125
SUPER_8,3980000,11,0,0,11,2,9,NaN
SUPER_8,3990000,108,4,16,128,55,53,19.85
SUPER_8,4000000,100,11,7,118,50,50,12.388889
SUPER_8,4010000,122,8,14,144,63,59,17.818182
SUPER_8,4020000,104,11,5,120,50,54,7
SUPER_8,4030000,102,9,8,119,53,49,29.882353
SUPER_8,4040000,0,1,0,1,0,0,1
SUPER_8,4050000,2,0,0,2,1,1,NaN
SUPER_8,4060000,2,0,0,2,2,0,NaN
SUPER_8,4070000,4,1,0,5,3,1,8
SUPER_8,4080000,1,1,0,2,1,0,35
SUPER_8,4090000,2,0,0,2,1,1,NaN
SUPER_8,4100000,2,0,1,3,2,0,1
SUPER_8,4110000,3,0,0,3,1,2,NaN
SUPER_8,4120000,56,6,4,66,30,26,12.5
SUPER_8,4130000,30,0,2,32,9,21,1.5
SUPER_8,4140000,5,0,0,5,4,1,NaN
SUPER_8,4150000,39,6,2,47,17,22,2.375
SUPER_8,4160000,0,0,0,0,0,0,0
SUPER_8,4170000,0,0,0,0,0,0,0
SUPER_8,4180000,79,4,8,91,44,35,3.6666667
SUPER_8,4190000,146,11,13,170,73,73,8.041667
SUPER_8,4200000,120,7,7,134,62,58,3.4285715
SUPER_8,4210000,3,1,0,4,1,2,1
SUPER_8,4220000,11,0,1,12,8,3,3
SUPER_8,4230000,79,9,9,97,40,39,3.7777777
SUPER_8,4240000,172,12,12,196,79,93,7.0833335
SUPER_8,4250000,143,6,14,163,83,60,28.65
SUPER_8,4260000,191,17,12,220,93,98,8.4827585
SUPER_8,4270000,164,10,8,182,84,80,5.5
SUPER_8,4280000,237,13,13,263,115,122,5.8461537
SUPER_8,4290000,66,1,4,71,29,37,6.4
SUPER_8,4300000,5,0,0,5,4,1,NaN
SUPER_8,4310000,1,0,0,1,1,0,NaN
SUPER_8,4320000,87,8,6,101,45,42,4.357143
SUPER_8,4330000,130,12,10,152,71,59,3.8636363
SUPER_8,4340000,136,11,6,153,74,62,16.588236
SUPER_8,4350000,166,13,13,192,88,78,18.153847
SUPER_8,4360000,100,12,8,120,38,62,4.05
SUPER_8,4370000,143,5,11,159,77,66,43.25
SUPER_8,4380000,125,3,4,132,63,62,3.2857144
SUPER_8,4390000,80,1,7,88,33,47,10
SUPER_8,4400000,146,8,9,163,70,76,4.7647057
SUPER_8,4410000,140,10,12,162,69,71,14.227273
SUPER_8,4420000,89,7,2,98,42,47,4.111111
SUPER_8,4430000,45,2,3,50,20,25,1.2
SUPER_8,4440000,1,0,0,1,0,1,NaN
SUPER_8,4450000,42,4,4,50,23,19,5.75
SUPER_8,4460000,107,4,10,121,46,61,6.357143
SUPER_8,4470000,60,2,3,65,28,32,11.6
SUPER_8,4480000,142,14,14,170,77,65,4.928571
SUPER_8,4490000,80,8,4,92,34,46,4.4166665
SUPER_8,4500000,62,10,8,80,35,27,36.11111
SUPER_8,4510000,98,8,8,114,41,57,8.8125
SUPER_8,4520000,131,13,10,154,80,51,5.130435
SUPER_8,4530000,121,8,12,141,58,63,7.9
SUPER_8,4540000,51,2,4,57,31,20,5.1666665
SUPER_8,4550000,154,17,4,175,69,85,4.285714
SUPER_8,4560000,182,14,12,208,96,86,6.8076925
SUPER_8,4570000,114,6,12,132,63,51,4.9444447
SUPER_8,4580000,129,12,13,154,57,72,8.64
SUPER_8,4590000,35,1,7,43,20,15,4.125
SUPER_8,4600000,106,9,3,118,48,58,5.5
SUPER_8,4610000,106,3,11,120,60,46,7.571429
SUPER_8,4620000,82,5,8,95,46,36,3.1538463
SUPER_8,4630000,97,14,9,120,44,53,3.5217392
SUPER_8,4640000,113,7,8,128,54,59,18.866667
SUPER_8,4650000,144,5,8,157,88,56,2
SUPER_8,4660000,34,2,3,39,17,17,14.4
SUPER_8,4670000,1,0,2,3,1,0,6
SUPER_8,4680000,89,8,9,106,49,40,3.8235295
SUPER_8,4690000,75,8,5,88,36,39,9.538462
SUPER_8,4700000,94,3,5,102,47,47,12.125
SUPER_8,4710000,156,7,7,170,80,76,2.7142856
SUPER_8,4720000,145,12,17,174,68,77,4.137931
SUPER_8,4730000,94,4,6,104,50,44,6
SUPER_8,4740000,71,2,9,82,30,41,6.2727275
SUPER_8,4750000,146,14,9,169,77,69,4.9565215
SUPER_8,4760000,83,8,2,93,38,45,4
SUPER_8,4770000,127,10,14,151,61,66,4.875
SUPER_8,4780000,25,4,3,32,18,7,5.857143
SUPER_8,4790000,103,14,7,124,57,46,8.619047
SUPER_8,4800000,101,7,8,116,48,53,5.5333333
SUPER_8,4810000,51,11,4,66,23,28,7.9333334
SUPER_8,4820000,147,13,18,178,63,84,6.387097
SUPER_8,4830000,98,6,9,113,51,47,3.8
SUPER_8,4840000,155,7,17,179,67,88,5.2083335
SUPER_8,4850000,149,9,5,163,72,77,7.5
SUPER_8,4860000,126,5,8,139,62,64,44
SUPER_8,4870000,111,12,8,131,57,54,6.15
SUPER_8,4880000,150,9,10,169,75,75,4.0526314
SUPER_8,4890000,167,8,17,192,74,93,8.04
SUPER_8,4900000,130,6,18,154,61,69,5.7083335
SUPER_8,4910000,124,8,5,137,57,67,4.8461537
SUPER_8,4920000,58,4,7,69,25,33,7.909091
SUPER_8,4930000,100,10,5,115,50,50,5.866667
SUPER_8,4940000,165,13,14,192,84,81,15.62963
SUPER_8,4950000,154,10,15,179,77,77,6.72
SUPER_8,4960000,82,5,4,91,50,32,6.4444447
SUPER_8,4970000,26,2,1,29,12,14,1.3333334
SUPER_8,4980000,149,12,10,171,63,86,20.318182
SUPER_8,4990000,95,5,7,107,39,56,4.4166665
SUPER_8,5000000,171,8,11,190,88,83,6.5263157
SUPER_8,5010000,151,15,18,184,65,86,4.6363635
SUPER_8,5020000,134,8,12,154,66,68,4.55
SUPER_8,5030000,74,7,5,86,34,40,2
SUPER_8,5040000,34,1,1,36,21,13,3.5
SUPER_8,5050000,4,0,0,4,2,2,NaN
SUPER_8,5060000,3,0,1,4,0,3,6
SUPER_8,5070000,54,0,7,61,33,21,47.857143
SUPER_8,5080000,69,6,2,77,31,38,6.25
SUPER_8,5090000,2,1,0,3,2,0,2
SUPER_8,5100000,36,3,0,39,22,14,4.6666665
SUPER_8,5110000,14,0,1,15,3,11,25
SUPER_8,5120000,89,13,4,106,33,56,6.7058825
SUPER_8,5130000,15,3,2,20,7,8,5.4
SUPER_8,5140000,84,4,5,93,46,38,3.4444444
SUPER_8,5150000,129,8,5,142,61,68,8.076923
SUPER_8,5160000,113,11,12,136,57,56,20.608696
SUPER_8,5170000,1,0,0,1,1,0,NaN
SUPER_8,5180000,120,12,10,142,61,59,7.590909
SUPER_8,5190000,190,22,13,225,104,86,26.62857
SUPER_8,5200000,185,11,11,207,102,83,3.7272727
SUPER_8,5210000,103,4,6,113,42,61,5.5
SUPER_8,5220000,123,2,15,140,52,71,15.470589
SUPER_8,5230000,171,14,13,198,85,86,4.0740743
SUPER_8,5240000,92,5,11,108,43,49,26.125
SUPER_8,5250000,0,0,0,0,0,0,0
SUPER_8,5260000,0,0,0,0,0,0,0
SUPER_8,5270000,142,15,9,166,68,74,19.416666
SUPER_8,5280000,0,0,0,0,0,0,0
SUPER_8,5290000,0,0,0,0,0,0,0
SUPER_8,5300000,134,8,10,152,70,64,26.777779
SUPER_8,5310000,98,7,11,116,55,43,8.222222
SUPER_8,5320000,100,4,12,116,54,46,6.4375
SUPER_8,5330000,82,9,5,96,37,45,7.357143
SUPER_8,5340000,32,0,3,35,16,16,2.3333333
SUPER_8,5350000,73,0,3,76,42,31,6
SUPER_8,5360000,80,6,6,92,40,40,6.4166665
SUPER_8,5370000,123,10,9,142,50,73,5.0526314
SUPER_8,5380000,190,12,13,215,90,100,14.72
SUPER_8,5390000,0,1,0,1,0,0,15
SUPER_8,5400000,47,1,5,53,29,18,4.8333335
SUPER_8,5410000,92,4,5,101,45,47,6.7777777
SUPER_8,5420000,157,7,12,176,81,76,21.842106
SUPER_8,5430000,156,12,13,181,81,75,17.4
SUPER_8,5440000,135,16,16,167,66,69,9.375
SUPER_8,5450000,131,5,10,146,60,71,3.6666667
SUPER_8,5460000,101,5,9,115,48,53,6.214286
SUPER_8,5470000,114,7,8,129,66,48,4.6666665
SUPER_8,5480000,61,7,2,70,38,23,1.6666666
SUPER_8,5490000,87,10,8,105,46,41,8.055555
SUPER_8,5500000,207,14,12,233,91,116,4.576923
SUPER_8,5510000,15,1,2,18,10,5,1.6666666
SUPER_8,5520000,3,0,0,3,1,2,NaN
SUPER_8,5530000,5,0,0,5,2,3,NaN
SUPER_8,5540000,6,1,0,7,2,4,6
SUPER_8,5550000,4,0,0,4,4,0,NaN
SUPER_8,5560000,2,0,0,2,1,1,NaN
SUPER_8,5570000,25,2,5,32,10,15,90.57143
SUPER_8,5580000,187,6,16,209,95,92,16.681818
SUPER_8,5590000,122,19,13,154,59,63,5.15625
SUPER_8,5600000,115,13,18,146,63,52,6.322581
SUPER_8,5610000,145,5,7,157,86,59,8.333333
SUPER_8,5620000,86,6,5,97,39,47,2.909091
SUPER_8,5630000,27,1,0,28,12,15,1
SUPER_8,5640000,84,10,5,99,49,35,16.2
SUPER_8,5650000,120,8,11,139,64,56,5.105263
SUPER_8,5660000,87,9,7,103,45,42,19.9375
SUPER_8,5670000,110,8,13,131,67,43,4.952381
SUPER_8,5680000,0,0,0,0,0,0,0
SUPER_8,5690000,0,0,0,0,0,0,0
SUPER_8,5700000,212,15,16,243,112,100,11.806452
SUPER_8,5710000,49,8,3,60,31,18,8
SUPER_8,5720000,112,6,6,124,58,54,2.5
SUPER_8,5730000,147,13,14,174,83,64,3.4444444
SUPER_8,5740000,0,1,1,2,0,0,3
SUPER_8,5750000,78,6,5,89,29,49,5.6363635
SUPER_8,5760000,92,7,6,105,43,49,10.307693
SUPER_8,5770000,111,6,4,121,58,53,5.2
SUPER_8,5780000,106,6,9,121,50,56,4.6666665
SUPER_8,5790000,94,2,8,104,47,47,6.9
SUPER_8,5800000,94,3,10,107,51,43,5.3076925
SUPER_8,5810000,109,1,12,122,49,60,8.923077
SUPER_8,5820000,99,8,7,114,54,45,4
SUPER_8,5830000,37,6,5,48,22,15,9.545455
SUPER_8,5840000,49,4,3,56,23,26,4.714286
SUPER_8,5850000,121,7,6,134,61,60,7.4615383
SUPER_8,5860000,33,5,3,41,16,17,3.75
SUPER_8,5870000,0,1,0,1,0,0,1
SUPER_8,5880000,56,7,7,70,30,26,5.357143
SUPER_8,5890000,0,0,0,0,0,0,0
SUPER_8,5900000,0,0,0,0,0,0,0
SUPER_8,5910000,0,0,0,0,0,0,0
SUPER_8,5920000,4,2,0,6,4,0,3
SUPER_8,5930000,25,0,0,25,18,7,NaN
SUPER_8,5940000,46,2,0,48,23,23,2
SUPER_8,5950000,75,4,3,82,40,35,16
SUPER_8,5960000,87,7,6,100,39,48,9.230769
SUPER_8,5970000,7,1,0,8,2,5,2
SUPER_8,5980000,62,2,6,70,31,31,7.625
SUPER_8,5990000,73,3,5,81,37,36,3.5
SUPER_8,6000000,81,3,8,92,39,42,6.2727275
SUPER_8,6010000,211,16,8,235,98,113,9.583333
SUPER_8,6020000,129,9,12,150,63,66,10.619047
SUPER_8,6030000,0,0,0,0,0,0,0
SUPER_8,6040000,0,0,0,0,0,0,0
SUPER_8,6050000,161,11,14,186,80,81,9.68
SUPER_8,6060000,144,7,10,161,77,67,3.5882354
SUPER_8,6070000,79,13,2,94,33,46,11.466666
SUPER_8,6080000,92,6,8,106,49,43,5.357143
SUPER_8,6090000,40,2,2,44,20,20,5
SUPER_8,6100000,16,2,2,20,10,6,1.25
SUPER_8,6110000,179,10,9,198,90,89,4.4210525
SUPER_8,6120000,67,8,7,82,32,35,11.333333
SUPER_8,6130000,81,6,2,89,45,36,5.125
SUPER_8,6140000,122,5,6,133,62,60,17.181818
SUPER_8,6150000,125,7,10,142,63,62,6.9411764
SUPER_8,6160000,182,8,15,205,96,86,5.652174
SUPER_8,6170000,98,2,7,107,51,47,2.6666667
SUPER_8,6180000,89,2,7,98,47,42,4.6666665
SUPER_8,6190000,89,4,6,99,46,43,28.6
SUPER_8,6200000,2,0,0,2,2,0,NaN
SUPER_8,6210000,3,0,0,3,1,2,NaN
SUPER_8,6220000,15,0,1,16,8,7,5
SUPER_8,6230000,118,9,7,134,50,68,2.25
SUPER_8,6240000,218,17,14,249,114,104,4.580645
SUPER_8,6250000,98,4,5,107,47,51,4.5555553
SUPER_8,6260000,2,0,0,2,0,2,NaN
SUPER_8,6270000,42,1,7,50,24,18,6.375
SUPER_8,6280000,43,4,3,50,19,24,5.571429
SUPER_8,6290000,54,2,3,59,31,23,7
SUPER_8,6300000,129,6,5,140,68,61,3
SUPER_8,6310000,20,3,3,26,13,7,5.8333335
SUPER_8,6320000,157,10,7,174,83,74,16.647058
SUPER_8,6330000,86,10,11,107,43,43,5.4761906
SUPER_8,6340000,67,4,2,73,35,32,9.166667
SUPER_8,6350000,112,9,6,127,54,58,21.066668
SUPER_8,6360000,175,6,15,196,98,77,5.3333335
SUPER_8,6370000,87,5,11,103,37,50,3.25
SUPER_8,6380000,62,2,7,71,32,30,4.2222223
SUPER_8,6390000,99,6,7,112,43,56,5.076923
SUPER_8,6400000,57,8,5,70,36,21,10.307693
SUPER_8,6410000,0,0,0,0,0,0,0
SUPER_8,6420000,0,0,0,0,0,0,0
SUPER_8,6430000,48,3,3,54,25,23,13
SUPER_8,6440000,2,0,0,2,1,1,NaN
SUPER_8,6450000,0,1,0,1,0,0,2
SUPER_8,6460000,1,0,0,1,0,1,NaN
SUPER_8,6470000,53,5,5,63,28,25,4.4
SUPER_8,6480000,46,2,2,50,23,23,15.25
SUPER_8,6490000,93,4,6,103,41,52,4.4
SUPER_8,6500000,2,2,0,4,1,1,1.5
SUPER_8,6510000,3,0,1,4,2,1,1
SUPER_8,6520000,2,1,0,3,1,1,1
SUPER_8,6530000,1,4,1,6,0,1,4.4
SUPER_8,6540000,1,0,0,1,1,0,NaN
SUPER_8,6550000,4,0,1,5,2,2,2
SUPER_8,6560000,1,1,0,2,1,0,4
SUPER_8,6570000,3,0,0,3,3,0,NaN
SUPER_8,6580000,2,0,0,2,2,0,NaN
SUPER_8,6590000,104,12,7,123,55,49,10.631579
SUPER_8,6600000,91,5,7,103,47,44,40
SUPER_8,6610000,75,5,3,83,40,35,5.25
SUPER_8,6620000,58,5,4,67,33,25,6.111111
SUPER_8,6630000,155,7,14,176,78,77,6.2380953
SUPER_8,6640000,78,6,9,93,33,45,7.8
SUPER_8,6650000,91,3,11,105,47,44,11.142858
SUPER_8,6660000,94,2,6,102,45,49,3.375
SUPER_8,6670000,104,7,10,121,55,49,6.8235292
SUPER_8,6680000,183,13,6,202,93,90,8.368421
SUPER_8,6690000,16,2,0,18,5,11,4
SUPER_8,6700000,54,10,3,67,27,27,6.076923
SUPER_8,6710000,96,1,2,99,42,54,2.6666667
SUPER_8,6720000,133,14,7,154,57,76,5.8095236
SUPER_8,6730000,146,15,8,169,78,68,9.391304
SUPER_8,6740000,67,1,2,70,42,25,1.6666666
SUPER_8,6750000,0,1,0,1,0,0,20
SUPER_8,6760000,91,6,8,105,44,47,23.142857
SUPER_8,6770000,71,11,4,86,34,37,4.8
SUPER_8,6780000,28,3,2,33,17,11,3.4
SUPER_8,6790000,131,6,11,148,71,60,7.1764708
SUPER_8,6800000,32,2,2,36,18,14,6.75
SUPER_8,6810000,58,1,2,61,25,33,3.3333333
SUPER_8,6820000,137,10,13,160,74,63,33.347828
SUPER_8,6830000,175,14,16,205,78,97,18.733334
SUPER_8,6840000,162,15,11,188,82,80,5.6923075
SUPER_8,6850000,62,6,0,68,36,26,2.8333333
SUPER_8,6860000,115,8,7,130,55,60,4.733333
SUPER_8,6870000,61,1,4,66,27,34,1.2
SUPER_8,6880000,168,9,10,187,87,81,7.3157897
SUPER_8,6890000,101,8,12,121,42,59,4.35
SUPER_8,6900000,80,5,7,92,41,39,4
SUPER_8,6910000,142,15,16,173,72,70,11.967742
SUPER_8,6920000,160,7,21,188,75,85,3
SUPER_8,6930000,166,12,14,192,69,97,4.1153846
SUPER_8,6940000,157,11,18,186,74,83,17.37931
SUPER_8,6950000,95,4,6,105,41,54,9.1
SUPER_8,6960000,83,6,9,98,40,43,2.8
SUPER_8,6970000,75,3,3,81,41,34,6.1666665
SUPER_8,6980000,96,2,3,101,51,45,17.2
SUPER_8,6990000,127,7,12,146,56,71,7.894737
SUPER_8,7000000,0,0,1,1,0,0,1
SUPER_8,7010000,170,13,8,191,92,78,7.095238
SUPER_8,7020000,185,8,10,203,90,95,4.388889
SUPER_8,7030000,88,7,7,102,44,44,3.7142856
SUPER_8,7040000,140,9,11,160,59,81,17.15
SUPER_8,7050000,108,8,13,129,53,55,10.142858
SUPER_8,7060000,127,9,8,144,67,60,4.117647
SUPER_8,7070000,86,10,4,100,42,44,4.357143
SUPER_8,7080000,77,7,9,93,33,44,33.625
SUPER_8,7090000,153,14,11,178,80,73,9.52
SUPER_8,7100000,126,12,9,147,61,65,8.333333
SUPER_8,7110000,139,9,12,160,70,69,7.047619
SUPER_8,7120000,142,15,10,167,63,79,15.76
SUPER_8,7130000,82,8,5,95,39,43,18.153847
SUPER_8,7140000,90,4,7,101,42,48,4.5454545
SUPER_8,7150000,91,6,4,101,35,56,4.8
SUPER_8,7160000,14,1,1,16,12,2,6.5
SUPER_8,7170000,121,10,11,142,59,62,4.047619
SUPER_8,7180000,157,12,10,179,70,87,3.6363637
SUPER_8,7190000,149,9,10,168,80,69,5.9473686
SUPER_8,7200000,49,3,3,55,22,27,21.5
SUPER_8,7210000,31,1,1,33,20,11,12
SUPER_8,7220000,21,3,3,27,12,9,13
SUPER_8,7230000,29,0,4,33,17,12,1
SUPER_8,7240000,83,13,6,102,35,48,5.4210525
SUPER_8,7250000,99,12,9,120,50,49,3.952381
SUPER_8,7260000,108,15,10,133,46,62,10.04
SUPER_8,7270000,95,11,9,115,55,40,4.4
SUPER_8,7280000,110,3,14,127,55,55,8.823529
SUPER_8,7290000,105,7,9,121,62,43,13.25
SUPER_8,7300000,1,0,0,1,1,0,NaN
SUPER_8,7310000,0,0,1,1,0,0,1
SUPER_8,7320000,3,1,1,5,2,1,1
SUPER_8,7330000,6,0,0,6,3,3,NaN
SUPER_8,7340000,53,1,5,59,26,27,9.666667
SUPER_8,7350000,8,1,2,11,3,5,1.6666666
SUPER_8,7360000,0,1,1,2,0,0,1
SUPER_8,7370000,3,0,0,3,0,3,NaN
SUPER_8,7380000,0,0,0,0,0,0,0
SUPER_8,7390000,0,0,0,0,0,0,0
SUPER_8,7400000,4,1,1,6,3,1,2
SUPER_8,7410000,1,1,0,2,1,0,2
SUPER_8,7420000,80,5,12,97,30,50,7.647059
SUPER_8,7430000,142,10,10,162,74,68,10.15
SUPER_8,7440000,71,6,7,84,37,34,4.230769
SUPER_8,7450000,170,13,19,202,75,95,26.6875
SUPER_8,7460000,163,12,18,193,101,62,5.4333334
SUPER_8,7470000,188,21,21,230,95,93,5.714286
SUPER_8,7480000,132,11,13,156,74,58,6.7916665
SUPER_8,7490000,170,11,4,185,89,81,4.3333335
SUPER_8,7500000,147,10,12,169,72,75,11.181818
SUPER_8,7510000,171,12,10,193,89,82,7.0454545
SUPER_8,7520000,103,7,5,115,48,55,7.0833335
SUPER_8,7530000,108,6,13,127,52,56,10.578947
SUPER_8,7540000,163,12,13,188,84,79,8.68
SUPER_8,7550000,80,4,8,92,45,35,5.1666665
SUPER_8,7560000,33,2,3,38,17,16,7.6
SUPER_8,7570000,51,3,1,55,30,21,14.25
SUPER_8,7580000,117,6,13,136,53,64,4.894737
SUPER_8,7590000,34,1,3,38,21,13,6.25
SUPER_8,7600000,124,6,10,140,65,59,11.125
SUPER_8,7610000,96,10,9,115,44,52,4.4736843
SUPER_8,7620000,88,5,9,102,42,46,10.857142
SUPER_8,7630000,37,4,5,46,18,19,5.7777777
SUPER_8,7640000,7,0,2,9,2,5,1
SUPER_8,7650000,61,6,4,71,34,27,8.8
SUPER_8,7660000,145,6,16,167,76,69,6.1363635
SUPER_8,7670000,109,8,6,123,57,52,6.5
SUPER_8,7680000,151,11,12,174,75,76,9.347826
SUPER_8,7690000,110,4,19,133,59,51,22.043478
SUPER_8,7700000,47,7,5,59,28,19,2
SUPER_8,7710000,52,4,5,61,22,30,3.2222223
SUPER_8,7720000,2,1,1,4,2,0,1.5
SUPER_8,7730000,23,0,0,23,11,12,NaN
SUPER_8,7740000,108,6,10,124,55,53,37.875
SUPER_8,7750000,112,11,13,136,58,54,7.25
SUPER_8,7760000,140,11,9,160,75,65,5.4
SUPER_8,7770000,76,6,4,86,36,40,4.8
SUPER_8,7780000,139,5,11,155,76,63,8.9375
SUPER_8,7790000,122,9,10,141,62,60,4.5263157
SUPER_8,7800000,40,3,5,48,19,21,25.625
SUPER_8,7810000,1,0,0,1,1,0,NaN
SUPER_8,7820000,37,1,3,41,17,20,5.75
SUPER_8,7830000,2,0,1,3,0,2,4
SUPER_8,7840000,117,10,10,137,59,58,9.55
SUPER_8,7850000,142,11,8,161,70,72,3.4210527
SUPER_8,7860000,1,0,0,1,1,0,NaN
SUPER_8,7870000,22,2,4,28,9,13,6.6666665
SUPER_8,7880000,130,10,10,150,79,51,5.1
SUPER_8,7890000,152,4,16,172,71,81,5.55
SUPER_8,7900000,83,7,10,100,43,40,11.294118
SUPER_8,7910000,0,0,1,1,0,0,7
SUPER_8,7920000,104,7,8,119,56,48,4.3333335
SUPER_8,7930000,122,7,7,136,47,75,5.928571
SUPER_8,7940000,72,7,5,84,32,40,4.4166665
SUPER_8,7950000,0,0,1,1,0,0,1
SUPER_8,7960000,2,0,0,2,2,0,NaN
SUPER_8,7970000,1,1,0,2,1,0,4
SUPER_8,7980000,22,1,1,24,12,10,49
SUPER_8,7990000,113,13,10,136,61,52,6.347826
SUPER_8,8000000,106,10,11,127,56,50,31.333334
SUPER_8,8010000,59,3,6,68,28,31,27.333334
SUPER_8,8020000,60,2,4,66,29,31,6.3333335
SUPER_8,8030000,55,4,5,64,26,29,7
SUPER_8,8040000,77,9,2,88,38,39,41.636364
SUPER_8,8050000,149,7,6,162,76,73,2.6923077
SUPER_8,8060000,93,7,5,105,53,40,2.8333333
SUPER_8,8070000,86,3,6,95,41,45,1.8888888
SUPER_8,8080000,100,12,8,120,49,51,16.45
SUPER_8,8090000,67,6,6,79,35,32,2
SUPER_8,8100000,86,8,12,106,41,45,8.1
SUPER_8,8110000,256,13,19,288,154,102,5.25
SUPER_8,8120000,161,8,1,170,83,78,5.111111
SUPER_8,8130000,77,13,5,95,31,46,5.3333335
SUPER_8,8140000,223,17,15,255,130,93,15.875
SUPER_8,8150000,147,10,9,166,84,63,7.1578946
SUPER_8,8160000,182,15,14,211,82,100,21.034483
SUPER_8,8170000,56,3,6,65,29,27,6.4444447
SUPER_8,8180000,138,11,9,158,75,63,7.65
SUPER_8,8190000,198,12,11,221,100,98,4
SUPER_8,8200000,29,2,1,32,14,15,3.3333333
SUPER_8,8210000,1,1,0,2,1,0,4
SUPER_8,8220000,3,0,0,3,1,2,NaN
SUPER_8,8230000,1,0,0,1,0,1,NaN
SUPER_8,8240000,0,0,0,0,0,0,0
SUPER_8,8250000,0,0,0,0,0,0,0
SUPER_8,8260000,0,0,0,0,0,0,0
SUPER_8,8270000,0,0,0,0,0,0,0
SUPER_8,8280000,79,5,10,94,45,34,10.133333
SUPER_8,8290000,158,5,7,170,80,78,7.3333335
SUPER_8,8300000,217,16,17,250,116,101,6.3333335
SUPER_8,8310000,95,4,6,105,52,43,6.4
SUPER_8,8320000,2,0,0,2,1,1,NaN
SUPER_8,8330000,3,0,0,3,1,2,NaN
SUPER_8,8340000,8,0,1,9,5,3,3
SUPER_8,8350000,1,0,0,1,0,1,NaN
SUPER_8,8360000,1,0,0,1,0,1,NaN
SUPER_8,8370000,2,0,0,2,1,1,NaN
SUPER_8,8380000,20,1,5,26,11,9,2.5
SUPER_8,8390000,123,9,10,142,68,55,6
SUPER_8,8400000,94,8,3,105,50,44,6.090909
SUPER_8,8410000,74,4,6,84,36,38,3
SUPER_8,8420000,79,7,5,91,39,40,9.083333
SUPER_8,8430000,5,0,0,5,1,4,NaN
SUPER_8,8440000,2,0,0,2,1,1,NaN
SUPER_8,8450000,8,2,1,11,2,6,7.6666665
SUPER_8,8460000,3,0,0,3,1,2,NaN
SUPER_8,8470000,2,0,1,3,0,2,32
SUPER_8,8480000,1,1,1,3,0,1,1.5
SUPER_8,8490000,43,6,3,52,21,22,5.6666665
SUPER_8,8500000,71,7,5,83,36,35,9.666667
SUPER_8,8510000,90,6,3,99,43,47,3.3333333
SUPER_8,8520000,108,5,7,120,48,60,3.9166667
SUPER_8,8530000,180,14,15,209,86,94,13.24138
SUPER_8,8540000,122,6,12,140,55,67,4.4444447
SUPER_8,8550000,26,0,0,26,16,10,NaN
SUPER_8,8560000,66,7,11,84,32,34,5.9444447
SUPER_8,8570000,93,6,5,104,48,45,4.090909
SUPER_8,8580000,112,9,2,123,44,68,5.4545455
SUPER_8,8590000,80,4,1,85,39,41,2.6
SUPER_8,8600000,91,8,6,105,33,58,4.642857
SUPER_8,8610000,176,9,12,197,77,99,4.714286
SUPER_8,8620000,63,5,4,72,32,31,3.7777777
SUPER_8,8630000,0,2,0,2,0,0,5.5
SUPER_8,8640000,0,0,1,1,0,0,1
SUPER_8,8650000,1,0,1,2,0,1,1
SUPER_8,8660000,13,0,1,14,7,6,458
SUPER_8,8670000,97,13,8,118,58,39,5.8095236
SUPER_8,8680000,107,10,10,127,60,47,4.75
SUPER_8,8690000,149,10,13,172,78,71,6.695652
SUPER_8,8700000,105,4,3,112,51,54,1.7142857
SUPER_8,8710000,12,1,1,14,8,4,3.5
SUPER_8,8720000,8,0,2,10,5,3,2
SUPER_8,8730000,61,4,6,71,28,33,7.6
SUPER_8,8740000,65,7,2,74,37,28,7.3333335
SUPER_8,8750000,77,8,7,92,35,42,5.4
SUPER_8,8760000,9,0,0,9,5,4,NaN
SUPER_8,8770000,53,3,7,63,25,28,7.9
SUPER_8,8780000,126,7,14,147,63,63,31.714285
SUPER_8,8790000,116,6,2,124,65,51,6.75
SUPER_8,8800000,4,1,0,5,1,3,11
SUPER_8,8810000,2,0,1,3,1,1,9
SUPER_8,8820000,4,0,2,6,1,3,4.5
SUPER_8,8830000,4,0,0,4,2,2,NaN
SUPER_8,8840000,30,0,0,30,15,15,NaN
SUPER_8,8850000,176,13,13,202,84,92,4.076923
SUPER_8,8860000,137,13,7,157,68,69,70.75
SUPER_8,8870000,147,12,16,175,83,64,29.392857
SUPER_8,8880000,51,3,3,57,21,30,33.166668
SUPER_8,8890000,66,5,8,79,29,37,5.3846154
SUPER_8,8900000,0,0,0,0,0,0,0
SUPER_8,8910000,0,0,0,0,0,0,0
SUPER_8,8920000,4,2,1,7,0,4,1
SUPER_8,8930000,11,2,0,13,5,6,2.5
SUPER_8,8940000,5,0,0,5,2,3,NaN
SUPER_8,8950000,3,0,0,3,2,1,NaN
SUPER_8,8960000,16,0,0,16,11,5,NaN
SUPER_8,8970000,91,9,7,107,48,43,8.375
SUPER_8,8980000,177,17,12,206,99,78,5.172414
SUPER_8,8990000,106,4,10,120,53,53,7.428571
SUPER_8,9000000,77,4,5,86,39,38,6.4444447
SUPER_8,9010000,152,17,11,180,71,81,7.357143
SUPER_8,9020000,176,9,13,198,98,78,2.7727273
SUPER_8,9030000,3,0,0,3,2,1,NaN
SUPER_8,9040000,1,1,0,2,1,0,1
SUPER_8,9050000,0,0,0,0,0,0,0
SUPER_8,9060000,0,0,0,0,0,0,0
SUPER_8,9070000,1,0,1,2,1,0,2
SUPER_8,9080000,0,0,0,0,0,0,0
SUPER_8,9090000,0,0,0,0,0,0,0
SUPER_8,9100000,3,1,1,5,2,1,2
SUPER_8,9110000,0,0,0,0,0,0,0
SUPER_8,9120000,0,0,0,0,0,0,0
SUPER_8,9130000,33,2,1,36,18,15,4
SUPER_8,9140000,1,0,1,2,1,0,1
SUPER_8,9150000,4,0,1,5,2,2,3
SUPER_8,9160000,1,0,0,1,1,0,NaN
SUPER_8,9170000,2,0,0,2,2,0,NaN
SUPER_8,9180000,2,0,0,2,1,1,NaN
SUPER_8,9190000,1,0,0,1,0,1,NaN
SUPER_8,9200000,2,1,0,3,0,2,2
SUPER_8,9210000,0,0,1,1,0,0,1
SUPER_8,9220000,4,3,1,8,2,2,4.25
SUPER_8,9230000,69,2,12,83,33,36,10.785714
SUPER_8,9240000,182,6,17,205,97,85,11.73913
SUPER_8,9250000,105,4,4,113,49,56,7.75
SUPER_8,9260000,120,8,10,138,53,67,7.388889
SUPER_8,9270000,131,10,13,154,64,67,5
SUPER_8,9280000,94,10,5,109,57,37,4.266667
SUPER_8,9290000,129,8,7,144,56,73,4.9333334
SUPER_8,9300000,84,10,11,105,50,34,6.2380953
SUPER_8,9310000,119,12,5,136,57,62,5.5882354
SUPER_8,9320000,82,4,9,95,35,47,4.5384617
SUPER_8,9330000,155,12,17,184,91,64,14.034483
SUPER_8,9340000,105,6,9,120,44,61,4.9333334
SUPER_8,9350000,120,8,9,137,57,63,3.8823528
SUPER_8,9360000,16,3,1,20,7,9,8.25
SUPER_8,9370000,2,1,0,3,0,2,2
SUPER_8,9380000,4,1,0,5,1,3,54
SUPER_8,9390000,24,2,0,26,8,16,7
SUPER_8,9400000,41,2,7,50,17,24,8.333333
SUPER_8,9410000,26,3,3,32,13,13,4.1666665
SUPER_8,9420000,47,5,5,57,30,17,3.6
SUPER_8,9430000,98,10,8,116,42,56,3.8333333
SUPER_8,9440000,73,3,13,89,33,40,6.25
SUPER_8,9450000,36,2,1,39,15,21,17
SUPER_8,9460000,165,8,11,184,86,79,9.421053
SUPER_8,9470000,169,9,9,187,78,91,4
SUPER_8,9480000,169,14,15,198,86,83,5.3103447
SUPER_8,9490000,146,4,16,166,65,81,6.25
SUPER_8,9500000,103,13,7,123,47,56,7
SUPER_8,9510000,95,6,3,104,43,52,10.444445
SUPER_8,9520000,9,1,1,11,6,3,16
SUPER_8,9530000,90,7,10,107,45,45,2.7058823
SUPER_8,9540000,109,12,13,134,42,67,4.16
SUPER_8,9550000,77,4,9,90,37,40,4.923077
SUPER_8,9560000,127,11,17,155,47,80,25.535715
SUPER_8,9570000,32,3,0,35,15,17,5
SUPER_8,9580000,2,0,0,2,0,2,NaN
SUPER_8,9590000,54,4,3,61,34,20,2.5714285
SUPER_8,9600000,69,6,3,78,38,31,3.5555556
SUPER_8,9610000,74,7,4,85,42,32,3.3636363
SUPER_8,9620000,54,5,6,65,18,36,3.7272727
SUPER_8,9630000,31,5,4,40,17,14,5.888889
SUPER_8,9640000,49,8,5,62,27,22,3.5384614
SUPER_8,9650000,207,9,11,227,122,85,4.3
SUPER_8,9660000,139,14,3,156,48,91,8.588235
SUPER_8,9670000,136,13,15,164,60,76,3.4285715
SUPER_8,9680000,162,7,8,177,94,68,6.0666666
SUPER_8,9690000,138,9,11,158,74,64,3.55
SUPER_8,9700000,54,2,4,60,29,25,6
SUPER_8,9710000,0,0,1,1,0,0,1
SUPER_8,9720000,45,3,4,52,17,28,4
SUPER_8,9730000,105,8,9,122,46,59,5.7058825
SUPER_8,9740000,124,7,6,137,59,65,4.6153846
SUPER_8,9750000,43,1,3,47,22,21,12.25
SUPER_8,9760000,86,7,6,99,43,43,5.923077
SUPER_8,9770000,123,7,6,136,57,66,5.8461537
SUPER_8,9780000,65,5,5,75,33,32,43.2
SUPER_8,9790000,125,11,13,149,67,58,6.125
SUPER_8,9800000,130,9,10,149,65,65,13.263158
SUPER_8,9810000,93,10,7,110,49,44,10.823529
SUPER_8,9820000,204,4,16,224,98,106,7.1
SUPER_8,9830000,59,11,5,75,32,27,19.3125
SUPER_8,9840000,100,13,7,120,41,59,7.4
SUPER_8,9850000,85,9,7,101,44,41,4.125
SUPER_8,9860000,167,10,17,194,75,92,7.5555553
SUPER_8,9870000,102,6,9,117,54,48,7.733333
SUPER_8,9880000,74,6,3,83,29,45,8.222222
SUPER_8,9890000,128,15,7,150,59,69,4.1363635
SUPER_8,9900000,95,9,9,113,49,46,5.5
SUPER_8,9910000,99,5,5,109,49,50,19.6
SUPER_8,9920000,81,13,7,101,36,45,4.75
SUPER_8,9930000,109,7,7,123,66,43,5.642857
SUPER_8,9940000,111,9,9,129,52,59,8.611111
SUPER_8,9950000,23,5,1,29,17,6,2.6666667
SUPER_8,9960000,2,1,1,4,2,0,2.5
SUPER_8,9970000,3,0,1,4,1,2,2
SUPER_8,9980000,2,1,0,3,0,2,2
SUPER_8,9990000,4,0,0,4,2,2,NaN
SUPER_8,10000000,4,3,0,7,2,2,8.333333
SUPER_8,10010000,2,0,0,2,2,0,NaN
SUPER_8,10020000,5,1,0,6,3,2,1
SUPER_8,10030000,18,2,0,20,11,7,2.5
SUPER_8,10040000,78,9,1,88,47,31,6.4
SUPER_8,10050000,5,0,2,7,3,2,6.5
SUPER_8,10060000,3,0,1,4,1,2,1
SUPER_8,10070000,7,0,1,8,5,2,177
SUPER_8,10080000,2,0,0,2,1,1,NaN
SUPER_8,10090000,2,0,1,3,0,2,2
SUPER_8,10100000,1,1,0,2,1,0,2
SUPER_8,10110000,1,0,0,1,1,0,NaN
SUPER_8,10120000,4,0,0,4,4,0,NaN
SUPER_8,10130000,1,0,1,2,0,1,1
SUPER_8,10140000,27,6,2,35,9,18,3
SUPER_8,10150000,75,4,13,92,42,33,9.058824
SUPER_8,10160000,99,6,15,120,54,45,7.6666665
SUPER_8,10170000,2,0,1,3,0,2,4
SUPER_8,10180000,3,0,0,3,1,2,NaN
SUPER_8,10190000,8,0,2,10,4,4,2.5
SUPER_8,10200000,2,0,0,2,2,0,NaN
SUPER_8,10210000,59,3,12,74,26,33,93.2
SUPER_8,10220000,89,7,4,100,52,37,4
SUPER_8,10230000,127,8,15,150,65,62,24.52174
SUPER_8,10240000,84,6,10,100,46,38,15.5
SUPER_8,10250000,43,9,4,56,19,24,3.6923077
SUPER_8,10260000,34,3,6,43,18,16,9.888889
SUPER_8,10270000,109,12,6,127,57,52,3.8888888
SUPER_8,10280000,3,3,1,7,1,2,9
SUPER_8,10290000,2,0,1,3,2,0,6
SUPER_8,10300000,4,0,2,6,3,1,11
SUPER_8,10310000,5,1,1,7,2,3,1.5
SUPER_8,10320000,96,9,6,111,56,40,11.4
SUPER_8,10330000,5,10,10,25,4,1,2
SUPER_8,10340000,19,2,0,21,7,12,2.5
SUPER_8,10350000,57,7,7,71,26,31,9.5
SUPER_8,10360000,124,19,7,150,56,68,6.4615383
SUPER_8,10370000,129,15,12,156,67,62,5.148148
SUPER_8,10380000,16,2,0,18,11,5,1
SUPER_8,10390000,27,2,4,33,12,15,4
SUPER_8,10400000,2,0,0,2,1,1,NaN
SUPER_8,10410000,3,0,0,3,2,1,NaN
SUPER_8,10420000,94,3,8,105,46,48,24.181818
SUPER_8,10430000,32,1,4,37,15,17,5.8
SUPER_8,10440000,3,0,0,3,2,1,NaN
SUPER_8,10450000,88,7,6,101,32,56,7
SUPER_8,10460000,117,6,9,132,55,62,3.8
SUPER_8,10470000,152,16,8,176,73,79,14.708333
SUPER_8,10480000,159,7,17,183,78,81,4.875
SUPER_8,10490000,150,7,11,168,70,80,6.7777777
SUPER_8,10500000,167,7,13,187,85,82,3.1
SUPER_8,10510000,126,9,8,143,54,72,23.352942
SUPER_8,10520000,124,5,10,139,61,63,27.133333
SUPER_8,10530000,121,3,10,134,60,61,6.4615383
SUPER_8,10540000,152,8,8,168,71,81,15.6875
SUPER_8,10550000,102,6,3,111,54,48,11.666667
SUPER_8,10560000,142,13,10,165,65,77,5.478261
SUPER_8,10570000,131,6,8,145,71,60,8.642858
SUPER_8,10580000,83,6,6,95,41,42,6.5833335
SUPER_8,10590000,27,6,2,35,13,14,7.5
SUPER_8,10600000,76,6,11,93,32,44,5
SUPER_8,10610000,48,2,4,54,24,24,2.8333333
SUPER_8,10620000,1,0,1,2,1,0,2
SUPER_8,10630000,53,10,4,67,27,26,14
SUPER_8,10640000,37,1,0,38,16,21,1
SUPER_8,10650000,124,7,8,139,69,55,5.6
SUPER_8,10660000,56,2,4,62,31,25,16.5
SUPER_8,10670000,1,1,1,3,1,0,15
SUPER_8,10680000,2,0,1,3,1,1,30
SUPER_8,10690000,1,1,0,2,0,1,2
SUPER_8,10700000,2,1,1,4,1,1,4
SUPER_8,10710000,50,3,6,59,23,27,7.5555553
SUPER_8,10720000,44,3,4,51,22,22,5
SUPER_8,10730000,94,9,7,110,48,46,4.375
SUPER_8,10740000,146,7,18,171,70,76,4.6
SUPER_8,10750000,34,2,5,41,14,20,5
SUPER_8,10760000,49,2,2,53,27,22,4.5
SUPER_8,10770000,84,3,7,94,40,44,9.3
SUPER_8,10780000,64,8,2,74,25,39,10.7
SUPER_8,10790000,0,1,0,1,0,0,2
SUPER_8,10800000,2,1,0,3,1,1,6
SUPER_8,10810000,3,2,0,5,1,2,37.5
SUPER_8,10820000,85,7,6,98,40,45,4.3076925
SUPER_8,10830000,84,4,8,96,43,41,3.1666667
SUPER_8,10840000,55,4,3,62,28,27,2.4285715
SUPER_8,10850000,30,3,3,36,17,13,20.5
SUPER_8,10860000,79,4,8,91,46,33,14.833333
SUPER_8,10870000,18,2,2,22,8,10,4.25
SUPER_8,10880000,99,6,9,114,41,58,4.133333
SUPER_8,10890000,73,8,4,85,27,46,7.5
SUPER_8,10900000,75,5,8,88,39,36,3.5384614
SUPER_8,10910000,121,12,12,145,68,53,18.916666
SUPER_8,10920000,48,1,7,56,19,29,5.75
SUPER_8,10930000,20,3,2,25,8,12,7.8
SUPER_8,10940000,66,8,8,82,29,37,5.125
SUPER_8,10950000,72,3,8,83,37,35,3.7272727
SUPER_8,10960000,96,6,5,107,49,47,17.181818
SUPER_8,10970000,125,7,12,144,62,63,11.947369
SUPER_8,10980000,128,11,16,155,70,58,6.037037
SUPER_8,10990000,194,12,14,220,111,83,8.038462
SUPER_8,11000000,156,14,6,176,82,74,15.55
SUPER_8,11010000,157,13,6,176,84,73,27.105263
SUPER_8,11020000,71,4,5,80,33,38,4.6666665
SUPER_8,11030000,44,7,5,56,25,19,7.25
SUPER_8,11040000,115,2,6,123,67,48,10
SUPER_8,11050000,69,9,4,82,34,35,3.1538463
SUPER_8,11060000,4,0,1,5,2,2,2
SUPER_8,11070000,0,0,0,0,0,0,0
SUPER_8,11080000,0,0,0,0,0,0,0
SUPER_8,11090000,0,0,0,0,0,0,0
SUPER_8,11100000,0,0,0,0,0,0,0
SUPER_8,11110000,9,0,0,9,5,4,NaN
SUPER_8,11120000,1,1,0,2,0,1,2
SUPER_8,11130000,0,0,1,1,0,0,12
SUPER_8,11140000,0,0,1,1,0,0,4
SUPER_8,11150000,1,0,0,1,0,1,NaN
SUPER_8,11160000,2,0,0,2,1,1,NaN
SUPER_8,11170000,11,2,1,14,6,5,5.3333335
SUPER_8,11180000,160,14,14,188,80,80,6.535714
SUPER_8,11190000,152,7,10,169,80,72,6.2941175
SUPER_8,11200000,43,0,6,49,17,26,8.333333
SUPER_8,11210000,13,2,3,18,8,5,5.6
SUPER_8,11220000,9,0,0,9,4,5,NaN
SUPER_8,11230000,1,0,0,1,0,1,NaN
SUPER_8,11240000,2,1,1,4,1,1,3
SUPER_8,11250000,76,12,5,93,34,42,20.411764
SUPER_8,11260000,3,0,0,3,1,2,NaN
SUPER_8,11270000,2,0,0,2,2,0,NaN
SUPER_8,11280000,21,3,2,26,10,11,8.8
SUPER_8,11290000,57,7,4,68,37,20,4.2727275
SUPER_8,11300000,135,10,14,159,65,70,6.4166665
SUPER_8,11310000,103,6,9,118,51,52,4.8
SUPER_8,11320000,135,13,12,160,69,66,8.6
SUPER_8,11330000,150,13,11,174,83,67,4.5416665
SUPER_8,11340000,56,4,9,69,23,33,6.923077
SUPER_8,11350000,42,4,3,49,23,19,8.285714
SUPER_8,11360000,23,1,1,25,12,11,1
SUPER_8,11370000,66,8,6,80,24,42,4.428571
SUPER_8,11380000,78,7,5,90,38,40,11
SUPER_8,11390000,60,2,4,66,29,31,3.3333333
SUPER_8,11400000,83,2,6,91,37,46,18.375
SUPER_8,11410000,50,5,3,58,25,25,8.5
SUPER_8,11420000,85,9,4,98,44,41,8.461538
SUPER_8,11430000,110,9,7,126,57,53,8
SUPER_8,11440000,153,11,6,170,80,73,8.470589
SUPER_8,11450000,113,9,14,136,55,58,5.304348
SUPER_8,11460000,59,3,4,66,30,29,15.714286
SUPER_8,11470000,55,2,2,59,32,23,1
SUPER_8,11480000,149,10,9,168,76,73,8.578947
SUPER_8,11490000,193,11,12,216,87,106,5.826087
SUPER_8,11500000,168,8,16,192,95,73,3.2083333
SUPER_8,11510000,1,1,0,2,1,0,22
SUPER_8,11520000,2,1,0,3,1,1,15
SUPER_8,11530000,3,3,1,7,1,2,7.25
SUPER_8,11540000,5,0,1,6,1,4,1
SUPER_8,11550000,23,1,0,24,13,10,9
SUPER_8,11560000,69,7,2,78,36,33,6.2222223
SUPER_8,11570000,106,11,10,127,52,54,7.2380953
SUPER_8,11580000,50,3,2,55,31,19,9.2
SUPER_8,11590000,82,9,8,99,46,36,3
SUPER_8,11600000,58,6,7,71,25,33,20.23077
SUPER_8,11610000,57,7,4,68,30,27,56
SUPER_8,11620000,89,6,8,103,46,43,5.5
SUPER_8,11630000,132,12,12,156,75,57,14.083333
SUPER_8,11640000,131,8,7,146,68,63,10.6
SUPER_8,11650000,83,4,8,95,44,39,8
SUPER_8,11660000,38,4,8,50,15,23,5.0833335
SUPER_8,11670000,34,3,3,40,16,18,6.5
SUPER_8,11680000,60,6,5,71,24,36,3.2727273
SUPER_8,11690000,35,4,0,39,21,14,5.25
SUPER_8,11700000,108,7,11,126,52,56,8.555555
SUPER_8,11710000,109,9,11,129,49,60,3
SUPER_8,11720000,79,4,11,94,38,41,7.266667
SUPER_8,11730000,131,8,13,152,80,51,10.714286
SUPER_8,11740000,153,14,8,175,80,73,4.681818
SUPER_8,11750000,130,7,14,151,60,70,4.1904764
SUPER_8,11760000,81,2,6,89,44,37,64.375
SUPER_8,11770000,80,6,7,93,42,38,9.923077
SUPER_8,11780000,4,0,0,4,1,3,NaN
SUPER_8,11790000,68,3,1,72,35,33,5.25
SUPER_8,11800000,158,12,16,186,90,68,6.178571
SUPER_8,11810000,146,6,15,167,70,76,20.904762
SUPER_8,11820000,167,14,12,193,96,71,6.9615383
SUPER_8,11830000,6,0,0,6,2,4,NaN
SUPER_8,11840000,70,4,6,80,37,33,2.5
SUPER_8,11850000,4,0,0,4,1,3,NaN
SUPER_8,11860000,0,1,0,1,0,0,3
SUPER_8,11870000,5,1,0,6,2,3,6
SUPER_8,11880000,7,1,1,9,1,6,15
SUPER_8,11890000,1,1,0,2,1,0,54
SUPER_8,11900000,10,0,1,11,4,6,5
SUPER_8,11910000,18,4,0,22,10,8,9.5
SUPER_8,11920000,3,0,0,3,2,1,NaN
SUPER_8,11930000,49,5,2,56,29,20,8.571428
SUPER_8,11940000,48,2,1,51,30,18,2
SUPER_8,11950000,103,3,6,112,75,28,20.222221
SUPER_8,11960000,0,0,0,0,0,0,0
SUPER_8,11970000,0,0,0,0,0,0,0
SUPER_8,11980000,54,2,10,66,27,27,31.5
SUPER_8,11990000,0,0,0,0,0,0,0
SUPER_8,12000000,0,0,0,0,0,0,0
SUPER_8,12010000,0,0,0,0,0,0,0
SUPER_8,12020000,0,0,0,0,0,0,0
SUPER_8,12030000,0,0,0,0,0,0,0
SUPER_8,12040000,0,0,0,0,0,0,0
SUPER_8,12050000,0,0,0,0,0,0,0
SUPER_8,12060000,0,0,0,0,0,0,0
SUPER_8,12070000,0,0,0,0,0,0,0
SUPER_8,12080000,92,5,5,102,48,44,8
SUPER_8,12090000,76,5,3,84,35,41,10.625
SUPER_8,12100000,80,9,9,98,45,35,2.7222223
SUPER_8,12110000,105,5,5,115,56,49,3.7
SUPER_8,12120000,184,15,11,210,91,93,3.9615386
SUPER_8,12130000,61,8,6,75,26,35,15.857142
SUPER_8,12140000,23,0,4,27,8,15,3.25
SUPER_8,12150000,0,1,0,1,0,0,2
SUPER_8,12160000,51,6,9,66,27,24,4.4666667
SUPER_8,12170000,63,9,6,78,29,34,5.8
SUPER_8,12180000,1,0,0,1,0,1,NaN
SUPER_8,12190000,38,5,3,46,13,25,4.25
SUPER_8,12200000,16,2,2,20,7,9,54.75
SUPER_8,12210000,12,3,1,16,6,6,119
SUPER_8,12220000,10,1,0,11,4,6,4
SUPER_8,12230000,47,5,3,55,21,26,12.125
SUPER_8,12240000,118,10,11,139,67,51,11.047619
SUPER_8,12250000,103,5,5,113,61,42,4.6
SUPER_8,12260000,88,3,6,97,44,44,4.7777777
SUPER_8,12270000,0,0,0,0,0,0,0
SUPER_8,12280000,0,0,0,0,0,0,0
SUPER_8,12290000,118,10,8,136,74,44,33.166668
SUPER_8,12300000,1,0,0,1,1,0,NaN
SUPER_8,12310000,12,0,0,12,6,6,NaN
SUPER_8,12320000,40,2,3,45,23,17,3.6
SUPER_8,12330000,95,6,14,115,50,45,15.5
SUPER_8,12340000,138,5,14,157,80,58,9.368421
SUPER_8,12350000,154,5,6,165,79,75,9.181818
SUPER_8,12360000,0,0,0,0,0,0,0
SUPER_8,12370000,0,0,0,0,0,0,0
SUPER_8,12380000,146,9,13,168,64,82,16.545454
SUPER_8,12390000,2,0,1,3,0,2,1
SUPER_8,12400000,17,4,4,25,7,10,3.625
SUPER_8,12410000,58,3,4,65,38,20,3.4285715
SUPER_8,12420000,115,4,11,130,60,55,7.5333333
SUPER_8,12430000,98,6,9,113,52,46,5.9333334
SUPER_8,12440000,16,3,0,19,8,8,10.666667
SUPER_8,12450000,48,6,7,61,16,32,7.6923075
SUPER_8,12460000,0,0,0,0,0,0,0
SUPER_8,12470000,0,0,0,0,0,0,0
SUPER_8,12480000,3,2,5,10,2,1,7.285714
SUPER_8,12490000,3,0,0,3,1,2,NaN
SUPER_8,12500000,3,0,0,3,0,3,NaN
SUPER_8,12510000,10,3,1,14,8,2,1.75
SUPER_8,12520000,104,12,6,122,47,57,6
SUPER_8,12530000,3,1,0,4,1,2,1
SUPER_8,12540000,10,1,0,11,5,5,6
SUPER_8,12550000,98,8,10,116,34,64,6.111111
SUPER_8,12560000,65,7,12,84,31,34,10.631579
SUPER_8,12570000,0,0,0,0,0,0,0
SUPER_8,12580000,0,0,0,0,0,0,0
SUPER_8,12590000,95,9,11,115,51,44,6.4
SUPER_8,12600000,126,13,9,148,53,73,44.31818
SUPER_8,12610000,108,3,9,120,50,58,4.75
SUPER_8,12620000,76,5,6,87,35,41,5.6363635
SUPER_8,12630000,39,3,4,46,23,16,2.2857144
SUPER_8,12640000,112,8,8,128,47,65,5.0625
SUPER_8,12650000,181,16,21,218,74,107,5.6486487
SUPER_8,12660000,1,0,3,4,1,0,4.3333335
SUPER_8,12670000,2,0,0,2,1,1,NaN
SUPER_8,12680000,6,2,2,10,4,2,13.75
SUPER_8,12690000,3,0,0,3,2,1,NaN
SUPER_8,12700000,4,0,0,4,2,2,NaN
SUPER_8,12710000,1,0,0,1,1,0,NaN
SUPER_8,12720000,1,0,0,1,1,0,NaN
SUPER_8,12730000,2,0,1,3,1,1,1
SUPER_8,12740000,4,0,0,4,3,1,NaN
SUPER_8,12750000,21,2,0,23,10,11,2
SUPER_8,12760000,17,3,0,20,10,7,6
SUPER_8,12770000,55,5,10,70,32,23,3.4
SUPER_8,12780000,42,4,2,48,25,17,5.6666665
SUPER_8,12790000,11,1,0,12,9,2,6
SUPER_8,12800000,19,1,3,23,13,6,4
SUPER_8,12810000,132,8,11,151,73,59,6.0526314
SUPER_8,12820000,59,3,0,62,30,29,7
SUPER_8,12830000,78,9,5,92,49,29,5.214286
SUPER_8,12840000,105,7,9,121,44,61,33.5
SUPER_8,12850000,71,7,6,84,40,31,6.076923
SUPER_8,12860000,41,2,6,49,25,16,4.625
SUPER_8,12870000,35,4,4,43,23,12,10.625
SUPER_8,12880000,0,0,0,0,0,0,0
SUPER_8,12890000,0,0,0,0,0,0,0
SUPER_8,12900000,172,11,10,193,99,73,4.1904764
SUPER_8,12910000,78,7,5,90,43,35,4
SUPER_8,12920000,130,14,5,149,68,62,5.894737
SUPER_8,12930000,114,6,13,133,56,58,9
SUPER_8,12940000,0,0,0,0,0,0,0
SUPER_8,12950000,0,0,0,0,0,0,0
SUPER_8,12960000,39,5,1,45,17,22,5.1666665
SUPER_8,12970000,150,9,9,168,79,71,6.8333335
SUPER_8,12980000,114,6,8,128,49,65,13.928572
SUPER_8,12990000,194,11,12,217,89,105,10.826087
SUPER_8,13000000,123,8,5,136,66,57,6.769231
SUPER_8,13010000,214,18,23,255,112,102,16.390244
SUPER_8,13020000,59,4,3,66,32,27,5.428571
SUPER_8,13030000,167,13,14,194,96,71,4.185185
SUPER_8,13040000,174,10,8,192,81,93,10.5
SUPER_8,13050000,22,0,0,22,10,12,NaN
SUPER_8,13060000,47,2,2,51,24,23,4
SUPER_8,13070000,5,1,0,6,3,2,4
SUPER_8,13080000,1,0,1,2,0,1,10
SUPER_8,13090000,0,0,0,0,0,0,0
SUPER_8,13100000,0,0,0,0,0,0,0
SUPER_8,13110000,5,0,1,6,3,2,29
SUPER_8,13120000,18,1,4,23,10,8,5.6
SUPER_8,13130000,60,1,3,64,32,28,7.75
SUPER_8,13140000,30,1,5,36,16,14,6.1666665
SUPER_8,13150000,81,2,14,97,44,37,17.4375
SUPER_8,13160000,183,11,13,207,99,84,4.9166665
SUPER_8,13170000,31,3,2,36,18,13,3
SUPER_8,13180000,2,0,0,2,1,1,NaN
SUPER_8,13190000,3,1,0,4,2,1,6
SUPER_8,13200000,26,3,4,33,15,11,3.142857
SUPER_8,13210000,50,9,4,63,25,25,3.8461537
SUPER_8,13220000,3,1,0,4,2,1,6
SUPER_8,13230000,1,0,1,2,0,1,22
SUPER_8,13240000,1,0,0,1,0,1,NaN
SUPER_8,13250000,2,0,0,2,0,2,NaN
SUPER_8,13260000,101,2,8,111,51,50,2.4
SUPER_8,13270000,142,9,9,160,69,73,21.222221
SUPER_8,13280000,166,7,13,186,90,76,7.1
SUPER_8,13290000,131,7,14,152,66,65,16.52381
SUPER_8,13300000,148,10,16,174,74,74,4.3076925
SUPER_8,13310000,134,12,9,155,72,62,4.714286
SUPER_8,13320000,122,11,7,140,59,63,7.8333335
SUPER_8,13330000,193,16,12,221,95,98,3.3214285
SUPER_8,13340000,173,12,9,194,90,83,5.095238
SUPER_8,13350000,174,8,14,196,98,76,10
SUPER_8,13360000,141,8,9,158,79,62,6.5882354
SUPER_8,13370000,135,4,8,147,71,64,5.6666665
SUPER_8,13380000,57,9,5,71,36,21,16.428572
SUPER_8,13390000,81,7,4,92,32,49,7.5454545
SUPER_8,13400000,19,1,2,22,11,8,10
SUPER_8,13410000,21,2,1,24,12,9,8
SUPER_8,13420000,95,5,7,107,50,45,5.8333335
SUPER_8,13430000,54,2,2,58,31,23,8.5
SUPER_8,13440000,84,8,8,100,41,43,4.9375
SUPER_8,13450000,122,11,8,141,62,60,7.3157897
SUPER_8,13460000,80,2,5,87,40,40,2.857143
SUPER_8,13470000,101,9,1,111,49,52,2.4
SUPER_8,13480000,133,9,13,155,57,76,14.181818
SUPER_8,13490000,163,16,9,188,74,89,3.6
SUPER_8,13500000,107,11,12,130,50,57,6.0434785
SUPER_8,13510000,103,5,7,115,50,53,7.4166665
SUPER_8,13520000,132,7,8,147,65,67,4.3333335
SUPER_8,13530000,0,0,0,0,0,0,0
SUPER_8,13540000,0,0,0,0,0,0,0
SUPER_8,13550000,254,19,24,297,121,133,9.348837
SUPER_8,13560000,148,12,6,166,70,78,9.5
SUPER_8,13570000,186,7,8,201,103,83,8.6
SUPER_8,13580000,128,6,7,141,61,67,8.538462
SUPER_8,13590000,12,2,0,14,5,7,5
SUPER_8,13600000,189,17,7,213,101,88,4.375
SUPER_8,13610000,124,9,8,141,61,63,5.7058825
SUPER_8,13620000,107,8,5,120,56,51,2.3846154
SUPER_8,13630000,101,7,15,123,51,50,6.1363635
SUPER_8,13640000,150,8,10,168,69,81,7.1666665
SUPER_8,13650000,0,0,0,0,0,0,0
SUPER_8,13660000,0,0,0,0,0,0,0
SUPER_8,13670000,111,7,9,127,57,54,6.125
SUPER_8,13680000,1,0,0,1,1,0,NaN
SUPER_8,13690000,10,1,0,11,5,5,20
SUPER_8,13700000,35,4,3,42,15,20,7.285714
SUPER_8,13710000,102,8,7,117,52,50,11.866667
SUPER_8,13720000,116,9,9,134,59,57,6.888889
SUPER_8,13730000,55,3,4,62,31,24,8
SUPER_8,13740000,118,10,9,137,63,55,4.2105265
SUPER_8,13750000,201,9,16,226,107,94,14.48
SUPER_8,13760000,171,13,13,197,80,91,3.8076923
SUPER_8,13770000,134,14,20,168,65,69,7.2058825
SUPER_8,13780000,53,2,0,55,23,30,4.5
SUPER_8,13790000,32,4,3,39,14,18,4
SUPER_8,13800000,30,3,2,35,16,14,1.8
SUPER_8,13810000,86,9,6,101,35,51,43.4
SUPER_8,13820000,145,8,9,162,69,76,20.764706
SUPER_8,13830000,117,3,7,127,64,53,3.6
SUPER_8,13840000,127,9,12,148,64,63,39.095238
SUPER_8,13850000,117,9,11,137,67,50,5.45
SUPER_8,13860000,49,4,4,57,26,23,3.375
SUPER_8,13870000,60,3,5,68,30,30,5
SUPER_8,13880000,1,0,0,1,0,1,NaN
SUPER_8,13890000,23,0,4,27,11,12,2.25
SUPER_8,13900000,25,4,4,33,14,11,7.875
SUPER_8,13910000,70,7,4,81,37,33,17.454546
SUPER_8,13920000,95,11,4,110,51,44,9.466666
SUPER_8,13930000,64,0,3,67,32,32,38.666668
SUPER_8,13940000,70,5,5,80,40,30,17.8
SUPER_8,13950000,148,11,16,175,84,64,4.148148
SUPER_8,13960000,2,0,0,2,2,0,NaN
SUPER_8,13970000,4,0,0,4,0,4,NaN
SUPER_8,13980000,82,3,6,91,41,41,2.4444444
SUPER_8,13990000,137,7,14,158,73,64,8.047619
SUPER_8,14000000,18,2,3,23,10,8,1.4
SUPER_8,14010000,97,6,10,113,51,46,34.5
SUPER_8,14020000,32,4,3,39,17,15,2.142857
SUPER_8,14030000,73,9,12,94,37,36,8.047619
SUPER_8,14040000,82,10,15,107,47,35,8.24
SUPER_8,14050000,154,6,15,175,85,69,9.047619
SUPER_8,14060000,101,7,6,114,47,54,4.3846154
SUPER_8,14070000,108,4,6,118,48,60,9.3
SUPER_8,14080000,54,4,9,67,26,28,19
SUPER_8,14090000,140,11,6,157,62,78,6.9411764
SUPER_8,14100000,55,3,7,65,25,30,20.9
SUPER_8,14110000,85,13,9,107,40,45,1.9545455
SUPER_8,14120000,80,2,8,90,44,36,10.9
SUPER_8,14130000,93,7,10,110,38,55,4.9411764
SUPER_8,14140000,23,5,2,30,10,13,4.571429
SUPER_8,14150000,77,5,7,89,31,46,3.9166667
SUPER_8,14160000,84,7,5,96,44,40,3.3333333
SUPER_8,14170000,115,8,5,128,56,59,7
SUPER_8,14180000,78,3,9,90,35,43,77.25
SUPER_8,14190000,93,8,12,113,42,51,7.65
SUPER_8,14200000,52,3,1,56,26,26,5.25
SUPER_8,14210000,120,10,11,141,65,55,7.1904764
SUPER_8,14220000,134,9,8,151,72,62,8.705882
SUPER_8,14230000,178,14,18,210,105,73,11.59375
SUPER_8,14240000,6,0,2,8,3,3,1
SUPER_8,14250000,43,3,5,51,26,17,94.5
SUPER_8,14260000,162,5,15,182,88,74,4.5
SUPER_8,14270000,67,7,6,80,31,36,6.6923075
SUPER_8,14280000,26,1,2,29,12,14,4.3333335
SUPER_8,14290000,10,1,5,16,5,5,2.8333333
SUPER_8,14300000,121,7,9,137,56,65,4.5625
SUPER_8,14310000,168,10,6,184,94,74,5.75
SUPER_8,14320000,17,2,1,20,9,8,13
SUPER_8,14330000,116,8,10,134,58,58,4.611111
SUPER_8,14340000,86,4,4,94,46,40,5.875
SUPER_8,14350000,111,4,13,128,57,54,3.764706
SUPER_8,14360000,78,4,5,87,38,40,7
SUPER_8,14370000,23,3,0,26,9,14,12
SUPER_8,14380000,55,4,3,62,39,16,4.857143
SUPER_8,14390000,3,0,0,3,2,1,NaN
SUPER_8,14400000,34,3,4,41,19,15,8
SUPER_8,14410000,151,11,13,175,73,78,10.583333
SUPER_8,14420000,89,5,8,102,38,51,31.461538
SUPER_8,14430000,84,3,8,95,46,38,3.6363637
SUPER_8,14440000,39,6,4,49,17,22,13.9
SUPER_8,14450000,58,7,2,67,20,38,4.5555553
SUPER_8,14460000,0,0,0,0,0,0,0
SUPER_8,14470000,0,0,0,0,0,0,0
SUPER_8,14480000,154,11,7,172,81,73,5.2777777
SUPER_8,14490000,171,5,20,196,95,76,5.4
SUPER_8,14500000,57,1,2,60,28,29,1
SUPER_8,14510000,0,0,0,0,0,0,0
SUPER_8,14520000,0,0,0,0,0,0,0
SUPER_8,14530000,0,0,0,0,0,0,0
SUPER_8,14540000,120,11,5,136,55,65,7.125
SUPER_8,14550000,47,2,7,56,28,19,4.2222223
SUPER_8,14560000,94,7,5,106,37,57,18.25
SUPER_8,14570000,105,5,11,121,55,50,13.6875
SUPER_8,14580000,55,6,2,63,25,30,11.375
SUPER_8,14590000,40,1,3,44,26,14,67.25
SUPER_8,14600000,23,0,1,24,11,12,8
SUPER_8,14610000,15,3,0,18,9,6,4
SUPER_8,14620000,20,0,0,20,15,5,NaN
SUPER_8,14630000,26,3,2,31,10,16,6.4
SUPER_8,14640000,69,5,3,77,42,27,3.375
SUPER_8,14650000,257,17,23,297,122,135,3.5
SUPER_8,14660000,103,7,4,114,57,46,9.636364
SUPER_8,14670000,56,1,4,61,30,26,2.4
SUPER_8,14680000,118,11,5,134,61,57,9.4375
SUPER_8,14690000,231,12,17,260,126,105,9.551724
SUPER_8,14700000,77,6,2,85,45,32,4.875
SUPER_8,14710000,138,8,5,151,76,62,4.769231
SUPER_8,14720000,47,2,2,51,31,16,3
SUPER_8,14730000,2,0,0,2,0,2,NaN
SUPER_8,14740000,3,0,0,3,3,0,NaN
SUPER_8,14750000,2,0,0,2,2,0,NaN
SUPER_8,14760000,1,0,0,1,1,0,NaN
SUPER_8,14770000,2,0,0,2,0,2,NaN
SUPER_8,14780000,1,0,1,2,0,1,12
SUPER_8,14790000,2,0,0,2,1,1,NaN
SUPER_8,14800000,3,0,0,3,3,0,NaN
SUPER_8,14810000,1,0,0,1,0,1,NaN
SUPER_8,14820000,0,0,0,0,0,0,0
SUPER_8,14830000,0,0,0,0,0,0,0
SUPER_8,14840000,52,1,6,59,23,29,21.571428
SUPER_8,14850000,136,11,19,166,63,73,7.7
SUPER_8,14860000,112,6,5,123,57,55,27.636364
SUPER_8,14870000,36,0,2,38,21,15,7.5
SUPER_8,14880000,64,6,5,75,37,27,3.909091
SUPER_8,14890000,129,7,9,145,63,66,17.8125
SUPER_8,14900000,0,0,0,0,0,0,0
SUPER_8,14910000,0,0,0,0,0,0,0
SUPER_8,14920000,23,2,1,26,14,9,1.6666666
SUPER_8,14930000,1,0,0,1,1,0,NaN
SUPER_8,14940000,4,0,0,4,4,0,NaN
SUPER_8,14950000,32,0,1,33,17,15,1
SUPER_8,14960000,21,1,1,23,9,12,3.5
SUPER_8,14970000,100,7,7,114,57,43,2.7142856
SUPER_8,14980000,50,3,5,58,34,16,5
SUPER_8,14990000,58,3,8,69,27,31,18
SUPER_8,15000000,90,13,2,105,45,45,12.066667
SUPER_8,15010000,99,5,3,107,41,58,4.75
SUPER_8,15020000,88,8,5,101,50,38,18.23077
SUPER_8,15030000,98,8,9,115,47,51,3.5294118
SUPER_8,15040000,105,7,13,125,51,53,10.3
SUPER_8,15050000,86,6,3,95,43,43,1.6666666
SUPER_8,15060000,65,3,5,73,39,26,10.25
SUPER_8,15070000,100,8,3,111,45,55,5.2727275
SUPER_8,15080000,76,2,2,80,43,33,5.75
SUPER_8,15090000,144,8,11,163,76,68,6.3157897
SUPER_8,15100000,143,10,8,161,80,63,5.6666665
SUPER_8,15110000,143,8,15,166,71,72,9.043478
SUPER_8,15120000,135,9,4,148,71,64,67
SUPER_8,15130000,80,5,2,87,36,44,4.285714
SUPER_8,15140000,0,0,0,0,0,0,0
SUPER_8,15150000,0,0,0,0,0,0,0
SUPER_8,15160000,200,20,7,227,109,91,11.444445
SUPER_8,15170000,77,3,4,84,32,45,5
SUPER_8,15180000,142,11,11,164,73,69,4.7727275
SUPER_8,15190000,179,9,15,203,93,86,4.4166665
SUPER_8,15200000,114,10,4,128,64,50,4.142857
SUPER_8,15210000,83,5,5,93,53,30,2.6
SUPER_8,15220000,0,0,0,0,0,0,0
SUPER_8,15230000,0,0,0,0,0,0,0
SUPER_8,15240000,155,8,15,178,80,75,6.0869565
SUPER_8,15250000,46,3,1,50,23,23,3.75
SUPER_8,15260000,120,7,8,135,60,60,7.2
SUPER_8,15270000,0,0,0,0,0,0,0
SUPER_8,15280000,0,0,0,0,0,0,0
SUPER_8,15290000,93,7,8,108,47,46,4.9333334
SUPER_8,15300000,34,2,2,38,13,21,7.5
SUPER_8,15310000,137,8,9,154,67,70,3.9411764
SUPER_8,15320000,42,4,6,52,21,21,6.7
SUPER_8,15330000,9,0,1,10,3,6,1
SUPER_8,15340000,3,0,0,3,1,2,NaN
SUPER_8,15350000,44,2,8,54,25,19,20.9
SUPER_8,15360000,70,3,6,79,31,39,16.222221
SUPER_8,15370000,34,2,0,36,12,22,1
SUPER_8,15380000,7,0,0,7,5,2,NaN
SUPER_8,15390000,0,0,0,0,0,0,0
SUPER_8,15400000,0,0,0,0,0,0,0
SUPER_8,15410000,0,0,0,0,0,0,0
SUPER_8,15420000,0,0,0,0,0,0,0
SUPER_8,15430000,0,0,0,0,0,0,0
SUPER_8,15440000,0,0,0,0,0,0,0
SUPER_8,15450000,0,0,0,0,0,0,0
SUPER_8,15460000,0,0,0,0,0,0,0
SUPER_8,15470000,0,0,0,0,0,0,0
SUPER_8,15480000,0,0,0,0,0,0,0
SUPER_8,15490000,0,0,0,0,0,0,0
SUPER_8,15500000,0,0,0,0,0,0,0
SUPER_8,15510000,285,16,21,322,159,126,4.5135136
SUPER_8,15520000,80,5,10,95,52,28,27.8
SUPER_8,15530000,0,0,0,0,0,0,0
SUPER_8,15540000,0,0,0,0,0,0,0
SUPER_8,15550000,124,10,12,146,64,60,7.4545455
SUPER_8,15560000,101,7,13,121,57,44,3.9
SUPER_8,15570000,62,9,4,75,31,31,6.5384617
SUPER_8,15580000,7,2,2,11,4,3,3
SUPER_8,15590000,69,2,4,75,34,35,2.3333333
SUPER_8,15600000,48,4,4,56,26,22,6.875
SUPER_8,15610000,106,9,5,120,55,51,27.428572
SUPER_8,15620000,75,4,7,86,39,36,5.090909
SUPER_8,15630000,84,2,9,95,44,40,7.909091
SUPER_8,15640000,32,2,1,35,14,18,4.6666665
SUPER_8,15650000,93,7,6,106,47,46,9.153846
SUPER_8,15660000,121,9,7,137,75,46,5
SUPER_8,15670000,79,8,5,92,35,44,8.230769
SUPER_8,15680000,107,9,10,126,54,53,5.5789475
SUPER_8,15690000,100,5,5,110,56,44,19.3
SUPER_8,15700000,160,4,12,176,107,53,4.625
SUPER_8,15710000,15,2,2,19,6,9,5.75
SUPER_8,15720000,1,0,0,1,0,1,NaN
SUPER_8,15730000,60,4,3,67,34,26,3.5714285
SUPER_8,15740000,57,1,3,61,24,33,4.25
SUPER_8,15750000,106,5,10,121,63,43,16.133333
SUPER_8,15760000,57,1,5,63,25,32,9.833333
SUPER_8,15770000,0,0,0,0,0,0,0
SUPER_8,15780000,0,0,0,0,0,0,0
SUPER_8,15790000,109,11,9,129,54,55,19.85
SUPER_8,15800000,109,4,11,124,56,53,13.6
SUPER_8,15810000,33,1,0,34,14,19,30
SUPER_8,15820000,156,13,10,179,87,69,63.130436
SUPER_8,15830000,161,9,6,176,94,67,4.866667
SUPER_8,15840000,140,12,16,168,65,75,2.857143
SUPER_8,15850000,133,10,14,157,70,63,17.416666
SUPER_8,15860000,15,0,3,18,9,6,2
SUPER_8,15870000,110,1,3,114,68,42,5.75
SUPER_8,15880000,151,11,10,172,77,74,6.5238094
SUPER_8,15890000,0,0,0,0,0,0,0
SUPER_8,15900000,0,0,0,0,0,0,0
SUPER_8,15910000,98,3,8,109,63,35,7.909091
SUPER_8,15920000,91,8,10,109,47,44,6.2222223
SUPER_8,15930000,15,0,1,16,12,3,1
SUPER_8,15940000,50,3,5,58,25,25,29
SUPER_8,15950000,8,1,0,9,3,5,1
SUPER_8,15960000,3,0,1,4,0,3,1
SUPER_8,15970000,4,0,0,4,2,2,NaN
SUPER_8,15980000,7,1,1,9,3,4,1
SUPER_8,15990000,2,0,1,3,0,2,1
SUPER_8,16000000,64,3,2,69,28,36,1.8
SUPER_8,16010000,81,1,6,88,48,33,8.714286
SUPER_8,16020000,0,0,0,0,0,0,0
SUPER_8,16030000,0,0,0,0,0,0,0
SUPER_8,16040000,181,19,17,217,94,87,7.0833335
SUPER_8,16050000,27,4,3,34,18,9,6.714286
SUPER_8,16060000,20,0,2,22,14,6,28.5
SUPER_8,16070000,44,2,1,47,20,24,2
SUPER_8,16080000,96,8,3,107,44,52,2.1818182
SUPER_8,16090000,147,8,8,163,77,70,13.375
SUPER_8,16100000,22,2,2,26,16,6,4.5
SUPER_8,16110000,109,13,9,131,59,50,13.454545
SUPER_8,16120000,131,12,11,154,56,75,9.695652
SUPER_8,16130000,94,15,9,118,47,47,9.791667
SUPER_8,16140000,6,0,0,6,3,3,NaN
SUPER_8,16150000,35,1,2,38,20,15,3
SUPER_8,16160000,150,10,9,169,73,77,4.894737
SUPER_8,16170000,64,6,3,73,34,30,6.888889
SUPER_8,16180000,4,0,0,4,1,3,NaN
SUPER_8,16190000,1,0,0,1,1,0,NaN
SUPER_8,16200000,4,1,0,5,0,4,4
SUPER_8,16210000,1,1,0,2,1,0,1
SUPER_8,16220000,4,0,0,4,4,0,NaN
SUPER_8,16230000,1,0,1,2,0,1,1
SUPER_8,16240000,2,0,0,2,0,2,NaN
SUPER_8,16250000,1,0,1,2,0,1,2
SUPER_8,16260000,1,0,0,1,1,0,NaN
SUPER_8,16270000,0,2,0,2,0,0,1
SUPER_8,16280000,0,1,0,1,0,0,16
SUPER_8,16290000,0,0,0,0,0,0,0
SUPER_8,16300000,0,0,0,0,0,0,0
SUPER_8,16310000,2,0,0,2,1,1,NaN
SUPER_8,16320000,1,0,0,1,1,0,NaN
SUPER_8,16330000,48,1,3,52,25,23,23.75
SUPER_8,16340000,111,10,11,132,58,53,7.1904764
SUPER_8,16350000,57,5,5,67,27,30,4
SUPER_8,16360000,102,8,13,123,44,58,10.095238
SUPER_8,16370000,37,1,3,41,15,22,15.25
SUPER_8,16380000,0,0,0,0,0,0,0
SUPER_8,16390000,0,0,0,0,0,0,0
SUPER_8,16400000,0,0,0,0,0,0,0
SUPER_8,16410000,10,0,1,11,6,4,1
SUPER_8,16420000,69,4,9,82,33,36,14.615385
SUPER_8,16430000,57,5,6,68,31,26,2.5454545
SUPER_8,16440000,91,6,8,105,44,47,3.142857
SUPER_8,16450000,75,5,5,85,35,40,9.3
SUPER_8,16460000,76,5,9,90,39,37,5.357143
SUPER_8,16470000,82,3,5,90,38,44,6
SUPER_8,16480000,32,13,2,47,17,15,4.0666666
SUPER_8,16490000,138,11,9,158,74,64,4.65
SUPER_8,16500000,121,13,13,147,54,67,3.3076923
SUPER_8,16510000,89,7,5,101,45,44,12.416667
SUPER_8,16520000,115,13,9,137,62,53,19.90909
SUPER_8,16530000,43,1,2,46,23,20,7
SUPER_8,16540000,100,9,12,121,52,48,8.380953
SUPER_8,16550000,56,4,7,67,28,28,4.818182
SUPER_8,16560000,26,3,0,29,10,16,5
SUPER_8,16570000,101,7,10,118,51,50,14.941176
SUPER_8,16580000,84,6,8,98,48,36,5.928571
SUPER_8,16590000,55,4,6,65,28,27,5.9
SUPER_8,16600000,3,0,0,3,1,2,NaN
SUPER_8,16610000,1,0,1,2,0,1,2
SUPER_8,16620000,1,0,0,1,1,0,NaN
SUPER_8,16630000,3,0,0,3,2,1,NaN
SUPER_8,16640000,5,0,0,5,2,3,NaN
SUPER_8,16650000,1,1,0,2,1,0,1
SUPER_8,16660000,1,0,0,1,1,0,NaN
SUPER_8,16670000,32,2,2,36,15,17,4.25
SUPER_8,16680000,87,7,10,104,44,43,5.2941175
SUPER_8,16690000,110,3,8,121,68,42,8.181818
SUPER_8,16700000,174,15,6,195,100,74,5.3333335
SUPER_8,16710000,141,11,13,165,74,67,4.75
SUPER_8,16720000,39,4,0,43,17,22,2.75
SUPER_8,16730000,5,4,4,13,1,4,4.75
SUPER_8,16740000,19,4,4,27,10,9,3.125
SUPER_8,16750000,77,5,7,89,34,43,4.4166665
SUPER_8,16760000,105,9,12,126,54,51,26.333334
SUPER_8,16770000,84,9,5,98,48,36,4.5
SUPER_8,16780000,56,1,7,64,28,28,9.875
SUPER_8,16790000,0,0,0,0,0,0,0
SUPER_8,16800000,0,0,0,0,0,0,0
SUPER_8,16810000,0,0,0,0,0,0,0
SUPER_8,16820000,3,1,0,4,1,2,2
SUPER_8,16830000,16,0,2,18,12,4,2.5
SUPER_8,16840000,63,7,5,75,32,31,2
SUPER_8,16850000,52,3,2,57,27,25,8
SUPER_8,16860000,0,0,0,0,0,0,0
SUPER_8,16870000,0,0,0,0,0,0,0
SUPER_8,16880000,75,6,4,85,40,35,3.4
SUPER_8,16890000,92,4,10,106,42,50,11.857142
SUPER_8,16900000,116,8,6,130,66,50,5.071429
SUPER_8,16910000,85,1,10,96,46,39,3.7272727
SUPER_8,16920000,73,8,3,84,36,37,2.1818182
SUPER_8,16930000,24,4,2,30,15,9,2.8333333
SUPER_8,16940000,90,13,2,105,45,45,13.333333
SUPER_8,16950000,3,0,1,4,1,2,11
SUPER_8,16960000,1,0,0,1,0,1,NaN
SUPER_8,16970000,41,4,5,50,20,21,1.4444444
SUPER_8,16980000,143,8,11,162,65,78,10.157895
SUPER_8,16990000,89,9,11,109,41,48,7.75
SUPER_8,17000000,119,13,11,143,62,57,23.333334
SUPER_8,17010000,116,10,14,140,48,68,10.375
SUPER_8,17020000,135,11,13,159,72,63,10.25
SUPER_8,17030000,26,1,3,30,17,9,3.25
SUPER_8,17040000,109,6,6,121,51,58,10.833333
SUPER_8,17050000,95,4,4,103,53,42,7.5
SUPER_8,17060000,147,7,12,166,81,66,9.894737
SUPER_8,17070000,95,12,14,121,34,61,4.5384617
SUPER_8,17080000,81,7,11,99,40,41,2.0555556
SUPER_8,17090000,56,6,4,66,28,28,1.6
SUPER_8,17100000,0,0,0,0,0,0,0
SUPER_8,17110000,0,0,0,0,0,0,0
SUPER_8,17120000,56,11,2,69,35,21,4.769231
SUPER_8,17130000,118,8,11,137,66,52,5.7894735
SUPER_8,17140000,88,9,8,105,53,35,4.2352943
SUPER_8,17150000,80,7,6,93,41,39,6.3846154
SUPER_8,17160000,81,8,9,98,35,46,6.529412
SUPER_8,17170000,17,0,2,19,8,9,2.5
SUPER_8,17180000,53,3,4,60,27,26,7.428571
SUPER_8,17190000,16,0,3,19,7,9,14.333333
SUPER_8,17200000,2,0,1,3,2,0,2
SUPER_8,17210000,91,10,6,107,35,56,5.0625
SUPER_8,17220000,106,8,11,125,46,60,17.105263
SUPER_8,17230000,122,7,9,138,57,65,6
SUPER_8,17240000,132,16,12,160,59,73,8.357142
SUPER_8,17250000,2,1,0,3,1,1,1
SUPER_8,17260000,1,0,0,1,1,0,NaN
SUPER_8,17270000,3,0,0,3,0,3,NaN
SUPER_8,17280000,2,0,0,2,0,2,NaN
SUPER_8,17290000,13,2,1,16,5,8,1.3333334
SUPER_8,17300000,33,6,2,41,19,14,9.875
SUPER_8,17310000,23,2,2,27,11,12,5.75
SUPER_8,17320000,10,1,1,12,6,4,6
SUPER_8,17330000,19,1,2,22,9,10,1
SUPER_8,17340000,25,1,2,28,9,16,7.6666665
SUPER_8,17350000,17,3,0,20,10,7,8
SUPER_8,17360000,5,0,1,6,2,3,1
SUPER_8,17370000,3,1,1,5,2,1,4
SUPER_8,17380000,3,0,0,3,2,1,NaN
SUPER_8,17390000,2,1,0,3,1,1,2
SUPER_8,17400000,1,1,0,2,0,1,1
SUPER_8,17410000,4,1,1,6,4,0,7.5
SUPER_8,17420000,6,3,1,10,6,0,2.5
SUPER_8,17430000,1,0,0,1,1,0,NaN
SUPER_8,17440000,0,0,1,1,0,0,2
SUPER_8,17450000,0,0,3,3,0,0,6.6666665
SUPER_8,17460000,6,0,0,6,4,2,NaN
SUPER_8,17470000,106,13,5,124,54,52,6.3333335
SUPER_8,17480000,3,0,0,3,1,2,NaN
SUPER_8,17490000,1,1,0,2,0,1,2
SUPER_8,17500000,1,1,0,2,1,0,1
SUPER_8,17510000,1,0,0,1,1,0,NaN
SUPER_8,17520000,2,0,0,2,0,2,NaN
SUPER_8,17530000,79,7,3,89,44,35,6.4
SUPER_8,17540000,30,0,0,30,17,13,NaN
SUPER_8,17550000,61,7,6,74,22,39,9.384615
SUPER_8,17560000,2,0,0,2,1,1,NaN
SUPER_8,17570000,2,0,0,2,2,0,NaN
SUPER_8,17580000,15,0,1,16,7,8,4
SUPER_8,17590000,1,2,2,5,1,0,1.5
SUPER_8,17600000,4,0,2,6,1,3,2.5
SUPER_8,17610000,1,0,0,1,1,0,NaN
SUPER_8,17620000,2,0,0,2,1,1,NaN
SUPER_8,17630000,1,0,1,2,0,1,3
SUPER_8,17640000,4,0,0,4,1,3,NaN
SUPER_8,17650000,1,0,0,1,1,0,NaN
SUPER_8,17660000,2,0,0,2,1,1,NaN
SUPER_8,17670000,5,2,1,8,0,5,8
SUPER_8,17680000,1,0,1,2,0,1,8
SUPER_8,17690000,3,0,0,3,2,1,NaN
SUPER_8,17700000,2,0,1,3,0,2,1
SUPER_8,17710000,2,0,0,2,1,1,NaN
SUPER_8,17720000,14,1,2,17,6,8,6
SUPER_8,17730000,27,1,3,31,12,15,92.25
SUPER_8,17740000,2,0,0,2,2,0,NaN
SUPER_8,17750000,0,1,0,1,0,0,2
SUPER_8,17760000,38,5,1,44,18,20,5.5
SUPER_8,17770000,38,2,3,43,19,19,3.2
SUPER_8,17780000,107,10,12,129,53,54,3.8181818
SUPER_8,17790000,99,11,4,114,63,36,5.4666667
SUPER_8,17800000,34,3,2,39,15,19,1.8
SUPER_8,17810000,86,3,5,94,41,45,5.75
SUPER_8,17820000,89,10,6,105,41,48,14.5625
SUPER_8,17830000,20,1,0,21,7,13,1
SUPER_8,17840000,2,0,2,4,1,1,15.5
SUPER_8,17850000,2,0,0,2,0,2,NaN
SUPER_8,17860000,4,1,1,6,2,2,3
SUPER_8,17870000,1,3,0,4,1,0,4.3333335
SUPER_8,17880000,0,0,0,0,0,0,0
SUPER_8,17890000,0,0,0,0,0,0,0
SUPER_8,17900000,0,0,0,0,0,0,0
SUPER_8,17910000,0,0,0,0,0,0,0
SUPER_8,17920000,36,4,4,44,19,17,27.125
SUPER_8,17930000,1,0,0,1,0,1,NaN
SUPER_8,17940000,0,0,0,0,0,0,0
SUPER_8,17950000,0,0,0,0,0,0,0
SUPER_8,17960000,20,3,4,27,9,11,7.142857
SUPER_8,17970000,2,2,2,6,1,1,4
SUPER_8,17980000,0,0,0,0,0,0,0
SUPER_8,17990000,0,0,0,0,0,0,0
SUPER_8,18000000,2,1,1,4,1,1,1.5
SUPER_8,18010000,1,0,0,1,0,1,NaN
SUPER_8,18020000,1,1,1,3,0,1,1
SUPER_8,18030000,0,4,0,4,0,0,12.25
SUPER_8,18040000,0,0,0,0,0,0,0
SUPER_8,18050000,0,0,0,0,0,0,0
SUPER_8,18060000,0,0,0,0,0,0,0
SUPER_8,18070000,0,0,0,0,0,0,0
SUPER_8,18080000,4,2,3,9,1,3,5.2
SUPER_8,18090000,0,0,0,0,0,0,0
SUPER_8,18100000,0,0,0,0,0,0,0
SUPER_8,18110000,2,1,0,3,0,2,3
SUPER_8,18120000,1,0,1,2,1,0,2
SUPER_8,18130000,19,4,3,26,9,10,10.714286
SUPER_8,18140000,17,5,1,23,9,8,102.666664
SUPER_8,18150000,91,8,6,105,42,49,5.357143
SUPER_8,18160000,83,4,5,92,45,38,2.6666667
SUPER_8,18170000,16,2,2,20,7,9,2.5
SUPER_8,18180000,94,6,14,114,54,40,4.45
SUPER_8,18190000,142,14,7,163,85,57,30.047619
SUPER_8,18200000,33,1,3,37,14,19,1.75
SUPER_8,18210000,68,4,12,84,34,34,3.5
SUPER_8,18220000,63,4,7,74,26,37,10.909091
SUPER_8,18230000,88,8,9,105,47,41,3.764706
SUPER_8,18240000,39,1,2,42,21,18,12
SUPER_8,18250000,69,6,2,77,32,37,4.375
SUPER_8,18260000,25,4,0,29,7,18,3
SUPER_8,18270000,61,5,3,69,33,28,3.5
SUPER_8,18280000,146,11,15,172,71,75,8.269231
SUPER_8,18290000,154,7,16,177,80,74,45.913044
SUPER_8,18300000,18,2,1,21,12,6,6.3333335
SUPER_8,18310000,1,0,0,1,0,1,NaN
SUPER_8,18320000,55,2,11,68,29,26,7.4615383
SUPER_8,18330000,77,8,5,90,42,35,7.6923075
SUPER_8,18340000,44,7,1,52,17,27,9.5
SUPER_8,18350000,42,1,5,48,24,18,35.333332
SUPER_8,18360000,147,12,11,170,82,65,13.782609
SUPER_8,18370000,230,14,14,258,114,116,4.75
SUPER_8,18380000,140,4,5,149,80,60,8.555555
SUPER_8,18390000,70,9,4,83,37,33,2.3846154
SUPER_8,18400000,182,5,15,202,79,103,15.2
SUPER_8,18410000,122,7,11,140,57,65,2.9444444
SUPER_8,18420000,46,1,1,48,22,24,2
SUPER_8,18430000,171,6,17,194,91,80,9.478261
SUPER_8,18440000,226,9,14,249,127,99,16.695652
SUPER_8,18450000,113,3,11,127,66,47,6.428571
SUPER_8,18460000,42,3,9,54,22,20,4.6666665
SUPER_8,18470000,73,7,7,87,31,42,7.714286
SUPER_8,18480000,69,4,4,77,35,34,6.5
SUPER_8,18490000,70,2,3,75,38,32,3.2
SUPER_8,18500000,141,15,8,164,64,77,8.782609
SUPER_8,18510000,0,1,0,1,0,0,1
SUPER_8,18520000,1,1,0,2,1,0,1
SUPER_8,18530000,88,5,9,102,45,43,7.5
SUPER_8,18540000,90,4,9,103,45,45,6.5384617
SUPER_8,18550000,63,2,0,65,37,26,6
SUPER_8,18560000,87,5,3,95,44,43,5.375
SUPER_8,18570000,159,13,15,187,76,83,4.714286
SUPER_8,18580000,124,3,7,134,70,54,23.6
SUPER_8,18590000,125,6,8,139,63,62,7.785714
SUPER_8,18600000,5,0,0,5,2,3,NaN
SUPER_8,18610000,22,0,5,27,14,8,3
SUPER_8,18620000,127,5,10,142,65,62,4.866667
SUPER_8,18630000,48,2,7,57,24,24,13.111111
SUPER_8,18640000,90,6,10,106,42,48,5.0625
SUPER_8,18650000,38,0,1,39,18,20,1
SUPER_8,18660000,37,1,2,40,21,16,6
SUPER_8,18670000,0,0,1,1,0,0,1
SUPER_8,18680000,10,1,1,12,6,4,1.5
SUPER_8,18690000,22,4,1,27,10,12,8.4
SUPER_8,18700000,97,5,5,107,49,48,8.2
SUPER_8,18710000,27,4,2,33,16,11,17.666666
SUPER_8,18720000,58,3,3,64,30,28,1.8333334
SUPER_8,18730000,181,9,13,203,78,103,22.318182
SUPER_8,18740000,84,6,7,97,44,40,4.8461537
SUPER_8,18750000,63,12,7,82,27,36,4.631579
SUPER_8,18760000,129,13,5,147,65,64,4.5
SUPER_8,18770000,142,7,4,153,69,73,6.818182
SUPER_8,18780000,100,8,10,118,54,46,6.7222223
SUPER_8,18790000,56,3,2,61,22,34,2
SUPER_8,18800000,42,5,2,49,22,20,8.285714
SUPER_8,18810000,52,8,8,68,22,30,2.75
SUPER_8,18820000,132,15,12,159,69,63,3.9629629
SUPER_8,18830000,86,7,4,97,41,45,3
SUPER_8,18840000,136,10,12,158,61,75,8.409091
SUPER_8,18850000,97,6,7,110,52,45,6.1538463
SUPER_8,18860000,121,10,12,143,59,62,22.318182
SUPER_8,18870000,93,8,5,106,47,46,19.846153
SUPER_8,18880000,3,0,1,4,2,1,2
SUPER_8,18890000,0,0,1,1,0,0,1
SUPER_8,18900000,124,6,13,143,59,65,8.052631
SUPER_8,18910000,50,2,3,55,26,24,3.8
SUPER_8,18920000,2,0,0,2,1,1,NaN
SUPER_8,18930000,2,0,0,2,0,2,NaN
SUPER_8,18940000,1,0,0,1,0,1,NaN
SUPER_8,18950000,1,0,0,1,1,0,NaN
SUPER_8,18960000,62,9,9,80,25,37,6.388889
SUPER_8,18970000,109,4,7,120,54,55,8.727273
SUPER_8,18980000,53,5,4,62,32,21,12.222222
SUPER_8,18990000,160,13,12,185,77,83,7.2
SUPER_8,19000000,95,8,11,114,62,33,4.894737
SUPER_8,19010000,107,12,14,133,52,55,11.5
SUPER_8,19020000,0,0,1,1,0,0,62
SUPER_8,19030000,28,3,2,33,12,16,3.2
SUPER_8,19040000,54,10,6,70,39,15,6.125
SUPER_8,19050000,47,6,1,54,25,22,15.857142
SUPER_8,19060000,13,2,1,16,2,11,10
SUPER_8,19070000,103,7,9,119,44,59,16.4375
SUPER_8,19080000,27,8,3,38,12,15,8.727273
SUPER_8,19090000,47,2,5,54,20,27,6.571429
SUPER_8,19100000,72,4,6,82,44,28,48.5
SUPER_8,19110000,68,8,9,85,36,32,11
SUPER_8,19120000,151,5,14,170,74,77,23.157894
SUPER_8,19130000,113,13,10,136,57,56,7.7826085
SUPER_8,19140000,5,1,0,6,2,3,2
SUPER_8,19150000,1,0,0,1,1,0,NaN
SUPER_8,19160000,3,0,0,3,3,0,NaN
SUPER_8,19170000,28,2,3,33,14,14,5
SUPER_8,19180000,124,8,7,139,69,55,4
SUPER_8,19190000,195,8,11,214,103,92,4.631579
SUPER_8,19200000,126,13,13,152,74,52,5.6153846
SUPER_8,19210000,93,12,4,109,48,45,7.875
SUPER_8,19220000,45,4,5,54,22,23,88.111115
SUPER_8,19230000,141,11,6,158,75,66,7.2941175
SUPER_8,19240000,21,1,1,23,12,9,5.5
SUPER_8,19250000,31,0,1,32,9,22,7
SUPER_8,19260000,79,9,8,96,42,37,15.411765
SUPER_8,19270000,141,9,9,159,68,73,4.7777777
SUPER_8,19280000,97,5,7,109,49,48,31.333334
SUPER_8,19290000,82,7,10,99,49,33,5
SUPER_8,19300000,0,0,0,0,0,0,0
SUPER_8,19310000,0,0,0,0,0,0,0
SUPER_8,19320000,131,15,22,168,60,71,3.945946
SUPER_8,19330000,85,8,9,102,38,47,4.7058825
SUPER_8,19340000,115,8,13,136,61,54,4
SUPER_8,19350000,96,10,11,117,50,46,5.7619047
SUPER_8,19360000,54,2,6,62,21,33,36
SUPER_8,19370000,104,12,5,121,55,49,8.294118
SUPER_8,19380000,160,9,22,191,74,86,11.225806
SUPER_8,19390000,147,12,8,167,78,69,62.2
SUPER_8,19400000,130,10,5,145,63,67,16.333334
SUPER_8,19410000,73,5,6,84,31,42,9.272727
SUPER_8,19420000,58,4,8,70,31,27,6.0833335
SUPER_8,19430000,146,13,8,167,68,78,3.5714285
SUPER_8,19440000,71,10,3,84,31,40,6.6153846
SUPER_8,19450000,97,5,5,107,50,47,5.7
SUPER_8,19460000,153,21,20,194,76,77,4.878049
SUPER_8,19470000,117,13,4,134,56,61,4.4117646
SUPER_8,19480000,51,1,8,60,25,26,8.222222
SUPER_8,19490000,71,2,8,81,34,37,4.7
SUPER_8,19500000,105,11,6,122,53,52,6.647059
SUPER_8,19510000,98,6,12,116,51,47,5.1666665
SUPER_8,19520000,24,0,1,25,13,11,9
SUPER_8,19530000,16,1,1,18,6,10,5.5
SUPER_8,19540000,125,5,7,137,61,64,36.333332
SUPER_8,19550000,101,7,10,118,58,43,8.882353
SUPER_8,19560000,105,6,4,115,61,44,6.9
SUPER_8,19570000,116,8,5,129,64,52,6.6923075
SUPER_8,19580000,57,3,2,62,32,25,3
SUPER_8,19590000,79,8,6,93,41,38,5.642857
SUPER_8,19600000,64,8,6,78,29,35,13.142858
SUPER_8,19610000,90,7,10,107,40,50,5.2352943
SUPER_8,19620000,194,18,9,221,98,96,8.037037
SUPER_8,19630000,143,11,15,169,68,75,13.730769
SUPER_8,19640000,71,6,7,84,34,37,4.1538463
SUPER_8,19650000,6,1,3,10,4,2,13.75
SUPER_8,19660000,148,11,7,166,88,60,6.4444447
SUPER_8,19670000,23,2,1,26,10,13,3.6666667
SUPER_8,19680000,3,0,0,3,2,1,NaN
SUPER_8,19690000,4,2,0,6,3,1,1
SUPER_8,19700000,5,1,1,7,2,3,4.5
SUPER_8,19710000,11,0,1,12,4,7,98
SUPER_8,19720000,4,0,0,4,2,2,NaN
SUPER_8,19730000,69,7,6,82,31,38,13.076923
SUPER_8,19740000,69,10,8,87,29,40,7.7222223
SUPER_8,19750000,85,5,1,91,44,41,4.5
SUPER_8,19760000,155,12,14,181,71,84,6.076923
SUPER_8,19770000,49,6,2,57,19,30,5.625
SUPER_8,19780000,99,11,6,116,55,44,6.529412
SUPER_8,19790000,90,7,11,108,40,50,27.5
SUPER_8,19800000,79,6,5,90,39,40,8.454545
SUPER_8,19810000,20,3,1,24,9,11,13.25
SUPER_8,19820000,2,1,0,3,1,1,15
SUPER_8,19830000,156,9,13,178,82,74,10.227273
SUPER_8,19840000,65,4,7,76,38,27,8.727273
SUPER_8,19850000,82,8,4,94,46,36,6.3333335
SUPER_8,19860000,110,7,14,131,57,53,7.4761906
SUPER_8,19870000,24,2,1,27,17,7,5.6666665
SUPER_8,19880000,0,0,0,0,0,0,0
SUPER_8,19890000,0,0,0,0,0,0,0
SUPER_8,19900000,2,0,0,2,1,1,NaN
SUPER_8,19910000,40,4,1,45,15,25,7
SUPER_8,19920000,79,0,5,84,35,44,5.4
SUPER_8,19930000,130,8,9,147,66,64,3.5294118
SUPER_8,19940000,111,7,7,125,55,56,10.214286
SUPER_8,19950000,116,5,8,129,67,49,20.384615
SUPER_8,19960000,81,3,6,90,41,40,19.444445
SUPER_8,19970000,48,3,7,58,32,16,8.1
SUPER_8,19980000,89,6,7,102,42,47,6.4615383
SUPER_8,19990000,135,7,4,146,74,61,4.6363635
SUPER_8,20000000,203,9,16,228,103,100,10.76
SUPER_8,20010000,118,6,10,134,60,58,8.875
SUPER_8,20020000,110,9,13,132,54,56,8.318182
SUPER_8,20030000,1,0,0,1,0,1,NaN
SUPER_8,20040000,6,0,0,6,5,1,NaN
SUPER_8,20050000,1,0,0,1,0,1,NaN
SUPER_8,20060000,3,0,0,3,1,2,NaN
SUPER_8,20070000,2,0,0,2,1,1,NaN
SUPER_8,20080000,1,0,1,2,1,0,1
SUPER_8,20090000,0,0,0,0,0,0,0
SUPER_8,20100000,0,0,0,0,0,0,0
SUPER_8,20110000,10,0,0,10,3,7,NaN
SUPER_8,20120000,0,0,0,0,0,0,0
SUPER_8,20130000,0,0,0,0,0,0,0
SUPER_8,20140000,10,1,2,13,3,7,1
SUPER_8,20150000,5,0,2,7,3,2,1.5
SUPER_8,20160000,1,1,0,2,0,1,2
SUPER_8,20170000,0,0,0,0,0,0,0
SUPER_8,20180000,0,0,0,0,0,0,0
SUPER_8,20190000,0,0,0,0,0,0,0
SUPER_8,20200000,0,0,0,0,0,0,0
SUPER_8,20210000,0,0,0,0,0,0,0
SUPER_8,20220000,6,0,2,8,4,2,1.5
SUPER_8,20230000,6,0,0,6,2,4,NaN
SUPER_8,20240000,2,0,1,3,0,2,1
SUPER_8,20250000,1,1,0,2,1,0,2
SUPER_8,20260000,39,3,4,46,20,19,14.571428
SUPER_8,20270000,78,4,12,94,33,45,6.0625
SUPER_8,20280000,92,5,6,103,53,39,9.454545
SUPER_8,20290000,29,3,1,33,17,12,43.25
SUPER_8,20300000,29,10,6,45,12,17,8
SUPER_8,20310000,11,1,1,13,6,5,3.5
SUPER_8,20320000,62,4,5,71,34,28,20.444445
SUPER_8,20330000,0,0,1,1,0,0,2
SUPER_8,20340000,1,0,1,2,0,1,8
SUPER_8,20350000,123,6,6,135,69,54,17.666666
SUPER_8,20360000,34,6,9,49,13,21,8.066667
SUPER_8,20370000,1,0,0,1,0,1,NaN
SUPER_8,20380000,3,1,0,4,2,1,2
SUPER_8,20390000,51,1,3,55,31,20,1.25
SUPER_8,20400000,74,6,9,89,38,36,2.9333334
SUPER_8,20410000,91,8,6,105,34,57,2.4285715
SUPER_8,20420000,10,1,2,13,5,5,4
SUPER_8,20430000,46,2,2,50,17,29,2
SUPER_8,20440000,95,2,9,106,51,44,5.818182
SUPER_8,20450000,108,8,8,124,53,55,8.9375
SUPER_8,20460000,40,3,3,46,18,22,7
SUPER_8,20470000,192,19,18,229,96,96,12.162162
SUPER_8,20480000,151,11,9,171,75,76,7.7
SUPER_8,20490000,145,18,10,173,75,70,11.535714
SUPER_8,20500000,0,0,0,0,0,0,0
SUPER_8,20510000,0,0,0,0,0,0,0
SUPER_8,20520000,38,5,5,48,19,19,2.6
SUPER_8,20530000,1,0,0,1,0,1,NaN
SUPER_8,20540000,29,4,5,38,12,17,4.888889
SUPER_8,20550000,78,5,3,86,38,40,3.875
SUPER_8,20560000,121,15,10,146,56,65,4.48
SUPER_8,20570000,18,2,1,21,9,9,6
SUPER_8,20580000,2,0,0,2,0,2,NaN
SUPER_8,20590000,46,3,4,53,21,25,9.571428
SUPER_8,20600000,119,10,13,142,55,64,16
SUPER_8,20610000,84,7,2,93,44,40,5.3333335
SUPER_8,20620000,103,12,10,125,40,63,7.181818
SUPER_8,20630000,86,10,8,104,38,48,5.6666665
SUPER_8,20640000,32,4,4,40,14,18,3.875
SUPER_8,20650000,19,2,5,26,8,11,7.857143
SUPER_8,20660000,2,2,0,4,0,2,11.5
SUPER_8,20670000,64,5,5,74,30,34,2.1
SUPER_8,20680000,36,2,5,43,16,20,3.5714285
SUPER_8,20690000,93,5,6,104,39,54,4.4545455
SUPER_8,20700000,65,7,3,75,37,28,19.6
SUPER_8,20710000,91,8,4,103,47,44,3.0833333
SUPER_8,20720000,150,17,12,179,77,73,22.172413
SUPER_8,20730000,0,0,0,0,0,0,0
SUPER_8,20740000,0,0,0,0,0,0,0
SUPER_8,20750000,0,0,0,0,0,0,0
SUPER_8,20760000,138,7,7,152,65,73,28.428572
SUPER_8,20770000,77,3,7,87,36,41,7.8
SUPER_8,20780000,56,5,11,72,35,21,26.75
SUPER_8,20790000,62,8,3,73,25,37,5.6363635
SUPER_8,20800000,41,4,1,46,22,19,7
SUPER_8,20810000,38,5,4,47,20,18,3.4444444
SUPER_8,20820000,28,6,0,34,15,13,7.1666665
SUPER_8,20830000,22,0,2,24,9,13,68.5
SUPER_8,20840000,1,0,0,1,1,0,NaN
SUPER_8,20850000,27,4,12,43,9,18,4.375
SUPER_8,20860000,23,1,1,25,13,10,62.5
SUPER_8,20870000,53,7,6,66,30,23,6.6153846
SUPER_8,20880000,73,7,5,85,37,36,11.75
SUPER_8,20890000,87,3,3,93,43,44,5.8333335
SUPER_8,20900000,121,9,12,142,65,56,3.4761906
SUPER_8,20910000,3,0,1,4,1,2,3
SUPER_8,20920000,16,2,1,19,7,9,8.666667
SUPER_8,20930000,58,4,8,70,38,20,5.6666665
SUPER_8,20940000,64,6,13,83,30,34,10.842105
SUPER_8,20950000,87,6,4,97,45,42,3.6
SUPER_8,20960000,21,0,1,22,10,11,6
SUPER_8,20970000,127,7,9,143,61,66,4.875
SUPER_8,20980000,106,12,8,126,51,55,7.05
SUPER_8,20990000,64,6,6,76,25,39,3.25
SUPER_8,21000000,78,11,9,98,38,40,10.2
SUPER_8,21010000,133,8,10,151,68,65,8.5
SUPER_8,21020000,146,11,18,175,72,74,21.206896
SUPER_8,21030000,101,5,11,117,53,48,3.6875
SUPER_8,21040000,24,1,4,29,10,14,14.4
SUPER_8,21050000,121,10,10,141,51,70,7.7
SUPER_8,21060000,24,0,1,25,10,14,3
SUPER_8,21070000,118,8,6,132,70,48,8.785714
SUPER_8,21080000,103,9,12,124,50,53,25.47619
SUPER_8,21090000,13,0,0,13,6,7,NaN
SUPER_8,21100000,7,0,0,7,4,3,NaN
SUPER_8,21110000,7,3,1,11,5,2,3.75
SUPER_8,21120000,31,6,4,41,19,12,3
SUPER_8,21130000,90,9,6,105,47,43,4.8
SUPER_8,21140000,59,9,7,75,30,29,12.125
SUPER_8,21150000,8,1,1,10,6,2,3.5
SUPER_8,21160000,3,0,0,3,3,0,NaN
SUPER_8,21170000,4,1,1,6,2,2,4.5
SUPER_8,21180000,2,1,0,3,0,2,1
SUPER_8,21190000,0,3,0,3,0,0,4
SUPER_8,21200000,1,0,1,2,0,1,29
SUPER_8,21210000,3,0,0,3,2,1,NaN
SUPER_8,21220000,1,1,0,2,1,0,1
SUPER_8,21230000,95,3,14,112,39,56,11.941176
SUPER_8,21240000,2,3,2,7,2,0,8.6
SUPER_8,21250000,3,1,0,4,2,1,1
SUPER_8,21260000,94,7,11,112,54,40,8.611111
SUPER_8,21270000,64,6,7,77,33,31,4.3076925
SUPER_8,21280000,90,6,5,101,44,46,8.545455
SUPER_8,21290000,28,0,2,30,10,18,1
SUPER_8,21300000,39,1,8,48,13,26,11.555555
SUPER_8,21310000,106,14,16,136,54,52,7.233333
SUPER_8,21320000,103,11,6,120,53,50,8.764706
SUPER_8,21330000,43,8,7,58,22,21,14.533334
SUPER_8,21340000,113,13,12,138,56,57,6.84
SUPER_8,21350000,100,14,11,125,43,57,4.4
SUPER_8,21360000,123,9,5,137,63,60,4.571429
SUPER_8,21370000,9,2,0,11,1,8,7.5
SUPER_8,21380000,32,2,1,35,16,16,9.666667
SUPER_8,21390000,78,2,5,85,48,30,14.571428
SUPER_8,21400000,32,6,4,42,18,14,2.4
SUPER_8,21410000,31,1,1,33,13,18,15.5
SUPER_8,21420000,0,0,0,0,0,0,0
SUPER_8,21430000,0,0,0,0,0,0,0
SUPER_8,21440000,51,1,10,62,28,23,6.090909
SUPER_8,21450000,91,6,8,105,51,40,9.214286
SUPER_8,21460000,0,0,0,0,0,0,0
SUPER_8,21470000,0,0,0,0,0,0,0
SUPER_8,21480000,0,0,0,0,0,0,0
SUPER_8,21490000,30,0,3,33,18,12,4.3333335
SUPER_8,21500000,98,7,7,112,63,35,8.714286
SUPER_8,21510000,165,9,10,184,93,72,2.8947368
SUPER_8,21520000,85,4,5,94,44,41,2.3333333
SUPER_8,21530000,64,4,5,73,24,40,3.8888888
SUPER_8,21540000,95,11,9,115,37,58,6.15
SUPER_8,21550000,75,7,6,88,39,36,3.7692308
SUPER_8,21560000,55,4,6,65,29,26,11.5
SUPER_8,21570000,82,9,6,97,40,42,17.066668
SUPER_8,21580000,98,5,7,110,50,48,5.5833335
SUPER_8,21590000,119,8,6,133,73,46,3.4285715
SUPER_8,21600000,80,6,1,87,40,40,6.714286
SUPER_8,21610000,108,5,10,123,59,49,12.066667
SUPER_8,21620000,130,11,11,152,67,63,9.681818
SUPER_8,21630000,112,13,6,131,56,56,3.5263157
SUPER_8,21640000,94,6,6,106,47,47,2.9166667
SUPER_8,21650000,96,8,7,111,44,52,10.733334
SUPER_8,21660000,130,13,9,152,79,51,3.5454545
SUPER_8,21670000,64,3,5,72,37,27,7.25
SUPER_8,21680000,1,0,0,1,0,1,NaN
SUPER_8,21690000,140,5,8,153,64,76,3.7692308
SUPER_8,21700000,97,5,12,114,50,47,6.9411764
SUPER_8,21710000,0,0,0,0,0,0,0
SUPER_8,21720000,0,0,0,0,0,0,0
SUPER_8,21730000,142,11,10,163,74,68,21.238094
SUPER_8,21740000,115,4,6,125,64,51,5.9
SUPER_8,21750000,121,5,3,129,55,66,5.875
SUPER_8,21760000,109,8,4,121,50,59,8.333333
SUPER_8,21770000,41,1,3,45,21,20,9.75
SUPER_8,21780000,79,9,5,93,36,43,4.285714
SUPER_8,21790000,0,0,1,1,0,0,8
SUPER_8,21800000,14,0,0,14,6,8,NaN
SUPER_8,21810000,27,2,1,30,12,15,16.333334
SUPER_8,21820000,73,1,9,83,33,40,3.9
SUPER_8,21830000,45,1,3,49,23,22,43.75
SUPER_8,21840000,191,10,14,215,93,98,3.2916667
SUPER_8,21850000,141,12,9,162,71,70,43.666668
SUPER_8,21860000,174,13,14,201,81,93,17.333334
SUPER_8,21870000,52,5,3,60,25,27,11.5
SUPER_8,21880000,128,10,10,148,60,68,7
SUPER_8,21890000,137,14,15,166,58,79,6.206897
SUPER_8,21900000,174,9,15,198,83,91,6.6666665
SUPER_8,21910000,129,8,7,144,75,54,2.9333334
SUPER_8,21920000,98,6,4,108,43,55,10.1
SUPER_8,21930000,227,19,17,263,106,121,19.88889
SUPER_8,21940000,123,10,11,144,65,58,9.095238
SUPER_8,21950000,74,8,6,88,40,34,26.214285
SUPER_8,21960000,86,4,6,96,38,48,5.1
SUPER_8,21970000,113,16,8,137,54,59,16.458334
SUPER_8,21980000,108,4,7,119,52,56,11.454545
SUPER_8,21990000,132,13,11,156,61,71,20.375
SUPER_8,22000000,80,5,5,90,42,38,7.3
SUPER_8,22010000,17,1,2,20,11,6,3
SUPER_8,22020000,66,2,7,75,37,29,1.6666666
SUPER_8,22030000,98,4,7,109,49,49,5
SUPER_8,22040000,118,20,12,150,58,60,12
SUPER_8,22050000,2,1,0,3,0,2,1
SUPER_8,22060000,1,0,1,2,0,1,39
SUPER_8,22070000,1,0,0,1,1,0,NaN
SUPER_8,22080000,3,2,0,5,2,1,14
SUPER_8,22090000,0,0,0,0,0,0,0
SUPER_8,22100000,0,0,0,0,0,0,0
SUPER_8,22110000,5,0,2,7,1,4,3
SUPER_8,22120000,1,2,0,3,1,0,23.5
SUPER_8,22130000,6,2,0,8,4,2,5.5
SUPER_8,22140000,0,0,1,1,0,0,1
SUPER_8,22150000,2,0,0,2,2,0,NaN
SUPER_8,22160000,32,3,3,38,18,14,4.5
SUPER_8,22170000,28,8,5,41,13,15,3
SUPER_8,22180000,72,6,14,92,29,43,5.25
SUPER_8,22190000,0,0,0,0,0,0,0
SUPER_8,22200000,0,0,0,0,0,0,0
SUPER_8,22210000,76,7,7,90,34,42,9.071428
SUPER_8,22220000,85,12,4,101,47,38,8.25
SUPER_8,22230000,125,7,6,138,60,65,13.153846
SUPER_8,22240000,54,3,7,64,26,28,7.6
SUPER_8,22250000,116,8,14,138,52,64,18
SUPER_8,22260000,121,7,8,136,55,66,14.266666
SUPER_8,22270000,104,8,9,121,59,45,4
SUPER_8,22280000,14,0,0,14,7,7,NaN
SUPER_8,22290000,3,0,0,3,1,2,NaN
SUPER_8,22300000,4,0,0,4,2,2,NaN
SUPER_8,22310000,55,4,8,67,28,27,2.6666667
SUPER_8,22320000,40,2,9,51,20,20,10.909091
SUPER_8,22330000,107,7,11,125,61,46,5.3333335
SUPER_8,22340000,58,6,4,68,28,30,4.9
SUPER_8,22350000,12,2,0,14,7,5,9
SUPER_8,22360000,69,5,11,85,35,34,7.0625
SUPER_8,22370000,36,3,3,42,17,19,14.833333
SUPER_8,22380000,117,16,15,148,49,68,8.83871
SUPER_8,22390000,28,3,1,32,14,14,10.5
SUPER_8,22400000,55,7,3,65,23,32,7.4
SUPER_8,22410000,2,0,0,2,1,1,NaN
SUPER_8,22420000,2,0,0,2,0,2,NaN
SUPER_8,22430000,2,0,1,3,1,1,4
SUPER_8,22440000,3,1,1,5,0,3,1
SUPER_8,22450000,2,2,1,5,0,2,1.3333334
SUPER_8,22460000,0,1,1,2,0,0,1.5
SUPER_8,22470000,1,1,0,2,1,0,1
SUPER_8,22480000,93,6,4,103,51,42,6.6
SUPER_8,22490000,115,6,10,131,60,55,8.1875
SUPER_8,22500000,22,0,2,24,10,12,3.5
SUPER_8,22510000,73,7,5,85,35,38,4.5
SUPER_8,22520000,95,7,8,110,48,47,5.866667
SUPER_8,22530000,103,14,8,125,48,55,5.409091
SUPER_8,22540000,101,6,6,113,44,57,6.75
SUPER_8,22550000,64,7,13,84,30,34,9
SUPER_8,22560000,97,7,9,113,57,40,7.125
SUPER_8,22570000,59,4,6,69,24,35,2.8
SUPER_8,22580000,74,4,7,85,38,36,16.272728
SUPER_8,22590000,72,4,11,87,38,34,8.333333
SUPER_8,22600000,14,0,2,16,7,7,3.5
SUPER_8,22610000,3,1,0,4,1,2,2
SUPER_8,22620000,17,1,1,19,6,11,7
SUPER_8,22630000,65,7,7,79,30,35,4.571429
SUPER_8,22640000,30,4,3,37,20,10,9
SUPER_8,22650000,95,4,10,109,46,49,4.5
SUPER_8,22660000,2,0,0,2,1,1,NaN
SUPER_8,22670000,1,0,1,2,0,1,1
SUPER_8,22680000,3,2,1,6,2,1,2
SUPER_8,22690000,1,0,0,1,0,1,NaN
SUPER_8,22700000,2,1,1,4,0,2,15.5
SUPER_8,22710000,1,0,0,1,1,0,NaN
SUPER_8,22720000,17,0,3,20,9,8,1
SUPER_8,22730000,3,2,1,6,2,1,16.333334
SUPER_8,22740000,0,2,2,4,0,0,2.25
SUPER_8,22750000,0,0,1,1,0,0,2
SUPER_8,22760000,0,0,0,0,0,0,0
SUPER_8,22770000,0,0,0,0,0,0,0
SUPER_8,22780000,0,0,0,0,0,0,0
SUPER_8,22790000,0,0,2,2,0,0,2
SUPER_8,22800000,1,0,0,1,1,0,NaN
SUPER_8,22810000,0,0,0,0,0,0,0
SUPER_8,22820000,0,0,0,0,0,0,0
SUPER_8,22830000,5,0,1,6,1,4,4
SUPER_8,22840000,8,0,1,9,4,4,6
SUPER_8,22850000,3,0,0,3,1,2,NaN
SUPER_8,22860000,0,1,0,1,0,0,18
SUPER_8,22870000,79,2,8,89,41,38,3.1
SUPER_8,22880000,148,8,7,163,72,76,24.266666
SUPER_8,22890000,172,15,20,207,101,71,5.9714284
SUPER_8,22900000,155,3,14,172,87,68,5.4117646
SUPER_8,22910000,106,16,3,125,52,54,4.3157897
SUPER_8,22920000,63,4,7,74,31,32,4.6363635
SUPER_8,22930000,159,9,7,175,80,79,42.8125
SUPER_8,22940000,143,4,8,155,63,80,6.3333335
SUPER_8,22950000,25,1,2,28,11,14,5.3333335
SUPER_8,22960000,65,2,4,71,37,28,1.8333334
SUPER_8,22970000,104,10,9,123,56,48,12.315789
SUPER_8,22980000,62,1,3,66,35,27,2
SUPER_8,22990000,11,2,3,16,6,5,12.2
SUPER_8,23000000,11,1,1,13,4,7,3.5
SUPER_8,23010000,113,8,17,138,67,46,15.96
SUPER_8,23020000,118,12,11,141,61,57,6.7826085
SUPER_8,23030000,53,2,1,56,30,23,4.3333335
SUPER_8,23040000,109,10,5,124,56,53,6.733333
SUPER_8,23050000,153,8,17,178,76,77,7.76
SUPER_8,23060000,148,7,8,163,77,71,4.8
SUPER_8,23070000,172,8,17,197,88,84,10.72
SUPER_8,23080000,80,3,9,92,47,33,5.1666665
SUPER_8,23090000,63,3,5,71,33,30,9.5
SUPER_8,23100000,56,9,5,70,23,33,3.7857144
SUPER_8,23110000,107,9,6,122,42,65,4.6666665
SUPER_8,23120000,130,13,10,153,70,60,4.3913045
SUPER_8,23130000,72,10,7,89,35,37,2.8823528
SUPER_8,23140000,61,3,5,69,31,30,5.25
SUPER_8,23150000,99,6,15,120,39,60,4.571429
SUPER_8,23160000,90,7,5,102,44,46,8.833333
SUPER_8,23170000,26,8,5,39,15,11,5.923077
SUPER_8,23180000,2,1,2,5,1,1,1.3333334
SUPER_8,23190000,0,0,0,0,0,0,0
SUPER_8,23200000,0,0,0,0,0,0,0
SUPER_8,23210000,29,5,5,39,13,16,5.6
SUPER_8,23220000,90,6,14,110,42,48,20.1
SUPER_8,23230000,51,5,1,57,23,28,90.833336
SUPER_8,23240000,2,0,0,2,1,1,NaN
SUPER_8,23250000,52,1,1,54,22,30,6
SUPER_8,23260000,115,6,15,136,63,52,6.3333335
SUPER_8,23270000,145,8,10,163,78,67,18.11111
SUPER_8,23280000,97,3,12,112,51,46,6.3333335
SUPER_8,23290000,121,10,10,141,51,70,4.5
SUPER_8,23300000,160,13,13,186,85,75,6.4615383
SUPER_8,23310000,59,7,6,72,27,32,3.1538463
SUPER_8,23320000,146,12,9,167,70,76,6.571429
SUPER_8,23330000,63,7,5,75,29,34,3.8333333
SUPER_8,23340000,43,1,2,46,25,18,47.333332
SUPER_8,23350000,25,2,2,29,11,14,3.25
SUPER_8,23360000,39,2,2,43,27,12,4.75
SUPER_8,23370000,0,0,0,0,0,0,0
SUPER_8,23380000,0,0,0,0,0,0,0
SUPER_8,23390000,58,6,2,66,28,30,4.875
SUPER_8,23400000,113,6,5,124,68,45,7.818182
SUPER_8,23410000,60,4,5,69,29,31,2.2222223
SUPER_8,23420000,82,7,9,98,39,43,17.375
SUPER_8,23430000,77,5,10,92,46,31,7.8
SUPER_8,23440000,127,12,19,158,59,68,4.419355
SUPER_8,23450000,157,12,11,180,82,75,4.521739
SUPER_8,23460000,94,7,5,106,45,49,17.333334
SUPER_8,23470000,238,13,19,270,125,113,9.40625
SUPER_8,23480000,110,10,13,133,58,52,16.434782
SUPER_8,23490000,141,8,7,156,68,73,41.866665
SUPER_8,23500000,162,16,14,192,76,86,10.433333
SUPER_8,23510000,0,0,0,0,0,0,0
SUPER_8,23520000,0,0,0,0,0,0,0
SUPER_8,23530000,98,8,10,116,45,53,6.888889
SUPER_8,23540000,91,5,2,98,40,51,8.142858
SUPER_8,23550000,144,18,11,173,75,69,11.689655
SUPER_8,23560000,71,2,8,81,32,39,23.4
SUPER_8,23570000,55,3,7,65,26,29,9.3
SUPER_8,23580000,143,9,11,163,60,83,7.15
SUPER_8,23590000,166,9,17,192,87,79,42.03846
SUPER_8,23600000,51,7,5,63,32,19,32.416668
SUPER_8,23610000,112,4,7,123,50,62,15.272727
SUPER_8,23620000,191,0,1,192,102,89,75
SUPER_8,23630000,73,0,3,76,29,44,17.666666
SUPER_8,23640000,3,1,1,5,1,2,1.5
SUPER_8,23650000,9,1,2,12,4,5,27.333334
SUPER_8,23660000,140,7,11,158,68,72,6.388889
SUPER_8,23670000,136,9,7,152,67,69,3.0625
SUPER_8,23680000,118,5,8,131,60,58,26.153847
SUPER_8,23690000,72,3,4,79,32,40,3.857143
SUPER_8,23700000,67,2,3,72,29,38,26.6
SUPER_8,23710000,71,5,6,82,38,33,11.090909
SUPER_8,23720000,119,8,11,138,56,63,14.105263
SUPER_8,23730000,70,3,9,82,36,34,2.5833333
SUPER_8,23740000,100,6,2,108,53,47,2.875
SUPER_8,23750000,116,7,7,130,65,51,3.7142856
SUPER_8,23760000,35,2,5,42,17,18,5.142857
SUPER_8,23770000,55,2,5,62,24,31,4.571429
SUPER_8,23780000,28,2,3,33,18,10,3.6
SUPER_8,23790000,93,10,10,113,37,56,3.5
SUPER_8,23800000,37,4,3,44,23,14,8.285714
SUPER_8,23810000,81,5,6,92,41,40,6.7272725
SUPER_8,23820000,219,10,16,245,108,111,21.653847
SUPER_8,23830000,6,1,1,8,1,5,5.5
SUPER_8,23840000,20,1,2,23,11,9,77
SUPER_8,23850000,121,9,8,138,56,65,6.0588236
SUPER_8,23860000,121,8,10,139,66,55,4.0555553
SUPER_8,23870000,50,3,6,59,15,35,7.4444447
SUPER_8,23880000,106,3,11,120,47,59,17.857143
SUPER_8,23890000,0,1,0,1,0,0,2
SUPER_8,23900000,29,3,2,34,15,14,24.6
SUPER_8,23910000,19,2,6,27,8,11,5.875
SUPER_8,23920000,77,8,5,90,38,39,7.6153846
SUPER_8,23930000,106,7,12,125,64,42,5.631579
SUPER_8,23940000,74,4,7,85,29,45,15.454545
SUPER_8,23950000,113,8,11,132,61,52,4.4736843
SUPER_8,23960000,52,1,3,56,29,23,14
SUPER_8,23970000,70,11,8,89,36,34,5.894737
SUPER_8,23980000,112,7,13,132,50,62,9
SUPER_8,23990000,88,7,11,106,46,42,5.3333335
SUPER_8,24000000,70,8,12,90,27,43,16
SUPER_8,24010000,80,7,11,98,39,41,3.5555556
SUPER_8,24020000,144,26,16,186,74,70,6.357143
SUPER_8,24030000,120,6,11,137,67,53,10.294118
SUPER_8,24040000,143,10,19,172,68,75,5.448276
SUPER_8,24050000,0,0,0,0,0,0,0
SUPER_8,24060000,0,0,0,0,0,0,0
SUPER_8,24070000,112,8,6,126,58,54,7.857143
SUPER_8,24080000,40,4,9,53,21,19,7.1538463
SUPER_8,24090000,52,7,4,63,22,30,3.909091
SUPER_8,24100000,1,0,0,1,1,0,NaN
SUPER_8,24110000,3,0,1,4,1,2,1
SUPER_8,24120000,66,6,9,81,28,38,2.8
SUPER_8,24130000,197,17,15,229,94,103,5.59375
SUPER_8,24140000,14,1,1,16,9,5,2
SUPER_8,24150000,129,14,10,153,64,65,6.0416665
SUPER_8,24160000,147,10,15,172,84,63,3.16
SUPER_8,24170000,121,12,5,138,66,55,7.352941
SUPER_8,24180000,63,8,6,77,38,25,13.214286
SUPER_8,24190000,5,3,0,8,4,1,4
SUPER_8,24200000,72,5,5,82,44,28,8.8
SUPER_8,24210000,89,4,5,98,53,36,6.4444447
SUPER_8,24220000,129,9,7,145,67,62,7.75
SUPER_8,24230000,121,15,10,146,56,65,10.8
SUPER_8,24240000,139,13,15,167,78,61,4.357143
SUPER_8,24250000,90,4,7,101,41,49,7.2727275
SUPER_8,24260000,149,13,7,169,72,77,3.8
SUPER_8,24270000,0,0,0,0,0,0,0
SUPER_8,24280000,0,0,0,0,0,0,0
SUPER_8,24290000,154,7,16,177,82,72,8.434783
SUPER_8,24300000,41,1,2,44,25,16,12
SUPER_8,24310000,71,4,6,81,34,37,5.6
SUPER_8,24320000,5,0,1,6,2,3,157
SUPER_8,24330000,3,0,1,4,1,2,2
SUPER_8,24340000,1,0,1,2,1,0,4
SUPER_8,24350000,91,4,12,107,51,40,6.1875
SUPER_8,24360000,42,6,2,50,20,22,7.75
SUPER_8,24370000,34,3,2,39,21,13,8
SUPER_8,24380000,101,8,9,118,54,47,13.235294
SUPER_8,24390000,111,10,10,131,62,49,5.6
SUPER_8,24400000,22,1,3,26,11,11,13
SUPER_8,24410000,120,6,4,130,64,56,2.3
SUPER_8,24420000,15,0,1,16,9,6,1
SUPER_8,24430000,159,9,12,180,80,79,11.380953
SUPER_8,24440000,151,12,14,177,72,79,7.0384617
SUPER_8,24450000,137,11,5,153,65,72,5.8125
SUPER_8,24460000,144,12,8,164,70,74,28.65
SUPER_8,24470000,89,7,11,107,48,41,4.2777777
SUPER_8,24480000,87,5,8,100,38,49,4.6153846
SUPER_8,24490000,1,0,1,2,1,0,37
SUPER_8,24500000,1,0,0,1,0,1,NaN
SUPER_8,24510000,116,17,5,138,55,61,7
SUPER_8,24520000,34,2,2,38,21,13,2.25
SUPER_8,24530000,1,0,1,2,1,0,91
SUPER_8,24540000,2,1,0,3,2,0,1
SUPER_8,24550000,20,2,1,23,7,13,1.3333334
SUPER_8,24560000,136,7,10,153,63,73,5.9411764
SUPER_8,24570000,189,9,19,217,103,86,6.035714
SUPER_8,24580000,95,3,3,101,47,48,17
SUPER_8,24590000,0,0,1,1,0,0,1
SUPER_8,24600000,25,2,2,29,16,9,5.25
SUPER_8,24610000,195,8,14,217,102,93,9.5
SUPER_8,24620000,91,11,4,106,42,49,5.0666666
SUPER_8,24630000,126,13,8,147,66,60,9.761905
SUPER_8,24640000,97,7,13,117,49,48,11.95
SUPER_8,24650000,31,3,0,34,18,13,2.6666667
SUPER_8,24660000,39,7,2,48,21,18,16
SUPER_8,24670000,32,2,1,35,18,14,5.3333335
SUPER_8,24680000,89,5,8,102,41,48,18.538462
SUPER_8,24690000,90,4,6,100,54,36,34.4
SUPER_8,24700000,134,8,10,152,73,61,6.6666665
SUPER_8,24710000,111,6,10,127,60,51,42.0625
SUPER_8,24720000,164,4,11,179,78,86,16.666666
SUPER_8,24730000,90,7,8,105,45,45,5.4666667
SUPER_8,24740000,68,5,7,80,36,32,3.8333333
SUPER_8,24750000,89,15,10,114,37,52,3.64
SUPER_8,24760000,123,18,13,154,60,63,6.419355
SUPER_8,24770000,98,9,12,119,51,47,8.238095
SUPER_8,24780000,10,0,2,12,3,7,2.5
SUPER_8,24790000,2,0,0,2,2,0,NaN
SUPER_8,24800000,3,0,0,3,0,3,NaN
SUPER_8,24810000,3,0,0,3,1,2,NaN
SUPER_8,24820000,27,2,1,30,16,11,7.3333335
SUPER_8,24830000,139,11,15,165,78,61,12.153846
SUPER_8,24840000,165,14,14,193,77,88,4.75
SUPER_8,24850000,113,15,10,138,61,52,4.76
SUPER_8,24860000,65,1,6,72,37,28,10.714286
SUPER_8,24870000,59,8,5,72,34,25,12.153846
SUPER_8,24880000,98,4,11,113,45,53,2.7333333
SUPER_8,24890000,82,10,5,97,36,46,6.6
SUPER_8,24900000,128,10,13,151,54,74,5.695652
SUPER_8,24910000,85,9,11,105,36,49,4.45
SUPER_8,24920000,107,14,10,131,59,48,12.083333
SUPER_8,24930000,105,7,6,118,64,41,33.307693
SUPER_8,24940000,106,6,5,117,45,61,2.909091
SUPER_8,24950000,48,2,2,52,28,20,2.75
SUPER_8,24960000,60,2,3,65,37,23,7.4
SUPER_8,24970000,139,11,8,158,77,62,4
SUPER_8,24980000,175,11,7,193,108,67,4
SUPER_8,24990000,24,2,3,29,13,11,5
SUPER_8,25000000,11,2,1,14,6,5,13.333333
SUPER_8,25010000,24,0,2,26,9,15,5.5
SUPER_8,25020000,18,4,2,24,10,8,18.5
SUPER_8,25030000,66,8,8,82,27,39,8.375
SUPER_8,25040000,1,0,0,1,1,0,NaN
SUPER_8,25050000,44,2,10,56,21,23,4.4166665
SUPER_8,25060000,62,10,8,80,26,36,4.7222223
SUPER_8,25070000,66,6,7,79,38,28,4.6923075
SUPER_8,25080000,39,7,2,48,20,19,11
SUPER_8,25090000,2,1,0,3,1,1,6
SUPER_8,25100000,2,1,0,3,1,1,11
SUPER_8,25110000,31,0,1,32,18,13,4
SUPER_8,25120000,3,0,0,3,2,1,NaN
SUPER_8,25130000,1,0,0,1,0,1,NaN
SUPER_8,25140000,91,11,11,113,51,40,5.409091
SUPER_8,25150000,101,4,5,110,49,52,11.333333
SUPER_8,25160000,34,4,3,41,16,18,6.714286
SUPER_8,25170000,23,3,1,27,12,11,2.5
SUPER_8,25180000,159,9,15,183,81,78,8.25
SUPER_8,25190000,99,7,3,109,57,42,15
SUPER_8,25200000,1,0,0,1,1,0,NaN
SUPER_8,25210000,1,0,0,1,0,1,NaN
SUPER_8,25220000,2,0,0,2,2,0,NaN
SUPER_8,25230000,1,1,0,2,0,1,1
SUPER_8,25240000,83,7,5,95,42,41,8.666667
SUPER_8,25250000,0,0,0,0,0,0,0
SUPER_8,25260000,0,0,0,0,0,0,0
SUPER_8,25270000,26,3,0,29,17,9,2.3333333
SUPER_8,25280000,26,1,7,34,11,15,5.125
SUPER_8,25290000,46,4,5,55,25,21,4.7777777
SUPER_8,25300000,144,4,8,156,70,74,6
SUPER_8,25310000,192,11,15,218,105,87,14.153846
SUPER_8,25320000,30,1,2,33,16,14,4
SUPER_8,25330000,72,1,4,77,36,36,8.4
SUPER_8,25340000,48,3,7,58,19,29,2.2
SUPER_8,25350000,31,3,6,40,15,16,6.888889
SUPER_8,25360000,72,4,5,81,30,42,2.5555556
SUPER_8,25370000,185,5,5,195,90,95,5.5
SUPER_8,25380000,68,8,4,80,28,40,4
SUPER_8,25390000,151,11,11,173,69,82,19.59091
SUPER_8,25400000,183,23,10,216,82,101,4.848485
SUPER_8,25410000,11,2,0,13,4,7,6.5
SUPER_8,25420000,1,0,0,1,0,1,NaN
SUPER_8,25430000,42,1,2,45,25,17,19
SUPER_8,25440000,1,0,0,1,1,0,NaN
SUPER_8,25450000,33,2,2,37,20,13,3.75
SUPER_8,25460000,85,4,3,92,44,41,7
SUPER_8,25470000,1,1,2,4,1,0,1.3333334
SUPER_8,25480000,84,4,10,98,36,48,3
SUPER_8,25490000,137,13,15,165,65,72,7.464286
SUPER_8,25500000,177,12,15,204,90,87,7.888889
SUPER_8,25510000,173,25,17,215,75,98,7.2619047
SUPER_8,25520000,113,16,9,138,59,54,5.76
SUPER_8,25530000,32,1,1,34,17,15,3
SUPER_8,25540000,54,5,7,66,18,36,4.9166665
SUPER_8,25550000,14,1,1,16,11,3,4
SUPER_8,25560000,20,3,4,27,11,9,3.857143
SUPER_8,25570000,38,4,0,42,16,22,2.25
SUPER_8,25580000,105,4,7,116,51,54,9.272727
SUPER_8,25590000,4,0,0,4,1,3,NaN
SUPER_8,25600000,4,0,0,4,3,1,NaN
SUPER_8,25610000,63,4,6,73,35,28,5.2
SUPER_8,25620000,62,6,3,71,30,32,10.222222
SUPER_8,25630000,126,12,9,147,60,66,6.095238
SUPER_8,25640000,59,6,4,69,26,33,4.9
SUPER_8,25650000,0,0,0,0,0,0,0
SUPER_8,25660000,0,0,0,0,0,0,0
SUPER_8,25670000,4,1,1,6,1,3,2
SUPER_8,25680000,1,0,0,1,0,1,NaN
SUPER_8,25690000,34,2,4,40,14,20,4.8333335
SUPER_8,25700000,43,3,3,49,20,23,1.8333334
SUPER_8,25710000,92,9,17,118,57,35,4.5384617
SUPER_8,25720000,0,0,0,0,0,0,0
SUPER_8,25730000,0,0,0,0,0,0,0
SUPER_8,25740000,0,0,0,0,0,0,0
SUPER_8,25750000,167,13,17,197,72,95,11.1
SUPER_8,25760000,59,2,3,64,32,27,1.4
SUPER_8,25770000,0,0,0,0,0,0,0
SUPER_8,25780000,0,0,0,0,0,0,0
SUPER_8,25790000,82,4,4,90,39,43,6.25
SUPER_8,25800000,193,9,16,218,99,94,11.44
SUPER_8,25810000,183,13,17,213,96,87,5.9666667
SUPER_8,25820000,94,11,6,111,49,45,5.882353
SUPER_8,25830000,58,4,3,65,31,27,4.714286
SUPER_8,25840000,98,9,4,111,51,47,3.4615386
SUPER_8,25850000,69,9,16,94,39,30,5.32
SUPER_8,25860000,206,11,15,232,107,99,8.461538
SUPER_8,25870000,193,13,15,221,102,91,8.071428
SUPER_8,25880000,143,8,16,167,63,80,9.875
SUPER_8,25890000,93,7,4,104,51,42,7.909091
SUPER_8,25900000,10,2,0,12,5,5,5
SUPER_8,25910000,10,1,3,14,5,5,5
SUPER_8,25920000,0,0,0,0,0,0,0
SUPER_8,25930000,0,0,0,0,0,0,0
SUPER_8,25940000,21,2,1,24,9,12,4.3333335
SUPER_8,25950000,15,1,7,23,5,10,6.25
SUPER_8,25960000,1,1,0,2,0,1,1
SUPER_8,25970000,27,3,2,32,14,13,7.6
SUPER_8,25980000,0,0,0,0,0,0,0
SUPER_8,25990000,0,0,0,0,0,0,0
SUPER_8,26000000,0,0,0,0,0,0,0
SUPER_8,26010000,0,0,0,0,0,0,0
SUPER_8,26020000,0,0,0,0,0,0,0
SUPER_8,26030000,201,13,16,230,106,95,11.310345
SUPER_8,26040000,10,2,5,17,5,5,4.857143
SUPER_8,26050000,0,0,0,0,0,0,0
SUPER_8,26060000,0,0,0,0,0,0,0
SUPER_8,26070000,0,0,0,0,0,0,0
SUPER_8,26080000,13,3,4,20,8,5,15.428572
SUPER_8,26090000,13,3,1,17,8,5,24.25
SUPER_8,26100000,0,0,0,0,0,0,0
SUPER_8,26110000,0,0,0,0,0,0,0
SUPER_8,26120000,0,0,0,0,0,0,0
SUPER_8,26130000,0,0,0,0,0,0,0
SUPER_8,26140000,0,0,0,0,0,0,0
SUPER_8,26150000,0,0,0,0,0,0,0
SUPER_8,26160000,0,0,0,0,0,0,0
SUPER_8,26170000,0,0,0,0,0,0,0
SUPER_8,26180000,0,0,0,0,0,0,0
SUPER_8,26190000,0,0,0,0,0,0,0
SUPER_8,26200000,0,0,0,0,0,0,0
SUPER_8,26210000,0,0,0,0,0,0,0
SUPER_8,26220000,0,0,0,0,0,0,0
SUPER_8,26230000,0,0,0,0,0,0,0
SUPER_8,26240000,0,0,0,0,0,0,0
SUPER_8,26250000,0,0,0,0,0,0,0
SUPER_8,26260000,0,0,0,0,0,0,0
SUPER_8,26270000,0,0,0,0,0,0,0
SUPER_8,26280000,0,0,0,0,0,0,0
SUPER_8,26290000,0,0,0,0,0,0,0
SUPER_8,26300000,0,0,0,0,0,0,0
SUPER_8,26310000,0,0,0,0,0,0,0
SUPER_8,26320000,0,0,0,0,0,0,0
SUPER_8,26330000,0,0,0,0,0,0,0
SUPER_8,26340000,0,0,0,0,0,0,0
SUPER_8,26350000,0,0,0,0,0,0,0
SUPER_8,26360000,0,0,0,0,0,0,0
SUPER_8,26370000,82,8,5,95,48,34,4.8461537
SUPER_8,26380000,221,14,18,253,125,96,6.96875
SUPER_8,26390000,0,0,0,0,0,0,0
SUPER_8,26400000,0,0,0,0,0,0,0
SUPER_8,26410000,46,4,6,56,25,21,4
SUPER_8,26420000,114,3,7,124,67,47,3.6
SUPER_8,26430000,126,12,6,144,72,54,8
SUPER_8,26440000,0,0,0,0,0,0,0
SUPER_8,26450000,0,0,0,0,0,0,0
SUPER_8,26460000,0,0,0,0,0,0,0
SUPER_8,26470000,0,0,0,0,0,0,0
SUPER_8,26480000,10,2,1,13,4,6,1.3333334
SUPER_8,26490000,6,2,0,8,1,5,3
SUPER_8,26500000,25,1,2,28,17,8,2.6666667
SUPER_8,26510000,0,1,1,2,0,0,1
SUPER_8,26520000,63,4,2,69,33,30,3.3333333
SUPER_8,26530000,44,6,2,52,25,19,2.625
SUPER_8,26540000,0,0,0,0,0,0,0
SUPER_8,26550000,0,0,0,0,0,0,0
SUPER_8,26560000,0,0,0,0,0,0,0
SUPER_8,26570000,0,0,0,0,0,0,0
SUPER_8,26580000,0,0,0,0,0,0,0
SUPER_8,26590000,0,0,0,0,0,0,0
SUPER_8,26600000,0,0,0,0,0,0,0
SUPER_8,26610000,0,0,0,0,0,0,0
SUPER_8,26620000,0,0,0,0,0,0,0
SUPER_8,26630000,0,0,0,0,0,0,0
SUPER_8,26640000,0,0,0,0,0,0,0
SUPER_8,26650000,0,0,0,0,0,0,0
SUPER_8,26660000,102,4,6,112,52,50,2.8
SUPER_8,26670000,0,0,0,0,0,0,0
SUPER_8,26680000,0,0,0,0,0,0,0
SUPER_8,26690000,0,0,0,0,0,0,0
SUPER_8,26700000,0,0,0,0,0,0,0
SUPER_8,26710000,0,0,0,0,0,0,0
SUPER_8,26720000,169,7,13,189,86,83,4.6
SUPER_8,26730000,37,1,4,42,20,17,2.4
SUPER_8,26740000,59,4,6,69,25,34,3.2
SUPER_8,26750000,133,4,4,141,79,54,6.375
SUPER_8,26760000,111,6,4,121,57,54,6.6
SUPER_8,26770000,140,5,15,160,71,69,34.4
SUPER_8,26780000,129,4,6,139,61,68,4.6
SUPER_8,26790000,19,2,0,21,12,7,2.5
SUPER_8,26800000,0,0,0,0,0,0,0
SUPER_8,26810000,0,0,0,0,0,0,0
SUPER_8,26820000,35,5,2,42,15,20,6.714286
SUPER_8,26830000,0,0,0,0,0,0,0
SUPER_8,26840000,0,0,0,0,0,0,0
SUPER_8,26850000,0,0,0,0,0,0,0
SUPER_8,26860000,0,0,0,0,0,0,0
SUPER_8,26870000,0,0,0,0,0,0,0
SUPER_8,26880000,0,0,0,0,0,0,0
SUPER_8,26890000,0,0,0,0,0,0,0
SUPER_8,26900000,0,0,0,0,0,0,0
SUPER_8,26910000,0,0,0,0,0,0,0
SUPER_8,26920000,0,0,0,0,0,0,0
SUPER_8,26930000,0,0,0,0,0,0,0
SUPER_8,26940000,0,0,0,0,0,0,0
SUPER_8,26950000,0,0,0,0,0,0,0
SUPER_8,26960000,0,0,0,0,0,0,0
SUPER_8,26970000,0,0,0,0,0,0,0
SUPER_8,26980000,1,1,2,4,0,1,1.6666666
SUPER_8,26990000,0,0,0,0,0,0,0
SUPER_8,27000000,0,0,0,0,0,0,0
SUPER_8,27010000,0,0,0,0,0,0,0
SUPER_8,27020000,0,0,0,0,0,0,0
SUPER_8,27030000,0,0,0,0,0,0,0
SUPER_8,27040000,0,0,0,0,0,0,0
SUPER_8,27050000,0,0,0,0,0,0,0
SUPER_8,27060000,0,0,0,0,0,0,0
SUPER_8,27070000,0,0,0,0,0,0,0
SUPER_8,27080000,0,0,0,0,0,0,0
SUPER_8,27090000,12,3,0,15,8,4,5.6666665
SUPER_8,27100000,75,3,1,79,48,27,6
SUPER_8,27110000,226,12,12,250,123,103,6
SUPER_8,27120000,65,4,5,74,39,26,4.4444447
SUPER_8,27130000,4,0,1,5,2,2,9
SUPER_8,27140000,111,3,10,124,69,42,6.923077
SUPER_8,27150000,122,7,8,137,63,59,4.133333
SUPER_8,27160000,133,8,12,153,74,59,21.9
SUPER_8,27170000,4,1,0,5,1,3,1
SUPER_8,27180000,0,1,2,3,0,0,2.3333333
SUPER_8,27190000,0,0,0,0,0,0,0
SUPER_8,27200000,0,0,0,0,0,0,0
SUPER_8,27210000,40,4,4,48,23,17,9.375
SUPER_8,27220000,47,9,4,60,18,29,5.6923075
SUPER_8,27230000,64,8,3,75,38,26,4.090909
SUPER_8,27240000,173,4,8,185,89,84,14.666667
SUPER_8,27250000,0,0,0,0,0,0,0
SUPER_8,27260000,0,0,0,0,0,0,0
SUPER_8,27270000,0,0,0,0,0,0,0
SUPER_8,27280000,0,0,0,0,0,0,0
SUPER_8,27290000,0,0,0,0,0,0,0
SUPER_8,27300000,100,10,5,115,55,45,3.4
SUPER_8,27310000,0,0,0,0,0,0,0
SUPER_8,27320000,0,0,0,0,0,0,0
SUPER_8,27330000,0,0,0,0,0,0,0
SUPER_8,27340000,0,0,0,0,0,0,0
SUPER_8,27350000,0,0,0,0,0,0,0
SUPER_8,27360000,3,0,2,5,2,1,1
SUPER_8,27370000,0,0,0,0,0,0,0
SUPER_8,27380000,0,0,0,0,0,0,0
SUPER_8,27390000,0,2,0,2,0,0,1.5
SUPER_8,27400000,84,7,5,96,47,37,41.083332
SUPER_8,27410000,0,0,0,0,0,0,0
SUPER_8,27420000,0,0,0,0,0,0,0
SUPER_8,27430000,0,0,0,0,0,0,0
SUPER_8,27440000,0,0,0,0,0,0,0
SUPER_8,27450000,0,0,0,0,0,0,0
SUPER_8,27460000,0,0,0,0,0,0,0
SUPER_8,27470000,0,0,0,0,0,0,0
SUPER_8,27480000,0,0,0,0,0,0,0
SUPER_8,27490000,199,16,9,224,109,90,11.28
SUPER_8,27500000,0,0,0,0,0,0,0
SUPER_8,27510000,0,0,0,0,0,0,0
SUPER_8,27520000,0,0,0,0,0,0,0
SUPER_8,27530000,0,0,0,0,0,0,0
SUPER_8,27540000,0,0,0,0,0,0,0
SUPER_8,27550000,0,0,0,0,0,0,0
SUPER_8,27560000,0,0,0,0,0,0,0
SUPER_8,27570000,0,0,0,0,0,0,0
SUPER_8,27580000,0,0,0,0,0,0,0
SUPER_8,27590000,0,0,0,0,0,0,0
SUPER_8,27600000,0,0,0,0,0,0,0
SUPER_8,27610000,0,0,0,0,0,0,0
SUPER_8,27620000,0,0,0,0,0,0,0
SUPER_8,27630000,0,0,0,0,0,0,0
SUPER_8,27640000,0,0,0,0,0,0,0
SUPER_8,27650000,0,0,0,0,0,0,0
SUPER_8,27660000,0,0,0,0,0,0,0
SUPER_8,27670000,0,0,0,0,0,0,0
SUPER_8,27680000,0,0,0,0,0,0,0
SUPER_8,27690000,0,0,0,0,0,0,0
SUPER_8,27700000,0,0,0,0,0,0,0
SUPER_8,27710000,0,0,0,0,0,0,0
SUPER_8,27720000,0,0,0,0,0,0,0
SUPER_8,27730000,0,0,0,0,0,0,0
SUPER_8,27740000,0,0,0,0,0,0,0
SUPER_8,27750000,125,5,5,135,73,52,4.1
SUPER_8,27760000,85,10,8,103,33,52,2.3333333
SUPER_8,27770000,54,0,5,59,34,20,3
SUPER_8,27780000,103,11,4,118,53,50,10.933333
SUPER_8,27790000,121,7,9,137,59,62,20.75
SUPER_8,27800000,0,0,0,0,0,0,0
SUPER_8,27810000,0,0,0,0,0,0,0
SUPER_8,27820000,0,0,0,0,0,0,0
SUPER_8,27830000,0,0,0,0,0,0,0
SUPER_8,27840000,114,11,6,131,53,61,12.764706
SUPER_8,27850000,82,2,6,90,51,31,4.75
SUPER_8,27860000,0,0,0,0,0,0,0
SUPER_8,27870000,0,0,0,0,0,0,0
SUPER_8,27880000,0,0,0,0,0,0,0
SUPER_8,27890000,0,0,0,0,0,0,0
SUPER_8,27900000,0,0,0,0,0,0,0
SUPER_8,27910000,0,0,0,0,0,0,0
SUPER_8,27920000,0,0,0,0,0,0,0
SUPER_8,27930000,0,0,0,0,0,0,0
SUPER_8,27940000,0,0,0,0,0,0,0
SUPER_8,27950000,0,0,0,0,0,0,0
SUPER_8,27960000,45,3,5,53,20,25,6.5
SUPER_8,27970000,2,0,0,2,1,1,NaN
SUPER_8,27980000,4,1,0,5,4,0,1
SUPER_8,27990000,38,2,3,43,17,21,6.4
SUPER_8,28000000,61,6,5,72,43,18,3.7272727
SUPER_8,28010000,116,6,4,126,68,48,9.5
SUPER_8,28020000,79,7,7,93,42,37,4.071429
SUPER_8,28030000,142,5,10,157,86,56,3.6
SUPER_8,28040000,53,2,3,58,29,24,4
SUPER_8,28050000,63,2,8,73,36,27,10.6
SUPER_8,28060000,6,0,3,9,1,5,3
SUPER_8,28070000,9,2,0,11,6,3,4.5
SUPER_8,28080000,0,0,0,0,0,0,0
SUPER_8,28090000,0,0,0,0,0,0,0
SUPER_8,28100000,1,1,1,3,0,1,4
SUPER_8,28110000,4,1,1,6,2,2,1
SUPER_8,28120000,24,2,1,27,14,10,12.333333
SUPER_8,28130000,0,0,0,0,0,0,0
SUPER_8,28140000,0,0,0,0,0,0,0
SUPER_8,28150000,0,0,0,0,0,0,0
SUPER_8,28160000,42,0,2,44,28,14,7.5
SUPER_8,28170000,91,11,9,111,49,42,8.5
SUPER_8,28180000,14,1,1,16,6,8,12
SUPER_8,28190000,58,3,4,65,26,32,7.571429
SUPER_8,28200000,69,5,7,81,30,39,4.5
SUPER_8,28210000,60,2,4,66,29,31,31.833334
SUPER_8,28220000,103,6,10,119,50,53,8.625
SUPER_8,28230000,120,8,8,136,60,60,7.5625
SUPER_8,28240000,120,9,9,138,56,64,76.55556
SUPER_8,28250000,113,9,6,128,65,48,9.866667
SUPER_8,28260000,107,5,7,119,67,40,6.75
SUPER_8,28270000,94,5,6,105,54,40,3
SUPER_8,28280000,27,1,2,30,13,14,3.6666667
SUPER_8,28290000,63,6,4,73,23,40,5.6
SUPER_8,28300000,108,5,5,118,53,55,6
SUPER_8,28310000,125,10,10,145,71,54,25.55
SUPER_8,28320000,121,8,7,136,67,54,17.4
SUPER_8,28330000,2,0,3,5,0,2,2.3333333
SUPER_8,28340000,12,2,0,14,5,7,6
SUPER_8,28350000,12,2,0,14,7,5,1
SUPER_8,28360000,1,0,0,1,1,0,NaN
SUPER_8,28370000,18,3,2,23,7,11,5.6
SUPER_8,28380000,79,8,4,91,39,40,1.8333334
SUPER_8,28390000,142,9,14,165,63,79,4.7826085
SUPER_8,28400000,89,6,3,98,48,41,7
SUPER_8,28410000,171,8,8,187,91,80,7.3125
SUPER_8,28420000,241,17,17,275,119,122,4.9117646
SUPER_8,28430000,208,16,13,237,95,113,6.2413793
SUPER_8,28440000,1,0,1,2,0,1,1
SUPER_8,28450000,1,0,0,1,1,0,NaN
SUPER_8,28460000,75,5,4,84,42,33,39.444443
SUPER_8,28470000,103,6,5,114,55,48,7.6363635
SUPER_8,28480000,72,5,7,84,36,36,5.5833335
SUPER_8,28490000,81,4,6,91,39,42,3.4
SUPER_8,28500000,101,8,7,116,52,49,9.933333
SUPER_8,28510000,77,3,6,86,46,31,6.7777777
SUPER_8,28520000,15,3,3,21,7,8,7.8333335
SUPER_8,28530000,96,6,10,112,55,41,4.0625
SUPER_8,28540000,135,11,11,157,65,70,11.409091
SUPER_8,28550000,66,7,6,79,37,29,5.4615383
SUPER_8,28560000,22,5,1,28,13,9,7.8333335
SUPER_8,28570000,3,0,0,3,2,1,NaN
SUPER_8,28580000,3,0,0,3,2,1,NaN
SUPER_8,28590000,24,2,2,28,11,13,2.25
SUPER_8,28600000,12,0,1,13,5,7,13
SUPER_8,28610000,117,4,9,130,68,49,14.538462
SUPER_8,28620000,86,12,6,104,55,31,20.944445
SUPER_8,28630000,119,6,8,133,58,61,8.428572
SUPER_8,28640000,46,2,1,49,28,18,4.6666665
SUPER_8,28650000,49,6,4,59,30,19,6.9
SUPER_8,28660000,0,0,0,0,0,0,0
SUPER_8,28670000,0,0,0,0,0,0,0
SUPER_8,28680000,92,7,9,108,52,40,4.375
SUPER_8,28690000,102,6,8,116,54,48,5.785714
SUPER_8,28700000,1,0,0,1,0,1,NaN
SUPER_8,28710000,0,0,0,0,0,0,0
SUPER_8,28720000,0,0,0,0,0,0,0
SUPER_8,28730000,6,1,0,7,2,4,2
SUPER_8,28740000,0,0,0,0,0,0,0
SUPER_8,28750000,0,0,0,0,0,0,0
SUPER_8,28760000,9,0,0,9,4,5,NaN
SUPER_8,28770000,0,1,1,2,0,0,7
SUPER_8,28780000,4,1,2,7,0,4,3.6666667
SUPER_8,28790000,3,0,0,3,1,2,NaN
SUPER_8,28800000,2,0,0,2,1,1,NaN
SUPER_8,28810000,31,3,0,34,13,18,4.3333335
SUPER_8,28820000,77,6,2,85,48,29,2.375
SUPER_8,28830000,0,1,0,1,0,0,1
SUPER_8,28840000,3,0,0,3,1,2,NaN
SUPER_8,28850000,3,1,0,4,0,3,9
SUPER_8,28860000,4,1,0,5,2,2,1
SUPER_8,28870000,5,0,0,5,1,4,NaN
SUPER_8,28880000,3,1,0,4,0,3,4
SUPER_8,28890000,3,0,0,3,1,2,NaN
SUPER_8,28900000,140,6,5,151,91,49,8.818182
SUPER_8,28910000,166,13,18,197,85,81,10.4838705
SUPER_8,28920000,188,10,14,212,99,89,8.708333
SUPER_8,28930000,175,19,11,205,81,94,4.6666665
SUPER_8,28940000,115,7,4,126,56,59,1.8181819
SUPER_8,28950000,232,14,18,264,116,116,8
SUPER_8,28960000,195,20,12,227,102,93,6.78125
SUPER_8,28970000,95,7,6,108,62,33,3.4615386
SUPER_8,28980000,222,9,8,239,125,97,5.117647
SUPER_8,28990000,170,11,7,188,100,70,12.5
SUPER_8,29000000,159,9,10,178,97,62,5.8421054
SUPER_8,29010000,72,7,4,83,32,40,4.3636365
SUPER_8,29020000,130,6,7,143,59,71,5.1538463
SUPER_8,29030000,66,6,3,75,35,31,5.3333335
SUPER_8,29040000,2,1,0,3,2,0,11
SUPER_8,29050000,20,1,1,22,14,6,6
SUPER_8,29060000,205,10,9,224,99,106,7.4210525
SUPER_8,29070000,196,13,11,220,108,88,9.791667
SUPER_8,29080000,125,6,8,139,66,59,2.857143
SUPER_8,29090000,127,12,7,146,64,63,3.6842105
SUPER_8,29100000,78,2,7,87,33,45,4.5555553
SUPER_8,29110000,130,10,9,149,67,63,7.3157897
SUPER_8,29120000,195,14,10,219,105,90,3.3333333
SUPER_8,29130000,92,9,8,109,50,42,9.6470585
SUPER_8,29140000,94,2,5,101,45,49,27.571428
SUPER_8,29150000,20,0,1,21,7,13,2
SUPER_8,29160000,56,6,8,70,27,29,6.857143
SUPER_8,29170000,103,6,12,121,53,50,29.5
SUPER_8,29180000,133,12,15,160,67,66,6.814815
SUPER_8,29190000,158,13,5,176,97,61,4.8333335
SUPER_8,29200000,76,4,2,82,41,35,3
SUPER_8,29210000,58,4,0,62,29,29,4.75
SUPER_8,29220000,31,4,3,38,15,16,11.142858
SUPER_8,29230000,137,8,16,161,64,73,12.416667
SUPER_8,29240000,114,9,9,132,59,55,5.6666665
SUPER_8,29250000,36,2,2,40,14,22,12.75
SUPER_8,29260000,86,8,8,102,40,46,19.625
SUPER_8,29270000,90,4,7,101,51,39,5.3636365
SUPER_8,29280000,56,5,8,69,33,23,4.230769
SUPER_8,29290000,39,4,6,49,21,18,52.9
SUPER_8,29300000,37,4,6,47,14,23,3.7
SUPER_8,29310000,119,4,13,136,77,42,5.0588236
SUPER_8,29320000,128,9,10,147,57,71,5.0526314
SUPER_8,29330000,5,0,0,5,2,3,NaN
SUPER_8,29340000,78,3,6,87,40,38,3.6666667
SUPER_8,29350000,123,12,3,138,59,64,3.0666666
SUPER_8,29360000,17,3,2,22,5,12,2.8
SUPER_8,29370000,147,15,9,171,71,76,4.125
SUPER_8,29380000,134,4,11,149,78,56,14.533334
SUPER_8,29390000,101,1,7,109,54,47,7.25
SUPER_8,29400000,128,7,11,146,74,54,5.388889
SUPER_8,29410000,2,0,0,2,1,1,NaN
SUPER_8,29420000,1,0,0,1,1,0,NaN
SUPER_8,29430000,2,1,1,4,1,1,1
SUPER_8,29440000,75,7,4,86,36,39,3.8181818
SUPER_8,29450000,10,0,1,11,2,8,1
SUPER_8,29460000,81,0,6,87,36,45,3.1666667
SUPER_8,29470000,155,14,20,189,73,82,8.470589
SUPER_8,29480000,157,12,9,178,73,84,4.1904764
SUPER_8,29490000,90,10,8,108,46,44,4.888889
SUPER_8,29500000,122,11,12,145,71,51,36.52174
SUPER_8,29510000,94,10,10,114,38,56,6.85
SUPER_8,29520000,95,5,4,104,54,41,14.666667
SUPER_8,29530000,18,4,2,24,9,9,3.6666667
SUPER_8,29540000,95,5,8,108,50,45,7.4615383
SUPER_8,29550000,120,4,13,137,60,60,6.352941
SUPER_8,29560000,96,5,9,110,50,46,10.357142
SUPER_8,29570000,151,24,14,189,70,81,19.68421
SUPER_8,29580000,203,9,11,223,107,96,3.55
SUPER_8,29590000,127,5,14,146,54,73,7.736842
SUPER_8,29600000,40,1,4,45,15,25,5.2
SUPER_8,29610000,50,2,4,56,30,20,2.5
SUPER_8,29620000,47,6,1,54,22,25,4.285714
SUPER_8,29630000,42,1,3,46,24,18,6.5
SUPER_8,29640000,110,12,8,130,58,52,19.25
SUPER_8,29650000,67,3,3,73,46,21,13.833333
SUPER_8,29660000,110,11,8,129,42,68,15.526316
SUPER_8,29670000,2,0,0,2,1,1,NaN
SUPER_8,29680000,1,1,0,2,1,0,10
SUPER_8,29690000,1,1,2,4,0,1,3.6666667
SUPER_8,29700000,17,0,0,17,10,7,NaN
SUPER_8,29710000,114,13,6,133,64,50,11
SUPER_8,29720000,87,4,14,105,34,53,5.388889
SUPER_8,29730000,116,7,6,129,67,49,6.769231
SUPER_8,29740000,187,15,15,217,103,84,7.866667
SUPER_8,29750000,187,15,12,214,89,98,6.962963
SUPER_8,29760000,150,15,8,173,82,68,5.0434785
SUPER_8,29770000,127,11,10,148,65,62,5.142857
SUPER_8,29780000,195,11,18,224,95,100,18.103449
SUPER_8,29790000,164,13,13,190,75,89,4.6538463
SUPER_8,29800000,133,6,16,155,68,65,6.0454545
SUPER_8,29810000,94,12,9,115,50,44,2.952381
SUPER_8,29820000,0,0,0,0,0,0,0
SUPER_8,29830000,0,0,0,0,0,0,0
SUPER_8,29840000,124,10,10,144,54,70,3.9
SUPER_8,29850000,100,14,5,119,55,45,9
SUPER_8,29860000,132,9,7,148,63,69,7.1875
SUPER_8,29870000,156,14,19,189,84,72,12.727273
SUPER_8,29880000,45,6,5,56,25,20,7.818182
SUPER_8,29890000,89,7,5,101,48,41,6
SUPER_8,29900000,179,20,13,212,84,95,16.545454
SUPER_8,29910000,110,4,11,125,59,51,26.533333
SUPER_8,29920000,36,4,7,47,15,21,5.6363635
SUPER_8,29930000,91,13,5,109,57,34,23.333334
SUPER_8,29940000,171,14,14,199,93,78,6.464286
SUPER_8,29950000,106,6,10,122,49,57,14.5625
SUPER_8,29960000,102,13,6,121,44,58,5.368421
SUPER_8,29970000,54,3,8,65,22,32,7.2727275
SUPER_8,29980000,86,9,6,101,36,50,4.866667
SUPER_8,29990000,38,5,2,45,24,14,5.714286
SUPER_8,30000000,79,5,3,87,37,42,7.75
SUPER_8,30010000,43,5,3,51,23,20,2.625
SUPER_8,30020000,23,1,2,26,12,11,6.3333335
SUPER_8,30030000,83,9,9,101,41,42,10.333333
SUPER_8,30040000,48,3,4,55,19,29,7.142857
SUPER_8,30050000,2,2,0,4,1,1,1
SUPER_8,30060000,52,2,3,57,23,29,4.4
SUPER_8,30070000,42,2,4,48,17,25,2.1666667
SUPER_8,30080000,5,0,0,5,2,3,NaN
SUPER_8,30090000,22,1,3,26,9,13,2
SUPER_8,30100000,68,9,11,88,30,38,22.2
SUPER_8,30110000,13,0,2,15,3,10,10
SUPER_8,30120000,1,2,0,3,0,1,7.5
SUPER_8,30130000,3,0,2,5,1,2,5
SUPER_8,30140000,1,1,0,2,1,0,2
SUPER_8,30150000,1,1,0,2,1,0,2
SUPER_8,30160000,0,1,0,1,0,0,3
SUPER_8,30170000,1,0,1,2,0,1,1
SUPER_8,30180000,1,0,0,1,1,0,NaN
SUPER_8,30190000,47,5,4,56,26,21,6.888889
SUPER_8,30200000,89,8,2,99,47,42,7.5
SUPER_8,30210000,91,4,9,104,44,47,21.692308
SUPER_8,30220000,46,4,4,54,23,23,6.75
SUPER_8,30230000,18,8,1,27,4,14,1.5555556
SUPER_8,30240000,8,0,1,9,5,3,58
SUPER_8,30250000,34,5,1,40,16,18,2.5
SUPER_8,30260000,23,2,1,26,14,9,5.3333335
SUPER_8,30270000,22,3,3,28,13,9,6.6666665
SUPER_8,30280000,37,1,1,39,18,19,18.5
SUPER_8,30290000,67,2,6,75,37,30,1
SUPER_8,30300000,58,6,2,66,29,29,9.125
SUPER_8,30310000,0,0,0,0,0,0,0
SUPER_8,30320000,0,0,0,0,0,0,0
SUPER_8,30330000,49,5,5,59,29,20,4.8
SUPER_8,30340000,4,0,0,4,3,1,NaN
SUPER_8,30350000,3,1,0,4,2,1,1
SUPER_8,30360000,5,0,0,5,2,3,NaN
SUPER_8,30370000,30,3,0,33,15,15,3.3333333
SUPER_8,30380000,1,0,0,1,1,0,NaN
SUPER_8,30390000,4,0,0,4,0,4,NaN
SUPER_8,30400000,7,1,1,9,4,3,4.5
SUPER_8,30410000,13,1,0,14,5,8,6
SUPER_8,30420000,29,2,1,32,15,14,3.6666667
SUPER_8,30430000,28,1,1,30,17,11,4
SUPER_8,30440000,13,1,2,16,6,7,4
SUPER_8,30450000,25,1,1,27,8,17,4
SUPER_8,30460000,7,0,1,8,2,5,1
SUPER_8,30470000,29,2,1,32,18,11,4.6666665
SUPER_8,30480000,20,1,0,21,9,11,6
SUPER_8,30490000,5,1,2,8,2,3,6
SUPER_8,30500000,2,0,0,2,0,2,NaN
SUPER_8,30510000,0,0,0,0,0,0,0
SUPER_8,30520000,0,0,0,0,0,0,0
SUPER_8,30530000,3,0,0,3,0,3,NaN
SUPER_8,30540000,2,2,0,4,1,1,2.5
SUPER_8,30550000,1,0,0,1,1,0,NaN
SUPER_8,30560000,1,0,0,1,1,0,NaN
SUPER_8,30570000,7,0,0,7,4,3,NaN
SUPER_8,30580000,0,0,0,0,0,0,0
SUPER_8,30590000,0,0,0,0,0,0,0
SUPER_8,30600000,0,1,2,3,0,0,2.3333333
SUPER_8,30610000,3,0,0,3,2,1,NaN
SUPER_8,30620000,80,8,4,92,42,38,3.9166667
SUPER_8,30630000,192,15,18,225,102,90,22.212122
SUPER_8,30640000,74,7,3,84,38,36,5.9
SUPER_8,30650000,150,8,13,171,86,64,20.333334
SUPER_8,30660000,33,2,0,35,20,13,1
SUPER_8,30670000,85,5,7,97,49,36,3.5833333
SUPER_8,30680000,98,7,3,108,56,42,7.2
SUPER_8,30690000,45,0,5,50,23,22,8.8
SUPER_8,30700000,97,7,5,109,40,57,2.9166667
SUPER_8,30710000,94,5,4,103,43,51,2.1111112
SUPER_8,30720000,160,8,11,179,87,73,3.6842105
SUPER_8,30730000,183,23,14,220,89,94,8.837838
SUPER_8,30740000,151,12,21,184,76,75,14.787879
SUPER_8,30750000,34,2,4,40,22,12,11.5
SUPER_8,30760000,60,2,6,68,28,32,3.25
SUPER_8,30770000,182,11,14,207,97,85,7.4
SUPER_8,30780000,82,4,8,94,37,45,5.75
SUPER_8,30790000,26,2,1,29,8,18,2
SUPER_8,30800000,137,12,7,156,64,73,6
SUPER_8,30810000,64,6,7,77,32,32,5.076923
SUPER_8,30820000,0,0,0,0,0,0,0
SUPER_8,30830000,0,0,0,0,0,0,0
SUPER_8,30840000,200,17,17,234,105,95,8.470589
SUPER_8,30850000,30,6,5,41,15,15,1.7272727
SUPER_8,30860000,144,15,9,168,67,77,5.875
SUPER_8,30870000,114,7,10,131,58,56,35
SUPER_8,30880000,122,9,9,140,58,64,14.388889
SUPER_8,30890000,90,6,7,103,44,46,5.8461537
SUPER_8,30900000,91,6,6,103,47,44,18.083334
SUPER_8,30910000,134,8,8,150,72,62,2.0625
SUPER_8,30920000,117,12,11,140,46,71,18.652174
SUPER_8,30930000,96,11,8,115,51,45,11.263158
SUPER_8,30940000,13,1,0,14,9,4,20
SUPER_8,30950000,118,6,14,138,64,54,4.7
SUPER_8,30960000,0,0,0,0,0,0,0
SUPER_8,30970000,0,0,0,0,0,0,0
SUPER_8,30980000,38,2,6,46,19,19,4.625
SUPER_8,30990000,2,0,0,2,0,2,NaN
SUPER_8,31000000,50,4,2,56,27,23,4.5
SUPER_8,31010000,75,6,3,84,37,38,7.111111
SUPER_8,31020000,57,6,7,70,38,19,7.769231
SUPER_8,31030000,78,7,9,94,34,44,10.4375
SUPER_8,31040000,179,20,15,214,94,85,11.171429
SUPER_8,31050000,84,2,9,95,51,33,4.7272725
SUPER_8,31060000,114,9,8,131,49,65,23.705883
SUPER_8,31070000,156,15,11,182,77,79,18.76923
SUPER_8,31080000,112,6,6,124,63,49,18.166666
SUPER_8,31090000,101,9,12,122,54,47,5.571429
SUPER_8,31100000,27,3,6,36,13,14,1.6666666
SUPER_8,31110000,14,2,2,18,9,5,4.25
SUPER_8,31120000,71,7,7,85,38,33,5.642857
SUPER_8,31130000,109,12,8,129,51,58,12.55
SUPER_8,31140000,101,12,3,116,45,56,9.2
SUPER_8,31150000,150,10,8,168,72,78,17.944445
SUPER_8,31160000,93,3,10,106,48,45,25.076923
SUPER_8,31170000,81,8,7,96,47,34,4.733333
SUPER_8,31180000,152,7,7,166,79,73,9.5
SUPER_8,31190000,84,8,6,98,42,42,6.714286
SUPER_8,31200000,65,6,10,81,37,28,50.3125
SUPER_8,31210000,32,4,9,45,13,19,61.23077
SUPER_8,31220000,56,2,4,62,26,30,5.1666665
SUPER_8,31230000,195,16,15,226,106,89,7.967742
SUPER_8,31240000,161,9,14,184,81,80,21.782608
SUPER_8,31250000,92,10,5,107,47,45,10.8
SUPER_8,31260000,94,2,8,104,41,53,9.3
SUPER_8,31270000,110,8,8,126,53,57,6.1875
SUPER_8,31280000,85,1,7,93,47,38,5.875
SUPER_8,31290000,47,3,3,53,19,28,2.8333333
SUPER_8,31300000,109,9,6,124,52,57,29.466667
SUPER_8,31310000,41,1,4,46,30,11,5.2
SUPER_8,31320000,119,13,8,140,67,52,24.190475
SUPER_8,31330000,115,14,9,138,47,68,19.565218
SUPER_8,31340000,88,7,5,100,40,48,8.083333
SUPER_8,31350000,2,0,1,3,2,0,38
SUPER_8,31360000,0,2,0,2,0,0,1
SUPER_8,31370000,1,0,0,1,0,1,NaN
SUPER_8,31380000,62,3,7,72,35,27,2.1
SUPER_8,31390000,0,0,0,0,0,0,0
SUPER_8,31400000,0,0,0,0,0,0,0
SUPER_8,31410000,224,15,22,261,113,111,6.2972975
SUPER_8,31420000,48,5,2,55,25,23,7.571429
SUPER_8,31430000,51,4,7,62,25,26,9.090909
SUPER_8,31440000,1,2,0,3,0,1,2.5
SUPER_8,31450000,66,8,5,79,37,29,9.846154
SUPER_8,31460000,38,3,5,46,25,13,26.75
SUPER_8,31470000,34,1,1,36,21,13,10.5
SUPER_8,31480000,168,14,11,193,78,90,5.72
SUPER_8,31490000,94,6,17,117,47,47,8.826087
SUPER_8,31500000,156,6,8,170,74,82,10.142858
SUPER_8,31510000,20,5,1,26,12,8,1.5
SUPER_8,31520000,1,0,0,1,1,0,NaN
SUPER_8,31530000,4,1,0,5,1,3,12
SUPER_8,31540000,43,3,4,50,19,24,5.285714
SUPER_8,31550000,0,0,0,0,0,0,0
SUPER_8,31560000,0,0,0,0,0,0,0
SUPER_8,31570000,70,6,5,81,34,36,3.090909
SUPER_8,31580000,2,0,0,2,1,1,NaN
SUPER_8,31590000,1,0,0,1,0,1,NaN
SUPER_8,31600000,2,0,1,3,2,0,2
SUPER_8,31610000,70,4,7,81,28,42,4.7272725
SUPER_8,31620000,0,0,0,0,0,0,0
SUPER_8,31630000,0,0,0,0,0,0,0
SUPER_8,31640000,3,0,1,4,2,1,130
SUPER_8,31650000,1,0,1,2,0,1,1
SUPER_8,31660000,0,1,2,3,0,0,1.6666666
SUPER_8,31670000,40,9,5,54,20,20,2.5
SUPER_8,31680000,182,7,16,205,80,102,4.652174
SUPER_8,31690000,66,5,7,78,35,31,4.75
SUPER_8,31700000,214,16,10,240,123,91,11.461538
SUPER_8,31710000,2,0,0,2,1,1,NaN
SUPER_8,31720000,3,1,1,5,1,2,1
SUPER_8,31730000,23,3,1,27,13,10,38
SUPER_8,31740000,40,1,3,44,19,21,4.25
SUPER_8,31750000,161,10,21,192,92,69,7.032258
SUPER_8,31760000,147,5,8,160,86,61,36.846153
SUPER_8,31770000,68,7,5,80,37,31,5.9166665
SUPER_8,31780000,1,0,0,1,0,1,NaN
SUPER_8,31790000,2,0,0,2,1,1,NaN
SUPER_8,31800000,0,0,0,0,0,0,0
SUPER_8,31810000,0,0,0,0,0,0,0
SUPER_8,31820000,4,0,0,4,3,1,NaN
SUPER_8,31830000,4,1,0,5,2,2,7
SUPER_8,31840000,0,2,0,2,0,0,3.5
SUPER_8,31850000,0,0,0,0,0,0,0
SUPER_8,31860000,0,0,0,0,0,0,0
SUPER_8,31870000,0,0,0,0,0,0,0
SUPER_8,31880000,0,0,0,0,0,0,0
SUPER_8,31890000,2,2,1,5,2,0,5
SUPER_8,31900000,6,0,0,6,3,3,NaN
SUPER_8,31910000,83,14,3,100,46,37,8
SUPER_8,31920000,35,4,4,43,17,18,10.75
SUPER_8,31930000,132,18,7,157,68,64,6.52
SUPER_8,31940000,38,4,0,42,17,21,1.25
SUPER_8,31950000,72,8,1,81,32,40,6.7777777
SUPER_8,31960000,65,10,7,82,32,33,11.6470585
SUPER_8,31970000,115,7,9,131,75,40,6.75
SUPER_8,31980000,192,7,14,213,100,92,5.047619
SUPER_8,31990000,99,11,9,119,42,57,12.5
SUPER_8,32000000,79,7,7,93,44,35,12.142858
SUPER_8,32010000,205,17,13,235,103,102,6.0333333
SUPER_8,32020000,52,5,3,60,27,25,3.5
SUPER_8,32030000,4,1,1,6,4,0,8
SUPER_8,32040000,5,3,2,10,3,2,3
SUPER_8,32050000,1,1,0,2,0,1,34
SUPER_8,32060000,0,1,0,1,0,0,1
SUPER_8,32070000,3,1,0,4,2,1,1
SUPER_8,32080000,137,7,7,151,81,56,6.714286
SUPER_8,32090000,155,13,11,179,78,77,12.916667
SUPER_8,32100000,82,7,3,92,39,43,4.8
SUPER_8,32110000,4,0,0,4,3,1,NaN
SUPER_8,32120000,0,1,0,1,0,0,1
SUPER_8,32130000,2,0,1,3,1,1,1
SUPER_8,32140000,1,1,0,2,0,1,4
SUPER_8,32150000,0,0,0,0,0,0,0
SUPER_8,32160000,0,0,0,0,0,0,0
SUPER_8,32170000,0,0,0,0,0,0,0
SUPER_8,32180000,0,0,0,0,0,0,0
SUPER_8,32190000,6,0,0,6,2,4,NaN
SUPER_8,32200000,27,1,0,28,14,13,1
SUPER_8,32210000,2,1,0,3,2,0,2
SUPER_8,32220000,2,1,0,3,2,0,8
SUPER_8,32230000,1,0,0,1,0,1,NaN
SUPER_8,32240000,11,1,1,13,6,5,5.5
SUPER_8,32250000,79,6,2,87,41,38,72.25
SUPER_8,32260000,141,5,9,155,75,66,11.357142
SUPER_8,32270000,116,6,8,130,59,57,17.071428
SUPER_8,32280000,86,3,4,93,47,39,25.285715
SUPER_8,32290000,136,8,15,159,57,79,10.652174
SUPER_8,32300000,144,8,8,160,73,71,3.5625
SUPER_8,32310000,101,8,5,114,56,45,6.6153846
SUPER_8,32320000,77,4,11,92,35,42,5.6
SUPER_8,32330000,25,5,2,32,14,11,2.7142856
SUPER_8,32340000,125,4,8,137,68,57,88.25
SUPER_8,32350000,63,3,3,69,36,27,1.3333334
SUPER_8,32360000,88,5,6,99,48,40,5.7272725
SUPER_8,32370000,36,3,2,41,21,15,3.2
SUPER_8,32380000,138,6,2,146,75,63,4.5
SUPER_8,32390000,164,9,7,180,80,84,6.625
SUPER_8,32400000,103,8,10,121,51,52,16.222221
SUPER_8,32410000,39,3,5,47,24,15,3.25
SUPER_8,32420000,151,12,9,172,73,78,8.714286
SUPER_8,32430000,126,9,8,143,72,54,7.7647057
SUPER_8,32440000,43,2,2,47,22,21,38.25
SUPER_8,32450000,3,0,3,6,0,3,3.3333333
SUPER_8,32460000,1,0,1,2,0,1,4
SUPER_8,32470000,1,0,0,1,1,0,NaN
SUPER_8,32480000,5,0,0,5,3,2,NaN
SUPER_8,32490000,29,4,1,34,11,18,3.8
SUPER_8,32500000,40,1,3,44,22,18,10.75
SUPER_8,32510000,97,7,2,106,53,44,5.5555553
SUPER_8,32520000,180,16,13,209,96,84,12.586206
SUPER_8,32530000,115,8,11,134,70,45,25.368422
SUPER_8,32540000,133,8,10,151,75,58,6.5
SUPER_8,32550000,80,6,3,89,49,31,8
SUPER_8,32560000,144,7,5,156,79,65,3.6666667
SUPER_8,32570000,124,8,3,135,83,41,4.2727275
SUPER_8,32580000,171,14,12,197,89,82,7.576923
SUPER_8,32590000,146,8,11,165,85,61,2
SUPER_8,32600000,11,1,1,13,7,4,25
SUPER_8,32610000,77,3,4,84,44,33,12.571428
SUPER_8,32620000,35,2,1,38,17,18,10
SUPER_8,32630000,217,8,13,238,122,95,6.047619
SUPER_8,32640000,251,12,15,278,140,111,11.851851
SUPER_8,32650000,1,0,1,2,1,0,2
SUPER_8,32660000,112,5,13,130,53,59,8.722222
SUPER_8,32670000,158,12,9,179,81,77,5.4761906
SUPER_8,32680000,159,11,15,185,90,69,4.923077
SUPER_8,32690000,2,1,1,4,2,0,1
SUPER_8,32700000,23,3,1,27,11,12,1.75
SUPER_8,32710000,3,0,0,3,1,2,NaN
SUPER_8,32720000,2,1,0,3,2,0,2
SUPER_8,32730000,2,3,0,5,1,1,3.3333333
SUPER_8,32740000,0,0,0,0,0,0,0
SUPER_8,32750000,0,0,0,0,0,0,0
SUPER_8,32760000,9,0,1,10,4,5,1
SUPER_8,32770000,6,0,2,8,1,5,1.5
SUPER_8,32780000,3,0,1,4,3,0,4
SUPER_8,32790000,16,2,3,21,8,8,12
SUPER_8,32800000,0,0,0,0,0,0,0
SUPER_8,32810000,0,0,0,0,0,0,0
SUPER_8,32820000,6,1,0,7,3,3,1
SUPER_8,32830000,1,0,0,1,1,0,NaN
SUPER_8,32840000,20,2,0,22,12,8,8.5
SUPER_8,32850000,143,8,6,157,72,71,24.714285
SUPER_8,32860000,127,12,12,151,65,62,9.041667
SUPER_8,32870000,117,10,5,132,69,48,6.0666666
SUPER_8,32880000,178,14,19,211,95,83,7.212121
SUPER_8,32890000,133,16,11,160,74,59,6.259259
SUPER_8,32900000,56,3,5,64,33,23,4.75
SUPER_8,32910000,172,18,17,207,89,83,8.028571
SUPER_8,32920000,160,7,5,172,70,90,6.3333335
SUPER_8,32930000,110,8,10,128,50,60,4.5
SUPER_8,32940000,130,10,5,145,76,54,7.9333334
SUPER_8,32950000,79,2,9,90,46,33,2.7272727
SUPER_8,32960000,6,1,0,7,1,5,5
SUPER_8,32970000,2,1,1,4,1,1,13.5
SUPER_8,32980000,3,0,0,3,2,1,NaN
SUPER_8,32990000,2,1,0,3,1,1,8
SUPER_8,33000000,1,1,0,2,0,1,2
SUPER_8,33010000,1,0,0,1,0,1,NaN
SUPER_8,33020000,1,0,0,1,1,0,NaN
SUPER_8,33030000,1,1,0,2,1,0,1
SUPER_8,33040000,51,2,3,56,34,17,3
SUPER_8,33050000,4,0,1,5,3,1,8
SUPER_8,33060000,33,1,2,36,15,18,3.3333333
SUPER_8,33070000,52,2,1,55,33,19,12.333333
SUPER_8,33080000,55,5,5,65,22,33,10.6
SUPER_8,33090000,119,3,7,129,64,55,25.6
SUPER_8,33100000,0,0,0,0,0,0,0
SUPER_8,33110000,0,0,0,0,0,0,0
SUPER_8,33120000,22,0,3,25,10,12,19
SUPER_8,33130000,110,7,5,122,60,50,2.6666667
SUPER_8,33140000,21,1,0,22,10,11,1
SUPER_8,33150000,85,6,9,100,49,36,9.733334
SUPER_8,33160000,30,1,3,34,18,12,13
SUPER_8,33170000,73,3,5,81,44,29,6.25
SUPER_8,33180000,53,4,5,62,32,21,11.666667
SUPER_8,33190000,110,5,5,120,61,49,20.4
SUPER_8,33200000,0,0,0,0,0,0,0
SUPER_8,33210000,0,0,0,0,0,0,0
SUPER_8,33220000,14,0,1,15,8,6,1
SUPER_8,33230000,94,5,1,100,49,45,4.3333335
SUPER_8,33240000,62,7,4,73,34,28,20.09091
SUPER_8,33250000,43,3,4,50,18,25,6.714286
SUPER_8,33260000,163,15,7,185,90,73,5.818182
SUPER_8,33270000,84,5,5,94,45,39,8.4
SUPER_8,33280000,108,5,3,116,58,50,10.375
SUPER_8,33290000,56,8,3,67,29,27,4.181818
SUPER_8,33300000,9,0,0,9,6,3,NaN
SUPER_8,33310000,41,3,2,46,23,18,3
SUPER_8,33320000,47,4,2,53,23,24,5
SUPER_8,33330000,70,4,5,79,38,32,4.888889
SUPER_8,33340000,143,7,7,157,73,70,14.357142
SUPER_8,33350000,3,1,0,4,3,0,1
SUPER_8,33360000,17,1,0,18,5,12,1
SUPER_8,33370000,62,8,7,77,34,28,19.066668
SUPER_8,33380000,80,6,5,91,36,44,7.6363635
SUPER_8,33390000,78,3,4,85,42,36,4.285714
SUPER_8,33400000,0,0,0,0,0,0,0
SUPER_8,33410000,0,0,0,0,0,0,0
SUPER_8,33420000,0,0,0,0,0,0,0
SUPER_8,33430000,0,0,0,0,0,0,0
SUPER_8,33440000,0,0,0,0,0,0,0
SUPER_8,33450000,85,2,5,92,46,39,8.571428
SUPER_8,33460000,18,0,3,21,10,8,9.333333
SUPER_8,33470000,0,0,0,0,0,0,0
SUPER_8,33480000,0,0,0,0,0,0,0
SUPER_8,33490000,0,0,0,0,0,0,0
SUPER_8,33500000,0,0,0,0,0,0,0
SUPER_8,33510000,0,0,0,0,0,0,0
SUPER_8,33520000,144,12,12,168,80,64,7.875
SUPER_8,33530000,75,3,3,81,43,32,5
SUPER_8,33540000,163,6,11,180,90,73,6.4117646
SUPER_8,33550000,154,7,13,174,68,86,9
SUPER_8,33560000,69,5,7,81,41,28,17.916666
SUPER_8,33570000,200,7,11,218,117,83,9.833333
SUPER_8,33580000,0,0,0,0,0,0,0
SUPER_8,33590000,0,0,0,0,0,0,0
SUPER_8,33600000,0,0,0,0,0,0,0
SUPER_8,33610000,0,0,0,0,0,0,0
SUPER_8,33620000,78,7,5,90,37,41,4.5833335
SUPER_8,33630000,35,1,1,37,21,14,9.5
SUPER_8,33640000,0,0,2,2,0,0,1
SUPER_8,33650000,1,1,0,2,0,1,6
SUPER_8,33660000,64,6,6,76,29,35,12.75
SUPER_8,33670000,174,14,7,195,88,86,6.3809524
SUPER_8,33680000,144,9,7,160,81,63,3.75
SUPER_8,33690000,2,0,0,2,2,0,NaN
SUPER_8,33700000,2,0,1,3,0,2,1
SUPER_8,33710000,55,3,1,59,35,20,3
SUPER_8,33720000,59,5,2,66,33,26,1
SUPER_8,33730000,2,0,0,2,1,1,NaN
SUPER_8,33740000,41,2,0,43,22,19,1.5
SUPER_8,33750000,81,9,5,95,38,43,4.928571
SUPER_8,33760000,67,9,4,80,35,32,13
SUPER_8,33770000,127,7,9,143,64,63,6.9375
SUPER_8,33780000,126,4,3,133,69,57,7.714286
SUPER_8,33790000,154,6,7,167,82,72,10.538462
SUPER_8,33800000,198,12,16,226,87,111,12.678572
SUPER_8,33810000,57,3,1,61,35,22,13.75
SUPER_8,33820000,8,3,0,11,6,2,10
SUPER_8,33830000,53,3,3,59,28,25,6.1666665
SUPER_8,33840000,279,18,21,318,144,135,4.8974357
SUPER_8,33850000,22,1,2,25,11,11,2
SUPER_8,33860000,4,0,0,4,1,3,NaN
SUPER_8,33870000,45,1,2,48,25,20,12.666667
SUPER_8,33880000,202,2,10,214,114,88,5.75
SUPER_8,33890000,2,0,0,2,2,0,NaN
SUPER_8,33900000,39,4,1,44,28,11,5.6
SUPER_8,33910000,30,1,3,34,16,14,17.5
SUPER_8,33920000,107,6,4,117,59,48,4.3
SUPER_8,33930000,8,0,0,8,6,2,NaN
SUPER_8,33940000,93,8,8,109,50,43,5.5625
SUPER_8,33950000,42,28,8,78,22,20,1.1388888
SUPER_8,33960000,127,15,4,146,66,61,3
SUPER_8,33970000,83,8,6,97,44,39,12.214286
SUPER_8,33980000,60,3,4,67,28,32,6.285714
SUPER_8,33990000,0,0,0,0,0,0,0
SUPER_8,34000000,0,0,0,0,0,0,0
SUPER_8,34010000,0,0,0,0,0,0,0
SUPER_8,34020000,0,0,0,0,0,0,0
SUPER_8,34030000,0,0,0,0,0,0,0
SUPER_8,34040000,104,5,4,113,50,54,4.5555553
SUPER_8,34050000,23,0,3,26,13,10,2.6666667
SUPER_8,34060000,20,1,0,21,9,11,2
SUPER_8,34070000,130,7,6,143,63,67,9.076923
SUPER_8,34080000,6,0,0,6,3,3,NaN
SUPER_8,34090000,118,4,11,133,52,66,4.6666665
SUPER_8,34100000,51,2,1,54,28,23,12.333333
SUPER_8,34110000,92,6,9,107,44,48,4.8
SUPER_8,34120000,31,3,2,36,14,17,26
SUPER_8,34130000,62,4,7,73,33,29,4.090909
SUPER_8,34140000,97,0,6,103,42,55,13.166667
SUPER_8,34150000,76,3,3,82,42,34,4.1666665
SUPER_8,34160000,118,13,5,136,57,61,7.7222223
SUPER_8,34170000,117,7,6,130,56,61,31.461538
SUPER_8,34180000,47,4,3,54,22,25,6.571429
SUPER_8,34190000,133,9,6,148,73,60,3.5333333
SUPER_8,34200000,0,0,0,0,0,0,0
SUPER_8,34210000,0,0,0,0,0,0,0
SUPER_8,34220000,0,0,0,0,0,0,0
SUPER_8,34230000,0,0,0,0,0,0,0
SUPER_8,34240000,171,12,6,189,102,69,8.722222
SUPER_8,34250000,0,0,0,0,0,0,0
SUPER_8,34260000,0,0,0,0,0,0,0
SUPER_8,34270000,0,0,0,0,0,0,0
SUPER_8,34280000,50,4,3,57,32,18,13.428572
SUPER_8,34290000,40,3,2,45,21,19,7
SUPER_8,34300000,61,8,6,75,26,35,6
SUPER_8,34310000,79,4,7,90,38,41,12
SUPER_8,34320000,161,18,13,192,77,84,7.806452
SUPER_8,34330000,109,3,6,118,57,52,5
SUPER_8,34340000,0,0,0,0,0,0,0
SUPER_8,34350000,0,0,0,0,0,0,0
SUPER_8,34360000,0,0,0,0,0,0,0
SUPER_8,34370000,13,3,1,17,9,4,2.5
SUPER_8,34380000,67,5,6,78,34,33,12.454545
SUPER_8,34390000,37,1,3,41,17,20,4.25
SUPER_8,34400000,69,3,4,76,38,31,6.428571
SUPER_8,34410000,60,3,5,68,33,27,5.625
SUPER_8,34420000,0,0,0,0,0,0,0
SUPER_8,34430000,0,0,0,0,0,0,0
SUPER_8,34440000,159,9,12,180,74,85,6.4761906
SUPER_8,34450000,170,17,10,197,91,78,2.7407408
SUPER_8,34460000,131,4,8,143,63,68,3.5833333
SUPER_8,34470000,35,4,4,43,18,17,3.5
SUPER_8,34480000,98,4,7,109,53,45,23.545454
SUPER_8,34490000,0,0,0,0,0,0,0
SUPER_8,34500000,0,0,0,0,0,0,0
SUPER_8,34510000,0,0,0,0,0,0,0
SUPER_8,34520000,113,11,10,134,54,59,8.571428
SUPER_8,34530000,65,8,3,76,41,24,6.5454545
SUPER_8,34540000,72,6,3,81,38,34,5.5555553
SUPER_8,34550000,22,8,3,33,13,9,2.5454545
SUPER_8,34560000,35,0,3,38,18,17,9
SUPER_8,34570000,106,7,2,115,57,49,11.666667
SUPER_8,34580000,3,0,0,3,1,2,NaN
SUPER_8,34590000,73,4,7,84,38,35,3.8181818
SUPER_8,34600000,111,6,3,120,64,47,4.7777777
SUPER_8,34610000,82,5,9,96,40,42,3.7142856
SUPER_8,34620000,108,7,9,124,55,53,8.3125
SUPER_8,34630000,34,0,5,39,19,15,14.8
SUPER_8,34640000,7,0,0,7,4,3,NaN
SUPER_8,34650000,1,0,0,1,0,1,NaN
SUPER_8,34660000,0,0,0,0,0,0,0
SUPER_8,34670000,0,0,0,0,0,0,0
SUPER_8,34680000,7,0,1,8,4,3,1
SUPER_8,34690000,0,0,0,0,0,0,0
SUPER_8,34700000,0,0,0,0,0,0,0
SUPER_8,34710000,9,1,1,11,4,5,36
SUPER_8,34720000,0,0,0,0,0,0,0
SUPER_8,34730000,0,0,0,0,0,0,0
SUPER_8,34740000,2,0,1,3,2,0,1
SUPER_8,34750000,3,0,1,4,1,2,1
SUPER_8,34760000,2,0,0,2,2,0,NaN
SUPER_8,34770000,1,0,1,2,1,0,13
SUPER_8,34780000,0,1,0,1,0,0,2
SUPER_8,34790000,1,1,0,2,0,1,1
SUPER_8,34800000,0,0,0,0,0,0,0
SUPER_8,34810000,0,0,0,0,0,0,0
SUPER_8,34820000,4,2,1,7,2,2,8.333333
SUPER_8,34830000,1,1,1,3,1,0,1.5
SUPER_8,34840000,0,0,1,1,0,0,1
SUPER_8,34850000,2,0,0,2,1,1,NaN
SUPER_8,34860000,0,0,0,0,0,0,0
SUPER_8,34870000,0,0,0,0,0,0,0
SUPER_8,34880000,3,0,1,4,1,2,4
SUPER_8,34890000,3,1,0,4,2,1,4
SUPER_8,34900000,3,0,0,3,3,0,NaN
SUPER_8,34910000,2,0,1,3,1,1,1
SUPER_8,34920000,4,0,1,5,4,0,2
SUPER_8,34930000,2,0,0,2,2,0,NaN
SUPER_8,34940000,0,0,0,0,0,0,0
SUPER_8,34950000,0,0,0,0,0,0,0
SUPER_8,34960000,116,6,9,131,63,53,4.4666667
SUPER_8,34970000,86,1,7,94,43,43,3
SUPER_8,34980000,58,9,1,68,25,33,6.6
SUPER_8,34990000,86,10,2,98,46,40,1.6666666
SUPER_8,35000000,59,3,10,72,32,27,31.692308
SUPER_8,35010000,28,4,1,33,10,18,2.4
SUPER_8,35020000,58,5,2,65,28,30,2.2857144
SUPER_8,35030000,92,8,8,108,47,45,9.25
SUPER_8,35040000,1,0,0,1,1,0,NaN
SUPER_8,35050000,1,0,0,1,0,1,NaN
SUPER_8,35060000,0,0,0,0,0,0,0
SUPER_8,35070000,0,0,0,0,0,0,0
SUPER_8,35080000,2,2,0,4,0,2,1
SUPER_8,35090000,0,1,1,2,0,0,2.5
SUPER_8,35100000,1,0,1,2,1,0,126
SUPER_8,35110000,2,0,0,2,0,2,NaN
SUPER_8,35120000,9,1,0,10,4,5,1
SUPER_8,35130000,139,10,8,157,65,74,7.9444447
SUPER_8,35140000,125,12,7,144,63,62,4.5263157
SUPER_8,35150000,148,4,7,159,81,67,7.4545455
SUPER_8,35160000,8,0,0,8,4,4,NaN
SUPER_8,35170000,45,3,5,53,17,28,4.75
SUPER_8,35180000,102,6,5,113,60,42,8.454545
SUPER_8,35190000,5,2,2,9,4,1,6
SUPER_8,35200000,209,5,11,225,124,85,11.6875
SUPER_8,35210000,187,12,13,212,88,99,11.28
SUPER_8,35220000,2,2,0,4,1,1,9
SUPER_8,35230000,3,0,3,6,2,1,1.6666666
SUPER_8,35240000,15,1,0,16,9,6,1
SUPER_8,35250000,2,1,1,4,2,0,8
SUPER_8,35260000,4,0,0,4,0,4,NaN
SUPER_8,35270000,3,0,1,4,1,2,16
SUPER_8,35280000,2,0,0,2,0,2,NaN
SUPER_8,35290000,50,5,6,61,23,27,5.090909
SUPER_8,35300000,156,8,13,177,72,84,7.4761906
SUPER_8,35310000,99,5,7,111,49,50,4
SUPER_8,35320000,57,10,7,74,29,28,7.1764708
SUPER_8,35330000,104,2,11,117,57,47,12.076923
SUPER_8,35340000,142,5,8,155,64,78,6.3076925
SUPER_8,35350000,149,8,13,170,74,75,18.809525
SUPER_8,35360000,143,4,5,152,67,76,6.6666665
SUPER_8,35370000,83,5,2,90,57,26,2.142857
SUPER_8,35380000,110,5,4,119,58,52,5.2222223
SUPER_8,35390000,276,14,21,311,135,141,6.2285714
SUPER_8,35400000,104,7,12,123,62,42,7.5789475
SUPER_8,35410000,12,1,2,15,6,6,1.3333334
SUPER_8,35420000,73,5,7,85,34,39,5.5
SUPER_8,35430000,148,11,7,166,72,76,6.5
SUPER_8,35440000,165,14,5,184,82,83,3.5789473
SUPER_8,35450000,142,7,8,157,85,57,5.133333
SUPER_8,35460000,202,17,15,234,98,104,7.875
SUPER_8,35470000,163,9,8,180,93,70,12.117647
SUPER_8,35480000,9,1,1,11,3,6,1.5
SUPER_8,35490000,0,0,0,0,0,0,0
SUPER_8,35500000,0,0,0,0,0,0,0
SUPER_8,35510000,175,12,11,198,98,77,5.652174
SUPER_8,35520000,164,7,6,177,82,82,3.8461537
SUPER_8,35530000,100,6,13,119,53,47,8.263158
SUPER_8,35540000,3,0,0,3,2,1,NaN
SUPER_8,35550000,5,0,0,5,5,0,NaN
SUPER_8,35560000,13,0,0,13,8,5,NaN
SUPER_8,35570000,5,1,1,7,1,4,1.5
SUPER_8,35580000,3,1,1,5,2,1,3.5
SUPER_8,35590000,4,0,0,4,1,3,NaN
SUPER_8,35600000,82,4,2,88,48,34,13
SUPER_8,35610000,160,10,5,175,82,78,4.266667
SUPER_8,35620000,118,5,8,131,62,56,3.6923077
SUPER_8,35630000,111,7,8,126,60,51,12.8
SUPER_8,35640000,127,5,8,140,70,57,4.3846154
SUPER_8,35650000,71,5,4,80,35,36,5.7777777
SUPER_8,35660000,0,0,0,0,0,0,0
SUPER_8,35670000,0,0,0,0,0,0,0
SUPER_8,35680000,0,0,0,0,0,0,0
SUPER_8,35690000,102,5,5,112,59,43,11.2
SUPER_8,35700000,158,15,6,179,80,78,5.095238
SUPER_8,35710000,64,4,4,72,38,26,7
SUPER_8,35720000,77,9,9,95,40,37,4.7222223
SUPER_8,35730000,135,8,7,150,65,70,4.6
SUPER_8,35740000,117,5,13,135,57,60,14.777778
SUPER_8,35750000,76,1,3,80,37,39,3.5
SUPER_8,35760000,109,3,3,115,58,51,6.1666665
SUPER_8,35770000,166,9,9,184,93,73,6.3333335
SUPER_8,35780000,57,1,4,62,27,30,9.8
SUPER_8,35790000,3,0,0,3,3,0,NaN
SUPER_8,35800000,121,7,8,136,64,57,3.7333333
SUPER_8,35810000,83,6,7,96,40,43,3.0769231
SUPER_8,35820000,117,6,6,129,58,59,11.25
SUPER_8,35830000,137,9,8,154,63,74,21.294117
SUPER_8,35840000,80,8,8,96,43,37,6.625
SUPER_8,35850000,83,3,6,92,47,36,6.2222223
SUPER_8,35860000,90,6,16,112,33,57,6.7727275
SUPER_8,35870000,151,8,12,171,78,73,13.25
SUPER_8,35880000,144,7,7,158,66,78,9.071428
SUPER_8,35890000,69,5,4,78,31,38,8.444445
SUPER_8,35900000,3,1,0,4,2,1,4
SUPER_8,35910000,101,12,11,124,51,50,15.217391
SUPER_8,35920000,149,7,12,168,86,63,32.57895
SUPER_8,35930000,177,4,10,191,105,72,4.785714
SUPER_8,35940000,157,16,14,187,78,79,9.7
SUPER_8,35950000,0,0,1,1,0,0,1
SUPER_8,35960000,90,6,6,102,46,44,5.0833335
SUPER_8,35970000,123,9,7,139,67,56,10.4375
SUPER_8,35980000,111,11,11,133,64,47,9.454545
SUPER_8,35990000,0,0,0,0,0,0,0
SUPER_8,36000000,0,0,0,0,0,0,0
SUPER_8,36010000,131,7,8,146,59,72,2.8666666
SUPER_8,36020000,117,7,11,135,54,63,10.333333
SUPER_8,36030000,120,7,10,137,60,60,3.6470587
SUPER_8,36040000,43,5,4,52,25,18,3.5555556
SUPER_8,36050000,77,7,10,94,46,31,10.176471
SUPER_8,36060000,110,7,10,127,54,56,14
SUPER_8,36070000,36,0,7,43,17,19,13.714286
SUPER_8,36080000,0,0,0,0,0,0,0
SUPER_8,36090000,0,0,0,0,0,0,0
SUPER_8,36100000,4,0,0,4,1,3,NaN
SUPER_8,36110000,3,0,0,3,2,1,NaN
SUPER_8,36120000,65,3,11,79,31,34,10.714286
SUPER_8,36130000,202,11,14,227,103,99,11.08
SUPER_8,36140000,65,4,3,72,33,32,5.142857
SUPER_8,36150000,119,14,14,147,66,53,6.071429
SUPER_8,36160000,126,5,9,140,78,48,9.285714
SUPER_8,36170000,111,8,11,130,57,54,5.1578946
SUPER_8,36180000,81,4,7,92,36,45,19.09091
SUPER_8,36190000,33,5,3,41,16,17,6.125
SUPER_8,36200000,122,13,5,140,55,67,6.8333335
SUPER_8,36210000,46,10,3,59,24,22,10.153846
SUPER_8,36220000,39,1,1,41,21,18,4
SUPER_8,36230000,64,6,6,76,24,40,3.0833333
SUPER_8,36240000,224,21,13,258,118,106,5.4117646
SUPER_8,36250000,234,20,15,269,119,115,13.114285
SUPER_8,36260000,25,3,1,29,12,13,3.25
SUPER_8,36270000,79,6,2,87,37,42,7.875
SUPER_8,36280000,0,0,0,0,0,0,0
SUPER_8,36290000,0,0,0,0,0,0,0
SUPER_8,36300000,241,19,15,275,122,119,4.7941175
SUPER_8,36310000,109,10,11,130,53,56,12.095238
SUPER_8,36320000,127,10,13,150,61,66,17.173914
SUPER_8,36330000,0,0,0,0,0,0,0
SUPER_8,36340000,0,0,0,0,0,0,0
SUPER_8,36350000,233,25,28,286,112,121,16.132076
SUPER_8,36360000,46,3,4,53,23,23,8
SUPER_8,36370000,3,0,0,3,2,1,NaN
SUPER_8,36380000,72,4,0,76,40,32,2.5
SUPER_8,36390000,84,4,2,90,50,34,3.1666667
SUPER_8,36400000,42,3,2,47,21,21,3.6
SUPER_8,36410000,18,3,2,23,5,13,15.4
SUPER_8,36420000,21,2,2,25,16,5,4.25
SUPER_8,36430000,123,14,4,141,75,48,6.888889
SUPER_8,36440000,140,6,16,162,79,61,71.681816
SUPER_8,36450000,143,5,11,159,73,70,9.125
SUPER_8,36460000,143,10,10,163,71,72,6.75
SUPER_8,36470000,217,15,10,242,128,89,10
SUPER_8,36480000,66,5,5,76,27,39,5.1
SUPER_8,36490000,2,0,1,3,1,1,2
SUPER_8,36500000,0,1,0,1,0,0,1
SUPER_8,36510000,0,0,1,1,0,0,11
SUPER_8,36520000,2,0,0,2,0,2,NaN
SUPER_8,36530000,0,0,0,0,0,0,0
SUPER_8,36540000,0,0,0,0,0,0,0
SUPER_8,36550000,25,5,0,30,14,11,5.8
SUPER_8,36560000,88,3,8,99,46,42,7.7272725
SUPER_8,36570000,73,5,4,82,38,35,8.555555
SUPER_8,36580000,139,8,11,158,73,66,10.105263
SUPER_8,36590000,59,3,4,66,35,24,5.571429
SUPER_8,36600000,90,4,7,101,49,41,4.3636365
SUPER_8,36610000,59,4,6,69,28,31,5.9
SUPER_8,36620000,89,2,8,99,39,50,5.5
SUPER_8,36630000,52,3,3,58,31,21,6.5
SUPER_8,36640000,127,8,4,139,66,61,5.6666665
SUPER_8,36650000,74,7,11,92,41,33,32.61111
SUPER_8,36660000,105,11,5,121,55,50,14.9375
SUPER_8,36670000,71,7,6,84,35,36,4.6923075
SUPER_8,36680000,17,1,5,23,10,7,12
SUPER_8,36690000,28,4,2,34,13,15,5.5
SUPER_8,36700000,114,7,9,130,58,56,6.0625
SUPER_8,36710000,112,4,12,128,55,57,4.25
SUPER_8,36720000,74,8,8,90,37,37,5.25
SUPER_8,36730000,39,4,2,45,24,15,3.5
SUPER_8,36740000,13,1,1,15,9,4,1
SUPER_8,36750000,113,8,13,134,52,61,19.142857
SUPER_8,36760000,64,3,3,70,34,30,2.8333333
SUPER_8,36770000,62,2,6,70,31,31,10
SUPER_8,36780000,1,0,0,1,0,1,NaN
SUPER_8,36790000,2,0,2,4,1,1,1.5
SUPER_8,36800000,4,0,0,4,0,4,NaN
SUPER_8,36810000,48,3,3,54,21,27,8.666667
SUPER_8,36820000,96,7,9,112,47,49,16.875
SUPER_8,36830000,82,5,5,92,33,49,10.9
SUPER_8,36840000,92,9,12,113,54,38,9.380953
SUPER_8,36850000,103,8,6,117,57,46,18.642857
SUPER_8,36860000,54,3,7,64,27,27,6.3
SUPER_8,36870000,124,4,8,136,62,62,45.583332
SUPER_8,36880000,65,2,7,74,29,36,17.88889
SUPER_8,36890000,22,3,2,27,15,7,2.8
SUPER_8,36900000,28,2,1,31,18,10,9.666667
SUPER_8,36910000,54,3,3,60,26,28,17.333334
SUPER_8,36920000,71,8,6,85,40,31,10.214286
SUPER_8,36930000,6,0,1,7,2,4,1
SUPER_8,36940000,38,1,4,43,20,18,14.2
SUPER_8,36950000,20,2,2,24,12,8,7
SUPER_8,36960000,42,1,2,45,20,22,1.3333334
SUPER_8,36970000,27,3,2,32,13,14,8.2
SUPER_8,36980000,50,3,5,58,23,27,14.25
SUPER_8,36990000,5,0,0,5,2,3,NaN
SUPER_8,37000000,14,1,1,16,6,8,3.5
SUPER_8,37010000,12,4,7,23,5,7,1.0909091
SUPER_8,37020000,16,11,53,80,5,11,1.390625
SUPER_9,10000,0,0,0,0,0,0,0
SUPER_9,20000,0,0,0,0,0,0,0
SUPER_9,30000,11,5,12,28,3,8,1.2352941
SUPER_9,40000,0,0,0,0,0,0,0
SUPER_9,50000,0,0,0,0,0,0,0
SUPER_9,60000,0,0,0,0,0,0,0
SUPER_9,70000,2,3,0,5,1,1,1.3333334
SUPER_9,80000,33,1,1,35,21,12,3.5
SUPER_9,90000,13,1,2,16,8,5,2.3333333
SUPER_9,100000,0,0,0,0,0,0,0
SUPER_9,110000,0,0,0,0,0,0,0
SUPER_9,120000,58,4,2,64,30,28,6.1666665
SUPER_9,130000,69,8,7,84,29,40,8.4
SUPER_9,140000,85,1,6,92,44,41,6.857143
SUPER_9,150000,45,2,5,52,22,23,2.2857144
SUPER_9,160000,58,5,6,69,36,22,2.909091
SUPER_9,170000,72,9,5,86,37,35,5.071429
SUPER_9,180000,57,2,4,63,30,27,9.166667
SUPER_9,190000,63,7,6,76,31,32,2.5384614
SUPER_9,200000,55,6,1,62,24,31,2.4285715
SUPER_9,210000,125,10,6,141,69,56,14.75
SUPER_9,220000,119,7,13,139,67,52,8.8
SUPER_9,230000,98,8,7,113,41,57,4.5333333
SUPER_9,240000,78,5,6,89,44,34,9.181818
SUPER_9,250000,27,1,3,31,16,11,11.75
SUPER_9,260000,103,3,4,110,49,54,10.142858
SUPER_9,270000,67,1,0,68,34,33,1
SUPER_9,280000,0,0,1,1,0,0,1
SUPER_9,290000,26,2,1,29,8,18,2.3333333
SUPER_9,300000,34,1,1,36,15,19,1.5
SUPER_9,310000,62,1,4,67,34,28,29
SUPER_9,320000,73,6,4,83,38,35,12
SUPER_9,330000,12,1,0,13,3,9,1
SUPER_9,340000,114,11,10,135,54,60,4.047619
SUPER_9,350000,37,0,4,41,20,17,8.25
SUPER_9,360000,58,5,5,68,27,31,7.6
SUPER_9,370000,66,6,7,79,33,33,3.7692308
SUPER_9,380000,71,2,5,78,27,44,7.857143
SUPER_9,390000,148,9,6,163,81,67,11.933333
SUPER_9,400000,133,6,7,146,69,64,4.1538463
SUPER_9,410000,16,2,0,18,8,8,9.5
SUPER_9,420000,81,3,2,86,41,40,3.6
SUPER_9,430000,75,3,7,85,43,32,14.6
SUPER_9,440000,40,6,4,50,23,17,6.9
SUPER_9,450000,55,7,4,66,24,31,4
SUPER_9,460000,49,8,5,62,22,27,9.307693
SUPER_9,470000,142,5,8,155,86,56,8.461538
SUPER_9,480000,21,2,2,25,10,11,1
SUPER_9,490000,44,3,3,50,25,19,8.5
SUPER_9,500000,23,2,3,28,12,11,3.8
SUPER_9,510000,29,3,9,41,9,20,16.5
SUPER_9,520000,35,2,3,40,18,17,7.2
SUPER_9,530000,34,2,3,39,13,21,1.2
SUPER_9,540000,34,2,1,37,18,16,1
SUPER_9,550000,14,2,0,16,6,8,18
SUPER_9,560000,38,1,2,41,19,19,10.666667
SUPER_9,570000,100,7,13,120,55,45,6.3
SUPER_9,580000,119,6,7,132,46,73,13
SUPER_9,590000,39,4,5,48,12,27,7.7777777
SUPER_9,600000,71,2,5,78,36,35,6.142857
SUPER_9,610000,0,0,1,1,0,0,1
SUPER_9,620000,33,2,5,40,17,16,30.714285
SUPER_9,630000,75,4,8,87,42,33,7.1666665
SUPER_9,640000,49,0,4,53,25,24,73
SUPER_9,650000,69,1,6,76,38,31,74
SUPER_9,660000,167,5,14,186,75,92,11.368421
SUPER_9,670000,110,9,5,124,55,55,7.928571
SUPER_9,680000,56,4,9,69,24,32,12.769231
SUPER_9,690000,154,12,7,173,83,71,3.6842105
SUPER_9,700000,157,11,14,182,86,71,5.72
SUPER_9,710000,31,1,4,36,16,15,23.2
SUPER_9,720000,37,3,2,42,17,20,8.6
SUPER_9,730000,12,2,0,14,7,5,1.5
SUPER_9,740000,0,0,0,0,0,0,0
SUPER_9,750000,0,0,0,0,0,0,0
SUPER_9,760000,103,7,6,116,49,54,2.5384614
SUPER_9,770000,0,0,0,0,0,0,0
SUPER_9,780000,0,0,0,0,0,0,0
SUPER_9,790000,69,4,5,78,45,24,18.11111
SUPER_9,800000,43,6,3,52,22,21,10.111111
SUPER_9,810000,29,0,2,31,22,7,7
SUPER_9,820000,23,2,2,27,9,14,8
SUPER_9,830000,22,2,2,26,14,8,3.25
SUPER_9,840000,26,1,0,27,13,13,18
SUPER_9,850000,10,1,2,13,7,3,6
SUPER_9,860000,5,0,0,5,3,2,NaN
SUPER_9,870000,2,1,0,3,1,1,4
SUPER_9,880000,3,2,0,5,3,0,3
SUPER_9,890000,6,0,0,6,5,1,NaN
SUPER_9,900000,5,0,1,6,2,3,1
SUPER_9,910000,7,1,0,8,1,6,1
SUPER_9,920000,1,1,0,2,1,0,1
SUPER_9,930000,5,0,0,5,2,3,NaN
SUPER_9,940000,2,1,0,3,1,1,1
SUPER_9,950000,4,1,0,5,2,2,10
SUPER_9,960000,6,1,0,7,4,2,2
SUPER_9,970000,2,0,0,2,1,1,NaN
SUPER_9,980000,2,2,1,5,1,1,3.3333333
SUPER_9,990000,2,0,0,2,0,2,NaN
SUPER_9,1000000,3,3,0,6,1,2,28.666666
SUPER_9,1010000,2,0,0,2,2,0,NaN
SUPER_9,1020000,0,0,1,1,0,0,2
SUPER_9,1030000,3,0,0,3,2,1,NaN
SUPER_9,1040000,2,0,0,2,2,0,NaN
SUPER_9,1050000,1,0,0,1,0,1,NaN
SUPER_9,1060000,1,0,0,1,0,1,NaN
SUPER_9,1070000,1,0,0,1,0,1,NaN
SUPER_9,1080000,1,0,1,2,1,0,2
SUPER_9,1090000,3,1,0,4,3,0,3
SUPER_9,1100000,0,1,0,1,0,0,1
SUPER_9,1110000,5,2,2,9,4,1,8.25
SUPER_9,1120000,3,0,0,3,2,1,NaN
SUPER_9,1130000,0,0,0,0,0,0,0
SUPER_9,1140000,0,0,0,0,0,0,0
SUPER_9,1150000,4,0,2,6,1,3,1.5
SUPER_9,1160000,1,0,0,1,1,0,NaN
SUPER_9,1170000,0,1,0,1,0,0,1
SUPER_9,1180000,0,1,0,1,0,0,20
SUPER_9,1190000,0,1,0,1,0,0,1
SUPER_9,1200000,3,0,1,4,1,2,1
SUPER_9,1210000,1,1,0,2,1,0,1
SUPER_9,1220000,0,1,0,1,0,0,12
SUPER_9,1230000,4,0,0,4,2,2,NaN
SUPER_9,1240000,63,8,3,74,31,32,2.090909
SUPER_9,1250000,30,0,1,31,16,14,1
SUPER_9,1260000,107,7,11,125,51,56,26.5
SUPER_9,1270000,180,10,11,201,93,87,6.285714
SUPER_9,1280000,53,2,3,58,31,22,43.8
SUPER_9,1290000,127,2,4,133,61,66,9.5
SUPER_9,1300000,29,5,3,37,17,12,10.375
SUPER_9,1310000,55,2,5,62,29,26,5.857143
SUPER_9,1320000,99,9,10,118,48,51,5.7894735
SUPER_9,1330000,107,6,3,116,52,55,4.888889
SUPER_9,1340000,58,4,6,68,25,33,3.7
SUPER_9,1350000,63,3,3,69,33,30,4.5
SUPER_9,1360000,75,6,5,86,36,39,5.7272725
SUPER_9,1370000,93,8,9,110,48,45,9
SUPER_9,1380000,65,4,4,73,32,33,13.25
SUPER_9,1390000,14,1,1,16,5,9,7
SUPER_9,1400000,39,2,2,43,21,18,4.5
SUPER_9,1410000,16,2,1,19,8,8,8.333333
SUPER_9,1420000,20,4,3,27,7,13,3.857143
SUPER_9,1430000,18,1,2,21,5,13,2.3333333
SUPER_9,1440000,18,3,1,22,6,12,10.5
SUPER_9,1450000,15,0,1,16,4,11,2
SUPER_9,1460000,72,3,3,78,37,35,6.5
SUPER_9,1470000,61,10,8,79,28,33,42.72222
SUPER_9,1480000,106,6,7,119,45,61,8.307693
SUPER_9,1490000,87,11,15,113,34,53,5.923077
SUPER_9,1500000,49,3,8,60,30,19,3.2727273
SUPER_9,1510000,145,13,9,167,61,84,8.318182
SUPER_9,1520000,216,22,20,258,84,132,7.428571
SUPER_9,1530000,79,7,14,100,43,36,5.095238
SUPER_9,1540000,117,5,7,129,54,63,4.0833335
SUPER_9,1550000,138,11,8,157,82,56,4.4736843
SUPER_9,1560000,15,2,3,20,10,5,4.6
SUPER_9,1570000,39,6,11,56,18,21,5.1764708
SUPER_9,1580000,77,7,9,93,36,41,3.75
SUPER_9,1590000,40,5,4,49,21,19,3.5555556
SUPER_9,1600000,70,11,12,93,35,35,5.0869565
SUPER_9,1610000,78,7,7,92,33,45,10.5
SUPER_9,1620000,22,2,0,24,8,14,3
SUPER_9,1630000,123,7,5,135,55,68,9
SUPER_9,1640000,32,1,4,37,16,16,8.8
SUPER_9,1650000,60,8,9,77,32,28,3.5882354
SUPER_9,1660000,71,7,7,85,32,39,2
SUPER_9,1670000,153,13,16,182,75,78,4.586207
SUPER_9,1680000,78,8,4,90,43,35,5.0833335
SUPER_9,1690000,35,1,4,40,10,25,6.6
SUPER_9,1700000,57,6,5,68,23,34,10.272727
SUPER_9,1710000,92,10,13,115,43,49,6
SUPER_9,1720000,84,7,5,96,54,30,7.3333335
SUPER_9,1730000,125,7,6,138,64,61,9.538462
SUPER_9,1740000,129,9,7,145,56,73,10.4375
SUPER_9,1750000,84,1,10,95,47,37,4.5454545
SUPER_9,1760000,76,5,10,91,41,35,6.0666666
SUPER_9,1770000,110,2,8,120,61,49,3.7
SUPER_9,1780000,111,5,10,126,55,56,28.066668
SUPER_9,1790000,134,10,9,153,72,62,11.157895
SUPER_9,1800000,95,6,10,111,47,48,20.25
SUPER_9,1810000,12,0,0,12,7,5,NaN
SUPER_9,1820000,135,9,8,152,61,74,11.705882
SUPER_9,1830000,161,12,10,183,80,81,8.454545
SUPER_9,1840000,36,5,3,44,22,14,6
SUPER_9,1850000,129,10,8,147,63,66,7.2777777
SUPER_9,1860000,93,6,4,103,50,43,8.6
SUPER_9,1870000,71,6,6,83,36,35,7.9166665
SUPER_9,1880000,82,6,5,93,45,37,9.454545
SUPER_9,1890000,121,7,5,133,51,70,52.5
SUPER_9,1900000,5,0,0,5,3,2,NaN
SUPER_9,1910000,1,0,0,1,1,0,NaN
SUPER_9,1920000,1,0,0,1,1,0,NaN
SUPER_9,1930000,3,1,0,4,2,1,36
SUPER_9,1940000,4,0,1,5,1,3,31
SUPER_9,1950000,0,0,0,0,0,0,0
SUPER_9,1960000,0,0,0,0,0,0,0
SUPER_9,1970000,0,0,0,0,0,0,0
SUPER_9,1980000,4,1,0,5,4,0,1
SUPER_9,1990000,0,0,0,0,0,0,0
SUPER_9,2000000,0,0,0,0,0,0,0
SUPER_9,2010000,0,0,0,0,0,0,0
SUPER_9,2020000,0,0,0,0,0,0,0
SUPER_9,2030000,6,1,1,8,4,2,6.5
SUPER_9,2040000,3,0,0,3,2,1,NaN
SUPER_9,2050000,3,1,0,4,3,0,4
SUPER_9,2060000,38,2,3,43,22,16,14.2
SUPER_9,2070000,171,9,12,192,88,83,12.190476
SUPER_9,2080000,57,3,6,66,26,31,8.111111
SUPER_9,2090000,12,4,0,16,5,7,6.25
SUPER_9,2100000,43,3,2,48,21,22,4.8
SUPER_9,2110000,86,4,9,99,46,40,23.76923
SUPER_9,2120000,69,6,4,79,36,33,7
SUPER_9,2130000,55,6,5,66,29,26,5.909091
SUPER_9,2140000,85,4,9,98,49,36,3.6923077
SUPER_9,2150000,34,1,1,36,13,21,1.5
SUPER_9,2160000,91,5,11,107,47,44,15.375
SUPER_9,2170000,153,7,9,169,89,64,12.9375
SUPER_9,2180000,41,5,7,53,15,26,3.5833333
SUPER_9,2190000,3,0,1,4,3,0,1
SUPER_9,2200000,5,0,0,5,3,2,NaN
SUPER_9,2210000,126,15,8,149,63,63,22.347826
SUPER_9,2220000,196,17,14,227,99,97,8.032258
SUPER_9,2230000,62,6,6,74,33,29,2.9166667
SUPER_9,2240000,117,8,11,136,50,67,9.631579
SUPER_9,2250000,180,10,10,200,89,91,4.1
SUPER_9,2260000,81,3,10,94,41,40,8.461538
SUPER_9,2270000,101,3,9,113,53,48,9.25
SUPER_9,2280000,1,0,0,1,0,1,NaN
SUPER_9,2290000,1,0,0,1,1,0,NaN
SUPER_9,2300000,4,1,1,6,3,1,47.5
SUPER_9,2310000,0,0,0,0,0,0,0
SUPER_9,2320000,0,0,0,0,0,0,0
SUPER_9,2330000,8,1,0,9,5,3,1
SUPER_9,2340000,2,1,0,3,1,1,3
SUPER_9,2350000,1,0,1,2,0,1,1
SUPER_9,2360000,1,0,0,1,0,1,NaN
SUPER_9,2370000,1,0,0,1,0,1,NaN
SUPER_9,2380000,0,0,0,0,0,0,0
SUPER_9,2390000,0,0,0,0,0,0,0
SUPER_9,2400000,2,0,0,2,1,1,NaN
SUPER_9,2410000,2,0,0,2,1,1,NaN
SUPER_9,2420000,4,0,1,5,2,2,1
SUPER_9,2430000,7,2,1,10,4,3,3
SUPER_9,2440000,4,0,0,4,3,1,NaN
SUPER_9,2450000,80,7,5,92,35,45,5.4166665
SUPER_9,2460000,104,7,12,123,60,44,34.736843
SUPER_9,2470000,61,6,4,71,32,29,6.9
SUPER_9,2480000,82,6,4,92,44,38,11.3
SUPER_9,2490000,113,9,6,128,60,53,12.133333
SUPER_9,2500000,74,10,4,88,40,34,4.785714
SUPER_9,2510000,47,4,4,55,23,24,14.25
SUPER_9,2520000,46,3,2,51,18,28,98.2
SUPER_9,2530000,0,0,0,0,0,0,0
SUPER_9,2540000,0,0,0,0,0,0,0
SUPER_9,2550000,0,0,0,0,0,0,0
SUPER_9,2560000,67,4,5,76,38,29,29
SUPER_9,2570000,1,0,0,1,0,1,NaN
SUPER_9,2580000,2,0,0,2,1,1,NaN
SUPER_9,2590000,1,0,0,1,1,0,NaN
SUPER_9,2600000,1,1,0,2,0,1,1
SUPER_9,2610000,36,1,3,40,21,15,4.75
SUPER_9,2620000,79,2,3,84,35,44,6.8
SUPER_9,2630000,145,9,7,161,79,66,8
SUPER_9,2640000,159,6,10,175,91,68,4.4375
SUPER_9,2650000,145,14,9,168,71,74,3.2173913
SUPER_9,2660000,33,2,5,40,13,20,8.285714
SUPER_9,2670000,149,7,8,164,86,63,6.9333334
SUPER_9,2680000,73,4,10,87,38,35,3.5
SUPER_9,2690000,78,4,2,84,43,35,8.666667
SUPER_9,2700000,137,11,8,156,67,70,5
SUPER_9,2710000,168,5,12,185,99,69,6.2941175
SUPER_9,2720000,104,7,7,118,47,57,4.5
SUPER_9,2730000,128,17,12,157,58,70,8.724138
SUPER_9,2740000,82,7,5,94,42,40,4.6666665
SUPER_9,2750000,0,0,0,0,0,0,0
SUPER_9,2760000,0,0,0,0,0,0,0
SUPER_9,2770000,272,15,26,313,151,121,14.878049
SUPER_9,2780000,3,3,0,6,0,3,1.3333334
SUPER_9,2790000,69,3,4,76,34,35,3
SUPER_9,2800000,103,7,4,114,49,54,5
SUPER_9,2810000,81,6,12,99,37,44,2.8333333
SUPER_9,2820000,53,5,4,62,24,29,7.5555553
SUPER_9,2830000,181,8,12,201,95,86,14.85
SUPER_9,2840000,176,14,11,201,82,94,9.72
SUPER_9,2850000,158,9,8,175,92,66,5.2941175
SUPER_9,2860000,130,8,13,151,74,56,15.523809
SUPER_9,2870000,152,9,5,166,79,73,5.642857
SUPER_9,2880000,23,1,1,25,13,10,3
SUPER_9,2890000,22,0,1,23,14,8,41
SUPER_9,2900000,31,2,2,35,13,18,8.25
SUPER_9,2910000,0,0,0,0,0,0,0
SUPER_9,2920000,0,0,0,0,0,0,0
SUPER_9,2930000,3,0,0,3,3,0,NaN
SUPER_9,2940000,1,0,0,1,1,0,NaN
SUPER_9,2950000,1,0,1,2,1,0,1
SUPER_9,2960000,1,0,0,1,0,1,NaN
SUPER_9,2970000,1,0,0,1,1,0,NaN
SUPER_9,2980000,2,0,0,2,2,0,NaN
SUPER_9,2990000,2,0,0,2,2,0,NaN
SUPER_9,3000000,3,1,0,4,1,2,46
SUPER_9,3010000,5,2,0,7,2,3,10
SUPER_9,3020000,68,5,8,81,41,27,10.846154
SUPER_9,3030000,119,11,12,142,60,59,9.695652
SUPER_9,3040000,56,2,3,61,20,36,2.8
SUPER_9,3050000,44,5,3,52,17,27,4
SUPER_9,3060000,90,3,6,99,45,45,2.6666667
SUPER_9,3070000,112,12,15,139,57,55,16.37037
SUPER_9,3080000,62,2,2,66,37,25,3.5
SUPER_9,3090000,3,0,1,4,1,2,2
SUPER_9,3100000,8,5,1,14,6,2,4.1666665
SUPER_9,3110000,56,5,2,63,24,32,2.4285715
SUPER_9,3120000,87,7,4,98,52,35,23.727272
SUPER_9,3130000,47,4,2,53,21,26,5
SUPER_9,3140000,85,3,1,89,65,20,12.75
SUPER_9,3150000,115,11,14,140,65,50,8.52
SUPER_9,3160000,24,3,4,31,15,9,11
SUPER_9,3170000,17,3,2,22,9,8,5.8
SUPER_9,3180000,10,0,0,10,1,9,NaN
SUPER_9,3190000,99,12,8,119,49,50,6.7
SUPER_9,3200000,105,6,4,115,54,51,18.1
SUPER_9,3210000,123,7,10,140,57,66,5.7647057
SUPER_9,3220000,186,15,16,217,83,103,6.290323
SUPER_9,3230000,12,0,1,13,9,3,1
SUPER_9,3240000,7,0,1,8,1,6,1
SUPER_9,3250000,136,7,13,156,63,73,4.2
SUPER_9,3260000,4,0,0,4,1,3,NaN
SUPER_9,3270000,0,0,0,0,0,0,0
SUPER_9,3280000,0,0,0,0,0,0,0
SUPER_9,3290000,5,0,0,5,1,4,NaN
SUPER_9,3300000,3,0,0,3,3,0,NaN
SUPER_9,3310000,31,3,0,34,2,29,17.333334
SUPER_9,3320000,2,0,1,3,2,0,2
SUPER_9,3330000,4,0,0,4,2,2,NaN
SUPER_9,3340000,1,0,0,1,1,0,NaN
SUPER_9,3350000,41,3,3,47,16,25,2.1666667
SUPER_9,3360000,2,0,0,2,0,2,NaN
SUPER_9,3370000,1,0,0,1,1,0,NaN
SUPER_9,3380000,1,0,0,1,0,1,NaN
SUPER_9,3390000,150,11,14,175,76,74,4.16
SUPER_9,3400000,172,14,18,204,94,78,6.9375
SUPER_9,3410000,90,10,10,110,44,46,4.1
SUPER_9,3420000,117,7,9,133,58,59,8.5
SUPER_9,3430000,69,3,1,73,36,33,1.25
SUPER_9,3440000,98,5,7,110,55,43,22.5
SUPER_9,3450000,130,7,10,147,54,76,5.7058825
SUPER_9,3460000,154,8,9,171,76,78,4.2941175
SUPER_9,3470000,83,8,5,96,47,36,4.1538463
SUPER_9,3480000,67,6,6,79,40,27,6.0833335
SUPER_9,3490000,117,13,11,141,73,44,5.25
SUPER_9,3500000,102,6,6,114,56,46,7.1666665
SUPER_9,3510000,11,0,1,12,4,7,1
SUPER_9,3520000,9,1,0,10,8,1,1
SUPER_9,3530000,138,8,15,161,71,67,33.217392
SUPER_9,3540000,19,1,2,22,10,9,12
SUPER_9,3550000,47,2,4,53,26,21,33.5
SUPER_9,3560000,129,18,9,156,67,62,14.666667
SUPER_9,3570000,56,1,0,57,33,23,1
SUPER_9,3580000,42,4,7,53,19,23,3.4545455
SUPER_9,3590000,91,7,14,112,46,45,6.047619
SUPER_9,3600000,51,9,2,62,26,25,4.7272725
SUPER_9,3610000,108,10,7,125,62,46,4.529412
SUPER_9,3620000,133,8,6,147,71,62,9.285714
SUPER_9,3630000,209,13,14,236,115,94,33.925926
SUPER_9,3640000,148,6,13,167,71,77,3.5263157
SUPER_9,3650000,87,6,3,96,44,43,4.6666665
SUPER_9,3660000,1,1,0,2,1,0,4
SUPER_9,3670000,2,1,0,3,1,1,1
SUPER_9,3680000,0,0,1,1,0,0,2
SUPER_9,3690000,6,0,0,6,5,1,NaN
SUPER_9,3700000,45,3,5,53,30,15,10.375
SUPER_9,3710000,17,4,2,23,11,6,1.6666666
SUPER_9,3720000,79,8,11,98,46,33,15.421053
SUPER_9,3730000,27,4,4,35,20,7,8.375
SUPER_9,3740000,64,5,4,73,36,28,6.111111
SUPER_9,3750000,111,10,8,129,56,55,5.5
SUPER_9,3760000,30,0,2,32,14,16,12.5
SUPER_9,3770000,72,5,5,82,33,39,5.3
SUPER_9,3780000,87,6,5,98,46,41,6.2727275
SUPER_9,3790000,74,4,3,81,35,39,3.142857
SUPER_9,3800000,121,11,11,143,65,56,7.818182
SUPER_9,3810000,177,12,12,201,96,81,4.8333335
SUPER_9,3820000,207,9,15,231,102,105,4.125
SUPER_9,3830000,112,13,14,139,52,60,12.925926
SUPER_9,3840000,35,5,5,45,17,18,4.8
SUPER_9,3850000,2,1,0,3,2,0,4
SUPER_9,3860000,52,5,6,63,19,33,3.6363637
SUPER_9,3870000,49,10,6,65,23,26,6.9375
SUPER_9,3880000,1,0,0,1,0,1,NaN
SUPER_9,3890000,4,0,0,4,2,2,NaN
SUPER_9,3900000,2,0,0,2,0,2,NaN
SUPER_9,3910000,4,2,1,7,3,1,1.6666666
SUPER_9,3920000,77,6,6,89,46,31,6.25
SUPER_9,3930000,167,12,12,191,85,82,12.291667
SUPER_9,3940000,86,5,7,98,41,45,5.75
SUPER_9,3950000,52,3,7,62,28,24,3.7
SUPER_9,3960000,8,0,0,8,6,2,NaN
SUPER_9,3970000,3,1,0,4,1,2,1
SUPER_9,3980000,85,10,12,107,42,43,20.90909
SUPER_9,3990000,146,11,14,171,73,73,9.28
SUPER_9,4000000,85,11,8,104,46,39,4.5263157
SUPER_9,4010000,107,10,9,126,57,50,8.631579
SUPER_9,4020000,128,6,6,140,64,64,9.916667
SUPER_9,4030000,150,12,3,165,74,76,5.6666665
SUPER_9,4040000,159,12,18,189,83,76,18.233334
SUPER_9,4050000,29,4,1,34,15,14,1.2
SUPER_9,4060000,14,1,0,15,6,8,6
SUPER_9,4070000,37,1,3,41,20,17,48.5
SUPER_9,4080000,119,8,8,135,62,57,6.3125
SUPER_9,4090000,103,5,7,115,50,53,12.333333
SUPER_9,4100000,188,11,22,221,105,83,15.575758
SUPER_9,4110000,113,8,13,134,58,55,5.5238094
SUPER_9,4120000,95,10,6,111,52,43,3.3125
SUPER_9,4130000,34,1,5,40,14,20,3.3333333
SUPER_9,4140000,108,11,3,122,54,54,4.928571
SUPER_9,4150000,100,14,5,119,49,51,6.4210525
SUPER_9,4160000,202,18,11,231,99,103,4.3103447
SUPER_9,4170000,4,0,0,4,3,1,NaN
SUPER_9,4180000,60,3,0,63,32,28,8
SUPER_9,4190000,8,3,0,11,4,4,5.6666665
SUPER_9,4200000,3,1,0,4,1,2,12
SUPER_9,4210000,115,2,5,122,62,53,27
SUPER_9,4220000,141,5,9,155,71,70,5.071429
SUPER_9,4230000,59,3,3,65,29,30,2.1666667
SUPER_9,4240000,48,6,3,57,23,25,6.888889
SUPER_9,4250000,115,4,13,132,60,55,7.529412
SUPER_9,4260000,107,8,7,122,56,51,5.5333333
SUPER_9,4270000,139,17,13,169,56,83,5.866667
SUPER_9,4280000,119,10,15,144,60,59,8.04
SUPER_9,4290000,109,11,10,130,44,65,11.619047
SUPER_9,4300000,35,8,0,43,14,21,1.5
SUPER_9,4310000,81,8,9,98,40,41,7
SUPER_9,4320000,141,6,7,154,67,74,15.076923
SUPER_9,4330000,207,16,14,237,112,95,12.2
SUPER_9,4340000,147,10,10,167,82,65,9.4
SUPER_9,4350000,148,6,20,174,78,70,8.384615
SUPER_9,4360000,125,11,13,149,63,62,9.375
SUPER_9,4370000,84,14,6,104,48,36,4.6
SUPER_9,4380000,142,8,8,158,68,74,3.9375
SUPER_9,4390000,104,10,3,117,52,52,6.1538463
SUPER_9,4400000,15,0,3,18,11,4,3.6666667
SUPER_9,4410000,119,6,11,136,51,68,2.2941177
SUPER_9,4420000,152,6,10,168,76,76,6
SUPER_9,4430000,67,7,5,79,28,39,7.9166665
SUPER_9,4440000,120,9,11,140,64,56,3.5
SUPER_9,4450000,44,5,1,50,18,26,4.3333335
SUPER_9,4460000,164,12,14,190,83,81,8.076923
SUPER_9,4470000,88,6,5,99,38,50,6.909091
SUPER_9,4480000,133,11,6,150,61,72,6.2941175
SUPER_9,4490000,139,14,9,162,73,66,7.478261
SUPER_9,4500000,99,8,4,111,48,51,2.5833333
SUPER_9,4510000,12,1,0,13,7,5,32
SUPER_9,4520000,2,0,0,2,1,1,NaN
SUPER_9,4530000,2,0,0,2,1,1,NaN
SUPER_9,4540000,1,0,0,1,1,0,NaN
SUPER_9,4550000,23,3,4,30,9,14,8.285714
SUPER_9,4560000,53,4,7,64,26,27,17.727272
SUPER_9,4570000,112,10,4,126,66,46,8.214286
SUPER_9,4580000,82,3,6,91,43,39,2.7777777
SUPER_9,4590000,179,9,9,197,93,86,8.5
SUPER_9,4600000,45,2,4,51,27,18,4.8333335
SUPER_9,4610000,202,10,12,224,109,93,9.954545
SUPER_9,4620000,234,14,15,263,132,102,6.2413793
SUPER_9,4630000,109,11,12,132,54,55,12.565217
SUPER_9,4640000,81,8,12,101,41,40,21.85
SUPER_9,4650000,118,7,6,131,62,56,9.769231
SUPER_9,4660000,111,6,6,123,59,52,7.3333335
SUPER_9,4670000,61,5,4,70,29,32,6.7777777
SUPER_9,4680000,120,9,10,139,60,60,5.7894735
SUPER_9,4690000,79,2,7,88,35,44,6.3333335
SUPER_9,4700000,57,5,3,65,31,26,29.125
SUPER_9,4710000,149,13,8,170,72,77,3.5714285
SUPER_9,4720000,69,3,5,77,36,33,9.375
SUPER_9,4730000,0,0,0,0,0,0,0
SUPER_9,4740000,0,0,0,0,0,0,0
SUPER_9,4750000,271,28,21,320,156,115,5.9387755
SUPER_9,4760000,61,11,7,79,25,36,16.555555
SUPER_9,4770000,100,10,7,117,57,43,19.352942
SUPER_9,4780000,32,3,2,37,16,16,10.8
SUPER_9,4790000,144,8,10,162,87,57,11.444445
SUPER_9,4800000,117,12,7,136,63,54,2.3157895
SUPER_9,4810000,195,14,20,229,103,92,5.9411764
SUPER_9,4820000,152,14,12,178,68,84,23.423077
SUPER_9,4830000,117,5,5,127,64,53,4.1
SUPER_9,4840000,65,2,7,74,29,36,8.222222
SUPER_9,4850000,27,3,0,30,14,13,1.6666666
SUPER_9,4860000,132,7,9,148,62,70,3.0625
SUPER_9,4870000,131,10,9,150,64,67,5.9473686
SUPER_9,4880000,146,8,5,159,71,75,9.769231
SUPER_9,4890000,142,10,8,160,70,72,10.166667
SUPER_9,4900000,149,16,20,185,69,80,6.0833335
SUPER_9,4910000,133,9,6,148,65,68,8.266666
SUPER_9,4920000,69,1,3,73,26,43,3.25
SUPER_9,4930000,113,12,9,134,57,56,17.333334
SUPER_9,4940000,89,7,6,102,44,45,5.076923
SUPER_9,4950000,92,1,11,104,43,49,24.333334
SUPER_9,4960000,111,8,4,123,46,65,4.5833335
SUPER_9,4970000,117,5,10,132,59,58,5.8
SUPER_9,4980000,74,8,12,94,34,40,15.05
SUPER_9,4990000,99,8,10,117,50,49,9.444445
SUPER_9,5000000,28,2,3,33,15,13,1.4
SUPER_9,5010000,4,1,0,5,2,2,1
SUPER_9,5020000,143,15,16,174,71,72,5.967742
SUPER_9,5030000,87,5,9,101,42,45,8.285714
SUPER_9,5040000,31,1,4,36,19,12,7
SUPER_9,5050000,102,9,7,118,47,55,5.125
SUPER_9,5060000,122,6,16,144,62,60,5.590909
SUPER_9,5070000,79,4,6,89,39,40,6.3
SUPER_9,5080000,160,11,16,187,88,72,7.4814816
SUPER_9,5090000,97,9,10,116,56,41,6.6842103
SUPER_9,5100000,41,3,3,47,21,20,1.6666666
SUPER_9,5110000,40,3,4,47,20,20,6.857143
SUPER_9,5120000,94,4,7,105,51,43,4.6363635
SUPER_9,5130000,72,4,4,80,34,38,3.125
SUPER_9,5140000,74,7,6,87,31,43,2.6923077
SUPER_9,5150000,118,8,10,136,70,48,4.7777777
SUPER_9,5160000,50,5,7,62,28,22,9.666667
SUPER_9,5170000,129,13,11,153,73,56,9.666667
SUPER_9,5180000,36,7,3,46,20,16,7.2
SUPER_9,5190000,48,3,3,54,21,27,1.5
SUPER_9,5200000,55,5,5,65,31,24,1.5
SUPER_9,5210000,4,0,0,4,1,3,NaN
SUPER_9,5220000,2,1,0,3,2,0,45
SUPER_9,5230000,1,0,0,1,0,1,NaN
SUPER_9,5240000,0,1,0,1,0,0,9
SUPER_9,5250000,3,1,1,5,1,2,3.5
SUPER_9,5260000,0,0,0,0,0,0,0
SUPER_9,5270000,0,0,0,0,0,0,0
SUPER_9,5280000,0,0,0,0,0,0,0
SUPER_9,5290000,0,0,0,0,0,0,0
SUPER_9,5300000,3,0,0,3,1,2,NaN
SUPER_9,5310000,2,0,0,2,1,1,NaN
SUPER_9,5320000,13,2,2,17,8,5,3.75
SUPER_9,5330000,206,13,13,232,91,115,7.076923
SUPER_9,5340000,81,4,7,92,40,41,3
SUPER_9,5350000,84,6,7,97,44,40,9.384615
SUPER_9,5360000,146,8,8,162,71,75,4.0625
SUPER_9,5370000,31,3,5,39,16,15,37
SUPER_9,5380000,83,6,12,101,45,38,5.1666665
SUPER_9,5390000,56,3,7,66,27,29,41.9
SUPER_9,5400000,33,4,2,39,16,17,26.666666
SUPER_9,5410000,107,5,8,120,61,46,5.8461537
SUPER_9,5420000,87,10,8,105,52,35,6.4444447
SUPER_9,5430000,69,4,10,83,30,39,74.57143
SUPER_9,5440000,5,2,0,7,2,3,4.5
SUPER_9,5450000,84,6,6,96,44,40,4
SUPER_9,5460000,131,17,8,156,68,63,10.04
SUPER_9,5470000,135,11,8,154,66,69,7.894737
SUPER_9,5480000,90,10,8,108,51,39,7.5555553
SUPER_9,5490000,39,1,0,40,18,21,1
SUPER_9,5500000,13,0,1,14,7,6,1
SUPER_9,5510000,38,3,3,44,20,18,3.6666667
SUPER_9,5520000,133,4,4,141,73,60,9.25
SUPER_9,5530000,188,15,10,213,108,80,6.84
SUPER_9,5540000,70,2,10,82,40,30,4.0833335
SUPER_9,5550000,115,10,8,133,72,43,8.388889
SUPER_9,5560000,166,5,12,183,79,87,10.588235
SUPER_9,5570000,89,12,9,110,36,53,5
SUPER_9,5580000,293,13,19,325,156,137,7.875
SUPER_9,5590000,127,14,9,150,62,65,4.652174
SUPER_9,5600000,101,5,9,115,55,46,73.14286
SUPER_9,5610000,52,3,4,59,27,25,13.857142
SUPER_9,5620000,69,3,4,76,35,34,6.857143
SUPER_9,5630000,104,2,4,110,66,38,13
SUPER_9,5640000,83,6,7,96,41,42,3.6923077
SUPER_9,5650000,1,0,0,1,1,0,NaN
SUPER_9,5660000,4,0,0,4,3,1,NaN
SUPER_9,5670000,1,0,0,1,0,1,NaN
SUPER_9,5680000,1,0,0,1,0,1,NaN
SUPER_9,5690000,77,3,7,87,47,30,5.6
SUPER_9,5700000,31,0,3,34,14,17,3
SUPER_9,5710000,1,1,0,2,1,0,4
SUPER_9,5720000,0,0,1,1,0,0,2
SUPER_9,5730000,24,0,0,24,11,13,NaN
SUPER_9,5740000,109,8,6,123,56,53,11.357142
SUPER_9,5750000,95,7,5,107,51,44,7.9166665
SUPER_9,5760000,102,6,11,119,59,43,9.882353
SUPER_9,5770000,48,4,2,54,17,31,8.166667
SUPER_9,5780000,88,5,7,100,53,35,5.6666665
SUPER_9,5790000,134,16,16,166,63,71,6.5625
SUPER_9,5800000,131,10,11,152,70,61,9.380953
SUPER_9,5810000,64,2,5,71,38,26,3.857143
SUPER_9,5820000,9,1,0,10,3,6,4
SUPER_9,5830000,15,0,0,15,10,5,NaN
SUPER_9,5840000,140,11,16,167,59,81,6.962963
SUPER_9,5850000,135,14,10,159,67,68,5.7916665
SUPER_9,5860000,54,1,6,61,34,20,78.42857
SUPER_9,5870000,57,8,6,71,39,18,19.142857
SUPER_9,5880000,105,12,4,121,58,47,15.9375
SUPER_9,5890000,78,5,7,90,45,33,5.9166665
SUPER_9,5900000,42,1,5,48,22,20,14.166667
SUPER_9,5910000,97,5,7,109,50,47,8.083333
SUPER_9,5920000,93,1,3,97,49,44,2.5
SUPER_9,5930000,84,2,7,93,47,37,14.111111
SUPER_9,5940000,101,8,2,111,57,44,4.8
SUPER_9,5950000,126,6,6,138,63,63,7.75
SUPER_9,5960000,74,5,1,80,33,41,6.8333335
SUPER_9,5970000,56,5,3,64,25,31,5.25
SUPER_9,5980000,77,4,7,88,42,35,4.090909
SUPER_9,5990000,67,11,5,83,38,29,6.1875
SUPER_9,6000000,132,3,14,149,67,65,10.411765
SUPER_9,6010000,150,12,15,177,80,70,6.4814816
SUPER_9,6020000,177,11,17,205,83,94,3.892857
SUPER_9,6030000,156,9,26,191,82,74,12.257143
SUPER_9,6040000,72,8,9,89,37,35,5.0588236
SUPER_9,6050000,57,4,5,66,33,24,8.666667
SUPER_9,6060000,170,10,11,191,90,80,8.190476
SUPER_9,6070000,226,12,23,261,118,108,10.914286
SUPER_9,6080000,230,11,19,260,123,107,6.6
SUPER_9,6090000,105,9,12,126,47,58,7.428571
SUPER_9,6100000,98,11,4,113,48,50,6.4
SUPER_9,6110000,128,10,9,147,58,70,7.0526314
SUPER_9,6120000,8,1,3,12,4,4,2.5
SUPER_9,6130000,4,0,0,4,3,1,NaN
SUPER_9,6140000,25,2,2,29,11,14,3.25
SUPER_9,6150000,118,5,9,132,58,60,7.642857
SUPER_9,6160000,113,2,7,122,69,44,8.111111
SUPER_9,6170000,86,5,8,99,46,40,13.846154
SUPER_9,6180000,111,8,7,126,61,50,4.866667
SUPER_9,6190000,101,3,8,112,44,57,3
SUPER_9,6200000,121,9,16,146,73,48,16.16
SUPER_9,6210000,76,7,9,92,42,34,34.375
SUPER_9,6220000,109,2,9,120,55,54,7.909091
SUPER_9,6230000,175,8,14,197,81,94,3.6363637
SUPER_9,6240000,208,19,12,239,106,102,5.516129
SUPER_9,6250000,33,1,3,37,19,14,7.25
SUPER_9,6260000,119,5,10,134,62,57,43.4
SUPER_9,6270000,109,7,8,124,59,50,5.4
SUPER_9,6280000,3,0,1,4,3,0,1
SUPER_9,6290000,1,1,0,2,0,1,1
SUPER_9,6300000,77,4,8,89,38,39,5.4166665
SUPER_9,6310000,18,1,1,20,13,5,8.5
SUPER_9,6320000,19,0,1,20,11,8,2
SUPER_9,6330000,1,0,1,2,1,0,4
SUPER_9,6340000,1,0,0,1,1,0,NaN
SUPER_9,6350000,39,0,6,45,10,29,3.1666667
SUPER_9,6360000,89,3,9,101,46,43,6.6666665
SUPER_9,6370000,148,13,10,171,74,74,9.173913
SUPER_9,6380000,133,6,9,148,76,57,15.533334
SUPER_9,6390000,67,2,6,75,37,30,2.5
SUPER_9,6400000,50,4,4,58,27,23,3
SUPER_9,6410000,86,3,4,93,44,42,11.571428
SUPER_9,6420000,3,0,4,7,1,2,6.75
SUPER_9,6430000,43,3,3,49,25,18,5.1666665
SUPER_9,6440000,61,2,6,69,35,26,7
SUPER_9,6450000,151,10,8,169,71,80,3.7777777
SUPER_9,6460000,85,11,11,107,42,43,16.363636
SUPER_9,6470000,130,8,3,141,61,69,3.1818182
SUPER_9,6480000,113,5,9,127,66,47,10.357142
SUPER_9,6490000,7,0,1,8,5,2,24
SUPER_9,6500000,1,0,1,2,1,0,1
SUPER_9,6510000,0,0,1,1,0,0,6
SUPER_9,6520000,18,3,1,22,7,11,1.75
SUPER_9,6530000,29,2,1,32,16,13,2.6666667
SUPER_9,6540000,50,4,4,58,24,26,19.875
SUPER_9,6550000,181,11,14,206,99,82,9.88
SUPER_9,6560000,148,12,10,170,75,73,10.045455
SUPER_9,6570000,175,16,15,206,84,91,7.225806
SUPER_9,6580000,170,7,16,193,71,99,26.826086
SUPER_9,6590000,64,6,0,70,27,37,4.3333335
SUPER_9,6600000,162,13,16,191,86,76,48.482758
SUPER_9,6610000,12,1,1,14,7,5,1.5
SUPER_9,6620000,104,4,16,124,54,50,6.25
SUPER_9,6630000,60,1,3,64,35,25,4.25
SUPER_9,6640000,11,0,0,11,5,6,NaN
SUPER_9,6650000,139,3,9,151,75,64,7.6666665
SUPER_9,6660000,60,4,6,70,34,26,11.9
SUPER_9,6670000,98,5,10,113,46,52,5.5333333
SUPER_9,6680000,72,3,3,78,37,35,16
SUPER_9,6690000,129,9,12,150,66,63,10.952381
SUPER_9,6700000,130,2,5,137,78,52,7.428571
SUPER_9,6710000,138,19,11,168,71,67,13.5
SUPER_9,6720000,129,9,8,146,85,44,7.647059
SUPER_9,6730000,139,8,9,156,75,64,5.470588
SUPER_9,6740000,85,11,13,109,44,41,5.0416665
SUPER_9,6750000,182,12,7,201,100,82,11.789474
SUPER_9,6760000,91,4,8,103,50,41,2.25
SUPER_9,6770000,85,7,6,98,38,47,6.6153846
SUPER_9,6780000,184,5,4,193,107,77,11.555555
SUPER_9,6790000,102,2,8,112,53,49,2.7
SUPER_9,6800000,122,6,4,132,73,49,9
SUPER_9,6810000,165,6,14,185,77,88,7.55
SUPER_9,6820000,187,6,12,205,101,86,7.9444447
SUPER_9,6830000,130,5,9,144,71,59,13.928572
SUPER_9,6840000,106,7,6,119,48,58,4.6153846
SUPER_9,6850000,95,6,7,108,49,46,7.3076925
SUPER_9,6860000,130,8,7,145,65,65,5.3333335
SUPER_9,6870000,85,5,12,102,47,38,6.2941175
SUPER_9,6880000,127,7,12,146,69,58,11.315789
SUPER_9,6890000,103,6,3,112,57,46,4
SUPER_9,6900000,127,8,10,145,64,63,7.8333335
SUPER_9,6910000,65,3,5,73,32,33,6.5
SUPER_9,6920000,109,7,7,123,50,59,12.428572
SUPER_9,6930000,105,5,13,123,59,46,18.277779
SUPER_9,6940000,73,4,4,81,32,41,9.5
SUPER_9,6950000,24,1,1,26,13,11,3.5
SUPER_9,6960000,65,1,5,71,37,28,3
SUPER_9,6970000,141,7,5,153,81,60,6.9166665
SUPER_9,6980000,15,0,0,15,8,7,NaN
SUPER_9,6990000,83,6,9,98,42,41,7.133333
SUPER_9,7000000,39,3,4,46,26,13,16.714285
SUPER_9,7010000,123,4,4,131,72,51,2.875
SUPER_9,7020000,118,9,4,131,61,57,10.461538
SUPER_9,7030000,62,4,1,67,37,25,3.2
SUPER_9,7040000,143,7,10,160,63,80,7.2941175
SUPER_9,7050000,0,0,0,0,0,0,0
SUPER_9,7060000,0,0,0,0,0,0,0
SUPER_9,7070000,71,5,6,82,34,37,10.181818
SUPER_9,7080000,4,0,0,4,4,0,NaN
SUPER_9,7090000,2,1,0,3,1,1,1
SUPER_9,7100000,0,1,0,1,0,0,1
SUPER_9,7110000,1,0,0,1,1,0,NaN
SUPER_9,7120000,2,0,0,2,1,1,NaN
SUPER_9,7130000,3,0,0,3,1,2,NaN
SUPER_9,7140000,2,0,0,2,1,1,NaN
SUPER_9,7150000,1,0,0,1,1,0,NaN
SUPER_9,7160000,5,0,0,5,4,1,NaN
SUPER_9,7170000,24,2,1,27,17,7,2
SUPER_9,7180000,101,5,6,112,59,42,7.181818
SUPER_9,7190000,29,0,1,30,13,16,3
SUPER_9,7200000,147,6,10,163,76,71,3.8125
SUPER_9,7210000,23,0,4,27,12,11,7.25
SUPER_9,7220000,78,9,6,93,42,36,16.866667
SUPER_9,7230000,16,7,1,24,3,13,6.5
SUPER_9,7240000,97,6,6,109,48,49,2.4166667
SUPER_9,7250000,45,5,11,61,26,19,37.75
SUPER_9,7260000,2,1,1,4,2,0,5
SUPER_9,7270000,3,0,0,3,2,1,NaN
SUPER_9,7280000,117,3,3,123,66,51,6.8333335
SUPER_9,7290000,99,8,8,115,46,53,9.4375
SUPER_9,7300000,62,3,5,70,34,28,13.75
SUPER_9,7310000,79,8,3,90,43,36,12.363636
SUPER_9,7320000,111,7,3,121,70,41,7.8
SUPER_9,7330000,143,10,10,163,70,73,7.05
SUPER_9,7340000,82,4,3,89,39,43,22
SUPER_9,7350000,81,4,8,93,46,35,5.1666665
SUPER_9,7360000,116,4,9,129,54,62,13.153846
SUPER_9,7370000,2,0,0,2,2,0,NaN
SUPER_9,7380000,161,11,8,180,106,55,7.4736843
SUPER_9,7390000,11,0,2,13,1,10,1
SUPER_9,7400000,85,8,8,101,39,46,18.875
SUPER_9,7410000,113,9,10,132,55,58,5.3157897
SUPER_9,7420000,96,6,5,107,52,44,5.3636365
SUPER_9,7430000,1,0,0,1,1,0,NaN
SUPER_9,7440000,2,0,1,3,1,1,12
SUPER_9,7450000,2,1,1,4,2,0,17
SUPER_9,7460000,1,0,1,2,0,1,1
SUPER_9,7470000,126,7,11,144,70,56,29.61111
SUPER_9,7480000,169,13,5,187,84,85,8.277778
SUPER_9,7490000,74,10,7,91,44,30,4.4117646
SUPER_9,7500000,142,12,11,165,69,73,8.869565
SUPER_9,7510000,139,7,5,151,71,68,9.5
SUPER_9,7520000,95,8,3,106,59,36,3.5454545
SUPER_9,7530000,29,1,1,31,18,11,2
SUPER_9,7540000,3,0,1,4,2,1,4
SUPER_9,7550000,5,0,0,5,4,1,NaN
SUPER_9,7560000,0,1,0,1,0,0,8
SUPER_9,7570000,3,0,1,4,2,1,40
SUPER_9,7580000,3,1,1,5,2,1,8.5
SUPER_9,7590000,11,2,2,15,3,8,1
SUPER_9,7600000,100,8,4,112,60,40,9.583333
SUPER_9,7610000,51,4,3,58,31,20,8.714286
SUPER_9,7620000,93,7,10,110,45,48,31.294117
SUPER_9,7630000,3,0,2,5,3,0,9
SUPER_9,7640000,85,5,5,95,47,38,8
SUPER_9,7650000,51,3,5,59,30,21,5.25
SUPER_9,7660000,36,4,4,44,22,14,3.125
SUPER_9,7670000,15,0,0,15,6,9,NaN
SUPER_9,7680000,3,0,0,3,3,0,NaN
SUPER_9,7690000,2,0,0,2,0,2,NaN
SUPER_9,7700000,67,5,7,79,34,33,2.25
SUPER_9,7710000,92,9,6,107,55,37,12.2
SUPER_9,7720000,54,3,2,59,33,21,4
SUPER_9,7730000,21,3,5,29,10,11,11.25
SUPER_9,7740000,104,9,9,122,39,65,5.3333335
SUPER_9,7750000,94,6,7,107,49,45,8
SUPER_9,7760000,125,11,12,148,72,53,3.5217392
SUPER_9,7770000,140,16,9,165,66,74,5.2
SUPER_9,7780000,139,2,9,150,66,73,12.272727
SUPER_9,7790000,109,8,9,126,70,39,2.7058823
SUPER_9,7800000,134,6,6,146,65,69,5.3333335
SUPER_9,7810000,24,4,3,31,13,11,11.714286
SUPER_9,7820000,27,2,1,30,17,10,5
SUPER_9,7830000,76,4,7,87,26,50,9.636364
SUPER_9,7840000,66,3,3,72,42,24,3.1666667
SUPER_9,7850000,192,14,9,215,93,99,10.782609
SUPER_9,7860000,78,4,2,84,42,36,7.5
SUPER_9,7870000,125,9,5,139,61,64,3.2142856
SUPER_9,7880000,8,1,0,9,2,6,1
SUPER_9,7890000,7,0,0,7,5,2,NaN
SUPER_9,7900000,4,1,0,5,1,3,2
SUPER_9,7910000,3,2,0,5,0,3,1
SUPER_9,7920000,1,1,2,4,1,0,17
SUPER_9,7930000,2,3,0,5,1,1,9
SUPER_9,7940000,5,2,0,7,4,1,5.5
SUPER_9,7950000,4,0,0,4,4,0,NaN
SUPER_9,7960000,5,1,2,8,2,3,1
SUPER_9,7970000,6,0,0,6,6,0,NaN
SUPER_9,7980000,73,8,7,88,46,27,48.933334
SUPER_9,7990000,65,6,2,73,33,32,5
SUPER_9,8000000,86,6,14,106,52,34,29.65
SUPER_9,8010000,17,1,2,20,12,5,1.6666666
SUPER_9,8020000,3,0,0,3,1,2,NaN
SUPER_9,8030000,3,0,0,3,2,1,NaN
SUPER_9,8040000,1,0,0,1,1,0,NaN
SUPER_9,8050000,2,0,0,2,2,0,NaN
SUPER_9,8060000,41,3,1,45,22,19,5.25
SUPER_9,8070000,58,6,0,64,33,25,6.1666665
SUPER_9,8080000,0,0,0,0,0,0,0
SUPER_9,8090000,0,0,0,0,0,0,0
SUPER_9,8100000,140,13,9,162,77,63,3.9545455
SUPER_9,8110000,4,0,1,5,3,1,9
SUPER_9,8120000,26,0,3,29,15,11,3.3333333
SUPER_9,8130000,87,5,8,100,31,56,3.3846154
SUPER_9,8140000,106,9,8,123,59,47,6.5882354
SUPER_9,8150000,128,5,8,141,70,58,2.9230769
SUPER_9,8160000,186,11,12,209,93,93,8.217391
SUPER_9,8170000,72,4,5,81,46,26,3
SUPER_9,8180000,153,11,12,176,83,70,3.4782608
SUPER_9,8190000,0,0,0,0,0,0,0
SUPER_9,8200000,0,0,0,0,0,0,0
SUPER_9,8210000,152,6,11,169,71,81,4.470588
SUPER_9,8220000,97,7,3,107,39,58,4.8
SUPER_9,8230000,88,9,4,101,53,35,3.8461537
SUPER_9,8240000,32,2,4,38,18,14,2
SUPER_9,8250000,20,1,0,21,10,10,1
SUPER_9,8260000,38,3,3,44,19,19,3.5
SUPER_9,8270000,19,2,0,21,9,10,3.5
SUPER_9,8280000,2,0,1,3,1,1,6
SUPER_9,8290000,90,3,9,102,49,41,35.833332
SUPER_9,8300000,36,2,5,43,21,15,2.857143
SUPER_9,8310000,58,7,6,71,36,22,19.615385
SUPER_9,8320000,94,4,8,106,50,44,5.3333335
SUPER_9,8330000,110,9,8,127,46,64,4.352941
SUPER_9,8340000,105,6,14,125,59,46,6.4
SUPER_9,8350000,0,0,0,0,0,0,0
SUPER_9,8360000,0,0,0,0,0,0,0
SUPER_9,8370000,140,8,13,161,69,71,7
SUPER_9,8380000,110,10,4,124,58,52,5.142857
SUPER_9,8390000,101,6,6,113,54,47,23.416666
SUPER_9,8400000,45,2,2,49,27,18,8.25
SUPER_9,8410000,15,2,1,18,10,5,1
SUPER_9,8420000,133,6,10,149,75,58,4.125
SUPER_9,8430000,31,8,3,42,18,13,2.4545455
SUPER_9,8440000,2,0,0,2,1,1,NaN
SUPER_9,8450000,139,9,13,161,59,80,3.9545455
SUPER_9,8460000,188,12,13,213,94,94,4.6
SUPER_9,8470000,67,5,2,74,38,29,1.5714285
SUPER_9,8480000,87,6,13,106,38,49,25.736841
SUPER_9,8490000,3,0,0,3,2,1,NaN
SUPER_9,8500000,1,0,0,1,1,0,NaN
SUPER_9,8510000,0,0,1,1,0,0,27
SUPER_9,8520000,4,0,1,5,3,1,10
SUPER_9,8530000,2,0,1,3,0,2,1
SUPER_9,8540000,54,4,8,66,26,28,4.5833335
SUPER_9,8550000,177,12,15,204,92,85,5.185185
SUPER_9,8560000,149,12,9,170,69,80,14.142858
SUPER_9,8570000,18,2,1,21,10,8,3
SUPER_9,8580000,131,11,7,149,82,49,4.8333335
SUPER_9,8590000,70,4,9,83,38,32,7.1538463
SUPER_9,8600000,74,5,3,82,40,34,5.5
SUPER_9,8610000,147,15,8,170,74,73,6.869565
SUPER_9,8620000,143,9,9,161,81,62,4.6666665
SUPER_9,8630000,95,8,8,111,43,52,21.625
SUPER_9,8640000,65,8,4,77,29,36,12.75
SUPER_9,8650000,31,4,2,37,14,17,3.6666667
SUPER_9,8660000,79,6,4,89,41,38,2
SUPER_9,8670000,120,10,10,140,65,55,6.8
SUPER_9,8680000,109,5,5,119,60,49,3.6
SUPER_9,8690000,157,7,12,176,76,81,4.0526314
SUPER_9,8700000,174,14,4,192,90,84,6.7777777
SUPER_9,8710000,61,3,0,64,27,34,6.6666665
SUPER_9,8720000,91,8,8,107,47,44,4.75
SUPER_9,8730000,129,12,9,150,61,68,6.904762
SUPER_9,8740000,35,2,3,40,16,19,3
SUPER_9,8750000,118,9,9,136,62,56,3.7777777
SUPER_9,8760000,72,3,7,82,39,33,6.7
SUPER_9,8770000,53,3,2,58,26,27,9.4
SUPER_9,8780000,49,1,0,50,30,19,3
SUPER_9,8790000,122,13,8,143,63,59,5.6190476
SUPER_9,8800000,1,0,0,1,1,0,NaN
SUPER_9,8810000,3,0,0,3,2,1,NaN
SUPER_9,8820000,1,0,0,1,1,0,NaN
SUPER_9,8830000,1,1,0,2,0,1,1
SUPER_9,8840000,2,0,0,2,2,0,NaN
SUPER_9,8850000,5,0,0,5,4,1,NaN
SUPER_9,8860000,48,3,7,58,18,30,7.6
SUPER_9,8870000,1,0,0,1,0,1,NaN
SUPER_9,8880000,65,7,3,75,39,26,8.1
SUPER_9,8890000,135,7,8,150,64,71,11.933333
SUPER_9,8900000,80,6,4,90,43,37,4.7
SUPER_9,8910000,28,0,3,31,13,15,3.6666667
SUPER_9,8920000,23,4,1,28,9,14,2.8
SUPER_9,8930000,37,0,3,40,20,17,22.333334
SUPER_9,8940000,6,0,0,6,3,3,NaN
SUPER_9,8950000,249,17,27,293,142,107,7.5454545
SUPER_9,8960000,92,2,2,96,67,25,10
SUPER_9,8970000,110,4,5,119,65,45,44.666668
SUPER_9,8980000,89,5,10,104,48,41,13.533334
SUPER_9,8990000,89,5,7,101,47,42,2.75
SUPER_9,9000000,84,3,6,93,49,35,17.444445
SUPER_9,9010000,2,0,0,2,0,2,NaN
SUPER_9,9020000,101,7,3,111,51,50,8
SUPER_9,9030000,9,2,1,12,5,4,5.6666665
SUPER_9,9040000,68,12,4,84,32,36,17.125
SUPER_9,9050000,1,0,2,3,0,1,1.5
SUPER_9,9060000,2,1,1,4,2,0,3.5
SUPER_9,9070000,4,1,1,6,3,1,7.5
SUPER_9,9080000,0,0,0,0,0,0,0
SUPER_9,9090000,0,0,0,0,0,0,0
SUPER_9,9100000,0,0,0,0,0,0,0
SUPER_9,9110000,6,1,0,7,1,5,2
SUPER_9,9120000,124,5,6,135,74,50,5.5454545
SUPER_9,9130000,138,16,6,160,75,63,3.3636363
SUPER_9,9140000,117,5,10,132,52,65,5.866667
SUPER_9,9150000,137,8,5,150,77,60,6.230769
SUPER_9,9160000,67,7,2,76,27,40,4.3333335
SUPER_9,9170000,97,10,7,114,52,45,3.5294118
SUPER_9,9180000,88,6,9,103,50,38,6.6
SUPER_9,9190000,44,2,1,47,25,19,6
SUPER_9,9200000,129,8,9,146,72,57,6.0588236
SUPER_9,9210000,90,7,7,104,44,46,6.142857
SUPER_9,9220000,23,0,1,24,12,11,2
SUPER_9,9230000,95,7,2,104,53,42,7.6666665
SUPER_9,9240000,142,8,12,162,77,65,17.2
SUPER_9,9250000,20,2,0,22,9,11,19.5
SUPER_9,9260000,3,1,2,6,1,2,4.6666665
SUPER_9,9270000,38,3,9,50,21,17,8.5
SUPER_9,9280000,99,9,5,113,59,40,21.285715
SUPER_9,9290000,30,3,1,34,20,10,1.75
SUPER_9,9300000,121,12,8,141,65,56,2.75
SUPER_9,9310000,192,10,17,219,90,102,5.7777777
SUPER_9,9320000,101,5,4,110,49,52,2.7777777
SUPER_9,9330000,5,0,0,5,2,3,NaN
SUPER_9,9340000,6,0,0,6,4,2,NaN
SUPER_9,9350000,30,3,2,35,14,16,10
SUPER_9,9360000,4,0,1,5,3,1,1
SUPER_9,9370000,12,2,1,15,6,6,3
SUPER_9,9380000,3,2,1,6,1,2,4.3333335
SUPER_9,9390000,1,0,0,1,1,0,NaN
SUPER_9,9400000,61,2,8,71,27,34,10.6
SUPER_9,9410000,249,12,14,275,123,126,6.6538463
SUPER_9,9420000,140,6,5,151,68,72,5.818182
SUPER_9,9430000,6,1,0,7,4,2,16
SUPER_9,9440000,2,0,0,2,2,0,NaN
SUPER_9,9450000,4,0,1,5,3,1,1
SUPER_9,9460000,3,1,0,4,2,1,8
SUPER_9,9470000,1,0,1,2,0,1,3
SUPER_9,9480000,12,1,2,15,7,5,2
SUPER_9,9490000,45,1,2,48,23,22,12.333333
SUPER_9,9500000,154,8,13,175,82,72,4.5238094
SUPER_9,9510000,101,9,8,118,48,53,4.470588
SUPER_9,9520000,138,9,14,161,70,68,16.086956
SUPER_9,9530000,200,17,10,227,103,97,4.296296
SUPER_9,9540000,149,5,12,166,71,78,16.352942
SUPER_9,9550000,40,2,6,48,19,21,6.375
SUPER_9,9560000,31,1,3,35,11,20,6.5
SUPER_9,9570000,150,6,9,165,76,74,3.1333334
SUPER_9,9580000,100,4,4,108,60,40,4.125
SUPER_9,9590000,6,1,2,9,2,4,17.666666
SUPER_9,9600000,143,3,13,159,82,61,12.4375
SUPER_9,9610000,0,0,1,1,0,0,1
SUPER_9,9620000,2,1,0,3,2,0,1
SUPER_9,9630000,29,4,2,35,18,11,3.3333333
SUPER_9,9640000,99,6,5,110,62,37,30.727272
SUPER_9,9650000,92,7,4,103,34,58,9.545455
SUPER_9,9660000,3,1,0,4,1,2,1
SUPER_9,9670000,1,0,0,1,1,0,NaN
SUPER_9,9680000,2,1,0,3,1,1,2
SUPER_9,9690000,71,7,7,85,42,29,11.285714
SUPER_9,9700000,3,0,1,4,2,1,1
SUPER_9,9710000,1,0,1,2,1,0,2
SUPER_9,9720000,11,4,2,17,7,4,11.833333
SUPER_9,9730000,104,6,8,118,58,46,3.5714285
SUPER_9,9740000,104,6,4,114,53,51,3.1
SUPER_9,9750000,142,8,17,167,80,62,14.04
SUPER_9,9760000,106,10,9,125,52,54,5.631579
SUPER_9,9770000,82,8,3,93,45,37,5.909091
SUPER_9,9780000,75,6,7,88,42,33,8.153846
SUPER_9,9790000,164,6,13,183,75,89,7.8421054
SUPER_9,9800000,148,10,5,163,85,63,5.6
SUPER_9,9810000,4,0,1,5,2,2,9
SUPER_9,9820000,129,6,10,145,66,63,9
SUPER_9,9830000,19,2,1,22,9,10,8
SUPER_9,9840000,232,20,15,267,112,120,12.657143
SUPER_9,9850000,163,4,12,179,77,86,5.625
SUPER_9,9860000,172,9,13,194,87,85,22.181818
SUPER_9,9870000,129,9,8,146,63,66,3.7058823
SUPER_9,9880000,141,10,7,158,70,71,11.470589
SUPER_9,9890000,82,4,9,95,49,33,26.692308
SUPER_9,9900000,121,6,4,131,66,55,3.4
SUPER_9,9910000,158,13,11,182,89,69,14.541667
SUPER_9,9920000,134,5,12,151,68,66,13.294118
SUPER_9,9930000,45,5,5,55,26,19,3.9
SUPER_9,9940000,34,3,2,39,20,14,6.4
SUPER_9,9950000,80,6,9,95,47,33,6.0666666
SUPER_9,9960000,121,7,3,131,63,58,2.5
SUPER_9,9970000,169,15,11,195,97,72,10
SUPER_9,9980000,80,5,2,87,44,36,3.7142856
SUPER_9,9990000,147,7,7,161,72,75,6.428571
SUPER_9,10000000,147,7,5,159,80,67,3.8333333
SUPER_9,10010000,42,4,4,50,19,23,3.25
SUPER_9,10020000,60,5,4,69,33,27,32.666668
SUPER_9,10030000,94,10,7,111,46,48,7.117647
SUPER_9,10040000,67,1,4,72,31,36,16.2
SUPER_9,10050000,87,10,4,101,45,42,4.5
SUPER_9,10060000,88,9,4,101,40,48,7.6153846
SUPER_9,10070000,116,11,7,134,54,62,9.166667
SUPER_9,10080000,0,0,0,0,0,0,0
SUPER_9,10090000,0,0,0,0,0,0,0
SUPER_9,10100000,10,1,0,11,4,6,1
SUPER_9,10110000,85,7,5,97,47,38,7.8333335
SUPER_9,10120000,176,8,15,199,98,78,6.7391305
SUPER_9,10130000,17,1,0,18,8,9,1
SUPER_9,10140000,162,10,11,183,89,73,4.714286
SUPER_9,10150000,31,0,3,34,17,14,9.333333
SUPER_9,10160000,6,0,0,6,4,2,NaN
SUPER_9,10170000,9,0,1,10,5,4,1
SUPER_9,10180000,0,2,0,2,0,0,2.5
SUPER_9,10190000,2,0,0,2,2,0,NaN
SUPER_9,10200000,0,0,0,0,0,0,0
SUPER_9,10210000,0,0,0,0,0,0,0
SUPER_9,10220000,5,0,0,5,3,2,NaN
SUPER_9,10230000,15,0,3,18,7,8,2
SUPER_9,10240000,5,0,3,8,2,3,3
SUPER_9,10250000,10,2,1,13,8,2,2.3333333
SUPER_9,10260000,2,1,0,3,0,2,1
SUPER_9,10270000,6,1,0,7,1,5,2
SUPER_9,10280000,111,3,7,121,61,50,9.5
SUPER_9,10290000,123,10,8,141,68,55,6.9444447
SUPER_9,10300000,42,6,4,52,21,21,4
SUPER_9,10310000,35,1,1,37,14,21,1
SUPER_9,10320000,80,2,6,88,38,42,9.5
SUPER_9,10330000,127,7,4,138,70,57,8.909091
SUPER_9,10340000,116,3,6,125,61,55,9.777778
SUPER_9,10350000,173,10,13,196,77,96,6.2608695
SUPER_9,10360000,77,5,8,90,33,44,7.923077
SUPER_9,10370000,101,13,5,119,53,48,4.6666665
SUPER_9,10380000,96,7,8,111,48,48,7.266667
SUPER_9,10390000,101,5,0,106,60,41,4
SUPER_9,10400000,58,2,2,62,27,31,5
SUPER_9,10410000,30,0,2,32,16,14,3
SUPER_9,10420000,91,0,5,96,67,24,5.6
SUPER_9,10430000,239,11,10,260,132,107,6.285714
SUPER_9,10440000,0,0,0,0,0,0,0
SUPER_9,10450000,0,0,0,0,0,0,0
SUPER_9,10460000,182,5,14,201,96,86,3.1052632
SUPER_9,10470000,106,2,3,111,69,37,17.8
SUPER_9,10480000,129,7,14,150,71,58,5.952381
SUPER_9,10490000,117,9,8,134,60,57,4.8235292
SUPER_9,10500000,97,8,6,111,47,50,9.285714
SUPER_9,10510000,31,2,2,35,19,12,9
SUPER_9,10520000,3,0,1,4,1,2,89
SUPER_9,10530000,1,1,0,2,1,0,1
SUPER_9,10540000,4,1,0,5,3,1,2
SUPER_9,10550000,4,1,0,5,2,2,11
SUPER_9,10560000,2,1,0,3,1,1,1
SUPER_9,10570000,4,0,1,5,3,1,6
SUPER_9,10580000,8,1,1,10,4,4,1
SUPER_9,10590000,208,14,27,249,111,97,4.8292685
SUPER_9,10600000,89,12,7,108,47,42,3.368421
SUPER_9,10610000,97,12,9,118,50,47,8.142858
SUPER_9,10620000,122,11,12,145,74,48,3.4347825
SUPER_9,10630000,107,9,13,129,50,57,4.6363635
SUPER_9,10640000,4,0,1,5,0,4,22
SUPER_9,10650000,0,0,2,2,0,0,1.5
SUPER_9,10660000,86,6,6,98,50,36,26.25
SUPER_9,10670000,167,13,11,191,86,81,7.5416665
SUPER_9,10680000,47,1,4,52,24,23,1.8
SUPER_9,10690000,64,2,5,71,36,28,2.5714285
SUPER_9,10700000,97,8,3,108,47,50,19.272728
SUPER_9,10710000,88,7,6,101,46,42,9.076923
SUPER_9,10720000,0,0,0,0,0,0,0
SUPER_9,10730000,0,0,0,0,0,0,0
SUPER_9,10740000,5,0,0,5,4,1,NaN
SUPER_9,10750000,11,2,0,13,3,8,3
SUPER_9,10760000,12,0,1,13,7,5,8
SUPER_9,10770000,3,1,0,4,0,3,1
SUPER_9,10780000,1,0,0,1,1,0,NaN
SUPER_9,10790000,117,6,9,132,61,56,4.0666666
SUPER_9,10800000,160,12,9,181,84,76,10.952381
SUPER_9,10810000,79,11,10,100,47,32,15.047619
SUPER_9,10820000,68,8,5,81,32,36,8.923077
SUPER_9,10830000,77,8,5,90,41,36,9.692307
SUPER_9,10840000,90,4,2,96,40,50,13.333333
SUPER_9,10850000,1,0,0,1,1,0,NaN
SUPER_9,10860000,1,0,0,1,0,1,NaN
SUPER_9,10870000,54,2,8,64,22,32,7.7
SUPER_9,10880000,6,3,0,9,3,3,13
SUPER_9,10890000,61,5,3,69,37,24,5.625
SUPER_9,10900000,2,0,2,4,0,2,36
SUPER_9,10910000,1,0,0,1,1,0,NaN
SUPER_9,10920000,8,0,0,8,3,5,NaN
SUPER_9,10930000,2,0,0,2,2,0,NaN
SUPER_9,10940000,3,0,1,4,2,1,6
SUPER_9,10950000,68,5,5,78,36,32,5
SUPER_9,10960000,125,13,12,150,61,64,6.64
SUPER_9,10970000,86,5,13,104,34,52,4.4444447
SUPER_9,10980000,45,6,3,54,20,25,1.8888888
SUPER_9,10990000,2,0,0,2,1,1,NaN
SUPER_9,11000000,1,0,0,1,0,1,NaN
SUPER_9,11010000,65,2,6,73,34,31,4.625
SUPER_9,11020000,93,8,7,108,44,49,8.533334
SUPER_9,11030000,60,6,5,71,33,27,7.909091
SUPER_9,11040000,1,1,1,3,1,0,2.5
SUPER_9,11050000,71,5,5,81,34,37,7.4
SUPER_9,11060000,99,8,10,117,51,48,9.222222
SUPER_9,11070000,100,10,8,118,50,50,12.5
SUPER_9,11080000,6,0,0,6,2,4,NaN
SUPER_9,11090000,63,4,7,74,33,30,2.2727273
SUPER_9,11100000,69,10,4,83,29,40,3.9285715
SUPER_9,11110000,125,11,10,146,60,65,7.952381
SUPER_9,11120000,107,9,10,126,58,49,5.5789475
SUPER_9,11130000,86,6,5,97,55,31,3.8181818
SUPER_9,11140000,88,9,10,107,35,53,10.842105
SUPER_9,11150000,53,2,6,61,27,26,25.625
SUPER_9,11160000,32,3,2,37,13,19,5.8
SUPER_9,11170000,89,4,7,100,50,39,6.909091
SUPER_9,11180000,102,9,10,121,50,52,3.8421052
SUPER_9,11190000,178,10,12,200,96,82,6.590909
SUPER_9,11200000,141,4,15,160,70,71,20.052631
SUPER_9,11210000,28,0,2,30,17,11,5
SUPER_9,11220000,1,0,0,1,0,1,NaN
SUPER_9,11230000,4,0,0,4,1,3,NaN
SUPER_9,11240000,14,0,1,15,4,10,1
SUPER_9,11250000,132,10,10,152,63,69,7.1
SUPER_9,11260000,118,8,9,135,56,62,9.117647
SUPER_9,11270000,113,10,8,131,53,60,4.7777777
SUPER_9,11280000,85,7,8,100,41,44,2.9333334
SUPER_9,11290000,5,1,0,6,4,1,1
SUPER_9,11300000,109,5,13,127,59,50,40.11111
SUPER_9,11310000,187,8,10,205,78,109,7.5555553
SUPER_9,11320000,184,8,7,199,109,75,3.4
SUPER_9,11330000,77,3,0,80,41,36,6
SUPER_9,11340000,142,7,12,161,87,55,8.263158
SUPER_9,11350000,92,7,7,106,39,53,6.142857
SUPER_9,11360000,108,9,10,127,59,49,7.4210525
SUPER_9,11370000,135,3,11,149,57,78,8.285714
SUPER_9,11380000,64,5,5,74,33,31,3.2
SUPER_9,11390000,75,5,6,86,33,42,5.2727275
SUPER_9,11400000,92,10,11,113,42,50,6.857143
SUPER_9,11410000,110,14,6,130,48,62,5.55
SUPER_9,11420000,104,5,6,115,58,46,2.8181818
SUPER_9,11430000,116,5,3,124,57,59,9.5
SUPER_9,11440000,50,4,2,56,33,17,2.8333333
SUPER_9,11450000,18,1,0,19,7,11,1
SUPER_9,11460000,0,0,0,0,0,0,0
SUPER_9,11470000,0,0,0,0,0,0,0
SUPER_9,11480000,2,2,1,5,1,1,2.3333333
SUPER_9,11490000,27,0,2,29,16,11,1
SUPER_9,11500000,98,6,6,110,46,52,36.333332
SUPER_9,11510000,74,5,6,85,38,36,5.818182
SUPER_9,11520000,1,0,0,1,0,1,NaN
SUPER_9,11530000,14,1,1,16,6,8,4
SUPER_9,11540000,2,0,1,3,1,1,6
SUPER_9,11550000,7,1,0,8,5,2,2
SUPER_9,11560000,0,0,0,0,0,0,0
SUPER_9,11570000,0,0,0,0,0,0,0
SUPER_9,11580000,75,5,3,83,37,38,6
SUPER_9,11590000,57,8,3,68,29,28,5.6363635
SUPER_9,11600000,96,4,7,107,46,50,14.636364
SUPER_9,11610000,92,5,3,100,43,49,3.625
SUPER_9,11620000,71,3,5,79,39,32,7.75
SUPER_9,11630000,86,10,12,108,39,47,9
SUPER_9,11640000,222,9,16,247,113,109,5.4
SUPER_9,11650000,143,8,12,163,73,70,61.3
SUPER_9,11660000,44,4,3,51,23,21,14
SUPER_9,11670000,4,0,2,6,1,3,2.5
SUPER_9,11680000,67,4,2,73,35,32,16.166666
SUPER_9,11690000,62,8,5,75,34,28,33.692307
SUPER_9,11700000,170,10,10,190,84,86,3.5
SUPER_9,11710000,10,2,1,13,2,8,1.6666666
SUPER_9,11720000,151,15,8,174,78,73,19.608696
SUPER_9,11730000,78,3,1,82,40,38,3
SUPER_9,11740000,35,9,1,45,18,17,6.7
SUPER_9,11750000,153,7,14,174,72,81,13.047619
SUPER_9,11760000,215,11,10,236,99,116,5.7619047
SUPER_9,11770000,225,18,13,256,115,110,21.290323
SUPER_9,11780000,157,9,8,174,69,88,7.647059
SUPER_9,11790000,81,9,5,95,44,37,22.642857
SUPER_9,11800000,3,0,0,3,1,2,NaN
SUPER_9,11810000,2,1,1,4,2,0,1.5
SUPER_9,11820000,18,2,3,23,9,9,4
SUPER_9,11830000,128,6,4,138,70,58,29.7
SUPER_9,11840000,115,5,6,126,66,49,4.090909
SUPER_9,11850000,162,19,13,194,82,80,5.25
SUPER_9,11860000,72,7,3,82,37,35,5.3
SUPER_9,11870000,64,3,3,70,31,33,29.166666
SUPER_9,11880000,98,5,9,112,56,42,4.5
SUPER_9,11890000,64,6,3,73,33,31,1.7777778
SUPER_9,11900000,69,2,3,74,38,31,3.2
SUPER_9,11910000,110,7,7,124,54,56,5.142857
SUPER_9,11920000,114,8,9,131,46,68,5.5882354
SUPER_9,11930000,148,9,14,171,75,73,7.173913
SUPER_9,11940000,138,8,9,155,71,67,13.058824
SUPER_9,11950000,70,7,5,82,39,31,7.3333335
SUPER_9,11960000,1,0,0,1,1,0,NaN
SUPER_9,11970000,2,1,0,3,1,1,2
SUPER_9,11980000,3,0,1,4,2,1,4
SUPER_9,11990000,74,4,3,81,38,36,11
SUPER_9,12000000,115,11,6,132,58,57,7.647059
SUPER_9,12010000,202,11,16,229,95,107,7.4444447
SUPER_9,12020000,56,7,2,65,24,32,1.6666666
SUPER_9,12030000,17,0,2,19,9,8,22.5
SUPER_9,12040000,153,12,8,173,72,81,5.45
SUPER_9,12050000,96,9,13,118,55,41,7
SUPER_9,12060000,100,5,11,116,49,51,4.0625
SUPER_9,12070000,1,0,0,1,0,1,NaN
SUPER_9,12080000,2,0,0,2,0,2,NaN
SUPER_9,12090000,7,0,0,7,3,4,NaN
SUPER_9,12100000,58,3,4,65,33,25,8.142858
SUPER_9,12110000,64,4,3,71,23,41,4.571429
SUPER_9,12120000,2,0,0,2,1,1,NaN
SUPER_9,12130000,1,1,0,2,1,0,1
SUPER_9,12140000,176,12,7,195,89,87,5.9473686
SUPER_9,12150000,85,6,6,97,43,42,2.5833333
SUPER_9,12160000,88,8,8,104,41,47,2.375
SUPER_9,12170000,114,6,12,132,65,49,6.5555553
SUPER_9,12180000,113,9,9,131,61,52,18
SUPER_9,12190000,159,8,8,175,78,81,8.25
SUPER_9,12200000,69,9,3,81,41,28,54.75
SUPER_9,12210000,1,0,0,1,1,0,NaN
SUPER_9,12220000,148,9,12,169,90,58,14.809524
SUPER_9,12230000,85,6,4,95,44,41,3.9
SUPER_9,12240000,201,15,14,230,105,96,28.51724
SUPER_9,12250000,0,1,0,1,0,0,2
SUPER_9,12260000,123,5,10,138,61,62,7.0666666
SUPER_9,12270000,109,6,8,123,51,58,2
SUPER_9,12280000,72,3,4,79,30,42,3.142857
SUPER_9,12290000,144,12,11,167,77,67,19.565218
SUPER_9,12300000,155,8,6,169,82,73,21.5
SUPER_9,12310000,133,10,7,150,67,66,11
SUPER_9,12320000,147,6,13,166,76,71,6.368421
SUPER_9,12330000,208,10,8,226,108,100,5.111111
SUPER_9,12340000,109,5,8,122,55,54,6.4615383
SUPER_9,12350000,50,5,2,57,24,26,2.4285715
SUPER_9,12360000,94,6,9,109,44,50,9.266666
SUPER_9,12370000,86,7,6,99,47,39,2.8461537
SUPER_9,12380000,146,9,10,165,81,65,8.894737
SUPER_9,12390000,124,5,7,136,61,63,3.0833333
SUPER_9,12400000,111,13,6,130,54,57,3.8947368
SUPER_9,12410000,139,12,9,160,70,69,3.047619
SUPER_9,12420000,98,5,6,109,56,42,14.636364
SUPER_9,12430000,120,4,9,133,68,52,5.5384617
SUPER_9,12440000,95,10,5,110,46,49,8.2
SUPER_9,12450000,20,1,3,24,11,9,3.75
SUPER_9,12460000,102,4,7,113,50,52,6
SUPER_9,12470000,138,12,11,161,69,69,4.521739
SUPER_9,12480000,85,8,6,99,38,47,5.428571
SUPER_9,12490000,74,5,5,84,40,34,4.1
SUPER_9,12500000,189,10,10,209,96,93,5.65
SUPER_9,12510000,190,12,11,213,91,99,7.695652
SUPER_9,12520000,76,5,8,89,45,31,9.923077
SUPER_9,12530000,105,10,6,121,62,43,5.75
SUPER_9,12540000,48,7,6,61,24,24,4.6153846
SUPER_9,12550000,106,7,4,117,53,53,17
SUPER_9,12560000,226,11,18,255,135,91,22.413794
SUPER_9,12570000,144,10,13,167,77,67,7.347826
SUPER_9,12580000,189,9,6,204,101,88,56.533333
SUPER_9,12590000,41,4,4,49,17,24,17.625
SUPER_9,12600000,85,2,7,94,41,44,27.444445
SUPER_9,12610000,153,11,12,176,71,82,8.391304
SUPER_9,12620000,138,10,7,155,70,68,4.882353
SUPER_9,12630000,94,12,6,112,45,49,5.5555553
SUPER_9,12640000,121,2,6,129,49,72,10.25
SUPER_9,12650000,128,4,8,140,62,66,2.5
SUPER_9,12660000,114,3,7,124,66,48,3.5
SUPER_9,12670000,48,5,0,53,25,23,3.2
SUPER_9,12680000,4,0,0,4,3,1,NaN
SUPER_9,12690000,137,14,8,159,60,77,4.909091
SUPER_9,12700000,77,6,7,90,39,38,23.692308
SUPER_9,12710000,136,15,8,159,62,74,22.913044
SUPER_9,12720000,160,8,6,174,92,68,6.428571
SUPER_9,12730000,132,4,14,150,74,58,8.166667
SUPER_9,12740000,92,1,2,95,51,41,9
SUPER_9,12750000,142,5,7,154,69,73,7.5833335
SUPER_9,12760000,121,8,5,134,67,54,3.1538463
SUPER_9,12770000,87,8,3,98,31,56,3.2727273
SUPER_9,12780000,149,8,8,165,80,69,6.875
SUPER_9,12790000,201,11,17,229,107,94,9.357142
SUPER_9,12800000,75,9,8,92,36,39,4.4117646
SUPER_9,12810000,20,2,0,22,10,10,1
SUPER_9,12820000,90,6,9,105,53,37,32.466667
SUPER_9,12830000,103,6,6,115,46,57,3.5
SUPER_9,12840000,39,4,3,46,17,22,2.7142856
SUPER_9,12850000,117,5,8,130,53,64,2.2307692
SUPER_9,12860000,54,1,4,59,27,27,64
SUPER_9,12870000,158,18,12,188,76,81,4
SUPER_9,12880000,59,4,8,71,27,32,46.166668
SUPER_9,12890000,169,8,8,185,90,79,4.625
SUPER_9,12900000,71,3,3,77,40,31,1.8333334
SUPER_9,12910000,136,11,11,158,65,71,17.5
SUPER_9,12920000,6,1,0,7,1,5,10
SUPER_9,12930000,3,1,0,4,1,2,3
SUPER_9,12940000,24,2,2,28,13,11,13.25
SUPER_9,12950000,160,6,8,174,79,81,7.5
SUPER_9,12960000,101,10,8,119,54,47,8.833333
SUPER_9,12970000,116,6,4,126,77,39,6.2
SUPER_9,12980000,26,2,3,31,10,16,4.8
SUPER_9,12990000,4,0,1,5,0,4,1
SUPER_9,13000000,187,12,13,212,84,103,5.2
SUPER_9,13010000,115,6,9,130,56,59,4.6666665
SUPER_9,13020000,154,15,12,181,79,75,5.9259257
SUPER_9,13030000,156,11,8,175,88,68,26.052631
SUPER_9,13040000,4,0,0,4,3,1,NaN
SUPER_9,13050000,86,4,6,96,43,43,11.1
SUPER_9,13060000,141,13,9,163,75,66,11
SUPER_9,13070000,177,12,13,202,93,84,12.36
SUPER_9,13080000,148,15,11,174,68,80,7.8076925
SUPER_9,13090000,129,24,14,167,72,57,5.7105265
SUPER_9,13100000,114,11,6,131,62,52,8.705882
SUPER_9,13110000,152,8,10,170,90,62,34
SUPER_9,13120000,101,3,15,119,51,50,8.777778
SUPER_9,13130000,144,6,12,162,72,72,11.166667
SUPER_9,13140000,74,10,7,91,35,39,8.882353
SUPER_9,13150000,44,3,3,50,21,23,2.5
SUPER_9,13160000,93,9,9,111,44,49,3.7777777
SUPER_9,13170000,1,1,0,2,0,1,1
SUPER_9,13180000,152,15,8,175,69,83,4.2173915
SUPER_9,13190000,106,14,8,128,58,48,12.318182
SUPER_9,13200000,63,9,3,75,34,29,3.5
SUPER_9,13210000,1,0,0,1,1,0,NaN
SUPER_9,13220000,14,1,0,15,7,7,1
SUPER_9,13230000,91,7,7,105,47,44,3.5714285
SUPER_9,13240000,57,2,5,64,30,27,3.7142856
SUPER_9,13250000,7,1,1,9,5,2,1
SUPER_9,13260000,38,2,4,44,15,23,2.6666667
SUPER_9,13270000,14,3,2,19,6,8,4.8
SUPER_9,13280000,102,8,8,118,52,50,6
SUPER_9,13290000,43,3,0,46,20,23,2.6666667
SUPER_9,13300000,95,1,5,101,52,43,3.6666667
SUPER_9,13310000,108,6,4,118,51,57,5
SUPER_9,13320000,50,1,3,54,20,30,2.25
SUPER_9,13330000,59,7,4,70,33,26,6.090909
SUPER_9,13340000,127,11,7,145,58,69,20.88889
SUPER_9,13350000,142,8,5,155,65,77,7.1538463
SUPER_9,13360000,115,13,13,141,49,66,8
SUPER_9,13370000,147,6,8,161,80,67,2.5714285
SUPER_9,13380000,81,5,4,90,46,35,13.888889
SUPER_9,13390000,105,10,6,121,52,53,7.1875
SUPER_9,13400000,113,5,7,125,61,52,5.5833335
SUPER_9,13410000,109,7,7,123,57,52,3.7857144
SUPER_9,13420000,83,11,4,98,35,48,4.6666665
SUPER_9,13430000,89,5,7,101,41,48,3.6666667
SUPER_9,13440000,120,4,8,132,57,63,12.833333
SUPER_9,13450000,13,3,2,18,10,3,1.4
SUPER_9,13460000,12,0,1,13,9,3,1
SUPER_9,13470000,67,5,7,79,36,31,10.666667
SUPER_9,13480000,166,14,9,189,93,73,9.956522
SUPER_9,13490000,96,10,5,111,48,48,6.866667
SUPER_9,13500000,117,6,7,130,69,48,10.615385
SUPER_9,13510000,84,4,3,91,52,32,10.428572
SUPER_9,13520000,14,1,4,19,9,5,4.4
SUPER_9,13530000,52,7,5,64,23,29,5.0833335
SUPER_9,13540000,77,9,10,96,41,36,8
SUPER_9,13550000,21,6,3,30,14,7,8.111111
SUPER_9,13560000,31,2,2,35,17,14,1.5
SUPER_9,13570000,161,16,12,189,78,83,8.785714
SUPER_9,13580000,120,9,8,137,55,65,23.882353
SUPER_9,13590000,126,8,2,136,61,65,6.1
SUPER_9,13600000,66,8,3,77,39,27,6
SUPER_9,13610000,179,14,16,209,85,94,5.7
SUPER_9,13620000,70,2,7,79,36,34,24.11111
SUPER_9,13630000,114,8,14,136,51,63,7.5
SUPER_9,13640000,87,8,7,102,38,49,2.0666666
SUPER_9,13650000,118,10,11,139,64,54,5.095238
SUPER_9,13660000,114,3,7,124,63,51,8.4
SUPER_9,13670000,162,16,10,188,84,78,18.538462
SUPER_9,13680000,160,10,14,184,83,77,13.208333
SUPER_9,13690000,173,10,11,194,96,77,18.571428
SUPER_9,13700000,144,12,9,165,72,72,5.3333335
SUPER_9,13710000,142,15,7,164,67,75,7.7727275
SUPER_9,13720000,153,7,7,167,70,83,6.214286
SUPER_9,13730000,34,2,5,41,16,18,3.7142856
SUPER_9,13740000,44,4,3,51,21,23,5.857143
SUPER_9,13750000,4,0,0,4,1,3,NaN
SUPER_9,13760000,2,0,1,3,1,1,7
SUPER_9,13770000,0,0,0,0,0,0,0
SUPER_9,13780000,0,0,0,0,0,0,0
SUPER_9,13790000,6,3,1,10,1,5,1.25
SUPER_9,13800000,1,0,0,1,0,1,NaN
SUPER_9,13810000,4,1,0,5,1,3,14
SUPER_9,13820000,79,3,7,89,43,36,7.5
SUPER_9,13830000,65,5,10,80,40,25,8.4
SUPER_9,13840000,29,1,1,31,17,12,63
SUPER_9,13850000,59,6,5,70,35,24,22.09091
SUPER_9,13860000,1,2,0,3,1,0,1
SUPER_9,13870000,2,1,0,3,2,0,6
SUPER_9,13880000,2,0,0,2,2,0,NaN
SUPER_9,13890000,0,0,0,0,0,0,0
SUPER_9,13900000,0,0,0,0,0,0,0
SUPER_9,13910000,78,6,9,93,41,37,4.733333
SUPER_9,13920000,128,8,6,142,63,65,6.571429
SUPER_9,13930000,32,4,4,40,18,14,22.5
SUPER_9,13940000,92,5,9,106,41,51,12.071428
SUPER_9,13950000,133,9,19,161,68,65,14.285714
SUPER_9,13960000,0,0,0,0,0,0,0
SUPER_9,13970000,0,0,0,0,0,0,0
SUPER_9,13980000,220,17,16,253,126,94,9.121212
SUPER_9,13990000,16,3,1,20,10,6,2.5
SUPER_9,14000000,11,1,0,12,6,5,1
SUPER_9,14010000,1,1,1,3,0,1,15.5
SUPER_9,14020000,0,0,0,0,0,0,0
SUPER_9,14030000,0,0,0,0,0,0,0
SUPER_9,14040000,5,1,1,7,2,3,1
SUPER_9,14050000,3,0,0,3,2,1,NaN
SUPER_9,14060000,5,1,1,7,3,2,21
SUPER_9,14070000,19,2,0,21,9,10,4
SUPER_9,14080000,39,0,3,42,21,18,13.666667
SUPER_9,14090000,3,0,0,3,2,1,NaN
SUPER_9,14100000,0,2,2,4,0,0,2.75
SUPER_9,14110000,0,0,0,0,0,0,0
SUPER_9,14120000,0,0,0,0,0,0,0
SUPER_9,14130000,45,2,6,53,21,24,8.125
SUPER_9,14140000,48,1,4,53,28,20,10.8
SUPER_9,14150000,30,1,3,34,15,15,2.5
SUPER_9,14160000,26,2,3,31,12,14,2
SUPER_9,14170000,40,0,1,41,24,16,1
SUPER_9,14180000,41,2,4,47,21,20,2
SUPER_9,14190000,66,3,7,76,28,38,11.9
SUPER_9,14200000,20,6,0,26,10,10,17.166666
SUPER_9,14210000,215,17,15,247,102,113,16.09375
SUPER_9,14220000,0,0,0,0,0,0,0
SUPER_9,14230000,0,0,0,0,0,0,0
SUPER_9,14240000,50,4,6,60,28,22,13.8
SUPER_9,14250000,1,0,0,1,1,0,NaN
SUPER_9,14260000,10,1,2,13,4,6,8
SUPER_9,14270000,1,0,0,1,0,1,NaN
SUPER_9,14280000,22,1,2,25,13,9,2
SUPER_9,14290000,129,13,13,155,60,69,5.9615383
SUPER_9,14300000,24,2,2,28,12,12,4.25
SUPER_9,14310000,1,0,0,1,0,1,NaN
SUPER_9,14320000,1,0,0,1,1,0,NaN
SUPER_9,14330000,2,0,0,2,0,2,NaN
SUPER_9,14340000,3,0,0,3,1,2,NaN
SUPER_9,14350000,0,0,0,0,0,0,0
SUPER_9,14360000,0,0,0,0,0,0,0
SUPER_9,14370000,3,0,1,4,3,0,4
SUPER_9,14380000,1,0,0,1,0,1,NaN
SUPER_9,14390000,2,0,0,2,1,1,NaN
SUPER_9,14400000,38,4,5,47,16,22,6.3333335
SUPER_9,14410000,23,2,2,27,10,13,3.75
SUPER_9,14420000,0,0,0,0,0,0,0
SUPER_9,14430000,0,0,0,0,0,0,0
SUPER_9,14440000,0,0,0,0,0,0,0
SUPER_9,14450000,0,0,0,0,0,0,0
SUPER_9,14460000,7,1,2,10,2,5,6
SUPER_9,14470000,13,0,1,14,7,6,7
SUPER_9,14480000,1,1,0,2,0,1,14
SUPER_9,14490000,3,2,0,5,2,1,1.5
SUPER_9,14500000,4,0,0,4,2,2,NaN
SUPER_9,14510000,2,0,0,2,1,1,NaN
SUPER_9,14520000,3,1,0,4,2,1,1
SUPER_9,14530000,1,0,0,1,1,0,NaN
SUPER_9,14540000,0,0,0,0,0,0,0
SUPER_9,14550000,0,0,0,0,0,0,0
SUPER_9,14560000,2,1,2,5,0,2,1
SUPER_9,14570000,2,0,0,2,1,1,NaN
SUPER_9,14580000,2,0,0,2,1,1,NaN
SUPER_9,14590000,20,4,2,26,14,6,2.1666667
SUPER_9,14600000,105,11,8,124,50,55,6.4210525
SUPER_9,14610000,102,10,11,123,54,48,7.095238
SUPER_9,14620000,185,11,17,213,95,90,4.25
SUPER_9,14630000,119,11,8,138,60,59,4.8421054
SUPER_9,14640000,106,5,9,120,59,47,17.714285
SUPER_9,14650000,33,4,1,38,19,14,2.8
SUPER_9,14660000,106,9,3,118,52,54,5.0833335
SUPER_9,14670000,148,15,14,177,80,68,6.6896553
SUPER_9,14680000,48,5,4,57,29,19,37.88889
SUPER_9,14690000,2,0,1,3,1,1,1
SUPER_9,14700000,30,4,6,40,19,11,20.9
SUPER_9,14710000,86,3,8,97,51,35,5.6363635
SUPER_9,14720000,51,1,5,57,27,24,1.1666666
SUPER_9,14730000,132,8,7,147,71,61,3.4666667
SUPER_9,14740000,113,4,3,120,60,53,5.285714
SUPER_9,14750000,90,5,3,98,46,44,6.375
SUPER_9,14760000,58,2,3,63,40,18,1.4
SUPER_9,14770000,76,5,7,88,38,38,43.5
SUPER_9,14780000,47,1,2,50,26,21,77.333336
SUPER_9,14790000,9,0,1,10,1,8,1
SUPER_9,14800000,2,0,0,2,2,0,NaN
SUPER_9,14810000,8,0,0,8,3,5,NaN
SUPER_9,14820000,3,0,1,4,2,1,4
SUPER_9,14830000,3,1,0,4,2,1,1
SUPER_9,14840000,6,1,0,7,4,2,1
SUPER_9,14850000,36,2,3,41,13,23,37.2
SUPER_9,14860000,0,0,0,0,0,0,0
SUPER_9,14870000,0,0,0,0,0,0,0
SUPER_9,14880000,0,0,0,0,0,0,0
SUPER_9,14890000,4,0,1,5,2,2,1
SUPER_9,14900000,0,0,0,0,0,0,0
SUPER_9,14910000,0,0,0,0,0,0,0
SUPER_9,14920000,37,4,4,45,20,17,2.125
SUPER_9,14930000,58,4,8,70,34,24,5
SUPER_9,14940000,64,2,4,70,28,36,6.8333335
SUPER_9,14950000,17,1,0,18,13,4,2
SUPER_9,14960000,5,0,0,5,3,2,NaN
SUPER_9,14970000,141,7,9,157,62,79,6.4375
SUPER_9,14980000,89,3,3,95,39,50,3.8333333
SUPER_9,14990000,76,6,7,89,38,38,9.384615
SUPER_9,15000000,3,0,0,3,2,1,NaN
SUPER_9,15010000,3,0,0,3,0,3,NaN
SUPER_9,15020000,2,1,0,3,1,1,1
SUPER_9,15030000,2,0,0,2,1,1,NaN
SUPER_9,15040000,4,1,0,5,2,2,1
SUPER_9,15050000,3,0,0,3,0,3,NaN
SUPER_9,15060000,3,0,0,3,2,1,NaN
SUPER_9,15070000,0,0,0,0,0,0,0
SUPER_9,15080000,0,0,0,0,0,0,0
SUPER_9,15090000,67,10,5,82,38,29,6.3333335
SUPER_9,15100000,39,3,10,52,15,24,4.3076925
SUPER_9,15110000,74,6,5,85,38,36,7.909091
SUPER_9,15120000,33,1,2,36,18,15,4
SUPER_9,15130000,71,5,5,81,37,34,3.6
SUPER_9,15140000,29,0,1,30,13,16,2
SUPER_9,15150000,92,6,5,103,50,42,7.6363635
SUPER_9,15160000,64,3,7,74,34,30,3.7
SUPER_9,15170000,67,4,5,76,42,25,4.888889
SUPER_9,15180000,97,5,4,106,48,49,7.7777777
SUPER_9,15190000,80,7,5,92,44,36,4.0833335
SUPER_9,15200000,137,6,15,158,63,74,22.095238
SUPER_9,15210000,92,11,6,109,49,43,4.7058825
SUPER_9,15220000,100,5,8,113,57,43,6.1538463
SUPER_9,15230000,200,15,16,231,110,90,21.774193
SUPER_9,15240000,51,3,3,57,27,24,9.5
SUPER_9,15250000,90,9,9,108,55,35,9.277778
SUPER_9,15260000,26,2,3,31,16,10,3
SUPER_9,15270000,138,4,9,151,77,61,5.5384617
SUPER_9,15280000,39,5,2,46,19,20,6.571429
SUPER_9,15290000,139,4,7,150,76,63,10.636364
SUPER_9,15300000,158,11,13,182,77,81,14.083333
SUPER_9,15310000,81,7,9,97,37,44,8.3125
SUPER_9,15320000,2,1,0,3,1,1,2
SUPER_9,15330000,81,4,6,91,44,37,12.9
SUPER_9,15340000,105,12,4,121,50,55,6.3125
SUPER_9,15350000,129,13,8,150,66,63,10.333333
SUPER_9,15360000,6,1,1,8,4,2,17
SUPER_9,15370000,74,5,4,83,42,32,14.222222
SUPER_9,15380000,215,11,10,236,115,100,5.904762
SUPER_9,15390000,118,8,11,137,58,60,4.368421
SUPER_9,15400000,5,0,2,7,1,4,3
SUPER_9,15410000,2,1,0,3,0,2,1
SUPER_9,15420000,1,0,0,1,1,0,NaN
SUPER_9,15430000,3,1,0,4,3,0,1
SUPER_9,15440000,1,1,0,2,0,1,1
SUPER_9,15450000,2,2,2,6,1,1,6
SUPER_9,15460000,76,3,0,79,35,41,5.3333335
SUPER_9,15470000,11,0,2,13,2,9,3
SUPER_9,15480000,10,0,0,10,5,5,NaN
SUPER_9,15490000,82,3,10,95,50,32,5.3846154
SUPER_9,15500000,150,9,10,169,84,66,3.5263157
SUPER_9,15510000,3,0,0,3,3,0,NaN
SUPER_9,15520000,0,0,0,0,0,0,0
SUPER_9,15530000,0,0,0,0,0,0,0
SUPER_9,15540000,133,10,7,150,72,61,5.529412
SUPER_9,15550000,62,5,4,71,34,28,4.5555553
SUPER_9,15560000,69,8,7,84,33,36,79.26667
SUPER_9,15570000,26,0,2,28,13,13,3.5
SUPER_9,15580000,63,3,3,69,31,32,71.333336
SUPER_9,15590000,44,3,3,50,19,25,6.8333335
SUPER_9,15600000,52,4,4,60,23,29,12.5
SUPER_9,15610000,159,6,12,177,96,63,10.833333
SUPER_9,15620000,98,7,4,109,53,45,6.4545455
SUPER_9,15630000,80,5,14,99,37,43,6.4210525
SUPER_9,15640000,77,7,2,86,42,35,1.8888888
SUPER_9,15650000,53,4,8,65,33,20,7.4166665
SUPER_9,15660000,107,7,6,120,57,50,9.769231
SUPER_9,15670000,53,5,2,60,25,28,3.4285715
SUPER_9,15680000,101,7,4,112,53,48,8.454545
SUPER_9,15690000,118,4,6,128,71,47,5.5
SUPER_9,15700000,28,0,0,28,13,15,NaN
SUPER_9,15710000,111,9,7,127,62,49,7.4375
SUPER_9,15720000,34,4,0,38,23,11,8.25
SUPER_9,15730000,70,3,6,79,47,23,8.888889
SUPER_9,15740000,78,3,5,86,49,29,44.625
SUPER_9,15750000,16,1,0,17,9,7,1
SUPER_9,15760000,39,2,0,41,26,13,1.5
SUPER_9,15770000,69,6,5,80,35,34,10.545455
SUPER_9,15780000,35,1,4,40,21,14,10.8
SUPER_9,15790000,1,0,0,1,1,0,NaN
SUPER_9,15800000,2,0,1,3,0,2,8
SUPER_9,15810000,1,0,0,1,1,0,NaN
SUPER_9,15820000,7,0,0,7,2,5,NaN
SUPER_9,15830000,76,3,8,87,34,42,8.727273
SUPER_9,15840000,46,5,4,55,19,27,8.444445
SUPER_9,15850000,1,3,0,4,0,1,2.6666667
SUPER_9,15860000,4,0,1,5,1,3,1
SUPER_9,15870000,3,0,0,3,1,2,NaN
SUPER_9,15880000,77,7,2,86,39,38,7.888889
SUPER_9,15890000,26,2,0,28,14,12,5
SUPER_9,15900000,19,0,2,21,12,7,5
SUPER_9,15910000,28,6,1,35,14,14,4.857143
SUPER_9,15920000,42,1,5,48,24,18,1.5
SUPER_9,15930000,2,0,0,2,0,2,NaN
SUPER_9,15940000,67,6,8,81,34,33,9.5
SUPER_9,15950000,135,13,11,159,59,76,6.875
SUPER_9,15960000,0,0,0,0,0,0,0
SUPER_9,15970000,0,0,0,0,0,0,0
SUPER_9,15980000,42,4,2,48,20,22,2
SUPER_9,15990000,4,1,1,6,1,3,1
SUPER_9,16000000,4,0,0,4,1,3,NaN
SUPER_9,16010000,10,1,3,14,3,7,5.75
SUPER_9,16020000,4,1,0,5,1,3,6
SUPER_9,16030000,3,1,0,4,1,2,1
SUPER_9,16040000,4,0,1,5,4,0,8
SUPER_9,16050000,2,0,0,2,1,1,NaN
SUPER_9,16060000,8,0,0,8,4,4,NaN
SUPER_9,16070000,44,1,4,49,22,22,6.6
SUPER_9,16080000,51,1,9,61,25,26,4.7
SUPER_9,16090000,24,2,2,28,13,11,4.75
SUPER_9,16100000,47,1,4,52,20,27,10
SUPER_9,16110000,45,2,2,49,25,20,5
SUPER_9,16120000,65,8,6,79,36,29,5
SUPER_9,16130000,82,6,10,98,44,38,6.3125
SUPER_9,16140000,31,2,4,37,15,16,5.5
SUPER_9,16150000,16,1,1,18,13,3,1
SUPER_9,16160000,25,3,1,29,12,13,11.75
SUPER_9,16170000,38,5,2,45,18,20,4
SUPER_9,16180000,70,7,7,84,35,35,7.357143
SUPER_9,16190000,16,2,4,22,11,5,5
SUPER_9,16200000,140,5,8,153,71,69,6.1538463
SUPER_9,16210000,52,3,8,63,28,24,7.5454545
SUPER_9,16220000,2,0,0,2,1,1,NaN
SUPER_9,16230000,4,1,1,6,3,1,1
SUPER_9,16240000,88,5,9,102,47,41,16.428572
SUPER_9,16250000,67,7,5,79,28,39,5.9166665
SUPER_9,16260000,14,2,1,17,3,11,1.6666666
SUPER_9,16270000,79,4,7,90,28,51,7.3636365
SUPER_9,16280000,52,5,1,58,24,28,3.5
SUPER_9,16290000,2,0,1,3,0,2,2
SUPER_9,16300000,2,0,0,2,1,1,NaN
SUPER_9,16310000,4,0,2,6,3,1,1.5
SUPER_9,16320000,4,0,0,4,2,2,NaN
SUPER_9,16330000,7,3,0,10,5,2,15
SUPER_9,16340000,2,1,0,3,1,1,1
SUPER_9,16350000,0,1,0,1,0,0,1
SUPER_9,16360000,45,3,4,52,27,18,7.142857
SUPER_9,16370000,47,3,3,53,23,24,7
SUPER_9,16380000,34,1,4,39,21,13,1.8
SUPER_9,16390000,9,2,3,14,4,5,3.4
SUPER_9,16400000,8,0,1,9,6,2,1
SUPER_9,16410000,56,6,6,68,25,31,7.5833335
SUPER_9,16420000,3,2,0,5,1,2,3.5
SUPER_9,16430000,0,0,0,0,0,0,0
SUPER_9,16440000,0,0,0,0,0,0,0
SUPER_9,16450000,1,1,2,4,1,0,3.6666667
SUPER_9,16460000,0,1,2,3,0,0,5.3333335
SUPER_9,16470000,0,0,0,0,0,0,0
SUPER_9,16480000,0,0,0,0,0,0,0
SUPER_9,16490000,32,5,2,39,20,12,16.428572
SUPER_9,16500000,10,2,0,12,5,5,11
SUPER_9,16510000,63,8,8,79,28,35,5
SUPER_9,16520000,51,4,6,61,25,26,10.5
SUPER_9,16530000,3,2,1,6,2,1,3.6666667
SUPER_9,16540000,57,5,3,65,38,19,2.25
SUPER_9,16550000,70,7,4,81,35,35,8.909091
SUPER_9,16560000,101,11,8,120,49,52,6.7894735
SUPER_9,16570000,15,5,2,22,6,9,2.7142856
SUPER_9,16580000,165,14,19,198,90,75,11.575758
SUPER_9,16590000,65,4,6,75,37,28,8.4
SUPER_9,16600000,156,14,11,181,74,82,8.6
SUPER_9,16610000,31,2,2,35,18,13,57.5
SUPER_9,16620000,5,0,1,6,2,3,82
SUPER_9,16630000,1,0,0,1,0,1,NaN
SUPER_9,16640000,1,2,2,5,1,0,5.75
SUPER_9,16650000,2,1,1,4,2,0,28.5
SUPER_9,16660000,3,0,1,4,0,3,2
SUPER_9,16670000,14,1,4,19,6,8,4.4
SUPER_9,16680000,3,0,0,3,2,1,NaN
SUPER_9,16690000,4,0,0,4,3,1,NaN
SUPER_9,16700000,125,8,11,144,77,48,6.0526314
SUPER_9,16710000,125,9,5,139,58,67,2.5714285
SUPER_9,16720000,10,1,1,12,5,5,2.5
SUPER_9,16730000,75,6,7,88,28,47,5
SUPER_9,16740000,62,6,2,70,31,31,1.5
SUPER_9,16750000,50,4,4,58,23,27,1.5
SUPER_9,16760000,61,4,1,66,36,25,9.8
SUPER_9,16770000,122,8,2,132,70,52,4.7
SUPER_9,16780000,102,7,8,117,57,45,3.9333334
SUPER_9,16790000,114,10,11,135,59,55,19.095238
SUPER_9,16800000,123,5,14,142,50,73,21.052631
SUPER_9,16810000,128,9,16,153,70,58,3.44
SUPER_9,16820000,169,13,11,193,85,84,11.083333
SUPER_9,16830000,92,4,6,102,44,48,4
SUPER_9,16840000,191,7,5,203,109,82,5
SUPER_9,16850000,120,12,11,143,56,64,3.8695652
SUPER_9,16860000,30,3,6,39,13,17,9.333333
SUPER_9,16870000,170,10,8,188,86,84,8.555555
SUPER_9,16880000,23,1,1,25,9,14,5.5
SUPER_9,16890000,164,7,13,184,76,88,3.95
SUPER_9,16900000,188,14,10,212,94,94,6.875
SUPER_9,16910000,160,10,17,187,88,72,4.5925927
SUPER_9,16920000,24,2,1,27,12,12,2.6666667
SUPER_9,16930000,60,3,5,68,37,23,8.625
SUPER_9,16940000,53,6,3,62,30,23,3.7777777
SUPER_9,16950000,152,5,13,170,66,86,4.7777777
SUPER_9,16960000,59,1,6,66,33,26,14.857142
SUPER_9,16970000,90,6,6,102,38,52,6.3333335
SUPER_9,16980000,102,3,4,109,53,49,1.2857143
SUPER_9,16990000,90,6,3,99,43,47,6
SUPER_9,17000000,0,0,0,0,0,0,0
SUPER_9,17010000,0,0,0,0,0,0,0
SUPER_9,17020000,0,0,0,0,0,0,0
SUPER_9,17030000,0,0,0,0,0,0,0
SUPER_9,17040000,20,2,0,22,9,11,1.5
SUPER_9,17050000,1,1,0,2,1,0,1
SUPER_9,17060000,3,0,0,3,1,2,NaN
SUPER_9,17070000,7,0,2,9,3,4,2
SUPER_9,17080000,3,0,0,3,2,1,NaN
SUPER_9,17090000,147,3,4,154,82,65,3.7142856
SUPER_9,17100000,153,15,9,177,83,70,14.833333
SUPER_9,17110000,57,3,0,60,33,24,6
SUPER_9,17120000,139,4,8,151,75,64,4.5
SUPER_9,17130000,27,0,3,30,12,15,3.6666667
SUPER_9,17140000,0,0,0,0,0,0,0
SUPER_9,17150000,0,0,0,0,0,0,0
SUPER_9,17160000,9,0,1,10,2,7,8
SUPER_9,17170000,2,0,0,2,0,2,NaN
SUPER_9,17180000,2,0,0,2,2,0,NaN
SUPER_9,17190000,9,3,2,14,5,4,2.2
SUPER_9,17200000,2,0,0,2,2,0,NaN
SUPER_9,17210000,1,0,0,1,0,1,NaN
SUPER_9,17220000,0,0,0,0,0,0,0
SUPER_9,17230000,0,0,0,0,0,0,0
SUPER_9,17240000,55,3,5,63,31,24,2.375
SUPER_9,17250000,1,0,0,1,0,1,NaN
SUPER_9,17260000,0,0,1,1,0,0,1
SUPER_9,17270000,1,0,0,1,1,0,NaN
SUPER_9,17280000,88,7,3,98,54,34,3.9
SUPER_9,17290000,131,11,10,152,71,60,7.285714
SUPER_9,17300000,145,9,8,162,76,69,6.529412
SUPER_9,17310000,0,0,0,0,0,0,0
SUPER_9,17320000,0,0,0,0,0,0,0
SUPER_9,17330000,0,0,0,0,0,0,0
SUPER_9,17340000,0,0,0,0,0,0,0
SUPER_9,17350000,116,6,9,131,55,61,6.4
SUPER_9,17360000,120,8,9,137,60,60,3.4117646
SUPER_9,17370000,98,8,8,114,47,51,2.8125
SUPER_9,17380000,196,14,10,220,101,95,8.458333
SUPER_9,17390000,235,21,15,271,133,102,5.8055553
SUPER_9,17400000,17,2,3,22,6,11,5.8
SUPER_9,17410000,106,6,8,120,61,45,3.2142856
SUPER_9,17420000,142,7,13,162,67,75,21.2
SUPER_9,17430000,42,4,3,49,24,18,7.428571
SUPER_9,17440000,90,2,5,97,52,38,38.714287
SUPER_9,17450000,76,3,3,82,38,38,6.1666665
SUPER_9,17460000,16,4,3,23,9,7,4.714286
SUPER_9,17470000,74,7,3,84,34,40,4.3
SUPER_9,17480000,67,2,7,76,38,29,14.888889
SUPER_9,17490000,134,9,5,148,80,54,7.785714
SUPER_9,17500000,52,1,3,56,28,24,69
SUPER_9,17510000,89,6,2,97,43,46,3
SUPER_9,17520000,128,10,11,149,67,61,17.761906
SUPER_9,17530000,149,11,9,169,84,65,4
SUPER_9,17540000,117,7,3,127,59,58,4.8
SUPER_9,17550000,66,4,7,77,35,31,5.3636365
SUPER_9,17560000,57,4,5,66,34,23,1.5555556
SUPER_9,17570000,69,2,8,79,37,32,3.6
SUPER_9,17580000,42,7,2,51,21,21,8.555555
SUPER_9,17590000,0,0,0,0,0,0,0
SUPER_9,17600000,0,0,0,0,0,0,0
SUPER_9,17610000,0,0,0,0,0,0,0
SUPER_9,17620000,0,0,0,0,0,0,0
SUPER_9,17630000,153,15,13,181,84,69,5.535714
SUPER_9,17640000,139,12,10,161,79,60,19.863636
SUPER_9,17650000,22,0,1,23,7,15,11
SUPER_9,17660000,39,1,4,44,21,18,56.4
SUPER_9,17670000,199,13,9,221,99,100,9.090909
SUPER_9,17680000,0,0,0,0,0,0,0
SUPER_9,17690000,0,0,0,0,0,0,0
SUPER_9,17700000,0,0,0,0,0,0,0
SUPER_9,17710000,0,0,0,0,0,0,0
SUPER_9,17720000,234,19,15,268,137,97,5.647059
SUPER_9,17730000,120,7,17,144,79,41,6.4583335
SUPER_9,17740000,145,13,15,173,78,67,4.964286
SUPER_9,17750000,10,2,0,12,6,4,8
SUPER_9,17760000,1,0,1,2,0,1,4
SUPER_9,17770000,3,0,1,4,2,1,8
SUPER_9,17780000,2,0,1,3,2,0,9
SUPER_9,17790000,2,0,0,2,1,1,NaN
SUPER_9,17800000,0,0,0,0,0,0,0
SUPER_9,17810000,0,0,0,0,0,0,0
SUPER_9,17820000,5,0,0,5,2,3,NaN
SUPER_9,17830000,3,1,1,5,2,1,1
SUPER_9,17840000,6,1,1,8,2,4,1
SUPER_9,17850000,1,0,0,1,1,0,NaN
SUPER_9,17860000,5,0,0,5,3,2,NaN
SUPER_9,17870000,2,2,0,4,0,2,2
SUPER_9,17880000,29,2,3,34,21,8,10.6
SUPER_9,17890000,148,6,13,167,74,74,7.894737
SUPER_9,17900000,130,4,11,145,57,73,6.0666666
SUPER_9,17910000,79,13,9,101,39,40,6.1363635
SUPER_9,17920000,2,0,0,2,1,1,NaN
SUPER_9,17930000,48,4,3,55,24,24,5.571429
SUPER_9,17940000,81,3,10,94,45,36,5.230769
SUPER_9,17950000,3,0,3,6,0,3,6.6666665
SUPER_9,17960000,0,0,1,1,0,0,24
SUPER_9,17970000,1,0,0,1,1,0,NaN
SUPER_9,17980000,4,0,0,4,2,2,NaN
SUPER_9,17990000,5,0,2,7,4,1,4.5
SUPER_9,18000000,73,5,8,86,36,37,3.5384614
SUPER_9,18010000,100,5,8,113,59,41,11.923077
SUPER_9,18020000,63,3,3,69,27,36,4.8333335
SUPER_9,18030000,128,14,10,152,59,69,3.7083333
SUPER_9,18040000,52,2,3,57,30,22,5
SUPER_9,18050000,102,6,3,111,58,44,16.666666
SUPER_9,18060000,146,12,11,169,68,78,9.608696
SUPER_9,18070000,34,4,3,41,16,18,5.571429
SUPER_9,18080000,18,0,2,20,5,13,8
SUPER_9,18090000,3,0,0,3,2,1,NaN
SUPER_9,18100000,30,3,3,36,9,21,9
SUPER_9,18110000,77,6,10,93,39,38,14.5625
SUPER_9,18120000,62,7,2,71,35,27,6.2222223
SUPER_9,18130000,2,0,0,2,1,1,NaN
SUPER_9,18140000,103,6,8,117,51,52,9.214286
SUPER_9,18150000,117,6,13,136,62,55,5.105263
SUPER_9,18160000,96,5,7,108,48,48,1.5
SUPER_9,18170000,141,10,9,160,70,71,9.631579
SUPER_9,18180000,161,9,9,179,86,75,12.888889
SUPER_9,18190000,75,6,3,84,40,35,44.11111
SUPER_9,18200000,60,6,3,69,35,25,2.4444444
SUPER_9,18210000,19,2,4,25,10,9,9
SUPER_9,18220000,32,7,3,42,14,18,9.4
SUPER_9,18230000,42,6,7,55,22,20,15.538462
SUPER_9,18240000,24,0,2,26,12,12,2
SUPER_9,18250000,25,5,2,32,14,11,8.285714
SUPER_9,18260000,41,6,2,49,22,19,5
SUPER_9,18270000,82,8,10,100,37,45,22.38889
SUPER_9,18280000,105,8,5,118,48,57,4.3076925
SUPER_9,18290000,149,6,9,164,68,81,3.2666667
SUPER_9,18300000,37,3,5,45,15,22,6.25
SUPER_9,18310000,2,0,0,2,2,0,NaN
SUPER_9,18320000,40,4,1,45,24,16,4
SUPER_9,18330000,0,0,0,0,0,0,0
SUPER_9,18340000,0,0,0,0,0,0,0
SUPER_9,18350000,99,11,8,118,49,50,3.0526316
SUPER_9,18360000,169,14,16,199,77,92,13.166667
SUPER_9,18370000,38,4,4,46,22,16,8
SUPER_9,18380000,80,4,8,92,43,37,3.5833333
SUPER_9,18390000,129,11,9,149,73,56,5.4
SUPER_9,18400000,126,9,8,143,64,62,6
SUPER_9,18410000,94,9,7,110,48,46,5.8125
SUPER_9,18420000,178,11,10,199,92,86,8.952381
SUPER_9,18430000,185,8,8,201,85,100,5
SUPER_9,18440000,94,9,3,106,47,47,7.1666665
SUPER_9,18450000,108,13,4,125,64,44,4.8235292
SUPER_9,18460000,134,7,9,150,67,67,17.5625
SUPER_9,18470000,0,0,0,0,0,0,0
SUPER_9,18480000,0,0,0,0,0,0,0
SUPER_9,18490000,137,8,7,152,61,76,8.6
SUPER_9,18500000,23,2,2,27,10,13,7.5
SUPER_9,18510000,18,0,0,18,9,9,NaN
SUPER_9,18520000,17,3,0,20,8,9,1.3333334
SUPER_9,18530000,74,5,2,81,41,33,7
SUPER_9,18540000,29,0,3,32,18,11,1.3333334
SUPER_9,18550000,92,3,7,102,47,45,3.1
SUPER_9,18560000,82,2,4,88,39,43,6.8333335
SUPER_9,18570000,53,1,5,59,30,23,12.5
SUPER_9,18580000,60,5,3,68,26,34,6.75
SUPER_9,18590000,95,7,8,110,51,44,5.266667
SUPER_9,18600000,37,2,1,40,18,19,3
SUPER_9,18610000,4,0,0,4,2,2,NaN
SUPER_9,18620000,55,4,5,64,20,35,9
SUPER_9,18630000,2,1,0,3,1,1,4
SUPER_9,18640000,1,1,1,3,0,1,1
SUPER_9,18650000,7,3,2,12,4,3,10.2
SUPER_9,18660000,58,3,3,64,23,35,2.1666667
SUPER_9,18670000,21,0,1,22,14,7,1
SUPER_9,18680000,56,4,2,62,30,26,7.3333335
SUPER_9,18690000,83,6,5,94,38,45,3.6363637
SUPER_9,18700000,85,5,5,95,41,44,5.3
SUPER_9,18710000,2,0,0,2,1,1,NaN
SUPER_9,18720000,3,0,1,4,1,2,1
SUPER_9,18730000,1,0,0,1,1,0,NaN
SUPER_9,18740000,4,0,0,4,3,1,NaN
SUPER_9,18750000,19,1,1,21,11,8,38
SUPER_9,18760000,41,3,3,47,19,22,11.666667
SUPER_9,18770000,71,9,9,89,38,33,4.888889
SUPER_9,18780000,121,7,11,139,63,58,7
SUPER_9,18790000,151,7,13,171,74,77,10.9
SUPER_9,18800000,163,23,18,204,76,87,15.146341
SUPER_9,18810000,81,11,4,96,43,38,2.6
SUPER_9,18820000,44,1,6,51,21,23,21.428572
SUPER_9,18830000,75,4,3,82,41,34,3.5714285
SUPER_9,18840000,21,3,1,25,12,9,2
SUPER_9,18850000,2,0,0,2,1,1,NaN
SUPER_9,18860000,84,11,6,101,32,52,5.0588236
SUPER_9,18870000,101,10,7,118,61,40,5.2352943
SUPER_9,18880000,109,10,10,129,54,55,6.75
SUPER_9,18890000,67,8,6,81,35,32,7.642857
SUPER_9,18900000,110,7,15,132,46,64,14.227273
SUPER_9,18910000,37,0,3,40,19,18,8
SUPER_9,18920000,2,1,1,4,1,1,5
SUPER_9,18930000,34,2,2,38,13,21,3.25
SUPER_9,18940000,144,12,10,166,69,75,6.7272725
SUPER_9,18950000,120,8,8,136,52,68,3.3125
SUPER_9,18960000,0,0,0,0,0,0,0
SUPER_9,18970000,0,0,0,0,0,0,0
SUPER_9,18980000,4,3,0,7,1,3,3.3333333
SUPER_9,18990000,4,0,1,5,4,0,1
SUPER_9,19000000,1,0,0,1,1,0,NaN
SUPER_9,19010000,0,0,0,0,0,0,0
SUPER_9,19020000,0,0,0,0,0,0,0
SUPER_9,19030000,68,7,10,85,36,32,3.3529413
SUPER_9,19040000,111,8,11,130,42,69,10.052631
SUPER_9,19050000,99,14,10,123,44,55,14.333333
SUPER_9,19060000,61,7,4,72,27,34,5.909091
SUPER_9,19070000,152,11,14,177,73,79,24.72
SUPER_9,19080000,123,12,14,149,57,66,7.423077
SUPER_9,19090000,127,14,10,151,71,56,5.375
SUPER_9,19100000,132,11,8,151,67,65,8.578947
SUPER_9,19110000,87,7,9,103,36,51,6.75
SUPER_9,19120000,57,6,8,71,33,24,25.285715
SUPER_9,19130000,7,1,3,11,4,3,5.25
SUPER_9,19140000,35,3,1,39,13,22,19.75
SUPER_9,19150000,32,1,4,37,17,15,9.4
SUPER_9,19160000,95,8,13,116,43,52,9.523809
SUPER_9,19170000,96,6,6,108,58,38,3.6666667
SUPER_9,19180000,125,7,13,145,68,57,10.8
SUPER_9,19190000,81,4,4,89,39,42,8.5
SUPER_9,19200000,4,0,1,5,2,2,1
SUPER_9,19210000,1,0,1,2,0,1,7
SUPER_9,19220000,101,5,11,117,46,55,9.9375
SUPER_9,19230000,98,10,4,112,50,48,7.571429
SUPER_9,19240000,89,9,10,108,48,41,7.0526314
SUPER_9,19250000,2,0,0,2,1,1,NaN
SUPER_9,19260000,1,0,0,1,1,0,NaN
SUPER_9,19270000,2,1,0,3,1,1,1
SUPER_9,19280000,13,2,2,17,5,8,3.75
SUPER_9,19290000,127,15,15,157,54,73,12.033334
SUPER_9,19300000,154,11,2,167,95,59,2.3846154
SUPER_9,19310000,56,4,5,65,28,28,5.5555553
SUPER_9,19320000,110,6,4,120,66,44,3.7
SUPER_9,19330000,145,6,8,159,70,75,3.2142856
SUPER_9,19340000,130,11,14,155,72,58,5.76
SUPER_9,19350000,21,1,1,23,8,13,1.5
SUPER_9,19360000,0,0,0,0,0,0,0
SUPER_9,19370000,0,0,0,0,0,0,0
SUPER_9,19380000,3,1,0,4,1,2,8
SUPER_9,19390000,0,0,0,0,0,0,0
SUPER_9,19400000,0,0,0,0,0,0,0
SUPER_9,19410000,3,0,0,3,1,2,NaN
SUPER_9,19420000,2,0,0,2,2,0,NaN
SUPER_9,19430000,2,0,0,2,2,0,NaN
SUPER_9,19440000,1,0,0,1,1,0,NaN
SUPER_9,19450000,1,0,0,1,1,0,NaN
SUPER_9,19460000,80,2,0,82,46,34,1
SUPER_9,19470000,163,13,11,187,80,83,7.0416665
SUPER_9,19480000,49,0,5,54,28,21,14.8
SUPER_9,19490000,83,6,2,91,45,38,7
SUPER_9,19500000,51,0,3,54,29,22,104
SUPER_9,19510000,63,3,7,73,37,26,4.4
SUPER_9,19520000,0,0,0,0,0,0,0
SUPER_9,19530000,0,0,0,0,0,0,0
SUPER_9,19540000,2,0,0,2,2,0,NaN
SUPER_9,19550000,18,2,1,21,11,7,4.6666665
SUPER_9,19560000,28,2,3,33,15,13,3.8
SUPER_9,19570000,64,8,7,79,31,33,21.533333
SUPER_9,19580000,55,1,1,57,26,29,5
SUPER_9,19590000,134,7,5,146,64,70,16
SUPER_9,19600000,33,0,6,39,12,21,1.5
SUPER_9,19610000,33,6,2,41,19,14,8.125
SUPER_9,19620000,2,1,0,3,1,1,1
SUPER_9,19630000,3,0,1,4,1,2,1
SUPER_9,19640000,1,0,0,1,0,1,NaN
SUPER_9,19650000,1,0,1,2,1,0,1
SUPER_9,19660000,0,0,1,1,0,0,1
SUPER_9,19670000,2,0,1,3,0,2,5
SUPER_9,19680000,2,0,1,3,2,0,1
SUPER_9,19690000,4,0,1,5,1,3,1
SUPER_9,19700000,49,5,4,58,28,21,6
SUPER_9,19710000,61,9,6,76,22,39,6.3333335
SUPER_9,19720000,48,1,1,50,25,23,11.5
SUPER_9,19730000,58,2,2,62,30,28,3.75
SUPER_9,19740000,19,1,0,20,13,6,6
SUPER_9,19750000,102,5,12,119,53,49,5.647059
SUPER_9,19760000,156,9,7,172,79,77,10.25
SUPER_9,19770000,134,8,10,152,70,64,16.277779
SUPER_9,19780000,39,4,4,47,15,24,2.75
SUPER_9,19790000,106,9,6,121,57,49,6.4666667
SUPER_9,19800000,96,0,7,103,49,47,12.857142
SUPER_9,19810000,0,0,0,0,0,0,0
SUPER_9,19820000,0,0,0,0,0,0,0
SUPER_9,19830000,152,9,7,168,83,69,7.75
SUPER_9,19840000,76,6,10,92,40,36,7.3125
SUPER_9,19850000,126,6,8,140,79,47,5.214286
SUPER_9,19860000,92,4,8,104,44,48,8.25
SUPER_9,19870000,50,3,3,56,22,28,5.1666665
SUPER_9,19880000,50,1,4,55,27,23,1.4
SUPER_9,19890000,180,11,12,203,96,84,4.173913
SUPER_9,19900000,111,8,8,127,62,49,13.375
SUPER_9,19910000,4,1,0,5,3,1,5
SUPER_9,19920000,2,0,0,2,0,2,NaN
SUPER_9,19930000,2,0,0,2,0,2,NaN
SUPER_9,19940000,2,1,0,3,0,2,1
SUPER_9,19950000,5,0,0,5,4,1,NaN
SUPER_9,19960000,0,0,0,0,0,0,0
SUPER_9,19970000,0,0,0,0,0,0,0
SUPER_9,19980000,5,0,0,5,2,3,NaN
SUPER_9,19990000,1,0,0,1,1,0,NaN
SUPER_9,20000000,1,0,0,1,0,1,NaN
SUPER_9,20010000,2,0,0,2,1,1,NaN
SUPER_9,20020000,1,0,0,1,1,0,NaN
SUPER_9,20030000,1,0,1,2,1,0,1
SUPER_9,20040000,0,0,0,0,0,0,0
SUPER_9,20050000,0,0,0,0,0,0,0
SUPER_9,20060000,4,1,1,6,3,1,20.5
SUPER_9,20070000,137,6,10,153,71,66,24.625
SUPER_9,20080000,147,2,8,157,88,59,8.9
SUPER_9,20090000,0,0,0,0,0,0,0
SUPER_9,20100000,0,0,0,0,0,0,0
SUPER_9,20110000,23,2,1,26,12,11,7.6666665
SUPER_9,20120000,7,1,1,9,1,6,7
SUPER_9,20130000,134,9,3,146,79,55,9.416667
SUPER_9,20140000,31,4,2,37,19,12,3.5
SUPER_9,20150000,56,3,1,60,30,26,4
SUPER_9,20160000,103,10,6,119,49,54,8
SUPER_9,20170000,122,10,7,139,66,56,3.1764705
SUPER_9,20180000,77,3,4,84,35,42,2.142857
SUPER_9,20190000,0,0,0,0,0,0,0
SUPER_9,20200000,0,0,0,0,0,0,0
SUPER_9,20210000,160,9,11,180,74,86,19.9
SUPER_9,20220000,108,9,6,123,61,47,4.6
SUPER_9,20230000,7,0,0,7,4,3,NaN
SUPER_9,20240000,3,0,0,3,3,0,NaN
SUPER_9,20250000,1,1,0,2,1,0,2
SUPER_9,20260000,3,0,0,3,2,1,NaN
SUPER_9,20270000,2,0,0,2,1,1,NaN
SUPER_9,20280000,3,2,0,5,2,1,3
SUPER_9,20290000,2,0,0,2,2,0,NaN
SUPER_9,20300000,3,1,0,4,0,3,1
SUPER_9,20310000,17,0,1,18,7,10,2
SUPER_9,20320000,0,1,1,2,0,0,1
SUPER_9,20330000,104,5,8,117,55,49,6.923077
SUPER_9,20340000,56,2,3,61,19,37,6.4
SUPER_9,20350000,75,5,9,89,39,36,26.928572
SUPER_9,20360000,13,2,2,17,8,5,1
SUPER_9,20370000,6,0,0,6,1,5,NaN
SUPER_9,20380000,4,0,0,4,3,1,NaN
SUPER_9,20390000,8,1,0,9,4,4,12
SUPER_9,20400000,15,4,0,19,8,7,4.25
SUPER_9,20410000,127,9,15,151,70,57,63.833332
SUPER_9,20420000,69,4,3,76,47,22,20.714285
SUPER_9,20430000,24,3,3,30,12,12,7.1666665
SUPER_9,20440000,86,9,4,99,49,37,3.0769231
SUPER_9,20450000,81,1,5,87,42,39,3.6666667
SUPER_9,20460000,20,3,3,26,10,10,3
SUPER_9,20470000,42,4,1,47,18,24,3
SUPER_9,20480000,165,10,8,183,89,76,27.777779
SUPER_9,20490000,186,11,9,206,92,94,5.55
SUPER_9,20500000,186,10,11,207,103,83,28.238094
SUPER_9,20510000,72,7,10,89,36,36,8.117647
SUPER_9,20520000,59,5,6,70,24,35,1.4545455
SUPER_9,20530000,171,10,10,191,86,85,6.45
SUPER_9,20540000,37,4,4,45,12,25,1.5
SUPER_9,20550000,67,3,8,78,27,40,13.363636
SUPER_9,20560000,11,2,1,14,5,6,3.3333333
SUPER_9,20570000,10,2,3,15,3,7,7.6
SUPER_9,20580000,99,6,6,111,49,50,9.333333
SUPER_9,20590000,86,7,2,95,45,41,11.666667
SUPER_9,20600000,0,0,0,0,0,0,0
SUPER_9,20610000,0,0,0,0,0,0,0
SUPER_9,20620000,0,0,0,0,0,0,0
SUPER_9,20630000,0,0,0,0,0,0,0
SUPER_9,20640000,0,0,0,0,0,0,0
SUPER_9,20650000,0,0,0,0,0,0,0
SUPER_9,20660000,0,0,0,0,0,0,0
SUPER_9,20670000,0,0,0,0,0,0,0
SUPER_9,20680000,0,0,0,0,0,0,0
SUPER_9,20690000,0,0,0,0,0,0,0
SUPER_9,20700000,66,7,6,79,25,41,1.4615384
SUPER_9,20710000,49,6,3,58,30,19,8.555555
SUPER_9,20720000,13,1,0,14,6,7,1
SUPER_9,20730000,4,0,2,6,2,2,5
SUPER_9,20740000,12,2,1,15,9,3,1
SUPER_9,20750000,8,0,0,8,5,3,NaN
SUPER_9,20760000,5,2,2,9,1,4,9
SUPER_9,20770000,7,3,0,10,3,4,1
SUPER_9,20780000,12,1,2,15,7,5,2.6666667
SUPER_9,20790000,8,0,2,10,6,2,2
SUPER_9,20800000,10,0,0,10,5,5,NaN
SUPER_9,20810000,6,0,1,7,2,4,1
SUPER_9,20820000,62,2,2,66,30,32,2.5
SUPER_9,20830000,21,1,1,23,8,13,1
SUPER_9,20840000,3,0,1,4,1,2,6
SUPER_9,20850000,41,6,4,51,21,20,6.9
SUPER_9,20860000,162,9,7,178,82,80,15.6875
SUPER_9,20870000,55,1,5,61,28,27,2
SUPER_9,20880000,51,2,8,61,26,25,42
SUPER_9,20890000,77,7,9,93,40,37,4.875
SUPER_9,20900000,98,10,5,113,49,49,19.133333
SUPER_9,20910000,132,5,14,151,65,67,2.2631578
SUPER_9,20920000,9,0,2,11,6,3,4.5
SUPER_9,20930000,128,8,12,148,65,63,4.4
SUPER_9,20940000,90,7,8,105,47,43,27.733334
SUPER_9,20950000,26,3,0,29,16,10,2.6666667
SUPER_9,20960000,88,8,11,107,48,40,6.0526314
SUPER_9,20970000,10,0,0,10,6,4,NaN
SUPER_9,20980000,84,3,5,92,38,46,2.25
SUPER_9,20990000,21,3,1,25,13,8,1.5
SUPER_9,21000000,76,7,7,90,33,43,4.642857
SUPER_9,21010000,0,0,0,0,0,0,0
SUPER_9,21020000,0,0,0,0,0,0,0
SUPER_9,21030000,137,11,14,162,60,77,13.36
SUPER_9,21040000,2,2,0,4,2,0,10.5
SUPER_9,21050000,48,10,7,65,29,19,3.7058823
SUPER_9,21060000,211,7,15,233,107,104,7.1363635
SUPER_9,21070000,111,6,2,119,62,49,4.625
SUPER_9,21080000,48,7,4,59,21,27,144
SUPER_9,21090000,146,6,13,165,73,73,20.578947
SUPER_9,21100000,9,0,0,9,4,5,NaN
SUPER_9,21110000,0,0,0,0,0,0,0
SUPER_9,21120000,0,0,0,0,0,0,0
SUPER_9,21130000,0,0,0,0,0,0,0
SUPER_9,21140000,0,0,0,0,0,0,0
SUPER_9,21150000,0,0,0,0,0,0,0
SUPER_9,21160000,73,7,6,86,41,32,4.3846154
SUPER_9,21170000,30,4,4,38,16,14,3.125
SUPER_9,21180000,44,1,5,50,22,22,8.333333
SUPER_9,21190000,61,8,2,71,34,27,2.2
SUPER_9,21200000,35,2,4,41,18,17,3.1666667
SUPER_9,21210000,17,0,0,17,10,7,NaN
SUPER_9,21220000,10,0,1,11,7,3,1
SUPER_9,21230000,6,2,0,8,3,3,1
SUPER_9,21240000,2,0,1,3,2,0,1
SUPER_9,21250000,2,0,0,2,1,1,NaN
SUPER_9,21260000,64,4,6,74,33,31,4.1
SUPER_9,21270000,115,10,13,138,61,54,14.347826
SUPER_9,21280000,130,5,7,142,68,62,13.666667
SUPER_9,21290000,124,5,7,136,66,58,8
SUPER_9,21300000,108,9,4,121,60,48,8.384615
SUPER_9,21310000,191,18,18,227,96,95,17.305555
SUPER_9,21320000,163,14,9,186,81,82,5.4347825
SUPER_9,21330000,180,15,10,205,96,84,9.04
SUPER_9,21340000,89,2,8,99,45,44,78.2
SUPER_9,21350000,91,4,8,103,52,39,3.0833333
SUPER_9,21360000,60,7,2,69,27,33,85.77778
SUPER_9,21370000,33,0,1,34,14,19,1
SUPER_9,21380000,93,3,3,99,47,46,3.1666667
SUPER_9,21390000,192,17,11,220,113,79,5.071429
SUPER_9,21400000,201,8,15,224,116,85,7.695652
SUPER_9,21410000,0,0,0,0,0,0,0
SUPER_9,21420000,0,0,0,0,0,0,0
SUPER_9,21430000,0,0,0,0,0,0,0
SUPER_9,21440000,82,3,6,91,43,39,14.888889
SUPER_9,21450000,162,11,18,191,81,81,7.5172415
SUPER_9,21460000,84,4,5,93,43,41,4.111111
SUPER_9,21470000,138,8,3,149,68,70,5.181818
SUPER_9,21480000,13,1,1,15,9,4,3
SUPER_9,21490000,36,4,4,44,22,14,13.625
SUPER_9,21500000,106,7,9,122,57,49,4.625
SUPER_9,21510000,17,2,0,19,9,8,4
SUPER_9,21520000,178,16,11,205,88,90,4.259259
SUPER_9,21530000,184,11,9,204,97,87,4.05
SUPER_9,21540000,136,16,7,159,69,67,7.3913045
SUPER_9,21550000,101,7,7,115,47,54,2.7857144
SUPER_9,21560000,111,4,6,121,67,44,57.9
SUPER_9,21570000,96,7,6,109,54,42,4.076923
SUPER_9,21580000,54,6,2,62,25,29,6.25
SUPER_9,21590000,128,8,7,143,74,54,5.6
SUPER_9,21600000,77,3,5,85,32,45,2.125
SUPER_9,21610000,295,19,7,321,155,140,5.8076925
SUPER_9,21620000,175,11,10,196,88,87,9
SUPER_9,21630000,125,8,9,142,67,58,3.8235295
SUPER_9,21640000,58,3,2,63,25,33,2.4
SUPER_9,21650000,110,10,6,126,64,46,5.125
SUPER_9,21660000,127,7,14,148,57,70,6.3333335
SUPER_9,21670000,79,4,6,89,40,39,7.2
SUPER_9,21680000,29,2,0,31,19,10,2
SUPER_9,21690000,55,6,4,65,27,28,15.8
SUPER_9,21700000,165,12,8,185,94,71,14.2
SUPER_9,21710000,163,16,10,189,85,78,6.730769
SUPER_9,21720000,112,8,5,125,60,52,5.8461537
SUPER_9,21730000,54,4,1,59,30,24,28.6
SUPER_9,21740000,56,6,4,66,24,32,9.9
SUPER_9,21750000,99,9,5,113,53,46,8.142858
SUPER_9,21760000,171,10,14,195,105,66,14.833333
SUPER_9,21770000,21,4,4,29,9,12,3.625
SUPER_9,21780000,61,5,4,70,38,23,7.6666665
SUPER_9,21790000,123,6,8,137,71,52,8.571428
SUPER_9,21800000,57,4,6,67,32,25,8.2
SUPER_9,21810000,98,3,10,111,51,47,75.07692
SUPER_9,21820000,214,17,14,245,114,100,26.67742
SUPER_9,21830000,116,3,10,129,74,42,2.7692308
SUPER_9,21840000,0,0,0,0,0,0,0
SUPER_9,21850000,0,0,0,0,0,0,0
SUPER_9,21860000,0,0,0,0,0,0,0
SUPER_9,21870000,208,13,23,244,114,94,11.25
SUPER_9,21880000,134,13,10,157,71,63,3.7826087
SUPER_9,21890000,45,2,9,56,21,24,3.909091
SUPER_9,21900000,10,3,2,15,4,6,9
SUPER_9,21910000,38,0,1,39,22,16,1
SUPER_9,21920000,96,5,10,111,52,44,3.5333333
SUPER_9,21930000,0,0,0,0,0,0,0
SUPER_9,21940000,0,0,0,0,0,0,0
SUPER_9,21950000,0,0,0,0,0,0,0
SUPER_9,21960000,0,0,0,0,0,0,0
SUPER_9,21970000,73,2,5,80,32,41,2.857143
SUPER_9,21980000,28,0,1,29,16,12,20
SUPER_9,21990000,28,1,3,32,15,13,2.25
SUPER_9,22000000,1,1,0,2,0,1,5
SUPER_9,22010000,4,1,8,13,1,3,1.3333334
SUPER_9,22020000,0,0,0,0,0,0,0
SUPER_9,22030000,0,0,0,0,0,0,0
SUPER_9,22040000,0,0,0,0,0,0,0
SUPER_9,22050000,7,7,16,30,3,4,1.2173913
SUPER_9,22060000,2,0,1,3,1,1,14
SUPER_9,22070000,1,0,0,1,1,0,NaN
SUPER_9,22080000,103,11,7,121,48,55,4.888889
SUPER_9,22090000,107,6,7,120,49,58,4.4615383
SUPER_9,22100000,38,3,3,44,20,18,5.8333335
SUPER_9,22110000,126,7,8,141,57,69,13.733334
SUPER_9,22120000,170,14,10,194,86,84,4.125
SUPER_9,22130000,24,0,2,26,13,11,12
SUPER_9,22140000,3,1,0,4,2,1,6
SUPER_9,22150000,2,0,2,4,2,0,6
SUPER_9,22160000,1,0,0,1,0,1,NaN
SUPER_9,22170000,0,1,0,1,0,0,6
SUPER_9,22180000,4,1,1,6,1,3,3
SUPER_9,22190000,0,0,0,0,0,0,0
SUPER_9,22200000,0,0,0,0,0,0,0
SUPER_9,22210000,2,0,0,2,0,2,NaN
SUPER_9,22220000,3,0,0,3,1,2,NaN
SUPER_9,22230000,19,0,0,19,15,4,NaN
SUPER_9,22240000,0,0,0,0,0,0,0
SUPER_9,22250000,0,0,0,0,0,0,0
SUPER_9,22260000,13,1,4,18,7,6,3.6
SUPER_9,22270000,81,4,4,89,34,47,2.625
SUPER_9,22280000,149,11,7,167,69,80,11.5
SUPER_9,22290000,8,0,0,8,5,3,NaN
SUPER_9,22300000,125,10,4,139,65,60,64.14286
SUPER_9,22310000,40,1,4,45,18,22,1
SUPER_9,22320000,126,10,5,141,82,44,8.333333
SUPER_9,22330000,58,2,5,65,29,29,2.7142856
SUPER_9,22340000,18,1,0,19,11,7,19
SUPER_9,22350000,39,1,5,45,16,23,1.8333334
SUPER_9,22360000,59,10,4,73,28,31,5.571429
SUPER_9,22370000,149,9,7,165,90,59,3.6875
SUPER_9,22380000,24,1,0,25,15,9,1
SUPER_9,22390000,63,8,3,74,40,23,16.818182
SUPER_9,22400000,65,3,3,71,36,29,11.5
SUPER_9,22410000,109,8,8,125,65,44,7.4375
SUPER_9,22420000,60,3,2,65,31,29,2.2
SUPER_9,22430000,0,0,1,1,0,0,6
SUPER_9,22440000,2,0,0,2,0,2,NaN
SUPER_9,22450000,0,0,0,0,0,0,0
SUPER_9,22460000,0,0,0,0,0,0,0
SUPER_9,22470000,62,5,6,73,34,28,9.909091
SUPER_9,22480000,44,4,5,53,21,23,4.2222223
SUPER_9,22490000,7,0,1,8,2,5,28
SUPER_9,22500000,1,0,1,2,0,1,2
SUPER_9,22510000,3,0,1,4,3,0,1
SUPER_9,22520000,1,0,0,1,1,0,NaN
SUPER_9,22530000,34,1,4,39,9,25,2.8
SUPER_9,22540000,147,14,7,168,89,58,11.571428
SUPER_9,22550000,57,2,2,61,27,30,6
SUPER_9,22560000,60,3,3,66,27,33,41.833332
SUPER_9,22570000,14,1,2,17,6,8,40
SUPER_9,22580000,14,0,1,15,9,5,106
SUPER_9,22590000,50,4,5,59,21,29,2.6666667
SUPER_9,22600000,176,10,11,197,104,72,7.4761906
SUPER_9,22610000,49,4,3,56,24,25,2.2857144
SUPER_9,22620000,44,6,2,52,29,15,4.625
SUPER_9,22630000,96,6,9,111,57,39,13.733334
SUPER_9,22640000,104,9,17,130,54,50,7.0384617
SUPER_9,22650000,56,2,7,65,28,28,8.111111
SUPER_9,22660000,0,0,0,0,0,0,0
SUPER_9,22670000,0,0,0,0,0,0,0
SUPER_9,22680000,0,0,0,0,0,0,0
SUPER_9,22690000,77,2,7,86,44,33,8.444445
SUPER_9,22700000,4,1,0,5,3,1,2
SUPER_9,22710000,2,0,0,2,2,0,NaN
SUPER_9,22720000,1,0,1,2,1,0,2
SUPER_9,22730000,4,0,0,4,2,2,NaN
SUPER_9,22740000,8,1,0,9,2,6,1
SUPER_9,22750000,4,0,1,5,4,0,1
SUPER_9,22760000,1,0,0,1,1,0,NaN
SUPER_9,22770000,3,1,0,4,1,2,24
SUPER_9,22780000,3,1,0,4,3,0,19
SUPER_9,22790000,3,0,0,3,1,2,NaN
SUPER_9,22800000,0,2,0,2,0,0,19
SUPER_9,22810000,101,2,7,110,47,54,10.777778
SUPER_9,22820000,58,3,1,62,31,27,9
SUPER_9,22830000,67,4,1,72,29,38,6.8
SUPER_9,22840000,72,4,5,81,39,33,3.3333333
SUPER_9,22850000,139,10,6,155,85,54,6.375
SUPER_9,22860000,150,9,14,173,81,69,11.869565
SUPER_9,22870000,0,0,0,0,0,0,0
SUPER_9,22880000,0,0,0,0,0,0,0
SUPER_9,22890000,49,5,2,56,28,21,2.857143
SUPER_9,22900000,69,4,3,76,44,25,5
SUPER_9,22910000,72,6,5,83,42,30,4.181818
SUPER_9,22920000,51,6,2,59,25,26,6.25
SUPER_9,22930000,135,7,4,146,66,69,12.181818
SUPER_9,22940000,30,1,3,34,13,17,11.5
SUPER_9,22950000,74,5,6,85,44,30,5.090909
SUPER_9,22960000,86,3,11,100,46,40,4.857143
SUPER_9,22970000,99,5,4,108,51,48,7.7777777
SUPER_9,22980000,205,22,16,243,109,96,13.684211
SUPER_9,22990000,81,5,10,96,47,34,12.533334
SUPER_9,23000000,0,0,0,0,0,0,0
SUPER_9,23010000,0,0,0,0,0,0,0
SUPER_9,23020000,0,0,0,0,0,0,0
SUPER_9,23030000,0,0,0,0,0,0,0
SUPER_9,23040000,0,0,0,0,0,0,0
SUPER_9,23050000,0,0,0,0,0,0,0
SUPER_9,23060000,151,12,11,174,77,74,14.043478
SUPER_9,23070000,52,3,5,60,21,31,17.375
SUPER_9,23080000,62,8,3,73,36,26,7.4545455
SUPER_9,23090000,24,2,4,30,12,12,2.6666667
SUPER_9,23100000,58,5,2,65,32,26,2
SUPER_9,23110000,74,2,3,79,44,30,7.8
SUPER_9,23120000,23,0,0,23,12,11,NaN
SUPER_9,23130000,142,9,14,165,65,77,3.826087
SUPER_9,23140000,162,10,9,181,83,79,4.5263157
SUPER_9,23150000,131,6,7,144,76,55,5.5384617
SUPER_9,23160000,181,8,13,202,100,81,8.380953
SUPER_9,23170000,25,2,1,28,15,10,5.3333335
SUPER_9,23180000,4,0,0,4,2,2,NaN
SUPER_9,23190000,5,0,2,7,3,2,2
SUPER_9,23200000,1,0,2,3,0,1,1
SUPER_9,23210000,2,0,0,2,1,1,NaN
SUPER_9,23220000,2,0,1,3,2,0,1
SUPER_9,23230000,1,0,1,2,1,0,2
SUPER_9,23240000,2,0,0,2,1,1,NaN
SUPER_9,23250000,10,1,0,11,7,3,16
SUPER_9,23260000,30,4,3,37,16,14,14.285714
SUPER_9,23270000,129,12,9,150,74,55,5.3809524
SUPER_9,23280000,76,4,3,83,35,41,5.571429
SUPER_9,23290000,0,1,0,1,0,0,1
SUPER_9,23300000,1,0,0,1,1,0,NaN
SUPER_9,23310000,1,0,0,1,0,1,NaN
SUPER_9,23320000,0,0,0,0,0,0,0
SUPER_9,23330000,0,0,0,0,0,0,0
SUPER_9,23340000,45,4,4,53,20,25,3.125
SUPER_9,23350000,191,15,10,216,93,98,22.92
SUPER_9,23360000,119,6,15,140,63,56,10.714286
SUPER_9,23370000,120,9,15,144,63,57,16.291666
SUPER_9,23380000,86,3,5,94,47,39,7.25
SUPER_9,23390000,140,8,14,162,76,64,8.590909
SUPER_9,23400000,102,8,10,120,56,46,5.7222223
SUPER_9,23410000,146,5,10,161,68,78,5.2
SUPER_9,23420000,101,2,6,109,63,38,2.75
SUPER_9,23430000,94,7,5,106,42,52,5
SUPER_9,23440000,0,0,0,0,0,0,0
SUPER_9,23450000,0,0,0,0,0,0,0
SUPER_9,23460000,43,5,1,49,18,25,6.1666665
SUPER_9,23470000,76,4,2,82,43,33,18.666666
SUPER_9,23480000,43,0,2,45,30,13,14
SUPER_9,23490000,37,4,2,43,13,24,80.666664
SUPER_9,23500000,90,9,8,107,47,43,6.7647057
SUPER_9,23510000,125,12,13,150,59,66,5.16
SUPER_9,23520000,145,9,13,167,77,68,3.5
SUPER_9,23530000,103,10,3,116,47,56,4.6923075
SUPER_9,23540000,55,4,8,67,24,31,3.25
SUPER_9,23550000,86,11,3,100,50,36,9
SUPER_9,23560000,0,0,0,0,0,0,0
SUPER_9,23570000,0,0,0,0,0,0,0
SUPER_9,23580000,164,15,10,189,78,86,25.12
SUPER_9,23590000,75,7,8,90,44,31,6.9333334
SUPER_9,23600000,88,4,9,101,45,43,4.6923075
SUPER_9,23610000,26,1,2,29,17,9,15
SUPER_9,23620000,51,6,3,60,26,25,4
SUPER_9,23630000,81,7,8,96,46,35,3.6666667
SUPER_9,23640000,148,14,13,175,90,58,17.074074
SUPER_9,23650000,116,6,8,130,67,49,28.785715
SUPER_9,23660000,106,5,7,118,57,49,7
SUPER_9,23670000,72,0,7,79,35,37,7.857143
SUPER_9,23680000,90,3,7,100,45,45,4.1
SUPER_9,23690000,55,7,6,68,27,28,4.1538463
SUPER_9,23700000,25,0,1,26,18,7,10
SUPER_9,23710000,92,8,6,106,45,47,2.4285715
SUPER_9,23720000,45,3,0,48,21,24,4.3333335
SUPER_9,23730000,13,5,1,19,10,3,5
SUPER_9,23740000,106,9,11,126,51,55,5.7
SUPER_9,23750000,66,3,5,74,34,32,12.625
SUPER_9,23760000,149,12,14,175,72,77,10.730769
SUPER_9,23770000,108,10,7,125,56,52,10.294118
SUPER_9,23780000,104,6,7,117,62,42,5
SUPER_9,23790000,121,11,13,145,59,62,9.25
SUPER_9,23800000,147,10,12,169,71,76,8.636364
SUPER_9,23810000,119,5,9,133,66,53,44.214287
SUPER_9,23820000,156,7,9,172,80,76,8.4375
SUPER_9,23830000,140,10,11,161,76,64,31.666666
SUPER_9,23840000,39,2,0,41,18,21,3
SUPER_9,23850000,92,5,7,104,50,42,20.333334
SUPER_9,23860000,126,9,8,143,65,61,10.176471
SUPER_9,23870000,128,5,9,142,74,54,22.714285
SUPER_9,23880000,120,12,9,141,51,69,9
SUPER_9,23890000,153,10,10,173,78,75,11.1
SUPER_9,23900000,171,12,8,191,81,90,9.3
SUPER_9,23910000,141,5,9,155,72,69,38.42857
SUPER_9,23920000,27,1,1,29,12,15,2
SUPER_9,23930000,5,0,1,6,4,1,1
SUPER_9,23940000,22,4,3,29,14,8,7.285714
SUPER_9,23950000,198,18,16,232,102,96,6
SUPER_9,23960000,98,8,10,116,49,49,10.277778
SUPER_9,23970000,3,1,0,4,3,0,16
SUPER_9,23980000,3,2,1,6,2,1,7.6666665
SUPER_9,23990000,24,0,1,25,11,13,1
SUPER_9,24000000,115,9,9,133,58,57,19.88889
SUPER_9,24010000,102,8,8,118,54,48,2.9375
SUPER_9,24020000,32,2,6,40,16,16,7
SUPER_9,24030000,83,2,7,92,36,47,5.888889
SUPER_9,24040000,76,4,8,88,36,40,2.4166667
SUPER_9,24050000,47,4,2,53,28,19,5.8333335
SUPER_9,24060000,168,14,12,194,91,77,4.1153846
SUPER_9,24070000,104,6,8,118,53,51,6.214286
SUPER_9,24080000,159,10,8,177,87,72,4.5
SUPER_9,24090000,176,8,14,198,94,82,2.7272727
SUPER_9,24100000,101,9,11,121,52,49,10.35
SUPER_9,24110000,94,9,4,107,50,44,5
SUPER_9,24120000,29,2,1,32,10,19,2.3333333
SUPER_9,24130000,63,2,3,68,28,35,6
SUPER_9,24140000,169,3,15,187,95,74,7.611111
SUPER_9,24150000,103,13,7,123,48,55,4.75
SUPER_9,24160000,2,0,0,2,0,2,NaN
SUPER_9,24170000,0,0,0,0,0,0,0
SUPER_9,24180000,0,0,0,0,0,0,0
SUPER_9,24190000,92,3,4,99,55,37,4
SUPER_9,24200000,100,2,10,112,52,48,7.9166665
SUPER_9,24210000,109,6,9,124,59,50,39
SUPER_9,24220000,175,22,11,208,82,93,4.7272725
SUPER_9,24230000,131,8,10,149,73,58,6.2777777
SUPER_9,24240000,62,3,3,68,39,23,9
SUPER_9,24250000,0,0,0,0,0,0,0
SUPER_9,24260000,0,0,0,0,0,0,0
SUPER_9,24270000,158,17,18,193,72,86,7.142857
SUPER_9,24280000,158,12,25,195,84,74,30.64865
SUPER_9,24290000,62,1,1,64,37,25,1.5
SUPER_9,24300000,87,7,10,104,47,40,10.411765
SUPER_9,24310000,25,1,3,29,13,12,9
SUPER_9,24320000,45,6,4,55,18,27,6.7
SUPER_9,24330000,125,9,6,140,53,72,5.733333
SUPER_9,24340000,27,1,3,31,15,12,7.75
SUPER_9,24350000,75,5,4,84,39,36,7.7777777
SUPER_9,24360000,161,9,15,185,77,84,14.541667
SUPER_9,24370000,89,7,6,102,47,42,20.615385
SUPER_9,24380000,97,6,7,110,42,55,7.1538463
SUPER_9,24390000,5,1,0,6,5,0,18
SUPER_9,24400000,2,0,0,2,1,1,NaN
SUPER_9,24410000,4,1,0,5,1,3,8
SUPER_9,24420000,1,0,0,1,0,1,NaN
SUPER_9,24430000,18,5,5,28,8,10,37
SUPER_9,24440000,160,8,9,177,89,71,17.705883
SUPER_9,24450000,135,17,9,161,73,62,5.730769
SUPER_9,24460000,95,12,7,114,43,52,21.421053
SUPER_9,24470000,53,4,5,62,32,21,16.666666
SUPER_9,24480000,97,6,11,114,48,49,5.647059
SUPER_9,24490000,1,0,0,1,0,1,NaN
SUPER_9,24500000,3,0,0,3,1,2,NaN
SUPER_9,24510000,116,4,9,129,57,59,28.307692
SUPER_9,24520000,109,7,7,123,53,56,2.642857
SUPER_9,24530000,139,11,7,157,67,72,2.8888888
SUPER_9,24540000,41,7,1,49,16,25,8.625
SUPER_9,24550000,122,4,6,132,52,70,4.5
SUPER_9,24560000,130,16,11,157,82,48,4.6666665
SUPER_9,24570000,51,5,3,59,27,24,4.125
SUPER_9,24580000,102,5,6,113,57,45,3.4545455
SUPER_9,24590000,84,8,10,102,41,43,4.2222223
SUPER_9,24600000,115,8,5,128,59,56,10
SUPER_9,24610000,22,2,1,25,9,13,6
SUPER_9,24620000,5,0,0,5,3,2,NaN
SUPER_9,24630000,84,10,7,101,43,41,12.294118
SUPER_9,24640000,89,8,1,98,37,52,2.7777777
SUPER_9,24650000,80,5,7,92,43,37,5.0833335
SUPER_9,24660000,101,3,6,110,53,48,8.333333
SUPER_9,24670000,76,6,7,89,33,43,5.230769
SUPER_9,24680000,82,4,4,90,38,44,11.625
SUPER_9,24690000,121,7,9,137,43,78,5.75
SUPER_9,24700000,102,14,12,128,50,52,5.1538463
SUPER_9,24710000,60,7,5,72,29,31,30.166666
SUPER_9,24720000,107,11,9,127,46,61,8.45
SUPER_9,24730000,89,6,9,104,52,37,8
SUPER_9,24740000,119,7,5,131,65,54,16.25
SUPER_9,24750000,47,3,3,53,20,27,16.833334
SUPER_9,24760000,90,9,12,111,36,54,7.571429
SUPER_9,24770000,65,3,7,75,37,28,3.5
SUPER_9,24780000,103,4,4,111,53,50,3.125
SUPER_9,24790000,160,13,10,183,90,70,3.9130435
SUPER_9,24800000,104,11,16,131,54,50,14.814815
SUPER_9,24810000,206,13,20,239,110,96,15.666667
SUPER_9,24820000,155,10,11,176,83,72,6
SUPER_9,24830000,11,0,1,12,7,4,4
SUPER_9,24840000,5,0,0,5,4,1,NaN
SUPER_9,24850000,6,0,1,7,4,2,1
SUPER_9,24860000,1,2,0,3,1,0,5
SUPER_9,24870000,66,3,6,75,32,34,21.11111
SUPER_9,24880000,71,7,5,83,29,42,48.833332
SUPER_9,24890000,62,1,2,65,32,30,24.666666
SUPER_9,24900000,115,12,10,137,64,51,12.363636
SUPER_9,24910000,49,3,3,55,28,21,8.333333
SUPER_9,24920000,35,6,1,42,19,16,2.7142856
SUPER_9,24930000,45,2,3,50,18,27,6.6
SUPER_9,24940000,42,4,5,51,22,20,4
SUPER_9,24950000,89,5,8,102,45,44,7.769231
SUPER_9,24960000,37,3,3,43,20,17,16.333334
SUPER_9,24970000,43,5,2,50,24,19,1.1428572
SUPER_9,24980000,54,1,8,63,23,31,4
SUPER_9,24990000,104,3,5,112,51,53,7.25
SUPER_9,25000000,62,3,10,75,25,37,6.3846154
SUPER_9,25010000,87,4,7,98,40,47,10.545455
SUPER_9,25020000,3,1,1,5,2,1,2.5
SUPER_9,25030000,141,5,6,152,67,74,7.4545455
SUPER_9,25040000,113,4,8,125,60,53,9.583333
SUPER_9,25050000,61,10,2,73,26,35,7.25
SUPER_9,25060000,144,9,8,161,82,62,6.529412
SUPER_9,25070000,79,9,11,99,37,42,13.65
SUPER_9,25080000,1,0,1,2,1,0,1
SUPER_9,25090000,89,5,12,106,33,56,7.529412
SUPER_9,25100000,70,2,6,78,39,31,1.875
SUPER_9,25110000,29,2,4,35,14,15,15.666667
SUPER_9,25120000,58,3,2,63,25,33,19
SUPER_9,25130000,74,7,5,86,30,44,7
SUPER_9,25140000,167,16,15,198,87,80,8.612904
SUPER_9,25150000,124,5,7,136,66,58,6.25
SUPER_9,25160000,171,12,9,192,92,79,8.333333
SUPER_9,25170000,185,18,15,218,99,86,6.909091
SUPER_9,25180000,55,7,4,66,26,29,7.909091
SUPER_9,25190000,1,0,0,1,1,0,NaN
SUPER_9,25200000,13,4,1,18,9,4,6.4
SUPER_9,25210000,2,0,0,2,1,1,NaN
SUPER_9,25220000,3,0,2,5,1,2,25
SUPER_9,25230000,147,9,6,162,75,72,5.5333333
SUPER_9,25240000,96,6,9,111,53,43,5.5333333
SUPER_9,25250000,2,0,1,3,1,1,1
SUPER_9,25260000,158,8,10,176,84,74,2.5555556
SUPER_9,25270000,154,12,12,178,78,76,20.75
SUPER_9,25280000,154,10,5,169,84,70,5.733333
SUPER_9,25290000,16,0,0,16,7,9,NaN
SUPER_9,25300000,3,0,0,3,2,1,NaN
SUPER_9,25310000,1,0,0,1,0,1,NaN
SUPER_9,25320000,2,0,0,2,0,2,NaN
SUPER_9,25330000,6,0,0,6,5,1,NaN
SUPER_9,25340000,90,13,9,112,48,42,6.590909
SUPER_9,25350000,175,14,6,195,84,91,5.5
SUPER_9,25360000,189,13,14,216,102,87,11.962963
SUPER_9,25370000,65,7,4,76,36,29,9.818182
SUPER_9,25380000,73,10,10,93,45,28,6.25
SUPER_9,25390000,129,9,7,145,75,54,32.9375
SUPER_9,25400000,120,14,4,138,73,47,4.6666665
SUPER_9,25410000,73,4,7,84,36,37,6.818182
SUPER_9,25420000,4,0,1,5,3,1,1
SUPER_9,25430000,53,4,3,60,30,23,12.285714
SUPER_9,25440000,13,3,0,16,4,9,3.3333333
SUPER_9,25450000,1,0,0,1,1,0,NaN
SUPER_9,25460000,45,5,5,55,22,23,8
SUPER_9,25470000,111,16,11,138,61,50,9.148149
SUPER_9,25480000,121,8,9,138,72,49,5.882353
SUPER_9,25490000,130,6,10,146,73,57,5.1875
SUPER_9,25500000,112,9,8,129,60,52,7.0588236
SUPER_9,25510000,71,8,8,87,33,38,2.9375
SUPER_9,25520000,116,9,9,134,62,54,32.555557
SUPER_9,25530000,30,3,2,35,17,13,5.2
SUPER_9,25540000,15,0,2,17,9,6,1.5
SUPER_9,25550000,101,9,6,116,52,49,4.4666667
SUPER_9,25560000,55,6,5,66,31,24,3.2727273
SUPER_9,25570000,41,4,4,49,20,21,8.125
SUPER_9,25580000,81,2,8,91,35,46,11.2
SUPER_9,25590000,210,15,14,239,107,103,5.827586
SUPER_9,25600000,13,1,0,14,5,8,11
SUPER_9,25610000,95,7,7,109,52,43,5.785714
SUPER_9,25620000,125,13,6,144,68,57,9.947369
SUPER_9,25630000,149,12,11,172,80,69,3.5217392
SUPER_9,25640000,159,16,9,184,80,79,8.16
SUPER_9,25650000,45,3,8,56,22,23,9.181818
SUPER_9,25660000,42,3,2,47,19,23,2.2
SUPER_9,25670000,115,6,6,127,48,67,3.1666667
SUPER_9,25680000,2,0,0,2,0,2,NaN
SUPER_9,25690000,0,0,0,0,0,0,0
SUPER_9,25700000,0,0,0,0,0,0,0
SUPER_9,25710000,68,2,4,74,39,29,1.5
SUPER_9,25720000,159,9,9,177,73,86,16.444445
SUPER_9,25730000,110,9,9,128,58,52,11.611111
SUPER_9,25740000,6,1,0,7,3,3,1
SUPER_9,25750000,0,0,0,0,0,0,0
SUPER_9,25760000,0,0,0,0,0,0,0
SUPER_9,25770000,100,8,5,113,47,53,6.3846154
SUPER_9,25780000,195,18,19,232,97,98,8.945946
SUPER_9,25790000,71,3,4,78,30,41,2.2857144
SUPER_9,25800000,2,0,0,2,2,0,NaN
SUPER_9,25810000,4,0,1,5,3,1,16
SUPER_9,25820000,1,0,0,1,0,1,NaN
SUPER_9,25830000,1,0,1,2,0,1,1
SUPER_9,25840000,1,0,0,1,0,1,NaN
SUPER_9,25850000,3,0,0,3,1,2,NaN
SUPER_9,25860000,2,0,0,2,2,0,NaN
SUPER_9,25870000,1,1,0,2,1,0,1
SUPER_9,25880000,89,5,2,96,45,44,3.857143
SUPER_9,25890000,103,7,5,115,54,49,2.75
SUPER_9,25900000,173,15,16,204,90,83,9.806452
SUPER_9,25910000,31,2,10,43,21,10,15.583333
SUPER_9,25920000,18,0,0,18,7,11,NaN
SUPER_9,25930000,99,7,3,109,50,49,9.5
SUPER_9,25940000,0,0,0,0,0,0,0
SUPER_9,25950000,0,0,0,0,0,0,0
SUPER_9,25960000,0,0,0,0,0,0,0
SUPER_9,25970000,0,0,0,0,0,0,0
SUPER_9,25980000,85,7,9,101,39,46,2.875
SUPER_9,25990000,136,10,11,157,67,69,6.7619047
SUPER_9,26000000,97,9,8,114,42,55,40.47059
SUPER_9,26010000,163,8,17,188,84,79,5.96
SUPER_9,26020000,154,8,16,178,69,85,4.7916665
SUPER_9,26030000,43,6,2,51,23,20,4.75
SUPER_9,26040000,101,8,11,120,56,45,17.68421
SUPER_9,26050000,147,12,14,173,84,63,5.076923
SUPER_9,26060000,1,0,2,3,0,1,1.5
SUPER_9,26070000,1,0,1,2,0,1,1
SUPER_9,26080000,59,4,3,66,36,23,7
SUPER_9,26090000,161,6,10,177,95,66,5.1875
SUPER_9,26100000,15,4,5,24,8,7,4
SUPER_9,26110000,1,0,0,1,1,0,NaN
SUPER_9,26120000,35,4,1,40,18,17,9
SUPER_9,26130000,77,5,7,89,36,41,7.5833335
SUPER_9,26140000,167,15,8,190,89,78,7.9130435
SUPER_9,26150000,103,4,13,120,64,39,13.411765
SUPER_9,26160000,160,11,4,175,82,78,3
SUPER_9,26170000,120,6,8,134,62,58,9.642858
SUPER_9,26180000,68,5,4,77,35,33,2.8888888
SUPER_9,26190000,230,9,10,249,100,130,10.473684
SUPER_9,26200000,97,5,2,104,51,46,4.714286
SUPER_9,26210000,43,3,3,49,19,24,9.833333
SUPER_9,26220000,86,8,10,104,34,52,4.5555553
SUPER_9,26230000,197,17,11,225,95,102,5.178571
SUPER_9,26240000,81,6,4,91,40,41,22.9
SUPER_9,26250000,243,13,20,276,103,140,21.484848
SUPER_9,26260000,145,5,6,156,80,65,4.818182
SUPER_9,26270000,37,0,1,38,24,13,1
SUPER_9,26280000,70,7,4,81,35,35,4.818182
SUPER_9,26290000,169,15,8,192,82,87,7
SUPER_9,26300000,167,19,17,203,90,77,5.3055553
SUPER_9,26310000,82,4,2,88,38,44,3
SUPER_9,26320000,6,5,0,11,3,3,8.8
SUPER_9,26330000,3,1,0,4,1,2,33
SUPER_9,26340000,0,0,0,0,0,0,0
SUPER_9,26350000,0,0,0,0,0,0,0
SUPER_9,26360000,8,0,1,9,5,3,189
SUPER_9,26370000,4,0,0,4,0,4,NaN
SUPER_9,26380000,2,2,1,5,1,1,1.6666666
SUPER_9,26390000,3,0,2,5,1,2,3.5
SUPER_9,26400000,2,1,0,3,0,2,1
SUPER_9,26410000,1,0,0,1,0,1,NaN
SUPER_9,26420000,24,1,1,26,7,17,1
SUPER_9,26430000,4,1,0,5,3,1,1
SUPER_9,26440000,94,3,9,106,47,47,13.666667
SUPER_9,26450000,69,4,6,79,34,35,7.4
SUPER_9,26460000,117,8,7,132,63,54,7.3333335
SUPER_9,26470000,130,13,12,155,70,60,4.92
SUPER_9,26480000,101,4,9,114,46,55,3.4615386
SUPER_9,26490000,79,4,5,88,28,51,3.5555556
SUPER_9,26500000,83,8,6,97,48,35,8.285714
SUPER_9,26510000,66,11,9,86,35,31,6.2
SUPER_9,26520000,58,5,4,67,30,28,3
SUPER_9,26530000,37,3,2,42,18,19,7.8
SUPER_9,26540000,25,1,3,29,13,12,15.75
SUPER_9,26550000,93,5,8,106,43,50,11.538462
SUPER_9,26560000,133,12,11,156,54,79,19.608696
SUPER_9,26570000,62,4,5,71,31,31,9.777778
SUPER_9,26580000,135,10,7,152,68,67,5.470588
SUPER_9,26590000,105,9,7,121,53,52,5.25
SUPER_9,26600000,23,4,2,29,12,11,4.5
SUPER_9,26610000,0,0,0,0,0,0,0
SUPER_9,26620000,0,0,0,0,0,0,0
SUPER_9,26630000,77,7,4,88,41,36,8.272727
SUPER_9,26640000,39,4,3,46,20,19,8.714286
SUPER_9,26650000,79,5,7,91,47,32,5.75
SUPER_9,26660000,114,8,5,127,61,53,6.076923
SUPER_9,26670000,66,7,3,76,32,34,18.8
SUPER_9,26680000,22,2,2,26,10,12,7.25
SUPER_9,26690000,82,6,4,92,43,39,7
SUPER_9,26700000,65,3,4,72,32,33,5.428571
SUPER_9,26710000,221,12,14,247,105,116,3.8846154
SUPER_9,26720000,159,14,8,181,82,77,7.318182
SUPER_9,26730000,95,9,11,115,43,52,14.45
SUPER_9,26740000,45,2,4,51,26,19,3.1666667
SUPER_9,26750000,159,15,17,191,79,80,58.5625
SUPER_9,26760000,139,9,14,162,71,68,8.304348
SUPER_9,26770000,177,8,8,193,88,89,4.9375
SUPER_9,26780000,50,6,3,59,24,26,12.444445
SUPER_9,26790000,30,4,3,37,13,17,35.57143
SUPER_9,26800000,1,1,0,2,1,0,1
SUPER_9,26810000,2,0,0,2,0,2,NaN
SUPER_9,26820000,27,4,2,33,12,15,9.166667
SUPER_9,26830000,147,15,11,173,75,72,7.0384617
SUPER_9,26840000,47,5,6,58,20,27,8.727273
SUPER_9,26850000,169,12,8,189,99,70,7.75
SUPER_9,26860000,116,15,7,138,55,61,6.5
SUPER_9,26870000,67,7,6,80,32,35,37.76923
SUPER_9,26880000,15,0,1,16,6,9,4
SUPER_9,26890000,133,4,9,146,81,52,34.76923
SUPER_9,26900000,81,1,5,87,47,34,6.1666665
SUPER_9,26910000,130,3,6,139,77,53,6.888889
SUPER_9,26920000,26,1,1,28,11,15,4.5
SUPER_9,26930000,48,3,2,53,23,25,6.2
SUPER_9,26940000,1,1,0,2,1,0,1
SUPER_9,26950000,1,0,1,2,1,0,12
SUPER_9,26960000,1,0,1,2,0,1,3
SUPER_9,26970000,94,4,7,105,56,38,5.818182
SUPER_9,26980000,29,4,2,35,16,13,4.3333335
SUPER_9,26990000,35,2,3,40,19,16,2.6
SUPER_9,27000000,213,11,14,238,107,106,19
SUPER_9,27010000,165,17,9,191,82,83,12.615385
SUPER_9,27020000,120,9,9,138,60,60,8.277778
SUPER_9,27030000,135,12,7,154,75,60,17.947369
SUPER_9,27040000,161,14,10,185,84,77,14.583333
SUPER_9,27050000,97,10,10,117,45,52,2.7
SUPER_9,27060000,127,7,9,143,61,66,16
SUPER_9,27070000,49,3,3,55,20,29,25.333334
SUPER_9,27080000,49,4,4,57,25,24,9.625
SUPER_9,27090000,131,9,11,151,64,67,19.65
SUPER_9,27100000,12,0,0,12,8,4,NaN
SUPER_9,27110000,16,0,2,18,8,8,9
SUPER_9,27120000,0,1,0,1,0,0,1
SUPER_9,27130000,1,0,1,2,1,0,312
SUPER_9,27140000,1,0,0,1,0,1,NaN
SUPER_9,27150000,11,5,0,16,6,5,3.4
SUPER_9,27160000,138,6,10,154,61,77,28.4375
SUPER_9,27170000,3,1,1,5,1,2,1.5
SUPER_9,27180000,26,1,0,27,13,13,1
SUPER_9,27190000,120,7,8,135,68,52,4.4
SUPER_9,27200000,147,11,5,163,78,69,13.75
SUPER_9,27210000,13,2,3,18,4,9,5.4
SUPER_9,27220000,8,0,1,9,3,5,1
SUPER_9,27230000,3,0,0,3,1,2,NaN
SUPER_9,27240000,25,3,1,29,13,12,6.5
SUPER_9,27250000,0,0,0,0,0,0,0
SUPER_9,27260000,0,0,0,0,0,0,0
SUPER_9,27270000,14,2,4,20,5,9,4.3333335
SUPER_9,27280000,110,9,7,126,49,61,3.9375
SUPER_9,27290000,140,9,11,160,73,67,14.2
SUPER_9,27300000,101,5,12,118,57,44,6.7058825
SUPER_9,27310000,1,0,1,2,0,1,1
SUPER_9,27320000,130,8,2,140,65,65,2
SUPER_9,27330000,189,9,11,209,91,98,8.25
SUPER_9,27340000,120,10,4,134,49,71,37
SUPER_9,27350000,112,12,8,132,59,53,4.65
SUPER_9,27360000,2,1,1,4,2,0,1
SUPER_9,27370000,103,8,1,112,60,43,10
SUPER_9,27380000,65,6,11,82,31,34,6.9411764
SUPER_9,27390000,120,9,14,143,58,62,11.956522
SUPER_9,27400000,96,3,12,111,53,43,10.866667
SUPER_9,27410000,6,1,2,9,4,2,3
SUPER_9,27420000,4,0,1,5,2,2,36
SUPER_9,27430000,63,2,4,69,35,28,8.333333
SUPER_9,27440000,17,0,2,19,4,13,5
SUPER_9,27450000,3,1,0,4,3,0,1
SUPER_9,27460000,99,6,10,115,53,46,12.625
SUPER_9,27470000,54,4,5,63,33,21,6.6666665
SUPER_9,27480000,33,5,2,40,20,13,7.428571
SUPER_9,27490000,2,0,0,2,0,2,NaN
SUPER_9,27500000,85,5,1,91,38,47,3.3333333
SUPER_9,27510000,82,8,9,99,46,36,10.882353
SUPER_9,27520000,21,3,1,25,7,14,1.75
SUPER_9,27530000,2,0,0,2,1,1,NaN
SUPER_9,27540000,3,0,0,3,2,1,NaN
SUPER_9,27550000,2,1,1,4,2,0,5.5
SUPER_9,27560000,3,1,1,5,3,0,1.5
SUPER_9,27570000,121,7,10,138,67,54,8.058824
SUPER_9,27580000,69,8,0,77,42,27,8.5
SUPER_9,27590000,32,4,3,39,16,16,11.571428
SUPER_9,27600000,55,5,3,63,25,30,3.375
SUPER_9,27610000,57,7,4,68,30,27,5.2727275
SUPER_9,27620000,131,5,15,151,71,60,10.8
SUPER_9,27630000,7,0,0,7,3,4,NaN
SUPER_9,27640000,148,15,9,172,70,78,6.3333335
SUPER_9,27650000,153,11,9,173,80,73,4.8
SUPER_9,27660000,159,9,14,182,89,70,8.173913
SUPER_9,27670000,174,11,11,196,88,86,5.3636365
SUPER_9,27680000,38,2,5,45,13,25,1.2857143
SUPER_9,27690000,41,6,4,51,22,19,32.7
SUPER_9,27700000,152,8,13,173,75,77,7.142857
SUPER_9,27710000,113,7,10,130,60,53,5.7058825
SUPER_9,27720000,114,12,8,134,51,63,1.45
SUPER_9,27730000,135,12,8,155,67,68,5.1
SUPER_9,27740000,98,3,10,111,53,45,4.923077
SUPER_9,27750000,4,0,0,4,1,3,NaN
SUPER_9,27760000,27,2,0,29,15,12,1
SUPER_9,27770000,57,5,5,67,29,28,1.8
SUPER_9,27780000,88,5,7,100,49,39,40.166668
SUPER_9,27790000,94,7,5,106,51,43,5.5
SUPER_9,27800000,18,5,2,25,8,10,5.285714
SUPER_9,27810000,0,1,0,1,0,0,2
SUPER_9,27820000,70,5,7,82,45,25,3.75
SUPER_9,27830000,166,8,13,187,83,83,4.142857
SUPER_9,27840000,189,9,9,207,93,96,7.3333335
SUPER_9,27850000,51,0,3,54,22,29,1.6666666
SUPER_9,27860000,106,13,5,124,63,43,6.7222223
SUPER_9,27870000,127,7,8,142,68,59,12.6
SUPER_9,27880000,63,5,4,72,43,20,7.2222223
SUPER_9,27890000,85,6,6,97,46,39,2.4166667
SUPER_9,27900000,140,15,13,168,64,76,16.178572
SUPER_9,27910000,115,9,11,135,58,57,33.55
SUPER_9,27920000,95,10,10,115,51,44,6.5
SUPER_9,27930000,134,13,14,161,66,68,6.5555553
SUPER_9,27940000,136,16,10,162,69,67,11.615385
SUPER_9,27950000,54,3,3,60,26,28,9.5
SUPER_9,27960000,48,4,5,57,28,20,3
SUPER_9,27970000,12,2,2,16,6,6,1.25
SUPER_9,27980000,82,8,5,95,39,43,3.6153846
SUPER_9,27990000,56,4,8,68,25,31,5.9166665
SUPER_9,28000000,47,4,3,54,21,26,15.142858
SUPER_9,28010000,34,4,1,39,13,21,8.2
SUPER_9,28020000,51,6,1,58,31,20,10
SUPER_9,28030000,79,7,8,94,41,38,14.866667
SUPER_9,28040000,105,14,9,128,61,44,11.826087
SUPER_9,28050000,56,2,4,62,31,25,8
SUPER_9,28060000,90,6,7,103,41,49,3.8461537
SUPER_9,28070000,201,17,17,235,103,98,9.794118
SUPER_9,28080000,156,6,20,182,78,78,26.961538
SUPER_9,28090000,114,9,8,131,56,58,5.8235292
SUPER_9,28100000,105,2,9,116,52,53,8.090909
SUPER_9,28110000,0,0,0,0,0,0,0
SUPER_9,28120000,0,0,0,0,0,0,0
SUPER_9,28130000,19,3,2,24,9,10,3.2
SUPER_9,28140000,116,5,10,131,54,62,8.133333
SUPER_9,28150000,8,1,0,9,7,1,3
SUPER_9,28160000,0,0,0,0,0,0,0
SUPER_9,28170000,0,0,0,0,0,0,0
SUPER_9,28180000,123,12,4,139,66,57,6.375
SUPER_9,28190000,96,9,7,112,42,54,3.625
SUPER_9,28200000,168,14,9,191,84,84,10
SUPER_9,28210000,72,3,4,79,41,31,5.142857
SUPER_9,28220000,91,10,4,105,36,55,3.0714285
SUPER_9,28230000,132,8,10,150,65,67,6.388889
SUPER_9,28240000,187,13,13,213,109,78,7.6538463
SUPER_9,28250000,160,15,8,183,87,73,5.3913045
SUPER_9,28260000,172,6,18,196,82,90,20.166666
SUPER_9,28270000,72,9,1,82,30,42,5
SUPER_9,28280000,20,1,0,21,13,7,1
SUPER_9,28290000,113,7,16,136,59,54,11
SUPER_9,28300000,20,3,0,23,9,11,7.6666665
SUPER_9,28310000,1,0,1,2,1,0,2
SUPER_9,28320000,1,0,0,1,1,0,NaN
SUPER_9,28330000,0,0,1,1,0,0,4
SUPER_9,28340000,3,0,2,5,1,2,5.5
SUPER_9,28350000,127,16,14,157,57,70,13.966666
SUPER_9,28360000,0,0,0,0,0,0,0
SUPER_9,28370000,0,0,0,0,0,0,0
SUPER_9,28380000,0,0,0,0,0,0,0
SUPER_9,28390000,0,0,0,0,0,0,0
SUPER_9,28400000,132,8,8,148,76,56,4.625
SUPER_9,28410000,152,7,5,164,81,71,38.583332
SUPER_9,28420000,156,10,9,175,91,65,5.3157897
SUPER_9,28430000,95,3,10,108,41,54,2.5384614
SUPER_9,28440000,175,12,10,197,101,74,9.272727
SUPER_9,28450000,114,9,12,135,54,60,8.476191
SUPER_9,28460000,115,5,12,132,60,55,25.294117
SUPER_9,28470000,126,14,6,146,75,51,5.45
SUPER_9,28480000,43,4,4,51,25,18,5.625
SUPER_9,28490000,141,14,12,167,68,73,22.192308
SUPER_9,28500000,33,5,6,44,16,17,3
SUPER_9,28510000,0,0,0,0,0,0,0
SUPER_9,28520000,0,0,0,0,0,0,0
SUPER_9,28530000,2,1,0,3,1,1,2
SUPER_9,28540000,127,9,8,144,76,51,4.8235292
SUPER_9,28550000,226,18,15,259,121,105,5.4242425
SUPER_9,28560000,98,8,9,115,46,52,8.058824
SUPER_9,28570000,221,20,13,254,125,96,10.636364
SUPER_9,28580000,7,1,0,8,2,5,2
SUPER_9,28590000,2,0,1,3,2,0,8
SUPER_9,28600000,104,10,10,124,51,53,5.9
SUPER_9,28610000,156,9,15,180,79,77,11.208333
SUPER_9,28620000,154,6,13,173,85,69,10.736842
SUPER_9,28630000,150,10,9,169,78,72,3.7368422
SUPER_9,28640000,101,10,6,117,56,45,11.875
SUPER_9,28650000,169,13,7,189,92,77,5.2
SUPER_9,28660000,5,0,1,6,3,2,3
SUPER_9,28670000,0,0,1,1,0,0,2
SUPER_9,28680000,0,0,0,0,0,0,0
SUPER_9,28690000,0,0,0,0,0,0,0
SUPER_9,28700000,6,0,0,6,4,2,NaN
SUPER_9,28710000,2,0,0,2,1,1,NaN
SUPER_9,28720000,0,0,0,0,0,0,0
SUPER_9,28730000,0,0,0,0,0,0,0
SUPER_9,28740000,4,2,0,6,1,3,1
SUPER_9,28750000,1,0,0,1,0,1,NaN
SUPER_9,28760000,2,0,0,2,1,1,NaN
SUPER_9,28770000,2,0,0,2,2,0,NaN
SUPER_9,28780000,3,0,0,3,0,3,NaN
SUPER_9,28790000,1,0,0,1,1,0,NaN
SUPER_9,28800000,0,0,0,0,0,0,0
SUPER_9,28810000,0,0,0,0,0,0,0
SUPER_9,28820000,35,1,1,37,21,14,1.5
SUPER_9,28830000,33,2,1,36,25,8,6.6666665
SUPER_9,28840000,0,0,0,0,0,0,0
SUPER_9,28850000,0,0,0,0,0,0,0
SUPER_9,28860000,311,17,16,344,166,145,12.333333
SUPER_9,28870000,189,16,11,216,109,80,9.555555
SUPER_9,28880000,105,2,7,114,47,58,2.7777777
SUPER_9,28890000,105,7,5,117,57,48,5.75
SUPER_9,28900000,61,1,4,66,32,29,10
SUPER_9,28910000,8,0,1,9,6,2,2
SUPER_9,28920000,99,8,10,117,49,50,7.888889
SUPER_9,28930000,54,6,3,63,33,21,7
SUPER_9,28940000,63,2,7,72,37,26,51.555557
SUPER_9,28950000,27,4,3,34,11,16,3.142857
SUPER_9,28960000,118,5,4,127,66,52,7.5555553
SUPER_9,28970000,176,6,7,189,86,90,3.2307692
SUPER_9,28980000,135,10,6,151,68,67,8.0625
SUPER_9,28990000,0,0,0,0,0,0,0
SUPER_9,29000000,0,0,0,0,0,0,0
SUPER_9,29010000,107,7,9,123,55,52,5.9375
SUPER_9,29020000,24,4,0,28,14,10,6.75
SUPER_9,29030000,11,0,0,11,6,5,NaN
SUPER_9,29040000,0,0,0,0,0,0,0
SUPER_9,29050000,0,0,0,0,0,0,0
SUPER_9,29060000,69,0,1,70,35,34,1
SUPER_9,29070000,3,1,1,5,1,2,1
SUPER_9,29080000,7,0,2,9,4,3,9
SUPER_9,29090000,4,2,1,7,2,2,1
SUPER_9,29100000,3,0,0,3,2,1,NaN
SUPER_9,29110000,60,1,1,62,27,33,4.5
SUPER_9,29120000,33,1,2,36,21,12,4.6666665
SUPER_9,29130000,132,15,15,162,67,65,10.733334
SUPER_9,29140000,67,7,5,79,28,39,3.0833333
SUPER_9,29150000,111,5,14,130,67,44,4.263158
SUPER_9,29160000,147,8,15,170,70,77,22.565218
SUPER_9,29170000,150,18,10,178,68,82,6.821429
SUPER_9,29180000,138,10,11,159,65,73,4.857143
SUPER_9,29190000,0,0,0,0,0,0,0
SUPER_9,29200000,0,0,0,0,0,0,0
SUPER_9,29210000,77,11,13,101,47,30,6.2916665
SUPER_9,29220000,77,10,8,95,43,34,4.7222223
SUPER_9,29230000,181,19,10,210,101,80,5.6551723
SUPER_9,29240000,88,4,2,94,40,48,5.8333335
SUPER_9,29250000,103,7,10,120,50,53,4.529412
SUPER_9,29260000,2,1,0,3,1,1,1
SUPER_9,29270000,74,2,2,78,32,42,1.25
SUPER_9,29280000,15,0,0,15,10,5,NaN
SUPER_9,29290000,32,2,2,36,15,17,3
SUPER_9,29300000,60,1,4,65,37,23,1.8
SUPER_9,29310000,52,0,12,64,30,22,8.583333
SUPER_9,29320000,90,2,5,97,57,33,7.857143
SUPER_9,29330000,129,10,8,147,69,60,18.166666
SUPER_9,29340000,81,2,3,86,50,31,2.6
SUPER_9,29350000,4,0,0,4,3,1,NaN
SUPER_9,29360000,6,2,0,8,2,4,1
SUPER_9,29370000,86,9,11,106,42,44,4.25
SUPER_9,29380000,41,2,4,47,19,22,12.666667
SUPER_9,29390000,15,2,3,20,10,5,24.6
SUPER_9,29400000,151,9,8,168,88,63,4.647059
SUPER_9,29410000,32,2,1,35,17,15,4.3333335
SUPER_9,29420000,110,2,9,121,61,49,6.6363635
SUPER_9,29430000,168,15,10,193,90,78,7.36
SUPER_9,29440000,1,3,0,4,1,0,7.6666665
SUPER_9,29450000,112,10,8,130,59,53,9.5
SUPER_9,29460000,2,2,0,4,1,1,1.5
SUPER_9,29470000,40,4,5,49,18,22,7
SUPER_9,29480000,0,1,0,1,0,0,1
SUPER_9,29490000,4,1,0,5,3,1,4
SUPER_9,29500000,0,0,0,0,0,0,0
SUPER_9,29510000,0,0,0,0,0,0,0
SUPER_9,29520000,3,1,0,4,2,1,1
SUPER_9,29530000,2,0,0,2,2,0,NaN
SUPER_9,29540000,0,0,0,0,0,0,0
SUPER_9,29550000,0,0,0,0,0,0,0
SUPER_9,29560000,50,1,6,57,28,22,13
SUPER_9,29570000,0,0,0,0,0,0,0
SUPER_9,29580000,0,0,0,0,0,0,0
SUPER_9,29590000,0,0,0,0,0,0,0
SUPER_9,29600000,122,15,6,143,66,56,6.857143
SUPER_9,29610000,88,8,7,103,44,44,10.4
SUPER_9,29620000,0,1,0,1,0,0,1
SUPER_9,29630000,7,0,0,7,3,4,NaN
SUPER_9,29640000,102,7,8,117,46,56,6.6
SUPER_9,29650000,129,15,11,155,67,62,6.076923
SUPER_9,29660000,120,12,11,143,65,55,4.6086955
SUPER_9,29670000,82,4,7,93,39,43,3.8181818
SUPER_9,29680000,115,7,8,130,59,56,2.5333333
SUPER_9,29690000,40,3,2,45,20,20,5.8
SUPER_9,29700000,110,5,9,124,57,53,5.071429
SUPER_9,29710000,61,2,4,67,29,32,10.833333
SUPER_9,29720000,136,7,10,153,78,58,3.5882354
SUPER_9,29730000,131,9,8,148,77,54,6.647059
SUPER_9,29740000,153,5,11,169,82,71,5
SUPER_9,29750000,37,4,3,44,17,20,3
SUPER_9,29760000,50,0,3,53,20,30,5
SUPER_9,29770000,27,1,0,28,10,17,15
SUPER_9,29780000,20,0,1,21,12,8,1
SUPER_9,29790000,5,2,0,7,4,1,1
SUPER_9,29800000,127,5,9,141,57,70,7.642857
SUPER_9,29810000,102,7,9,118,59,43,25.9375
SUPER_9,29820000,104,6,11,121,53,51,2.3529413
SUPER_9,29830000,136,13,6,155,62,74,12.263158
SUPER_9,29840000,69,6,5,80,38,31,6.6363635
SUPER_9,29850000,183,10,10,203,82,101,4.95
SUPER_9,29860000,0,0,2,2,0,0,1.5
SUPER_9,29870000,24,2,4,30,11,13,2.8333333
SUPER_9,29880000,25,4,4,33,9,16,6.5
SUPER_9,29890000,105,11,6,122,50,55,13.3529415
SUPER_9,29900000,129,14,11,154,62,67,2.92
SUPER_9,29910000,26,3,2,31,18,8,7.2
SUPER_9,29920000,144,9,8,161,70,74,4.7058825
SUPER_9,29930000,86,2,4,92,31,55,1.6666666
SUPER_9,29940000,42,5,3,50,19,23,5.625
SUPER_9,29950000,77,5,7,89,43,34,8
SUPER_9,29960000,88,4,4,96,47,41,4.375
SUPER_9,29970000,107,11,6,124,61,46,8.470589
SUPER_9,29980000,107,7,8,122,51,56,7.6
SUPER_9,29990000,109,8,9,126,65,44,2.8823528
SUPER_9,30000000,172,14,14,200,81,91,10.892858
SUPER_9,30010000,158,9,7,174,93,65,5.0625
SUPER_9,30020000,95,6,13,114,45,50,8.842105
SUPER_9,30030000,87,7,10,104,34,53,6.882353
SUPER_9,30040000,190,16,18,224,94,96,7.970588
SUPER_9,30050000,43,2,3,48,18,25,2
SUPER_9,30060000,118,6,12,136,56,62,7.388889
SUPER_9,30070000,138,9,7,154,71,67,3.25
SUPER_9,30080000,144,9,11,164,71,73,6.15
SUPER_9,30090000,121,9,5,135,57,64,7.357143
SUPER_9,30100000,116,8,4,128,67,49,13.5
SUPER_9,30110000,147,11,11,169,66,81,12.681818
SUPER_9,30120000,111,6,6,123,59,52,7.8333335
SUPER_9,30130000,118,11,10,139,44,74,16
SUPER_9,30140000,97,4,9,110,51,46,3.1538463
SUPER_9,30150000,110,6,7,123,71,39,5
SUPER_9,30160000,0,0,0,0,0,0,0
SUPER_9,30170000,0,0,0,0,0,0,0
SUPER_9,30180000,163,13,8,184,90,73,4.3809524
SUPER_9,30190000,43,1,7,51,26,17,41.75
SUPER_9,30200000,104,4,4,112,56,48,12.375
SUPER_9,30210000,51,4,1,56,25,26,5.6
SUPER_9,30220000,163,7,13,183,85,78,4.45
SUPER_9,30230000,29,4,3,36,19,10,18
SUPER_9,30240000,115,6,16,137,50,65,5.5
SUPER_9,30250000,123,9,5,137,67,56,6.357143
SUPER_9,30260000,85,10,6,101,38,47,33.375
SUPER_9,30270000,113,5,10,128,65,48,6
SUPER_9,30280000,179,11,9,199,97,82,6.2
SUPER_9,30290000,131,7,9,147,71,60,6.4375
SUPER_9,30300000,91,10,6,107,45,46,4.8125
SUPER_9,30310000,111,9,7,127,52,59,9.25
SUPER_9,30320000,140,16,7,163,83,57,7.347826
SUPER_9,30330000,72,9,5,86,37,35,2.857143
SUPER_9,30340000,39,4,5,48,22,17,7.4444447
SUPER_9,30350000,74,7,8,89,34,40,5.0666666
SUPER_9,30360000,119,14,14,147,65,54,9.214286
SUPER_9,30370000,114,17,11,142,61,53,9.142858
SUPER_9,30380000,133,12,12,157,63,70,5.9166665
SUPER_9,30390000,67,9,4,80,44,23,4.1538463
SUPER_9,30400000,13,1,2,16,7,6,2
SUPER_9,30410000,88,6,6,100,57,31,7.5
SUPER_9,30420000,62,1,5,68,29,33,17.833334
SUPER_9,30430000,242,7,15,264,117,125,8.409091
SUPER_9,30440000,210,17,14,241,105,105,6.129032
SUPER_9,30450000,146,4,12,162,82,64,4.8125
SUPER_9,30460000,104,6,7,117,49,55,3.8461537
SUPER_9,30470000,28,0,3,31,15,13,3
SUPER_9,30480000,149,5,10,164,73,76,5.4666667
SUPER_9,30490000,114,8,9,131,60,54,4.7058825
SUPER_9,30500000,15,1,2,18,3,12,5.3333335
SUPER_9,30510000,5,1,0,6,4,1,38
SUPER_9,30520000,2,0,0,2,0,2,NaN
SUPER_9,30530000,3,0,0,3,0,3,NaN
SUPER_9,30540000,83,1,2,86,41,42,5.3333335
SUPER_9,30550000,29,8,1,38,16,13,13
SUPER_9,30560000,80,6,6,92,33,47,4.3333335
SUPER_9,30570000,86,6,2,94,39,47,9
SUPER_9,30580000,77,4,4,85,34,43,2.625
SUPER_9,30590000,44,5,1,50,18,26,6.1666665
SUPER_9,30600000,5,0,0,5,3,2,NaN
SUPER_9,30610000,4,0,1,5,2,2,1
SUPER_9,30620000,2,0,0,2,2,0,NaN
SUPER_9,30630000,1,0,1,2,0,1,2
SUPER_9,30640000,24,0,2,26,11,13,8
SUPER_9,30650000,60,4,7,71,28,32,14.363636
SUPER_9,30660000,99,11,11,121,55,44,3.5454545
SUPER_9,30670000,104,9,14,127,47,57,13
SUPER_9,30680000,124,6,9,139,60,64,8.666667
SUPER_9,30690000,153,7,23,183,73,80,8.533334
SUPER_9,30700000,51,4,3,58,29,22,21.428572
SUPER_9,30710000,111,11,13,135,54,57,9.333333
SUPER_9,30720000,7,1,0,8,4,3,2
SUPER_9,30730000,1,0,0,1,0,1,NaN
SUPER_9,30740000,0,0,0,0,0,0,0
SUPER_9,30750000,0,0,0,0,0,0,0
SUPER_9,30760000,0,0,0,0,0,0,0
SUPER_9,30770000,59,2,3,64,29,30,15.4
SUPER_9,30780000,8,0,0,8,4,4,NaN
SUPER_9,30790000,3,0,1,4,2,1,1
SUPER_9,30800000,6,1,2,9,4,2,7.6666665
SUPER_9,30810000,3,0,0,3,2,1,NaN
SUPER_9,30820000,3,0,1,4,2,1,2
SUPER_9,30830000,3,0,0,3,1,2,NaN
SUPER_9,30840000,1,0,0,1,1,0,NaN
SUPER_9,30850000,2,0,2,4,0,2,2.5
SUPER_9,30860000,4,0,1,5,1,3,2
SUPER_9,30870000,92,5,4,101,53,39,8.111111
SUPER_9,30880000,119,14,8,141,65,54,6.2272725
SUPER_9,30890000,135,9,11,155,63,72,4.5
SUPER_9,30900000,99,10,7,116,55,44,6.2941175
SUPER_9,30910000,23,1,1,25,12,11,9.5
SUPER_9,30920000,199,14,19,232,109,90,7.3030305
SUPER_9,30930000,217,14,15,246,122,95,4.965517
SUPER_9,30940000,12,0,2,14,5,7,2.5
SUPER_9,30950000,109,10,2,121,58,51,7.8333335
SUPER_9,30960000,109,12,7,128,51,58,13.894737
SUPER_9,30970000,32,3,0,35,20,12,14.333333
SUPER_9,30980000,11,1,2,14,5,6,12.666667
SUPER_9,30990000,79,5,6,90,36,43,7.818182
SUPER_9,31000000,111,7,10,128,60,51,5.647059
SUPER_9,31010000,15,0,3,18,4,11,7.6666665
SUPER_9,31020000,91,7,9,107,54,37,9.3125
SUPER_9,31030000,126,11,15,152,61,65,14.615385
SUPER_9,31040000,24,2,2,28,12,12,1
SUPER_9,31050000,144,7,18,169,83,61,11.4
SUPER_9,31060000,57,3,5,65,18,39,4.875
SUPER_9,31070000,91,4,10,105,50,41,7
SUPER_9,31080000,158,20,16,194,83,75,18.833334
SUPER_9,31090000,160,10,10,180,83,77,5.6
SUPER_9,31100000,46,1,3,50,20,26,3.25
SUPER_9,31110000,158,18,22,198,89,69,18.85
SUPER_9,31120000,120,10,9,139,56,64,17.421053
SUPER_9,31130000,3,0,1,4,0,3,1
SUPER_9,31140000,9,0,5,14,6,3,1
SUPER_9,31150000,1,1,0,2,1,0,1
SUPER_9,31160000,28,3,2,33,11,17,14.2
SUPER_9,31170000,84,7,5,96,34,50,12
SUPER_9,31180000,0,1,0,1,0,0,2
SUPER_9,31190000,4,2,0,6,2,2,4
SUPER_9,31200000,1,0,1,2,0,1,11
SUPER_9,31210000,0,0,0,0,0,0,0
SUPER_9,31220000,0,0,0,0,0,0,0
SUPER_9,31230000,31,2,4,37,15,16,3.1666667
SUPER_9,31240000,124,17,5,146,57,67,3.4545455
SUPER_9,31250000,106,3,10,119,45,61,3.6153846
SUPER_9,31260000,113,14,11,138,59,54,7.84
SUPER_9,31270000,88,8,8,104,41,47,26.75
SUPER_9,31280000,72,5,7,84,33,39,4.25
SUPER_9,31290000,136,9,4,149,80,56,11.153846
SUPER_9,31300000,89,4,5,98,31,58,5.2222223
SUPER_9,31310000,121,17,6,144,60,61,7.0434785
SUPER_9,31320000,60,4,8,72,27,33,6.25
SUPER_9,31330000,34,3,3,40,19,15,8.166667
SUPER_9,31340000,10,1,1,12,6,4,5.5
SUPER_9,31350000,2,2,0,4,1,1,4.5
SUPER_9,31360000,11,0,0,11,6,5,NaN
SUPER_9,31370000,41,8,4,53,19,22,7.8333335
SUPER_9,31380000,83,3,5,91,47,36,25
SUPER_9,31390000,100,5,8,113,55,45,5.4615383
SUPER_9,31400000,76,3,3,82,37,39,8.833333
SUPER_9,31410000,16,3,2,21,11,5,2.6
SUPER_9,31420000,12,1,2,15,5,7,6
SUPER_9,31430000,68,3,8,79,35,33,6.181818
SUPER_9,31440000,52,4,9,65,19,33,2.6923077
SUPER_9,31450000,48,7,7,62,19,29,15.142858
SUPER_9,31460000,35,1,4,40,20,15,3
SUPER_9,31470000,23,2,3,28,8,15,3.4
SUPER_9,31480000,66,4,4,74,40,26,6.875
SUPER_9,31490000,171,18,25,214,78,93,15.627907
SUPER_9,31500000,88,5,6,99,43,45,6.7272725
SUPER_9,31510000,94,10,8,112,43,51,8.222222
SUPER_9,31520000,30,2,5,37,21,9,3.5714285
SUPER_9,31530000,46,3,2,51,29,17,12.8
SUPER_9,31540000,98,7,4,109,49,49,16
SUPER_9,31550000,38,3,2,43,19,19,1.4
SUPER_9,31560000,134,9,10,153,69,65,7.736842
SUPER_9,31570000,144,9,10,163,65,79,24.578947
SUPER_9,31580000,147,9,11,167,71,76,6.7
SUPER_9,31590000,90,6,8,104,49,41,5
SUPER_9,31600000,86,9,10,105,44,42,6.2105265
SUPER_9,31610000,210,19,22,251,108,102,13.878049
SUPER_9,31620000,92,2,12,106,37,55,30.214285
SUPER_9,31630000,1,0,0,1,1,0,NaN
SUPER_9,31640000,1,2,2,5,1,0,3.75
SUPER_9,31650000,20,1,2,23,7,13,16
SUPER_9,31660000,153,10,10,173,77,76,8.55
SUPER_9,31670000,152,11,3,166,91,61,3
SUPER_9,31680000,135,6,7,148,66,69,3.8461537
SUPER_9,31690000,96,5,4,105,52,44,3.8888888
SUPER_9,31700000,183,9,10,202,99,84,4.8421054
SUPER_9,31710000,118,7,6,131,61,57,10.384615
SUPER_9,31720000,63,7,7,77,41,22,7.214286
SUPER_9,31730000,164,10,17,191,80,84,22.11111
SUPER_9,31740000,190,11,12,213,103,87,8.391304
SUPER_9,31750000,65,8,0,73,27,38,5.375
SUPER_9,31760000,84,10,3,97,40,44,4.6153846
SUPER_9,31770000,28,3,0,31,16,12,8.333333
SUPER_9,31780000,86,10,5,101,38,48,5
SUPER_9,31790000,131,3,9,143,66,65,5.25
SUPER_9,31800000,89,8,10,107,45,44,5.2777777
SUPER_9,31810000,132,5,5,142,53,79,2.8
SUPER_9,31820000,135,6,20,161,62,73,8.538462
SUPER_9,31830000,236,16,11,263,138,98,10.296296
SUPER_9,31840000,54,3,5,62,26,28,15
SUPER_9,31850000,114,9,10,133,55,59,9.315789
SUPER_9,31860000,123,12,8,143,69,54,23.45
SUPER_9,31870000,81,5,10,96,41,40,4.0666666
SUPER_9,31880000,69,7,8,84,41,28,10.066667
SUPER_9,31890000,24,0,0,24,11,13,NaN
SUPER_9,31900000,91,2,3,96,32,59,5.8
SUPER_9,31910000,55,3,3,61,28,27,3.3333333
SUPER_9,31920000,90,5,5,100,48,42,3.5
SUPER_9,31930000,113,3,8,124,51,62,14.545455
SUPER_9,31940000,108,12,15,135,44,64,9
SUPER_9,31950000,68,3,4,75,33,35,8.285714
SUPER_9,31960000,45,3,10,58,25,20,5.923077
SUPER_9,31970000,133,15,10,158,69,64,19.08
SUPER_9,31980000,169,12,11,192,79,90,7.173913
SUPER_9,31990000,37,3,1,41,21,16,2.75
SUPER_9,32000000,73,4,3,80,29,44,8.285714
SUPER_9,32010000,95,8,10,113,44,51,7.1666665
SUPER_9,32020000,176,15,9,200,76,100,7.0416665
SUPER_9,32030000,63,12,6,81,35,28,3.5
SUPER_9,32040000,108,13,19,140,42,66,8.125
SUPER_9,32050000,75,9,8,92,42,33,5.8235292
SUPER_9,32060000,171,11,17,199,84,87,31.75
SUPER_9,32070000,91,7,9,107,49,42,13.75
SUPER_9,32080000,86,7,5,98,39,47,5.75
SUPER_9,32090000,160,11,14,185,83,77,19
SUPER_9,32100000,133,7,8,148,76,57,3.5333333
SUPER_9,32110000,114,3,8,125,56,58,17.09091
SUPER_9,32120000,70,6,4,80,35,35,9.2
SUPER_9,32130000,79,3,6,88,36,43,4.3333335
SUPER_9,32140000,103,10,7,120,48,55,5.0588236
SUPER_9,32150000,154,11,10,175,86,68,3
SUPER_9,32160000,61,4,5,70,32,29,6.5555553
SUPER_9,32170000,1,0,1,2,0,1,18
SUPER_9,32180000,67,2,6,75,32,35,4.625
SUPER_9,32190000,6,1,0,7,2,4,1
SUPER_9,32200000,31,3,2,36,15,16,1.8
SUPER_9,32210000,45,4,3,52,26,19,4.571429
SUPER_9,32220000,12,1,0,13,5,7,1
SUPER_9,32230000,2,0,2,4,2,0,2
SUPER_9,32240000,2,0,0,2,2,0,NaN
SUPER_9,32250000,3,0,0,3,2,1,NaN
SUPER_9,32260000,33,5,4,42,14,19,3.7777777
SUPER_9,32270000,0,0,0,0,0,0,0
SUPER_9,32280000,0,0,0,0,0,0,0
SUPER_9,32290000,0,0,0,0,0,0,0
SUPER_9,32300000,6,1,0,7,4,2,2
SUPER_9,32310000,2,0,0,2,2,0,NaN
SUPER_9,32320000,31,4,4,39,15,16,6
SUPER_9,32330000,170,14,9,193,73,97,12
SUPER_9,32340000,98,10,7,115,58,40,5.7058825
SUPER_9,32350000,57,12,8,77,24,33,6.45
SUPER_9,32360000,116,8,11,135,58,58,5.1578946
SUPER_9,32370000,156,16,16,188,76,80,7.84375
SUPER_9,32380000,109,3,10,122,57,52,6.5384617
SUPER_9,32390000,102,3,9,114,52,50,18.25
SUPER_9,32400000,152,18,11,181,76,76,5.3448277
SUPER_9,32410000,22,2,2,26,15,7,13
SUPER_9,32420000,57,2,4,63,32,25,26.166666
SUPER_9,32430000,97,9,4,110,55,42,6.4615383
SUPER_9,32440000,7,1,0,8,6,1,1
SUPER_9,32450000,64,2,5,71,33,31,2
SUPER_9,32460000,97,9,5,111,45,52,18.714285
SUPER_9,32470000,50,6,4,60,28,22,6.7
SUPER_9,32480000,48,1,0,49,23,25,12
SUPER_9,32490000,76,5,9,90,36,40,5.428571
SUPER_9,32500000,67,4,6,77,41,26,5
SUPER_9,32510000,40,0,0,40,21,19,NaN
SUPER_9,32520000,28,1,2,31,20,8,5.6666665
SUPER_9,32530000,61,4,3,68,32,29,8
SUPER_9,32540000,12,0,2,14,3,9,4
SUPER_9,32550000,72,11,9,92,31,41,9.45
SUPER_9,32560000,41,4,5,50,20,21,2.6666667
SUPER_9,32570000,3,0,2,5,2,1,3
SUPER_9,32580000,2,0,2,4,1,1,1
SUPER_9,32590000,1,1,0,2,0,1,1
SUPER_9,32600000,2,1,0,3,2,0,24
SUPER_9,32610000,0,1,0,1,0,0,2
SUPER_9,32620000,10,1,2,13,5,5,72
SUPER_9,32630000,76,4,6,86,36,40,3.4
SUPER_9,32640000,34,3,5,42,21,13,2.25
SUPER_9,32650000,2,0,0,2,2,0,NaN
SUPER_9,32660000,2,0,0,2,0,2,NaN
SUPER_9,32670000,1,0,0,1,0,1,NaN
SUPER_9,32680000,1,0,0,1,1,0,NaN
SUPER_9,32690000,1,0,0,1,0,1,NaN
SUPER_9,32700000,111,11,9,131,58,53,7.2
SUPER_9,32710000,108,12,9,129,44,64,7.4761906
SUPER_9,32720000,121,6,14,141,64,57,3.5
SUPER_9,32730000,4,0,0,4,2,2,NaN
SUPER_9,32740000,0,0,2,2,0,0,2
SUPER_9,32750000,2,0,0,2,1,1,NaN
SUPER_9,32760000,1,0,1,2,0,1,11
SUPER_9,32770000,3,1,1,5,2,1,4
SUPER_9,32780000,2,0,1,3,0,2,2
SUPER_9,32790000,5,0,0,5,2,3,NaN
SUPER_9,32800000,81,3,6,90,40,41,5.888889
SUPER_9,32810000,120,6,9,135,47,73,5.866667
SUPER_9,32820000,8,0,1,9,3,5,18
SUPER_9,32830000,89,6,7,102,50,39,13.307693
SUPER_9,32840000,108,5,6,119,54,54,7.2727275
SUPER_9,32850000,156,9,10,175,70,86,7.3157897
SUPER_9,32860000,13,0,2,15,6,7,1.5
SUPER_9,32870000,119,6,10,135,54,65,9.375
SUPER_9,32880000,4,0,0,4,1,3,NaN
SUPER_9,32890000,13,1,1,15,6,7,22.5
SUPER_9,32900000,61,3,3,67,34,27,4.5
SUPER_9,32910000,26,0,2,28,13,13,3.5
SUPER_9,32920000,29,1,2,32,11,18,26
SUPER_9,32930000,74,8,9,91,38,36,11
SUPER_9,32940000,2,0,1,3,0,2,4
SUPER_9,32950000,3,1,1,5,0,3,5
SUPER_9,32960000,0,0,0,0,0,0,0
SUPER_9,32970000,0,0,0,0,0,0,0
SUPER_9,32980000,22,0,0,22,10,12,NaN
SUPER_9,32990000,150,14,12,176,70,80,6.6153846
SUPER_9,33000000,116,12,11,139,56,60,4.652174
SUPER_9,33010000,81,4,13,98,38,43,8.411765
SUPER_9,33020000,125,9,16,150,70,55,8.8
SUPER_9,33030000,23,0,1,24,9,14,4
SUPER_9,33040000,9,2,0,11,3,6,12
SUPER_9,33050000,25,2,3,30,18,7,8
SUPER_9,33060000,35,5,4,44,18,17,6.5555553
SUPER_9,33070000,23,0,2,25,12,11,1
SUPER_9,33080000,64,3,9,76,33,31,9.583333
SUPER_9,33090000,78,1,9,88,43,35,4
SUPER_9,33100000,124,14,9,147,60,64,4.478261
SUPER_9,33110000,58,6,8,72,27,31,3.642857
SUPER_9,33120000,118,6,12,136,58,60,14.555555
SUPER_9,33130000,0,0,0,0,0,0,0
SUPER_9,33140000,0,0,0,0,0,0,0
SUPER_9,33150000,0,0,0,0,0,0,0
SUPER_9,33160000,78,5,10,93,32,46,5.266667
SUPER_9,33170000,1,1,1,3,1,0,5
SUPER_9,33180000,4,0,0,4,2,2,NaN
SUPER_9,33190000,33,5,1,39,19,14,3.3333333
SUPER_9,33200000,25,1,2,28,16,9,8.666667
SUPER_9,33210000,69,9,9,87,51,18,5.5
SUPER_9,33220000,72,8,6,86,33,39,2.2142856
SUPER_9,33230000,111,9,11,131,47,64,4.2
SUPER_9,33240000,96,8,4,108,57,39,5.1666665
SUPER_9,33250000,36,2,4,42,11,25,11.333333
SUPER_9,33260000,0,0,2,2,0,0,1
SUPER_9,33270000,81,4,8,93,41,40,70.5
SUPER_9,33280000,135,9,16,160,68,67,10.04
SUPER_9,33290000,109,9,11,129,50,59,30.15
SUPER_9,33300000,36,1,1,38,17,19,5.5
SUPER_9,33310000,95,10,5,110,45,50,5.0666666
SUPER_9,33320000,42,4,3,49,23,19,10.285714
SUPER_9,33330000,20,3,4,27,8,12,23.428572
SUPER_9,33340000,97,7,5,109,52,45,4
SUPER_9,33350000,120,10,5,135,54,66,5.733333
SUPER_9,33360000,52,4,4,60,28,24,6.25
SUPER_9,33370000,69,6,9,84,37,32,5.2
SUPER_9,33380000,64,3,9,76,37,27,4.3333335
SUPER_9,33390000,118,13,9,140,59,59,4.9545455
SUPER_9,33400000,78,8,5,91,48,30,6.3076925
SUPER_9,33410000,112,13,10,135,53,59,5.7391305
SUPER_9,33420000,112,6,8,126,55,57,8.857142
SUPER_9,33430000,50,4,3,57,20,30,28.428572
SUPER_9,33440000,82,4,4,90,33,49,1.75
SUPER_9,33450000,24,2,3,29,16,8,1.2
SUPER_9,33460000,70,8,5,83,41,29,9
SUPER_9,33470000,55,7,3,65,32,23,1.3
SUPER_9,33480000,93,7,6,106,43,50,29.923077
SUPER_9,33490000,114,15,13,142,58,56,7.214286
SUPER_9,33500000,66,10,4,80,38,28,4.857143
SUPER_9,33510000,9,0,0,9,4,5,NaN
SUPER_9,33520000,38,1,5,44,18,20,12
SUPER_9,33530000,67,5,3,75,36,31,2.625
SUPER_9,33540000,110,8,6,124,60,50,29.5
SUPER_9,33550000,2,0,0,2,1,1,NaN
SUPER_9,33560000,2,0,0,2,2,0,NaN
SUPER_9,33570000,106,13,13,132,51,55,9
SUPER_9,33580000,0,0,0,0,0,0,0
SUPER_9,33590000,0,0,0,0,0,0,0
SUPER_9,33600000,0,0,0,0,0,0,0
SUPER_9,33610000,0,0,0,0,0,0,0
SUPER_9,33620000,0,0,0,0,0,0,0
SUPER_9,33630000,124,10,11,145,65,59,10
SUPER_9,33640000,0,0,0,0,0,0,0
SUPER_9,33650000,0,0,0,0,0,0,0
SUPER_9,33660000,7,0,2,9,2,5,6
SUPER_9,33670000,0,1,2,3,0,0,1.3333334
SUPER_9,33680000,0,1,0,1,0,0,5
SUPER_9,33690000,2,0,0,2,1,1,NaN
SUPER_9,33700000,19,3,1,23,10,9,2.5
SUPER_9,33710000,103,7,7,117,53,50,8.214286
SUPER_9,33720000,15,3,6,24,5,10,4.7777777
SUPER_9,33730000,50,5,4,59,26,24,5.5555553
SUPER_9,33740000,103,8,11,122,56,47,8
SUPER_9,33750000,74,5,7,86,30,44,4.0833335
SUPER_9,33760000,54,5,3,62,33,21,5.125
SUPER_9,33770000,47,8,1,56,22,25,2.4444444
SUPER_9,33780000,25,5,4,34,16,9,5.3333335
SUPER_9,33790000,89,4,6,99,39,50,26.7
SUPER_9,33800000,75,9,8,92,31,44,3.1764705
SUPER_9,33810000,9,0,1,10,2,7,8
SUPER_9,33820000,79,5,8,92,40,39,2.0769231
SUPER_9,33830000,68,6,5,79,31,37,30.90909
SUPER_9,33840000,44,5,4,53,22,22,9.666667
SUPER_9,33850000,37,5,3,45,28,9,4.75
SUPER_9,33860000,85,5,8,98,41,44,20.615385
SUPER_9,33870000,179,16,11,206,83,96,13.555555
SUPER_9,33880000,35,4,3,42,15,20,5.285714
SUPER_9,33890000,12,2,2,16,6,6,4.25
SUPER_9,33900000,36,5,6,47,20,16,3.2727273
SUPER_9,33910000,63,5,4,72,32,31,14.111111
SUPER_9,33920000,51,5,5,61,23,28,7.8
SUPER_9,33930000,75,5,7,87,42,33,8.583333
SUPER_9,33940000,13,1,1,15,5,8,7.5
SUPER_9,33950000,19,2,1,22,10,9,2.3333333
SUPER_9,33960000,27,8,0,35,15,12,5
SUPER_9,33970000,41,6,4,51,19,22,15.9
SUPER_9,33980000,22,6,5,33,8,14,7.4545455
SUPER_9,33990000,30,4,12,46,18,12,7.1875
SUPER_9,34000000,3,1,0,4,1,2,9
SUPER_9,34010000,39,5,4,48,23,16,3.5555556
SUPER_9,34020000,27,1,4,32,9,18,4
SUPER_9,34030000,46,2,1,49,27,19,15
SUPER_9,34040000,39,5,3,47,17,22,7.875
SUPER_9,34050000,16,4,2,22,10,6,2
SUPER_9,34060000,18,2,1,21,6,12,4.6666665
SUPER_9,34070000,16,2,1,19,9,7,3.3333333
SUPER_9,34080000,19,3,1,23,8,11,82
SUPER_9,34090000,15,0,1,16,8,7,1
SUPER_9,34100000,8,1,0,9,5,3,51
SUPER_9,34110000,17,5,1,23,9,8,6.3333335
SUPER_9,34120000,11,0,1,12,7,4,1
SUPER_9,34130000,26,0,4,30,8,18,1.25
SUPER_9,34140000,32,3,0,35,18,14,8
SUPER_9,34150000,31,4,2,37,19,12,2.6666667
SUPER_9,34160000,13,3,3,19,4,9,8.5
SUPER_9,34170000,62,3,6,71,36,26,9.666667
SUPER_9,34180000,20,3,2,25,10,10,15.2
SUPER_9,34190000,41,2,6,49,20,21,9.625
SUPER_9,34200000,52,4,4,60,21,31,6.625
SUPER_9,34210000,57,2,8,67,32,25,13.1
SUPER_9,34220000,26,1,4,31,13,13,4.6
SUPER_9,34230000,26,1,2,29,13,13,19.666666
SUPER_9,34240000,29,1,5,35,16,13,67.166664
SUPER_9,34250000,34,4,1,39,11,23,7.2
SUPER_9,34260000,17,1,2,20,9,8,9.666667
SUPER_9,34270000,93,11,8,112,39,54,5.368421
SUPER_9,34280000,7,3,0,10,2,5,4.6666665
SUPER_9,34290000,15,1,3,19,10,5,2.25
SUPER_9,34300000,15,0,2,17,9,6,22.5
SUPER_9,34310000,28,1,2,31,13,15,2.6666667
SUPER_9,34320000,17,1,2,20,11,6,3
SUPER_9,34330000,12,1,0,13,9,3,44
SUPER_9,34340000,19,2,1,22,9,10,5.3333335
SUPER_9,34350000,17,0,0,17,10,7,NaN
SUPER_9,34360000,16,2,0,18,5,11,4
SUPER_9,34370000,15,0,1,16,9,6,1
SUPER_9,34380000,14,0,0,14,4,10,NaN
SUPER_9,34390000,19,2,1,22,12,7,5
SUPER_9,34400000,18,2,3,23,10,8,10.2
SUPER_9,34410000,16,2,2,20,8,8,6.5
SUPER_9,34420000,10,1,0,11,5,5,1
SUPER_9,34430000,19,0,0,19,10,9,NaN
SUPER_9,34440000,12,1,0,13,7,5,1
SUPER_9,34450000,13,2,1,16,4,9,4
SUPER_9,34460000,19,2,1,22,9,10,1.3333334
SUPER_9,34470000,15,3,2,20,9,6,2.4
SUPER_9,34480000,21,1,0,22,16,5,1
SUPER_9,34490000,31,2,2,35,17,14,2.25
SUPER_9,34500000,21,1,0,22,10,11,1
SUPER_9,34510000,12,0,0,12,6,6,NaN
SUPER_9,34520000,2,0,0,2,1,1,NaN
SUPER_9,34530000,11,2,1,14,5,6,8.333333
SUPER_9,34540000,10,2,2,14,7,3,37.5
SUPER_9,34550000,13,4,0,17,6,7,3.5
SUPER_9,34560000,17,2,4,23,8,9,7.1666665
SUPER_9,34570000,20,1,1,22,6,14,1.5
SUPER_9,34580000,4,0,0,4,2,2,NaN
SUPER_9,34590000,19,3,0,22,13,6,1.6666666
SUPER_9,34600000,15,1,3,19,9,6,13.25
SUPER_9,34610000,9,3,3,15,2,7,69.166664
SUPER_9,34620000,0,1,1,2,0,0,2
SUPER_9,34630000,1,0,0,1,1,0,NaN
SUPER_9,34640000,14,2,1,17,8,6,4.3333335
SUPER_9,34650000,16,2,1,19,12,4,2.6666667
SUPER_9,34660000,3,1,0,4,3,0,1
SUPER_9,34670000,0,0,0,0,0,0,0
SUPER_9,34680000,0,0,0,0,0,0,0
SUPER_9,34690000,0,0,0,0,0,0,0
SUPER_9,34700000,0,0,0,0,0,0,0
SUPER_9,34710000,0,0,0,0,0,0,0
SUPER_9,34720000,1,1,1,3,0,1,1
SUPER_9,34730000,22,2,2,26,14,8,4.5
SUPER_9,34740000,0,0,1,1,0,0,1
SUPER_9,34750000,22,0,0,22,16,6,NaN
SUPER_9,34760000,31,1,1,33,21,10,1.5
SUPER_9,34770000,3,0,1,4,2,1,1
SUPER_9,34780000,73,4,2,79,58,15,2.6666667
SUPER_9,34790000,65,3,0,68,41,24,7
SUPER_9,34800000,88,1,0,89,59,29,1
SUPER_9,34810000,26,0,0,26,18,8,NaN
SUPER_9,34820000,0,1,1,2,0,0,1.5
SUPER_9,34830000,8,1,0,9,4,4,1
SUPER_9,34840000,43,1,0,44,35,8,1
SUPER_10,10000,16,2,2,20,14,2,1.25
SUPER_10,20000,14,0,0,14,11,3,NaN
SUPER_10,30000,9,0,0,9,7,2,NaN
SUPER_10,40000,2,0,0,2,1,1,NaN
SUPER_10,50000,44,0,1,45,33,11,1
SUPER_10,60000,33,3,2,38,25,8,7.2
SUPER_10,70000,1,0,0,1,1,0,NaN
SUPER_10,80000,25,1,1,27,16,9,5
SUPER_10,90000,23,0,1,24,12,11,3
SUPER_10,100000,0,0,0,0,0,0,0
SUPER_10,110000,0,0,0,0,0,0,0
SUPER_10,120000,12,1,0,13,7,5,1
SUPER_10,130000,125,10,15,150,59,66,13.04
SUPER_10,140000,47,3,8,58,21,26,8.363636
SUPER_10,150000,0,0,0,0,0,0,0
SUPER_10,160000,0,0,0,0,0,0,0
SUPER_10,170000,71,3,7,81,33,38,4.6
SUPER_10,180000,70,5,11,86,28,42,3.8125
SUPER_10,190000,55,1,8,64,33,22,6.888889
SUPER_10,200000,60,6,2,68,35,25,10
SUPER_10,210000,69,2,3,74,46,23,6.8
SUPER_10,220000,25,2,0,27,11,14,8.5
SUPER_10,230000,53,3,4,60,24,29,3.5714285
SUPER_10,240000,9,1,3,13,5,4,4.75
SUPER_10,250000,38,1,5,44,20,18,3.6666667
SUPER_10,260000,29,0,3,32,14,15,3.6666667
SUPER_10,270000,54,7,4,65,26,28,5.2727275
SUPER_10,280000,0,0,0,0,0,0,0
SUPER_10,290000,0,0,0,0,0,0,0
SUPER_10,300000,46,1,6,53,29,17,2.2857144
SUPER_10,310000,66,4,8,78,33,33,7.6666665
SUPER_10,320000,1,0,0,1,1,0,NaN
SUPER_10,330000,45,3,4,52,26,19,42.285713
SUPER_10,340000,48,1,2,51,33,15,8.333333
SUPER_10,350000,11,1,0,12,4,7,30
SUPER_10,360000,5,1,0,6,3,2,8
SUPER_10,370000,14,1,2,17,4,10,1.6666666
SUPER_10,380000,33,2,1,36,18,15,9.333333
SUPER_10,390000,15,6,0,21,10,5,5.8333335
SUPER_10,400000,12,1,2,15,6,6,3
SUPER_10,410000,6,1,0,7,3,3,1
SUPER_10,420000,31,2,4,37,18,13,16.333334
SUPER_10,430000,25,1,1,27,14,11,17
SUPER_10,440000,3,0,0,3,3,0,NaN
SUPER_10,450000,22,3,2,27,9,13,2.6
SUPER_10,460000,40,5,2,47,14,26,6.714286
SUPER_10,470000,38,3,5,46,13,25,7.375
SUPER_10,480000,43,3,2,48,26,17,3.6
SUPER_10,490000,52,9,3,64,29,23,20
SUPER_10,500000,58,4,0,62,30,28,13.75
SUPER_10,510000,6,1,0,7,3,3,1
SUPER_10,520000,103,8,11,122,57,46,12.105263
SUPER_10,530000,78,13,12,103,31,47,5.48
SUPER_10,540000,85,8,4,97,45,40,3.3333333
SUPER_10,550000,17,1,2,20,4,13,7.3333335
SUPER_10,560000,10,1,2,13,3,7,1
SUPER_10,570000,17,2,1,20,10,7,1.6666666
SUPER_10,580000,69,4,9,82,34,35,19.076923
SUPER_10,590000,47,2,1,50,26,21,104.333336
SUPER_10,600000,15,0,1,16,7,8,24
SUPER_10,610000,17,2,3,22,9,8,8.4
SUPER_10,620000,59,4,2,65,33,26,2.3333333
SUPER_10,630000,24,3,5,32,12,12,2
SUPER_10,640000,50,2,5,57,25,25,4
SUPER_10,650000,70,1,5,76,39,31,3.6666667
SUPER_10,660000,52,1,2,55,29,23,25.666666
SUPER_10,670000,37,2,1,40,23,14,1
SUPER_10,680000,46,6,2,54,24,22,2.75
SUPER_10,690000,97,3,8,108,39,58,7.818182
SUPER_10,700000,137,10,11,158,73,64,26.761906
SUPER_10,710000,88,4,6,98,48,40,9.9
SUPER_10,720000,61,6,6,73,32,29,5.1666665
SUPER_10,730000,116,8,13,137,56,60,9.523809
SUPER_10,740000,78,5,3,86,46,32,9.5
SUPER_10,750000,98,5,13,116,49,49,7.2777777
SUPER_10,760000,166,8,22,196,92,74,17.666666
SUPER_10,770000,20,1,3,24,6,14,7.75
SUPER_10,780000,4,1,1,6,0,4,2
SUPER_10,790000,1,0,4,5,1,0,12
SUPER_10,800000,1,0,0,1,0,1,NaN
SUPER_10,810000,4,0,0,4,2,2,NaN
SUPER_10,820000,2,0,0,2,2,0,NaN
SUPER_10,830000,0,0,0,0,0,0,0
SUPER_10,840000,0,0,0,0,0,0,0
SUPER_10,850000,113,5,7,125,54,59,72
SUPER_10,860000,192,10,12,214,100,92,14.818182
SUPER_10,870000,54,3,3,60,30,24,5.1666665
SUPER_10,880000,85,6,3,94,38,47,7.888889
SUPER_10,890000,128,11,7,146,61,67,10.277778
SUPER_10,900000,24,3,2,29,12,12,4.6
SUPER_10,910000,32,2,4,38,14,18,7.6666665
SUPER_10,920000,23,5,1,29,10,13,22.333334
SUPER_10,930000,55,6,3,64,25,30,6.6666665
SUPER_10,940000,97,8,8,113,56,41,20.75
SUPER_10,950000,96,7,8,111,58,38,7.0666666
SUPER_10,960000,154,13,12,179,71,83,10.88
SUPER_10,970000,64,0,5,69,40,24,18.6
SUPER_10,980000,130,6,6,142,74,56,3.3333333
SUPER_10,990000,134,7,10,151,80,54,10.529411
SUPER_10,1000000,10,0,0,10,7,3,NaN
SUPER_10,1010000,72,6,3,81,42,30,10.444445
SUPER_10,1020000,12,1,1,14,7,5,5
SUPER_10,1030000,4,0,0,4,0,4,NaN
SUPER_10,1040000,2,0,0,2,1,1,NaN
SUPER_10,1050000,52,1,10,63,26,26,68.181816
SUPER_10,1060000,68,2,5,75,39,29,14.428572
SUPER_10,1070000,123,8,8,139,67,56,3.625
SUPER_10,1080000,37,0,3,40,23,14,2.3333333
SUPER_10,1090000,115,9,7,131,58,57,9.375
SUPER_10,1100000,110,7,4,121,55,55,5.2727275
SUPER_10,1110000,7,2,2,11,5,2,18.25
SUPER_10,1120000,4,1,0,5,2,2,5
SUPER_10,1130000,4,1,0,5,2,2,1
SUPER_10,1140000,1,0,0,1,1,0,NaN
SUPER_10,1150000,4,2,0,6,4,0,1.5
SUPER_10,1160000,1,0,0,1,0,1,NaN
SUPER_10,1170000,1,1,0,2,1,0,3
SUPER_10,1180000,1,0,0,1,0,1,NaN
SUPER_10,1190000,0,0,1,1,0,0,2
SUPER_10,1200000,1,0,1,2,1,0,1
SUPER_10,1210000,1,0,0,1,0,1,NaN
SUPER_10,1220000,1,0,1,2,0,1,1
SUPER_10,1230000,1,1,0,2,1,0,1
SUPER_10,1240000,3,1,0,4,2,1,17
SUPER_10,1250000,2,1,0,3,1,1,1
SUPER_10,1260000,4,0,0,4,3,1,NaN
SUPER_10,1270000,2,1,0,3,1,1,1
SUPER_10,1280000,1,0,0,1,1,0,NaN
SUPER_10,1290000,2,0,1,3,2,0,112
SUPER_10,1300000,3,0,1,4,2,1,2
SUPER_10,1310000,2,0,0,2,0,2,NaN
SUPER_10,1320000,0,0,0,0,0,0,0
SUPER_10,1330000,0,0,0,0,0,0,0
SUPER_10,1340000,3,0,2,5,0,3,1
SUPER_10,1350000,2,1,0,3,2,0,1
SUPER_10,1360000,0,0,0,0,0,0,0
SUPER_10,1370000,0,0,0,0,0,0,0
SUPER_10,1380000,7,1,0,8,5,2,1
SUPER_10,1390000,0,3,0,3,0,0,10.666667
SUPER_10,1400000,1,0,0,1,1,0,NaN
SUPER_10,1410000,3,0,2,5,1,2,2.5
SUPER_10,1420000,2,0,0,2,2,0,NaN
SUPER_10,1430000,2,0,0,2,1,1,NaN
SUPER_10,1440000,1,0,0,1,1,0,NaN
SUPER_10,1450000,2,0,0,2,0,2,NaN
SUPER_10,1460000,1,1,2,4,1,0,7
SUPER_10,1470000,0,1,0,1,0,0,1
SUPER_10,1480000,1,0,1,2,0,1,1
SUPER_10,1490000,1,0,1,2,1,0,4
SUPER_10,1500000,0,1,0,1,0,0,2
SUPER_10,1510000,2,0,0,2,1,1,NaN
SUPER_10,1520000,0,0,0,0,0,0,0
SUPER_10,1530000,0,0,0,0,0,0,0
SUPER_10,1540000,0,0,0,0,0,0,0
SUPER_10,1550000,0,0,0,0,0,0,0
SUPER_10,1560000,6,1,0,7,4,2,1
SUPER_10,1570000,1,0,0,1,0,1,NaN
SUPER_10,1580000,0,0,1,1,0,0,2
SUPER_10,1590000,2,1,0,3,1,1,2
SUPER_10,1600000,1,0,0,1,1,0,NaN
SUPER_10,1610000,3,0,0,3,3,0,NaN
SUPER_10,1620000,1,1,0,2,0,1,1
SUPER_10,1630000,2,1,1,4,1,1,13
SUPER_10,1640000,1,0,0,1,1,0,NaN
SUPER_10,1650000,2,0,0,2,2,0,NaN
SUPER_10,1660000,3,0,0,3,1,2,NaN
SUPER_10,1670000,0,0,1,1,0,0,24
SUPER_10,1680000,1,0,0,1,1,0,NaN
SUPER_10,1690000,1,1,0,2,0,1,1
SUPER_10,1700000,1,1,0,2,0,1,1
SUPER_10,1710000,24,0,6,30,11,13,17.166666
SUPER_10,1720000,3,1,1,5,1,2,4
SUPER_10,1730000,3,0,0,3,0,3,NaN
SUPER_10,1740000,1,3,0,4,0,1,1
SUPER_10,1750000,1,0,0,1,1,0,NaN
SUPER_10,1760000,2,0,1,3,1,1,2
SUPER_10,1770000,4,1,1,6,2,2,1
SUPER_10,1780000,2,0,0,2,1,1,NaN
SUPER_10,1790000,54,7,4,65,24,30,4.909091
SUPER_10,1800000,59,7,4,70,31,28,6.909091
SUPER_10,1810000,88,5,9,102,43,45,7.071429
SUPER_10,1820000,100,11,7,118,51,49,9.944445
SUPER_10,1830000,131,9,18,158,61,70,6.740741
SUPER_10,1840000,59,9,4,72,32,27,5.1538463
SUPER_10,1850000,107,5,12,124,53,54,18.235294
SUPER_10,1860000,70,4,3,77,38,32,10.142858
SUPER_10,1870000,125,16,7,148,61,64,8.565217
SUPER_10,1880000,35,1,6,42,14,21,7.142857
SUPER_10,1890000,104,8,2,114,58,46,7.2
SUPER_10,1900000,133,8,19,160,63,70,4.4074073
SUPER_10,1910000,85,11,5,101,48,37,7.0625
SUPER_10,1920000,18,1,2,21,7,11,7
SUPER_10,1930000,2,0,0,2,1,1,NaN
SUPER_10,1940000,3,0,1,4,2,1,1
SUPER_10,1950000,1,0,0,1,1,0,NaN
SUPER_10,1960000,60,10,3,73,31,29,4.3076925
SUPER_10,1970000,57,6,6,69,32,25,7.4166665
SUPER_10,1980000,113,6,10,129,57,56,18.75
SUPER_10,1990000,97,5,6,108,53,44,10.363636
SUPER_10,2000000,128,13,12,153,61,67,8.36
SUPER_10,2010000,123,5,9,137,54,69,4.857143
SUPER_10,2020000,101,4,5,110,59,42,5.7777777
SUPER_10,2030000,91,12,7,110,41,50,5.0526314
SUPER_10,2040000,64,1,8,73,33,31,3.7777777
SUPER_10,2050000,111,8,10,129,49,62,11.555555
SUPER_10,2060000,161,10,17,188,79,82,12.296296
SUPER_10,2070000,71,4,5,80,43,28,3.8888888
SUPER_10,2080000,147,10,8,165,74,73,29.88889
SUPER_10,2090000,108,7,8,123,69,39,3.2
SUPER_10,2100000,110,7,9,126,51,59,5.5
SUPER_10,2110000,220,14,17,251,98,122,6.129032
SUPER_10,2120000,90,8,13,111,51,39,19.571428
SUPER_10,2130000,127,7,13,147,74,53,8.4
SUPER_10,2140000,81,5,13,99,36,45,2.5
SUPER_10,2150000,177,19,17,213,96,81,7.6666665
SUPER_10,2160000,143,8,7,158,70,73,7.266667
SUPER_10,2170000,86,8,6,100,40,46,2.4285715
SUPER_10,2180000,112,11,4,127,44,68,9.933333
SUPER_10,2190000,5,1,0,6,2,3,1
SUPER_10,2200000,23,2,1,26,9,14,9
SUPER_10,2210000,25,1,2,28,11,14,4.3333335
SUPER_10,2220000,21,1,1,23,13,8,7
SUPER_10,2230000,33,3,2,38,15,18,22.4
SUPER_10,2240000,172,5,7,184,88,84,15.5
SUPER_10,2250000,137,9,15,161,71,66,4.1666665
SUPER_10,2260000,105,8,12,125,51,54,5.35
SUPER_10,2270000,214,13,10,237,113,101,8.478261
SUPER_10,2280000,166,20,16,202,95,71,6.75
SUPER_10,2290000,121,13,8,142,57,64,6.2380953
SUPER_10,2300000,165,7,10,182,69,96,7.0588236
SUPER_10,2310000,119,9,11,139,68,51,15
SUPER_10,2320000,118,10,12,140,70,48,9.636364
SUPER_10,2330000,150,8,12,170,73,77,14.8
SUPER_10,2340000,146,6,14,166,76,70,32
SUPER_10,2350000,35,2,2,39,16,19,3.25
SUPER_10,2360000,89,8,15,112,46,43,3.0434783
SUPER_10,2370000,57,7,6,70,27,30,16.461538
SUPER_10,2380000,76,6,5,87,37,39,1.9090909
SUPER_10,2390000,182,10,9,201,98,84,5.4736843
SUPER_10,2400000,78,7,7,92,42,36,3.7857144
SUPER_10,2410000,51,4,7,62,31,20,2.3636363
SUPER_10,2420000,84,6,10,100,34,50,6
SUPER_10,2430000,136,12,13,161,74,62,7.96
SUPER_10,2440000,101,11,6,118,43,58,6.7647057
SUPER_10,2450000,66,7,6,79,33,33,1.9230769
SUPER_10,2460000,139,7,12,158,68,71,8.842105
SUPER_10,2470000,133,7,12,152,68,65,26.473684
SUPER_10,2480000,51,1,1,53,24,27,21.5
SUPER_10,2490000,117,12,11,140,53,64,8.478261
SUPER_10,2500000,10,1,2,13,6,4,9
SUPER_10,2510000,4,0,0,4,2,2,NaN
SUPER_10,2520000,157,16,13,186,74,83,16.655172
SUPER_10,2530000,114,4,7,125,59,55,6
SUPER_10,2540000,128,9,5,142,62,66,25.214285
SUPER_10,2550000,113,7,9,129,50,63,6.5625
SUPER_10,2560000,62,3,5,70,28,34,17
SUPER_10,2570000,206,23,11,240,93,113,8.264706
SUPER_10,2580000,0,0,0,0,0,0,0
SUPER_10,2590000,0,0,0,0,0,0,0
SUPER_10,2600000,217,12,9,238,107,110,4.5238094
SUPER_10,2610000,80,6,2,88,43,37,8
SUPER_10,2620000,167,13,7,187,82,85,6.75
SUPER_10,2630000,4,0,0,4,1,3,NaN
SUPER_10,2640000,1,3,1,5,1,0,4.5
SUPER_10,2650000,2,0,0,2,1,1,NaN
SUPER_10,2660000,3,0,1,4,2,1,1
SUPER_10,2670000,3,0,0,3,2,1,NaN
SUPER_10,2680000,18,1,2,21,7,11,10
SUPER_10,2690000,84,3,7,94,43,41,3.3
SUPER_10,2700000,132,10,10,152,61,71,41.1
SUPER_10,2710000,107,3,6,116,57,50,5
SUPER_10,2720000,28,4,0,32,17,11,5
SUPER_10,2730000,99,3,3,105,55,44,1.3333334
SUPER_10,2740000,69,9,7,85,34,35,4.3125
SUPER_10,2750000,2,0,1,3,1,1,1
SUPER_10,2760000,164,12,14,190,72,92,10.730769
SUPER_10,2770000,171,9,19,199,90,81,9.035714
SUPER_10,2780000,62,3,2,67,32,30,7
SUPER_10,2790000,4,0,1,5,2,2,1
SUPER_10,2800000,118,8,15,141,51,67,32.52174
SUPER_10,2810000,53,4,4,61,25,28,4.5
SUPER_10,2820000,160,4,11,175,83,77,15.8
SUPER_10,2830000,186,21,14,221,97,89,3.4
SUPER_10,2840000,142,5,9,156,73,69,7.714286
SUPER_10,2850000,94,6,11,111,47,47,9.3529415
SUPER_10,2860000,119,5,8,132,57,62,10.076923
SUPER_10,2870000,112,6,5,123,59,53,7.6363635
SUPER_10,2880000,179,16,13,208,81,98,4.6551723
SUPER_10,2890000,59,7,5,71,30,29,3.75
SUPER_10,2900000,141,7,15,163,74,67,5.4545455
SUPER_10,2910000,183,13,10,206,105,78,15.217391
SUPER_10,2920000,125,3,3,131,69,56,2.6666667
SUPER_10,2930000,69,5,3,77,30,39,8.5
SUPER_10,2940000,111,6,6,123,67,44,18.5
SUPER_10,2950000,53,6,4,63,23,30,4.5
SUPER_10,2960000,1,0,1,2,0,1,1
SUPER_10,2970000,1,0,0,1,1,0,NaN
SUPER_10,2980000,15,4,2,21,7,8,5
SUPER_10,2990000,30,1,4,35,12,18,6.6
SUPER_10,3000000,113,6,17,136,59,54,7.9565215
SUPER_10,3010000,73,5,9,87,37,36,3.2857144
SUPER_10,3020000,97,8,12,117,50,47,8.5
SUPER_10,3030000,104,1,11,116,47,57,8.166667
SUPER_10,3040000,125,14,11,150,56,69,3.12
SUPER_10,3050000,141,14,14,169,72,69,19.428572
SUPER_10,3060000,75,3,4,82,41,34,2.7142856
SUPER_10,3070000,135,10,13,158,73,62,10.521739
SUPER_10,3080000,40,1,4,45,22,18,5.8
SUPER_10,3090000,24,1,4,29,13,11,15.4
SUPER_10,3100000,138,10,12,160,75,63,5.2272725
SUPER_10,3110000,123,13,8,144,67,56,10.476191
SUPER_10,3120000,138,7,10,155,59,79,7.7058825
SUPER_10,3130000,157,13,13,183,71,86,8.538462
SUPER_10,3140000,123,6,18,147,51,72,15.916667
SUPER_10,3150000,86,6,7,99,44,42,3.6923077
SUPER_10,3160000,199,6,16,221,102,97,2.8181818
SUPER_10,3170000,51,3,3,57,22,29,4.3333335
SUPER_10,3180000,83,3,6,92,48,35,5.6666665
SUPER_10,3190000,133,12,12,157,64,69,13.791667
SUPER_10,3200000,74,5,11,90,32,42,18.5
SUPER_10,3210000,110,4,7,121,60,50,35
SUPER_10,3220000,113,6,7,126,60,53,10.307693
SUPER_10,3230000,113,15,6,134,58,55,3.9047618
SUPER_10,3240000,30,9,4,43,16,14,4.3076925
SUPER_10,3250000,1,0,0,1,0,1,NaN
SUPER_10,3260000,47,4,2,53,28,19,4.1666665
SUPER_10,3270000,1,1,0,2,1,0,1
SUPER_10,3280000,1,0,0,1,0,1,NaN
SUPER_10,3290000,3,0,1,4,2,1,24
SUPER_10,3300000,2,1,0,3,1,1,3
SUPER_10,3310000,215,10,14,239,95,120,21.875
SUPER_10,3320000,85,6,7,98,41,44,4.6153846
SUPER_10,3330000,76,6,4,86,41,35,4.9
SUPER_10,3340000,46,4,7,57,15,31,7.909091
SUPER_10,3350000,147,5,4,156,69,78,6.6666665
SUPER_10,3360000,106,6,13,125,54,52,20.578947
SUPER_10,3370000,31,1,2,34,19,12,1.6666666
SUPER_10,3380000,0,0,0,0,0,0,0
SUPER_10,3390000,0,0,0,0,0,0,0
SUPER_10,3400000,203,17,16,236,110,93,5.757576
SUPER_10,3410000,85,7,10,102,35,50,3.4117646
SUPER_10,3420000,104,6,6,116,40,64,3.1666667
SUPER_10,3430000,165,7,8,180,65,100,9.266666
SUPER_10,3440000,88,2,8,98,44,44,9.5
SUPER_10,3450000,124,8,6,138,67,57,3.2142856
SUPER_10,3460000,66,9,14,89,30,36,30.173914
SUPER_10,3470000,128,17,7,152,75,53,9.916667
SUPER_10,3480000,108,6,8,122,53,55,4.071429
SUPER_10,3490000,118,12,11,141,60,58,9.565217
SUPER_10,3500000,94,5,10,109,46,48,17.8
SUPER_10,3510000,110,8,10,128,54,56,6.8333335
SUPER_10,3520000,0,0,0,0,0,0,0
SUPER_10,3530000,0,0,0,0,0,0,0
SUPER_10,3540000,131,10,11,152,66,65,12.285714
SUPER_10,3550000,3,0,0,3,3,0,NaN
SUPER_10,3560000,31,0,2,33,15,16,4.5
SUPER_10,3570000,50,3,2,55,27,23,11.6
SUPER_10,3580000,16,2,3,21,12,4,44
SUPER_10,3590000,71,3,6,80,31,40,6.888889
SUPER_10,3600000,32,5,3,40,17,15,14.125
SUPER_10,3610000,2,0,0,2,0,2,NaN
SUPER_10,3620000,82,11,6,99,48,34,6.647059
SUPER_10,3630000,98,10,8,116,45,53,5.2777777
SUPER_10,3640000,121,16,6,143,62,59,5.2272725
SUPER_10,3650000,86,10,7,103,48,38,12.235294
SUPER_10,3660000,99,12,10,121,50,49,4.681818
SUPER_10,3670000,89,8,11,108,52,37,7.0526314
SUPER_10,3680000,12,0,1,13,6,6,1
SUPER_10,3690000,3,0,0,3,2,1,NaN
SUPER_10,3700000,1,0,0,1,1,0,NaN
SUPER_10,3710000,0,0,0,0,0,0,0
SUPER_10,3720000,0,0,0,0,0,0,0
SUPER_10,3730000,6,2,1,9,5,1,1
SUPER_10,3740000,40,8,4,52,20,20,9.916667
SUPER_10,3750000,144,9,7,160,71,73,6.875
SUPER_10,3760000,119,8,7,134,63,56,12.333333
SUPER_10,3770000,184,18,12,214,93,91,4.5333333
SUPER_10,3780000,101,10,10,121,46,55,6.35
SUPER_10,3790000,47,3,2,52,26,21,4.2
SUPER_10,3800000,80,5,7,92,43,37,6.1666665
SUPER_10,3810000,149,13,10,172,71,78,7.173913
SUPER_10,3820000,95,7,4,106,48,47,3.909091
SUPER_10,3830000,79,2,6,87,51,28,3.5
SUPER_10,3840000,102,6,8,116,45,57,3.642857
SUPER_10,3850000,174,17,10,201,77,97,7.5185184
SUPER_10,3860000,146,11,18,175,69,77,6.3103447
SUPER_10,3870000,146,20,12,178,80,66,13.40625
SUPER_10,3880000,56,8,5,69,25,31,2.9230769
SUPER_10,3890000,2,1,0,3,1,1,1
SUPER_10,3900000,2,0,0,2,0,2,NaN
SUPER_10,3910000,1,0,0,1,0,1,NaN
SUPER_10,3920000,8,0,1,9,2,6,26
SUPER_10,3930000,1,3,0,4,1,0,1.3333334
SUPER_10,3940000,2,0,0,2,0,2,NaN
SUPER_10,3950000,2,0,1,3,0,2,1
SUPER_10,3960000,2,1,2,5,0,2,13
SUPER_10,3970000,9,0,1,10,7,2,17
SUPER_10,3980000,3,0,1,4,0,3,1
SUPER_10,3990000,23,2,2,27,11,12,7.25
SUPER_10,4000000,87,8,13,108,47,40,8.571428
SUPER_10,4010000,112,5,12,129,61,51,4.0588236
SUPER_10,4020000,126,4,9,139,61,65,11.692307
SUPER_10,4030000,113,10,13,136,47,66,9.347826
SUPER_10,4040000,98,9,24,131,35,63,5.5757575
SUPER_10,4050000,76,7,7,90,34,42,4.928571
SUPER_10,4060000,126,11,9,146,62,64,9.9
SUPER_10,4070000,15,0,0,15,4,11,NaN
SUPER_10,4080000,3,0,0,3,1,2,NaN
SUPER_10,4090000,2,1,1,4,0,2,3.5
SUPER_10,4100000,1,1,0,2,0,1,4
SUPER_10,4110000,1,0,0,1,0,1,NaN
SUPER_10,4120000,55,4,2,61,28,27,4
SUPER_10,4130000,132,7,8,147,82,50,4.5333333
SUPER_10,4140000,168,18,13,199,88,80,24.096775
SUPER_10,4150000,154,14,8,176,72,82,5.2727275
SUPER_10,4160000,112,1,12,125,62,50,7.3076925
SUPER_10,4170000,83,6,3,92,34,49,34.77778
SUPER_10,4180000,67,7,5,79,26,41,8.916667
SUPER_10,4190000,93,10,11,114,46,47,4.428571
SUPER_10,4200000,1,1,0,2,0,1,11
SUPER_10,4210000,6,0,0,6,4,2,NaN
SUPER_10,4220000,20,4,1,25,11,9,6.8
SUPER_10,4230000,117,16,11,144,64,53,7.888889
SUPER_10,4240000,154,15,17,186,58,96,3.90625
SUPER_10,4250000,56,2,5,63,28,28,2.4285715
SUPER_10,4260000,33,2,4,39,15,18,3.3333333
SUPER_10,4270000,155,10,11,176,77,78,9.857142
SUPER_10,4280000,107,10,12,129,44,63,5.181818
SUPER_10,4290000,28,1,1,30,11,17,1.5
SUPER_10,4300000,158,10,11,179,72,86,7.3809524
SUPER_10,4310000,143,9,16,168,65,78,6.36
SUPER_10,4320000,76,3,3,82,38,38,5.3333335
SUPER_10,4330000,1,0,0,1,1,0,NaN
SUPER_10,4340000,0,0,0,0,0,0,0
SUPER_10,4350000,0,0,0,0,0,0,0
SUPER_10,4360000,134,15,4,153,57,77,2.2105262
SUPER_10,4370000,160,12,11,183,84,76,6.173913
SUPER_10,4380000,142,15,9,166,87,55,5.6666665
SUPER_10,4390000,40,5,1,46,31,9,8.5
SUPER_10,4400000,4,0,0,4,3,1,NaN
SUPER_10,4410000,2,1,0,3,1,1,4
SUPER_10,4420000,17,0,0,17,9,8,NaN
SUPER_10,4430000,111,10,7,128,56,55,3.4705882
SUPER_10,4440000,94,7,12,113,50,44,27.157894
SUPER_10,4450000,4,0,0,4,2,2,NaN
SUPER_10,4460000,43,4,2,49,24,19,14.833333
SUPER_10,4470000,168,7,9,184,78,90,7.5625
SUPER_10,4480000,167,16,11,194,86,81,3.3333333
SUPER_10,4490000,66,3,3,72,41,25,8.833333
SUPER_10,4500000,1,0,0,1,1,0,NaN
SUPER_10,4510000,43,0,2,45,24,19,13
SUPER_10,4520000,73,3,6,82,34,39,34.88889
SUPER_10,4530000,72,3,6,81,41,31,7
SUPER_10,4540000,19,1,2,22,13,6,1.3333334
SUPER_10,4550000,187,12,7,206,101,86,6.368421
SUPER_10,4560000,163,15,18,196,73,90,5.6666665
SUPER_10,4570000,103,12,10,125,56,47,7.2272725
SUPER_10,4580000,24,5,2,31,12,12,5.285714
SUPER_10,4590000,11,1,1,13,7,4,2.5
SUPER_10,4600000,28,3,2,33,15,13,3
SUPER_10,4610000,48,2,10,60,25,23,6
SUPER_10,4620000,89,12,14,115,50,39,7.1538463
SUPER_10,4630000,94,9,9,112,55,39,8.166667
SUPER_10,4640000,48,7,1,56,24,24,7.125
SUPER_10,4650000,90,8,2,100,47,43,10.8
SUPER_10,4660000,75,7,2,84,39,36,10
SUPER_10,4670000,40,1,4,45,22,18,92.6
SUPER_10,4680000,77,6,17,100,40,37,14.217391
SUPER_10,4690000,185,15,15,215,99,86,9.533334
SUPER_10,4700000,113,15,11,139,62,51,17.26923
SUPER_10,4710000,170,10,18,198,89,81,7.964286
SUPER_10,4720000,110,12,3,125,62,48,6.6
SUPER_10,4730000,139,8,7,154,70,69,6.4666667
SUPER_10,4740000,121,8,12,141,64,57,23.1
SUPER_10,4750000,56,5,5,66,31,25,6.9
SUPER_10,4760000,88,5,6,99,51,37,6.090909
SUPER_10,4770000,73,7,5,85,41,32,7.5
SUPER_10,4780000,86,4,7,97,51,35,35.18182
SUPER_10,4790000,143,13,11,167,70,73,5.7083335
SUPER_10,4800000,96,4,6,106,50,46,7.8
SUPER_10,4810000,65,8,5,78,27,38,7.6923075
SUPER_10,4820000,125,8,7,140,74,51,4.8
SUPER_10,4830000,18,0,0,18,10,8,NaN
SUPER_10,4840000,1,0,0,1,0,1,NaN
SUPER_10,4850000,3,0,0,3,1,2,NaN
SUPER_10,4860000,3,0,0,3,1,2,NaN
SUPER_10,4870000,2,0,1,3,1,1,2
SUPER_10,4880000,71,6,3,80,43,28,8.222222
SUPER_10,4890000,49,6,2,57,28,21,3.25
SUPER_10,4900000,35,5,0,40,21,14,3
SUPER_10,4910000,88,5,8,101,42,46,4.4615383
SUPER_10,4920000,79,8,1,88,35,44,12.111111
SUPER_10,4930000,82,7,5,94,44,38,3.8333333
SUPER_10,4940000,59,6,7,72,26,33,5.769231
SUPER_10,4950000,112,6,6,124,60,52,10.166667
SUPER_10,4960000,64,9,7,80,33,31,9.125
SUPER_10,4970000,100,13,6,119,52,48,4.631579
SUPER_10,4980000,28,3,7,38,13,15,9.5
SUPER_10,4990000,136,12,6,154,67,69,4.3333335
SUPER_10,5000000,2,0,1,3,2,0,11
SUPER_10,5010000,3,0,1,4,2,1,1
SUPER_10,5020000,121,14,10,145,64,57,6.0416665
SUPER_10,5030000,89,5,7,101,47,42,12.333333
SUPER_10,5040000,63,4,3,70,30,33,2.857143
SUPER_10,5050000,120,3,10,133,51,69,3.8461537
SUPER_10,5060000,0,0,0,0,0,0,0
SUPER_10,5070000,0,0,0,0,0,0,0
SUPER_10,5080000,42,1,2,45,25,17,31
SUPER_10,5090000,48,5,3,56,31,17,4.875
SUPER_10,5100000,12,1,3,16,4,8,2
SUPER_10,5110000,45,4,4,53,19,26,3.25
SUPER_10,5120000,34,5,3,42,18,16,8.5
SUPER_10,5130000,73,2,5,80,36,37,4.285714
SUPER_10,5140000,35,5,9,49,17,18,3.5
SUPER_10,5150000,59,9,8,76,26,33,6.882353
SUPER_10,5160000,135,11,16,162,61,74,5.9259257
SUPER_10,5170000,87,8,9,104,45,42,5.2941175
SUPER_10,5180000,45,3,2,50,21,24,5.8
SUPER_10,5190000,36,5,3,44,19,17,4.5
SUPER_10,5200000,148,13,9,170,79,69,16.181818
SUPER_10,5210000,116,9,11,136,45,71,5.9
SUPER_10,5220000,105,10,5,120,58,47,5.133333
SUPER_10,5230000,128,9,7,144,67,61,8.5625
SUPER_10,5240000,168,7,13,188,76,92,10.6
SUPER_10,5250000,84,8,6,98,43,41,9.5
SUPER_10,5260000,137,7,9,153,58,79,5.9375
SUPER_10,5270000,183,16,18,217,94,89,15.882353
SUPER_10,5280000,127,6,8,141,67,60,15.928572
SUPER_10,5290000,38,4,0,42,19,19,6
SUPER_10,5300000,65,1,5,71,29,36,5.6666665
SUPER_10,5310000,1,1,0,2,0,1,1
SUPER_10,5320000,63,4,4,71,29,34,9.5
SUPER_10,5330000,95,8,7,110,53,42,4.133333
SUPER_10,5340000,75,8,4,87,36,39,5
SUPER_10,5350000,85,8,2,95,39,46,6.8
SUPER_10,5360000,152,6,13,171,75,77,7.6842103
SUPER_10,5370000,107,7,2,116,48,59,11.777778
SUPER_10,5380000,106,7,5,118,54,52,3
SUPER_10,5390000,0,0,1,1,0,0,1
SUPER_10,5400000,87,6,14,107,45,42,14.9
SUPER_10,5410000,113,8,8,129,59,54,5.8125
SUPER_10,5420000,84,6,4,94,28,56,8.2
SUPER_10,5430000,153,12,13,178,83,70,7.04
SUPER_10,5440000,130,12,14,156,71,59,10.807693
SUPER_10,5450000,130,7,11,148,62,68,4.7777777
SUPER_10,5460000,130,13,11,154,64,66,26.833334
SUPER_10,5470000,57,4,2,63,21,36,5.5
SUPER_10,5480000,52,4,7,63,25,27,5.3636365
SUPER_10,5490000,35,8,4,47,18,17,5.6666665
SUPER_10,5500000,117,18,7,142,66,51,6.28
SUPER_10,5510000,49,4,4,57,23,26,2.875
SUPER_10,5520000,52,6,4,62,25,27,5.8
SUPER_10,5530000,32,6,2,40,18,14,5.625
SUPER_10,5540000,2,0,0,2,2,0,NaN
SUPER_10,5550000,4,1,0,5,0,4,8
SUPER_10,5560000,0,2,0,2,0,0,1
SUPER_10,5570000,1,0,0,1,0,1,NaN
SUPER_10,5580000,2,0,0,2,0,2,NaN
SUPER_10,5590000,0,1,1,2,0,0,2.5
SUPER_10,5600000,7,1,2,10,3,4,3
SUPER_10,5610000,106,9,7,122,47,59,11.625
SUPER_10,5620000,52,4,3,59,24,28,5.285714
SUPER_10,5630000,98,4,10,112,42,56,5.5
SUPER_10,5640000,89,12,8,109,58,31,5
SUPER_10,5650000,131,11,10,152,68,63,9.904762
SUPER_10,5660000,86,10,9,105,48,38,6.0526314
SUPER_10,5670000,115,10,12,137,60,55,6.818182
SUPER_10,5680000,1,0,0,1,1,0,NaN
SUPER_10,5690000,3,0,1,4,2,1,151
SUPER_10,5700000,1,0,0,1,1,0,NaN
SUPER_10,5710000,1,0,0,1,1,0,NaN
SUPER_10,5720000,1,0,1,2,0,1,1
SUPER_10,5730000,1,0,0,1,1,0,NaN
SUPER_10,5740000,0,1,0,1,0,0,2
SUPER_10,5750000,4,0,0,4,2,2,NaN
SUPER_10,5760000,9,0,2,11,1,8,5
SUPER_10,5770000,39,1,2,42,18,21,1
SUPER_10,5780000,80,6,8,94,42,38,15.285714
SUPER_10,5790000,79,4,4,87,44,35,2.5
SUPER_10,5800000,13,2,1,16,6,7,1.6666666
SUPER_10,5810000,17,2,1,20,10,7,1
SUPER_10,5820000,25,1,3,29,12,13,3
SUPER_10,5830000,1,0,0,1,0,1,NaN
SUPER_10,5840000,0,1,0,1,0,0,1
SUPER_10,5850000,0,2,0,2,0,0,2
SUPER_10,5860000,1,1,0,2,1,0,1
SUPER_10,5870000,0,0,0,0,0,0,0
SUPER_10,5880000,0,0,0,0,0,0,0
SUPER_10,5890000,0,0,0,0,0,0,0
SUPER_10,5900000,3,1,0,4,3,0,1
SUPER_10,5910000,6,1,0,7,2,4,8
SUPER_10,5920000,1,0,1,2,1,0,2
SUPER_10,5930000,2,0,0,2,1,1,NaN
SUPER_10,5940000,2,0,0,2,1,1,NaN
SUPER_10,5950000,1,0,0,1,1,0,NaN
SUPER_10,5960000,0,0,0,0,0,0,0
SUPER_10,5970000,0,0,0,0,0,0,0
SUPER_10,5980000,10,0,0,10,4,6,NaN
SUPER_10,5990000,2,0,0,2,1,1,NaN
SUPER_10,6000000,4,0,0,4,2,2,NaN
SUPER_10,6010000,0,0,0,0,0,0,0
SUPER_10,6020000,0,0,0,0,0,0,0
SUPER_10,6030000,50,7,3,60,35,15,26.8
SUPER_10,6040000,20,3,2,25,9,11,3
SUPER_10,6050000,27,3,4,34,19,8,6
SUPER_10,6060000,1,0,1,2,1,0,1
SUPER_10,6070000,3,1,0,4,1,2,2
SUPER_10,6080000,1,0,0,1,0,1,NaN
SUPER_10,6090000,4,1,1,6,2,2,1
SUPER_10,6100000,3,0,0,3,2,1,NaN
SUPER_10,6110000,3,0,0,3,2,1,NaN
SUPER_10,6120000,1,1,0,2,1,0,6
SUPER_10,6130000,1,0,2,3,1,0,2.5
SUPER_10,6140000,4,1,5,10,1,3,8.666667
SUPER_10,6150000,33,0,1,34,21,12,26
SUPER_10,6160000,2,0,0,2,0,2,NaN
SUPER_10,6170000,51,2,3,56,30,21,5.6
SUPER_10,6180000,42,4,0,46,24,18,11.25
SUPER_10,6190000,90,6,12,108,39,51,66.44444
SUPER_10,6200000,22,4,1,27,7,15,9.8
SUPER_10,6210000,11,0,0,11,4,7,NaN
SUPER_10,6220000,32,1,2,35,21,11,3
SUPER_10,6230000,31,3,3,37,18,13,3.8333333
SUPER_10,6240000,91,2,6,99,46,45,8.625
SUPER_10,6250000,68,7,3,78,33,35,36
SUPER_10,6260000,97,9,4,110,44,53,5.230769
SUPER_10,6270000,33,0,2,35,24,9,2
SUPER_10,6280000,9,1,0,10,5,4,1
SUPER_10,6290000,72,6,5,83,37,35,6.6363635
SUPER_10,6300000,28,2,0,30,13,15,8
SUPER_10,6310000,41,1,1,43,26,15,3.5
SUPER_10,6320000,23,2,2,27,12,11,4
SUPER_10,6330000,3,0,0,3,2,1,NaN
SUPER_10,6340000,1,0,0,1,1,0,NaN
SUPER_10,6350000,2,0,0,2,2,0,NaN
SUPER_10,6360000,0,0,1,1,0,0,1
SUPER_10,6370000,3,0,1,4,3,0,1
SUPER_10,6380000,2,0,0,2,1,1,NaN
SUPER_10,6390000,1,1,0,2,0,1,8
SUPER_10,6400000,3,0,0,3,2,1,NaN
SUPER_10,6410000,0,1,0,1,0,0,1
SUPER_10,6420000,0,0,0,0,0,0,0
SUPER_10,6430000,0,0,0,0,0,0,0
SUPER_10,6440000,2,1,2,5,2,0,2
SUPER_10,6450000,1,0,0,1,0,1,NaN
SUPER_10,6460000,2,0,2,4,2,0,1
SUPER_10,6470000,0,0,1,1,0,0,8
SUPER_10,6480000,2,0,0,2,0,2,NaN
SUPER_10,6490000,4,0,0,4,1,3,NaN
SUPER_10,6500000,0,0,0,0,0,0,0
SUPER_10,6510000,0,0,0,0,0,0,0
SUPER_10,6520000,0,0,0,0,0,0,0
SUPER_10,6530000,38,0,5,43,19,19,1.6
SUPER_10,6540000,120,8,1,129,55,65,15.888889
SUPER_10,6550000,68,5,4,77,34,34,17.555555
SUPER_10,6560000,196,14,11,221,92,104,7.52
SUPER_10,6570000,116,7,8,131,68,48,15.6
SUPER_10,6580000,75,4,0,79,42,33,10.75
SUPER_10,6590000,8,1,0,9,3,5,1
SUPER_10,6600000,47,9,9,65,26,21,6.8333335
SUPER_10,6610000,5,0,0,5,3,2,NaN
SUPER_10,6620000,3,0,0,3,1,2,NaN
SUPER_10,6630000,2,0,0,2,2,0,NaN
SUPER_10,6640000,3,1,1,5,1,2,1
SUPER_10,6650000,1,1,0,2,0,1,17
SUPER_10,6660000,1,0,0,1,0,1,NaN
SUPER_10,6670000,110,6,10,126,51,59,8.5625
SUPER_10,6680000,87,4,6,97,42,45,4.1
SUPER_10,6690000,80,9,5,94,44,36,4
SUPER_10,6700000,92,8,4,104,58,34,7.0833335
SUPER_10,6710000,93,11,3,107,41,52,5.642857
SUPER_10,6720000,84,8,14,106,38,46,8.272727
SUPER_10,6730000,37,1,4,42,25,12,5.6
SUPER_10,6740000,177,11,12,200,91,86,6.521739
SUPER_10,6750000,35,1,1,37,19,16,8
SUPER_10,6760000,66,7,5,78,31,35,5.1666665
SUPER_10,6770000,118,2,8,128,74,44,12.1
SUPER_10,6780000,140,12,14,166,72,68,4.0384617
SUPER_10,6790000,0,0,0,0,0,0,0
SUPER_10,6800000,0,0,0,0,0,0,0
SUPER_10,6810000,0,0,0,0,0,0,0
SUPER_10,6820000,0,0,0,0,0,0,0
SUPER_10,6830000,153,6,6,165,78,75,4.4166665
SUPER_10,6840000,0,0,0,0,0,0,0
SUPER_10,6850000,0,0,0,0,0,0,0
SUPER_10,6860000,0,0,0,0,0,0,0
SUPER_10,6870000,0,0,0,0,0,0,0
SUPER_10,6880000,0,0,0,0,0,0,0
SUPER_10,6890000,0,0,0,0,0,0,0
SUPER_10,6900000,0,0,0,0,0,0,0
SUPER_10,6910000,0,0,0,0,0,0,0
SUPER_10,6920000,0,0,0,0,0,0,0
SUPER_10,6930000,0,0,0,0,0,0,0
SUPER_10,6940000,0,0,0,0,0,0,0
SUPER_10,6950000,0,0,0,0,0,0,0
SUPER_10,6960000,0,0,0,0,0,0,0
SUPER_10,6970000,0,0,0,0,0,0,0
SUPER_10,6980000,0,0,0,0,0,0,0
SUPER_10,6990000,0,0,0,0,0,0,0
SUPER_10,7000000,0,0,0,0,0,0,0
SUPER_10,7010000,0,0,0,0,0,0,0
SUPER_10,7020000,20,3,2,25,9,11,9.2
SUPER_10,7030000,44,6,6,56,21,23,5.8333335
SUPER_10,7040000,141,7,8,156,83,58,7.266667
SUPER_10,7050000,76,7,7,90,43,33,4
SUPER_10,7060000,79,6,10,95,40,39,5.8125
SUPER_10,7070000,33,1,2,36,21,12,3
SUPER_10,7080000,79,5,5,89,44,35,4
SUPER_10,7090000,37,4,3,44,19,18,4.428571
SUPER_10,7100000,52,7,8,67,29,23,5.6
SUPER_10,7110000,150,8,8,166,78,72,4.3125
SUPER_10,7120000,140,11,11,162,69,71,4.2727275
SUPER_10,7130000,50,3,5,58,26,24,3.5
SUPER_10,7140000,110,9,7,126,60,50,8.0625
SUPER_10,7150000,213,10,13,236,114,99,8.913043
SUPER_10,7160000,118,14,8,140,56,62,6.7727275
SUPER_10,7170000,64,3,6,73,32,32,5.5555553
SUPER_10,7180000,30,1,4,35,13,17,5.6
SUPER_10,7190000,59,9,7,75,30,29,2.8125
SUPER_10,7200000,3,0,3,6,2,1,4.6666665
SUPER_10,7210000,77,6,7,90,34,43,3.8461537
SUPER_10,7220000,142,12,9,163,72,70,7.285714
SUPER_10,7230000,99,9,5,113,56,43,3.857143
SUPER_10,7240000,6,0,2,8,4,2,1
SUPER_10,7250000,53,3,3,59,29,24,21.833334
SUPER_10,7260000,104,10,10,124,59,45,4.05
SUPER_10,7270000,120,5,12,137,60,60,3.5882354
SUPER_10,7280000,184,10,20,214,100,84,4.766667
SUPER_10,7290000,72,10,4,86,42,30,6.285714
SUPER_10,7300000,122,7,6,135,61,61,3.6923077
SUPER_10,7310000,52,2,0,54,28,24,15
SUPER_10,7320000,119,14,7,140,59,60,7.7619047
SUPER_10,7330000,38,2,4,44,9,29,3.3333333
SUPER_10,7340000,142,20,9,171,73,69,6.551724
SUPER_10,7350000,92,4,9,105,41,51,3.6923077
SUPER_10,7360000,132,8,11,151,66,66,6.736842
SUPER_10,7370000,188,12,12,212,119,69,3.7916667
SUPER_10,7380000,133,13,6,152,78,55,6.4210525
SUPER_10,7390000,108,2,8,118,61,47,6.4
SUPER_10,7400000,108,4,5,117,50,58,9
SUPER_10,7410000,99,5,5,109,44,55,3.8
SUPER_10,7420000,90,7,5,102,48,42,3.25
SUPER_10,7430000,20,0,1,21,8,12,1
SUPER_10,7440000,84,6,3,93,37,47,8.333333
SUPER_10,7450000,131,4,12,147,77,54,10.375
SUPER_10,7460000,24,0,0,24,15,9,NaN
SUPER_10,7470000,66,7,11,84,39,27,4.3333335
SUPER_10,7480000,23,0,0,23,13,10,NaN
SUPER_10,7490000,87,2,2,91,39,48,2.75
SUPER_10,7500000,113,14,8,135,63,50,3.5454545
SUPER_10,7510000,48,3,3,54,29,19,11.833333
SUPER_10,7520000,0,0,0,0,0,0,0
SUPER_10,7530000,0,0,0,0,0,0,0
SUPER_10,7540000,54,10,5,69,28,26,2.9333334
SUPER_10,7550000,102,7,8,117,49,53,8.066667
SUPER_10,7560000,0,0,0,0,0,0,0
SUPER_10,7570000,0,0,0,0,0,0,0
SUPER_10,7580000,0,0,0,0,0,0,0
SUPER_10,7590000,0,0,0,0,0,0,0
SUPER_10,7600000,0,0,0,0,0,0,0
SUPER_10,7610000,0,0,0,0,0,0,0
SUPER_10,7620000,124,7,6,137,63,61,6.5384617
SUPER_10,7630000,88,7,5,100,43,45,8.25
SUPER_10,7640000,24,2,3,29,11,13,7.4
SUPER_10,7650000,45,5,0,50,20,25,1.6
SUPER_10,7660000,71,6,3,80,34,37,7.3333335
SUPER_10,7670000,75,8,7,90,39,36,5.6
SUPER_10,7680000,60,1,5,66,29,31,7.8333335
SUPER_10,7690000,91,7,8,106,50,41,14.6
SUPER_10,7700000,57,4,3,64,32,25,5.571429
SUPER_10,7710000,114,8,8,130,63,51,14.6875
SUPER_10,7720000,145,13,11,169,79,66,10.5
SUPER_10,7730000,61,5,6,72,32,29,6.5454545
SUPER_10,7740000,0,0,1,1,0,0,2
SUPER_10,7750000,1,1,0,2,0,1,7
SUPER_10,7760000,0,0,0,0,0,0,0
SUPER_10,7770000,0,0,0,0,0,0,0
SUPER_10,7780000,0,0,0,0,0,0,0
SUPER_10,7790000,43,4,3,50,25,18,13.428572
SUPER_10,7800000,71,4,6,81,35,36,2.3
SUPER_10,7810000,46,2,3,51,27,19,6.2
SUPER_10,7820000,107,4,12,123,58,49,11.125
SUPER_10,7830000,59,5,6,70,30,29,6
SUPER_10,7840000,145,6,11,162,77,68,3.235294
SUPER_10,7850000,50,7,4,61,20,30,7.4545455
SUPER_10,7860000,27,3,3,33,16,11,1.5
SUPER_10,7870000,20,4,0,24,9,11,7.25
SUPER_10,7880000,58,9,8,75,30,28,9.764706
SUPER_10,7890000,25,3,2,30,14,11,3.4
SUPER_10,7900000,87,5,10,102,44,43,9.933333
SUPER_10,7910000,0,0,0,0,0,0,0
SUPER_10,7920000,0,0,0,0,0,0,0
SUPER_10,7930000,57,6,2,65,33,24,6.5
SUPER_10,7940000,68,5,7,80,34,34,21.25
SUPER_10,7950000,93,9,11,113,50,43,4.5
SUPER_10,7960000,74,5,6,85,36,38,5.6363635
SUPER_10,7970000,116,4,9,129,52,64,16.692308
SUPER_10,7980000,116,6,7,129,53,63,6.230769
SUPER_10,7990000,109,11,7,127,51,58,5.7777777
SUPER_10,8000000,71,5,5,81,35,36,2.6
SUPER_10,8010000,86,6,5,97,44,42,11.727273
SUPER_10,8020000,148,9,9,166,81,67,4.2222223
SUPER_10,8030000,74,10,7,91,40,34,7.882353
SUPER_10,8040000,55,3,4,62,27,28,16
SUPER_10,8050000,3,0,0,3,1,2,NaN
SUPER_10,8060000,1,0,0,1,1,0,NaN
SUPER_10,8070000,0,1,0,1,0,0,1
SUPER_10,8080000,0,0,0,0,0,0,0
SUPER_10,8090000,0,0,0,0,0,0,0
SUPER_10,8100000,4,0,0,4,2,2,NaN
SUPER_10,8110000,77,4,14,95,48,29,7.6666665
SUPER_10,8120000,80,6,6,92,44,36,3.3333333
SUPER_10,8130000,113,8,8,129,52,61,7.0625
SUPER_10,8140000,115,10,9,134,56,59,5.0526314
SUPER_10,8150000,117,9,11,137,59,58,4.5
SUPER_10,8160000,176,15,26,217,84,92,9.170732
SUPER_10,8170000,99,7,5,111,46,53,8.75
SUPER_10,8180000,64,3,7,74,30,34,4
SUPER_10,8190000,151,13,12,176,70,81,10.24
SUPER_10,8200000,123,10,10,143,71,52,5.9
SUPER_10,8210000,133,5,9,147,66,67,5.785714
SUPER_10,8220000,117,12,8,137,66,51,11.6
SUPER_10,8230000,35,4,2,41,9,26,1.8333334
SUPER_10,8240000,2,1,0,3,0,2,4
SUPER_10,8250000,0,0,1,1,0,0,2
SUPER_10,8260000,2,0,1,3,2,0,1
SUPER_10,8270000,101,11,7,119,51,50,3.3888888
SUPER_10,8280000,46,5,8,59,19,27,14.769231
SUPER_10,8290000,5,0,0,5,4,1,NaN
SUPER_10,8300000,5,0,0,5,1,4,NaN
SUPER_10,8310000,17,2,1,20,6,11,3
SUPER_10,8320000,22,2,1,25,12,10,9.666667
SUPER_10,8330000,77,6,7,90,40,37,3.3846154
SUPER_10,8340000,0,0,0,0,0,0,0
SUPER_10,8350000,0,0,0,0,0,0,0
SUPER_10,8360000,159,12,16,187,79,80,7.142857
SUPER_10,8370000,166,17,7,190,82,84,4.9583335
SUPER_10,8380000,18,2,1,21,10,8,9.333333
SUPER_10,8390000,0,0,1,1,0,0,2
SUPER_10,8400000,110,11,6,127,68,42,22.647058
SUPER_10,8410000,129,10,18,157,59,70,3.357143
SUPER_10,8420000,85,8,6,99,36,49,4.428571
SUPER_10,8430000,125,7,5,137,58,67,4.75
SUPER_10,8440000,48,1,3,52,29,19,7.25
SUPER_10,8450000,95,5,13,113,56,39,7.2777777
SUPER_10,8460000,1,0,0,1,0,1,NaN
SUPER_10,8470000,22,0,2,24,13,9,7
SUPER_10,8480000,1,1,1,3,0,1,2.5
SUPER_10,8490000,1,0,0,1,1,0,NaN
SUPER_10,8500000,3,0,0,3,1,2,NaN
SUPER_10,8510000,1,0,1,2,0,1,4
SUPER_10,8520000,2,0,0,2,1,1,NaN
SUPER_10,8530000,92,15,8,115,56,36,15.913043
SUPER_10,8540000,102,9,13,124,52,50,42.863636
SUPER_10,8550000,157,13,7,177,77,80,15.25
SUPER_10,8560000,80,10,6,96,46,34,4.875
SUPER_10,8570000,19,2,2,23,12,7,1
SUPER_10,8580000,2,0,0,2,2,0,NaN
SUPER_10,8590000,0,0,0,0,0,0,0
SUPER_10,8600000,0,0,0,0,0,0,0
SUPER_10,8610000,6,1,0,7,4,2,4
SUPER_10,8620000,61,6,6,73,30,31,40.916668
SUPER_10,8630000,79,8,4,91,38,41,2.9166667
SUPER_10,8640000,120,8,12,140,61,59,7.3
SUPER_10,8650000,84,7,3,94,34,50,7
SUPER_10,8660000,42,2,4,48,21,21,8.166667
SUPER_10,8670000,0,0,0,0,0,0,0
SUPER_10,8680000,0,0,0,0,0,0,0
SUPER_10,8690000,0,0,0,0,0,0,0
SUPER_10,8700000,0,0,0,0,0,0,0
SUPER_10,8710000,77,8,6,91,49,28,4.285714
SUPER_10,8720000,143,14,11,168,72,71,10.48
SUPER_10,8730000,111,2,5,118,67,44,4.714286
SUPER_10,8740000,78,3,10,91,37,41,6.923077
SUPER_10,8750000,151,12,18,181,73,78,15.8
SUPER_10,8760000,130,16,9,155,71,59,5.8
SUPER_10,8770000,146,9,11,166,73,73,5.1
SUPER_10,8780000,76,4,3,83,35,41,10.571428
SUPER_10,8790000,0,0,1,1,0,0,2
SUPER_10,8800000,39,8,1,48,19,20,6.2222223
SUPER_10,8810000,28,0,1,29,15,13,3
SUPER_10,8820000,48,4,2,54,22,26,6.1666665
SUPER_10,8830000,30,2,5,37,14,16,6
SUPER_10,8840000,91,9,6,106,43,48,9
SUPER_10,8850000,148,11,14,173,74,74,10.76
SUPER_10,8860000,80,6,4,90,33,47,9.3
SUPER_10,8870000,176,9,11,196,92,84,14.95
SUPER_10,8880000,104,2,8,114,63,41,11.6
SUPER_10,8890000,99,15,7,121,59,40,59.090908
SUPER_10,8900000,81,3,5,89,37,44,4.125
SUPER_10,8910000,9,1,0,10,5,4,4
SUPER_10,8920000,31,1,1,33,15,16,4.5
SUPER_10,8930000,142,10,15,167,61,81,8.36
SUPER_10,8940000,99,3,6,108,45,54,5.3333335
SUPER_10,8950000,94,8,5,107,44,50,15.384615
SUPER_10,8960000,3,1,0,4,2,1,2
SUPER_10,8970000,112,13,4,129,66,46,5.0588236
SUPER_10,8980000,80,2,3,85,42,38,1.2
SUPER_10,8990000,132,5,4,141,65,67,6.2222223
SUPER_10,9000000,10,3,1,14,5,5,1.5
SUPER_10,9010000,5,0,1,6,2,3,1
SUPER_10,9020000,0,0,0,0,0,0,0
SUPER_10,9030000,0,0,0,0,0,0,0
SUPER_10,9040000,6,3,1,10,4,2,12
SUPER_10,9050000,0,0,0,0,0,0,0
SUPER_10,9060000,0,0,0,0,0,0,0
SUPER_10,9070000,0,0,0,0,0,0,0
SUPER_10,9080000,3,0,1,4,2,1,1
SUPER_10,9090000,4,1,0,5,2,2,1
SUPER_10,9100000,7,0,0,7,2,5,NaN
SUPER_10,9110000,64,3,10,77,41,23,5.6153846
SUPER_10,9120000,0,0,0,0,0,0,0
SUPER_10,9130000,0,0,0,0,0,0,0
SUPER_10,9140000,183,8,13,204,90,93,14.285714
SUPER_10,9150000,57,2,4,63,30,27,32.333332
SUPER_10,9160000,18,3,1,22,7,11,14.25
SUPER_10,9170000,56,3,8,67,27,29,11.727273
SUPER_10,9180000,140,9,7,156,76,64,3
SUPER_10,9190000,121,9,6,136,66,55,5.2
SUPER_10,9200000,27,1,3,31,14,13,8
SUPER_10,9210000,149,14,7,170,72,77,3
SUPER_10,9220000,118,13,5,136,66,52,4.3333335
SUPER_10,9230000,9,0,2,11,4,5,2
SUPER_10,9240000,0,0,0,0,0,0,0
SUPER_10,9250000,0,0,0,0,0,0,0
SUPER_10,9260000,2,0,1,3,0,2,27
SUPER_10,9270000,76,8,3,87,42,34,5.181818
SUPER_10,9280000,99,8,9,116,51,48,8.176471
SUPER_10,9290000,73,8,5,86,34,39,8.230769
SUPER_10,9300000,104,9,6,119,55,49,2.2666667
SUPER_10,9310000,55,1,7,63,33,22,3.75
SUPER_10,9320000,101,5,5,111,61,40,16.5
SUPER_10,9330000,103,6,12,121,47,56,8.833333
SUPER_10,9340000,120,10,6,136,47,73,5.4375
SUPER_10,9350000,87,1,8,96,35,52,4
SUPER_10,9360000,126,7,8,141,67,59,4.266667
SUPER_10,9370000,119,3,8,130,69,50,6.5454545
SUPER_10,9380000,111,11,11,133,49,62,16.363636
SUPER_10,9390000,126,9,9,144,49,77,5.0555553
SUPER_10,9400000,91,6,10,107,41,50,6.125
SUPER_10,9410000,21,2,2,25,14,7,4.5
SUPER_10,9420000,162,13,9,184,74,88,5
SUPER_10,9430000,149,10,11,170,77,72,4.714286
SUPER_10,9440000,55,6,8,69,30,25,17.571428
SUPER_10,9450000,18,1,2,21,9,9,20
SUPER_10,9460000,36,5,5,46,15,21,4.7
SUPER_10,9470000,83,4,4,91,45,38,3.75
SUPER_10,9480000,56,5,5,66,27,29,15.7
SUPER_10,9490000,147,7,8,162,81,66,11.066667
SUPER_10,9500000,173,11,8,192,88,85,22.368422
SUPER_10,9510000,68,4,2,74,37,31,1.8333334
SUPER_10,9520000,63,8,5,76,32,31,2.5384614
SUPER_10,9530000,32,1,1,34,15,17,2
SUPER_10,9540000,24,0,2,26,17,7,3.5
SUPER_10,9550000,52,3,2,57,26,26,9.8
SUPER_10,9560000,146,11,11,168,79,67,7.590909
SUPER_10,9570000,80,5,7,92,37,43,6.1666665
SUPER_10,9580000,1,0,1,2,0,1,1
SUPER_10,9590000,1,1,0,2,1,0,1
SUPER_10,9600000,0,2,0,2,0,0,2.5
SUPER_10,9610000,2,1,0,3,1,1,1
SUPER_10,9620000,0,0,0,0,0,0,0
SUPER_10,9630000,0,0,0,0,0,0,0
SUPER_10,9640000,3,0,0,3,2,1,NaN
SUPER_10,9650000,6,1,0,7,3,3,2
SUPER_10,9660000,0,0,1,1,0,0,10
SUPER_10,9670000,4,0,0,4,4,0,NaN
SUPER_10,9680000,35,1,3,39,18,17,4.5
SUPER_10,9690000,118,11,7,136,54,64,5.7777777
SUPER_10,9700000,120,9,4,133,66,54,8.461538
SUPER_10,9710000,86,4,5,95,48,38,5.5555553
SUPER_10,9720000,97,9,5,111,51,46,3.5
SUPER_10,9730000,11,2,5,18,3,8,3.2857144
SUPER_10,9740000,79,5,2,86,49,30,23.714285
SUPER_10,9750000,100,10,16,126,54,46,7.6923075
SUPER_10,9760000,153,9,14,176,86,67,11.304348
SUPER_10,9770000,144,4,3,151,72,72,10.571428
SUPER_10,9780000,126,9,12,147,60,66,19
SUPER_10,9790000,38,2,3,43,22,16,3
SUPER_10,9800000,3,1,0,4,0,3,1
SUPER_10,9810000,2,1,0,3,2,0,2
SUPER_10,9820000,9,2,2,13,3,6,1.5
SUPER_10,9830000,52,5,5,62,26,26,8.2
SUPER_10,9840000,13,2,2,17,4,9,11.25
SUPER_10,9850000,3,0,1,4,2,1,14
SUPER_10,9860000,38,7,1,46,23,15,6.125
SUPER_10,9870000,11,0,2,13,6,5,4
SUPER_10,9880000,71,8,4,83,32,39,5.0833335
SUPER_10,9890000,68,3,5,76,39,29,4.75
SUPER_10,9900000,37,3,5,45,23,14,7.125
SUPER_10,9910000,51,3,6,60,20,31,2.1111112
SUPER_10,9920000,0,0,0,0,0,0,0
SUPER_10,9930000,0,0,0,0,0,0,0
SUPER_10,9940000,60,12,4,76,27,33,7.4375
SUPER_10,9950000,1,0,0,1,0,1,NaN
SUPER_10,9960000,5,0,0,5,3,2,NaN
SUPER_10,9970000,0,1,0,1,0,0,6
SUPER_10,9980000,3,0,1,4,1,2,1
SUPER_10,9990000,5,1,1,7,2,3,5
SUPER_10,10000000,5,0,0,5,1,4,NaN
SUPER_10,10010000,39,4,2,45,18,21,9.833333
SUPER_10,10020000,2,0,0,2,1,1,NaN
SUPER_10,10030000,16,1,2,19,9,7,3
SUPER_10,10040000,88,4,7,99,47,41,10.181818
SUPER_10,10050000,119,10,9,138,55,64,14.578947
SUPER_10,10060000,112,8,9,129,62,50,26.058823
SUPER_10,10070000,122,9,12,143,55,67,4.142857
SUPER_10,10080000,71,3,7,81,33,38,5.6
SUPER_10,10090000,65,5,7,77,27,38,6.5833335
SUPER_10,10100000,42,2,6,50,19,23,9.375
SUPER_10,10110000,94,7,8,109,45,49,23.533333
SUPER_10,10120000,74,6,5,85,33,41,6.7272725
SUPER_10,10130000,147,12,13,172,76,71,4.4
SUPER_10,10140000,58,5,1,64,33,25,7
SUPER_10,10150000,127,12,12,151,59,68,9.541667
SUPER_10,10160000,202,18,20,240,104,98,5.5263157
SUPER_10,10170000,102,8,7,117,33,69,7.9333334
SUPER_10,10180000,73,5,6,84,40,33,4.090909
SUPER_10,10190000,196,9,17,222,94,102,9.269231
SUPER_10,10200000,116,6,10,132,49,67,6.375
SUPER_10,10210000,110,5,9,124,63,47,9.214286
SUPER_10,10220000,116,7,10,133,51,65,5.647059
SUPER_10,10230000,177,17,11,205,84,93,8.392858
SUPER_10,10240000,151,10,10,171,88,63,4.95
SUPER_10,10250000,128,10,12,150,59,69,9.227273
SUPER_10,10260000,87,4,3,94,41,46,18.428572
SUPER_10,10270000,3,0,0,3,1,2,NaN
SUPER_10,10280000,105,4,4,113,46,59,8.75
SUPER_10,10290000,87,5,8,100,43,44,5.5384617
SUPER_10,10300000,61,5,8,74,29,32,5.4615383
SUPER_10,10310000,227,15,13,255,105,122,17.392857
SUPER_10,10320000,132,11,7,150,65,67,7.2777777
SUPER_10,10330000,110,5,10,125,56,54,4.866667
SUPER_10,10340000,125,11,8,144,64,61,10.263158
SUPER_10,10350000,38,3,3,44,16,22,4.5
SUPER_10,10360000,14,2,2,18,7,7,1
SUPER_10,10370000,121,4,8,133,57,64,19.666666
SUPER_10,10380000,153,15,13,181,78,75,5.214286
SUPER_10,10390000,153,9,11,173,70,83,10.45
SUPER_10,10400000,87,2,8,97,48,39,6
SUPER_10,10410000,141,12,13,166,54,87,17.96
SUPER_10,10420000,53,5,6,64,25,28,19
SUPER_10,10430000,0,1,0,1,0,0,1
SUPER_10,10440000,2,0,0,2,2,0,NaN
SUPER_10,10450000,23,1,0,24,13,10,6
SUPER_10,10460000,102,6,8,116,60,42,4.714286
SUPER_10,10470000,148,10,8,166,83,65,12.333333
SUPER_10,10480000,131,10,9,150,75,56,9.263158
SUPER_10,10490000,103,2,10,115,46,57,31.75
SUPER_10,10500000,156,9,9,174,76,80,5.0555553
SUPER_10,10510000,75,5,2,82,40,35,9.142858
SUPER_10,10520000,71,3,3,77,32,39,7.1666665
SUPER_10,10530000,48,4,5,57,20,28,5.3333335
SUPER_10,10540000,187,8,14,209,92,95,5.4545455
SUPER_10,10550000,44,4,2,50,20,24,3
SUPER_10,10560000,170,13,12,195,88,82,6.16
SUPER_10,10570000,173,13,8,194,88,85,27.809525
SUPER_10,10580000,135,5,9,149,77,58,21.285715
SUPER_10,10590000,156,9,9,174,83,73,11.555555
SUPER_10,10600000,152,14,6,172,70,82,4
SUPER_10,10610000,119,7,6,132,67,52,3.2307692
SUPER_10,10620000,205,20,14,239,102,103,6.4411764
SUPER_10,10630000,158,10,17,185,75,83,12.62963
SUPER_10,10640000,126,5,13,144,79,47,14
SUPER_10,10650000,22,4,3,29,9,13,31.428572
SUPER_10,10660000,2,0,0,2,0,2,NaN
SUPER_10,10670000,157,13,11,181,79,78,15.083333
SUPER_10,10680000,66,9,4,79,35,31,6.5384617
SUPER_10,10690000,2,0,0,2,2,0,NaN
SUPER_10,10700000,2,0,0,2,1,1,NaN
SUPER_10,10710000,3,0,0,3,2,1,NaN
SUPER_10,10720000,1,1,0,2,1,0,2
SUPER_10,10730000,167,10,5,182,85,82,2.8666666
SUPER_10,10740000,58,3,2,63,31,27,8.8
SUPER_10,10750000,104,7,5,116,60,44,11.833333
SUPER_10,10760000,50,1,2,53,25,25,11.666667
SUPER_10,10770000,65,9,6,80,33,32,3
SUPER_10,10780000,132,10,10,152,66,66,30.1
SUPER_10,10790000,50,1,4,55,28,22,7.4
SUPER_10,10800000,106,3,8,117,48,58,6.181818
SUPER_10,10810000,169,18,14,201,88,81,11.34375
SUPER_10,10820000,0,0,0,0,0,0,0
SUPER_10,10830000,0,0,0,0,0,0,0
SUPER_10,10840000,78,5,12,95,43,35,3.5294118
SUPER_10,10850000,68,6,5,79,32,36,3
SUPER_10,10860000,1,0,0,1,1,0,NaN
SUPER_10,10870000,99,7,6,112,54,45,2.1538463
SUPER_10,10880000,91,7,5,103,45,46,5.1666665
SUPER_10,10890000,137,13,8,158,63,74,7.7619047
SUPER_10,10900000,133,10,14,157,58,75,6.7916665
SUPER_10,10910000,121,10,17,148,60,61,22.88889
SUPER_10,10920000,76,2,5,83,37,39,2.7142856
SUPER_10,10930000,120,4,9,133,63,57,14.076923
SUPER_10,10940000,147,10,6,163,78,69,18.5625
SUPER_10,10950000,176,11,27,214,92,84,7.263158
SUPER_10,10960000,160,8,7,175,88,72,7.2
SUPER_10,10970000,39,1,3,43,19,20,1.5
SUPER_10,10980000,1,0,0,1,1,0,NaN
SUPER_10,10990000,1,0,0,1,1,0,NaN
SUPER_10,11000000,84,5,9,98,39,45,6.571429
SUPER_10,11010000,117,18,13,148,61,56,8.903226
SUPER_10,11020000,152,11,14,177,75,77,8.12
SUPER_10,11030000,80,8,7,95,39,41,5.133333
SUPER_10,11040000,30,4,0,34,18,12,12.25
SUPER_10,11050000,27,6,6,39,13,14,2.6666667
SUPER_10,11060000,32,3,4,39,15,17,2.5714285
SUPER_10,11070000,1,0,0,1,1,0,NaN
SUPER_10,11080000,40,2,2,44,23,17,4.5
SUPER_10,11090000,27,3,7,37,11,16,7.1
SUPER_10,11100000,91,5,7,103,49,42,5
SUPER_10,11110000,143,10,7,160,75,68,6.0588236
SUPER_10,11120000,81,3,8,92,34,47,24.181818
SUPER_10,11130000,119,12,13,144,66,53,12.72
SUPER_10,11140000,101,6,9,116,57,44,7.3333335
SUPER_10,11150000,167,10,13,190,81,86,5.173913
SUPER_10,11160000,119,10,19,148,67,52,18.51724
SUPER_10,11170000,24,3,3,30,12,12,2.1666667
SUPER_10,11180000,25,10,4,39,9,16,3.9285715
SUPER_10,11190000,24,5,5,34,18,6,8.3
SUPER_10,11200000,70,4,11,85,41,29,8.2
SUPER_10,11210000,102,5,13,120,54,48,4.111111
SUPER_10,11220000,82,7,12,101,29,53,10.526316
SUPER_10,11230000,118,7,7,132,60,58,4.642857
SUPER_10,11240000,150,4,10,164,75,75,4.071429
SUPER_10,11250000,90,10,10,110,46,44,6.6
SUPER_10,11260000,63,4,4,71,38,25,4.875
SUPER_10,11270000,120,9,7,136,58,62,3
SUPER_10,11280000,92,8,7,107,53,39,4.866667
SUPER_10,11290000,111,10,13,134,65,46,6.0869565
SUPER_10,11300000,27,5,2,34,10,17,7.571429
SUPER_10,11310000,2,0,0,2,1,1,NaN
SUPER_10,11320000,30,2,1,33,17,13,14.333333
SUPER_10,11330000,97,4,5,106,50,47,6.7777777
SUPER_10,11340000,120,9,12,141,50,70,10.571428
SUPER_10,11350000,61,6,5,72,32,29,4.181818
SUPER_10,11360000,0,0,0,0,0,0,0
SUPER_10,11370000,0,0,0,0,0,0,0
SUPER_10,11380000,0,0,0,0,0,0,0
SUPER_10,11390000,0,0,0,0,0,0,0
SUPER_10,11400000,58,7,6,71,25,33,19
SUPER_10,11410000,85,5,8,98,42,43,5.3846154
SUPER_10,11420000,75,5,2,82,41,34,1.5714285
SUPER_10,11430000,60,4,8,72,40,20,2.25
SUPER_10,11440000,26,0,4,30,12,14,4.5
SUPER_10,11450000,98,3,4,105,46,52,2.7142856
SUPER_10,11460000,75,3,5,83,40,35,4
SUPER_10,11470000,36,4,4,44,24,12,2.5
SUPER_10,11480000,6,0,1,7,3,3,8
SUPER_10,11490000,2,1,0,3,1,1,1
SUPER_10,11500000,1,0,0,1,1,0,NaN
SUPER_10,11510000,1,0,0,1,1,0,NaN
SUPER_10,11520000,56,5,4,65,29,27,5.7777777
SUPER_10,11530000,130,9,14,153,66,64,3.4782608
SUPER_10,11540000,113,6,12,131,56,57,3.2777777
SUPER_10,11550000,117,7,8,132,59,58,7.6
SUPER_10,11560000,84,8,8,100,47,37,8.4375
SUPER_10,11570000,1,1,1,3,0,1,1
SUPER_10,11580000,2,0,0,2,0,2,NaN
SUPER_10,11590000,15,3,2,20,9,6,5
SUPER_10,11600000,134,10,14,158,68,66,4.9583335
SUPER_10,11610000,53,6,3,62,32,21,4.4444447
SUPER_10,11620000,136,4,15,155,70,66,10.631579
SUPER_10,11630000,110,18,5,133,53,57,3.7391305
SUPER_10,11640000,104,9,12,125,57,47,9.714286
SUPER_10,11650000,65,2,3,70,33,32,3.4
SUPER_10,11660000,57,5,6,68,32,25,8.909091
SUPER_10,11670000,78,2,4,84,42,36,8.333333
SUPER_10,11680000,49,7,2,58,27,22,6.2222223
SUPER_10,11690000,141,13,4,158,82,59,5.9411764
SUPER_10,11700000,94,10,6,110,52,42,3.9375
SUPER_10,11710000,59,8,6,73,31,28,5.857143
SUPER_10,11720000,38,3,6,47,19,19,15.888889
SUPER_10,11730000,118,7,15,140,59,59,16.363636
SUPER_10,11740000,44,2,4,50,31,13,9.666667
SUPER_10,11750000,27,0,0,27,17,10,NaN
SUPER_10,11760000,130,5,14,149,67,63,5.1578946
SUPER_10,11770000,57,4,3,64,29,28,7.142857
SUPER_10,11780000,102,6,7,115,48,54,2.4615386
SUPER_10,11790000,3,0,0,3,3,0,NaN
SUPER_10,11800000,9,0,0,9,5,4,NaN
SUPER_10,11810000,4,1,0,5,3,1,1
SUPER_10,11820000,33,4,1,38,14,19,10.6
SUPER_10,11830000,21,1,1,23,11,10,1
SUPER_10,11840000,2,0,1,3,2,0,1
SUPER_10,11850000,0,0,0,0,0,0,0
SUPER_10,11860000,0,0,0,0,0,0,0
SUPER_10,11870000,4,0,0,4,3,1,NaN
SUPER_10,11880000,3,1,1,5,2,1,1
SUPER_10,11890000,2,0,0,2,1,1,NaN
SUPER_10,11900000,0,0,0,0,0,0,0
SUPER_10,11910000,0,0,0,0,0,0,0
SUPER_10,11920000,7,1,4,12,5,2,19.6
SUPER_10,11930000,47,2,2,51,23,24,12.75
SUPER_10,11940000,173,14,6,193,99,74,3.5
SUPER_10,11950000,69,2,6,77,36,33,3.625
SUPER_10,11960000,120,9,6,135,66,54,6.3333335
SUPER_10,11970000,47,3,4,54,23,24,10.428572
SUPER_10,11980000,121,11,9,141,58,63,7.05
SUPER_10,11990000,35,5,1,41,16,19,8.166667
SUPER_10,12000000,3,0,0,3,2,1,NaN
SUPER_10,12010000,33,0,1,34,17,16,1
SUPER_10,12020000,156,4,7,167,93,63,9.818182
SUPER_10,12030000,182,6,17,205,88,94,10.521739
SUPER_10,12040000,116,7,17,140,68,48,4.4166665
SUPER_10,12050000,72,6,8,86,38,34,5.571429
SUPER_10,12060000,180,15,11,206,82,98,6.6538463
SUPER_10,12070000,104,5,6,115,62,42,5.5454545
SUPER_10,12080000,142,14,8,164,60,82,3.4545455
SUPER_10,12090000,116,11,12,139,56,60,14.521739
SUPER_10,12100000,116,9,7,132,61,55,11.25
SUPER_10,12110000,112,4,10,126,63,49,39.5
SUPER_10,12120000,112,3,8,123,56,56,23.90909
SUPER_10,12130000,77,8,3,88,35,42,13.454545
SUPER_10,12140000,70,6,9,85,23,47,21.266666
SUPER_10,12150000,106,6,9,121,52,54,4
SUPER_10,12160000,72,1,6,79,42,30,14
SUPER_10,12170000,105,7,12,124,52,53,5.3157897
SUPER_10,12180000,80,11,13,104,44,36,15.208333
SUPER_10,12190000,126,8,15,149,67,59,4.0434785
SUPER_10,12200000,55,2,5,62,29,26,6.142857
SUPER_10,12210000,85,5,8,98,36,49,6
SUPER_10,12220000,168,6,12,186,85,83,5.388889
SUPER_10,12230000,178,11,16,205,84,94,13.37037
SUPER_10,12240000,104,6,7,117,58,46,7.076923
SUPER_10,12250000,19,3,4,26,13,6,3.2857144
SUPER_10,12260000,128,11,12,151,67,61,9.130435
SUPER_10,12270000,107,10,5,122,50,57,3.3333333
SUPER_10,12280000,2,1,1,4,2,0,2
SUPER_10,12290000,10,0,1,11,3,7,1
SUPER_10,12300000,53,3,9,65,24,29,14.416667
SUPER_10,12310000,81,2,4,87,37,44,149
SUPER_10,12320000,87,3,6,96,44,43,6.3333335
SUPER_10,12330000,138,9,9,156,78,60,6.7777777
SUPER_10,12340000,94,7,3,104,56,38,7.7
SUPER_10,12350000,9,1,2,12,3,6,3
SUPER_10,12360000,7,1,1,9,5,2,1.5
SUPER_10,12370000,9,2,1,12,2,7,1.3333334
SUPER_10,12380000,10,0,0,10,7,3,NaN
SUPER_10,12390000,213,11,8,232,99,114,5.368421
SUPER_10,12400000,132,14,15,161,61,71,5.3448277
SUPER_10,12410000,88,1,5,94,41,47,3.8333333
SUPER_10,12420000,73,8,3,84,38,35,6.4545455
SUPER_10,12430000,105,7,7,119,54,51,8.785714
SUPER_10,12440000,63,3,1,67,22,41,14
SUPER_10,12450000,26,3,3,32,12,14,4.3333335
SUPER_10,12460000,25,2,1,28,14,11,1
SUPER_10,12470000,68,4,7,79,38,30,7
SUPER_10,12480000,137,9,13,159,71,66,3.1818182
SUPER_10,12490000,205,9,5,219,102,103,4
SUPER_10,12500000,62,2,1,65,29,33,2.6666667
SUPER_10,12510000,136,10,7,153,70,66,6
SUPER_10,12520000,0,0,0,0,0,0,0
SUPER_10,12530000,0,0,0,0,0,0,0
SUPER_10,12540000,0,0,0,0,0,0,0
SUPER_10,12550000,5,0,0,5,2,3,NaN
SUPER_10,12560000,2,0,0,2,1,1,NaN
SUPER_10,12570000,4,0,0,4,2,2,NaN
SUPER_10,12580000,0,0,0,0,0,0,0
SUPER_10,12590000,0,0,0,0,0,0,0
SUPER_10,12600000,3,1,1,5,2,1,1
SUPER_10,12610000,12,0,0,12,9,3,NaN
SUPER_10,12620000,182,9,14,205,85,97,7.652174
SUPER_10,12630000,171,15,13,199,89,82,5.142857
SUPER_10,12640000,114,13,15,142,46,68,12.357142
SUPER_10,12650000,124,5,12,141,68,56,4.7058825
SUPER_10,12660000,47,5,5,57,29,18,8.9
SUPER_10,12670000,114,10,13,137,56,58,5.2173915
SUPER_10,12680000,92,4,3,99,46,46,18.142857
SUPER_10,12690000,63,1,2,66,32,31,12
SUPER_10,12700000,73,5,6,84,36,37,4.090909
SUPER_10,12710000,148,8,7,163,75,73,4.6666665
SUPER_10,12720000,113,10,5,128,55,58,10.933333
SUPER_10,12730000,157,11,13,181,88,69,7.4166665
SUPER_10,12740000,154,12,10,176,74,80,10.590909
SUPER_10,12750000,131,9,5,145,71,60,20.5
SUPER_10,12760000,139,4,11,154,73,66,41
SUPER_10,12770000,178,17,13,208,79,99,6.8333335
SUPER_10,12780000,6,0,1,7,2,4,33
SUPER_10,12790000,73,8,3,84,38,35,6.3636365
SUPER_10,12800000,51,3,6,60,32,19,36.88889
SUPER_10,12810000,181,14,25,220,83,98,23.358974
SUPER_10,12820000,43,4,8,55,17,26,5.75
SUPER_10,12830000,38,6,5,49,16,22,5.181818
SUPER_10,12840000,51,6,10,67,23,28,3.25
SUPER_10,12850000,91,4,11,106,44,47,7.0666666
SUPER_10,12860000,77,10,5,92,31,46,2.6666667
SUPER_10,12870000,13,0,0,13,5,8,NaN
SUPER_10,12880000,43,1,5,49,21,22,5.1666665
SUPER_10,12890000,114,7,12,133,52,62,3.8947368
SUPER_10,12900000,46,5,3,54,18,28,3.875
SUPER_10,12910000,84,4,7,95,40,44,2.3636363
SUPER_10,12920000,57,7,2,66,28,29,1.8888888
SUPER_10,12930000,77,5,9,91,37,40,12.857142
SUPER_10,12940000,102,3,4,109,51,51,4.571429
SUPER_10,12950000,10,1,0,11,3,7,1
SUPER_10,12960000,103,12,5,120,50,53,3.2941177
SUPER_10,12970000,124,5,7,136,65,59,11.916667
SUPER_10,12980000,103,7,4,114,54,49,10.909091
SUPER_10,12990000,205,17,17,239,100,105,21.941177
SUPER_10,13000000,23,3,1,27,8,15,7.25
SUPER_10,13010000,36,3,3,42,13,23,1.3333334
SUPER_10,13020000,47,3,2,52,22,25,8.4
SUPER_10,13030000,0,0,0,0,0,0,0
SUPER_10,13040000,0,0,0,0,0,0,0
SUPER_10,13050000,0,0,0,0,0,0,0
SUPER_10,13060000,5,0,0,5,5,0,NaN
SUPER_10,13070000,67,3,2,72,33,34,7.4
SUPER_10,13080000,125,12,12,149,55,70,80.458336
SUPER_10,13090000,152,7,16,175,79,73,6.304348
SUPER_10,13100000,120,9,9,138,59,61,6.611111
SUPER_10,13110000,172,15,11,198,89,83,8.538462
SUPER_10,13120000,97,8,6,111,52,45,7
SUPER_10,13130000,73,4,1,78,36,37,3.8
SUPER_10,13140000,67,6,10,83,35,32,6.6875
SUPER_10,13150000,31,3,1,35,11,20,19.5
SUPER_10,13160000,16,1,1,18,11,5,3.5
SUPER_10,13170000,53,6,5,64,20,33,6.2727275
SUPER_10,13180000,79,4,4,87,43,36,8.375
SUPER_10,13190000,74,11,11,96,35,39,5.2272725
SUPER_10,13200000,128,9,6,143,61,67,17.133333
SUPER_10,13210000,79,8,7,94,32,47,2.8
SUPER_10,13220000,129,6,14,149,73,56,8.8
SUPER_10,13230000,71,2,7,80,29,42,16.222221
SUPER_10,13240000,28,4,5,37,13,15,5.3333335
SUPER_10,13250000,21,2,1,24,11,10,3.6666667
SUPER_10,13260000,25,2,0,27,11,14,8
SUPER_10,13270000,148,12,11,171,83,65,6.0434785
SUPER_10,13280000,106,5,6,117,57,49,9.181818
SUPER_10,13290000,46,1,3,50,17,29,4
SUPER_10,13300000,52,2,3,57,23,29,65.2
SUPER_10,13310000,3,0,0,3,1,2,NaN
SUPER_10,13320000,2,0,0,2,0,2,NaN
SUPER_10,13330000,3,0,0,3,1,2,NaN
SUPER_10,13340000,118,11,12,141,54,64,11.869565
SUPER_10,13350000,6,0,3,9,3,3,8.333333
SUPER_10,13360000,48,7,5,60,25,23,6.1666665
SUPER_10,13370000,27,1,1,29,13,14,1.5
SUPER_10,13380000,2,0,1,3,1,1,8
SUPER_10,13390000,2,0,0,2,1,1,NaN
SUPER_10,13400000,3,0,0,3,2,1,NaN
SUPER_10,13410000,2,0,0,2,2,0,NaN
SUPER_10,13420000,0,1,1,2,0,0,6.5
SUPER_10,13430000,0,0,1,1,0,0,672
SUPER_10,13440000,4,1,0,5,0,4,3
SUPER_10,13450000,90,11,7,108,36,54,4.4444447
SUPER_10,13460000,45,7,3,55,28,17,7.7
SUPER_10,13470000,104,3,9,116,58,46,6.25
SUPER_10,13480000,6,2,0,8,3,3,4
SUPER_10,13490000,3,3,1,7,2,1,1.5
SUPER_10,13500000,85,9,8,102,44,41,3.8823528
SUPER_10,13510000,117,7,5,129,59,58,3.9166667
SUPER_10,13520000,0,0,0,0,0,0,0
SUPER_10,13530000,0,0,0,0,0,0,0
SUPER_10,13540000,6,0,0,6,4,2,NaN
SUPER_10,13550000,4,0,0,4,2,2,NaN
SUPER_10,13560000,54,3,5,62,24,30,1.5
SUPER_10,13570000,66,5,5,76,37,29,6.3
SUPER_10,13580000,45,4,2,51,28,17,1.8333334
SUPER_10,13590000,102,8,8,118,56,46,7.5625
SUPER_10,13600000,169,11,17,197,82,87,7.607143
SUPER_10,13610000,120,9,8,137,57,63,6.2941175
SUPER_10,13620000,38,1,3,42,20,18,12.5
SUPER_10,13630000,181,12,4,197,85,96,7.125
SUPER_10,13640000,96,7,11,114,53,43,12.333333
SUPER_10,13650000,163,6,6,175,76,87,5.1666665
SUPER_10,13660000,45,1,5,51,27,18,2.3333333
SUPER_10,13670000,152,11,13,176,82,70,4.25
SUPER_10,13680000,96,9,4,109,46,50,8.692307
SUPER_10,13690000,49,7,5,61,26,23,2.4166667
SUPER_10,13700000,0,1,0,1,0,0,52
SUPER_10,13710000,80,5,6,91,42,38,22
SUPER_10,13720000,21,4,2,27,13,8,2.8333333
SUPER_10,13730000,69,2,5,76,41,28,37.857143
SUPER_10,13740000,20,3,4,27,10,10,2.7142856
SUPER_10,13750000,163,14,6,183,80,83,19.7
SUPER_10,13760000,64,6,12,82,33,31,10.111111
SUPER_10,13770000,157,10,13,180,80,77,4.7391305
SUPER_10,13780000,28,7,5,40,15,13,5.75
SUPER_10,13790000,0,0,0,0,0,0,0
SUPER_10,13800000,0,0,0,0,0,0,0
SUPER_10,13810000,0,0,0,0,0,0,0
SUPER_10,13820000,0,0,0,0,0,0,0
SUPER_10,13830000,0,0,0,0,0,0,0
SUPER_10,13840000,0,0,0,0,0,0,0
SUPER_10,13850000,0,0,0,0,0,0,0
SUPER_10,13860000,0,0,0,0,0,0,0
SUPER_10,13870000,13,0,0,13,5,8,NaN
SUPER_10,13880000,65,3,3,71,37,28,6.1666665
SUPER_10,13890000,0,0,0,0,0,0,0
SUPER_10,13900000,0,0,0,0,0,0,0
SUPER_10,13910000,0,0,0,0,0,0,0
SUPER_10,13920000,0,0,0,0,0,0,0
SUPER_10,13930000,3,0,0,3,1,2,NaN
SUPER_10,13940000,1,1,0,2,0,1,1
SUPER_10,13950000,4,0,1,5,2,2,1
SUPER_10,13960000,2,0,0,2,1,1,NaN
SUPER_10,13970000,2,1,0,3,0,2,18
SUPER_10,13980000,1,2,0,3,0,1,6
SUPER_10,13990000,28,1,4,33,11,17,22.2
SUPER_10,14000000,180,6,16,202,97,83,5.590909
SUPER_10,14010000,117,4,4,125,63,54,1.375
SUPER_10,14020000,181,12,11,204,80,101,4.2173915
SUPER_10,14030000,77,5,3,85,38,39,4.875
SUPER_10,14040000,114,14,9,137,53,61,9.130435
SUPER_10,14050000,67,2,5,74,36,31,15.571428
SUPER_10,14060000,2,0,0,2,1,1,NaN
SUPER_10,14070000,2,0,0,2,0,2,NaN
SUPER_10,14080000,0,1,1,2,0,0,1
SUPER_10,14090000,0,0,0,0,0,0,0
SUPER_10,14100000,0,0,0,0,0,0,0
SUPER_10,14110000,0,0,0,0,0,0,0
SUPER_10,14120000,0,0,0,0,0,0,0
SUPER_10,14130000,0,0,0,0,0,0,0
SUPER_10,14140000,4,1,1,6,4,0,3
SUPER_10,14150000,3,1,0,4,1,2,12
SUPER_10,14160000,146,12,8,166,75,71,4.05
SUPER_10,14170000,198,10,14,222,114,84,7.0416665
SUPER_10,14180000,1,0,0,1,1,0,NaN
SUPER_10,14190000,72,2,2,76,35,37,5
SUPER_10,14200000,76,5,1,82,39,37,4.1666665
SUPER_10,14210000,79,6,3,88,36,43,5.4444447
SUPER_10,14220000,108,5,8,121,55,53,26.076923
SUPER_10,14230000,19,3,3,25,10,9,27
SUPER_10,14240000,0,0,0,0,0,0,0
SUPER_10,14250000,0,0,0,0,0,0,0
SUPER_10,14260000,0,0,0,0,0,0,0
SUPER_10,14270000,149,13,17,179,73,76,17.433332
SUPER_10,14280000,34,3,4,41,20,14,7.857143
SUPER_10,14290000,22,0,2,24,9,13,16.5
SUPER_10,14300000,133,13,18,164,76,57,19.387096
SUPER_10,14310000,85,6,7,98,42,43,2.2307692
SUPER_10,14320000,51,5,5,61,28,23,9.6
SUPER_10,14330000,179,17,15,211,78,101,3.53125
SUPER_10,14340000,107,7,4,118,58,49,3.090909
SUPER_10,14350000,52,3,4,59,27,25,10.285714
SUPER_10,14360000,48,2,1,51,33,15,7.6666665
SUPER_10,14370000,31,6,3,40,20,11,3.3333333
SUPER_10,14380000,56,0,7,63,30,26,15.714286
SUPER_10,14390000,12,0,1,13,7,5,7
SUPER_10,14400000,86,3,2,91,34,52,12.2
SUPER_10,14410000,95,2,6,103,59,36,4.125
SUPER_10,14420000,149,13,8,170,79,70,11.190476
SUPER_10,14430000,136,10,4,150,72,64,5.785714
SUPER_10,14440000,55,6,3,64,25,30,3.3333333
SUPER_10,14450000,39,2,1,42,18,21,8.333333
SUPER_10,14460000,68,2,3,73,40,28,1.4
SUPER_10,14470000,26,2,3,31,16,10,6.8
SUPER_10,14480000,10,3,2,15,7,3,2.8
SUPER_10,14490000,201,10,13,224,103,98,15.565217
SUPER_10,14500000,127,13,10,150,57,70,5.6086955
SUPER_10,14510000,36,0,3,39,18,18,4
SUPER_10,14520000,52,2,4,58,27,25,6.1666665
SUPER_10,14530000,12,1,0,13,8,4,12
SUPER_10,14540000,5,0,0,5,1,4,NaN
SUPER_10,14550000,8,0,0,8,6,2,NaN
SUPER_10,14560000,20,2,2,24,7,13,12.5
SUPER_10,14570000,52,6,7,65,24,28,5.769231
SUPER_10,14580000,166,9,14,189,107,59,8.217391
SUPER_10,14590000,187,10,15,212,104,83,19.52
SUPER_10,14600000,84,7,11,102,45,39,3.1111112
SUPER_10,14610000,51,6,3,60,22,29,4.5555553
SUPER_10,14620000,78,2,7,87,42,36,8.555555
SUPER_10,14630000,83,5,5,93,39,44,3.1
SUPER_10,14640000,66,4,2,72,40,26,11.333333
SUPER_10,14650000,1,0,1,2,1,0,1
SUPER_10,14660000,3,1,0,4,2,1,1
SUPER_10,14670000,35,1,2,38,19,16,3
SUPER_10,14680000,171,9,16,196,89,82,7.52
SUPER_10,14690000,82,5,8,95,40,42,18.384615
SUPER_10,14700000,14,2,2,18,6,8,5.25
SUPER_10,14710000,26,6,1,33,10,16,2
SUPER_10,14720000,180,12,17,209,88,92,9.931034
SUPER_10,14730000,142,7,11,160,71,71,8.888889
SUPER_10,14740000,151,12,12,175,73,78,4.1666665
SUPER_10,14750000,29,0,2,31,13,16,3
SUPER_10,14760000,118,7,8,133,63,55,14.466666
SUPER_10,14770000,93,9,2,104,52,41,7.090909
SUPER_10,14780000,144,2,9,155,80,64,4.5454545
SUPER_10,14790000,100,5,7,112,44,56,16.166666
SUPER_10,14800000,30,2,2,34,14,16,10.75
SUPER_10,14810000,1,1,0,2,1,0,3
SUPER_10,14820000,3,0,0,3,1,2,NaN
SUPER_10,14830000,16,1,1,18,8,8,3.5
SUPER_10,14840000,111,7,4,122,53,58,7.5454545
SUPER_10,14850000,58,6,1,65,29,29,11.857142
SUPER_10,14860000,64,6,7,77,35,29,5.076923
SUPER_10,14870000,221,11,20,252,112,109,6.774194
SUPER_10,14880000,78,6,11,95,37,41,3.3529413
SUPER_10,14890000,62,7,10,79,31,31,5
SUPER_10,14900000,98,4,5,107,55,43,5.5555553
SUPER_10,14910000,103,14,11,128,54,49,6.8
SUPER_10,14920000,31,3,2,36,20,11,4.6
SUPER_10,14930000,134,12,11,157,55,79,6.2608695
SUPER_10,14940000,103,14,7,124,51,52,3.7142856
SUPER_10,14950000,129,7,14,150,54,75,4.6666665
SUPER_10,14960000,153,14,6,173,75,78,17.3
SUPER_10,14970000,53,3,6,62,25,28,9
SUPER_10,14980000,1,0,1,2,0,1,1
SUPER_10,14990000,32,5,1,38,12,20,12.333333
SUPER_10,15000000,161,9,15,185,76,85,88.458336
SUPER_10,15010000,37,4,2,43,17,20,15.166667
SUPER_10,15020000,65,4,4,73,38,27,3.125
SUPER_10,15030000,100,12,6,118,48,52,11.611111
SUPER_10,15040000,150,12,16,178,74,76,4.035714
SUPER_10,15050000,124,9,12,145,60,64,10
SUPER_10,15060000,192,11,8,211,94,98,5.1578946
SUPER_10,15070000,29,3,1,33,16,13,2.5
SUPER_10,15080000,0,0,0,0,0,0,0
SUPER_10,15090000,0,0,0,0,0,0,0
SUPER_10,15100000,246,11,16,273,140,106,9.185185
SUPER_10,15110000,136,5,8,149,63,73,11.384615
SUPER_10,15120000,68,6,7,81,34,34,3.2307692
SUPER_10,15130000,88,7,10,105,36,52,5.8235292
SUPER_10,15140000,70,7,15,92,31,39,4.4545455
SUPER_10,15150000,31,2,4,37,15,16,94.166664
SUPER_10,15160000,33,10,4,47,11,22,7.928571
SUPER_10,15170000,129,14,11,154,54,75,3.64
SUPER_10,15180000,73,8,6,87,30,43,5.428571
SUPER_10,15190000,31,3,3,37,16,15,12.166667
SUPER_10,15200000,89,2,3,94,44,45,11.4
SUPER_10,15210000,92,8,8,108,46,46,13.5625
SUPER_10,15220000,3,0,0,3,1,2,NaN
SUPER_10,15230000,2,0,0,2,2,0,NaN
SUPER_10,15240000,0,1,0,1,0,0,1
SUPER_10,15250000,1,0,0,1,1,0,NaN
SUPER_10,15260000,60,6,4,70,29,31,10.2
SUPER_10,15270000,0,0,0,0,0,0,0
SUPER_10,15280000,0,0,0,0,0,0,0
SUPER_10,15290000,0,0,0,0,0,0,0
SUPER_10,15300000,0,0,0,0,0,0,0
SUPER_10,15310000,9,1,1,11,3,6,12.5
SUPER_10,15320000,0,0,0,0,0,0,0
SUPER_10,15330000,0,0,0,0,0,0,0
SUPER_10,15340000,49,5,5,59,26,23,5.4
SUPER_10,15350000,199,8,13,220,95,104,13.428572
SUPER_10,15360000,100,7,11,118,46,54,6.888889
SUPER_10,15370000,111,14,11,136,60,51,7.64
SUPER_10,15380000,146,10,11,167,86,60,6.952381
SUPER_10,15390000,41,4,4,49,24,17,2.5
SUPER_10,15400000,92,7,9,108,46,46,30.75
SUPER_10,15410000,24,3,0,27,6,18,4
SUPER_10,15420000,76,4,6,86,37,39,15.2
SUPER_10,15430000,77,8,6,91,39,38,4.142857
SUPER_10,15440000,52,10,6,68,18,34,4.8125
SUPER_10,15450000,6,2,1,9,4,2,10.666667
SUPER_10,15460000,7,1,0,8,3,4,1
SUPER_10,15470000,42,5,7,54,29,13,11.166667
SUPER_10,15480000,39,1,3,43,22,17,33.5
SUPER_10,15490000,27,3,0,30,12,15,2.6666667
SUPER_10,15500000,20,4,0,24,9,11,3.5
SUPER_10,15510000,94,6,5,105,48,46,12.181818
SUPER_10,15520000,32,3,6,41,18,14,6.4444447
SUPER_10,15530000,93,8,11,112,43,50,4.3157897
SUPER_10,15540000,57,4,6,67,29,28,3
SUPER_10,15550000,1,0,1,2,1,0,1
SUPER_10,15560000,40,5,5,50,28,12,32.6
SUPER_10,15570000,33,4,1,38,16,17,6.8
SUPER_10,15580000,76,5,9,90,45,31,45.642857
SUPER_10,15590000,71,4,3,78,33,38,3.7142856
SUPER_10,15600000,56,9,8,73,34,22,12.588235
SUPER_10,15610000,77,5,4,86,40,37,5
SUPER_10,15620000,46,4,3,53,26,20,2.857143
SUPER_10,15630000,61,6,6,73,33,28,4.3333335
SUPER_10,15640000,2,0,0,2,1,1,NaN
SUPER_10,15650000,2,0,0,2,1,1,NaN
SUPER_10,15660000,5,1,0,6,2,3,13
SUPER_10,15670000,16,1,4,21,11,5,69.8
SUPER_10,15680000,5,0,0,5,0,5,NaN
SUPER_10,15690000,56,0,3,59,35,21,3
SUPER_10,15700000,45,5,2,52,26,19,6.714286
SUPER_10,15710000,122,14,9,145,73,49,4.173913
SUPER_10,15720000,102,9,12,123,37,65,5.6190476
SUPER_10,15730000,89,3,3,95,57,32,1.8333334
SUPER_10,15740000,29,1,2,32,18,11,1.6666666
SUPER_10,15750000,0,0,0,0,0,0,0
SUPER_10,15760000,0,0,0,0,0,0,0
SUPER_10,15770000,0,0,0,0,0,0,0
SUPER_10,15780000,0,0,0,0,0,0,0
SUPER_10,15790000,0,0,0,0,0,0,0
SUPER_10,15800000,0,0,0,0,0,0,0
SUPER_10,15810000,0,0,0,0,0,0,0
SUPER_10,15820000,324,24,25,373,183,141,10.163265
SUPER_10,15830000,51,3,3,57,29,22,5.3333335
SUPER_10,15840000,73,2,3,78,41,32,3.6
SUPER_10,15850000,154,7,12,173,73,81,7.631579
SUPER_10,15860000,52,6,4,62,27,25,8.2
SUPER_10,15870000,94,6,9,109,48,46,5.733333
SUPER_10,15880000,56,4,4,64,32,24,8.25
SUPER_10,15890000,50,1,3,54,24,26,5.5
SUPER_10,15900000,129,3,6,138,64,65,8.111111
SUPER_10,15910000,136,10,4,150,69,67,7.642857
SUPER_10,15920000,42,5,5,52,20,22,6.9
SUPER_10,15930000,128,11,6,145,74,54,18.941177
SUPER_10,15940000,0,0,0,0,0,0,0
SUPER_10,15950000,0,0,0,0,0,0,0
SUPER_10,15960000,201,10,8,219,98,103,15.5
SUPER_10,15970000,59,5,1,65,28,31,6.8333335
SUPER_10,15980000,37,1,1,39,21,16,11.5
SUPER_10,15990000,0,0,0,0,0,0,0
SUPER_10,16000000,0,0,0,0,0,0,0
SUPER_10,16010000,176,15,12,203,79,97,20
SUPER_10,16020000,11,0,0,11,7,4,NaN
SUPER_10,16030000,5,0,0,5,2,3,NaN
SUPER_10,16040000,46,2,4,52,25,21,4
SUPER_10,16050000,0,0,0,0,0,0,0
SUPER_10,16060000,0,0,0,0,0,0,0
SUPER_10,16070000,165,6,5,176,90,75,14
SUPER_10,16080000,29,0,0,29,19,10,NaN
SUPER_10,16090000,109,7,8,124,61,48,2.8666666
SUPER_10,16100000,87,6,6,99,43,44,32.666668
SUPER_10,16110000,34,1,4,39,17,17,4
SUPER_10,16120000,53,6,6,65,28,25,2.75
SUPER_10,16130000,44,4,6,54,16,28,2.6
SUPER_10,16140000,167,10,7,184,95,72,4.470588
SUPER_10,16150000,0,0,0,0,0,0,0
SUPER_10,16160000,0,0,0,0,0,0,0
SUPER_10,16170000,0,0,0,0,0,0,0
SUPER_10,16180000,0,0,0,0,0,0,0
SUPER_10,16190000,0,0,0,0,0,0,0
SUPER_10,16200000,0,0,0,0,0,0,0
SUPER_10,16210000,0,0,0,0,0,0,0
SUPER_10,16220000,0,0,0,0,0,0,0
SUPER_10,16230000,221,14,27,262,126,95,5.902439
SUPER_10,16240000,72,4,0,76,38,34,8.5
SUPER_10,16250000,30,2,3,35,11,19,2
SUPER_10,16260000,79,8,8,95,40,39,4.125
SUPER_10,16270000,235,13,14,262,117,118,8.888889
SUPER_10,16280000,104,13,7,124,43,61,7.95
SUPER_10,16290000,185,15,16,216,87,98,6.903226
SUPER_10,16300000,0,0,0,0,0,0,0
SUPER_10,16310000,0,0,0,0,0,0,0
SUPER_10,16320000,0,0,0,0,0,0,0
SUPER_10,16330000,119,7,9,135,62,57,7.625
SUPER_10,16340000,31,5,2,38,18,13,11.285714
SUPER_10,16350000,0,0,0,0,0,0,0
SUPER_10,16360000,0,0,0,0,0,0,0
SUPER_10,16370000,129,8,13,150,66,63,2.4761906
SUPER_10,16380000,141,7,10,158,72,69,3.9411764
SUPER_10,16390000,162,8,8,178,80,82,10.9375
SUPER_10,16400000,159,8,17,184,85,74,5.56
SUPER_10,16410000,179,11,13,203,89,90,6.375
SUPER_10,16420000,83,1,4,88,52,31,3.6
SUPER_10,16430000,46,1,3,50,28,18,5.5
SUPER_10,16440000,14,1,4,19,11,3,4.2
SUPER_10,16450000,3,0,0,3,1,2,NaN
SUPER_10,16460000,3,0,0,3,1,2,NaN
SUPER_10,16470000,2,0,0,2,1,1,NaN
SUPER_10,16480000,1,0,0,1,0,1,NaN
SUPER_10,16490000,15,0,2,17,12,3,2
SUPER_10,16500000,2,0,0,2,2,0,NaN
SUPER_10,16510000,3,1,0,4,1,2,1
SUPER_10,16520000,1,0,0,1,1,0,NaN
SUPER_10,16530000,16,0,4,20,11,5,9.5
SUPER_10,16540000,138,5,5,148,65,73,3.4
SUPER_10,16550000,6,0,0,6,4,2,NaN
SUPER_10,16560000,104,8,9,121,59,45,3.8823528
SUPER_10,16570000,155,10,7,172,83,72,6.882353
SUPER_10,16580000,68,6,4,78,29,39,6.7
SUPER_10,16590000,0,0,2,2,0,0,1
SUPER_10,16600000,2,0,0,2,1,1,NaN
SUPER_10,16610000,1,2,0,3,0,1,1
SUPER_10,16620000,3,1,0,4,2,1,7
SUPER_10,16630000,5,0,0,5,5,0,NaN
SUPER_10,16640000,1,2,0,3,1,0,1
SUPER_10,16650000,5,0,1,6,3,2,1
SUPER_10,16660000,4,1,0,5,2,2,6
SUPER_10,16670000,0,0,0,0,0,0,0
SUPER_10,16680000,0,0,0,0,0,0,0
SUPER_10,16690000,6,2,0,8,3,3,1
SUPER_10,16700000,1,0,0,1,0,1,NaN
SUPER_10,16710000,0,0,0,0,0,0,0
SUPER_10,16720000,0,0,0,0,0,0,0
SUPER_10,16730000,0,0,0,0,0,0,0
SUPER_10,16740000,3,1,0,4,0,3,1
SUPER_10,16750000,0,2,0,2,0,0,2.5
SUPER_10,16760000,1,0,0,1,0,1,NaN
SUPER_10,16770000,2,0,1,3,1,1,2
SUPER_10,16780000,3,1,0,4,0,3,1
SUPER_10,16790000,0,0,0,0,0,0,0
SUPER_10,16800000,0,0,0,0,0,0,0
SUPER_10,16810000,0,0,0,0,0,0,0
SUPER_10,16820000,2,2,0,4,1,1,20.5
SUPER_10,16830000,1,1,0,2,1,0,6
SUPER_10,16840000,3,0,0,3,3,0,NaN
SUPER_10,16850000,0,0,1,1,0,0,46
SUPER_10,16860000,1,0,0,1,1,0,NaN
SUPER_10,16870000,1,0,0,1,1,0,NaN
SUPER_10,16880000,3,0,0,3,3,0,NaN
SUPER_10,16890000,1,0,0,1,0,1,NaN
SUPER_10,16900000,5,1,2,8,3,2,3.3333333
SUPER_10,16910000,6,1,1,8,3,3,1.5
SUPER_10,16920000,7,1,0,8,5,2,4
SUPER_10,16930000,0,0,0,0,0,0,0
SUPER_10,16940000,0,0,0,0,0,0,0
SUPER_10,16950000,0,0,0,0,0,0,0
SUPER_10,16960000,0,0,0,0,0,0,0
SUPER_10,16970000,5,0,0,5,1,4,NaN
SUPER_10,16980000,1,0,0,1,1,0,NaN
SUPER_10,16990000,1,0,0,1,1,0,NaN
SUPER_10,17000000,1,1,0,2,0,1,1
SUPER_10,17010000,0,0,0,0,0,0,0
SUPER_10,17020000,0,0,0,0,0,0,0
SUPER_10,17030000,5,0,0,5,1,4,NaN
SUPER_10,17040000,2,0,0,2,0,2,NaN
SUPER_10,17050000,1,0,0,1,1,0,NaN
SUPER_10,17060000,3,0,1,4,0,3,6
SUPER_10,17070000,21,3,3,27,12,9,8.5
SUPER_10,17080000,107,2,2,111,64,43,6.75
SUPER_10,17090000,138,7,9,154,76,62,8.625
SUPER_10,17100000,96,7,3,106,39,57,7.4
SUPER_10,17110000,129,5,14,148,76,53,37.789474
SUPER_10,17120000,98,4,4,106,51,47,26.625
SUPER_10,17130000,40,2,6,48,21,19,2.375
SUPER_10,17140000,118,3,12,133,61,57,8.266666
SUPER_10,17150000,65,4,5,74,32,33,4.2222223
SUPER_10,17160000,30,3,6,39,10,20,14.888889
SUPER_10,17170000,48,3,2,53,19,29,2.4
SUPER_10,17180000,89,8,6,103,41,48,4.142857
SUPER_10,17190000,123,8,8,139,62,61,9.375
SUPER_10,17200000,50,3,6,59,25,25,4.3333335
SUPER_10,17210000,97,4,2,103,40,57,4.8333335
SUPER_10,17220000,22,3,3,28,14,8,1.1666666
SUPER_10,17230000,32,2,1,35,18,14,2.3333333
SUPER_10,17240000,106,12,8,126,56,50,20
SUPER_10,17250000,80,5,4,89,36,44,6.4444447
SUPER_10,17260000,37,1,1,39,20,17,20.5
SUPER_10,17270000,22,1,1,24,15,7,7.5
SUPER_10,17280000,90,6,7,103,53,37,6
SUPER_10,17290000,95,6,6,107,49,46,6.5
SUPER_10,17300000,30,0,2,32,18,12,2.5
SUPER_10,17310000,3,1,0,4,0,3,11
SUPER_10,17320000,39,4,3,46,19,20,6.142857
SUPER_10,17330000,41,2,4,47,23,18,8.833333
SUPER_10,17340000,66,10,4,80,34,32,7.928571
SUPER_10,17350000,90,5,10,105,46,44,7.3333335
SUPER_10,17360000,27,5,5,37,10,17,1.6
SUPER_10,17370000,51,2,8,61,23,28,17
SUPER_10,17380000,83,8,12,103,38,45,12
SUPER_10,17390000,116,7,10,133,67,49,28.117647
SUPER_10,17400000,110,6,8,124,67,43,10.142858
SUPER_10,17410000,73,4,6,83,35,38,3.8
SUPER_10,17420000,96,8,3,107,53,43,8.181818
SUPER_10,17430000,67,7,7,81,42,25,4
SUPER_10,17440000,0,0,0,0,0,0,0
SUPER_10,17450000,0,0,0,0,0,0,0
SUPER_10,17460000,230,21,15,266,127,103,14.805555
SUPER_10,17470000,96,7,5,108,58,38,6.75
SUPER_10,17480000,108,7,7,122,60,48,2.4285715
SUPER_10,17490000,112,10,13,135,53,59,3.5217392
SUPER_10,17500000,160,18,14,192,77,83,6.46875
SUPER_10,17510000,0,0,0,0,0,0,0
SUPER_10,17520000,0,0,0,0,0,0,0
SUPER_10,17530000,144,3,5,152,70,74,8.75
SUPER_10,17540000,2,2,0,4,1,1,4
SUPER_10,17550000,13,2,0,15,7,6,5
SUPER_10,17560000,14,3,4,21,7,7,3.2857144
SUPER_10,17570000,69,5,8,82,36,33,10.461538
SUPER_10,17580000,76,4,6,86,33,43,9.4
SUPER_10,17590000,98,5,9,112,47,51,26.785715
SUPER_10,17600000,44,0,9,53,27,17,44
SUPER_10,17610000,40,0,5,45,18,22,7
SUPER_10,17620000,31,3,0,34,16,15,1.6666666
SUPER_10,17630000,70,5,9,84,32,38,4.714286
SUPER_10,17640000,88,5,8,101,43,45,3.6923077
SUPER_10,17650000,87,4,8,99,48,39,7.4166665
SUPER_10,17660000,132,8,13,153,63,69,14.047619
SUPER_10,17670000,35,1,6,42,17,18,5
SUPER_10,17680000,46,3,6,55,21,25,23.777779
SUPER_10,17690000,73,11,3,87,26,47,5.428571
SUPER_10,17700000,32,2,4,38,17,15,5.5
SUPER_10,17710000,128,14,13,155,66,62,2.8148148
SUPER_10,17720000,108,13,11,132,55,53,4.25
SUPER_10,17730000,85,7,2,94,36,49,7.111111
SUPER_10,17740000,122,4,9,135,57,65,7.6153846
SUPER_10,17750000,110,12,6,128,42,68,8.666667
SUPER_10,17760000,59,1,2,62,28,31,3.6666667
SUPER_10,17770000,70,14,10,94,36,34,3.75
SUPER_10,17780000,80,13,14,107,38,42,20.74074
SUPER_10,17790000,65,5,6,76,37,28,11.090909
SUPER_10,17800000,1,1,1,3,0,1,1
SUPER_10,17810000,1,0,0,1,1,0,NaN
SUPER_10,17820000,3,0,0,3,3,0,NaN
SUPER_10,17830000,27,4,6,37,15,12,7.8
SUPER_10,17840000,0,0,0,0,0,0,0
SUPER_10,17850000,0,0,0,0,0,0,0
SUPER_10,17860000,96,10,4,110,47,49,5.928571
SUPER_10,17870000,33,1,5,39,21,12,10.166667
SUPER_10,17880000,69,4,6,79,35,34,1.6
SUPER_10,17890000,82,10,10,102,49,33,6.05
SUPER_10,17900000,42,8,9,59,17,25,2.4705882
SUPER_10,17910000,18,1,3,22,8,10,1
SUPER_10,17920000,21,2,1,24,9,12,1.3333334
SUPER_10,17930000,54,0,9,63,27,27,91.333336
SUPER_10,17940000,40,2,7,49,14,26,3.3333333
SUPER_10,17950000,42,3,2,47,19,23,2.8
SUPER_10,17960000,74,15,15,104,27,47,6.6666665
SUPER_10,17970000,92,6,9,107,49,43,9.133333
SUPER_10,17980000,70,4,4,78,34,36,4.625
SUPER_10,17990000,34,2,4,40,13,21,4.1666665
SUPER_10,18000000,1,0,0,1,1,0,NaN
SUPER_10,18010000,1,0,0,1,0,1,NaN
SUPER_10,18020000,1,1,0,2,1,0,7
SUPER_10,18030000,4,1,0,5,1,3,1
SUPER_10,18040000,2,0,1,3,2,0,1
SUPER_10,18050000,1,0,0,1,0,1,NaN
SUPER_10,18060000,46,3,0,49,24,22,13.666667
SUPER_10,18070000,18,2,3,23,11,7,7.2
SUPER_10,18080000,4,2,1,7,1,3,10.333333
SUPER_10,18090000,54,1,1,56,26,28,4.5
SUPER_10,18100000,65,2,2,69,28,37,10
SUPER_10,18110000,76,3,4,83,39,37,2.5714285
SUPER_10,18120000,64,3,5,72,35,29,6.875
SUPER_10,18130000,1,0,0,1,1,0,NaN
SUPER_10,18140000,3,0,0,3,3,0,NaN
SUPER_10,18150000,17,2,2,21,9,8,2.5
SUPER_10,18160000,75,7,5,87,35,40,6
SUPER_10,18170000,59,5,2,66,23,36,4.857143
SUPER_10,18180000,54,4,2,60,23,31,2.3333333
SUPER_10,18190000,19,1,2,22,13,6,5
SUPER_10,18200000,19,0,5,24,10,9,2.2
SUPER_10,18210000,71,4,7,82,39,32,8.363636
SUPER_10,18220000,160,10,9,179,85,75,6.0526314
SUPER_10,18230000,122,5,11,138,61,61,5.5625
SUPER_10,18240000,46,3,3,52,20,26,11.666667
SUPER_10,18250000,13,4,4,21,5,8,7.25
SUPER_10,18260000,95,6,7,108,45,50,16.76923
SUPER_10,18270000,86,10,2,98,49,37,2.25
SUPER_10,18280000,110,10,13,133,58,52,11.652174
SUPER_10,18290000,47,8,12,67,18,29,8.1
SUPER_10,18300000,19,2,2,23,8,11,3.25
SUPER_10,18310000,110,8,15,133,58,52,8.565217
SUPER_10,18320000,37,3,0,40,23,14,11
SUPER_10,18330000,62,7,6,75,34,28,13.230769
SUPER_10,18340000,65,6,6,77,22,43,2.5
SUPER_10,18350000,97,11,4,112,51,46,4.3333335
SUPER_10,18360000,56,3,5,64,27,29,10.375
SUPER_10,18370000,42,2,5,49,21,21,10.285714
SUPER_10,18380000,69,5,5,79,39,30,6.7
SUPER_10,18390000,87,11,8,106,42,45,4.8421054
SUPER_10,18400000,58,1,5,64,35,23,15.166667
SUPER_10,18410000,0,0,1,1,0,0,1
SUPER_10,18420000,42,2,2,46,20,22,39
SUPER_10,18430000,35,1,5,41,19,16,11.333333
SUPER_10,18440000,42,7,1,50,16,26,4
SUPER_10,18450000,27,2,3,32,10,17,1.2
SUPER_10,18460000,63,3,8,74,29,34,19.272728
SUPER_10,18470000,80,9,6,95,36,44,3.4
SUPER_10,18480000,149,11,12,172,88,61,10.478261
SUPER_10,18490000,69,5,10,84,38,31,9.733334
SUPER_10,18500000,16,2,3,21,9,7,3.4
SUPER_10,18510000,71,4,7,82,40,31,3.3636363
SUPER_10,18520000,102,14,8,124,58,44,21.045454
SUPER_10,18530000,182,11,16,209,92,90,6.4074073
SUPER_10,18540000,145,10,8,163,76,69,5.611111
SUPER_10,18550000,83,9,10,102,43,40,10.263158
SUPER_10,18560000,76,6,11,93,38,38,4.8235292
SUPER_10,18570000,95,7,3,105,50,45,5.6
SUPER_10,18580000,62,3,3,68,28,34,6.5
SUPER_10,18590000,25,2,5,32,12,13,12
SUPER_10,18600000,80,3,7,90,37,43,7.7
SUPER_10,18610000,111,9,5,125,58,53,5.357143
SUPER_10,18620000,78,5,3,86,38,40,4
SUPER_10,18630000,139,11,8,158,73,66,3.6842105
SUPER_10,18640000,39,2,3,44,22,17,2.4
SUPER_10,18650000,111,7,5,123,49,62,5.5
SUPER_10,18660000,136,0,0,136,73,63,NaN
SUPER_10,18670000,64,1,5,70,27,37,6.6666665
SUPER_10,18680000,25,0,2,27,14,11,2.5
SUPER_10,18690000,22,2,0,24,13,9,1
SUPER_10,18700000,44,1,1,46,19,25,17.5
SUPER_10,18710000,53,4,2,59,29,24,3.8333333
SUPER_10,18720000,0,0,0,0,0,0,0
SUPER_10,18730000,0,0,0,0,0,0,0
SUPER_10,18740000,0,0,0,0,0,0,0
SUPER_10,18750000,0,0,0,0,0,0,0
SUPER_10,18760000,80,8,9,97,42,38,4.117647
SUPER_10,18770000,52,1,4,57,23,29,2.4
SUPER_10,18780000,151,12,19,182,72,79,7.967742
SUPER_10,18790000,98,6,8,112,62,36,6.428571
SUPER_10,18800000,43,10,3,56,27,16,9.769231
SUPER_10,18810000,25,2,4,31,13,12,5.6666665
SUPER_10,18820000,76,10,8,94,37,39,3.8333333
SUPER_10,18830000,27,1,5,33,13,14,4.5
SUPER_10,18840000,104,9,7,120,56,48,8.125
SUPER_10,18850000,0,0,0,0,0,0,0
SUPER_10,18860000,0,0,0,0,0,0,0
SUPER_10,18870000,164,17,13,194,78,86,29.666666
SUPER_10,18880000,62,2,7,71,26,36,9
SUPER_10,18890000,137,7,12,156,63,74,6.5789475
SUPER_10,18900000,131,10,7,148,65,66,7.647059
SUPER_10,18910000,78,4,10,92,39,39,3.5714285
SUPER_10,18920000,96,5,8,109,44,52,6.3846154
SUPER_10,18930000,162,15,21,198,71,91,6.361111
SUPER_10,18940000,109,12,9,130,56,53,4.571429
SUPER_10,18950000,37,6,5,48,19,18,31
SUPER_10,18960000,114,3,11,128,61,53,5.714286
SUPER_10,18970000,72,6,9,87,30,42,8.333333
SUPER_10,18980000,109,10,7,126,50,59,10.058824
SUPER_10,18990000,174,6,11,191,93,81,13.823529
SUPER_10,19000000,152,11,10,173,91,61,15.761905
SUPER_10,19010000,125,13,8,146,57,68,19.619047
SUPER_10,19020000,90,7,9,106,45,45,5.0625
SUPER_10,19030000,53,8,2,63,25,28,8.6
SUPER_10,19040000,70,4,1,75,44,26,5.2
SUPER_10,19050000,69,8,9,86,39,30,13.764706
SUPER_10,19060000,147,8,17,172,78,69,23.4
SUPER_10,19070000,172,14,13,199,86,86,11
SUPER_10,19080000,117,10,9,136,55,62,7.2105265
SUPER_10,19090000,154,10,21,185,73,81,4.580645
SUPER_10,19100000,90,7,5,102,41,49,2.25
SUPER_10,19110000,74,8,7,89,42,32,7.6666665
SUPER_10,19120000,68,15,4,87,35,33,4.6842103
SUPER_10,19130000,158,16,8,182,76,82,6.375
SUPER_10,19140000,86,8,16,110,53,33,6.2083335
SUPER_10,19150000,16,2,2,20,6,10,6.5
SUPER_10,19160000,9,1,0,10,5,4,2
SUPER_10,19170000,144,16,11,171,68,76,6.888889
SUPER_10,19180000,109,9,13,131,50,59,4.5454545
SUPER_10,19190000,112,12,12,136,54,58,12.916667
SUPER_10,19200000,107,4,8,119,58,49,6.8333335
SUPER_10,19210000,63,9,7,79,27,36,3.75
SUPER_10,19220000,101,7,3,111,60,41,4.6
SUPER_10,19230000,157,9,14,180,72,85,5.2173915
SUPER_10,19240000,88,5,13,106,46,42,29.333334
SUPER_10,19250000,17,2,1,20,6,11,10.333333
SUPER_10,19260000,11,1,1,13,7,4,1.5
SUPER_10,19270000,0,0,0,0,0,0,0
SUPER_10,19280000,0,0,0,0,0,0,0
SUPER_10,19290000,0,0,0,0,0,0,0
SUPER_10,19300000,0,0,0,0,0,0,0
SUPER_10,19310000,62,5,6,73,31,31,19.454546
SUPER_10,19320000,1,1,0,2,0,1,2
SUPER_10,19330000,3,0,0,3,2,1,NaN
SUPER_10,19340000,2,0,2,4,2,0,1.5
SUPER_10,19350000,2,0,0,2,2,0,NaN
SUPER_10,19360000,2,0,0,2,2,0,NaN
SUPER_10,19370000,2,1,2,5,1,1,27.333334
SUPER_10,19380000,14,1,3,18,7,7,5.25
SUPER_10,19390000,135,12,5,152,65,70,5.352941
SUPER_10,19400000,80,6,8,94,37,43,2.5
SUPER_10,19410000,29,1,3,33,19,10,2.25
SUPER_10,19420000,45,2,3,50,27,18,6.4
SUPER_10,19430000,125,13,10,148,59,66,16.434782
SUPER_10,19440000,53,3,6,62,27,26,5.3333335
SUPER_10,19450000,84,6,9,99,40,44,8.8
SUPER_10,19460000,65,6,2,73,34,31,10.5
SUPER_10,19470000,58,4,9,71,34,24,4.076923
SUPER_10,19480000,118,6,12,136,62,56,11.555555
SUPER_10,19490000,30,2,5,37,14,16,8.428572
SUPER_10,19500000,54,3,3,60,23,31,3.5
SUPER_10,19510000,7,1,2,10,5,2,9
SUPER_10,19520000,18,2,0,20,10,8,4.5
SUPER_10,19530000,19,0,2,21,9,10,1
SUPER_10,19540000,66,5,8,79,31,35,45.76923
SUPER_10,19550000,56,5,4,65,29,27,34.444443
SUPER_10,19560000,75,7,4,86,47,28,9.727273
SUPER_10,19570000,70,6,6,82,39,31,6
SUPER_10,19580000,109,9,11,129,57,52,19.2
SUPER_10,19590000,107,9,13,129,59,48,3.5454545
SUPER_10,19600000,141,11,5,157,68,73,10.875
SUPER_10,19610000,165,16,9,190,78,87,3
SUPER_10,19620000,76,9,3,88,40,36,3.5833333
SUPER_10,19630000,71,5,3,79,31,40,20.625
SUPER_10,19640000,74,5,3,82,39,35,3.375
SUPER_10,19650000,39,7,5,51,18,21,4.8333335
SUPER_10,19660000,66,5,9,80,35,31,8.214286
SUPER_10,19670000,61,3,4,68,31,30,1.1428572
SUPER_10,19680000,56,4,4,64,24,32,6.25
SUPER_10,19690000,14,5,1,20,6,8,4.5
SUPER_10,19700000,1,0,0,1,0,1,NaN
SUPER_10,19710000,29,3,4,36,16,13,10.285714
SUPER_10,19720000,18,2,1,21,9,9,20
SUPER_10,19730000,10,0,0,10,6,4,NaN
SUPER_10,19740000,21,4,5,30,9,12,5.4444447
SUPER_10,19750000,29,1,2,32,14,15,1.6666666
SUPER_10,19760000,2,0,0,2,2,0,NaN
SUPER_10,19770000,17,1,0,18,9,8,2
SUPER_10,19780000,58,9,3,70,29,29,3.0833333
SUPER_10,19790000,17,1,4,22,9,8,8.4
SUPER_10,19800000,113,11,8,132,58,55,15.105263
SUPER_10,19810000,124,4,8,136,63,61,3.4166667
SUPER_10,19820000,32,4,3,39,20,12,3.2857144
SUPER_10,19830000,50,4,7,61,23,27,7
SUPER_10,19840000,8,2,1,11,5,3,6.3333335
SUPER_10,19850000,25,2,4,31,9,16,39
SUPER_10,19860000,99,7,11,117,47,52,6.0555553
SUPER_10,19870000,73,4,4,81,33,40,9.875
SUPER_10,19880000,90,2,10,102,48,42,3.1666667
SUPER_10,19890000,123,9,12,144,64,59,4.285714
SUPER_10,19900000,140,10,12,162,74,66,6.7272725
SUPER_10,19910000,43,3,5,51,19,24,7.5
SUPER_10,19920000,2,0,0,2,0,2,NaN
SUPER_10,19930000,2,0,0,2,0,2,NaN
SUPER_10,19940000,2,2,0,4,0,2,1
SUPER_10,19950000,2,0,0,2,1,1,NaN
SUPER_10,19960000,2,0,0,2,0,2,NaN
SUPER_10,19970000,101,6,8,115,57,44,20
SUPER_10,19980000,109,7,11,127,59,50,3.6111112
SUPER_10,19990000,139,8,11,158,72,67,5.2105265
SUPER_10,20000000,110,5,13,128,48,62,3.8888888
SUPER_10,20010000,104,8,5,117,61,43,3.2307692
SUPER_10,20020000,88,6,11,105,40,48,14
SUPER_10,20030000,23,0,2,25,11,12,3.5
SUPER_10,20040000,114,10,10,134,52,62,5.3
SUPER_10,20050000,17,2,3,22,5,12,16.6
SUPER_10,20060000,0,0,1,1,0,0,5
SUPER_10,20070000,7,0,2,9,3,4,6.5
SUPER_10,20080000,105,3,3,111,61,44,4.6666665
SUPER_10,20090000,54,6,2,62,31,23,10.125
SUPER_10,20100000,45,5,5,55,24,21,10.4
SUPER_10,20110000,37,2,3,42,15,22,2.2
SUPER_10,20120000,48,5,2,55,30,18,1.8571428
SUPER_10,20130000,26,2,2,30,10,16,1.75
SUPER_10,20140000,2,0,0,2,2,0,NaN
SUPER_10,20150000,4,0,1,5,2,2,1
SUPER_10,20160000,0,1,0,1,0,0,1
SUPER_10,20170000,5,1,1,7,0,5,1
SUPER_10,20180000,4,0,0,4,4,0,NaN
SUPER_10,20190000,3,1,0,4,2,1,7
SUPER_10,20200000,2,0,0,2,1,1,NaN
SUPER_10,20210000,3,0,0,3,1,2,NaN
SUPER_10,20220000,1,0,0,1,0,1,NaN
SUPER_10,20230000,2,1,0,3,0,2,4
SUPER_10,20240000,49,2,1,52,31,18,14.666667
SUPER_10,20250000,112,12,12,136,49,63,4.5
SUPER_10,20260000,117,8,9,134,71,46,3.9411764
SUPER_10,20270000,90,11,8,109,51,39,7.9473686
SUPER_10,20280000,110,10,5,125,55,55,9.733334
SUPER_10,20290000,71,3,6,80,34,37,3
SUPER_10,20300000,112,9,6,127,52,60,4.733333
SUPER_10,20310000,141,11,10,162,72,69,13.476191
SUPER_10,20320000,72,7,5,84,32,40,6.1666665
SUPER_10,20330000,4,0,1,5,1,3,1
SUPER_10,20340000,52,5,1,58,27,25,8.166667
SUPER_10,20350000,120,6,11,137,59,61,3.1176472
SUPER_10,20360000,7,0,1,8,3,4,2
SUPER_10,20370000,73,7,6,86,30,43,46.692307
SUPER_10,20380000,86,9,10,105,47,39,4.105263
SUPER_10,20390000,84,5,3,92,39,45,2.75
SUPER_10,20400000,2,0,2,4,2,0,1
SUPER_10,20410000,2,1,1,4,0,2,1.5
SUPER_10,20420000,2,0,0,2,2,0,NaN
SUPER_10,20430000,2,1,0,3,1,1,1
SUPER_10,20440000,1,0,0,1,1,0,NaN
SUPER_10,20450000,3,1,1,5,1,2,1
SUPER_10,20460000,2,1,0,3,1,1,1
SUPER_10,20470000,7,0,0,7,3,4,NaN
SUPER_10,20480000,0,0,0,0,0,0,0
SUPER_10,20490000,0,0,0,0,0,0,0
SUPER_10,20500000,0,0,0,0,0,0,0
SUPER_10,20510000,0,0,0,0,0,0,0
SUPER_10,20520000,3,0,0,3,1,2,NaN
SUPER_10,20530000,0,0,0,0,0,0,0
SUPER_10,20540000,0,0,0,0,0,0,0
SUPER_10,20550000,4,3,0,7,1,3,14.666667
SUPER_10,20560000,1,1,0,2,1,0,1
SUPER_10,20570000,2,0,0,2,1,1,NaN
SUPER_10,20580000,34,2,1,37,15,19,2.6666667
SUPER_10,20590000,62,4,4,70,36,26,12.25
SUPER_10,20600000,206,11,23,240,118,88,16.67647
SUPER_10,20610000,125,10,11,146,60,65,6.904762
SUPER_10,20620000,132,13,11,156,70,62,6.625
SUPER_10,20630000,128,7,6,141,70,58,5.3076925
SUPER_10,20640000,72,5,7,84,40,32,4.4166665
SUPER_10,20650000,64,5,4,73,28,36,3.6666667
SUPER_10,20660000,48,5,2,55,24,24,3.4285715
SUPER_10,20670000,179,16,18,213,79,100,5.852941
SUPER_10,20680000,101,10,2,113,45,56,5.6666665
SUPER_10,20690000,39,2,1,42,21,18,6
SUPER_10,20700000,155,14,12,181,80,75,5.6923075
SUPER_10,20710000,22,3,2,27,13,9,2.8
SUPER_10,20720000,79,4,6,89,45,34,5.2
SUPER_10,20730000,90,14,6,110,49,41,3.9
SUPER_10,20740000,74,7,7,88,39,35,16.785715
SUPER_10,20750000,137,7,6,150,74,63,3.7692308
SUPER_10,20760000,13,0,1,14,7,6,15
SUPER_10,20770000,4,0,0,4,1,3,NaN
SUPER_10,20780000,39,3,2,44,17,22,1.2
SUPER_10,20790000,0,0,0,0,0,0,0
SUPER_10,20800000,0,0,0,0,0,0,0
SUPER_10,20810000,22,4,4,30,11,11,1.875
SUPER_10,20820000,173,10,13,196,93,80,21.173914
SUPER_10,20830000,12,1,0,13,6,6,2
SUPER_10,20840000,60,5,4,69,32,28,5.4444447
SUPER_10,20850000,165,9,7,181,75,90,7.125
SUPER_10,20860000,65,6,5,76,32,33,28.09091
SUPER_10,20870000,63,2,2,67,36,27,7.75
SUPER_10,20880000,35,1,2,38,25,10,2.6666667
SUPER_10,20890000,42,2,6,50,26,16,6
SUPER_10,20900000,74,5,5,84,36,38,10.2
SUPER_10,20910000,147,8,13,168,78,69,10.238095
SUPER_10,20920000,9,0,1,10,6,3,17
SUPER_10,20930000,15,3,0,18,7,8,3.6666667
SUPER_10,20940000,10,0,1,11,6,4,1
SUPER_10,20950000,3,1,0,4,2,1,1
SUPER_10,20960000,1,0,0,1,1,0,NaN
SUPER_10,20970000,3,1,0,4,0,3,1
SUPER_10,20980000,26,2,3,31,12,14,11.6
SUPER_10,20990000,136,7,12,155,63,73,3.9473684
SUPER_10,21000000,109,9,15,133,62,47,3.2083333
SUPER_10,21010000,108,10,8,126,56,52,5.8333335
SUPER_10,21020000,121,10,14,145,47,74,6.9166665
SUPER_10,21030000,94,8,10,112,46,48,5.6666665
SUPER_10,21040000,82,9,6,97,43,39,4.3333335
SUPER_10,21050000,118,11,13,142,58,60,22.791666
SUPER_10,21060000,168,17,15,200,84,84,6.78125
SUPER_10,21070000,64,2,7,73,35,29,5.5555553
SUPER_10,21080000,89,6,5,100,49,40,2.5454545
SUPER_10,21090000,1,1,0,2,1,0,1
SUPER_10,21100000,1,1,1,3,1,0,2.5
SUPER_10,21110000,25,1,2,28,14,11,4
SUPER_10,21120000,6,0,0,6,5,1,NaN
SUPER_10,21130000,113,7,8,128,59,54,14.733334
SUPER_10,21140000,110,9,9,128,56,54,9
SUPER_10,21150000,71,4,4,79,36,35,9.875
SUPER_10,21160000,105,8,8,121,51,54,5.375
SUPER_10,21170000,2,0,0,2,1,1,NaN
SUPER_10,21180000,67,4,13,84,42,25,14.882353
SUPER_10,21190000,27,0,0,27,14,13,NaN
SUPER_10,21200000,43,5,0,48,20,23,1.4
SUPER_10,21210000,75,7,8,90,47,28,3.9333334
SUPER_10,21220000,107,10,8,125,56,51,38.444443
SUPER_10,21230000,63,3,7,73,33,30,5.4
SUPER_10,21240000,86,5,4,95,42,44,10.111111
SUPER_10,21250000,0,1,0,1,0,0,10
SUPER_10,21260000,2,0,0,2,1,1,NaN
SUPER_10,21270000,30,2,0,32,15,15,1.5
SUPER_10,21280000,2,0,0,2,0,2,NaN
SUPER_10,21290000,19,2,1,22,9,10,3
SUPER_10,21300000,112,8,5,125,56,56,4.076923
SUPER_10,21310000,26,2,0,28,14,12,9.5
SUPER_10,21320000,94,4,4,102,49,45,4.625
SUPER_10,21330000,8,0,0,8,4,4,NaN
SUPER_10,21340000,57,7,6,70,29,28,10.153846
SUPER_10,21350000,34,2,1,37,20,14,4.6666665
SUPER_10,21360000,91,14,8,113,47,44,8
SUPER_10,21370000,28,5,2,35,13,15,8.857142
SUPER_10,21380000,39,4,1,44,24,15,10.4
SUPER_10,21390000,102,3,11,116,55,47,4.214286
SUPER_10,21400000,145,15,9,169,83,62,5.125
SUPER_10,21410000,90,7,2,99,42,48,2.7777777
SUPER_10,21420000,36,4,3,43,16,20,6.142857
SUPER_10,21430000,115,8,7,130,42,73,11.066667
SUPER_10,21440000,134,6,14,154,77,57,10.9
SUPER_10,21450000,120,12,5,137,60,60,4.470588
SUPER_10,21460000,114,6,8,128,53,61,9.428572
SUPER_10,21470000,143,14,10,167,75,68,11.541667
SUPER_10,21480000,85,9,8,102,39,46,27.117647
SUPER_10,21490000,109,7,11,127,55,54,2.1666667
SUPER_10,21500000,107,5,9,121,62,45,11.357142
SUPER_10,21510000,3,0,0,3,3,0,NaN
SUPER_10,21520000,41,3,3,47,20,21,2.5
SUPER_10,21530000,2,0,0,2,1,1,NaN
SUPER_10,21540000,1,3,0,4,1,0,1.3333334
SUPER_10,21550000,2,0,0,2,0,2,NaN
SUPER_10,21560000,1,0,0,1,0,1,NaN
SUPER_10,21570000,48,1,4,53,28,20,2.4
SUPER_10,21580000,68,6,3,77,30,38,3.1111112
SUPER_10,21590000,4,0,2,6,2,2,7.5
SUPER_10,21600000,3,1,0,4,1,2,5
SUPER_10,21610000,3,0,0,3,0,3,NaN
SUPER_10,21620000,1,0,0,1,1,0,NaN
SUPER_10,21630000,2,0,0,2,1,1,NaN
SUPER_10,21640000,174,16,6,196,102,72,7.818182
SUPER_10,21650000,22,0,1,23,10,12,7
SUPER_10,21660000,94,4,6,104,45,49,6.7
SUPER_10,21670000,76,2,4,82,43,33,4.1666665
SUPER_10,21680000,98,2,6,106,44,54,8.625
SUPER_10,21690000,148,14,20,182,63,85,4.147059
SUPER_10,21700000,108,4,2,114,56,52,2.5
SUPER_10,21710000,12,3,0,15,4,8,3.3333333
SUPER_10,21720000,11,4,2,17,6,5,12.666667
SUPER_10,21730000,96,14,10,120,47,49,15.166667
SUPER_10,21740000,108,17,7,132,55,53,5.6666665
SUPER_10,21750000,166,9,12,187,85,81,9.333333
SUPER_10,21760000,131,12,11,154,62,69,5.0869565
SUPER_10,21770000,77,9,15,101,46,31,8.666667
SUPER_10,21780000,41,3,3,47,23,18,1.6666666
SUPER_10,21790000,63,6,5,74,26,37,4.4545455
SUPER_10,21800000,70,6,7,83,31,39,4.076923
SUPER_10,21810000,36,5,3,44,23,13,6.5
SUPER_10,21820000,46,2,9,57,29,17,4.909091
SUPER_10,21830000,23,1,4,28,10,13,4.8
SUPER_10,21840000,67,6,4,77,29,38,3.9
SUPER_10,21850000,65,4,4,73,37,28,6
SUPER_10,21860000,1,0,0,1,1,0,NaN
SUPER_10,21870000,2,0,0,2,1,1,NaN
SUPER_10,21880000,4,0,0,4,2,2,NaN
SUPER_10,21890000,34,4,4,42,15,19,4.875
SUPER_10,21900000,77,3,10,90,42,35,3.6153846
SUPER_10,21910000,2,0,0,2,1,1,NaN
SUPER_10,21920000,152,15,12,179,75,77,10.962963
SUPER_10,21930000,122,8,13,143,55,67,6.4761906
SUPER_10,21940000,6,1,2,9,5,1,1.3333334
SUPER_10,21950000,17,2,4,23,10,7,7.5
SUPER_10,21960000,108,9,7,124,58,50,6.5
SUPER_10,21970000,106,11,5,122,58,48,9.75
SUPER_10,21980000,135,14,7,156,80,55,5.5238094
SUPER_10,21990000,150,8,12,170,79,71,9.9
SUPER_10,22000000,45,2,2,49,24,21,4.25
SUPER_10,22010000,89,9,9,107,41,48,3.3333333
SUPER_10,22020000,103,5,13,121,52,51,40.88889
SUPER_10,22030000,42,3,5,50,22,20,52.125
SUPER_10,22040000,102,9,9,120,49,53,3.6111112
SUPER_10,22050000,117,11,13,141,59,58,13.333333
SUPER_10,22060000,19,1,0,20,11,8,2
SUPER_10,22070000,3,0,0,3,1,2,NaN
SUPER_10,22080000,115,8,7,130,66,49,6.3333335
SUPER_10,22090000,105,4,7,116,54,51,13.363636
SUPER_10,22100000,94,12,10,116,48,46,10.181818
SUPER_10,22110000,5,0,0,5,3,2,NaN
SUPER_10,22120000,37,5,1,43,19,18,8.166667
SUPER_10,22130000,161,6,18,185,89,72,7.2916665
SUPER_10,22140000,100,5,11,116,50,50,12.5
SUPER_10,22150000,51,6,2,59,24,27,3.5
SUPER_10,22160000,60,5,2,67,32,28,4.428571
SUPER_10,22170000,101,6,12,119,52,49,11.777778
SUPER_10,22180000,33,3,3,39,11,22,4
SUPER_10,22190000,65,11,8,84,33,32,10.789474
SUPER_10,22200000,119,11,11,141,61,58,8.409091
SUPER_10,22210000,125,11,14,150,64,61,7.28
SUPER_10,22220000,84,5,4,93,51,33,2
SUPER_10,22230000,120,8,14,142,71,49,19.272728
SUPER_10,22240000,87,7,10,104,47,40,30.058823
SUPER_10,22250000,120,3,21,144,54,66,9.291667
SUPER_10,22260000,37,1,5,43,18,19,11.333333
SUPER_10,22270000,104,5,11,120,55,49,17.0625
SUPER_10,22280000,61,2,3,66,31,30,11.6
SUPER_10,22290000,69,7,7,83,33,36,20.142857
SUPER_10,22300000,11,0,0,11,5,6,NaN
SUPER_10,22310000,106,14,14,134,57,49,4.535714
SUPER_10,22320000,109,8,9,126,57,52,7.647059
SUPER_10,22330000,136,7,9,152,61,75,5.6875
SUPER_10,22340000,54,3,4,61,32,22,4.857143
SUPER_10,22350000,100,5,5,110,50,50,2.7
SUPER_10,22360000,144,8,11,163,76,68,8.578947
SUPER_10,22370000,101,8,13,122,55,46,6.2380953
SUPER_10,22380000,114,9,6,129,50,64,8.8
SUPER_10,22390000,98,7,7,112,46,52,7.071429
SUPER_10,22400000,56,6,9,71,20,36,8.4
SUPER_10,22410000,71,5,5,81,30,41,5.2
SUPER_10,22420000,107,12,6,125,50,57,6.111111
SUPER_10,22430000,51,3,3,57,23,28,2
SUPER_10,22440000,36,1,3,40,17,19,5.75
SUPER_10,22450000,30,2,1,33,18,12,1.3333334
SUPER_10,22460000,66,10,11,87,27,39,5
SUPER_10,22470000,56,6,9,71,28,28,6.5333333
SUPER_10,22480000,15,0,3,18,6,9,4.3333335
SUPER_10,22490000,94,6,12,112,44,50,6.7777777
SUPER_10,22500000,87,8,9,104,43,44,4.5882354
SUPER_10,22510000,84,8,7,99,47,37,10.266666
SUPER_10,22520000,13,0,4,17,2,11,7
SUPER_10,22530000,54,11,5,70,26,28,6.4375
SUPER_10,22540000,165,6,11,182,80,85,60.52941
SUPER_10,22550000,137,14,7,158,75,62,7.857143
SUPER_10,22560000,41,3,5,49,20,21,37.125
SUPER_10,22570000,95,9,9,113,49,46,3.5555556
SUPER_10,22580000,107,2,8,117,56,51,25.1
SUPER_10,22590000,48,7,2,57,21,27,4.5555553
SUPER_10,22600000,143,9,8,160,84,59,7.0588236
SUPER_10,22610000,105,12,7,124,59,46,3.3157895
SUPER_10,22620000,35,2,0,37,22,13,20.5
SUPER_10,22630000,65,10,8,83,23,42,4.1666665
SUPER_10,22640000,179,9,19,207,90,89,13.928572
SUPER_10,22650000,43,3,4,50,20,23,12.285714
SUPER_10,22660000,130,12,17,159,67,63,4
SUPER_10,22670000,83,8,8,99,38,45,5.75
SUPER_10,22680000,3,0,0,3,1,2,NaN
SUPER_10,22690000,142,7,20,169,70,72,10.333333
SUPER_10,22700000,101,6,10,117,45,56,2.5625
SUPER_10,22710000,147,14,7,168,72,75,5
SUPER_10,22720000,61,3,7,71,31,30,5.3
SUPER_10,22730000,80,3,7,90,41,39,34.9
SUPER_10,22740000,79,7,7,93,38,41,3
SUPER_10,22750000,78,6,10,94,44,34,3.625
SUPER_10,22760000,145,6,12,163,79,66,12.666667
SUPER_10,22770000,121,7,7,135,63,58,21.928572
SUPER_10,22780000,95,9,11,115,45,50,7.8
SUPER_10,22790000,103,4,3,110,59,44,2.4285715
SUPER_10,22800000,107,8,4,119,61,46,11.583333
SUPER_10,22810000,162,9,12,183,94,68,6.095238
SUPER_10,22820000,75,5,3,83,36,39,7
SUPER_10,22830000,0,0,0,0,0,0,0
SUPER_10,22840000,0,0,0,0,0,0,0
SUPER_10,22850000,68,3,7,78,34,34,4
SUPER_10,22860000,31,2,2,35,14,17,3
SUPER_10,22870000,41,5,5,51,19,22,13.1
SUPER_10,22880000,129,12,9,150,64,65,8.904762
SUPER_10,22890000,81,6,9,96,43,38,5.266667
SUPER_10,22900000,112,6,15,133,55,57,4.8095236
SUPER_10,22910000,100,9,6,115,50,50,35.866665
SUPER_10,22920000,111,8,10,129,64,47,11.722222
SUPER_10,22930000,101,9,3,113,58,43,4.4166665
SUPER_10,22940000,145,7,10,162,74,71,35.411766
SUPER_10,22950000,154,6,12,172,73,81,4.7222223
SUPER_10,22960000,1,0,0,1,0,1,NaN
SUPER_10,22970000,2,0,0,2,1,1,NaN
SUPER_10,22980000,14,3,1,18,3,11,12.25
SUPER_10,22990000,134,7,12,153,66,68,4.0526314
SUPER_10,23000000,87,2,8,97,43,44,31.3
SUPER_10,23010000,27,3,1,31,13,14,2
SUPER_10,23020000,29,1,1,31,20,9,1
SUPER_10,23030000,88,3,5,96,44,44,14.75
SUPER_10,23040000,152,6,9,167,83,69,8.266666
SUPER_10,23050000,81,2,2,85,42,39,2.25
SUPER_10,23060000,99,4,7,110,58,41,19.636364
SUPER_10,23070000,45,3,4,52,22,23,2.142857
SUPER_10,23080000,103,6,10,119,63,40,5.9375
SUPER_10,23090000,126,10,8,144,70,56,4.3333335
SUPER_10,23100000,182,14,18,214,94,88,12.28125
SUPER_10,23110000,93,6,10,109,46,47,6.875
SUPER_10,23120000,90,4,7,101,41,49,2.2727273
SUPER_10,23130000,124,12,6,142,60,64,3.3888888
SUPER_10,23140000,122,8,8,138,49,73,3.5625
SUPER_10,23150000,107,8,7,122,60,47,1.9333333
SUPER_10,23160000,138,11,14,163,59,79,3.32
SUPER_10,23170000,156,4,13,173,85,71,11.529411
SUPER_10,23180000,137,13,12,162,62,75,23.88
SUPER_10,23190000,33,2,3,38,19,14,2.8
SUPER_10,23200000,68,2,5,75,33,35,8.142858
SUPER_10,23210000,105,4,10,119,57,48,6.357143
SUPER_10,23220000,54,1,2,57,27,27,3.6666667
SUPER_10,23230000,40,1,3,44,18,22,1.75
SUPER_10,23240000,87,8,5,100,54,33,5.230769
SUPER_10,23250000,69,11,4,84,40,29,10.466666
SUPER_10,23260000,144,12,10,166,74,70,6.090909
SUPER_10,23270000,0,0,0,0,0,0,0
SUPER_10,23280000,0,0,0,0,0,0,0
SUPER_10,23290000,230,15,17,262,118,112,6.25
SUPER_10,23300000,84,7,8,99,45,39,11.666667
SUPER_10,23310000,6,3,0,9,2,4,15.666667
SUPER_10,23320000,153,5,7,165,78,75,49.833332
SUPER_10,23330000,195,10,13,218,94,101,5.7391305
SUPER_10,23340000,83,8,3,94,41,42,5.7272725
SUPER_10,23350000,97,4,7,108,49,48,3.5454545
SUPER_10,23360000,83,6,2,91,47,36,7.625
SUPER_10,23370000,60,2,3,65,26,34,3
SUPER_10,23380000,104,5,7,116,55,49,9.583333
SUPER_10,23390000,111,7,8,126,55,56,14.133333
SUPER_10,23400000,124,10,7,141,63,61,6
SUPER_10,23410000,138,6,10,154,78,60,4.1875
SUPER_10,23420000,99,6,14,119,52,47,43.1
SUPER_10,23430000,95,9,5,109,47,48,3.0714285
SUPER_10,23440000,117,7,8,132,68,49,14.533334
SUPER_10,23450000,106,10,17,133,47,59,8.037037
SUPER_10,23460000,12,1,0,13,4,8,2
SUPER_10,23470000,60,4,3,67,26,34,4.285714
SUPER_10,23480000,71,6,8,85,31,40,8.642858
SUPER_10,23490000,74,14,10,98,30,44,6.4166665
SUPER_10,23500000,73,5,6,84,43,30,6.7272725
SUPER_10,23510000,154,15,9,178,68,86,4.7083335
SUPER_10,23520000,176,15,16,207,84,92,4.129032
SUPER_10,23530000,134,8,10,152,67,67,5.5
SUPER_10,23540000,113,9,9,131,63,50,8.111111
SUPER_10,23550000,1,0,0,1,1,0,NaN
SUPER_10,23560000,2,0,0,2,1,1,NaN
SUPER_10,23570000,50,1,2,53,28,22,5
SUPER_10,23580000,62,2,3,67,30,32,7.6
SUPER_10,23590000,64,5,5,74,29,35,4.7
SUPER_10,23600000,115,8,9,132,60,55,8.176471
SUPER_10,23610000,133,2,10,145,67,66,22
SUPER_10,23620000,188,6,9,203,98,90,3.5333333
SUPER_10,23630000,142,14,4,160,68,74,11.833333
SUPER_10,23640000,135,11,14,160,57,78,6
SUPER_10,23650000,131,11,9,151,60,71,4.9
SUPER_10,23660000,110,9,6,125,53,57,4.8
SUPER_10,23670000,46,3,3,52,25,21,19
SUPER_10,23680000,147,7,7,161,70,77,10.285714
SUPER_10,23690000,167,14,7,188,90,77,8.142858
SUPER_10,23700000,115,10,5,130,67,48,5.0666666
SUPER_10,23710000,2,0,0,2,1,1,NaN
SUPER_10,23720000,76,9,5,90,40,36,2.5714285
SUPER_10,23730000,127,4,14,145,74,53,8.833333
SUPER_10,23740000,112,10,8,130,50,62,4.3333335
SUPER_10,23750000,129,16,10,155,69,60,5.6153846
SUPER_10,23760000,106,6,2,114,53,53,6.25
SUPER_10,23770000,125,9,12,146,68,57,2.2380953
SUPER_10,23780000,12,2,0,14,4,8,3.5
SUPER_10,23790000,1,0,0,1,1,0,NaN
SUPER_10,23800000,1,0,0,1,1,0,NaN
SUPER_10,23810000,70,7,6,83,34,36,6.923077
SUPER_10,23820000,4,0,0,4,0,4,NaN
SUPER_10,23830000,2,0,0,2,1,1,NaN
SUPER_10,23840000,0,0,0,0,0,0,0
SUPER_10,23850000,0,0,0,0,0,0,0
SUPER_10,23860000,9,4,1,14,6,3,32.4
SUPER_10,23870000,5,0,1,6,2,3,1
SUPER_10,23880000,21,2,2,25,6,15,5.25
SUPER_10,23890000,21,2,5,28,9,12,25.714285
SUPER_10,23900000,88,4,9,101,48,40,9.153846
SUPER_10,23910000,109,3,9,121,51,58,68.333336
SUPER_10,23920000,44,1,3,48,27,17,4.25
SUPER_10,23930000,109,7,8,124,56,53,6.6666665
SUPER_10,23940000,148,8,7,163,79,69,2
SUPER_10,23950000,95,5,9,109,42,53,3.0714285
SUPER_10,23960000,151,15,15,181,83,68,7.733333
SUPER_10,23970000,126,8,9,143,62,64,3.5882354
SUPER_10,23980000,84,3,8,95,48,36,6.909091
SUPER_10,23990000,26,1,1,28,12,14,8
SUPER_10,24000000,38,3,2,43,18,20,4
SUPER_10,24010000,36,2,0,38,14,22,1
SUPER_10,24020000,47,3,3,53,26,21,2.8333333
SUPER_10,24030000,1,0,0,1,1,0,NaN
SUPER_10,24040000,1,0,0,1,1,0,NaN
SUPER_10,24050000,0,0,0,0,0,0,0
SUPER_10,24060000,0,0,0,0,0,0,0
SUPER_10,24070000,5,0,0,5,2,3,NaN
SUPER_10,24080000,0,1,0,1,0,0,1
SUPER_10,24090000,1,0,0,1,1,0,NaN
SUPER_10,24100000,2,0,1,3,1,1,17
SUPER_10,24110000,2,0,0,2,1,1,NaN
SUPER_10,24120000,59,2,4,65,30,29,6.8333335
SUPER_10,24130000,134,10,18,162,68,66,7.178571
SUPER_10,24140000,64,4,7,75,32,32,3.8181818
SUPER_10,24150000,2,1,0,3,2,0,6
SUPER_10,24160000,2,0,1,3,1,1,2
SUPER_10,24170000,26,5,3,34,16,10,18.875
SUPER_10,24180000,18,1,2,21,8,10,2.3333333
SUPER_10,24190000,97,7,11,115,51,46,10.833333
SUPER_10,24200000,104,9,10,123,44,60,9.736842
SUPER_10,24210000,32,0,2,34,15,17,21
SUPER_10,24220000,84,4,10,98,41,43,34.857143
SUPER_10,24230000,108,4,10,122,57,51,1.9285715
SUPER_10,24240000,16,3,6,25,4,12,3.7777777
SUPER_10,24250000,2,0,2,4,1,1,2.5
SUPER_10,24260000,3,0,1,4,3,0,1
SUPER_10,24270000,73,9,7,89,41,32,18.0625
SUPER_10,24280000,77,12,7,96,43,34,13.789474
SUPER_10,24290000,56,4,5,65,29,27,3.1111112
SUPER_10,24300000,90,6,10,106,44,46,3.5625
SUPER_10,24310000,21,0,1,22,11,10,1
SUPER_10,24320000,0,0,0,0,0,0,0
SUPER_10,24330000,0,0,0,0,0,0,0
SUPER_10,24340000,0,0,0,0,0,0,0
SUPER_10,24350000,0,0,0,0,0,0,0
SUPER_10,24360000,0,0,0,0,0,0,0
SUPER_10,24370000,0,0,0,0,0,0,0
SUPER_10,24380000,143,8,7,158,79,64,5.0666666
SUPER_10,24390000,5,0,1,6,2,3,4
SUPER_10,24400000,0,1,0,1,0,0,2
SUPER_10,24410000,67,1,2,70,31,36,3.6666667
SUPER_10,24420000,34,2,2,38,14,20,3
SUPER_10,24430000,120,14,5,139,64,56,4.9473686
SUPER_10,24440000,97,2,3,102,54,43,41.2
SUPER_10,24450000,128,12,9,149,62,66,5.6190476
SUPER_10,24460000,205,14,13,232,99,106,11.777778
SUPER_10,24470000,87,9,6,102,51,36,3.5333333
SUPER_10,24480000,127,10,6,143,58,69,7.25
SUPER_10,24490000,45,6,4,55,22,23,10.1
SUPER_10,24500000,68,5,8,81,33,35,6.4615383
SUPER_10,24510000,130,9,11,150,70,60,9.15
SUPER_10,24520000,49,3,3,55,26,23,30
SUPER_10,24530000,17,0,0,17,8,9,NaN
SUPER_10,24540000,1,0,0,1,0,1,NaN
SUPER_10,24550000,1,0,0,1,1,0,NaN
SUPER_10,24560000,0,0,0,0,0,0,0
SUPER_10,24570000,0,0,0,0,0,0,0
SUPER_10,24580000,1,1,1,3,1,0,1
SUPER_10,24590000,3,0,2,5,3,0,14
SUPER_10,24600000,1,0,0,1,0,1,NaN
SUPER_10,24610000,3,0,1,4,2,1,42
SUPER_10,24620000,33,3,4,40,25,8,8
SUPER_10,24630000,123,14,5,142,58,65,3.368421
SUPER_10,24640000,85,9,10,104,41,44,5
SUPER_10,24650000,123,12,9,144,55,68,8.380953
SUPER_10,24660000,96,2,8,106,52,44,5.3
SUPER_10,24670000,76,4,3,83,49,27,4.285714
SUPER_10,24680000,49,0,1,50,25,24,1
SUPER_10,24690000,30,1,4,35,16,14,13.2
SUPER_10,24700000,85,10,3,98,52,33,25.153847
SUPER_10,24710000,79,1,2,82,40,39,39.333332
SUPER_10,24720000,77,3,6,86,38,39,3.7777777
SUPER_10,24730000,164,11,10,185,82,82,7.428571
SUPER_10,24740000,132,15,11,158,64,68,9.576923
SUPER_10,24750000,178,16,14,208,88,90,5.766667
SUPER_10,24760000,73,3,2,78,31,42,3.2
SUPER_10,24770000,205,17,15,237,105,100,7.1875
SUPER_10,24780000,135,5,11,151,77,58,5.6875
SUPER_10,24790000,24,3,2,29,15,9,18.8
SUPER_10,24800000,1,0,0,1,1,0,NaN
SUPER_10,24810000,59,5,5,69,25,34,3.2
SUPER_10,24820000,69,6,2,77,36,33,4.5
SUPER_10,24830000,77,4,5,86,28,49,3.6666667
SUPER_10,24840000,44,2,3,49,21,23,3.6
SUPER_10,24850000,13,1,1,15,8,5,1.5
SUPER_10,24860000,169,14,9,192,72,97,7.130435
SUPER_10,24870000,134,11,11,156,55,79,2.4545455
SUPER_10,24880000,161,9,13,183,81,80,3.4545455
SUPER_10,24890000,119,4,7,130,64,55,8.272727
SUPER_10,24900000,170,8,16,194,77,93,36.208332
SUPER_10,24910000,108,7,7,122,54,54,7.142857
SUPER_10,24920000,61,8,6,75,31,30,7.928571
SUPER_10,24930000,111,4,6,121,59,52,56.2
SUPER_10,24940000,255,13,20,288,106,149,18.30303
SUPER_10,24950000,79,3,6,88,41,38,7.7777777
SUPER_10,24960000,82,7,6,95,41,41,14.615385
SUPER_10,24970000,118,9,6,133,65,53,8.933333
SUPER_10,24980000,121,11,12,144,59,62,11.826087
SUPER_10,24990000,133,12,8,153,61,72,7.1
SUPER_10,25000000,137,6,11,154,82,55,16.117647
SUPER_10,25010000,99,11,0,110,52,47,9.909091
SUPER_10,25020000,52,5,5,62,30,22,2.8
SUPER_10,25030000,0,0,0,0,0,0,0
SUPER_10,25040000,0,0,0,0,0,0,0
SUPER_10,25050000,5,0,0,5,4,1,NaN
SUPER_10,25060000,11,3,2,16,5,6,42.2
SUPER_10,25070000,146,4,14,164,70,76,44.11111
SUPER_10,25080000,69,4,4,77,45,24,70
SUPER_10,25090000,86,8,5,99,38,48,7.4615383
SUPER_10,25100000,83,6,2,91,43,40,4.125
SUPER_10,25110000,91,6,6,103,55,36,5.5833335
SUPER_10,25120000,107,5,9,121,46,61,7.714286
SUPER_10,25130000,59,4,5,68,31,28,3.5555556
SUPER_10,25140000,60,3,7,70,28,32,4.6
SUPER_10,25150000,50,1,9,60,25,25,7.1
SUPER_10,25160000,84,5,13,102,40,44,34.166668
SUPER_10,25170000,102,10,8,120,52,50,3.1666667
SUPER_10,25180000,90,10,5,105,45,45,8.066667
SUPER_10,25190000,2,1,1,4,1,1,21.5
SUPER_10,25200000,1,0,1,2,1,0,2
SUPER_10,25210000,5,0,0,5,3,2,NaN
SUPER_10,25220000,87,6,6,99,42,45,3.8333333
SUPER_10,25230000,16,0,1,17,9,7,1
SUPER_10,25240000,145,17,8,170,85,60,8.6
SUPER_10,25250000,67,6,6,79,36,31,5.3333335
SUPER_10,25260000,38,4,0,42,20,18,19
SUPER_10,25270000,121,8,10,139,55,66,11.055555
SUPER_10,25280000,17,1,2,20,6,11,2
SUPER_10,25290000,4,2,0,6,1,3,1.5
SUPER_10,25300000,146,11,7,164,73,73,4.7222223
SUPER_10,25310000,74,6,3,83,36,38,6.5555553
SUPER_10,25320000,1,1,0,2,1,0,2
SUPER_10,25330000,5,0,0,5,2,3,NaN
SUPER_10,25340000,96,7,7,110,53,43,6.571429
SUPER_10,25350000,158,8,13,179,83,75,6.857143
SUPER_10,25360000,111,8,11,130,51,60,40
SUPER_10,25370000,85,12,10,107,48,37,7.090909
SUPER_10,25380000,83,8,9,100,41,42,6.117647
SUPER_10,25390000,27,0,1,28,13,14,1
SUPER_10,25400000,6,1,1,8,1,5,10.5
SUPER_10,25410000,77,6,8,91,38,39,9.428572
SUPER_10,25420000,97,7,9,113,54,43,12.4375
SUPER_10,25430000,111,10,11,132,50,61,3.6190476
SUPER_10,25440000,4,1,1,6,0,4,8
SUPER_10,25450000,7,2,0,9,3,4,4
SUPER_10,25460000,164,7,7,178,84,80,4
SUPER_10,25470000,53,2,3,58,30,23,14.6
SUPER_10,25480000,4,0,0,4,2,2,NaN
SUPER_10,25490000,8,1,0,9,4,4,1
SUPER_10,25500000,158,12,12,182,87,71,4.2083335
SUPER_10,25510000,84,3,6,93,39,45,2.6666667
SUPER_10,25520000,109,3,6,118,53,56,6
SUPER_10,25530000,115,8,7,130,51,64,5.4
SUPER_10,25540000,89,5,5,99,50,39,4.7
SUPER_10,25550000,0,1,0,1,0,0,1
SUPER_10,25560000,59,11,4,74,31,28,8.4
SUPER_10,25570000,204,14,19,237,99,105,13.606061
SUPER_10,25580000,29,2,3,34,10,19,2
SUPER_10,25590000,12,1,1,14,8,4,1.5
SUPER_10,25600000,57,3,5,65,26,31,12.125
SUPER_10,25610000,5,0,0,5,4,1,NaN
SUPER_10,25620000,54,3,2,59,29,25,10.4
SUPER_10,25630000,5,0,1,6,1,4,1
SUPER_10,25640000,61,5,3,69,34,27,3.625
SUPER_10,25650000,195,14,9,218,100,95,5.869565
SUPER_10,25660000,1,0,0,1,0,1,NaN
SUPER_10,25670000,1,0,0,1,0,1,NaN
SUPER_10,25680000,29,0,3,32,17,12,23
SUPER_10,25690000,5,0,2,7,3,2,4.5
SUPER_10,25700000,63,7,6,76,35,28,9.461538
SUPER_10,25710000,100,7,7,114,50,50,9
SUPER_10,25720000,114,7,3,124,57,57,7.5
SUPER_10,25730000,81,2,11,94,36,45,11.615385
SUPER_10,25740000,111,10,13,134,47,64,4.9130435
SUPER_10,25750000,28,1,1,30,13,15,1
SUPER_10,25760000,1,0,0,1,0,1,NaN
SUPER_10,25770000,1,0,0,1,1,0,NaN
SUPER_10,25780000,44,5,5,54,17,27,8.7
SUPER_10,25790000,193,18,8,219,91,102,5.230769
SUPER_10,25800000,156,13,5,174,83,73,11.5
SUPER_10,25810000,115,4,8,127,63,52,5.5
SUPER_10,25820000,26,3,2,31,15,11,7.8
SUPER_10,25830000,7,1,0,8,4,3,1
SUPER_10,25840000,58,2,4,64,31,27,3.6666667
SUPER_10,25850000,99,8,5,112,52,47,6.6153846
SUPER_10,25860000,106,15,4,125,51,55,11.368421
SUPER_10,25870000,157,12,14,183,76,81,12.346154
SUPER_10,25880000,124,8,8,140,71,53,15.6875
SUPER_10,25890000,146,8,7,161,79,67,6.133333
SUPER_10,25900000,92,8,8,108,43,49,5.6875
SUPER_10,25910000,101,11,7,119,53,48,5.611111
SUPER_10,25920000,211,17,18,246,114,97,5.0571427
SUPER_10,25930000,68,7,7,82,32,36,7.571429
SUPER_10,25940000,110,7,6,123,62,48,8.076923
SUPER_10,25950000,197,7,16,220,100,97,6.304348
SUPER_10,25960000,163,6,10,179,89,74,8.0625
SUPER_10,25970000,6,0,2,8,1,5,6.5
SUPER_10,25980000,0,2,0,2,0,0,10
SUPER_10,25990000,0,0,0,0,0,0,0
SUPER_10,26000000,0,0,0,0,0,0,0
SUPER_10,26010000,4,0,0,4,1,3,NaN
SUPER_10,26020000,3,0,0,3,2,1,NaN
SUPER_10,26030000,4,0,1,5,1,3,11
SUPER_10,26040000,1,0,0,1,1,0,NaN
SUPER_10,26050000,0,1,0,1,0,0,24
SUPER_10,26060000,6,0,0,6,4,2,NaN
SUPER_10,26070000,16,3,3,22,8,8,45.166668
SUPER_10,26080000,43,2,3,48,25,18,31.4
SUPER_10,26090000,76,5,6,87,39,37,2.4545455
SUPER_10,26100000,133,13,14,160,64,69,6.962963
SUPER_10,26110000,116,7,10,133,63,53,8.470589
SUPER_10,26120000,48,4,7,59,25,23,15.090909
SUPER_10,26130000,105,7,10,122,51,54,25.588236
SUPER_10,26140000,132,7,9,148,74,58,6.375
SUPER_10,26150000,156,12,13,181,80,76,32.68
SUPER_10,26160000,96,7,5,108,51,45,21.416666
SUPER_10,26170000,0,0,0,0,0,0,0
SUPER_10,26180000,0,0,0,0,0,0,0
SUPER_10,26190000,81,6,4,91,44,37,7.6
SUPER_10,26200000,136,7,7,150,68,68,9.571428
SUPER_10,26210000,144,6,16,166,65,79,8.181818
SUPER_10,26220000,43,2,1,46,28,15,10
SUPER_10,26230000,52,4,5,61,21,31,7.5555553
SUPER_10,26240000,98,9,9,116,46,52,30.5
SUPER_10,26250000,78,2,2,82,39,39,1.5
SUPER_10,26260000,100,4,8,112,53,47,11.833333
SUPER_10,26270000,123,7,15,145,58,65,6.409091
SUPER_10,26280000,0,0,0,0,0,0,0
SUPER_10,26290000,0,0,0,0,0,0,0
SUPER_10,26300000,186,10,10,206,97,89,3.65
SUPER_10,26310000,0,0,0,0,0,0,0
SUPER_10,26320000,0,0,0,0,0,0,0
SUPER_10,26330000,197,10,9,216,112,85,4.368421
SUPER_10,26340000,0,0,0,0,0,0,0
SUPER_10,26350000,0,0,0,0,0,0,0
SUPER_10,26360000,156,3,5,164,74,82,8.375
SUPER_10,26370000,149,8,16,173,83,66,20.208334
SUPER_10,26380000,155,5,15,175,78,77,5.6
SUPER_10,26390000,37,7,3,47,21,16,1.5
SUPER_10,26400000,129,4,7,140,73,56,8.090909
SUPER_10,26410000,42,2,2,46,28,14,3.75
SUPER_10,26420000,59,5,4,68,30,29,5.6666665
SUPER_10,26430000,0,0,0,0,0,0,0
SUPER_10,26440000,0,0,0,0,0,0,0
SUPER_10,26450000,107,6,12,125,59,48,8.5
SUPER_10,26460000,79,9,5,93,36,43,6.071429
SUPER_10,26470000,11,2,0,13,5,6,6.5
SUPER_10,26480000,59,6,5,70,35,24,21.90909
SUPER_10,26490000,8,0,4,12,4,4,7
SUPER_10,26500000,143,10,15,168,65,78,7.08
SUPER_10,26510000,144,11,10,165,74,70,7.6190476
SUPER_10,26520000,104,3,9,116,60,44,12.666667
SUPER_10,26530000,177,13,8,198,113,64,4.1904764
SUPER_10,26540000,66,6,5,77,43,23,10.909091
SUPER_10,26550000,181,10,10,201,94,87,6.35
SUPER_10,26560000,0,0,0,0,0,0,0
SUPER_10,26570000,0,0,0,0,0,0,0
SUPER_10,26580000,0,0,0,0,0,0,0
SUPER_10,26590000,170,10,11,191,84,86,3.857143
SUPER_10,26600000,115,8,7,130,62,53,24.8
SUPER_10,26610000,158,8,4,170,82,76,5.25
SUPER_10,26620000,93,2,11,106,54,39,9.692307
SUPER_10,26630000,49,3,4,56,27,22,15.571428
SUPER_10,26640000,48,1,8,57,28,20,7.6666665
SUPER_10,26650000,0,0,0,0,0,0,0
SUPER_10,26660000,0,0,0,0,0,0,0
SUPER_10,26670000,0,0,0,0,0,0,0
SUPER_10,26680000,121,9,7,137,53,68,4.8125
SUPER_10,26690000,160,6,12,178,72,88,11.444445
SUPER_10,26700000,77,6,3,86,48,29,8.888889
SUPER_10,26710000,103,3,3,109,55,48,2.5
SUPER_10,26720000,104,10,8,122,57,47,5
SUPER_10,26730000,106,3,11,120,50,56,24.357143
SUPER_10,26740000,106,6,1,113,58,48,4.142857
SUPER_10,26750000,14,1,0,15,7,7,8
SUPER_10,26760000,217,14,16,247,111,106,5.2
SUPER_10,26770000,154,6,15,175,86,68,5.571429
SUPER_10,26780000,33,1,1,35,19,14,5.5
SUPER_10,26790000,119,5,10,134,52,67,3.8
SUPER_10,26800000,183,9,15,207,90,93,3.625
SUPER_10,26810000,162,9,6,177,91,71,7.4
SUPER_10,26820000,106,6,8,120,56,50,7.285714
SUPER_10,26830000,22,3,2,27,11,11,8.4
SUPER_10,26840000,5,2,1,8,4,1,3.6666667
SUPER_10,26850000,3,0,0,3,2,1,NaN
SUPER_10,26860000,1,0,0,1,1,0,NaN
SUPER_10,26870000,2,0,0,2,1,1,NaN
SUPER_10,26880000,2,2,0,4,0,2,2
SUPER_10,26890000,3,0,0,3,2,1,NaN
SUPER_10,26900000,5,0,0,5,4,1,NaN
SUPER_10,26910000,4,0,1,5,2,2,1
SUPER_10,26920000,5,0,0,5,4,1,NaN
SUPER_10,26930000,14,2,1,17,7,7,7.3333335
SUPER_10,26940000,68,2,7,77,31,37,17.777779
SUPER_10,26950000,9,1,2,12,6,3,2.3333333
SUPER_10,26960000,2,0,0,2,1,1,NaN
SUPER_10,26970000,35,6,5,46,12,23,7.2727275
SUPER_10,26980000,141,6,10,157,78,63,4.5625
SUPER_10,26990000,153,17,12,182,74,79,6.793103
SUPER_10,27000000,60,6,5,71,35,25,6.5454545
SUPER_10,27010000,175,7,26,208,80,95,16.242424
SUPER_10,27020000,102,11,9,122,49,53,7.4
SUPER_10,27030000,131,12,11,154,66,65,2.347826
SUPER_10,27040000,173,15,21,209,90,83,8.833333
SUPER_10,27050000,171,11,16,198,76,95,13.259259
SUPER_10,27060000,120,9,7,136,52,68,2.9375
SUPER_10,27070000,129,9,10,148,71,58,10.210526
SUPER_10,27080000,141,11,10,162,64,77,8.238095
SUPER_10,27090000,127,9,6,142,74,53,6.4
SUPER_10,27100000,118,9,7,134,67,51,24.375
SUPER_10,27110000,0,0,0,0,0,0,0
SUPER_10,27120000,0,0,0,0,0,0,0
SUPER_10,27130000,204,7,16,227,113,91,10.130435
SUPER_10,27140000,168,10,10,188,91,77,5.8
SUPER_10,27150000,8,1,0,9,4,4,2
SUPER_10,27160000,5,0,0,5,5,0,NaN
SUPER_10,27170000,110,7,8,125,62,48,2.6
SUPER_10,27180000,46,4,3,53,23,23,7.714286
SUPER_10,27190000,1,0,0,1,1,0,NaN
SUPER_10,27200000,0,0,1,1,0,0,1
SUPER_10,27210000,2,1,0,3,1,1,1
SUPER_10,27220000,1,0,0,1,1,0,NaN
SUPER_10,27230000,71,5,3,79,38,33,6.875
SUPER_10,27240000,177,10,17,204,98,79,19.11111
SUPER_10,27250000,84,7,6,97,42,42,2.1538463
SUPER_10,27260000,77,4,2,83,38,39,3.5
SUPER_10,27270000,182,15,17,214,84,98,6.125
SUPER_10,27280000,107,3,6,116,63,44,7.7777777
SUPER_10,27290000,121,17,12,150,63,58,8.75862
SUPER_10,27300000,129,13,17,159,62,67,6
SUPER_10,27310000,200,7,21,228,99,101,15.142858
SUPER_10,27320000,165,12,10,187,86,79,7.2272725
SUPER_10,27330000,124,7,5,136,71,53,10.583333
SUPER_10,27340000,133,5,9,147,74,59,20.642857
SUPER_10,27350000,123,10,8,141,62,61,7.3333335
SUPER_10,27360000,69,2,7,78,37,32,4.6666665
SUPER_10,27370000,95,8,10,113,42,53,6.0555553
SUPER_10,27380000,108,8,12,128,51,57,4.35
SUPER_10,27390000,82,7,3,92,41,41,3.2
SUPER_10,27400000,122,15,11,148,66,56,5.3846154
SUPER_10,27410000,94,9,9,112,44,50,15.388889
SUPER_10,27420000,132,12,14,158,66,66,10.384615
SUPER_10,27430000,36,5,4,45,22,14,6.888889
SUPER_10,27440000,106,9,6,121,53,53,13.6
SUPER_10,27450000,4,1,0,5,2,2,1
SUPER_10,27460000,0,0,1,1,0,0,10
SUPER_10,27470000,1,0,0,1,1,0,NaN
SUPER_10,27480000,0,0,0,0,0,0,0
SUPER_10,27490000,0,0,0,0,0,0,0
SUPER_10,27500000,44,3,1,48,22,22,1.75
SUPER_10,27510000,100,6,5,111,49,51,5.6363635
SUPER_10,27520000,70,7,4,81,39,31,6.7272725
SUPER_10,27530000,33,6,1,40,18,15,15
SUPER_10,27540000,0,0,0,0,0,0,0
SUPER_10,27550000,0,0,0,0,0,0,0
SUPER_10,27560000,151,5,12,168,67,84,4.2352943
SUPER_10,27570000,170,15,15,200,88,82,30.766666
SUPER_10,27580000,124,16,8,148,51,73,5.2916665
SUPER_10,27590000,35,2,5,42,15,20,3.4285715
SUPER_10,27600000,1,1,1,3,1,0,3
SUPER_10,27610000,1,0,0,1,1,0,NaN
SUPER_10,27620000,3,0,0,3,1,2,NaN
SUPER_10,27630000,3,0,0,3,2,1,NaN
SUPER_10,27640000,2,0,0,2,1,1,NaN
SUPER_10,27650000,5,1,0,6,3,2,1
SUPER_10,27660000,3,1,0,4,2,1,2
SUPER_10,27670000,52,2,4,58,22,30,2.5
SUPER_10,27680000,73,6,5,84,36,37,14.636364
SUPER_10,27690000,94,10,3,107,49,45,2.8461537
SUPER_10,27700000,56,9,4,69,27,29,4.5384617
SUPER_10,27710000,2,2,0,4,1,1,7
SUPER_10,27720000,3,1,0,4,1,2,4
SUPER_10,27730000,13,0,2,15,5,8,15
SUPER_10,27740000,21,1,2,24,9,12,13.333333
SUPER_10,27750000,1,0,0,1,0,1,NaN
SUPER_10,27760000,2,0,0,2,2,0,NaN
SUPER_10,27770000,1,0,0,1,0,1,NaN
SUPER_10,27780000,102,13,7,122,51,51,8.35
SUPER_10,27790000,108,9,10,127,58,50,5.631579
SUPER_10,27800000,189,16,15,220,91,98,14.354838
SUPER_10,27810000,146,11,9,166,73,73,3.9
SUPER_10,27820000,171,11,12,194,86,85,12.347826
SUPER_10,27830000,108,8,9,125,51,57,9.176471
SUPER_10,27840000,60,3,3,66,28,32,67
SUPER_10,27850000,28,3,2,33,19,9,4
SUPER_10,27860000,36,2,0,38,19,17,3.5
SUPER_10,27870000,70,5,4,79,33,37,1.7777778
SUPER_10,27880000,160,19,16,195,80,80,6.1714287
SUPER_10,27890000,115,11,11,137,53,62,14.454545
SUPER_10,27900000,132,6,20,158,76,56,5.923077
SUPER_10,27910000,113,7,3,123,56,57,17.1
SUPER_10,27920000,88,8,10,106,40,48,6.111111
SUPER_10,27930000,80,8,6,94,28,52,6.428571
SUPER_10,27940000,0,0,0,0,0,0,0
SUPER_10,27950000,0,0,0,0,0,0,0
SUPER_10,27960000,51,5,11,67,22,29,7.125
SUPER_10,27970000,81,12,10,103,39,42,26.545454
SUPER_10,27980000,51,4,9,64,29,22,3.3846154
SUPER_10,27990000,91,5,7,103,38,53,8.416667
SUPER_10,28000000,2,0,0,2,1,1,NaN
SUPER_10,28010000,1,0,0,1,1,0,NaN
SUPER_10,28020000,4,0,0,4,4,0,NaN
SUPER_10,28030000,102,3,5,110,52,50,3.625
SUPER_10,28040000,11,0,0,11,6,5,NaN
SUPER_10,28050000,32,2,3,37,15,17,15.6
SUPER_10,28060000,103,12,16,131,48,55,5.285714
SUPER_10,28070000,114,8,12,134,54,60,13.3
SUPER_10,28080000,1,0,0,1,0,1,NaN
SUPER_10,28090000,73,9,5,87,43,30,5.5
SUPER_10,28100000,105,10,7,122,52,53,6.470588
SUPER_10,28110000,49,4,3,56,27,22,8.428572
SUPER_10,28120000,108,8,8,124,48,60,5.1875
SUPER_10,28130000,136,10,16,162,60,76,6.5384617
SUPER_10,28140000,104,12,13,129,58,46,6
SUPER_10,28150000,72,2,10,84,35,37,6.25
SUPER_10,28160000,127,9,9,145,66,61,8.388889
SUPER_10,28170000,110,7,8,125,61,49,28.733334
SUPER_10,28180000,83,6,8,97,40,43,9
SUPER_10,28190000,63,4,2,69,28,35,1.1666666
SUPER_10,28200000,127,13,9,149,69,58,7.1363635
SUPER_10,28210000,182,9,7,198,88,94,5.5625
SUPER_10,28220000,150,9,12,171,76,74,10.714286
SUPER_10,28230000,52,8,3,63,26,26,3.909091
SUPER_10,28240000,85,4,10,99,39,46,5.5
SUPER_10,28250000,136,7,11,154,67,69,7.388889
SUPER_10,28260000,65,2,6,73,35,30,18.375
SUPER_10,28270000,118,9,10,137,66,52,10.263158
SUPER_10,28280000,115,6,6,127,51,64,11
SUPER_10,28290000,95,11,4,110,47,48,5.0666666
SUPER_10,28300000,72,3,4,79,29,43,4.857143
SUPER_10,28310000,88,2,7,97,41,47,4.2222223
SUPER_10,28320000,49,4,9,62,18,31,5.4615383
SUPER_10,28330000,92,6,4,102,46,46,7.1
SUPER_10,28340000,94,4,5,103,42,52,4.5555553
SUPER_10,28350000,121,11,8,140,59,62,5.736842
SUPER_10,28360000,2,0,1,3,0,2,28
SUPER_10,28370000,0,1,0,1,0,0,4
SUPER_10,28380000,95,8,6,109,48,47,3.357143
SUPER_10,28390000,70,3,4,77,39,31,14.285714
SUPER_10,28400000,5,1,1,7,1,4,2.5
SUPER_10,28410000,12,0,3,15,9,3,2
SUPER_10,28420000,181,13,7,201,90,91,5.7
SUPER_10,28430000,185,7,12,204,101,84,22.157894
SUPER_10,28440000,98,4,7,109,57,41,3.909091
SUPER_10,28450000,53,5,4,62,24,29,3.7777777
SUPER_10,28460000,54,3,5,62,29,25,11.75
SUPER_10,28470000,130,13,16,159,66,64,19.206896
SUPER_10,28480000,127,9,9,145,52,75,6.611111
SUPER_10,28490000,0,0,0,0,0,0,0
SUPER_10,28500000,0,0,0,0,0,0,0
SUPER_10,28510000,168,7,9,184,89,79,13.3125
SUPER_10,28520000,151,12,13,176,80,71,8.2
SUPER_10,28530000,29,3,2,34,19,10,4.8
SUPER_10,28540000,0,0,0,0,0,0,0
SUPER_10,28550000,0,0,0,0,0,0,0
SUPER_10,28560000,125,4,5,134,54,71,4.7777777
SUPER_10,28570000,134,10,13,157,69,65,2.2608695
SUPER_10,28580000,2,0,0,2,1,1,NaN
SUPER_10,28590000,0,0,0,0,0,0,0
SUPER_10,28600000,0,0,0,0,0,0,0
SUPER_10,28610000,0,0,0,0,0,0,0
SUPER_10,28620000,0,0,0,0,0,0,0
SUPER_10,28630000,7,1,1,9,4,3,1
SUPER_10,28640000,3,0,0,3,2,1,NaN
SUPER_10,28650000,1,0,0,1,0,1,NaN
SUPER_10,28660000,62,5,4,71,27,35,5.5555553
SUPER_10,28670000,89,10,9,108,39,50,9.578947
SUPER_10,28680000,31,1,2,34,18,13,5.6666665
SUPER_10,28690000,2,1,0,3,1,1,2
SUPER_10,28700000,1,0,1,2,1,0,2
SUPER_10,28710000,2,0,0,2,1,1,NaN
SUPER_10,28720000,0,1,0,1,0,0,24
SUPER_10,28730000,8,1,1,10,5,3,3.5
SUPER_10,28740000,42,3,1,46,30,12,4.5
SUPER_10,28750000,34,4,3,41,12,22,4.428571
SUPER_10,28760000,98,6,5,109,52,46,2.4545455
SUPER_10,28770000,26,0,2,28,10,16,106
SUPER_10,28780000,29,3,2,34,14,15,14.8
SUPER_10,28790000,62,7,2,71,28,34,43.77778
SUPER_10,28800000,0,0,0,0,0,0,0
SUPER_10,28810000,0,0,0,0,0,0,0
SUPER_10,28820000,43,4,1,48,26,17,4
SUPER_10,28830000,97,10,4,111,46,51,7.5
SUPER_10,28840000,14,1,0,15,6,8,1
SUPER_10,28850000,2,2,1,5,1,1,14.333333
SUPER_10,28860000,0,0,0,0,0,0,0
SUPER_10,28870000,0,0,0,0,0,0,0
SUPER_10,28880000,9,1,1,11,7,2,1.5
SUPER_10,28890000,1,0,0,1,1,0,NaN
SUPER_10,28900000,0,1,0,1,0,0,5
SUPER_10,28910000,2,0,0,2,1,1,NaN
SUPER_10,28920000,25,4,3,32,8,17,2.5714285
SUPER_10,28930000,12,2,1,15,6,6,8.333333
SUPER_10,28940000,8,0,1,9,3,5,1
SUPER_10,28950000,95,6,7,108,44,51,5.1538463
SUPER_10,28960000,1,1,0,2,1,0,1
SUPER_10,28970000,164,12,10,186,80,84,7.909091
SUPER_10,28980000,128,12,13,153,69,59,5.76
SUPER_10,28990000,150,8,9,167,83,67,37.17647
SUPER_10,29000000,114,1,12,127,60,54,7.923077
SUPER_10,29010000,118,3,13,134,71,47,10.875
SUPER_10,29020000,145,12,13,170,60,85,3.84
SUPER_10,29030000,121,13,8,142,63,58,11.238095
SUPER_10,29040000,126,14,13,153,61,65,17.25926
SUPER_10,29050000,171,9,18,198,93,78,2.6296296
SUPER_10,29060000,91,7,6,104,43,48,13.538462
SUPER_10,29070000,101,8,9,118,46,55,11.176471
SUPER_10,29080000,87,8,3,98,35,52,5.6363635
SUPER_10,29090000,139,10,13,162,63,76,13.304348
SUPER_10,29100000,207,14,21,242,92,115,4.3142858
SUPER_10,29110000,20,1,4,25,16,4,141.6
SUPER_10,29120000,0,1,0,1,0,0,1
SUPER_10,29130000,86,4,15,105,46,40,7
SUPER_10,29140000,143,15,12,170,71,72,5.9259257
SUPER_10,29150000,164,19,18,201,100,64,25.783783
SUPER_10,29160000,107,9,13,129,53,54,5.5
SUPER_10,29170000,51,5,7,63,27,24,5.6666665
SUPER_10,29180000,60,13,15,88,28,32,5.392857
SUPER_10,29190000,112,12,10,134,57,55,7.7727275
SUPER_10,29200000,104,7,8,119,55,49,3.5333333
SUPER_10,29210000,108,7,11,126,59,49,6.388889
SUPER_10,29220000,71,7,7,85,41,30,4.857143
SUPER_10,29230000,111,9,6,126,52,59,5.2
SUPER_10,29240000,54,1,7,62,31,23,5.875
SUPER_10,29250000,162,15,7,184,67,95,6.2727275
SUPER_10,29260000,103,9,5,117,51,52,5.428571
SUPER_10,29270000,11,0,1,12,7,4,1
SUPER_10,29280000,0,0,0,0,0,0,0
SUPER_10,29290000,0,0,0,0,0,0,0
SUPER_10,29300000,0,0,0,0,0,0,0
SUPER_10,29310000,0,0,0,0,0,0,0
SUPER_10,29320000,8,2,1,11,4,4,5.3333335
SUPER_10,29330000,8,2,1,11,2,6,13
SUPER_10,29340000,91,10,10,111,41,50,3.9
SUPER_10,29350000,74,6,10,90,35,39,3.5625
SUPER_10,29360000,133,8,20,161,73,60,8.178572
SUPER_10,29370000,192,8,12,212,100,92,5.45
SUPER_10,29380000,148,15,12,175,72,76,4.3333335
SUPER_10,29390000,52,2,2,56,29,23,38.5
SUPER_10,29400000,146,11,13,170,71,75,7.375
SUPER_10,29410000,74,6,10,90,34,40,7.625
SUPER_10,29420000,55,4,4,63,34,21,4.125
SUPER_10,29430000,70,1,3,74,33,37,6.25
SUPER_10,29440000,80,10,10,100,41,39,5.4
SUPER_10,29450000,98,13,9,120,45,53,5.818182
SUPER_10,29460000,131,10,7,148,64,67,34.117645
SUPER_10,29470000,79,7,10,96,34,45,4.882353
SUPER_10,29480000,126,6,8,140,65,61,6.642857
SUPER_10,29490000,142,9,4,155,78,64,8.538462
SUPER_10,29500000,80,7,9,96,44,36,8.25
SUPER_10,29510000,137,11,13,161,71,66,13.5
SUPER_10,29520000,140,11,13,164,74,66,7.4583335
SUPER_10,29530000,106,12,8,126,46,60,5.3
SUPER_10,29540000,116,16,14,146,47,69,4.5666666
SUPER_10,29550000,67,8,12,87,38,29,5.8
SUPER_10,29560000,78,9,5,92,43,35,6.571429
SUPER_10,29570000,79,11,7,97,39,40,6.0555553
SUPER_10,29580000,38,3,3,44,22,16,5.8333335
SUPER_10,29590000,98,5,11,114,48,50,13.125
SUPER_10,29600000,10,0,0,10,4,6,NaN
SUPER_10,29610000,1,0,1,2,1,0,2
SUPER_10,29620000,95,3,4,102,43,52,135.42857
SUPER_10,29630000,100,13,6,119,45,55,5
SUPER_10,29640000,115,11,5,131,63,52,5.8125
SUPER_10,29650000,113,12,8,133,63,50,4.45
SUPER_10,29660000,82,0,5,87,40,42,3.4
SUPER_10,29670000,128,6,11,145,71,57,2.3529413
SUPER_10,29680000,17,3,0,20,10,7,4.3333335
SUPER_10,29690000,75,6,8,89,34,41,4.642857
SUPER_10,29700000,57,8,3,68,30,27,6.6363635
SUPER_10,29710000,165,24,8,197,83,82,6.03125
SUPER_10,29720000,57,5,5,67,30,27,25.1
SUPER_10,29730000,19,1,1,21,12,7,1
SUPER_10,29740000,1,0,1,2,0,1,1
SUPER_10,29750000,114,6,5,125,57,57,7.6363635
SUPER_10,29760000,131,13,20,164,75,56,6.878788
SUPER_10,29770000,58,3,6,67,28,30,4.6666665
SUPER_10,29780000,102,2,7,111,47,55,11.666667
SUPER_10,29790000,71,5,9,85,40,31,10.357142
SUPER_10,29800000,19,1,2,22,9,10,13.333333
SUPER_10,29810000,93,6,10,109,44,49,7.75
SUPER_10,29820000,110,2,8,120,58,52,6.7
SUPER_10,29830000,0,0,0,0,0,0,0
SUPER_10,29840000,0,0,0,0,0,0,0
SUPER_10,29850000,97,5,3,105,45,52,7.25
SUPER_10,29860000,19,4,5,28,7,12,46.22222
SUPER_10,29870000,4,1,0,5,2,2,65
SUPER_10,29880000,2,0,0,2,1,1,NaN
SUPER_10,29890000,60,5,8,73,29,31,10.230769
SUPER_10,29900000,116,5,10,131,68,48,19.333334
SUPER_10,29910000,143,9,15,167,83,60,8.666667
SUPER_10,29920000,25,3,3,31,11,14,2.3333333
SUPER_10,29930000,176,12,13,201,98,78,6.2
SUPER_10,29940000,163,11,11,185,95,68,7.409091
SUPER_10,29950000,55,6,4,65,26,29,8.4
SUPER_10,29960000,42,2,5,49,18,24,23.428572
SUPER_10,29970000,80,9,4,93,39,41,6.5384617
SUPER_10,29980000,60,4,5,69,28,32,2.3333333
SUPER_10,29990000,114,10,8,132,61,53,3.9444444
SUPER_10,30000000,67,6,4,77,33,34,5.6
SUPER_10,30010000,81,3,3,87,43,38,1.1666666
SUPER_10,30020000,131,8,11,150,66,65,19.052631
SUPER_10,30030000,143,9,8,160,79,64,11
SUPER_10,30040000,131,5,12,148,76,55,6.647059
SUPER_10,30050000,117,6,8,131,54,63,5.571429
SUPER_10,30060000,137,4,11,152,63,74,4.0666666
SUPER_10,30070000,60,6,3,69,30,30,5.888889
SUPER_10,30080000,2,0,0,2,1,1,NaN
SUPER_10,30090000,10,1,3,14,5,5,2.75
SUPER_10,30100000,133,9,6,148,61,72,8.4
SUPER_10,30110000,54,8,6,68,29,25,11.142858
SUPER_10,30120000,190,14,9,213,98,92,6
SUPER_10,30130000,124,11,12,147,59,65,5.0869565
SUPER_10,30140000,150,6,8,164,72,78,4.071429
SUPER_10,30150000,68,5,5,78,38,30,7.8
SUPER_10,30160000,140,9,13,162,72,68,7.7272725
SUPER_10,30170000,96,7,10,113,53,43,10.882353
SUPER_10,30180000,154,9,13,176,79,75,17.90909
SUPER_10,30190000,92,11,7,110,42,50,8.722222
SUPER_10,30200000,114,9,12,135,51,63,20.904762
SUPER_10,30210000,161,14,12,187,74,87,12.961538
SUPER_10,30220000,118,7,10,135,52,66,7.9411764
SUPER_10,30230000,155,9,9,173,80,75,5.4444447
SUPER_10,30240000,100,8,15,123,46,54,14.173913
SUPER_10,30250000,118,10,7,135,61,57,6.8235292
SUPER_10,30260000,130,9,14,153,72,58,38.826088
SUPER_10,30270000,140,6,5,151,72,68,4.5454545
SUPER_10,30280000,46,4,4,54,24,22,4.125
SUPER_10,30290000,114,3,7,124,53,61,14.5
SUPER_10,30300000,164,10,7,181,85,79,6.9411764
SUPER_10,30310000,36,4,2,42,17,19,5.1666665
SUPER_10,30320000,86,12,5,103,42,44,16.17647
SUPER_10,30330000,82,6,4,92,35,47,10
SUPER_10,30340000,184,14,11,209,110,74,8.16
SUPER_10,30350000,182,9,14,205,99,83,9
SUPER_10,30360000,154,11,14,179,74,80,19.72
SUPER_10,30370000,117,6,10,133,59,58,5.9375
SUPER_10,30380000,105,10,7,122,50,55,3.0588236
SUPER_10,30390000,123,8,13,144,65,58,26.190475
SUPER_10,30400000,28,2,1,31,16,12,4.3333335
SUPER_10,30410000,1,0,0,1,1,0,NaN
SUPER_10,30420000,28,2,2,32,15,13,2.75
SUPER_10,30430000,138,12,13,163,70,68,6.2
SUPER_10,30440000,141,9,10,160,69,72,6.5263157
SUPER_10,30450000,113,7,12,132,57,56,5.894737
SUPER_10,30460000,45,2,5,52,19,26,7.428571
SUPER_10,30470000,26,4,1,31,9,17,3.4
SUPER_10,30480000,6,0,1,7,3,3,5
SUPER_10,30490000,0,0,0,0,0,0,0
SUPER_10,30500000,0,0,0,0,0,0,0
SUPER_10,30510000,2,0,0,2,2,0,NaN
SUPER_10,30520000,2,0,0,2,2,0,NaN
SUPER_10,30530000,2,1,0,3,0,2,1
SUPER_10,30540000,71,3,5,79,35,36,9.125
SUPER_10,30550000,34,1,3,38,17,17,13
SUPER_10,30560000,119,14,8,141,53,66,9.181818
SUPER_10,30570000,11,2,0,13,7,4,5.5
SUPER_10,30580000,71,9,8,88,40,31,4.117647
SUPER_10,30590000,54,5,7,66,25,29,2
SUPER_10,30600000,107,11,7,125,56,51,4.111111
SUPER_10,30610000,29,4,5,38,14,15,7.3333335
SUPER_10,30620000,130,9,7,146,61,69,8.6875
SUPER_10,30630000,1,0,0,1,1,0,NaN
SUPER_10,30640000,3,0,0,3,1,2,NaN
SUPER_10,30650000,35,2,6,43,21,14,4
SUPER_10,30660000,97,5,5,107,56,41,2.7
SUPER_10,30670000,108,8,3,119,61,47,2.4545455
SUPER_10,30680000,196,12,21,229,98,98,5.757576
SUPER_10,30690000,93,9,6,108,46,47,8.333333
SUPER_10,30700000,161,13,15,189,73,88,20.357143
SUPER_10,30710000,108,10,15,133,42,66,5.72
SUPER_10,30720000,50,5,5,60,25,25,2.4
SUPER_10,30730000,30,1,2,33,10,20,1.3333334
SUPER_10,30740000,85,10,13,108,36,49,6.9130435
SUPER_10,30750000,0,0,1,1,0,0,2
SUPER_10,30760000,0,0,1,1,0,0,1
SUPER_10,30770000,0,0,0,0,0,0,0
SUPER_10,30780000,0,0,0,0,0,0,0
SUPER_10,30790000,5,1,0,6,2,3,6
SUPER_10,30800000,2,1,1,4,2,0,1
SUPER_10,30810000,30,1,2,33,23,7,21
SUPER_10,30820000,0,1,0,1,0,0,2
SUPER_10,30830000,25,5,2,32,15,10,40.42857
SUPER_10,30840000,124,10,12,146,61,63,6.2727275
SUPER_10,30850000,0,0,0,0,0,0,0
SUPER_10,30860000,0,0,0,0,0,0,0
SUPER_10,30870000,75,3,9,87,42,33,8
SUPER_10,30880000,118,4,7,129,55,63,3
SUPER_10,30890000,79,14,7,100,37,42,13.523809
SUPER_10,30900000,76,9,4,89,35,41,8.461538
SUPER_10,30910000,31,1,3,35,14,17,3
SUPER_10,30920000,90,5,5,100,49,41,7.8
SUPER_10,30930000,2,0,0,2,1,1,NaN
SUPER_10,30940000,1,0,0,1,1,0,NaN
SUPER_10,30950000,28,3,5,36,14,14,82.625
SUPER_10,30960000,95,7,7,109,48,47,26.285715
SUPER_10,30970000,148,9,8,165,72,76,6.8235292
SUPER_10,30980000,90,3,9,102,50,40,4
SUPER_10,30990000,61,6,8,75,33,28,5.214286
SUPER_10,31000000,97,4,6,107,52,45,8.5
SUPER_10,31010000,101,11,6,118,52,49,10.529411
SUPER_10,31020000,86,9,7,102,44,42,7
SUPER_10,31030000,126,7,11,144,59,67,7.8333335
SUPER_10,31040000,62,5,4,71,31,31,3.6666667
SUPER_10,31050000,60,7,7,74,28,32,3.2857144
SUPER_10,31060000,9,1,1,11,4,5,3.5
SUPER_10,31070000,5,1,0,6,2,3,20
SUPER_10,31080000,1,1,1,3,0,1,1
SUPER_10,31090000,62,8,7,77,36,26,7.4
SUPER_10,31100000,154,14,10,178,80,74,12.791667
SUPER_10,31110000,88,7,7,102,40,48,7.857143
SUPER_10,31120000,81,7,6,94,34,47,8.153846
SUPER_10,31130000,79,3,4,86,39,40,7.857143
SUPER_10,31140000,92,5,11,108,52,40,20.75
SUPER_10,31150000,91,8,13,112,50,41,31
SUPER_10,31160000,66,4,3,73,36,30,3.5714285
SUPER_10,31170000,73,2,7,82,42,31,44.666668
SUPER_10,31180000,80,5,4,89,37,43,8.555555
SUPER_10,31190000,70,3,7,80,36,34,5.1
SUPER_10,31200000,56,3,10,69,30,26,3.2307692
SUPER_10,31210000,175,7,10,192,101,74,6.647059
SUPER_10,31220000,125,9,11,145,55,70,7.95
SUPER_10,31230000,102,9,9,120,52,50,3.5
SUPER_10,31240000,108,19,8,135,47,61,4.9259257
SUPER_10,31250000,147,11,10,168,74,73,6.857143
SUPER_10,31260000,66,5,3,74,35,31,4.125
SUPER_10,31270000,47,6,7,60,22,25,5.230769
SUPER_10,31280000,82,6,7,95,34,48,8.076923
SUPER_10,31290000,81,4,9,94,39,42,6.3846154
SUPER_10,31300000,80,6,3,89,50,30,5.7777777
SUPER_10,31310000,96,4,2,102,58,38,6.5
SUPER_10,31320000,75,4,6,85,40,35,8.7
SUPER_10,31330000,111,11,11,133,61,50,7.409091
SUPER_10,31340000,55,3,5,63,30,25,6.5
SUPER_10,31350000,130,6,11,147,80,50,11.3529415
SUPER_10,31360000,0,0,0,0,0,0,0
SUPER_10,31370000,0,0,0,0,0,0,0
SUPER_10,31380000,16,1,0,17,11,5,1
SUPER_10,31390000,47,5,1,53,27,20,5.6666665
SUPER_10,31400000,2,0,0,2,2,0,NaN
SUPER_10,31410000,1,0,2,3,1,0,19.5
SUPER_10,31420000,20,4,1,25,13,7,5.2
SUPER_10,31430000,85,16,7,108,44,41,4
SUPER_10,31440000,101,20,9,130,53,48,6.37931
SUPER_10,31450000,155,9,12,176,77,78,8.666667
SUPER_10,31460000,134,13,5,152,82,52,10.944445
SUPER_10,31470000,117,11,4,132,51,66,3.4
SUPER_10,31480000,60,5,6,71,35,25,7.6363635
SUPER_10,31490000,79,4,4,87,45,34,2.75
SUPER_10,31500000,50,3,4,57,26,24,5.857143
SUPER_10,31510000,25,1,2,28,14,11,2.6666667
SUPER_10,31520000,115,6,19,140,61,54,13.96
SUPER_10,31530000,9,2,0,11,8,1,3
SUPER_10,31540000,9,1,1,11,5,4,3.5
SUPER_10,31550000,0,0,0,0,0,0,0
SUPER_10,31560000,0,0,0,0,0,0,0
SUPER_10,31570000,3,1,1,5,1,2,6
SUPER_10,31580000,1,0,0,1,1,0,NaN
SUPER_10,31590000,2,0,0,2,1,1,NaN
SUPER_10,31600000,1,1,0,2,1,0,6
SUPER_10,31610000,2,0,0,2,1,1,NaN
SUPER_10,31620000,0,2,0,2,0,0,1.5
SUPER_10,31630000,6,1,0,7,1,5,2
SUPER_10,31640000,3,1,0,4,2,1,1
SUPER_10,31650000,2,1,1,4,1,1,1
SUPER_10,31660000,1,0,0,1,0,1,NaN
SUPER_10,31670000,2,0,0,2,2,0,NaN
SUPER_10,31680000,0,0,2,2,0,0,2.5
SUPER_10,31690000,2,0,0,2,1,1,NaN
SUPER_10,31700000,3,0,1,4,2,1,109
SUPER_10,31710000,2,0,1,3,0,2,1
SUPER_10,31720000,3,0,0,3,1,2,NaN
SUPER_10,31730000,35,5,4,44,20,15,2.6666667
SUPER_10,31740000,11,0,0,11,8,3,NaN
SUPER_10,31750000,2,0,0,2,2,0,NaN
SUPER_10,31760000,12,1,2,15,6,6,11
SUPER_10,31770000,86,3,10,99,52,34,14.461538
SUPER_10,31780000,158,11,5,174,83,75,15.125
SUPER_10,31790000,131,7,10,148,62,69,3
SUPER_10,31800000,150,8,5,163,91,59,6.1538463
SUPER_10,31810000,91,5,5,101,54,37,2.4
SUPER_10,31820000,130,5,11,146,71,59,5
SUPER_10,31830000,0,1,0,1,0,0,1
SUPER_10,31840000,46,3,2,51,27,19,1.8
SUPER_10,31850000,107,8,5,120,55,52,5.3846154
SUPER_10,31860000,63,4,5,72,29,34,11.666667
SUPER_10,31870000,133,12,9,154,68,65,8.333333
SUPER_10,31880000,190,21,14,225,93,97,18.77143
SUPER_10,31890000,81,5,6,92,40,41,10.181818
SUPER_10,31900000,183,10,10,203,105,78,11
SUPER_10,31910000,17,1,1,19,10,7,1
SUPER_10,31920000,0,1,0,1,0,0,6
SUPER_10,31930000,88,5,5,98,38,50,12.1
SUPER_10,31940000,190,12,11,213,118,72,5.4347825
SUPER_10,31950000,227,7,14,248,130,97,8.428572
SUPER_10,31960000,120,11,6,137,60,60,12.941176
SUPER_10,31970000,100,14,9,123,49,51,9.652174
SUPER_10,31980000,147,10,5,162,84,63,6.9333334
SUPER_10,31990000,86,7,4,97,43,43,4.4545455
SUPER_10,32000000,86,3,8,97,51,35,26.454546
SUPER_10,32010000,3,1,0,4,1,2,22
SUPER_10,32020000,6,0,0,6,3,3,NaN
SUPER_10,32030000,6,2,0,8,3,3,4
SUPER_10,32040000,4,3,0,7,2,2,6.3333335
SUPER_10,32050000,46,1,2,49,27,19,22
SUPER_10,32060000,56,4,4,64,27,29,6.25
SUPER_10,32070000,106,6,7,119,62,44,11.230769
SUPER_10,32080000,17,1,4,22,8,9,6.4
SUPER_10,32090000,99,6,11,116,50,49,7.8235292
SUPER_10,32100000,4,0,1,5,1,3,4
SUPER_10,32110000,2,0,0,2,2,0,NaN
SUPER_10,32120000,14,1,2,17,12,2,2.6666667
SUPER_10,32130000,112,7,11,130,54,58,6.8333335
SUPER_10,32140000,104,10,10,124,56,48,13.75
SUPER_10,32150000,110,4,7,121,60,50,17.363636
SUPER_10,32160000,187,13,14,214,92,95,4.185185
SUPER_10,32170000,142,4,7,153,70,72,5.181818
SUPER_10,32180000,117,11,6,134,62,55,7.0588236
SUPER_10,32190000,81,4,7,92,48,33,14.818182
SUPER_10,32200000,74,4,9,87,36,38,9.384615
SUPER_10,32210000,192,7,11,210,95,97,20.166666
SUPER_10,32220000,129,12,11,152,67,62,5.173913
SUPER_10,32230000,145,14,4,163,69,76,15.055555
SUPER_10,32240000,65,6,4,75,35,30,5.5
SUPER_10,32250000,103,5,5,113,47,56,9.1
SUPER_10,32260000,146,7,8,161,71,75,53.6
SUPER_10,32270000,100,7,10,117,66,34,4.8235292
SUPER_10,32280000,188,11,13,212,93,95,8.375
SUPER_10,32290000,188,5,13,206,97,91,11.777778
SUPER_10,32300000,157,12,14,183,88,69,5.3461537
SUPER_10,32310000,152,8,13,173,76,76,8.190476
SUPER_10,32320000,160,7,19,186,83,76,9.384615
SUPER_10,32330000,91,4,4,99,50,41,18.625
SUPER_10,32340000,37,1,3,41,24,13,3.75
SUPER_10,32350000,154,9,12,175,86,68,4.4761906
SUPER_10,32360000,93,3,4,100,56,37,7.142857
SUPER_10,32370000,80,6,6,92,44,36,6.5
SUPER_10,32380000,152,15,14,181,81,71,3.5517242
SUPER_10,32390000,134,11,9,154,77,57,6.65
SUPER_10,32400000,203,11,10,224,120,83,5.952381
SUPER_10,32410000,129,9,10,148,60,69,20.052631
SUPER_10,32420000,91,10,2,103,46,45,3.6666667
SUPER_10,32430000,56,3,1,60,33,23,1
SUPER_10,32440000,28,3,5,36,19,9,1.875
SUPER_10,32450000,129,10,10,149,67,62,15.15
SUPER_10,32460000,111,6,7,124,68,43,24.846153
SUPER_10,32470000,27,1,3,31,13,14,2.5
SUPER_10,32480000,3,0,1,4,3,0,2
SUPER_10,32490000,0,1,1,2,0,0,55
SUPER_10,32500000,2,0,0,2,0,2,NaN
SUPER_10,32510000,5,1,1,7,2,3,9.5
SUPER_10,32520000,1,1,0,2,1,0,1
SUPER_10,32530000,64,3,4,71,31,33,4.285714
SUPER_10,32540000,1,1,0,2,0,1,8
SUPER_10,32550000,2,0,0,2,0,2,NaN
SUPER_10,32560000,88,7,12,107,44,44,8.263158
SUPER_10,32570000,119,9,8,136,62,57,8.882353
SUPER_10,32580000,66,2,5,73,30,36,2.5714285
SUPER_10,32590000,81,4,4,89,39,42,12.25
SUPER_10,32600000,130,8,9,147,69,61,32.82353
SUPER_10,32610000,97,7,8,112,53,44,7.0666666
SUPER_10,32620000,24,2,3,29,12,12,6.6
SUPER_10,32630000,31,2,4,37,18,13,1.6666666
SUPER_10,32640000,115,4,8,127,66,49,5.75
SUPER_10,32650000,84,10,13,107,48,36,4.130435
SUPER_10,32660000,95,7,6,108,52,43,4.6923075
SUPER_10,32670000,122,9,12,143,66,56,8.380953
SUPER_10,32680000,137,8,9,154,73,64,5.470588
SUPER_10,32690000,32,1,3,36,21,11,2.25
SUPER_10,32700000,63,5,2,70,29,34,3.2857144
SUPER_10,32710000,109,8,7,124,60,49,8.266666
SUPER_10,32720000,42,0,7,49,24,18,14.428572
SUPER_10,32730000,31,3,2,36,14,17,6.4
SUPER_10,32740000,0,0,1,1,0,0,12
SUPER_10,32750000,4,1,0,5,1,3,13
SUPER_10,32760000,1,1,0,2,0,1,1
SUPER_10,32770000,112,8,8,128,68,44,5.8125
SUPER_10,32780000,83,7,2,92,39,44,3.4444444
SUPER_10,32790000,135,15,12,162,59,76,5.0740743
SUPER_10,32800000,99,7,10,116,45,54,5.7058825
SUPER_10,32810000,36,1,4,41,14,22,3.6
SUPER_10,32820000,69,5,13,87,36,33,5.5555553
SUPER_10,32830000,69,2,3,74,43,26,30
SUPER_10,32840000,40,1,2,43,24,16,9.333333
SUPER_10,32850000,32,1,1,34,20,12,3.5
SUPER_10,32860000,62,7,7,76,35,27,9.785714
SUPER_10,32870000,24,3,3,30,14,10,11.333333
SUPER_10,32880000,104,10,10,124,63,41,18.25
SUPER_10,32890000,50,6,7,63,23,27,5.6923075
SUPER_10,32900000,72,8,11,91,30,42,8.210526
SUPER_10,32910000,66,4,11,81,40,26,9.6
SUPER_10,32920000,126,6,16,148,59,67,40.31818
SUPER_10,32930000,113,11,13,137,52,61,12.25
SUPER_10,32940000,4,1,0,5,3,1,29
SUPER_10,32950000,80,8,6,94,41,39,7.714286
SUPER_10,32960000,62,10,9,81,28,34,8.105263
SUPER_10,32970000,151,8,18,177,86,65,33.73077
SUPER_10,32980000,54,5,8,67,20,34,10.923077
SUPER_10,32990000,44,4,3,51,19,25,2.5714285
SUPER_10,33000000,126,15,13,154,59,67,17.214285
SUPER_10,33010000,85,10,7,102,42,43,4.2941175
SUPER_10,33020000,108,7,12,127,60,48,12.263158
SUPER_10,33030000,60,3,8,71,30,30,2.8181818
SUPER_10,33040000,102,12,7,121,54,48,4.0526314
SUPER_10,33050000,139,7,9,155,71,68,11.5625
SUPER_10,33060000,94,5,13,112,51,43,12.555555
SUPER_10,33070000,97,6,8,111,42,55,19.857143
SUPER_10,33080000,148,6,7,161,73,75,23.153847
SUPER_10,33090000,96,6,2,104,49,47,4.75
SUPER_10,33100000,102,11,7,120,53,49,7.611111
SUPER_10,33110000,80,5,6,91,49,31,4.4545455
SUPER_10,33120000,84,8,6,98,43,41,5.5
SUPER_10,33130000,76,10,3,89,46,30,7.923077
SUPER_10,33140000,84,7,6,97,39,45,8.384615
SUPER_10,33150000,66,7,10,83,37,29,7.882353
SUPER_10,33160000,106,9,9,124,53,53,3.0555556
SUPER_10,33170000,126,12,8,146,71,55,6.65
SUPER_10,33180000,126,11,7,144,55,71,12.388889
SUPER_10,33190000,120,3,7,130,60,60,4.7
SUPER_10,33200000,38,9,6,53,15,23,6.4
SUPER_10,33210000,114,10,6,130,50,64,2.0625
SUPER_10,33220000,33,2,0,35,21,12,1
SUPER_10,33230000,0,0,0,0,0,0,0
SUPER_10,33240000,0,0,0,0,0,0,0
SUPER_10,33250000,100,8,2,110,64,36,7.1
SUPER_10,33260000,108,5,14,127,53,55,4.9473686
SUPER_10,33270000,117,7,10,134,69,48,23.529411
SUPER_10,33280000,0,0,0,0,0,0,0
SUPER_10,33290000,0,0,0,0,0,0,0
SUPER_10,33300000,105,7,7,119,50,55,4.857143
SUPER_10,33310000,104,14,8,126,56,48,5.2272725
SUPER_10,33320000,63,7,4,74,30,33,4.6363635
SUPER_10,33330000,47,4,5,56,23,24,6.7777777
SUPER_10,33340000,2,0,0,2,0,2,NaN
SUPER_10,33350000,4,0,2,6,2,2,1
SUPER_10,33360000,0,0,0,0,0,0,0
SUPER_10,33370000,0,0,0,0,0,0,0
SUPER_10,33380000,9,0,1,10,1,8,1
SUPER_10,33390000,3,0,0,3,1,2,NaN
SUPER_10,33400000,0,0,1,1,0,0,8
SUPER_10,33410000,1,0,0,1,0,1,NaN
SUPER_10,33420000,0,0,0,0,0,0,0
SUPER_10,33430000,0,0,0,0,0,0,0
SUPER_10,33440000,5,0,0,5,4,1,NaN
SUPER_10,33450000,2,0,0,2,0,2,NaN
SUPER_10,33460000,48,4,5,57,22,26,6.7777777
SUPER_10,33470000,182,8,10,200,100,82,5.611111
SUPER_10,33480000,118,9,12,139,57,61,10.095238
SUPER_10,33490000,66,6,6,78,26,40,6.75
SUPER_10,33500000,78,5,18,101,41,37,5.521739
SUPER_10,33510000,69,7,5,81,28,41,4.5833335
SUPER_10,33520000,124,9,9,142,52,72,9.555555
SUPER_10,33530000,104,10,14,128,55,49,4.875
SUPER_10,33540000,69,9,5,83,41,28,1.5714285
SUPER_10,33550000,129,9,18,156,71,58,6.4074073
SUPER_10,33560000,109,4,10,123,54,55,3.7142856
SUPER_10,33570000,80,8,6,94,41,39,6.928571
SUPER_10,33580000,60,9,2,71,32,28,9.636364
SUPER_10,33590000,37,8,4,49,21,16,9.833333
SUPER_10,33600000,89,6,5,100,46,43,2.8181818
SUPER_10,33610000,120,8,16,144,63,57,8
SUPER_10,33620000,130,5,18,153,68,62,63.608696
SUPER_10,33630000,20,2,2,24,12,8,1
SUPER_10,33640000,35,0,4,39,22,13,8
SUPER_10,33650000,58,7,5,70,35,23,5.0833335
SUPER_10,33660000,82,8,8,98,36,46,7.3125
SUPER_10,33670000,137,12,10,159,60,77,5.090909
SUPER_10,33680000,69,5,5,79,35,34,17.6
SUPER_10,33690000,57,3,6,66,32,25,23.777779
SUPER_10,33700000,111,2,8,121,49,62,11.2
SUPER_10,33710000,49,4,3,56,27,22,5.571429
SUPER_10,33720000,8,0,1,9,4,4,1
SUPER_10,33730000,95,6,8,109,43,52,9.642858
SUPER_10,33740000,112,4,5,121,64,48,3.6666667
SUPER_10,33750000,83,6,5,94,40,43,9.818182
SUPER_10,33760000,26,4,2,32,15,11,2.5
SUPER_10,33770000,4,0,0,4,1,3,NaN
SUPER_10,33780000,78,5,4,87,48,30,15.222222
SUPER_10,33790000,119,3,7,129,61,58,27.9
SUPER_10,33800000,10,0,0,10,7,3,NaN
SUPER_10,33810000,39,4,3,46,21,18,2.5714285
SUPER_10,33820000,24,3,3,30,15,9,3
SUPER_10,33830000,49,5,3,57,28,21,3.375
SUPER_10,33840000,60,4,4,68,31,29,6.375
SUPER_10,33850000,179,13,16,208,83,96,8.551724
SUPER_10,33860000,167,14,6,187,111,56,6.25
SUPER_10,33870000,114,10,4,128,62,52,2.0714285
SUPER_10,33880000,32,0,7,39,18,14,39.714287
SUPER_10,33890000,61,2,5,68,26,35,73.85714
SUPER_10,33900000,0,1,0,1,0,0,1
SUPER_10,33910000,24,2,2,28,10,14,5.75
SUPER_10,33920000,0,0,0,0,0,0,0
SUPER_10,33930000,0,0,0,0,0,0,0
SUPER_10,33940000,6,0,0,6,1,5,NaN
SUPER_10,33950000,1,0,0,1,1,0,NaN
SUPER_10,33960000,0,0,0,0,0,0,0
SUPER_10,33970000,0,0,0,0,0,0,0
SUPER_10,33980000,4,0,0,4,2,2,NaN
SUPER_10,33990000,2,1,0,3,2,0,1
SUPER_10,34000000,0,0,0,0,0,0,0
SUPER_10,34010000,0,0,0,0,0,0,0
SUPER_10,34020000,4,1,0,5,2,2,4
SUPER_10,34030000,2,0,0,2,0,2,NaN
SUPER_10,34040000,2,0,0,2,1,1,NaN
SUPER_10,34050000,1,1,0,2,1,0,8
SUPER_10,34060000,24,0,0,24,8,16,NaN
SUPER_10,34070000,44,2,2,48,27,17,2.25
SUPER_10,34080000,38,4,4,46,15,23,5.875
SUPER_10,34090000,59,6,4,69,27,32,8.2
SUPER_10,34100000,92,6,10,108,47,45,24.625
SUPER_10,34110000,65,2,4,71,38,27,3.3333333
SUPER_10,34120000,59,1,7,67,28,31,3.75
SUPER_10,34130000,54,6,5,65,25,29,3.1818182
SUPER_10,34140000,88,6,5,99,47,41,3.909091
SUPER_10,34150000,58,4,7,69,28,30,7.6363635
SUPER_10,34160000,90,8,6,104,42,48,4.5
SUPER_10,34170000,72,1,5,78,36,36,4.5
SUPER_10,34180000,45,2,7,54,21,24,10.555555
SUPER_10,34190000,52,5,2,59,26,26,10.142858
SUPER_10,34200000,49,8,3,60,30,19,9.090909
SUPER_10,34210000,67,11,5,83,31,36,13.5
SUPER_10,34220000,79,2,3,84,35,44,9.4
SUPER_10,34230000,38,4,8,50,24,14,27.416666
SUPER_10,34240000,42,5,2,49,21,21,4.714286
SUPER_10,34250000,23,2,5,30,13,10,12.571428
SUPER_10,34260000,66,6,5,77,36,30,9
SUPER_10,34270000,99,7,8,114,55,44,19.533333
SUPER_10,34280000,18,2,1,21,9,9,1.3333334
SUPER_10,34290000,2,0,0,2,0,2,NaN
SUPER_10,34300000,6,3,0,9,3,3,1.3333334
SUPER_10,34310000,30,4,0,34,11,19,2.25
SUPER_10,34320000,74,11,9,94,31,43,6.25
SUPER_10,34330000,47,5,3,55,26,21,12.625
SUPER_10,34340000,0,0,0,0,0,0,0
SUPER_10,34350000,0,0,0,0,0,0,0
SUPER_10,34360000,0,0,0,0,0,0,0
SUPER_10,34370000,0,0,0,0,0,0,0
SUPER_10,34380000,0,0,0,0,0,0,0
SUPER_10,34390000,0,0,0,0,0,0,0
SUPER_10,34400000,0,0,0,0,0,0,0
SUPER_10,34410000,16,1,4,21,9,7,2.2
SUPER_10,34420000,33,2,0,35,22,11,9.5
SUPER_10,34430000,2,0,0,2,1,1,NaN
SUPER_10,34440000,21,2,1,24,16,5,1
SUPER_10,34450000,10,3,0,13,8,2,21.333334
SUPER_10,34460000,0,1,0,1,0,0,2
SUPER_10,34470000,27,0,1,28,17,10,1
SUPER_10,34480000,66,1,0,67,47,19,1
SUPER_10,34490000,126,0,0,126,84,42,NaN
SUPER_10,34500000,19,1,1,21,14,5,2
SUPER_10,34510000,0,1,0,1,0,0,1
SUPER_10,34520000,1,0,0,1,1,0,NaN
SUPER_10,34530000,1,2,2,5,1,0,2.25
SUPER_11,10000,0,2,0,2,0,0,1
SUPER_11,20000,3,0,0,3,1,2,NaN
SUPER_11,30000,8,2,0,10,5,3,1.5
SUPER_11,40000,11,13,21,45,3,8,1.2058823
SUPER_11,50000,7,9,15,31,1,6,1.3333334
SUPER_11,60000,12,1,0,13,9,3,1
SUPER_11,70000,42,4,3,49,20,22,4.428571
SUPER_11,80000,7,1,0,8,4,3,6
SUPER_11,90000,10,0,0,10,5,5,NaN
SUPER_11,100000,6,0,0,6,2,4,NaN
SUPER_11,110000,10,0,0,10,5,5,NaN
SUPER_11,120000,0,0,0,0,0,0,0
SUPER_11,130000,0,0,0,0,0,0,0
SUPER_11,140000,7,2,1,10,6,1,4
SUPER_11,150000,66,6,2,74,42,24,7.75
SUPER_11,160000,33,5,4,42,18,15,9
SUPER_11,170000,73,10,5,88,45,28,8.266666
SUPER_11,180000,88,7,7,102,44,44,20.285715
SUPER_11,190000,70,9,7,86,34,36,9.4375
SUPER_11,200000,76,5,8,89,43,33,14.692307
SUPER_11,210000,43,4,2,49,18,25,5
SUPER_11,220000,28,6,4,38,15,13,4
SUPER_11,230000,20,3,0,23,10,10,2
SUPER_11,240000,24,1,2,27,16,8,37
SUPER_11,250000,46,3,7,56,29,17,7.1
SUPER_11,260000,28,3,1,32,13,15,3.5
SUPER_11,270000,2,1,0,3,2,0,1
SUPER_11,280000,7,1,3,11,2,5,85.75
SUPER_11,290000,4,1,1,6,3,1,5.5
SUPER_11,300000,4,1,0,5,1,3,1
SUPER_11,310000,28,5,6,39,16,12,20.272728
SUPER_11,320000,68,8,10,86,36,32,6.111111
SUPER_11,330000,51,7,5,63,24,27,5.3333335
SUPER_11,340000,27,2,5,34,14,13,1.5714285
SUPER_11,350000,47,5,5,57,21,26,3.5
SUPER_11,360000,45,5,5,55,21,24,2.8
SUPER_11,370000,30,1,4,35,11,19,11
SUPER_11,380000,38,7,8,53,21,17,7.0666666
SUPER_11,390000,27,1,0,28,8,19,1
SUPER_11,400000,24,4,3,31,15,9,2.4285715
SUPER_11,410000,40,2,3,45,19,21,4
SUPER_11,420000,26,4,3,33,16,10,6.857143
SUPER_11,430000,42,3,1,46,23,19,18
SUPER_11,440000,25,2,2,29,9,16,8.5
SUPER_11,450000,28,2,5,35,7,21,26.142857
SUPER_11,460000,66,6,6,78,25,41,4.8333335
SUPER_11,470000,129,20,12,161,68,61,4.21875
SUPER_11,480000,63,5,5,73,37,26,16.6
SUPER_11,490000,7,0,0,7,4,3,NaN
SUPER_11,500000,5,0,2,7,3,2,4.5
SUPER_11,510000,9,0,0,9,5,4,NaN
SUPER_11,520000,8,0,1,9,6,2,14
SUPER_11,530000,6,1,2,9,4,2,1
SUPER_11,540000,7,1,0,8,2,5,12
SUPER_11,550000,55,1,4,60,29,26,4.8
SUPER_11,560000,57,3,4,64,32,25,10
SUPER_11,570000,53,7,3,63,25,28,6.3
SUPER_11,580000,42,3,1,46,22,20,1.5
SUPER_11,590000,82,4,5,91,44,38,14.222222
SUPER_11,600000,67,6,7,80,30,37,22.461538
SUPER_11,610000,81,2,10,93,47,34,11.416667
SUPER_11,620000,69,2,9,80,31,38,4.181818
SUPER_11,630000,84,5,5,94,38,46,10.1
SUPER_11,640000,64,4,5,73,30,34,5.6666665
SUPER_11,650000,52,6,7,65,28,24,5.5384617
SUPER_11,660000,47,4,4,55,26,21,7
SUPER_11,670000,113,3,14,130,51,62,6.5882354
SUPER_11,680000,17,0,1,18,12,5,1
SUPER_11,690000,12,0,0,12,9,3,NaN
SUPER_11,700000,32,2,0,34,18,14,5
SUPER_11,710000,5,0,0,5,3,2,NaN
SUPER_11,720000,2,0,0,2,1,1,NaN
SUPER_11,730000,2,1,0,3,0,2,52
SUPER_11,740000,1,0,0,1,0,1,NaN
SUPER_11,750000,1,1,1,3,1,0,2
SUPER_11,760000,2,1,0,3,1,1,1
SUPER_11,770000,1,1,0,2,1,0,1
SUPER_11,780000,3,0,0,3,1,2,NaN
SUPER_11,790000,4,0,0,4,1,3,NaN
SUPER_11,800000,4,1,1,6,1,3,1
SUPER_11,810000,3,0,0,3,2,1,NaN
SUPER_11,820000,3,0,0,3,2,1,NaN
SUPER_11,830000,82,10,18,110,41,41,13.678572
SUPER_11,840000,119,9,10,138,67,52,9.631579
SUPER_11,850000,114,12,7,133,52,62,14.736842
SUPER_11,860000,174,9,17,200,90,84,12.192307
SUPER_11,870000,148,6,5,159,76,72,14.363636
SUPER_11,880000,46,5,9,60,24,22,20.857143
SUPER_11,890000,76,3,7,86,36,40,7
SUPER_11,900000,140,7,4,151,77,63,132.81818
SUPER_11,910000,126,13,9,148,55,71,6.1363635
SUPER_11,920000,0,0,0,0,0,0,0
SUPER_11,930000,0,0,0,0,0,0,0
SUPER_11,940000,106,5,7,118,56,50,6.75
SUPER_11,950000,89,6,8,103,42,47,3.9285715
SUPER_11,960000,15,1,1,17,9,6,1.5
SUPER_11,970000,124,6,8,138,66,58,16.5
SUPER_11,980000,123,14,10,147,58,65,8.958333
SUPER_11,990000,74,4,9,87,39,35,10
SUPER_11,1000000,69,3,7,79,39,30,9.4
SUPER_11,1010000,85,8,7,100,51,34,7.6
SUPER_11,1020000,77,2,11,90,36,41,21.846153
SUPER_11,1030000,8,0,0,8,5,3,NaN
SUPER_11,1040000,98,4,4,106,54,44,4.125
SUPER_11,1050000,104,7,4,115,49,55,17.90909
SUPER_11,1060000,13,0,2,15,5,8,1
SUPER_11,1070000,120,7,6,133,69,51,25.384615
SUPER_11,1080000,50,4,5,59,26,24,7.3333335
SUPER_11,1090000,97,8,9,114,49,48,6.117647
SUPER_11,1100000,163,10,12,185,87,76,7.0454545
SUPER_11,1110000,137,5,13,155,57,80,5.5555553
SUPER_11,1120000,112,6,7,125,67,45,11
SUPER_11,1130000,0,0,0,0,0,0,0
SUPER_11,1140000,0,0,0,0,0,0,0
SUPER_11,1150000,0,0,0,0,0,0,0
SUPER_11,1160000,117,9,6,132,68,49,19.866667
SUPER_11,1170000,0,0,0,0,0,0,0
SUPER_11,1180000,0,0,0,0,0,0,0
SUPER_11,1190000,161,10,7,178,74,87,4.882353
SUPER_11,1200000,58,5,4,67,27,31,3.8888888
SUPER_11,1210000,81,7,1,89,49,32,9
SUPER_11,1220000,106,4,10,120,57,49,17.5
SUPER_11,1230000,134,7,6,147,62,72,3.9230769
SUPER_11,1240000,71,3,7,81,40,31,7.2
SUPER_11,1250000,8,1,2,11,2,6,6.3333335
SUPER_11,1260000,62,3,4,69,29,33,2.2857144
SUPER_11,1270000,130,8,13,151,54,76,6.904762
SUPER_11,1280000,90,9,10,109,45,45,4.0526314
SUPER_11,1290000,87,7,9,103,45,42,7.625
SUPER_11,1300000,33,0,2,35,20,13,6
SUPER_11,1310000,31,0,2,33,20,11,5
SUPER_11,1320000,24,1,4,29,11,13,3.4
SUPER_11,1330000,70,1,5,76,44,26,9.5
SUPER_11,1340000,122,11,9,142,65,57,7.75
SUPER_11,1350000,54,4,4,62,28,26,5.5
SUPER_11,1360000,94,8,11,113,56,38,8.631579
SUPER_11,1370000,64,5,8,77,33,31,3.6923077
SUPER_11,1380000,3,0,0,3,2,1,NaN
SUPER_11,1390000,0,0,0,0,0,0,0
SUPER_11,1400000,0,0,0,0,0,0,0
SUPER_11,1410000,4,2,0,6,1,3,6
SUPER_11,1420000,1,0,0,1,1,0,NaN
SUPER_11,1430000,2,0,0,2,0,2,NaN
SUPER_11,1440000,2,0,0,2,1,1,NaN
SUPER_11,1450000,1,1,0,2,0,1,1
SUPER_11,1460000,66,4,6,76,37,29,19.5
SUPER_11,1470000,150,4,5,159,96,54,21.11111
SUPER_11,1480000,67,5,2,74,30,37,8.142858
SUPER_11,1490000,15,0,0,15,7,8,NaN
SUPER_11,1500000,4,0,0,4,0,4,NaN
SUPER_11,1510000,29,3,4,36,18,11,5.285714
SUPER_11,1520000,89,5,5,99,44,45,24.1
SUPER_11,1530000,54,8,4,66,33,21,5.0833335
SUPER_11,1540000,158,8,14,180,90,68,33.18182
SUPER_11,1550000,125,10,6,141,66,59,24.6875
SUPER_11,1560000,135,14,11,160,78,57,6.52
SUPER_11,1570000,153,12,11,176,79,74,12.565217
SUPER_11,1580000,96,5,12,113,50,46,6.9411764
SUPER_11,1590000,114,4,9,127,52,62,48.923077
SUPER_11,1600000,68,3,3,74,36,32,4.3333335
SUPER_11,1610000,160,13,9,182,78,82,8.227273
SUPER_11,1620000,128,14,10,152,69,59,4.3333335
SUPER_11,1630000,179,15,11,205,96,83,3.8461537
SUPER_11,1640000,54,4,5,63,32,22,3.8888888
SUPER_11,1650000,2,1,1,4,2,0,6
SUPER_11,1660000,2,0,3,5,1,1,13.333333
SUPER_11,1670000,1,0,0,1,1,0,NaN
SUPER_11,1680000,2,0,2,4,1,1,1
SUPER_11,1690000,2,0,0,2,0,2,NaN
SUPER_11,1700000,22,2,2,26,10,12,2.25
SUPER_11,1710000,84,7,6,97,50,34,10.153846
SUPER_11,1720000,48,6,6,60,23,25,3.25
SUPER_11,1730000,95,6,7,108,42,53,34.384617
SUPER_11,1740000,90,5,9,104,42,48,5.571429
SUPER_11,1750000,148,11,6,165,74,74,12.6470585
SUPER_11,1760000,30,4,3,37,15,15,9.142858
SUPER_11,1770000,25,3,1,29,9,16,6.25
SUPER_11,1780000,31,0,3,34,17,14,67.333336
SUPER_11,1790000,122,6,11,139,64,58,14.529411
SUPER_11,1800000,8,2,1,11,5,3,11
SUPER_11,1810000,32,1,3,36,19,13,18.5
SUPER_11,1820000,17,0,0,17,8,9,NaN
SUPER_11,1830000,42,5,3,50,22,20,6.5
SUPER_11,1840000,52,2,3,57,21,31,3.8
SUPER_11,1850000,14,5,3,22,8,6,21.5
SUPER_11,1860000,15,3,1,19,10,5,2.5
SUPER_11,1870000,240,16,21,277,118,122,25.81081
SUPER_11,1880000,24,1,2,27,15,9,9.666667
SUPER_11,1890000,60,6,6,72,33,27,24.416666
SUPER_11,1900000,65,8,4,77,40,25,3.4166667
SUPER_11,1910000,16,2,0,18,9,7,14
SUPER_11,1920000,51,1,4,56,29,22,5
SUPER_11,1930000,77,4,10,91,38,39,36.42857
SUPER_11,1940000,68,3,4,75,33,35,6.428571
SUPER_11,1950000,111,6,5,122,67,44,6.5454545
SUPER_11,1960000,8,0,0,8,3,5,NaN
SUPER_11,1970000,6,0,1,7,4,2,17
SUPER_11,1980000,3,0,1,4,3,0,40
SUPER_11,1990000,58,3,3,64,33,25,2.5
SUPER_11,2000000,33,5,6,44,15,18,15
SUPER_11,2010000,87,4,4,95,55,32,2.875
SUPER_11,2020000,3,0,0,3,1,2,NaN
SUPER_11,2030000,82,5,7,94,44,38,59.583332
SUPER_11,2040000,25,5,2,32,13,12,7.285714
SUPER_11,2050000,70,4,7,81,36,34,6.7272725
SUPER_11,2060000,2,0,1,3,0,2,32
SUPER_11,2070000,8,3,2,13,4,4,5.6
SUPER_11,2080000,105,4,6,115,53,52,2.4
SUPER_11,2090000,16,1,1,18,7,9,10
SUPER_11,2100000,2,0,0,2,1,1,NaN
SUPER_11,2110000,2,0,1,3,0,2,11
SUPER_11,2120000,2,1,1,4,0,2,1
SUPER_11,2130000,5,2,0,7,3,2,1
SUPER_11,2140000,4,1,1,6,1,3,4
SUPER_11,2150000,58,8,5,71,26,32,7.769231
SUPER_11,2160000,65,7,6,78,32,33,15.923077
SUPER_11,2170000,74,9,4,87,43,31,56.846153
SUPER_11,2180000,121,4,7,132,65,56,5.818182
SUPER_11,2190000,126,8,13,147,59,67,5.2380953
SUPER_11,2200000,6,0,2,8,3,3,2
SUPER_11,2210000,1,0,0,1,0,1,NaN
SUPER_11,2220000,0,1,0,1,0,0,1
SUPER_11,2230000,1,0,2,3,1,0,1
SUPER_11,2240000,0,0,1,1,0,0,16
SUPER_11,2250000,6,0,1,7,4,2,9
SUPER_11,2260000,3,0,0,3,0,3,NaN
SUPER_11,2270000,3,0,0,3,2,1,NaN
SUPER_11,2280000,1,0,0,1,0,1,NaN
SUPER_11,2290000,3,0,0,3,0,3,NaN
SUPER_11,2300000,6,1,0,7,6,0,2
SUPER_11,2310000,4,1,0,5,2,2,1
SUPER_11,2320000,0,1,1,2,0,0,4
SUPER_11,2330000,2,0,0,2,1,1,NaN
SUPER_11,2340000,3,2,0,5,1,2,7
SUPER_11,2350000,0,0,0,0,0,0,0
SUPER_11,2360000,0,0,0,0,0,0,0
SUPER_11,2370000,6,2,0,8,0,6,9.5
SUPER_11,2380000,1,1,0,2,0,1,1
SUPER_11,2390000,1,1,1,3,0,1,2
SUPER_11,2400000,1,1,0,2,1,0,1
SUPER_11,2410000,11,1,2,14,6,5,6.6666665
SUPER_11,2420000,0,0,0,0,0,0,0
SUPER_11,2430000,0,0,0,0,0,0,0
SUPER_11,2440000,97,8,8,113,37,60,6.875
SUPER_11,2450000,13,1,0,14,4,9,1
SUPER_11,2460000,1,0,0,1,0,1,NaN
SUPER_11,2470000,0,0,0,0,0,0,0
SUPER_11,2480000,0,0,0,0,0,0,0
SUPER_11,2490000,46,6,2,54,23,23,7.125
SUPER_11,2500000,135,13,14,162,66,69,5.185185
SUPER_11,2510000,102,3,7,112,51,51,6
SUPER_11,2520000,1,0,0,1,0,1,NaN
SUPER_11,2530000,93,10,11,114,41,52,13.714286
SUPER_11,2540000,102,17,13,132,42,60,14.633333
SUPER_11,2550000,82,10,5,97,39,43,11.2
SUPER_11,2560000,35,4,5,44,22,13,4.6666665
SUPER_11,2570000,106,8,7,121,56,50,2
SUPER_11,2580000,126,8,11,145,69,57,9.526316
SUPER_11,2590000,38,3,2,43,24,14,3
SUPER_11,2600000,8,0,3,11,2,6,5.3333335
SUPER_11,2610000,132,14,11,157,66,66,4.68
SUPER_11,2620000,0,0,0,0,0,0,0
SUPER_11,2630000,0,0,0,0,0,0,0
SUPER_11,2640000,140,8,16,164,84,56,9.083333
SUPER_11,2650000,2,0,0,2,1,1,NaN
SUPER_11,2660000,3,1,2,6,1,2,6.3333335
SUPER_11,2670000,68,5,8,81,33,35,6.3846154
SUPER_11,2680000,50,7,6,63,32,18,5.6923075
SUPER_11,2690000,9,2,2,13,6,3,5
SUPER_11,2700000,222,8,14,244,113,109,5.681818
SUPER_11,2710000,96,5,7,108,45,51,14.333333
SUPER_11,2720000,187,19,14,220,99,88,6.4545455
SUPER_11,2730000,62,5,3,70,32,30,5.125
SUPER_11,2740000,0,1,1,2,0,0,4
SUPER_11,2750000,2,0,0,2,2,0,NaN
SUPER_11,2760000,2,0,0,2,1,1,NaN
SUPER_11,2770000,1,0,0,1,0,1,NaN
SUPER_11,2780000,65,4,9,78,27,38,3.4615386
SUPER_11,2790000,83,5,6,94,48,35,7.2727275
SUPER_11,2800000,76,7,5,88,43,33,3.4166667
SUPER_11,2810000,119,6,7,132,64,55,3.2307692
SUPER_11,2820000,45,6,4,55,21,24,4
SUPER_11,2830000,1,0,1,2,0,1,12
SUPER_11,2840000,49,2,5,56,25,24,4.571429
SUPER_11,2850000,164,5,8,177,73,91,7.5384617
SUPER_11,2860000,3,0,0,3,2,1,NaN
SUPER_11,2870000,164,7,8,179,71,93,3.8
SUPER_11,2880000,42,5,2,49,19,23,15.428572
SUPER_11,2890000,131,4,9,144,73,58,2.1538463
SUPER_11,2900000,75,6,11,92,35,40,5.529412
SUPER_11,2910000,105,4,7,116,60,45,12.090909
SUPER_11,2920000,114,9,12,135,60,54,17.095238
SUPER_11,2930000,149,4,14,167,78,71,7.7222223
SUPER_11,2940000,74,3,4,81,35,39,4.142857
SUPER_11,2950000,94,3,9,106,45,49,25.25
SUPER_11,2960000,26,1,2,29,14,12,4.3333335
SUPER_11,2970000,0,0,0,0,0,0,0
SUPER_11,2980000,0,0,0,0,0,0,0
SUPER_11,2990000,4,0,0,4,2,2,NaN
SUPER_11,3000000,2,1,0,3,0,2,1
SUPER_11,3010000,2,0,0,2,1,1,NaN
SUPER_11,3020000,1,0,0,1,1,0,NaN
SUPER_11,3030000,1,0,0,1,1,0,NaN
SUPER_11,3040000,1,0,1,2,1,0,2
SUPER_11,3050000,8,0,0,8,4,4,NaN
SUPER_11,3060000,119,11,7,137,67,52,31.944445
SUPER_11,3070000,141,13,14,168,61,80,6.5555553
SUPER_11,3080000,117,8,6,131,60,57,3.5
SUPER_11,3090000,6,1,1,8,2,4,1.5
SUPER_11,3100000,60,3,3,66,32,28,7.3333335
SUPER_11,3110000,92,7,7,106,51,41,4.928571
SUPER_11,3120000,131,7,8,146,66,65,10.866667
SUPER_11,3130000,125,6,10,141,61,64,2
SUPER_11,3140000,139,9,14,162,82,57,7.695652
SUPER_11,3150000,206,15,19,240,98,108,12.3529415
SUPER_11,3160000,64,7,3,74,39,25,3.3
SUPER_11,3170000,33,3,1,37,16,17,1.75
SUPER_11,3180000,3,1,0,4,1,2,2
SUPER_11,3190000,8,0,1,9,4,4,3
SUPER_11,3200000,15,1,1,17,6,9,7
SUPER_11,3210000,11,2,1,14,7,4,1.3333334
SUPER_11,3220000,126,8,12,146,59,67,8.05
SUPER_11,3230000,73,7,1,81,35,38,9.25
SUPER_11,3240000,31,4,6,41,14,17,4
SUPER_11,3250000,78,7,9,94,31,47,7.875
SUPER_11,3260000,85,7,9,101,36,49,5.75
SUPER_11,3270000,41,1,0,42,23,18,4
SUPER_11,3280000,132,8,13,153,61,71,5.3809524
SUPER_11,3290000,56,6,8,70,30,26,7.428571
SUPER_11,3300000,95,7,5,107,50,45,8.583333
SUPER_11,3310000,106,11,13,130,65,41,5.875
SUPER_11,3320000,82,7,6,95,35,47,85.69231
SUPER_11,3330000,3,1,0,4,2,1,1
SUPER_11,3340000,75,7,7,89,40,35,2.2142856
SUPER_11,3350000,143,17,14,174,66,77,5.645161
SUPER_11,3360000,101,6,7,114,45,56,2
SUPER_11,3370000,116,7,13,136,55,61,5.2
SUPER_11,3380000,25,7,2,34,14,11,2.4444444
SUPER_11,3390000,57,5,11,73,25,32,2.875
SUPER_11,3400000,125,5,8,138,56,69,12.307693
SUPER_11,3410000,136,11,12,159,64,72,4.7391305
SUPER_11,3420000,61,4,5,70,35,26,18.444445
SUPER_11,3430000,85,11,10,106,43,42,6.142857
SUPER_11,3440000,116,13,10,139,57,59,5.6086955
SUPER_11,3450000,84,6,17,107,40,44,7.6086955
SUPER_11,3460000,51,4,3,58,28,23,53.142857
SUPER_11,3470000,163,24,9,196,77,86,8.878788
SUPER_11,3480000,43,4,1,48,27,16,18.2
SUPER_11,3490000,77,7,7,91,36,41,5.214286
SUPER_11,3500000,109,9,10,128,61,48,13.157895
SUPER_11,3510000,138,8,8,154,73,65,4.0625
SUPER_11,3520000,83,5,11,99,47,36,5.125
SUPER_11,3530000,147,10,12,169,67,80,5.4545455
SUPER_11,3540000,62,4,9,75,29,33,3.7692308
SUPER_11,3550000,79,4,6,89,38,41,4
SUPER_11,3560000,115,10,5,130,65,50,3.6
SUPER_11,3570000,105,8,9,122,50,55,5.0588236
SUPER_11,3580000,117,6,14,137,54,63,17.75
SUPER_11,3590000,167,17,13,197,82,85,16.166666
SUPER_11,3600000,95,9,14,118,46,49,19.26087
SUPER_11,3610000,128,9,7,144,67,61,7.8125
SUPER_11,3620000,137,8,8,153,72,65,4.6875
SUPER_11,3630000,91,9,5,105,50,41,12.5
SUPER_11,3640000,163,17,14,194,74,89,6.16129
SUPER_11,3650000,25,1,1,27,10,15,16
SUPER_11,3660000,75,5,9,89,43,32,15.142858
SUPER_11,3670000,95,6,7,108,51,44,6.6923075
SUPER_11,3680000,120,6,6,132,60,60,2.25
SUPER_11,3690000,119,4,8,131,65,54,9
SUPER_11,3700000,96,12,5,113,50,46,2.7058823
SUPER_11,3710000,152,11,13,176,79,73,32.208332
SUPER_11,3720000,65,4,8,77,33,32,8
SUPER_11,3730000,80,2,7,89,37,43,5.4444447
SUPER_11,3740000,57,7,6,70,22,35,3.5384614
SUPER_11,3750000,3,0,0,3,1,2,NaN
SUPER_11,3760000,133,8,5,146,60,73,6.3846154
SUPER_11,3770000,115,8,8,131,58,57,8.0625
SUPER_11,3780000,61,8,2,71,20,41,10.2
SUPER_11,3790000,20,0,2,22,10,10,3.5
SUPER_11,3800000,75,7,9,91,36,39,10.75
SUPER_11,3810000,6,0,0,6,5,1,NaN
SUPER_11,3820000,65,5,6,76,28,37,9.909091
SUPER_11,3830000,54,3,5,62,31,23,5.75
SUPER_11,3840000,59,6,5,70,32,27,8.727273
SUPER_11,3850000,11,1,2,14,6,5,6
SUPER_11,3860000,101,5,8,114,47,54,2.6923077
SUPER_11,3870000,39,6,2,47,21,18,3.125
SUPER_11,3880000,31,2,0,33,21,10,1.5
SUPER_11,3890000,131,11,8,150,68,63,15.368421
SUPER_11,3900000,0,0,0,0,0,0,0
SUPER_11,3910000,0,0,0,0,0,0,0
SUPER_11,3920000,266,16,19,301,122,144,11.285714
SUPER_11,3930000,0,0,0,0,0,0,0
SUPER_11,3940000,0,0,0,0,0,0,0
SUPER_11,3950000,0,0,0,0,0,0,0
SUPER_11,3960000,75,5,6,86,43,32,3.7272727
SUPER_11,3970000,105,8,8,121,51,54,8.8125
SUPER_11,3980000,0,0,0,0,0,0,0
SUPER_11,3990000,0,0,0,0,0,0,0
SUPER_11,4000000,209,16,12,237,118,91,7.392857
SUPER_11,4010000,136,11,7,154,61,75,7.111111
SUPER_11,4020000,101,7,7,115,53,48,5.785714
SUPER_11,4030000,59,3,3,65,33,26,7.8333335
SUPER_11,4040000,50,6,5,61,30,20,3.3636363
SUPER_11,4050000,114,6,4,124,58,56,9.3
SUPER_11,4060000,90,4,8,102,49,41,4.4166665
SUPER_11,4070000,118,2,3,123,56,62,4
SUPER_11,4080000,69,7,4,80,33,36,7.6363635
SUPER_11,4090000,0,0,0,0,0,0,0
SUPER_11,4100000,0,0,0,0,0,0,0
SUPER_11,4110000,0,0,0,0,0,0,0
SUPER_11,4120000,139,6,11,156,87,52,6.0588236
SUPER_11,4130000,58,3,6,67,33,25,6.7777777
SUPER_11,4140000,181,12,9,202,96,85,6.6666665
SUPER_11,4150000,32,2,5,39,15,17,5.285714
SUPER_11,4160000,66,6,3,75,39,27,3.3333333
SUPER_11,4170000,111,9,5,125,47,64,4.357143
SUPER_11,4180000,13,1,3,17,7,6,3.75
SUPER_11,4190000,74,3,4,81,42,32,7.428571
SUPER_11,4200000,208,13,12,233,111,97,5.68
SUPER_11,4210000,0,0,0,0,0,0,0
SUPER_11,4220000,0,0,0,0,0,0,0
SUPER_11,4230000,150,8,9,167,76,74,4.647059
SUPER_11,4240000,76,5,5,86,36,40,21.6
SUPER_11,4250000,100,2,10,112,49,51,6.8333335
SUPER_11,4260000,130,9,12,151,65,65,8.523809
SUPER_11,4270000,7,1,0,8,5,2,1
SUPER_11,4280000,81,10,6,97,39,42,4.6875
SUPER_11,4290000,113,4,7,124,53,60,14.636364
SUPER_11,4300000,198,10,13,221,116,82,11
SUPER_11,4310000,16,0,0,16,8,8,NaN
SUPER_11,4320000,68,4,5,77,37,31,18.88889
SUPER_11,4330000,137,3,10,150,81,56,4.230769
SUPER_11,4340000,174,23,16,213,88,86,9.205129
SUPER_11,4350000,159,13,6,178,90,69,5.4736843
SUPER_11,4360000,8,1,0,9,3,5,1
SUPER_11,4370000,2,0,0,2,0,2,NaN
SUPER_11,4380000,3,0,0,3,2,1,NaN
SUPER_11,4390000,39,4,4,47,24,15,7.625
SUPER_11,4400000,0,0,1,1,0,0,4
SUPER_11,4410000,0,1,0,1,0,0,1
SUPER_11,4420000,0,0,0,0,0,0,0
SUPER_11,4430000,0,0,0,0,0,0,0
SUPER_11,4440000,5,0,0,5,4,1,NaN
SUPER_11,4450000,1,0,0,1,1,0,NaN
SUPER_11,4460000,7,1,1,9,4,3,10
SUPER_11,4470000,4,1,0,5,1,3,12
SUPER_11,4480000,3,1,1,5,3,0,5.5
SUPER_11,4490000,3,1,0,4,2,1,8
SUPER_11,4500000,7,1,0,8,4,3,1
SUPER_11,4510000,4,0,0,4,1,3,NaN
SUPER_11,4520000,128,8,7,143,56,72,3
SUPER_11,4530000,103,6,7,116,65,38,3.4615386
SUPER_11,4540000,102,8,6,116,52,50,7.785714
SUPER_11,4550000,64,6,2,72,31,33,4.375
SUPER_11,4560000,136,10,13,159,72,64,9.73913
SUPER_11,4570000,133,9,16,158,59,74,6.2
SUPER_11,4580000,158,9,15,182,83,75,3.1666667
SUPER_11,4590000,145,16,11,172,79,66,8.444445
SUPER_11,4600000,98,2,8,108,49,49,4.7
SUPER_11,4610000,127,3,10,140,65,62,12.307693
SUPER_11,4620000,112,5,4,121,67,45,1.5555556
SUPER_11,4630000,151,14,9,174,72,79,3.5217392
SUPER_11,4640000,266,17,18,301,142,124,5.6
SUPER_11,4650000,157,16,8,181,83,74,22.583334
SUPER_11,4660000,75,7,4,86,38,37,3.7272727
SUPER_11,4670000,79,3,8,90,38,41,3.7272727
SUPER_11,4680000,51,3,3,57,25,26,5.3333335
SUPER_11,4690000,8,0,1,9,1,7,2
SUPER_11,4700000,8,1,2,11,7,1,1.3333334
SUPER_11,4710000,135,4,12,151,72,63,23.4375
SUPER_11,4720000,58,1,2,61,32,26,1.6666666
SUPER_11,4730000,25,3,1,29,11,14,3
SUPER_11,4740000,156,10,11,177,94,62,10.047619
SUPER_11,4750000,77,5,7,89,39,38,2.1666667
SUPER_11,4760000,24,0,2,26,14,10,1
SUPER_11,4770000,123,5,3,131,61,62,1.75
SUPER_11,4780000,78,2,4,84,44,34,10.5
SUPER_11,4790000,141,12,10,163,76,65,6.9545455
SUPER_11,4800000,4,0,0,4,4,0,NaN
SUPER_11,4810000,33,3,5,41,24,9,7.375
SUPER_11,4820000,21,0,2,23,9,12,3
SUPER_11,4830000,19,0,1,20,11,8,1
SUPER_11,4840000,193,11,9,213,113,80,3.9
SUPER_11,4850000,39,3,5,47,25,14,68
SUPER_11,4860000,74,7,9,90,31,43,3.5625
SUPER_11,4870000,151,5,5,161,79,72,30.8
SUPER_11,4880000,93,9,2,104,46,47,3.5454545
SUPER_11,4890000,107,6,3,116,56,51,7
SUPER_11,4900000,0,0,0,0,0,0,0
SUPER_11,4910000,0,0,0,0,0,0,0
SUPER_11,4920000,148,9,1,158,80,68,5.7
SUPER_11,4930000,69,3,5,77,41,28,6
SUPER_11,4940000,46,5,3,54,28,18,5.75
SUPER_11,4950000,120,9,5,134,58,62,9.214286
SUPER_11,4960000,209,11,12,232,119,90,6.695652
SUPER_11,4970000,51,3,3,57,33,18,5.3333335
SUPER_11,4980000,36,2,6,44,17,19,12.375
SUPER_11,4990000,143,7,13,163,72,71,13.5
SUPER_11,5000000,178,9,14,201,90,88,5.173913
SUPER_11,5010000,129,10,4,143,62,67,7
SUPER_11,5020000,77,6,5,88,46,31,7.3636365
SUPER_11,5030000,39,1,2,42,24,15,1.3333334
SUPER_11,5040000,37,4,5,46,21,16,5.6666665
SUPER_11,5050000,17,0,2,19,10,7,1.5
SUPER_11,5060000,2,0,0,2,1,1,NaN
SUPER_11,5070000,51,10,1,62,16,35,7.4545455
SUPER_11,5080000,159,8,17,184,77,82,5.48
SUPER_11,5090000,109,7,5,121,53,56,6.0833335
SUPER_11,5100000,52,9,2,63,26,26,4.909091
SUPER_11,5110000,143,14,3,160,68,75,4.2352943
SUPER_11,5120000,8,0,0,8,5,3,NaN
SUPER_11,5130000,56,6,5,67,34,22,4.7272725
SUPER_11,5140000,2,0,0,2,1,1,NaN
SUPER_11,5150000,3,0,1,4,1,2,16
SUPER_11,5160000,2,0,0,2,1,1,NaN
SUPER_11,5170000,2,2,0,4,0,2,7.5
SUPER_11,5180000,1,0,0,1,0,1,NaN
SUPER_11,5190000,1,0,0,1,1,0,NaN
SUPER_11,5200000,1,0,1,2,1,0,1
SUPER_11,5210000,1,0,0,1,0,1,NaN
SUPER_11,5220000,76,7,14,97,39,37,14.666667
SUPER_11,5230000,104,10,5,119,54,50,6
SUPER_11,5240000,88,4,6,98,59,29,4.5
SUPER_11,5250000,1,0,0,1,1,0,NaN
SUPER_11,5260000,3,0,0,3,0,3,NaN
SUPER_11,5270000,1,0,0,1,1,0,NaN
SUPER_11,5280000,9,0,1,10,2,7,1
SUPER_11,5290000,19,2,2,23,8,11,2.75
SUPER_11,5300000,123,12,7,142,58,65,3.5263157
SUPER_11,5310000,54,3,5,62,26,28,3.25
SUPER_11,5320000,111,4,9,124,63,48,5.6923075
SUPER_11,5330000,126,7,9,142,61,65,10.625
SUPER_11,5340000,95,6,6,107,52,43,8.166667
SUPER_11,5350000,133,13,8,154,68,65,5.4761906
SUPER_11,5360000,5,0,0,5,3,2,NaN
SUPER_11,5370000,37,2,7,46,11,26,13.111111
SUPER_11,5380000,163,9,16,188,87,76,6.2
SUPER_11,5390000,163,7,9,179,92,71,3.3125
SUPER_11,5400000,58,2,4,64,28,30,11
SUPER_11,5410000,117,4,8,129,53,64,42.833332
SUPER_11,5420000,39,2,3,44,19,20,3.2
SUPER_11,5430000,2,1,1,4,2,0,1
SUPER_11,5440000,34,2,1,37,19,15,12.666667
SUPER_11,5450000,122,6,10,138,71,51,4.625
SUPER_11,5460000,52,4,4,60,24,28,19.75
SUPER_11,5470000,59,11,5,75,31,28,8.625
SUPER_11,5480000,121,5,7,133,53,68,7
SUPER_11,5490000,130,7,15,152,66,64,4.590909
SUPER_11,5500000,44,5,4,53,17,27,53.444443
SUPER_11,5510000,144,8,11,163,69,75,11.157895
SUPER_11,5520000,210,8,12,230,100,110,31.85
SUPER_11,5530000,10,0,0,10,7,3,NaN
SUPER_11,5540000,82,5,6,93,43,39,7.3636365
SUPER_11,5550000,1,1,0,2,0,1,2
SUPER_11,5560000,1,0,1,2,1,0,11
SUPER_11,5570000,0,0,1,1,0,0,2
SUPER_11,5580000,1,0,0,1,1,0,NaN
SUPER_11,5590000,137,10,8,155,72,65,6.5555553
SUPER_11,5600000,164,13,16,193,95,69,17.62069
SUPER_11,5610000,20,5,1,26,8,12,21.5
SUPER_11,5620000,5,0,0,5,3,2,NaN
SUPER_11,5630000,101,8,7,116,51,50,10.266666
SUPER_11,5640000,88,7,8,103,47,41,9.2
SUPER_11,5650000,83,8,4,95,38,45,6.1666665
SUPER_11,5660000,0,0,0,0,0,0,0
SUPER_11,5670000,0,0,0,0,0,0,0
SUPER_11,5680000,51,3,1,55,26,25,33.5
SUPER_11,5690000,5,0,0,5,2,3,NaN
SUPER_11,5700000,1,0,0,1,1,0,NaN
SUPER_11,5710000,83,5,7,95,40,43,8.333333
SUPER_11,5720000,64,4,2,70,33,31,6
SUPER_11,5730000,38,1,3,42,15,23,11
SUPER_11,5740000,47,5,2,54,29,18,1.5714285
SUPER_11,5750000,0,0,0,0,0,0,0
SUPER_11,5760000,0,0,0,0,0,0,0
SUPER_11,5770000,30,3,1,34,14,16,8
SUPER_11,5780000,2,0,0,2,2,0,NaN
SUPER_11,5790000,0,0,0,0,0,0,0
SUPER_11,5800000,0,0,0,0,0,0,0
SUPER_11,5810000,3,0,0,3,2,1,NaN
SUPER_11,5820000,2,0,0,2,2,0,NaN
SUPER_11,5830000,1,1,0,2,0,1,6
SUPER_11,5840000,152,13,8,173,87,65,9.285714
SUPER_11,5850000,112,8,16,136,55,57,14.458333
SUPER_11,5860000,13,2,2,17,9,4,3
SUPER_11,5870000,3,1,0,4,2,1,1
SUPER_11,5880000,63,6,4,73,36,27,7.9
SUPER_11,5890000,132,7,10,149,67,65,7.4117646
SUPER_11,5900000,31,1,2,34,7,24,4
SUPER_11,5910000,39,2,2,43,23,16,12.25
SUPER_11,5920000,3,0,0,3,1,2,NaN
SUPER_11,5930000,1,1,0,2,1,0,1
SUPER_11,5940000,7,2,2,11,2,5,3.75
SUPER_11,5950000,141,8,9,158,66,75,4.0588236
SUPER_11,5960000,170,7,11,188,95,75,6.388889
SUPER_11,5970000,118,6,10,134,67,51,3.6875
SUPER_11,5980000,87,8,1,96,37,50,7.5555553
SUPER_11,5990000,85,5,6,96,37,48,6
SUPER_11,6000000,7,2,0,9,2,5,2.5
SUPER_11,6010000,7,0,0,7,3,4,NaN
SUPER_11,6020000,8,2,1,11,3,5,8
SUPER_11,6030000,87,5,10,102,40,47,6.3333335
SUPER_11,6040000,111,5,9,125,43,68,5.5
SUPER_11,6050000,129,11,7,147,69,60,5.9444447
SUPER_11,6060000,150,7,12,169,94,56,7.736842
SUPER_11,6070000,38,1,3,42,26,12,1.5
SUPER_11,6080000,16,2,0,18,9,7,1
SUPER_11,6090000,41,0,2,43,23,18,20.5
SUPER_11,6100000,25,0,0,25,15,10,NaN
SUPER_11,6110000,9,0,1,10,4,5,11
SUPER_11,6120000,103,3,10,116,37,66,10.769231
SUPER_11,6130000,153,12,11,176,71,82,6.2608695
SUPER_11,6140000,140,5,12,157,59,81,6.1764708
SUPER_11,6150000,141,10,14,165,77,64,9.416667
SUPER_11,6160000,117,12,11,140,59,58,12.478261
SUPER_11,6170000,153,12,20,185,76,77,25.9375
SUPER_11,6180000,36,1,1,38,15,21,3
SUPER_11,6190000,2,1,0,3,2,0,10
SUPER_11,6200000,65,9,7,81,30,35,119.6875
SUPER_11,6210000,124,4,10,138,60,64,7.642857
SUPER_11,6220000,66,5,2,73,31,35,5.571429
SUPER_11,6230000,30,2,4,36,15,15,2.3333333
SUPER_11,6240000,33,2,3,38,15,18,4.6
SUPER_11,6250000,96,8,5,109,48,48,7.076923
SUPER_11,6260000,148,11,15,174,73,75,7.0384617
SUPER_11,6270000,121,9,15,145,62,59,10.458333
SUPER_11,6280000,42,2,3,47,19,23,7.8
SUPER_11,6290000,95,3,4,102,52,43,5.714286
SUPER_11,6300000,78,4,5,87,42,36,20.222221
SUPER_11,6310000,30,2,1,33,15,15,1
SUPER_11,6320000,48,5,5,58,29,19,8.6
SUPER_11,6330000,50,0,6,56,23,27,5.3333335
SUPER_11,6340000,7,1,0,8,1,6,6
SUPER_11,6350000,94,6,5,105,46,48,3.2727273
SUPER_11,6360000,69,6,6,81,30,39,7.4166665
SUPER_11,6370000,0,0,0,0,0,0,0
SUPER_11,6380000,0,0,0,0,0,0,0
SUPER_11,6390000,2,0,0,2,2,0,NaN
SUPER_11,6400000,3,0,1,4,2,1,1
SUPER_11,6410000,2,1,0,3,1,1,6
SUPER_11,6420000,4,2,1,7,0,4,2
SUPER_11,6430000,12,1,1,14,6,6,15
SUPER_11,6440000,53,0,6,59,34,19,15.166667
SUPER_11,6450000,26,2,2,30,11,15,5.75
SUPER_11,6460000,1,0,0,1,1,0,NaN
SUPER_11,6470000,1,1,0,2,0,1,7
SUPER_11,6480000,2,0,0,2,1,1,NaN
SUPER_11,6490000,1,1,2,4,0,1,1
SUPER_11,6500000,1,1,0,2,1,0,2
SUPER_11,6510000,0,1,1,2,0,0,3
SUPER_11,6520000,1,0,1,2,0,1,10
SUPER_11,6530000,4,1,0,5,3,1,1
SUPER_11,6540000,2,0,0,2,1,1,NaN
SUPER_11,6550000,10,1,1,12,2,8,5.5
SUPER_11,6560000,68,4,4,76,26,42,9.25
SUPER_11,6570000,9,1,1,11,7,2,6
SUPER_11,6580000,32,2,3,37,11,21,12.8
SUPER_11,6590000,0,0,0,0,0,0,0
SUPER_11,6600000,0,0,0,0,0,0,0
SUPER_11,6610000,0,0,0,0,0,0,0
SUPER_11,6620000,94,3,5,102,41,53,2.375
SUPER_11,6630000,118,4,9,131,52,66,5.5384617
SUPER_11,6640000,14,1,3,18,6,8,1
SUPER_11,6650000,171,8,10,189,90,81,11.388889
SUPER_11,6660000,88,6,6,100,43,45,23.916666
SUPER_11,6670000,114,6,5,125,51,63,7.909091
SUPER_11,6680000,122,2,5,129,60,62,6.285714
SUPER_11,6690000,98,13,10,121,45,53,11.913043
SUPER_11,6700000,52,5,3,60,25,27,14.5
SUPER_11,6710000,60,3,4,67,28,32,2.142857
SUPER_11,6720000,85,5,8,98,40,45,6.230769
SUPER_11,6730000,5,1,0,6,4,1,6
SUPER_11,6740000,0,0,0,0,0,0,0
SUPER_11,6750000,0,0,0,0,0,0,0
SUPER_11,6760000,9,1,1,11,3,6,53
SUPER_11,6770000,2,0,0,2,0,2,NaN
SUPER_11,6780000,0,0,0,0,0,0,0
SUPER_11,6790000,0,0,0,0,0,0,0
SUPER_11,6800000,10,2,1,13,6,4,4
SUPER_11,6810000,6,2,2,10,2,4,4.25
SUPER_11,6820000,2,0,0,2,1,1,NaN
SUPER_11,6830000,2,0,0,2,1,1,NaN
SUPER_11,6840000,5,0,0,5,1,4,NaN
SUPER_11,6850000,2,0,0,2,1,1,NaN
SUPER_11,6860000,4,0,0,4,2,2,NaN
SUPER_11,6870000,1,1,1,3,1,0,3
SUPER_11,6880000,3,1,1,5,0,3,2.5
SUPER_11,6890000,0,0,0,0,0,0,0
SUPER_11,6900000,0,0,0,0,0,0,0
SUPER_11,6910000,8,1,1,10,2,6,11.5
SUPER_11,6920000,13,0,1,14,6,7,8
SUPER_11,6930000,36,2,0,38,21,15,7.5
SUPER_11,6940000,107,6,4,117,48,59,9
SUPER_11,6950000,165,13,14,192,83,82,27.703703
SUPER_11,6960000,77,4,5,86,40,37,2.5555556
SUPER_11,6970000,84,2,6,92,45,39,95.375
SUPER_11,6980000,177,11,15,203,91,86,16.153847
SUPER_11,6990000,107,6,9,122,51,56,69.333336
SUPER_11,7000000,134,10,2,146,69,65,7.25
SUPER_11,7010000,198,13,19,230,94,104,4.8125
SUPER_11,7020000,159,12,5,176,79,80,4.2352943
SUPER_11,7030000,123,8,10,141,62,61,16.444445
SUPER_11,7040000,15,3,1,19,6,9,14.5
SUPER_11,7050000,85,7,6,98,50,35,16.923077
SUPER_11,7060000,78,4,9,91,43,35,10.230769
SUPER_11,7070000,54,6,4,64,29,25,7.1
SUPER_11,7080000,127,6,2,135,66,61,1.75
SUPER_11,7090000,159,21,12,192,82,77,5.2727275
SUPER_11,7100000,56,4,1,61,25,31,8.6
SUPER_11,7110000,11,2,0,13,8,3,1
SUPER_11,7120000,125,7,15,147,55,70,7.4545455
SUPER_11,7130000,111,10,8,129,57,54,6.8333335
SUPER_11,7140000,68,5,5,78,27,41,6.8
SUPER_11,7150000,109,7,5,121,63,46,10.083333
SUPER_11,7160000,108,5,13,126,53,55,45.72222
SUPER_11,7170000,175,11,11,197,78,97,11.272727
SUPER_11,7180000,15,3,1,19,9,6,2
SUPER_11,7190000,0,0,0,0,0,0,0
SUPER_11,7200000,0,0,0,0,0,0,0
SUPER_11,7210000,3,0,0,3,1,2,NaN
SUPER_11,7220000,3,0,0,3,3,0,NaN
SUPER_11,7230000,1,1,0,2,0,1,1
SUPER_11,7240000,34,3,5,42,19,15,2.625
SUPER_11,7250000,108,9,6,123,51,57,4.8
SUPER_11,7260000,119,11,10,140,70,49,8
SUPER_11,7270000,36,2,6,44,20,16,9.25
SUPER_11,7280000,57,8,4,69,28,29,7.5
SUPER_11,7290000,2,0,0,2,0,2,NaN
SUPER_11,7300000,115,6,5,126,56,59,4.090909
SUPER_11,7310000,161,13,17,191,74,87,6.1666665
SUPER_11,7320000,91,9,8,108,50,41,6.2352943
SUPER_11,7330000,146,9,9,164,74,72,7.7222223
SUPER_11,7340000,28,3,2,33,14,14,2.2
SUPER_11,7350000,78,7,9,94,33,45,5.1875
SUPER_11,7360000,111,8,16,135,46,65,5
SUPER_11,7370000,20,1,0,21,10,10,1
SUPER_11,7380000,2,0,0,2,2,0,NaN
SUPER_11,7390000,103,9,1,113,54,49,4
SUPER_11,7400000,49,4,2,55,27,22,4.6666665
SUPER_11,7410000,79,2,4,85,29,50,2.8333333
SUPER_11,7420000,46,0,5,51,31,15,3.2
SUPER_11,7430000,2,0,1,3,0,2,10
SUPER_11,7440000,45,1,1,47,27,18,2
SUPER_11,7450000,14,1,0,15,7,7,1
SUPER_11,7460000,21,2,3,26,10,11,2
SUPER_11,7470000,102,13,7,122,44,58,7.15
SUPER_11,7480000,129,3,2,134,61,68,4.6
SUPER_11,7490000,39,5,2,46,17,22,2.142857
SUPER_11,7500000,3,0,1,4,3,0,2
SUPER_11,7510000,2,1,1,4,1,1,4.5
SUPER_11,7520000,67,4,5,76,35,32,3.6666667
SUPER_11,7530000,105,8,13,126,50,55,7.714286
SUPER_11,7540000,94,7,14,115,51,43,3.857143
SUPER_11,7550000,133,11,21,165,61,72,9.125
SUPER_11,7560000,104,7,7,118,53,51,7.5
SUPER_11,7570000,118,7,12,137,56,62,7.9473686
SUPER_11,7580000,86,9,7,102,47,39,10.8125
SUPER_11,7590000,0,0,0,0,0,0,0
SUPER_11,7600000,0,0,0,0,0,0,0
SUPER_11,7610000,0,0,0,0,0,0,0
SUPER_11,7620000,0,0,0,0,0,0,0
SUPER_11,7630000,0,0,0,0,0,0,0
SUPER_11,7640000,0,0,0,0,0,0,0
SUPER_11,7650000,0,0,0,0,0,0,0
SUPER_11,7660000,0,0,0,0,0,0,0
SUPER_11,7670000,0,0,0,0,0,0,0
SUPER_11,7680000,0,0,0,0,0,0,0
SUPER_11,7690000,0,0,0,0,0,0,0
SUPER_11,7700000,0,0,0,0,0,0,0
SUPER_11,7710000,0,0,0,0,0,0,0
SUPER_11,7720000,0,0,0,0,0,0,0
SUPER_11,7730000,0,0,0,0,0,0,0
SUPER_11,7740000,0,0,0,0,0,0,0
SUPER_11,7750000,0,0,0,0,0,0,0
SUPER_11,7760000,0,0,0,0,0,0,0
SUPER_11,7770000,0,0,0,0,0,0,0
SUPER_11,7780000,0,0,0,0,0,0,0
SUPER_11,7790000,0,0,0,0,0,0,0
SUPER_11,7800000,0,0,0,0,0,0,0
SUPER_11,7810000,0,0,0,0,0,0,0
SUPER_11,7820000,0,0,0,0,0,0,0
SUPER_11,7830000,0,0,0,0,0,0,0
SUPER_11,7840000,0,0,0,0,0,0,0
SUPER_11,7850000,0,0,0,0,0,0,0
SUPER_11,7860000,0,0,0,0,0,0,0
SUPER_11,7870000,0,0,0,0,0,0,0
SUPER_11,7880000,0,0,0,0,0,0,0
SUPER_11,7890000,0,0,0,0,0,0,0
SUPER_11,7900000,0,0,0,0,0,0,0
SUPER_11,7910000,0,0,0,0,0,0,0
SUPER_11,7920000,0,0,0,0,0,0,0
SUPER_11,7930000,0,0,0,0,0,0,0
SUPER_11,7940000,0,0,0,0,0,0,0
SUPER_11,7950000,0,0,0,0,0,0,0
SUPER_11,7960000,0,0,0,0,0,0,0
SUPER_11,7970000,0,0,0,0,0,0,0
SUPER_11,7980000,0,0,0,0,0,0,0
SUPER_11,7990000,0,0,0,0,0,0,0
SUPER_11,8000000,0,0,0,0,0,0,0
SUPER_11,8010000,0,0,0,0,0,0,0
SUPER_11,8020000,0,0,0,0,0,0,0
SUPER_11,8030000,0,0,0,0,0,0,0
SUPER_11,8040000,0,0,0,0,0,0,0
SUPER_11,8050000,0,0,0,0,0,0,0
SUPER_11,8060000,0,0,0,0,0,0,0
SUPER_11,8070000,0,0,0,0,0,0,0
SUPER_11,8080000,0,0,0,0,0,0,0
SUPER_11,8090000,0,0,0,0,0,0,0
SUPER_11,8100000,0,0,0,0,0,0,0
SUPER_11,8110000,0,0,0,0,0,0,0
SUPER_11,8120000,0,0,0,0,0,0,0
SUPER_11,8130000,0,0,0,0,0,0,0
SUPER_11,8140000,0,0,0,0,0,0,0
SUPER_11,8150000,0,0,0,0,0,0,0
SUPER_11,8160000,0,0,0,0,0,0,0
SUPER_11,8170000,0,0,0,0,0,0,0
SUPER_11,8180000,0,0,0,0,0,0,0
SUPER_11,8190000,0,0,0,0,0,0,0
SUPER_11,8200000,0,0,0,0,0,0,0
SUPER_11,8210000,0,0,0,0,0,0,0
SUPER_11,8220000,0,0,0,0,0,0,0
SUPER_11,8230000,0,0,0,0,0,0,0
SUPER_11,8240000,0,0,0,0,0,0,0
SUPER_11,8250000,0,0,0,0,0,0,0
SUPER_11,8260000,0,0,0,0,0,0,0
SUPER_11,8270000,0,0,0,0,0,0,0
SUPER_11,8280000,0,0,0,0,0,0,0
SUPER_11,8290000,0,0,0,0,0,0,0
SUPER_11,8300000,0,0,0,0,0,0,0
SUPER_11,8310000,75,7,9,91,42,33,4.625
SUPER_11,8320000,91,4,9,104,52,39,3.3076923
SUPER_11,8330000,71,7,5,83,35,36,5.5833335
SUPER_11,8340000,1,0,0,1,0,1,NaN
SUPER_11,8350000,1,0,0,1,1,0,NaN
SUPER_11,8360000,1,0,1,2,0,1,3
SUPER_11,8370000,26,1,4,31,10,16,8.2
SUPER_11,8380000,37,2,4,43,17,20,9.666667
SUPER_11,8390000,101,5,8,114,50,51,12.307693
SUPER_11,8400000,117,7,10,134,58,59,3
SUPER_11,8410000,149,8,17,174,67,82,17.88
SUPER_11,8420000,64,1,9,74,32,32,2.8
SUPER_11,8430000,33,2,5,40,18,15,17.285715
SUPER_11,8440000,162,8,14,184,91,71,4.4545455
SUPER_11,8450000,140,8,9,157,67,73,7.7647057
SUPER_11,8460000,163,12,15,190,87,76,25.333334
SUPER_11,8470000,115,5,8,128,57,58,4.5384617
SUPER_11,8480000,32,5,1,38,23,9,2
SUPER_11,8490000,52,8,4,64,21,31,4.5833335
SUPER_11,8500000,165,9,15,189,77,88,2.1666667
SUPER_11,8510000,153,7,6,166,76,77,7
SUPER_11,8520000,75,7,9,91,39,36,10.125
SUPER_11,8530000,206,18,16,240,106,100,4.5588236
SUPER_11,8540000,136,4,13,153,70,66,9.117647
SUPER_11,8550000,105,8,9,122,51,54,3.1176472
SUPER_11,8560000,17,0,1,18,7,10,1
SUPER_11,8570000,106,7,6,119,58,48,6.6923075
SUPER_11,8580000,60,2,7,69,30,30,6.111111
SUPER_11,8590000,78,6,6,90,35,43,9.083333
SUPER_11,8600000,113,7,6,126,63,50,5.230769
SUPER_11,8610000,98,2,9,109,60,38,16.272728
SUPER_11,8620000,65,6,1,72,35,30,5
SUPER_11,8630000,102,11,8,121,49,53,6.5263157
SUPER_11,8640000,204,14,15,233,108,96,4.8965516
SUPER_11,8650000,127,9,11,147,63,64,6.9
SUPER_11,8660000,94,5,8,107,51,43,17.23077
SUPER_11,8670000,105,6,4,115,63,42,4.2
SUPER_11,8680000,55,7,3,65,30,25,10.2
SUPER_11,8690000,134,12,2,148,66,68,6.357143
SUPER_11,8700000,159,7,7,173,93,66,14.285714
SUPER_11,8710000,111,5,18,134,58,53,4.695652
SUPER_11,8720000,67,4,3,74,33,34,18
SUPER_11,8730000,114,9,11,134,66,48,11.1
SUPER_11,8740000,158,15,19,192,89,69,15.235294
SUPER_11,8750000,134,7,9,150,69,65,4.625
SUPER_11,8760000,92,10,11,113,43,49,8.571428
SUPER_11,8770000,91,6,8,105,52,39,4.357143
SUPER_11,8780000,43,1,4,48,21,22,46.8
SUPER_11,8790000,132,12,8,152,66,66,5.1
SUPER_11,8800000,78,5,4,87,39,39,6.3333335
SUPER_11,8810000,131,11,14,156,61,70,12.92
SUPER_11,8820000,107,7,10,124,56,51,5.7647057
SUPER_11,8830000,82,6,4,92,39,43,4.6
SUPER_11,8840000,16,3,0,19,7,9,1.6666666
SUPER_11,8850000,113,8,3,124,61,52,3.4545455
SUPER_11,8860000,123,10,11,144,61,62,5.1904764
SUPER_11,8870000,1,1,0,2,1,0,1
SUPER_11,8880000,73,1,4,78,36,37,8
SUPER_11,8890000,124,11,9,144,61,63,9.05
SUPER_11,8900000,146,13,13,172,71,75,6.5384617
SUPER_11,8910000,58,4,6,68,29,29,22.6
SUPER_11,8920000,192,11,11,214,85,107,7.681818
SUPER_11,8930000,144,12,8,164,69,75,9.75
SUPER_11,8940000,64,5,6,75,26,38,17.363636
SUPER_11,8950000,34,3,2,39,17,17,1.8
SUPER_11,8960000,45,5,5,55,17,28,9.1
SUPER_11,8970000,8,1,0,9,3,5,7
SUPER_11,8980000,1,0,0,1,1,0,NaN
SUPER_11,8990000,2,0,0,2,1,1,NaN
SUPER_11,9000000,20,3,1,24,4,16,1
SUPER_11,9010000,106,10,7,123,54,52,5.470588
SUPER_11,9020000,126,11,10,147,68,58,5.4761906
SUPER_11,9030000,129,2,7,138,56,73,2.5555556
SUPER_11,9040000,101,6,11,118,41,60,5.529412
SUPER_11,9050000,59,3,5,67,31,28,2.75
SUPER_11,9060000,42,6,5,53,18,24,6.181818
SUPER_11,9070000,116,12,7,135,63,53,8.473684
SUPER_11,9080000,64,9,4,77,31,33,6.6153846
SUPER_11,9090000,92,13,6,111,51,41,10.421053
SUPER_11,9100000,189,12,6,207,95,94,5.611111
SUPER_11,9110000,112,7,17,136,56,56,6.25
SUPER_11,9120000,82,10,8,100,43,39,7
SUPER_11,9130000,137,9,5,151,73,64,5.428571
SUPER_11,9140000,112,7,6,125,60,52,7.230769
SUPER_11,9150000,141,12,9,162,66,75,6.7619047
SUPER_11,9160000,103,10,10,123,51,52,10.7
SUPER_11,9170000,95,5,8,108,45,50,3.6153846
SUPER_11,9180000,231,9,14,254,127,104,7.826087
SUPER_11,9190000,128,12,11,151,64,64,8.521739
SUPER_11,9200000,141,10,14,165,69,72,3.75
SUPER_11,9210000,110,10,14,134,52,58,15.333333
SUPER_11,9220000,134,4,6,144,75,59,4.5
SUPER_11,9230000,152,8,14,174,79,73,4.7272725
SUPER_11,9240000,43,3,2,48,18,25,8.4
SUPER_11,9250000,137,7,4,148,72,65,3.4545455
SUPER_11,9260000,2,2,0,4,0,2,2.5
SUPER_11,9270000,40,3,1,44,17,23,5
SUPER_11,9280000,146,9,11,166,80,66,3.85
SUPER_11,9290000,120,9,7,136,69,51,4.1875
SUPER_11,9300000,151,12,13,176,66,85,3.6
SUPER_11,9310000,138,15,18,171,56,82,9.878788
SUPER_11,9320000,14,1,4,19,8,6,4.8
SUPER_11,9330000,1,0,0,1,0,1,NaN
SUPER_11,9340000,2,0,1,3,1,1,1
SUPER_11,9350000,54,3,5,62,25,29,4.375
SUPER_11,9360000,62,3,6,71,25,37,5.6666665
SUPER_11,9370000,104,8,11,123,56,48,7.4210525
SUPER_11,9380000,61,3,4,68,26,35,4.714286
SUPER_11,9390000,60,0,3,63,35,25,9.666667
SUPER_11,9400000,180,13,19,212,106,74,7.40625
SUPER_11,9410000,154,10,10,174,76,78,9
SUPER_11,9420000,76,8,4,88,45,31,8.25
SUPER_11,9430000,11,1,0,12,4,7,8
SUPER_11,9440000,31,3,4,38,15,16,5.571429
SUPER_11,9450000,0,0,0,0,0,0,0
SUPER_11,9460000,0,0,0,0,0,0,0
SUPER_11,9470000,13,3,1,17,3,10,11
SUPER_11,9480000,2,0,0,2,0,2,NaN
SUPER_11,9490000,2,0,1,3,2,0,1
SUPER_11,9500000,2,0,0,2,1,1,NaN
SUPER_11,9510000,19,1,1,21,11,8,4.5
SUPER_11,9520000,1,1,0,2,0,1,32
SUPER_11,9530000,1,1,0,2,0,1,1
SUPER_11,9540000,19,4,2,25,12,7,7.8333335
SUPER_11,9550000,70,4,6,80,44,26,2
SUPER_11,9560000,24,4,1,29,12,12,3.4
SUPER_11,9570000,29,4,0,33,19,10,21.75
SUPER_11,9580000,26,6,0,32,11,15,8
SUPER_11,9590000,84,5,6,95,47,37,10.181818
SUPER_11,9600000,203,14,21,238,101,102,8.142858
SUPER_11,9610000,128,8,10,146,61,67,4.6666665
SUPER_11,9620000,0,0,0,0,0,0,0
SUPER_11,9630000,0,0,0,0,0,0,0
SUPER_11,9640000,0,0,0,0,0,0,0
SUPER_11,9650000,0,0,0,0,0,0,0
SUPER_11,9660000,145,11,7,163,74,71,8.888889
SUPER_11,9670000,72,6,2,80,40,32,3.75
SUPER_11,9680000,65,3,2,70,27,38,37.2
SUPER_11,9690000,25,0,6,31,9,16,2.1666667
SUPER_11,9700000,112,6,7,125,60,52,7.076923
SUPER_11,9710000,55,3,5,63,24,31,3.625
SUPER_11,9720000,137,3,14,154,67,70,12.3529415
SUPER_11,9730000,251,14,22,287,124,127,9.277778
SUPER_11,9740000,89,4,3,96,40,49,7.571429
SUPER_11,9750000,7,0,0,7,6,1,NaN
SUPER_11,9760000,7,3,1,11,2,5,7.5
SUPER_11,9770000,31,2,5,38,13,18,2.4285715
SUPER_11,9780000,16,3,1,20,9,7,3.5
SUPER_11,9790000,22,0,4,26,11,11,10.75
SUPER_11,9800000,197,14,18,229,97,100,29.9375
SUPER_11,9810000,78,4,7,89,45,33,4.2727275
SUPER_11,9820000,157,11,18,186,73,84,6.0689654
SUPER_11,9830000,18,1,1,20,9,9,8
SUPER_11,9840000,78,6,8,92,35,43,4.571429
SUPER_11,9850000,87,8,7,102,45,42,10.066667
SUPER_11,9860000,183,7,3,193,104,79,8.3
SUPER_11,9870000,50,4,5,59,23,27,11.444445
SUPER_11,9880000,191,10,7,208,111,80,9.235294
SUPER_11,9890000,179,12,17,208,99,80,8.379311
SUPER_11,9900000,27,5,1,33,13,14,3.1666667
SUPER_11,9910000,2,0,1,3,0,2,8
SUPER_11,9920000,2,0,0,2,1,1,NaN
SUPER_11,9930000,2,0,0,2,1,1,NaN
SUPER_11,9940000,2,0,0,2,1,1,NaN
SUPER_11,9950000,81,8,5,94,39,42,12.461538
SUPER_11,9960000,112,11,12,135,53,59,16
SUPER_11,9970000,167,7,15,189,75,92,13.318182
SUPER_11,9980000,167,6,15,188,79,88,22.333334
SUPER_11,9990000,94,5,4,103,56,38,3.2222223
SUPER_11,10000000,176,8,20,204,94,82,10.928572
SUPER_11,10010000,156,13,12,181,74,82,22.84
SUPER_11,10020000,107,11,11,129,54,53,8.772727
SUPER_11,10030000,154,6,8,168,89,65,3.142857
SUPER_11,10040000,148,14,10,172,60,88,6.8333335
SUPER_11,10050000,137,12,14,163,70,67,10.576923
SUPER_11,10060000,127,14,10,151,51,76,6.75
SUPER_11,10070000,115,10,7,132,57,58,6.0588236
SUPER_11,10080000,66,2,6,74,31,35,5.125
SUPER_11,10090000,109,6,10,125,59,50,9.875
SUPER_11,10100000,3,1,0,4,2,1,1
SUPER_11,10110000,4,0,0,4,3,1,NaN
SUPER_11,10120000,9,0,2,11,5,4,5
SUPER_11,10130000,74,7,4,85,39,35,2.2727273
SUPER_11,10140000,47,5,4,56,22,25,2.1111112
SUPER_11,10150000,56,4,3,63,31,25,52.142857
SUPER_11,10160000,129,13,13,155,73,56,5.9615383
SUPER_11,10170000,36,7,2,45,25,11,4.111111
SUPER_11,10180000,33,4,6,43,10,23,8
SUPER_11,10190000,140,12,13,165,69,71,5.56
SUPER_11,10200000,50,3,7,60,22,28,6.6
SUPER_11,10210000,78,5,8,91,45,33,25.923077
SUPER_11,10220000,95,2,7,104,52,43,3.8888888
SUPER_11,10230000,106,5,11,122,47,59,20
SUPER_11,10240000,195,17,7,219,100,95,4.4166665
SUPER_11,10250000,83,5,5,93,38,45,10.8
SUPER_11,10260000,72,7,4,83,36,36,7
SUPER_11,10270000,31,3,3,37,20,11,2.5
SUPER_11,10280000,88,4,6,98,46,42,22.7
SUPER_11,10290000,15,0,1,16,9,6,1
SUPER_11,10300000,0,0,0,0,0,0,0
SUPER_11,10310000,0,0,0,0,0,0,0
SUPER_11,10320000,130,13,16,159,65,65,14.827586
SUPER_11,10330000,70,6,5,81,37,33,8.909091
SUPER_11,10340000,92,12,9,113,37,55,4.714286
SUPER_11,10350000,119,12,13,144,59,60,4.2
SUPER_11,10360000,105,6,10,121,54,51,8.0625
SUPER_11,10370000,32,2,5,39,13,19,3
SUPER_11,10380000,58,1,2,61,34,24,3.6666667
SUPER_11,10390000,54,2,1,57,28,26,1.3333334
SUPER_11,10400000,97,7,7,111,45,52,7.785714
SUPER_11,10410000,114,9,14,137,57,57,19.695652
SUPER_11,10420000,96,7,5,108,45,51,9.416667
SUPER_11,10430000,6,2,0,8,3,3,11
SUPER_11,10440000,61,2,7,70,33,28,3.1111112
SUPER_11,10450000,55,4,2,61,27,28,7
SUPER_11,10460000,46,3,7,56,24,22,7.1
SUPER_11,10470000,138,8,13,159,69,69,6.285714
SUPER_11,10480000,57,3,3,63,30,27,1.8333334
SUPER_11,10490000,39,5,4,48,20,19,13.666667
SUPER_11,10500000,62,4,4,70,29,33,10
SUPER_11,10510000,128,9,7,144,72,56,21.0625
SUPER_11,10520000,135,10,6,151,64,71,4.8125
SUPER_11,10530000,120,7,5,132,64,56,4.5833335
SUPER_11,10540000,66,1,4,71,40,26,5.4
SUPER_11,10550000,3,1,0,4,2,1,15
SUPER_11,10560000,2,0,0,2,2,0,NaN
SUPER_11,10570000,3,0,0,3,1,2,NaN
SUPER_11,10580000,1,0,0,1,1,0,NaN
SUPER_11,10590000,3,0,1,4,3,0,4
SUPER_11,10600000,2,0,0,2,1,1,NaN
SUPER_11,10610000,31,1,4,36,10,21,3
SUPER_11,10620000,122,10,12,144,64,58,7.1363635
SUPER_11,10630000,96,10,11,117,43,53,4.285714
SUPER_11,10640000,86,12,2,100,40,46,6.571429
SUPER_11,10650000,65,2,3,70,38,27,12.6
SUPER_11,10660000,28,3,2,33,17,11,8.8
SUPER_11,10670000,193,11,6,210,110,83,10.058824
SUPER_11,10680000,95,6,6,107,44,51,4.4166665
SUPER_11,10690000,16,1,2,19,8,8,2
SUPER_11,10700000,1,0,0,1,0,1,NaN
SUPER_11,10710000,66,8,3,77,30,36,53.454544
SUPER_11,10720000,35,2,5,42,16,19,38.142857
SUPER_11,10730000,0,0,0,0,0,0,0
SUPER_11,10740000,0,0,0,0,0,0,0
SUPER_11,10750000,3,0,1,4,1,2,325
SUPER_11,10760000,2,0,0,2,0,2,NaN
SUPER_11,10770000,2,1,1,4,1,1,3
SUPER_11,10780000,70,5,2,77,39,31,12.285714
SUPER_11,10790000,118,5,6,129,59,59,3.6363637
SUPER_11,10800000,135,10,7,152,71,64,4.529412
SUPER_11,10810000,117,2,7,126,59,58,3.7777777
SUPER_11,10820000,91,6,9,106,45,46,7.4
SUPER_11,10830000,160,11,8,179,66,94,10.157895
SUPER_11,10840000,92,9,9,110,42,50,7.3333335
SUPER_11,10850000,185,11,5,201,101,84,16.6875
SUPER_11,10860000,69,6,4,79,33,36,2.2
SUPER_11,10870000,137,13,9,159,63,74,6.090909
SUPER_11,10880000,147,4,9,160,71,76,2.7692308
SUPER_11,10890000,136,6,8,150,70,66,3.5714285
SUPER_11,10900000,31,2,2,35,17,14,10.75
SUPER_11,10910000,106,5,5,116,54,52,3.3
SUPER_11,10920000,143,5,5,153,74,69,7
SUPER_11,10930000,54,8,1,63,22,32,2
SUPER_11,10940000,140,11,9,160,63,77,5
SUPER_11,10950000,58,3,2,63,21,37,4
SUPER_11,10960000,100,8,9,117,53,47,7.5882354
SUPER_11,10970000,116,5,7,128,67,49,5.25
SUPER_11,10980000,170,7,14,191,83,87,21.333334
SUPER_11,10990000,108,4,6,118,53,55,3
SUPER_11,11000000,30,2,2,34,14,16,88.5
SUPER_11,11010000,138,11,11,160,76,62,11.181818
SUPER_11,11020000,165,8,14,187,84,81,11.318182
SUPER_11,11030000,128,10,11,149,68,60,3.857143
SUPER_11,11040000,158,9,14,181,79,79,10.217391
SUPER_11,11050000,123,5,6,134,59,64,5.181818
SUPER_11,11060000,98,7,6,111,42,56,41.846153
SUPER_11,11070000,73,3,4,80,38,35,6.857143
SUPER_11,11080000,77,8,7,92,41,36,13.666667
SUPER_11,11090000,2,0,0,2,0,2,NaN
SUPER_11,11100000,3,0,2,5,1,2,2.5
SUPER_11,11110000,2,0,0,2,2,0,NaN
SUPER_11,11120000,1,0,0,1,1,0,NaN
SUPER_11,11130000,6,0,0,6,4,2,NaN
SUPER_11,11140000,4,1,2,7,2,2,1.3333334
SUPER_11,11150000,1,0,1,2,0,1,185
SUPER_11,11160000,2,0,0,2,0,2,NaN
SUPER_11,11170000,4,1,2,7,1,3,2.3333333
SUPER_11,11180000,2,1,2,5,0,2,4.3333335
SUPER_11,11190000,23,1,5,29,12,11,14.666667
SUPER_11,11200000,127,9,8,144,74,53,5.2352943
SUPER_11,11210000,47,5,3,55,21,26,3
SUPER_11,11220000,52,4,5,61,28,24,13.666667
SUPER_11,11230000,55,5,1,61,21,34,2.8333333
SUPER_11,11240000,3,0,0,3,1,2,NaN
SUPER_11,11250000,2,0,0,2,2,0,NaN
SUPER_11,11260000,0,0,0,0,0,0,0
SUPER_11,11270000,0,0,0,0,0,0,0
SUPER_11,11280000,3,0,1,4,3,0,1
SUPER_11,11290000,0,0,0,0,0,0,0
SUPER_11,11300000,0,0,0,0,0,0,0
SUPER_11,11310000,107,7,9,123,58,49,6.875
SUPER_11,11320000,159,20,13,192,74,85,5.060606
SUPER_11,11330000,129,5,11,145,58,71,2.8125
SUPER_11,11340000,1,0,0,1,0,1,NaN
SUPER_11,11350000,9,3,0,12,3,6,7.6666665
SUPER_11,11360000,0,0,0,0,0,0,0
SUPER_11,11370000,0,0,0,0,0,0,0
SUPER_11,11380000,117,8,12,137,54,63,21.3
SUPER_11,11390000,74,3,5,82,37,37,9.875
SUPER_11,11400000,113,8,10,131,65,48,2.7222223
SUPER_11,11410000,153,10,9,172,65,88,5.5263157
SUPER_11,11420000,21,2,2,25,11,10,17.25
SUPER_11,11430000,2,1,0,3,0,2,1
SUPER_11,11440000,2,0,0,2,1,1,NaN
SUPER_11,11450000,8,0,1,9,4,4,1
SUPER_11,11460000,24,3,1,28,9,15,2.25
SUPER_11,11470000,90,8,3,101,45,45,6.5454545
SUPER_11,11480000,92,3,12,107,46,46,29.266666
SUPER_11,11490000,116,6,12,134,64,52,7.111111
SUPER_11,11500000,86,4,9,99,45,41,7.4615383
SUPER_11,11510000,30,4,2,36,17,13,89.666664
SUPER_11,11520000,4,1,0,5,2,2,1
SUPER_11,11530000,2,2,2,6,1,1,16.5
SUPER_11,11540000,63,10,5,78,32,31,8.933333
SUPER_11,11550000,118,11,11,140,45,73,5.590909
SUPER_11,11560000,100,15,5,120,48,52,5.6
SUPER_11,11570000,74,5,8,87,30,44,13.538462
SUPER_11,11580000,110,9,8,127,47,63,4.7058825
SUPER_11,11590000,60,9,0,69,28,32,1.8888888
SUPER_11,11600000,7,0,0,7,4,3,NaN
SUPER_11,11610000,89,7,15,111,50,39,16.863636
SUPER_11,11620000,111,11,10,132,57,54,46.57143
SUPER_11,11630000,77,4,5,86,43,34,15.777778
SUPER_11,11640000,62,5,3,70,27,35,5.875
SUPER_11,11650000,35,2,2,39,21,14,4.5
SUPER_11,11660000,0,0,0,0,0,0,0
SUPER_11,11670000,0,0,0,0,0,0,0
SUPER_11,11680000,74,6,8,88,43,31,6.785714
SUPER_11,11690000,54,8,6,68,27,27,4.142857
SUPER_11,11700000,90,13,9,112,44,46,4.7727275
SUPER_11,11710000,78,3,5,86,33,45,1.625
SUPER_11,11720000,102,7,7,116,49,53,18.428572
SUPER_11,11730000,10,0,3,13,4,6,7.3333335
SUPER_11,11740000,165,9,6,180,82,83,2.5333333
SUPER_11,11750000,119,6,8,133,55,64,6.785714
SUPER_11,11760000,38,2,5,45,22,16,6.285714
SUPER_11,11770000,17,0,0,17,7,10,NaN
SUPER_11,11780000,105,8,10,123,51,54,5.5555553
SUPER_11,11790000,106,7,7,120,55,51,9.285714
SUPER_11,11800000,111,9,4,124,53,58,16
SUPER_11,11810000,14,1,2,17,10,4,42.333332
SUPER_11,11820000,70,5,6,81,35,35,7.7272725
SUPER_11,11830000,1,0,0,1,1,0,NaN
SUPER_11,11840000,3,0,1,4,1,2,1
SUPER_11,11850000,144,9,4,157,68,76,11.307693
SUPER_11,11860000,0,0,0,0,0,0,0
SUPER_11,11870000,0,0,0,0,0,0,0
SUPER_11,11880000,38,1,3,42,22,16,7.75
SUPER_11,11890000,0,0,2,2,0,0,1.5
SUPER_11,11900000,4,1,1,6,2,2,5.5
SUPER_11,11910000,24,1,1,26,15,9,6
SUPER_11,11920000,179,10,17,206,97,82,8.407408
SUPER_11,11930000,146,5,15,166,77,69,7.5
SUPER_11,11940000,149,9,13,171,82,67,6.2272725
SUPER_11,11950000,110,11,14,135,53,57,4.48
SUPER_11,11960000,94,11,6,111,52,42,3.8235295
SUPER_11,11970000,146,7,13,166,77,69,15.8
SUPER_11,11980000,56,4,4,64,26,30,14.625
SUPER_11,11990000,193,12,9,214,97,96,4.6666665
SUPER_11,12000000,113,9,3,125,64,49,3.8333333
SUPER_11,12010000,84,5,9,98,41,43,3.9285715
SUPER_11,12020000,120,11,10,141,64,56,6.428571
SUPER_11,12030000,0,0,0,0,0,0,0
SUPER_11,12040000,0,0,0,0,0,0,0
SUPER_11,12050000,10,0,0,10,4,6,NaN
SUPER_11,12060000,115,9,6,130,55,60,3.4666667
SUPER_11,12070000,127,7,9,143,67,60,24.0625
SUPER_11,12080000,43,3,4,50,22,21,1.5714285
SUPER_11,12090000,82,7,7,96,44,38,3.7142856
SUPER_11,12100000,153,9,13,175,78,75,9.636364
SUPER_11,12110000,128,3,11,142,75,53,6.857143
SUPER_11,12120000,126,10,16,152,60,66,6.1538463
SUPER_11,12130000,182,12,16,210,100,82,20
SUPER_11,12140000,154,8,10,172,89,65,4.7777777
SUPER_11,12150000,114,9,15,138,64,50,39.458332
SUPER_11,12160000,107,9,10,126,57,50,7.4210525
SUPER_11,12170000,83,2,6,91,42,41,3
SUPER_11,12180000,78,4,7,89,45,33,2.5454545
SUPER_11,12190000,99,2,8,109,51,48,4.3
SUPER_11,12200000,67,5,9,81,32,35,6.142857
SUPER_11,12210000,4,1,1,6,2,2,16.5
SUPER_11,12220000,3,1,0,4,2,1,2
SUPER_11,12230000,0,1,0,1,0,0,4
SUPER_11,12240000,2,0,0,2,2,0,NaN
SUPER_11,12250000,0,0,0,0,0,0,0
SUPER_11,12260000,0,0,0,0,0,0,0
SUPER_11,12270000,18,2,0,20,10,8,5
SUPER_11,12280000,128,10,12,150,56,72,3.7272727
SUPER_11,12290000,124,7,9,140,67,57,8.875
SUPER_11,12300000,128,12,12,152,76,52,6.625
SUPER_11,12310000,136,7,8,151,68,68,4.0666666
SUPER_11,12320000,117,6,5,128,65,52,4.909091
SUPER_11,12330000,83,6,8,97,47,36,2.857143
SUPER_11,12340000,35,3,2,40,16,19,7
SUPER_11,12350000,0,0,0,0,0,0,0
SUPER_11,12360000,0,0,0,0,0,0,0
SUPER_11,12370000,10,1,0,11,5,5,1
SUPER_11,12380000,1,1,0,2,1,0,15
SUPER_11,12390000,5,1,0,6,2,3,7
SUPER_11,12400000,4,1,0,5,1,3,46
SUPER_11,12410000,3,1,1,5,1,2,1.5
SUPER_11,12420000,87,7,5,99,46,41,6.9166665
SUPER_11,12430000,160,11,11,182,81,79,10.5
SUPER_11,12440000,63,5,3,71,27,36,8.875
SUPER_11,12450000,110,7,7,124,53,57,14.142858
SUPER_11,12460000,12,1,2,15,6,6,7.6666665
SUPER_11,12470000,10,0,0,10,7,3,NaN
SUPER_11,12480000,23,2,0,25,8,15,19
SUPER_11,12490000,92,7,5,104,51,41,2.5833333
SUPER_11,12500000,38,4,2,44,20,18,2.5
SUPER_11,12510000,143,8,15,166,66,77,5.0869565
SUPER_11,12520000,82,4,1,87,39,43,6.6
SUPER_11,12530000,177,12,14,203,92,85,11.884615
SUPER_11,12540000,156,7,18,181,80,76,17.52
SUPER_11,12550000,94,8,6,108,47,47,8.428572
SUPER_11,12560000,13,1,1,15,10,3,1
SUPER_11,12570000,77,3,8,88,39,38,7.4545455
SUPER_11,12580000,125,11,8,144,61,64,5
SUPER_11,12590000,105,9,4,118,52,53,2.5384614
SUPER_11,12600000,153,6,13,172,75,78,3.0526316
SUPER_11,12610000,0,0,0,0,0,0,0
SUPER_11,12620000,0,0,0,0,0,0,0
SUPER_11,12630000,16,4,0,20,8,8,3.75
SUPER_11,12640000,188,15,15,218,76,112,5.733333
SUPER_11,12650000,108,11,8,127,53,55,6.368421
SUPER_11,12660000,81,2,6,89,40,41,7.25
SUPER_11,12670000,103,9,7,119,60,43,7
SUPER_11,12680000,140,12,14,166,72,68,27.653847
SUPER_11,12690000,129,5,6,140,69,60,3.5454545
SUPER_11,12700000,0,0,0,0,0,0,0
SUPER_11,12710000,0,0,0,0,0,0,0
SUPER_11,12720000,0,0,0,0,0,0,0
SUPER_11,12730000,168,12,13,193,90,78,12
SUPER_11,12740000,33,3,2,38,12,21,1
SUPER_11,12750000,92,6,5,103,49,43,4.7272725
SUPER_11,12760000,137,6,10,153,75,62,13.375
SUPER_11,12770000,106,16,11,133,58,48,8.888889
SUPER_11,12780000,80,3,3,86,50,30,10.5
SUPER_11,12790000,117,8,9,134,58,59,4.117647
SUPER_11,12800000,122,5,13,140,60,62,2.9444444
SUPER_11,12810000,167,15,10,192,85,82,7.36
SUPER_11,12820000,142,8,16,166,70,72,8.166667
SUPER_11,12830000,4,0,0,4,3,1,NaN
SUPER_11,12840000,1,0,1,2,0,1,1
SUPER_11,12850000,2,0,0,2,1,1,NaN
SUPER_11,12860000,1,0,0,1,1,0,NaN
SUPER_11,12870000,0,4,0,4,0,0,8.5
SUPER_11,12880000,51,8,4,63,27,24,11.666667
SUPER_11,12890000,186,8,7,201,109,77,4.6666665
SUPER_11,12900000,134,7,12,153,70,64,4.4736843
SUPER_11,12910000,5,0,1,6,1,4,19
SUPER_11,12920000,48,2,2,52,21,27,5.5
SUPER_11,12930000,187,11,11,209,91,96,14.272727
SUPER_11,12940000,93,8,2,103,45,48,28.9
SUPER_11,12950000,4,2,0,6,3,1,1.5
SUPER_11,12960000,5,0,1,6,2,3,4
SUPER_11,12970000,2,0,0,2,0,2,NaN
SUPER_11,12980000,0,0,1,1,0,0,1
SUPER_11,12990000,6,0,1,7,1,5,1
SUPER_11,13000000,4,0,0,4,3,1,NaN
SUPER_11,13010000,15,0,1,16,9,6,73
SUPER_11,13020000,71,4,3,78,42,29,4
SUPER_11,13030000,0,0,1,1,0,0,1
SUPER_11,13040000,42,3,1,46,24,18,13
SUPER_11,13050000,113,6,12,131,63,50,4.3333335
SUPER_11,13060000,137,9,10,156,63,74,3.7368422
SUPER_11,13070000,18,2,2,22,11,7,7.75
SUPER_11,13080000,89,5,4,98,40,49,10.111111
SUPER_11,13090000,113,7,8,128,50,63,7.2
SUPER_11,13100000,78,3,4,85,44,34,18
SUPER_11,13110000,64,2,6,72,37,27,7.125
SUPER_11,13120000,3,1,0,4,1,2,2
SUPER_11,13130000,127,6,9,142,62,65,17.333334
SUPER_11,13140000,107,2,11,120,56,51,10.384615
SUPER_11,13150000,128,10,4,142,71,57,5.642857
SUPER_11,13160000,175,3,15,193,94,81,19.444445
SUPER_11,13170000,77,5,3,85,40,37,45.25
SUPER_11,13180000,126,7,5,138,65,61,5.5
SUPER_11,13190000,78,6,5,89,45,33,7.7272725
SUPER_11,13200000,0,1,0,1,0,0,1
SUPER_11,13210000,2,0,0,2,2,0,NaN
SUPER_11,13220000,2,0,0,2,2,0,NaN
SUPER_11,13230000,54,4,4,62,35,19,5.75
SUPER_11,13240000,109,3,5,117,53,56,1.5
SUPER_11,13250000,146,6,12,164,86,60,8.111111
SUPER_11,13260000,175,10,12,197,97,78,7.2272725
SUPER_11,13270000,157,11,19,187,74,83,19.1
SUPER_11,13280000,22,5,0,27,8,14,4.4
SUPER_11,13290000,79,5,5,89,41,38,8.9
SUPER_11,13300000,177,4,10,191,101,76,5.785714
SUPER_11,13310000,64,5,5,74,34,30,12.9
SUPER_11,13320000,111,10,7,128,69,42,10.705882
SUPER_11,13330000,100,7,15,122,48,52,13.454545
SUPER_11,13340000,94,9,5,108,53,41,7.214286
SUPER_11,13350000,46,3,6,55,22,24,6
SUPER_11,13360000,133,3,9,145,75,58,13.5
SUPER_11,13370000,106,5,8,119,62,44,7.3846154
SUPER_11,13380000,10,0,3,13,7,3,5
SUPER_11,13390000,43,5,2,50,22,21,6.571429
SUPER_11,13400000,1,0,0,1,1,0,NaN
SUPER_11,13410000,77,2,9,88,36,41,13.818182
SUPER_11,13420000,46,2,4,52,20,26,2.1666667
SUPER_11,13430000,61,5,5,71,36,25,5.8
SUPER_11,13440000,72,9,6,87,27,45,3.8666666
SUPER_11,13450000,0,0,0,0,0,0,0
SUPER_11,13460000,0,0,0,0,0,0,0
SUPER_11,13470000,111,6,9,126,50,61,7.6
SUPER_11,13480000,19,3,3,25,9,10,4.3333335
SUPER_11,13490000,40,3,7,50,25,15,4.6
SUPER_11,13500000,48,3,2,53,20,28,6
SUPER_11,13510000,71,5,9,85,40,31,10.071428
SUPER_11,13520000,87,5,5,97,46,41,4.7
SUPER_11,13530000,109,13,8,130,64,45,3.7142856
SUPER_11,13540000,13,2,2,17,6,7,2
SUPER_11,13550000,47,5,3,55,26,21,4.25
SUPER_11,13560000,116,4,7,127,54,62,7.818182
SUPER_11,13570000,57,5,6,68,40,17,7.6363635
SUPER_11,13580000,1,0,0,1,0,1,NaN
SUPER_11,13590000,79,8,2,89,37,42,8.7
SUPER_11,13600000,76,4,7,87,42,34,4.4545455
SUPER_11,13610000,32,1,7,40,17,15,11.125
SUPER_11,13620000,65,10,9,84,34,31,5.7894735
SUPER_11,13630000,97,6,7,110,37,60,13.538462
SUPER_11,13640000,105,7,5,117,41,64,1.9166666
SUPER_11,13650000,125,15,9,149,61,64,3.5416667
SUPER_11,13660000,135,13,8,156,65,70,9.523809
SUPER_11,13670000,115,10,12,137,59,56,5.1363635
SUPER_11,13680000,109,11,6,126,58,51,6.9411764
SUPER_11,13690000,67,6,7,80,33,34,7.4615383
SUPER_11,13700000,142,10,18,170,59,83,3.5
SUPER_11,13710000,85,10,3,98,47,38,8.538462
SUPER_11,13720000,1,0,1,2,0,1,2
SUPER_11,13730000,8,0,0,8,5,3,NaN
SUPER_11,13740000,185,17,17,219,92,93,7.647059
SUPER_11,13750000,152,7,10,169,85,67,3
SUPER_11,13760000,151,10,9,170,76,75,5
SUPER_11,13770000,161,7,8,176,87,74,13.733334
SUPER_11,13780000,99,11,7,117,52,47,6.0555553
SUPER_11,13790000,62,4,7,73,32,30,5.090909
SUPER_11,13800000,65,7,4,76,32,33,9
SUPER_11,13810000,129,11,12,152,64,65,4.6086955
SUPER_11,13820000,94,13,7,114,50,44,5.6
SUPER_11,13830000,76,7,11,94,45,31,8
SUPER_11,13840000,41,3,3,47,25,16,6.3333335
SUPER_11,13850000,98,11,7,116,49,49,20.166666
SUPER_11,13860000,35,1,1,37,17,18,8.5
SUPER_11,13870000,4,1,0,5,0,4,5
SUPER_11,13880000,2,0,0,2,1,1,NaN
SUPER_11,13890000,21,1,2,24,10,11,2.3333333
SUPER_11,13900000,2,0,0,2,1,1,NaN
SUPER_11,13910000,37,1,5,43,18,19,1.5
SUPER_11,13920000,9,1,0,10,4,5,4
SUPER_11,13930000,2,0,0,2,0,2,NaN
SUPER_11,13940000,2,0,0,2,1,1,NaN
SUPER_11,13950000,1,0,0,1,1,0,NaN
SUPER_11,13960000,1,0,1,2,1,0,25
SUPER_11,13970000,38,2,2,42,25,13,3.5
SUPER_11,13980000,4,0,1,5,3,1,4
SUPER_11,13990000,3,1,0,4,0,3,6
SUPER_11,14000000,1,0,1,2,0,1,1
SUPER_11,14010000,11,1,1,13,6,5,4
SUPER_11,14020000,164,12,20,196,79,85,6
SUPER_11,14030000,165,10,16,191,81,84,5.6538463
SUPER_11,14040000,2,0,0,2,1,1,NaN
SUPER_11,14050000,2,0,0,2,0,2,NaN
SUPER_11,14060000,1,0,0,1,1,0,NaN
SUPER_11,14070000,1,0,0,1,1,0,NaN
SUPER_11,14080000,4,0,0,4,2,2,NaN
SUPER_11,14090000,2,1,0,3,1,1,2
SUPER_11,14100000,5,2,0,7,2,3,4
SUPER_11,14110000,23,2,1,26,14,9,4.6666665
SUPER_11,14120000,4,0,0,4,3,1,NaN
SUPER_11,14130000,33,3,3,39,16,17,2.3333333
SUPER_11,14140000,1,0,0,1,0,1,NaN
SUPER_11,14150000,3,1,1,5,1,2,4
SUPER_11,14160000,63,4,6,73,32,31,3.6
SUPER_11,14170000,30,1,0,31,16,14,12
SUPER_11,14180000,2,0,1,3,1,1,2
SUPER_11,14190000,75,4,4,83,34,41,2.125
SUPER_11,14200000,101,12,7,120,42,59,3.3157895
SUPER_11,14210000,2,0,0,2,1,1,NaN
SUPER_11,14220000,48,1,6,55,24,24,2.142857
SUPER_11,14230000,22,2,3,27,11,11,20.2
SUPER_11,14240000,46,3,2,51,23,23,4.4
SUPER_11,14250000,101,4,4,109,56,45,3.625
SUPER_11,14260000,13,1,1,15,7,6,28.5
SUPER_11,14270000,45,4,2,51,19,26,2.3333333
SUPER_11,14280000,108,10,11,129,45,63,5
SUPER_11,14290000,176,19,8,203,118,58,11.185185
SUPER_11,14300000,154,9,9,172,81,73,10.333333
SUPER_11,14310000,3,0,1,4,2,1,2
SUPER_11,14320000,1,1,0,2,1,0,4
SUPER_11,14330000,91,5,8,104,45,46,19.846153
SUPER_11,14340000,143,8,14,165,64,79,6.681818
SUPER_11,14350000,113,5,5,123,57,56,4.6
SUPER_11,14360000,79,5,12,96,41,38,6.9411764
SUPER_11,14370000,36,3,2,41,16,20,9.6
SUPER_11,14380000,101,3,9,113,38,63,10.666667
SUPER_11,14390000,94,2,9,105,48,46,3.1818182
SUPER_11,14400000,59,3,6,68,32,27,19.11111
SUPER_11,14410000,30,2,3,35,11,19,2.8
SUPER_11,14420000,90,5,6,101,34,56,3.8181818
SUPER_11,14430000,2,0,1,3,1,1,2
SUPER_11,14440000,15,1,2,18,8,7,1
SUPER_11,14450000,64,3,6,73,41,23,29.11111
SUPER_11,14460000,17,3,1,21,10,7,8.25
SUPER_11,14470000,1,0,0,1,1,0,NaN
SUPER_11,14480000,3,0,1,4,3,0,35
SUPER_11,14490000,35,3,4,42,14,21,4.857143
SUPER_11,14500000,69,3,5,77,35,34,5.375
SUPER_11,14510000,121,9,7,137,57,64,3.6875
SUPER_11,14520000,58,3,11,72,31,27,25.285715
SUPER_11,14530000,13,0,4,17,6,7,7.75
SUPER_11,14540000,97,3,6,106,52,45,11.666667
SUPER_11,14550000,163,11,17,191,79,84,6.714286
SUPER_11,14560000,129,5,12,146,64,65,7.7058825
SUPER_11,14570000,108,2,10,120,52,56,14.75
SUPER_11,14580000,120,3,13,136,62,58,17.375
SUPER_11,14590000,80,4,7,91,36,44,5.6363635
SUPER_11,14600000,76,8,6,90,37,39,24.928572
SUPER_11,14610000,65,3,2,70,33,32,4.4
SUPER_11,14620000,30,2,4,36,14,16,10.333333
SUPER_11,14630000,1,0,1,2,0,1,1
SUPER_11,14640000,3,1,2,6,2,1,1.6666666
SUPER_11,14650000,184,15,11,210,83,101,5.6923075
SUPER_11,14660000,71,1,12,84,31,40,4.6153846
SUPER_11,14670000,93,8,13,114,47,46,7.6666665
SUPER_11,14680000,84,3,4,91,38,46,3.5714285
SUPER_11,14690000,33,4,3,40,14,19,17.142857
SUPER_11,14700000,48,2,5,55,27,21,5
SUPER_11,14710000,15,1,2,18,11,4,5.3333335
SUPER_11,14720000,86,5,6,97,36,50,30.727272
SUPER_11,14730000,68,2,5,75,31,37,6.857143
SUPER_11,14740000,73,5,5,83,40,33,4.2
SUPER_11,14750000,20,2,2,24,10,10,6.25
SUPER_11,14760000,65,9,3,77,40,25,7.5833335
SUPER_11,14770000,121,14,13,148,57,64,15.740741
SUPER_11,14780000,65,8,6,79,39,26,10.071428
SUPER_11,14790000,95,5,3,103,49,46,2.875
SUPER_11,14800000,74,4,9,87,34,40,12
SUPER_11,14810000,99,7,6,112,53,46,7.923077
SUPER_11,14820000,46,2,3,51,23,23,24.4
SUPER_11,14830000,60,3,2,65,31,29,7.4
SUPER_11,14840000,75,6,3,84,32,43,2.7777777
SUPER_11,14850000,75,3,5,83,38,37,2.5
SUPER_11,14860000,87,7,7,101,48,39,5.642857
SUPER_11,14870000,16,3,2,21,11,5,2
SUPER_11,14880000,98,8,9,115,62,36,6.9411764
SUPER_11,14890000,162,9,16,187,87,75,5.88
SUPER_11,14900000,176,15,11,202,97,79,7.269231
SUPER_11,14910000,57,2,3,62,34,23,3.8
SUPER_11,14920000,90,8,5,103,45,45,5.3846154
SUPER_11,14930000,54,2,4,60,24,30,5.1666665
SUPER_11,14940000,101,11,7,119,60,41,5.8333335
SUPER_11,14950000,26,3,1,30,8,18,5.75
SUPER_11,14960000,37,3,1,41,17,20,6
SUPER_11,14970000,13,2,1,16,8,5,1.3333334
SUPER_11,14980000,90,5,12,107,42,48,4.9411764
SUPER_11,14990000,72,5,6,83,37,35,3.4545455
SUPER_11,15000000,138,11,7,156,80,58,12.777778
SUPER_11,15010000,60,5,5,70,27,33,2.9
SUPER_11,15020000,115,5,8,128,63,52,5.230769
SUPER_11,15030000,158,7,11,176,78,80,4.888889
SUPER_11,15040000,176,9,7,192,99,77,3.875
SUPER_11,15050000,116,11,9,136,59,57,26.6
SUPER_11,15060000,0,0,0,0,0,0,0
SUPER_11,15070000,0,0,0,0,0,0,0
SUPER_11,15080000,71,4,2,77,37,34,1.6666666
SUPER_11,15090000,2,0,0,2,2,0,NaN
SUPER_11,15100000,94,3,4,101,45,49,2.2857144
SUPER_11,15110000,44,1,3,48,25,19,12.25
SUPER_11,15120000,72,2,6,80,34,38,3
SUPER_11,15130000,193,14,13,220,99,94,4.962963
SUPER_11,15140000,179,13,12,204,86,93,4.88
SUPER_11,15150000,74,3,3,80,38,36,3.1666667
SUPER_11,15160000,220,11,16,247,134,86,3.7037036
SUPER_11,15170000,152,10,14,176,67,85,7.375
SUPER_11,15180000,4,0,0,4,4,0,NaN
SUPER_11,15190000,2,1,0,3,0,2,12
SUPER_11,15200000,1,0,0,1,0,1,NaN
SUPER_11,15210000,2,0,0,2,0,2,NaN
SUPER_11,15220000,2,0,0,2,2,0,NaN
SUPER_11,15230000,0,1,0,1,0,0,2
SUPER_11,15240000,1,0,0,1,1,0,NaN
SUPER_11,15250000,3,0,2,5,1,2,3.5
SUPER_11,15260000,0,0,0,0,0,0,0
SUPER_11,15270000,0,0,0,0,0,0,0
SUPER_11,15280000,0,0,0,0,0,0,0
SUPER_11,15290000,0,0,0,0,0,0,0
SUPER_11,15300000,0,0,0,0,0,0,0
SUPER_11,15310000,0,0,0,0,0,0,0
SUPER_11,15320000,14,1,0,15,7,7,1
SUPER_11,15330000,15,2,3,20,10,5,14.8
SUPER_11,15340000,82,2,5,89,39,43,3.857143
SUPER_11,15350000,43,3,3,49,25,18,3.5
SUPER_11,15360000,7,2,0,9,4,3,17
SUPER_11,15370000,112,10,5,127,53,59,4.6666665
SUPER_11,15380000,161,10,7,178,79,82,2.7058823
SUPER_11,15390000,180,14,11,205,95,85,6.6
SUPER_11,15400000,5,1,1,7,2,3,1.5
SUPER_11,15410000,1,0,1,2,1,0,9
SUPER_11,15420000,3,0,0,3,1,2,NaN
SUPER_11,15430000,49,2,7,58,19,30,12.666667
SUPER_11,15440000,67,5,7,79,29,38,5.8333335
SUPER_11,15450000,104,4,9,117,57,47,3.6923077
SUPER_11,15460000,0,0,0,0,0,0,0
SUPER_11,15470000,0,0,0,0,0,0,0
SUPER_11,15480000,11,0,1,12,7,4,5
SUPER_11,15490000,66,4,2,72,28,38,7.6666665
SUPER_11,15500000,147,9,9,165,75,72,28.722221
SUPER_11,15510000,84,2,4,90,43,41,33.166668
SUPER_11,15520000,96,5,8,109,46,50,13
SUPER_11,15530000,118,7,6,131,67,51,10.384615
SUPER_11,15540000,165,15,9,189,81,84,7
SUPER_11,15550000,96,10,8,114,50,46,6.1666665
SUPER_11,15560000,70,5,12,87,32,38,12.117647
SUPER_11,15570000,50,5,7,62,27,23,4.9166665
SUPER_11,15580000,146,7,5,158,84,62,3.1666667
SUPER_11,15590000,141,9,12,162,72,69,5.857143
SUPER_11,15600000,132,18,9,159,63,69,4.7777777
SUPER_11,15610000,26,1,1,28,16,10,3
SUPER_11,15620000,24,2,2,28,10,14,14.75
SUPER_11,15630000,8,0,0,8,5,3,NaN
SUPER_11,15640000,1,0,0,1,1,0,NaN
SUPER_11,15650000,48,4,2,54,18,30,13.5
SUPER_11,15660000,146,9,10,165,65,81,5.5789475
SUPER_11,15670000,143,11,13,167,75,68,7.2083335
SUPER_11,15680000,199,13,15,227,110,89,6.5
SUPER_11,15690000,130,11,10,151,68,62,3.5714285
SUPER_11,15700000,127,13,11,151,56,71,5.5833335
SUPER_11,15710000,110,4,5,119,58,52,5.4444447
SUPER_11,15720000,190,9,13,212,93,97,2.909091
SUPER_11,15730000,50,5,2,57,27,23,7.142857
SUPER_11,15740000,1,0,0,1,0,1,NaN
SUPER_11,15750000,54,1,2,57,35,19,2.3333333
SUPER_11,15760000,94,7,8,109,49,45,2.6
SUPER_11,15770000,74,7,7,88,34,40,6
SUPER_11,15780000,77,6,7,90,51,26,7
SUPER_11,15790000,66,8,3,77,28,38,4.6363635
SUPER_11,15800000,121,5,8,134,66,55,6.3076925
SUPER_11,15810000,93,7,10,110,48,45,23.058823
SUPER_11,15820000,129,7,13,149,61,68,3.25
SUPER_11,15830000,53,3,5,61,32,21,1.875
SUPER_11,15840000,194,12,14,220,107,87,7.0384617
SUPER_11,15850000,91,11,12,114,38,53,3.9130435
SUPER_11,15860000,78,5,7,90,42,36,2.5833333
SUPER_11,15870000,64,9,6,79,29,35,4.4666667
SUPER_11,15880000,164,9,9,182,80,84,4.111111
SUPER_11,15890000,166,12,12,190,71,95,5.3333335
SUPER_11,15900000,0,0,0,0,0,0,0
SUPER_11,15910000,0,0,0,0,0,0,0
SUPER_11,15920000,6,1,0,7,4,2,3
SUPER_11,15930000,10,0,0,10,2,8,NaN
SUPER_11,15940000,81,3,4,88,40,41,32.857143
SUPER_11,15950000,72,2,6,80,34,38,3.25
SUPER_11,15960000,37,1,2,40,18,19,4.3333335
SUPER_11,15970000,0,0,0,0,0,0,0
SUPER_11,15980000,0,0,0,0,0,0,0
SUPER_11,15990000,61,7,7,75,32,29,4.714286
SUPER_11,16000000,32,4,4,40,15,17,5.375
SUPER_11,16010000,113,5,8,126,56,57,5.923077
SUPER_11,16020000,50,3,7,60,31,19,8.4
SUPER_11,16030000,59,3,6,68,30,29,25.777779
SUPER_11,16040000,77,5,9,91,41,36,6.142857
SUPER_11,16050000,77,5,6,88,35,42,8
SUPER_11,16060000,102,6,8,116,60,42,2.642857
SUPER_11,16070000,127,13,15,155,57,70,11.642858
SUPER_11,16080000,9,0,1,10,6,3,1
SUPER_11,16090000,59,3,7,69,26,33,3.9
SUPER_11,16100000,76,4,7,87,36,40,12.727273
SUPER_11,16110000,2,0,0,2,2,0,NaN
SUPER_11,16120000,3,0,0,3,1,2,NaN
SUPER_11,16130000,2,0,0,2,2,0,NaN
SUPER_11,16140000,1,1,2,4,1,0,21
SUPER_11,16150000,22,3,1,26,11,11,5.5
SUPER_11,16160000,1,0,0,1,0,1,NaN
SUPER_11,16170000,0,0,0,0,0,0,0
SUPER_11,16180000,0,0,0,0,0,0,0
SUPER_11,16190000,0,0,0,0,0,0,0
SUPER_11,16200000,0,0,0,0,0,0,0
SUPER_11,16210000,78,4,8,90,37,41,11.166667
SUPER_11,16220000,81,4,5,90,35,46,2.8888888
SUPER_11,16230000,100,10,9,119,45,55,9.368421
SUPER_11,16240000,127,4,12,143,57,70,6.5
SUPER_11,16250000,26,3,2,31,13,13,10.2
SUPER_11,16260000,91,8,7,106,52,39,8.133333
SUPER_11,16270000,0,1,0,1,0,0,1
SUPER_11,16280000,3,0,1,4,3,0,10
SUPER_11,16290000,4,0,0,4,2,2,NaN
SUPER_11,16300000,22,1,1,24,10,12,6
SUPER_11,16310000,5,0,0,5,4,1,NaN
SUPER_11,16320000,20,1,2,23,11,9,6
SUPER_11,16330000,74,9,6,89,33,41,5.2
SUPER_11,16340000,60,6,5,71,29,31,38.727272
SUPER_11,16350000,56,2,4,62,29,27,9.333333
SUPER_11,16360000,37,2,4,43,25,12,3.6666667
SUPER_11,16370000,0,0,1,1,0,0,1
SUPER_11,16380000,2,0,0,2,2,0,NaN
SUPER_11,16390000,31,2,0,33,18,13,1.5
SUPER_11,16400000,2,1,0,3,0,2,1
SUPER_11,16410000,3,0,0,3,2,1,NaN
SUPER_11,16420000,1,0,0,1,0,1,NaN
SUPER_11,16430000,20,0,1,21,14,6,2
SUPER_11,16440000,0,0,0,0,0,0,0
SUPER_11,16450000,0,0,0,0,0,0,0
SUPER_11,16460000,22,0,1,23,9,13,3
SUPER_11,16470000,85,4,11,100,44,41,2.9333334
SUPER_11,16480000,179,19,7,205,101,78,6.8461537
SUPER_11,16490000,117,7,15,139,59,58,11.090909
SUPER_11,16500000,97,5,6,108,49,48,16.272728
SUPER_11,16510000,172,9,10,191,72,100,10.842105
SUPER_11,16520000,67,8,10,85,31,36,3.5555556
SUPER_11,16530000,128,13,14,155,67,61,8.148149
SUPER_11,16540000,34,5,1,40,14,20,4.1666665
SUPER_11,16550000,79,5,2,86,43,36,3.7142856
SUPER_11,16560000,21,1,0,22,7,14,1
SUPER_11,16570000,19,1,0,20,10,9,1
SUPER_11,16580000,4,0,0,4,1,3,NaN
SUPER_11,16590000,1,1,0,2,1,0,4
SUPER_11,16600000,2,0,0,2,1,1,NaN
SUPER_11,16610000,52,2,8,62,31,21,4.2
SUPER_11,16620000,0,0,0,0,0,0,0
SUPER_11,16630000,0,0,0,0,0,0,0
SUPER_11,16640000,0,0,0,0,0,0,0
SUPER_11,16650000,0,0,0,0,0,0,0
SUPER_11,16660000,0,0,0,0,0,0,0
SUPER_11,16670000,0,0,0,0,0,0,0
SUPER_11,16680000,0,0,0,0,0,0,0
SUPER_11,16690000,110,7,7,124,62,48,3
SUPER_11,16700000,5,0,0,5,2,3,NaN
SUPER_11,16710000,0,1,0,1,0,0,2
SUPER_11,16720000,9,1,1,11,4,5,12.5
SUPER_11,16730000,52,3,0,55,26,26,3
SUPER_11,16740000,0,0,0,0,0,0,0
SUPER_11,16750000,0,0,0,0,0,0,0
SUPER_11,16760000,3,0,0,3,1,2,NaN
SUPER_11,16770000,20,0,2,22,8,12,3
SUPER_11,16780000,55,1,2,58,29,26,2.6666667
SUPER_11,16790000,130,11,8,149,76,54,4.5789475
SUPER_11,16800000,51,2,7,60,19,32,5.888889
SUPER_11,16810000,0,0,0,0,0,0,0
SUPER_11,16820000,0,0,0,0,0,0,0
SUPER_11,16830000,2,0,0,2,1,1,NaN
SUPER_11,16840000,1,1,0,2,1,0,2
SUPER_11,16850000,4,1,0,5,1,3,1
SUPER_11,16860000,2,0,1,3,1,1,2
SUPER_11,16870000,87,4,14,105,44,43,4
SUPER_11,16880000,20,3,0,23,10,10,2
SUPER_11,16890000,87,5,8,100,50,37,17.923077
SUPER_11,16900000,56,4,5,65,30,26,4.7777777
SUPER_11,16910000,65,5,2,72,32,33,2.142857
SUPER_11,16920000,5,1,0,6,1,4,1
SUPER_11,16930000,2,0,1,3,2,0,14
SUPER_11,16940000,2,0,0,2,1,1,NaN
SUPER_11,16950000,0,1,0,1,0,0,6
SUPER_11,16960000,1,0,0,1,1,0,NaN
SUPER_11,16970000,1,0,0,1,0,1,NaN
SUPER_11,16980000,3,1,0,4,1,2,4
SUPER_11,16990000,4,0,1,5,2,2,2
SUPER_11,17000000,1,0,1,2,0,1,6
SUPER_11,17010000,1,0,0,1,1,0,NaN
SUPER_11,17020000,48,2,2,52,22,26,6.25
SUPER_11,17030000,56,3,6,65,33,23,5.7777777
SUPER_11,17040000,0,0,0,0,0,0,0
SUPER_11,17050000,0,0,0,0,0,0,0
SUPER_11,17060000,0,0,0,0,0,0,0
SUPER_11,17070000,0,0,0,0,0,0,0
SUPER_11,17080000,126,12,17,155,72,54,9.75862
SUPER_11,17090000,0,0,0,0,0,0,0
SUPER_11,17100000,0,0,0,0,0,0,0
SUPER_11,17110000,0,0,0,0,0,0,0
SUPER_11,17120000,0,0,0,0,0,0,0
SUPER_11,17130000,0,0,0,0,0,0,0
SUPER_11,17140000,0,0,0,0,0,0,0
SUPER_11,17150000,0,0,0,0,0,0,0
SUPER_11,17160000,0,0,0,0,0,0,0
SUPER_11,17170000,35,9,14,58,21,14,4.347826
SUPER_11,17180000,0,0,0,0,0,0,0
SUPER_11,17190000,0,0,0,0,0,0,0
SUPER_11,17200000,0,0,0,0,0,0,0
SUPER_11,17210000,0,0,0,0,0,0,0
SUPER_11,17220000,0,0,0,0,0,0,0
SUPER_11,17230000,0,0,0,0,0,0,0
SUPER_11,17240000,7,2,1,10,6,1,2.6666667
SUPER_11,17250000,96,8,7,111,46,50,9.933333
SUPER_11,17260000,0,0,0,0,0,0,0
SUPER_11,17270000,0,0,0,0,0,0,0
SUPER_11,17280000,0,0,0,0,0,0,0
SUPER_11,17290000,0,0,0,0,0,0,0
SUPER_11,17300000,0,0,0,0,0,0,0
SUPER_11,17310000,0,0,0,0,0,0,0
SUPER_11,17320000,104,6,7,117,48,56,7.3076925
SUPER_11,17330000,129,7,14,150,58,71,19.047619
SUPER_11,17340000,0,0,0,0,0,0,0
SUPER_11,17350000,0,0,0,0,0,0,0
SUPER_11,17360000,0,0,0,0,0,0,0
SUPER_11,17370000,180,11,12,203,91,89,4.304348
SUPER_11,17380000,0,0,0,0,0,0,0
SUPER_11,17390000,0,0,0,0,0,0,0
SUPER_11,17400000,0,0,0,0,0,0,0
SUPER_11,17410000,0,0,0,0,0,0,0
SUPER_11,17420000,0,0,0,0,0,0,0
SUPER_11,17430000,0,0,0,0,0,0,0
SUPER_11,17440000,0,0,0,0,0,0,0
SUPER_11,17450000,0,0,0,0,0,0,0
SUPER_11,17460000,0,0,0,0,0,0,0
SUPER_11,17470000,27,4,3,34,11,16,7.857143
SUPER_11,17480000,18,1,1,20,10,8,1
SUPER_11,17490000,1,0,0,1,0,1,NaN
SUPER_11,17500000,1,0,0,1,1,0,NaN
SUPER_11,17510000,19,0,1,20,10,9,1
SUPER_11,17520000,71,2,6,79,36,35,7.875
SUPER_11,17530000,68,5,4,77,37,31,13.333333
SUPER_11,17540000,126,8,7,141,70,56,32.666668
SUPER_11,17550000,49,3,8,60,20,29,4.5454545
SUPER_11,17560000,0,0,0,0,0,0,0
SUPER_11,17570000,0,0,0,0,0,0,0
SUPER_11,17580000,17,0,1,18,6,11,135
SUPER_11,17590000,1,0,0,1,0,1,NaN
SUPER_11,17600000,3,0,0,3,3,0,NaN
SUPER_11,17610000,2,0,0,2,2,0,NaN
SUPER_11,17620000,4,0,1,5,3,1,2
SUPER_11,17630000,3,1,2,6,1,2,16.666666
SUPER_11,17640000,0,0,0,0,0,0,0
SUPER_11,17650000,0,0,0,0,0,0,0
SUPER_11,17660000,36,3,12,51,19,17,15.133333
SUPER_11,17670000,124,9,6,139,67,57,10.666667
SUPER_11,17680000,89,4,8,101,53,36,40.083332
SUPER_11,17690000,2,1,0,3,2,0,8
SUPER_11,17700000,2,0,0,2,1,1,NaN
SUPER_11,17710000,9,1,2,12,7,2,12
SUPER_11,17720000,2,1,0,3,2,0,28
SUPER_11,17730000,29,5,3,37,18,11,2.125
SUPER_11,17740000,22,2,3,27,10,12,7.8
SUPER_11,17750000,132,3,5,140,67,65,3.125
SUPER_11,17760000,1,0,0,1,0,1,NaN
SUPER_11,17770000,1,0,0,1,0,1,NaN
SUPER_11,17780000,75,5,7,87,37,38,4.5
SUPER_11,17790000,77,7,9,93,32,45,6.6875
SUPER_11,17800000,121,12,11,144,62,59,10.652174
SUPER_11,17810000,61,5,3,69,34,27,7
SUPER_11,17820000,125,5,10,140,63,62,10.466666
SUPER_11,17830000,173,7,8,188,91,82,24.133333
SUPER_11,17840000,4,1,0,5,2,2,1
SUPER_11,17850000,99,5,7,111,54,45,5
SUPER_11,17860000,42,8,4,54,24,18,8.75
SUPER_11,17870000,0,1,1,2,0,0,2.5
SUPER_11,17880000,27,2,1,30,15,12,4.6666665
SUPER_11,17890000,217,16,18,251,124,93,5.5
SUPER_11,17900000,151,16,11,178,76,75,6.962963
SUPER_11,17910000,195,10,13,218,97,98,3.347826
SUPER_11,17920000,232,14,15,261,113,119,12.827586
SUPER_11,17930000,1,1,0,2,1,0,4
SUPER_11,17940000,123,9,11,143,69,54,5.85
SUPER_11,17950000,102,7,3,112,52,50,3.7
SUPER_11,17960000,147,11,8,166,66,81,14.263158
SUPER_11,17970000,58,1,11,70,25,33,4.6666665
SUPER_11,17980000,46,4,4,54,24,22,2.125
SUPER_11,17990000,47,4,3,54,26,21,1.2857143
SUPER_11,18000000,96,5,6,107,49,47,23.727272
SUPER_11,18010000,101,6,4,111,52,49,4.5
SUPER_11,18020000,126,12,9,147,62,64,8.285714
SUPER_11,18030000,43,4,3,50,20,23,3.4285715
SUPER_11,18040000,62,3,1,66,39,23,13.25
SUPER_11,18050000,92,4,4,100,46,46,10.375
SUPER_11,18060000,112,13,12,137,39,73,7.88
SUPER_11,18070000,36,3,5,44,15,21,6
SUPER_11,18080000,47,3,5,55,23,24,6.5
SUPER_11,18090000,63,2,6,71,35,28,5.375
SUPER_11,18100000,64,5,8,77,35,29,5
SUPER_11,18110000,173,10,11,194,95,78,6.6666665
SUPER_11,18120000,147,11,8,166,75,72,10.526316
SUPER_11,18130000,103,5,16,124,53,50,6.4761906
SUPER_11,18140000,37,9,2,48,21,16,3.8181818
SUPER_11,18150000,98,7,6,111,46,52,2.6153846
SUPER_11,18160000,141,13,9,163,73,68,4.5454545
SUPER_11,18170000,128,12,10,150,56,72,4.7727275
SUPER_11,18180000,133,14,10,157,66,67,6.2083335
SUPER_11,18190000,97,6,8,111,56,41,7.214286
SUPER_11,18200000,75,4,5,84,42,33,18.333334
SUPER_11,18210000,78,6,8,92,35,43,5.571429
SUPER_11,18220000,112,6,8,126,52,60,35.42857
SUPER_11,18230000,150,5,10,165,81,69,4.266667
SUPER_11,18240000,212,14,15,241,117,95,5.6896553
SUPER_11,18250000,39,0,3,42,19,20,1.6666666
SUPER_11,18260000,0,0,0,0,0,0,0
SUPER_11,18270000,0,0,0,0,0,0,0
SUPER_11,18280000,115,10,10,135,74,41,11.9
SUPER_11,18290000,4,1,0,5,3,1,3
SUPER_11,18300000,19,2,1,22,9,10,21
SUPER_11,18310000,156,12,7,175,75,81,10.526316
SUPER_11,18320000,27,3,4,34,15,12,13.428572
SUPER_11,18330000,4,0,0,4,3,1,NaN
SUPER_11,18340000,3,0,0,3,3,0,NaN
SUPER_11,18350000,70,1,1,72,39,31,1
SUPER_11,18360000,3,1,0,4,2,1,2
SUPER_11,18370000,1,1,1,3,1,0,1.5
SUPER_11,18380000,33,2,4,39,17,16,4.3333335
SUPER_11,18390000,170,9,10,189,95,75,6.7894735
SUPER_11,18400000,94,3,5,102,47,47,3.375
SUPER_11,18410000,76,6,10,92,33,43,5.6875
SUPER_11,18420000,111,5,11,127,67,44,8.25
SUPER_11,18430000,120,11,6,137,73,47,16.82353
SUPER_11,18440000,174,11,15,200,76,98,8.038462
SUPER_11,18450000,98,3,7,108,57,41,7.6
SUPER_11,18460000,167,7,13,187,81,86,15.3
SUPER_11,18470000,0,0,0,0,0,0,0
SUPER_11,18480000,0,0,0,0,0,0,0
SUPER_11,18490000,192,12,18,222,95,97,8.033334
SUPER_11,18500000,52,5,1,58,27,25,6
SUPER_11,18510000,34,4,4,42,16,18,1.875
SUPER_11,18520000,33,2,3,38,16,17,3.4
SUPER_11,18530000,125,7,13,145,68,57,12.4
SUPER_11,18540000,38,4,2,44,22,16,10.666667
SUPER_11,18550000,49,4,4,57,26,23,4.125
SUPER_11,18560000,0,0,0,0,0,0,0
SUPER_11,18570000,0,0,0,0,0,0,0
SUPER_11,18580000,143,10,13,166,67,76,12.304348
SUPER_11,18590000,79,7,12,98,32,47,4.8421054
SUPER_11,18600000,112,6,8,126,51,61,3.4285715
SUPER_11,18610000,17,5,1,23,12,5,42.5
SUPER_11,18620000,24,3,2,29,15,9,2.6
SUPER_11,18630000,140,7,21,168,67,73,15.357142
SUPER_11,18640000,49,3,5,57,27,22,6.125
SUPER_11,18650000,128,14,7,149,57,71,4.7619047
SUPER_11,18660000,65,2,6,73,36,29,22.75
SUPER_11,18670000,1,0,1,2,1,0,1
SUPER_11,18680000,1,2,0,3,0,1,1.5
SUPER_11,18690000,3,0,1,4,2,1,1
SUPER_11,18700000,2,1,1,4,1,1,13
SUPER_11,18710000,2,0,0,2,2,0,NaN
SUPER_11,18720000,120,6,9,135,57,63,7.8
SUPER_11,18730000,42,2,3,47,23,19,4.6
SUPER_11,18740000,130,7,7,144,72,58,7.428571
SUPER_11,18750000,78,3,6,87,35,43,10.333333
SUPER_11,18760000,71,1,3,75,39,32,1.25
SUPER_11,18770000,111,3,7,121,54,57,7.3
SUPER_11,18780000,194,10,16,220,97,97,7.923077
SUPER_11,18790000,22,0,0,22,13,9,NaN
SUPER_11,18800000,17,0,2,19,13,4,1
SUPER_11,18810000,72,6,6,84,30,42,6.9166665
SUPER_11,18820000,0,0,0,0,0,0,0
SUPER_11,18830000,0,0,0,0,0,0,0
SUPER_11,18840000,146,11,14,171,70,76,15.4
SUPER_11,18850000,95,8,5,108,50,45,6.6153846
SUPER_11,18860000,1,0,0,1,0,1,NaN
SUPER_11,18870000,42,4,2,48,19,23,4.6666665
SUPER_11,18880000,5,0,0,5,1,4,NaN
SUPER_11,18890000,80,10,4,94,45,35,6.428571
SUPER_11,18900000,0,0,0,0,0,0,0
SUPER_11,18910000,0,0,0,0,0,0,0
SUPER_11,18920000,0,0,0,0,0,0,0
SUPER_11,18930000,0,0,0,0,0,0,0
SUPER_11,18940000,0,0,0,0,0,0,0
SUPER_11,18950000,0,0,0,0,0,0,0
SUPER_11,18960000,0,0,0,0,0,0,0
SUPER_11,18970000,0,0,0,0,0,0,0
SUPER_11,18980000,0,0,0,0,0,0,0
SUPER_11,18990000,112,9,4,125,63,49,5.3846154
SUPER_11,19000000,0,0,0,0,0,0,0
SUPER_11,19010000,0,0,0,0,0,0,0
SUPER_11,19020000,147,14,14,175,84,63,5.571429
SUPER_11,19030000,115,9,9,133,61,54,3.6666667
SUPER_11,19040000,78,1,4,83,41,37,35.2
SUPER_11,19050000,7,1,2,10,4,3,9.666667
SUPER_11,19060000,3,0,0,3,2,1,NaN
SUPER_11,19070000,8,2,0,10,5,3,8.5
SUPER_11,19080000,5,0,0,5,1,4,NaN
SUPER_11,19090000,8,1,1,10,3,5,1.5
SUPER_11,19100000,61,10,10,81,35,26,9.45
SUPER_11,19110000,76,8,6,90,39,37,8.642858
SUPER_11,19120000,20,2,1,23,12,8,4.3333335
SUPER_11,19130000,92,6,6,104,42,50,5.25
SUPER_11,19140000,160,14,17,191,83,77,12.193548
SUPER_11,19150000,86,3,2,91,40,46,8.2
SUPER_11,19160000,202,11,7,220,101,101,11
SUPER_11,19170000,67,3,3,73,38,29,9.833333
SUPER_11,19180000,51,0,3,54,23,28,55
SUPER_11,19190000,107,9,10,126,55,52,6.263158
SUPER_11,19200000,125,7,7,139,61,64,7.928571
SUPER_11,19210000,72,4,4,80,41,31,5
SUPER_11,19220000,58,6,12,76,31,27,6.7222223
SUPER_11,19230000,135,8,7,150,73,62,5.8
SUPER_11,19240000,94,6,10,110,50,44,5.375
SUPER_11,19250000,102,6,4,112,42,60,4.9
SUPER_11,19260000,73,5,2,80,39,34,13.714286
SUPER_11,19270000,110,5,9,124,60,50,3.857143
SUPER_11,19280000,106,6,6,118,47,59,3.8333333
SUPER_11,19290000,40,1,4,45,22,18,10.6
SUPER_11,19300000,3,0,1,4,2,1,2
SUPER_11,19310000,5,0,0,5,0,5,NaN
SUPER_11,19320000,9,1,0,10,5,4,9
SUPER_11,19330000,3,0,0,3,2,1,NaN
SUPER_11,19340000,138,8,4,150,79,59,12.583333
SUPER_11,19350000,128,15,6,149,61,67,3.0952382
SUPER_11,19360000,76,11,5,92,42,34,5.875
SUPER_11,19370000,101,6,6,113,54,47,8.75
SUPER_11,19380000,156,6,7,169,83,73,6.3846154
SUPER_11,19390000,0,1,0,1,0,0,1
SUPER_11,19400000,106,5,5,116,53,53,14.3
SUPER_11,19410000,1,0,0,1,0,1,NaN
SUPER_11,19420000,7,0,1,8,2,5,9
SUPER_11,19430000,2,0,0,2,1,1,NaN
SUPER_11,19440000,1,0,0,1,0,1,NaN
SUPER_11,19450000,2,1,0,3,2,0,4
SUPER_11,19460000,6,1,0,7,2,4,60
SUPER_11,19470000,3,0,3,6,2,1,8.666667
SUPER_11,19480000,2,1,1,4,1,1,24.5
SUPER_11,19490000,16,1,2,19,6,10,2.6666667
SUPER_11,19500000,143,4,5,152,77,66,6.6666665
SUPER_11,19510000,168,12,11,191,82,86,5.521739
SUPER_11,19520000,62,5,3,70,32,30,2
SUPER_11,19530000,1,0,0,1,1,0,NaN
SUPER_11,19540000,4,0,0,4,2,2,NaN
SUPER_11,19550000,6,0,0,6,3,3,NaN
SUPER_11,19560000,1,1,0,2,0,1,1
SUPER_11,19570000,0,1,0,1,0,0,4
SUPER_11,19580000,2,1,0,3,2,0,1
SUPER_11,19590000,2,0,0,2,1,1,NaN
SUPER_11,19600000,2,0,0,2,0,2,NaN
SUPER_11,19610000,1,0,0,1,1,0,NaN
SUPER_11,19620000,5,0,2,7,0,5,3.5
SUPER_11,19630000,2,0,0,2,2,0,NaN
SUPER_11,19640000,1,0,0,1,1,0,NaN
SUPER_11,19650000,1,0,0,1,0,1,NaN
SUPER_11,19660000,42,4,6,52,19,23,3.9
SUPER_11,19670000,58,4,5,67,29,29,7.3333335
SUPER_11,19680000,36,2,4,42,17,19,1.6666666
SUPER_11,19690000,11,1,0,12,5,6,1
SUPER_11,19700000,69,4,2,75,44,25,11.833333
SUPER_11,19710000,1,1,0,2,1,0,1
SUPER_11,19720000,5,0,1,6,1,4,16
SUPER_11,19730000,2,0,0,2,1,1,NaN
SUPER_11,19740000,4,1,2,7,1,3,3.6666667
SUPER_11,19750000,3,0,0,3,1,2,NaN
SUPER_11,19760000,4,0,0,4,3,1,NaN
SUPER_11,19770000,4,2,0,6,1,3,5.5
SUPER_11,19780000,82,11,8,101,37,45,10.684211
SUPER_11,19790000,111,10,6,127,55,56,5.9375
SUPER_11,19800000,133,8,16,157,64,69,23.791666
SUPER_11,19810000,112,6,5,123,64,48,8.090909
SUPER_11,19820000,126,13,17,156,69,57,4.5333333
SUPER_11,19830000,136,6,7,149,64,72,7.6153846
SUPER_11,19840000,145,12,12,169,78,67,7.5416665
SUPER_11,19850000,135,5,9,149,70,65,7.5
SUPER_11,19860000,179,17,17,213,97,82,10.264706
SUPER_11,19870000,40,3,5,48,23,17,14
SUPER_11,19880000,95,9,6,110,45,50,2.8666666
SUPER_11,19890000,55,4,5,64,27,28,4.888889
SUPER_11,19900000,92,13,7,112,46,46,2.9
SUPER_11,19910000,80,7,6,93,42,38,6.8461537
SUPER_11,19920000,98,7,9,114,50,48,6.625
SUPER_11,19930000,97,8,6,111,48,49,32.285713
SUPER_11,19940000,136,3,11,150,76,60,22.357143
SUPER_11,19950000,11,1,0,12,6,5,23
SUPER_11,19960000,53,2,2,57,26,27,7
SUPER_11,19970000,134,11,14,159,70,64,27
SUPER_11,19980000,92,5,10,107,45,47,6.0666666
SUPER_11,19990000,104,6,8,118,59,45,11.428572
SUPER_11,20000000,152,12,8,172,86,66,4
SUPER_11,20010000,117,11,12,140,68,49,20.652174
SUPER_11,20020000,138,8,10,156,73,65,26.5
SUPER_11,20030000,230,19,10,259,106,124,9.4827585
SUPER_11,20040000,122,23,5,150,63,59,6.571429
SUPER_11,20050000,93,5,10,108,46,47,6
SUPER_11,20060000,118,12,12,142,60,58,13.625
SUPER_11,20070000,177,15,13,205,92,85,14.785714
SUPER_11,20080000,196,13,12,221,94,102,10.16
SUPER_11,20090000,84,5,7,96,47,37,3
SUPER_11,20100000,54,5,9,68,26,28,8.714286
SUPER_11,20110000,5,0,3,8,2,3,14.666667
SUPER_11,20120000,4,2,0,6,2,2,1.5
SUPER_11,20130000,1,0,0,1,0,1,NaN
SUPER_11,20140000,0,1,0,1,0,0,13
SUPER_11,20150000,2,1,0,3,1,1,2
SUPER_11,20160000,2,0,0,2,1,1,NaN
SUPER_11,20170000,86,4,15,105,35,51,9.052631
SUPER_11,20180000,97,8,3,108,54,43,7.2727275
SUPER_11,20190000,85,5,5,95,42,43,5.8
SUPER_11,20200000,103,8,8,119,46,57,6.6875
SUPER_11,20210000,37,5,3,45,20,17,4.375
SUPER_11,20220000,48,4,6,58,24,24,32.9
SUPER_11,20230000,95,5,4,104,42,53,6
SUPER_11,20240000,78,2,11,91,38,40,5.5384617
SUPER_11,20250000,20,4,3,27,12,8,2.142857
SUPER_11,20260000,106,7,8,121,56,50,17.666666
SUPER_11,20270000,113,6,11,130,66,47,25.294117
SUPER_11,20280000,68,9,3,80,34,34,9.75
SUPER_11,20290000,106,11,14,131,47,59,8.4
SUPER_11,20300000,94,6,4,104,51,43,2.4
SUPER_11,20310000,57,6,6,69,26,31,6.0833335
SUPER_11,20320000,130,14,13,157,67,63,24.185184
SUPER_11,20330000,139,9,10,158,69,70,6.9473686
SUPER_11,20340000,144,10,10,164,67,77,17.45
SUPER_11,20350000,170,8,15,193,88,82,4.7826085
SUPER_11,20360000,120,14,11,145,59,61,6.24
SUPER_11,20370000,125,10,10,145,65,60,5.1
SUPER_11,20380000,133,7,17,157,65,68,5.6666665
SUPER_11,20390000,125,15,8,148,69,56,6.2608695
SUPER_11,20400000,3,0,1,4,3,0,4
SUPER_11,20410000,57,5,3,65,25,32,5.5
SUPER_11,20420000,86,12,12,110,40,46,4.125
SUPER_11,20430000,108,11,5,124,55,53,2
SUPER_11,20440000,91,3,6,100,49,42,8.222222
SUPER_11,20450000,118,12,9,139,60,58,7.904762
SUPER_11,20460000,52,3,10,65,32,20,18.538462
SUPER_11,20470000,19,2,2,23,10,9,6
SUPER_11,20480000,26,1,2,29,11,15,16.666666
SUPER_11,20490000,103,8,4,115,52,51,6.5833335
SUPER_11,20500000,107,13,5,125,51,56,5.4444447
SUPER_11,20510000,158,16,22,196,78,80,7.236842
SUPER_11,20520000,169,13,27,209,84,85,5.825
SUPER_11,20530000,58,5,8,71,24,34,3.2307692
SUPER_11,20540000,90,1,6,97,52,38,2.2857144
SUPER_11,20550000,25,3,2,30,13,12,20.6
SUPER_11,20560000,78,6,8,92,43,35,4.857143
SUPER_11,20570000,181,10,11,202,87,94,7.428571
SUPER_11,20580000,94,12,6,112,32,62,8.277778
SUPER_11,20590000,135,9,6,150,64,71,19.733334
SUPER_11,20600000,42,2,6,50,22,20,7.25
SUPER_11,20610000,51,7,4,62,20,31,5.3636365
SUPER_11,20620000,51,2,2,55,27,24,6
SUPER_11,20630000,52,6,5,63,25,27,8.272727
SUPER_11,20640000,124,9,6,139,54,70,4.8
SUPER_11,20650000,96,7,8,111,42,54,3.0666666
SUPER_11,20660000,166,8,9,183,83,83,4.882353
SUPER_11,20670000,117,16,10,143,62,55,3.4615386
SUPER_11,20680000,62,2,8,72,36,26,5.9
SUPER_11,20690000,17,0,2,19,7,10,9
SUPER_11,20700000,2,0,0,2,1,1,NaN
SUPER_11,20710000,136,14,4,154,76,60,4.8333335
SUPER_11,20720000,91,10,10,111,54,37,9.25
SUPER_11,20730000,8,1,0,9,6,2,2
SUPER_11,20740000,8,2,1,11,3,5,1.3333334
SUPER_11,20750000,6,2,3,11,5,1,1.6
SUPER_11,20760000,3,0,0,3,2,1,NaN
SUPER_11,20770000,40,3,3,46,21,19,7.8333335
SUPER_11,20780000,0,0,0,0,0,0,0
SUPER_11,20790000,0,0,0,0,0,0,0
SUPER_11,20800000,170,19,15,204,85,85,5.5588236
SUPER_11,20810000,128,13,16,157,51,77,7.275862
SUPER_11,20820000,118,8,10,136,60,58,3.6666667
SUPER_11,20830000,88,7,4,99,41,47,6.909091
SUPER_11,20840000,83,7,5,95,36,47,23.25
SUPER_11,20850000,102,5,15,122,58,44,9.65
SUPER_11,20860000,75,2,11,88,39,36,4
SUPER_11,20870000,98,10,9,117,45,53,6.263158
SUPER_11,20880000,143,11,13,167,78,65,9.166667
SUPER_11,20890000,87,3,8,98,50,37,4.6363635
SUPER_11,20900000,99,5,5,109,53,46,16.4
SUPER_11,20910000,158,5,13,176,79,79,11.611111
SUPER_11,20920000,115,11,9,135,59,56,7.95
SUPER_11,20930000,85,5,1,91,32,53,5.5
SUPER_11,20940000,103,7,9,119,46,57,6.5
SUPER_11,20950000,125,14,6,145,64,61,4.75
SUPER_11,20960000,87,8,13,108,49,38,8.476191
SUPER_11,20970000,148,10,13,171,73,75,5.478261
SUPER_11,20980000,104,8,4,116,57,47,8.75
SUPER_11,20990000,81,3,4,88,42,39,3
SUPER_11,21000000,41,4,5,50,24,17,10.777778
SUPER_11,21010000,68,4,4,76,40,28,3.375
SUPER_11,21020000,95,7,4,106,47,48,2.909091
SUPER_11,21030000,104,9,5,118,60,44,7.071429
SUPER_11,21040000,117,1,5,123,67,50,3.6666667
SUPER_11,21050000,146,10,8,164,69,77,12.111111
SUPER_11,21060000,139,8,9,156,63,76,4.470588
SUPER_11,21070000,112,9,5,126,59,53,4.642857
SUPER_11,21080000,178,6,20,204,98,80,8.269231
SUPER_11,21090000,85,4,5,94,52,33,7.111111
SUPER_11,21100000,84,4,10,98,45,39,10.857142
SUPER_11,21110000,126,6,8,140,64,62,4.285714
SUPER_11,21120000,51,1,4,56,29,22,8.6
SUPER_11,21130000,111,4,8,123,48,63,5.8333335
SUPER_11,21140000,218,14,17,249,101,117,14.354838
SUPER_11,21150000,127,12,12,151,67,60,9.333333
SUPER_11,21160000,119,5,10,134,73,46,7.9333334
SUPER_11,21170000,45,9,7,61,25,20,5.4375
SUPER_11,21180000,62,4,3,69,26,36,5.714286
SUPER_11,21190000,122,12,8,142,67,55,4.25
SUPER_11,21200000,121,5,11,137,65,56,3.5625
SUPER_11,21210000,88,8,8,104,38,50,6.6875
SUPER_11,21220000,59,7,7,73,26,33,6.428571
SUPER_11,21230000,71,6,2,79,43,28,7.875
SUPER_11,21240000,57,8,6,71,30,27,7.642857
SUPER_11,21250000,32,2,2,36,18,14,3
SUPER_11,21260000,1,0,1,2,0,1,3
SUPER_11,21270000,1,0,1,2,0,1,10
SUPER_11,21280000,2,0,0,2,0,2,NaN
SUPER_11,21290000,1,1,0,2,0,1,8
SUPER_11,21300000,38,1,3,42,19,19,2
SUPER_11,21310000,109,13,8,130,51,58,3.3333333
SUPER_11,21320000,157,8,14,179,81,76,7.1363635
SUPER_11,21330000,110,8,10,128,51,59,15.833333
SUPER_11,21340000,88,6,12,106,33,55,6.7222223
SUPER_11,21350000,126,5,9,140,50,76,3.857143
SUPER_11,21360000,144,14,11,169,73,71,3.24
SUPER_11,21370000,71,6,9,86,38,33,5.5333333
SUPER_11,21380000,73,3,7,83,38,35,42.9
SUPER_11,21390000,130,7,15,152,67,63,13.909091
SUPER_11,21400000,29,1,1,31,12,17,1.5
SUPER_11,21410000,88,7,5,100,30,58,3.1666667
SUPER_11,21420000,50,9,4,63,23,27,2.9230769
SUPER_11,21430000,146,14,7,167,72,74,6.857143
SUPER_11,21440000,67,2,4,73,30,37,7.6666665
SUPER_11,21450000,158,13,8,179,83,75,6
SUPER_11,21460000,152,8,10,170,80,72,15.722222
SUPER_11,21470000,162,8,7,177,75,87,8.933333
SUPER_11,21480000,102,7,3,112,57,45,5
SUPER_11,21490000,126,6,10,142,71,55,6.625
SUPER_11,21500000,213,9,26,248,114,99,13.4
SUPER_11,21510000,62,3,2,67,32,30,4.8
SUPER_11,21520000,124,3,9,136,67,57,6.8333335
SUPER_11,21530000,64,7,1,72,35,29,6.25
SUPER_11,21540000,53,1,2,56,29,24,2.3333333
SUPER_11,21550000,0,0,0,0,0,0,0
SUPER_11,21560000,0,0,0,0,0,0,0
SUPER_11,21570000,27,2,1,30,14,13,3.3333333
SUPER_11,21580000,25,1,3,29,15,10,10.5
SUPER_11,21590000,46,6,3,55,22,24,8.444445
SUPER_11,21600000,89,10,5,104,45,44,3.6
SUPER_11,21610000,180,9,9,198,91,89,11.888889
SUPER_11,21620000,106,8,7,121,50,56,5.6
SUPER_11,21630000,6,0,0,6,3,3,NaN
SUPER_11,21640000,127,10,6,143,66,61,5.6875
SUPER_11,21650000,3,0,0,3,0,3,NaN
SUPER_11,21660000,6,0,0,6,2,4,NaN
SUPER_11,21670000,58,1,4,63,34,24,5.4
SUPER_11,21680000,13,0,1,14,7,6,1
SUPER_11,21690000,0,0,1,1,0,0,1
SUPER_11,21700000,18,1,1,20,8,10,1.5
SUPER_11,21710000,214,8,8,230,117,97,5.625
SUPER_11,21720000,63,3,2,68,33,30,2.8
SUPER_11,21730000,0,0,0,0,0,0,0
SUPER_11,21740000,0,0,0,0,0,0,0
SUPER_11,21750000,4,0,1,5,1,3,2
SUPER_11,21760000,0,0,1,1,0,0,30
SUPER_11,21770000,4,0,1,5,2,2,1
SUPER_11,21780000,2,2,1,5,0,2,3
SUPER_11,21790000,8,0,0,8,5,3,NaN
SUPER_11,21800000,12,0,1,13,4,8,23
SUPER_11,21810000,2,1,0,3,0,2,1
SUPER_11,21820000,124,7,7,138,66,58,5.928571
SUPER_11,21830000,71,1,10,82,40,31,1.5454545
SUPER_11,21840000,169,11,9,189,90,79,9.1
SUPER_11,21850000,173,15,7,195,80,93,2.9545455
SUPER_11,21860000,71,4,4,79,39,32,2.875
SUPER_11,21870000,92,6,4,102,46,46,13.9
SUPER_11,21880000,181,10,12,203,88,93,8.818182
SUPER_11,21890000,25,4,3,32,15,10,5.428571
SUPER_11,21900000,170,7,9,186,97,73,7.875
SUPER_11,21910000,77,10,15,102,46,31,5.08
SUPER_11,21920000,63,6,3,72,36,27,5.2222223
SUPER_11,21930000,37,2,3,42,16,21,8.4
SUPER_11,21940000,11,3,0,14,6,5,1.3333334
SUPER_11,21950000,92,6,6,104,56,36,5
SUPER_11,21960000,110,8,7,125,64,46,8.733334
SUPER_11,21970000,147,18,7,172,69,78,9.28
SUPER_11,21980000,88,3,4,95,41,47,24.142857
SUPER_11,21990000,0,0,0,0,0,0,0
SUPER_11,22000000,0,0,0,0,0,0,0
SUPER_11,22010000,183,8,6,197,82,101,7.785714
SUPER_11,22020000,84,5,7,96,46,38,7.6666665
SUPER_11,22030000,150,7,14,171,76,74,11.285714
SUPER_11,22040000,4,0,0,4,4,0,NaN
SUPER_11,22050000,3,0,0,3,2,1,NaN
SUPER_11,22060000,2,1,0,3,1,1,1
SUPER_11,22070000,11,1,1,13,5,6,8
SUPER_11,22080000,125,3,10,138,63,62,4.5384617
SUPER_11,22090000,61,4,3,68,33,28,4.857143
SUPER_11,22100000,70,3,8,81,35,35,6.090909
SUPER_11,22110000,23,2,0,25,13,10,7
SUPER_11,22120000,58,5,1,64,33,25,7.8333335
SUPER_11,22130000,30,3,2,35,19,11,46
SUPER_11,22140000,4,0,1,5,2,2,4
SUPER_11,22150000,5,1,2,8,2,3,4
SUPER_11,22160000,5,0,0,5,2,3,NaN
SUPER_11,22170000,3,0,0,3,2,1,NaN
SUPER_11,22180000,6,1,1,8,2,4,3
SUPER_11,22190000,5,0,0,5,3,2,NaN
SUPER_11,22200000,4,1,0,5,1,3,1
SUPER_11,22210000,2,1,2,5,1,1,3.3333333
SUPER_11,22220000,1,2,1,4,0,1,2
SUPER_11,22230000,5,1,0,6,2,3,5
SUPER_11,22240000,0,0,0,0,0,0,0
SUPER_11,22250000,0,0,0,0,0,0,0
SUPER_11,22260000,7,2,2,11,5,2,2.5
SUPER_11,22270000,1,1,0,2,1,0,6
SUPER_11,22280000,1,0,0,1,0,1,NaN
SUPER_11,22290000,1,0,1,2,0,1,2
SUPER_11,22300000,1,0,2,3,1,0,3
SUPER_11,22310000,2,0,0,2,1,1,NaN
SUPER_11,22320000,128,16,11,155,68,60,5.4074073
SUPER_11,22330000,22,0,0,22,16,6,NaN
SUPER_11,22340000,181,15,10,206,91,90,14.48
SUPER_11,22350000,169,18,15,202,81,88,10.878788
SUPER_11,22360000,189,14,14,217,110,79,8.857142
SUPER_11,22370000,136,16,8,160,55,81,5.9166665
SUPER_11,22380000,207,21,19,247,106,101,12.475
SUPER_11,22390000,167,12,14,193,79,88,5.8076925
SUPER_11,22400000,188,17,17,222,97,91,5.647059
SUPER_11,22410000,63,6,4,73,36,27,10.7
SUPER_11,22420000,11,0,0,11,3,8,NaN
SUPER_11,22430000,28,4,0,32,14,14,13.25
SUPER_11,22440000,40,1,2,43,16,24,7.3333335
SUPER_11,22450000,85,6,8,99,46,39,8.714286
SUPER_11,22460000,146,14,9,169,70,76,9.217391
SUPER_11,22470000,55,4,4,63,35,20,5.125
SUPER_11,22480000,0,0,0,0,0,0,0
SUPER_11,22490000,0,0,0,0,0,0,0
SUPER_11,22500000,0,0,0,0,0,0,0
SUPER_11,22510000,42,0,1,43,18,24,1
SUPER_11,22520000,131,9,6,146,62,69,13.533334
SUPER_11,22530000,85,4,8,97,36,49,10.5
SUPER_11,22540000,3,0,0,3,1,2,NaN
SUPER_11,22550000,1,0,2,3,0,1,1.5
SUPER_11,22560000,6,0,1,7,1,5,8
SUPER_11,22570000,70,4,7,81,34,36,3.3636363
SUPER_11,22580000,31,2,0,33,22,9,11
SUPER_11,22590000,94,7,8,109,48,46,9.066667
SUPER_11,22600000,112,7,8,127,62,50,20
SUPER_11,22610000,101,3,9,113,52,49,8
SUPER_11,22620000,83,11,3,97,36,47,7.571429
SUPER_11,22630000,79,7,7,93,32,47,5.714286
SUPER_11,22640000,41,4,1,46,21,20,4.6
SUPER_11,22650000,113,6,17,136,72,41,2.652174
SUPER_11,22660000,83,5,8,96,42,41,4.076923
SUPER_11,22670000,10,0,0,10,3,7,NaN
SUPER_11,22680000,86,6,7,99,38,48,13.692307
SUPER_11,22690000,23,2,2,27,5,18,4
SUPER_11,22700000,101,12,12,125,48,53,5.125
SUPER_11,22710000,60,6,5,71,28,32,5.2727275
SUPER_11,22720000,35,3,3,41,15,20,8
SUPER_11,22730000,139,9,15,163,61,78,7.2916665
SUPER_11,22740000,105,5,11,121,56,49,28.8125
SUPER_11,22750000,50,4,2,56,27,23,9.5
SUPER_11,22760000,7,1,3,11,4,3,7
SUPER_11,22770000,111,10,7,128,59,52,8.411765
SUPER_11,22780000,0,0,0,0,0,0,0
SUPER_11,22790000,0,0,0,0,0,0,0
SUPER_11,22800000,64,10,12,86,29,35,4.5
SUPER_11,22810000,7,0,1,8,6,1,1
SUPER_11,22820000,17,1,1,19,9,8,24.5
SUPER_11,22830000,108,9,14,131,48,60,6.869565
SUPER_11,22840000,119,10,12,141,63,56,15.363636
SUPER_11,22850000,33,2,3,38,22,11,2.4
SUPER_11,22860000,1,0,1,2,1,0,2
SUPER_11,22870000,1,0,0,1,0,1,NaN
SUPER_11,22880000,2,0,0,2,0,2,NaN
SUPER_11,22890000,2,0,0,2,0,2,NaN
SUPER_11,22900000,4,3,2,9,3,1,5.6
SUPER_11,22910000,16,1,1,18,6,10,2.5
SUPER_11,22920000,15,0,3,18,7,8,11
SUPER_11,22930000,2,0,1,3,1,1,1
SUPER_11,22940000,1,0,0,1,1,0,NaN
SUPER_11,22950000,0,1,0,1,0,0,1
SUPER_11,22960000,2,1,0,3,2,0,2
SUPER_11,22970000,0,1,0,1,0,0,2
SUPER_11,22980000,0,1,0,1,0,0,2
SUPER_11,22990000,2,1,0,3,1,1,1
SUPER_11,23000000,1,2,3,6,0,1,3
SUPER_11,23010000,3,1,0,4,2,1,9
SUPER_11,23020000,0,0,0,0,0,0,0
SUPER_11,23030000,0,0,0,0,0,0,0
SUPER_11,23040000,11,0,2,13,6,5,2.5
SUPER_11,23050000,86,7,10,103,39,47,7.4117646
SUPER_11,23060000,111,5,4,120,57,54,10.333333
SUPER_11,23070000,46,2,4,52,31,15,7.3333335
SUPER_11,23080000,83,6,8,97,41,42,7.642857
SUPER_11,23090000,116,6,7,129,49,67,6.076923
SUPER_11,23100000,137,7,7,151,84,53,20.642857
SUPER_11,23110000,0,1,0,1,0,0,2
SUPER_11,23120000,1,0,2,3,1,0,1
SUPER_11,23130000,72,3,4,79,41,31,2.7142856
SUPER_11,23140000,21,2,3,26,10,11,23
SUPER_11,23150000,20,0,4,24,12,8,4.75
SUPER_11,23160000,67,9,4,80,35,32,8.307693
SUPER_11,23170000,5,0,0,5,2,3,NaN
SUPER_11,23180000,1,2,0,3,0,1,2.5
SUPER_11,23190000,1,0,0,1,1,0,NaN
SUPER_11,23200000,2,1,0,3,0,2,8
SUPER_11,23210000,1,0,0,1,0,1,NaN
SUPER_11,23220000,0,0,0,0,0,0,0
SUPER_11,23230000,0,0,0,0,0,0,0
SUPER_11,23240000,3,1,0,4,2,1,2
SUPER_11,23250000,1,2,0,3,0,1,1.5
SUPER_11,23260000,0,0,0,0,0,0,0
SUPER_11,23270000,0,0,0,0,0,0,0
SUPER_11,23280000,5,1,0,6,3,2,1
SUPER_11,23290000,1,0,0,1,1,0,NaN
SUPER_11,23300000,1,0,0,1,1,0,NaN
SUPER_11,23310000,0,0,1,1,0,0,2
SUPER_11,23320000,0,0,1,1,0,0,3
SUPER_11,23330000,3,0,0,3,1,2,NaN
SUPER_11,23340000,1,0,0,1,1,0,NaN
SUPER_11,23350000,2,0,0,2,1,1,NaN
SUPER_11,23360000,3,0,0,3,2,1,NaN
SUPER_11,23370000,3,1,0,4,2,1,18
SUPER_11,23380000,2,0,1,3,1,1,1
SUPER_11,23390000,0,1,1,2,0,0,37.5
SUPER_11,23400000,2,0,1,3,1,1,1
SUPER_11,23410000,2,0,0,2,2,0,NaN
SUPER_11,23420000,1,0,1,2,0,1,22
SUPER_11,23430000,1,0,0,1,0,1,NaN
SUPER_11,23440000,1,0,0,1,0,1,NaN
SUPER_11,23450000,2,1,0,3,1,1,1
SUPER_11,23460000,8,0,2,10,2,6,10.5
SUPER_11,23470000,2,0,0,2,1,1,NaN
SUPER_11,23480000,51,6,4,61,28,23,7.1
SUPER_11,23490000,178,9,15,202,96,82,5.5416665
SUPER_11,23500000,110,7,5,122,59,51,8.416667
SUPER_11,23510000,126,9,7,142,64,62,7.125
SUPER_11,23520000,91,7,2,100,40,51,5.3333335
SUPER_11,23530000,145,8,11,164,74,71,4.9473686
SUPER_11,23540000,113,8,9,130,64,49,8.176471
SUPER_11,23550000,170,10,14,194,100,70,9.041667
SUPER_11,23560000,2,0,0,2,1,1,NaN
SUPER_11,23570000,2,0,1,3,1,1,2
SUPER_11,23580000,47,1,2,50,17,30,14.333333
SUPER_11,23590000,3,1,0,4,2,1,18
SUPER_11,23600000,17,0,1,18,7,10,1
SUPER_11,23610000,77,7,5,89,41,36,5
SUPER_11,23620000,53,2,3,58,30,23,9
SUPER_11,23630000,53,4,5,62,33,20,5.7777777
SUPER_11,23640000,81,6,5,92,46,35,9.545455
SUPER_11,23650000,103,12,9,124,53,50,6
SUPER_11,23660000,25,1,0,26,12,13,1
SUPER_11,23670000,94,7,7,108,53,41,10.142858
SUPER_11,23680000,122,8,15,145,72,50,29.173914
SUPER_11,23690000,198,16,13,227,108,90,8.689655
SUPER_11,23700000,181,16,9,206,93,88,21.88
SUPER_11,23710000,166,12,11,189,80,86,6.173913
SUPER_11,23720000,175,7,9,191,93,82,11.875
SUPER_11,23730000,107,6,14,127,57,50,4.7
SUPER_11,23740000,23,1,2,26,9,14,4.3333335
SUPER_11,23750000,13,4,0,17,8,5,8
SUPER_11,23760000,117,10,14,141,63,54,26.125
SUPER_11,23770000,164,9,10,183,88,76,8.263158
SUPER_11,23780000,137,5,6,148,83,54,11.636364
SUPER_11,23790000,77,8,13,98,32,45,8.523809
SUPER_11,23800000,94,10,11,115,41,53,19.333334
SUPER_11,23810000,13,2,3,18,5,8,9.6
SUPER_11,23820000,6,0,1,7,3,3,1
SUPER_11,23830000,7,1,1,9,6,1,1.5
SUPER_11,23840000,4,0,0,4,1,3,NaN
SUPER_11,23850000,64,4,9,77,37,27,3.3846154
SUPER_11,23860000,47,2,3,52,20,27,3.6
SUPER_11,23870000,107,7,6,120,56,51,13
SUPER_11,23880000,2,0,0,2,1,1,NaN
SUPER_11,23890000,1,0,1,2,1,0,8
SUPER_11,23900000,6,2,3,11,2,4,3.8
SUPER_11,23910000,3,0,0,3,1,2,NaN
SUPER_11,23920000,4,0,0,4,2,2,NaN
SUPER_11,23930000,120,3,12,135,79,41,25.866667
SUPER_11,23940000,70,4,3,77,39,31,3.2857144
SUPER_11,23950000,46,2,2,50,28,18,82
SUPER_11,23960000,147,6,7,160,89,58,53.153847
SUPER_11,23970000,71,5,4,80,27,44,5.4444447
SUPER_11,23980000,99,4,7,110,45,54,30.727272
SUPER_11,23990000,10,1,3,14,4,6,11.25
SUPER_11,24000000,142,7,6,155,77,65,3.3076923
SUPER_11,24010000,166,7,11,184,93,73,4.0555553
SUPER_11,24020000,194,5,15,214,105,89,55.8
SUPER_11,24030000,171,14,19,204,82,89,10.939394
SUPER_11,24040000,232,14,17,263,123,109,4.580645
SUPER_11,24050000,110,2,10,122,54,56,8
SUPER_11,24060000,137,4,11,152,73,64,10.666667
SUPER_11,24070000,60,6,5,71,31,29,5.090909
SUPER_11,24080000,123,7,14,144,54,69,5.142857
SUPER_11,24090000,114,8,11,133,54,60,7.8421054
SUPER_11,24100000,71,7,9,87,38,33,6.25
SUPER_11,24110000,1,1,3,5,0,1,3
SUPER_11,24120000,2,0,0,2,1,1,NaN
SUPER_11,24130000,32,5,4,41,17,15,5.5555553
SUPER_11,24140000,91,3,7,101,41,50,1.9
SUPER_11,24150000,68,6,7,81,38,30,4.1538463
SUPER_11,24160000,98,15,7,120,40,58,3.5454545
SUPER_11,24170000,78,6,4,88,38,40,2.4
SUPER_11,24180000,38,5,1,44,18,20,2.5
SUPER_11,24190000,23,1,6,30,10,13,8.428572
SUPER_11,24200000,78,5,5,88,40,38,9.6
SUPER_11,24210000,120,10,8,138,56,64,6
SUPER_11,24220000,143,4,11,158,70,73,15.4
SUPER_11,24230000,61,3,4,68,29,32,4.285714
SUPER_11,24240000,118,12,12,142,68,50,4.25
SUPER_11,24250000,90,6,5,101,46,44,8.181818
SUPER_11,24260000,57,5,13,75,24,33,7.2777777
SUPER_11,24270000,66,3,2,71,36,30,11.2
SUPER_11,24280000,96,3,7,106,51,45,5.2
SUPER_11,24290000,11,1,3,15,6,5,8.25
SUPER_11,24300000,55,5,7,67,29,26,3.25
SUPER_11,24310000,114,10,9,133,60,54,11.789474
SUPER_11,24320000,63,5,6,74,28,35,21
SUPER_11,24330000,0,0,0,0,0,0,0
SUPER_11,24340000,0,0,0,0,0,0,0
SUPER_11,24350000,20,4,0,24,15,5,11
SUPER_11,24360000,2,1,0,3,1,1,4
SUPER_11,24370000,42,4,4,50,20,22,3.5
SUPER_11,24380000,2,0,1,3,2,0,12
SUPER_11,24390000,18,3,1,22,9,9,1
SUPER_11,24400000,21,0,0,21,10,11,NaN
SUPER_11,24410000,34,3,1,38,22,12,9.25
SUPER_11,24420000,110,7,11,128,58,52,6.0555553
SUPER_11,24430000,83,10,5,98,48,35,3.8666666
SUPER_11,24440000,168,8,10,186,94,74,6.111111
SUPER_11,24450000,166,12,12,190,88,78,19.083334
SUPER_11,24460000,126,8,8,142,65,61,6.8125
SUPER_11,24470000,145,9,12,166,79,66,4.7619047
SUPER_11,24480000,58,2,1,61,33,25,9
SUPER_11,24490000,99,7,13,119,58,41,3
SUPER_11,24500000,372,18,26,416,194,178,10.068182
SUPER_11,24510000,0,0,1,1,0,0,1
SUPER_11,24520000,39,3,3,45,27,12,8.833333
SUPER_11,24530000,0,0,0,0,0,0,0
SUPER_11,24540000,0,0,0,0,0,0,0
SUPER_11,24550000,200,18,11,229,96,104,6.9310346
SUPER_11,24560000,146,4,8,158,73,73,3.5
SUPER_11,24570000,204,11,12,227,116,88,3.826087
SUPER_11,24580000,82,2,6,90,45,37,10.125
SUPER_11,24590000,128,9,11,148,62,66,6.7
SUPER_11,24600000,100,7,4,111,48,52,3.5454545
SUPER_11,24610000,74,8,2,84,43,31,5.2
SUPER_11,24620000,0,0,0,0,0,0,0
SUPER_11,24630000,0,0,0,0,0,0,0
SUPER_11,24640000,167,12,6,185,93,74,6.5
SUPER_11,24650000,11,1,3,15,8,3,6.75
SUPER_11,24660000,4,0,1,5,3,1,7
SUPER_11,24670000,0,2,1,3,0,0,2.6666667
SUPER_11,24680000,4,0,0,4,2,2,NaN
SUPER_11,24690000,0,0,1,1,0,0,1
SUPER_11,24700000,1,0,0,1,1,0,NaN
SUPER_11,24710000,1,0,0,1,0,1,NaN
SUPER_11,24720000,4,0,1,5,2,2,2
SUPER_11,24730000,3,1,0,4,1,2,1
SUPER_11,24740000,4,0,0,4,1,3,NaN
SUPER_11,24750000,0,2,1,3,0,0,23.666666
SUPER_11,24760000,3,0,0,3,3,0,NaN
SUPER_11,24770000,3,0,0,3,1,2,NaN
SUPER_11,24780000,0,0,0,0,0,0,0
SUPER_11,24790000,0,0,0,0,0,0,0
SUPER_11,24800000,0,0,0,0,0,0,0
SUPER_11,24810000,49,2,6,57,21,28,1.875
SUPER_11,24820000,6,0,0,6,3,3,NaN
SUPER_11,24830000,3,0,0,3,2,1,NaN
SUPER_11,24840000,2,1,0,3,1,1,2
SUPER_11,24850000,3,0,0,3,2,1,NaN
SUPER_11,24860000,77,4,4,85,42,35,4.125
SUPER_11,24870000,93,4,4,101,48,45,8.125
SUPER_11,24880000,169,7,15,191,95,74,7.590909
SUPER_11,24890000,31,3,2,36,14,17,6.2
SUPER_11,24900000,90,8,7,105,39,51,6.0666666
SUPER_11,24910000,34,5,6,45,17,17,30.818182
SUPER_11,24920000,68,3,7,78,41,27,12.3
SUPER_11,24930000,109,10,8,127,57,52,24.722221
SUPER_11,24940000,60,10,4,74,33,27,7.928571
SUPER_11,24950000,84,4,11,99,48,36,4.266667
SUPER_11,24960000,41,1,3,45,22,19,5.25
SUPER_11,24970000,205,8,19,232,121,84,5.5555553
SUPER_11,24980000,80,3,7,90,47,33,14.5
SUPER_11,24990000,4,2,1,7,2,2,17
SUPER_11,25000000,4,0,0,4,2,2,NaN
SUPER_11,25010000,1,0,0,1,1,0,NaN
SUPER_11,25020000,1,0,0,1,1,0,NaN
SUPER_11,25030000,1,0,0,1,0,1,NaN
SUPER_11,25040000,2,0,1,3,2,0,34
SUPER_11,25050000,18,3,1,22,9,9,9.5
SUPER_11,25060000,0,0,0,0,0,0,0
SUPER_11,25070000,0,0,0,0,0,0,0
SUPER_11,25080000,80,7,6,93,38,42,9.307693
SUPER_11,25090000,123,6,8,137,67,56,12.5
SUPER_11,25100000,186,17,8,211,103,83,3.96
SUPER_11,25110000,71,5,7,83,40,31,5.0833335
SUPER_11,25120000,95,7,6,108,57,38,6.8461537
SUPER_11,25130000,143,10,10,163,81,62,2.85
SUPER_11,25140000,80,6,7,93,41,39,2.7692308
SUPER_11,25150000,143,14,5,162,68,75,6.6842103
SUPER_11,25160000,115,2,6,123,58,57,9.625
SUPER_11,25170000,4,1,0,5,1,3,1
SUPER_11,25180000,6,1,0,7,3,3,1
SUPER_11,25190000,2,1,0,3,0,2,1
SUPER_11,25200000,1,0,0,1,1,0,NaN
SUPER_11,25210000,36,1,1,38,19,17,2.5
SUPER_11,25220000,103,6,5,114,51,52,5.7272725
SUPER_11,25230000,52,4,1,57,26,26,3
SUPER_11,25240000,99,8,6,113,46,53,5.428571
SUPER_11,25250000,167,13,17,197,83,84,8.7
SUPER_11,25260000,88,8,10,106,46,42,11
SUPER_11,25270000,89,3,5,97,53,36,3.75
SUPER_11,25280000,114,8,10,132,59,55,4.3333335
SUPER_11,25290000,158,15,9,182,87,71,3.0416667
SUPER_11,25300000,86,6,8,100,45,41,4.5
SUPER_11,25310000,103,6,5,114,54,49,51.090908
SUPER_11,25320000,84,6,6,96,43,41,17.5
SUPER_11,25330000,166,6,7,179,97,69,23.538462
SUPER_11,25340000,112,3,6,121,62,50,7.7777777
SUPER_11,25350000,37,3,0,40,18,19,1.6666666
SUPER_11,25360000,31,1,1,33,21,10,1
SUPER_11,25370000,64,7,7,78,34,30,19.428572
SUPER_11,25380000,26,1,6,33,16,10,6.714286
SUPER_11,25390000,99,5,8,112,57,42,32.307693
SUPER_11,25400000,87,4,6,97,53,34,6.6
SUPER_11,25410000,75,4,5,84,35,40,4.2222223
SUPER_11,25420000,43,3,1,47,20,23,10.25
SUPER_11,25430000,100,4,6,110,49,51,40.3
SUPER_11,25440000,71,4,7,82,40,31,3.090909
SUPER_11,25450000,53,2,4,59,30,23,9.5
SUPER_11,25460000,14,1,1,16,7,7,1
SUPER_11,25470000,36,2,4,42,21,15,5.3333335
SUPER_11,25480000,59,9,2,70,36,23,5.7272725
SUPER_11,25490000,33,1,2,36,19,14,3.6666667
SUPER_11,25500000,71,4,2,77,38,33,4.1666665
SUPER_11,25510000,133,7,8,148,73,60,7.3333335
SUPER_11,25520000,106,5,8,119,57,49,38.846153
SUPER_11,25530000,135,10,7,152,72,63,2.0588236
SUPER_11,25540000,104,4,7,115,53,51,11
SUPER_11,25550000,1,0,0,1,1,0,NaN
SUPER_11,25560000,3,0,2,5,1,2,11.5
SUPER_11,25570000,4,1,0,5,2,2,4
SUPER_11,25580000,34,1,2,37,19,15,6.3333335
SUPER_11,25590000,11,1,0,12,6,5,1
SUPER_11,25600000,2,0,0,2,1,1,NaN
SUPER_11,25610000,1,0,0,1,1,0,NaN
SUPER_11,25620000,3,0,0,3,1,2,NaN
SUPER_11,25630000,3,0,0,3,1,2,NaN
SUPER_11,25640000,1,0,1,2,0,1,1
SUPER_11,25650000,1,0,1,2,1,0,2
SUPER_11,25660000,0,0,0,0,0,0,0
SUPER_11,25670000,0,0,0,0,0,0,0
SUPER_11,25680000,16,3,0,19,10,6,2
SUPER_11,25690000,2,0,0,2,1,1,NaN
SUPER_11,25700000,3,1,2,6,2,1,1.3333334
SUPER_11,25710000,5,1,0,6,4,1,3
SUPER_11,25720000,0,0,1,1,0,0,15
SUPER_11,25730000,1,0,0,1,1,0,NaN
SUPER_11,25740000,0,0,0,0,0,0,0
SUPER_11,25750000,0,0,0,0,0,0,0
SUPER_11,25760000,3,1,1,5,1,2,8.5
SUPER_11,25770000,0,1,1,2,0,0,1.5
SUPER_11,25780000,0,0,0,0,0,0,0
SUPER_11,25790000,0,0,0,0,0,0,0
SUPER_11,25800000,2,1,1,4,2,0,3.5
SUPER_11,25810000,0,0,0,0,0,0,0
SUPER_11,25820000,0,0,0,0,0,0,0
SUPER_11,25830000,6,1,0,7,3,3,28
SUPER_11,25840000,4,0,0,4,1,3,NaN
SUPER_11,25850000,1,0,1,2,1,0,10
SUPER_11,25860000,0,1,1,2,0,0,1
SUPER_11,25870000,0,0,0,0,0,0,0
SUPER_11,25880000,0,0,0,0,0,0,0
SUPER_11,25890000,7,1,0,8,5,2,1
SUPER_11,25900000,1,0,0,1,0,1,NaN
SUPER_11,25910000,1,0,0,1,1,0,NaN
SUPER_11,25920000,22,0,0,22,10,12,NaN
SUPER_11,25930000,55,4,6,65,31,24,6.2
SUPER_11,25940000,0,0,0,0,0,0,0
SUPER_11,25950000,0,0,0,0,0,0,0
SUPER_11,25960000,8,1,2,11,6,2,2
SUPER_11,25970000,2,1,0,3,1,1,1
SUPER_11,25980000,2,0,0,2,0,2,NaN
SUPER_11,25990000,57,1,5,63,31,26,2.6666667
SUPER_11,26000000,5,0,1,6,0,5,1
SUPER_11,26010000,4,0,0,4,3,1,NaN
SUPER_11,26020000,7,0,1,8,3,4,1
SUPER_11,26030000,2,0,0,2,1,1,NaN
SUPER_11,26040000,3,1,0,4,0,3,12
SUPER_11,26050000,4,3,1,8,2,2,8
SUPER_11,26060000,2,1,1,4,1,1,1.5
SUPER_11,26070000,9,3,1,13,4,5,9.25
SUPER_11,26080000,3,1,0,4,0,3,1
SUPER_11,26090000,62,8,8,78,31,31,5.25
SUPER_11,26100000,139,16,4,159,70,69,15.2
SUPER_11,26110000,54,4,5,63,35,19,10.777778
SUPER_11,26120000,40,3,2,45,20,20,7.6
SUPER_11,26130000,33,6,2,41,16,17,3.875
SUPER_11,26140000,69,7,6,82,28,41,3.6923077
SUPER_11,26150000,33,3,3,39,15,18,5
SUPER_11,26160000,48,2,2,52,19,29,1.25
SUPER_11,26170000,97,2,5,104,44,53,6
SUPER_11,26180000,170,7,10,187,97,73,3.4705882
SUPER_11,26190000,200,14,19,233,96,104,8.30303
SUPER_11,26200000,201,11,12,224,111,90,27.652174
SUPER_11,26210000,116,5,7,128,63,53,6.6666665
SUPER_11,26220000,196,10,15,221,97,99,13.84
SUPER_11,26230000,60,3,6,69,29,31,6.4444447
SUPER_11,26240000,86,5,4,95,56,30,8
SUPER_11,26250000,0,0,0,0,0,0,0
SUPER_11,26260000,0,0,0,0,0,0,0
SUPER_11,26270000,165,10,7,182,80,85,10
SUPER_11,26280000,118,5,7,130,56,62,6.9166665
SUPER_11,26290000,44,4,0,48,14,30,5.25
SUPER_11,26300000,143,9,9,161,73,70,7.3333335
SUPER_11,26310000,0,0,1,1,0,0,1
SUPER_11,26320000,4,1,0,5,2,2,6
SUPER_11,26330000,4,0,1,5,2,2,20
SUPER_11,26340000,0,2,0,2,0,0,6.5
SUPER_11,26350000,3,0,0,3,2,1,NaN
SUPER_11,26360000,20,0,1,21,6,14,4
SUPER_11,26370000,0,0,0,0,0,0,0
SUPER_11,26380000,0,0,0,0,0,0,0
SUPER_11,26390000,4,1,0,5,0,4,2
SUPER_11,26400000,3,0,0,3,2,1,NaN
SUPER_11,26410000,2,1,0,3,1,1,4
SUPER_11,26420000,6,0,1,7,3,3,1
SUPER_11,26430000,3,0,0,3,2,1,NaN
SUPER_11,26440000,3,0,1,4,1,2,1
SUPER_11,26450000,6,1,2,9,1,5,1
SUPER_11,26460000,2,1,0,3,1,1,1
SUPER_11,26470000,2,0,0,2,1,1,NaN
SUPER_11,26480000,1,0,1,2,1,0,1
SUPER_11,26490000,3,0,0,3,1,2,NaN
SUPER_11,26500000,4,0,0,4,1,3,NaN
SUPER_11,26510000,2,2,1,5,1,1,13
SUPER_11,26520000,1,0,0,1,1,0,NaN
SUPER_11,26530000,8,0,0,8,4,4,NaN
SUPER_11,26540000,75,3,7,85,43,32,4.4
SUPER_11,26550000,110,5,3,118,57,53,11.25
SUPER_11,26560000,38,6,6,50,21,17,8.25
SUPER_11,26570000,25,5,1,31,9,16,1.6666666
SUPER_11,26580000,90,5,2,97,45,45,1.5714285
SUPER_11,26590000,3,1,0,4,2,1,2
SUPER_11,26600000,25,1,2,28,12,13,1
SUPER_11,26610000,2,2,0,4,1,1,1
SUPER_11,26620000,15,0,1,16,5,10,4
SUPER_11,26630000,72,3,8,83,30,42,3.090909
SUPER_11,26640000,5,0,0,5,3,2,NaN
SUPER_11,26650000,24,1,2,27,10,14,1
SUPER_11,26660000,47,3,5,55,24,23,5.5
SUPER_11,26670000,77,10,8,95,36,41,5.0555553
SUPER_11,26680000,33,3,2,38,22,11,8.4
SUPER_11,26690000,110,7,4,121,62,48,8.181818
SUPER_11,26700000,76,7,8,91,41,35,6.5333333
SUPER_11,26710000,180,12,9,201,100,79,2.7619047
SUPER_11,26720000,45,5,3,53,24,21,10.75
SUPER_11,26730000,101,6,5,112,60,41,4.181818
SUPER_11,26740000,5,0,1,6,3,2,4
SUPER_11,26750000,5,0,1,6,3,2,1
SUPER_11,26760000,76,4,3,83,31,45,16.285715
SUPER_11,26770000,89,3,7,99,51,38,3.1
SUPER_11,26780000,113,3,9,125,59,54,8.166667
SUPER_11,26790000,12,0,1,13,8,4,1
SUPER_11,26800000,2,0,3,5,2,0,8.333333
SUPER_11,26810000,3,0,0,3,2,1,NaN
SUPER_11,26820000,1,0,0,1,1,0,NaN
SUPER_11,26830000,2,0,0,2,1,1,NaN
SUPER_11,26840000,21,2,3,26,10,11,1.6
SUPER_11,26850000,5,1,0,6,2,3,18
SUPER_11,26860000,29,3,1,33,17,12,3
SUPER_11,26870000,1,0,0,1,0,1,NaN
SUPER_11,26880000,2,0,0,2,1,1,NaN
SUPER_11,26890000,39,5,2,46,22,17,9.428572
SUPER_11,26900000,68,1,6,75,37,31,3
SUPER_11,26910000,1,0,2,3,1,0,5
SUPER_11,26920000,4,0,0,4,2,2,NaN
SUPER_11,26930000,2,0,0,2,1,1,NaN
SUPER_11,26940000,3,0,0,3,2,1,NaN
SUPER_11,26950000,1,1,1,3,1,0,1.5
SUPER_11,26960000,80,3,9,92,36,44,59.833332
SUPER_11,26970000,8,0,0,8,7,1,NaN
SUPER_11,26980000,24,4,2,30,16,8,7.5
SUPER_11,26990000,0,0,0,0,0,0,0
SUPER_11,27000000,0,0,0,0,0,0,0
SUPER_11,27010000,0,0,0,0,0,0,0
SUPER_11,27020000,0,0,0,0,0,0,0
SUPER_11,27030000,0,0,0,0,0,0,0
SUPER_11,27040000,48,3,4,55,19,29,3.7142856
SUPER_11,27050000,130,2,8,140,72,58,4.2
SUPER_11,27060000,0,0,0,0,0,0,0
SUPER_11,27070000,0,0,0,0,0,0,0
SUPER_11,27080000,101,3,7,111,45,56,6.4
SUPER_11,27090000,67,5,6,78,31,36,5.7272725
SUPER_11,27100000,90,4,4,98,51,39,2.625
SUPER_11,27110000,152,8,7,167,73,79,4.5333333
SUPER_11,27120000,109,8,6,123,59,50,12.785714
SUPER_11,27130000,0,0,0,0,0,0,0
SUPER_11,27140000,0,0,0,0,0,0,0
SUPER_11,27150000,0,0,0,0,0,0,0
SUPER_11,27160000,115,6,6,127,72,43,11.416667
SUPER_11,27170000,1,0,1,2,0,1,3
SUPER_11,27180000,19,1,2,22,5,14,39
SUPER_11,27190000,0,0,0,0,0,0,0
SUPER_11,27200000,0,0,0,0,0,0,0
SUPER_11,27210000,0,0,0,0,0,0,0
SUPER_11,27220000,0,0,0,0,0,0,0
SUPER_11,27230000,0,0,0,0,0,0,0
SUPER_11,27240000,0,0,0,0,0,0,0
SUPER_11,27250000,0,0,0,0,0,0,0
SUPER_11,27260000,0,0,0,0,0,0,0
SUPER_11,27270000,0,0,0,0,0,0,0
SUPER_11,27280000,0,0,0,0,0,0,0
SUPER_11,27290000,69,8,3,80,38,31,2.8181818
SUPER_11,27300000,28,3,2,33,17,11,1
SUPER_11,27310000,10,0,1,11,4,6,1
SUPER_11,27320000,194,16,10,220,107,87,4.3076925
SUPER_11,27330000,0,0,0,0,0,0,0
SUPER_11,27340000,0,0,0,0,0,0,0
SUPER_11,27350000,123,11,8,142,65,58,4.105263
SUPER_11,27360000,1,1,0,2,0,1,1
SUPER_11,27370000,43,2,4,49,23,20,18
SUPER_11,27380000,14,4,3,21,9,5,6.285714
SUPER_11,27390000,105,3,5,113,49,56,3.625
SUPER_11,27400000,9,0,1,10,4,5,1
SUPER_11,27410000,3,1,0,4,2,1,5
SUPER_11,27420000,3,1,0,4,2,1,1
SUPER_11,27430000,5,1,0,6,0,5,8
SUPER_11,27440000,3,0,0,3,0,3,NaN
SUPER_11,27450000,86,3,5,94,49,37,12.125
SUPER_11,27460000,40,1,1,42,18,22,11.5
SUPER_11,27470000,2,0,0,2,1,1,NaN
SUPER_11,27480000,2,1,0,3,1,1,2
SUPER_11,27490000,4,3,0,7,3,1,8
SUPER_11,27500000,77,3,4,84,30,47,7.857143
SUPER_11,27510000,115,6,10,131,63,52,10.875
SUPER_11,27520000,1,2,0,3,0,1,2.5
SUPER_11,27530000,34,1,1,36,18,16,9.5
SUPER_11,27540000,3,0,0,3,3,0,NaN
SUPER_11,27550000,1,0,0,1,1,0,NaN
SUPER_11,27560000,0,0,0,0,0,0,0
SUPER_11,27570000,0,0,0,0,0,0,0
SUPER_11,27580000,5,1,1,7,4,1,3
SUPER_11,27590000,11,0,1,12,6,5,1
SUPER_11,27600000,144,8,13,165,72,72,5.3333335
SUPER_11,27610000,127,9,14,150,61,66,19.565218
SUPER_11,27620000,31,2,4,37,15,16,2.3333333
SUPER_11,27630000,10,0,1,11,7,3,1
SUPER_11,27640000,3,1,0,4,2,1,2
SUPER_11,27650000,4,0,2,6,1,3,4.5
SUPER_11,27660000,5,0,0,5,1,4,NaN
SUPER_11,27670000,3,0,0,3,2,1,NaN
SUPER_11,27680000,6,0,0,6,3,3,NaN
SUPER_11,27690000,96,6,5,107,57,39,3.7272727
SUPER_11,27700000,1,1,1,3,1,0,7.5
SUPER_11,27710000,11,0,0,11,5,6,NaN
SUPER_11,27720000,1,0,0,1,1,0,NaN
SUPER_11,27730000,2,0,0,2,2,0,NaN
SUPER_11,27740000,1,0,0,1,0,1,NaN
SUPER_11,27750000,3,0,0,3,2,1,NaN
SUPER_11,27760000,2,0,0,2,1,1,NaN
SUPER_11,27770000,0,0,2,2,0,0,18
SUPER_11,27780000,0,1,1,2,0,0,6.5
SUPER_11,27790000,3,3,0,6,2,1,1.3333334
SUPER_11,27800000,2,0,1,3,2,0,1
SUPER_11,27810000,2,0,1,3,2,0,7
SUPER_11,27820000,0,0,1,1,0,0,1
SUPER_11,27830000,1,2,0,3,0,1,6.5
SUPER_11,27840000,4,0,0,4,3,1,NaN
SUPER_11,27850000,36,4,5,45,16,20,12.222222
SUPER_11,27860000,110,10,8,128,59,51,6.5555553
SUPER_11,27870000,127,5,2,134,62,65,3.7142856
SUPER_11,27880000,0,0,0,0,0,0,0
SUPER_11,27890000,0,0,0,0,0,0,0
SUPER_11,27900000,0,0,0,0,0,0,0
SUPER_11,27910000,0,0,0,0,0,0,0
SUPER_11,27920000,46,4,3,53,20,26,1.7142857
SUPER_11,27930000,83,2,9,94,47,36,13
SUPER_11,27940000,70,7,5,82,34,36,5.9166665
SUPER_11,27950000,47,3,2,52,20,27,5.2
SUPER_11,27960000,45,0,1,46,22,23,4
SUPER_11,27970000,9,0,1,10,3,6,2
SUPER_11,27980000,0,0,0,0,0,0,0
SUPER_11,27990000,0,0,0,0,0,0,0
SUPER_11,28000000,0,0,0,0,0,0,0
SUPER_11,28010000,34,4,0,38,19,15,4.25
SUPER_11,28020000,128,11,14,153,67,61,5.56
SUPER_11,28030000,39,3,1,43,24,15,3
SUPER_11,28040000,67,1,0,68,37,30,1
SUPER_11,28050000,0,0,0,0,0,0,0
SUPER_11,28060000,0,0,0,0,0,0,0
SUPER_11,28070000,0,0,0,0,0,0,0
SUPER_11,28080000,0,0,0,0,0,0,0
SUPER_11,28090000,0,0,0,0,0,0,0
SUPER_11,28100000,0,0,0,0,0,0,0
SUPER_11,28110000,0,0,0,0,0,0,0
SUPER_11,28120000,37,7,3,47,22,15,6.1
SUPER_11,28130000,102,7,6,115,53,49,2.7692308
SUPER_11,28140000,15,2,3,20,5,10,6.4
SUPER_11,28150000,32,2,0,34,16,16,2
SUPER_11,28160000,64,4,3,71,24,40,5.571429
SUPER_11,28170000,4,0,2,6,3,1,14
SUPER_11,28180000,11,0,1,12,5,6,1
SUPER_11,28190000,3,0,0,3,3,0,NaN
SUPER_11,28200000,13,0,2,15,5,8,7
SUPER_11,28210000,0,0,1,1,0,0,1
SUPER_11,28220000,3,0,0,3,2,1,NaN
SUPER_11,28230000,2,0,0,2,1,1,NaN
SUPER_11,28240000,3,0,0,3,0,3,NaN
SUPER_11,28250000,13,0,3,16,7,6,46.333332
SUPER_11,28260000,1,2,0,3,1,0,2.5
SUPER_11,28270000,1,0,0,1,1,0,NaN
SUPER_11,28280000,4,0,1,5,1,3,1
SUPER_11,28290000,4,1,0,5,2,2,1
SUPER_11,28300000,56,4,5,65,33,23,3.3333333
SUPER_11,28310000,19,0,2,21,11,8,1.5
SUPER_11,28320000,43,4,2,49,25,18,1.8333334
SUPER_11,28330000,30,0,3,33,14,16,8.333333
SUPER_11,28340000,38,0,2,40,24,14,4.5
SUPER_11,28350000,65,0,6,71,29,36,11.833333
SUPER_11,28360000,3,0,0,3,0,3,NaN
SUPER_11,28370000,65,2,0,67,45,20,4
SUPER_11,28380000,27,3,2,32,16,11,10.2
SUPER_11,28390000,0,0,1,1,0,0,1
SUPER_11,28400000,2,0,0,2,2,0,NaN
SUPER_11,28410000,22,2,2,26,10,12,18.25
SUPER_11,28420000,85,3,4,92,43,42,10.142858
SUPER_11,28430000,95,6,2,103,52,43,11
SUPER_11,28440000,2,1,0,3,1,1,7
SUPER_11,28450000,65,4,4,73,36,29,17.875
SUPER_11,28460000,69,5,5,79,38,31,4
SUPER_11,28470000,0,0,0,0,0,0,0
SUPER_11,28480000,0,0,0,0,0,0,0
SUPER_11,28490000,0,0,0,0,0,0,0
SUPER_11,28500000,0,0,0,0,0,0,0
SUPER_11,28510000,0,0,0,0,0,0,0
SUPER_11,28520000,0,0,0,0,0,0,0
SUPER_11,28530000,0,0,0,0,0,0,0
SUPER_11,28540000,0,0,0,0,0,0,0
SUPER_11,28550000,0,0,0,0,0,0,0
SUPER_11,28560000,0,0,0,0,0,0,0
SUPER_11,28570000,0,0,0,0,0,0,0
SUPER_11,28580000,0,0,0,0,0,0,0
SUPER_11,28590000,0,0,0,0,0,0,0
SUPER_11,28600000,0,0,0,0,0,0,0
SUPER_11,28610000,0,0,0,0,0,0,0
SUPER_11,28620000,0,0,0,0,0,0,0
SUPER_11,28630000,0,0,0,0,0,0,0
SUPER_11,28640000,0,0,0,0,0,0,0
SUPER_11,28650000,0,0,0,0,0,0,0
SUPER_11,28660000,0,0,0,0,0,0,0
SUPER_11,28670000,0,0,0,0,0,0,0
SUPER_11,28680000,50,6,6,62,31,19,5.75
SUPER_11,28690000,42,1,5,48,24,18,17.833334
SUPER_11,28700000,0,0,0,0,0,0,0
SUPER_11,28710000,0,0,0,0,0,0,0
SUPER_11,28720000,0,0,0,0,0,0,0
SUPER_11,28730000,0,0,0,0,0,0,0
SUPER_11,28740000,0,0,0,0,0,0,0
SUPER_11,28750000,0,0,0,0,0,0,0
SUPER_11,28760000,2,1,1,4,1,1,3
SUPER_11,28770000,86,9,5,100,50,36,8.928572
SUPER_11,28780000,0,0,0,0,0,0,0
SUPER_11,28790000,0,0,0,0,0,0,0
SUPER_11,28800000,0,0,0,0,0,0,0
SUPER_11,28810000,0,0,0,0,0,0,0
SUPER_11,28820000,0,0,0,0,0,0,0
SUPER_11,28830000,26,3,3,32,13,13,4.1666665
SUPER_11,28840000,29,6,1,36,20,9,6.285714
SUPER_11,28850000,27,2,0,29,14,13,35.5
SUPER_11,28860000,8,2,1,11,5,3,3.6666667
SUPER_11,28870000,3,1,1,5,2,1,22
SUPER_11,28880000,4,1,1,6,3,1,1
SUPER_11,28890000,3,0,1,4,1,2,1
SUPER_11,28900000,2,0,0,2,0,2,NaN
SUPER_11,28910000,72,4,3,79,39,33,10.857142
SUPER_11,28920000,12,2,2,16,4,8,4
SUPER_11,28930000,2,2,0,4,2,0,26
SUPER_11,28940000,32,0,1,33,13,19,1
SUPER_11,28950000,9,1,0,10,6,3,2
SUPER_11,28960000,2,0,0,2,0,2,NaN
SUPER_11,28970000,6,0,0,6,4,2,NaN
SUPER_11,28980000,2,0,0,2,1,1,NaN
SUPER_11,28990000,2,0,2,4,2,0,2
SUPER_11,29000000,7,0,0,7,4,3,NaN
SUPER_11,29010000,163,5,8,176,84,79,8
SUPER_11,29020000,54,3,4,61,27,27,6.142857
SUPER_11,29030000,3,0,0,3,2,1,NaN
SUPER_11,29040000,11,0,2,13,6,5,4.5
SUPER_11,29050000,27,2,1,30,17,10,4.3333335
SUPER_11,29060000,6,0,2,8,2,4,8.5
SUPER_11,29070000,5,1,0,6,2,3,2
SUPER_11,29080000,4,0,0,4,4,0,NaN
SUPER_11,29090000,36,2,5,43,19,17,2.142857
SUPER_11,29100000,35,0,1,36,16,19,1
SUPER_11,29110000,135,7,5,147,68,67,4
SUPER_11,29120000,37,1,3,41,26,11,14.5
SUPER_11,29130000,28,0,2,30,16,12,4.5
SUPER_11,29140000,31,1,3,35,17,14,2
SUPER_11,29150000,66,4,4,74,40,26,6.75
SUPER_11,29160000,95,10,3,108,42,53,3.4615386
SUPER_11,29170000,188,20,9,217,92,96,4.965517
SUPER_11,29180000,10,0,0,10,6,4,NaN
SUPER_11,29190000,34,0,1,35,22,12,4
SUPER_11,29200000,29,4,2,35,16,13,9.833333
SUPER_11,29210000,0,0,0,0,0,0,0
SUPER_11,29220000,0,0,0,0,0,0,0
SUPER_11,29230000,20,1,0,21,10,10,1
SUPER_11,29240000,85,6,5,96,38,47,8.818182
SUPER_11,29250000,113,4,6,123,69,44,6.1
SUPER_11,29260000,93,7,4,104,53,40,6
SUPER_11,29270000,68,6,3,77,33,35,11.555555
SUPER_11,29280000,92,4,2,98,49,43,9.166667
SUPER_11,29290000,0,0,0,0,0,0,0
SUPER_11,29300000,0,0,0,0,0,0,0
SUPER_11,29310000,0,0,0,0,0,0,0
SUPER_11,29320000,0,0,0,0,0,0,0
SUPER_11,29330000,0,0,0,0,0,0,0
SUPER_11,29340000,0,0,0,0,0,0,0
SUPER_11,29350000,0,0,0,0,0,0,0
SUPER_11,29360000,91,2,7,100,56,35,8.666667
SUPER_11,29370000,20,0,3,23,7,13,2.6666667
SUPER_11,29380000,0,1,1,2,0,0,1.5
SUPER_11,29390000,40,2,0,42,22,18,18.5
SUPER_11,29400000,0,0,0,0,0,0,0
SUPER_11,29410000,0,0,0,0,0,0,0
SUPER_11,29420000,0,0,0,0,0,0,0
SUPER_11,29430000,0,0,0,0,0,0,0
SUPER_11,29440000,0,0,0,0,0,0,0
SUPER_11,29450000,0,0,0,0,0,0,0
SUPER_11,29460000,0,0,0,0,0,0,0
SUPER_11,29470000,0,0,0,0,0,0,0
SUPER_11,29480000,0,0,0,0,0,0,0
SUPER_11,29490000,0,0,0,0,0,0,0
SUPER_11,29500000,138,7,6,151,64,74,4.923077
SUPER_11,29510000,233,9,13,255,124,109,12.636364
SUPER_11,29520000,172,15,8,195,91,81,3.8695652
SUPER_11,29530000,171,10,12,193,80,91,13.045455
SUPER_11,29540000,91,5,4,100,54,37,9.111111
SUPER_11,29550000,172,9,8,189,94,78,4.882353
SUPER_11,29560000,22,3,1,26,10,12,13.25
SUPER_11,29570000,0,1,0,1,0,0,1
SUPER_11,29580000,0,0,1,1,0,0,1
SUPER_11,29590000,2,0,0,2,1,1,NaN
SUPER_11,29600000,80,6,4,90,38,42,2.7
SUPER_11,29610000,76,3,1,80,37,39,1.75
SUPER_11,29620000,83,3,4,90,52,31,11.428572
SUPER_11,29630000,33,3,2,38,20,13,13.6
SUPER_11,29640000,22,1,0,23,15,7,7
SUPER_11,29650000,23,3,3,29,14,9,1.8333334
SUPER_11,29660000,29,3,2,34,16,13,28.4
SUPER_11,29670000,39,2,0,41,21,18,7
SUPER_11,29680000,64,6,0,70,28,36,6.5
SUPER_11,29690000,139,4,7,150,72,67,4.818182
SUPER_11,29700000,75,1,3,79,50,25,13.25
SUPER_11,29710000,8,2,1,11,4,4,2.3333333
SUPER_11,29720000,5,0,2,7,4,1,1
SUPER_11,29730000,40,5,1,46,27,13,3.5
SUPER_11,29740000,27,1,3,31,18,9,5.5
SUPER_11,29750000,15,2,0,17,9,6,1
SUPER_11,29760000,25,4,8,37,15,10,6.5
SUPER_11,29770000,173,15,18,206,101,72,4.242424
SUPER_11,29780000,142,5,4,151,75,67,2.7777777
SUPER_11,29790000,178,19,18,215,90,88,22.72973
SUPER_11,29800000,85,6,4,95,42,43,65
SUPER_11,29810000,22,4,1,27,10,12,5.6
SUPER_11,29820000,130,8,12,150,57,73,6.5
SUPER_11,29830000,231,15,15,261,120,111,3.9
SUPER_11,29840000,68,4,5,77,34,34,6.111111
SUPER_11,29850000,110,6,10,126,62,48,8.25
SUPER_11,29860000,43,4,4,51,29,14,1.625
SUPER_11,29870000,16,2,1,19,4,12,7.3333335
SUPER_11,29880000,0,0,0,0,0,0,0
SUPER_11,29890000,0,0,0,0,0,0,0
SUPER_11,29900000,0,0,0,0,0,0,0
SUPER_11,29910000,0,0,0,0,0,0,0
SUPER_11,29920000,0,0,0,0,0,0,0
SUPER_11,29930000,0,0,0,0,0,0,0
SUPER_11,29940000,0,0,0,0,0,0,0
SUPER_11,29950000,0,0,0,0,0,0,0
SUPER_11,29960000,29,4,3,36,16,13,5.857143
SUPER_11,29970000,0,0,0,0,0,0,0
SUPER_11,29980000,0,0,0,0,0,0,0
SUPER_11,29990000,0,0,0,0,0,0,0
SUPER_11,30000000,55,4,3,62,25,30,6.142857
SUPER_11,30010000,95,4,3,102,53,42,5.714286
SUPER_11,30020000,64,3,5,72,27,37,3.875
SUPER_11,30030000,0,1,0,1,0,0,2
SUPER_11,30040000,171,9,10,190,73,98,16.789474
SUPER_11,30050000,68,7,6,81,30,38,3.0769231
SUPER_11,30060000,0,0,0,0,0,0,0
SUPER_11,30070000,0,0,0,0,0,0,0
SUPER_11,30080000,0,0,0,0,0,0,0
SUPER_11,30090000,115,5,4,124,66,49,7
SUPER_11,30100000,91,9,5,105,51,40,8.571428
SUPER_11,30110000,115,3,6,124,58,57,13.555555
SUPER_11,30120000,42,4,3,49,26,16,12
SUPER_11,30130000,91,6,4,101,39,52,8.5
SUPER_11,30140000,138,9,11,158,73,65,8.1
SUPER_11,30150000,103,6,4,113,54,49,7.4
SUPER_11,30160000,57,0,2,59,30,27,4
SUPER_11,30170000,2,1,1,4,1,1,20.5
SUPER_11,30180000,2,0,1,3,1,1,1
SUPER_11,30190000,0,0,1,1,0,0,103
SUPER_11,30200000,3,0,0,3,2,1,NaN
SUPER_11,30210000,0,0,0,0,0,0,0
SUPER_11,30220000,0,0,0,0,0,0,0
SUPER_11,30230000,5,1,0,6,3,2,2
SUPER_11,30240000,1,0,0,1,0,1,NaN
SUPER_11,30250000,46,3,1,50,26,20,1.75
SUPER_11,30260000,79,5,5,89,40,39,10.9
SUPER_11,30270000,5,0,1,6,2,3,1
SUPER_11,30280000,21,0,1,22,12,9,3
SUPER_11,30290000,7,0,0,7,3,4,NaN
SUPER_11,30300000,13,0,2,15,11,2,2.5
SUPER_11,30310000,99,6,11,116,48,51,6.5882354
SUPER_11,30320000,90,3,2,95,43,47,5.2
SUPER_11,30330000,7,1,2,10,3,4,2
SUPER_11,30340000,8,0,1,9,5,3,29
SUPER_11,30350000,6,1,0,7,3,3,1
SUPER_11,30360000,4,0,0,4,2,2,NaN
SUPER_11,30370000,1,0,1,2,1,0,2
SUPER_11,30380000,165,6,7,178,85,80,2.3076923
SUPER_11,30390000,29,1,1,31,16,13,4.5
SUPER_11,30400000,13,1,0,14,5,8,2
SUPER_11,30410000,9,0,3,12,7,2,5.3333335
SUPER_11,30420000,4,2,0,6,2,2,14.5
SUPER_11,30430000,1,0,1,2,1,0,1
SUPER_11,30440000,3,0,0,3,2,1,NaN
SUPER_11,30450000,6,0,0,6,4,2,NaN
SUPER_11,30460000,242,19,19,280,122,120,7.1578946
SUPER_11,30470000,108,4,6,118,62,46,22.7
SUPER_11,30480000,52,4,1,57,27,25,4.6
SUPER_11,30490000,48,3,8,59,22,26,10.727273
SUPER_11,30500000,128,8,4,140,62,66,4.4166665
SUPER_11,30510000,139,8,13,160,64,75,4.714286
SUPER_11,30520000,0,2,0,2,0,0,20.5
SUPER_11,30530000,22,1,0,23,10,12,8
SUPER_11,30540000,0,0,0,0,0,0,0
SUPER_11,30550000,0,0,0,0,0,0,0
SUPER_11,30560000,0,0,0,0,0,0,0
SUPER_11,30570000,64,4,3,71,40,24,9.857142
SUPER_11,30580000,14,0,2,16,7,7,7.5
SUPER_11,30590000,25,3,5,33,12,13,2
SUPER_11,30600000,0,0,0,0,0,0,0
SUPER_11,30610000,0,0,0,0,0,0,0
SUPER_11,30620000,0,0,0,0,0,0,0
SUPER_11,30630000,0,0,0,0,0,0,0
SUPER_11,30640000,0,0,0,0,0,0,0
SUPER_11,30650000,0,0,0,0,0,0,0
SUPER_11,30660000,0,0,0,0,0,0,0
SUPER_11,30670000,0,0,0,0,0,0,0
SUPER_11,30680000,0,0,0,0,0,0,0
SUPER_11,30690000,0,0,0,0,0,0,0
SUPER_11,30700000,0,0,0,0,0,0,0
SUPER_11,30710000,0,0,0,0,0,0,0
SUPER_11,30720000,0,0,0,0,0,0,0
SUPER_11,30730000,0,0,0,0,0,0,0
SUPER_11,30740000,0,0,0,0,0,0,0
SUPER_11,30750000,104,9,8,121,58,46,4
SUPER_11,30760000,0,0,0,0,0,0,0
SUPER_11,30770000,0,0,0,0,0,0,0
SUPER_11,30780000,0,0,0,0,0,0,0
SUPER_11,30790000,0,0,0,0,0,0,0
SUPER_11,30800000,211,8,14,233,99,112,6.590909
SUPER_11,30810000,196,14,15,225,112,84,9.413794
SUPER_11,30820000,0,0,0,0,0,0,0
SUPER_11,30830000,0,0,0,0,0,0,0
SUPER_11,30840000,92,5,5,102,44,48,5.4
SUPER_11,30850000,61,2,3,66,30,31,8.6
SUPER_11,30860000,3,0,2,5,2,1,2
SUPER_11,30870000,20,3,4,27,12,8,8.857142
SUPER_11,30880000,10,1,2,13,5,5,4
SUPER_11,30890000,22,0,0,22,15,7,NaN
SUPER_11,30900000,84,10,1,95,37,47,1
SUPER_11,30910000,50,4,3,57,25,25,1.8571428
SUPER_11,30920000,68,2,3,73,37,31,5.8
SUPER_11,30930000,135,9,8,152,65,70,3.8823528
SUPER_11,30940000,18,0,2,20,9,9,3.5
SUPER_11,30950000,31,2,2,35,18,13,13.75
SUPER_11,30960000,51,4,3,58,24,27,3.4285715
SUPER_11,30970000,8,1,2,11,3,5,8.333333
SUPER_11,30980000,7,0,0,7,4,3,NaN
SUPER_11,30990000,4,1,0,5,3,1,6
SUPER_11,31000000,7,1,1,9,3,4,19
SUPER_11,31010000,97,6,3,106,52,45,5.7777777
SUPER_11,31020000,0,0,0,0,0,0,0
SUPER_11,31030000,0,0,0,0,0,0,0
SUPER_11,31040000,4,1,0,5,3,1,1
SUPER_11,31050000,26,0,4,30,13,13,3.25
SUPER_11,31060000,67,1,3,71,36,31,1.5
SUPER_11,31070000,3,0,0,3,3,0,NaN
SUPER_11,31080000,0,0,0,0,0,0,0
SUPER_11,31090000,0,0,0,0,0,0,0
SUPER_11,31100000,0,0,0,0,0,0,0
SUPER_11,31110000,0,0,0,0,0,0,0
SUPER_11,31120000,0,0,0,0,0,0,0
SUPER_11,31130000,0,0,0,0,0,0,0
SUPER_11,31140000,6,0,3,9,3,3,3
SUPER_11,31150000,0,1,0,1,0,0,6
SUPER_11,31160000,1,0,0,1,1,0,NaN
SUPER_11,31170000,6,2,1,9,3,3,2.3333333
SUPER_11,31180000,98,13,12,123,41,57,6.24
SUPER_11,31190000,100,7,12,119,53,47,7.3157897
SUPER_11,31200000,108,5,3,116,56,52,8.625
SUPER_11,31210000,152,10,7,169,88,64,5.2352943
SUPER_11,31220000,168,12,11,191,98,70,6.9130435
SUPER_11,31230000,13,0,2,15,10,3,8
SUPER_11,31240000,33,0,3,36,21,12,4
SUPER_11,31250000,165,12,13,190,85,80,9.04
SUPER_11,31260000,26,6,4,36,11,15,1.7
SUPER_11,31270000,117,6,10,133,59,58,5.9375
SUPER_11,31280000,67,7,4,78,32,35,9.727273
SUPER_11,31290000,0,0,0,0,0,0,0
SUPER_11,31300000,0,0,0,0,0,0,0
SUPER_11,31310000,8,0,0,8,2,6,NaN
SUPER_11,31320000,0,0,1,1,0,0,1
SUPER_11,31330000,1,0,0,1,1,0,NaN
SUPER_11,31340000,0,0,0,0,0,0,0
SUPER_11,31350000,0,0,0,0,0,0,0
SUPER_11,31360000,5,0,3,8,2,3,23.666666
SUPER_11,31370000,115,4,4,123,54,61,107.625
SUPER_11,31380000,5,0,1,6,3,2,1
SUPER_11,31390000,2,0,1,3,1,1,2
SUPER_11,31400000,87,7,4,98,56,31,2.3636363
SUPER_11,31410000,58,4,2,64,28,30,33.333332
SUPER_11,31420000,0,0,0,0,0,0,0
SUPER_11,31430000,0,0,0,0,0,0,0
SUPER_11,31440000,19,1,0,20,11,8,1
SUPER_11,31450000,117,12,6,135,60,57,7.388889
SUPER_11,31460000,101,2,5,108,50,51,5
SUPER_11,31470000,62,2,0,64,34,28,9.5
SUPER_11,31480000,139,10,18,167,64,75,8.071428
SUPER_11,31490000,0,0,0,0,0,0,0
SUPER_11,31500000,0,0,0,0,0,0,0
SUPER_11,31510000,5,1,0,6,0,5,1
SUPER_11,31520000,2,0,0,2,2,0,NaN
SUPER_11,31530000,20,1,3,24,10,10,1.75
SUPER_11,31540000,43,1,3,47,21,22,2.5
SUPER_11,31550000,86,9,5,100,44,42,10.785714
SUPER_11,31560000,60,4,0,64,21,39,3.5
SUPER_11,31570000,1,0,0,1,1,0,NaN
SUPER_11,31580000,60,1,5,66,29,31,6.8333335
SUPER_11,31590000,82,11,3,96,38,44,5.428571
SUPER_11,31600000,70,3,4,77,33,37,94.85714
SUPER_11,31610000,154,12,7,173,70,84,7.3157897
SUPER_11,31620000,71,4,4,79,36,35,4.75
SUPER_11,31630000,148,8,10,166,71,77,5.388889
SUPER_11,31640000,166,9,13,188,78,88,23.636364
SUPER_11,31650000,74,8,7,89,34,40,8.2
SUPER_11,31660000,19,0,1,20,7,12,22
SUPER_11,31670000,173,8,13,194,94,79,19.619047
SUPER_11,31680000,132,5,7,144,68,64,9.583333
SUPER_11,31690000,163,14,11,188,84,79,13.52
SUPER_11,31700000,27,1,4,32,14,13,2.4
SUPER_11,31710000,69,3,10,82,31,38,5.769231
SUPER_11,31720000,94,9,6,109,44,50,6
SUPER_11,31730000,118,9,11,138,52,66,18.9
SUPER_11,31740000,44,3,1,48,21,23,4.5
SUPER_11,31750000,1,0,0,1,1,0,NaN
SUPER_11,31760000,38,2,3,43,24,14,1
SUPER_11,31770000,85,5,12,102,42,43,9.764706
SUPER_11,31780000,63,2,9,74,26,37,2.3636363
SUPER_11,31790000,51,5,4,60,30,21,4.3333335
SUPER_11,31800000,44,2,1,47,27,17,2
SUPER_11,31810000,0,0,0,0,0,0,0
SUPER_11,31820000,0,0,0,0,0,0,0
SUPER_11,31830000,29,3,4,36,9,20,12
SUPER_11,31840000,27,0,0,27,18,9,NaN
SUPER_11,31850000,204,17,15,236,99,105,10.875
SUPER_11,31860000,79,4,6,89,46,33,7.9
SUPER_11,31870000,65,5,5,75,37,28,7.6
SUPER_11,31880000,10,1,0,11,6,4,2
SUPER_11,31890000,101,10,8,119,51,50,7.2222223
SUPER_11,31900000,182,13,13,208,110,72,6.076923
SUPER_11,31910000,44,3,3,50,25,19,7.8333335
SUPER_11,31920000,55,2,8,65,29,26,7.5
SUPER_11,31930000,43,4,2,49,17,26,1.8333334
SUPER_11,31940000,5,1,2,8,3,2,18
SUPER_11,31950000,7,0,0,7,3,4,NaN
SUPER_11,31960000,98,6,3,107,55,43,15.222222
SUPER_11,31970000,27,7,3,37,9,18,10.9
SUPER_11,31980000,157,12,8,177,88,69,10.25
SUPER_11,31990000,166,11,10,187,89,77,17.428572
SUPER_11,32000000,78,7,2,87,42,36,24.333334
SUPER_11,32010000,201,11,16,228,102,99,10.148149
SUPER_11,32020000,123,3,11,137,61,62,11.785714
SUPER_11,32030000,148,8,10,166,85,63,19.944445
SUPER_11,32040000,126,8,3,137,67,59,19.363636
SUPER_11,32050000,155,12,8,175,73,82,16.05
SUPER_11,32060000,62,5,5,72,36,26,17.2
SUPER_11,32070000,135,8,7,150,70,65,5.5333333
SUPER_11,32080000,208,14,9,231,108,100,13.73913
SUPER_11,32090000,95,8,3,106,55,40,3.8181818
SUPER_11,32100000,10,0,2,12,6,4,1
SUPER_11,32110000,180,12,15,207,91,89,13.407408
SUPER_11,32120000,81,6,7,94,40,41,6.6153846
SUPER_11,32130000,94,6,7,107,49,45,4.8461537
SUPER_11,32140000,130,6,14,150,57,73,5.6
SUPER_11,32150000,149,11,10,170,72,77,3.857143
SUPER_11,32160000,22,0,0,22,9,13,NaN
SUPER_11,32170000,3,0,0,3,1,2,NaN
SUPER_11,32180000,78,4,10,92,40,38,12.642858
SUPER_11,32190000,78,9,7,94,42,36,3.25
SUPER_11,32200000,149,9,11,169,76,73,6.9
SUPER_11,32210000,14,0,0,14,7,7,NaN
SUPER_11,32220000,139,6,12,157,79,60,5.3333335
SUPER_11,32230000,57,5,8,70,31,26,4.8461537
SUPER_11,32240000,55,3,4,62,27,28,15.857142
SUPER_11,32250000,52,2,6,60,27,25,3.5
SUPER_11,32260000,33,1,3,37,15,18,6.5
SUPER_11,32270000,120,6,7,133,55,65,4.3846154
SUPER_11,32280000,146,8,9,163,79,67,6.1764708
SUPER_11,32290000,91,6,10,107,41,50,14.625
SUPER_11,32300000,123,9,13,145,71,52,4.3636365
SUPER_11,32310000,91,6,5,102,44,47,5.2727275
SUPER_11,32320000,200,14,11,225,108,92,3.44
SUPER_11,32330000,62,0,4,66,37,25,10.75
SUPER_11,32340000,4,1,0,5,4,0,15
SUPER_11,32350000,6,0,0,6,5,1,NaN
SUPER_11,32360000,77,5,9,91,39,38,9.857142
SUPER_11,32370000,131,12,13,156,72,59,7.48
SUPER_11,32380000,80,6,6,92,39,41,11.333333
SUPER_11,32390000,145,4,9,158,81,64,6.230769
SUPER_11,32400000,79,6,12,97,39,40,8.555555
SUPER_11,32410000,60,6,8,74,25,35,9.071428
SUPER_11,32420000,70,5,6,81,30,40,16.90909
SUPER_11,32430000,87,8,7,102,39,48,8.666667
SUPER_11,32440000,103,11,14,128,57,46,5
SUPER_11,32450000,71,9,8,88,31,40,5.0588236
SUPER_11,32460000,88,6,8,102,48,40,7.642857
SUPER_11,32470000,193,8,14,215,100,93,5.5
SUPER_11,32480000,2,0,0,2,2,0,NaN
SUPER_11,32490000,1,0,0,1,1,0,NaN
SUPER_11,32500000,53,5,7,65,28,25,10.916667
SUPER_11,32510000,107,2,10,119,47,60,90.5
SUPER_11,32520000,97,9,13,119,45,52,7.2727275
SUPER_11,32530000,100,5,9,114,47,53,7.071429
SUPER_11,32540000,109,10,8,127,46,63,15.388889
SUPER_11,32550000,22,2,1,25,14,8,14.333333
SUPER_11,32560000,39,5,6,50,16,23,2.909091
SUPER_11,32570000,96,10,9,115,38,58,9.947369
SUPER_11,32580000,132,6,10,148,71,61,4
SUPER_11,32590000,54,4,2,60,30,24,6.1666665
SUPER_11,32600000,63,7,3,73,40,23,4.1
SUPER_11,32610000,6,1,1,8,4,2,21.5
SUPER_11,32620000,2,3,0,5,1,1,5.6666665
SUPER_11,32630000,2,0,0,2,0,2,NaN
SUPER_11,32640000,2,0,0,2,1,1,NaN
SUPER_11,32650000,1,0,1,2,0,1,1
SUPER_11,32660000,3,0,0,3,1,2,NaN
SUPER_11,32670000,5,0,0,5,4,1,NaN
SUPER_11,32680000,1,1,0,2,1,0,1
SUPER_11,32690000,0,0,0,0,0,0,0
SUPER_11,32700000,0,0,0,0,0,0,0
SUPER_11,32710000,3,0,0,3,2,1,NaN
SUPER_11,32720000,2,0,0,2,1,1,NaN
SUPER_11,32730000,0,0,1,1,0,0,6
SUPER_11,32740000,24,1,1,26,14,10,6
SUPER_11,32750000,57,2,4,63,33,24,3
SUPER_11,32760000,26,0,1,27,12,14,1
SUPER_11,32770000,100,8,2,110,48,52,11.5
SUPER_11,32780000,66,6,13,85,26,40,5.9473686
SUPER_11,32790000,5,1,1,7,2,3,20.5
SUPER_11,32800000,10,2,2,14,5,5,30
SUPER_11,32810000,9,0,1,10,5,4,36
SUPER_11,32820000,0,0,0,0,0,0,0
SUPER_11,32830000,0,0,0,0,0,0,0
SUPER_11,32840000,150,10,16,176,75,75,5
SUPER_11,32850000,140,11,10,161,70,70,9.857142
SUPER_11,32860000,120,4,8,132,61,59,58.5
SUPER_11,32870000,153,2,13,168,73,80,10.2
SUPER_11,32880000,25,4,2,31,13,12,3
SUPER_11,32890000,100,5,6,111,47,53,5.7272725
SUPER_11,32900000,41,2,4,47,21,20,2.8333333
SUPER_11,32910000,3,0,0,3,0,3,NaN
SUPER_11,32920000,1,0,0,1,1,0,NaN
SUPER_11,32930000,6,0,1,7,3,3,4
SUPER_11,32940000,2,0,2,4,1,1,4.5
SUPER_11,32950000,1,1,1,3,1,0,1.5
SUPER_11,32960000,86,4,4,94,39,47,3.375
SUPER_11,32970000,69,3,4,76,28,41,5.428571
SUPER_11,32980000,75,6,5,86,33,42,11.636364
SUPER_11,32990000,81,4,3,88,46,35,5.714286
SUPER_11,33000000,148,8,18,174,72,76,8.461538
SUPER_11,33010000,96,7,5,108,48,48,4.75
SUPER_11,33020000,43,3,1,47,19,24,10.75
SUPER_11,33030000,59,7,3,69,29,30,3.5
SUPER_11,33040000,42,2,1,45,19,23,1.6666666
SUPER_11,33050000,32,2,1,35,16,16,5
SUPER_11,33060000,125,5,6,136,60,65,5.4545455
SUPER_11,33070000,29,4,1,34,10,19,12.6
SUPER_11,33080000,50,9,4,63,21,29,23
SUPER_11,33090000,69,9,5,83,43,26,7.285714
SUPER_11,33100000,56,5,5,66,32,24,2
SUPER_11,33110000,84,2,5,91,56,28,4
SUPER_11,33120000,23,4,1,28,14,9,4
SUPER_11,33130000,9,1,2,12,4,5,11.333333
SUPER_11,33140000,26,2,0,28,12,14,21.5
SUPER_11,33150000,6,0,0,6,1,5,NaN
SUPER_11,33160000,1,0,0,1,0,1,NaN
SUPER_11,33170000,48,8,4,60,16,32,4.1666665
SUPER_11,33180000,113,8,6,127,57,56,7.428571
SUPER_11,33190000,84,6,6,96,47,37,9.833333
SUPER_11,33200000,5,0,0,5,3,2,NaN
SUPER_11,33210000,1,0,0,1,0,1,NaN
SUPER_11,33220000,7,0,0,7,4,3,NaN
SUPER_11,33230000,0,0,0,0,0,0,0
SUPER_11,33240000,0,0,0,0,0,0,0
SUPER_11,33250000,22,1,2,25,14,8,1
SUPER_11,33260000,57,3,6,66,28,29,9.555555
SUPER_11,33270000,77,5,1,83,40,37,4
SUPER_11,33280000,66,6,2,74,34,32,16.75
SUPER_11,33290000,94,9,8,111,43,51,3.764706
SUPER_11,33300000,152,9,7,168,78,74,6.5
SUPER_11,33310000,170,13,9,192,90,80,6.5454545
SUPER_11,33320000,61,5,2,68,28,33,8.714286
SUPER_11,33330000,41,6,3,50,22,19,4.111111
SUPER_11,33340000,90,8,10,108,42,48,16.666666
SUPER_11,33350000,100,5,8,113,54,46,6.230769
SUPER_11,33360000,50,6,11,67,26,24,6.5882354
SUPER_11,33370000,0,0,0,0,0,0,0
SUPER_11,33380000,0,0,0,0,0,0,0
SUPER_11,33390000,83,3,10,96,44,39,3.3076923
SUPER_11,33400000,115,11,8,134,48,67,6.7894735
SUPER_11,33410000,99,2,8,109,48,51,6.5
SUPER_11,33420000,132,18,11,161,58,74,6.7586207
SUPER_11,33430000,136,6,11,153,69,67,4.882353
SUPER_11,33440000,115,8,12,135,58,57,5.6
SUPER_11,33450000,198,10,18,226,100,98,16.214285
SUPER_11,33460000,139,7,10,156,75,64,9.529411
SUPER_11,33470000,31,1,0,32,18,13,3
SUPER_11,33480000,90,5,8,103,50,40,6.4615383
SUPER_11,33490000,104,8,9,121,52,52,5.7647057
SUPER_11,33500000,59,7,2,68,33,26,3.5555556
SUPER_11,33510000,3,0,1,4,3,0,4
SUPER_11,33520000,23,0,3,26,11,12,8.333333
SUPER_11,33530000,39,6,4,49,19,20,8.7
SUPER_11,33540000,89,9,10,108,48,41,7.0526314
SUPER_11,33550000,67,6,4,77,39,28,6.3
SUPER_11,33560000,101,7,9,117,44,57,5.4375
SUPER_11,33570000,144,12,8,164,73,71,4.15
SUPER_11,33580000,60,3,3,66,35,25,4.6666665
SUPER_11,33590000,50,6,3,59,25,25,9.777778
SUPER_11,33600000,58,4,5,67,37,21,8.444445
SUPER_11,33610000,106,10,7,123,51,55,20.941177
SUPER_11,33620000,115,9,5,129,61,54,4.857143
SUPER_11,33630000,107,13,2,122,57,50,3.4666667
SUPER_11,33640000,39,4,4,47,18,21,5.5
SUPER_11,33650000,64,3,9,76,37,27,7
SUPER_11,33660000,120,6,14,140,54,66,18.1
SUPER_11,33670000,102,17,12,131,51,51,5.3448277
SUPER_11,33680000,34,4,5,43,15,19,6.6666665
SUPER_11,33690000,3,0,0,3,3,0,NaN
SUPER_11,33700000,0,0,1,1,0,0,8
SUPER_11,33710000,2,1,0,3,2,0,2
SUPER_11,33720000,2,0,1,3,1,1,6
SUPER_11,33730000,43,2,3,48,22,21,2.6
SUPER_11,33740000,15,3,0,18,6,9,1
SUPER_11,33750000,2,0,1,3,0,2,14
SUPER_11,33760000,1,0,0,1,0,1,NaN
SUPER_11,33770000,2,0,1,3,2,0,4
SUPER_11,33780000,2,0,1,3,0,2,1
SUPER_11,33790000,4,0,1,5,1,3,8
SUPER_11,33800000,1,0,0,1,1,0,NaN
SUPER_11,33810000,1,0,0,1,1,0,NaN
SUPER_11,33820000,1,0,0,1,0,1,NaN
SUPER_11,33830000,0,2,0,2,0,0,2
SUPER_11,33840000,2,1,0,3,1,1,2
SUPER_11,33850000,2,0,1,3,0,2,2
SUPER_11,33860000,2,0,0,2,0,2,NaN
SUPER_11,33870000,2,1,0,3,1,1,1
SUPER_11,33880000,1,0,2,3,0,1,1.5
SUPER_11,33890000,11,0,0,11,6,5,NaN
SUPER_11,33900000,1,0,0,1,1,0,NaN
SUPER_11,33910000,1,0,0,1,0,1,NaN
SUPER_11,33920000,2,0,0,2,1,1,NaN
SUPER_11,33930000,2,0,0,2,2,0,NaN
SUPER_11,33940000,1,0,0,1,0,1,NaN
SUPER_11,33950000,1,0,1,2,1,0,1
SUPER_11,33960000,2,0,1,3,2,0,1
SUPER_11,33970000,1,1,1,3,1,0,15.5
SUPER_11,33980000,1,0,1,2,0,1,4
SUPER_11,33990000,1,1,0,2,1,0,20
SUPER_11,34000000,3,1,0,4,3,0,6
SUPER_11,34010000,6,0,0,6,3,3,NaN
SUPER_11,34020000,3,1,1,5,1,2,4.5
SUPER_11,34030000,2,0,2,4,1,1,6.5
SUPER_11,34040000,5,1,1,7,3,2,4
SUPER_11,34050000,1,1,1,3,0,1,18
SUPER_11,34060000,7,0,2,9,4,3,3
SUPER_11,34070000,3,10,3,16,1,2,1.1538461
SUPER_11,34080000,2,2,2,6,0,2,1.75
SUPER_11,34090000,3,0,0,3,2,1,NaN
SUPER_11,34100000,1,0,1,2,0,1,1
SUPER_11,34110000,9,8,36,53,1,8,1.3636364
SUPER_12,10000,58,18,41,117,36,22,1.3050847
SUPER_12,20000,10,1,1,12,9,1,2
SUPER_12,30000,66,0,5,71,41,25,24.6
SUPER_12,40000,66,0,0,66,25,41,NaN
SUPER_12,50000,25,1,1,27,5,20,1
SUPER_12,60000,14,0,0,14,9,5,NaN
SUPER_12,70000,1,0,0,1,1,0,NaN
SUPER_12,80000,22,5,0,27,5,17,1
SUPER_12,90000,24,6,0,30,8,16,1
SUPER_12,100000,14,0,1,15,7,7,1
SUPER_12,110000,28,0,2,30,12,16,1
SUPER_12,120000,44,4,5,53,43,1,1.1111112
SUPER_12,130000,20,3,0,23,19,1,1
SUPER_12,140000,38,3,0,41,28,10,2.6666667
SUPER_12,150000,35,1,1,37,27,8,2
SUPER_12,160000,1,1,0,2,0,1,2
SUPER_12,170000,2,1,0,3,1,1,8
SUPER_12,180000,3,0,0,3,3,0,NaN
SUPER_12,190000,1,1,1,3,0,1,5
SUPER_12,200000,2,0,0,2,1,1,NaN
SUPER_12,210000,1,0,0,1,1,0,NaN
SUPER_12,220000,4,0,1,5,4,0,4
SUPER_12,230000,0,0,0,0,0,0,0
SUPER_12,240000,0,0,0,0,0,0,0
SUPER_12,250000,8,0,0,8,4,4,NaN
SUPER_12,260000,1,1,0,2,0,1,4
SUPER_12,270000,4,2,1,7,0,4,4.6666665
SUPER_12,280000,4,2,0,6,3,1,5
SUPER_12,290000,0,0,0,0,0,0,0
SUPER_12,300000,0,0,0,0,0,0,0
SUPER_12,310000,3,2,3,8,3,0,3.8
SUPER_12,320000,3,0,0,3,2,1,NaN
SUPER_12,330000,0,0,0,0,0,0,0
SUPER_12,340000,0,0,0,0,0,0,0
SUPER_12,350000,1,2,0,3,0,1,10
SUPER_12,360000,1,0,0,1,1,0,NaN
SUPER_12,370000,3,1,2,6,1,2,4.6666665
SUPER_12,380000,2,0,1,3,0,2,1
SUPER_12,390000,2,0,1,3,0,2,5
SUPER_12,400000,4,0,0,4,3,1,NaN
SUPER_12,410000,5,0,0,5,2,3,NaN
SUPER_12,420000,5,0,0,5,2,3,NaN
SUPER_12,430000,1,0,1,2,1,0,1
SUPER_12,440000,1,0,0,1,0,1,NaN
SUPER_12,450000,4,0,1,5,2,2,1
SUPER_12,460000,4,1,1,6,1,3,3
SUPER_12,470000,0,0,1,1,0,0,1
SUPER_12,480000,1,0,1,2,1,0,6
SUPER_12,490000,3,0,0,3,2,1,NaN
SUPER_12,500000,9,2,1,12,6,3,12.333333
SUPER_12,510000,33,1,5,39,13,20,5
SUPER_12,520000,42,3,4,49,21,21,9.142858
SUPER_12,530000,4,0,1,5,0,4,34
SUPER_12,540000,1,0,0,1,1,0,NaN
SUPER_12,550000,2,0,0,2,2,0,NaN
SUPER_12,560000,5,0,1,6,2,3,84
SUPER_12,570000,3,0,1,4,3,0,1
SUPER_12,580000,3,2,2,7,1,2,1.75
SUPER_12,590000,0,0,0,0,0,0,0
SUPER_12,600000,0,0,0,0,0,0,0
SUPER_12,610000,9,2,0,11,4,5,30.5
SUPER_12,620000,3,0,1,4,0,3,13
SUPER_12,630000,2,1,0,3,1,1,1
SUPER_12,640000,2,1,1,4,1,1,5
SUPER_12,650000,3,0,0,3,1,2,NaN
SUPER_12,660000,2,0,0,2,2,0,NaN
SUPER_12,670000,0,0,0,0,0,0,0
SUPER_12,680000,0,0,0,0,0,0,0
SUPER_12,690000,6,0,0,6,2,4,NaN
SUPER_12,700000,15,0,1,16,8,7,14
SUPER_12,710000,62,3,6,71,29,33,8.666667
SUPER_12,720000,34,1,1,36,19,15,10
SUPER_12,730000,30,4,3,37,18,12,5.428571
SUPER_12,740000,42,3,5,50,26,16,16.625
SUPER_12,750000,114,8,10,132,55,59,4.7777777
SUPER_12,760000,126,6,9,141,64,62,4.3333335
SUPER_12,770000,81,5,11,97,32,49,6.25
SUPER_12,780000,18,1,1,20,9,9,1
SUPER_12,790000,20,1,4,25,8,12,4.6
SUPER_12,800000,54,4,2,60,26,28,8.166667
SUPER_12,810000,43,3,3,49,21,22,41.166668
SUPER_12,820000,25,2,2,29,14,11,10.5
SUPER_12,830000,53,3,2,58,27,26,3
SUPER_12,840000,67,4,4,75,36,31,8.5
SUPER_12,850000,41,2,2,45,22,19,13.75
SUPER_12,860000,20,2,3,25,15,5,13.6
SUPER_12,870000,85,3,5,93,47,38,12.5
SUPER_12,880000,170,15,14,199,84,86,6.7586207
SUPER_12,890000,24,1,3,28,11,13,6.5
SUPER_12,900000,36,4,3,43,20,16,5.285714
SUPER_12,910000,17,3,0,20,9,8,1.3333334
SUPER_12,920000,16,1,2,19,9,7,2
SUPER_12,930000,27,1,3,31,13,14,2.5
SUPER_12,940000,36,4,4,44,19,17,4.375
SUPER_12,950000,59,2,3,64,27,32,2.4
SUPER_12,960000,39,3,5,47,23,16,8.625
SUPER_12,970000,66,6,2,74,35,31,7.5
SUPER_12,980000,31,0,2,33,16,15,2
SUPER_12,990000,23,2,3,28,9,14,62.4
SUPER_12,1000000,48,4,4,56,28,20,2.5
SUPER_12,1010000,73,7,2,82,33,40,6.5555553
SUPER_12,1020000,2,0,1,3,1,1,1
SUPER_12,1030000,7,0,0,7,3,4,NaN
SUPER_12,1040000,3,0,0,3,1,2,NaN
SUPER_12,1050000,2,0,0,2,2,0,NaN
SUPER_12,1060000,5,1,2,8,1,4,6
SUPER_12,1070000,3,1,0,4,0,3,2
SUPER_12,1080000,5,0,1,6,1,4,1
SUPER_12,1090000,4,0,1,5,2,2,2
SUPER_12,1100000,7,0,0,7,5,2,NaN
SUPER_12,1110000,4,1,1,6,3,1,3.5
SUPER_12,1120000,6,0,3,9,5,1,11.666667
SUPER_12,1130000,1,0,0,1,1,0,NaN
SUPER_12,1140000,2,1,2,5,0,2,8.666667
SUPER_12,1150000,5,0,0,5,5,0,NaN
SUPER_12,1160000,99,6,9,114,53,46,5.4
SUPER_12,1170000,82,4,4,90,49,33,36.25
SUPER_12,1180000,0,0,0,0,0,0,0
SUPER_12,1190000,0,0,0,0,0,0,0
SUPER_12,1200000,114,16,10,140,55,59,4.423077
SUPER_12,1210000,50,2,3,55,27,23,2.6
SUPER_12,1220000,122,8,5,135,55,67,6.923077
SUPER_12,1230000,179,9,11,199,82,97,8.2
SUPER_12,1240000,51,9,6,66,20,31,22.8
SUPER_12,1250000,101,9,7,117,58,43,19
SUPER_12,1260000,89,11,4,104,47,42,8.733334
SUPER_12,1270000,24,1,3,28,15,9,2.25
SUPER_12,1280000,35,1,3,39,19,16,7.5
SUPER_12,1290000,76,7,5,88,42,34,6.1666665
SUPER_12,1300000,0,0,0,0,0,0,0
SUPER_12,1310000,0,0,0,0,0,0,0
SUPER_12,1320000,140,12,11,163,85,55,6.652174
SUPER_12,1330000,84,10,3,97,40,44,21.076923
SUPER_12,1340000,42,2,5,49,17,25,13.285714
SUPER_12,1350000,53,2,9,64,26,27,30.363636
SUPER_12,1360000,79,0,7,86,44,35,14.428572
SUPER_12,1370000,100,6,4,110,44,56,10.9
SUPER_12,1380000,47,2,4,53,26,21,4.1666665
SUPER_12,1390000,102,6,8,116,56,46,3
SUPER_12,1400000,217,9,11,237,108,109,13.9
SUPER_12,1410000,160,13,13,186,84,76,5.076923
SUPER_12,1420000,129,11,7,147,67,62,4.1666665
SUPER_12,1430000,6,2,0,8,6,0,5
SUPER_12,1440000,40,0,0,40,26,14,NaN
SUPER_12,1450000,49,1,1,51,26,23,1.5
SUPER_12,1460000,53,3,0,56,22,31,1
SUPER_12,1470000,113,14,5,132,55,58,11.894737
SUPER_12,1480000,79,8,9,96,36,43,4.882353
SUPER_12,1490000,74,2,4,80,45,29,1.5
SUPER_12,1500000,92,7,6,105,53,39,4.5384617
SUPER_12,1510000,52,6,5,63,22,30,8.909091
SUPER_12,1520000,99,10,6,115,59,40,5.5
SUPER_12,1530000,59,5,4,68,31,28,2
SUPER_12,1540000,2,1,0,3,1,1,8
SUPER_12,1550000,2,1,1,4,2,0,12
SUPER_12,1560000,1,0,0,1,1,0,NaN
SUPER_12,1570000,1,0,0,1,1,0,NaN
SUPER_12,1580000,0,0,0,0,0,0,0
SUPER_12,1590000,0,0,0,0,0,0,0
SUPER_12,1600000,6,1,0,7,3,3,1
SUPER_12,1610000,0,0,0,0,0,0,0
SUPER_12,1620000,0,0,0,0,0,0,0
SUPER_12,1630000,5,0,0,5,4,1,NaN
SUPER_12,1640000,1,0,0,1,1,0,NaN
SUPER_12,1650000,2,0,0,2,2,0,NaN
SUPER_12,1660000,3,0,1,4,2,1,153
SUPER_12,1670000,3,0,0,3,2,1,NaN
SUPER_12,1680000,1,0,0,1,0,1,NaN
SUPER_12,1690000,0,1,1,2,0,0,4.5
SUPER_12,1700000,1,0,0,1,1,0,NaN
SUPER_12,1710000,2,1,0,3,1,1,1
SUPER_12,1720000,3,2,0,5,1,2,1
SUPER_12,1730000,0,0,1,1,0,0,2
SUPER_12,1740000,1,0,0,1,1,0,NaN
SUPER_12,1750000,4,0,0,4,2,2,NaN
SUPER_12,1760000,106,6,4,116,59,47,6.1
SUPER_12,1770000,58,3,2,63,30,28,3
SUPER_12,1780000,114,5,5,124,61,53,12.2
SUPER_12,1790000,49,7,4,60,20,29,17.727272
SUPER_12,1800000,2,1,1,4,0,2,9
SUPER_12,1810000,3,0,0,3,2,1,NaN
SUPER_12,1820000,4,0,0,4,1,3,NaN
SUPER_12,1830000,3,1,0,4,2,1,2
SUPER_12,1840000,0,0,0,0,0,0,0
SUPER_12,1850000,0,0,0,0,0,0,0
SUPER_12,1860000,3,3,0,6,1,2,3.3333333
SUPER_12,1870000,2,0,0,2,1,1,NaN
SUPER_12,1880000,2,0,1,3,0,2,7
SUPER_12,1890000,0,1,1,2,0,0,1.5
SUPER_12,1900000,1,0,0,1,0,1,NaN
SUPER_12,1910000,6,0,0,6,3,3,NaN
SUPER_12,1920000,4,0,0,4,3,1,NaN
SUPER_12,1930000,0,0,1,1,0,0,2
SUPER_12,1940000,1,1,0,2,1,0,1
SUPER_12,1950000,2,0,0,2,1,1,NaN
SUPER_12,1960000,7,3,1,11,3,4,7
SUPER_12,1970000,3,0,0,3,1,2,NaN
SUPER_12,1980000,0,0,0,0,0,0,0
SUPER_12,1990000,0,0,0,0,0,0,0
SUPER_12,2000000,3,0,1,4,3,0,2
SUPER_12,2010000,4,0,1,5,1,3,2
SUPER_12,2020000,0,1,0,1,0,0,16
SUPER_12,2030000,1,0,1,2,0,1,2
SUPER_12,2040000,1,0,0,1,1,0,NaN
SUPER_12,2050000,1,1,0,2,0,1,8
SUPER_12,2060000,1,0,0,1,1,0,NaN
SUPER_12,2070000,2,0,1,3,1,1,2
SUPER_12,2080000,37,3,2,42,16,21,4
SUPER_12,2090000,75,9,3,87,42,33,39.333332
SUPER_12,2100000,127,4,11,142,63,64,5.4666667
SUPER_12,2110000,94,2,5,101,58,36,3.857143
SUPER_12,2120000,75,13,6,94,40,35,7
SUPER_12,2130000,69,10,3,82,35,34,4.6923075
SUPER_12,2140000,84,13,2,99,44,40,17.733334
SUPER_12,2150000,92,7,10,109,41,51,6.2941175
SUPER_12,2160000,106,8,12,126,53,53,16.95
SUPER_12,2170000,82,8,7,97,41,41,4.6
SUPER_12,2180000,185,23,13,221,98,87,5.75
SUPER_12,2190000,93,5,4,102,40,53,3.2222223
SUPER_12,2200000,141,12,12,165,77,64,4.7083335
SUPER_12,2210000,97,8,11,116,55,42,31.68421
SUPER_12,2220000,124,11,13,148,52,72,6.1666665
SUPER_12,2230000,166,10,7,183,77,89,5.0588236
SUPER_12,2240000,156,17,16,189,69,87,12.878788
SUPER_12,2250000,50,6,7,63,30,20,2.8461537
SUPER_12,2260000,129,9,13,151,89,40,8.409091
SUPER_12,2270000,75,4,8,87,37,38,5.5
SUPER_12,2280000,157,9,4,170,79,78,7.6153846
SUPER_12,2290000,91,7,9,107,59,32,5.5
SUPER_12,2300000,0,0,0,0,0,0,0
SUPER_12,2310000,0,0,0,0,0,0,0
SUPER_12,2320000,7,0,1,8,4,3,2
SUPER_12,2330000,1,1,0,2,0,1,2
SUPER_12,2340000,2,0,0,2,1,1,NaN
SUPER_12,2350000,1,0,0,1,0,1,NaN
SUPER_12,2360000,6,2,1,9,1,5,5
SUPER_12,2370000,1,1,0,2,1,0,6
SUPER_12,2380000,3,0,1,4,3,0,2
SUPER_12,2390000,33,3,8,44,13,20,1.4545455
SUPER_12,2400000,85,13,16,114,43,42,3.3448277
SUPER_12,2410000,151,7,8,166,67,84,29.466667
SUPER_12,2420000,120,9,13,142,63,57,33.272728
SUPER_12,2430000,13,1,2,16,7,6,2.6666667
SUPER_12,2440000,3,0,0,3,1,2,NaN
SUPER_12,2450000,3,0,0,3,1,2,NaN
SUPER_12,2460000,0,0,0,0,0,0,0
SUPER_12,2470000,0,0,0,0,0,0,0
SUPER_12,2480000,65,7,4,76,31,34,3.1818182
SUPER_12,2490000,131,12,8,151,69,62,9.55
SUPER_12,2500000,0,0,0,0,0,0,0
SUPER_12,2510000,0,0,0,0,0,0,0
SUPER_12,2520000,106,6,11,123,58,48,8.294118
SUPER_12,2530000,45,7,5,57,23,22,5
SUPER_12,2540000,64,10,4,78,31,33,6.142857
SUPER_12,2550000,116,4,6,126,59,57,42.2
SUPER_12,2560000,69,4,13,86,42,27,4.7647057
SUPER_12,2570000,138,11,5,154,72,66,6.1875
SUPER_12,2580000,133,6,4,143,72,61,6.1
SUPER_12,2590000,154,6,9,169,73,81,28
SUPER_12,2600000,76,6,4,86,44,32,7.8
SUPER_12,2610000,131,9,10,150,71,60,4.4736843
SUPER_12,2620000,65,14,7,86,27,38,9.428572
SUPER_12,2630000,36,1,3,40,22,14,58.75
SUPER_12,2640000,131,6,10,147,70,61,4.6875
SUPER_12,2650000,84,5,3,92,44,40,10.875
SUPER_12,2660000,100,11,7,118,51,49,6.3333335
SUPER_12,2670000,55,2,4,61,35,20,9.333333
SUPER_12,2680000,21,3,3,27,11,10,32
SUPER_12,2690000,7,0,0,7,3,4,NaN
SUPER_12,2700000,115,10,14,139,55,60,8.625
SUPER_12,2710000,97,10,7,114,52,45,7.7647057
SUPER_12,2720000,111,8,8,127,56,55,16.875
SUPER_12,2730000,9,0,0,9,6,3,NaN
SUPER_12,2740000,100,5,9,114,51,49,6.928571
SUPER_12,2750000,174,8,9,191,74,100,13.705882
SUPER_12,2760000,66,3,5,74,31,35,8.5
SUPER_12,2770000,98,11,8,117,56,42,11.421053
SUPER_12,2780000,152,8,13,173,75,77,6.714286
SUPER_12,2790000,161,7,12,180,92,69,2.7368422
SUPER_12,2800000,186,6,18,210,104,82,8.125
SUPER_12,2810000,122,10,4,136,52,70,4.928571
SUPER_12,2820000,88,5,4,97,49,39,3.3333333
SUPER_12,2830000,150,5,8,163,86,64,6.8461537
SUPER_12,2840000,48,3,9,60,24,24,28.833334
SUPER_12,2850000,87,7,5,99,44,43,11.083333
SUPER_12,2860000,1,0,3,4,1,0,15
SUPER_12,2870000,59,4,5,68,21,38,6.7777777
SUPER_12,2880000,125,8,15,148,62,63,14.521739
SUPER_12,2890000,147,15,13,175,69,78,9.392858
SUPER_12,2900000,27,2,2,31,14,13,3
SUPER_12,2910000,3,0,0,3,2,1,NaN
SUPER_12,2920000,1,0,0,1,1,0,NaN
SUPER_12,2930000,39,6,5,50,22,17,13.363636
SUPER_12,2940000,20,5,3,28,11,9,4.25
SUPER_12,2950000,21,3,0,24,12,9,5.3333335
SUPER_12,2960000,0,1,0,1,0,0,1
SUPER_12,2970000,4,0,0,4,1,3,NaN
SUPER_12,2980000,0,0,0,0,0,0,0
SUPER_12,2990000,0,0,0,0,0,0,0
SUPER_12,3000000,0,0,0,0,0,0,0
SUPER_12,3010000,41,4,3,48,16,25,5.142857
SUPER_12,3020000,112,3,8,123,62,50,18.90909
SUPER_12,3030000,152,10,9,171,69,83,6.9473686
SUPER_12,3040000,51,3,6,60,23,28,2.3333333
SUPER_12,3050000,106,8,12,126,45,61,28.45
SUPER_12,3060000,154,17,11,182,80,74,8.214286
SUPER_12,3070000,130,8,11,149,64,66,9.473684
SUPER_12,3080000,21,2,0,23,12,9,3.5
SUPER_12,3090000,104,8,11,123,45,59,5.5789475
SUPER_12,3100000,0,0,0,0,0,0,0
SUPER_12,3110000,0,0,0,0,0,0,0
SUPER_12,3120000,26,0,2,28,14,12,1.5
SUPER_12,3130000,7,2,3,12,5,2,9.2
SUPER_12,3140000,115,11,11,137,52,63,6.5454545
SUPER_12,3150000,18,2,1,21,7,11,13
SUPER_12,3160000,5,0,1,6,4,1,6
SUPER_12,3170000,3,0,1,4,1,2,1
SUPER_12,3180000,3,1,1,5,2,1,8
SUPER_12,3190000,4,0,1,5,1,3,1
SUPER_12,3200000,0,0,0,0,0,0,0
SUPER_12,3210000,0,0,0,0,0,0,0
SUPER_12,3220000,6,2,1,9,3,3,8.333333
SUPER_12,3230000,40,1,5,46,21,19,4
SUPER_12,3240000,104,12,11,127,50,54,29.565218
SUPER_12,3250000,47,5,4,56,30,17,8.888889
SUPER_12,3260000,163,12,7,182,92,71,6.4736843
SUPER_12,3270000,164,13,12,189,85,79,72.6
SUPER_12,3280000,98,11,6,115,44,54,2.8823528
SUPER_12,3290000,45,4,3,52,17,28,18.857143
SUPER_12,3300000,160,14,14,188,82,78,4.107143
SUPER_12,3310000,36,5,0,41,21,15,1.6
SUPER_12,3320000,0,0,0,0,0,0,0
SUPER_12,3330000,0,0,0,0,0,0,0
SUPER_12,3340000,29,6,1,36,16,13,5.571429
SUPER_12,3350000,4,2,0,6,1,3,4.5
SUPER_12,3360000,0,0,0,0,0,0,0
SUPER_12,3370000,0,0,0,0,0,0,0
SUPER_12,3380000,186,13,14,213,91,95,11.259259
SUPER_12,3390000,96,8,11,115,50,46,11.789474
SUPER_12,3400000,91,3,5,99,36,55,3
SUPER_12,3410000,109,7,5,121,56,53,5.25
SUPER_12,3420000,234,17,10,261,119,115,6.5925927
SUPER_12,3430000,75,10,9,94,36,39,7.105263
SUPER_12,3440000,102,7,10,119,56,46,7.117647
SUPER_12,3450000,1,1,0,2,0,1,6
SUPER_12,3460000,1,1,0,2,1,0,2
SUPER_12,3470000,113,3,11,127,68,45,6.571429
SUPER_12,3480000,37,4,1,42,17,20,13.4
SUPER_12,3490000,103,7,7,117,55,48,7
SUPER_12,3500000,129,8,12,149,64,65,11.35
SUPER_12,3510000,1,0,0,1,1,0,NaN
SUPER_12,3520000,135,15,10,160,71,64,15.44
SUPER_12,3530000,3,0,2,5,1,2,2.5
SUPER_12,3540000,1,0,0,1,0,1,NaN
SUPER_12,3550000,1,0,1,2,0,1,1
SUPER_12,3560000,128,11,11,150,62,66,3.1818182
SUPER_12,3570000,105,2,3,110,52,53,2.4
SUPER_12,3580000,89,4,3,96,50,39,3.142857
SUPER_12,3590000,113,12,8,133,57,56,19.95
SUPER_12,3600000,133,6,13,152,60,73,8.315789
SUPER_12,3610000,8,0,0,8,2,6,NaN
SUPER_12,3620000,3,0,0,3,2,1,NaN
SUPER_12,3630000,1,0,0,1,0,1,NaN
SUPER_12,3640000,126,10,12,148,67,59,13.681818
SUPER_12,3650000,106,9,7,122,53,53,3.1875
SUPER_12,3660000,36,2,2,40,13,23,4.5
SUPER_12,3670000,32,5,3,40,14,18,9.125
SUPER_12,3680000,109,9,10,128,52,57,4.4736843
SUPER_12,3690000,71,5,3,79,36,35,5.875
SUPER_12,3700000,167,10,11,188,72,95,17
SUPER_12,3710000,131,14,14,159,63,68,9.321428
SUPER_12,3720000,41,2,4,47,23,18,5.5
SUPER_12,3730000,105,6,7,118,53,52,6.6153846
SUPER_12,3740000,108,8,8,124,60,48,3.6875
SUPER_12,3750000,64,7,8,79,28,36,4.0666666
SUPER_12,3760000,102,16,9,127,48,54,3.92
SUPER_12,3770000,86,14,5,105,52,34,3.7894738
SUPER_12,3780000,88,6,3,97,47,41,5.2222223
SUPER_12,3790000,101,10,14,125,45,56,22.625
SUPER_12,3800000,4,3,0,7,3,1,1
SUPER_12,3810000,5,1,0,6,3,2,3
SUPER_12,3820000,1,0,2,3,1,0,2.5
SUPER_12,3830000,0,0,1,1,0,0,16
SUPER_12,3840000,4,0,1,5,1,3,4
SUPER_12,3850000,5,0,0,5,2,3,NaN
SUPER_12,3860000,9,3,1,13,3,6,3.5
SUPER_12,3870000,141,14,11,166,72,69,6.36
SUPER_12,3880000,106,6,14,126,51,55,14.15
SUPER_12,3890000,101,6,13,120,50,51,24.31579
SUPER_12,3900000,145,8,9,162,81,64,4.2352943
SUPER_12,3910000,71,3,9,83,29,42,3.75
SUPER_12,3920000,1,0,1,2,0,1,1
SUPER_12,3930000,4,1,1,6,2,2,6
SUPER_12,3940000,0,1,1,2,0,0,6.5
SUPER_12,3950000,111,7,13,131,67,44,18.95
SUPER_12,3960000,16,0,1,17,7,9,2
SUPER_12,3970000,0,0,2,2,0,0,1
SUPER_12,3980000,1,0,0,1,0,1,NaN
SUPER_12,3990000,2,0,0,2,0,2,NaN
SUPER_12,4000000,0,1,0,1,0,0,1
SUPER_12,4010000,0,0,0,0,0,0,0
SUPER_12,4020000,0,0,0,0,0,0,0
SUPER_12,4030000,2,2,1,5,2,0,2.6666667
SUPER_12,4040000,2,1,1,4,1,1,12.5
SUPER_12,4050000,0,0,0,0,0,0,0
SUPER_12,4060000,0,0,0,0,0,0,0
SUPER_12,4070000,5,2,0,7,1,4,1.5
SUPER_12,4080000,1,0,1,2,1,0,3
SUPER_12,4090000,39,2,3,44,23,16,5.6
SUPER_12,4100000,120,5,10,135,47,73,7.2
SUPER_12,4110000,127,4,7,138,64,63,9.454545
SUPER_12,4120000,64,6,8,78,35,29,19.357143
SUPER_12,4130000,66,6,7,79,31,35,3.0769231
SUPER_12,4140000,127,18,9,154,71,56,4.6296296
SUPER_12,4150000,140,9,10,159,86,54,11.894737
SUPER_12,4160000,39,4,7,50,28,11,5.5454545
SUPER_12,4170000,115,14,12,141,52,63,8.807693
SUPER_12,4180000,51,7,23,81,29,22,1.5666667
SUPER_12,4190000,237,19,26,282,107,130,4.7555556
SUPER_12,4200000,87,8,5,100,54,33,3.3846154
SUPER_12,4210000,85,7,6,98,40,45,4.6923075
SUPER_12,4220000,143,6,14,163,76,67,19.85
SUPER_12,4230000,125,9,9,143,60,65,8.166667
SUPER_12,4240000,95,6,15,116,46,49,21.142857
SUPER_12,4250000,49,4,3,56,21,28,1.7142857
SUPER_12,4260000,4,0,1,5,1,3,1
SUPER_12,4270000,1,0,0,1,0,1,NaN
SUPER_12,4280000,9,0,1,10,6,3,6
SUPER_12,4290000,3,2,2,7,1,2,3.75
SUPER_12,4300000,28,2,2,32,17,11,37.25
SUPER_12,4310000,146,6,11,163,80,66,39.411766
SUPER_12,4320000,89,13,7,109,47,42,4.8
SUPER_12,4330000,64,10,3,77,29,35,5.3846154
SUPER_12,4340000,130,16,15,161,57,73,4.83871
SUPER_12,4350000,83,9,10,102,39,44,19.947369
SUPER_12,4360000,2,1,1,4,0,2,3.5
SUPER_12,4370000,3,0,0,3,2,1,NaN
SUPER_12,4380000,15,2,3,20,9,6,1.4
SUPER_12,4390000,126,17,9,152,59,67,15.461538
SUPER_12,4400000,2,0,0,2,2,0,NaN
SUPER_12,4410000,1,1,1,3,1,0,34
SUPER_12,4420000,70,6,4,80,31,39,7.8
SUPER_12,4430000,106,8,12,126,56,50,5.55
SUPER_12,4440000,73,7,6,86,41,32,13.538462
SUPER_12,4450000,119,12,16,147,54,65,5.928571
SUPER_12,4460000,54,6,9,69,25,29,10.266666
SUPER_12,4470000,117,10,7,134,56,61,5.5882354
SUPER_12,4480000,55,3,2,60,32,23,11.2
SUPER_12,4490000,143,7,22,172,78,65,7.1034484
SUPER_12,4500000,100,3,6,109,54,46,6.5555553
SUPER_12,4510000,62,3,9,74,29,33,3.3333333
SUPER_12,4520000,5,1,1,7,3,2,7.5
SUPER_12,4530000,92,9,6,107,46,46,29
SUPER_12,4540000,12,2,2,16,4,8,3.75
SUPER_12,4550000,14,1,0,15,7,7,3
SUPER_12,4560000,147,8,17,172,69,78,11.52
SUPER_12,4570000,99,7,11,117,48,51,5.7777777
SUPER_12,4580000,98,9,8,115,42,56,10.411765
SUPER_12,4590000,90,3,7,100,43,47,7.1
SUPER_12,4600000,70,9,3,82,38,32,23.25
SUPER_12,4610000,152,9,6,167,71,81,3.6
SUPER_12,4620000,104,12,11,127,65,39,3.6956522
SUPER_12,4630000,103,10,9,122,44,59,2.5263157
SUPER_12,4640000,42,6,3,51,30,12,3.7777777
SUPER_12,4650000,70,5,4,79,37,33,3.1111112
SUPER_12,4660000,172,6,16,194,104,68,11.272727
SUPER_12,4670000,108,11,7,126,53,55,5.5
SUPER_12,4680000,120,15,12,147,65,55,11.333333
SUPER_12,4690000,65,4,3,72,28,37,3.7142856
SUPER_12,4700000,119,9,18,146,68,51,8.925926
SUPER_12,4710000,64,6,9,79,39,25,5.266667
SUPER_12,4720000,133,11,16,160,69,64,8.222222
SUPER_12,4730000,64,5,2,71,31,33,8.857142
SUPER_12,4740000,36,7,4,47,21,15,10.636364
SUPER_12,4750000,112,6,10,128,57,55,9.6875
SUPER_12,4760000,104,7,6,117,54,50,3.4615386
SUPER_12,4770000,2,1,1,4,2,0,12
SUPER_12,4780000,37,1,2,40,20,17,3.3333333
SUPER_12,4790000,70,8,5,83,40,30,3.3846154
SUPER_12,4800000,146,7,15,168,74,72,54.454544
SUPER_12,4810000,0,0,0,0,0,0,0
SUPER_12,4820000,0,0,0,0,0,0,0
SUPER_12,4830000,194,9,11,214,102,92,5.05
SUPER_12,4840000,110,12,7,129,48,62,2.8421052
SUPER_12,4850000,89,5,9,103,52,37,42.142857
SUPER_12,4860000,142,6,11,159,72,70,10
SUPER_12,4870000,95,3,4,102,48,47,5.285714
SUPER_12,4880000,74,5,6,85,44,30,7
SUPER_12,4890000,3,0,0,3,0,3,NaN
SUPER_12,4900000,2,0,0,2,2,0,NaN
SUPER_12,4910000,1,0,0,1,0,1,NaN
SUPER_12,4920000,0,0,0,0,0,0,0
SUPER_12,4930000,0,0,0,0,0,0,0
SUPER_12,4940000,5,1,0,6,2,3,1
SUPER_12,4950000,2,1,0,3,1,1,2
SUPER_12,4960000,2,0,0,2,0,2,NaN
SUPER_12,4970000,2,3,3,8,1,1,10
SUPER_12,4980000,3,0,0,3,0,3,NaN
SUPER_12,4990000,1,0,0,1,0,1,NaN
SUPER_12,5000000,3,0,0,3,2,1,NaN
SUPER_12,5010000,94,7,11,112,51,43,7.2777777
SUPER_12,5020000,156,3,11,170,86,70,3.9285715
SUPER_12,5030000,31,1,1,33,13,18,30
SUPER_12,5040000,54,5,3,62,28,26,1.375
SUPER_12,5050000,96,3,9,108,51,45,7.0833335
SUPER_12,5060000,114,7,8,129,57,57,4.866667
SUPER_12,5070000,50,3,2,55,20,30,4.8
SUPER_12,5080000,2,1,0,3,1,1,1
SUPER_12,5090000,1,0,0,1,0,1,NaN
SUPER_12,5100000,4,0,0,4,4,0,NaN
SUPER_12,5110000,7,1,0,8,2,5,1
SUPER_12,5120000,2,0,1,3,0,2,1
SUPER_12,5130000,66,7,8,81,34,32,3.6
SUPER_12,5140000,149,11,5,165,72,77,4.625
SUPER_12,5150000,159,11,14,184,78,81,15.36
SUPER_12,5160000,82,7,4,93,35,47,4.6363635
SUPER_12,5170000,67,5,4,76,35,32,28.88889
SUPER_12,5180000,140,11,16,167,83,57,7.5555553
SUPER_12,5190000,133,10,7,150,58,75,9.6470585
SUPER_12,5200000,26,3,3,32,12,14,6.5
SUPER_12,5210000,12,0,1,13,9,3,1
SUPER_12,5220000,75,2,3,80,43,32,8
SUPER_12,5230000,141,3,13,157,72,69,7.1875
SUPER_12,5240000,74,2,1,77,43,31,12
SUPER_12,5250000,145,5,17,167,82,63,9.545455
SUPER_12,5260000,36,0,4,40,22,14,17
SUPER_12,5270000,101,10,7,118,63,38,40.941177
SUPER_12,5280000,138,3,7,148,79,59,3.6
SUPER_12,5290000,196,17,17,230,111,85,5.2058825
SUPER_12,5300000,172,10,9,191,90,82,4.6842103
SUPER_12,5310000,80,6,5,91,42,38,2
SUPER_12,5320000,107,5,6,118,46,61,8.363636
SUPER_12,5330000,1,0,0,1,1,0,NaN
SUPER_12,5340000,1,0,0,1,1,0,NaN
SUPER_12,5350000,0,0,0,0,0,0,0
SUPER_12,5360000,0,0,0,0,0,0,0
SUPER_12,5370000,137,6,5,148,72,65,18.818182
SUPER_12,5380000,50,1,1,52,29,21,1
SUPER_12,5390000,93,6,12,111,55,38,28.11111
SUPER_12,5400000,110,7,9,126,49,61,5.125
SUPER_12,5410000,9,0,0,9,3,6,NaN
SUPER_12,5420000,5,0,0,5,5,0,NaN
SUPER_12,5430000,4,0,0,4,3,1,NaN
SUPER_12,5440000,2,0,2,4,1,1,21
SUPER_12,5450000,38,2,1,41,18,20,1
SUPER_12,5460000,38,2,3,43,20,18,8.4
SUPER_12,5470000,173,11,10,194,92,81,6.3333335
SUPER_12,5480000,70,3,1,74,33,37,2
SUPER_12,5490000,74,4,6,84,35,39,4.1
SUPER_12,5500000,32,0,3,35,11,21,14
SUPER_12,5510000,83,8,5,96,42,41,7.8461537
SUPER_12,5520000,30,1,4,35,12,18,9
SUPER_12,5530000,1,0,0,1,0,1,NaN
SUPER_12,5540000,4,0,0,4,1,3,NaN
SUPER_12,5550000,5,0,2,7,2,3,32
SUPER_12,5560000,5,1,0,6,2,3,1
SUPER_12,5570000,21,1,0,22,10,11,5
SUPER_12,5580000,84,4,1,89,43,41,3.6
SUPER_12,5590000,67,7,6,80,34,33,4.5384617
SUPER_12,5600000,61,3,7,71,29,32,3.1
SUPER_12,5610000,12,0,1,13,6,6,1
SUPER_12,5620000,94,12,11,117,44,50,15.913043
SUPER_12,5630000,144,6,9,159,70,74,9.133333
SUPER_12,5640000,21,5,4,30,7,14,7.111111
SUPER_12,5650000,106,10,3,119,62,44,7.923077
SUPER_12,5660000,162,15,9,186,77,85,7.0833335
SUPER_12,5670000,142,11,5,158,69,73,4.1875
SUPER_12,5680000,40,3,0,43,21,19,5
SUPER_12,5690000,53,4,4,61,26,27,24.875
SUPER_12,5700000,12,2,1,15,8,4,9.666667
SUPER_12,5710000,98,12,10,120,42,56,1.8181819
SUPER_12,5720000,1,0,0,1,1,0,NaN
SUPER_12,5730000,26,5,3,34,15,11,12.75
SUPER_12,5740000,0,2,1,3,0,0,4.6666665
SUPER_12,5750000,2,0,0,2,1,1,NaN
SUPER_12,5760000,3,1,1,5,2,1,1.5
SUPER_12,5770000,53,1,2,56,31,22,20.333334
SUPER_12,5780000,113,2,9,124,63,50,7.181818
SUPER_12,5790000,147,12,11,170,70,77,6.695652
SUPER_12,5800000,64,6,4,74,39,25,1.6
SUPER_12,5810000,159,10,20,189,71,88,8.166667
SUPER_12,5820000,154,6,10,170,74,80,3.625
SUPER_12,5830000,152,8,3,163,73,79,8.363636
SUPER_12,5840000,109,5,5,119,55,54,7.3
SUPER_12,5850000,95,4,6,105,62,33,13.3
SUPER_12,5860000,146,17,13,176,66,80,6.0333333
SUPER_12,5870000,54,4,3,61,27,27,33.142857
SUPER_12,5880000,60,3,5,68,39,21,6.5
SUPER_12,5890000,23,2,6,31,8,15,3.125
SUPER_12,5900000,132,11,6,149,71,61,3.3529413
SUPER_12,5910000,0,0,0,0,0,0,0
SUPER_12,5920000,0,0,0,0,0,0,0
SUPER_12,5930000,45,5,9,59,13,32,2
SUPER_12,5940000,83,5,9,97,45,38,3.7142856
SUPER_12,5950000,85,2,2,89,45,40,10.25
SUPER_12,5960000,52,11,6,69,32,20,10.823529
SUPER_12,5970000,16,1,3,20,7,9,5.75
SUPER_12,5980000,5,1,1,7,1,4,2.5
SUPER_12,5990000,4,1,1,6,3,1,12
SUPER_12,6000000,4,1,0,5,2,2,2
SUPER_12,6010000,3,0,0,3,2,1,NaN
SUPER_12,6020000,76,9,11,96,34,42,11.15
SUPER_12,6030000,39,4,3,46,21,18,4.714286
SUPER_12,6040000,1,0,1,2,0,1,1
SUPER_12,6050000,1,1,0,2,0,1,1
SUPER_12,6060000,6,1,0,7,5,1,8
SUPER_12,6070000,72,4,3,79,38,34,7
SUPER_12,6080000,143,3,7,153,74,69,15.7
SUPER_12,6090000,115,7,5,127,54,61,9.25
SUPER_12,6100000,84,11,9,104,42,42,5.45
SUPER_12,6110000,73,7,6,86,40,33,4.923077
SUPER_12,6120000,13,4,1,18,6,7,4.8
SUPER_12,6130000,74,5,5,84,37,37,13.1
SUPER_12,6140000,147,16,12,175,71,76,7.714286
SUPER_12,6150000,160,8,9,177,91,69,4.647059
SUPER_12,6160000,185,8,12,205,99,86,20.7
SUPER_12,6170000,64,5,2,71,39,25,4.857143
SUPER_12,6180000,59,4,4,67,28,31,4.625
SUPER_12,6190000,85,9,9,103,41,44,8.333333
SUPER_12,6200000,16,1,0,17,8,8,1
SUPER_12,6210000,76,8,4,88,41,35,2.6666667
SUPER_12,6220000,96,12,9,117,43,53,8.428572
SUPER_12,6230000,59,6,3,68,28,31,4.4444447
SUPER_12,6240000,2,1,0,3,1,1,2
SUPER_12,6250000,3,0,0,3,3,0,NaN
SUPER_12,6260000,218,8,15,241,109,109,16.434782
SUPER_12,6270000,12,2,2,16,6,6,3.5
SUPER_12,6280000,51,5,3,59,26,25,6.125
SUPER_12,6290000,81,3,2,86,44,37,5.4
SUPER_12,6300000,108,6,9,123,61,47,4.2
SUPER_12,6310000,15,1,0,16,7,8,1
SUPER_12,6320000,111,12,6,129,59,52,4.1666665
SUPER_12,6330000,95,6,7,108,58,37,27.384615
SUPER_12,6340000,87,4,2,93,43,44,1.6666666
SUPER_12,6350000,2,0,0,2,1,1,NaN
SUPER_12,6360000,3,1,0,4,1,2,6
SUPER_12,6370000,0,0,1,1,0,0,1
SUPER_12,6380000,3,0,0,3,1,2,NaN
SUPER_12,6390000,0,0,0,0,0,0,0
SUPER_12,6400000,0,0,0,0,0,0,0
SUPER_12,6410000,5,0,1,6,2,3,1
SUPER_12,6420000,47,2,1,50,25,22,2.3333333
SUPER_12,6430000,77,4,11,92,37,40,4
SUPER_12,6440000,50,3,6,59,24,26,5.2222223
SUPER_12,6450000,18,0,1,19,6,12,1
SUPER_12,6460000,17,1,1,19,8,9,1
SUPER_12,6470000,44,5,1,50,26,18,4
SUPER_12,6480000,91,9,4,104,42,49,5.923077
SUPER_12,6490000,135,10,11,156,67,68,7.6190476
SUPER_12,6500000,81,2,3,86,40,41,11.4
SUPER_12,6510000,0,0,0,0,0,0,0
SUPER_12,6520000,0,0,0,0,0,0,0
SUPER_12,6530000,2,0,0,2,2,0,NaN
SUPER_12,6540000,2,0,0,2,1,1,NaN
SUPER_12,6550000,3,0,0,3,1,2,NaN
SUPER_12,6560000,0,1,2,3,0,0,5.3333335
SUPER_12,6570000,4,1,0,5,2,2,1
SUPER_12,6580000,0,0,1,1,0,0,2
SUPER_12,6590000,70,6,3,79,36,34,8
SUPER_12,6600000,104,11,6,121,56,48,5.352941
SUPER_12,6610000,2,1,0,3,2,0,1
SUPER_12,6620000,7,0,0,7,6,1,NaN
SUPER_12,6630000,76,4,0,80,33,43,2.75
SUPER_12,6640000,45,1,4,50,25,20,1.8
SUPER_12,6650000,101,8,6,115,51,50,14.642858
SUPER_12,6660000,69,4,2,75,37,32,4.6666665
SUPER_12,6670000,84,3,7,94,45,39,5.8
SUPER_12,6680000,1,0,1,2,0,1,1
SUPER_12,6690000,1,1,0,2,0,1,6
SUPER_12,6700000,54,3,4,61,23,31,2.2857144
SUPER_12,6710000,99,6,11,116,47,52,4.8235292
SUPER_12,6720000,11,3,0,14,7,4,1
SUPER_12,6730000,155,11,13,179,75,80,12.208333
SUPER_12,6740000,149,7,7,163,73,76,19.785715
SUPER_12,6750000,0,0,0,0,0,0,0
SUPER_12,6760000,0,0,0,0,0,0,0
SUPER_12,6770000,156,10,8,174,81,75,3.6111112
SUPER_12,6780000,90,9,11,110,35,55,20.05
SUPER_12,6790000,113,22,10,145,52,61,9.90625
SUPER_12,6800000,29,2,2,33,10,19,2.75
SUPER_12,6810000,55,4,2,61,32,23,23.666666
SUPER_12,6820000,112,7,11,130,63,49,5.888889
SUPER_12,6830000,13,1,0,14,6,7,27
SUPER_12,6840000,0,0,0,0,0,0,0
SUPER_12,6850000,0,0,0,0,0,0,0
SUPER_12,6860000,19,1,3,23,8,11,1.5
SUPER_12,6870000,107,13,8,128,63,44,7.4761906
SUPER_12,6880000,98,6,5,109,45,53,6.5454545
SUPER_12,6890000,1,0,1,2,1,0,1
SUPER_12,6900000,0,1,0,1,0,0,1
SUPER_12,6910000,4,0,0,4,3,1,NaN
SUPER_12,6920000,3,0,2,5,2,1,5
SUPER_12,6930000,2,0,0,2,1,1,NaN
SUPER_12,6940000,57,1,2,60,30,27,14.666667
SUPER_12,6950000,87,9,10,106,44,43,6.5789475
SUPER_12,6960000,104,5,10,119,62,42,2.8
SUPER_12,6970000,118,8,4,130,68,50,3.5833333
SUPER_12,6980000,45,6,6,57,25,20,2.6666667
SUPER_12,6990000,116,9,6,131,44,72,2.0666666
SUPER_12,7000000,64,2,3,69,32,32,8.6
SUPER_12,7010000,127,8,12,147,75,52,16.05
SUPER_12,7020000,87,6,6,99,48,39,10.083333
SUPER_12,7030000,0,0,0,0,0,0,0
SUPER_12,7040000,0,0,0,0,0,0,0
SUPER_12,7050000,203,11,23,237,121,82,6.6764708
SUPER_12,7060000,102,10,9,121,58,44,4.4736843
SUPER_12,7070000,138,6,10,154,76,62,12.9375
SUPER_12,7080000,168,8,15,191,93,75,30.043478
SUPER_12,7090000,100,11,7,118,58,42,4.2777777
SUPER_12,7100000,87,5,1,93,41,46,3.3333333
SUPER_12,7110000,97,6,7,110,49,48,9.461538
SUPER_12,7120000,206,8,11,225,104,102,2.368421
SUPER_12,7130000,173,10,9,192,90,83,8.105263
SUPER_12,7140000,20,1,2,23,9,11,4
SUPER_12,7150000,39,1,3,43,19,20,3.25
SUPER_12,7160000,9,0,1,10,6,3,36
SUPER_12,7170000,109,5,7,121,49,60,10.916667
SUPER_12,7180000,114,6,7,127,62,52,7.3846154
SUPER_12,7190000,126,7,11,144,79,47,2.6111112
SUPER_12,7200000,29,2,0,31,14,15,5
SUPER_12,7210000,8,1,0,9,3,5,4
SUPER_12,7220000,0,1,0,1,0,0,1
SUPER_12,7230000,175,11,9,195,97,78,6
SUPER_12,7240000,115,2,6,123,53,62,3.375
SUPER_12,7250000,83,5,9,97,32,51,9.928572
SUPER_12,7260000,120,8,8,136,59,61,15.375
SUPER_12,7270000,161,7,14,182,92,69,11.714286
SUPER_12,7280000,58,3,7,68,27,31,13.9
SUPER_12,7290000,105,3,8,116,55,50,45.272728
SUPER_12,7300000,68,2,4,74,37,31,10.833333
SUPER_12,7310000,28,2,3,33,15,13,3.4
SUPER_12,7320000,119,5,9,133,58,61,36.92857
SUPER_12,7330000,36,0,3,39,25,11,5
SUPER_12,7340000,83,9,3,95,35,48,2.9166667
SUPER_12,7350000,15,0,1,16,7,8,1
SUPER_12,7360000,19,2,2,23,12,7,4
SUPER_12,7370000,6,1,1,8,2,4,9
SUPER_12,7380000,9,0,1,10,5,4,2
SUPER_12,7390000,3,0,0,3,2,1,NaN
SUPER_12,7400000,11,1,2,14,4,7,4.6666665
SUPER_12,7410000,2,1,0,3,1,1,2
SUPER_12,7420000,3,0,1,4,2,1,8
SUPER_12,7430000,1,0,0,1,1,0,NaN
SUPER_12,7440000,4,0,1,5,4,0,2
SUPER_12,7450000,116,9,10,135,56,60,6.4210525
SUPER_12,7460000,109,8,9,126,54,55,4.882353
SUPER_12,7470000,48,3,3,54,25,23,8.333333
SUPER_12,7480000,120,6,6,132,77,43,13.916667
SUPER_12,7490000,34,0,4,38,21,13,2.5
SUPER_12,7500000,23,2,1,26,11,12,12.333333
SUPER_12,7510000,3,0,1,4,1,2,9
SUPER_12,7520000,134,6,3,143,71,63,5.7777777
SUPER_12,7530000,119,10,15,144,60,59,17.4
SUPER_12,7540000,7,2,2,11,4,3,3
SUPER_12,7550000,1,0,0,1,1,0,NaN
SUPER_12,7560000,1,0,0,1,0,1,NaN
SUPER_12,7570000,2,0,0,2,2,0,NaN
SUPER_12,7580000,1,0,0,1,1,0,NaN
SUPER_12,7590000,4,0,0,4,2,2,NaN
SUPER_12,7600000,2,0,2,4,2,0,8
SUPER_12,7610000,57,2,6,65,32,25,3.875
SUPER_12,7620000,66,4,2,72,32,34,3.1666667
SUPER_12,7630000,105,13,3,121,58,47,2.9375
SUPER_12,7640000,0,0,0,0,0,0,0
SUPER_12,7650000,0,0,0,0,0,0,0
SUPER_12,7660000,209,12,16,237,120,89,7.25
SUPER_12,7670000,109,11,16,136,50,59,6.2222223
SUPER_12,7680000,127,15,7,149,65,62,3.909091
SUPER_12,7690000,108,10,9,127,55,53,6.1578946
SUPER_12,7700000,87,9,9,105,41,46,7.7222223
SUPER_12,7710000,6,1,1,8,2,4,1
SUPER_12,7720000,2,0,1,3,2,0,4
SUPER_12,7730000,68,4,5,77,35,33,3.6666667
SUPER_12,7740000,78,2,5,85,39,39,4
SUPER_12,7750000,89,9,4,102,36,53,19.153847
SUPER_12,7760000,109,5,12,126,61,48,18
SUPER_12,7770000,55,2,4,61,27,28,3.3333333
SUPER_12,7780000,145,8,14,167,80,65,37
SUPER_12,7790000,19,0,0,19,11,8,NaN
SUPER_12,7800000,1,1,0,2,0,1,12
SUPER_12,7810000,0,0,0,0,0,0,0
SUPER_12,7820000,0,0,0,0,0,0,0
SUPER_12,7830000,38,5,2,45,20,18,5.142857
SUPER_12,7840000,72,4,4,80,36,36,9.125
SUPER_12,7850000,32,2,1,35,10,22,7
SUPER_12,7860000,88,3,5,96,46,42,9.375
SUPER_12,7870000,15,1,3,19,7,8,5.25
SUPER_12,7880000,119,12,9,140,55,64,10.095238
SUPER_12,7890000,122,4,4,130,63,59,7.875
SUPER_12,7900000,157,11,7,175,75,82,5.2222223
SUPER_12,7910000,119,8,7,134,55,64,3.1333334
SUPER_12,7920000,154,8,11,173,90,64,42
SUPER_12,7930000,197,7,15,219,109,88,10.545455
SUPER_12,7940000,105,3,12,120,46,59,7.266667
SUPER_12,7950000,6,0,0,6,4,2,NaN
SUPER_12,7960000,58,2,4,64,24,34,2.8333333
SUPER_12,7970000,122,9,11,142,61,61,10.5
SUPER_12,7980000,25,5,4,34,8,17,5.4444447
SUPER_12,7990000,109,5,8,122,56,53,5.8461537
SUPER_12,8000000,120,14,16,150,55,65,19
SUPER_12,8010000,167,11,9,187,89,78,10.45
SUPER_12,8020000,117,11,9,137,67,50,14.7
SUPER_12,8030000,90,5,5,100,43,47,14.8
SUPER_12,8040000,107,4,5,116,50,57,12.666667
SUPER_12,8050000,136,13,12,161,66,70,15.08
SUPER_12,8060000,61,1,5,67,32,29,15.166667
SUPER_12,8070000,99,10,6,115,55,44,3.5
SUPER_12,8080000,122,8,12,142,57,65,9.6
SUPER_12,8090000,98,3,10,111,48,50,56.307693
SUPER_12,8100000,151,15,10,176,71,80,25.52
SUPER_12,8110000,143,7,11,161,69,74,7.7777777
SUPER_12,8120000,47,6,5,58,28,19,6.5454545
SUPER_12,8130000,165,8,16,189,78,87,6.4166665
SUPER_12,8140000,159,13,9,181,82,77,27.09091
SUPER_12,8150000,119,12,8,139,46,73,6.6
SUPER_12,8160000,140,3,11,154,69,71,6.928571
SUPER_12,8170000,179,17,8,204,95,84,5.64
SUPER_12,8180000,204,9,22,235,105,99,8.580646
SUPER_12,8190000,91,3,4,98,47,44,9.571428
SUPER_12,8200000,42,4,6,52,15,27,7.7
SUPER_12,8210000,4,0,0,4,1,3,NaN
SUPER_12,8220000,5,0,0,5,3,2,NaN
SUPER_12,8230000,141,9,11,161,79,62,8.15
SUPER_12,8240000,32,0,2,34,16,16,2
SUPER_12,8250000,0,0,0,0,0,0,0
SUPER_12,8260000,0,0,0,0,0,0,0
SUPER_12,8270000,22,0,4,26,7,15,5.5
SUPER_12,8280000,86,5,4,95,59,27,2.2222223
SUPER_12,8290000,98,4,9,111,52,46,6.6153846
SUPER_12,8300000,116,5,12,133,56,60,3.8823528
SUPER_12,8310000,138,15,9,162,61,77,14.416667
SUPER_12,8320000,70,8,4,82,33,37,6.9166665
SUPER_12,8330000,14,1,0,15,5,9,1
SUPER_12,8340000,133,10,8,151,70,63,5.4444447
SUPER_12,8350000,78,3,2,83,38,40,7.4
SUPER_12,8360000,124,11,10,145,54,70,7.047619
SUPER_12,8370000,92,7,2,101,42,50,9.111111
SUPER_12,8380000,37,3,2,42,21,16,12.4
SUPER_12,8390000,65,6,2,73,34,31,2
SUPER_12,8400000,68,6,6,80,35,33,6.5
SUPER_12,8410000,47,4,2,53,28,19,4.5
SUPER_12,8420000,3,0,0,3,3,0,NaN
SUPER_12,8430000,119,5,9,133,67,52,15
SUPER_12,8440000,127,15,4,146,65,62,6.9473686
SUPER_12,8450000,14,1,3,18,2,12,13.5
SUPER_12,8460000,31,3,1,35,20,11,1.5
SUPER_12,8470000,1,0,0,1,1,0,NaN
SUPER_12,8480000,1,0,0,1,1,0,NaN
SUPER_12,8490000,4,0,0,4,2,2,NaN
SUPER_12,8500000,98,5,4,107,46,52,4.2222223
SUPER_12,8510000,40,1,4,45,22,18,7.6
SUPER_12,8520000,2,1,0,3,0,2,2
SUPER_12,8530000,0,0,0,0,0,0,0
SUPER_12,8540000,0,0,0,0,0,0,0
SUPER_12,8550000,1,1,1,3,1,0,4.5
SUPER_12,8560000,1,0,1,2,0,1,1
SUPER_12,8570000,1,0,0,1,1,0,NaN
SUPER_12,8580000,2,0,0,2,2,0,NaN
SUPER_12,8590000,1,0,1,2,0,1,22
SUPER_12,8600000,0,0,0,0,0,0,0
SUPER_12,8610000,0,0,0,0,0,0,0
SUPER_12,8620000,81,6,8,95,42,39,10.928572
SUPER_12,8630000,62,6,8,76,32,30,5.714286
SUPER_12,8640000,0,0,0,0,0,0,0
SUPER_12,8650000,0,0,0,0,0,0,0
SUPER_12,8660000,0,0,0,0,0,0,0
SUPER_12,8670000,171,14,14,199,78,93,11.642858
SUPER_12,8680000,190,10,14,214,98,92,36.333332
SUPER_12,8690000,114,3,8,125,61,53,7.7272725
SUPER_12,8700000,83,9,8,100,49,34,4.882353
SUPER_12,8710000,117,3,9,129,68,49,26.416666
SUPER_12,8720000,160,11,19,190,81,79,6.8333335
SUPER_12,8730000,48,3,2,53,28,20,17.8
SUPER_12,8740000,99,12,7,118,54,45,7.8421054
SUPER_12,8750000,0,0,1,1,0,0,2
SUPER_12,8760000,3,1,1,5,1,2,6.5
SUPER_12,8770000,99,12,15,126,39,60,13.888889
SUPER_12,8780000,134,10,13,157,69,65,9.478261
SUPER_12,8790000,99,10,6,115,44,55,21.1875
SUPER_12,8800000,0,0,0,0,0,0,0
SUPER_12,8810000,0,0,0,0,0,0,0
SUPER_12,8820000,121,3,6,130,64,57,5.6666665
SUPER_12,8830000,141,10,10,161,65,76,8.7
SUPER_12,8840000,122,13,15,150,69,53,7.714286
SUPER_12,8850000,99,9,10,118,45,54,4.9473686
SUPER_12,8860000,89,9,7,105,49,40,6.0625
SUPER_12,8870000,223,20,22,265,113,110,11.785714
SUPER_12,8880000,170,18,13,201,80,90,7.354839
SUPER_12,8890000,64,4,5,73,25,39,23.333334
SUPER_12,8900000,0,0,0,0,0,0,0
SUPER_12,8910000,0,0,0,0,0,0,0
SUPER_12,8920000,129,6,16,151,70,59,8.227273
SUPER_12,8930000,4,0,1,5,3,1,1
SUPER_12,8940000,3,1,0,4,2,1,1
SUPER_12,8950000,69,2,8,79,32,37,12
SUPER_12,8960000,123,5,14,142,68,55,6
SUPER_12,8970000,74,3,7,84,45,29,6.7
SUPER_12,8980000,70,6,6,82,23,47,7.9166665
SUPER_12,8990000,3,0,0,3,1,2,NaN
SUPER_12,9000000,3,0,0,3,2,1,NaN
SUPER_12,9010000,2,1,1,4,1,1,11.5
SUPER_12,9020000,0,0,0,0,0,0,0
SUPER_12,9030000,0,0,0,0,0,0,0
SUPER_12,9040000,2,0,0,2,1,1,NaN
SUPER_12,9050000,3,1,0,4,3,0,1
SUPER_12,9060000,1,0,1,2,0,1,1
SUPER_12,9070000,53,5,4,62,31,22,3.8888888
SUPER_12,9080000,35,6,6,47,16,19,5.6666665
SUPER_12,9090000,70,1,4,75,30,40,2.2
SUPER_12,9100000,47,5,2,54,26,21,7.857143
SUPER_12,9110000,21,1,2,24,9,12,12
SUPER_12,9120000,80,8,3,91,35,45,8.636364
SUPER_12,9130000,31,2,3,36,14,17,9
SUPER_12,9140000,3,1,1,5,2,1,22.5
SUPER_12,9150000,3,0,0,3,2,1,NaN
SUPER_12,9160000,2,0,0,2,1,1,NaN
SUPER_12,9170000,12,0,3,15,7,5,30
SUPER_12,9180000,44,1,4,49,21,23,4.8
SUPER_12,9190000,144,7,7,158,66,78,8.928572
SUPER_12,9200000,56,4,7,67,35,21,3.7272727
SUPER_12,9210000,104,6,8,118,56,48,3.4285715
SUPER_12,9220000,32,5,3,40,16,16,12.75
SUPER_12,9230000,113,8,11,132,61,52,5.263158
SUPER_12,9240000,84,8,7,99,43,41,8.333333
SUPER_12,9250000,19,1,3,23,10,9,7.5
SUPER_12,9260000,62,5,3,70,36,26,8.5
SUPER_12,9270000,103,6,10,119,58,45,6.25
SUPER_12,9280000,136,17,8,161,63,73,3.8
SUPER_12,9290000,25,1,2,28,10,15,3.3333333
SUPER_12,9300000,3,0,0,3,1,2,NaN
SUPER_12,9310000,91,1,5,97,49,42,10
SUPER_12,9320000,113,8,8,129,59,54,8.4375
SUPER_12,9330000,9,1,2,12,4,5,2
SUPER_12,9340000,4,0,0,4,1,3,NaN
SUPER_12,9350000,1,0,1,2,1,0,1
SUPER_12,9360000,0,1,0,1,0,0,1
SUPER_12,9370000,0,0,1,1,0,0,20
SUPER_12,9380000,5,2,0,7,2,3,1
SUPER_12,9390000,6,0,1,7,0,6,22
SUPER_12,9400000,82,7,1,90,45,37,12.875
SUPER_12,9410000,34,1,3,38,24,10,5
SUPER_12,9420000,121,8,10,139,59,62,18.722221
SUPER_12,9430000,124,6,6,136,72,52,16
SUPER_12,9440000,29,1,1,31,13,16,8.5
SUPER_12,9450000,40,3,0,43,21,19,3.3333333
SUPER_12,9460000,171,9,18,198,82,89,4.037037
SUPER_12,9470000,136,14,4,154,74,62,3.1111112
SUPER_12,9480000,64,2,3,69,34,30,1.2
SUPER_12,9490000,99,6,9,114,48,51,18.4
SUPER_12,9500000,212,19,12,243,110,102,9.451612
SUPER_12,9510000,209,14,18,241,111,98,4.84375
SUPER_12,9520000,221,13,13,247,113,108,5.3076925
SUPER_12,9530000,69,5,8,82,43,26,15.461538
SUPER_12,9540000,0,0,0,0,0,0,0
SUPER_12,9550000,0,0,0,0,0,0,0
SUPER_12,9560000,85,9,7,101,43,42,12.125
SUPER_12,9570000,3,0,0,3,1,2,NaN
SUPER_12,9580000,70,5,7,82,38,32,10.416667
SUPER_12,9590000,45,4,1,50,23,22,3.8
SUPER_12,9600000,20,1,0,21,8,12,3
SUPER_12,9610000,0,1,0,1,0,0,1
SUPER_12,9620000,87,9,5,101,39,48,3.5
SUPER_12,9630000,131,4,12,147,75,56,2.75
SUPER_12,9640000,97,10,8,115,53,44,5.3333335
SUPER_12,9650000,151,12,10,173,77,74,9.772727
SUPER_12,9660000,118,12,10,140,59,59,9.545455
SUPER_12,9670000,172,11,9,192,88,84,7.85
SUPER_12,9680000,81,1,4,86,46,35,4.6
SUPER_12,9690000,150,7,14,171,74,76,9.761905
SUPER_12,9700000,86,3,8,97,42,44,21.545454
SUPER_12,9710000,88,10,7,105,42,46,5.9411764
SUPER_12,9720000,68,5,6,79,31,37,6.5454545
SUPER_12,9730000,152,18,12,182,70,82,17.4
SUPER_12,9740000,69,10,4,83,33,36,8.785714
SUPER_12,9750000,105,5,9,119,56,49,7.214286
SUPER_12,9760000,106,9,11,126,49,57,5.9
SUPER_12,9770000,86,6,9,101,51,35,7.5333333
SUPER_12,9780000,91,9,9,109,40,51,4.1666665
SUPER_12,9790000,112,8,4,124,59,53,8.916667
SUPER_12,9800000,45,4,4,53,20,25,5.5
SUPER_12,9810000,124,9,15,148,65,59,14.166667
SUPER_12,9820000,109,12,11,132,50,59,16.73913
SUPER_12,9830000,139,16,21,176,65,74,5.5405407
SUPER_12,9840000,47,8,0,55,25,22,9.125
SUPER_12,9850000,106,6,8,120,47,59,8.857142
SUPER_12,9860000,145,14,15,174,62,83,9.310345
SUPER_12,9870000,87,8,3,98,38,49,6.5454545
SUPER_12,9880000,115,8,12,135,54,61,3.25
SUPER_12,9890000,51,2,2,55,27,24,7.5
SUPER_12,9900000,55,0,8,63,30,25,3.5
SUPER_12,9910000,22,3,3,28,11,11,3.1666667
SUPER_12,9920000,3,0,0,3,3,0,NaN
SUPER_12,9930000,1,0,0,1,1,0,NaN
SUPER_12,9940000,2,1,2,5,1,1,7.6666665
SUPER_12,9950000,5,0,0,5,4,1,NaN
SUPER_12,9960000,4,0,0,4,3,1,NaN
SUPER_12,9970000,21,1,0,22,9,12,11
SUPER_12,9980000,74,6,5,85,39,35,13.818182
SUPER_12,9990000,86,7,7,100,39,47,5.785714
SUPER_12,10000000,111,8,9,128,59,52,11.705882
SUPER_12,10010000,132,8,14,154,71,61,5.9545455
SUPER_12,10020000,129,12,13,154,71,58,10.76
SUPER_12,10030000,93,4,11,108,48,45,7.9333334
SUPER_12,10040000,131,13,7,151,68,63,5.5
SUPER_12,10050000,87,8,4,99,47,40,2.5
SUPER_12,10060000,79,6,5,90,43,36,11.181818
SUPER_12,10070000,65,5,5,75,39,26,8.9
SUPER_12,10080000,62,9,3,74,40,22,6.5
SUPER_12,10090000,47,6,4,57,27,20,7.2
SUPER_12,10100000,140,10,15,165,69,71,5.56
SUPER_12,10110000,146,15,12,173,69,77,8.481482
SUPER_12,10120000,62,6,4,72,34,28,4.1
SUPER_12,10130000,31,0,3,34,15,16,9.333333
SUPER_12,10140000,77,3,11,91,44,33,4.714286
SUPER_12,10150000,51,2,4,57,26,25,39
SUPER_12,10160000,129,12,11,152,72,57,5.652174
SUPER_12,10170000,180,9,11,200,102,78,4.95
SUPER_12,10180000,75,9,8,92,31,44,12
SUPER_12,10190000,109,8,5,122,56,53,4.6153846
SUPER_12,10200000,77,8,4,89,38,39,1.75
SUPER_12,10210000,65,5,5,75,33,32,2.7
SUPER_12,10220000,13,0,3,16,9,4,53
SUPER_12,10230000,95,4,7,106,51,44,6.090909
SUPER_12,10240000,72,4,6,82,36,36,7.2
SUPER_12,10250000,92,11,5,108,47,45,18.9375
SUPER_12,10260000,146,14,16,176,65,81,5.2
SUPER_12,10270000,139,6,11,156,59,80,7.0588236
SUPER_12,10280000,112,16,8,136,51,61,9.083333
SUPER_12,10290000,117,15,12,144,68,49,10.074074
SUPER_12,10300000,72,7,8,87,32,40,3.5333333
SUPER_12,10310000,95,7,13,115,48,47,4.2
SUPER_12,10320000,93,6,14,113,53,40,6.65
SUPER_12,10330000,40,2,0,42,25,15,5
SUPER_12,10340000,75,5,7,87,38,37,5.25
SUPER_12,10350000,115,7,11,133,60,55,4.2777777
SUPER_12,10360000,4,0,0,4,2,2,NaN
SUPER_12,10370000,2,0,1,3,2,0,84
SUPER_12,10380000,2,1,1,4,2,0,25.5
SUPER_12,10390000,1,0,0,1,1,0,NaN
SUPER_12,10400000,1,0,0,1,1,0,NaN
SUPER_12,10410000,0,0,2,2,0,0,10
SUPER_12,10420000,1,0,0,1,0,1,NaN
SUPER_12,10430000,2,0,0,2,2,0,NaN
SUPER_12,10440000,3,0,0,3,0,3,NaN
SUPER_12,10450000,2,3,1,6,2,0,2.75
SUPER_12,10460000,9,1,0,10,5,4,1
SUPER_12,10470000,24,3,1,28,15,9,55.75
SUPER_12,10480000,99,5,9,113,53,46,7.642857
SUPER_12,10490000,137,9,14,160,66,71,4.304348
SUPER_12,10500000,79,3,4,86,45,34,26.428572
SUPER_12,10510000,83,8,10,101,41,42,16.777779
SUPER_12,10520000,167,13,10,190,91,76,15.391304
SUPER_12,10530000,11,5,1,17,7,4,8.333333
SUPER_12,10540000,0,0,1,1,0,0,3
SUPER_12,10550000,80,8,3,91,46,34,16.818182
SUPER_12,10560000,79,6,7,92,42,37,15
SUPER_12,10570000,175,12,13,200,84,91,5
SUPER_12,10580000,139,10,10,159,69,70,7.9
SUPER_12,10590000,117,10,3,130,51,66,16.538462
SUPER_12,10600000,77,5,8,90,35,42,13.307693
SUPER_12,10610000,0,0,0,0,0,0,0
SUPER_12,10620000,0,0,0,0,0,0,0
SUPER_12,10630000,147,9,9,165,80,67,14.277778
SUPER_12,10640000,121,8,5,134,52,69,4.230769
SUPER_12,10650000,122,3,9,134,57,65,30
SUPER_12,10660000,150,11,10,171,75,75,2.5238094
SUPER_12,10670000,171,12,12,195,81,90,7.2083335
SUPER_12,10680000,170,13,8,191,83,87,6
SUPER_12,10690000,140,2,11,153,70,70,33.46154
SUPER_12,10700000,102,9,9,120,44,58,18.055555
SUPER_12,10710000,144,14,11,169,79,65,7.28
SUPER_12,10720000,142,6,8,156,77,65,4.928571
SUPER_12,10730000,168,12,14,194,80,88,9.192307
SUPER_12,10740000,84,7,10,101,52,32,3.9411764
SUPER_12,10750000,3,0,0,3,1,2,NaN
SUPER_12,10760000,3,0,0,3,1,2,NaN
SUPER_12,10770000,4,0,1,5,1,3,13
SUPER_12,10780000,62,2,6,70,33,29,44.375
SUPER_12,10790000,104,3,11,118,56,48,2.5
SUPER_12,10800000,30,0,4,34,14,16,2.25
SUPER_12,10810000,107,11,7,125,47,60,4.3333335
SUPER_12,10820000,126,9,10,145,62,64,3.5789473
SUPER_12,10830000,76,6,1,83,32,44,6.285714
SUPER_12,10840000,57,7,4,68,27,30,6.5454545
SUPER_12,10850000,53,5,7,65,28,25,6.6666665
SUPER_12,10860000,1,0,0,1,0,1,NaN
SUPER_12,10870000,4,0,1,5,4,0,2
SUPER_12,10880000,12,2,1,15,6,6,14
SUPER_12,10890000,17,1,2,20,9,8,2.6666667
SUPER_12,10900000,3,0,2,5,1,2,3
SUPER_12,10910000,0,0,0,0,0,0,0
SUPER_12,10920000,0,0,0,0,0,0,0
SUPER_12,10930000,2,0,0,2,1,1,NaN
SUPER_12,10940000,0,0,0,0,0,0,0
SUPER_12,10950000,0,0,0,0,0,0,0
SUPER_12,10960000,28,2,1,31,16,12,18.666666
SUPER_12,10970000,70,4,9,83,37,33,7.769231
SUPER_12,10980000,82,4,9,95,41,41,4.6153846
SUPER_12,10990000,103,6,6,115,60,43,9.416667
SUPER_12,11000000,78,6,6,90,45,33,27
SUPER_12,11010000,19,2,0,21,15,4,14.5
SUPER_12,11020000,1,0,0,1,1,0,NaN
SUPER_12,11030000,1,1,2,4,1,0,5
SUPER_12,11040000,4,0,1,5,4,0,2
SUPER_12,11050000,16,4,1,21,6,10,70.4
SUPER_12,11060000,56,5,6,67,26,30,8.181818
SUPER_12,11070000,4,3,0,7,2,2,1.6666666
SUPER_12,11080000,0,0,0,0,0,0,0
SUPER_12,11090000,0,0,0,0,0,0,0
SUPER_12,11100000,81,13,9,103,37,44,3.590909
SUPER_12,11110000,1,1,0,2,0,1,1
SUPER_12,11120000,1,0,0,1,0,1,NaN
SUPER_12,11130000,0,0,0,0,0,0,0
SUPER_12,11140000,0,0,0,0,0,0,0
SUPER_12,11150000,0,0,0,0,0,0,0
SUPER_12,11160000,0,0,0,0,0,0,0
SUPER_12,11170000,0,0,0,0,0,0,0
SUPER_12,11180000,0,0,0,0,0,0,0
SUPER_12,11190000,28,5,3,36,15,13,5.875
SUPER_12,11200000,110,13,12,135,53,57,5.52
SUPER_12,11210000,134,16,8,158,71,63,4.9166665
SUPER_12,11220000,0,0,0,0,0,0,0
SUPER_12,11230000,0,0,0,0,0,0,0
SUPER_12,11240000,0,0,0,0,0,0,0
SUPER_12,11250000,0,0,0,0,0,0,0
SUPER_12,11260000,0,0,0,0,0,0,0
SUPER_12,11270000,0,0,0,0,0,0,0
SUPER_12,11280000,1,2,2,5,0,1,2.25
SUPER_12,11290000,1,1,1,3,1,0,5
SUPER_12,11300000,1,0,0,1,1,0,NaN
SUPER_12,11310000,6,1,0,7,1,5,3
SUPER_12,11320000,1,0,0,1,0,1,NaN
SUPER_12,11330000,87,3,10,100,38,49,8.615385
SUPER_12,11340000,147,10,12,169,83,64,23.727272
SUPER_12,11350000,121,11,10,142,60,61,5.428571
SUPER_12,11360000,49,2,6,57,25,24,28.25
SUPER_12,11370000,32,5,1,38,13,19,5
SUPER_12,11380000,120,8,9,137,58,62,4.352941
SUPER_12,11390000,44,0,3,47,22,22,5.6666665
SUPER_12,11400000,82,5,9,96,39,43,22.285715
SUPER_12,11410000,26,2,2,30,14,12,4.5
SUPER_12,11420000,2,0,0,2,2,0,NaN
SUPER_12,11430000,3,0,0,3,1,2,NaN
SUPER_12,11440000,38,6,6,50,16,22,4.75
SUPER_12,11450000,108,11,8,127,51,57,6.736842
SUPER_12,11460000,6,3,0,9,3,3,1.6666666
SUPER_12,11470000,2,0,0,2,0,2,NaN
SUPER_12,11480000,1,1,0,2,0,1,4
SUPER_12,11490000,43,5,2,50,23,20,3.4285715
SUPER_12,11500000,12,2,3,17,8,4,1.4
SUPER_12,11510000,67,5,3,75,32,35,2.25
SUPER_12,11520000,129,10,7,146,64,65,4.1764708
SUPER_12,11530000,131,10,10,151,64,67,6.65
SUPER_12,11540000,134,8,10,152,66,68,10.277778
SUPER_12,11550000,31,2,2,35,17,14,1
SUPER_12,11560000,83,4,5,92,42,41,31.222221
SUPER_12,11570000,169,6,13,188,77,92,8.052631
SUPER_12,11580000,9,0,1,10,2,7,57
SUPER_12,11590000,111,11,11,133,45,66,4.2272725
SUPER_12,11600000,138,9,9,156,67,71,7.888889
SUPER_12,11610000,53,2,4,59,31,22,13.666667
SUPER_12,11620000,106,10,1,117,58,48,3.3636363
SUPER_12,11630000,104,7,8,119,59,45,5.0666666
SUPER_12,11640000,119,4,7,130,68,51,5.4545455
SUPER_12,11650000,84,10,3,97,47,37,2.4615386
SUPER_12,11660000,157,11,6,174,67,90,5.4117646
SUPER_12,11670000,140,8,8,156,70,70,6.875
SUPER_12,11680000,146,10,13,169,72,74,8.521739
SUPER_12,11690000,107,2,9,118,50,57,13.727273
SUPER_12,11700000,71,7,2,80,42,29,10.666667
SUPER_12,11710000,70,3,3,76,35,35,7.8333335
SUPER_12,11720000,95,5,5,105,59,36,16.5
SUPER_12,11730000,184,8,12,204,93,91,22.45
SUPER_12,11740000,36,4,4,44,25,11,67.625
SUPER_12,11750000,71,9,7,87,39,32,15.5625
SUPER_12,11760000,85,3,6,94,52,33,3
SUPER_12,11770000,216,8,14,238,109,107,5.1363635
SUPER_12,11780000,167,12,14,193,72,95,7.076923
SUPER_12,11790000,171,12,9,192,85,86,4.3809524
SUPER_12,11800000,101,7,12,120,55,46,6.368421
SUPER_12,11810000,75,4,3,82,39,36,3.4285715
SUPER_12,11820000,188,7,12,207,74,114,6.3157897
SUPER_12,11830000,132,10,8,150,66,66,2.3333333
SUPER_12,11840000,104,5,6,115,48,56,2.3636363
SUPER_12,11850000,104,8,11,123,56,48,3.368421
SUPER_12,11860000,130,7,12,149,62,68,6.5789475
SUPER_12,11870000,174,10,21,205,74,100,5.193548
SUPER_12,11880000,95,5,3,103,50,45,3.625
SUPER_12,11890000,100,7,6,113,45,55,7.230769
SUPER_12,11900000,127,11,14,152,58,69,3.6
SUPER_12,11910000,136,3,9,148,68,68,50.25
SUPER_12,11920000,102,6,6,114,57,45,3.0833333
SUPER_12,11930000,18,3,3,24,7,11,15.666667
SUPER_12,11940000,94,7,12,113,43,51,4.263158
SUPER_12,11950000,8,1,0,9,3,5,9
SUPER_12,11960000,183,6,15,204,86,97,13.095238
SUPER_12,11970000,76,8,1,85,44,32,5
SUPER_12,11980000,154,13,6,173,75,79,6.105263
SUPER_12,11990000,118,8,14,140,53,65,6.090909
SUPER_12,12000000,129,11,12,152,54,75,9.434783
SUPER_12,12010000,119,5,10,134,66,53,50
SUPER_12,12020000,94,12,11,117,45,49,4.0869565
SUPER_12,12030000,210,16,14,240,103,107,8.1
SUPER_12,12040000,114,6,8,128,49,65,4.214286
SUPER_12,12050000,108,11,12,131,55,53,4.521739
SUPER_12,12060000,139,7,8,154,79,60,4.266667
SUPER_12,12070000,54,4,6,64,30,24,5.5
SUPER_12,12080000,9,0,3,12,3,6,3
SUPER_12,12090000,44,4,4,52,22,22,4.25
SUPER_12,12100000,33,2,2,37,15,18,4.75
SUPER_12,12110000,43,4,6,53,20,23,7.9
SUPER_12,12120000,144,7,12,163,74,70,13
SUPER_12,12130000,7,0,1,8,4,3,36
SUPER_12,12140000,24,3,1,28,12,12,14
SUPER_12,12150000,32,3,1,36,17,15,9
SUPER_12,12160000,49,7,4,60,32,17,9.636364
SUPER_12,12170000,46,4,3,53,22,24,17.142857
SUPER_12,12180000,77,6,3,86,44,33,3.7777777
SUPER_12,12190000,44,3,3,50,22,22,4
SUPER_12,12200000,146,11,15,172,74,72,9.192307
SUPER_12,12210000,112,7,5,124,52,60,3.6666667
SUPER_12,12220000,109,5,13,127,51,58,4.4444447
SUPER_12,12230000,124,7,10,141,55,69,4.352941
SUPER_12,12240000,142,12,10,164,74,68,5.5454545
SUPER_12,12250000,141,6,6,153,72,69,2.4166667
SUPER_12,12260000,122,6,8,136,68,54,3.642857
SUPER_12,12270000,74,5,6,85,34,40,5.5454545
SUPER_12,12280000,143,13,7,163,62,81,6.1
SUPER_12,12290000,2,0,0,2,1,1,NaN
SUPER_12,12300000,2,0,0,2,0,2,NaN
SUPER_12,12310000,7,1,1,9,5,2,14.5
SUPER_12,12320000,66,6,3,75,32,34,9.333333
SUPER_12,12330000,178,10,14,202,97,81,6.0416665
SUPER_12,12340000,109,5,14,128,56,53,12
SUPER_12,12350000,124,6,8,138,69,55,6.5
SUPER_12,12360000,102,10,4,116,56,46,2.357143
SUPER_12,12370000,36,1,4,41,23,13,5.4
SUPER_12,12380000,36,5,4,45,18,18,29
SUPER_12,12390000,2,0,0,2,1,1,NaN
SUPER_12,12400000,13,0,1,14,2,11,1
SUPER_12,12410000,2,0,0,2,0,2,NaN
SUPER_12,12420000,3,0,1,4,2,1,8
SUPER_12,12430000,1,0,0,1,0,1,NaN
SUPER_12,12440000,91,8,8,107,52,39,3
SUPER_12,12450000,34,2,6,42,23,11,28.375
SUPER_12,12460000,107,1,7,115,60,47,5.125
SUPER_12,12470000,66,4,4,74,27,39,7.25
SUPER_12,12480000,44,1,5,50,22,22,2.8333333
SUPER_12,12490000,86,5,6,97,43,43,31.90909
SUPER_12,12500000,131,12,9,152,65,66,4.6666665
SUPER_12,12510000,151,10,10,171,77,74,6.2
SUPER_12,12520000,140,4,6,150,87,53,6.6
SUPER_12,12530000,69,2,3,74,32,37,25.4
SUPER_12,12540000,97,11,10,118,52,45,6.095238
SUPER_12,12550000,93,5,7,105,49,44,8.583333
SUPER_12,12560000,16,0,3,19,8,8,4.3333335
SUPER_12,12570000,96,6,6,108,52,44,2.6666667
SUPER_12,12580000,108,8,11,127,51,57,13.736842
SUPER_12,12590000,134,10,7,151,62,72,6.352941
SUPER_12,12600000,107,7,7,121,57,50,8.357142
SUPER_12,12610000,121,6,7,134,66,55,3.8461537
SUPER_12,12620000,26,4,3,33,16,10,17.142857
SUPER_12,12630000,62,8,6,76,34,28,9.285714
SUPER_12,12640000,56,2,3,61,29,27,14
SUPER_12,12650000,0,0,0,0,0,0,0
SUPER_12,12660000,0,0,0,0,0,0,0
SUPER_12,12670000,84,5,7,96,55,29,4.4166665
SUPER_12,12680000,35,1,2,38,16,19,2
SUPER_12,12690000,3,0,0,3,1,2,NaN
SUPER_12,12700000,40,4,1,45,18,22,8.6
SUPER_12,12710000,115,10,9,134,55,60,14.894737
SUPER_12,12720000,108,5,12,125,52,56,14.176471
SUPER_12,12730000,87,4,4,95,47,40,6.125
SUPER_12,12740000,84,3,6,93,44,40,7.5555553
SUPER_12,12750000,2,0,0,2,2,0,NaN
SUPER_12,12760000,3,0,0,3,1,2,NaN
SUPER_12,12770000,1,0,0,1,0,1,NaN
SUPER_12,12780000,1,0,0,1,1,0,NaN
SUPER_12,12790000,4,1,0,5,3,1,8
SUPER_12,12800000,1,0,0,1,1,0,NaN
SUPER_12,12810000,0,0,0,0,0,0,0
SUPER_12,12820000,0,0,0,0,0,0,0
SUPER_12,12830000,43,4,5,52,20,23,14.555555
SUPER_12,12840000,2,0,0,2,2,0,NaN
SUPER_12,12850000,1,0,0,1,0,1,NaN
SUPER_12,12860000,26,2,1,29,15,11,3
SUPER_12,12870000,0,1,0,1,0,0,6
SUPER_12,12880000,78,1,6,85,38,40,4.142857
SUPER_12,12890000,0,0,0,0,0,0,0
SUPER_12,12900000,0,0,0,0,0,0,0
SUPER_12,12910000,0,0,0,0,0,0,0
SUPER_12,12920000,13,1,1,15,6,7,2.5
SUPER_12,12930000,3,1,1,5,0,3,69.5
SUPER_12,12940000,3,0,1,4,1,2,1
SUPER_12,12950000,16,1,1,18,6,10,1.5
SUPER_12,12960000,59,4,6,69,25,34,9.9
SUPER_12,12970000,94,9,8,111,45,49,5.7058825
SUPER_12,12980000,12,1,2,15,4,8,2.6666667
SUPER_12,12990000,91,6,8,105,54,37,8.285714
SUPER_12,13000000,52,7,1,60,27,25,5
SUPER_12,13010000,78,3,8,89,44,34,2.7272727
SUPER_12,13020000,56,5,7,68,30,26,9.5
SUPER_12,13030000,22,4,5,31,11,11,3.2222223
SUPER_12,13040000,71,6,6,83,39,32,15.666667
SUPER_12,13050000,0,0,0,0,0,0,0
SUPER_12,13060000,0,0,0,0,0,0,0
SUPER_12,13070000,96,11,8,115,45,51,6.8421054
SUPER_12,13080000,53,4,7,64,23,30,3.6363637
SUPER_12,13090000,9,0,1,10,3,6,8
SUPER_12,13100000,44,2,1,47,23,21,8.333333
SUPER_12,13110000,113,10,5,128,54,59,5.266667
SUPER_12,13120000,85,13,11,109,35,50,6.3333335
SUPER_12,13130000,38,3,2,43,18,20,5.6
SUPER_12,13140000,148,13,15,176,77,71,4.678571
SUPER_12,13150000,142,16,14,172,77,65,14.833333
SUPER_12,13160000,114,5,7,126,55,59,11.083333
SUPER_12,13170000,128,8,12,148,58,70,43
SUPER_12,13180000,149,8,15,172,64,85,7.304348
SUPER_12,13190000,112,8,11,131,45,67,7.0526314
SUPER_12,13200000,137,8,13,158,69,68,15.904762
SUPER_12,13210000,77,7,11,95,43,34,5.9444447
SUPER_12,13220000,126,11,12,149,62,64,39.52174
SUPER_12,13230000,71,5,8,84,27,44,11.846154
SUPER_12,13240000,118,6,9,133,63,55,4.9333334
SUPER_12,13250000,137,9,10,156,80,57,12
SUPER_12,13260000,74,4,7,85,32,42,4.5454545
SUPER_12,13270000,136,13,12,161,67,69,14.72
SUPER_12,13280000,3,0,0,3,2,1,NaN
SUPER_12,13290000,0,0,1,1,0,0,48
SUPER_12,13300000,1,0,0,1,0,1,NaN
SUPER_12,13310000,2,0,1,3,1,1,5
SUPER_12,13320000,73,4,8,85,49,24,4.9166665
SUPER_12,13330000,11,0,0,11,4,7,NaN
SUPER_12,13340000,100,5,4,109,56,44,1.7777778
SUPER_12,13350000,89,7,11,107,54,35,16.944445
SUPER_12,13360000,58,10,10,78,31,27,7.9
SUPER_12,13370000,9,0,1,10,4,5,1
SUPER_12,13380000,1,0,0,1,1,0,NaN
SUPER_12,13390000,14,2,2,18,8,6,6.75
SUPER_12,13400000,2,0,0,2,1,1,NaN
SUPER_12,13410000,3,0,0,3,2,1,NaN
SUPER_12,13420000,1,1,0,2,1,0,1
SUPER_12,13430000,29,5,6,40,15,14,17.545454
SUPER_12,13440000,2,1,0,3,1,1,1
SUPER_12,13450000,51,3,6,60,29,22,7.6666665
SUPER_12,13460000,117,11,9,137,55,62,5.7
SUPER_12,13470000,77,5,8,90,50,27,3.3846154
SUPER_12,13480000,156,2,12,170,92,64,24
SUPER_12,13490000,118,6,9,133,56,62,3.2666667
SUPER_12,13500000,78,4,6,88,50,28,7.4
SUPER_12,13510000,133,10,7,150,65,68,10.235294
SUPER_12,13520000,0,1,0,1,0,0,1
SUPER_12,13530000,28,4,2,34,14,14,8.666667
SUPER_12,13540000,13,0,1,14,5,8,34
SUPER_12,13550000,131,6,18,155,60,71,3.9166667
SUPER_12,13560000,174,8,14,196,88,86,4.590909
SUPER_12,13570000,163,16,5,184,79,84,9.095238
SUPER_12,13580000,137,7,12,156,76,61,43.894737
SUPER_12,13590000,140,12,6,158,71,69,5.8333335
SUPER_12,13600000,71,4,8,83,36,35,4.3333335
SUPER_12,13610000,4,0,0,4,1,3,NaN
SUPER_12,13620000,17,1,0,18,7,10,7
SUPER_12,13630000,142,19,14,175,60,82,8.393939
SUPER_12,13640000,66,4,4,74,28,38,9.75
SUPER_12,13650000,36,5,3,44,16,20,4.625
SUPER_12,13660000,161,10,12,183,78,83,4.681818
SUPER_12,13670000,0,0,0,0,0,0,0
SUPER_12,13680000,0,0,0,0,0,0,0
SUPER_12,13690000,0,0,0,0,0,0,0
SUPER_12,13700000,0,0,0,0,0,0,0
SUPER_12,13710000,236,23,7,266,125,111,8.233334
SUPER_12,13720000,197,8,14,219,111,86,5.4545455
SUPER_12,13730000,88,6,6,100,38,50,10.166667
SUPER_12,13740000,70,4,4,78,41,29,7.25
SUPER_12,13750000,109,7,9,125,64,45,39.125
SUPER_12,13760000,158,4,8,170,80,78,7.5
SUPER_12,13770000,125,10,0,135,70,55,1.6
SUPER_12,13780000,54,3,5,62,27,27,4.25
SUPER_12,13790000,96,6,8,110,48,48,3.7142856
SUPER_12,13800000,129,7,7,143,64,65,5.071429
SUPER_12,13810000,103,8,9,120,56,47,2.764706
SUPER_12,13820000,122,8,9,139,65,57,4.7058825
SUPER_12,13830000,128,7,8,143,80,48,8.8
SUPER_12,13840000,193,12,14,219,100,93,5.730769
SUPER_12,13850000,163,10,3,176,87,76,3.6153846
SUPER_12,13860000,47,1,4,52,22,25,13.8
SUPER_12,13870000,2,0,0,2,0,2,NaN
SUPER_12,13880000,5,1,1,7,2,3,13
SUPER_12,13890000,161,13,10,184,85,76,10.826087
SUPER_12,13900000,238,8,10,256,122,116,7.5
SUPER_12,13910000,154,4,11,169,84,70,2.8
SUPER_12,13920000,145,13,8,166,70,75,16.238094
SUPER_12,13930000,65,3,6,74,24,41,2.5555556
SUPER_12,13940000,132,8,12,152,63,69,4.6
SUPER_12,13950000,66,2,1,69,32,34,3.3333333
SUPER_12,13960000,146,11,8,165,69,77,4.5263157
SUPER_12,13970000,133,6,13,152,66,67,5.894737
SUPER_12,13980000,123,8,8,139,56,67,17
SUPER_12,13990000,87,8,9,104,53,34,5.470588
SUPER_12,14000000,23,3,1,27,17,6,17.75
SUPER_12,14010000,217,14,8,239,131,86,8.545455
SUPER_12,14020000,52,5,6,63,29,23,11.454545
SUPER_12,14030000,72,6,9,87,37,35,17.4
SUPER_12,14040000,81,3,7,91,42,39,8.3
SUPER_12,14050000,53,3,1,57,30,23,3
SUPER_12,14060000,5,0,1,6,4,1,1
SUPER_12,14070000,5,0,0,5,2,3,NaN
SUPER_12,14080000,2,0,0,2,1,1,NaN
SUPER_12,14090000,1,0,0,1,0,1,NaN
SUPER_12,14100000,57,5,1,63,28,29,9.833333
SUPER_12,14110000,54,5,2,61,28,26,5
SUPER_12,14120000,2,0,0,2,1,1,NaN
SUPER_12,14130000,5,0,0,5,2,3,NaN
SUPER_12,14140000,1,2,1,4,1,0,3.3333333
SUPER_12,14150000,78,4,8,90,38,40,61
SUPER_12,14160000,86,3,9,98,46,40,26.5
SUPER_12,14170000,78,2,5,85,46,32,8.142858
SUPER_12,14180000,98,7,7,112,51,47,9
SUPER_12,14190000,112,5,6,123,74,38,9.363636
SUPER_12,14200000,109,5,8,122,52,57,6.6923075
SUPER_12,14210000,112,7,11,130,49,63,6.388889
SUPER_12,14220000,73,3,4,80,41,32,2.5714285
SUPER_12,14230000,0,0,0,0,0,0,0
SUPER_12,14240000,0,0,0,0,0,0,0
SUPER_12,14250000,184,11,11,206,104,80,35.136364
SUPER_12,14260000,46,3,1,50,25,21,6.75
SUPER_12,14270000,14,0,2,16,3,11,8
SUPER_12,14280000,70,0,3,73,31,39,12.666667
SUPER_12,14290000,96,7,2,105,46,50,23.11111
SUPER_12,14300000,108,10,14,132,50,58,7.7083335
SUPER_12,14310000,72,3,7,82,42,30,3.5
SUPER_12,14320000,107,6,10,123,69,38,7.1875
SUPER_12,14330000,78,6,5,89,38,40,10.909091
SUPER_12,14340000,115,12,11,138,60,55,7.173913
SUPER_12,14350000,36,4,4,44,20,16,7.125
SUPER_12,14360000,100,3,4,107,52,48,6.285714
SUPER_12,14370000,2,0,1,3,1,1,29
SUPER_12,14380000,4,0,0,4,2,2,NaN
SUPER_12,14390000,2,0,0,2,1,1,NaN
SUPER_12,14400000,1,0,1,2,1,0,8
SUPER_12,14410000,1,1,0,2,1,0,1
SUPER_12,14420000,2,1,0,3,1,1,1
SUPER_12,14430000,2,1,0,3,2,0,1
SUPER_12,14440000,0,0,2,2,0,0,1
SUPER_12,14450000,1,1,0,2,0,1,14
SUPER_12,14460000,1,0,0,1,1,0,NaN
SUPER_12,14470000,0,0,1,1,0,0,8
SUPER_12,14480000,1,0,0,1,0,1,NaN
SUPER_12,14490000,4,0,0,4,2,2,NaN
SUPER_12,14500000,1,0,0,1,0,1,NaN
SUPER_12,14510000,0,0,0,0,0,0,0
SUPER_12,14520000,0,0,0,0,0,0,0
SUPER_12,14530000,0,0,0,0,0,0,0
SUPER_12,14540000,0,0,0,0,0,0,0
SUPER_12,14550000,0,0,0,0,0,0,0
SUPER_12,14560000,17,1,2,20,11,6,6.3333335
SUPER_12,14570000,0,0,0,0,0,0,0
SUPER_12,14580000,0,0,0,0,0,0,0
SUPER_12,14590000,2,3,0,5,0,2,17
SUPER_12,14600000,2,0,0,2,0,2,NaN
SUPER_12,14610000,48,4,4,56,21,27,6.375
SUPER_12,14620000,171,13,11,195,87,84,8.125
SUPER_12,14630000,93,6,3,102,42,51,7.6666665
SUPER_12,14640000,5,0,0,5,4,1,NaN
SUPER_12,14650000,5,1,0,6,3,2,1
SUPER_12,14660000,12,1,1,14,6,6,1
SUPER_12,14670000,14,0,1,15,5,9,1
SUPER_12,14680000,7,0,0,7,4,3,NaN
SUPER_12,14690000,74,4,7,85,33,41,6.090909
SUPER_12,14700000,136,8,8,152,73,63,20.875
SUPER_12,14710000,160,13,6,179,83,77,7.631579
SUPER_12,14720000,0,0,0,0,0,0,0
SUPER_12,14730000,0,0,0,0,0,0,0
SUPER_12,14740000,0,0,0,0,0,0,0
SUPER_12,14750000,261,12,13,286,118,143,4.8
SUPER_12,14760000,88,10,5,103,43,45,10.8
SUPER_12,14770000,8,1,1,10,5,3,7
SUPER_12,14780000,2,0,1,3,1,1,2
SUPER_12,14790000,0,0,0,0,0,0,0
SUPER_12,14800000,0,0,0,0,0,0,0
SUPER_12,14810000,29,1,2,32,17,12,64.333336
SUPER_12,14820000,5,0,0,5,4,1,NaN
SUPER_12,14830000,4,1,0,5,3,1,1
SUPER_12,14840000,1,0,0,1,1,0,NaN
SUPER_12,14850000,74,4,15,93,36,38,33.894737
SUPER_12,14860000,26,3,5,34,10,16,2.875
SUPER_12,14870000,46,7,2,55,25,21,50.22222
SUPER_12,14880000,65,3,5,73,27,38,34.625
SUPER_12,14890000,95,7,12,114,48,47,22.157894
SUPER_12,14900000,29,2,2,33,14,15,1.25
SUPER_12,14910000,48,4,5,57,23,25,79.333336
SUPER_12,14920000,101,4,6,111,55,46,2.8
SUPER_12,14930000,72,7,5,84,36,36,4.5
SUPER_12,14940000,1,0,2,3,0,1,2.5
SUPER_12,14950000,2,0,0,2,1,1,NaN
SUPER_12,14960000,0,1,0,1,0,0,1
SUPER_12,14970000,20,2,2,24,13,7,9.75
SUPER_12,14980000,149,8,11,168,88,61,8.263158
SUPER_12,14990000,104,6,6,116,46,58,4
SUPER_12,15000000,154,12,10,176,77,77,13.772727
SUPER_12,15010000,99,10,10,119,41,58,5.55
SUPER_12,15020000,99,12,15,126,46,53,12.185185
SUPER_12,15030000,105,6,7,118,45,60,4.3846154
SUPER_12,15040000,64,6,6,76,27,37,7.5833335
SUPER_12,15050000,20,2,7,29,15,5,6.4444447
SUPER_12,15060000,103,8,12,123,42,61,7.4
SUPER_12,15070000,21,4,1,26,14,7,4.8
SUPER_12,15080000,0,0,0,0,0,0,0
SUPER_12,15090000,0,0,0,0,0,0,0
SUPER_12,15100000,36,1,3,40,15,21,5.75
SUPER_12,15110000,53,3,2,58,27,26,11
SUPER_12,15120000,69,1,2,72,46,23,6.3333335
SUPER_12,15130000,47,0,2,49,24,23,8
SUPER_12,15140000,46,0,2,48,28,18,4
SUPER_12,15150000,45,5,3,53,21,24,5.5
SUPER_12,15160000,95,9,12,116,33,62,11.095238
SUPER_12,15170000,76,8,9,93,40,36,5.1764708
SUPER_12,15180000,155,11,12,178,82,73,8.826087
SUPER_12,15190000,169,7,18,194,77,92,8.4
SUPER_12,15200000,131,8,4,143,68,63,6.8333335
SUPER_12,15210000,3,1,2,6,2,1,2
SUPER_12,15220000,91,3,8,102,52,39,8.818182
SUPER_12,15230000,4,0,0,4,1,3,NaN
SUPER_12,15240000,2,0,1,3,2,0,18
SUPER_12,15250000,2,2,0,4,1,1,1
SUPER_12,15260000,1,0,0,1,0,1,NaN
SUPER_12,15270000,2,1,0,3,1,1,3
SUPER_12,15280000,6,1,2,9,1,5,1.3333334
SUPER_12,15290000,68,1,8,77,29,39,5.7777777
SUPER_12,15300000,121,5,6,132,59,62,7
SUPER_12,15310000,94,2,11,107,42,52,66.38461
SUPER_12,15320000,157,23,13,193,74,83,13.666667
SUPER_12,15330000,83,11,8,102,36,47,4.263158
SUPER_12,15340000,173,12,13,198,91,82,4.24
SUPER_12,15350000,151,9,9,169,68,83,2.6111112
SUPER_12,15360000,7,1,0,8,2,5,1
SUPER_12,15370000,3,0,0,3,0,3,NaN
SUPER_12,15380000,101,4,7,112,53,48,13.363636
SUPER_12,15390000,103,7,10,120,44,59,15.235294
SUPER_12,15400000,43,6,4,53,22,21,22.7
SUPER_12,15410000,90,5,5,100,50,40,7.4
SUPER_12,15420000,103,10,10,123,51,52,5.65
SUPER_12,15430000,65,8,5,78,40,25,46.692307
SUPER_12,15440000,36,2,0,38,19,17,8
SUPER_12,15450000,4,0,1,5,2,2,2
SUPER_12,15460000,1,0,1,2,1,0,1
SUPER_12,15470000,16,2,1,19,8,8,11
SUPER_12,15480000,79,7,9,95,41,38,5.0625
SUPER_12,15490000,86,2,9,97,40,46,7.2727275
SUPER_12,15500000,23,2,4,29,11,12,4.1666665
SUPER_12,15510000,83,8,8,99,40,43,6.8125
SUPER_12,15520000,81,6,9,96,40,41,4.866667
SUPER_12,15530000,21,1,1,23,10,11,5
SUPER_12,15540000,2,0,0,2,1,1,NaN
SUPER_12,15550000,22,1,2,25,17,5,11.333333
SUPER_12,15560000,7,0,0,7,4,3,NaN
SUPER_12,15570000,7,1,0,8,0,7,2
SUPER_12,15580000,3,0,0,3,1,2,NaN
SUPER_12,15590000,52,3,1,56,18,34,7.75
SUPER_12,15600000,76,6,5,87,30,46,6.6363635
SUPER_12,15610000,64,6,4,74,37,27,5.9
SUPER_12,15620000,93,3,6,102,46,47,6.111111
SUPER_12,15630000,128,9,9,146,64,64,5.4444447
SUPER_12,15640000,100,7,7,114,46,54,4.642857
SUPER_12,15650000,82,7,6,95,51,31,7.8461537
SUPER_12,15660000,133,11,15,159,71,62,5.6538463
SUPER_12,15670000,37,6,5,48,18,19,16.09091
SUPER_12,15680000,1,1,1,3,1,0,7
SUPER_12,15690000,0,0,0,0,0,0,0
SUPER_12,15700000,0,0,0,0,0,0,0
SUPER_12,15710000,10,2,2,14,4,6,1.5
SUPER_12,15720000,1,0,0,1,1,0,NaN
SUPER_12,15730000,2,1,0,3,1,1,1
SUPER_12,15740000,10,1,2,13,6,4,16
SUPER_12,15750000,10,1,1,12,5,5,4
SUPER_12,15760000,8,3,2,13,3,5,13.8
SUPER_12,15770000,80,6,3,89,40,40,8
SUPER_12,15780000,145,21,12,178,68,77,3.8181818
SUPER_12,15790000,106,6,7,119,52,54,15.384615
SUPER_12,15800000,6,1,0,7,1,5,2
SUPER_12,15810000,1,1,0,2,0,1,7
SUPER_12,15820000,66,6,6,78,38,28,10.333333
SUPER_12,15830000,67,5,4,76,34,33,16.777779
SUPER_12,15840000,155,11,12,178,77,78,10.956522
SUPER_12,15850000,92,4,9,105,54,38,7.3076925
SUPER_12,15860000,98,9,10,117,48,50,4.631579
SUPER_12,15870000,66,10,7,83,37,29,10.411765
SUPER_12,15880000,40,4,4,48,26,14,1.75
SUPER_12,15890000,79,7,7,93,42,37,5.785714
SUPER_12,15900000,45,7,6,58,21,24,40.692307
SUPER_12,15910000,12,3,1,16,6,6,2
SUPER_12,15920000,7,1,0,8,3,4,2
SUPER_12,15930000,0,0,0,0,0,0,0
SUPER_12,15940000,0,0,0,0,0,0,0
SUPER_12,15950000,3,0,0,3,2,1,NaN
SUPER_12,15960000,0,0,0,0,0,0,0
SUPER_12,15970000,0,0,0,0,0,0,0
SUPER_12,15980000,2,0,1,3,1,1,2
SUPER_12,15990000,4,0,0,4,2,2,NaN
SUPER_12,16000000,0,0,0,0,0,0,0
SUPER_12,16010000,0,0,0,0,0,0,0
SUPER_12,16020000,97,11,16,124,39,58,6.4814816
SUPER_12,16030000,105,11,9,125,44,61,8.7
SUPER_12,16040000,77,9,7,93,50,27,11.75
SUPER_12,16050000,107,8,13,128,49,58,6.428571
SUPER_12,16060000,119,11,9,139,58,61,3.95
SUPER_12,16070000,105,13,5,123,42,63,25.61111
SUPER_12,16080000,35,8,3,46,20,15,5.6363635
SUPER_12,16090000,125,5,13,143,61,64,9.055555
SUPER_12,16100000,144,6,11,161,67,77,8.882353
SUPER_12,16110000,183,15,5,203,94,89,6.75
SUPER_12,16120000,182,16,9,207,96,86,7.52
SUPER_12,16130000,50,4,6,60,21,29,5.3
SUPER_12,16140000,89,12,5,106,54,35,5.470588
SUPER_12,16150000,1,0,0,1,1,0,NaN
SUPER_12,16160000,21,0,1,22,11,10,1
SUPER_12,16170000,163,8,13,184,77,86,9.952381
SUPER_12,16180000,138,5,8,151,67,71,29.461538
SUPER_12,16190000,157,9,11,177,86,71,7.7
SUPER_12,16200000,50,5,0,55,25,25,1.2
SUPER_12,16210000,3,0,1,4,3,0,1
SUPER_12,16220000,22,7,5,34,12,10,8
SUPER_12,16230000,73,6,4,83,34,39,6.1
SUPER_12,16240000,105,8,7,120,53,52,33.933334
SUPER_12,16250000,47,5,12,64,25,22,15.764706
SUPER_12,16260000,51,7,2,60,23,28,7.111111
SUPER_12,16270000,0,0,0,0,0,0,0
SUPER_12,16280000,0,0,0,0,0,0,0
SUPER_12,16290000,0,0,0,0,0,0,0
SUPER_12,16300000,3,0,0,3,2,1,NaN
SUPER_12,16310000,1,0,0,1,1,0,NaN
SUPER_12,16320000,45,5,7,57,19,26,2.5
SUPER_12,16330000,63,5,7,75,27,36,4
SUPER_12,16340000,69,6,7,82,31,38,6.3846154
SUPER_12,16350000,48,0,5,53,26,22,5.2
SUPER_12,16360000,2,0,1,3,0,2,1
SUPER_12,16370000,2,1,0,3,0,2,1
SUPER_12,16380000,79,7,6,92,37,42,4.769231
SUPER_12,16390000,149,8,8,165,74,75,3.8125
SUPER_12,16400000,166,7,16,189,84,82,7.173913
SUPER_12,16410000,48,4,4,56,18,30,4.375
SUPER_12,16420000,45,1,0,46,23,22,8
SUPER_12,16430000,59,1,3,63,36,23,92.5
SUPER_12,16440000,33,1,1,35,24,9,5
SUPER_12,16450000,102,8,3,113,57,45,11.181818
SUPER_12,16460000,81,8,4,93,47,34,5.5833335
SUPER_12,16470000,0,0,0,0,0,0,0
SUPER_12,16480000,0,0,0,0,0,0,0
SUPER_12,16490000,82,6,6,94,44,38,11.916667
SUPER_12,16500000,2,0,0,2,0,2,NaN
SUPER_12,16510000,2,0,0,2,0,2,NaN
SUPER_12,16520000,3,0,1,4,1,2,1
SUPER_12,16530000,1,0,1,2,0,1,1
SUPER_12,16540000,0,0,0,0,0,0,0
SUPER_12,16550000,0,0,0,0,0,0,0
SUPER_12,16560000,4,0,0,4,1,3,NaN
SUPER_12,16570000,1,1,1,3,0,1,1
SUPER_12,16580000,6,1,0,7,3,3,6
SUPER_12,16590000,0,0,0,0,0,0,0
SUPER_12,16600000,0,0,0,0,0,0,0
SUPER_12,16610000,70,2,12,84,40,30,3.7857144
SUPER_12,16620000,29,2,2,33,13,16,3.25
SUPER_12,16630000,64,4,0,68,39,25,3
SUPER_12,16640000,35,0,1,36,21,14,1
SUPER_12,16650000,62,3,6,71,29,33,5.6666665
SUPER_12,16660000,75,8,4,87,36,39,4
SUPER_12,16670000,119,4,6,129,65,54,12.4
SUPER_12,16680000,27,0,1,28,15,12,1
SUPER_12,16690000,106,6,11,123,50,56,33.64706
SUPER_12,16700000,93,8,2,103,41,52,11.5
SUPER_12,16710000,72,4,9,85,35,37,3.0769231
SUPER_12,16720000,170,13,15,198,88,82,9.392858
SUPER_12,16730000,113,8,4,125,56,57,4.0833335
SUPER_12,16740000,0,0,0,0,0,0,0
SUPER_12,16750000,0,0,0,0,0,0,0
SUPER_12,16760000,0,0,0,0,0,0,0
SUPER_12,16770000,0,0,0,0,0,0,0
SUPER_12,16780000,0,0,0,0,0,0,0
SUPER_12,16790000,0,0,0,0,0,0,0
SUPER_12,16800000,44,4,3,51,22,22,4
SUPER_12,16810000,49,4,4,57,23,26,14.25
SUPER_12,16820000,110,9,6,125,55,55,10.4
SUPER_12,16830000,73,1,2,76,38,35,6
SUPER_12,16840000,32,2,3,37,16,16,1.2
SUPER_12,16850000,30,2,3,35,17,13,8.6
SUPER_12,16860000,2,0,0,2,1,1,NaN
SUPER_12,16870000,1,0,0,1,1,0,NaN
SUPER_12,16880000,1,0,0,1,1,0,NaN
SUPER_12,16890000,5,1,0,6,3,2,14
SUPER_12,16900000,1,0,0,1,0,1,NaN
SUPER_12,16910000,1,0,1,2,1,0,1
SUPER_12,16920000,0,0,0,0,0,0,0
SUPER_12,16930000,0,0,0,0,0,0,0
SUPER_12,16940000,0,0,0,0,0,0,0
SUPER_12,16950000,0,0,0,0,0,0,0
SUPER_12,16960000,9,2,2,13,4,5,12.75
SUPER_12,16970000,1,0,0,1,1,0,NaN
SUPER_12,16980000,1,0,0,1,1,0,NaN
SUPER_12,16990000,4,0,0,4,2,2,NaN
SUPER_12,17000000,4,0,3,7,0,4,8.333333
SUPER_12,17010000,82,2,6,90,60,22,8.875
SUPER_12,17020000,121,6,6,133,79,42,3.0833333
SUPER_12,17030000,52,3,2,57,23,29,7
SUPER_12,17040000,58,3,3,64,29,29,4.1666665
SUPER_12,17050000,43,2,2,47,30,13,6.5
SUPER_12,17060000,126,3,13,142,68,58,20.8125
SUPER_12,17070000,110,9,6,125,62,48,8.066667
SUPER_12,17080000,139,6,4,149,71,68,37.1
SUPER_12,17090000,123,10,6,139,76,47,6.4375
SUPER_12,17100000,143,10,10,163,74,69,37.8
SUPER_12,17110000,166,11,15,192,81,85,10.153846
SUPER_12,17120000,140,15,18,173,80,60,6.6666665
SUPER_12,17130000,126,7,3,136,67,59,4.9
SUPER_12,17140000,47,5,4,56,32,15,6.5555553
SUPER_12,17150000,66,6,6,78,36,30,5
SUPER_12,17160000,71,5,8,84,36,35,5.1538463
SUPER_12,17170000,86,3,4,93,41,45,1.8571428
SUPER_12,17180000,114,12,9,135,60,54,3.6190476
SUPER_12,17190000,81,3,6,90,39,42,1.7777778
SUPER_12,17200000,89,8,3,100,48,41,7
SUPER_12,17210000,53,5,9,67,20,33,13.285714
SUPER_12,17220000,3,0,0,3,2,1,NaN
SUPER_12,17230000,4,0,0,4,3,1,NaN
SUPER_12,17240000,5,0,1,6,3,2,2
SUPER_12,17250000,1,0,1,2,1,0,1
SUPER_12,17260000,5,0,1,6,1,4,20
SUPER_12,17270000,49,2,0,51,21,28,1
SUPER_12,17280000,60,2,0,62,35,25,25
SUPER_12,17290000,0,0,0,0,0,0,0
SUPER_12,17300000,0,0,0,0,0,0,0
SUPER_12,17310000,9,1,0,10,6,3,20
SUPER_12,17320000,0,0,0,0,0,0,0
SUPER_12,17330000,0,0,0,0,0,0,0
SUPER_12,17340000,0,0,0,0,0,0,0
SUPER_12,17350000,7,1,0,8,5,2,1
SUPER_12,17360000,84,4,6,94,42,42,12.4
SUPER_12,17370000,142,9,12,163,75,67,11.476191
SUPER_12,17380000,86,9,4,99,41,45,2
SUPER_12,17390000,2,1,0,3,1,1,8
SUPER_12,17400000,94,6,5,105,46,48,3.7272727
SUPER_12,17410000,1,0,0,1,1,0,NaN
SUPER_12,17420000,17,6,0,23,8,9,4.3333335
SUPER_12,17430000,17,1,2,20,9,8,16.666666
SUPER_12,17440000,5,0,1,6,4,1,8
SUPER_12,17450000,2,0,0,2,0,2,NaN
SUPER_12,17460000,5,0,0,5,3,2,NaN
SUPER_12,17470000,64,4,1,69,32,32,4
SUPER_12,17480000,0,0,0,0,0,0,0
SUPER_12,17490000,0,0,0,0,0,0,0
SUPER_12,17500000,125,10,12,147,47,78,2.8636363
SUPER_12,17510000,166,12,10,188,96,70,14.863636
SUPER_12,17520000,18,1,3,22,10,8,3.75
SUPER_12,17530000,111,4,8,123,42,69,2.0833333
SUPER_12,17540000,160,6,6,172,78,82,11.416667
SUPER_12,17550000,89,5,5,99,49,40,27.3
SUPER_12,17560000,3,0,1,4,2,1,1
SUPER_12,17570000,2,1,0,3,2,0,2
SUPER_12,17580000,149,6,17,172,74,75,3.7391305
SUPER_12,17590000,145,16,3,164,76,69,8.947369
SUPER_12,17600000,140,8,10,158,68,72,8.222222
SUPER_12,17610000,22,0,2,24,10,12,18
SUPER_12,17620000,149,12,7,168,73,76,14.315789
SUPER_12,17630000,142,14,10,166,69,73,8.208333
SUPER_12,17640000,111,12,10,133,53,58,11.727273
SUPER_12,17650000,62,4,6,72,29,33,14.4
SUPER_12,17660000,68,5,2,75,35,33,2.4285715
SUPER_12,17670000,105,13,5,123,62,43,6.7222223
SUPER_12,17680000,174,8,15,197,91,83,28.391304
SUPER_12,17690000,134,12,7,153,64,70,7.4210525
SUPER_12,17700000,161,7,5,173,92,69,6.25
SUPER_12,17710000,37,2,1,40,25,12,6.6666665
SUPER_12,17720000,131,5,8,144,69,62,4.076923
SUPER_12,17730000,101,3,2,106,56,45,17.2
SUPER_12,17740000,47,3,3,53,23,24,12
SUPER_12,17750000,51,7,1,59,30,21,2.5
SUPER_12,17760000,136,6,6,148,70,66,4
SUPER_12,17770000,141,6,11,158,74,67,8.411765
SUPER_12,17780000,120,6,6,132,65,55,9
SUPER_12,17790000,123,9,5,137,58,65,17.428572
SUPER_12,17800000,3,1,0,4,1,2,27
SUPER_12,17810000,7,0,0,7,5,2,NaN
SUPER_12,17820000,3,0,0,3,3,0,NaN
SUPER_12,17830000,1,2,0,3,1,0,1
SUPER_12,17840000,1,0,1,2,0,1,1
SUPER_12,17850000,4,1,0,5,3,1,1
SUPER_12,17860000,3,1,0,4,0,3,2
SUPER_12,17870000,0,1,0,1,0,0,1
SUPER_12,17880000,1,0,0,1,1,0,NaN
SUPER_12,17890000,4,0,0,4,3,1,NaN
SUPER_12,17900000,2,1,0,3,1,1,16
SUPER_12,17910000,3,0,0,3,1,2,NaN
SUPER_12,17920000,3,0,0,3,3,0,NaN
SUPER_12,17930000,1,0,1,2,1,0,1
SUPER_12,17940000,3,1,1,5,1,2,1.5
SUPER_12,17950000,2,1,0,3,1,1,4
SUPER_12,17960000,34,1,6,41,17,17,6
SUPER_12,17970000,18,3,4,25,11,7,11.142858
SUPER_12,17980000,94,6,3,103,52,42,6.2222223
SUPER_12,17990000,156,8,12,176,85,71,21.45
SUPER_12,18000000,0,0,0,0,0,0,0
SUPER_12,18010000,0,0,0,0,0,0,0
SUPER_12,18020000,147,11,14,172,74,73,21.76
SUPER_12,18030000,51,6,5,62,35,16,6.3636365
SUPER_12,18040000,61,4,4,69,27,34,9.875
SUPER_12,18050000,63,4,5,72,34,29,8.888889
SUPER_12,18060000,83,7,0,90,47,36,3.857143
SUPER_12,18070000,222,17,13,252,127,95,4.4333334
SUPER_12,18080000,223,15,9,247,103,120,5.375
SUPER_12,18090000,55,2,3,60,29,26,1.8
SUPER_12,18100000,44,4,4,52,28,16,9.625
SUPER_12,18110000,21,0,2,23,14,7,44.5
SUPER_12,18120000,68,8,4,80,37,31,4.4166665
SUPER_12,18130000,279,22,24,325,142,137,26.652174
SUPER_12,18140000,128,5,5,138,64,64,9
SUPER_12,18150000,108,10,2,120,61,47,4.8333335
SUPER_12,18160000,30,3,1,34,16,14,7.5
SUPER_12,18170000,33,3,6,42,20,13,2.6666667
SUPER_12,18180000,37,1,3,41,21,16,139.75
SUPER_12,18190000,88,11,6,105,44,44,5.352941
SUPER_12,18200000,156,11,14,181,85,71,4
SUPER_12,18210000,81,11,8,100,37,44,9.473684
SUPER_12,18220000,25,4,1,30,12,13,12.2
SUPER_12,18230000,17,3,3,23,8,9,1.6666666
SUPER_12,18240000,22,0,0,22,17,5,NaN
SUPER_12,18250000,46,4,4,54,27,19,4.5
SUPER_12,18260000,134,6,13,153,60,74,31.631578
SUPER_12,18270000,84,10,7,101,42,42,8.058824
SUPER_12,18280000,83,4,8,95,39,44,2.5
SUPER_12,18290000,131,8,8,147,74,57,14.875
SUPER_12,18300000,71,2,5,78,41,30,8.571428
SUPER_12,18310000,136,9,7,152,65,71,7.375
SUPER_12,18320000,53,2,8,63,25,28,4.6
SUPER_12,18330000,161,11,16,188,71,90,3.9629629
SUPER_12,18340000,39,0,3,42,19,20,63
SUPER_12,18350000,2,0,0,2,1,1,NaN
SUPER_12,18360000,3,0,0,3,1,2,NaN
SUPER_12,18370000,85,5,5,95,45,40,34.9
SUPER_12,18380000,177,12,14,203,81,96,16.115385
SUPER_12,18390000,133,15,14,162,70,63,6.0689654
SUPER_12,18400000,140,15,9,164,81,59,16.583334
SUPER_12,18410000,20,3,2,25,9,11,40
SUPER_12,18420000,2,0,0,2,2,0,NaN
SUPER_12,18430000,2,1,0,3,0,2,1
SUPER_12,18440000,81,9,6,96,35,46,9.6
SUPER_12,18450000,123,9,9,141,58,65,7.8333335
SUPER_12,18460000,78,8,9,95,39,39,8.764706
SUPER_12,18470000,78,10,8,96,39,39,9.055555
SUPER_12,18480000,180,12,6,198,106,74,7.9444447
SUPER_12,18490000,103,8,8,119,59,44,4.125
SUPER_12,18500000,98,5,9,112,52,46,5.285714
SUPER_12,18510000,113,11,10,134,51,62,23.47619
SUPER_12,18520000,97,5,16,118,51,46,47.904762
SUPER_12,18530000,21,1,3,25,8,13,1.75
SUPER_12,18540000,60,9,5,74,26,34,6.428571
SUPER_12,18550000,112,4,8,124,53,59,4
SUPER_12,18560000,152,13,6,171,72,80,14.315789
SUPER_12,18570000,122,7,7,136,60,62,13
SUPER_12,18580000,111,5,6,122,54,57,5.6363635
SUPER_12,18590000,49,3,7,59,28,21,7.3
SUPER_12,18600000,48,5,2,55,29,19,10.428572
SUPER_12,18610000,68,5,4,77,37,31,2.5555556
SUPER_12,18620000,130,8,14,152,61,69,7.318182
SUPER_12,18630000,48,3,5,56,19,29,2.25
SUPER_12,18640000,98,7,11,116,50,48,11.055555
SUPER_12,18650000,128,7,12,147,58,70,9.526316
SUPER_12,18660000,51,6,5,62,18,33,6.818182
SUPER_12,18670000,103,19,9,131,61,42,8.107142
SUPER_12,18680000,46,4,3,53,20,26,4.571429
SUPER_12,18690000,63,5,5,73,22,41,3.5
SUPER_12,18700000,4,0,0,4,2,2,NaN
SUPER_12,18710000,2,0,0,2,0,2,NaN
SUPER_12,18720000,27,4,1,32,10,17,1.2
SUPER_12,18730000,94,9,6,109,42,52,23.866667
SUPER_12,18740000,64,9,3,76,32,32,4.1666665
SUPER_12,18750000,11,0,4,15,5,6,6
SUPER_12,18760000,4,1,1,6,2,2,57
SUPER_12,18770000,59,3,4,66,20,39,1.8571428
SUPER_12,18780000,63,6,6,75,26,37,12
SUPER_12,18790000,48,2,3,53,22,26,7
SUPER_12,18800000,84,9,7,100,29,55,4.8125
SUPER_12,18810000,102,2,7,111,57,45,2.8888888
SUPER_12,18820000,0,0,0,0,0,0,0
SUPER_12,18830000,0,0,0,0,0,0,0
SUPER_12,18840000,12,1,0,13,4,8,13
SUPER_12,18850000,4,0,0,4,0,4,NaN
SUPER_12,18860000,0,0,0,0,0,0,0
SUPER_12,18870000,0,0,0,0,0,0,0
SUPER_12,18880000,0,0,0,0,0,0,0
SUPER_12,18890000,0,0,0,0,0,0,0
SUPER_12,18900000,22,2,2,26,13,9,2.75
SUPER_12,18910000,2,1,0,3,1,1,3
SUPER_12,18920000,3,0,0,3,0,3,NaN
SUPER_12,18930000,3,0,1,4,2,1,2
SUPER_12,18940000,1,0,0,1,1,0,NaN
SUPER_12,18950000,1,0,1,2,0,1,1
SUPER_12,18960000,3,0,2,5,1,2,8
SUPER_12,18970000,3,1,0,4,1,2,2
SUPER_12,18980000,21,1,2,24,16,5,5
SUPER_12,18990000,76,1,9,86,34,42,8.3
SUPER_12,19000000,83,8,11,102,42,41,21.736841
SUPER_12,19010000,82,8,8,98,43,39,5.25
SUPER_12,19020000,13,2,0,15,9,4,5
SUPER_12,19030000,27,4,3,34,15,12,2.857143
SUPER_12,19040000,6,2,1,9,4,2,4
SUPER_12,19050000,28,5,3,36,17,11,15.5
SUPER_12,19060000,28,6,3,37,18,10,5.111111
SUPER_12,19070000,93,2,6,101,46,47,4.375
SUPER_12,19080000,100,3,6,109,50,50,1.8888888
SUPER_12,19090000,142,6,12,160,70,72,4.9444447
SUPER_12,19100000,65,2,10,77,29,36,10
SUPER_12,19110000,100,7,5,112,43,57,3.8333333
SUPER_12,19120000,0,0,1,1,0,0,2
SUPER_12,19130000,1,1,0,2,0,1,1
SUPER_12,19140000,0,0,1,1,0,0,1
SUPER_12,19150000,26,2,2,30,13,13,83
SUPER_12,19160000,7,1,1,9,3,4,2.5
SUPER_12,19170000,16,1,1,18,8,8,3
SUPER_12,19180000,131,10,13,154,67,64,12.347826
SUPER_12,19190000,63,5,4,72,28,35,4.7777777
SUPER_12,19200000,97,3,9,109,52,45,10.583333
SUPER_12,19210000,32,1,6,39,16,16,15.285714
SUPER_12,19220000,5,0,0,5,2,3,NaN
SUPER_12,19230000,6,0,2,8,3,3,3
SUPER_12,19240000,12,0,1,13,6,6,46
SUPER_12,19250000,89,6,6,101,51,38,7.8333335
SUPER_12,19260000,141,12,12,165,76,65,11.291667
SUPER_12,19270000,53,2,4,59,31,22,1.3333334
SUPER_12,19280000,82,7,5,94,45,37,66
SUPER_12,19290000,157,12,9,178,84,73,3.8095238
SUPER_12,19300000,172,15,10,197,88,84,15.52
SUPER_12,19310000,61,1,4,66,29,32,10.2
SUPER_12,19320000,11,0,1,12,3,8,4
SUPER_12,19330000,56,7,4,67,26,30,13.545455
SUPER_12,19340000,37,5,5,47,19,18,6.8
SUPER_12,19350000,71,4,5,80,33,38,4.6666665
SUPER_12,19360000,10,1,1,12,7,3,11
SUPER_12,19370000,0,0,0,0,0,0,0
SUPER_12,19380000,0,0,0,0,0,0,0
SUPER_12,19390000,62,2,4,68,31,31,10.5
SUPER_12,19400000,92,9,3,104,47,45,8.166667
SUPER_12,19410000,110,14,8,132,56,54,5
SUPER_12,19420000,97,9,12,118,53,44,6.2380953
SUPER_12,19430000,112,6,11,129,54,58,7.647059
SUPER_12,19440000,83,9,16,108,42,41,13.64
SUPER_12,19450000,101,12,6,119,56,45,5.9444447
SUPER_12,19460000,129,11,10,150,67,62,7.1904764
SUPER_12,19470000,129,7,9,145,67,62,3.75
SUPER_12,19480000,33,3,4,40,16,17,2.2857144
SUPER_12,19490000,65,7,5,77,28,37,6.5
SUPER_12,19500000,46,2,2,50,19,27,1
SUPER_12,19510000,74,12,5,91,28,46,18.647058
SUPER_12,19520000,24,1,3,28,13,11,57
SUPER_12,19530000,94,7,7,108,48,46,11.5
SUPER_12,19540000,28,2,4,34,16,12,3.8333333
SUPER_12,19550000,12,1,2,15,6,6,1
SUPER_12,19560000,128,12,12,152,67,61,7.125
SUPER_12,19570000,37,1,3,41,22,15,2
SUPER_12,19580000,85,6,6,97,32,53,12
SUPER_12,19590000,75,5,8,88,44,31,15.307693
SUPER_12,19600000,23,0,2,25,13,10,1
SUPER_12,19610000,127,7,7,141,66,61,10.714286
SUPER_12,19620000,40,3,4,47,23,17,1.2857143
SUPER_12,19630000,154,7,3,164,68,86,6.8
SUPER_12,19640000,3,0,0,3,2,1,NaN
SUPER_12,19650000,1,0,0,1,1,0,NaN
SUPER_12,19660000,1,0,0,1,1,0,NaN
SUPER_12,19670000,2,0,0,2,1,1,NaN
SUPER_12,19680000,30,1,1,32,18,12,3
SUPER_12,19690000,154,7,15,176,92,62,4.681818
SUPER_12,19700000,124,7,3,134,73,51,5.1
SUPER_12,19710000,120,5,10,135,62,58,5.866667
SUPER_12,19720000,122,5,5,132,69,53,10.3
SUPER_12,19730000,23,1,2,26,9,14,9
SUPER_12,19740000,149,18,7,174,85,64,8.4
SUPER_12,19750000,2,1,0,3,2,0,4
SUPER_12,19760000,1,1,0,2,0,1,5
SUPER_12,19770000,0,1,0,1,0,0,1
SUPER_12,19780000,1,0,0,1,1,0,NaN
SUPER_12,19790000,0,0,0,0,0,0,0
SUPER_12,19800000,0,0,0,0,0,0,0
SUPER_12,19810000,5,1,0,6,0,5,2
SUPER_12,19820000,9,2,0,11,6,3,22
SUPER_12,19830000,88,4,4,96,47,41,13.125
SUPER_12,19840000,94,8,4,106,43,51,8.75
SUPER_12,19850000,102,5,8,115,64,38,7.3076925
SUPER_12,19860000,86,7,9,102,35,51,12.6875
SUPER_12,19870000,162,6,7,175,82,80,12.461538
SUPER_12,19880000,148,7,9,164,77,71,4.875
SUPER_12,19890000,48,5,2,55,25,23,5.714286
SUPER_12,19900000,80,4,8,92,47,33,3.25
SUPER_12,19910000,159,9,9,177,83,76,5
SUPER_12,19920000,88,8,4,100,40,48,8.583333
SUPER_12,19930000,76,5,3,84,34,42,5.375
SUPER_12,19940000,40,7,1,48,24,16,11
SUPER_12,19950000,138,8,11,157,71,67,5.631579
SUPER_12,19960000,140,9,7,156,81,59,4
SUPER_12,19970000,147,11,12,170,81,66,11.478261
SUPER_12,19980000,0,0,0,0,0,0,0
SUPER_12,19990000,0,0,0,0,0,0,0
SUPER_12,20000000,152,7,8,167,79,73,12.8
SUPER_12,20010000,137,9,8,154,70,67,5
SUPER_12,20020000,37,3,3,43,21,16,10
SUPER_12,20030000,78,7,3,88,45,33,8
SUPER_12,20040000,51,2,2,55,32,19,1.75
SUPER_12,20050000,81,5,7,93,41,40,4.5833335
SUPER_12,20060000,148,10,14,172,80,68,9.375
SUPER_12,20070000,98,14,2,114,56,42,4.4375
SUPER_12,20080000,86,8,11,105,45,41,11.578947
SUPER_12,20090000,0,0,0,0,0,0,0
SUPER_12,20100000,0,0,0,0,0,0,0
SUPER_12,20110000,202,12,14,228,114,88,6
SUPER_12,20120000,26,1,2,29,15,11,34
SUPER_12,20130000,102,10,5,117,56,46,4.133333
SUPER_12,20140000,163,9,9,181,81,82,3.2222223
SUPER_12,20150000,96,5,2,103,47,49,10.857142
SUPER_12,20160000,99,6,1,106,59,40,5.571429
SUPER_12,20170000,85,3,4,92,38,47,10.285714
SUPER_12,20180000,7,0,1,8,4,3,1
SUPER_12,20190000,62,8,7,77,28,34,2.3333333
SUPER_12,20200000,125,8,7,140,72,53,5.266667
SUPER_12,20210000,63,2,6,71,27,36,30.375
SUPER_12,20220000,80,1,7,88,42,38,5
SUPER_12,20230000,20,2,1,23,13,7,3.6666667
SUPER_12,20240000,130,11,13,154,65,65,26
SUPER_12,20250000,135,8,6,149,78,57,8.714286
SUPER_12,20260000,35,1,3,39,25,10,3.25
SUPER_12,20270000,96,9,8,113,54,42,2.2941177
SUPER_12,20280000,176,14,10,200,91,85,6.6666665
SUPER_12,20290000,90,6,3,99,49,41,4.2222223
SUPER_12,20300000,0,0,0,0,0,0,0
SUPER_12,20310000,0,0,0,0,0,0,0
SUPER_12,20320000,264,16,16,296,141,123,9.40625
SUPER_12,20330000,0,0,0,0,0,0,0
SUPER_12,20340000,0,0,0,0,0,0,0
SUPER_12,20350000,0,0,0,0,0,0,0
SUPER_12,20360000,58,2,9,69,34,24,8
SUPER_12,20370000,36,0,2,38,23,13,2
SUPER_12,20380000,13,1,4,18,7,6,6.6
SUPER_12,20390000,0,1,0,1,0,0,8
SUPER_12,20400000,53,5,3,61,31,22,3.875
SUPER_12,20410000,134,11,7,152,68,66,6.4444447
SUPER_12,20420000,89,5,6,100,48,41,4.818182
SUPER_12,20430000,152,9,10,171,77,75,10.210526
SUPER_12,20440000,83,14,12,109,42,41,9.884615
SUPER_12,20450000,174,12,6,192,80,94,3.3888888
SUPER_12,20460000,132,5,12,149,68,64,6.4117646
SUPER_12,20470000,222,11,10,243,113,109,5.5238094
SUPER_12,20480000,195,16,14,225,106,89,4.9
SUPER_12,20490000,100,13,7,120,50,50,24.85
SUPER_12,20500000,159,10,15,184,93,66,7.16
SUPER_12,20510000,124,7,5,136,56,68,5.8333335
SUPER_12,20520000,0,0,2,2,0,0,4
SUPER_12,20530000,6,0,1,7,3,3,2
SUPER_12,20540000,1,1,0,2,1,0,12
SUPER_12,20550000,1,0,0,1,0,1,NaN
SUPER_12,20560000,26,0,5,31,12,14,13.8
SUPER_12,20570000,125,10,10,145,67,58,14.65
SUPER_12,20580000,23,0,0,23,14,9,NaN
SUPER_12,20590000,63,6,3,72,29,34,14.111111
SUPER_12,20600000,137,11,6,154,71,66,9.882353
SUPER_12,20610000,134,12,12,158,70,64,6.875
SUPER_12,20620000,105,7,11,123,39,66,5.5555553
SUPER_12,20630000,108,10,9,127,56,52,4.2105265
SUPER_12,20640000,3,1,0,4,2,1,4
SUPER_12,20650000,3,0,0,3,1,2,NaN
SUPER_12,20660000,0,0,1,1,0,0,1
SUPER_12,20670000,3,0,0,3,3,0,NaN
SUPER_12,20680000,10,1,0,11,4,6,2
SUPER_12,20690000,0,0,0,0,0,0,0
SUPER_12,20700000,0,0,0,0,0,0,0
SUPER_12,20710000,102,12,8,122,55,47,10
SUPER_12,20720000,131,7,12,150,66,65,11.052631
SUPER_12,20730000,0,0,0,0,0,0,0
SUPER_12,20740000,0,0,0,0,0,0,0
SUPER_12,20750000,27,1,3,31,12,15,4.75
SUPER_12,20760000,1,0,0,1,1,0,NaN
SUPER_12,20770000,33,3,2,38,15,18,67.8
SUPER_12,20780000,198,14,12,224,97,101,5.1538463
SUPER_12,20790000,100,5,9,114,60,40,9.5
SUPER_12,20800000,83,9,3,95,38,45,9.166667
SUPER_12,20810000,24,2,1,27,14,10,4
SUPER_12,20820000,15,2,6,23,7,8,3.25
SUPER_12,20830000,99,6,4,109,60,39,3
SUPER_12,20840000,0,0,0,0,0,0,0
SUPER_12,20850000,0,0,0,0,0,0,0
SUPER_12,20860000,0,0,0,0,0,0,0
SUPER_12,20870000,142,9,11,162,81,61,4.6
SUPER_12,20880000,2,0,0,2,0,2,NaN
SUPER_12,20890000,0,0,0,0,0,0,0
SUPER_12,20900000,0,0,0,0,0,0,0
SUPER_12,20910000,2,1,0,3,1,1,17
SUPER_12,20920000,2,1,0,3,2,0,1
SUPER_12,20930000,5,1,0,6,1,4,3
SUPER_12,20940000,108,9,8,125,57,51,16.058823
SUPER_12,20950000,128,6,11,145,64,64,11.411765
SUPER_12,20960000,168,14,15,197,75,93,11.586206
SUPER_12,20970000,123,8,8,139,61,62,5.5625
SUPER_12,20980000,148,6,12,166,79,69,7.2222223
SUPER_12,20990000,102,6,4,112,60,42,3.6
SUPER_12,21000000,149,7,11,167,85,64,10.222222
SUPER_12,21010000,54,5,2,61,30,24,3.7142856
SUPER_12,21020000,33,2,2,37,20,13,2.25
SUPER_12,21030000,138,10,2,150,68,70,2.6666667
SUPER_12,21040000,115,2,10,127,55,60,5.0833335
SUPER_12,21050000,133,5,14,152,66,67,17.052631
SUPER_12,21060000,179,11,8,198,93,86,6.4736843
SUPER_12,21070000,96,6,0,102,47,49,2.8333333
SUPER_12,21080000,171,12,16,199,85,86,23.178572
SUPER_12,21090000,96,6,5,107,48,48,3.7272727
SUPER_12,21100000,80,8,8,96,45,35,5
SUPER_12,21110000,110,9,14,133,55,55,27.695652
SUPER_12,21120000,173,10,10,193,96,77,2.9
SUPER_12,21130000,135,4,4,143,73,62,7.875
SUPER_12,21140000,109,7,11,127,62,47,5.1666665
SUPER_12,21150000,109,4,6,119,51,58,9.7
SUPER_12,21160000,0,0,0,0,0,0,0
SUPER_12,21170000,0,0,0,0,0,0,0
SUPER_12,21180000,3,1,0,4,1,2,1
SUPER_12,21190000,3,0,0,3,3,0,NaN
SUPER_12,21200000,3,1,0,4,0,3,12
SUPER_12,21210000,1,0,0,1,0,1,NaN
SUPER_12,21220000,38,1,3,42,23,15,3.5
SUPER_12,21230000,102,4,8,114,55,47,22.916666
SUPER_12,21240000,97,8,11,116,58,39,13.263158
SUPER_12,21250000,61,3,6,70,27,34,18.555555
SUPER_12,21260000,129,6,8,143,74,55,29.214285
SUPER_12,21270000,122,12,9,143,68,54,5.714286
SUPER_12,21280000,48,2,2,52,21,27,3.75
SUPER_12,21290000,1,0,0,1,0,1,NaN
SUPER_12,21300000,1,0,0,1,1,0,NaN
SUPER_12,21310000,3,0,0,3,2,1,NaN
SUPER_12,21320000,2,0,0,2,2,0,NaN
SUPER_12,21330000,74,7,3,84,38,36,4.7
SUPER_12,21340000,144,5,8,157,74,70,24
SUPER_12,21350000,175,14,9,198,93,82,11.391304
SUPER_12,21360000,158,7,7,172,89,69,9.142858
SUPER_12,21370000,120,10,7,137,56,64,10.3529415
SUPER_12,21380000,93,5,6,104,43,50,8.454545
SUPER_12,21390000,59,3,5,67,29,30,6.875
SUPER_12,21400000,109,6,6,121,59,50,8.916667
SUPER_12,21410000,100,6,8,114,48,52,4.857143
SUPER_12,21420000,61,4,7,72,27,34,5.7272725
SUPER_12,21430000,1,0,0,1,1,0,NaN
SUPER_12,21440000,5,0,0,5,4,1,NaN
SUPER_12,21450000,3,0,0,3,3,0,NaN
SUPER_12,21460000,1,1,0,2,0,1,6
SUPER_12,21470000,0,1,0,1,0,0,1
SUPER_12,21480000,6,1,2,9,3,3,1.6666666
SUPER_12,21490000,0,0,1,1,0,0,9
SUPER_12,21500000,4,1,0,5,3,1,5
SUPER_12,21510000,5,0,0,5,1,4,NaN
SUPER_12,21520000,3,0,0,3,0,3,NaN
SUPER_12,21530000,2,0,2,4,1,1,5
SUPER_12,21540000,6,1,0,7,4,2,1
SUPER_12,21550000,5,1,2,8,2,3,18.333334
SUPER_12,21560000,2,0,0,2,2,0,NaN
SUPER_12,21570000,1,0,0,1,0,1,NaN
SUPER_12,21580000,1,0,0,1,0,1,NaN
SUPER_12,21590000,2,1,0,3,1,1,2
SUPER_12,21600000,13,0,0,13,5,8,NaN
SUPER_12,21610000,15,2,3,20,9,6,147.2
SUPER_12,21620000,86,5,5,96,52,34,3.1
SUPER_12,21630000,102,10,8,120,57,45,4.111111
SUPER_12,21640000,45,4,6,55,25,20,6.9
SUPER_12,21650000,79,3,8,90,37,42,9.545455
SUPER_12,21660000,119,9,16,144,61,58,46.4
SUPER_12,21670000,181,15,11,207,83,98,9.807693
SUPER_12,21680000,93,7,10,110,51,42,4.647059
SUPER_12,21690000,79,3,6,88,46,33,5.5555553
SUPER_12,21700000,166,11,11,188,70,96,6
SUPER_12,21710000,153,12,9,174,82,71,9.619047
SUPER_12,21720000,101,5,13,119,49,52,5.0555553
SUPER_12,21730000,55,6,1,62,36,19,4
SUPER_12,21740000,2,0,0,2,2,0,NaN
SUPER_12,21750000,2,0,0,2,1,1,NaN
SUPER_12,21760000,0,0,1,1,0,0,10
SUPER_12,21770000,63,3,1,67,43,20,5.75
SUPER_12,21780000,77,9,2,88,39,38,4.909091
SUPER_12,21790000,117,5,7,129,63,54,3.8333333
SUPER_12,21800000,166,14,10,190,86,80,2.7916667
SUPER_12,21810000,152,7,10,169,87,65,7.529412
SUPER_12,21820000,145,12,9,166,78,67,5.047619
SUPER_12,21830000,121,12,5,138,57,64,13.294118
SUPER_12,21840000,114,7,7,128,62,52,9.071428
SUPER_12,21850000,52,4,5,61,31,21,11.444445
SUPER_12,21860000,50,4,5,59,26,24,6.7777777
SUPER_12,21870000,126,14,14,154,58,68,14.285714
SUPER_12,21880000,98,8,7,113,59,39,18.933332
SUPER_12,21890000,106,5,7,118,53,53,11.083333
SUPER_12,21900000,100,4,3,107,52,48,8.285714
SUPER_12,21910000,91,7,7,105,54,37,4
SUPER_12,21920000,88,8,5,101,47,41,16.538462
SUPER_12,21930000,28,2,1,31,13,15,3
SUPER_12,21940000,87,3,7,97,40,47,13.9
SUPER_12,21950000,79,6,5,90,44,35,5.818182
SUPER_12,21960000,3,0,0,3,0,3,NaN
SUPER_12,21970000,2,1,0,3,1,1,1
SUPER_12,21980000,111,7,5,123,51,60,12.333333
SUPER_12,21990000,95,9,4,108,49,46,13.538462
SUPER_12,22000000,37,0,3,40,21,16,10.666667
SUPER_12,22010000,56,7,2,65,32,24,3.8888888
SUPER_12,22020000,12,1,0,13,5,7,9
SUPER_12,22030000,1,0,1,2,0,1,11
SUPER_12,22040000,3,0,0,3,2,1,NaN
SUPER_12,22050000,1,0,0,1,0,1,NaN
SUPER_12,22060000,2,1,0,3,0,2,2
SUPER_12,22070000,1,0,1,2,1,0,4
SUPER_12,22080000,118,8,15,141,57,61,3.1304348
SUPER_12,22090000,122,7,10,139,62,60,7.117647
SUPER_12,22100000,2,0,0,2,0,2,NaN
SUPER_12,22110000,4,1,0,5,1,3,13
SUPER_12,22120000,14,0,1,15,8,6,5
SUPER_12,22130000,30,5,4,39,15,15,9.111111
SUPER_12,22140000,71,6,6,83,35,36,4.5833335
SUPER_12,22150000,119,12,9,140,54,65,6.2380953
SUPER_12,22160000,64,3,1,68,39,25,2.5
SUPER_12,22170000,3,3,0,6,2,1,7.3333335
SUPER_12,22180000,0,2,0,2,0,0,8
SUPER_12,22190000,51,3,3,57,24,27,13.666667
SUPER_12,22200000,95,6,11,112,43,52,10.235294
SUPER_12,22210000,57,4,3,64,30,27,3.857143
SUPER_12,22220000,76,4,5,85,35,41,28.333334
SUPER_12,22230000,43,2,3,48,17,26,3
SUPER_12,22240000,102,7,6,115,58,44,3.3846154
SUPER_12,22250000,58,6,2,66,27,31,1.875
SUPER_12,22260000,43,3,3,49,17,26,4
SUPER_12,22270000,53,6,2,61,30,23,4.75
SUPER_12,22280000,3,0,0,3,3,0,NaN
SUPER_12,22290000,1,0,0,1,0,1,NaN
SUPER_12,22300000,1,0,0,1,1,0,NaN
SUPER_12,22310000,35,1,5,41,18,17,2.3333333
SUPER_12,22320000,133,9,7,149,80,53,7.125
SUPER_12,22330000,1,0,0,1,1,0,NaN
SUPER_12,22340000,0,0,0,0,0,0,0
SUPER_12,22350000,0,0,0,0,0,0,0
SUPER_12,22360000,15,2,1,18,10,5,11
SUPER_12,22370000,0,1,1,2,0,0,6.5
SUPER_12,22380000,0,0,0,0,0,0,0
SUPER_12,22390000,0,0,0,0,0,0,0
SUPER_12,22400000,91,6,12,109,40,51,11.888889
SUPER_12,22410000,0,0,0,0,0,0,0
SUPER_12,22420000,0,0,0,0,0,0,0
SUPER_12,22430000,1,1,0,2,0,1,1
SUPER_12,22440000,0,0,0,0,0,0,0
SUPER_12,22450000,0,0,0,0,0,0,0
SUPER_12,22460000,0,0,0,0,0,0,0
SUPER_12,22470000,0,0,2,2,0,0,1.5
SUPER_12,22480000,38,2,2,42,18,20,13.75
SUPER_12,22490000,153,16,10,179,80,72,5.269231
SUPER_12,22500000,134,14,11,159,76,58,16.96
SUPER_12,22510000,119,7,7,133,64,55,36.57143
SUPER_12,22520000,18,3,1,22,11,7,18.5
SUPER_12,22530000,4,0,1,5,0,4,8
SUPER_12,22540000,0,0,0,0,0,0,0
SUPER_12,22550000,0,0,0,0,0,0,0
SUPER_12,22560000,0,0,0,0,0,0,0
SUPER_12,22570000,0,0,0,0,0,0,0
SUPER_12,22580000,89,11,3,103,46,43,4.571429
SUPER_12,22590000,0,0,0,0,0,0,0
SUPER_12,22600000,0,0,0,0,0,0,0
SUPER_12,22610000,0,0,0,0,0,0,0
SUPER_12,22620000,103,5,7,115,57,46,3.5833333
SUPER_12,22630000,77,6,10,93,41,36,4.625
SUPER_12,22640000,29,0,1,30,15,14,9
SUPER_12,22650000,15,2,3,20,10,5,4.4
SUPER_12,22660000,62,2,5,69,34,28,3.5714285
SUPER_12,22670000,42,2,2,46,19,23,3
SUPER_12,22680000,12,0,0,12,6,6,NaN
SUPER_12,22690000,0,0,0,0,0,0,0
SUPER_12,22700000,0,0,0,0,0,0,0
SUPER_12,22710000,145,9,12,166,70,75,2.4285715
SUPER_12,22720000,50,7,5,62,26,24,3.9166667
SUPER_12,22730000,0,0,0,0,0,0,0
SUPER_12,22740000,0,0,0,0,0,0,0
SUPER_12,22750000,0,0,0,0,0,0,0
SUPER_12,22760000,0,0,0,0,0,0,0
SUPER_12,22770000,0,0,0,0,0,0,0
SUPER_12,22780000,0,0,0,0,0,0,0
SUPER_12,22790000,0,0,0,0,0,0,0
SUPER_12,22800000,22,3,3,28,14,8,8.166667
SUPER_12,22810000,38,2,2,42,26,12,16.75
SUPER_12,22820000,129,12,7,148,67,62,8.157895
SUPER_12,22830000,126,9,5,140,71,55,8.714286
SUPER_12,22840000,22,2,0,24,9,13,12.5
SUPER_12,22850000,8,1,0,9,4,4,2
SUPER_12,22860000,106,6,17,129,52,54,5.173913
SUPER_12,22870000,71,4,2,77,37,34,4.6666665
SUPER_12,22880000,93,4,6,103,56,37,7.9
SUPER_12,22890000,81,7,9,97,49,32,12
SUPER_12,22900000,93,5,10,108,54,39,6.133333
SUPER_12,22910000,24,1,2,27,8,16,4
SUPER_12,22920000,98,11,10,119,54,44,16.619047
SUPER_12,22930000,114,4,13,131,63,51,11.529411
SUPER_12,22940000,143,5,11,159,79,64,8
SUPER_12,22950000,144,11,6,161,80,64,5.0588236
SUPER_12,22960000,68,8,3,79,40,28,5.090909
SUPER_12,22970000,0,0,0,0,0,0,0
SUPER_12,22980000,0,0,0,0,0,0,0
SUPER_12,22990000,0,0,0,0,0,0,0
SUPER_12,23000000,106,10,7,123,53,53,3.764706
SUPER_12,23010000,75,2,4,81,44,31,45
SUPER_12,23020000,68,4,6,78,36,32,19.3
SUPER_12,23030000,21,4,2,27,9,12,2.8333333
SUPER_12,23040000,59,6,3,68,33,26,4.4444447
SUPER_12,23050000,45,3,2,50,23,22,17.4
SUPER_12,23060000,62,3,5,70,36,26,5.25
SUPER_12,23070000,5,3,1,9,5,0,1.25
SUPER_12,23080000,1,0,0,1,0,1,NaN
SUPER_12,23090000,18,0,0,18,14,4,NaN
SUPER_12,23100000,3,0,0,3,1,2,NaN
SUPER_12,23110000,7,1,0,8,2,5,1
SUPER_12,23120000,5,0,0,5,3,2,NaN
SUPER_12,23130000,0,0,0,0,0,0,0
SUPER_12,23140000,0,0,0,0,0,0,0
SUPER_12,23150000,77,12,9,98,42,35,5.8095236
SUPER_12,23160000,115,9,9,133,66,49,6.2222223
SUPER_12,23170000,166,14,12,192,92,74,4.230769
SUPER_12,23180000,105,2,4,111,54,51,17.5
SUPER_12,23190000,20,2,2,24,12,8,1
SUPER_12,23200000,0,0,0,0,0,0,0
SUPER_12,23210000,0,0,0,0,0,0,0
SUPER_12,23220000,0,0,0,0,0,0,0
SUPER_12,23230000,0,0,0,0,0,0,0
SUPER_12,23240000,86,4,5,95,42,44,8.555555
SUPER_12,23250000,49,3,3,55,20,29,21.833334
SUPER_12,23260000,17,1,3,21,8,9,3.5
SUPER_12,23270000,79,2,7,88,41,38,22.222221
SUPER_12,23280000,0,0,0,0,0,0,0
SUPER_12,23290000,0,0,0,0,0,0,0
SUPER_12,23300000,0,0,0,0,0,0,0
SUPER_12,23310000,0,0,0,0,0,0,0
SUPER_12,23320000,0,0,0,0,0,0,0
SUPER_12,23330000,74,8,8,90,43,31,14.5
SUPER_12,23340000,22,0,2,24,9,13,2.5
SUPER_12,23350000,93,6,7,106,43,50,3.7692308
SUPER_12,23360000,72,4,7,83,39,33,4.6363635
SUPER_12,23370000,44,3,5,52,26,18,12.375
SUPER_12,23380000,3,0,2,5,2,1,1
SUPER_12,23390000,9,0,1,10,7,2,2
SUPER_12,23400000,1,0,0,1,1,0,NaN
SUPER_12,23410000,121,8,8,137,47,74,5.25
SUPER_12,23420000,78,5,4,87,40,38,10.444445
SUPER_12,23430000,167,13,11,191,78,89,5
SUPER_12,23440000,13,0,0,13,7,6,NaN
SUPER_12,23450000,14,1,0,15,7,7,7
SUPER_12,23460000,46,4,2,52,22,24,8.5
SUPER_12,23470000,26,1,1,28,17,9,1.5
SUPER_12,23480000,58,3,4,65,30,28,7.142857
SUPER_12,23490000,101,4,11,116,55,46,8.2
SUPER_12,23500000,67,7,4,78,39,28,7.818182
SUPER_12,23510000,88,7,5,100,42,46,4.5833335
SUPER_12,23520000,52,3,5,60,32,20,4.75
SUPER_12,23530000,93,5,3,101,46,47,9.75
SUPER_12,23540000,35,6,2,43,19,16,11.625
SUPER_12,23550000,117,10,5,132,55,62,6.3333335
SUPER_12,23560000,112,7,11,130,54,58,10.611111
SUPER_12,23570000,133,9,4,146,70,63,4.3846154
SUPER_12,23580000,132,9,5,146,66,66,6.5
SUPER_12,23590000,0,0,0,0,0,0,0
SUPER_12,23600000,0,0,0,0,0,0,0
SUPER_12,23610000,108,5,7,120,63,45,1.9166666
SUPER_12,23620000,106,3,11,120,53,53,6.5
SUPER_12,23630000,80,2,3,85,44,36,12.2
SUPER_12,23640000,126,7,7,140,71,55,9.071428
SUPER_12,23650000,143,5,18,166,82,61,24.869566
SUPER_12,23660000,39,6,5,50,26,13,29.272728
SUPER_12,23670000,54,2,7,63,29,25,11.222222
SUPER_12,23680000,172,13,12,197,82,90,8.2
SUPER_12,23690000,65,11,7,83,36,29,5.7222223
SUPER_12,23700000,4,0,0,4,3,1,NaN
SUPER_12,23710000,2,0,0,2,2,0,NaN
SUPER_12,23720000,3,1,2,6,1,2,1.3333334
SUPER_12,23730000,3,0,0,3,1,2,NaN
SUPER_12,23740000,3,0,0,3,2,1,NaN
SUPER_12,23750000,1,0,0,1,0,1,NaN
SUPER_12,23760000,1,0,0,1,1,0,NaN
SUPER_12,23770000,51,3,2,56,22,29,16
SUPER_12,23780000,172,4,8,184,82,90,5.0833335
SUPER_12,23790000,86,14,11,111,38,48,6.32
SUPER_12,23800000,105,4,11,120,62,43,11.666667
SUPER_12,23810000,115,8,7,130,67,48,3.9333334
SUPER_12,23820000,118,7,13,138,61,57,41
SUPER_12,23830000,3,0,0,3,3,0,NaN
SUPER_12,23840000,2,1,0,3,1,1,1
SUPER_12,23850000,0,0,1,1,0,0,6
SUPER_12,23860000,94,8,7,109,57,37,8.066667
SUPER_12,23870000,107,8,6,121,49,58,3.7857144
SUPER_12,23880000,199,13,11,223,110,89,10.333333
SUPER_12,23890000,91,3,8,102,55,36,7.2727275
SUPER_12,23900000,63,8,4,75,28,35,3.5
SUPER_12,23910000,2,1,1,4,2,0,2
SUPER_12,23920000,4,0,0,4,2,2,NaN
SUPER_12,23930000,36,4,3,43,18,18,32.142857
SUPER_12,23940000,15,1,3,19,8,7,2.75
SUPER_12,23950000,46,3,5,54,26,20,2.75
SUPER_12,23960000,124,10,11,145,53,71,8.666667
SUPER_12,23970000,134,8,12,154,58,76,4
SUPER_12,23980000,180,12,10,202,95,85,5.818182
SUPER_12,23990000,43,2,3,48,22,21,3.4
SUPER_12,24000000,0,1,0,1,0,0,2
SUPER_12,24010000,71,5,6,82,31,40,8.272727
SUPER_12,24020000,148,11,15,174,91,57,33.653847
SUPER_12,24030000,240,19,19,278,127,113,6.7894735
SUPER_12,24040000,179,12,17,208,89,90,10.344828
SUPER_12,24050000,175,14,17,206,79,96,7.354839
SUPER_12,24060000,113,7,9,129,66,47,20.625
SUPER_12,24070000,0,0,0,0,0,0,0
SUPER_12,24080000,0,0,0,0,0,0,0
SUPER_12,24090000,188,10,14,212,97,91,20.833334
SUPER_12,24100000,113,13,12,138,57,56,6.6
SUPER_12,24110000,113,10,11,134,55,58,18.619047
SUPER_12,24120000,91,10,9,110,46,45,7.7894735
SUPER_12,24130000,2,1,0,3,2,0,33
SUPER_12,24140000,1,0,0,1,0,1,NaN
SUPER_12,24150000,2,1,0,3,0,2,6
SUPER_12,24160000,0,1,0,1,0,0,1
SUPER_12,24170000,2,0,0,2,1,1,NaN
SUPER_12,24180000,64,4,6,74,32,32,19.9
SUPER_12,24190000,200,12,14,226,104,96,10.884615
SUPER_12,24200000,133,8,8,149,75,58,26.125
SUPER_12,24210000,117,6,11,134,54,63,7.7058825
SUPER_12,24220000,146,4,5,155,71,75,5.3333335
SUPER_12,24230000,36,2,5,43,14,22,21.428572
SUPER_12,24240000,4,0,0,4,2,2,NaN
SUPER_12,24250000,53,5,5,63,29,24,10.1
SUPER_12,24260000,142,11,9,162,78,64,4.7
SUPER_12,24270000,127,8,15,150,64,63,3.9130435
SUPER_12,24280000,130,12,5,147,64,66,4.352941
SUPER_12,24290000,130,11,6,147,74,56,4.7647057
SUPER_12,24300000,2,0,0,2,0,2,NaN
SUPER_12,24310000,6,3,0,9,3,3,1.3333334
SUPER_12,24320000,4,0,0,4,1,3,NaN
SUPER_12,24330000,63,5,2,70,30,33,17
SUPER_12,24340000,210,11,14,235,113,97,7.56
SUPER_12,24350000,139,7,12,158,75,64,6.6842103
SUPER_12,24360000,116,5,7,128,71,45,7.1666665
SUPER_12,24370000,91,7,14,112,52,39,4.904762
SUPER_12,24380000,133,11,7,151,70,63,3.5
SUPER_12,24390000,89,8,7,104,45,44,5.866667
SUPER_12,24400000,84,5,8,97,40,44,4.923077
SUPER_12,24410000,110,7,3,120,52,58,10.7
SUPER_12,24420000,0,0,0,0,0,0,0
SUPER_12,24430000,0,0,0,0,0,0,0
SUPER_12,24440000,134,14,18,166,69,65,3
SUPER_12,24450000,25,1,2,28,11,14,2.3333333
SUPER_12,24460000,120,11,5,136,60,60,5.75
SUPER_12,24470000,0,0,0,0,0,0,0
SUPER_12,24480000,0,0,0,0,0,0,0
SUPER_12,24490000,0,0,0,0,0,0,0
SUPER_12,24500000,0,0,0,0,0,0,0
SUPER_12,24510000,118,14,12,144,61,57,5.730769
SUPER_12,24520000,95,14,8,117,49,46,7.590909
SUPER_12,24530000,120,13,6,139,71,49,6.3157897
SUPER_12,24540000,181,13,16,210,91,90,4.413793
SUPER_12,24550000,84,8,9,101,43,41,8.941176
SUPER_12,24560000,81,5,6,92,40,41,3.8181818
SUPER_12,24570000,154,7,8,169,84,70,18.866667
SUPER_12,24580000,147,19,10,176,73,74,5.551724
SUPER_12,24590000,124,10,13,147,64,60,8.478261
SUPER_12,24600000,91,6,6,103,46,45,6.1666665
SUPER_12,24610000,177,16,11,204,80,97,8.259259
SUPER_12,24620000,138,13,6,157,76,62,8.263158
SUPER_12,24630000,28,2,0,30,15,13,9
SUPER_12,24640000,59,7,11,77,24,35,9.055555
SUPER_12,24650000,51,8,7,66,21,30,8.6
SUPER_12,24660000,107,11,11,129,56,51,4.090909
SUPER_12,24670000,65,10,10,85,26,39,5.6
SUPER_12,24680000,82,5,9,96,37,45,3.0714285
SUPER_12,24690000,183,11,21,215,96,87,9.6875
SUPER_12,24700000,13,2,0,15,8,5,3
SUPER_12,24710000,90,13,5,108,32,58,5.5555553
SUPER_12,24720000,6,1,0,7,1,5,7
SUPER_12,24730000,3,0,3,6,3,0,10.666667
SUPER_12,24740000,2,1,1,4,1,1,204
SUPER_12,24750000,3,0,1,4,1,2,12
SUPER_12,24760000,1,1,0,2,1,0,56
SUPER_12,24770000,106,7,9,122,48,58,5.375
SUPER_12,24780000,61,1,4,66,33,28,4.4
SUPER_12,24790000,136,9,7,152,71,65,14.5625
SUPER_12,24800000,168,7,11,186,82,86,5.8333335
SUPER_12,24810000,58,3,8,69,31,27,3.1818182
SUPER_12,24820000,64,8,5,77,30,34,5
SUPER_12,24830000,29,3,2,34,11,18,2.4
SUPER_12,24840000,20,2,3,25,10,10,9.2
SUPER_12,24850000,117,10,7,134,57,60,23.882353
SUPER_12,24860000,56,5,3,64,21,35,14.125
SUPER_12,24870000,4,1,0,5,3,1,1
SUPER_12,24880000,36,2,2,40,17,19,5.75
SUPER_12,24890000,130,20,11,161,60,70,5.774194
SUPER_12,24900000,115,10,3,128,61,54,5.923077
SUPER_12,24910000,105,3,10,118,58,47,20.76923
SUPER_12,24920000,80,3,7,90,35,45,3.1
SUPER_12,24930000,75,9,6,90,40,35,6.0666666
SUPER_12,24940000,93,7,8,108,40,53,12.666667
SUPER_12,24950000,0,0,0,0,0,0,0
SUPER_12,24960000,0,0,0,0,0,0,0
SUPER_12,24970000,72,9,4,85,27,45,2.4615386
SUPER_12,24980000,88,7,4,99,48,40,4.090909
SUPER_12,24990000,104,9,11,124,49,55,5.45
SUPER_12,25000000,141,11,11,163,73,68,21.545454
SUPER_12,25010000,84,8,11,103,47,37,29.052631
SUPER_12,25020000,124,7,10,141,65,59,7.5882354
SUPER_12,25030000,41,2,2,45,25,16,11
SUPER_12,25040000,58,3,6,67,25,33,1.3333334
SUPER_12,25050000,135,10,13,158,80,55,4.3913045
SUPER_12,25060000,174,10,12,196,91,83,3.0454545
SUPER_12,25070000,88,8,3,99,41,47,37.090908
SUPER_12,25080000,35,1,2,38,14,21,3
SUPER_12,25090000,0,1,1,2,0,0,2
SUPER_12,25100000,2,0,0,2,1,1,NaN
SUPER_12,25110000,3,0,0,3,1,2,NaN
SUPER_12,25120000,56,10,4,70,21,35,4.928571
SUPER_12,25130000,6,2,1,9,1,5,5
SUPER_12,25140000,3,3,1,7,2,1,18.5
SUPER_12,25150000,3,1,1,5,1,2,1
SUPER_12,25160000,2,1,1,4,0,2,27
SUPER_12,25170000,0,2,0,2,0,0,8
SUPER_12,25180000,4,2,0,6,3,1,22.5
SUPER_12,25190000,4,1,0,5,1,3,1
SUPER_12,25200000,19,1,0,20,10,9,2
SUPER_12,25210000,9,1,0,10,4,5,3
SUPER_12,25220000,5,1,1,7,1,4,16
SUPER_12,25230000,87,2,14,103,41,46,18.8125
SUPER_12,25240000,163,8,10,181,99,64,17.88889
SUPER_12,25250000,59,8,4,71,26,33,14.833333
SUPER_12,25260000,167,10,15,192,99,68,6.52
SUPER_12,25270000,0,0,0,0,0,0,0
SUPER_12,25280000,0,0,0,0,0,0,0
SUPER_12,25290000,32,3,3,38,12,20,10.5
SUPER_12,25300000,3,0,0,3,1,2,NaN
SUPER_12,25310000,0,0,1,1,0,0,1
SUPER_12,25320000,0,1,1,2,0,0,7
SUPER_12,25330000,0,0,0,0,0,0,0
SUPER_12,25340000,0,0,0,0,0,0,0
SUPER_12,25350000,0,0,0,0,0,0,0
SUPER_12,25360000,0,0,0,0,0,0,0
SUPER_12,25370000,0,0,0,0,0,0,0
SUPER_12,25380000,0,0,0,0,0,0,0
SUPER_12,25390000,17,1,1,19,7,10,1.5
SUPER_12,25400000,1,0,0,1,1,0,NaN
SUPER_12,25410000,0,1,1,2,0,0,8
SUPER_12,25420000,33,2,2,37,19,14,3.5
SUPER_12,25430000,106,10,5,121,49,57,4.3333335
SUPER_12,25440000,108,4,6,118,60,48,16.2
SUPER_12,25450000,64,7,3,74,31,33,7.3
SUPER_12,25460000,65,4,5,74,27,38,4
SUPER_12,25470000,12,2,3,17,6,6,13.8
SUPER_12,25480000,1,0,0,1,1,0,NaN
SUPER_12,25490000,15,1,0,16,9,6,1
SUPER_12,25500000,1,0,1,2,0,1,1
SUPER_12,25510000,137,8,9,154,73,64,3.1764705
SUPER_12,25520000,83,8,3,94,51,32,7.5454545
SUPER_12,25530000,127,10,7,144,75,52,4.647059
SUPER_12,25540000,1,0,0,1,1,0,NaN
SUPER_12,25550000,9,1,0,10,1,8,1
SUPER_12,25560000,1,1,0,2,1,0,3
SUPER_12,25570000,3,1,0,4,2,1,1
SUPER_12,25580000,1,1,1,3,1,0,20
SUPER_12,25590000,2,1,0,3,2,0,3
SUPER_12,25600000,0,0,0,0,0,0,0
SUPER_12,25610000,0,0,0,0,0,0,0
SUPER_12,25620000,3,0,0,3,1,2,NaN
SUPER_12,25630000,15,0,1,16,7,8,36
SUPER_12,25640000,17,1,1,19,6,11,53.5
SUPER_12,25650000,4,1,0,5,3,1,1
SUPER_12,25660000,1,0,0,1,1,0,NaN
SUPER_12,25670000,0,0,1,1,0,0,1
SUPER_12,25680000,4,0,1,5,3,1,1
SUPER_12,25690000,2,0,0,2,2,0,NaN
SUPER_12,25700000,2,0,0,2,1,1,NaN
SUPER_12,25710000,1,0,0,1,1,0,NaN
SUPER_12,25720000,1,0,0,1,1,0,NaN
SUPER_12,25730000,4,0,0,4,3,1,NaN
SUPER_12,25740000,4,0,0,4,3,1,NaN
SUPER_12,25750000,2,0,1,3,2,0,24
SUPER_12,25760000,2,0,0,2,1,1,NaN
SUPER_12,25770000,2,0,2,4,0,2,1.5
SUPER_12,25780000,2,0,0,2,1,1,NaN
SUPER_12,25790000,3,0,1,4,3,0,2
SUPER_12,25800000,2,0,0,2,0,2,NaN
SUPER_12,25810000,3,1,0,4,3,0,1
SUPER_12,25820000,0,0,0,0,0,0,0
SUPER_12,25830000,0,0,0,0,0,0,0
SUPER_12,25840000,6,0,0,6,5,1,NaN
SUPER_12,25850000,4,0,0,4,3,1,NaN
SUPER_12,25860000,42,3,1,46,21,21,8.25
SUPER_12,25870000,80,7,5,92,40,40,7.4166665
SUPER_12,25880000,137,13,12,162,67,70,9.12
SUPER_12,25890000,86,8,12,106,43,43,8.95
SUPER_12,25900000,174,13,8,195,92,82,4.285714
SUPER_12,25910000,50,1,3,54,20,30,25.75
SUPER_12,25920000,4,0,0,4,3,1,NaN
SUPER_12,25930000,9,0,0,9,4,5,NaN
SUPER_12,25940000,100,5,6,111,49,51,12.727273
SUPER_12,25950000,101,3,9,113,55,46,3.3333333
SUPER_12,25960000,88,6,6,100,44,44,4
SUPER_12,25970000,71,3,3,77,44,27,5.1666665
SUPER_12,25980000,5,0,2,7,1,4,1.5
SUPER_12,25990000,3,0,0,3,1,2,NaN
SUPER_12,26000000,4,2,1,7,3,1,15.333333
SUPER_12,26010000,2,0,0,2,2,0,NaN
SUPER_12,26020000,2,1,0,3,1,1,5
SUPER_12,26030000,2,1,1,4,2,0,21
SUPER_12,26040000,12,0,2,14,8,4,116.5
SUPER_12,26050000,141,18,7,166,76,65,5.76
SUPER_12,26060000,0,0,0,0,0,0,0
SUPER_12,26070000,0,0,0,0,0,0,0
SUPER_12,26080000,110,4,6,120,54,56,4.1
SUPER_12,26090000,56,1,1,58,31,25,4
SUPER_12,26100000,13,1,2,16,9,4,4.6666665
SUPER_12,26110000,84,2,6,92,46,38,27.25
SUPER_12,26120000,57,4,1,62,24,33,1.6
SUPER_12,26130000,153,11,9,173,90,63,15.6
SUPER_12,26140000,169,10,10,189,79,90,3.6
SUPER_12,26150000,55,7,4,66,29,26,4.909091
SUPER_12,26160000,88,9,8,105,44,44,7.5882354
SUPER_12,26170000,123,9,13,145,67,56,8.545455
SUPER_12,26180000,34,3,3,40,17,17,2.5
SUPER_12,26190000,1,0,0,1,0,1,NaN
SUPER_12,26200000,84,6,9,99,47,37,3.2666667
SUPER_12,26210000,117,7,10,134,53,64,9.470589
SUPER_12,26220000,0,0,0,0,0,0,0
SUPER_12,26230000,0,0,0,0,0,0,0
SUPER_12,26240000,118,8,12,138,82,36,8.95
SUPER_12,26250000,106,9,6,121,53,53,4.6
SUPER_12,26260000,125,7,8,140,75,50,8.933333
SUPER_12,26270000,13,0,1,14,7,6,8
SUPER_12,26280000,0,1,2,3,0,0,1.3333334
SUPER_12,26290000,1,0,0,1,0,1,NaN
SUPER_12,26300000,94,4,4,102,68,26,8.375
SUPER_12,26310000,58,6,3,67,32,26,17
SUPER_12,26320000,64,6,7,77,35,29,26.076923
SUPER_12,26330000,78,4,7,89,38,40,12
SUPER_12,26340000,121,8,13,142,63,58,7.7619047
SUPER_12,26350000,0,0,1,1,0,0,1
SUPER_12,26360000,63,6,5,74,37,26,2.3636363
SUPER_12,26370000,146,10,15,171,67,79,3.32
SUPER_12,26380000,135,7,19,161,82,53,8.384615
SUPER_12,26390000,33,6,5,44,19,14,6.5454545
SUPER_12,26400000,27,2,5,34,12,15,39.714287
SUPER_12,26410000,11,1,1,13,8,3,14.5
SUPER_12,26420000,1,0,0,1,0,1,NaN
SUPER_12,26430000,37,2,1,40,16,21,2
SUPER_12,26440000,108,6,16,130,57,51,3.1818182
SUPER_12,26450000,128,14,13,155,58,70,28.703703
SUPER_12,26460000,95,5,7,107,44,51,19.916666
SUPER_12,26470000,30,1,0,31,17,13,2
SUPER_12,26480000,0,0,0,0,0,0,0
SUPER_12,26490000,0,0,0,0,0,0,0
SUPER_12,26500000,4,1,0,5,3,1,5
SUPER_12,26510000,139,7,7,153,72,67,7.357143
SUPER_12,26520000,46,5,4,55,24,22,3.4444444
SUPER_12,26530000,31,3,6,40,15,16,11.444445
SUPER_12,26540000,20,3,2,25,11,9,5.6
SUPER_12,26550000,1,0,0,1,1,0,NaN
SUPER_12,26560000,66,5,5,76,23,43,29
SUPER_12,26570000,86,6,5,97,33,53,2.7272727
SUPER_12,26580000,51,5,3,59,31,20,5.25
SUPER_12,26590000,65,5,5,75,35,30,5.9
SUPER_12,26600000,86,7,3,96,53,33,3.9
SUPER_12,26610000,27,1,2,30,16,11,5
SUPER_12,26620000,64,10,11,85,30,34,9
SUPER_12,26630000,126,15,14,155,55,71,3.0689654
SUPER_12,26640000,110,12,6,128,50,60,13
SUPER_12,26650000,1,1,0,2,0,1,3
SUPER_12,26660000,2,0,0,2,1,1,NaN
SUPER_12,26670000,4,0,0,4,2,2,NaN
SUPER_12,26680000,2,1,0,3,0,2,8
SUPER_12,26690000,2,1,0,3,0,2,2
SUPER_12,26700000,2,0,1,3,1,1,1
SUPER_12,26710000,2,0,0,2,1,1,NaN
SUPER_12,26720000,1,1,1,3,1,0,3.5
SUPER_12,26730000,2,2,1,5,1,1,1
SUPER_12,26740000,53,4,2,59,20,33,1.1666666
SUPER_12,26750000,134,4,14,152,65,69,4.7777777
SUPER_12,26760000,94,3,1,98,37,57,5.5
SUPER_12,26770000,34,2,5,41,20,14,1.7142857
SUPER_12,26780000,82,10,9,101,42,40,11.052631
SUPER_12,26790000,23,5,4,32,9,14,2.6666667
SUPER_12,26800000,57,9,8,74,25,32,6.529412
SUPER_12,26810000,124,8,7,139,48,76,4.733333
SUPER_12,26820000,81,8,8,97,42,39,5.75
SUPER_12,26830000,138,8,5,151,87,51,8.461538
SUPER_12,26840000,125,12,8,145,71,54,4.6
SUPER_12,26850000,41,2,2,45,22,19,31.75
SUPER_12,26860000,1,0,0,1,0,1,NaN
SUPER_12,26870000,62,8,5,75,27,35,5.5384617
SUPER_12,26880000,66,4,5,75,32,34,4
SUPER_12,26890000,183,16,15,214,90,93,21.225807
SUPER_12,26900000,83,8,10,101,40,43,20.944445
SUPER_12,26910000,183,16,21,220,93,90,8.081081
SUPER_12,26920000,99,1,9,109,42,57,8.4
SUPER_12,26930000,29,3,4,36,19,10,2
SUPER_12,26940000,25,4,0,29,19,6,3.25
SUPER_12,26950000,0,0,0,0,0,0,0
SUPER_12,26960000,0,0,0,0,0,0,0
SUPER_12,26970000,4,2,2,8,1,3,2.25
SUPER_12,26980000,3,1,0,4,1,2,3
SUPER_12,26990000,1,0,2,3,0,1,1
SUPER_12,27000000,38,4,4,46,17,21,9.875
SUPER_12,27010000,13,2,5,20,5,8,7.142857
SUPER_12,27020000,1,1,1,3,0,1,1
SUPER_12,27030000,2,0,0,2,2,0,NaN
SUPER_12,27040000,2,0,0,2,2,0,NaN
SUPER_12,27050000,5,0,0,5,2,3,NaN
SUPER_12,27060000,7,2,1,10,3,4,2
SUPER_12,27070000,4,4,2,10,1,3,2.6666667
SUPER_12,27080000,4,0,2,6,2,2,1
SUPER_12,27090000,0,2,1,3,0,0,4
SUPER_12,27100000,1,0,0,1,0,1,NaN
SUPER_12,27110000,44,3,5,52,21,23,7
SUPER_12,27120000,106,2,11,119,55,51,4.3846154
SUPER_12,27130000,3,0,1,4,1,2,12
SUPER_12,27140000,31,4,6,41,14,17,13
SUPER_12,27150000,111,8,14,133,47,64,7.1363635
SUPER_12,27160000,144,12,10,166,70,74,6.9545455
SUPER_12,27170000,111,8,5,124,51,60,5.076923
SUPER_12,27180000,166,12,10,188,92,74,8.227273
SUPER_12,27190000,85,5,11,101,43,42,13
SUPER_12,27200000,55,5,3,63,30,25,4.125
SUPER_12,27210000,5,0,0,5,4,1,NaN
SUPER_12,27220000,42,6,2,50,18,24,8.5
SUPER_12,27230000,144,9,12,165,70,74,8.523809
SUPER_12,27240000,161,10,19,190,73,88,7.448276
SUPER_12,27250000,147,10,8,165,71,76,4.8333335
SUPER_12,27260000,72,5,10,87,39,33,4.6
SUPER_12,27270000,45,5,4,54,24,21,3.3333333
SUPER_12,27280000,90,9,4,103,40,50,4.3846154
SUPER_12,27290000,132,4,13,149,63,69,25.647058
SUPER_12,27300000,154,11,11,176,68,86,5.681818
SUPER_12,27310000,132,9,11,152,69,63,6.2
SUPER_12,27320000,94,9,13,116,39,55,14.545455
SUPER_12,27330000,116,13,10,139,58,58,21.217392
SUPER_12,27340000,15,2,1,18,8,7,1.6666666
SUPER_12,27350000,2,0,0,2,1,1,NaN
SUPER_12,27360000,1,0,1,2,0,1,2
SUPER_12,27370000,1,0,0,1,0,1,NaN
SUPER_12,27380000,147,11,10,168,72,75,7.2380953
SUPER_12,27390000,162,13,8,183,70,92,13.476191
SUPER_12,27400000,150,13,9,172,71,79,6.409091
SUPER_12,27410000,9,1,1,11,3,6,2.5
SUPER_12,27420000,25,1,1,27,15,10,2.5
SUPER_12,27430000,5,1,2,8,2,3,3
SUPER_12,27440000,60,8,6,74,25,35,18.142857
SUPER_12,27450000,126,8,11,145,56,70,4.736842
SUPER_12,27460000,99,4,12,115,45,54,25.5
SUPER_12,27470000,139,20,18,177,71,68,15.157895
SUPER_12,27480000,134,7,1,142,68,66,7.375
SUPER_12,27490000,56,2,5,63,27,29,3.5714285
SUPER_12,27500000,31,3,2,36,19,12,8.8
SUPER_12,27510000,82,5,8,95,37,45,4.3846154
SUPER_12,27520000,72,11,5,88,38,34,2.3125
SUPER_12,27530000,116,11,8,135,59,57,22.894737
SUPER_12,27540000,68,10,2,80,33,35,5.1666665
SUPER_12,27550000,93,4,13,110,39,54,40.64706
SUPER_12,27560000,40,3,1,44,22,18,4.5
SUPER_12,27570000,40,3,4,47,15,25,5
SUPER_12,27580000,71,5,4,80,37,34,6
SUPER_12,27590000,43,5,3,51,20,23,3
SUPER_12,27600000,47,8,3,58,29,18,7.6363635
SUPER_12,27610000,155,14,14,183,89,66,17.607143
SUPER_12,27620000,98,8,9,115,60,38,23.058823
SUPER_12,27630000,126,13,12,151,64,62,4.6
SUPER_12,27640000,6,0,1,7,2,4,10
SUPER_12,27650000,89,9,5,103,43,46,9.357142
SUPER_12,27660000,74,5,9,88,42,32,5.142857
SUPER_12,27670000,30,1,2,33,12,18,5.3333335
SUPER_12,27680000,30,7,1,38,19,11,6.625
SUPER_12,27690000,108,4,4,116,65,43,9.125
SUPER_12,27700000,43,2,7,52,21,22,4.3333335
SUPER_12,27710000,89,6,9,104,47,42,6.4666667
SUPER_12,27720000,0,0,0,0,0,0,0
SUPER_12,27730000,0,0,0,0,0,0,0
SUPER_12,27740000,43,3,5,51,26,17,15.625
SUPER_12,27750000,83,3,4,90,43,40,10.142858
SUPER_12,27760000,0,0,0,0,0,0,0
SUPER_12,27770000,0,0,0,0,0,0,0
SUPER_12,27780000,0,0,0,0,0,0,0
SUPER_12,27790000,0,0,0,0,0,0,0
SUPER_12,27800000,43,5,8,56,17,26,12.769231
SUPER_12,27810000,109,10,4,123,59,50,5.642857
SUPER_12,27820000,117,10,5,132,59,58,3.6
SUPER_12,27830000,27,5,4,36,17,10,16.11111
SUPER_12,27840000,2,0,1,3,1,1,1
SUPER_12,27850000,7,0,0,7,3,4,NaN
SUPER_12,27860000,53,6,5,64,31,22,7.2727275
SUPER_12,27870000,116,7,8,131,61,55,4.866667
SUPER_12,27880000,132,14,12,158,82,50,5.423077
SUPER_12,27890000,54,4,5,63,23,31,5.7777777
SUPER_12,27900000,100,3,7,110,51,49,3.3
SUPER_12,27910000,46,4,3,53,24,22,3.2857144
SUPER_12,27920000,209,11,11,231,111,98,8.045455
SUPER_12,27930000,26,2,3,31,11,15,9
SUPER_12,27940000,79,6,4,89,43,36,2.4
SUPER_12,27950000,113,2,10,125,56,57,5
SUPER_12,27960000,55,0,1,56,30,25,1
SUPER_12,27970000,3,2,1,6,1,2,6
SUPER_12,27980000,78,3,6,87,41,37,6.5555553
SUPER_12,27990000,62,7,3,72,35,27,11.5
SUPER_12,28000000,135,12,7,154,72,63,6.368421
SUPER_12,28010000,15,0,0,15,9,6,NaN
SUPER_12,28020000,3,1,0,4,0,3,2
SUPER_12,28030000,0,0,0,0,0,0,0
SUPER_12,28040000,0,0,0,0,0,0,0
SUPER_12,28050000,0,0,0,0,0,0,0
SUPER_12,28060000,0,0,0,0,0,0,0
SUPER_12,28070000,127,11,8,146,64,63,10.315789
SUPER_12,28080000,89,6,6,101,47,42,2.3333333
SUPER_12,28090000,80,8,10,98,41,39,35
SUPER_12,28100000,41,2,3,46,18,23,3.2
SUPER_12,28110000,127,14,10,151,73,54,6.6666665
SUPER_12,28120000,52,1,5,58,26,26,5.3333335
SUPER_12,28130000,154,9,8,171,88,66,7.7647057
SUPER_12,28140000,182,15,10,207,89,93,6.24
SUPER_12,28150000,114,10,10,134,56,58,5.7
SUPER_12,28160000,108,10,7,125,44,64,7.470588
SUPER_12,28170000,162,10,16,188,76,86,9.615385
SUPER_12,28180000,85,6,7,98,46,39,3.3846154
SUPER_12,28190000,125,5,8,138,64,61,8.384615
SUPER_12,28200000,95,7,5,107,58,37,12.666667
SUPER_12,28210000,1,0,0,1,1,0,NaN
SUPER_12,28220000,7,2,1,10,1,6,13.333333
SUPER_12,28230000,16,1,1,18,8,8,2
SUPER_12,28240000,3,0,1,4,0,3,4
SUPER_12,28250000,37,3,0,40,15,22,8
SUPER_12,28260000,125,12,7,144,64,61,7.1578946
SUPER_12,28270000,147,14,10,171,76,71,34
SUPER_12,28280000,91,3,6,100,52,39,6.6666665
SUPER_12,28290000,76,8,5,89,41,35,3.4615386
SUPER_12,28300000,92,8,4,104,44,48,16.75
SUPER_12,28310000,188,12,17,217,99,89,5.448276
SUPER_12,28320000,100,7,16,123,50,50,6.6086955
SUPER_12,28330000,153,8,9,170,75,78,7.0588236
SUPER_12,28340000,176,11,10,197,97,79,6.095238
SUPER_12,28350000,168,10,11,189,88,80,5.2380953
SUPER_12,28360000,88,4,14,106,43,45,6.4444447
SUPER_12,28370000,65,10,5,80,35,30,9
SUPER_12,28380000,40,3,3,46,20,20,4.5
SUPER_12,28390000,109,11,3,123,63,46,6.928571
SUPER_12,28400000,168,10,7,185,92,76,3.4117646
SUPER_12,28410000,32,3,2,37,19,13,3.8
SUPER_12,28420000,98,6,6,110,53,45,6.5
SUPER_12,28430000,2,0,1,3,2,0,4
SUPER_12,28440000,3,0,0,3,2,1,NaN
SUPER_12,28450000,3,0,0,3,1,2,NaN
SUPER_12,28460000,21,1,2,24,9,12,5.6666665
SUPER_12,28470000,42,4,3,49,19,23,2.142857
SUPER_12,28480000,110,5,5,120,60,50,5.8
SUPER_12,28490000,108,7,5,120,54,54,13.833333
SUPER_12,28500000,0,1,1,2,0,0,1.5
SUPER_12,28510000,134,9,11,154,62,72,10.2
SUPER_12,28520000,0,1,0,1,0,0,3
SUPER_12,28530000,40,2,5,47,18,22,41.285713
SUPER_12,28540000,78,3,4,85,38,40,7.857143
SUPER_12,28550000,9,1,2,12,4,5,6
SUPER_12,28560000,123,11,12,146,59,64,6.869565
SUPER_12,28570000,66,2,2,70,27,39,4.25
SUPER_12,28580000,141,17,9,167,74,67,7.0384617
SUPER_12,28590000,109,11,10,130,54,55,4.2380953
SUPER_12,28600000,146,6,8,160,76,70,7.5
SUPER_12,28610000,52,2,3,57,22,30,6
SUPER_12,28620000,19,1,1,21,8,11,9.5
SUPER_12,28630000,122,9,8,139,55,67,4.1764708
SUPER_12,28640000,17,1,0,18,8,9,1
SUPER_12,28650000,2,0,0,2,1,1,NaN
SUPER_12,28660000,163,18,15,196,87,76,9.424242
SUPER_12,28670000,132,4,14,150,65,67,10.555555
SUPER_12,28680000,104,8,8,120,62,42,2.25
SUPER_12,28690000,237,12,10,259,113,124,6.5
SUPER_12,28700000,92,6,6,104,47,45,5
SUPER_12,28710000,79,5,0,84,41,38,4.2
SUPER_12,28720000,87,7,7,101,48,39,5.357143
SUPER_12,28730000,0,0,0,0,0,0,0
SUPER_12,28740000,0,0,0,0,0,0,0
SUPER_12,28750000,185,11,12,208,98,87,8.695652
SUPER_12,28760000,207,10,21,238,117,90,12.387096
SUPER_12,28770000,20,2,3,25,14,6,6
SUPER_12,28780000,0,0,0,0,0,0,0
SUPER_12,28790000,0,0,0,0,0,0,0
SUPER_12,28800000,181,11,21,213,83,98,3.34375
SUPER_12,28810000,0,0,1,1,0,0,2
SUPER_12,28820000,51,4,5,60,16,35,58.444443
SUPER_12,28830000,67,3,5,75,27,40,13.75
SUPER_12,28840000,75,3,3,81,39,36,3.6666667
SUPER_12,28850000,160,6,12,178,88,72,8.555555
SUPER_12,28860000,0,0,0,0,0,0,0
SUPER_12,28870000,0,0,0,0,0,0,0
SUPER_12,28880000,109,7,8,124,53,56,5.2
SUPER_12,28890000,95,9,7,111,47,48,13.375
SUPER_12,28900000,0,0,0,0,0,0,0
SUPER_12,28910000,0,0,0,0,0,0,0
SUPER_12,28920000,0,0,0,0,0,0,0
SUPER_12,28930000,0,0,0,0,0,0,0
SUPER_12,28940000,76,5,4,85,36,40,5.111111
SUPER_12,28950000,25,4,1,30,15,10,3.2
SUPER_12,28960000,102,7,11,120,61,41,4.5
SUPER_12,28970000,97,6,5,108,51,46,12
SUPER_12,28980000,73,5,8,86,37,36,5.923077
SUPER_12,28990000,3,1,1,5,2,1,1
SUPER_12,29000000,4,3,1,8,1,3,6.25
SUPER_12,29010000,3,0,0,3,3,0,NaN
SUPER_12,29020000,2,0,0,2,1,1,NaN
SUPER_12,29030000,13,1,1,15,8,5,3
SUPER_12,29040000,41,2,3,46,21,20,3.2
SUPER_12,29050000,58,8,5,71,22,36,5.6923075
SUPER_12,29060000,145,12,8,165,66,79,14.55
SUPER_12,29070000,153,4,7,164,69,84,5.2727275
SUPER_12,29080000,101,8,9,118,47,54,8.882353
SUPER_12,29090000,158,10,9,177,87,71,4.368421
SUPER_12,29100000,130,8,10,148,70,60,6.0555553
SUPER_12,29110000,45,2,4,51,29,16,5
SUPER_12,29120000,102,5,6,113,65,37,4.818182
SUPER_12,29130000,124,4,7,135,67,57,10.363636
SUPER_12,29140000,58,6,6,70,32,26,7.25
SUPER_12,29150000,91,5,6,102,57,34,4
SUPER_12,29160000,73,2,3,78,38,35,2.6
SUPER_12,29170000,39,5,3,47,21,18,2.375
SUPER_12,29180000,165,7,17,189,82,83,13.625
SUPER_12,29190000,120,7,7,134,63,57,3.5714285
SUPER_12,29200000,38,1,3,42,20,18,4.25
SUPER_12,29210000,25,1,0,26,13,12,1
SUPER_12,29220000,120,7,9,136,57,63,25.4375
SUPER_12,29230000,82,4,6,92,45,37,6.7
SUPER_12,29240000,43,9,5,57,23,20,5.142857
SUPER_12,29250000,30,3,3,36,16,14,7.3333335
SUPER_12,29260000,97,9,3,109,54,43,2.9166667
SUPER_12,29270000,3,0,0,3,2,1,NaN
SUPER_12,29280000,31,5,2,38,12,19,16
SUPER_12,29290000,71,2,7,80,37,34,10.222222
SUPER_12,29300000,75,9,7,91,37,38,3.1875
SUPER_12,29310000,1,0,0,1,1,0,NaN
SUPER_12,29320000,6,0,2,8,2,4,11
SUPER_12,29330000,2,0,1,3,1,1,1
SUPER_12,29340000,68,3,4,75,30,38,5.428571
SUPER_12,29350000,14,2,1,17,5,9,3.3333333
SUPER_12,29360000,75,5,2,82,36,39,5.285714
SUPER_12,29370000,59,2,3,64,26,33,3.6
SUPER_12,29380000,114,7,6,127,67,47,8.692307
SUPER_12,29390000,140,7,13,160,76,64,8.7
SUPER_12,29400000,121,9,16,146,66,55,8.68
SUPER_12,29410000,76,6,6,88,39,37,3.5833333
SUPER_12,29420000,106,10,12,128,59,47,21.045454
SUPER_12,29430000,90,8,4,102,37,53,31.75
SUPER_12,29440000,2,0,1,3,0,2,1
SUPER_12,29450000,2,0,0,2,0,2,NaN
SUPER_12,29460000,1,0,1,2,1,0,3
SUPER_12,29470000,89,3,12,104,50,39,8.866667
SUPER_12,29480000,104,6,12,122,49,55,5.5555553
SUPER_12,29490000,67,10,12,89,27,40,6.6363635
SUPER_12,29500000,135,10,11,156,74,61,17
SUPER_12,29510000,165,7,18,190,79,86,8.44
SUPER_12,29520000,97,6,11,114,52,45,7.647059
SUPER_12,29530000,186,10,10,206,100,86,6.75
SUPER_12,29540000,22,0,1,23,8,14,6
SUPER_12,29550000,42,4,3,49,21,21,1
SUPER_12,29560000,109,7,15,131,48,61,5.1363635
SUPER_12,29570000,114,15,11,140,58,56,5.8846154
SUPER_12,29580000,101,1,13,115,45,56,106.28571
SUPER_12,29590000,150,8,6,164,79,71,3.0714285
SUPER_12,29600000,104,11,7,122,51,53,5.6666665
SUPER_12,29610000,0,0,1,1,0,0,1
SUPER_12,29620000,5,1,1,7,3,2,293.5
SUPER_12,29630000,0,0,0,0,0,0,0
SUPER_12,29640000,0,0,0,0,0,0,0
SUPER_12,29650000,49,5,4,58,19,30,3
SUPER_12,29660000,113,3,11,127,57,56,4.357143
SUPER_12,29670000,192,20,20,232,94,98,6.975
SUPER_12,29680000,76,3,5,84,35,41,4
SUPER_12,29690000,3,0,0,3,2,1,NaN
SUPER_12,29700000,3,0,0,3,2,1,NaN
SUPER_12,29710000,2,0,0,2,0,2,NaN
SUPER_12,29720000,12,2,2,16,3,9,12
SUPER_12,29730000,182,13,12,207,102,80,4.68
SUPER_12,29740000,77,4,7,88,47,30,29.818182
SUPER_12,29750000,134,14,14,162,67,67,11.785714
SUPER_12,29760000,3,1,0,4,1,2,1
SUPER_12,29770000,2,0,1,3,0,2,1
SUPER_12,29780000,1,0,0,1,0,1,NaN
SUPER_12,29790000,0,0,0,0,0,0,0
SUPER_12,29800000,0,0,0,0,0,0,0
SUPER_12,29810000,5,0,0,5,3,2,NaN
SUPER_12,29820000,0,0,0,0,0,0,0
SUPER_12,29830000,0,0,0,0,0,0,0
SUPER_12,29840000,29,4,1,34,18,11,3
SUPER_12,29850000,203,8,10,221,91,112,12.444445
SUPER_12,29860000,56,4,1,61,37,19,6.2
SUPER_12,29870000,6,0,1,7,5,1,1
SUPER_12,29880000,3,0,0,3,2,1,NaN
SUPER_12,29890000,7,0,2,9,2,5,7
SUPER_12,29900000,16,3,0,19,9,7,1
SUPER_12,29910000,2,0,0,2,1,1,NaN
SUPER_12,29920000,2,0,1,3,0,2,4
SUPER_12,29930000,106,11,9,126,50,56,19.6
SUPER_12,29940000,95,5,4,104,48,47,4.2222223
SUPER_12,29950000,177,9,8,194,103,74,3.4705882
SUPER_12,29960000,39,4,2,45,23,16,9
SUPER_12,29970000,49,3,4,56,25,24,8.571428
SUPER_12,29980000,131,8,5,144,63,68,4.230769
SUPER_12,29990000,81,6,10,97,40,41,39.8125
SUPER_12,30000000,107,10,11,128,54,53,8.761905
SUPER_12,30010000,72,3,5,80,36,36,2.5
SUPER_12,30020000,72,5,7,84,28,44,22
SUPER_12,30030000,11,2,1,14,3,8,3.6666667
SUPER_12,30040000,71,3,12,86,30,41,14
SUPER_12,30050000,0,0,0,0,0,0,0
SUPER_12,30060000,0,0,0,0,0,0,0
SUPER_12,30070000,7,1,1,9,3,4,1.5
SUPER_12,30080000,1,0,1,2,0,1,1
SUPER_12,30090000,0,1,0,1,0,0,8
SUPER_12,30100000,2,0,0,2,0,2,NaN
SUPER_12,30110000,1,0,1,2,1,0,1
SUPER_12,30120000,1,1,0,2,1,0,4
SUPER_12,30130000,1,0,0,1,1,0,NaN
SUPER_12,30140000,1,0,0,1,0,1,NaN
SUPER_12,30150000,2,0,0,2,1,1,NaN
SUPER_12,30160000,2,0,1,3,1,1,4
SUPER_12,30170000,51,4,5,60,25,26,7.4444447
SUPER_12,30180000,38,5,3,46,18,20,4.375
SUPER_12,30190000,156,13,13,182,82,74,3.3846154
SUPER_12,30200000,37,4,5,46,20,17,4.3333335
SUPER_12,30210000,1,0,1,2,1,0,2
SUPER_12,30220000,9,1,3,13,2,7,3.5
SUPER_12,30230000,85,10,6,101,48,37,6.25
SUPER_12,30240000,113,5,12,130,47,66,5.7058825
SUPER_12,30250000,158,11,15,184,87,71,14.076923
SUPER_12,30260000,136,14,12,162,74,62,5.1923075
SUPER_12,30270000,169,12,9,190,85,84,7.5238094
SUPER_12,30280000,91,7,7,105,54,37,11.142858
SUPER_12,30290000,63,4,8,75,32,31,3.8333333
SUPER_12,30300000,117,5,5,127,66,51,7.7
SUPER_12,30310000,0,0,0,0,0,0,0
SUPER_12,30320000,0,0,0,0,0,0,0
SUPER_12,30330000,231,17,21,269,100,131,14.763158
SUPER_12,30340000,179,11,14,204,85,94,9.36
SUPER_12,30350000,67,5,5,77,32,35,5.4
SUPER_12,30360000,89,3,6,98,51,38,9
SUPER_12,30370000,62,7,7,76,24,38,8.357142
SUPER_12,30380000,88,5,10,103,38,50,3.4666667
SUPER_12,30390000,3,4,0,7,2,1,8.5
SUPER_12,30400000,15,1,3,19,8,7,3.5
SUPER_12,30410000,149,11,16,176,74,75,5.888889
SUPER_12,30420000,110,15,6,131,53,57,13.714286
SUPER_12,30430000,113,9,16,138,47,66,6.36
SUPER_12,30440000,87,12,6,105,46,41,3.8333333
SUPER_12,30450000,114,12,5,131,55,59,5.8235292
SUPER_12,30460000,67,9,8,84,26,41,6.1764708
SUPER_12,30470000,4,0,1,5,3,1,3
SUPER_12,30480000,5,2,1,8,3,2,9.666667
SUPER_12,30490000,1,0,0,1,1,0,NaN
SUPER_12,30500000,2,0,0,2,0,2,NaN
SUPER_12,30510000,2,0,0,2,1,1,NaN
SUPER_12,30520000,1,1,0,2,0,1,14
SUPER_12,30530000,0,2,0,2,0,0,1
SUPER_12,30540000,1,0,0,1,1,0,NaN
SUPER_12,30550000,3,0,0,3,1,2,NaN
SUPER_12,30560000,6,0,0,6,2,4,NaN
SUPER_12,30570000,2,0,0,2,1,1,NaN
SUPER_12,30580000,79,9,4,92,34,45,44
SUPER_12,30590000,159,14,12,185,80,79,17.653847
SUPER_12,30600000,154,19,9,182,79,75,6.464286
SUPER_12,30610000,18,1,3,22,11,7,4
SUPER_12,30620000,55,10,12,77,26,29,4.7727275
SUPER_12,30630000,113,8,7,128,61,52,6.3333335
SUPER_12,30640000,3,1,0,4,1,2,18
SUPER_12,30650000,46,1,4,51,19,27,3
SUPER_12,30660000,69,3,5,77,39,30,4
SUPER_12,30670000,5,0,1,6,2,3,1
SUPER_12,30680000,6,2,2,10,3,3,4.75
SUPER_12,30690000,37,3,5,45,18,19,6
SUPER_12,30700000,45,5,4,54,24,21,9.555555
SUPER_12,30710000,42,0,3,45,18,24,5
SUPER_12,30720000,113,10,8,131,60,53,8.5
SUPER_12,30730000,166,7,18,191,94,72,4.92
SUPER_12,30740000,260,7,18,285,151,109,5.36
SUPER_12,30750000,117,8,7,132,63,54,37.466667
SUPER_12,30760000,67,3,5,75,36,31,10
SUPER_12,30770000,97,4,8,109,52,45,6.6666665
SUPER_12,30780000,150,7,5,162,76,74,5.9166665
SUPER_12,30790000,117,16,10,143,67,50,4.3076925
SUPER_12,30800000,10,3,0,13,4,6,15.666667
SUPER_12,30810000,4,0,0,4,2,2,NaN
SUPER_12,30820000,5,3,1,9,2,3,2.5
SUPER_12,30830000,3,1,0,4,0,3,1
SUPER_12,30840000,15,1,3,19,6,9,1.75
SUPER_12,30850000,34,4,2,40,15,19,2.5
SUPER_12,30860000,140,9,12,161,69,71,6.3333335
SUPER_12,30870000,208,6,6,220,119,89,7.5833335
SUPER_12,30880000,9,0,1,10,5,4,1
SUPER_12,30890000,14,0,1,15,8,6,2
SUPER_12,30900000,14,0,1,15,6,8,1
SUPER_12,30910000,0,0,0,0,0,0,0
SUPER_12,30920000,0,0,0,0,0,0,0
SUPER_12,30930000,0,0,0,0,0,0,0
SUPER_12,30940000,2,0,2,4,1,1,1
SUPER_12,30950000,2,0,0,2,0,2,NaN
SUPER_12,30960000,3,0,0,3,0,3,NaN
SUPER_12,30970000,4,1,0,5,1,3,12
SUPER_12,30980000,3,0,0,3,3,0,NaN
SUPER_12,30990000,0,0,2,2,0,0,2.5
SUPER_12,31000000,2,1,0,3,0,2,1
SUPER_12,31010000,2,1,2,5,2,0,13
SUPER_12,31020000,2,0,0,2,1,1,NaN
SUPER_12,31030000,3,0,0,3,1,2,NaN
SUPER_12,31040000,2,0,0,2,2,0,NaN
SUPER_12,31050000,47,5,3,55,24,23,11.5
SUPER_12,31060000,97,2,7,106,57,40,15.555555
SUPER_12,31070000,102,8,9,119,56,46,17
SUPER_12,31080000,74,6,5,85,36,38,16.727272
SUPER_12,31090000,152,9,10,171,76,76,8.105263
SUPER_12,31100000,126,5,6,137,70,56,8.272727
SUPER_12,31110000,69,8,4,81,35,34,2.8333333
SUPER_12,31120000,133,3,11,147,76,57,5.785714
SUPER_12,31130000,11,1,2,14,7,4,6
SUPER_12,31140000,9,0,1,10,5,4,1
SUPER_12,31150000,1,1,1,3,1,0,8.5
SUPER_12,31160000,43,5,7,55,26,17,1.8333334
SUPER_12,31170000,0,0,0,0,0,0,0
SUPER_12,31180000,0,0,0,0,0,0,0
SUPER_12,31190000,186,13,12,211,99,87,5.44
SUPER_12,31200000,15,2,2,19,10,5,7.75
SUPER_12,31210000,19,4,0,23,11,8,2
SUPER_12,31220000,113,4,6,123,51,62,38.1
SUPER_12,31230000,81,11,7,99,38,43,9.111111
SUPER_12,31240000,132,9,11,152,64,68,17.7
SUPER_12,31250000,23,7,2,32,13,10,1.2222222
SUPER_12,31260000,0,0,0,0,0,0,0
SUPER_12,31270000,0,0,0,0,0,0,0
SUPER_12,31280000,70,4,1,75,45,25,11.6
SUPER_12,31290000,118,4,7,129,64,54,28.454546
SUPER_12,31300000,74,3,4,81,32,42,7.857143
SUPER_12,31310000,25,2,2,29,16,9,17.75
SUPER_12,31320000,26,3,2,31,9,17,3
SUPER_12,31330000,17,2,2,21,10,7,1.5
SUPER_12,31340000,35,3,4,42,17,18,1.5714285
SUPER_12,31350000,109,6,12,127,51,58,16.5
SUPER_12,31360000,139,7,5,151,75,64,8.916667
SUPER_12,31370000,6,0,0,6,3,3,NaN
SUPER_12,31380000,1,0,0,1,1,0,NaN
SUPER_12,31390000,1,0,1,2,0,1,4
SUPER_12,31400000,2,0,0,2,0,2,NaN
SUPER_12,31410000,2,0,0,2,1,1,NaN
SUPER_12,31420000,97,9,5,111,55,42,3.357143
SUPER_12,31430000,82,7,3,92,38,44,20.9
SUPER_12,31440000,97,5,7,109,48,49,31.916666
SUPER_12,31450000,40,4,1,45,22,18,9.2
SUPER_12,31460000,33,1,1,35,21,12,4.5
SUPER_12,31470000,32,1,0,33,17,15,11
SUPER_12,31480000,52,2,6,60,34,18,5.375
SUPER_12,31490000,128,6,9,143,68,60,7
SUPER_12,31500000,101,3,8,112,54,47,21.727272
SUPER_12,31510000,119,10,9,138,46,73,4.9473686
SUPER_12,31520000,73,4,4,81,50,23,41.625
SUPER_12,31530000,136,12,11,159,75,61,7.2608695
SUPER_12,31540000,30,2,4,36,19,11,3
SUPER_12,31550000,87,5,6,98,49,38,5.7272725
SUPER_12,31560000,1,1,0,2,1,0,1
SUPER_12,31570000,0,0,1,1,0,0,2
SUPER_12,31580000,5,2,1,8,4,1,9
SUPER_12,31590000,7,0,1,8,4,3,10
SUPER_12,31600000,31,2,1,34,18,13,6.6666665
SUPER_12,31610000,91,7,8,106,45,46,3.8666666
SUPER_12,31620000,113,11,10,134,66,47,6.4761906
SUPER_12,31630000,125,6,12,143,70,55,10.722222
SUPER_12,31640000,51,3,3,57,26,25,4.1666665
SUPER_12,31650000,8,0,2,10,3,5,5.5
SUPER_12,31660000,49,10,2,61,29,20,6.5833335
SUPER_12,31670000,38,5,4,47,20,18,6.4444447
SUPER_12,31680000,80,6,6,92,34,46,16.416666
SUPER_12,31690000,179,9,11,199,92,87,14.65
SUPER_12,31700000,71,5,4,80,38,33,14.777778
SUPER_12,31710000,29,0,1,30,13,16,25
SUPER_12,31720000,21,0,1,22,9,12,1
SUPER_12,31730000,13,0,1,14,9,4,2
SUPER_12,31740000,13,0,1,14,4,9,3
SUPER_12,31750000,10,1,1,12,6,4,12
SUPER_12,31760000,10,0,2,12,2,8,1.5
SUPER_12,31770000,11,0,1,12,7,4,1
SUPER_12,31780000,141,10,7,158,80,61,16.470589
SUPER_12,31790000,23,1,4,28,6,17,11.4
SUPER_12,31800000,7,0,1,8,4,3,16
SUPER_12,31810000,10,0,1,11,8,2,327
SUPER_12,31820000,93,15,9,117,50,43,4.4166665
SUPER_12,31830000,131,10,10,151,62,69,33.8
SUPER_12,31840000,155,10,10,175,75,80,15.2
SUPER_12,31850000,29,4,2,35,13,16,8.833333
SUPER_12,31860000,26,5,5,36,16,10,3.7
SUPER_12,31870000,85,7,6,98,41,44,14
SUPER_12,31880000,82,8,6,96,41,41,4.571429
SUPER_12,31890000,136,7,12,155,74,62,7.105263
SUPER_12,31900000,62,9,3,74,38,24,7.5833335
SUPER_12,31910000,82,5,2,89,47,35,11.285714
SUPER_12,31920000,8,0,1,9,4,4,2
SUPER_12,31930000,162,9,11,182,81,81,5.1
SUPER_12,31940000,125,9,6,140,68,57,6.4666667
SUPER_12,31950000,15,1,2,18,7,8,9.666667
SUPER_12,31960000,118,9,19,146,62,56,7.285714
SUPER_12,31970000,46,4,8,58,16,30,17.083334
SUPER_12,31980000,71,2,6,79,44,27,3.625
SUPER_12,31990000,107,12,5,124,49,58,4.882353
SUPER_12,32000000,109,3,7,119,57,52,22.6
SUPER_12,32010000,111,6,3,120,66,45,2.4444444
SUPER_12,32020000,83,8,11,102,50,33,3.9473684
SUPER_12,32030000,106,6,11,123,59,47,3.7058823
SUPER_12,32040000,153,14,11,178,87,66,3.28
SUPER_12,32050000,62,5,4,71,30,32,3.4444444
SUPER_12,32060000,147,12,10,169,78,69,15.681818
SUPER_12,32070000,141,10,9,160,74,67,3.1578948
SUPER_12,32080000,43,6,4,53,17,26,5.4
SUPER_12,32090000,68,4,3,75,29,39,7
SUPER_12,32100000,100,7,5,112,56,44,5.3333335
SUPER_12,32110000,117,5,8,130,62,55,8.153846
SUPER_12,32120000,87,5,2,94,52,35,10.571428
SUPER_12,32130000,40,0,5,45,25,15,3.8
SUPER_12,32140000,107,9,8,124,51,56,3.4117646
SUPER_12,32150000,94,5,9,108,55,39,10.5
SUPER_12,32160000,90,6,3,99,50,40,8.888889
SUPER_12,32170000,59,2,4,65,28,31,3.5
SUPER_12,32180000,111,8,10,129,56,55,7.1666665
SUPER_12,32190000,118,10,8,136,54,64,20.055555
SUPER_12,32200000,131,10,10,151,80,51,7
SUPER_12,32210000,144,20,8,172,67,77,5.285714
SUPER_12,32220000,205,9,17,231,100,105,3.6153846
SUPER_12,32230000,105,7,12,124,50,55,6.8421054
SUPER_12,32240000,115,6,4,125,65,50,7.1
SUPER_12,32250000,29,2,3,34,10,19,13.2
SUPER_12,32260000,3,1,0,4,3,0,1
SUPER_12,32270000,1,0,0,1,0,1,NaN
SUPER_12,32280000,8,0,1,9,4,4,2
SUPER_12,32290000,10,1,1,12,5,5,3
SUPER_12,32300000,6,1,2,9,3,3,11
SUPER_12,32310000,7,0,1,8,5,2,10
SUPER_12,32320000,2,1,2,5,0,2,4
SUPER_12,32330000,1,0,0,1,1,0,NaN
SUPER_12,32340000,3,2,1,6,2,1,15
SUPER_12,32350000,6,0,0,6,4,2,NaN
SUPER_12,32360000,0,0,0,0,0,0,0
SUPER_12,32370000,0,0,0,0,0,0,0
SUPER_12,32380000,17,1,0,18,11,6,6
SUPER_12,32390000,4,1,1,6,2,2,25
SUPER_12,32400000,4,0,0,4,2,2,NaN
SUPER_12,32410000,8,0,1,9,3,5,2
SUPER_12,32420000,5,1,1,7,4,1,1
SUPER_12,32430000,18,0,0,18,4,14,NaN
SUPER_12,32440000,6,0,2,8,3,3,6.5
SUPER_12,32450000,50,1,0,51,28,22,40
SUPER_12,32460000,5,1,2,8,4,1,1.3333334
SUPER_12,32470000,6,0,0,6,2,4,NaN
SUPER_12,32480000,6,0,0,6,2,4,NaN
SUPER_12,32490000,44,0,5,49,22,22,109.8
SUPER_12,32500000,39,1,5,45,20,19,3.3333333
SUPER_12,32510000,86,5,10,101,42,44,6.6666665
SUPER_12,32520000,44,1,3,48,26,18,6.5
SUPER_12,32530000,8,0,1,9,5,3,49
SUPER_12,32540000,96,6,5,107,49,47,11.818182
SUPER_12,32550000,96,7,6,109,42,54,5.8461537
SUPER_12,32560000,66,4,4,74,37,29,4.625
SUPER_12,32570000,35,2,1,38,16,19,9.666667
SUPER_12,32580000,58,3,1,62,35,23,13.5
SUPER_12,32590000,59,5,4,68,26,33,36.22222
SUPER_12,32600000,46,4,5,55,28,18,7.6666665
SUPER_12,32610000,60,1,7,68,30,30,1.875
SUPER_12,32620000,67,6,7,80,39,28,4.8461537
SUPER_12,32630000,93,4,10,107,47,46,3.5
SUPER_12,32640000,60,4,1,65,26,34,3
SUPER_12,32650000,81,9,5,95,31,50,5.785714
SUPER_12,32660000,74,0,10,84,37,37,21.4
SUPER_12,32670000,63,5,3,71,33,30,10.875
SUPER_12,32680000,52,2,2,56,35,17,14.75
SUPER_12,32690000,38,2,3,43,16,22,4.8
SUPER_12,32700000,37,8,5,50,24,13,6.769231
SUPER_12,32710000,16,0,0,16,9,7,NaN
SUPER_12,32720000,13,3,0,16,8,5,3.3333333
SUPER_12,32730000,0,0,0,0,0,0,0
SUPER_12,32740000,0,0,0,0,0,0,0
SUPER_12,32750000,55,3,6,64,28,27,6.5555553
SUPER_12,32760000,77,1,4,82,36,41,256.2
SUPER_12,32770000,12,1,5,18,8,4,3.1666667
SUPER_12,32780000,20,2,3,25,10,10,2.8
SUPER_12,32790000,24,1,1,26,12,12,4.5
SUPER_12,32800000,35,7,3,45,14,21,11.2
SUPER_12,32810000,9,0,0,9,6,3,NaN
SUPER_12,32820000,46,3,4,53,24,22,7
SUPER_12,32830000,45,3,4,52,24,21,3.7142856
SUPER_12,32840000,45,2,4,51,25,20,9.333333
SUPER_12,32850000,62,2,4,68,30,32,1.8333334
SUPER_12,32860000,0,0,0,0,0,0,0
SUPER_12,32870000,0,0,0,0,0,0,0
SUPER_12,32880000,146,11,15,172,64,82,6.4615383
SUPER_12,32890000,96,5,4,105,49,47,12.777778
SUPER_12,32900000,0,1,0,1,0,0,1
SUPER_12,32910000,25,2,2,29,15,10,1.75
SUPER_12,32920000,85,7,4,96,46,39,6.6363635
SUPER_12,32930000,76,5,5,86,47,29,3.1
SUPER_12,32940000,42,4,1,47,18,24,5.6
SUPER_12,32950000,1,0,0,1,0,1,NaN
SUPER_12,32960000,3,2,0,5,2,1,6
SUPER_12,32970000,0,0,1,1,0,0,1
SUPER_12,32980000,1,0,1,2,1,0,2
SUPER_12,32990000,2,0,0,2,0,2,NaN
SUPER_12,33000000,2,0,0,2,1,1,NaN
SUPER_12,33010000,1,0,1,2,0,1,1
SUPER_12,33020000,2,0,0,2,0,2,NaN
SUPER_12,33030000,1,0,1,2,1,0,1
SUPER_12,33040000,2,0,1,3,1,1,6
SUPER_12,33050000,0,0,0,0,0,0,0
SUPER_12,33060000,0,0,0,0,0,0,0
SUPER_12,33070000,5,2,2,9,3,2,2.25
SUPER_12,33080000,2,0,0,2,1,1,NaN
SUPER_12,33090000,0,0,0,0,0,0,0
SUPER_12,33100000,0,0,0,0,0,0,0
SUPER_12,33110000,5,3,0,8,3,2,1
SUPER_12,33120000,4,0,0,4,2,2,NaN
SUPER_12,33130000,5,0,0,5,1,4,NaN
SUPER_12,33140000,10,0,2,12,3,7,5.5
SUPER_12,33150000,2,0,0,2,1,1,NaN
SUPER_12,33160000,1,0,0,1,0,1,NaN
SUPER_12,33170000,3,1,0,4,1,2,1
SUPER_12,33180000,8,0,0,8,6,2,NaN
SUPER_12,33190000,8,0,0,8,5,3,NaN
SUPER_12,33200000,3,0,0,3,3,0,NaN
SUPER_12,33210000,2,0,0,2,0,2,NaN
SUPER_12,33220000,5,0,0,5,1,4,NaN
SUPER_12,33230000,3,1,0,4,3,0,2
SUPER_12,33240000,3,0,1,4,3,0,11
SUPER_12,33250000,8,1,0,9,6,2,3
SUPER_12,33260000,5,1,0,6,2,3,6
SUPER_12,33270000,10,0,1,11,5,5,5
SUPER_12,33280000,7,1,0,8,3,4,1
SUPER_12,33290000,2,1,0,3,2,0,2
SUPER_12,33300000,40,3,1,44,29,11,4.25
SUPER_13,10000,24,5,6,35,18,6,1.3636364
SUPER_13,20000,33,0,0,33,22,11,NaN
SUPER_13,30000,2,1,0,3,1,1,1
SUPER_13,40000,0,1,0,1,0,0,1
SUPER_13,50000,0,1,0,1,0,0,5
SUPER_13,60000,29,3,7,39,14,15,6.5
SUPER_13,70000,54,5,5,64,28,26,10.1
SUPER_13,80000,32,2,4,38,18,14,114.166664
SUPER_13,90000,15,1,2,18,6,9,18.333334
SUPER_13,100000,0,0,0,0,0,0,0
SUPER_13,110000,0,0,0,0,0,0,0
SUPER_13,120000,131,6,4,141,69,62,10.7
SUPER_13,130000,64,7,5,76,34,30,4.6666665
SUPER_13,140000,61,1,4,66,35,26,3.4
SUPER_13,150000,51,4,7,62,30,21,6.3636365
SUPER_13,160000,5,0,0,5,0,5,NaN
SUPER_13,170000,25,2,1,28,13,12,9
SUPER_13,180000,52,5,4,61,27,25,4
SUPER_13,190000,107,12,14,133,41,66,9.538462
SUPER_13,200000,71,3,10,84,43,28,6.6153846
SUPER_13,210000,18,0,1,19,10,8,21
SUPER_13,220000,73,6,6,85,47,26,4.6666665
SUPER_13,230000,60,1,7,68,39,21,9.75
SUPER_13,240000,60,4,4,68,30,30,5.75
SUPER_13,250000,48,4,1,53,25,23,18.8
SUPER_13,260000,50,7,3,60,26,24,3.3
SUPER_13,270000,61,3,2,66,38,23,5.6
SUPER_13,280000,82,4,5,91,45,37,7.2222223
SUPER_13,290000,71,4,4,79,41,30,45.625
SUPER_13,300000,35,2,6,43,18,17,4.125
SUPER_13,310000,46,3,5,54,27,19,8.5
SUPER_13,320000,95,7,5,107,54,41,4.1666665
SUPER_13,330000,7,1,0,8,2,5,1
SUPER_13,340000,100,3,5,108,53,47,13.625
SUPER_13,350000,92,7,6,105,50,42,3
SUPER_13,360000,46,5,3,54,24,22,9.375
SUPER_13,370000,35,1,2,38,19,16,26.333334
SUPER_13,380000,67,4,4,75,38,29,5.875
SUPER_13,390000,68,3,4,75,35,33,11.714286
SUPER_13,400000,32,1,3,36,16,16,7
SUPER_13,410000,61,3,9,73,29,32,7.4166665
SUPER_13,420000,8,1,1,10,4,4,3
SUPER_13,430000,78,4,6,88,39,39,2.8
SUPER_13,440000,91,7,12,110,38,53,40.42105
SUPER_13,450000,82,8,8,98,40,42,2.125
SUPER_13,460000,97,7,8,112,58,39,7.5333333
SUPER_13,470000,74,5,3,82,40,34,2.625
SUPER_13,480000,95,4,9,108,46,49,30.923077
SUPER_13,490000,138,12,9,159,69,69,4.4761906
SUPER_13,500000,112,8,10,130,51,61,7.611111
SUPER_13,510000,137,6,13,156,79,58,10.789474
SUPER_13,520000,135,10,5,150,69,66,7.866667
SUPER_13,530000,128,4,11,143,72,56,10.2
SUPER_13,540000,116,11,8,135,63,53,59.263157
SUPER_13,550000,137,7,10,154,67,70,9.3529415
SUPER_13,560000,65,3,3,71,32,33,3.8333333
SUPER_13,570000,68,8,6,82,39,29,6.928571
SUPER_13,580000,165,12,14,191,71,94,6.4615383
SUPER_13,590000,97,4,6,107,52,45,5.5
SUPER_13,600000,99,5,10,114,53,46,5.5333333
SUPER_13,610000,80,5,7,92,38,42,12.083333
SUPER_13,620000,109,4,6,119,55,54,9.1
SUPER_13,630000,128,7,11,146,68,60,7.3333335
SUPER_13,640000,63,7,5,75,29,34,9.583333
SUPER_13,650000,30,0,2,32,15,15,5
SUPER_13,660000,108,10,3,121,59,49,6.6153846
SUPER_13,670000,50,2,2,54,21,29,1.25
SUPER_13,680000,51,3,2,56,33,18,3.8
SUPER_13,690000,3,0,0,3,2,1,NaN
SUPER_13,700000,5,0,0,5,3,2,NaN
SUPER_13,710000,28,3,5,36,11,17,4
SUPER_13,720000,92,10,3,105,52,40,7.076923
SUPER_13,730000,8,2,0,10,3,5,3
SUPER_13,740000,5,0,0,5,2,3,NaN
SUPER_13,750000,0,0,0,0,0,0,0
SUPER_13,760000,0,0,0,0,0,0,0
SUPER_13,770000,0,0,0,0,0,0,0
SUPER_13,780000,0,0,0,0,0,0,0
SUPER_13,790000,4,1,2,7,1,3,4.6666665
SUPER_13,800000,5,2,0,7,3,2,1
SUPER_13,810000,33,2,0,35,18,15,20.5
SUPER_13,820000,76,1,3,80,39,37,19.75
SUPER_13,830000,28,3,1,32,11,17,9.75
SUPER_13,840000,130,5,13,148,66,64,12.444445
SUPER_13,850000,127,14,9,150,69,58,10.086957
SUPER_13,860000,103,7,4,114,44,59,4.4545455
SUPER_13,870000,141,10,8,159,67,74,5.0555553
SUPER_13,880000,148,17,13,178,67,81,25.1
SUPER_13,890000,123,5,10,138,59,64,10.066667
SUPER_13,900000,106,5,8,119,59,47,4.076923
SUPER_13,910000,69,3,12,84,36,33,6.2
SUPER_13,920000,130,11,5,146,65,65,6.5625
SUPER_13,930000,104,5,5,114,45,59,3.2
SUPER_13,940000,66,5,5,76,32,34,19
SUPER_13,950000,124,9,6,139,70,54,3.2666667
SUPER_13,960000,72,5,4,81,33,39,3.7777777
SUPER_13,970000,4,0,0,4,3,1,NaN
SUPER_13,980000,6,1,0,7,5,1,30
SUPER_13,990000,8,1,1,10,7,1,4
SUPER_13,1000000,78,11,9,98,43,35,12.25
SUPER_13,1010000,60,3,5,68,30,30,10.25
SUPER_13,1020000,79,4,7,90,47,32,5.5454545
SUPER_13,1030000,1,0,0,1,0,1,NaN
SUPER_13,1040000,3,1,1,5,1,2,22
SUPER_13,1050000,1,0,0,1,0,1,NaN
SUPER_13,1060000,6,0,0,6,3,3,NaN
SUPER_13,1070000,162,11,11,184,94,68,10.636364
SUPER_13,1080000,79,4,8,91,37,42,42.75
SUPER_13,1090000,3,0,0,3,2,1,NaN
SUPER_13,1100000,4,0,0,4,2,2,NaN
SUPER_13,1110000,5,0,0,5,3,2,NaN
SUPER_13,1120000,123,5,8,136,63,60,34.53846
SUPER_13,1130000,101,8,14,123,57,44,5.1363635
SUPER_13,1140000,0,0,0,0,0,0,0
SUPER_13,1150000,0,0,0,0,0,0,0
SUPER_13,1160000,56,2,1,59,31,25,3.6666667
SUPER_13,1170000,138,4,11,153,88,50,2.9333334
SUPER_13,1180000,119,15,10,144,69,50,6.64
SUPER_13,1190000,109,6,6,121,49,60,13.583333
SUPER_13,1200000,137,6,6,149,79,58,10.5
SUPER_13,1210000,183,6,7,196,105,78,7.3846154
SUPER_13,1220000,68,6,7,81,38,30,4.4615383
SUPER_13,1230000,28,6,1,35,14,14,6.285714
SUPER_13,1240000,2,0,0,2,1,1,NaN
SUPER_13,1250000,111,8,5,124,54,57,6.6153846
SUPER_13,1260000,106,5,7,118,53,53,5.9166665
SUPER_13,1270000,104,8,6,118,46,58,7.142857
SUPER_13,1280000,22,0,4,26,12,10,3.75
SUPER_13,1290000,25,0,3,28,12,13,7.3333335
SUPER_13,1300000,156,9,15,180,84,72,6.5833335
SUPER_13,1310000,100,11,11,122,50,50,8.590909
SUPER_13,1320000,103,5,10,118,59,44,14.133333
SUPER_13,1330000,25,3,1,29,13,12,1.25
SUPER_13,1340000,60,4,6,70,31,29,1.6
SUPER_13,1350000,84,8,8,100,44,40,7.8125
SUPER_13,1360000,39,5,2,46,24,15,3.4285715
SUPER_13,1370000,109,14,2,125,50,59,2.875
SUPER_13,1380000,98,7,9,114,52,46,4.375
SUPER_13,1390000,65,5,3,73,31,34,12.25
SUPER_13,1400000,25,0,3,28,13,12,15.666667
SUPER_13,1410000,100,8,6,114,61,39,15.857142
SUPER_13,1420000,170,12,6,188,87,83,8
SUPER_13,1430000,20,3,4,27,13,7,3.7142856
SUPER_13,1440000,42,5,5,52,27,15,3.8
SUPER_13,1450000,78,4,9,91,41,37,24.615385
SUPER_13,1460000,139,4,12,155,73,66,12.125
SUPER_13,1470000,166,15,17,198,80,86,14.53125
SUPER_13,1480000,149,8,7,164,82,67,11
SUPER_13,1490000,70,3,3,76,39,31,21.166666
SUPER_13,1500000,65,8,3,76,38,27,5.7272725
SUPER_13,1510000,0,1,0,1,0,0,1
SUPER_13,1520000,0,1,0,1,0,0,1
SUPER_13,1530000,107,9,9,125,52,55,13.111111
SUPER_13,1540000,60,4,7,71,32,28,2.5454545
SUPER_13,1550000,73,14,8,95,38,35,5.0454545
SUPER_13,1560000,36,6,8,50,16,20,3.357143
SUPER_13,1570000,62,7,3,72,34,28,3.1
SUPER_13,1580000,66,3,8,77,36,30,4.4545455
SUPER_13,1590000,34,4,2,40,20,14,6.6666665
SUPER_13,1600000,82,2,6,90,40,42,4.625
SUPER_13,1610000,109,2,8,119,59,50,4.5
SUPER_13,1620000,86,10,9,105,45,41,5.9473686
SUPER_13,1630000,135,9,14,158,63,72,11.217391
SUPER_13,1640000,77,9,2,88,36,41,4
SUPER_13,1650000,37,2,2,41,20,17,11.25
SUPER_13,1660000,100,11,8,119,48,52,5.7894735
SUPER_13,1670000,58,4,4,66,28,30,4.125
SUPER_13,1680000,125,7,13,145,58,67,30.9
SUPER_13,1690000,12,2,1,15,8,4,9
SUPER_13,1700000,128,3,9,140,59,69,6.8333335
SUPER_13,1710000,8,0,0,8,4,4,NaN
SUPER_13,1720000,8,0,1,9,4,4,200
SUPER_13,1730000,2,0,0,2,2,0,NaN
SUPER_13,1740000,3,0,0,3,3,0,NaN
SUPER_13,1750000,29,4,5,38,18,11,3.5555556
SUPER_13,1760000,127,12,9,148,66,61,6.857143
SUPER_13,1770000,101,5,10,116,57,44,23.866667
SUPER_13,1780000,170,11,7,188,88,82,7.5555553
SUPER_13,1790000,32,4,1,37,16,16,2.4
SUPER_13,1800000,123,8,15,146,67,56,8.521739
SUPER_13,1810000,64,4,3,71,21,43,6.857143
SUPER_13,1820000,91,9,4,104,49,42,5.769231
SUPER_13,1830000,98,9,6,113,47,51,44.133335
SUPER_13,1840000,154,7,6,167,76,78,2.8461537
SUPER_13,1850000,157,14,10,181,72,85,8.625
SUPER_13,1860000,86,4,2,92,41,45,3.6666667
SUPER_13,1870000,15,2,2,19,5,10,1.75
SUPER_13,1880000,56,3,2,61,32,24,4.4
SUPER_13,1890000,170,9,15,194,76,94,11.791667
SUPER_13,1900000,34,3,1,38,10,24,16.75
SUPER_13,1910000,38,4,3,45,22,16,3.7142856
SUPER_13,1920000,62,7,6,75,36,26,6.1538463
SUPER_13,1930000,153,10,10,173,73,80,4.25
SUPER_13,1940000,85,5,8,98,53,32,4.230769
SUPER_13,1950000,97,10,3,110,48,49,4.923077
SUPER_13,1960000,77,8,9,94,37,40,6.352941
SUPER_13,1970000,89,3,10,102,54,35,6.6153846
SUPER_13,1980000,158,15,14,187,84,74,5.275862
SUPER_13,1990000,125,10,14,149,61,64,5.5
SUPER_13,2000000,90,13,8,111,45,45,8
SUPER_13,2010000,114,12,6,132,55,59,4.111111
SUPER_13,2020000,159,8,10,177,76,83,4.611111
SUPER_13,2030000,211,16,20,247,105,106,10.027778
SUPER_13,2040000,105,9,8,122,45,60,4.9411764
SUPER_13,2050000,128,12,14,154,59,69,15.846154
SUPER_13,2060000,26,0,7,33,13,13,3.4285715
SUPER_13,2070000,105,5,9,119,59,46,4.857143
SUPER_13,2080000,104,8,12,124,50,54,6.75
SUPER_13,2090000,151,8,3,162,97,54,6.2727275
SUPER_13,2100000,35,2,6,43,16,19,3.375
SUPER_13,2110000,59,4,2,65,27,32,5
SUPER_13,2120000,225,10,12,247,118,107,5.681818
SUPER_13,2130000,133,9,9,151,67,66,12.444445
SUPER_13,2140000,1,0,1,2,0,1,2
SUPER_13,2150000,0,1,0,1,0,0,1
SUPER_13,2160000,2,0,0,2,0,2,NaN
SUPER_13,2170000,0,2,0,2,0,0,1
SUPER_13,2180000,2,0,0,2,0,2,NaN
SUPER_13,2190000,41,2,4,47,27,14,3.1666667
SUPER_13,2200000,116,6,6,128,62,54,3.9166667
SUPER_13,2210000,87,8,5,100,32,55,2.4615386
SUPER_13,2220000,72,5,8,85,41,31,10.230769
SUPER_13,2230000,3,0,1,4,1,2,2
SUPER_13,2240000,41,3,7,51,25,16,3
SUPER_13,2250000,25,1,4,30,13,12,1.4
SUPER_13,2260000,108,5,8,121,55,53,39.692307
SUPER_13,2270000,51,3,7,61,22,29,11.3
SUPER_13,2280000,135,15,12,162,66,69,4.6296296
SUPER_13,2290000,2,1,0,3,2,0,27
SUPER_13,2300000,4,1,0,5,2,2,1
SUPER_13,2310000,115,14,6,135,55,60,8.7
SUPER_13,2320000,1,0,0,1,0,1,NaN
SUPER_13,2330000,3,0,1,4,1,2,1
SUPER_13,2340000,82,6,5,93,43,39,5.818182
SUPER_13,2350000,134,7,12,153,66,68,17.736841
SUPER_13,2360000,41,4,4,49,18,23,2.5
SUPER_13,2370000,119,16,10,145,46,73,3.6538463
SUPER_13,2380000,7,0,0,7,3,4,NaN
SUPER_13,2390000,115,8,9,132,66,49,10.6470585
SUPER_13,2400000,171,11,15,197,95,76,7.4615383
SUPER_13,2410000,146,8,7,161,57,89,6.866667
SUPER_13,2420000,0,0,0,0,0,0,0
SUPER_13,2430000,0,0,0,0,0,0,0
SUPER_13,2440000,0,0,0,0,0,0,0
SUPER_13,2450000,0,0,0,0,0,0,0
SUPER_13,2460000,76,2,2,80,47,29,2.5
SUPER_13,2470000,0,0,0,0,0,0,0
SUPER_13,2480000,0,0,0,0,0,0,0
SUPER_13,2490000,4,1,0,5,2,2,1
SUPER_13,2500000,3,0,0,3,0,3,NaN
SUPER_13,2510000,37,2,2,41,22,15,2.75
SUPER_13,2520000,129,8,11,148,72,57,3.6842105
SUPER_13,2530000,159,14,17,190,85,74,3.8064516
SUPER_13,2540000,124,2,5,131,71,53,6.714286
SUPER_13,2550000,90,10,8,108,39,51,5.611111
SUPER_13,2560000,132,10,12,154,68,64,19.772728
SUPER_13,2570000,77,10,6,93,34,43,6.25
SUPER_13,2580000,121,10,12,143,66,55,13.681818
SUPER_13,2590000,35,1,2,38,20,15,1.3333334
SUPER_13,2600000,31,5,2,38,14,17,6.428571
SUPER_13,2610000,100,6,5,111,56,44,8.090909
SUPER_13,2620000,25,4,3,32,11,14,4.714286
SUPER_13,2630000,3,0,0,3,1,2,NaN
SUPER_13,2640000,1,1,0,2,1,0,10
SUPER_13,2650000,2,0,0,2,1,1,NaN
SUPER_13,2660000,103,7,3,113,46,57,16.2
SUPER_13,2670000,99,8,8,115,49,50,38.25
SUPER_13,2680000,113,5,10,128,57,56,12.066667
SUPER_13,2690000,124,9,6,139,67,57,28.866667
SUPER_13,2700000,0,0,0,0,0,0,0
SUPER_13,2710000,0,0,0,0,0,0,0
SUPER_13,2720000,137,3,11,151,68,69,5.357143
SUPER_13,2730000,95,9,6,110,50,45,5.266667
SUPER_13,2740000,32,4,2,38,16,16,4
SUPER_13,2750000,92,4,9,105,52,40,4.4615383
SUPER_13,2760000,89,3,7,99,53,36,7.6
SUPER_13,2770000,47,6,2,55,22,25,6
SUPER_13,2780000,76,6,6,88,30,46,4.9166665
SUPER_13,2790000,136,8,7,151,68,68,30
SUPER_13,2800000,13,2,1,16,10,3,3.3333333
SUPER_13,2810000,43,3,2,48,23,20,6.4
SUPER_13,2820000,196,10,19,225,85,111,10.862069
SUPER_13,2830000,68,4,5,77,39,29,5.3333335
SUPER_13,2840000,31,0,3,34,16,15,2.6666667
SUPER_13,2850000,13,0,1,14,6,7,3
SUPER_13,2860000,1,1,0,2,0,1,1
SUPER_13,2870000,0,2,1,3,0,0,21.333334
SUPER_13,2880000,43,3,2,48,26,17,25.6
SUPER_13,2890000,212,8,15,235,108,104,9.608696
SUPER_13,2900000,101,4,7,112,58,43,3.7272727
SUPER_13,2910000,108,3,6,117,56,52,11.333333
SUPER_13,2920000,105,4,8,117,51,54,2.8333333
SUPER_13,2930000,122,7,8,137,60,62,3.7333333
SUPER_13,2940000,161,10,6,177,88,73,11.125
SUPER_13,2950000,173,10,19,202,92,81,8.24138
SUPER_13,2960000,149,16,14,179,84,65,4.266667
SUPER_13,2970000,115,14,7,136,59,56,5.3333335
SUPER_13,2980000,143,9,11,163,87,56,14.25
SUPER_13,2990000,134,10,11,155,83,51,5.7619047
SUPER_13,3000000,59,1,4,64,30,29,21
SUPER_13,3010000,118,8,6,132,51,67,3.5
SUPER_13,3020000,158,8,9,175,83,75,3.5294118
SUPER_13,3030000,99,6,6,111,51,48,2.8333333
SUPER_13,3040000,98,8,8,114,52,46,15.25
SUPER_13,3050000,106,5,7,118,52,54,2.3333333
SUPER_13,3060000,153,14,9,176,85,68,6.695652
SUPER_13,3070000,10,1,0,11,4,6,2
SUPER_13,3080000,5,1,1,7,4,1,1
SUPER_13,3090000,4,1,0,5,4,0,3
SUPER_13,3100000,1,0,1,2,1,0,12
SUPER_13,3110000,0,1,0,1,0,0,22
SUPER_13,3120000,4,0,1,5,1,3,5
SUPER_13,3130000,2,0,0,2,2,0,NaN
SUPER_13,3140000,1,0,0,1,0,1,NaN
SUPER_13,3150000,2,0,1,3,0,2,125
SUPER_13,3160000,3,0,0,3,2,1,NaN
SUPER_13,3170000,92,10,12,114,40,52,9.454545
SUPER_13,3180000,164,19,11,194,80,84,6.233333
SUPER_13,3190000,138,6,5,149,67,71,4
SUPER_13,3200000,121,7,5,133,52,69,8
SUPER_13,3210000,155,12,18,185,81,74,4.5
SUPER_13,3220000,101,3,10,114,45,56,5.3076925
SUPER_13,3230000,153,8,9,170,73,80,23.352942
SUPER_13,3240000,1,0,0,1,0,1,NaN
SUPER_13,3250000,42,4,6,52,17,25,23.2
SUPER_13,3260000,12,1,4,17,6,6,16.2
SUPER_13,3270000,1,1,0,2,0,1,1
SUPER_13,3280000,126,10,18,154,71,55,15.357142
SUPER_13,3290000,199,21,9,229,96,103,14.266666
SUPER_13,3300000,85,10,8,103,44,41,4.6666665
SUPER_13,3310000,3,0,1,4,1,2,2
SUPER_13,3320000,1,0,1,2,1,0,2
SUPER_13,3330000,19,2,0,21,9,10,1.5
SUPER_13,3340000,123,19,8,150,73,50,7.4444447
SUPER_13,3350000,122,3,7,132,63,59,5.9
SUPER_13,3360000,158,7,9,174,82,76,6.0625
SUPER_13,3370000,117,9,10,136,65,52,12.421053
SUPER_13,3380000,89,7,12,108,43,46,24.210526
SUPER_13,3390000,30,2,1,33,19,11,10.666667
SUPER_13,3400000,81,3,7,91,36,45,5.5
SUPER_13,3410000,107,10,10,127,55,52,5.75
SUPER_13,3420000,131,10,12,153,69,62,10.318182
SUPER_13,3430000,103,7,5,115,57,46,8.166667
SUPER_13,3440000,93,5,6,104,43,50,12
SUPER_13,3450000,76,5,9,90,41,35,6.214286
SUPER_13,3460000,28,1,0,29,11,17,1
SUPER_13,3470000,0,0,2,2,0,0,2
SUPER_13,3480000,1,0,0,1,1,0,NaN
SUPER_13,3490000,2,0,0,2,0,2,NaN
SUPER_13,3500000,0,0,0,0,0,0,0
SUPER_13,3510000,0,0,0,0,0,0,0
SUPER_13,3520000,6,1,0,7,4,2,1
SUPER_13,3530000,1,0,0,1,1,0,NaN
SUPER_13,3540000,12,1,0,13,9,3,1
SUPER_13,3550000,141,12,5,158,73,68,4.117647
SUPER_13,3560000,62,4,8,74,33,29,18.833334
SUPER_13,3570000,141,9,9,159,55,86,21.666666
SUPER_13,3580000,60,5,1,66,32,28,11
SUPER_13,3590000,136,17,10,163,56,80,6.111111
SUPER_13,3600000,112,4,7,123,54,58,2.3636363
SUPER_13,3610000,94,8,2,104,60,34,2.5
SUPER_13,3620000,85,6,8,99,50,35,5.642857
SUPER_13,3630000,157,8,12,177,85,72,5.4
SUPER_13,3640000,15,0,0,15,8,7,NaN
SUPER_13,3650000,63,5,6,74,28,35,5.5454545
SUPER_13,3660000,89,3,5,97,43,46,10.75
SUPER_13,3670000,0,0,0,0,0,0,0
SUPER_13,3680000,0,0,0,0,0,0,0
SUPER_13,3690000,194,15,17,226,108,86,8.875
SUPER_13,3700000,129,6,11,146,63,66,5.647059
SUPER_13,3710000,118,9,4,131,60,58,3.7692308
SUPER_13,3720000,194,19,15,228,99,95,8.6470585
SUPER_13,3730000,87,10,6,103,47,40,10.625
SUPER_13,3740000,29,3,1,33,15,14,4.75
SUPER_13,3750000,66,3,7,76,36,30,7.4
SUPER_13,3760000,1,0,0,1,0,1,NaN
SUPER_13,3770000,68,3,7,78,36,32,5.5
SUPER_13,3780000,81,3,8,92,41,40,5.5454545
SUPER_13,3790000,25,1,2,28,15,10,2
SUPER_13,3800000,0,0,0,0,0,0,0
SUPER_13,3810000,0,0,0,0,0,0,0
SUPER_13,3820000,73,3,5,81,35,38,2
SUPER_13,3830000,140,6,9,155,70,70,6.4666667
SUPER_13,3840000,1,0,0,1,0,1,NaN
SUPER_13,3850000,23,6,4,33,14,9,6.9
SUPER_13,3860000,39,2,4,45,21,18,21.666666
SUPER_13,3870000,42,6,3,51,25,17,10.888889
SUPER_13,3880000,92,7,8,107,53,39,6.733333
SUPER_13,3890000,0,0,0,0,0,0,0
SUPER_13,3900000,0,0,0,0,0,0,0
SUPER_13,3910000,21,0,2,23,12,9,1
SUPER_13,3920000,97,4,4,105,48,49,6.75
SUPER_13,3930000,86,4,9,99,43,43,36.692307
SUPER_13,3940000,103,8,9,120,63,40,2.8823528
SUPER_13,3950000,123,8,5,136,65,58,6.8461537
SUPER_13,3960000,63,2,5,70,35,28,7.714286
SUPER_13,3970000,90,8,8,106,42,48,6.75
SUPER_13,3980000,4,0,0,4,2,2,NaN
SUPER_13,3990000,3,1,0,4,2,1,1
SUPER_13,4000000,1,0,0,1,1,0,NaN
SUPER_13,4010000,3,0,1,4,1,2,1
SUPER_13,4020000,3,0,2,5,1,2,1
SUPER_13,4030000,1,0,0,1,1,0,NaN
SUPER_13,4040000,2,0,0,2,0,2,NaN
SUPER_13,4050000,0,1,0,1,0,0,2
SUPER_13,4060000,70,6,4,80,34,36,5.3
SUPER_13,4070000,35,2,2,39,24,11,6.75
SUPER_13,4080000,131,6,10,147,65,66,3.3125
SUPER_13,4090000,59,2,10,71,25,34,3.8333333
SUPER_13,4100000,106,8,11,125,51,55,6.7894735
SUPER_13,4110000,173,10,15,198,90,83,10.52
SUPER_13,4120000,85,6,1,92,45,40,11.714286
SUPER_13,4130000,89,10,11,110,38,51,4.2380953
SUPER_13,4140000,80,8,8,96,41,39,1.1875
SUPER_13,4150000,100,8,12,120,59,41,5.45
SUPER_13,4160000,96,6,10,112,50,46,4.4375
SUPER_13,4170000,117,9,8,134,55,62,1.9411764
SUPER_13,4180000,117,13,5,135,58,59,10.111111
SUPER_13,4190000,134,8,13,155,74,60,5.3809524
SUPER_13,4200000,150,11,11,172,64,86,10.272727
SUPER_13,4210000,76,7,5,88,34,42,2.9166667
SUPER_13,4220000,196,9,12,217,93,103,14.714286
SUPER_13,4230000,32,2,0,34,18,14,1
SUPER_13,4240000,101,5,8,114,37,64,5.8461537
SUPER_13,4250000,127,14,9,150,60,67,4.2173915
SUPER_13,4260000,6,1,0,7,2,4,3
SUPER_13,4270000,34,1,4,39,13,21,3.2
SUPER_13,4280000,75,5,3,83,43,32,32.5
SUPER_13,4290000,138,11,12,161,71,67,16.695652
SUPER_13,4300000,11,0,2,13,5,6,5.5
SUPER_13,4310000,2,2,2,6,2,0,1.25
SUPER_13,4320000,162,12,11,185,88,74,7.478261
SUPER_13,4330000,142,7,9,158,77,65,4.1875
SUPER_13,4340000,126,13,7,146,68,58,53.2
SUPER_13,4350000,125,5,9,139,63,62,14.357142
SUPER_13,4360000,126,7,8,141,71,55,4.2
SUPER_13,4370000,117,5,17,139,59,58,6.7272725
SUPER_13,4380000,0,0,0,0,0,0,0
SUPER_13,4390000,0,0,0,0,0,0,0
SUPER_13,4400000,22,2,2,26,14,8,2.75
SUPER_13,4410000,51,6,0,57,26,25,2.5
SUPER_13,4420000,142,9,11,162,61,81,11.45
SUPER_13,4430000,132,8,11,151,72,60,3.8947368
SUPER_13,4440000,119,15,7,141,59,60,12.590909
SUPER_13,4450000,78,7,4,89,47,31,5.5454545
SUPER_13,4460000,120,10,5,135,60,60,29
SUPER_13,4470000,191,14,12,217,81,110,8.538462
SUPER_13,4480000,128,10,7,145,55,73,10.294118
SUPER_13,4490000,162,16,13,191,76,86,3.4827585
SUPER_13,4500000,118,6,6,130,63,55,6.5
SUPER_13,4510000,122,10,7,139,61,61,6.2941175
SUPER_13,4520000,26,1,3,30,12,14,12.75
SUPER_13,4530000,59,8,6,73,35,24,28.642857
SUPER_13,4540000,83,5,4,92,42,41,2.7777777
SUPER_13,4550000,85,11,12,108,44,41,7.9130435
SUPER_13,4560000,11,0,1,12,7,4,182
SUPER_13,4570000,149,11,12,172,83,66,5.2608695
SUPER_13,4580000,120,8,6,134,64,56,29.142857
SUPER_13,4590000,87,6,8,101,43,44,4
SUPER_13,4600000,99,11,5,115,47,52,12.25
SUPER_13,4610000,139,11,11,161,74,65,9.409091
SUPER_13,4620000,117,8,6,131,52,65,8.357142
SUPER_13,4630000,2,0,1,3,0,2,1
SUPER_13,4640000,101,5,13,119,43,58,5.888889
SUPER_13,4650000,139,13,8,160,70,69,8.333333
SUPER_13,4660000,86,3,5,94,37,49,2.5
SUPER_13,4670000,88,11,10,109,53,35,6
SUPER_13,4680000,193,11,27,231,81,112,9.684211
SUPER_13,4690000,48,2,8,58,28,20,7.3
SUPER_13,4700000,3,0,0,3,2,1,NaN
SUPER_13,4710000,112,9,9,130,61,51,11.611111
SUPER_13,4720000,63,6,6,75,31,32,4.9166665
SUPER_13,4730000,30,1,3,34,18,12,12
SUPER_13,4740000,5,1,0,6,3,2,1
SUPER_13,4750000,3,0,0,3,2,1,NaN
SUPER_13,4760000,1,1,1,3,1,0,5.5
SUPER_13,4770000,95,5,5,105,56,39,4.6
SUPER_13,4780000,157,15,11,183,78,79,5.5
SUPER_13,4790000,87,10,5,102,45,42,4.4666667
SUPER_13,4800000,1,1,0,2,0,1,11
SUPER_13,4810000,66,6,3,75,31,35,4.5555553
SUPER_13,4820000,2,0,0,2,0,2,NaN
SUPER_13,4830000,88,9,6,103,50,38,3.7333333
SUPER_13,4840000,3,0,0,3,3,0,NaN
SUPER_13,4850000,9,2,1,12,6,3,7
SUPER_13,4860000,4,0,0,4,3,1,NaN
SUPER_13,4870000,2,0,0,2,1,1,NaN
SUPER_13,4880000,4,0,0,4,2,2,NaN
SUPER_13,4890000,44,1,2,47,17,27,1.3333334
SUPER_13,4900000,3,0,0,3,1,2,NaN
SUPER_13,4910000,103,10,12,125,44,59,5
SUPER_13,4920000,69,9,7,85,29,40,11.9375
SUPER_13,4930000,95,6,8,109,45,50,2.2857144
SUPER_13,4940000,129,13,8,150,74,55,38.714287
SUPER_13,4950000,58,2,4,64,30,28,1.8333334
SUPER_13,4960000,1,0,1,2,0,1,1
SUPER_13,4970000,84,3,1,88,38,46,4.75
SUPER_13,4980000,151,11,18,180,74,77,13.448276
SUPER_13,4990000,145,16,15,176,81,64,6.096774
SUPER_13,5000000,11,3,2,16,7,4,4.6
SUPER_13,5010000,10,1,0,11,8,2,1
SUPER_13,5020000,136,9,9,154,59,77,4
SUPER_13,5030000,94,3,10,107,43,51,3.9230769
SUPER_13,5040000,206,13,13,232,103,103,11.269231
SUPER_13,5050000,146,9,10,165,79,67,6.2105265
SUPER_13,5060000,111,8,7,126,55,56,4.2
SUPER_13,5070000,227,15,19,261,122,105,22.970589
SUPER_13,5080000,184,16,20,220,90,94,3.7222223
SUPER_13,5090000,107,12,9,128,55,52,11.095238
SUPER_13,5100000,131,13,11,155,71,60,5.0416665
SUPER_13,5110000,43,4,3,50,20,23,10.285714
SUPER_13,5120000,77,9,5,91,42,35,5
SUPER_13,5130000,79,8,7,94,42,37,39.533333
SUPER_13,5140000,195,6,4,205,105,90,9.2
SUPER_13,5150000,113,13,2,128,54,59,6.3333335
SUPER_13,5160000,20,2,2,24,11,9,6.25
SUPER_13,5170000,85,9,6,100,44,41,7.266667
SUPER_13,5180000,103,11,6,120,58,45,4.1764708
SUPER_13,5190000,134,10,12,156,72,62,4.7727275
SUPER_13,5200000,95,7,8,110,44,51,4.0666666
SUPER_13,5210000,103,9,9,121,55,48,5.5
SUPER_13,5220000,106,11,8,125,63,43,11.894737
SUPER_13,5230000,43,2,5,50,23,20,5.857143
SUPER_13,5240000,1,0,1,2,1,0,20
SUPER_13,5250000,3,0,0,3,0,3,NaN
SUPER_13,5260000,16,3,1,20,7,9,3.75
SUPER_13,5270000,3,0,0,3,2,1,NaN
SUPER_13,5280000,90,6,7,103,50,40,6.923077
SUPER_13,5290000,136,23,23,182,60,76,4.804348
SUPER_13,5300000,116,9,4,129,59,57,6.076923
SUPER_13,5310000,142,10,12,164,80,62,6.1363635
SUPER_13,5320000,58,3,4,65,30,28,5.142857
SUPER_13,5330000,41,2,3,46,24,17,2.6
SUPER_13,5340000,20,0,1,21,12,8,6
SUPER_13,5350000,1,0,0,1,0,1,NaN
SUPER_13,5360000,2,0,0,2,2,0,NaN
SUPER_13,5370000,1,0,0,1,1,0,NaN
SUPER_13,5380000,96,6,4,106,54,42,4.6
SUPER_13,5390000,103,3,7,113,51,52,10.8
SUPER_13,5400000,80,4,6,90,37,43,2.4
SUPER_13,5410000,115,5,11,131,65,50,12.3125
SUPER_13,5420000,65,7,7,79,34,31,9.785714
SUPER_13,5430000,126,10,9,145,63,63,11.368421
SUPER_13,5440000,25,4,4,33,16,9,3.5
SUPER_13,5450000,131,9,15,155,67,64,18
SUPER_13,5460000,114,8,13,135,67,47,9.333333
SUPER_13,5470000,0,0,0,0,0,0,0
SUPER_13,5480000,0,0,0,0,0,0,0
SUPER_13,5490000,0,0,0,0,0,0,0
SUPER_13,5500000,52,9,6,67,27,25,4.0666666
SUPER_13,5510000,27,4,3,34,13,14,4.571429
SUPER_13,5520000,207,19,13,239,100,107,7.1875
SUPER_13,5530000,268,12,10,290,153,115,6.2727275
SUPER_13,5540000,119,10,10,139,73,46,5.7
SUPER_13,5550000,61,5,4,70,37,24,11.222222
SUPER_13,5560000,41,2,5,48,16,25,17.857143
SUPER_13,5570000,117,10,7,134,61,56,4.2352943
SUPER_13,5580000,128,5,12,145,64,64,5.470588
SUPER_13,5590000,0,0,0,0,0,0,0
SUPER_13,5600000,0,0,0,0,0,0,0
SUPER_13,5610000,0,0,0,0,0,0,0
SUPER_13,5620000,0,0,0,0,0,0,0
SUPER_13,5630000,254,18,15,287,139,115,25.757576
SUPER_13,5640000,201,10,16,227,95,106,9.153846
SUPER_13,5650000,0,0,0,0,0,0,0
SUPER_13,5660000,0,0,0,0,0,0,0
SUPER_13,5670000,44,3,4,51,19,25,2.2857144
SUPER_13,5680000,110,8,7,125,57,53,2.4
SUPER_13,5690000,126,3,8,137,62,64,6.3636365
SUPER_13,5700000,115,8,9,132,57,58,3.7058823
SUPER_13,5710000,110,5,6,121,67,43,7.3636365
SUPER_13,5720000,97,3,2,102,54,43,1
SUPER_13,5730000,113,8,8,129,55,58,8.125
SUPER_13,5740000,159,9,14,182,81,78,7.3913045
SUPER_13,5750000,0,0,0,0,0,0,0
SUPER_13,5760000,0,0,0,0,0,0,0
SUPER_13,5770000,0,0,0,0,0,0,0
SUPER_13,5780000,0,0,0,0,0,0,0
SUPER_13,5790000,254,11,18,283,126,128,2.3448277
SUPER_13,5800000,63,3,5,71,31,32,5.5
SUPER_13,5810000,72,11,8,91,39,33,5.368421
SUPER_13,5820000,183,10,10,203,103,80,6.15
SUPER_13,5830000,189,15,14,218,100,89,10.448276
SUPER_13,5840000,181,7,12,200,86,95,5.736842
SUPER_13,5850000,128,8,5,141,70,58,6.6153846
SUPER_13,5860000,44,3,7,54,19,25,5.8
SUPER_13,5870000,16,2,1,19,11,5,2
SUPER_13,5880000,63,3,3,69,32,31,7.3333335
SUPER_13,5890000,0,0,0,0,0,0,0
SUPER_13,5900000,0,0,0,0,0,0,0
SUPER_13,5910000,0,0,0,0,0,0,0
SUPER_13,5920000,62,6,4,72,28,34,13.1
SUPER_13,5930000,5,1,2,8,3,2,8
SUPER_13,5940000,3,1,2,6,0,3,8.666667
SUPER_13,5950000,1,0,1,2,0,1,1
SUPER_13,5960000,55,8,4,67,29,26,9.666667
SUPER_13,5970000,91,5,9,105,52,39,10.357142
SUPER_13,5980000,0,0,1,1,0,0,1
SUPER_13,5990000,172,8,14,194,89,83,5.0454545
SUPER_13,6000000,22,0,0,22,11,11,NaN
SUPER_13,6010000,1,0,0,1,0,1,NaN
SUPER_13,6020000,2,0,0,2,0,2,NaN
SUPER_13,6030000,1,0,0,1,1,0,NaN
SUPER_13,6040000,0,0,0,0,0,0,0
SUPER_13,6050000,0,0,0,0,0,0,0
SUPER_13,6060000,17,0,3,20,8,9,13
SUPER_13,6070000,3,0,0,3,2,1,NaN
SUPER_13,6080000,3,0,1,4,2,1,21
SUPER_13,6090000,128,8,16,152,82,46,8.375
SUPER_13,6100000,33,5,3,41,15,18,8.375
SUPER_13,6110000,196,16,11,223,99,97,12.962963
SUPER_13,6120000,56,7,6,69,33,23,5.5384617
SUPER_13,6130000,6,0,0,6,4,2,NaN
SUPER_13,6140000,21,1,3,25,10,11,4.75
SUPER_13,6150000,14,1,3,18,4,10,5.75
SUPER_13,6160000,97,3,4,104,51,46,6
SUPER_13,6170000,167,10,12,189,79,88,4.7272725
SUPER_13,6180000,170,10,19,199,87,83,18.724138
SUPER_13,6190000,69,5,12,86,32,37,41
SUPER_13,6200000,45,5,1,51,23,22,2.1666667
SUPER_13,6210000,104,3,15,122,55,49,9.888889
SUPER_13,6220000,144,5,9,158,77,67,7.071429
SUPER_13,6230000,0,0,1,1,0,0,1
SUPER_13,6240000,125,11,7,143,64,61,23.055555
SUPER_13,6250000,169,12,17,198,101,68,6.2413793
SUPER_13,6260000,36,2,3,41,18,18,14.8
SUPER_13,6270000,1,0,1,2,1,0,1
SUPER_13,6280000,0,0,0,0,0,0,0
SUPER_13,6290000,0,0,0,0,0,0,0
SUPER_13,6300000,3,0,2,5,1,2,1
SUPER_13,6310000,1,1,0,2,0,1,6
SUPER_13,6320000,13,0,0,13,7,6,NaN
SUPER_13,6330000,0,1,0,1,0,0,1
SUPER_13,6340000,1,0,0,1,1,0,NaN
SUPER_13,6350000,74,5,7,86,36,38,8.5
SUPER_13,6360000,113,2,6,121,64,49,1.5
SUPER_13,6370000,0,0,0,0,0,0,0
SUPER_13,6380000,0,0,0,0,0,0,0
SUPER_13,6390000,263,24,20,307,134,129,8.159091
SUPER_13,6400000,141,7,7,155,59,82,3.2142856
SUPER_13,6410000,148,10,7,165,84,64,6.0588236
SUPER_13,6420000,34,2,5,41,18,16,8.142858
SUPER_13,6430000,109,6,10,125,55,54,12.1875
SUPER_13,6440000,1,2,0,3,1,0,2.5
SUPER_13,6450000,10,0,2,12,4,6,1.5
SUPER_13,6460000,34,3,1,38,14,20,18.25
SUPER_13,6470000,127,9,9,145,70,57,27.277779
SUPER_13,6480000,123,9,13,145,56,67,18.40909
SUPER_13,6490000,118,3,5,126,61,57,9.125
SUPER_13,6500000,0,0,0,0,0,0,0
SUPER_13,6510000,0,0,0,0,0,0,0
SUPER_13,6520000,59,3,7,69,36,23,3.9
SUPER_13,6530000,2,0,0,2,1,1,NaN
SUPER_13,6540000,1,0,1,2,1,0,37
SUPER_13,6550000,3,3,1,7,1,2,5
SUPER_13,6560000,0,0,1,1,0,0,1
SUPER_13,6570000,78,8,5,91,32,46,3.4615386
SUPER_13,6580000,1,0,0,1,1,0,NaN
SUPER_13,6590000,4,2,0,6,0,4,11
SUPER_13,6600000,84,2,5,91,43,41,5.142857
SUPER_13,6610000,66,7,5,78,41,25,7.1666665
SUPER_13,6620000,95,6,8,109,47,48,15.071428
SUPER_13,6630000,112,0,6,118,73,39,59.333332
SUPER_13,6640000,97,8,9,114,52,45,9.529411
SUPER_13,6650000,81,3,3,87,39,42,1.8333334
SUPER_13,6660000,140,4,12,156,68,72,13.875
SUPER_13,6670000,30,3,1,34,14,16,2.75
SUPER_13,6680000,171,14,13,198,86,85,6.740741
SUPER_13,6690000,82,2,2,86,47,35,2.5
SUPER_13,6700000,166,12,12,190,90,76,7.1666665
SUPER_13,6710000,93,2,3,98,46,47,1.4
SUPER_13,6720000,125,6,9,140,55,70,4.266667
SUPER_13,6730000,85,6,6,97,40,45,3.6666667
SUPER_13,6740000,19,0,1,20,7,12,215
SUPER_13,6750000,32,3,5,40,16,16,8
SUPER_13,6760000,39,5,5,49,16,23,5.1
SUPER_13,6770000,43,3,2,48,26,17,1.8
SUPER_13,6780000,11,0,1,12,5,6,1
SUPER_13,6790000,28,0,2,30,14,14,189
SUPER_13,6800000,18,1,2,21,7,11,88.333336
SUPER_13,6810000,158,9,19,186,72,86,40.964287
SUPER_13,6820000,81,7,0,88,41,40,4.285714
SUPER_13,6830000,123,8,8,139,66,57,9.8125
SUPER_13,6840000,82,4,6,92,42,40,6.6
SUPER_13,6850000,89,5,5,99,35,54,4
SUPER_13,6860000,101,10,2,113,51,50,7.5833335
SUPER_13,6870000,184,19,22,225,92,92,6.512195
SUPER_13,6880000,52,7,9,68,16,36,4.1875
SUPER_13,6890000,63,6,5,74,29,34,7.7272725
SUPER_13,6900000,118,9,12,139,60,58,14.523809
SUPER_13,6910000,109,7,13,129,60,49,5.45
SUPER_13,6920000,110,5,9,124,50,60,9
SUPER_13,6930000,83,4,6,93,47,36,7.7
SUPER_13,6940000,0,0,0,0,0,0,0
SUPER_13,6950000,0,0,0,0,0,0,0
SUPER_13,6960000,61,4,3,68,26,35,2.4285715
SUPER_13,6970000,52,5,5,62,26,26,4.9
SUPER_13,6980000,11,0,0,11,7,4,NaN
SUPER_13,6990000,4,0,1,5,2,2,1
SUPER_13,7000000,30,3,5,38,16,14,3.625
SUPER_13,7010000,20,1,2,23,8,12,3.3333333
SUPER_13,7020000,65,6,3,74,34,31,11.111111
SUPER_13,7030000,146,8,15,169,87,59,11.869565
SUPER_13,7040000,101,8,7,116,53,48,7.5333333
SUPER_13,7050000,74,6,10,90,32,42,9.125
SUPER_13,7060000,99,6,6,111,50,49,6.25
SUPER_13,7070000,68,4,4,76,33,35,6.125
SUPER_13,7080000,127,7,12,146,66,61,9.421053
SUPER_13,7090000,18,3,1,22,9,9,3
SUPER_13,7100000,136,10,9,155,77,59,8.842105
SUPER_13,7110000,152,18,9,179,84,68,4.7777777
SUPER_13,7120000,130,19,14,163,62,68,4.4242425
SUPER_13,7130000,106,10,3,119,61,45,11.615385
SUPER_13,7140000,105,7,7,119,52,53,5
SUPER_13,7150000,78,7,6,91,45,33,39
SUPER_13,7160000,122,14,7,143,63,59,5.571429
SUPER_13,7170000,130,12,4,146,72,58,7.875
SUPER_13,7180000,28,0,2,30,18,10,3.5
SUPER_13,7190000,1,0,0,1,0,1,NaN
SUPER_13,7200000,113,4,12,129,57,56,4.4375
SUPER_13,7210000,4,0,1,5,2,2,1
SUPER_13,7220000,24,5,5,34,10,14,4.3
SUPER_13,7230000,127,12,13,152,60,67,4.84
SUPER_13,7240000,94,2,2,98,52,42,20.25
SUPER_13,7250000,110,5,4,119,56,54,4.888889
SUPER_13,7260000,161,10,11,182,85,76,6.2380953
SUPER_13,7270000,58,5,6,69,29,29,8.545455
SUPER_13,7280000,84,6,13,103,48,36,2.2631578
SUPER_13,7290000,89,5,7,101,53,36,24
SUPER_13,7300000,47,8,4,59,20,27,3.8333333
SUPER_13,7310000,73,5,2,80,40,33,5.571429
SUPER_13,7320000,1,0,0,1,0,1,NaN
SUPER_13,7330000,1,1,0,2,1,0,6
SUPER_13,7340000,2,0,0,2,1,1,NaN
SUPER_13,7350000,109,12,8,129,58,51,7.45
SUPER_13,7360000,126,20,12,158,63,63,6.3125
SUPER_13,7370000,116,11,8,135,65,51,3.8421052
SUPER_13,7380000,30,3,3,36,17,13,4
SUPER_13,7390000,2,0,0,2,1,1,NaN
SUPER_13,7400000,76,13,4,93,35,41,4.529412
SUPER_13,7410000,147,12,11,170,74,73,3.6086957
SUPER_13,7420000,11,0,2,13,6,5,139.5
SUPER_13,7430000,1,0,1,2,1,0,1
SUPER_13,7440000,4,0,0,4,3,1,NaN
SUPER_13,7450000,108,6,8,122,54,54,10.857142
SUPER_13,7460000,36,3,11,50,15,21,4.857143
SUPER_13,7470000,50,8,8,66,20,30,4.875
SUPER_13,7480000,72,10,6,88,36,36,11.5
SUPER_13,7490000,92,5,5,102,49,43,7.9
SUPER_13,7500000,65,10,9,84,35,30,4.631579
SUPER_13,7510000,95,7,5,107,44,51,11.5
SUPER_13,7520000,3,0,0,3,3,0,NaN
SUPER_13,7530000,47,4,2,53,20,27,7
SUPER_13,7540000,113,7,11,131,58,55,9.111111
SUPER_13,7550000,14,1,0,15,6,8,25
SUPER_13,7560000,150,6,14,170,72,78,1.8
SUPER_13,7570000,142,13,8,163,63,79,4.142857
SUPER_13,7580000,134,13,11,158,72,62,5.5
SUPER_13,7590000,169,4,9,182,78,91,9.692307
SUPER_13,7600000,131,8,6,145,70,61,4.071429
SUPER_13,7610000,40,3,4,47,17,23,14.285714
SUPER_13,7620000,17,4,4,25,4,13,8.5
SUPER_13,7630000,196,12,14,222,86,110,9.230769
SUPER_13,7640000,94,4,4,102,44,50,4.25
SUPER_13,7650000,5,0,2,7,2,3,7
SUPER_13,7660000,129,9,13,151,62,67,11.545455
SUPER_13,7670000,156,8,20,184,79,77,15.535714
SUPER_13,7680000,159,9,13,181,91,68,6.8636365
SUPER_13,7690000,68,6,9,83,37,31,7.133333
SUPER_13,7700000,113,2,9,124,52,61,3.909091
SUPER_13,7710000,61,2,7,70,31,30,8.555555
SUPER_13,7720000,58,5,3,66,32,26,10.125
SUPER_13,7730000,39,7,6,52,21,18,11.615385
SUPER_13,7740000,130,10,13,153,68,62,6.304348
SUPER_13,7750000,87,4,4,95,36,51,3.625
SUPER_13,7760000,100,6,12,118,53,47,4.8333335
SUPER_13,7770000,83,6,4,93,32,51,2.3
SUPER_13,7780000,59,5,3,67,32,27,6.25
SUPER_13,7790000,76,4,5,85,39,37,4.2222223
SUPER_13,7800000,98,4,9,111,54,44,3.7692308
SUPER_13,7810000,11,1,0,12,6,5,5
SUPER_13,7820000,1,0,0,1,0,1,NaN
SUPER_13,7830000,0,0,0,0,0,0,0
SUPER_13,7840000,0,0,0,0,0,0,0
SUPER_13,7850000,19,0,0,19,6,13,NaN
SUPER_13,7860000,59,2,2,63,28,31,2.25
SUPER_13,7870000,3,0,1,4,3,0,11
SUPER_13,7880000,7,1,1,9,4,3,1.5
SUPER_13,7890000,64,5,7,76,29,35,21.166666
SUPER_13,7900000,19,2,1,22,11,8,11
SUPER_13,7910000,176,18,16,210,96,80,5.970588
SUPER_13,7920000,148,13,10,171,80,68,7.826087
SUPER_13,7930000,52,3,6,61,18,34,7.4444447
SUPER_13,7940000,66,2,4,72,37,29,6.5
SUPER_13,7950000,111,9,9,129,57,54,6.0555553
SUPER_13,7960000,79,6,5,90,42,37,8.181818
SUPER_13,7970000,113,10,9,132,55,58,13.894737
SUPER_13,7980000,95,10,11,116,42,53,7.1904764
SUPER_13,7990000,2,0,0,2,2,0,NaN
SUPER_13,8000000,2,0,0,2,0,2,NaN
SUPER_13,8010000,53,3,6,62,19,34,9.555555
SUPER_13,8020000,132,8,9,149,65,67,5.2352943
SUPER_13,8030000,51,3,3,57,28,23,2.1666667
SUPER_13,8040000,94,6,5,105,59,35,5.2727275
SUPER_13,8050000,81,3,3,87,52,29,5.6666665
SUPER_13,8060000,60,3,3,66,31,29,6.6666665
SUPER_13,8070000,75,4,6,85,34,41,37.5
SUPER_13,8080000,3,0,0,3,1,2,NaN
SUPER_13,8090000,3,1,1,5,1,2,4
SUPER_13,8100000,1,0,0,1,0,1,NaN
SUPER_13,8110000,87,4,5,96,57,30,16.11111
SUPER_13,8120000,176,20,15,211,89,87,3.6285715
SUPER_13,8130000,207,12,18,237,107,100,10.4
SUPER_13,8140000,131,9,9,149,61,70,13.333333
SUPER_13,8150000,22,0,2,24,10,12,1
SUPER_13,8160000,4,0,1,5,1,3,2
SUPER_13,8170000,9,0,0,9,6,3,NaN
SUPER_13,8180000,6,1,1,8,2,4,1.5
SUPER_13,8190000,4,0,2,6,3,1,2.5
SUPER_13,8200000,0,0,1,1,0,0,17
SUPER_13,8210000,2,0,0,2,0,2,NaN
SUPER_13,8220000,1,1,0,2,1,0,22
SUPER_13,8230000,80,2,10,92,45,35,20
SUPER_13,8240000,70,7,7,84,30,40,5.285714
SUPER_13,8250000,122,12,11,145,52,70,5.7826085
SUPER_13,8260000,2,0,2,4,0,2,1.5
SUPER_13,8270000,1,0,0,1,1,0,NaN
SUPER_13,8280000,53,5,2,60,21,32,2.4285715
SUPER_13,8290000,47,6,6,59,29,18,9.416667
SUPER_13,8300000,83,3,5,91,33,50,6
SUPER_13,8310000,132,11,8,151,69,63,4.105263
SUPER_13,8320000,82,8,8,98,46,36,4.8125
SUPER_13,8330000,29,4,5,38,13,16,4.5555553
SUPER_13,8340000,65,3,6,74,29,36,5.7777777
SUPER_13,8350000,55,6,5,66,22,33,10.727273
SUPER_13,8360000,126,9,6,141,74,52,1.8666667
SUPER_13,8370000,97,10,9,116,47,50,9.631579
SUPER_13,8380000,107,9,10,126,57,50,31.421053
SUPER_13,8390000,65,3,4,72,32,33,43
SUPER_13,8400000,35,0,0,35,17,18,NaN
SUPER_13,8410000,1,0,0,1,1,0,NaN
SUPER_13,8420000,1,0,0,1,1,0,NaN
SUPER_13,8430000,90,7,4,101,46,44,6.5454545
SUPER_13,8440000,42,2,5,49,22,20,6.857143
SUPER_13,8450000,139,6,12,157,68,71,10.444445
SUPER_13,8460000,69,6,7,82,36,33,5.230769
SUPER_13,8470000,96,9,14,119,45,51,9.869565
SUPER_13,8480000,105,7,9,121,51,54,6.625
SUPER_13,8490000,60,3,4,67,33,27,8
SUPER_13,8500000,143,7,10,160,71,72,7.1764708
SUPER_13,8510000,40,1,4,45,19,21,3.4
SUPER_13,8520000,1,0,0,1,1,0,NaN
SUPER_13,8530000,2,0,0,2,1,1,NaN
SUPER_13,8540000,75,7,7,89,38,37,4.785714
SUPER_13,8550000,106,8,3,117,55,51,8.363636
SUPER_13,8560000,201,12,10,223,90,111,8.272727
SUPER_13,8570000,163,15,9,187,83,80,25.666666
SUPER_13,8580000,93,5,6,104,42,51,4.7272725
SUPER_13,8590000,30,0,0,30,17,13,NaN
SUPER_13,8600000,43,4,1,48,21,22,5
SUPER_13,8610000,137,10,11,158,76,61,26.285715
SUPER_13,8620000,135,11,10,156,61,74,6.6190476
SUPER_13,8630000,112,7,5,124,59,53,9.916667
SUPER_13,8640000,109,10,5,124,59,50,4.2
SUPER_13,8650000,144,5,14,163,73,71,44.105263
SUPER_13,8660000,193,14,19,226,95,98,11.090909
SUPER_13,8670000,134,8,15,157,78,56,8.434783
SUPER_13,8680000,17,0,1,18,7,10,6
SUPER_13,8690000,94,10,12,116,55,39,5.909091
SUPER_13,8700000,15,0,1,16,8,7,1
SUPER_13,8710000,0,0,0,0,0,0,0
SUPER_13,8720000,0,0,0,0,0,0,0
SUPER_13,8730000,60,3,2,65,23,37,15.8
SUPER_13,8740000,17,1,2,20,11,6,7.6666665
SUPER_13,8750000,33,0,3,36,17,16,34.333332
SUPER_13,8760000,149,11,14,174,90,59,10.4
SUPER_13,8770000,28,3,2,33,16,12,4.8
SUPER_13,8780000,34,4,3,41,21,13,13.714286
SUPER_13,8790000,95,5,7,107,55,40,5.1666665
SUPER_13,8800000,57,5,6,68,24,33,6.2727275
SUPER_13,8810000,55,6,2,63,26,29,6
SUPER_13,8820000,23,2,1,26,8,15,3.3333333
SUPER_13,8830000,82,5,5,92,39,43,9.7
SUPER_13,8840000,147,11,9,167,71,76,4.3
SUPER_13,8850000,10,5,3,18,5,5,19.125
SUPER_13,8860000,1,2,1,4,0,1,8.666667
SUPER_13,8870000,1,0,0,1,1,0,NaN
SUPER_13,8880000,56,5,3,64,30,26,5.875
SUPER_13,8890000,55,2,1,58,22,33,6
SUPER_13,8900000,5,2,0,7,1,4,8.5
SUPER_13,8910000,3,0,1,4,1,2,4
SUPER_13,8920000,132,7,2,141,64,68,10.555555
SUPER_13,8930000,68,7,4,79,38,30,7.6363635
SUPER_13,8940000,56,5,5,66,30,26,13.7
SUPER_13,8950000,91,4,7,102,47,44,14.909091
SUPER_13,8960000,34,2,4,40,21,13,5.3333335
SUPER_13,8970000,55,4,4,63,31,24,2.75
SUPER_13,8980000,15,0,1,16,6,9,1
SUPER_13,8990000,133,8,12,153,62,71,6.45
SUPER_13,9000000,110,7,6,123,65,45,5.6153846
SUPER_13,9010000,2,0,1,3,2,0,8
SUPER_13,9020000,121,5,8,134,64,57,7.6923075
SUPER_13,9030000,0,0,0,0,0,0,0
SUPER_13,9040000,0,0,0,0,0,0,0
SUPER_13,9050000,0,0,0,0,0,0,0
SUPER_13,9060000,97,7,9,113,49,48,11.125
SUPER_13,9070000,3,0,0,3,3,0,NaN
SUPER_13,9080000,0,0,0,0,0,0,0
SUPER_13,9090000,0,0,0,0,0,0,0
SUPER_13,9100000,0,0,0,0,0,0,0
SUPER_13,9110000,0,0,0,0,0,0,0
SUPER_13,9120000,0,0,0,0,0,0,0
SUPER_13,9130000,165,11,7,183,82,83,5.611111
SUPER_13,9140000,113,7,6,126,60,53,5.6923075
SUPER_13,9150000,1,3,0,4,1,0,5
SUPER_13,9160000,9,3,0,12,5,4,3
SUPER_13,9170000,115,6,5,126,62,53,5.4545455
SUPER_13,9180000,27,3,0,30,15,12,1
SUPER_13,9190000,1,0,1,2,0,1,1
SUPER_13,9200000,201,14,16,231,111,90,5.866667
SUPER_13,9210000,66,6,4,76,34,32,8
SUPER_13,9220000,83,4,4,91,35,48,3.375
SUPER_13,9230000,135,9,10,154,66,69,3.8421052
SUPER_13,9240000,67,3,6,76,35,32,7.2222223
SUPER_13,9250000,89,11,4,104,48,41,23.333334
SUPER_13,9260000,39,5,2,46,13,26,7.142857
SUPER_13,9270000,46,2,0,48,26,20,12.5
SUPER_13,9280000,108,7,11,126,50,58,18.555555
SUPER_13,9290000,60,4,3,67,28,32,10.571428
SUPER_13,9300000,100,5,7,112,59,41,7.75
SUPER_13,9310000,157,10,10,177,87,70,9.8
SUPER_13,9320000,21,1,0,22,13,8,1
SUPER_13,9330000,41,3,0,44,28,13,2.3333333
SUPER_13,9340000,114,5,12,131,58,56,9.294118
SUPER_13,9350000,49,4,2,55,19,30,7.8333335
SUPER_13,9360000,36,3,2,41,18,18,5.4
SUPER_13,9370000,0,0,0,0,0,0,0
SUPER_13,9380000,0,0,0,0,0,0,0
SUPER_13,9390000,0,0,0,0,0,0,0
SUPER_13,9400000,0,0,0,0,0,0,0
SUPER_13,9410000,0,0,0,0,0,0,0
SUPER_13,9420000,84,8,4,96,45,39,10.166667
SUPER_13,9430000,69,6,6,81,40,29,20
SUPER_13,9440000,40,2,3,45,11,29,5.2
SUPER_13,9450000,52,11,0,63,21,31,6.2727275
SUPER_13,9460000,2,0,0,2,0,2,NaN
SUPER_13,9470000,2,0,1,3,2,0,137
SUPER_13,9480000,68,4,7,79,32,36,4.818182
SUPER_13,9490000,211,13,13,237,110,101,6.8461537
SUPER_13,9500000,238,21,17,276,123,115,7.868421
SUPER_13,9510000,102,7,10,119,64,38,6.2352943
SUPER_13,9520000,201,16,9,226,98,103,5.48
SUPER_13,9530000,122,9,11,142,64,58,7.1
SUPER_13,9540000,127,10,9,146,54,73,5.5789475
SUPER_13,9550000,23,4,4,31,11,12,2.625
SUPER_13,9560000,41,3,3,47,21,20,3.1666667
SUPER_13,9570000,185,16,15,216,102,83,6.7419353
SUPER_13,9580000,5,0,1,6,3,2,39
SUPER_13,9590000,23,0,2,25,9,14,1
SUPER_13,9600000,151,13,8,172,76,75,31.52381
SUPER_13,9610000,95,7,8,110,42,53,16.866667
SUPER_13,9620000,189,15,16,220,87,102,4.806452
SUPER_13,9630000,116,6,10,132,56,60,5
SUPER_13,9640000,142,14,9,165,87,55,5.2608695
SUPER_13,9650000,3,0,2,5,3,0,2.5
SUPER_13,9660000,0,0,1,1,0,0,5
SUPER_13,9670000,1,1,0,2,0,1,1
SUPER_13,9680000,0,1,0,1,0,0,1
SUPER_13,9690000,1,0,0,1,0,1,NaN
SUPER_13,9700000,1,0,0,1,0,1,NaN
SUPER_13,9710000,0,0,1,1,0,0,1
SUPER_13,9720000,55,1,5,61,29,26,4.3333335
SUPER_13,9730000,96,15,5,116,49,47,5.65
SUPER_13,9740000,61,3,6,70,31,30,12.555555
SUPER_13,9750000,107,5,7,119,47,60,14.416667
SUPER_13,9760000,121,4,7,132,50,71,3.7272727
SUPER_13,9770000,79,3,4,86,43,36,3.4285715
SUPER_13,9780000,166,12,17,195,82,84,9.75862
SUPER_13,9790000,21,2,4,27,11,10,4.6666665
SUPER_13,9800000,32,5,3,40,18,14,3.125
SUPER_13,9810000,1,0,0,1,1,0,NaN
SUPER_13,9820000,50,3,1,54,23,27,8
SUPER_13,9830000,133,10,9,152,58,75,5.4736843
SUPER_13,9840000,113,3,8,124,64,49,5.6363635
SUPER_13,9850000,95,5,6,106,48,47,23.181818
SUPER_13,9860000,34,5,1,40,14,20,2
SUPER_13,9870000,101,9,8,118,53,48,3.8235295
SUPER_13,9880000,139,13,7,159,69,70,4.65
SUPER_13,9890000,77,7,2,86,44,33,2.5555556
SUPER_13,9900000,36,5,4,45,17,19,8.444445
SUPER_13,9910000,42,3,1,46,25,17,3.25
SUPER_13,9920000,25,1,2,28,21,4,1.3333334
SUPER_13,9930000,95,14,4,113,55,40,3.6666667
SUPER_13,9940000,45,4,3,52,26,19,3.857143
SUPER_13,9950000,71,5,7,83,37,34,3.8333333
SUPER_13,9960000,104,10,9,123,52,52,5.5263157
SUPER_13,9970000,87,6,7,100,42,45,3
SUPER_13,9980000,42,3,4,49,18,24,3.7142856
SUPER_13,9990000,8,3,0,11,2,6,4.3333335
SUPER_13,10000000,5,0,1,6,2,3,3
SUPER_13,10010000,9,0,0,9,3,6,NaN
SUPER_13,10020000,68,2,11,81,31,37,3.6153846
SUPER_13,10030000,126,12,8,146,55,71,7.6
SUPER_13,10040000,133,7,13,153,59,74,18.3
SUPER_13,10050000,49,5,7,61,25,24,4
SUPER_13,10060000,105,10,11,126,50,55,8.190476
SUPER_13,10070000,38,6,7,51,17,21,18.23077
SUPER_13,10080000,132,6,8,146,67,65,16.785715
SUPER_13,10090000,130,12,7,149,65,65,4.6842103
SUPER_13,10100000,115,5,8,128,60,55,16.153847
SUPER_13,10110000,113,9,16,138,66,47,7.48
SUPER_13,10120000,81,3,4,88,39,42,9.571428
SUPER_13,10130000,47,4,5,56,19,28,3.4444444
SUPER_13,10140000,46,3,4,53,23,23,5.285714
SUPER_13,10150000,82,3,6,91,41,41,8.555555
SUPER_13,10160000,16,2,1,19,11,5,2
SUPER_13,10170000,129,11,11,151,61,68,8.5
SUPER_13,10180000,122,11,8,141,55,67,4.1578946
SUPER_13,10190000,68,9,8,85,36,32,3.6470587
SUPER_13,10200000,12,1,0,13,4,8,16
SUPER_13,10210000,54,2,2,58,30,24,21
SUPER_13,10220000,95,16,6,117,42,53,2.8636363
SUPER_13,10230000,4,0,1,5,2,2,2
SUPER_13,10240000,2,0,0,2,0,2,NaN
SUPER_13,10250000,4,0,2,6,3,1,15.5
SUPER_13,10260000,1,0,0,1,0,1,NaN
SUPER_13,10270000,0,0,0,0,0,0,0
SUPER_13,10280000,0,0,0,0,0,0,0
SUPER_13,10290000,3,2,0,5,1,2,7.5
SUPER_13,10300000,61,11,11,83,28,33,16.40909
SUPER_13,10310000,87,6,11,104,41,46,11.470589
SUPER_13,10320000,4,1,1,6,4,0,12.5
SUPER_13,10330000,0,1,1,2,0,0,3.5
SUPER_13,10340000,106,11,11,128,57,49,4.2727275
SUPER_13,10350000,36,4,4,44,16,20,2.125
SUPER_13,10360000,7,1,0,8,3,4,2
SUPER_13,10370000,14,0,0,14,8,6,NaN
SUPER_13,10380000,4,1,3,8,3,1,6.5
SUPER_13,10390000,5,0,0,5,2,3,NaN
SUPER_13,10400000,13,0,1,14,11,2,25
SUPER_13,10410000,4,0,0,4,3,1,NaN
SUPER_13,10420000,0,0,0,0,0,0,0
SUPER_13,10430000,0,0,0,0,0,0,0
SUPER_13,10440000,1,1,0,2,1,0,2
SUPER_13,10450000,1,1,0,2,0,1,1
SUPER_13,10460000,0,0,0,0,0,0,0
SUPER_13,10470000,0,0,0,0,0,0,0
SUPER_13,10480000,0,0,0,0,0,0,0
SUPER_13,10490000,5,0,0,5,4,1,NaN
SUPER_13,10500000,2,0,0,2,1,1,NaN
SUPER_13,10510000,4,0,0,4,1,3,NaN
SUPER_13,10520000,3,1,0,4,0,3,6
SUPER_13,10530000,6,4,1,11,2,4,9.2
SUPER_13,10540000,3,0,0,3,2,1,NaN
SUPER_13,10550000,6,0,1,7,3,3,6
SUPER_13,10560000,91,2,9,102,48,43,93.72727
SUPER_13,10570000,95,5,4,104,56,39,14.777778
SUPER_13,10580000,84,3,8,95,45,39,3.5454545
SUPER_13,10590000,42,2,8,52,19,23,3.5
SUPER_13,10600000,2,0,1,3,1,1,6
SUPER_13,10610000,1,0,0,1,0,1,NaN
SUPER_13,10620000,123,5,13,141,71,52,18.5
SUPER_13,10630000,83,1,4,88,37,46,5.8
SUPER_13,10640000,74,2,6,82,35,39,13.75
SUPER_13,10650000,80,12,8,100,39,41,5
SUPER_13,10660000,158,4,12,174,91,67,90.3125
SUPER_13,10670000,151,6,14,171,95,56,7.2
SUPER_13,10680000,93,14,7,114,36,57,3.3809524
SUPER_13,10690000,77,3,6,86,43,34,46
SUPER_13,10700000,150,13,17,180,84,66,28.433332
SUPER_13,10710000,91,5,4,100,43,48,16.333334
SUPER_13,10720000,59,5,6,70,33,26,6.4545455
SUPER_13,10730000,71,3,5,79,36,35,3
SUPER_13,10740000,2,0,1,3,0,2,1
SUPER_13,10750000,120,5,11,136,63,57,14.375
SUPER_13,10760000,115,9,4,128,56,59,3.1538463
SUPER_13,10770000,87,4,5,96,50,37,7.111111
SUPER_13,10780000,129,15,10,154,63,66,6.12
SUPER_13,10790000,105,3,7,115,58,47,6.4
SUPER_13,10800000,129,8,8,145,62,67,5.375
SUPER_13,10810000,122,9,12,143,56,66,7.2380953
SUPER_13,10820000,59,2,4,65,29,30,6.1666665
SUPER_13,10830000,0,0,0,0,0,0,0
SUPER_13,10840000,0,0,0,0,0,0,0
SUPER_13,10850000,25,3,1,29,16,9,1.25
SUPER_13,10860000,154,13,15,182,81,73,7.178571
SUPER_13,10870000,109,6,16,131,50,59,9.909091
SUPER_13,10880000,93,4,6,103,43,50,3.1
SUPER_13,10890000,160,10,13,183,87,73,7.6086955
SUPER_13,10900000,68,6,3,77,38,30,8.444445
SUPER_13,10910000,49,4,6,59,33,16,4.4
SUPER_13,10920000,154,11,8,173,74,80,4.9473686
SUPER_13,10930000,46,8,3,57,19,27,10.181818
SUPER_13,10940000,0,0,0,0,0,0,0
SUPER_13,10950000,0,0,0,0,0,0,0
SUPER_13,10960000,54,4,3,61,24,30,4.857143
SUPER_13,10970000,97,9,5,111,54,43,7.5
SUPER_13,10980000,116,7,8,131,67,49,6
SUPER_13,10990000,112,8,7,127,59,53,5.5333333
SUPER_13,11000000,192,9,21,222,83,109,9.4
SUPER_13,11010000,191,24,14,229,92,99,3.2368422
SUPER_13,11020000,69,6,7,82,34,35,7.769231
SUPER_13,11030000,162,8,16,186,80,82,4.9166665
SUPER_13,11040000,49,4,5,58,26,23,3.5555556
SUPER_13,11050000,74,7,6,87,36,38,6.3846154
SUPER_13,11060000,109,4,5,118,55,54,8.222222
SUPER_13,11070000,64,4,5,73,35,29,8.111111
SUPER_13,11080000,0,0,1,1,0,0,1
SUPER_13,11090000,4,0,1,5,1,3,2
SUPER_13,11100000,3,0,0,3,0,3,NaN
SUPER_13,11110000,24,0,4,28,12,12,26.25
SUPER_13,11120000,130,14,6,150,62,68,3.3
SUPER_13,11130000,48,0,2,50,28,20,2.5
SUPER_13,11140000,27,2,2,31,12,15,4.25
SUPER_13,11150000,118,8,8,134,57,61,6.375
SUPER_13,11160000,159,7,7,173,80,79,10.071428
SUPER_13,11170000,101,5,6,112,55,46,9.909091
SUPER_13,11180000,125,4,3,132,56,69,6.571429
SUPER_13,11190000,163,9,12,184,76,87,5.3333335
SUPER_13,11200000,103,6,13,122,59,44,10.052631
SUPER_13,11210000,98,7,9,114,44,54,2.375
SUPER_13,11220000,58,9,7,74,27,31,6.6875
SUPER_13,11230000,120,11,9,140,65,55,6
SUPER_13,11240000,7,1,0,8,4,3,1
SUPER_13,11250000,66,6,0,72,38,28,6
SUPER_13,11260000,156,10,10,176,68,88,8.95
SUPER_13,11270000,64,5,5,74,29,35,4.1
SUPER_13,11280000,2,0,1,3,2,0,6
SUPER_13,11290000,1,1,0,2,1,0,1
SUPER_13,11300000,1,0,0,1,0,1,NaN
SUPER_13,11310000,7,1,0,8,1,6,15
SUPER_13,11320000,1,0,0,1,0,1,NaN
SUPER_13,11330000,2,1,0,3,2,0,1
SUPER_13,11340000,3,0,0,3,3,0,NaN
SUPER_13,11350000,45,2,4,51,26,19,141.83333
SUPER_13,11360000,71,5,5,81,40,31,2.6
SUPER_13,11370000,107,9,6,122,48,59,5.5333333
SUPER_13,11380000,25,4,3,32,12,13,7
SUPER_13,11390000,5,0,0,5,2,3,NaN
SUPER_13,11400000,2,0,0,2,2,0,NaN
SUPER_13,11410000,0,0,0,0,0,0,0
SUPER_13,11420000,0,0,0,0,0,0,0
SUPER_13,11430000,3,1,1,5,2,1,1.5
SUPER_13,11440000,1,1,0,2,0,1,2
SUPER_13,11450000,0,0,0,0,0,0,0
SUPER_13,11460000,0,0,0,0,0,0,0
SUPER_13,11470000,4,1,1,6,3,1,96.5
SUPER_13,11480000,9,0,1,10,4,5,21
SUPER_13,11490000,2,2,1,5,2,0,4.3333335
SUPER_13,11500000,2,2,1,5,0,2,57.666668
SUPER_13,11510000,2,0,0,2,1,1,NaN
SUPER_13,11520000,3,1,0,4,1,2,3
SUPER_13,11530000,0,0,0,0,0,0,0
SUPER_13,11540000,0,0,0,0,0,0,0
SUPER_13,11550000,3,0,3,6,2,1,1
SUPER_13,11560000,52,5,2,59,30,22,55.285713
SUPER_13,11570000,139,7,7,153,68,71,8.928572
SUPER_13,11580000,91,5,6,102,49,42,7.6363635
SUPER_13,11590000,113,13,12,138,56,57,7.48
SUPER_13,11600000,151,19,7,177,84,67,4.5384617
SUPER_13,11610000,147,10,9,166,72,75,9.842105
SUPER_13,11620000,120,16,3,139,66,54,2.2631578
SUPER_13,11630000,83,11,3,97,40,43,4.285714
SUPER_13,11640000,1,0,0,1,0,1,NaN
SUPER_13,11650000,41,2,1,44,15,26,3
SUPER_13,11660000,76,5,6,87,35,41,5.7272725
SUPER_13,11670000,181,22,20,223,93,88,5.1904764
SUPER_13,11680000,104,1,8,113,45,59,6
SUPER_13,11690000,161,18,14,193,80,81,5.8125
SUPER_13,11700000,85,4,5,94,46,39,10.333333
SUPER_13,11710000,123,7,12,142,62,61,24.842106
SUPER_13,11720000,86,5,14,105,35,51,6.631579
SUPER_13,11730000,100,6,8,114,50,50,6.785714
SUPER_13,11740000,164,7,17,188,89,75,12.625
SUPER_13,11750000,34,5,1,40,20,14,10.5
SUPER_13,11760000,85,6,10,101,49,36,4.4375
SUPER_13,11770000,121,5,7,133,54,67,6.4166665
SUPER_13,11780000,75,3,6,84,40,35,2.4444444
SUPER_13,11790000,116,9,10,135,57,59,5.4736843
SUPER_13,11800000,132,12,14,158,58,74,8.461538
SUPER_13,11810000,129,13,8,150,67,62,5.7619047
SUPER_13,11820000,104,8,11,123,56,48,34.63158
SUPER_13,11830000,59,7,9,75,22,37,4.875
SUPER_13,11840000,92,9,6,107,45,47,7.6666665
SUPER_13,11850000,100,9,5,114,54,46,5.928571
SUPER_13,11860000,110,5,4,119,60,50,28.11111
SUPER_13,11870000,58,5,3,66,31,27,5.375
SUPER_13,11880000,5,2,0,7,2,3,12.5
SUPER_13,11890000,2,1,1,4,0,2,6.5
SUPER_13,11900000,55,4,2,61,20,35,34.833332
SUPER_13,11910000,78,2,10,90,42,36,15.75
SUPER_13,11920000,35,1,4,40,15,20,4.2
SUPER_13,11930000,2,1,0,3,1,1,50
SUPER_13,11940000,2,0,0,2,1,1,NaN
SUPER_13,11950000,1,1,0,2,0,1,4
SUPER_13,11960000,3,0,0,3,1,2,NaN
SUPER_13,11970000,84,2,8,94,47,37,3.5
SUPER_13,11980000,48,3,3,54,26,22,7.6666665
SUPER_13,11990000,117,13,15,145,48,69,15.142858
SUPER_13,12000000,58,8,3,69,30,28,8.545455
SUPER_13,12010000,68,4,4,76,32,36,38.75
SUPER_13,12020000,60,5,5,70,31,29,9.4
SUPER_13,12030000,55,4,9,68,27,28,30.384615
SUPER_13,12040000,1,1,0,2,0,1,1
SUPER_13,12050000,1,0,0,1,1,0,NaN
SUPER_13,12060000,0,0,0,0,0,0,0
SUPER_13,12070000,0,0,0,0,0,0,0
SUPER_13,12080000,0,0,0,0,0,0,0
SUPER_13,12090000,0,0,0,0,0,0,0
SUPER_13,12100000,0,0,0,0,0,0,0
SUPER_13,12110000,0,0,0,0,0,0,0
SUPER_13,12120000,2,1,2,5,1,1,2.3333333
SUPER_13,12130000,1,0,0,1,0,1,NaN
SUPER_13,12140000,2,0,1,3,0,2,68
SUPER_13,12150000,2,0,0,2,2,0,NaN
SUPER_13,12160000,3,0,0,3,2,1,NaN
SUPER_13,12170000,0,1,0,1,0,0,2
SUPER_13,12180000,5,2,1,8,2,3,1.3333334
SUPER_13,12190000,141,13,8,162,88,53,11.904762
SUPER_13,12200000,143,8,14,165,77,66,5.7727275
SUPER_13,12210000,144,11,9,164,70,74,12.2
SUPER_13,12220000,25,0,5,30,14,11,13.4
SUPER_13,12230000,3,0,0,3,0,3,NaN
SUPER_13,12240000,2,2,0,4,0,2,21
SUPER_13,12250000,1,0,0,1,1,0,NaN
SUPER_13,12260000,0,0,0,0,0,0,0
SUPER_13,12270000,0,0,0,0,0,0,0
SUPER_13,12280000,0,0,0,0,0,0,0
SUPER_13,12290000,5,0,0,5,3,2,NaN
SUPER_13,12300000,1,1,0,2,0,1,5
SUPER_13,12310000,2,0,3,5,1,1,1.3333334
SUPER_13,12320000,2,0,0,2,1,1,NaN
SUPER_13,12330000,2,0,0,2,0,2,NaN
SUPER_13,12340000,1,0,0,1,0,1,NaN
SUPER_13,12350000,11,2,0,13,3,8,1
SUPER_13,12360000,118,14,15,147,56,62,5.3448277
SUPER_13,12370000,105,7,5,117,53,52,1.5833334
SUPER_13,12380000,76,12,11,99,32,44,4.5652175
SUPER_13,12390000,94,11,12,117,41,53,3.4347825
SUPER_13,12400000,70,3,6,79,42,28,5.888889
SUPER_13,12410000,88,5,8,101,41,47,9.076923
SUPER_13,12420000,80,3,7,90,30,50,6.8
SUPER_13,12430000,159,13,6,178,86,73,4.3157897
SUPER_13,12440000,97,8,7,112,55,42,6.4666667
SUPER_13,12450000,18,4,1,23,8,10,11.6
SUPER_13,12460000,44,7,5,56,21,23,5.8333335
SUPER_13,12470000,107,7,10,124,60,47,3.0588236
SUPER_13,12480000,92,3,2,97,49,43,11.8
SUPER_13,12490000,97,7,10,114,41,56,111.17647
SUPER_13,12500000,111,9,12,132,62,49,2.6190476
SUPER_13,12510000,178,15,10,203,97,81,8.68
SUPER_13,12520000,95,7,9,111,46,49,7.125
SUPER_13,12530000,38,3,2,43,17,21,3.2
SUPER_13,12540000,30,3,5,38,21,9,17.125
SUPER_13,12550000,67,3,6,76,26,41,7.6666665
SUPER_13,12560000,162,9,14,185,77,85,9.521739
SUPER_13,12570000,106,6,4,116,56,50,9.4
SUPER_13,12580000,135,16,10,161,71,64,5.4615383
SUPER_13,12590000,72,4,3,79,40,32,13.857142
SUPER_13,12600000,176,16,10,202,67,109,6.3846154
SUPER_13,12610000,36,3,2,41,20,16,4.8
SUPER_13,12620000,8,1,0,9,3,5,7
SUPER_13,12630000,3,0,1,4,1,2,10
SUPER_13,12640000,1,0,0,1,0,1,NaN
SUPER_13,12650000,20,2,2,24,14,6,40
SUPER_13,12660000,108,11,9,128,63,45,8.45
SUPER_13,12670000,37,7,6,50,22,15,3.8461537
SUPER_13,12680000,48,6,6,60,21,27,5.0833335
SUPER_13,12690000,1,0,0,1,0,1,NaN
SUPER_13,12700000,111,9,5,125,57,54,14.5
SUPER_13,12710000,116,10,12,138,51,65,22.363636
SUPER_13,12720000,35,3,4,42,19,16,2.5714285
SUPER_13,12730000,2,0,1,3,2,0,1
SUPER_13,12740000,62,4,5,71,33,29,10.444445
SUPER_13,12750000,4,1,0,5,2,2,1
SUPER_13,12760000,2,1,2,5,0,2,4
SUPER_13,12770000,23,0,2,25,11,12,3.5
SUPER_13,12780000,138,4,14,156,62,76,6.9444447
SUPER_13,12790000,70,2,7,79,33,37,4.5555553
SUPER_13,12800000,75,7,1,83,28,47,9
SUPER_13,12810000,101,5,11,117,46,55,13.8125
SUPER_13,12820000,122,3,8,133,66,56,16.363636
SUPER_13,12830000,125,7,9,141,59,66,8.375
SUPER_13,12840000,115,9,10,134,64,51,4
SUPER_13,12850000,30,1,2,33,15,15,1.3333334
SUPER_13,12860000,99,8,11,118,58,41,3.6842105
SUPER_13,12870000,40,0,5,45,20,20,3.2
SUPER_13,12880000,119,6,8,133,62,57,4.285714
SUPER_13,12890000,8,1,0,9,3,5,2
SUPER_13,12900000,81,3,6,90,49,32,8.777778
SUPER_13,12910000,98,7,6,111,58,40,4.5384617
SUPER_13,12920000,100,6,10,116,52,48,7.3125
SUPER_13,12930000,81,5,6,92,40,41,5.909091
SUPER_13,12940000,2,0,0,2,0,2,NaN
SUPER_13,12950000,3,1,1,5,0,3,1.5
SUPER_13,12960000,117,8,10,135,55,62,6.6666665
SUPER_13,12970000,166,17,16,199,82,84,10.333333
SUPER_13,12980000,22,0,1,23,15,7,2
SUPER_13,12990000,16,2,3,21,10,6,2.2
SUPER_13,13000000,4,1,0,5,1,3,3
SUPER_13,13010000,78,2,6,86,34,44,38.125
SUPER_13,13020000,103,9,10,122,48,55,6.263158
SUPER_13,13030000,27,1,0,28,9,18,2
SUPER_13,13040000,13,1,1,15,8,5,14.5
SUPER_13,13050000,86,11,7,104,39,47,6.2222223
SUPER_13,13060000,80,9,9,98,33,47,15.944445
SUPER_13,13070000,106,10,16,132,55,51,12.346154
SUPER_13,13080000,117,10,6,133,52,65,4.9375
SUPER_13,13090000,63,2,3,68,35,28,1.6
SUPER_13,13100000,26,2,3,31,12,14,1.6
SUPER_13,13110000,77,6,5,88,36,41,27
SUPER_13,13120000,177,12,18,207,92,85,7.1
SUPER_13,13130000,135,8,10,153,66,69,13.611111
SUPER_13,13140000,118,4,9,131,51,67,5.1538463
SUPER_13,13150000,74,7,9,90,29,45,22.625
SUPER_13,13160000,108,5,5,118,60,48,7
SUPER_13,13170000,35,3,5,43,14,21,3
SUPER_13,13180000,1,0,0,1,1,0,NaN
SUPER_13,13190000,1,0,0,1,0,1,NaN
SUPER_13,13200000,2,0,0,2,1,1,NaN
SUPER_13,13210000,88,6,7,101,44,44,6.8461537
SUPER_13,13220000,89,5,8,102,51,38,5.923077
SUPER_13,13230000,75,4,7,86,44,31,19.363636
SUPER_13,13240000,76,3,5,84,41,35,31.375
SUPER_13,13250000,94,6,9,109,50,44,5.266667
SUPER_13,13260000,5,1,0,6,4,1,1
SUPER_13,13270000,1,0,1,2,0,1,3
SUPER_13,13280000,2,0,0,2,1,1,NaN
SUPER_13,13290000,6,1,1,8,3,3,2.5
SUPER_13,13300000,44,3,5,52,22,22,9.75
SUPER_13,13310000,139,14,10,163,65,74,8.666667
SUPER_13,13320000,70,6,5,81,43,27,17.454546
SUPER_13,13330000,140,12,10,162,74,66,4.1363635
SUPER_13,13340000,49,2,4,55,23,26,2.3333333
SUPER_13,13350000,1,2,0,3,1,0,11
SUPER_13,13360000,2,0,0,2,0,2,NaN
SUPER_13,13370000,29,5,1,35,14,15,3.8333333
SUPER_13,13380000,108,5,6,119,54,54,9
SUPER_13,13390000,114,8,6,128,48,66,4.142857
SUPER_13,13400000,118,5,4,127,53,65,10.555555
SUPER_13,13410000,3,1,0,4,2,1,4
SUPER_13,13420000,1,0,1,2,0,1,2
SUPER_13,13430000,1,0,1,2,1,0,2
SUPER_13,13440000,80,6,6,92,47,33,17
SUPER_13,13450000,122,12,6,140,56,66,5.5
SUPER_13,13460000,57,1,4,62,32,25,109.8
SUPER_13,13470000,4,0,0,4,2,2,NaN
SUPER_13,13480000,1,0,1,2,1,0,12
SUPER_13,13490000,4,1,0,5,3,1,1
SUPER_13,13500000,2,0,1,3,2,0,4
SUPER_13,13510000,1,0,1,2,0,1,10
SUPER_13,13520000,2,0,1,3,1,1,1
SUPER_13,13530000,1,0,0,1,0,1,NaN
SUPER_13,13540000,53,2,9,64,27,26,7.909091
SUPER_13,13550000,125,9,6,140,75,50,4.866667
SUPER_13,13560000,148,12,10,170,77,71,5.909091
SUPER_13,13570000,2,1,1,4,0,2,1
SUPER_13,13580000,1,0,0,1,1,0,NaN
SUPER_13,13590000,2,0,1,3,1,1,6
SUPER_13,13600000,66,5,6,77,28,38,4
SUPER_13,13610000,23,5,4,32,11,12,3.7777777
SUPER_13,13620000,119,8,6,133,67,52,5.785714
SUPER_13,13630000,3,0,1,4,1,2,6
SUPER_13,13640000,0,0,0,0,0,0,0
SUPER_13,13650000,0,0,0,0,0,0,0
SUPER_13,13660000,31,0,3,34,13,18,1.3333334
SUPER_13,13670000,97,5,5,107,55,42,6.1
SUPER_13,13680000,198,21,5,224,108,90,5.769231
SUPER_13,13690000,131,6,5,142,62,69,7.090909
SUPER_13,13700000,63,3,4,70,40,23,3
SUPER_13,13710000,110,7,3,120,63,47,7
SUPER_13,13720000,8,0,0,8,4,4,NaN
SUPER_13,13730000,0,2,0,2,0,0,1
SUPER_13,13740000,2,0,0,2,0,2,NaN
SUPER_13,13750000,4,0,0,4,1,3,NaN
SUPER_13,13760000,2,0,0,2,1,1,NaN
SUPER_13,13770000,2,2,0,4,0,2,21
SUPER_13,13780000,0,1,1,2,0,0,1
SUPER_13,13790000,0,0,0,0,0,0,0
SUPER_13,13800000,0,0,0,0,0,0,0
SUPER_13,13810000,0,0,0,0,0,0,0
SUPER_13,13820000,0,0,0,0,0,0,0
SUPER_13,13830000,6,0,0,6,4,2,NaN
SUPER_13,13840000,3,1,0,4,2,1,1
SUPER_13,13850000,83,8,14,105,40,43,5.6363635
SUPER_13,13860000,95,11,3,109,41,54,4.5
SUPER_13,13870000,96,10,9,115,39,57,17.578947
SUPER_13,13880000,124,7,10,141,65,59,54.117645
SUPER_13,13890000,122,8,8,138,62,60,4.625
SUPER_13,13900000,70,5,9,84,37,33,11.285714
SUPER_13,13910000,76,1,11,88,42,34,6.8333335
SUPER_13,13920000,68,6,4,78,29,39,3.7
SUPER_13,13930000,64,4,6,74,29,35,12.7
SUPER_13,13940000,15,0,3,18,6,9,18
SUPER_13,13950000,0,0,0,0,0,0,0
SUPER_13,13960000,0,0,0,0,0,0,0
SUPER_13,13970000,54,6,2,62,23,31,2.625
SUPER_13,13980000,31,2,5,38,15,16,7.285714
SUPER_13,13990000,109,7,4,120,50,59,4.909091
SUPER_13,14000000,87,6,7,100,46,41,4.1538463
SUPER_13,14010000,2,1,0,3,2,0,1
SUPER_13,14020000,2,1,0,3,0,2,2
SUPER_13,14030000,1,0,0,1,1,0,NaN
SUPER_13,14040000,2,0,0,2,2,0,NaN
SUPER_13,14050000,2,0,0,2,2,0,NaN
SUPER_13,14060000,36,2,1,39,16,20,3.3333333
SUPER_13,14070000,4,0,0,4,0,4,NaN
SUPER_13,14080000,110,8,8,126,49,61,3
SUPER_13,14090000,92,5,9,106,51,41,5.5
SUPER_13,14100000,95,7,4,106,48,47,22.454546
SUPER_13,14110000,75,5,5,85,31,44,6.5
SUPER_13,14120000,42,3,2,47,24,18,6.6
SUPER_13,14130000,94,3,3,100,45,49,3
SUPER_13,14140000,0,1,0,1,0,0,2
SUPER_13,14150000,2,0,0,2,0,2,NaN
SUPER_13,14160000,69,5,5,79,35,34,9.3
SUPER_13,14170000,76,7,3,86,39,37,5.4
SUPER_13,14180000,88,5,7,100,44,44,25.25
SUPER_13,14190000,1,0,0,1,0,1,NaN
SUPER_13,14200000,3,1,0,4,1,2,5
SUPER_13,14210000,2,0,0,2,2,0,NaN
SUPER_13,14220000,100,12,10,122,47,53,5.7272725
SUPER_13,14230000,94,13,10,117,46,48,4.130435
SUPER_13,14240000,123,13,9,145,57,66,5.9545455
SUPER_13,14250000,133,2,12,147,70,63,4.357143
SUPER_13,14260000,101,9,3,113,57,44,3.6666667
SUPER_13,14270000,108,10,7,125,57,51,7.7058825
SUPER_13,14280000,95,9,4,108,54,41,6.8461537
SUPER_13,14290000,63,6,3,72,35,28,5.5555553
SUPER_13,14300000,114,9,11,134,55,59,6.4
SUPER_13,14310000,0,0,0,0,0,0,0
SUPER_13,14320000,0,0,0,0,0,0,0
SUPER_13,14330000,6,0,0,6,1,5,NaN
SUPER_13,14340000,0,0,0,0,0,0,0
SUPER_13,14350000,0,0,0,0,0,0,0
SUPER_13,14360000,13,2,2,17,5,8,5.25
SUPER_13,14370000,61,3,7,71,32,29,4.8
SUPER_13,14380000,26,1,1,28,16,10,5
SUPER_13,14390000,10,1,1,12,5,5,3.5
SUPER_13,14400000,83,13,6,102,32,51,6.3157897
SUPER_13,14410000,55,11,8,74,28,27,7.1578946
SUPER_13,14420000,67,4,6,77,32,35,5
SUPER_13,14430000,22,1,3,26,14,8,11.5
SUPER_13,14440000,92,2,10,104,40,52,7.5
SUPER_13,14450000,79,6,10,95,34,45,4.875
SUPER_13,14460000,124,16,17,157,48,76,12.69697
SUPER_13,14470000,61,2,1,64,28,33,1.6666666
SUPER_13,14480000,60,7,3,70,36,24,2.3
SUPER_13,14490000,100,6,7,113,46,54,6.3076925
SUPER_13,14500000,76,15,10,101,40,36,4.8
SUPER_13,14510000,182,10,17,209,98,84,4.814815
SUPER_13,14520000,122,8,9,139,58,64,27.352942
SUPER_13,14530000,8,0,0,8,4,4,NaN
SUPER_13,14540000,121,17,15,153,61,60,3.875
SUPER_13,14550000,75,2,5,82,35,40,9.428572
SUPER_13,14560000,85,11,3,99,44,41,2.9285715
SUPER_13,14570000,87,9,9,105,44,43,6.7777777
SUPER_13,14580000,2,4,0,6,2,0,1.25
SUPER_13,14590000,139,9,5,153,66,73,4.428571
SUPER_13,14600000,104,10,11,125,49,55,3.952381
SUPER_13,14610000,148,10,11,169,74,74,4.952381
SUPER_13,14620000,77,3,7,87,35,42,4.9
SUPER_13,14630000,133,14,8,155,71,62,6.6363635
SUPER_13,14640000,131,6,9,146,76,55,12.133333
SUPER_13,14650000,0,0,0,0,0,0,0
SUPER_13,14660000,0,0,0,0,0,0,0
SUPER_13,14670000,164,6,16,186,98,66,10.136364
SUPER_13,14680000,1,0,0,1,0,1,NaN
SUPER_13,14690000,79,7,8,94,35,44,7.6
SUPER_13,14700000,98,9,9,116,45,53,6.8333335
SUPER_13,14710000,111,10,8,129,54,57,4.7777777
SUPER_13,14720000,151,8,8,167,84,67,5.0625
SUPER_13,14730000,92,11,10,113,55,37,4.3809524
SUPER_13,14740000,48,8,6,62,24,24,6.642857
SUPER_13,14750000,117,10,15,142,56,61,4.76
SUPER_13,14760000,79,6,6,91,42,37,3.1666667
SUPER_13,14770000,53,8,10,71,24,29,4.2222223
SUPER_13,14780000,43,2,4,49,25,18,2.1666667
SUPER_13,14790000,0,0,0,0,0,0,0
SUPER_13,14800000,0,0,0,0,0,0,0
SUPER_13,14810000,64,6,4,74,31,33,3.2
SUPER_13,14820000,1,0,0,1,1,0,NaN
SUPER_13,14830000,0,0,0,0,0,0,0
SUPER_13,14840000,0,0,0,0,0,0,0
SUPER_13,14850000,3,0,0,3,1,2,NaN
SUPER_13,14860000,67,4,3,74,36,31,4.285714
SUPER_13,14870000,69,2,8,79,37,32,8.1
SUPER_13,14880000,93,14,12,119,52,41,4.6153846
SUPER_13,14890000,49,4,3,56,17,32,7.428571
SUPER_13,14900000,82,5,7,94,44,38,13.416667
SUPER_13,14910000,81,7,11,99,49,32,4.7777777
SUPER_13,14920000,61,7,7,75,37,24,6.428571
SUPER_13,14930000,24,0,1,25,7,17,4
SUPER_13,14940000,0,0,0,0,0,0,0
SUPER_13,14950000,0,0,0,0,0,0,0
SUPER_13,14960000,7,1,0,8,4,3,8
SUPER_13,14970000,1,0,0,1,0,1,NaN
SUPER_13,14980000,26,4,4,34,15,11,5.375
SUPER_13,14990000,65,3,5,73,39,26,1.875
SUPER_13,15000000,72,8,6,86,36,36,3.5714285
SUPER_13,15010000,79,5,5,89,39,40,4.1
SUPER_13,15020000,46,5,3,54,26,20,5.25
SUPER_13,15030000,92,7,5,104,43,49,7.25
SUPER_13,15040000,75,2,5,82,36,39,5.285714
SUPER_13,15050000,46,4,1,51,21,25,5.6
SUPER_13,15060000,162,11,14,187,80,82,20.16
SUPER_13,15070000,26,1,3,30,9,17,1.75
SUPER_13,15080000,14,2,1,17,6,8,8
SUPER_13,15090000,138,11,17,166,63,75,5.035714
SUPER_13,15100000,147,8,14,169,73,74,25.681818
SUPER_13,15110000,74,5,3,82,43,31,42.625
SUPER_13,15120000,107,5,9,121,55,52,27.142857
SUPER_13,15130000,81,8,8,97,44,37,4.9375
SUPER_13,15140000,178,9,10,197,95,83,4.5789475
SUPER_13,15150000,148,12,12,172,76,72,9.875
SUPER_13,15160000,163,13,8,184,78,85,5.5238094
SUPER_13,15170000,65,5,6,76,38,27,5.181818
SUPER_13,15180000,11,0,0,11,6,5,NaN
SUPER_13,15190000,47,6,8,61,22,25,7.071429
SUPER_13,15200000,236,13,18,267,123,113,12.354838
SUPER_13,15210000,164,14,14,192,88,76,8.25
SUPER_13,15220000,154,8,13,175,71,83,10.809524
SUPER_13,15230000,90,6,6,102,48,42,4.0833335
SUPER_13,15240000,109,10,6,125,60,49,3.1875
SUPER_13,15250000,208,28,14,250,107,101,9.619047
SUPER_13,15260000,160,13,6,179,88,72,7.8421054
SUPER_13,15270000,23,3,0,26,13,10,13.333333
SUPER_13,15280000,27,0,2,29,16,11,1
SUPER_13,15290000,36,0,3,39,21,15,4.6666665
SUPER_13,15300000,86,7,8,101,42,44,9.266666
SUPER_13,15310000,119,8,7,134,60,59,7.6
SUPER_13,15320000,3,0,0,3,1,2,NaN
SUPER_13,15330000,121,7,8,136,67,54,20.6
SUPER_13,15340000,10,0,1,11,3,7,3
SUPER_13,15350000,129,9,10,148,69,60,7.0526314
SUPER_13,15360000,124,5,10,139,51,73,5
SUPER_13,15370000,0,0,0,0,0,0,0
SUPER_13,15380000,0,0,0,0,0,0,0
SUPER_13,15390000,85,7,9,101,47,38,3.1875
SUPER_13,15400000,6,0,0,6,4,2,NaN
SUPER_13,15410000,1,1,1,3,1,0,3
SUPER_13,15420000,1,0,0,1,0,1,NaN
SUPER_13,15430000,3,1,0,4,1,2,24
SUPER_13,15440000,2,0,0,2,1,1,NaN
SUPER_13,15450000,10,0,0,10,6,4,NaN
SUPER_13,15460000,2,3,0,5,1,1,4
SUPER_13,15470000,2,0,0,2,2,0,NaN
SUPER_13,15480000,6,0,0,6,4,2,NaN
SUPER_13,15490000,0,0,0,0,0,0,0
SUPER_13,15500000,0,0,0,0,0,0,0
SUPER_13,15510000,5,2,0,7,1,4,3.5
SUPER_13,15520000,1,0,0,1,0,1,NaN
SUPER_13,15530000,3,0,1,4,2,1,1
SUPER_13,15540000,4,0,0,4,3,1,NaN
SUPER_13,15550000,1,0,0,1,0,1,NaN
SUPER_13,15560000,5,0,0,5,2,3,NaN
SUPER_13,15570000,1,1,1,3,1,0,1
SUPER_13,15580000,0,2,0,2,0,0,7.5
SUPER_13,15590000,0,0,0,0,0,0,0
SUPER_13,15600000,0,0,0,0,0,0,0
SUPER_13,15610000,2,0,1,3,1,1,24
SUPER_13,15620000,1,0,0,1,0,1,NaN
SUPER_13,15630000,1,1,0,2,0,1,1
SUPER_13,15640000,6,1,0,7,5,1,1
SUPER_13,15650000,10,2,2,14,6,4,8.5
SUPER_13,15660000,1,0,0,1,0,1,NaN
SUPER_13,15670000,2,0,0,2,2,0,NaN
SUPER_13,15680000,3,0,0,3,2,1,NaN
SUPER_13,15690000,39,3,2,44,23,16,9.8
SUPER_13,15700000,96,7,4,107,49,47,10.181818
SUPER_13,15710000,38,3,4,45,23,15,8.714286
SUPER_13,15720000,9,0,0,9,6,3,NaN
SUPER_13,15730000,11,2,1,14,6,5,3.6666667
SUPER_13,15740000,50,5,2,57,19,31,13.857142
SUPER_13,15750000,15,0,0,15,9,6,NaN
SUPER_13,15760000,4,2,0,6,3,1,19.5
SUPER_13,15770000,8,2,0,10,4,4,1
SUPER_13,15780000,1,0,0,1,1,0,NaN
SUPER_13,15790000,4,0,0,4,0,4,NaN
SUPER_13,15800000,4,0,0,4,3,1,NaN
SUPER_13,15810000,2,1,0,3,0,2,2
SUPER_13,15820000,4,0,0,4,3,1,NaN
SUPER_13,15830000,17,3,1,21,11,6,2.25
SUPER_13,15840000,26,1,1,28,13,13,34
SUPER_13,15850000,35,0,3,38,21,14,2.6666667
SUPER_13,15860000,51,4,7,62,31,20,12.181818
SUPER_13,15870000,75,8,7,90,40,35,3.6
SUPER_13,15880000,60,5,6,71,34,26,5.909091
SUPER_13,15890000,45,3,6,54,25,20,3.6666667
SUPER_13,15900000,116,11,10,137,56,60,7.1904764
SUPER_13,15910000,104,15,6,125,44,60,3.4285715
SUPER_13,15920000,50,7,5,62,18,32,1.8333334
SUPER_13,15930000,86,5,7,98,34,52,2.8333333
SUPER_13,15940000,89,8,9,106,41,48,8.705882
SUPER_13,15950000,119,11,9,139,62,57,4.5
SUPER_13,15960000,169,8,23,200,79,90,9.193548
SUPER_13,15970000,82,6,10,98,54,28,5
SUPER_13,15980000,45,5,1,51,25,20,3.1666667
SUPER_13,15990000,43,2,3,48,25,18,7.6
SUPER_13,16000000,0,1,0,1,0,0,6
SUPER_13,16010000,75,6,12,93,38,36,19.61111
SUPER_13,16020000,115,6,10,131,55,60,6.8125
SUPER_13,16030000,121,14,12,147,64,57,7.730769
SUPER_13,16040000,121,10,10,141,58,63,11.6
SUPER_13,16050000,58,6,5,69,33,25,5
SUPER_13,16060000,23,3,4,30,12,11,10.142858
SUPER_13,16070000,23,5,1,29,10,13,3.3333333
SUPER_13,16080000,12,5,2,19,10,2,14.428572
SUPER_13,16090000,14,0,0,14,7,7,NaN
SUPER_13,16100000,46,2,2,50,18,28,5
SUPER_13,16110000,103,4,11,118,59,44,61.266666
SUPER_13,16120000,87,8,3,98,58,29,6.818182
SUPER_13,16130000,52,5,6,63,26,26,8.818182
SUPER_13,16140000,78,7,7,92,38,40,5.142857
SUPER_13,16150000,108,6,7,121,64,44,6.6153846
SUPER_13,16160000,2,0,1,3,0,2,1
SUPER_13,16170000,1,0,1,2,0,1,1
SUPER_13,16180000,39,2,4,45,18,21,9.5
SUPER_13,16190000,143,7,13,163,72,71,7.6
SUPER_13,16200000,75,9,8,92,31,44,7.529412
SUPER_13,16210000,107,3,6,116,54,53,4.4444447
SUPER_13,16220000,127,13,10,150,62,65,5.9130435
SUPER_13,16230000,37,1,5,43,17,20,7.5
SUPER_13,16240000,72,8,7,87,33,39,7.2
SUPER_13,16250000,22,2,4,28,14,8,1.6666666
SUPER_13,16260000,0,0,0,0,0,0,0
SUPER_13,16270000,0,0,0,0,0,0,0
SUPER_13,16280000,0,0,0,0,0,0,0
SUPER_13,16290000,65,6,11,82,34,31,3
SUPER_13,16300000,49,3,3,55,27,22,8.666667
SUPER_13,16310000,69,6,7,82,38,31,6.1538463
SUPER_13,16320000,68,4,11,83,37,31,5.9333334
SUPER_13,16330000,85,6,2,93,46,39,5.875
SUPER_13,16340000,148,17,9,174,83,65,5.9615383
SUPER_13,16350000,69,4,5,78,36,33,3.7777777
SUPER_13,16360000,179,10,14,203,81,98,5.75
SUPER_13,16370000,96,10,4,110,42,54,4.285714
SUPER_13,16380000,50,1,1,52,21,29,4
SUPER_13,16390000,91,8,7,106,41,50,10.6
SUPER_13,16400000,68,2,3,73,34,34,10
SUPER_13,16410000,61,9,4,74,31,30,4.3846154
SUPER_13,16420000,92,8,6,106,54,38,4.071429
SUPER_13,16430000,94,4,5,103,49,45,19.333334
SUPER_13,16440000,81,8,7,96,40,41,5.3333335
SUPER_13,16450000,56,3,3,62,30,26,7.3333335
SUPER_13,16460000,55,6,3,64,32,23,11
SUPER_13,16470000,58,3,3,64,29,29,4
SUPER_13,16480000,48,7,2,57,20,28,3
SUPER_13,16490000,74,8,4,86,33,41,15.416667
SUPER_13,16500000,89,5,2,96,46,43,4.285714
SUPER_13,16510000,84,4,4,92,31,53,9.125
SUPER_13,16520000,56,6,6,68,27,29,4.4166665
SUPER_13,16530000,65,4,5,74,30,35,10.888889
SUPER_13,16540000,158,16,15,189,85,73,5.677419
SUPER_13,16550000,82,6,8,96,44,38,8.642858
SUPER_13,16560000,126,4,5,135,58,68,5.111111
SUPER_13,16570000,96,13,7,116,45,51,6.25
SUPER_13,16580000,135,11,16,162,62,73,7.0740743
SUPER_13,16590000,2,0,1,3,1,1,1
SUPER_13,16600000,1,0,0,1,0,1,NaN
SUPER_13,16610000,3,0,0,3,1,2,NaN
SUPER_13,16620000,1,0,0,1,1,0,NaN
SUPER_13,16630000,23,1,2,26,11,12,2.6666667
SUPER_13,16640000,60,7,11,78,27,33,7.8333335
SUPER_13,16650000,74,6,3,83,33,41,12.222222
SUPER_13,16660000,67,5,2,74,29,38,5
SUPER_13,16670000,98,8,12,118,55,43,5.3
SUPER_13,16680000,92,5,10,107,47,45,36.733334
SUPER_13,16690000,130,9,10,149,59,71,10.526316
SUPER_13,16700000,111,5,14,130,46,65,2.7894738
SUPER_13,16710000,180,13,20,213,91,89,13.121212
SUPER_13,16720000,116,7,15,138,54,62,10.772727
SUPER_13,16730000,29,1,4,34,14,15,4.8
SUPER_13,16740000,39,8,4,51,15,24,4.8333335
SUPER_13,16750000,80,5,7,92,40,40,2.5
SUPER_13,16760000,96,1,6,103,53,43,12.714286
SUPER_13,16770000,35,5,2,42,19,16,5.285714
SUPER_13,16780000,14,1,2,17,5,9,3
SUPER_13,16790000,100,10,8,118,53,47,5.4444447
SUPER_13,16800000,11,1,3,15,3,8,2
SUPER_13,16810000,6,0,3,9,4,2,4
SUPER_13,16820000,5,0,1,6,3,2,3
SUPER_13,16830000,5,0,0,5,3,2,NaN
SUPER_13,16840000,3,1,0,4,0,3,1
SUPER_13,16850000,0,0,0,0,0,0,0
SUPER_13,16860000,0,0,0,0,0,0,0
SUPER_13,16870000,2,0,2,4,2,0,41.5
SUPER_13,16880000,37,5,1,43,24,13,2.1666667
SUPER_13,16890000,69,10,10,89,28,41,5.5
SUPER_13,16900000,57,7,4,68,28,29,7.4545455
SUPER_13,16910000,47,3,3,53,32,15,10.833333
SUPER_13,16920000,70,7,12,89,29,41,11.842105
SUPER_13,16930000,63,0,1,64,34,29,1
SUPER_13,16940000,73,3,7,83,35,38,7.8
SUPER_13,16950000,45,3,2,50,24,21,4.8
SUPER_13,16960000,41,5,7,53,19,22,6.1666665
SUPER_13,16970000,55,5,12,72,27,28,6.647059
SUPER_13,16980000,16,2,5,23,8,8,3.4285715
SUPER_13,16990000,1,0,0,1,0,1,NaN
SUPER_13,17000000,2,0,1,3,1,1,204
SUPER_13,17010000,4,0,0,4,2,2,NaN
SUPER_13,17020000,1,0,0,1,0,1,NaN
SUPER_13,17030000,2,0,0,2,2,0,NaN
SUPER_13,17040000,3,0,0,3,3,0,NaN
SUPER_13,17050000,78,5,6,89,45,33,8.636364
SUPER_13,17060000,43,1,2,46,23,20,11
SUPER_13,17070000,112,11,5,128,57,55,2.625
SUPER_13,17080000,87,4,4,95,39,48,6
SUPER_13,17090000,6,3,4,13,3,3,8.571428
SUPER_13,17100000,41,3,2,46,22,19,10.4
SUPER_13,17110000,82,4,9,95,29,53,17.461538
SUPER_13,17120000,41,3,2,46,22,19,3
SUPER_13,17130000,58,1,9,68,33,25,7.9
SUPER_13,17140000,111,9,5,125,65,46,17.285715
SUPER_13,17150000,99,10,6,115,46,53,6.5
SUPER_13,17160000,87,10,9,106,36,51,6.4210525
SUPER_13,17170000,75,7,4,86,56,19,4.2727275
SUPER_13,17180000,82,6,7,95,45,37,7.4615383
SUPER_13,17190000,91,12,6,109,44,47,6.1666665
SUPER_13,17200000,77,3,6,86,41,36,10.333333
SUPER_13,17210000,72,2,7,81,34,38,13.666667
SUPER_13,17220000,98,8,10,116,50,48,7.611111
SUPER_13,17230000,101,7,8,116,59,42,10.266666
SUPER_13,17240000,29,3,4,36,15,14,2.7142856
SUPER_13,17250000,49,3,6,58,25,24,6.6666665
SUPER_13,17260000,4,0,0,4,1,3,NaN
SUPER_13,17270000,2,0,1,3,1,1,1
SUPER_13,17280000,0,1,1,2,0,0,20.5
SUPER_13,17290000,1,0,1,2,0,1,2
SUPER_13,17300000,3,0,0,3,0,3,NaN
SUPER_13,17310000,1,0,0,1,0,1,NaN
SUPER_13,17320000,39,5,4,48,18,21,6.111111
SUPER_13,17330000,111,6,6,123,53,58,18.916666
SUPER_13,17340000,24,1,2,27,14,10,1.3333334
SUPER_13,17350000,62,8,9,79,31,31,3
SUPER_13,17360000,60,7,4,71,27,33,3
SUPER_13,17370000,93,6,9,108,39,54,6.4
SUPER_13,17380000,91,11,7,109,44,47,11.555555
SUPER_13,17390000,90,10,4,104,51,39,8.642858
SUPER_13,17400000,49,5,3,57,26,23,3.625
SUPER_13,17410000,35,3,7,45,16,19,4.3
SUPER_13,17420000,25,4,0,29,13,12,8.75
SUPER_13,17430000,25,2,2,29,13,12,3.75
SUPER_13,17440000,35,2,6,43,14,21,2.75
SUPER_13,17450000,27,5,1,33,12,15,1.6666666
SUPER_13,17460000,93,8,10,111,38,55,7.9444447
SUPER_13,17470000,101,5,7,113,61,40,6.5833335
SUPER_13,17480000,116,11,5,132,56,60,6.6875
SUPER_13,17490000,127,11,11,149,60,67,22.318182
SUPER_13,17500000,110,9,6,125,54,56,20.666666
SUPER_13,17510000,78,5,6,89,33,45,1.8181819
SUPER_13,17520000,98,7,7,112,45,53,4.5
SUPER_13,17530000,73,7,5,85,41,32,4
SUPER_13,17540000,152,12,13,177,71,81,10.6
SUPER_13,17550000,122,8,6,136,55,67,5.142857
SUPER_13,17560000,116,6,10,132,67,49,4.625
SUPER_13,17570000,91,9,10,110,44,47,7.2105265
SUPER_13,17580000,57,7,5,69,30,27,13.666667
SUPER_13,17590000,159,12,6,177,72,87,8.5
SUPER_13,17600000,91,6,9,106,51,40,8.933333
SUPER_13,17610000,66,3,2,71,38,28,5
SUPER_13,17620000,102,12,8,122,57,45,10.5
SUPER_13,17630000,86,8,11,105,38,48,19.68421
SUPER_13,17640000,42,3,5,50,17,25,2.375
SUPER_13,17650000,104,1,7,112,52,52,9.25
SUPER_13,17660000,177,12,9,198,86,91,10.095238
SUPER_13,17670000,77,7,2,86,44,33,29.444445
SUPER_13,17680000,71,7,8,86,34,37,6.6666665
SUPER_13,17690000,113,9,7,129,63,50,24.5
SUPER_13,17700000,110,6,7,123,56,54,23.692308
SUPER_13,17710000,94,7,9,110,50,44,3.3125
SUPER_13,17720000,179,7,7,193,95,84,7
SUPER_13,17730000,122,8,12,142,65,57,8.45
SUPER_13,17740000,63,11,0,74,27,36,5.7272725
SUPER_13,17750000,0,0,0,0,0,0,0
SUPER_13,17760000,0,0,0,0,0,0,0
SUPER_13,17770000,3,0,1,4,1,2,1
SUPER_13,17780000,107,6,9,122,52,55,4.133333
SUPER_13,17790000,10,1,0,11,4,6,3
SUPER_13,17800000,6,0,0,6,4,2,NaN
SUPER_13,17810000,2,0,0,2,1,1,NaN
SUPER_13,17820000,68,4,3,75,35,33,5.142857
SUPER_13,17830000,45,2,2,49,17,28,1.5
SUPER_13,17840000,103,4,4,111,62,41,5.25
SUPER_13,17850000,107,5,2,114,54,53,7.428571
SUPER_13,17860000,64,5,8,77,30,34,5.230769
SUPER_13,17870000,47,3,3,53,29,18,4.3333335
SUPER_13,17880000,88,10,4,102,44,44,3.4285715
SUPER_13,17890000,136,5,8,149,71,65,9
SUPER_13,17900000,117,5,0,122,62,55,4.4
SUPER_13,17910000,90,4,8,102,44,46,8
SUPER_13,17920000,104,5,9,118,56,48,19.5
SUPER_13,17930000,55,3,6,64,30,25,3.7777777
SUPER_13,17940000,114,8,5,127,69,45,6.769231
SUPER_13,17950000,74,3,3,80,45,29,9.666667
SUPER_13,17960000,87,4,5,96,46,41,10.222222
SUPER_13,17970000,5,3,1,9,2,3,3.25
SUPER_13,17980000,2,0,0,2,1,1,NaN
SUPER_13,17990000,2,0,0,2,1,1,NaN
SUPER_13,18000000,3,0,0,3,1,2,NaN
SUPER_13,18010000,1,1,0,2,1,0,6
SUPER_13,18020000,171,10,9,190,102,68,9.894737
SUPER_13,18030000,191,13,13,217,90,101,8.576923
SUPER_13,18040000,64,3,4,71,31,33,3.2857144
SUPER_13,18050000,4,0,0,4,3,1,NaN
SUPER_13,18060000,4,0,1,5,3,1,4
SUPER_13,18070000,140,8,4,152,64,76,5
SUPER_13,18080000,37,1,4,42,13,24,47.6
SUPER_13,18090000,139,7,11,157,83,56,5.2777777
SUPER_13,18100000,124,3,12,139,67,57,37.133335
SUPER_13,18110000,53,2,5,60,28,25,2.7142856
SUPER_13,18120000,162,11,14,187,80,82,10.28
SUPER_13,18130000,195,8,10,213,102,93,8.166667
SUPER_13,18140000,282,12,18,312,147,135,11.166667
SUPER_13,18150000,124,15,7,146,66,58,6
SUPER_13,18160000,25,1,3,29,11,14,2.5
SUPER_13,18170000,0,0,0,0,0,0,0
SUPER_13,18180000,0,0,0,0,0,0,0
SUPER_13,18190000,145,19,10,174,78,67,3.7586207
SUPER_13,18200000,41,2,1,44,21,20,4.6666665
SUPER_13,18210000,20,0,3,23,8,12,1
SUPER_13,18220000,1,0,0,1,1,0,NaN
SUPER_13,18230000,0,0,1,1,0,0,2
SUPER_13,18240000,1,0,0,1,0,1,NaN
SUPER_13,18250000,10,0,0,10,8,2,NaN
SUPER_13,18260000,6,0,0,6,3,3,NaN
SUPER_13,18270000,5,0,0,5,4,1,NaN
SUPER_13,18280000,3,1,0,4,3,0,1
SUPER_13,18290000,28,5,2,35,8,20,11.571428
SUPER_13,18300000,0,1,1,2,0,0,4
SUPER_13,18310000,1,0,0,1,0,1,NaN
SUPER_13,18320000,4,2,0,6,2,2,1
SUPER_13,18330000,2,1,1,4,0,2,4.5
SUPER_13,18340000,30,3,4,37,15,15,14.285714
SUPER_13,18350000,4,0,1,5,2,2,1
SUPER_13,18360000,0,0,0,0,0,0,0
SUPER_13,18370000,0,0,0,0,0,0,0
SUPER_13,18380000,4,0,0,4,3,1,NaN
SUPER_13,18390000,5,1,0,6,2,3,1
SUPER_13,18400000,22,2,4,28,13,9,3.8333333
SUPER_13,18410000,11,1,1,13,5,6,8
SUPER_13,18420000,6,1,0,7,0,6,3
SUPER_13,18430000,11,0,0,11,5,6,NaN
SUPER_13,18440000,0,0,1,1,0,0,5
SUPER_13,18450000,4,0,1,5,4,0,1
SUPER_13,18460000,6,1,0,7,2,4,1
SUPER_13,18470000,4,0,0,4,4,0,NaN
SUPER_13,18480000,0,0,1,1,0,0,2
SUPER_13,18490000,1,0,0,1,0,1,NaN
SUPER_13,18500000,84,10,3,97,47,37,3.3076923
SUPER_13,18510000,124,7,12,143,61,63,6.631579
SUPER_13,18520000,136,12,8,156,75,61,13.55
SUPER_13,18530000,136,11,7,154,68,68,6.2777777
SUPER_13,18540000,119,4,10,133,58,61,34.42857
SUPER_13,18550000,65,4,5,74,37,28,4.3333335
SUPER_13,18560000,45,1,8,54,24,21,7.5555553
SUPER_13,18570000,159,5,9,173,84,75,62.142857
SUPER_13,18580000,0,0,0,0,0,0,0
SUPER_13,18590000,0,0,0,0,0,0,0
SUPER_13,18600000,119,5,11,135,60,59,6.9375
SUPER_13,18610000,53,3,6,62,24,29,8.222222
SUPER_13,18620000,49,1,1,51,26,23,23.5
SUPER_13,18630000,1,0,0,1,1,0,NaN
SUPER_13,18640000,5,1,0,6,2,3,10
SUPER_13,18650000,1,0,0,1,1,0,NaN
SUPER_13,18660000,20,0,3,23,6,14,2
SUPER_13,18670000,95,8,6,109,46,49,7.5
SUPER_13,18680000,145,9,15,169,76,69,6.2083335
SUPER_13,18690000,0,0,1,1,0,0,11
SUPER_13,18700000,1,0,0,1,0,1,NaN
SUPER_13,18710000,1,0,0,1,1,0,NaN
SUPER_13,18720000,1,1,0,2,0,1,13
SUPER_13,18730000,0,0,0,0,0,0,0
SUPER_13,18740000,0,0,0,0,0,0,0
SUPER_13,18750000,5,0,0,5,2,3,NaN
SUPER_13,18760000,5,0,0,5,0,5,NaN
SUPER_13,18770000,0,0,0,0,0,0,0
SUPER_13,18780000,0,0,0,0,0,0,0
SUPER_13,18790000,0,0,0,0,0,0,0
SUPER_13,18800000,0,0,0,0,0,0,0
SUPER_13,18810000,0,0,0,0,0,0,0
SUPER_13,18820000,9,2,1,12,2,7,2.6666667
SUPER_13,18830000,0,0,0,0,0,0,0
SUPER_13,18840000,0,0,0,0,0,0,0
SUPER_13,18850000,3,2,0,5,1,2,6
SUPER_13,18860000,1,1,0,2,0,1,2
SUPER_13,18870000,2,0,2,4,2,0,1.5
SUPER_13,18880000,1,0,2,3,0,1,6
SUPER_13,18890000,4,0,0,4,2,2,NaN
SUPER_13,18900000,4,0,1,5,2,2,2
SUPER_13,18910000,0,0,0,0,0,0,0
SUPER_13,18920000,0,0,0,0,0,0,0
SUPER_13,18930000,6,0,1,7,1,5,2
SUPER_13,18940000,17,4,1,22,6,11,6.8
SUPER_13,18950000,55,9,8,72,33,22,2.0588236
SUPER_13,18960000,29,5,2,36,13,16,13.571428
SUPER_13,18970000,11,0,2,13,8,3,3.5
SUPER_13,18980000,137,7,5,149,77,60,13
SUPER_13,18990000,157,16,9,182,83,74,5.28
SUPER_13,19000000,107,14,11,132,59,48,8.36
SUPER_13,19010000,63,2,5,70,32,31,6.142857
SUPER_13,19020000,33,4,3,40,16,17,23.142857
SUPER_13,19030000,151,14,14,179,77,74,14.25
SUPER_13,19040000,104,12,6,122,45,59,5
SUPER_13,19050000,89,9,14,112,44,45,10.043478
SUPER_13,19060000,36,5,6,47,11,25,4.909091
SUPER_13,19070000,34,3,6,43,12,22,1.5555556
SUPER_13,19080000,22,0,3,25,9,13,5
SUPER_13,19090000,75,4,7,86,42,33,38.454544
SUPER_13,19100000,86,7,6,99,41,45,3.6153846
SUPER_13,19110000,117,6,11,134,59,58,5.7058825
SUPER_13,19120000,87,6,6,99,48,39,7.4166665
SUPER_13,19130000,174,16,16,206,92,82,9.84375
SUPER_13,19140000,62,4,3,69,38,24,6
SUPER_13,19150000,88,8,9,105,41,47,16.411764
SUPER_13,19160000,85,13,8,106,47,38,5.6190476
SUPER_13,19170000,94,3,10,107,48,46,7.5384617
SUPER_13,19180000,89,8,5,102,45,44,6.3076925
SUPER_13,19190000,25,2,3,30,11,14,6
SUPER_13,19200000,38,3,4,45,23,15,8.285714
SUPER_13,19210000,50,6,3,59,28,22,4.3333335
SUPER_13,19220000,6,0,3,9,2,4,1.6666666
SUPER_13,19230000,6,0,0,6,1,5,NaN
SUPER_13,19240000,4,0,1,5,2,2,1
SUPER_13,19250000,98,3,5,106,47,51,13.5
SUPER_13,19260000,24,2,1,27,13,11,8.666667
SUPER_13,19270000,2,0,0,2,1,1,NaN
SUPER_13,19280000,3,1,0,4,3,0,4
SUPER_13,19290000,1,0,0,1,1,0,NaN
SUPER_13,19300000,120,9,12,141,55,65,7.7619047
SUPER_13,19310000,5,0,0,5,3,2,NaN
SUPER_13,19320000,24,6,3,33,12,12,16.333334
SUPER_13,19330000,17,3,3,23,10,7,14
SUPER_13,19340000,75,2,7,84,42,33,6.4444447
SUPER_13,19350000,33,2,1,36,16,17,1
SUPER_13,19360000,115,7,8,130,59,56,5.8
SUPER_13,19370000,118,8,10,136,50,68,15.055555
SUPER_13,19380000,142,9,9,160,73,69,12.277778
SUPER_13,19390000,116,12,11,139,65,51,6.9130435
SUPER_13,19400000,16,1,2,19,7,9,1.3333334
SUPER_13,19410000,18,4,3,25,13,5,2.5714285
SUPER_13,19420000,54,4,10,68,28,26,5.142857
SUPER_13,19430000,0,1,1,2,0,0,7.5
SUPER_13,19440000,1,1,0,2,0,1,7
SUPER_13,19450000,1,0,0,1,0,1,NaN
SUPER_13,19460000,2,0,0,2,0,2,NaN
SUPER_13,19470000,83,7,3,93,41,42,7
SUPER_13,19480000,100,12,3,115,58,42,6.266667
SUPER_13,19490000,7,0,1,8,2,5,1
SUPER_13,19500000,1,0,0,1,1,0,NaN
SUPER_13,19510000,44,4,4,52,17,27,12.375
SUPER_13,19520000,78,12,8,98,45,33,8.8
SUPER_13,19530000,15,0,2,17,10,5,4
SUPER_13,19540000,96,13,11,120,59,37,14.458333
SUPER_13,19550000,55,2,2,59,34,21,4
SUPER_13,19560000,122,13,8,143,57,65,8
SUPER_13,19570000,80,4,6,90,32,48,3.5
SUPER_13,19580000,4,3,0,7,1,3,3.6666667
SUPER_13,19590000,0,0,0,0,0,0,0
SUPER_13,19600000,0,0,0,0,0,0,0
SUPER_13,19610000,7,0,1,8,5,2,37
SUPER_13,19620000,63,5,5,73,34,29,33.8
SUPER_13,19630000,128,7,12,147,74,54,3.7368422
SUPER_13,19640000,98,12,9,119,54,44,16.285715
SUPER_13,19650000,165,11,14,190,92,73,8.88
SUPER_13,19660000,130,4,11,145,75,55,13.666667
SUPER_13,19670000,99,5,7,111,53,46,10.333333
SUPER_13,19680000,135,7,6,148,67,68,6.8461537
SUPER_13,19690000,80,8,5,93,35,45,7.6923075
SUPER_13,19700000,123,7,8,138,68,55,4.5333333
SUPER_13,19710000,147,15,8,170,69,78,10.608696
SUPER_13,19720000,66,2,5,73,31,35,2.5714285
SUPER_13,19730000,14,0,0,14,10,4,NaN
SUPER_13,19740000,156,5,10,171,65,91,8.4
SUPER_13,19750000,91,3,7,101,51,40,30.5
SUPER_13,19760000,48,5,4,57,27,21,9.444445
SUPER_13,19770000,1,0,0,1,0,1,NaN
SUPER_13,19780000,5,1,1,7,4,1,19
SUPER_13,19790000,14,0,2,16,9,5,1
SUPER_13,19800000,106,4,7,117,65,41,22.636364
SUPER_13,19810000,94,4,5,103,46,48,7.5555553
SUPER_13,19820000,120,4,6,130,59,61,6.1
SUPER_13,19830000,58,3,4,65,31,27,5.428571
SUPER_13,19840000,36,1,1,38,20,16,1
SUPER_13,19850000,64,1,4,69,37,27,3.2
SUPER_13,19860000,91,5,5,101,55,36,3.9
SUPER_13,19870000,164,9,15,188,79,85,21.833334
SUPER_13,19880000,98,6,7,111,48,50,6.230769
SUPER_13,19890000,4,2,2,8,1,3,21.25
SUPER_13,19900000,63,10,4,77,35,28,4.285714
SUPER_13,19910000,128,7,5,140,69,59,7.6666665
SUPER_13,19920000,62,6,2,70,34,28,11
SUPER_13,19930000,114,7,9,130,56,58,39.75
SUPER_13,19940000,55,3,6,64,26,29,12.888889
SUPER_13,19950000,1,0,0,1,1,0,NaN
SUPER_13,19960000,11,1,1,13,7,4,1
SUPER_13,19970000,97,8,6,111,44,53,6.714286
SUPER_13,19980000,114,12,8,134,59,55,7.25
SUPER_13,19990000,164,11,14,189,74,90,6.28
SUPER_13,20000000,93,6,9,108,40,53,14.466666
SUPER_13,20010000,76,2,3,81,29,47,1.4
SUPER_13,20020000,22,1,2,25,9,13,6.3333335
SUPER_13,20030000,1,0,0,1,1,0,NaN
SUPER_13,20040000,41,4,1,46,23,18,2.6
SUPER_13,20050000,64,7,15,86,27,37,9.454545
SUPER_13,20060000,39,2,4,45,18,21,15.666667
SUPER_13,20070000,61,5,2,68,27,34,6.571429
SUPER_13,20080000,31,0,2,33,15,16,26
SUPER_13,20090000,118,13,8,139,65,53,7.8095236
SUPER_13,20100000,41,2,3,46,24,17,4.2
SUPER_13,20110000,47,3,6,56,18,29,11.666667
SUPER_13,20120000,95,14,10,119,40,55,9.291667
SUPER_13,20130000,90,8,11,109,41,49,11.263158
SUPER_13,20140000,142,9,13,164,69,73,7.9545455
SUPER_13,20150000,145,9,16,170,73,72,21.96
SUPER_13,20160000,94,11,6,111,47,47,11.176471
SUPER_13,20170000,121,7,8,136,58,63,15.666667
SUPER_13,20180000,122,13,13,148,63,59,10.076923
SUPER_13,20190000,143,8,4,155,78,65,7.0833335
SUPER_13,20200000,0,0,0,0,0,0,0
SUPER_13,20210000,0,0,0,0,0,0,0
SUPER_13,20220000,149,11,17,177,73,76,11.428572
SUPER_13,20230000,56,7,5,68,27,29,6.25
SUPER_13,20240000,46,3,4,53,18,28,6.285714
SUPER_13,20250000,75,5,8,88,30,45,5.923077
SUPER_13,20260000,101,12,7,120,54,47,9.157895
SUPER_13,20270000,127,9,13,149,59,68,7.681818
SUPER_13,20280000,61,8,6,75,21,40,7
SUPER_13,20290000,87,10,7,104,48,39,7.0588236
SUPER_13,20300000,76,4,6,86,33,43,6.3
SUPER_13,20310000,4,0,0,4,1,3,NaN
SUPER_13,20320000,27,2,6,35,10,17,10.875
SUPER_13,20330000,134,12,5,151,57,77,3.6470587
SUPER_13,20340000,67,8,11,86,27,40,9.052631
SUPER_13,20350000,96,4,5,105,55,41,12.555555
SUPER_13,20360000,95,17,9,121,46,49,4.269231
SUPER_13,20370000,118,10,7,135,59,59,7.0588236
SUPER_13,20380000,67,5,6,78,42,25,2.6363637
SUPER_13,20390000,81,7,8,96,35,46,3.3333333
SUPER_13,20400000,167,13,12,192,76,91,11.44
SUPER_13,20410000,45,2,6,53,22,23,2.75
SUPER_13,20420000,0,0,0,0,0,0,0
SUPER_13,20430000,0,0,0,0,0,0,0
SUPER_13,20440000,12,2,1,15,5,7,3
SUPER_13,20450000,8,0,0,8,4,4,NaN
SUPER_13,20460000,23,3,0,26,10,13,22
SUPER_13,20470000,58,6,6,70,36,22,7.75
SUPER_13,20480000,134,11,8,153,58,76,5.9473686
SUPER_13,20490000,60,3,1,64,36,24,104.5
SUPER_13,20500000,96,11,10,117,46,50,4.3333335
SUPER_13,20510000,63,3,4,70,33,30,3.5714285
SUPER_13,20520000,96,6,4,106,47,49,5.6
SUPER_13,20530000,21,2,2,25,10,11,5.75
SUPER_13,20540000,1,0,0,1,0,1,NaN
SUPER_13,20550000,4,0,0,4,1,3,NaN
SUPER_13,20560000,0,1,0,1,0,0,36
SUPER_13,20570000,0,0,0,0,0,0,0
SUPER_13,20580000,0,0,0,0,0,0,0
SUPER_13,20590000,7,1,0,8,2,5,45
SUPER_13,20600000,45,2,5,52,27,18,45.57143
SUPER_13,20610000,106,7,7,120,59,47,4.142857
SUPER_13,20620000,131,10,11,152,69,62,5.571429
SUPER_13,20630000,130,12,14,156,58,72,9.576923
SUPER_13,20640000,43,0,5,48,25,18,85.4
SUPER_13,20650000,34,4,1,39,19,15,4.8
SUPER_13,20660000,40,3,3,46,21,19,4.1666665
SUPER_13,20670000,84,4,5,93,41,43,4
SUPER_13,20680000,5,1,0,6,3,2,1
SUPER_13,20690000,4,0,0,4,1,3,NaN
SUPER_13,20700000,1,1,0,2,1,0,1
SUPER_13,20710000,2,1,0,3,1,1,1
SUPER_13,20720000,1,0,1,2,1,0,1
SUPER_13,20730000,28,2,1,31,17,11,1
SUPER_13,20740000,62,2,2,66,36,26,1
SUPER_13,20750000,123,5,11,139,62,61,8.3125
SUPER_13,20760000,127,9,11,147,67,60,5.75
SUPER_13,20770000,75,3,5,83,35,40,10.5
SUPER_13,20780000,61,5,5,71,33,28,17
SUPER_13,20790000,86,3,3,92,47,39,3.3333333
SUPER_13,20800000,30,1,4,35,16,14,12.2
SUPER_13,20810000,47,5,7,59,24,23,5.5833335
SUPER_13,20820000,110,7,12,129,51,59,15.157895
SUPER_13,20830000,89,8,4,101,40,49,4.6666665
SUPER_13,20840000,167,10,17,194,91,76,8.666667
SUPER_13,20850000,124,17,9,150,55,69,5.0384617
SUPER_13,20860000,80,8,4,92,33,47,6.8333335
SUPER_13,20870000,135,5,5,145,69,66,12.9
SUPER_13,20880000,158,12,14,184,83,75,5.230769
SUPER_13,20890000,151,5,8,164,62,89,8.923077
SUPER_13,20900000,199,14,17,230,112,87,6.870968
SUPER_13,20910000,65,5,7,77,28,37,4.8333335
SUPER_13,20920000,139,9,11,159,66,73,3.3
SUPER_13,20930000,0,0,0,0,0,0,0
SUPER_13,20940000,0,0,0,0,0,0,0
SUPER_13,20950000,0,0,0,0,0,0,0
SUPER_13,20960000,16,2,2,20,7,9,53
SUPER_13,20970000,4,0,0,4,0,4,NaN
SUPER_13,20980000,2,0,0,2,0,2,NaN
SUPER_13,20990000,1,0,0,1,1,0,NaN
SUPER_13,21000000,4,0,0,4,2,2,NaN
SUPER_13,21010000,1,0,0,1,1,0,NaN
SUPER_13,21020000,2,0,0,2,1,1,NaN
SUPER_13,21030000,153,9,9,171,78,75,6.5555553
SUPER_13,21040000,8,2,0,10,4,4,8.5
SUPER_13,21050000,4,0,0,4,3,1,NaN
SUPER_13,21060000,1,1,0,2,0,1,1
SUPER_13,21070000,0,0,0,0,0,0,0
SUPER_13,21080000,0,0,0,0,0,0,0
SUPER_13,21090000,4,0,0,4,3,1,NaN
SUPER_13,21100000,1,0,0,1,1,0,NaN
SUPER_13,21110000,13,0,1,14,7,6,1
SUPER_13,21120000,6,2,1,9,2,4,2.6666667
SUPER_13,21130000,72,4,6,82,34,38,6.7
SUPER_13,21140000,85,6,8,99,40,45,9.785714
SUPER_13,21150000,147,7,20,174,73,74,9.962963
SUPER_13,21160000,115,7,7,129,47,68,7.642857
SUPER_13,21170000,120,10,6,136,51,69,5
SUPER_13,21180000,95,7,13,115,49,46,4.45
SUPER_13,21190000,79,7,9,95,35,44,4.9375
SUPER_13,21200000,163,15,18,196,88,75,16.121212
SUPER_13,21210000,156,16,13,185,72,84,8.137931
SUPER_13,21220000,75,5,6,86,31,44,3.4545455
SUPER_13,21230000,2,0,0,2,1,1,NaN
SUPER_13,21240000,4,0,3,7,1,3,1
SUPER_13,21250000,4,0,0,4,4,0,NaN
SUPER_13,21260000,4,0,0,4,3,1,NaN
SUPER_13,21270000,3,0,0,3,1,2,NaN
SUPER_13,21280000,1,0,1,2,0,1,7
SUPER_13,21290000,3,1,0,4,1,2,2
SUPER_13,21300000,20,2,3,25,11,9,142.8
SUPER_13,21310000,116,9,13,138,66,50,5.1363635
SUPER_13,21320000,42,3,2,47,27,15,18.4
SUPER_13,21330000,0,1,0,1,0,0,1
SUPER_13,21340000,0,1,0,1,0,0,4
SUPER_13,21350000,2,0,0,2,1,1,NaN
SUPER_13,21360000,2,0,0,2,1,1,NaN
SUPER_13,21370000,1,0,0,1,1,0,NaN
SUPER_13,21380000,1,0,1,2,0,1,23
SUPER_13,21390000,0,0,0,0,0,0,0
SUPER_13,21400000,0,0,0,0,0,0,0
SUPER_13,21410000,1,0,1,2,1,0,1
SUPER_13,21420000,27,2,0,29,19,8,1
SUPER_13,21430000,59,1,2,62,26,33,123.666664
SUPER_13,21440000,77,8,6,91,38,39,6.071429
SUPER_13,21450000,107,7,7,121,49,58,4.642857
SUPER_13,21460000,78,11,3,92,32,46,5.928571
SUPER_13,21470000,104,9,9,122,46,58,4.888889
SUPER_13,21480000,125,8,9,142,70,55,4.470588
SUPER_13,21490000,1,1,0,2,0,1,7
SUPER_13,21500000,0,0,0,0,0,0,0
SUPER_13,21510000,0,0,0,0,0,0,0
SUPER_13,21520000,0,0,0,0,0,0,0
SUPER_13,21530000,2,1,0,3,2,0,1
SUPER_13,21540000,2,0,0,2,1,1,NaN
SUPER_13,21550000,1,0,0,1,0,1,NaN
SUPER_13,21560000,96,7,12,115,44,52,31.894737
SUPER_13,21570000,29,6,4,39,17,12,10.5
SUPER_13,21580000,0,0,0,0,0,0,0
SUPER_13,21590000,0,0,0,0,0,0,0
SUPER_13,21600000,3,0,0,3,1,2,NaN
SUPER_13,21610000,160,13,11,184,77,83,5.2083335
SUPER_13,21620000,94,8,8,110,44,50,4.8125
SUPER_13,21630000,63,6,6,75,34,29,2.3333333
SUPER_13,21640000,45,6,5,56,23,22,8.545455
SUPER_13,21650000,2,0,0,2,2,0,NaN
SUPER_13,21660000,58,10,8,76,23,35,7.2777777
SUPER_13,21670000,64,6,2,72,36,28,3.25
SUPER_13,21680000,68,6,10,84,35,33,5.4375
SUPER_13,21690000,147,8,9,164,72,75,2.9411764
SUPER_13,21700000,160,11,10,181,94,66,8.142858
SUPER_13,21710000,75,9,10,94,35,40,12.736842
SUPER_13,21720000,103,9,4,116,53,50,7
SUPER_13,21730000,47,3,3,53,23,24,6.1666665
SUPER_13,21740000,0,0,0,0,0,0,0
SUPER_13,21750000,0,0,0,0,0,0,0
SUPER_13,21760000,0,0,0,0,0,0,0
SUPER_13,21770000,0,0,0,0,0,0,0
SUPER_13,21780000,2,1,1,4,1,1,4
SUPER_13,21790000,0,0,0,0,0,0,0
SUPER_13,21800000,0,0,0,0,0,0,0
SUPER_13,21810000,7,2,0,9,4,3,19
SUPER_13,21820000,71,3,7,81,36,35,6.6
SUPER_13,21830000,71,7,5,83,35,36,32.333332
SUPER_13,21840000,176,13,8,197,90,86,4.6666665
SUPER_13,21850000,59,4,7,70,39,20,3.6363637
SUPER_13,21860000,177,16,15,208,97,80,23.32258
SUPER_13,21870000,176,15,18,209,93,83,5.090909
SUPER_13,21880000,106,8,4,118,62,44,6.5833335
SUPER_13,21890000,87,7,4,98,56,31,3.090909
SUPER_13,21900000,12,1,0,13,6,6,4
SUPER_13,21910000,121,9,10,140,64,57,9
SUPER_13,21920000,119,9,6,134,65,54,2.6666667
SUPER_13,21930000,46,7,4,57,22,24,6.818182
SUPER_13,21940000,2,0,2,4,1,1,4.5
SUPER_13,21950000,1,0,0,1,1,0,NaN
SUPER_13,21960000,2,0,0,2,2,0,NaN
SUPER_13,21970000,55,6,1,62,21,34,11
SUPER_13,21980000,45,3,2,50,27,18,1.4
SUPER_13,21990000,16,2,4,22,8,8,5.5
SUPER_13,22000000,29,4,2,35,12,17,8.666667
SUPER_13,22010000,94,11,5,110,47,47,3
SUPER_13,22020000,125,10,7,142,65,60,8.470589
SUPER_13,22030000,93,4,5,102,49,44,3
SUPER_13,22040000,119,8,10,137,57,62,24.944445
SUPER_13,22050000,118,12,6,136,59,59,4.888889
SUPER_13,22060000,49,2,6,57,18,31,2.625
SUPER_13,22070000,20,2,0,22,10,10,1
SUPER_13,22080000,109,9,7,125,62,47,6.25
SUPER_13,22090000,74,2,6,82,28,46,3.625
SUPER_13,22100000,147,10,12,169,72,75,6.7272725
SUPER_13,22110000,14,0,2,16,7,7,1.5
SUPER_13,22120000,14,0,3,17,6,8,9.333333
SUPER_13,22130000,147,14,11,172,68,79,9.96
SUPER_13,22140000,28,1,5,34,10,18,4.8333335
SUPER_13,22150000,2,0,1,3,1,1,1
SUPER_13,22160000,2,0,1,3,1,1,11
SUPER_13,22170000,102,7,9,118,57,45,6.625
SUPER_13,22180000,56,2,2,60,28,28,4.5
SUPER_13,22190000,32,1,2,35,19,13,7.6666665
SUPER_13,22200000,22,2,3,27,9,13,20.6
SUPER_13,22210000,105,10,5,120,55,50,6.0666666
SUPER_13,22220000,104,10,8,122,54,50,3.8333333
SUPER_13,22230000,110,10,5,125,54,56,4.6666665
SUPER_13,22240000,80,4,7,91,44,36,7.909091
SUPER_13,22250000,111,8,8,127,55,56,8.3125
SUPER_13,22260000,72,6,5,83,39,33,5.818182
SUPER_13,22270000,20,0,0,20,10,10,NaN
SUPER_13,22280000,2,0,1,3,2,0,4
SUPER_13,22290000,3,1,1,5,2,1,1.5
SUPER_13,22300000,6,1,1,8,4,2,4.5
SUPER_13,22310000,108,6,14,128,49,59,72.25
SUPER_13,22320000,127,8,6,141,68,59,8.928572
SUPER_13,22330000,127,8,5,140,73,54,3.8461537
SUPER_13,22340000,150,12,9,171,81,69,6.7619047
SUPER_13,22350000,92,3,9,104,50,42,28.333334
SUPER_13,22360000,128,8,11,147,66,62,56.842106
SUPER_13,22370000,82,9,9,100,43,39,3.6666667
SUPER_13,22380000,60,8,2,70,23,37,3.1
SUPER_13,22390000,168,11,11,190,87,81,3.2272727
SUPER_13,22400000,145,7,11,163,74,71,7.7222223
SUPER_13,22410000,115,6,7,128,59,56,6.6153846
SUPER_13,22420000,12,1,2,15,7,5,2.3333333
SUPER_13,22430000,51,3,7,61,32,19,3
SUPER_13,22440000,112,4,17,133,59,53,6.142857
SUPER_13,22450000,19,2,3,24,7,12,21.8
SUPER_13,22460000,1,0,0,1,0,1,NaN
SUPER_13,22470000,11,0,1,12,7,4,1
SUPER_13,22480000,71,3,4,78,33,38,10.142858
SUPER_13,22490000,94,6,3,103,36,58,5.6666665
SUPER_13,22500000,85,4,7,96,36,49,4.909091
SUPER_13,22510000,142,9,4,155,67,75,2
SUPER_13,22520000,131,5,15,151,75,56,51.45
SUPER_13,22530000,129,11,9,149,64,65,3
SUPER_13,22540000,116,13,8,137,45,71,3.4761906
SUPER_13,22550000,143,10,6,159,82,61,7.5625
SUPER_13,22560000,121,10,9,140,70,51,5.2105265
SUPER_13,22570000,138,15,18,171,80,58,9.454545
SUPER_13,22580000,103,4,3,110,63,40,2.857143
SUPER_13,22590000,27,4,2,33,13,14,1.8333334
SUPER_13,22600000,113,5,4,122,64,49,4.6666665
SUPER_13,22610000,100,7,9,116,45,55,21.125
SUPER_13,22620000,155,14,9,178,87,68,4.478261
SUPER_13,22630000,145,9,7,161,70,75,6.8125
SUPER_13,22640000,132,11,9,152,63,69,6.35
SUPER_13,22650000,44,4,1,49,17,27,3.6
SUPER_13,22660000,7,0,0,7,3,4,NaN
SUPER_13,22670000,2,0,1,3,0,2,1
SUPER_13,22680000,1,0,1,2,1,0,4
SUPER_13,22690000,39,5,4,48,23,16,21
SUPER_13,22700000,110,5,10,125,56,54,15
SUPER_13,22710000,71,4,2,77,24,47,7
SUPER_13,22720000,119,5,6,130,66,53,3.3636363
SUPER_13,22730000,97,5,10,112,41,56,2.2
SUPER_13,22740000,85,5,7,97,48,37,13.416667
SUPER_13,22750000,107,11,3,121,47,60,6.857143
SUPER_13,22760000,90,7,7,104,49,41,5.785714
SUPER_13,22770000,100,7,6,113,44,56,4.923077
SUPER_13,22780000,127,9,16,152,60,67,17.36
SUPER_13,22790000,142,12,14,168,67,75,4.9615383
SUPER_13,22800000,18,0,3,21,8,10,1
SUPER_13,22810000,50,2,12,64,25,25,18.357143
SUPER_13,22820000,69,6,11,86,29,40,7.5882354
SUPER_13,22830000,257,18,13,288,156,101,8.16129
SUPER_13,22840000,0,0,0,0,0,0,0
SUPER_13,22850000,0,0,0,0,0,0,0
SUPER_13,22860000,36,3,3,42,16,20,5
SUPER_13,22870000,146,5,10,161,78,68,8.066667
SUPER_13,22880000,95,11,12,118,49,46,4.3913045
SUPER_13,22890000,71,5,7,83,34,37,3.3333333
SUPER_13,22900000,95,8,11,114,46,49,10.789474
SUPER_13,22910000,18,0,0,18,10,8,NaN
SUPER_13,22920000,38,8,2,48,22,16,49.4
SUPER_13,22930000,108,3,5,116,58,50,13.5
SUPER_13,22940000,19,2,3,24,11,8,4.6
SUPER_13,22950000,2,0,1,3,0,2,8
SUPER_13,22960000,2,2,0,4,2,0,12.5
SUPER_13,22970000,1,0,0,1,0,1,NaN
SUPER_13,22980000,3,0,0,3,1,2,NaN
SUPER_13,22990000,2,0,0,2,0,2,NaN
SUPER_13,23000000,3,1,1,5,1,2,1
SUPER_13,23010000,15,1,1,17,7,8,6
SUPER_13,23020000,138,9,9,156,68,70,13.833333
SUPER_13,23030000,55,0,1,56,28,27,1
SUPER_13,23040000,160,7,13,180,78,82,3.4
SUPER_13,23050000,154,9,14,177,67,87,17
SUPER_13,23060000,145,10,6,161,73,72,4.5625
SUPER_13,23070000,76,10,9,95,39,37,4.0526314
SUPER_13,23080000,118,3,9,130,65,53,11.833333
SUPER_13,23090000,3,0,1,4,1,2,5
SUPER_13,23100000,5,0,0,5,3,2,NaN
SUPER_13,23110000,74,7,4,85,35,39,11.818182
SUPER_13,23120000,85,4,5,94,38,47,2.3333333
SUPER_13,23130000,93,1,5,99,46,47,3.6666667
SUPER_13,23140000,105,9,7,121,63,42,5.5
SUPER_13,23150000,146,8,7,161,67,79,36.933334
SUPER_13,23160000,155,14,12,181,78,77,10.730769
SUPER_13,23170000,92,5,10,107,50,42,18.266666
SUPER_13,23180000,109,5,12,126,55,54,7.2941175
SUPER_13,23190000,83,7,6,96,49,34,5
SUPER_13,23200000,68,6,10,84,41,27,49.1875
SUPER_13,23210000,44,2,4,50,30,14,2.1666667
SUPER_13,23220000,30,2,3,35,9,21,8.2
SUPER_13,23230000,34,2,2,38,14,20,1.75
SUPER_13,23240000,79,2,5,86,39,40,8.571428
SUPER_13,23250000,3,0,0,3,2,1,NaN
SUPER_13,23260000,8,0,0,8,6,2,NaN
SUPER_13,23270000,54,3,7,64,22,32,2.8
SUPER_13,23280000,96,7,5,108,44,52,4.25
SUPER_13,23290000,166,17,8,191,77,89,9.76
SUPER_13,23300000,248,17,11,276,135,113,7.5
SUPER_13,23310000,120,7,9,136,70,50,9.6875
SUPER_13,23320000,124,8,7,139,65,59,7.733333
SUPER_13,23330000,64,5,1,70,44,20,1.1666666
SUPER_13,23340000,50,6,4,60,26,24,2.4
SUPER_13,23350000,103,10,10,123,51,52,7.8
SUPER_13,23360000,116,7,12,135,65,51,5.7894735
SUPER_13,23370000,194,11,10,215,101,93,9.857142
SUPER_13,23380000,69,5,3,77,32,37,8.75
SUPER_13,23390000,2,1,0,3,2,0,5
SUPER_13,23400000,6,0,0,6,4,2,NaN
SUPER_13,23410000,18,2,2,22,7,11,1.25
SUPER_13,23420000,3,0,0,3,2,1,NaN
SUPER_13,23430000,2,1,0,3,1,1,1
SUPER_13,23440000,2,2,0,4,1,1,1
SUPER_13,23450000,1,0,0,1,1,0,NaN
SUPER_13,23460000,148,9,8,165,73,75,16.352942
SUPER_13,23470000,77,4,4,85,38,39,11.875
SUPER_13,23480000,6,1,0,7,3,3,3
SUPER_13,23490000,1,0,1,2,0,1,4
SUPER_13,23500000,0,1,0,1,0,0,49
SUPER_13,23510000,13,1,0,14,7,6,3
SUPER_13,23520000,29,1,4,34,13,16,1.6
SUPER_13,23530000,62,4,3,69,26,36,6.857143
SUPER_13,23540000,59,4,6,69,34,25,20.7
SUPER_13,23550000,112,10,8,130,62,50,3.9444444
SUPER_13,23560000,64,5,3,72,41,23,4.375
SUPER_13,23570000,50,7,3,60,27,23,6.8
SUPER_13,23580000,113,13,6,132,61,52,13.947369
SUPER_13,23590000,1,0,0,1,1,0,NaN
SUPER_13,23600000,2,0,0,2,1,1,NaN
SUPER_13,23610000,65,4,9,78,30,35,5.769231
SUPER_13,23620000,80,4,7,91,50,30,16.545454
SUPER_13,23630000,12,1,2,15,4,8,6.6666665
SUPER_13,23640000,48,1,2,51,26,22,3.3333333
SUPER_13,23650000,102,8,3,113,63,39,6.818182
SUPER_13,23660000,77,3,7,87,43,34,12.3
SUPER_13,23670000,106,6,8,120,52,54,5.5
SUPER_13,23680000,140,9,9,158,79,61,11.388889
SUPER_13,23690000,191,9,17,217,89,102,6.6538463
SUPER_13,23700000,185,11,13,209,88,97,5.4166665
SUPER_13,23710000,142,5,8,155,64,78,5.3076925
SUPER_13,23720000,151,11,7,169,76,75,9
SUPER_13,23730000,85,6,6,97,41,44,5.4166665
SUPER_13,23740000,139,11,11,161,84,55,8.590909
SUPER_13,23750000,120,8,8,136,75,45,6.75
SUPER_13,23760000,108,9,9,126,62,46,19.555555
SUPER_13,23770000,152,12,12,176,77,75,5.5
SUPER_13,23780000,143,18,8,169,75,68,11.076923
SUPER_13,23790000,115,4,9,128,65,50,17.076923
SUPER_13,23800000,40,6,4,50,22,18,6.9
SUPER_13,23810000,3,0,0,3,2,1,NaN
SUPER_13,23820000,1,0,1,2,0,1,1
SUPER_13,23830000,2,1,1,4,1,1,1
SUPER_13,23840000,45,5,7,57,26,19,38.166668
SUPER_13,23850000,196,16,6,218,111,85,36
SUPER_13,23860000,152,14,12,178,80,72,13.153846
SUPER_13,23870000,107,7,9,123,62,45,8.8125
SUPER_13,23880000,69,4,7,80,42,27,5.090909
SUPER_13,23890000,84,3,8,95,49,35,4.7272725
SUPER_13,23900000,101,14,8,123,58,43,2.8181818
SUPER_13,23910000,112,5,9,126,63,49,3.857143
SUPER_13,23920000,0,0,0,0,0,0,0
SUPER_13,23930000,0,0,0,0,0,0,0
SUPER_13,23940000,170,18,16,204,85,85,4.8235292
SUPER_13,23950000,70,5,7,82,34,36,5.8333335
SUPER_13,23960000,146,9,10,165,85,61,16.473684
SUPER_13,23970000,190,17,12,219,93,97,7.034483
SUPER_13,23980000,125,9,9,143,60,65,1.7222222
SUPER_13,23990000,0,1,0,1,0,0,21
SUPER_13,24000000,3,0,0,3,2,1,NaN
SUPER_13,24010000,1,0,0,1,1,0,NaN
SUPER_13,24020000,1,1,0,2,1,0,1
SUPER_13,24030000,2,0,0,2,2,0,NaN
SUPER_13,24040000,80,5,4,89,43,37,5.3333335
SUPER_13,24050000,74,6,1,81,43,31,6
SUPER_13,24060000,109,7,8,124,58,51,7.6666665
SUPER_13,24070000,114,5,8,127,68,46,38.692307
SUPER_13,24080000,3,0,0,3,1,2,NaN
SUPER_13,24090000,0,0,0,0,0,0,0
SUPER_13,24100000,0,0,0,0,0,0,0
SUPER_13,24110000,1,1,0,2,0,1,1
SUPER_13,24120000,1,0,0,1,1,0,NaN
SUPER_13,24130000,96,10,2,108,57,39,8.75
SUPER_13,24140000,111,6,6,123,68,43,2.3333333
SUPER_13,24150000,136,9,4,149,70,66,3.3846154
SUPER_13,24160000,61,5,3,69,36,25,5.25
SUPER_13,24170000,92,5,3,100,51,41,7.5
SUPER_13,24180000,155,17,10,182,72,83,6.888889
SUPER_13,24190000,167,16,14,197,84,83,27.466667
SUPER_13,24200000,89,5,6,100,51,38,5.090909
SUPER_13,24210000,149,8,11,168,83,66,8.578947
SUPER_13,24220000,164,14,10,188,82,82,5.125
SUPER_13,24230000,107,8,8,123,64,43,4.5
SUPER_13,24240000,177,13,18,208,77,100,12.935484
SUPER_13,24250000,98,10,5,113,51,47,14.266666
SUPER_13,24260000,0,0,0,0,0,0,0
SUPER_13,24270000,0,0,0,0,0,0,0
SUPER_13,24280000,84,7,6,97,52,32,2.4615386
SUPER_13,24290000,3,0,2,5,1,2,2.5
SUPER_13,24300000,2,0,0,2,0,2,NaN
SUPER_13,24310000,0,0,0,0,0,0,0
SUPER_13,24320000,0,0,0,0,0,0,0
SUPER_13,24330000,57,3,3,63,28,29,1.5
SUPER_13,24340000,89,5,8,102,40,49,10.923077
SUPER_13,24350000,27,3,0,30,9,18,19.333334
SUPER_13,24360000,0,2,1,3,0,0,1
SUPER_13,24370000,1,0,0,1,0,1,NaN
SUPER_13,24380000,2,0,0,2,1,1,NaN
SUPER_13,24390000,2,0,1,3,1,1,13
SUPER_13,24400000,0,0,2,2,0,0,4
SUPER_13,24410000,1,0,0,1,0,1,NaN
SUPER_13,24420000,6,2,2,10,3,3,51.75
SUPER_13,24430000,92,6,7,105,51,41,4.6153846
SUPER_13,24440000,41,4,3,48,20,21,6.571429
SUPER_13,24450000,2,1,0,3,0,2,1
SUPER_13,24460000,3,0,0,3,1,2,NaN
SUPER_13,24470000,26,4,4,34,18,8,11.5
SUPER_13,24480000,3,0,2,5,3,0,8
SUPER_13,24490000,6,0,0,6,4,2,NaN
SUPER_13,24500000,75,7,12,94,36,39,7.6842103
SUPER_13,24510000,75,4,4,83,42,33,1.5
SUPER_13,24520000,13,3,3,19,4,9,6.3333335
SUPER_13,24530000,61,9,8,78,34,27,7.470588
SUPER_13,24540000,49,4,5,58,30,19,5
SUPER_13,24550000,16,1,2,19,5,11,2.6666667
SUPER_13,24560000,1,0,0,1,1,0,NaN
SUPER_13,24570000,3,0,1,4,2,1,14
SUPER_13,24580000,4,0,0,4,1,3,NaN
SUPER_13,24590000,18,2,1,21,8,10,7.3333335
SUPER_13,24600000,50,5,1,56,32,18,4.6666665
SUPER_13,24610000,3,0,0,3,2,1,NaN
SUPER_13,24620000,8,1,0,9,5,3,41
SUPER_13,24630000,1,0,0,1,0,1,NaN
SUPER_13,24640000,56,2,6,64,28,28,9.375
SUPER_13,24650000,98,4,7,109,53,45,11.272727
SUPER_13,24660000,2,0,0,2,1,1,NaN
SUPER_13,24670000,2,0,0,2,2,0,NaN
SUPER_13,24680000,3,0,0,3,1,2,NaN
SUPER_13,24690000,2,0,2,4,0,2,2.5
SUPER_13,24700000,1,0,0,1,1,0,NaN
SUPER_13,24710000,17,1,0,18,6,11,1
SUPER_13,24720000,158,16,13,187,82,76,6.6896553
SUPER_13,24730000,119,9,12,140,61,58,6.142857
SUPER_13,24740000,121,6,9,136,61,60,4.4
SUPER_13,24750000,93,8,8,109,37,56,7.875
SUPER_13,24760000,3,0,0,3,2,1,NaN
SUPER_13,24770000,157,7,12,176,76,81,8.736842
SUPER_13,24780000,87,5,5,97,44,43,2.4
SUPER_13,24790000,77,6,7,90,44,33,5.3076925
SUPER_13,24800000,64,6,9,79,39,25,6.6666665
SUPER_13,24810000,97,5,9,111,42,55,2.5714285
SUPER_13,24820000,121,14,10,145,57,64,4.4583335
SUPER_13,24830000,96,5,8,109,51,45,16.76923
SUPER_13,24840000,5,1,1,7,3,2,3
SUPER_13,24850000,108,10,9,127,52,56,6
SUPER_13,24860000,185,7,12,204,88,97,5.7894735
SUPER_13,24870000,129,6,11,146,73,56,7.7647057
SUPER_13,24880000,195,10,10,215,108,87,4.65
SUPER_13,24890000,109,11,9,129,59,50,6.05
SUPER_13,24900000,104,6,3,113,59,45,4.5555553
SUPER_13,24910000,22,0,0,22,14,8,NaN
SUPER_13,24920000,103,9,6,118,55,48,3.1333334
SUPER_13,24930000,64,7,4,75,33,31,7.6363635
SUPER_13,24940000,0,0,0,0,0,0,0
SUPER_13,24950000,0,0,0,0,0,0,0
SUPER_13,24960000,0,0,0,0,0,0,0
SUPER_13,24970000,0,0,0,0,0,0,0
SUPER_13,24980000,0,0,0,0,0,0,0
SUPER_13,24990000,0,0,0,0,0,0,0
SUPER_13,25000000,0,0,0,0,0,0,0
SUPER_13,25010000,174,10,8,192,85,89,19.944445
SUPER_13,25020000,27,2,1,30,18,9,8.333333
SUPER_13,25030000,7,1,0,8,5,2,2
SUPER_13,25040000,0,0,0,0,0,0,0
SUPER_13,25050000,0,0,0,0,0,0,0
SUPER_13,25060000,0,0,0,0,0,0,0
SUPER_13,25070000,0,0,0,0,0,0,0
SUPER_13,25080000,0,0,0,0,0,0,0
SUPER_13,25090000,98,3,2,103,63,35,1
SUPER_13,25100000,21,2,1,24,12,9,50
SUPER_13,25110000,90,4,5,99,46,44,7.4444447
SUPER_13,25120000,83,9,11,103,43,40,11.35
SUPER_13,25130000,4,0,0,4,4,0,NaN
SUPER_13,25140000,0,0,0,0,0,0,0
SUPER_13,25150000,0,0,0,0,0,0,0
SUPER_13,25160000,0,0,0,0,0,0,0
SUPER_13,25170000,72,6,5,83,36,36,3.2727273
SUPER_13,25180000,114,3,3,120,61,53,3.5
SUPER_13,25190000,0,0,0,0,0,0,0
SUPER_13,25200000,0,0,0,0,0,0,0
SUPER_13,25210000,139,13,7,159,74,65,11.55
SUPER_13,25220000,26,1,4,31,14,12,3.6
SUPER_13,25230000,54,5,3,62,24,30,12.125
SUPER_13,25240000,0,0,0,0,0,0,0
SUPER_13,25250000,0,0,0,0,0,0,0
SUPER_13,25260000,38,4,0,42,24,14,1.75
SUPER_13,25270000,0,0,0,0,0,0,0
SUPER_13,25280000,0,0,0,0,0,0,0
SUPER_13,25290000,0,0,0,0,0,0,0
SUPER_13,25300000,0,0,0,0,0,0,0
SUPER_13,25310000,0,0,0,0,0,0,0
SUPER_13,25320000,0,0,0,0,0,0,0
SUPER_13,25330000,0,0,0,0,0,0,0
SUPER_13,25340000,205,12,17,234,102,103,30.862068
SUPER_13,25350000,178,7,12,197,89,89,3
SUPER_13,25360000,0,0,0,0,0,0,0
SUPER_13,25370000,0,0,0,0,0,0,0
SUPER_13,25380000,0,0,0,0,0,0,0
SUPER_13,25390000,0,0,0,0,0,0,0
SUPER_13,25400000,54,7,5,66,26,28,2.5833333
SUPER_13,25410000,127,13,10,150,69,58,5.2173915
SUPER_13,25420000,130,11,12,153,59,71,5.304348
SUPER_13,25430000,43,8,4,55,22,21,10.666667
SUPER_13,25440000,46,0,7,53,23,23,4.285714
SUPER_13,25450000,0,0,1,1,0,0,3
SUPER_13,25460000,2,0,1,3,2,0,2
SUPER_13,25470000,52,2,4,58,32,20,7.3333335
SUPER_13,25480000,13,1,1,15,5,8,3
SUPER_13,25490000,29,3,3,35,17,12,11
SUPER_13,25500000,41,1,3,45,20,21,4
SUPER_13,25510000,4,1,0,5,3,1,1
SUPER_13,25520000,94,4,9,107,41,53,4.923077
SUPER_13,25530000,59,4,4,67,38,21,8.5
SUPER_13,25540000,2,0,0,2,1,1,NaN
SUPER_13,25550000,4,1,2,7,2,2,16.666666
SUPER_13,25560000,109,7,5,121,48,61,2.25
SUPER_13,25570000,10,1,0,11,9,1,9
SUPER_13,25580000,67,6,1,74,35,32,3.857143
SUPER_13,25590000,3,6,1,10,2,1,3.5714285
SUPER_13,25600000,1,0,0,1,0,1,NaN
SUPER_13,25610000,5,0,0,5,5,0,NaN
SUPER_13,25620000,2,0,0,2,1,1,NaN
SUPER_13,25630000,0,0,0,0,0,0,0
SUPER_13,25640000,0,0,0,0,0,0,0
SUPER_13,25650000,34,2,2,38,20,14,2
SUPER_13,25660000,14,5,1,20,6,8,3
SUPER_13,25670000,6,1,0,7,4,2,1
SUPER_13,25680000,0,0,0,0,0,0,0
SUPER_13,25690000,0,0,0,0,0,0,0
SUPER_13,25700000,5,2,0,7,3,2,1
SUPER_13,25710000,6,0,0,6,5,1,NaN
SUPER_13,25720000,11,0,0,11,7,4,NaN
SUPER_13,25730000,98,6,10,114,44,54,4.1875
SUPER_13,25740000,41,2,2,45,24,17,7.75
SUPER_13,25750000,210,8,12,230,110,100,5.45
SUPER_13,25760000,148,8,7,163,75,73,7.0666666
SUPER_13,25770000,0,0,0,0,0,0,0
SUPER_13,25780000,0,0,0,0,0,0,0
SUPER_13,25790000,31,1,1,33,14,17,6.5
SUPER_13,25800000,0,0,0,0,0,0,0
SUPER_13,25810000,0,0,0,0,0,0,0
SUPER_13,25820000,0,0,0,0,0,0,0
SUPER_13,25830000,0,0,0,0,0,0,0
SUPER_13,25840000,0,0,0,0,0,0,0
SUPER_13,25850000,152,8,17,177,72,80,4.56
SUPER_13,25860000,131,10,9,150,60,71,8.684211
SUPER_13,25870000,10,0,0,10,7,3,NaN
SUPER_13,25880000,10,1,0,11,7,3,6
SUPER_13,25890000,16,2,3,21,13,3,1.8
SUPER_13,25900000,26,4,2,32,11,15,16.166666
SUPER_13,25910000,5,2,0,7,3,2,5.5
SUPER_13,25920000,33,0,0,33,17,16,NaN
SUPER_13,25930000,49,2,4,55,22,27,7.8333335
SUPER_13,25940000,86,13,6,105,48,38,10.052631
SUPER_13,25950000,19,1,3,23,12,7,2.75
SUPER_13,25960000,38,4,4,46,16,22,1.625
SUPER_13,25970000,133,9,7,149,71,62,6.75
SUPER_13,25980000,0,0,0,0,0,0,0
SUPER_13,25990000,0,0,0,0,0,0,0
SUPER_13,26000000,38,2,4,44,23,15,22.5
SUPER_13,26010000,72,3,4,79,27,45,2.142857
SUPER_13,26020000,62,4,9,75,34,28,9.692307
SUPER_13,26030000,76,10,10,96,49,27,4.45
SUPER_13,26040000,25,2,2,29,12,13,12.75
SUPER_13,26050000,8,1,1,10,6,2,4
SUPER_13,26060000,0,0,0,0,0,0,0
SUPER_13,26070000,0,0,0,0,0,0,0
SUPER_13,26080000,0,0,0,0,0,0,0
SUPER_13,26090000,20,3,2,25,12,8,9.8
SUPER_13,26100000,36,2,0,38,25,11,2
SUPER_13,26110000,3,0,0,3,0,3,NaN
SUPER_13,26120000,1,0,0,1,1,0,NaN
SUPER_13,26130000,0,0,0,0,0,0,0
SUPER_13,26140000,0,0,0,0,0,0,0
SUPER_13,26150000,0,0,0,0,0,0,0
SUPER_13,26160000,0,0,0,0,0,0,0
SUPER_13,26170000,0,0,0,0,0,0,0
SUPER_13,26180000,0,0,0,0,0,0,0
SUPER_13,26190000,20,3,3,26,10,10,1.8333334
SUPER_13,26200000,0,0,0,0,0,0,0
SUPER_13,26210000,0,0,0,0,0,0,0
SUPER_13,26220000,67,7,2,76,27,40,7.5555553
SUPER_13,26230000,0,0,0,0,0,0,0
SUPER_13,26240000,0,0,0,0,0,0,0
SUPER_13,26250000,0,0,0,0,0,0,0
SUPER_13,26260000,0,0,0,0,0,0,0
SUPER_13,26270000,18,0,3,21,6,12,1.3333334
SUPER_13,26280000,60,3,6,69,31,29,9.888889
SUPER_13,26290000,166,12,12,190,99,67,3.9166667
SUPER_13,26300000,56,3,3,62,31,25,5.8333335
SUPER_13,26310000,116,8,9,133,62,54,3.7058823
SUPER_13,26320000,102,3,7,112,55,47,3.1
SUPER_13,26330000,85,1,6,92,47,38,59.142857
SUPER_13,26340000,62,1,8,71,41,21,19.333334
SUPER_13,26350000,48,1,6,55,20,28,3.7142856
SUPER_13,26360000,24,5,1,30,9,15,17.333334
SUPER_13,26370000,76,5,3,84,33,43,4.375
SUPER_13,26380000,69,7,6,82,29,40,3.4615386
SUPER_13,26390000,31,2,5,38,16,15,3.4285715
SUPER_13,26400000,40,6,2,48,21,19,7.75
SUPER_13,26410000,66,3,7,76,37,29,11.2
SUPER_13,26420000,44,5,5,54,27,17,3.3
SUPER_13,26430000,1,0,0,1,1,0,NaN
SUPER_13,26440000,70,5,4,79,31,39,2.2222223
SUPER_13,26450000,126,17,5,148,68,58,5.590909
SUPER_13,26460000,175,10,14,199,74,101,5.2083335
SUPER_13,26470000,99,6,5,110,48,51,26.545454
SUPER_13,26480000,138,8,13,159,75,63,8.380953
SUPER_13,26490000,233,18,12,263,121,112,5.7
SUPER_13,26500000,61,5,7,73,34,27,13.333333
SUPER_13,26510000,118,6,6,130,68,50,2.8333333
SUPER_13,26520000,193,11,10,214,102,91,5.6666665
SUPER_13,26530000,63,3,4,70,31,32,3.857143
SUPER_13,26540000,203,10,16,229,103,100,12.384615
SUPER_13,26550000,3,1,0,4,1,2,24
SUPER_13,26560000,142,8,8,158,74,68,4.8125
SUPER_13,26570000,116,7,13,136,59,57,21.85
SUPER_13,26580000,44,5,3,52,31,13,4.25
SUPER_13,26590000,3,1,1,5,3,0,1
SUPER_13,26600000,2,0,1,3,1,1,8
SUPER_13,26610000,2,2,0,4,2,0,2.5
SUPER_13,26620000,0,0,0,0,0,0,0
SUPER_13,26630000,0,0,0,0,0,0,0
SUPER_13,26640000,0,0,0,0,0,0,0
SUPER_13,26650000,0,0,0,0,0,0,0
SUPER_13,26660000,0,0,0,0,0,0,0
SUPER_13,26670000,72,10,6,88,27,45,7.625
SUPER_13,26680000,198,9,13,220,105,93,18
SUPER_13,26690000,157,12,13,182,61,96,2.68
SUPER_13,26700000,178,7,10,195,87,91,3
SUPER_13,26710000,185,4,14,203,107,78,3.7222223
SUPER_13,26720000,72,3,4,79,38,34,3.2857144
SUPER_13,26730000,118,4,8,130,55,63,15.833333
SUPER_13,26740000,97,12,10,119,46,51,6.4545455
SUPER_13,26750000,103,9,11,123,55,48,5.5
SUPER_13,26760000,61,10,5,76,32,29,7.8
SUPER_13,26770000,60,2,7,69,33,27,7
SUPER_13,26780000,90,5,5,100,45,45,5.5
SUPER_13,26790000,38,3,2,43,20,18,4.2
SUPER_13,26800000,3,0,1,4,2,1,1
SUPER_13,26810000,77,10,6,93,31,46,3.75
SUPER_13,26820000,93,4,9,106,43,50,8.538462
SUPER_13,26830000,7,4,0,11,2,5,4.5
SUPER_13,26840000,108,6,10,124,61,47,5.1875
SUPER_13,26850000,58,2,6,66,34,24,3.375
SUPER_13,26860000,63,1,5,69,34,29,25.166666
SUPER_13,26870000,60,5,3,68,35,25,5
SUPER_13,26880000,42,2,7,51,26,16,4.7777777
SUPER_13,26890000,119,6,7,132,66,53,8.615385
SUPER_13,26900000,44,3,3,50,25,19,62
SUPER_13,26910000,156,12,20,188,72,84,18.40625
SUPER_13,26920000,119,10,10,139,59,60,5.85
SUPER_13,26930000,91,10,7,108,50,41,43.52941
SUPER_13,26940000,9,2,1,12,2,7,72
SUPER_13,26950000,8,2,0,10,5,3,5.5
SUPER_13,26960000,115,10,8,133,51,64,22.61111
SUPER_13,26970000,58,4,3,65,36,22,5.857143
SUPER_13,26980000,22,2,0,24,12,10,1
SUPER_13,26990000,65,5,8,78,34,31,5.3846154
SUPER_13,27000000,98,7,4,109,48,50,8.454545
SUPER_13,27010000,57,3,3,63,32,25,2.6666667
SUPER_13,27020000,128,14,13,155,65,63,12.62963
SUPER_13,27030000,207,14,17,238,121,86,5.096774
SUPER_13,27040000,163,17,4,184,85,78,3.3809524
SUPER_13,27050000,105,12,8,125,52,53,5
SUPER_13,27060000,184,7,19,210,91,93,4.4615383
SUPER_13,27070000,172,7,18,197,92,80,5.28
SUPER_13,27080000,55,7,2,64,31,24,4.2222223
SUPER_13,27090000,1,1,0,2,0,1,10
SUPER_13,27100000,31,0,7,38,17,14,10.714286
SUPER_13,27110000,110,15,13,138,57,53,24.5
SUPER_13,27120000,131,9,6,146,64,67,4.866667
SUPER_13,27130000,87,8,4,99,45,42,6.0833335
SUPER_13,27140000,33,3,2,38,12,21,4.2
SUPER_13,27150000,3,0,1,4,1,2,1
SUPER_13,27160000,61,1,4,66,27,34,23.6
SUPER_13,27170000,124,8,7,139,63,61,7.266667
SUPER_13,27180000,162,8,12,182,91,71,21.85
SUPER_13,27190000,220,14,17,251,123,97,9.903226
SUPER_13,27200000,0,0,0,0,0,0,0
SUPER_13,27210000,0,0,0,0,0,0,0
SUPER_13,27220000,17,1,1,19,8,9,1.5
SUPER_13,27230000,5,1,0,6,3,2,37
SUPER_13,27240000,124,13,13,150,68,56,7.3461537
SUPER_13,27250000,159,10,14,183,85,74,5.125
SUPER_13,27260000,154,18,12,184,79,75,9.633333
SUPER_13,27270000,185,12,11,208,93,92,8.173913
SUPER_13,27280000,105,15,5,125,54,51,8.75
SUPER_13,27290000,52,3,7,62,20,32,3.6
SUPER_13,27300000,154,11,15,180,81,73,32.692307
SUPER_13,27310000,127,10,7,144,53,74,2.8823528
SUPER_13,27320000,35,2,0,37,17,18,2.5
SUPER_13,27330000,169,11,13,193,85,84,12.416667
SUPER_13,27340000,158,8,11,177,73,85,8.947369
SUPER_13,27350000,130,8,9,147,61,69,7.2941175
SUPER_13,27360000,82,3,6,91,43,39,4.5555553
SUPER_13,27370000,96,4,15,115,42,54,10.473684
SUPER_13,27380000,152,12,6,170,72,80,6.5
SUPER_13,27390000,152,6,9,167,78,74,6.6666665
SUPER_13,27400000,152,14,16,182,87,65,6.233333
SUPER_13,27410000,47,2,2,51,30,17,5.25
SUPER_13,27420000,154,7,10,171,66,88,8.235294
SUPER_13,27430000,73,10,9,92,39,34,5.5789475
SUPER_13,27440000,31,4,4,39,17,14,4.75
SUPER_13,27450000,11,1,0,12,5,6,7
SUPER_13,27460000,23,3,2,28,10,13,10.2
SUPER_13,27470000,87,4,7,98,33,54,11.090909
SUPER_13,27480000,144,14,6,164,72,72,5.3
SUPER_13,27490000,78,6,4,88,46,32,3.8
SUPER_13,27500000,42,6,2,50,17,25,10
SUPER_13,27510000,148,19,14,181,82,66,3.121212
SUPER_13,27520000,150,13,15,178,66,84,5
SUPER_13,27530000,165,18,14,197,86,79,6.3125
SUPER_13,27540000,144,9,14,167,65,79,5.7391305
SUPER_13,27550000,41,2,1,44,15,26,2
SUPER_13,27560000,4,0,0,4,0,4,NaN
SUPER_13,27570000,0,1,0,1,0,0,1
SUPER_13,27580000,1,0,0,1,0,1,NaN
SUPER_13,27590000,2,0,2,4,1,1,5.5
SUPER_13,27600000,19,0,2,21,9,10,1
SUPER_13,27610000,38,1,4,43,19,19,13.6
SUPER_13,27620000,91,1,6,98,41,50,5
SUPER_13,27630000,20,3,1,24,11,9,1.5
SUPER_13,27640000,91,10,3,104,50,41,8.384615
SUPER_13,27650000,92,6,1,99,47,45,4.285714
SUPER_13,27660000,127,8,6,141,69,58,4.357143
SUPER_13,27670000,10,2,2,14,6,4,3.25
SUPER_13,27680000,17,3,2,22,11,6,3.2
SUPER_13,27690000,2,0,0,2,1,1,NaN
SUPER_13,27700000,102,7,7,116,54,48,4.214286
SUPER_13,27710000,2,0,0,2,2,0,NaN
SUPER_13,27720000,58,3,4,65,30,28,1.5714285
SUPER_13,27730000,66,4,5,75,34,32,8.222222
SUPER_13,27740000,77,4,3,84,40,37,8
SUPER_13,27750000,60,4,6,70,31,29,5.7
SUPER_13,27760000,60,4,6,70,30,30,6.6
SUPER_13,27770000,193,16,8,217,83,110,73.458336
SUPER_13,27780000,88,5,5,98,46,42,2.9
SUPER_13,27790000,7,1,0,8,3,4,12
SUPER_13,27800000,10,3,1,14,6,4,1
SUPER_13,27810000,11,0,1,12,5,6,13
SUPER_13,27820000,128,12,8,148,63,65,7.65
SUPER_13,27830000,83,8,9,100,39,44,4
SUPER_13,27840000,81,4,7,92,41,40,15.181818
SUPER_13,27850000,31,3,3,37,23,8,2.3333333
SUPER_13,27860000,11,5,1,17,5,6,4.1666665
SUPER_13,27870000,28,2,2,32,17,11,4.5
SUPER_13,27880000,31,3,3,37,13,18,12.833333
SUPER_13,27890000,68,4,5,77,31,37,5.888889
SUPER_13,27900000,104,8,7,119,45,59,5.266667
SUPER_13,27910000,68,9,6,83,33,35,7.2
SUPER_13,27920000,70,8,7,85,35,35,28.466667
SUPER_13,27930000,79,8,5,92,36,43,5.5384617
SUPER_13,27940000,61,9,2,72,28,33,5.7272725
SUPER_13,27950000,48,8,2,58,16,32,7.5
SUPER_13,27960000,58,6,4,68,27,31,4.1
SUPER_13,27970000,6,0,0,6,5,1,NaN
SUPER_13,27980000,21,4,1,26,12,9,7
SUPER_13,27990000,1,0,0,1,1,0,NaN
SUPER_13,28000000,14,2,3,19,6,8,2.4
SUPER_13,28010000,49,0,3,52,29,20,2
SUPER_13,28020000,2,0,1,3,1,1,1
SUPER_13,28030000,2,1,0,3,0,2,1
SUPER_13,28040000,5,0,0,5,3,2,NaN
SUPER_13,28050000,3,2,0,5,0,3,7
SUPER_13,28060000,4,1,1,6,4,0,24
SUPER_13,28070000,8,0,3,11,2,6,1.6666666
SUPER_13,28080000,77,7,9,93,44,33,5.25
SUPER_13,28090000,119,9,7,135,57,62,11.4375
SUPER_13,28100000,109,4,9,122,60,49,2.3846154
SUPER_13,28110000,65,4,5,74,40,25,3.2222223
SUPER_13,28120000,153,15,8,176,85,68,4.3913045
SUPER_13,28130000,59,5,8,72,32,27,4.230769
SUPER_13,28140000,41,5,4,50,24,17,3.8888888
SUPER_13,28150000,40,0,4,44,26,14,3.75
SUPER_13,28160000,0,1,0,1,0,0,1
SUPER_13,28170000,15,5,3,23,5,10,3.125
SUPER_13,28180000,53,2,5,60,19,34,6.142857
SUPER_13,28190000,4,1,1,6,1,3,1
SUPER_13,28200000,2,1,1,4,0,2,3
SUPER_13,28210000,2,0,0,2,1,1,NaN
SUPER_13,28220000,1,0,0,1,0,1,NaN
SUPER_13,28230000,77,5,10,92,35,42,1.8
SUPER_13,28240000,132,13,6,151,68,64,8.631579
SUPER_13,28250000,49,0,1,50,28,21,9
SUPER_13,28260000,57,9,3,69,25,32,4.1666665
SUPER_13,28270000,96,5,8,109,50,46,4.1538463
SUPER_13,28280000,56,2,7,65,30,26,2.3333333
SUPER_13,28290000,98,5,8,111,52,46,6.769231
SUPER_13,28300000,92,9,3,104,47,45,14.166667
SUPER_13,28310000,84,9,2,95,54,30,4.181818
SUPER_13,28320000,57,6,4,67,32,25,5.2
SUPER_13,28330000,2,1,1,4,0,2,3
SUPER_13,28340000,160,13,13,186,86,74,23.384615
SUPER_13,28350000,73,5,6,84,33,40,8
SUPER_13,28360000,72,4,7,83,38,34,5.909091
SUPER_13,28370000,188,22,20,230,92,96,6.285714
SUPER_13,28380000,110,6,7,123,49,61,32.46154
SUPER_13,28390000,55,5,6,66,25,30,4
SUPER_13,28400000,65,2,6,73,37,28,2.25
SUPER_13,28410000,3,0,0,3,2,1,NaN
SUPER_13,28420000,17,1,0,18,8,9,1
SUPER_13,28430000,5,0,1,6,1,4,2
SUPER_13,28440000,0,0,1,1,0,0,2
SUPER_13,28450000,2,0,0,2,1,1,NaN
SUPER_13,28460000,3,0,1,4,2,1,1
SUPER_13,28470000,37,2,5,44,14,23,15.714286
SUPER_13,28480000,118,10,8,136,57,61,8.111111
SUPER_13,28490000,52,5,2,59,27,25,6.142857
SUPER_13,28500000,123,11,13,147,70,53,18.125
SUPER_13,28510000,25,0,1,26,15,10,5
SUPER_13,28520000,94,13,7,114,38,56,2.4
SUPER_13,28530000,120,10,10,140,59,61,11.55
SUPER_13,28540000,78,5,1,84,41,37,3
SUPER_13,28550000,171,14,13,198,95,76,6.814815
SUPER_13,28560000,119,20,9,148,53,66,10.551724
SUPER_13,28570000,81,6,12,99,42,39,4.7777777
SUPER_13,28580000,90,7,9,106,47,43,7
SUPER_13,28590000,21,1,0,22,13,8,1
SUPER_13,28600000,21,0,2,23,13,8,1.5
SUPER_13,28610000,117,9,8,134,59,58,5.4117646
SUPER_13,28620000,79,7,6,92,29,50,6.3076925
SUPER_13,28630000,40,0,4,44,23,17,2
SUPER_13,28640000,1,1,1,3,1,0,1.5
SUPER_13,28650000,2,0,1,3,2,0,1
SUPER_13,28660000,0,0,2,2,0,0,8.5
SUPER_13,28670000,1,0,0,1,1,0,NaN
SUPER_13,28680000,109,8,10,127,58,51,6.3333335
SUPER_13,28690000,99,4,9,112,58,41,5.4615383
SUPER_13,28700000,69,4,3,76,40,29,7.714286
SUPER_13,28710000,39,3,5,47,17,22,9.5
SUPER_13,28720000,2,0,1,3,0,2,2
SUPER_13,28730000,90,4,5,99,46,44,1.8888888
SUPER_13,28740000,85,11,14,110,38,47,2.76
SUPER_13,28750000,110,6,11,127,62,48,6.529412
SUPER_13,28760000,66,2,5,73,34,32,1.5714285
SUPER_13,28770000,103,13,10,126,58,45,4.2608695
SUPER_13,28780000,119,16,4,139,65,54,8.4
SUPER_13,28790000,34,3,3,40,18,16,32.333332
SUPER_13,28800000,1,0,0,1,1,0,NaN
SUPER_13,28810000,0,0,1,1,0,0,1
SUPER_13,28820000,30,2,2,34,14,16,5
SUPER_13,28830000,104,8,6,118,43,61,6.928571
SUPER_13,28840000,129,4,10,143,67,62,4.928571
SUPER_13,28850000,65,7,5,77,30,35,6.3333335
SUPER_13,28860000,148,24,6,178,66,82,5.3
SUPER_13,28870000,126,7,13,146,62,64,3.45
SUPER_13,28880000,139,18,7,164,82,57,7.68
SUPER_13,28890000,22,1,2,25,9,13,10
SUPER_13,28900000,3,1,0,4,1,2,5
SUPER_13,28910000,1,0,0,1,1,0,NaN
SUPER_13,28920000,47,2,1,50,24,23,7
SUPER_13,28930000,104,2,9,115,52,52,6.2727275
SUPER_13,28940000,0,0,0,0,0,0,0
SUPER_13,28950000,0,0,0,0,0,0,0
SUPER_13,28960000,13,2,0,15,4,9,1.5
SUPER_13,28970000,5,0,0,5,2,3,NaN
SUPER_13,28980000,1,0,0,1,1,0,NaN
SUPER_13,28990000,4,0,0,4,2,2,NaN
SUPER_13,29000000,0,0,0,0,0,0,0
SUPER_13,29010000,0,0,0,0,0,0,0
SUPER_13,29020000,0,0,0,0,0,0,0
SUPER_13,29030000,0,0,0,0,0,0,0
SUPER_13,29040000,59,5,10,74,23,36,16.4
SUPER_13,29050000,116,10,9,135,61,55,24.157894
SUPER_13,29060000,116,11,10,137,53,63,5.904762
SUPER_13,29070000,73,6,9,88,37,36,30.2
SUPER_13,29080000,122,5,12,139,53,69,2.235294
SUPER_13,29090000,76,5,4,85,45,31,37.444443
SUPER_13,29100000,137,9,9,155,69,68,5.388889
SUPER_13,29110000,152,13,13,178,73,79,12.961538
SUPER_13,29120000,63,5,5,73,33,30,5.5
SUPER_13,29130000,64,6,4,74,36,28,7.7
SUPER_13,29140000,52,3,3,58,24,28,2.3333333
SUPER_13,29150000,145,9,8,162,72,73,4.117647
SUPER_13,29160000,167,12,11,190,83,84,9.913043
SUPER_13,29170000,60,0,2,62,37,23,3.5
SUPER_13,29180000,25,3,1,29,16,9,2.25
SUPER_13,29190000,30,5,4,39,12,18,3.5555556
SUPER_13,29200000,70,7,5,82,41,29,8.333333
SUPER_13,29210000,0,0,0,0,0,0,0
SUPER_13,29220000,0,0,0,0,0,0,0
SUPER_13,29230000,112,5,8,125,63,49,9.538462
SUPER_13,29240000,0,0,1,1,0,0,1
SUPER_13,29250000,1,0,1,2,0,1,128
SUPER_13,29260000,1,0,1,2,0,1,1
SUPER_13,29270000,0,0,0,0,0,0,0
SUPER_13,29280000,0,0,0,0,0,0,0
SUPER_13,29290000,3,0,0,3,1,2,NaN
SUPER_13,29300000,2,0,1,3,1,1,4
SUPER_13,29310000,6,2,0,8,1,5,3
SUPER_13,29320000,2,1,1,4,2,0,9
SUPER_13,29330000,0,0,1,1,0,0,4
SUPER_13,29340000,10,0,1,11,5,5,16
SUPER_13,29350000,116,7,9,132,49,67,11.75
SUPER_13,29360000,201,11,17,229,106,95,21.25
SUPER_13,29370000,0,0,0,0,0,0,0
SUPER_13,29380000,0,0,0,0,0,0,0
SUPER_13,29390000,56,3,4,63,34,22,1.8571428
SUPER_13,29400000,73,6,7,86,39,34,3.6923077
SUPER_13,29410000,117,5,4,126,54,63,3.7777777
SUPER_13,29420000,108,7,3,118,61,47,7.2
SUPER_13,29430000,125,7,14,146,56,69,8
SUPER_13,29440000,113,11,12,136,69,44,27.782608
SUPER_13,29450000,116,1,14,131,71,45,39.533333
SUPER_13,29460000,5,0,2,7,2,3,6
SUPER_13,29470000,1,0,1,2,0,1,1
SUPER_13,29480000,9,0,3,12,2,7,9.666667
SUPER_13,29490000,1,0,0,1,0,1,NaN
SUPER_13,29500000,3,2,0,5,1,2,1
SUPER_13,29510000,6,0,1,7,1,5,2
SUPER_13,29520000,22,1,1,24,5,17,2.5
SUPER_13,29530000,94,16,10,120,46,48,15.346154
SUPER_13,29540000,135,11,13,159,63,72,22.5
SUPER_13,29550000,18,2,3,23,8,10,1.2
SUPER_13,29560000,101,16,4,121,47,54,3.55
SUPER_13,29570000,87,3,9,99,45,42,29.916666
SUPER_13,29580000,63,1,9,73,32,31,5.4
SUPER_13,29590000,24,1,1,26,14,10,4.5
SUPER_13,29600000,14,4,2,20,6,8,5.1666665
SUPER_13,29610000,142,16,11,169,74,68,3.2592592
SUPER_13,29620000,104,9,6,119,43,61,7.8
SUPER_13,29630000,151,5,12,168,73,78,32.058823
SUPER_13,29640000,79,3,4,86,40,39,20.285715
SUPER_13,29650000,31,3,4,38,14,17,3.857143
SUPER_13,29660000,89,3,13,105,41,48,11.625
SUPER_13,29670000,114,10,10,134,59,55,7.85
SUPER_13,29680000,116,16,11,143,49,67,4.888889
SUPER_13,29690000,198,10,12,220,102,96,3.7272727
SUPER_13,29700000,73,9,1,83,44,29,5.1
SUPER_13,29710000,109,8,5,122,60,49,1.8461539
SUPER_13,29720000,0,1,0,1,0,0,10
SUPER_13,29730000,21,3,1,25,11,10,10.25
SUPER_13,29740000,140,16,11,167,79,61,6
SUPER_13,29750000,138,9,16,163,76,62,2.88
SUPER_13,29760000,149,15,12,176,62,87,12.37037
SUPER_13,29770000,125,8,14,147,55,70,27.272728
SUPER_13,29780000,114,9,6,129,64,50,6.4666667
SUPER_13,29790000,80,3,4,87,38,42,7.428571
SUPER_13,29800000,98,12,8,118,43,55,9.25
SUPER_13,29810000,89,10,6,105,48,41,4.0625
SUPER_13,29820000,109,5,12,126,54,55,8.588235
SUPER_13,29830000,43,4,1,48,19,24,7.6
SUPER_13,29840000,104,6,6,116,53,51,9.583333
SUPER_13,29850000,109,5,8,122,50,59,5.6923075
SUPER_13,29860000,131,15,9,155,62,69,4.9583335
SUPER_13,29870000,101,7,6,114,57,44,3.5384614
SUPER_13,29880000,123,10,16,149,56,67,10.461538
SUPER_13,29890000,78,4,5,87,37,41,5.5555553
SUPER_13,29900000,32,1,2,35,15,17,24.333334
SUPER_13,29910000,45,1,3,49,26,19,2
SUPER_13,29920000,17,2,2,21,9,8,9.5
SUPER_13,29930000,18,3,1,22,9,9,8.25
SUPER_13,29940000,117,9,10,136,57,60,19.421053
SUPER_13,29950000,62,7,3,72,36,26,7.5
SUPER_13,29960000,84,6,5,95,47,37,2.8181818
SUPER_13,29970000,81,8,10,99,48,33,6.1666665
SUPER_13,29980000,204,14,11,229,95,109,6.04
SUPER_13,29990000,85,8,11,104,49,36,17
SUPER_13,30000000,5,0,1,6,3,2,1
SUPER_13,30010000,83,2,10,95,31,52,9.833333
SUPER_13,30020000,105,5,7,117,50,55,28.5
SUPER_13,30030000,18,1,1,20,11,7,3.5
SUPER_13,30040000,111,5,10,126,60,51,19.333334
SUPER_13,30050000,61,5,2,68,36,25,4.142857
SUPER_13,30060000,14,0,1,15,8,6,1
SUPER_13,30070000,39,2,2,43,22,17,6.75
SUPER_13,30080000,126,8,16,150,56,70,13.458333
SUPER_13,30090000,143,10,10,163,67,76,5.95
SUPER_13,30100000,66,3,5,74,41,25,11.125
SUPER_13,30110000,4,1,0,5,2,2,6
SUPER_13,30120000,5,0,1,6,0,5,6
SUPER_13,30130000,2,0,0,2,0,2,NaN
SUPER_13,30140000,2,1,1,4,1,1,1
SUPER_13,30150000,11,3,0,14,6,5,6.6666665
SUPER_13,30160000,97,11,14,122,49,48,7.24
SUPER_13,30170000,97,4,3,104,45,52,14.285714
SUPER_13,30180000,74,6,7,87,31,43,4.769231
SUPER_13,30190000,101,3,4,108,50,51,3
SUPER_13,30200000,94,5,5,104,40,54,3.1
SUPER_13,30210000,73,5,2,80,39,34,5.428571
SUPER_13,30220000,21,3,3,27,8,13,2.1666667
SUPER_13,30230000,106,4,13,123,56,50,17.411764
SUPER_13,30240000,39,8,2,49,21,18,6.7
SUPER_13,30250000,193,8,9,210,102,91,8
SUPER_13,30260000,107,7,8,122,42,65,18.466667
SUPER_13,30270000,104,15,6,125,47,57,7.3333335
SUPER_13,30280000,131,7,9,147,67,64,4.75
SUPER_13,30290000,62,4,4,70,40,22,8.625
SUPER_13,30300000,98,7,9,114,39,59,3.375
SUPER_13,30310000,184,13,10,207,85,99,7.7826085
SUPER_13,30320000,110,12,12,134,51,59,16.291666
SUPER_13,30330000,37,1,2,40,14,23,14.666667
SUPER_13,30340000,0,1,1,2,0,0,3.5
SUPER_13,30350000,38,5,3,46,19,19,1.75
SUPER_13,30360000,0,0,0,0,0,0,0
SUPER_13,30370000,0,0,0,0,0,0,0
SUPER_13,30380000,133,9,13,155,63,70,4.9545455
SUPER_13,30390000,74,3,6,83,38,36,14.666667
SUPER_13,30400000,3,0,0,3,1,2,NaN
SUPER_13,30410000,0,2,0,2,0,0,27
SUPER_13,30420000,1,0,0,1,1,0,NaN
SUPER_13,30430000,0,0,0,0,0,0,0
SUPER_13,30440000,0,0,0,0,0,0,0
SUPER_13,30450000,0,0,0,0,0,0,0
SUPER_13,30460000,10,0,2,12,4,6,1
SUPER_13,30470000,0,1,1,2,0,0,8.5
SUPER_13,30480000,2,0,0,2,1,1,NaN
SUPER_13,30490000,2,2,0,4,0,2,1
SUPER_13,30500000,3,0,0,3,1,2,NaN
SUPER_13,30510000,3,1,0,4,1,2,1
SUPER_13,30520000,5,1,0,6,2,3,1
SUPER_13,30530000,2,1,1,4,0,2,14.5
SUPER_13,30540000,70,6,7,83,33,37,8.538462
SUPER_13,30550000,40,5,2,47,25,15,9.714286
SUPER_13,30560000,87,6,11,104,42,45,6.470588
SUPER_13,30570000,128,4,11,143,63,65,16.333334
SUPER_13,30580000,144,11,7,162,72,72,5.0555553
SUPER_13,30590000,82,6,12,100,51,31,18.055555
SUPER_13,30600000,122,5,10,137,73,49,5.133333
SUPER_13,30610000,108,8,9,125,55,53,12.764706
SUPER_13,30620000,34,3,2,39,15,19,21.4
SUPER_13,30630000,1,0,0,1,0,1,NaN
SUPER_13,30640000,28,3,0,31,10,18,4
SUPER_13,30650000,116,8,15,139,63,53,8.652174
SUPER_13,30660000,48,4,0,52,23,25,2.75
SUPER_13,30670000,7,1,0,8,2,5,4
SUPER_13,30680000,1,0,1,2,1,0,3
SUPER_13,30690000,2,0,0,2,2,0,NaN
SUPER_13,30700000,0,0,0,0,0,0,0
SUPER_13,30710000,0,0,0,0,0,0,0
SUPER_13,30720000,10,0,0,10,5,5,NaN
SUPER_13,30730000,6,2,0,8,2,4,11.5
SUPER_13,30740000,4,0,1,5,3,1,1
SUPER_13,30750000,103,10,7,120,56,47,3.1764705
SUPER_13,30760000,174,8,11,193,96,78,16.263159
SUPER_13,30770000,134,8,6,148,63,71,14.5
SUPER_13,30780000,141,11,10,162,72,69,14.047619
SUPER_13,30790000,48,1,4,53,30,18,6.8
SUPER_13,30800000,62,5,5,72,23,39,6.4
SUPER_13,30810000,1,0,0,1,0,1,NaN
SUPER_13,30820000,2,0,0,2,0,2,NaN
SUPER_13,30830000,2,1,0,3,1,1,1
SUPER_13,30840000,1,0,0,1,1,0,NaN
SUPER_13,30850000,14,0,2,16,10,4,7
SUPER_13,30860000,2,0,0,2,2,0,NaN
SUPER_13,30870000,17,2,0,19,6,11,4.5
SUPER_13,30880000,118,15,8,141,65,53,13.347826
SUPER_13,30890000,5,0,0,5,2,3,NaN
SUPER_13,30900000,1,0,0,1,1,0,NaN
SUPER_13,30910000,1,0,0,1,0,1,NaN
SUPER_13,30920000,3,0,0,3,0,3,NaN
SUPER_13,30930000,1,1,0,2,1,0,1
SUPER_13,30940000,95,8,10,113,44,51,3.1666667
SUPER_13,30950000,100,11,7,118,51,49,6.8333335
SUPER_13,30960000,105,7,11,123,48,57,4.6666665
SUPER_13,30970000,0,0,0,0,0,0,0
SUPER_13,30980000,0,0,0,0,0,0,0
SUPER_13,30990000,3,0,0,3,2,1,NaN
SUPER_13,31000000,4,1,1,6,3,1,6.5
SUPER_13,31010000,1,0,0,1,1,0,NaN
SUPER_13,31020000,3,0,0,3,2,1,NaN
SUPER_13,31030000,22,1,2,25,13,9,3
SUPER_13,31040000,3,0,0,3,1,2,NaN
SUPER_13,31050000,112,9,6,127,51,61,11.333333
SUPER_13,31060000,120,12,9,141,62,58,8.904762
SUPER_13,31070000,21,1,2,24,11,10,7.3333335
SUPER_13,31080000,44,4,3,51,22,22,3.5714285
SUPER_13,31090000,54,3,2,59,31,23,16.8
SUPER_13,31100000,81,3,5,89,35,46,3
SUPER_13,31110000,143,11,14,168,58,85,4.24
SUPER_13,31120000,132,7,10,149,68,64,3.4705882
SUPER_13,31130000,208,18,11,237,90,118,4.1034484
SUPER_13,31140000,38,2,0,40,21,17,1
SUPER_13,31150000,24,1,1,26,13,11,3.5
SUPER_13,31160000,15,3,0,18,9,6,17.333334
SUPER_13,31170000,6,3,1,10,2,4,2
SUPER_13,31180000,132,9,12,153,67,65,17.47619
SUPER_13,31190000,139,7,12,158,59,80,3.8947368
SUPER_13,31200000,143,12,11,166,75,68,7.347826
SUPER_13,31210000,170,13,13,196,82,88,12.884615
SUPER_13,31220000,116,17,7,140,62,54,24.958334
SUPER_13,31230000,60,3,2,65,27,33,4.2
SUPER_13,31240000,82,5,3,90,42,40,23.25
SUPER_13,31250000,46,3,4,53,24,22,4.428571
SUPER_13,31260000,1,0,0,1,1,0,NaN
SUPER_13,31270000,1,0,0,1,1,0,NaN
SUPER_13,31280000,2,0,2,4,0,2,1
SUPER_13,31290000,4,0,3,7,3,1,4.6666665
SUPER_13,31300000,104,10,10,124,54,50,5.8
SUPER_13,31310000,64,5,2,71,39,25,6
SUPER_13,31320000,78,5,5,88,48,30,4.3
SUPER_13,31330000,81,2,3,86,38,43,2
SUPER_13,31340000,28,0,2,30,15,13,6
SUPER_13,31350000,1,0,1,2,1,0,1
SUPER_13,31360000,116,6,5,127,61,55,6.6363635
SUPER_13,31370000,77,2,3,82,41,36,3.4
SUPER_13,31380000,4,0,0,4,3,1,NaN
SUPER_13,31390000,72,7,10,89,37,35,16.117647
SUPER_13,31400000,47,1,4,52,27,20,28.4
SUPER_13,31410000,125,13,5,143,64,61,3.6111112
SUPER_13,31420000,146,4,14,164,87,59,10.444445
SUPER_13,31430000,107,6,7,120,54,53,50.53846
SUPER_13,31440000,62,5,2,69,37,25,10.285714
SUPER_13,31450000,123,9,4,136,66,57,9.846154
SUPER_13,31460000,54,8,2,64,25,29,3.4
SUPER_13,31470000,0,0,0,0,0,0,0
SUPER_13,31480000,0,0,0,0,0,0,0
SUPER_13,31490000,0,0,0,0,0,0,0
SUPER_13,31500000,0,0,0,0,0,0,0
SUPER_13,31510000,115,9,7,131,63,52,5.1875
SUPER_13,31520000,87,5,7,99,45,42,4.4166665
SUPER_13,31530000,0,0,0,0,0,0,0
SUPER_13,31540000,0,0,0,0,0,0,0
SUPER_13,31550000,0,0,0,0,0,0,0
SUPER_13,31560000,123,6,6,135,57,66,6
SUPER_13,31570000,152,4,10,166,84,68,10.785714
SUPER_13,31580000,138,6,7,151,65,73,9.153846
SUPER_13,31590000,41,2,2,45,20,21,12.25
SUPER_13,31600000,109,3,4,116,58,51,6.714286
SUPER_13,31610000,38,3,2,43,24,14,13
SUPER_13,31620000,51,3,0,54,26,25,3.3333333
SUPER_13,31630000,105,6,4,115,55,50,2.4
SUPER_13,31640000,27,0,1,28,12,15,1
SUPER_13,31650000,107,2,6,115,59,48,7.125
SUPER_13,31660000,104,4,8,116,59,45,7.1666665
SUPER_13,31670000,56,8,2,66,28,28,3.3
SUPER_13,31680000,0,0,0,0,0,0,0
SUPER_13,31690000,0,0,0,0,0,0,0
SUPER_13,31700000,46,1,2,49,31,15,51.333332
SUPER_13,31710000,0,0,0,0,0,0,0
SUPER_13,31720000,0,0,0,0,0,0,0
SUPER_13,31730000,0,0,0,0,0,0,0
SUPER_13,31740000,19,2,2,23,9,10,2.25
SUPER_13,31750000,2,0,0,2,0,2,NaN
SUPER_13,31760000,1,0,1,2,1,0,23
SUPER_13,31770000,3,1,0,4,1,2,2
SUPER_13,31780000,2,0,0,2,1,1,NaN
SUPER_13,31790000,1,0,0,1,1,0,NaN
SUPER_13,31800000,1,0,2,3,1,0,2
SUPER_13,31810000,6,0,1,7,4,2,1
SUPER_13,31820000,1,0,0,1,1,0,NaN
SUPER_13,31830000,24,3,1,28,7,17,4
SUPER_13,31840000,2,1,0,3,0,2,1
SUPER_13,31850000,3,0,0,3,2,1,NaN
SUPER_13,31860000,3,0,0,3,2,1,NaN
SUPER_13,31870000,9,0,1,10,4,5,2
SUPER_13,31880000,1,1,0,2,0,1,1
SUPER_13,31890000,6,0,0,6,1,5,NaN
SUPER_13,31900000,2,0,0,2,1,1,NaN
SUPER_13,31910000,1,0,0,1,0,1,NaN
SUPER_13,31920000,1,1,2,4,0,1,9.666667
SUPER_13,31930000,0,0,1,1,0,0,1
SUPER_13,31940000,2,1,0,3,1,1,20
SUPER_13,31950000,3,0,0,3,0,3,NaN
SUPER_13,31960000,3,0,1,4,0,3,1
SUPER_13,31970000,0,0,0,0,0,0,0
SUPER_13,31980000,0,0,0,0,0,0,0
SUPER_13,31990000,4,2,0,6,3,1,1
SUPER_13,32000000,4,2,0,6,2,2,3
SUPER_13,32010000,2,1,1,4,1,1,2
SUPER_13,32020000,0,0,0,0,0,0,0
SUPER_13,32030000,0,0,0,0,0,0,0
SUPER_13,32040000,4,0,0,4,1,3,NaN
SUPER_13,32050000,4,0,0,4,2,2,NaN
SUPER_13,32060000,5,0,2,7,3,2,1.5
SUPER_13,32070000,6,0,0,6,3,3,NaN
SUPER_13,32080000,2,0,0,2,0,2,NaN
SUPER_13,32090000,3,0,0,3,1,2,NaN
SUPER_13,32100000,2,1,0,3,2,0,2
SUPER_13,32110000,0,0,0,0,0,0,0
SUPER_13,32120000,0,0,0,0,0,0,0
SUPER_13,32130000,4,1,0,5,4,0,4
SUPER_13,32140000,2,0,0,2,2,0,NaN
SUPER_13,32150000,2,0,0,2,2,0,NaN
SUPER_13,32160000,1,0,0,1,0,1,NaN
SUPER_13,32170000,1,1,0,2,0,1,1
SUPER_13,32180000,3,1,0,4,0,3,1
SUPER_13,32190000,0,0,0,0,0,0,0
SUPER_13,32200000,0,0,0,0,0,0,0
SUPER_13,32210000,0,0,0,0,0,0,0
SUPER_13,32220000,0,0,0,0,0,0,0
SUPER_13,32230000,4,1,1,6,4,0,6
SUPER_13,32240000,3,0,0,3,1,2,NaN
SUPER_13,32250000,1,0,0,1,1,0,NaN
SUPER_13,32260000,3,0,1,4,1,2,1
SUPER_13,32270000,0,0,0,0,0,0,0
SUPER_13,32280000,0,0,0,0,0,0,0
SUPER_13,32290000,3,0,0,3,2,1,NaN
SUPER_13,32300000,3,0,0,3,3,0,NaN
SUPER_13,32310000,2,0,0,2,1,1,NaN
SUPER_13,32320000,2,0,0,2,0,2,NaN
SUPER_13,32330000,1,0,0,1,1,0,NaN
SUPER_13,32340000,6,0,0,6,4,2,NaN
SUPER_13,32350000,1,0,0,1,1,0,NaN
SUPER_13,32360000,2,1,0,3,1,1,1
SUPER_13,32370000,2,0,0,2,0,2,NaN
SUPER_13,32380000,2,0,0,2,1,1,NaN
SUPER_13,32390000,4,0,2,6,2,2,6
SUPER_13,32400000,2,0,0,2,0,2,NaN
SUPER_13,32410000,65,2,3,70,39,26,5.4
SUPER_13,32420000,63,1,3,67,41,22,1.75
SUPER_13,32430000,19,5,1,25,12,7,7.1666665
SUPER_13,32440000,1,1,0,2,0,1,1
SUPER_13,32450000,124,7,8,139,67,57,7.0666666
SUPER_13,32460000,0,0,0,0,0,0,0
SUPER_13,32470000,0,0,0,0,0,0,0
SUPER_13,32480000,171,13,10,194,83,88,23.956522
SUPER_13,32490000,40,6,6,52,23,17,10.416667
SUPER_13,32500000,137,12,5,154,74,63,5.9411764
SUPER_13,32510000,30,2,3,35,15,15,17.6
SUPER_13,32520000,129,9,10,148,64,65,13.421053
SUPER_13,32530000,39,0,1,40,22,17,5
SUPER_13,32540000,71,0,7,78,38,33,3.2857144
SUPER_13,32550000,147,8,8,163,80,67,8.1875
SUPER_13,32560000,32,4,2,38,20,12,6.8333335
SUPER_13,32570000,11,0,3,14,8,3,1
SUPER_13,32580000,3,0,2,5,3,0,2
SUPER_13,32590000,1,1,0,2,1,0,27
SUPER_13,32600000,73,7,6,86,40,33,5.6923075
SUPER_13,32610000,103,8,4,115,63,40,4.6666665
SUPER_13,32620000,81,2,9,92,35,46,12.636364
SUPER_13,32630000,12,0,3,15,6,6,7.6666665
SUPER_13,32640000,3,2,1,6,2,1,3
SUPER_13,32650000,4,1,0,5,3,1,8
SUPER_13,32660000,2,0,0,2,2,0,NaN
SUPER_13,32670000,2,0,1,3,1,1,1
SUPER_13,32680000,0,0,0,0,0,0,0
SUPER_13,32690000,0,0,0,0,0,0,0
SUPER_13,32700000,104,11,10,125,51,53,6
SUPER_13,32710000,0,0,1,1,0,0,1
SUPER_13,32720000,26,7,2,35,13,13,3.2222223
SUPER_13,32730000,127,15,10,152,70,57,7.16
SUPER_13,32740000,78,5,4,87,45,33,7.111111
SUPER_13,32750000,11,0,1,12,6,5,1
SUPER_13,32760000,1,0,0,1,1,0,NaN
SUPER_13,32770000,49,3,3,55,26,23,2.8333333
SUPER_13,32780000,61,5,2,68,28,33,10.571428
SUPER_13,32790000,64,6,7,77,33,31,4.230769
SUPER_13,32800000,49,4,3,56,26,23,6.285714
SUPER_13,32810000,85,8,10,103,42,43,17.055555
SUPER_13,32820000,119,6,8,133,64,55,8.714286
SUPER_13,32830000,59,4,5,68,32,27,24.666666
SUPER_13,32840000,46,6,4,56,29,17,2.6
SUPER_13,32850000,92,10,1,103,54,38,7.4545455
SUPER_13,32860000,4,1,0,5,1,3,1
SUPER_13,32870000,3,1,0,4,0,3,4
SUPER_13,32880000,2,1,0,3,2,0,1
SUPER_13,32890000,1,0,0,1,1,0,NaN
SUPER_13,32900000,3,1,0,4,3,0,2
SUPER_13,32910000,0,0,0,0,0,0,0
SUPER_13,32920000,0,0,0,0,0,0,0
SUPER_13,32930000,3,0,1,4,1,2,99
SUPER_13,32940000,0,0,0,0,0,0,0
SUPER_13,32950000,0,0,0,0,0,0,0
SUPER_13,32960000,4,0,0,4,1,3,NaN
SUPER_13,32970000,1,0,0,1,1,0,NaN
SUPER_13,32980000,1,0,0,1,1,0,NaN
SUPER_13,32990000,5,0,1,6,1,4,4
SUPER_13,33000000,5,1,0,6,3,2,2
SUPER_13,33010000,5,0,0,5,3,2,NaN
SUPER_13,33020000,2,1,1,4,1,1,4.5
SUPER_13,33030000,2,0,0,2,1,1,NaN
SUPER_13,33040000,2,0,1,3,0,2,1
SUPER_13,33050000,2,0,0,2,1,1,NaN
SUPER_13,33060000,194,8,8,210,129,65,1.375
SUPER_14,10000,3,0,0,3,0,3,NaN
SUPER_14,20000,10,2,1,13,2,8,2.6666667
SUPER_14,30000,0,1,0,1,0,0,2
SUPER_14,40000,0,0,0,0,0,0,0
SUPER_14,50000,0,0,0,0,0,0,0
SUPER_14,60000,25,2,3,30,13,12,1.8
SUPER_14,70000,22,2,0,24,17,5,3
SUPER_14,80000,0,1,1,2,0,0,4
SUPER_14,90000,8,0,1,9,6,2,3
SUPER_14,100000,42,3,8,53,24,18,5.181818
SUPER_14,110000,26,0,3,29,13,13,4.3333335
SUPER_14,120000,17,1,2,20,14,3,3.6666667
SUPER_14,130000,11,0,2,13,6,5,15.5
SUPER_14,140000,21,2,3,26,10,11,19.8
SUPER_14,150000,31,1,2,34,14,17,2
SUPER_14,160000,15,1,2,18,11,4,1
SUPER_14,170000,4,1,1,6,0,4,2.5
SUPER_14,180000,3,0,1,4,2,1,1
SUPER_14,190000,12,2,1,15,5,7,14.333333
SUPER_14,200000,13,0,0,13,6,7,NaN
SUPER_14,210000,13,1,0,14,6,7,1
SUPER_14,220000,10,0,1,11,4,6,1
SUPER_14,230000,8,2,0,10,4,4,20
SUPER_14,240000,8,2,0,10,5,3,11
SUPER_14,250000,10,0,0,10,7,3,NaN
SUPER_14,260000,12,2,1,15,5,7,1.3333334
SUPER_14,270000,6,2,3,11,4,2,3
SUPER_14,280000,16,3,2,21,8,8,3.2
SUPER_14,290000,23,0,1,24,7,16,5
SUPER_14,300000,38,3,4,45,19,19,10.428572
SUPER_14,310000,38,2,7,47,20,18,8.333333
SUPER_14,320000,20,2,2,24,8,12,8.75
SUPER_14,330000,26,2,6,34,17,9,11.875
SUPER_14,340000,26,2,4,32,15,11,17.166666
SUPER_14,350000,41,2,2,45,25,16,3
SUPER_14,360000,49,2,2,53,27,22,6.5
SUPER_14,370000,51,3,6,60,30,21,23.666666
SUPER_14,380000,29,3,3,35,20,9,1.6666666
SUPER_14,390000,9,3,0,12,4,5,1.3333334
SUPER_14,400000,4,0,1,5,1,3,9
SUPER_14,410000,8,2,1,11,4,4,1.6666666
SUPER_14,420000,9,0,0,9,4,5,NaN
SUPER_14,430000,16,0,3,19,6,10,13
SUPER_14,440000,6,0,1,7,4,2,3
SUPER_14,450000,8,0,1,9,3,5,1
SUPER_14,460000,4,1,0,5,1,3,1
SUPER_14,470000,5,1,0,6,3,2,1
SUPER_14,480000,8,1,0,9,3,5,4
SUPER_14,490000,8,0,2,10,6,2,14
SUPER_14,500000,44,3,3,50,22,22,4.3333335
SUPER_14,510000,68,4,6,78,41,27,11.8
SUPER_14,520000,14,1,0,15,6,8,1
SUPER_14,530000,8,2,2,12,6,2,1.25
SUPER_14,540000,12,0,0,12,6,6,NaN
SUPER_14,550000,9,0,0,9,6,3,NaN
SUPER_14,560000,5,0,0,5,2,3,NaN
SUPER_14,570000,26,0,1,27,21,5,238
SUPER_14,580000,26,1,2,29,13,13,28.333334
SUPER_14,590000,100,4,10,114,52,48,6.357143
SUPER_14,600000,42,4,3,49,26,16,7.142857
SUPER_14,610000,15,2,2,19,5,10,81.25
SUPER_14,620000,7,3,0,10,6,1,4
SUPER_14,630000,10,0,1,11,7,3,157
SUPER_14,640000,80,6,10,96,41,39,7.6875
SUPER_14,650000,102,9,4,115,57,45,6.3846154
SUPER_14,660000,114,6,11,131,59,55,12.6470585
SUPER_14,670000,46,7,4,57,24,22,2.3636363
SUPER_14,680000,103,6,8,117,55,48,5.642857
SUPER_14,690000,42,3,2,47,22,20,2.8
SUPER_14,700000,35,0,1,36,22,13,1
SUPER_14,710000,26,3,4,33,16,10,8.285714
SUPER_14,720000,53,7,5,65,26,27,8.916667
SUPER_14,730000,124,11,8,143,53,71,11.368421
SUPER_14,740000,0,0,0,0,0,0,0
SUPER_14,750000,0,0,0,0,0,0,0
SUPER_14,760000,42,5,3,50,18,24,5
SUPER_14,770000,6,2,0,8,2,4,4.5
SUPER_14,780000,63,2,3,68,27,36,3.8
SUPER_14,790000,105,8,13,126,61,44,4.6190476
SUPER_14,800000,92,6,8,106,53,39,12.785714
SUPER_14,810000,96,5,7,108,53,43,6.3333335
SUPER_14,820000,61,8,4,73,28,33,12.083333
SUPER_14,830000,30,3,2,35,14,16,2.8
SUPER_14,840000,3,0,1,4,1,2,5
SUPER_14,850000,1,1,0,2,1,0,1
SUPER_14,860000,4,0,1,5,2,2,1
SUPER_14,870000,2,0,0,2,1,1,NaN
SUPER_14,880000,82,5,4,91,47,35,6.7777777
SUPER_14,890000,147,6,9,162,72,75,5.0666666
SUPER_14,900000,50,4,2,56,26,24,3
SUPER_14,910000,80,2,3,85,40,40,2.4
SUPER_14,920000,16,2,2,20,9,7,21.75
SUPER_14,930000,132,9,9,150,82,50,5.6666665
SUPER_14,940000,166,20,11,197,88,78,13.258064
SUPER_14,950000,142,8,7,157,92,50,5.8
SUPER_14,960000,147,12,10,169,90,57,89.77273
SUPER_14,970000,23,1,0,24,14,9,2
SUPER_14,980000,86,2,5,93,41,45,4.857143
SUPER_14,990000,108,12,2,122,61,47,6.857143
SUPER_14,1000000,107,6,11,124,49,58,20.82353
SUPER_14,1010000,138,10,10,158,72,66,5.3
SUPER_14,1020000,2,1,0,3,0,2,11
SUPER_14,1030000,0,0,0,0,0,0,0
SUPER_14,1040000,0,0,0,0,0,0,0
SUPER_14,1050000,5,1,0,6,3,2,35
SUPER_14,1060000,1,0,0,1,1,0,NaN
SUPER_14,1070000,3,0,0,3,2,1,NaN
SUPER_14,1080000,3,1,0,4,0,3,48
SUPER_14,1090000,7,1,1,9,2,5,25.5
SUPER_14,1100000,3,1,0,4,2,1,2
SUPER_14,1110000,0,0,0,0,0,0,0
SUPER_14,1120000,0,0,0,0,0,0,0
SUPER_14,1130000,35,6,2,43,12,23,11.5
SUPER_14,1140000,3,0,0,3,2,1,NaN
SUPER_14,1150000,3,0,0,3,2,1,NaN
SUPER_14,1160000,1,0,0,1,0,1,NaN
SUPER_14,1170000,2,0,0,2,1,1,NaN
SUPER_14,1180000,64,2,4,70,35,29,12.833333
SUPER_14,1190000,180,8,18,206,97,83,4.1923075
SUPER_14,1200000,83,6,10,99,42,41,8.3125
SUPER_14,1210000,152,9,11,172,83,69,11
SUPER_14,1220000,168,8,10,186,87,81,8.055555
SUPER_14,1230000,103,4,9,116,58,45,5.076923
SUPER_14,1240000,122,12,8,142,68,54,7.75
SUPER_14,1250000,169,16,14,199,91,78,5.5333333
SUPER_14,1260000,133,6,7,146,65,68,3.6153846
SUPER_14,1270000,78,7,4,89,37,41,5.7272725
SUPER_14,1280000,79,4,6,89,34,45,4.9
SUPER_14,1290000,103,3,11,117,53,50,14
SUPER_14,1300000,90,6,7,103,43,47,5.4615383
SUPER_14,1310000,165,13,8,186,89,76,6.952381
SUPER_14,1320000,98,3,10,111,44,54,9.307693
SUPER_14,1330000,75,8,7,90,36,39,5.733333
SUPER_14,1340000,22,2,3,27,10,12,1
SUPER_14,1350000,1,0,0,1,1,0,NaN
SUPER_14,1360000,5,0,0,5,2,3,NaN
SUPER_14,1370000,3,0,0,3,2,1,NaN
SUPER_14,1380000,3,0,1,4,2,1,3
SUPER_14,1390000,2,0,0,2,1,1,NaN
SUPER_14,1400000,3,0,0,3,0,3,NaN
SUPER_14,1410000,2,0,1,3,2,0,1
SUPER_14,1420000,2,0,0,2,2,0,NaN
SUPER_14,1430000,2,0,0,2,1,1,NaN
SUPER_14,1440000,2,0,0,2,1,1,NaN
SUPER_14,1450000,2,0,1,3,2,0,1
SUPER_14,1460000,17,7,1,25,9,8,1.875
SUPER_14,1470000,85,6,6,97,38,47,4.5833335
SUPER_14,1480000,68,7,13,88,36,32,8.95
SUPER_14,1490000,26,2,4,32,15,11,122.333336
SUPER_14,1500000,34,1,5,40,19,15,9.166667
SUPER_14,1510000,104,5,6,115,50,54,8.090909
SUPER_14,1520000,119,11,8,138,57,62,3.6842105
SUPER_14,1530000,84,10,4,98,41,43,16.214285
SUPER_14,1540000,101,4,11,116,47,54,24.533333
SUPER_14,1550000,95,8,9,112,53,42,11.882353
SUPER_14,1560000,114,7,13,134,69,45,14.2
SUPER_14,1570000,76,7,8,91,38,38,12
SUPER_14,1580000,69,4,3,76,25,44,4.714286
SUPER_14,1590000,95,4,4,103,44,51,7.625
SUPER_14,1600000,97,9,14,120,48,49,28.826086
SUPER_14,1610000,1,0,1,2,0,1,4
SUPER_14,1620000,2,0,0,2,0,2,NaN
SUPER_14,1630000,8,1,2,11,3,5,3.6666667
SUPER_14,1640000,5,0,0,5,1,4,NaN
SUPER_14,1650000,3,0,0,3,2,1,NaN
SUPER_14,1660000,1,0,0,1,1,0,NaN
SUPER_14,1670000,67,3,3,73,36,31,2.3333333
SUPER_14,1680000,73,6,6,85,34,39,21.583334
SUPER_14,1690000,14,3,1,18,8,6,6.75
SUPER_14,1700000,124,2,5,131,65,59,1.5714285
SUPER_14,1710000,127,14,9,150,72,55,6
SUPER_14,1720000,167,15,16,198,91,76,5.903226
SUPER_14,1730000,149,11,8,168,76,73,7.5789475
SUPER_14,1740000,57,6,11,74,24,33,6.2941175
SUPER_14,1750000,44,5,2,51,20,24,26.142857
SUPER_14,1760000,136,6,15,157,71,65,5.8095236
SUPER_14,1770000,85,4,1,90,40,45,1.8
SUPER_14,1780000,82,2,11,95,45,37,5.6153846
SUPER_14,1790000,53,3,2,58,30,23,4.6
SUPER_14,1800000,142,13,13,168,71,71,11.153846
SUPER_14,1810000,54,4,5,63,27,27,5.111111
SUPER_14,1820000,1,2,1,4,0,1,1.6666666
SUPER_14,1830000,1,1,1,3,1,0,1
SUPER_14,1840000,1,0,0,1,1,0,NaN
SUPER_14,1850000,3,1,1,5,1,2,4.5
SUPER_14,1860000,6,1,0,7,2,4,1
SUPER_14,1870000,117,5,6,128,50,67,10.545455
SUPER_14,1880000,93,4,8,105,52,41,12.833333
SUPER_14,1890000,18,1,2,21,6,12,7.6666665
SUPER_14,1900000,3,1,0,4,1,2,8
SUPER_14,1910000,2,0,0,2,2,0,NaN
SUPER_14,1920000,1,0,1,2,1,0,3
SUPER_14,1930000,2,0,0,2,2,0,NaN
SUPER_14,1940000,7,2,2,11,2,5,6.5
SUPER_14,1950000,47,5,2,54,23,24,1.5714285
SUPER_14,1960000,135,19,8,162,62,73,4.962963
SUPER_14,1970000,88,7,5,100,55,33,15.166667
SUPER_14,1980000,92,5,4,101,43,49,2.5555556
SUPER_14,1990000,118,10,11,139,57,61,6.5238094
SUPER_14,2000000,124,8,14,146,64,60,5.590909
SUPER_14,2010000,145,8,7,160,93,52,9.866667
SUPER_14,2020000,83,9,9,101,53,30,53.77778
SUPER_14,2030000,91,6,3,100,48,43,2.2222223
SUPER_14,2040000,106,6,4,116,55,51,5.7
SUPER_14,2050000,2,0,1,3,2,0,1
SUPER_14,2060000,7,0,0,7,3,4,NaN
SUPER_14,2070000,160,12,11,183,82,78,3.3043478
SUPER_14,2080000,3,0,1,4,2,1,2
SUPER_14,2090000,0,0,1,1,0,0,21
SUPER_14,2100000,0,0,0,0,0,0,0
SUPER_14,2110000,0,0,0,0,0,0,0
SUPER_14,2120000,9,0,1,10,6,3,1
SUPER_14,2130000,38,5,1,44,26,12,2.8333333
SUPER_14,2140000,176,17,10,203,92,84,5.4074073
SUPER_14,2150000,175,9,9,193,91,84,29.833334
SUPER_14,2160000,241,15,15,271,138,103,5.366667
SUPER_14,2170000,142,6,10,158,67,75,8.5
SUPER_14,2180000,89,4,9,102,39,50,5.1538463
SUPER_14,2190000,97,7,8,112,48,49,9.6
SUPER_14,2200000,88,4,4,96,41,47,8.25
SUPER_14,2210000,6,1,1,8,2,4,3
SUPER_14,2220000,3,0,0,3,2,1,NaN
SUPER_14,2230000,2,0,0,2,1,1,NaN
SUPER_14,2240000,86,6,5,97,52,34,20.90909
SUPER_14,2250000,85,4,5,94,46,39,25.777779
SUPER_14,2260000,121,8,6,135,70,51,8.785714
SUPER_14,2270000,213,17,14,244,102,111,4.806452
SUPER_14,2280000,176,10,9,195,78,98,6
SUPER_14,2290000,171,7,18,196,81,90,4.68
SUPER_14,2300000,170,13,9,192,93,77,5.590909
SUPER_14,2310000,81,2,4,87,45,36,2
SUPER_14,2320000,21,2,2,25,11,10,18.25
SUPER_14,2330000,68,5,4,77,33,35,3.2222223
SUPER_14,2340000,25,1,1,27,14,11,1
SUPER_14,2350000,207,8,18,233,93,114,7.076923
SUPER_14,2360000,96,3,5,104,56,40,14.125
SUPER_14,2370000,124,14,5,143,68,56,4.9473686
SUPER_14,2380000,112,8,10,130,59,53,17.722221
SUPER_14,2390000,139,12,9,160,76,63,5.4761906
SUPER_14,2400000,95,7,5,107,46,49,2.9166667
SUPER_14,2410000,169,10,12,191,86,83,6.4545455
SUPER_14,2420000,91,7,11,109,42,49,15.833333
SUPER_14,2430000,83,8,8,99,52,31,11
SUPER_14,2440000,92,4,5,101,55,37,34
SUPER_14,2450000,8,0,1,9,3,5,1
SUPER_14,2460000,5,0,0,5,1,4,NaN
SUPER_14,2470000,127,10,7,144,71,56,7.0588236
SUPER_14,2480000,129,7,13,149,76,53,6.85
SUPER_14,2490000,71,3,8,82,31,40,4.5454545
SUPER_14,2500000,176,15,6,197,98,78,4.952381
SUPER_14,2510000,229,21,19,269,130,99,7.3
SUPER_14,2520000,52,3,5,60,30,22,5.25
SUPER_14,2530000,169,17,12,198,85,84,20.068966
SUPER_14,2540000,1,1,0,2,1,0,1
SUPER_14,2550000,9,1,0,10,5,4,8
SUPER_14,2560000,141,9,7,157,72,69,8.4375
SUPER_14,2570000,38,2,3,43,24,14,7
SUPER_14,2580000,167,11,13,191,102,65,9.5
SUPER_14,2590000,145,10,10,165,78,67,3.75
SUPER_14,2600000,147,5,11,163,88,59,17.1875
SUPER_14,2610000,108,9,9,126,52,56,3.4444444
SUPER_14,2620000,99,7,4,110,52,47,4.3636365
SUPER_14,2630000,122,12,9,143,61,61,10
SUPER_14,2640000,123,7,15,145,56,67,4.318182
SUPER_14,2650000,136,10,8,154,84,52,23.444445
SUPER_14,2660000,145,5,8,158,88,57,7.230769
SUPER_14,2670000,186,12,11,209,98,88,10.869565
SUPER_14,2680000,97,10,12,119,50,47,4.2727275
SUPER_14,2690000,191,14,11,216,95,96,39.52
SUPER_14,2700000,78,5,5,88,45,33,2
SUPER_14,2710000,108,8,9,125,57,51,13.294118
SUPER_14,2720000,146,6,10,162,84,62,9.625
SUPER_14,2730000,90,3,5,98,49,41,3.875
SUPER_14,2740000,60,5,2,67,31,29,6
SUPER_14,2750000,57,2,2,61,32,25,2.25
SUPER_14,2760000,78,7,7,92,41,37,5.714286
SUPER_14,2770000,1,0,0,1,0,1,NaN
SUPER_14,2780000,1,1,1,3,0,1,1
SUPER_14,2790000,3,0,0,3,1,2,NaN
SUPER_14,2800000,1,1,0,2,0,1,2
SUPER_14,2810000,94,14,6,114,46,48,9.1
SUPER_14,2820000,167,9,7,183,87,80,26.125
SUPER_14,2830000,144,9,8,161,69,75,22.647058
SUPER_14,2840000,90,5,5,100,44,46,5.2
SUPER_14,2850000,16,0,1,17,8,8,1
SUPER_14,2860000,6,0,0,6,4,2,NaN
SUPER_14,2870000,104,6,9,119,40,64,19.733334
SUPER_14,2880000,73,2,6,81,36,37,9.875
SUPER_14,2890000,153,11,10,174,72,81,6.1904764
SUPER_14,2900000,131,7,7,145,66,65,2.5714285
SUPER_14,2910000,84,14,5,103,46,38,4.263158
SUPER_14,2920000,50,4,4,58,30,20,1.875
SUPER_14,2930000,134,10,10,154,64,70,17.05
SUPER_14,2940000,94,2,3,99,54,40,10
SUPER_14,2950000,77,10,4,91,36,41,24.285715
SUPER_14,2960000,201,14,11,226,98,103,9.6
SUPER_14,2970000,189,3,7,199,121,68,35.9
SUPER_14,2980000,63,6,9,78,33,30,5.4
SUPER_14,2990000,69,5,5,79,37,32,10.8
SUPER_14,3000000,59,4,5,68,23,36,12.111111
SUPER_14,3010000,167,11,10,188,90,77,51.47619
SUPER_14,3020000,91,3,8,102,46,45,4.4545455
SUPER_14,3030000,84,14,4,102,42,42,4.2222223
SUPER_14,3040000,80,9,8,97,38,42,6.882353
SUPER_14,3050000,117,11,11,139,56,61,5.681818
SUPER_14,3060000,153,12,9,174,71,82,6.142857
SUPER_14,3070000,33,1,2,36,14,19,6.3333335
SUPER_14,3080000,1,0,0,1,1,0,NaN
SUPER_14,3090000,1,0,0,1,1,0,NaN
SUPER_14,3100000,43,1,2,46,22,21,14
SUPER_14,3110000,0,0,0,0,0,0,0
SUPER_14,3120000,0,0,0,0,0,0,0
SUPER_14,3130000,150,17,11,178,64,86,5.428571
SUPER_14,3140000,61,11,3,75,30,31,6.214286
SUPER_14,3150000,83,8,5,96,37,46,20.846153
SUPER_14,3160000,1,1,0,2,0,1,2
SUPER_14,3170000,2,1,1,4,1,1,3.5
SUPER_14,3180000,84,6,9,99,46,38,8.8
SUPER_14,3190000,96,6,7,109,46,50,8.538462
SUPER_14,3200000,113,10,11,134,61,52,4.571429
SUPER_14,3210000,107,10,10,127,46,61,5.1
SUPER_14,3220000,165,12,14,191,83,82,7.1153846
SUPER_14,3230000,110,12,5,127,53,57,7.117647
SUPER_14,3240000,26,1,3,30,15,11,10
SUPER_14,3250000,5,1,0,6,3,2,1
SUPER_14,3260000,99,8,13,120,57,42,6.142857
SUPER_14,3270000,82,4,9,95,45,37,2.7692308
SUPER_14,3280000,41,5,6,52,23,18,5.2727275
SUPER_14,3290000,64,4,3,71,27,37,3.2857144
SUPER_14,3300000,97,7,7,111,53,44,5.928571
SUPER_14,3310000,54,4,2,60,28,26,3.1666667
SUPER_14,3320000,151,12,20,183,66,85,10.625
SUPER_14,3330000,116,4,11,131,54,62,13.333333
SUPER_14,3340000,54,3,5,62,31,23,9
SUPER_14,3350000,41,2,3,46,21,20,1.8
SUPER_14,3360000,66,3,11,80,34,32,3.0714285
SUPER_14,3370000,40,1,2,43,23,17,8
SUPER_14,3380000,8,0,2,10,3,5,9
SUPER_14,3390000,47,2,4,53,20,27,5.8333335
SUPER_14,3400000,151,7,10,168,82,69,6.647059
SUPER_14,3410000,22,3,3,28,8,14,4.8333335
SUPER_14,3420000,79,9,6,94,41,38,8.533334
SUPER_14,3430000,97,9,13,119,48,49,7.181818
SUPER_14,3440000,84,6,6,96,41,43,12.666667
SUPER_14,3450000,19,6,2,27,7,12,3.75
SUPER_14,3460000,71,5,4,80,39,32,3.4444444
SUPER_14,3470000,66,6,5,77,39,27,6.2727275
SUPER_14,3480000,33,2,3,38,16,17,2
SUPER_14,3490000,0,2,0,2,0,0,26.5
SUPER_14,3500000,2,0,0,2,2,0,NaN
SUPER_14,3510000,0,1,0,1,0,0,1
SUPER_14,3520000,4,0,0,4,1,3,NaN
SUPER_14,3530000,90,4,5,99,41,49,17.555555
SUPER_14,3540000,34,0,3,37,20,14,1
SUPER_14,3550000,80,1,6,87,46,34,2.4285715
SUPER_14,3560000,27,2,1,30,10,17,1.3333334
SUPER_14,3570000,69,5,4,78,42,27,9.666667
SUPER_14,3580000,70,7,9,86,43,27,5.875
SUPER_14,3590000,94,5,6,105,47,47,6.6363635
SUPER_14,3600000,98,8,11,117,54,44,10.789474
SUPER_14,3610000,65,13,11,89,41,24,5.7083335
SUPER_14,3620000,93,5,9,107,44,49,6
SUPER_14,3630000,69,4,6,79,32,37,4.8
SUPER_14,3640000,92,6,7,105,44,48,3.1538463
SUPER_14,3650000,113,13,14,140,63,50,5.3703704
SUPER_14,3660000,72,5,5,82,38,34,8.6
SUPER_14,3670000,148,13,8,169,81,67,7.047619
SUPER_14,3680000,47,5,2,54,14,33,4.714286
SUPER_14,3690000,111,8,11,130,48,63,8.842105
SUPER_14,3700000,124,7,19,150,62,62,17.23077
SUPER_14,3710000,50,7,2,59,23,27,3.8888888
SUPER_14,3720000,61,4,6,71,30,31,3.3
SUPER_14,3730000,31,2,2,35,11,20,7
SUPER_14,3740000,164,6,14,184,85,79,12.65
SUPER_14,3750000,11,2,1,14,4,7,7.3333335
SUPER_14,3760000,1,0,1,2,0,1,12
SUPER_14,3770000,126,3,13,142,60,66,17.9375
SUPER_14,3780000,0,0,0,0,0,0,0
SUPER_14,3790000,0,0,0,0,0,0,0
SUPER_14,3800000,158,8,17,183,78,80,19.32
SUPER_14,3810000,185,13,24,222,93,92,38.783783
SUPER_14,3820000,0,0,0,0,0,0,0
SUPER_14,3830000,0,0,0,0,0,0,0
SUPER_14,3840000,0,0,0,0,0,0,0
SUPER_14,3850000,0,0,0,0,0,0,0
SUPER_14,3860000,113,11,8,132,56,57,8.473684
SUPER_14,3870000,139,11,16,166,71,68,6.5185184
SUPER_14,3880000,119,10,14,143,63,56,6.7083335
SUPER_14,3890000,88,5,12,105,44,44,9.411765
SUPER_14,3900000,123,15,7,145,59,64,20.818182
SUPER_14,3910000,114,6,10,130,52,62,4
SUPER_14,3920000,110,14,10,134,56,54,2.9166667
SUPER_14,3930000,135,8,13,156,70,65,3.857143
SUPER_14,3940000,89,8,6,103,47,42,4.785714
SUPER_14,3950000,74,6,7,87,45,29,39.23077
SUPER_14,3960000,148,6,7,161,76,72,12.769231
SUPER_14,3970000,118,6,7,131,55,63,1.6923077
SUPER_14,3980000,101,8,11,120,56,45,12.157895
SUPER_14,3990000,57,3,5,65,31,26,5.25
SUPER_14,4000000,98,8,6,112,48,50,7.928571
SUPER_14,4010000,90,5,7,102,45,45,8.083333
SUPER_14,4020000,143,10,15,168,77,66,16.8
SUPER_14,4030000,134,7,6,147,62,72,5
SUPER_14,4040000,170,10,14,194,97,73,6.4583335
SUPER_14,4050000,133,5,10,148,59,74,2.4
SUPER_14,4060000,109,7,8,124,57,52,6.6666665
SUPER_14,4070000,11,0,2,13,7,4,3.5
SUPER_14,4080000,8,1,1,10,5,3,1.5
SUPER_14,4090000,135,7,8,150,60,75,6.4666667
SUPER_14,4100000,81,2,11,94,45,36,16.384615
SUPER_14,4110000,6,0,0,6,2,4,NaN
SUPER_14,4120000,125,9,8,142,63,62,12.058824
SUPER_14,4130000,92,4,6,102,50,42,30.6
SUPER_14,4140000,54,4,8,66,24,30,5.5
SUPER_14,4150000,132,8,8,148,62,70,8.0625
SUPER_14,4160000,72,9,3,84,39,33,8.916667
SUPER_14,4170000,92,11,3,106,54,38,7.214286
SUPER_14,4180000,104,8,14,126,43,61,31.272728
SUPER_14,4190000,153,16,6,175,72,81,7.8636365
SUPER_14,4200000,41,5,2,48,20,21,1.1428572
SUPER_14,4210000,31,5,2,38,20,11,14.571428
SUPER_14,4220000,117,11,8,136,63,54,6.1578946
SUPER_14,4230000,188,8,10,206,95,93,6.0555553
SUPER_14,4240000,121,3,9,133,52,69,3.75
SUPER_14,4250000,127,13,9,149,52,75,5.8636365
SUPER_14,4260000,108,9,7,124,58,50,4.375
SUPER_14,4270000,144,6,6,156,74,70,8.75
SUPER_14,4280000,70,5,5,80,42,28,8.9
SUPER_14,4290000,79,1,4,84,35,44,3.4
SUPER_14,4300000,8,3,0,11,6,2,2.6666667
SUPER_14,4310000,24,1,0,25,13,11,2
SUPER_14,4320000,110,7,7,124,56,54,10.071428
SUPER_14,4330000,118,10,10,138,58,60,5.25
SUPER_14,4340000,83,5,4,92,44,39,4.111111
SUPER_14,4350000,105,9,10,124,56,49,8.157895
SUPER_14,4360000,115,6,9,130,61,54,10.533334
SUPER_14,4370000,171,15,18,204,92,79,9.757576
SUPER_14,4380000,118,7,4,129,60,58,17
SUPER_14,4390000,81,5,6,92,41,40,5.7272725
SUPER_14,4400000,5,0,0,5,3,2,NaN
SUPER_14,4410000,1,0,0,1,0,1,NaN
SUPER_14,4420000,1,1,2,4,1,0,2
SUPER_14,4430000,2,0,0,2,0,2,NaN
SUPER_14,4440000,3,1,0,4,2,1,1
SUPER_14,4450000,3,1,0,4,2,1,11
SUPER_14,4460000,16,0,0,16,9,7,NaN
SUPER_14,4470000,27,2,2,31,12,15,24.5
SUPER_14,4480000,141,11,12,164,67,74,6.4347825
SUPER_14,4490000,69,4,4,77,36,33,8
SUPER_14,4500000,190,11,14,215,98,92,3.24
SUPER_14,4510000,112,10,5,127,60,52,7.266667
SUPER_14,4520000,72,5,3,80,33,39,10.5
SUPER_14,4530000,77,11,9,97,45,32,5.3
SUPER_14,4540000,84,3,9,96,47,37,17.333334
SUPER_14,4550000,5,1,0,6,1,4,1
SUPER_14,4560000,55,3,4,62,29,26,8.142858
SUPER_14,4570000,161,17,11,189,75,86,15.142858
SUPER_14,4580000,50,2,5,57,32,18,8.142858
SUPER_14,4590000,124,13,8,145,66,58,9.428572
SUPER_14,4600000,101,8,5,114,53,48,4.8461537
SUPER_14,4610000,44,6,2,52,24,20,3.75
SUPER_14,4620000,1,0,1,2,1,0,8
SUPER_14,4630000,2,1,0,3,2,0,1
SUPER_14,4640000,3,2,0,5,2,1,5.5
SUPER_14,4650000,1,0,0,1,0,1,NaN
SUPER_14,4660000,2,1,0,3,1,1,1
SUPER_14,4670000,18,0,0,18,15,3,NaN
SUPER_14,4680000,5,0,0,5,4,1,NaN
SUPER_14,4690000,1,1,0,2,0,1,1
SUPER_14,4700000,1,0,2,3,0,1,1.5
SUPER_14,4710000,101,7,10,118,58,43,6.117647
SUPER_14,4720000,55,2,13,70,25,30,19.333334
SUPER_14,4730000,61,0,11,72,29,32,4.2727275
SUPER_14,4740000,12,3,4,19,8,4,4.285714
SUPER_14,4750000,53,4,3,60,24,29,2.4285715
SUPER_14,4760000,15,3,6,24,8,7,50.22222
SUPER_14,4770000,51,3,2,56,25,26,7.4
SUPER_14,4780000,76,12,5,93,41,35,11.058824
SUPER_14,4790000,11,1,0,12,6,5,11
SUPER_14,4800000,136,7,13,156,75,61,39.15
SUPER_14,4810000,43,2,3,48,19,24,6.4
SUPER_14,4820000,107,8,4,119,54,53,15.416667
SUPER_14,4830000,45,1,2,48,13,32,4.6666665
SUPER_14,4840000,83,9,1,93,42,41,2.8
SUPER_14,4850000,30,2,6,38,14,16,2
SUPER_14,4860000,0,0,0,0,0,0,0
SUPER_14,4870000,0,0,0,0,0,0,0
SUPER_14,4880000,14,2,2,18,6,8,14.75
SUPER_14,4890000,20,0,3,23,12,8,13.666667
SUPER_14,4900000,0,0,1,1,0,0,4
SUPER_14,4910000,2,0,0,2,1,1,NaN
SUPER_14,4920000,44,4,4,52,27,17,2.5
SUPER_14,4930000,36,2,1,39,13,23,4
SUPER_14,4940000,45,1,4,50,23,22,7.8
SUPER_14,4950000,46,1,2,49,28,18,5
SUPER_14,4960000,94,5,9,108,46,48,9.071428
SUPER_14,4970000,32,2,6,40,17,15,2.625
SUPER_14,4980000,4,0,1,5,0,4,7
SUPER_14,4990000,52,1,2,55,21,31,2.6666667
SUPER_14,5000000,32,3,1,36,13,19,3.25
SUPER_14,5010000,23,1,2,26,15,8,3.3333333
SUPER_14,5020000,1,0,0,1,0,1,NaN
SUPER_14,5030000,2,1,0,3,0,2,1
SUPER_14,5040000,5,0,0,5,1,4,NaN
SUPER_14,5050000,5,0,0,5,2,3,NaN
SUPER_14,5060000,2,0,0,2,2,0,NaN
SUPER_14,5070000,2,1,0,3,1,1,4
SUPER_14,5080000,5,3,0,8,3,2,7.6666665
SUPER_14,5090000,3,0,0,3,2,1,NaN
SUPER_14,5100000,4,0,0,4,3,1,NaN
SUPER_14,5110000,43,2,4,49,21,22,5.1666665
SUPER_14,5120000,87,6,14,107,38,49,7.4
SUPER_14,5130000,111,11,11,133,62,49,4.4545455
SUPER_14,5140000,106,8,12,126,56,50,7.3
SUPER_14,5150000,76,7,5,88,37,39,9.583333
SUPER_14,5160000,63,4,7,74,33,30,4.5454545
SUPER_14,5170000,6,0,1,7,2,4,5
SUPER_14,5180000,2,0,0,2,2,0,NaN
SUPER_14,5190000,2,1,0,3,1,1,2
SUPER_14,5200000,2,0,0,2,1,1,NaN
SUPER_14,5210000,0,0,0,0,0,0,0
SUPER_14,5220000,0,0,0,0,0,0,0
SUPER_14,5230000,2,1,0,3,0,2,1
SUPER_14,5240000,2,0,0,2,0,2,NaN
SUPER_14,5250000,26,5,2,33,9,17,5
SUPER_14,5260000,73,3,5,81,41,32,12.25
SUPER_14,5270000,70,2,5,77,25,45,15.142858
SUPER_14,5280000,127,10,10,147,65,62,4.05
SUPER_14,5290000,222,14,12,248,118,104,6.1153846
SUPER_14,5300000,0,0,0,0,0,0,0
SUPER_14,5310000,0,0,0,0,0,0,0
SUPER_14,5320000,0,0,0,0,0,0,0
SUPER_14,5330000,0,0,0,0,0,0,0
SUPER_14,5340000,101,8,8,117,54,47,6.25
SUPER_14,5350000,86,6,5,97,52,34,4.6363635
SUPER_14,5360000,76,5,3,84,40,36,5.75
SUPER_14,5370000,71,4,2,77,35,36,8.5
SUPER_14,5380000,64,1,2,67,25,39,17.333334
SUPER_14,5390000,29,2,1,32,21,8,4.3333335
SUPER_14,5400000,125,5,8,138,71,54,8.615385
SUPER_14,5410000,129,7,11,147,61,68,4.7777777
SUPER_14,5420000,7,0,0,7,6,1,NaN
SUPER_14,5430000,54,2,2,58,25,29,8
SUPER_14,5440000,17,1,1,19,11,6,2.5
SUPER_14,5450000,80,0,3,83,47,33,1.6666666
SUPER_14,5460000,0,0,0,0,0,0,0
SUPER_14,5470000,0,0,0,0,0,0,0
SUPER_14,5480000,0,0,0,0,0,0,0
SUPER_14,5490000,0,0,0,0,0,0,0
SUPER_14,5500000,0,0,0,0,0,0,0
SUPER_14,5510000,0,0,0,0,0,0,0
SUPER_14,5520000,16,2,1,19,10,6,11.333333
SUPER_14,5530000,10,0,1,11,5,5,2
SUPER_14,5540000,36,1,1,38,21,15,1.5
SUPER_14,5550000,2,0,0,2,1,1,NaN
SUPER_14,5560000,4,0,1,5,0,4,1
SUPER_14,5570000,2,0,0,2,1,1,NaN
SUPER_14,5580000,2,0,0,2,2,0,NaN
SUPER_14,5590000,1,0,0,1,0,1,NaN
SUPER_14,5600000,8,0,2,10,2,6,6.5
SUPER_14,5610000,1,0,0,1,1,0,NaN
SUPER_14,5620000,12,0,1,13,6,6,7
SUPER_14,5630000,3,1,0,4,0,3,1
SUPER_14,5640000,3,0,1,4,0,3,4
SUPER_14,5650000,5,1,1,7,5,0,4
SUPER_14,5660000,2,1,0,3,2,0,1
SUPER_14,5670000,0,0,0,0,0,0,0
SUPER_14,5680000,0,0,0,0,0,0,0
SUPER_14,5690000,49,5,8,62,18,31,5.6923075
SUPER_14,5700000,36,6,4,46,13,23,3.6
SUPER_14,5710000,0,0,0,0,0,0,0
SUPER_14,5720000,0,0,0,0,0,0,0
SUPER_14,5730000,0,0,0,0,0,0,0
SUPER_14,5740000,0,0,0,0,0,0,0
SUPER_14,5750000,0,0,0,0,0,0,0
SUPER_14,5760000,0,0,0,0,0,0,0
SUPER_14,5770000,26,2,3,31,15,11,1.8
SUPER_14,5780000,0,0,0,0,0,0,0
SUPER_14,5790000,0,0,0,0,0,0,0
SUPER_14,5800000,0,0,0,0,0,0,0
SUPER_14,5810000,0,0,0,0,0,0,0
SUPER_14,5820000,0,0,0,0,0,0,0
SUPER_14,5830000,0,0,0,0,0,0,0
SUPER_14,5840000,0,0,0,0,0,0,0
SUPER_14,5850000,0,0,0,0,0,0,0
SUPER_14,5860000,8,1,0,9,5,3,2
SUPER_14,5870000,10,2,5,17,8,2,1.1428572
SUPER_14,5880000,0,1,1,2,0,0,5
SUPER_14,5890000,11,3,3,17,3,8,3.8333333
SUPER_14,5900000,39,0,3,42,20,19,1.6666666
SUPER_14,5910000,64,7,2,73,37,27,10.888889
SUPER_14,5920000,147,8,9,164,69,78,3.235294
SUPER_14,5930000,0,0,0,0,0,0,0
SUPER_14,5940000,0,0,0,0,0,0,0
SUPER_14,5950000,0,0,0,0,0,0,0
SUPER_14,5960000,0,0,0,0,0,0,0
SUPER_14,5970000,0,0,0,0,0,0,0
SUPER_14,5980000,0,0,0,0,0,0,0
SUPER_14,5990000,0,0,0,0,0,0,0
SUPER_14,6000000,0,0,0,0,0,0,0
SUPER_14,6010000,0,0,0,0,0,0,0
SUPER_14,6020000,0,0,0,0,0,0,0
SUPER_14,6030000,0,0,0,0,0,0,0
SUPER_14,6040000,0,0,0,0,0,0,0
SUPER_14,6050000,0,0,0,0,0,0,0
SUPER_14,6060000,0,0,0,0,0,0,0
SUPER_14,6070000,79,9,8,96,33,46,7.2941175
SUPER_14,6080000,20,0,7,27,10,10,4
SUPER_14,6090000,147,9,17,173,71,76,7.076923
SUPER_14,6100000,65,4,3,72,34,31,10.428572
SUPER_14,6110000,5,0,4,9,2,3,2.5
SUPER_14,6120000,71,4,3,78,36,35,8.142858
SUPER_14,6130000,0,0,0,0,0,0,0
SUPER_14,6140000,0,0,0,0,0,0,0
SUPER_14,6150000,41,3,5,49,20,21,3.25
SUPER_14,6160000,65,0,5,70,33,32,2.6
SUPER_14,6170000,78,6,3,87,37,41,9.333333
SUPER_14,6180000,1,0,0,1,0,1,NaN
SUPER_14,6190000,1,0,0,1,0,1,NaN
SUPER_14,6200000,2,2,1,5,1,1,17.666666
SUPER_14,6210000,14,2,0,16,8,6,1
SUPER_14,6220000,21,2,1,24,10,11,2
SUPER_14,6230000,110,8,11,129,53,57,16.263159
SUPER_14,6240000,74,8,4,86,47,27,9.666667
SUPER_14,6250000,94,8,6,108,51,43,8.142858
SUPER_14,6260000,2,1,1,4,2,0,7
SUPER_14,6270000,3,1,0,4,1,2,1
SUPER_14,6280000,2,0,0,2,1,1,NaN
SUPER_14,6290000,1,0,0,1,1,0,NaN
SUPER_14,6300000,87,6,8,101,44,43,2.857143
SUPER_14,6310000,183,11,16,210,99,84,7.5185184
SUPER_14,6320000,157,11,11,179,88,69,6.409091
SUPER_14,6330000,67,7,2,76,32,35,5
SUPER_14,6340000,2,0,0,2,1,1,NaN
SUPER_14,6350000,81,5,5,91,39,42,4.7
SUPER_14,6360000,32,0,3,35,16,16,12.333333
SUPER_14,6370000,45,2,1,48,21,24,13
SUPER_14,6380000,161,11,11,183,78,83,6.0454545
SUPER_14,6390000,112,5,9,126,55,57,8.928572
SUPER_14,6400000,89,5,10,104,43,46,14.466666
SUPER_14,6410000,112,5,12,129,62,50,3.3529413
SUPER_14,6420000,91,5,8,104,41,50,4.1538463
SUPER_14,6430000,8,2,1,11,4,4,5
SUPER_14,6440000,108,6,8,122,57,51,5.285714
SUPER_14,6450000,124,9,9,142,63,61,7.111111
SUPER_14,6460000,64,3,5,72,44,20,7.375
SUPER_14,6470000,15,1,3,19,8,7,1
SUPER_14,6480000,67,4,1,72,33,34,7.6
SUPER_14,6490000,69,5,6,80,33,36,2.5454545
SUPER_14,6500000,1,1,1,3,1,0,11.5
SUPER_14,6510000,2,0,0,2,1,1,NaN
SUPER_14,6520000,2,2,1,5,0,2,1.6666666
SUPER_14,6530000,5,0,0,5,0,5,NaN
SUPER_14,6540000,0,0,0,0,0,0,0
SUPER_14,6550000,0,0,0,0,0,0,0
SUPER_14,6560000,0,0,0,0,0,0,0
SUPER_14,6570000,3,0,0,3,1,2,NaN
SUPER_14,6580000,3,0,0,3,1,2,NaN
SUPER_14,6590000,1,1,0,2,0,1,1
SUPER_14,6600000,16,2,2,20,7,9,3
SUPER_14,6610000,146,3,11,160,87,59,11.5
SUPER_14,6620000,0,0,0,0,0,0,0
SUPER_14,6630000,0,0,0,0,0,0,0
SUPER_14,6640000,112,7,5,124,51,61,2.8333333
SUPER_14,6650000,44,3,0,47,30,14,3
SUPER_14,6660000,65,0,0,65,33,32,NaN
SUPER_14,6670000,48,1,2,51,21,27,14.666667
SUPER_14,6680000,90,7,8,105,46,44,7.3333335
SUPER_14,6690000,64,8,5,77,36,28,2.9230769
SUPER_14,6700000,35,6,0,41,23,12,5.3333335
SUPER_14,6710000,14,3,0,17,5,9,2
SUPER_14,6720000,8,1,1,10,5,3,3.5
SUPER_14,6730000,10,1,1,12,4,6,13.5
SUPER_14,6740000,3,0,0,3,1,2,NaN
SUPER_14,6750000,3,1,1,5,2,1,4.5
SUPER_14,6760000,2,0,0,2,0,2,NaN
SUPER_14,6770000,0,0,1,1,0,0,2
SUPER_14,6780000,3,2,0,5,2,1,11
SUPER_14,6790000,2,0,0,2,1,1,NaN
SUPER_14,6800000,0,1,0,1,0,0,24
SUPER_14,6810000,7,0,3,10,5,2,1.3333334
SUPER_14,6820000,1,0,0,1,0,1,NaN
SUPER_14,6830000,0,0,0,0,0,0,0
SUPER_14,6840000,0,0,0,0,0,0,0
SUPER_14,6850000,23,1,5,29,10,13,7
SUPER_14,6860000,88,9,4,101,49,39,9.538462
SUPER_14,6870000,42,2,0,44,18,24,20
SUPER_14,6880000,107,10,7,124,65,42,12.823529
SUPER_14,6890000,44,4,1,49,27,17,12.2
SUPER_14,6900000,30,4,6,40,20,10,3.2
SUPER_14,6910000,97,3,9,109,58,39,7
SUPER_14,6920000,0,0,0,0,0,0,0
SUPER_14,6930000,0,0,0,0,0,0,0
SUPER_14,6940000,267,12,18,297,153,114,5.8
SUPER_14,6950000,35,2,0,37,16,19,4.5
SUPER_14,6960000,44,3,3,50,23,21,1.3333334
SUPER_14,6970000,164,6,13,183,98,66,7.4210525
SUPER_14,6980000,122,3,2,127,66,56,1.6
SUPER_14,6990000,73,5,6,84,38,35,12.090909
SUPER_14,7000000,89,10,9,108,45,44,8.105263
SUPER_14,7010000,116,6,9,131,58,58,5.8
SUPER_14,7020000,77,10,7,94,38,39,3.6470587
SUPER_14,7030000,125,11,7,143,67,58,11.777778
SUPER_14,7040000,100,8,13,121,51,49,22.428572
SUPER_14,7050000,124,9,8,141,75,49,6.470588
SUPER_14,7060000,49,8,5,62,21,28,4.6153846
SUPER_14,7070000,176,14,18,208,101,75,6.375
SUPER_14,7080000,109,2,5,116,57,52,5.571429
SUPER_14,7090000,136,12,8,156,64,72,6.2
SUPER_14,7100000,20,0,3,23,13,7,5
SUPER_14,7110000,91,8,11,110,57,34,6.105263
SUPER_14,7120000,151,11,16,178,75,76,16.481482
SUPER_14,7130000,173,17,16,206,86,87,5.4848485
SUPER_14,7140000,185,13,24,222,87,98,13.72973
SUPER_14,7150000,197,16,12,225,103,94,9.964286
SUPER_14,7160000,37,3,2,42,16,21,6.4
SUPER_14,7170000,75,6,10,91,44,31,10.9375
SUPER_14,7180000,1,0,2,3,1,0,16.5
SUPER_14,7190000,5,1,0,6,3,2,8
SUPER_14,7200000,4,2,2,8,4,0,9.25
SUPER_14,7210000,24,1,1,26,14,10,36.5
SUPER_14,7220000,38,0,2,40,27,11,12
SUPER_14,7230000,44,3,10,57,23,21,18.23077
SUPER_14,7240000,92,5,8,105,55,37,5.8461537
SUPER_14,7250000,104,14,12,130,48,56,17.038462
SUPER_14,7260000,130,8,10,148,79,51,10.944445
SUPER_14,7270000,91,7,4,102,52,39,6.7272725
SUPER_14,7280000,4,0,0,4,2,2,NaN
SUPER_14,7290000,59,2,7,68,35,24,8.222222
SUPER_14,7300000,128,7,10,145,68,60,4.529412
SUPER_14,7310000,64,6,5,75,37,27,4.2727275
SUPER_14,7320000,0,1,0,1,0,0,1
SUPER_14,7330000,1,0,0,1,0,1,NaN
SUPER_14,7340000,2,0,0,2,1,1,NaN
SUPER_14,7350000,1,0,0,1,0,1,NaN
SUPER_14,7360000,1,0,0,1,0,1,NaN
SUPER_14,7370000,151,17,18,186,79,72,22.485714
SUPER_14,7380000,106,11,7,124,51,55,6.4444447
SUPER_14,7390000,136,4,10,150,69,67,11.785714
SUPER_14,7400000,126,13,14,153,67,59,28.296297
SUPER_14,7410000,2,0,0,2,1,1,NaN
SUPER_14,7420000,82,6,7,95,38,44,12.615385
SUPER_14,7430000,65,2,3,70,34,31,1.8
SUPER_14,7440000,92,8,2,102,54,38,3.2
SUPER_14,7450000,126,5,8,139,62,64,5.923077
SUPER_14,7460000,67,10,12,89,35,32,16.272728
SUPER_14,7470000,3,0,0,3,2,1,NaN
SUPER_14,7480000,70,6,4,80,45,25,4.3
SUPER_14,7490000,119,10,11,140,68,51,6.8095236
SUPER_14,7500000,55,5,5,65,29,26,3.7
SUPER_14,7510000,102,5,6,113,46,56,4.090909
SUPER_14,7520000,133,15,7,155,60,73,5.181818
SUPER_14,7530000,109,16,11,136,64,45,13.925926
SUPER_14,7540000,34,5,5,44,18,16,15.6
SUPER_14,7550000,123,3,11,137,66,57,8
SUPER_14,7560000,80,5,6,91,40,40,2.4545455
SUPER_14,7570000,109,11,7,127,48,61,5.7222223
SUPER_14,7580000,27,1,1,29,18,9,12
SUPER_14,7590000,126,4,7,137,71,55,10.636364
SUPER_14,7600000,127,12,9,148,67,60,4.142857
SUPER_14,7610000,199,20,15,234,120,79,12.171429
SUPER_14,7620000,103,3,8,114,49,54,19.181818
SUPER_14,7630000,141,13,11,165,78,63,17.666666
SUPER_14,7640000,190,16,10,216,104,86,8.769231
SUPER_14,7650000,121,10,9,140,56,65,5.5263157
SUPER_14,7660000,172,12,11,195,85,87,6.695652
SUPER_14,7670000,119,10,11,140,68,51,5.3809524
SUPER_14,7680000,43,1,2,46,24,19,3
SUPER_14,7690000,44,4,3,51,32,12,6.857143
SUPER_14,7700000,1,1,2,4,0,1,3.6666667
SUPER_14,7710000,129,5,11,145,57,72,19.3125
SUPER_14,7720000,115,10,12,137,64,51,3.4545455
SUPER_14,7730000,78,9,7,94,36,42,7.9375
SUPER_14,7740000,103,7,12,122,53,50,10.684211
SUPER_14,7750000,67,3,8,78,35,32,1.6363636
SUPER_14,7760000,134,12,10,156,71,63,25.5
SUPER_14,7770000,15,1,1,17,7,8,3
SUPER_14,7780000,153,14,5,172,78,75,19.526316
SUPER_14,7790000,93,11,7,111,48,45,4.611111
SUPER_14,7800000,24,5,1,30,12,12,9.666667
SUPER_14,7810000,109,7,9,125,59,50,4.1875
SUPER_14,7820000,137,16,1,154,62,75,6.2941175
SUPER_14,7830000,146,16,9,171,81,65,8.08
SUPER_14,7840000,8,0,0,8,6,2,NaN
SUPER_14,7850000,124,5,6,135,71,53,15.545455
SUPER_14,7860000,128,10,12,150,62,66,21.136364
SUPER_14,7870000,116,13,8,137,60,56,4.2380953
SUPER_14,7880000,67,7,4,78,39,28,2.5454545
SUPER_14,7890000,118,12,9,139,58,60,38.761906
SUPER_14,7900000,105,4,4,113,63,42,1.625
SUPER_14,7910000,55,6,8,69,27,28,3.9285715
SUPER_14,7920000,15,2,2,19,7,8,6
SUPER_14,7930000,117,12,8,137,64,53,7
SUPER_14,7940000,118,13,6,137,57,61,4.631579
SUPER_14,7950000,153,9,18,180,86,67,8.259259
SUPER_14,7960000,95,10,8,113,46,49,7.611111
SUPER_14,7970000,102,8,6,116,56,46,2.2857144
SUPER_14,7980000,142,16,17,175,75,67,4.6969695
SUPER_14,7990000,126,8,11,145,65,61,4.631579
SUPER_14,8000000,46,5,4,55,18,28,8.333333
SUPER_14,8010000,97,5,9,111,47,50,7
SUPER_14,8020000,148,16,13,177,82,66,4.586207
SUPER_14,8030000,122,10,6,138,59,63,5.75
SUPER_14,8040000,136,13,13,162,74,62,5.8846154
SUPER_14,8050000,86,8,7,101,45,41,4.8
SUPER_14,8060000,114,18,9,141,66,48,4.037037
SUPER_14,8070000,88,9,6,103,40,48,6.266667
SUPER_14,8080000,128,3,13,144,57,71,2.5625
SUPER_14,8090000,106,8,6,120,59,47,7.5
SUPER_14,8100000,169,10,10,189,74,95,15.75
SUPER_14,8110000,176,13,13,202,84,92,6.1538463
SUPER_14,8120000,166,7,13,186,98,68,29.9
SUPER_14,8130000,136,11,11,158,65,71,15.409091
SUPER_14,8140000,152,14,10,176,81,71,10.958333
SUPER_14,8150000,150,13,18,181,80,70,18.129032
SUPER_14,8160000,149,11,14,174,76,73,7.16
SUPER_14,8170000,94,13,6,113,45,49,6.3157897
SUPER_14,8180000,87,6,4,97,49,38,12.2
SUPER_14,8190000,69,1,7,77,38,31,5.625
SUPER_14,8200000,102,13,9,124,53,49,11.090909
SUPER_14,8210000,83,19,10,112,40,43,7.586207
SUPER_14,8220000,117,9,8,134,66,51,8.117647
SUPER_14,8230000,24,1,0,25,9,15,3
SUPER_14,8240000,43,1,2,46,22,21,7.6666665
SUPER_14,8250000,147,9,14,170,77,70,11.956522
SUPER_14,8260000,96,9,7,112,48,48,21.6875
SUPER_14,8270000,0,0,0,0,0,0,0
SUPER_14,8280000,0,0,0,0,0,0,0
SUPER_14,8290000,82,8,4,94,39,43,6.9166665
SUPER_14,8300000,117,11,20,148,66,51,5.709677
SUPER_14,8310000,87,2,6,95,45,42,4.625
SUPER_14,8320000,148,14,10,172,71,77,9.416667
SUPER_14,8330000,9,0,1,10,4,5,35
SUPER_14,8340000,7,1,0,8,3,4,1
SUPER_14,8350000,39,5,2,46,22,17,5.857143
SUPER_14,8360000,134,10,7,151,68,66,4.4117646
SUPER_14,8370000,121,10,14,145,55,66,20.166666
SUPER_14,8380000,142,12,15,169,70,72,3.8148148
SUPER_14,8390000,76,4,7,87,37,39,5.3636365
SUPER_14,8400000,29,3,5,37,9,20,5.625
SUPER_14,8410000,5,0,0,5,2,3,NaN
SUPER_14,8420000,1,1,1,3,0,1,13
SUPER_14,8430000,73,5,13,91,42,31,18.5
SUPER_14,8440000,83,12,11,106,35,48,6.521739
SUPER_14,8450000,151,6,6,163,68,83,3.0833333
SUPER_14,8460000,67,5,7,79,36,31,7.1666665
SUPER_14,8470000,87,12,4,103,40,47,5.375
SUPER_14,8480000,78,7,4,89,39,39,2.5454545
SUPER_14,8490000,104,6,5,115,61,43,3.3636363
SUPER_14,8500000,118,6,6,130,62,56,2.9166667
SUPER_14,8510000,69,9,10,88,38,31,16.631578
SUPER_14,8520000,123,10,10,143,70,53,5
SUPER_14,8530000,84,7,5,96,32,52,16
SUPER_14,8540000,78,6,8,92,41,37,13.857142
SUPER_14,8550000,87,5,4,96,46,41,10.555555
SUPER_14,8560000,106,12,7,125,47,59,7.5263157
SUPER_14,8570000,146,9,13,168,71,75,6.0454545
SUPER_14,8580000,11,0,0,11,4,7,NaN
SUPER_14,8590000,76,4,5,85,40,36,60.11111
SUPER_14,8600000,43,6,2,51,22,21,4.375
SUPER_14,8610000,17,0,0,17,13,4,NaN
SUPER_14,8620000,77,2,3,82,36,41,4
SUPER_14,8630000,12,1,0,13,7,5,11
SUPER_14,8640000,70,2,4,76,34,36,6.8333335
SUPER_14,8650000,118,19,13,150,51,67,7.75
SUPER_14,8660000,113,2,5,120,55,58,8.571428
SUPER_14,8670000,33,3,1,37,20,13,12.5
SUPER_14,8680000,91,8,5,104,42,49,7.076923
SUPER_14,8690000,190,6,13,209,96,94,12.473684
SUPER_14,8700000,160,13,13,186,74,86,4.6538463
SUPER_14,8710000,0,0,0,0,0,0,0
SUPER_14,8720000,0,0,0,0,0,0,0
SUPER_14,8730000,125,12,8,145,77,48,6.2
SUPER_14,8740000,80,8,9,97,39,41,6.7058825
SUPER_14,8750000,36,2,1,39,23,13,7
SUPER_14,8760000,197,13,14,224,97,100,6.111111
SUPER_14,8770000,125,5,13,143,72,53,16.833334
SUPER_14,8780000,2,1,0,3,2,0,1
SUPER_14,8790000,1,0,1,2,1,0,1
SUPER_14,8800000,1,0,0,1,0,1,NaN
SUPER_14,8810000,3,1,0,4,0,3,1
SUPER_14,8820000,2,0,1,3,1,1,3
SUPER_14,8830000,109,10,15,134,57,52,21.4
SUPER_14,8840000,46,5,4,55,20,26,3.5555556
SUPER_14,8850000,50,4,2,56,22,28,3
SUPER_14,8860000,73,3,8,84,37,36,4.4545455
SUPER_14,8870000,203,9,13,225,99,104,8.954545
SUPER_14,8880000,92,5,4,101,43,49,18.555555
SUPER_14,8890000,115,4,7,126,48,67,66
SUPER_14,8900000,20,2,5,27,12,8,4.285714
SUPER_14,8910000,19,1,1,21,9,10,7
SUPER_14,8920000,146,9,14,169,85,61,6.652174
SUPER_14,8930000,73,5,6,84,37,36,11.909091
SUPER_14,8940000,105,7,10,122,49,56,11.529411
SUPER_14,8950000,116,5,9,130,53,63,5.357143
SUPER_14,8960000,0,1,0,1,0,0,1
SUPER_14,8970000,92,6,13,111,54,38,9.578947
SUPER_14,8980000,0,0,0,0,0,0,0
SUPER_14,8990000,0,0,0,0,0,0,0
SUPER_14,9000000,89,7,8,104,40,49,5
SUPER_14,9010000,0,0,0,0,0,0,0
SUPER_14,9020000,0,0,0,0,0,0,0
SUPER_14,9030000,96,3,12,111,63,33,5
SUPER_14,9040000,100,6,8,114,51,49,6.428571
SUPER_14,9050000,62,5,6,73,29,33,10
SUPER_14,9060000,37,2,3,42,16,21,4.4
SUPER_14,9070000,20,2,1,23,15,5,2
SUPER_14,9080000,78,2,6,86,38,40,11.75
SUPER_14,9090000,131,11,6,148,75,56,5.529412
SUPER_14,9100000,44,6,1,51,25,19,4
SUPER_14,9110000,14,3,0,17,8,6,5
SUPER_14,9120000,38,3,2,43,21,17,6.6
SUPER_14,9130000,28,1,1,30,15,13,1
SUPER_14,9140000,3,0,0,3,1,2,NaN
SUPER_14,9150000,2,0,1,3,2,0,7
SUPER_14,9160000,2,3,0,5,0,2,13.333333
SUPER_14,9170000,19,0,1,20,8,11,2
SUPER_14,9180000,132,9,5,146,64,68,2.642857
SUPER_14,9190000,63,6,3,72,38,25,5.6666665
SUPER_14,9200000,10,0,0,10,4,6,NaN
SUPER_14,9210000,85,5,11,101,47,38,3.875
SUPER_14,9220000,152,6,8,166,82,70,3.4285715
SUPER_14,9230000,126,6,10,142,73,53,4.875
SUPER_14,9240000,154,9,12,175,77,77,6.047619
SUPER_14,9250000,2,1,0,3,2,0,1
SUPER_14,9260000,4,1,1,6,3,1,1
SUPER_14,9270000,1,0,0,1,0,1,NaN
SUPER_14,9280000,2,0,0,2,1,1,NaN
SUPER_14,9290000,28,4,2,34,16,12,3.6666667
SUPER_14,9300000,75,1,6,82,32,43,12.571428
SUPER_14,9310000,41,3,1,45,22,19,2.5
SUPER_14,9320000,103,11,6,120,51,52,14.823529
SUPER_14,9330000,110,4,10,124,52,58,5.214286
SUPER_14,9340000,100,8,6,114,53,47,9.714286
SUPER_14,9350000,132,7,11,150,60,72,11.333333
SUPER_14,9360000,120,9,12,141,61,59,10.857142
SUPER_14,9370000,3,0,0,3,1,2,NaN
SUPER_14,9380000,14,1,1,16,5,9,4.5
SUPER_14,9390000,88,6,5,99,56,32,8.272727
SUPER_14,9400000,79,13,11,103,45,34,3.7083333
SUPER_14,9410000,65,7,3,75,32,33,16.6
SUPER_14,9420000,20,0,3,23,14,6,1.6666666
SUPER_14,9430000,124,9,8,141,74,50,4.9411764
SUPER_14,9440000,179,7,13,199,98,81,11.55
SUPER_14,9450000,83,9,6,98,37,46,6.5333333
SUPER_14,9460000,135,12,14,161,73,62,5.0384617
SUPER_14,9470000,84,11,14,109,30,54,8.8
SUPER_14,9480000,107,6,12,125,51,56,3.3888888
SUPER_14,9490000,105,11,10,126,49,56,5.4761906
SUPER_14,9500000,135,15,11,161,72,63,21.192308
SUPER_14,9510000,82,3,4,89,45,37,4.857143
SUPER_14,9520000,122,5,12,139,59,63,3.6470587
SUPER_14,9530000,92,7,8,107,42,50,5.266667
SUPER_14,9540000,99,15,6,120,50,49,5.095238
SUPER_14,9550000,198,8,10,216,111,87,4.2777777
SUPER_14,9560000,83,8,9,100,46,37,8.588235
SUPER_14,9570000,43,3,7,53,20,23,7.7
SUPER_14,9580000,125,8,10,143,59,66,17.833334
SUPER_14,9590000,165,14,7,186,84,81,3.6666667
SUPER_14,9600000,118,10,9,137,58,60,3.7894738
SUPER_14,9610000,158,9,19,186,77,81,4.964286
SUPER_14,9620000,132,9,9,150,56,76,23.5
SUPER_14,9630000,120,7,5,132,62,58,1.75
SUPER_14,9640000,5,1,0,6,2,3,3
SUPER_14,9650000,14,2,0,16,9,5,5.5
SUPER_14,9660000,48,2,4,54,21,27,2.1666667
SUPER_14,9670000,147,16,8,171,72,75,11.208333
SUPER_14,9680000,130,9,9,148,66,64,58.11111
SUPER_14,9690000,167,10,10,187,75,92,30.85
SUPER_14,9700000,122,11,8,141,57,65,5.8421054
SUPER_14,9710000,40,9,5,54,27,13,22.357143
SUPER_14,9720000,94,8,6,108,48,46,9.857142
SUPER_14,9730000,164,15,11,190,77,87,10.884615
SUPER_14,9740000,101,6,6,113,53,48,10.25
SUPER_14,9750000,75,3,4,82,39,36,5.857143
SUPER_14,9760000,59,1,2,62,34,25,75.666664
SUPER_14,9770000,86,5,8,99,48,38,5.5384617
SUPER_14,9780000,76,5,4,85,38,38,9.888889
SUPER_14,9790000,6,2,0,8,3,3,3
SUPER_14,9800000,48,9,1,58,17,31,13.7
SUPER_14,9810000,248,16,17,281,123,125,8.060606
SUPER_14,9820000,191,14,6,211,103,88,9.2
SUPER_14,9830000,49,4,5,58,28,21,5.3333335
SUPER_14,9840000,118,4,8,130,68,50,6.0833335
SUPER_14,9850000,89,1,4,94,50,39,2.2
SUPER_14,9860000,192,12,13,217,94,98,9.44
SUPER_14,9870000,64,2,6,72,35,29,2
SUPER_14,9880000,14,0,1,15,5,9,4
SUPER_14,9890000,0,0,0,0,0,0,0
SUPER_14,9900000,0,0,0,0,0,0,0
SUPER_14,9910000,7,2,2,11,3,4,3.25
SUPER_14,9920000,1,1,0,2,0,1,1
SUPER_14,9930000,4,0,0,4,4,0,NaN
SUPER_14,9940000,0,0,1,1,0,0,8
SUPER_14,9950000,3,0,0,3,3,0,NaN
SUPER_14,9960000,22,4,3,29,11,11,13.857142
SUPER_14,9970000,0,0,0,0,0,0,0
SUPER_14,9980000,0,0,0,0,0,0,0
SUPER_14,9990000,7,0,0,7,6,1,NaN
SUPER_14,10000000,5,1,0,6,4,1,2
SUPER_14,10010000,1,0,0,1,1,0,NaN
SUPER_14,10020000,1,3,0,4,0,1,7.3333335
SUPER_14,10030000,0,0,0,0,0,0,0
SUPER_14,10040000,0,0,0,0,0,0,0
SUPER_14,10050000,0,0,0,0,0,0,0
SUPER_14,10060000,0,0,0,0,0,0,0
SUPER_14,10070000,9,0,2,11,4,4,3.5
SUPER_14,10080000,0,0,0,0,0,0,0
SUPER_14,10090000,0,0,0,0,0,0,0
SUPER_14,10100000,3,0,0,3,0,3,NaN
SUPER_14,10110000,1,0,0,1,0,1,NaN
SUPER_14,10120000,3,0,0,3,2,1,NaN
SUPER_14,10130000,4,0,0,4,2,2,NaN
SUPER_14,10140000,2,1,1,4,1,1,3
SUPER_14,10150000,3,0,0,3,1,2,NaN
SUPER_14,10160000,3,0,1,4,1,2,1
SUPER_14,10170000,0,0,0,0,0,0,0
SUPER_14,10180000,0,0,0,0,0,0,0
SUPER_14,10190000,3,0,1,4,2,1,1
SUPER_14,10200000,1,0,0,1,0,1,NaN
SUPER_14,10210000,1,0,0,1,1,0,NaN
SUPER_14,10220000,3,0,0,3,3,0,NaN
SUPER_14,10230000,1,0,0,1,0,1,NaN
SUPER_14,10240000,3,2,0,5,1,2,19
SUPER_14,10250000,29,3,2,34,10,19,1.2
SUPER_14,10260000,114,9,14,137,62,52,7.6086955
SUPER_14,10270000,49,0,4,53,25,24,2.5
SUPER_14,10280000,24,2,2,28,13,11,175
SUPER_14,10290000,58,5,5,68,29,29,4.1
SUPER_14,10300000,150,9,7,166,79,71,18.75
SUPER_14,10310000,142,6,12,160,69,73,7.3333335
SUPER_14,10320000,117,10,6,133,69,48,5.3125
SUPER_14,10330000,165,9,20,194,94,71,10
SUPER_14,10340000,189,9,16,214,81,108,20.28
SUPER_14,10350000,129,8,8,145,56,73,6.1875
SUPER_14,10360000,9,0,0,9,6,3,NaN
SUPER_14,10370000,87,4,5,96,44,43,8.444445
SUPER_14,10380000,129,12,7,148,70,59,3.7894738
SUPER_14,10390000,250,12,10,272,130,120,7.7727275
SUPER_14,10400000,63,3,3,69,44,19,11
SUPER_14,10410000,184,9,6,199,102,82,6.733333
SUPER_14,10420000,111,6,13,130,45,66,14.473684
SUPER_14,10430000,63,6,9,78,32,31,32.533333
SUPER_14,10440000,36,4,1,41,19,17,1.6
SUPER_14,10450000,62,7,5,74,37,25,5.75
SUPER_14,10460000,58,4,5,67,27,31,4.6666665
SUPER_14,10470000,11,1,1,13,7,4,3
SUPER_14,10480000,68,5,6,79,37,31,1.7272727
SUPER_14,10490000,90,8,4,102,45,45,24.833334
SUPER_14,10500000,64,6,7,77,35,29,5.5384617
SUPER_14,10510000,105,7,8,120,58,47,8.733334
SUPER_14,10520000,104,5,4,113,52,52,2.4444444
SUPER_14,10530000,136,12,6,154,58,78,3.6666667
SUPER_14,10540000,112,13,8,133,59,53,6.8095236
SUPER_14,10550000,138,7,8,153,76,62,8.933333
SUPER_14,10560000,160,6,7,173,76,84,5.769231
SUPER_14,10570000,96,4,7,107,48,48,46.18182
SUPER_14,10580000,69,5,3,77,36,33,7.625
SUPER_14,10590000,68,4,1,73,28,40,5.2
SUPER_14,10600000,128,12,9,149,75,53,6.3809524
SUPER_14,10610000,108,9,8,125,55,53,7.470588
SUPER_14,10620000,121,5,10,136,75,46,14.466666
SUPER_14,10630000,121,10,9,140,69,52,64.10526
SUPER_14,10640000,77,7,7,91,35,42,4.5
SUPER_14,10650000,143,10,12,165,71,72,8.5
SUPER_14,10660000,177,6,10,193,90,87,24.125
SUPER_14,10670000,262,8,22,292,124,138,11.266666
SUPER_14,10680000,109,11,5,125,52,57,3.5625
SUPER_14,10690000,34,0,4,38,19,15,2.25
SUPER_14,10700000,48,4,4,56,24,24,14.5
SUPER_14,10710000,102,8,6,116,45,57,31.928572
SUPER_14,10720000,113,10,4,127,49,64,6.571429
SUPER_14,10730000,87,5,3,95,49,38,2.375
SUPER_14,10740000,122,9,9,140,65,57,3.1111112
SUPER_14,10750000,30,1,6,37,21,9,3.142857
SUPER_14,10760000,174,9,13,196,95,79,10.454545
SUPER_14,10770000,102,4,11,117,48,54,14.466666
SUPER_14,10780000,150,11,4,165,71,79,2.5333333
SUPER_14,10790000,40,3,2,45,17,23,7.2
SUPER_14,10800000,161,7,6,174,86,75,17.076923
SUPER_14,10810000,25,1,5,31,10,15,9.5
SUPER_14,10820000,206,21,14,241,104,102,6.257143
SUPER_14,10830000,173,10,16,199,94,79,23.384615
SUPER_14,10840000,93,6,4,103,49,44,3.5
SUPER_14,10850000,69,6,4,79,34,35,6.9
SUPER_14,10860000,81,12,11,104,36,45,8.608696
SUPER_14,10870000,134,8,12,154,66,68,6.2
SUPER_14,10880000,157,8,11,176,78,79,4.5789475
SUPER_14,10890000,74,4,4,82,44,30,7.125
SUPER_14,10900000,0,2,0,2,0,0,1
SUPER_14,10910000,171,12,11,194,100,71,6.9565215
SUPER_14,10920000,186,7,13,206,106,80,18.55
SUPER_14,10930000,89,4,1,94,41,48,4.8
SUPER_14,10940000,12,4,0,16,7,5,1.75
SUPER_14,10950000,1,1,0,2,1,0,1
SUPER_14,10960000,1,0,0,1,1,0,NaN
SUPER_14,10970000,0,1,0,1,0,0,14
SUPER_14,10980000,2,2,0,4,1,1,1.5
SUPER_14,10990000,3,2,0,5,2,1,1
SUPER_14,11000000,13,2,0,15,10,3,3
SUPER_14,11010000,12,3,1,16,5,7,4.75
SUPER_14,11020000,135,7,10,152,74,61,17.352942
SUPER_14,11030000,77,3,8,88,37,40,5.090909
SUPER_14,11040000,237,7,19,263,132,105,17.653847
SUPER_14,11050000,176,6,8,190,81,95,3.9285715
SUPER_14,11060000,79,7,9,95,45,34,8.5625
SUPER_14,11070000,75,4,5,84,46,29,3.5555556
SUPER_14,11080000,41,2,4,47,24,17,3
SUPER_14,11090000,194,7,14,215,105,89,5.142857
SUPER_14,11100000,55,5,5,65,26,29,3.8
SUPER_14,11110000,0,0,0,0,0,0,0
SUPER_14,11120000,0,0,0,0,0,0,0
SUPER_14,11130000,0,0,0,0,0,0,0
SUPER_14,11140000,0,0,0,0,0,0,0
SUPER_14,11150000,0,0,0,0,0,0,0
SUPER_14,11160000,0,0,0,0,0,0,0
SUPER_14,11170000,0,0,0,0,0,0,0
SUPER_14,11180000,0,0,0,0,0,0,0
SUPER_14,11190000,0,0,0,0,0,0,0
SUPER_14,11200000,33,2,1,36,18,15,3.6666667
SUPER_14,11210000,100,7,11,118,55,45,5.388889
SUPER_14,11220000,119,11,7,137,55,64,33.77778
SUPER_14,11230000,115,6,3,124,60,55,2.3333333
SUPER_14,11240000,57,3,0,60,28,29,4
SUPER_14,11250000,109,6,10,125,48,61,3
SUPER_14,11260000,149,10,7,166,77,72,3.5294118
SUPER_14,11270000,94,8,6,108,52,42,7.214286
SUPER_14,11280000,72,4,5,81,42,30,2.7777777
SUPER_14,11290000,73,4,4,81,34,39,24.625
SUPER_14,11300000,116,6,11,133,72,44,4.2352943
SUPER_14,11310000,166,10,13,189,86,80,5.4347825
SUPER_14,11320000,117,6,9,132,79,38,10.666667
SUPER_14,11330000,131,5,6,142,84,47,5
SUPER_14,11340000,147,11,6,164,71,76,7.7647057
SUPER_14,11350000,93,8,2,103,51,42,21
SUPER_14,11360000,107,6,9,122,60,47,4.2
SUPER_14,11370000,61,2,6,69,25,36,41.125
SUPER_14,11380000,73,4,9,86,38,35,7.6153846
SUPER_14,11390000,134,6,6,146,75,59,9.5
SUPER_14,11400000,125,9,13,147,66,59,14.409091
SUPER_14,11410000,31,4,3,38,11,20,2.7142856
SUPER_14,11420000,113,12,6,131,53,60,7.7222223
SUPER_14,11430000,115,9,6,130,61,54,2.5333333
SUPER_14,11440000,120,8,6,134,56,64,7.428571
SUPER_14,11450000,134,11,13,158,69,65,16.583334
SUPER_14,11460000,53,10,7,70,27,26,11.529411
SUPER_14,11470000,73,0,12,85,39,34,5.4166665
SUPER_14,11480000,85,3,8,96,56,29,7
SUPER_14,11490000,96,7,6,109,44,52,7.230769
SUPER_14,11500000,99,4,9,112,50,49,8.461538
SUPER_14,11510000,49,6,8,63,29,20,6.285714
SUPER_14,11520000,1,0,1,2,0,1,8
SUPER_14,11530000,2,2,0,4,1,1,1.5
SUPER_14,11540000,6,1,0,7,5,1,4
SUPER_14,11550000,84,9,6,99,52,32,45.4
SUPER_14,11560000,6,1,0,7,6,0,10
SUPER_14,11570000,96,6,8,110,50,46,6.928571
SUPER_14,11580000,67,4,5,76,33,34,4.6666665
SUPER_14,11590000,107,9,2,118,52,55,9.909091
SUPER_14,11600000,101,8,5,114,44,57,13
SUPER_14,11610000,122,7,7,136,70,52,9.928572
SUPER_14,11620000,99,6,8,113,54,45,11.214286
SUPER_14,11630000,38,2,2,42,28,10,2.75
SUPER_14,11640000,129,9,8,146,71,58,9
SUPER_14,11650000,120,8,8,136,60,60,5
SUPER_14,11660000,170,12,19,201,98,72,9.935484
SUPER_14,11670000,5,1,1,7,4,1,1
SUPER_14,11680000,4,0,1,5,3,1,1
SUPER_14,11690000,27,1,0,28,13,14,1
SUPER_14,11700000,98,5,11,114,58,40,13.9375
SUPER_14,11710000,164,10,10,184,87,77,6.65
SUPER_14,11720000,101,10,7,118,66,35,4.4117646
SUPER_14,11730000,75,1,0,76,40,35,2
SUPER_14,11740000,51,7,4,62,29,22,30.727272
SUPER_14,11750000,60,3,6,69,24,36,6.5555553
SUPER_14,11760000,1,1,0,2,0,1,10
SUPER_14,11770000,49,4,3,56,28,21,4.714286
SUPER_14,11780000,129,13,10,152,62,67,17.608696
SUPER_14,11790000,35,2,2,39,21,14,1.25
SUPER_14,11800000,0,0,0,0,0,0,0
SUPER_14,11810000,0,0,0,0,0,0,0
SUPER_14,11820000,13,3,1,17,8,5,48.25
SUPER_14,11830000,1,0,0,1,0,1,NaN
SUPER_14,11840000,3,0,0,3,2,1,NaN
SUPER_14,11850000,4,0,0,4,1,3,NaN
SUPER_14,11860000,1,0,0,1,1,0,NaN
SUPER_14,11870000,2,0,0,2,1,1,NaN
SUPER_14,11880000,1,0,0,1,1,0,NaN
SUPER_14,11890000,0,0,0,0,0,0,0
SUPER_14,11900000,0,0,0,0,0,0,0
SUPER_14,11910000,3,0,0,3,1,2,NaN
SUPER_14,11920000,101,8,5,114,51,50,6.6923075
SUPER_14,11930000,107,9,10,126,58,49,2
SUPER_14,11940000,118,8,6,132,60,58,4.5
SUPER_14,11950000,99,8,5,112,58,41,6.1538463
SUPER_14,11960000,63,4,7,74,30,33,4.909091
SUPER_14,11970000,16,3,0,19,10,6,2
SUPER_14,11980000,91,4,1,96,50,41,8
SUPER_14,11990000,78,6,8,92,40,38,3.4285715
SUPER_14,12000000,80,4,5,89,38,42,3.1111112
SUPER_14,12010000,141,7,14,162,63,78,5.2380953
SUPER_14,12020000,9,0,1,10,5,4,2
SUPER_14,12030000,116,13,7,136,55,61,10.6
SUPER_14,12040000,89,5,8,102,50,39,9.307693
SUPER_14,12050000,1,0,0,1,0,1,NaN
SUPER_14,12060000,31,2,3,36,16,15,2.8
SUPER_14,12070000,90,6,3,99,49,41,10.555555
SUPER_14,12080000,4,0,0,4,0,4,NaN
SUPER_14,12090000,98,7,6,111,51,47,17.615385
SUPER_14,12100000,85,5,4,94,36,49,6.888889
SUPER_14,12110000,1,0,0,1,0,1,NaN
SUPER_14,12120000,2,0,0,2,0,2,NaN
SUPER_14,12130000,3,1,0,4,0,3,4
SUPER_14,12140000,2,0,1,3,1,1,6
SUPER_14,12150000,3,1,0,4,2,1,3
SUPER_14,12160000,2,0,0,2,1,1,NaN
SUPER_14,12170000,3,0,0,3,2,1,NaN
SUPER_14,12180000,3,0,0,3,1,2,NaN
SUPER_14,12190000,0,0,1,1,0,0,26
SUPER_14,12200000,3,0,1,4,2,1,1
SUPER_14,12210000,120,6,10,136,53,67,7.3125
SUPER_14,12220000,71,5,5,81,24,47,3.4
SUPER_14,12230000,49,10,6,65,24,25,6.875
SUPER_14,12240000,116,12,12,140,64,52,15.166667
SUPER_14,12250000,60,6,5,71,26,34,5.2727275
SUPER_14,12260000,38,1,2,41,19,19,4
SUPER_14,12270000,0,1,1,2,0,0,1
SUPER_14,12280000,13,2,2,17,6,7,2.75
SUPER_14,12290000,113,16,11,140,48,65,3.925926
SUPER_14,12300000,49,1,4,54,19,30,3.6
SUPER_14,12310000,66,7,9,82,27,39,3.9375
SUPER_14,12320000,0,0,0,0,0,0,0
SUPER_14,12330000,0,0,0,0,0,0,0
SUPER_14,12340000,0,0,0,0,0,0,0
SUPER_14,12350000,5,0,2,7,2,3,3.5
SUPER_14,12360000,58,9,2,69,31,27,5.090909
SUPER_14,12370000,112,13,5,130,58,54,3.8333333
SUPER_14,12380000,92,7,8,107,40,52,3.3333333
SUPER_14,12390000,98,10,7,115,48,50,7.0588236
SUPER_14,12400000,72,5,8,85,38,34,3.7692308
SUPER_14,12410000,27,8,0,35,9,18,4.375
SUPER_14,12420000,14,0,2,16,8,6,4.5
SUPER_14,12430000,74,11,4,89,45,29,10.866667
SUPER_14,12440000,145,6,11,162,66,79,10.235294
SUPER_14,12450000,113,9,8,130,53,60,8.294118
SUPER_14,12460000,124,8,5,137,59,65,5.8461537
SUPER_14,12470000,36,0,3,39,13,23,223
SUPER_14,12480000,2,0,0,2,0,2,NaN
SUPER_14,12490000,1,0,1,2,1,0,12
SUPER_14,12500000,1,0,1,2,1,0,2
SUPER_14,12510000,1,0,0,1,1,0,NaN
SUPER_14,12520000,54,3,2,59,31,23,2.2
SUPER_14,12530000,120,8,10,138,56,64,3.6666667
SUPER_14,12540000,10,0,1,11,4,6,12
SUPER_14,12550000,66,5,4,75,35,31,22.444445
SUPER_14,12560000,76,4,5,85,30,46,24
SUPER_14,12570000,7,2,1,10,2,5,1
SUPER_14,12580000,42,6,6,54,15,27,11.833333
SUPER_14,12590000,95,9,8,112,46,49,6.352941
SUPER_14,12600000,134,12,9,155,65,69,7.095238
SUPER_14,12610000,55,4,1,60,29,26,10.6
SUPER_14,12620000,75,7,4,86,30,45,44.636364
SUPER_14,12630000,59,4,6,69,27,32,2.3
SUPER_14,12640000,11,1,0,12,4,7,10
SUPER_14,12650000,62,9,4,75,33,29,2.7692308
SUPER_14,12660000,61,6,7,74,32,29,5.5384617
SUPER_14,12670000,2,0,0,2,2,0,NaN
SUPER_14,12680000,3,0,0,3,1,2,NaN
SUPER_14,12690000,0,1,0,1,0,0,1
SUPER_14,12700000,2,0,1,3,1,1,2
SUPER_14,12710000,1,0,1,2,1,0,2
SUPER_14,12720000,4,0,0,4,2,2,NaN
SUPER_14,12730000,4,1,0,5,2,2,7
SUPER_14,12740000,1,0,0,1,1,0,NaN
SUPER_14,12750000,3,0,0,3,3,0,NaN
SUPER_14,12760000,0,0,0,0,0,0,0
SUPER_14,12770000,0,0,0,0,0,0,0
SUPER_14,12780000,4,0,0,4,1,3,NaN
SUPER_14,12790000,1,1,0,2,0,1,22
SUPER_14,12800000,4,0,0,4,1,3,NaN
SUPER_14,12810000,0,0,0,0,0,0,0
SUPER_14,12820000,0,0,0,0,0,0,0
SUPER_14,12830000,11,0,1,12,6,5,1
SUPER_14,12840000,32,4,6,42,12,20,18.3
SUPER_14,12850000,7,1,1,9,2,5,4.5
SUPER_14,12860000,79,7,13,99,42,37,32.05
SUPER_14,12870000,148,12,19,179,78,70,17.32258
SUPER_14,12880000,79,9,7,95,35,44,8
SUPER_14,12890000,81,9,7,97,44,37,4.75
SUPER_14,12900000,65,7,0,72,31,34,3.857143
SUPER_14,12910000,160,11,16,187,85,75,12.444445
SUPER_14,12920000,5,0,3,8,3,2,2
SUPER_14,12930000,4,0,0,4,3,1,NaN
SUPER_14,12940000,1,0,0,1,1,0,NaN
SUPER_14,12950000,8,2,0,10,3,5,3
SUPER_14,12960000,40,2,5,47,23,17,4
SUPER_14,12970000,33,3,5,41,18,15,51.875
SUPER_14,12980000,29,2,3,34,15,14,8
SUPER_14,12990000,116,9,3,128,59,57,7.1666665
SUPER_14,13000000,123,10,6,139,64,59,7.875
SUPER_14,13010000,36,4,4,44,22,14,6.625
SUPER_14,13020000,104,8,7,119,51,53,31.2
SUPER_14,13030000,31,2,4,37,17,14,4.8333335
SUPER_14,13040000,197,10,12,219,95,102,7.9545455
SUPER_14,13050000,104,8,5,117,49,55,5.4615383
SUPER_14,13060000,38,3,4,45,17,21,3.5714285
SUPER_14,13070000,8,2,0,10,4,4,7
SUPER_14,13080000,2,0,0,2,1,1,NaN
SUPER_14,13090000,83,7,8,98,50,33,7.8
SUPER_14,13100000,52,3,2,57,36,16,1.6
SUPER_14,13110000,61,6,5,72,38,23,7.3636365
SUPER_14,13120000,142,12,4,158,65,77,5.4375
SUPER_14,13130000,120,9,5,134,61,59,5.5
SUPER_14,13140000,66,7,2,75,37,29,2.8888888
SUPER_14,13150000,1,1,0,2,0,1,1
SUPER_14,13160000,25,2,2,29,12,13,2.25
SUPER_14,13170000,123,10,12,145,54,69,5.181818
SUPER_14,13180000,72,5,4,81,37,35,38
SUPER_14,13190000,77,4,5,86,36,41,30.222221
SUPER_14,13200000,4,0,0,4,3,1,NaN
SUPER_14,13210000,59,2,3,64,30,29,8.6
SUPER_14,13220000,66,7,3,76,30,36,11.3
SUPER_14,13230000,7,0,1,8,4,3,1
SUPER_14,13240000,44,2,1,47,24,20,3
SUPER_14,13250000,143,9,11,163,74,69,4.1
SUPER_14,13260000,189,11,12,212,83,106,7.695652
SUPER_14,13270000,129,14,8,151,73,56,14.409091
SUPER_14,13280000,40,0,2,42,17,23,13.5
SUPER_14,13290000,5,0,0,5,4,1,NaN
SUPER_14,13300000,52,5,3,60,28,24,11.25
SUPER_14,13310000,58,6,4,68,26,32,5.8
SUPER_14,13320000,99,10,13,122,54,45,44.695652
SUPER_14,13330000,161,8,10,179,74,87,4.0555553
SUPER_14,13340000,128,14,8,150,63,65,5.8636365
SUPER_14,13350000,106,6,8,120,50,56,4.071429
SUPER_14,13360000,15,0,1,16,7,8,4
SUPER_14,13370000,18,2,0,20,6,12,4
SUPER_14,13380000,92,7,5,104,45,47,8.083333
SUPER_14,13390000,146,12,11,169,71,75,30.956522
SUPER_14,13400000,114,16,6,136,70,44,10.818182
SUPER_14,13410000,136,3,10,149,73,63,15
SUPER_14,13420000,72,10,3,85,35,37,13.230769
SUPER_14,13430000,143,7,5,155,76,67,13.5
SUPER_14,13440000,51,4,4,59,30,21,5.5
SUPER_14,13450000,3,0,0,3,2,1,NaN
SUPER_14,13460000,0,0,0,0,0,0,0
SUPER_14,13470000,0,0,0,0,0,0,0
SUPER_14,13480000,0,0,0,0,0,0,0
SUPER_14,13490000,0,0,0,0,0,0,0
SUPER_14,13500000,19,0,3,22,9,10,9.666667
SUPER_14,13510000,2,0,0,2,1,1,NaN
SUPER_14,13520000,1,0,1,2,1,0,2
SUPER_14,13530000,1,0,0,1,1,0,NaN
SUPER_14,13540000,77,4,3,84,37,40,4.714286
SUPER_14,13550000,78,4,4,86,43,35,5.75
SUPER_14,13560000,120,11,11,142,54,66,8.590909
SUPER_14,13570000,140,8,15,163,64,76,5.869565
SUPER_14,13580000,78,1,7,86,34,44,15.625
SUPER_14,13590000,40,3,5,48,21,19,21.125
SUPER_14,13600000,1,0,1,2,1,0,4
SUPER_14,13610000,23,3,5,31,14,9,4.75
SUPER_14,13620000,235,30,12,277,117,118,5.7619047
SUPER_14,13630000,113,3,7,123,55,58,4.9
SUPER_14,13640000,75,4,7,86,39,36,10.090909
SUPER_14,13650000,118,11,10,139,68,50,6.428571
SUPER_14,13660000,176,3,24,203,92,84,16.592592
SUPER_14,13670000,156,19,11,186,81,75,15
SUPER_14,13680000,169,12,10,191,92,77,6
SUPER_14,13690000,159,7,11,177,82,77,4.9444447
SUPER_14,13700000,134,8,4,146,66,68,4.5833335
SUPER_14,13710000,103,9,5,117,51,52,39.285713
SUPER_14,13720000,5,2,0,7,4,1,7.5
SUPER_14,13730000,11,0,0,11,5,6,NaN
SUPER_14,13740000,131,9,6,146,62,69,11
SUPER_14,13750000,133,6,13,152,66,67,8.368421
SUPER_14,13760000,0,0,0,0,0,0,0
SUPER_14,13770000,0,0,0,0,0,0,0
SUPER_14,13780000,30,1,3,34,8,22,8.75
SUPER_14,13790000,0,0,0,0,0,0,0
SUPER_14,13800000,0,0,0,0,0,0,0
SUPER_14,13810000,0,0,0,0,0,0,0
SUPER_14,13820000,0,0,0,0,0,0,0
SUPER_14,13830000,0,0,0,0,0,0,0
SUPER_14,13840000,0,0,0,0,0,0,0
SUPER_14,13850000,0,0,0,0,0,0,0
SUPER_14,13860000,15,4,4,23,9,6,9.75
SUPER_14,13870000,0,0,0,0,0,0,0
SUPER_14,13880000,0,0,0,0,0,0,0
SUPER_14,13890000,0,0,0,0,0,0,0
SUPER_14,13900000,2,2,1,5,2,0,3
SUPER_14,13910000,5,1,0,6,3,2,1
SUPER_14,13920000,1,0,0,1,0,1,NaN
SUPER_14,13930000,2,0,1,3,1,1,1
SUPER_14,13940000,3,0,0,3,2,1,NaN
SUPER_14,13950000,6,2,1,9,2,4,12
SUPER_14,13960000,7,0,0,7,4,3,NaN
SUPER_14,13970000,2,1,1,4,1,1,1
SUPER_14,13980000,7,2,0,9,4,3,2.5
SUPER_14,13990000,3,1,0,4,1,2,1
SUPER_14,14000000,6,0,1,7,3,3,3
SUPER_14,14010000,1,0,0,1,1,0,NaN
SUPER_14,14020000,3,0,0,3,3,0,NaN
SUPER_14,14030000,6,0,0,6,5,1,NaN
SUPER_14,14040000,26,4,6,36,12,14,7.2
SUPER_14,14050000,0,0,0,0,0,0,0
SUPER_14,14060000,0,0,0,0,0,0,0
SUPER_14,14070000,102,3,8,113,55,47,30
SUPER_14,14080000,53,5,2,60,26,27,1.2857143
SUPER_14,14090000,49,6,2,57,22,27,3.875
SUPER_14,14100000,57,3,4,64,35,22,8.428572
SUPER_14,14110000,57,6,4,67,24,33,2.9
SUPER_14,14120000,50,2,3,55,27,23,5.8
SUPER_14,14130000,22,1,3,26,7,15,9.25
SUPER_14,14140000,81,5,6,92,36,45,5
SUPER_14,14150000,55,7,3,65,30,25,4.4
SUPER_14,14160000,62,4,1,67,37,25,4
SUPER_14,14170000,51,1,4,56,25,26,9
SUPER_14,14180000,32,5,7,44,13,19,10.25
SUPER_14,14190000,40,2,3,45,23,17,2.6
SUPER_14,14200000,49,3,6,58,25,24,2.4444444
SUPER_14,14210000,78,6,4,88,45,33,7.6
SUPER_14,14220000,62,3,4,69,32,30,5.571429
SUPER_14,14230000,20,0,0,20,16,4,NaN
SUPER_14,14240000,39,4,2,45,26,13,9
SUPER_14,14250000,28,1,2,31,17,11,14
SUPER_14,14260000,20,0,1,21,9,11,2
SUPER_14,14270000,41,4,2,47,24,17,3.1666667
SUPER_14,14280000,72,3,2,77,44,28,2.6
SUPER_14,14290000,0,0,0,0,0,0,0
SUPER_14,14300000,0,0,0,0,0,0,0
SUPER_14,14310000,124,11,12,147,63,61,6.521739
SUPER_14,14320000,101,1,4,106,57,44,12
SUPER_14,14330000,128,8,15,151,62,66,11.173913
SUPER_14,14340000,151,11,11,173,72,79,5.681818
SUPER_14,14350000,84,3,6,93,43,41,7.6666665
SUPER_14,14360000,130,15,8,153,70,60,4.2608695
SUPER_14,14370000,135,8,4,147,73,62,3.75
SUPER_14,14380000,130,12,9,151,64,66,4.6190476
SUPER_14,14390000,151,8,9,168,84,67,5.1764708
SUPER_14,14400000,126,12,8,146,54,72,3.3
SUPER_14,14410000,105,5,9,119,56,49,3.5
SUPER_14,14420000,50,2,2,54,22,28,6.5
SUPER_14,14430000,128,5,8,141,60,68,1.7692307
SUPER_14,14440000,53,5,6,64,23,30,4.5454545
SUPER_14,14450000,1,0,0,1,1,0,NaN
SUPER_14,14460000,2,0,0,2,1,1,NaN
SUPER_14,14470000,3,0,1,4,2,1,1
SUPER_14,14480000,5,0,0,5,3,2,NaN
SUPER_14,14490000,0,0,0,0,0,0,0
SUPER_14,14500000,0,0,0,0,0,0,0
SUPER_14,14510000,0,0,0,0,0,0,0
SUPER_14,14520000,7,2,2,11,3,4,2
SUPER_14,14530000,1,0,1,2,1,0,4
SUPER_14,14540000,2,1,0,3,2,0,1
SUPER_14,14550000,57,3,4,64,28,29,9.857142
SUPER_14,14560000,28,4,3,35,12,16,2.142857
SUPER_14,14570000,46,5,3,54,23,23,13.625
SUPER_14,14580000,163,9,8,180,81,82,4.529412
SUPER_14,14590000,5,0,2,7,0,5,3
SUPER_14,14600000,27,0,6,33,14,13,2
SUPER_14,14610000,195,10,10,215,106,89,28.75
SUPER_14,14620000,20,2,3,25,9,11,2
SUPER_14,14630000,37,2,5,44,23,14,4.571429
SUPER_14,14640000,7,1,0,8,2,5,2
SUPER_14,14650000,50,3,4,57,31,19,8.142858
SUPER_14,14660000,84,6,4,94,46,38,7.6
SUPER_14,14670000,134,7,7,148,67,67,12.071428
SUPER_14,14680000,124,8,10,142,61,63,14
SUPER_14,14690000,155,8,12,175,81,74,12.55
SUPER_14,14700000,47,3,0,50,21,26,12.666667
SUPER_14,14710000,29,1,1,31,14,15,1.5
SUPER_14,14720000,140,13,13,166,71,69,3.7307692
SUPER_14,14730000,96,9,7,112,44,52,10.125
SUPER_14,14740000,87,6,11,104,38,49,6.7058825
SUPER_14,14750000,119,8,12,139,67,52,6.6
SUPER_14,14760000,167,11,15,193,88,79,8.730769
SUPER_14,14770000,115,11,12,138,53,62,15.478261
SUPER_14,14780000,5,1,0,6,2,3,1
SUPER_14,14790000,3,1,2,6,0,3,6.3333335
SUPER_14,14800000,4,1,0,5,3,1,11
SUPER_14,14810000,1,0,0,1,0,1,NaN
SUPER_14,14820000,1,0,0,1,1,0,NaN
SUPER_14,14830000,2,0,0,2,0,2,NaN
SUPER_14,14840000,2,0,0,2,1,1,NaN
SUPER_14,14850000,1,0,0,1,1,0,NaN
SUPER_14,14860000,4,1,0,5,2,2,1
SUPER_14,14870000,25,2,2,29,14,11,1.75
SUPER_14,14880000,101,7,10,118,49,52,8.764706
SUPER_14,14890000,111,5,8,124,57,54,9.923077
SUPER_14,14900000,6,1,0,7,2,4,1
SUPER_14,14910000,40,1,1,42,20,20,3
SUPER_14,14920000,55,5,2,62,35,20,7.571429
SUPER_14,14930000,32,3,1,36,14,18,6.75
SUPER_14,14940000,84,4,14,102,53,31,3.7222223
SUPER_14,14950000,108,9,8,125,55,53,5.647059
SUPER_14,14960000,126,10,8,144,69,57,3.5555556
SUPER_14,14970000,123,10,4,137,68,55,7
SUPER_14,14980000,57,4,4,65,32,25,1.625
SUPER_14,14990000,1,0,0,1,1,0,NaN
SUPER_14,15000000,0,0,0,0,0,0,0
SUPER_14,15010000,0,0,0,0,0,0,0
SUPER_14,15020000,3,0,2,5,2,1,2
SUPER_14,15030000,1,1,2,4,0,1,6.6666665
SUPER_14,15040000,2,0,0,2,1,1,NaN
SUPER_14,15050000,1,1,0,2,0,1,1
SUPER_14,15060000,3,0,0,3,2,1,NaN
SUPER_14,15070000,3,1,0,4,0,3,2
SUPER_14,15080000,1,0,0,1,0,1,NaN
SUPER_14,15090000,2,0,0,2,2,0,NaN
SUPER_14,15100000,1,0,1,2,1,0,1
SUPER_14,15110000,3,1,0,4,2,1,3
SUPER_14,15120000,1,0,0,1,0,1,NaN
SUPER_14,15130000,4,0,0,4,1,3,NaN
SUPER_14,15140000,1,0,0,1,1,0,NaN
SUPER_14,15150000,2,0,0,2,0,2,NaN
SUPER_14,15160000,1,1,0,2,1,0,1
SUPER_14,15170000,99,5,8,112,53,46,17
SUPER_14,15180000,180,15,15,210,99,81,5.233333
SUPER_14,15190000,60,2,1,63,32,28,1.3333334
SUPER_14,15200000,67,3,5,75,38,29,5.125
SUPER_14,15210000,142,8,9,159,74,68,4.5882354
SUPER_14,15220000,30,1,1,32,13,17,3.5
SUPER_14,15230000,88,4,6,98,40,48,5.1
SUPER_14,15240000,203,8,17,228,105,98,26.12
SUPER_14,15250000,24,4,0,28,17,7,2.75
SUPER_14,15260000,223,17,12,252,124,99,5.551724
SUPER_14,15270000,97,10,9,116,50,47,6.7894735
SUPER_14,15280000,56,8,7,71,32,24,4.133333
SUPER_14,15290000,147,7,9,163,82,65,5.875
SUPER_14,15300000,130,9,10,149,64,66,2.5263157
SUPER_14,15310000,19,0,0,19,14,5,NaN
SUPER_14,15320000,25,2,1,28,11,14,2.6666667
SUPER_14,15330000,2,0,0,2,0,2,NaN
SUPER_14,15340000,0,0,0,0,0,0,0
SUPER_14,15350000,0,0,0,0,0,0,0
SUPER_14,15360000,178,13,7,198,98,80,5.15
SUPER_14,15370000,28,2,2,32,14,14,2.25
SUPER_14,15380000,98,8,4,110,49,49,8
SUPER_14,15390000,0,0,0,0,0,0,0
SUPER_14,15400000,0,0,0,0,0,0,0
SUPER_14,15410000,0,0,0,0,0,0,0
SUPER_14,15420000,306,16,23,345,169,137,17.564102
SUPER_14,15430000,48,1,6,55,26,22,21.857143
SUPER_14,15440000,113,8,11,132,62,51,4.5789475
SUPER_14,15450000,78,6,6,90,41,37,6.6666665
SUPER_14,15460000,125,6,5,136,60,65,3
SUPER_14,15470000,6,2,0,8,5,1,20.5
SUPER_14,15480000,0,0,0,0,0,0,0
SUPER_14,15490000,0,0,0,0,0,0,0
SUPER_14,15500000,119,15,9,143,72,47,5.4166665
SUPER_14,15510000,201,15,7,223,105,96,10.636364
SUPER_14,15520000,0,0,0,0,0,0,0
SUPER_14,15530000,0,0,0,0,0,0,0
SUPER_14,15540000,187,15,9,211,98,89,3.3333333
SUPER_14,15550000,136,1,12,149,79,57,13.153846
SUPER_14,15560000,16,0,0,16,9,7,NaN
SUPER_14,15570000,62,8,6,76,32,30,10.928572
SUPER_14,15580000,9,2,1,12,5,4,6.6666665
SUPER_14,15590000,0,0,0,0,0,0,0
SUPER_14,15600000,0,0,0,0,0,0,0
SUPER_14,15610000,6,1,0,7,3,3,4
SUPER_14,15620000,35,4,4,43,14,21,5.625
SUPER_14,15630000,24,1,0,25,15,9,13
SUPER_14,15640000,0,0,1,1,0,0,1
SUPER_14,15650000,77,2,6,85,45,32,12.75
SUPER_14,15660000,29,1,1,31,15,14,19.5
SUPER_14,15670000,130,9,8,147,63,67,9.941176
SUPER_14,15680000,77,5,11,93,41,36,18
SUPER_14,15690000,132,7,8,147,65,67,16.533333
SUPER_14,15700000,81,5,6,92,42,39,15.181818
SUPER_14,15710000,122,8,9,139,63,59,7.882353
SUPER_14,15720000,148,9,17,174,75,73,10.653846
SUPER_14,15730000,169,17,9,195,87,82,7.6153846
SUPER_14,15740000,176,18,16,210,82,94,7.2941175
SUPER_14,15750000,192,16,16,224,88,104,4.78125
SUPER_14,15760000,46,4,3,53,31,15,2
SUPER_14,15770000,4,1,0,5,0,4,1
SUPER_14,15780000,85,5,3,93,41,44,6.875
SUPER_14,15790000,33,3,5,41,16,17,4.375
SUPER_14,15800000,70,9,11,90,35,35,9.7
SUPER_14,15810000,64,6,5,75,30,34,2.1818182
SUPER_14,15820000,52,6,5,63,28,24,26.727272
SUPER_14,15830000,59,3,3,65,21,38,6
SUPER_14,15840000,1,0,0,1,0,1,NaN
SUPER_14,15850000,0,0,0,0,0,0,0
SUPER_14,15860000,0,0,0,0,0,0,0
SUPER_14,15870000,3,1,1,5,2,1,4.5
SUPER_14,15880000,13,4,1,18,4,9,3.4
SUPER_14,15890000,67,5,7,79,41,26,7.4166665
SUPER_14,15900000,101,10,16,127,46,55,7.6923075
SUPER_14,15910000,71,10,2,83,35,36,2.4166667
SUPER_14,15920000,15,4,2,21,5,10,15.166667
SUPER_14,15930000,37,5,4,46,18,19,4
SUPER_14,15940000,2,0,1,3,2,0,1
SUPER_14,15950000,1,0,0,1,1,0,NaN
SUPER_14,15960000,4,0,0,4,1,3,NaN
SUPER_14,15970000,31,2,3,36,16,15,5.8
SUPER_14,15980000,59,5,8,72,31,28,13.923077
SUPER_14,15990000,12,1,0,13,7,5,1
SUPER_14,16000000,50,8,2,60,28,22,6.5
SUPER_14,16010000,118,13,0,131,50,68,8.307693
SUPER_14,16020000,34,3,2,39,15,19,1.4
SUPER_14,16030000,86,7,9,102,52,34,4.625
SUPER_14,16040000,84,4,11,99,40,44,4.9333334
SUPER_14,16050000,45,6,5,56,20,25,11.818182
SUPER_14,16060000,105,7,6,118,56,49,11.307693
SUPER_14,16070000,74,5,7,86,42,32,11.583333
SUPER_14,16080000,98,5,6,109,63,35,5.909091
SUPER_14,16090000,89,4,5,98,37,52,23
SUPER_14,16100000,117,6,8,131,59,58,30.071428
SUPER_14,16110000,146,9,11,166,75,71,8.15
SUPER_14,16120000,112,13,7,132,60,52,11.6
SUPER_14,16130000,89,7,7,103,47,42,4.928571
SUPER_14,16140000,85,8,2,95,42,43,8.6
SUPER_14,16150000,35,6,1,42,15,20,4
SUPER_14,16160000,67,5,3,75,27,40,16.125
SUPER_14,16170000,62,6,6,74,37,25,13.833333
SUPER_14,16180000,14,3,2,19,7,7,3.2
SUPER_14,16190000,9,0,0,9,4,5,NaN
SUPER_14,16200000,95,7,5,107,48,47,6.0833335
SUPER_14,16210000,122,10,13,145,59,63,12.652174
SUPER_14,16220000,88,5,12,105,50,38,16.117647
SUPER_14,16230000,165,13,18,196,78,87,8.774194
SUPER_14,16240000,0,0,0,0,0,0,0
SUPER_14,16250000,0,0,0,0,0,0,0
SUPER_14,16260000,120,12,11,143,59,61,6.521739
SUPER_14,16270000,1,0,0,1,1,0,NaN
SUPER_14,16280000,1,0,1,2,0,1,2
SUPER_14,16290000,1,2,0,3,0,1,1
SUPER_14,16300000,40,5,3,48,16,24,6
SUPER_14,16310000,110,18,11,139,47,63,33.75862
SUPER_14,16320000,30,6,1,37,11,19,10
SUPER_14,16330000,47,4,4,55,31,16,9.25
SUPER_14,16340000,85,1,2,88,54,31,1.3333334
SUPER_14,16350000,40,3,1,44,18,22,1.25
SUPER_14,16360000,37,6,2,45,22,15,9.5
SUPER_14,16370000,16,3,5,24,7,9,3.875
SUPER_14,16380000,0,0,1,1,0,0,1
SUPER_14,16390000,104,15,8,127,50,54,3.9130435
SUPER_14,16400000,76,8,6,90,36,40,21.357143
SUPER_14,16410000,41,6,5,52,15,26,5
SUPER_14,16420000,56,11,6,73,24,32,5.882353
SUPER_14,16430000,0,0,0,0,0,0,0
SUPER_14,16440000,0,0,0,0,0,0,0
SUPER_14,16450000,20,1,4,25,10,10,5.4
SUPER_14,16460000,0,0,0,0,0,0,0
SUPER_14,16470000,0,0,0,0,0,0,0
SUPER_14,16480000,0,0,0,0,0,0,0
SUPER_14,16490000,4,1,0,5,2,2,16
SUPER_14,16500000,22,3,2,27,13,9,3.8
SUPER_14,16510000,2,0,2,4,0,2,7.5
SUPER_14,16520000,75,5,5,85,40,35,15.3
SUPER_14,16530000,118,4,8,130,57,61,6.1666665
SUPER_14,16540000,107,6,12,125,47,60,10.222222
SUPER_14,16550000,81,8,8,97,51,30,3.9375
SUPER_14,16560000,7,0,0,7,5,2,NaN
SUPER_14,16570000,59,5,3,67,31,28,5.25
SUPER_14,16580000,46,5,7,58,20,26,4.5
SUPER_14,16590000,105,13,13,131,46,59,5.0384617
SUPER_14,16600000,76,7,2,85,34,42,4.5555553
SUPER_14,16610000,37,1,6,44,15,22,8.714286
SUPER_14,16620000,31,3,4,38,19,12,3.2857144
SUPER_14,16630000,45,6,3,54,27,18,5.888889
SUPER_14,16640000,116,14,8,138,67,49,4
SUPER_14,16650000,69,4,6,79,41,28,112.4
SUPER_14,16660000,87,7,2,96,43,44,2.7777777
SUPER_14,16670000,117,7,13,137,60,57,6.1
SUPER_14,16680000,73,0,7,80,42,31,6.571429
SUPER_14,16690000,87,6,6,99,53,34,4.5833335
SUPER_14,16700000,84,4,5,93,45,39,5.4444447
SUPER_14,16710000,0,0,0,0,0,0,0
SUPER_14,16720000,0,0,0,0,0,0,0
SUPER_14,16730000,91,4,8,103,32,59,7.25
SUPER_14,16740000,3,0,0,3,1,2,NaN
SUPER_14,16750000,0,0,0,0,0,0,0
SUPER_14,16760000,0,0,0,0,0,0,0
SUPER_14,16770000,5,1,0,6,2,3,12
SUPER_14,16780000,93,10,6,109,51,42,11.9375
SUPER_14,16790000,104,9,12,125,52,52,12.428572
SUPER_14,16800000,30,2,4,36,21,9,18.5
SUPER_14,16810000,80,3,6,89,41,39,19.11111
SUPER_14,16820000,57,1,5,63,29,28,4.6666665
SUPER_14,16830000,58,7,4,69,29,29,32.272728
SUPER_14,16840000,109,7,7,123,56,53,41.92857
SUPER_14,16850000,94,3,5,102,49,45,34.5
SUPER_14,16860000,142,7,9,158,68,74,6.1875
SUPER_14,16870000,61,5,5,71,32,29,6.8
SUPER_14,16880000,88,9,5,102,42,46,9.285714
SUPER_14,16890000,121,8,14,143,59,62,2.909091
SUPER_14,16900000,89,9,10,108,33,56,39.63158
SUPER_14,16910000,56,11,6,73,28,28,6
SUPER_14,16920000,39,4,2,45,25,14,5.3333335
SUPER_14,16930000,69,4,3,76,39,30,11.571428
SUPER_14,16940000,71,5,8,84,42,29,3.8461537
SUPER_14,16950000,1,0,0,1,1,0,NaN
SUPER_14,16960000,2,2,0,4,0,2,9.5
SUPER_14,16970000,2,0,0,2,0,2,NaN
SUPER_14,16980000,5,1,1,7,4,1,17
SUPER_14,16990000,5,0,0,5,0,5,NaN
SUPER_14,17000000,2,0,0,2,0,2,NaN
SUPER_14,17010000,2,1,1,4,1,1,1.5
SUPER_14,17020000,2,3,0,5,1,1,2.3333333
SUPER_14,17030000,1,0,0,1,0,1,NaN
SUPER_14,17040000,1,0,0,1,1,0,NaN
SUPER_14,17050000,23,1,1,25,10,13,2
SUPER_14,17060000,46,2,6,54,23,23,7.75
SUPER_14,17070000,89,9,4,102,44,45,11
SUPER_14,17080000,210,12,13,235,125,85,8.12
SUPER_14,17090000,76,7,5,88,36,40,7.5
SUPER_14,17100000,107,7,5,119,63,44,6.4166665
SUPER_14,17110000,122,9,11,142,50,72,22
SUPER_14,17120000,103,11,7,121,42,61,17.055555
SUPER_14,17130000,144,13,15,172,70,74,5.464286
SUPER_14,17140000,73,5,5,83,35,38,21.5
SUPER_14,17150000,72,5,7,84,31,41,11.333333
SUPER_14,17160000,65,4,8,77,27,38,4.5
SUPER_14,17170000,23,0,2,25,10,13,7.5
SUPER_14,17180000,1,0,0,1,1,0,NaN
SUPER_14,17190000,2,1,0,3,2,0,2
SUPER_14,17200000,0,1,0,1,0,0,6
SUPER_14,17210000,2,3,0,5,0,2,9.666667
SUPER_14,17220000,6,0,0,6,2,4,NaN
SUPER_14,17230000,72,8,6,86,37,35,2.2142856
SUPER_14,17240000,151,18,10,179,78,73,14.678572
SUPER_14,17250000,69,6,1,76,37,32,6.142857
SUPER_14,17260000,36,4,8,48,16,20,20.5
SUPER_14,17270000,32,3,3,38,15,17,5.1666665
SUPER_14,17280000,50,3,3,56,18,32,12
SUPER_14,17290000,94,2,9,105,47,47,8.090909
SUPER_14,17300000,111,4,8,123,57,54,8
SUPER_14,17310000,114,8,11,133,51,63,6.2105265
SUPER_14,17320000,77,4,8,89,33,44,7.9166665
SUPER_14,17330000,80,7,11,98,43,37,5.8333335
SUPER_14,17340000,115,7,8,130,47,68,9.066667
SUPER_14,17350000,81,13,7,101,37,44,13.05
SUPER_14,17360000,168,14,11,193,85,83,7.76
SUPER_14,17370000,159,9,9,177,88,71,14.555555
SUPER_14,17380000,139,5,13,157,76,63,13.888889
SUPER_14,17390000,91,7,1,99,53,38,14.125
SUPER_14,17400000,88,5,8,101,47,41,5.5384617
SUPER_14,17410000,126,6,11,143,59,67,3.3529413
SUPER_14,17420000,32,3,3,38,19,13,4.3333335
SUPER_14,17430000,130,5,15,150,64,66,10.1
SUPER_14,17440000,70,4,8,82,29,41,6.9166665
SUPER_14,17450000,0,0,0,0,0,0,0
SUPER_14,17460000,0,0,0,0,0,0,0
SUPER_14,17470000,308,15,21,344,145,163,4.8333335
SUPER_14,17480000,64,4,4,72,27,37,24.375
SUPER_14,17490000,100,8,11,119,51,49,4.736842
SUPER_14,17500000,88,2,7,97,45,43,4.4444447
SUPER_14,17510000,135,11,10,156,73,62,5.285714
SUPER_14,17520000,129,8,13,150,61,68,10.190476
SUPER_14,17530000,140,10,13,163,74,66,8.304348
SUPER_14,17540000,30,6,1,37,12,18,11.142858
SUPER_14,17550000,90,6,11,107,50,40,5.352941
SUPER_14,17560000,199,10,10,219,102,97,8.05
SUPER_14,17570000,122,3,10,135,51,71,7.3846154
SUPER_14,17580000,171,15,14,200,87,84,10.931034
SUPER_14,17590000,89,8,4,101,44,45,8.416667
SUPER_14,17600000,102,6,11,119,56,46,14
SUPER_14,17610000,0,0,0,0,0,0,0
SUPER_14,17620000,0,0,0,0,0,0,0
SUPER_14,17630000,5,0,0,5,2,3,NaN
SUPER_14,17640000,0,0,0,0,0,0,0
SUPER_14,17650000,0,0,0,0,0,0,0
SUPER_14,17660000,15,3,2,20,11,4,3.4
SUPER_14,17670000,158,10,5,173,81,77,8.4
SUPER_14,17680000,127,8,14,149,68,59,4.590909
SUPER_14,17690000,59,2,3,64,33,26,8.4
SUPER_14,17700000,115,8,9,132,55,60,27.529411
SUPER_14,17710000,86,8,11,105,40,46,7.9473686
SUPER_14,17720000,117,13,6,136,50,67,7.4210525
SUPER_14,17730000,36,1,2,39,14,22,12.333333
SUPER_14,17740000,2,0,0,2,1,1,NaN
SUPER_14,17750000,2,0,0,2,2,0,NaN
SUPER_14,17760000,1,0,0,1,1,0,NaN
SUPER_14,17770000,3,0,0,3,2,1,NaN
SUPER_14,17780000,2,0,2,4,1,1,3
SUPER_14,17790000,8,1,1,10,2,6,7
SUPER_14,17800000,15,1,2,18,8,7,62
SUPER_14,17810000,7,1,0,8,3,4,2
SUPER_14,17820000,8,0,1,9,5,3,20
SUPER_14,17830000,114,10,9,133,44,70,4.368421
SUPER_14,17840000,76,6,3,85,33,43,8.111111
SUPER_14,17850000,64,9,6,79,31,33,6.266667
SUPER_14,17860000,123,9,4,136,77,46,9.384615
SUPER_14,17870000,87,7,6,100,42,45,2.9230769
SUPER_14,17880000,42,3,2,47,25,17,14.8
SUPER_14,17890000,108,8,9,125,54,54,9
SUPER_14,17900000,49,5,3,57,23,26,27.625
SUPER_14,17910000,42,2,2,46,20,22,9.75
SUPER_14,17920000,50,3,6,59,22,28,9.555555
SUPER_14,17930000,104,12,11,127,42,62,4.7391305
SUPER_14,17940000,7,0,0,7,5,2,NaN
SUPER_14,17950000,8,2,2,12,3,5,3.25
SUPER_14,17960000,7,0,1,8,3,4,1
SUPER_14,17970000,8,0,0,8,3,5,NaN
SUPER_14,17980000,12,2,0,14,8,4,1
SUPER_14,17990000,55,8,9,72,30,25,8.823529
SUPER_14,18000000,82,1,4,87,37,45,19.2
SUPER_14,18010000,15,2,1,18,7,8,2.6666667
SUPER_14,18020000,55,7,5,67,32,23,6
SUPER_14,18030000,5,1,0,6,2,3,2
SUPER_14,18040000,4,0,0,4,3,1,NaN
SUPER_14,18050000,3,2,0,5,1,2,1
SUPER_14,18060000,4,1,2,7,1,3,3.6666667
SUPER_14,18070000,3,0,0,3,2,1,NaN
SUPER_14,18080000,8,0,0,8,3,5,NaN
SUPER_14,18090000,96,2,10,108,52,44,3.9166667
SUPER_14,18100000,11,0,0,11,8,3,NaN
SUPER_14,18110000,8,3,0,11,3,5,5.3333335
SUPER_14,18120000,6,0,0,6,3,3,NaN
SUPER_14,18130000,64,11,4,79,30,34,3.3333333
SUPER_14,18140000,72,5,4,81,40,32,8.444445
SUPER_14,18150000,80,8,6,94,42,38,6.571429
SUPER_14,18160000,53,5,11,69,32,21,3.1875
SUPER_14,18170000,70,5,3,78,30,40,14.375
SUPER_14,18180000,78,5,6,89,34,44,29.09091
SUPER_14,18190000,64,4,4,72,26,38,9.5
SUPER_14,18200000,61,10,7,78,29,32,8.235294
SUPER_14,18210000,85,7,7,99,47,38,11.214286
SUPER_14,18220000,77,6,8,91,34,43,3.7857144
SUPER_14,18230000,80,7,12,99,46,34,23.421053
SUPER_14,18240000,57,5,4,66,29,28,3.8888888
SUPER_14,18250000,60,6,3,69,33,27,6.111111
SUPER_14,18260000,73,4,5,82,32,41,3.8888888
SUPER_14,18270000,83,8,8,99,43,40,8.875
SUPER_14,18280000,78,5,6,89,44,34,5.818182
SUPER_14,18290000,23,0,3,26,11,12,2
SUPER_14,18300000,108,6,9,123,44,64,3.1333334
SUPER_14,18310000,81,3,6,90,39,42,12.555555
SUPER_14,18320000,86,8,3,97,45,41,9.636364
SUPER_14,18330000,66,2,9,77,37,29,8.545455
SUPER_14,18340000,72,2,10,84,43,29,10.833333
SUPER_14,18350000,83,5,5,93,45,38,9.7
SUPER_14,18360000,61,5,2,68,23,38,4.285714
SUPER_14,18370000,16,2,0,18,9,7,2.5
SUPER_14,18380000,13,0,2,15,6,7,1
SUPER_14,18390000,52,6,3,61,24,28,3.8888888
SUPER_14,18400000,119,9,9,137,62,57,13.944445
SUPER_14,18410000,155,9,17,181,83,72,4.923077
SUPER_14,18420000,42,2,3,47,23,19,3.4
SUPER_14,18430000,112,9,12,133,48,64,10.380953
SUPER_14,18440000,62,5,5,72,32,30,7.2
SUPER_14,18450000,89,3,2,94,46,43,4.4
SUPER_14,18460000,46,4,2,52,27,19,2.5
SUPER_14,18470000,16,1,0,17,5,11,1
SUPER_14,18480000,0,0,0,0,0,0,0
SUPER_14,18490000,0,0,0,0,0,0,0
SUPER_14,18500000,54,6,5,65,32,22,6.181818
SUPER_14,18510000,107,11,6,124,45,62,4.882353
SUPER_14,18520000,54,8,5,67,27,27,8.230769
SUPER_14,18530000,44,6,5,55,19,25,9.818182
SUPER_14,18540000,91,6,4,101,48,43,7.3
SUPER_14,18550000,122,9,10,141,59,63,7.4736843
SUPER_14,18560000,141,6,11,158,76,65,19.647058
SUPER_14,18570000,94,8,14,116,48,46,17.727272
SUPER_14,18580000,116,14,12,142,58,58,5.423077
SUPER_14,18590000,69,9,10,88,41,28,7.631579
SUPER_14,18600000,84,13,6,103,48,36,8.105263
SUPER_14,18610000,116,8,9,133,58,58,9.235294
SUPER_14,18620000,81,3,5,89,37,44,6.875
SUPER_14,18630000,48,3,5,56,23,25,26.375
SUPER_14,18640000,67,8,5,80,32,35,11.230769
SUPER_14,18650000,104,6,13,123,52,52,25.631578
SUPER_14,18660000,94,2,6,102,55,39,6.375
SUPER_14,18670000,78,8,5,91,39,39,17.692308
SUPER_14,18680000,97,9,3,109,54,43,6.25
SUPER_14,18690000,46,6,10,62,19,27,6.1875
SUPER_14,18700000,43,3,2,48,16,27,2.4
SUPER_14,18710000,55,5,2,62,26,29,2
SUPER_14,18720000,53,3,4,60,28,25,8.857142
SUPER_14,18730000,82,8,9,99,47,35,20.647058
SUPER_14,18740000,167,11,17,195,85,82,15.785714
SUPER_14,18750000,37,7,3,47,17,20,8.8
SUPER_14,18760000,144,15,17,176,71,73,16.90625
SUPER_14,18770000,9,0,2,11,5,4,203
SUPER_14,18780000,31,4,1,36,14,17,22
SUPER_14,18790000,54,2,5,61,30,24,8.142858
SUPER_14,18800000,136,6,11,153,71,65,6.0588236
SUPER_14,18810000,68,3,3,74,35,33,33.5
SUPER_14,18820000,96,9,7,112,54,42,7.625
SUPER_14,18830000,127,12,15,154,72,55,3.8888888
SUPER_14,18840000,29,2,1,32,16,13,4.6666665
SUPER_14,18850000,125,11,10,146,56,69,73.14286
SUPER_14,18860000,37,1,1,39,20,17,1.5
SUPER_14,18870000,20,0,5,25,7,13,49.8
SUPER_14,18880000,0,0,0,0,0,0,0
SUPER_14,18890000,0,0,0,0,0,0,0
SUPER_14,18900000,209,14,15,238,114,95,12.724138
SUPER_14,18910000,59,2,4,65,34,25,7.1666665
SUPER_14,18920000,12,1,0,13,9,3,35
SUPER_14,18930000,1,0,0,1,0,1,NaN
SUPER_14,18940000,0,1,1,2,0,0,4
SUPER_14,18950000,0,0,0,0,0,0,0
SUPER_14,18960000,0,0,0,0,0,0,0
SUPER_14,18970000,2,1,1,4,1,1,27
SUPER_14,18980000,5,0,0,5,1,4,NaN
SUPER_14,18990000,0,0,1,1,0,0,12
SUPER_14,19000000,1,0,0,1,1,0,NaN
SUPER_14,19010000,79,8,2,89,37,42,9.4
SUPER_14,19020000,126,11,6,143,59,67,4.2352943
SUPER_14,19030000,13,2,2,17,4,9,7
SUPER_14,19040000,13,3,2,18,4,9,3.6
SUPER_14,19050000,55,6,6,67,22,33,8.833333
SUPER_14,19060000,35,2,5,42,21,14,2.857143
SUPER_14,19070000,51,4,1,56,24,27,3.6
SUPER_14,19080000,106,4,6,116,52,54,2.4
SUPER_14,19090000,105,4,7,116,51,54,10.181818
SUPER_14,19100000,50,4,8,62,25,25,6.1666665
SUPER_14,19110000,136,7,10,153,57,79,9.411765
SUPER_14,19120000,77,4,5,86,37,40,8.888889
SUPER_14,19130000,91,6,10,107,44,47,26.0625
SUPER_14,19140000,56,5,6,67,34,22,2.090909
SUPER_14,19150000,84,9,11,104,41,43,37.25
SUPER_14,19160000,83,4,5,92,50,33,4.2222223
SUPER_14,19170000,49,5,0,54,27,22,4.2
SUPER_14,19180000,88,7,9,104,47,41,7.625
SUPER_14,19190000,175,11,4,190,93,82,8.733334
SUPER_14,19200000,114,6,11,131,57,57,4.529412
SUPER_14,19210000,51,3,7,61,23,28,36.3
SUPER_14,19220000,68,7,5,80,36,32,3.3333333
SUPER_14,19230000,62,4,4,70,26,36,3
SUPER_14,19240000,0,0,0,0,0,0,0
SUPER_14,19250000,0,0,0,0,0,0,0
SUPER_14,19260000,187,11,19,217,84,103,6.766667
SUPER_14,19270000,126,10,14,150,69,57,4.2916665
SUPER_14,19280000,79,4,1,84,44,35,12.8
SUPER_14,19290000,140,8,15,163,81,59,7.2608695
SUPER_14,19300000,71,4,6,81,33,38,5.4
SUPER_14,19310000,36,6,4,46,12,24,3.8
SUPER_14,19320000,9,3,0,12,6,3,8
SUPER_14,19330000,6,0,1,7,3,3,1
SUPER_14,19340000,4,1,1,6,2,2,1.5
SUPER_14,19350000,57,4,3,64,29,28,29.285715
SUPER_14,19360000,57,5,6,68,30,27,6.2727275
SUPER_14,19370000,117,6,8,131,49,68,7.785714
SUPER_14,19380000,71,4,7,82,31,40,6.909091
SUPER_14,19390000,0,2,0,2,0,0,6
SUPER_14,19400000,0,0,0,0,0,0,0
SUPER_14,19410000,0,0,0,0,0,0,0
SUPER_14,19420000,3,0,0,3,1,2,NaN
SUPER_14,19430000,3,1,0,4,2,1,3
SUPER_14,19440000,2,0,0,2,0,2,NaN
SUPER_14,19450000,1,0,0,1,0,1,NaN
SUPER_14,19460000,1,0,0,1,1,0,NaN
SUPER_14,19470000,2,1,0,3,1,1,1
SUPER_14,19480000,4,0,1,5,1,3,1
SUPER_14,19490000,57,12,5,74,26,31,5.647059
SUPER_14,19500000,2,0,1,3,1,1,9
SUPER_14,19510000,83,7,11,101,41,42,2
SUPER_14,19520000,73,12,14,99,35,38,12.769231
SUPER_14,19530000,156,14,9,179,85,71,5.5652175
SUPER_14,19540000,126,5,9,140,63,63,21.357143
SUPER_14,19550000,7,0,1,8,2,5,1
SUPER_14,19560000,9,2,1,12,4,5,4
SUPER_14,19570000,77,7,11,95,35,42,5
SUPER_14,19580000,111,14,7,132,53,58,5.4761906
SUPER_14,19590000,142,6,12,160,63,79,6.611111
SUPER_14,19600000,91,9,3,103,48,43,6.6666665
SUPER_14,19610000,98,8,9,115,57,41,6.647059
SUPER_14,19620000,17,4,1,22,5,12,3
SUPER_14,19630000,104,16,7,127,40,64,6.2173915
SUPER_14,19640000,22,1,1,24,13,9,7
SUPER_14,19650000,2,0,1,3,2,0,17
SUPER_14,19660000,107,7,6,120,57,50,5.230769
SUPER_14,19670000,56,6,2,64,29,27,6.875
SUPER_14,19680000,139,6,6,151,71,68,7
SUPER_14,19690000,203,18,13,234,78,125,7.451613
SUPER_14,19700000,158,15,6,179,73,85,4.2380953
SUPER_14,19710000,66,3,4,73,34,32,3
SUPER_14,19720000,128,10,9,147,74,54,33.526318
SUPER_14,19730000,101,6,10,117,59,42,4.1875
SUPER_14,19740000,21,2,0,23,12,9,2
SUPER_14,19750000,15,0,2,17,12,3,241.5
SUPER_14,19760000,33,4,3,40,19,14,14.857142
SUPER_14,19770000,102,10,6,118,53,49,4.8125
SUPER_14,19780000,146,7,14,167,68,78,7.3333335
SUPER_14,19790000,135,10,8,153,70,65,7.611111
SUPER_14,19800000,49,5,4,58,22,27,3.4444444
SUPER_14,19810000,58,3,5,66,28,30,19.875
SUPER_14,19820000,55,6,7,68,25,30,5.230769
SUPER_14,19830000,187,15,12,214,93,94,9.962963
SUPER_14,19840000,56,1,3,60,25,31,10.75
SUPER_14,19850000,87,7,3,97,43,44,11.6
SUPER_14,19860000,73,7,4,84,36,37,40.636364
SUPER_14,19870000,117,11,9,137,63,54,7.3
SUPER_14,19880000,23,1,5,29,13,10,9.666667
SUPER_14,19890000,32,1,1,34,16,16,10
SUPER_14,19900000,91,5,9,105,48,43,4.571429
SUPER_14,19910000,95,6,10,111,49,46,7.625
SUPER_14,19920000,39,2,5,46,20,19,5.714286
SUPER_14,19930000,23,1,0,24,11,12,14
SUPER_14,19940000,40,6,4,50,14,26,67.5
SUPER_14,19950000,18,1,4,23,11,7,4.8
SUPER_14,19960000,112,7,14,133,47,65,5.8095236
SUPER_14,19970000,106,10,17,133,59,47,5.5925927
SUPER_14,19980000,44,2,5,51,26,18,10
SUPER_14,19990000,1,0,1,2,0,1,1
SUPER_14,20000000,2,1,0,3,0,2,1
SUPER_14,20010000,6,1,0,7,2,4,3
SUPER_14,20020000,3,1,2,6,1,2,8
SUPER_14,20030000,7,0,1,8,4,3,8
SUPER_14,20040000,5,0,0,5,4,1,NaN
SUPER_14,20050000,3,1,0,4,1,2,22
SUPER_14,20060000,7,0,2,9,2,5,8
SUPER_14,20070000,4,3,0,7,2,2,2.6666667
SUPER_14,20080000,83,6,8,97,40,43,5.714286
SUPER_14,20090000,32,2,2,36,18,14,7
SUPER_14,20100000,123,16,9,148,56,67,4.2
SUPER_14,20110000,90,5,12,107,49,41,11.411765
SUPER_14,20120000,61,9,7,77,29,32,5.6875
SUPER_14,20130000,15,2,0,17,9,6,1.5
SUPER_14,20140000,88,9,12,109,44,44,8.142858
SUPER_14,20150000,130,13,19,162,57,73,7.15625
SUPER_14,20160000,140,12,13,165,66,74,8.92
SUPER_14,20170000,142,12,8,162,61,81,10.35
SUPER_14,20180000,126,7,12,145,51,75,23.105263
SUPER_14,20190000,95,9,5,109,50,45,6.285714
SUPER_14,20200000,12,1,0,13,7,5,1
SUPER_14,20210000,102,3,6,111,51,51,17.11111
SUPER_14,20220000,162,12,16,190,81,81,20.642857
SUPER_14,20230000,167,13,10,190,86,81,13.652174
SUPER_14,20240000,95,8,7,110,46,49,6.4666667
SUPER_14,20250000,181,11,14,206,100,81,35.56
SUPER_14,20260000,120,11,6,137,50,70,3.8235295
SUPER_14,20270000,156,11,8,175,80,76,8.789474
SUPER_14,20280000,0,0,0,0,0,0,0
SUPER_14,20290000,0,0,0,0,0,0,0
SUPER_14,20300000,114,8,7,129,60,54,11.733334
SUPER_14,20310000,22,3,3,28,13,9,41.166668
SUPER_14,20320000,56,2,9,67,29,27,3.4545455
SUPER_14,20330000,77,3,5,85,43,34,8.375
SUPER_14,20340000,47,4,6,57,25,22,22.5
SUPER_14,20350000,109,8,6,123,50,59,5.642857
SUPER_14,20360000,125,12,13,150,69,56,4.88
SUPER_14,20370000,8,0,1,9,2,6,1
SUPER_14,20380000,117,4,9,130,57,60,5.1538463
SUPER_14,20390000,161,14,9,184,76,85,5.521739
SUPER_14,20400000,125,12,5,142,63,62,10.3529415
SUPER_14,20410000,100,6,9,115,43,57,5.0666666
SUPER_14,20420000,116,12,7,135,60,56,8.105263
SUPER_14,20430000,211,10,18,239,101,110,11.892858
SUPER_14,20440000,50,3,6,59,25,25,68.888885
SUPER_14,20450000,0,0,0,0,0,0,0
SUPER_14,20460000,0,0,0,0,0,0,0
SUPER_14,20470000,3,0,0,3,2,1,NaN
SUPER_14,20480000,39,0,5,44,19,20,1.6
SUPER_14,20490000,27,0,2,29,17,10,23.5
SUPER_14,20500000,59,5,7,71,31,28,7.8333335
SUPER_14,20510000,3,0,1,4,1,2,1
SUPER_14,20520000,42,2,3,47,21,21,4.6
SUPER_14,20530000,127,19,6,152,65,62,6.64
SUPER_14,20540000,107,11,14,132,54,53,10.68
SUPER_14,20550000,91,5,8,104,44,47,10.615385
SUPER_14,20560000,158,14,9,181,79,79,7.4347825
SUPER_14,20570000,35,0,0,35,18,17,NaN
SUPER_14,20580000,21,2,1,24,10,11,1.3333334
SUPER_14,20590000,3,0,1,4,2,1,1
SUPER_14,20600000,0,0,0,0,0,0,0
SUPER_14,20610000,0,0,0,0,0,0,0
SUPER_14,20620000,2,0,1,3,2,0,2
SUPER_14,20630000,0,0,2,2,0,0,22.5
SUPER_14,20640000,39,2,6,47,19,20,6.75
SUPER_14,20650000,99,10,6,115,48,51,6.375
SUPER_14,20660000,2,0,0,2,0,2,NaN
SUPER_14,20670000,1,0,0,1,1,0,NaN
SUPER_14,20680000,76,9,8,93,40,36,4.4117646
SUPER_14,20690000,199,12,14,225,102,97,14.461538
SUPER_14,20700000,107,10,11,128,50,57,4.952381
SUPER_14,20710000,155,7,11,173,93,62,9.166667
SUPER_14,20720000,68,6,10,84,33,35,2.1875
SUPER_14,20730000,2,1,1,4,1,1,1.5
SUPER_14,20740000,1,0,0,1,1,0,NaN
SUPER_14,20750000,2,0,0,2,2,0,NaN
SUPER_14,20760000,1,0,0,1,1,0,NaN
SUPER_14,20770000,3,0,0,3,2,1,NaN
SUPER_14,20780000,3,0,0,3,0,3,NaN
SUPER_14,20790000,3,0,0,3,1,2,NaN
SUPER_14,20800000,1,0,0,1,1,0,NaN
SUPER_14,20810000,1,0,0,1,0,1,NaN
SUPER_14,20820000,1,0,0,1,1,0,NaN
SUPER_14,20830000,1,0,0,1,1,0,NaN
SUPER_14,20840000,9,0,1,10,3,6,5
SUPER_14,20850000,28,5,1,34,14,14,2.3333333
SUPER_14,20860000,31,1,1,33,18,13,5.5
SUPER_14,20870000,1,1,0,2,0,1,28
SUPER_14,20880000,23,1,1,25,12,11,1
SUPER_14,20890000,119,12,4,135,61,58,3.1875
SUPER_14,20900000,58,5,1,64,31,27,2.6666667
SUPER_14,20910000,99,9,11,119,43,56,6.4
SUPER_14,20920000,38,2,2,42,14,24,2.5
SUPER_14,20930000,166,3,7,176,87,79,5.1
SUPER_14,20940000,121,9,9,139,71,50,7.2777777
SUPER_14,20950000,133,11,9,153,73,60,74.65
SUPER_14,20960000,139,13,9,161,61,78,6.590909
SUPER_14,20970000,50,3,4,57,24,26,33.42857
SUPER_14,20980000,127,8,15,150,70,57,35.652172
SUPER_14,20990000,75,5,2,82,37,38,8.571428
SUPER_14,21000000,37,5,3,45,23,14,8.25
SUPER_14,21010000,46,1,5,52,27,19,21.166666
SUPER_14,21020000,81,7,7,95,40,41,7.928571
SUPER_14,21030000,118,7,11,136,69,49,7.3333335
SUPER_14,21040000,70,6,6,82,39,31,39.083332
SUPER_14,21050000,1,0,1,2,1,0,1
SUPER_14,21060000,24,1,3,28,17,7,3.5
SUPER_14,21070000,37,1,0,38,18,19,14
SUPER_14,21080000,66,6,3,75,35,31,9.222222
SUPER_14,21090000,123,6,9,138,55,68,9.8
SUPER_14,21100000,153,11,14,178,75,78,6.32
SUPER_14,21110000,107,7,8,122,52,55,6.866667
SUPER_14,21120000,139,18,7,164,68,71,9.6
SUPER_14,21130000,91,14,6,111,44,47,10.85
SUPER_14,21140000,77,7,3,87,46,31,8.1
SUPER_14,21150000,53,6,7,66,30,23,8.923077
SUPER_14,21160000,97,10,8,115,55,42,8.333333
SUPER_14,21170000,132,10,7,149,66,66,7.4117646
SUPER_14,21180000,91,11,7,109,46,45,6.6666665
SUPER_14,21190000,137,6,4,147,63,74,5.7
SUPER_14,21200000,3,0,1,4,1,2,1
SUPER_14,21210000,2,1,0,3,2,0,10
SUPER_14,21220000,1,0,0,1,1,0,NaN
SUPER_14,21230000,130,9,7,146,75,55,2
SUPER_14,21240000,132,15,7,154,70,62,7.2727275
SUPER_14,21250000,42,1,2,45,26,16,3
SUPER_14,21260000,141,9,9,159,65,76,4.9444447
SUPER_14,21270000,13,1,2,16,11,2,4.6666665
SUPER_14,21280000,123,11,13,147,66,57,11.125
SUPER_14,21290000,140,8,9,157,69,71,6.1764708
SUPER_14,21300000,91,6,5,102,50,41,10.545455
SUPER_14,21310000,133,11,11,155,54,79,16.40909
SUPER_14,21320000,125,14,8,147,57,68,2.8636363
SUPER_14,21330000,115,9,4,128,61,54,7.6923075
SUPER_14,21340000,135,8,14,157,80,55,4.7727275
SUPER_14,21350000,44,1,5,50,25,19,6
SUPER_14,21360000,0,0,0,0,0,0,0
SUPER_14,21370000,0,0,0,0,0,0,0
SUPER_14,21380000,2,0,0,2,1,1,NaN
SUPER_14,21390000,1,0,0,1,1,0,NaN
SUPER_14,21400000,58,3,10,71,29,29,3.4615386
SUPER_14,21410000,124,16,11,151,60,64,10.333333
SUPER_14,21420000,170,15,16,201,73,97,10.83871
SUPER_14,21430000,76,9,10,95,35,41,14.684211
SUPER_14,21440000,72,7,3,82,33,39,4.1
SUPER_14,21450000,1,0,1,2,0,1,36
SUPER_14,21460000,0,0,0,0,0,0,0
SUPER_14,21470000,0,0,0,0,0,0,0
SUPER_14,21480000,2,2,2,6,1,1,5
SUPER_14,21490000,2,1,0,3,0,2,3
SUPER_14,21500000,1,0,0,1,1,0,NaN
SUPER_14,21510000,2,0,0,2,0,2,NaN
SUPER_14,21520000,0,1,0,1,0,0,7
SUPER_14,21530000,2,0,0,2,0,2,NaN
SUPER_14,21540000,0,0,0,0,0,0,0
SUPER_14,21550000,0,0,0,0,0,0,0
SUPER_14,21560000,0,0,0,0,0,0,0
SUPER_14,21570000,11,5,2,18,7,4,1.2857143
SUPER_14,21580000,0,0,1,1,0,0,2
SUPER_14,21590000,1,2,2,5,1,0,3.75
SUPER_14,21600000,2,0,0,2,1,1,NaN
SUPER_14,21610000,2,0,0,2,1,1,NaN
SUPER_14,21620000,1,0,0,1,0,1,NaN
SUPER_14,21630000,1,0,0,1,1,0,NaN
SUPER_14,21640000,0,0,0,0,0,0,0
SUPER_14,21650000,0,0,0,0,0,0,0
SUPER_14,21660000,103,4,9,116,62,41,7.769231
SUPER_14,21670000,142,10,11,163,64,78,8.714286
SUPER_14,21680000,129,8,12,149,66,63,6.9
SUPER_14,21690000,82,3,5,90,38,44,6
SUPER_14,21700000,81,7,12,100,38,43,18.105263
SUPER_14,21710000,142,12,14,168,72,70,10.846154
SUPER_14,21720000,67,6,4,77,33,34,8
SUPER_14,21730000,127,14,9,150,69,58,19.043478
SUPER_14,21740000,101,7,5,113,57,44,22.916666
SUPER_14,21750000,18,2,1,21,9,9,3
SUPER_14,21760000,5,0,0,5,3,2,NaN
SUPER_14,21770000,7,0,0,7,3,4,NaN
SUPER_14,21780000,70,4,7,81,44,26,14
SUPER_14,21790000,125,4,11,140,54,71,5.4666667
SUPER_14,21800000,110,4,11,125,57,53,12.4
SUPER_14,21810000,130,10,9,149,71,59,4.9473686
SUPER_14,21820000,90,8,5,103,43,47,3.6923077
SUPER_14,21830000,188,13,11,212,100,88,7.9166665
SUPER_14,21840000,112,8,12,132,55,57,6.9
SUPER_14,21850000,148,11,4,163,78,70,2.4
SUPER_14,21860000,185,13,18,216,97,88,3.7741935
SUPER_14,21870000,86,9,3,98,40,46,7.9166665
SUPER_14,21880000,123,7,10,140,61,62,6.1764708
SUPER_14,21890000,111,12,6,129,63,48,11.388889
SUPER_14,21900000,253,11,12,276,130,123,4.2173915
SUPER_14,21910000,135,7,16,158,61,74,26.304348
SUPER_14,21920000,137,9,9,155,66,71,5.5
SUPER_14,21930000,73,2,3,78,29,44,5.6
SUPER_14,21940000,83,6,9,98,49,34,3.5333333
SUPER_14,21950000,136,8,9,153,70,66,14.705882
SUPER_14,21960000,115,5,8,128,70,45,14
SUPER_14,21970000,116,8,6,130,58,58,11.642858
SUPER_14,21980000,91,3,7,101,50,41,2.9
SUPER_14,21990000,61,4,3,68,25,36,1.5714285
SUPER_14,22000000,56,6,5,67,20,36,9.545455
SUPER_14,22010000,106,11,6,123,61,45,7.4117646
SUPER_14,22020000,54,7,4,65,30,24,7
SUPER_14,22030000,13,3,2,18,5,8,1.6
SUPER_14,22040000,130,11,12,153,63,67,20.26087
SUPER_14,22050000,78,5,9,92,37,41,24.857143
SUPER_14,22060000,141,18,14,173,77,64,6.09375
SUPER_14,22070000,60,7,2,69,28,32,10
SUPER_14,22080000,73,6,15,94,32,41,4.857143
SUPER_14,22090000,3,0,0,3,1,2,NaN
SUPER_14,22100000,0,2,2,4,0,0,91.25
SUPER_14,22110000,41,2,3,46,18,23,2.6
SUPER_14,22120000,0,0,0,0,0,0,0
SUPER_14,22130000,0,0,0,0,0,0,0
SUPER_14,22140000,123,7,13,143,56,67,3.85
SUPER_14,22150000,72,8,13,93,36,36,5.857143
SUPER_14,22160000,5,0,1,6,2,3,1
SUPER_14,22170000,0,0,0,0,0,0,0
SUPER_14,22180000,0,0,0,0,0,0,0
SUPER_14,22190000,4,1,0,5,2,2,1
SUPER_14,22200000,1,0,0,1,0,1,NaN
SUPER_14,22210000,1,0,0,1,1,0,NaN
SUPER_14,22220000,3,1,0,4,2,1,1
SUPER_14,22230000,122,7,8,137,61,61,6.733333
SUPER_14,22240000,121,3,5,129,70,51,8.25
SUPER_14,22250000,109,3,10,122,52,57,8.307693
SUPER_14,22260000,86,6,4,96,37,49,2.1
SUPER_14,22270000,46,9,6,61,17,29,10.733334
SUPER_14,22280000,73,4,13,90,37,36,6.7058825
SUPER_14,22290000,185,10,15,210,92,93,7.56
SUPER_14,22300000,123,12,10,145,44,79,14.363636
SUPER_14,22310000,65,4,4,73,38,27,1.75
SUPER_14,22320000,0,0,1,1,0,0,8
SUPER_14,22330000,1,0,1,2,1,0,2
SUPER_14,22340000,2,0,0,2,2,0,NaN
SUPER_14,22350000,1,0,1,2,1,0,2
SUPER_14,22360000,0,2,0,2,0,0,3.5
SUPER_14,22370000,128,12,9,149,66,62,6.3333335
SUPER_14,22380000,229,10,16,255,127,102,13.884615
SUPER_14,22390000,99,5,6,110,49,50,7.4545455
SUPER_14,22400000,154,15,11,180,84,70,11.576923
SUPER_14,22410000,118,6,3,127,64,54,6.111111
SUPER_14,22420000,169,13,12,194,78,91,11.84
SUPER_14,22430000,190,18,6,214,84,106,5.25
SUPER_14,22440000,52,4,6,62,25,27,10.1
SUPER_14,22450000,4,1,0,5,4,0,1
SUPER_14,22460000,4,1,0,5,1,3,11
SUPER_14,22470000,2,0,2,4,2,0,22.5
SUPER_14,22480000,2,0,0,2,1,1,NaN
SUPER_14,22490000,0,0,0,0,0,0,0
SUPER_14,22500000,0,0,0,0,0,0,0
SUPER_14,22510000,69,3,4,76,37,32,10.142858
SUPER_14,22520000,125,11,8,144,64,61,8.052631
SUPER_14,22530000,98,6,11,115,43,55,7.5882354
SUPER_14,22540000,55,5,6,66,25,30,17.727272
SUPER_14,22550000,120,9,9,138,59,61,3.2222223
SUPER_14,22560000,100,9,9,118,52,48,31.88889
SUPER_14,22570000,131,9,13,153,63,68,3.6363637
SUPER_14,22580000,186,14,19,219,92,94,31.666666
SUPER_14,22590000,96,6,5,107,43,53,10.272727
SUPER_14,22600000,1,0,0,1,0,1,NaN
SUPER_14,22610000,12,1,0,13,6,6,1
SUPER_14,22620000,1,0,0,1,1,0,NaN
SUPER_14,22630000,51,2,3,56,27,24,11.2
SUPER_14,22640000,112,9,10,131,48,64,79
SUPER_14,22650000,135,6,7,148,72,63,11.769231
SUPER_14,22660000,17,5,2,24,6,11,6.857143
SUPER_14,22670000,15,0,0,15,6,9,NaN
SUPER_14,22680000,55,3,2,60,31,24,1.8
SUPER_14,22690000,84,6,5,95,38,46,31.90909
SUPER_14,22700000,129,10,15,154,69,60,13.88
SUPER_14,22710000,51,4,5,60,27,24,5.6666665
SUPER_14,22720000,145,12,8,165,72,73,7.55
SUPER_14,22730000,156,9,16,181,71,85,5.12
SUPER_14,22740000,120,10,17,147,57,63,11.925926
SUPER_14,22750000,131,5,5,141,61,70,3.6
SUPER_14,22760000,157,7,7,171,82,75,5.357143
SUPER_14,22770000,16,0,0,16,12,4,NaN
SUPER_14,22780000,112,6,6,124,52,60,8.166667
SUPER_14,22790000,129,7,8,144,63,66,3.6666667
SUPER_14,22800000,159,9,8,176,73,86,4.2352943
SUPER_14,22810000,154,10,7,171,81,73,3.5294118
SUPER_14,22820000,86,5,6,97,42,44,6.6363635
SUPER_14,22830000,79,3,5,87,42,37,51.5
SUPER_14,22840000,145,13,11,169,72,73,4.4166665
SUPER_14,22850000,192,17,12,221,91,101,5.7586207
SUPER_14,22860000,175,19,8,202,76,99,7.037037
SUPER_14,22870000,86,6,6,98,45,41,11.583333
SUPER_14,22880000,167,11,11,189,92,75,36.5
SUPER_14,22890000,91,5,6,102,46,45,12.090909
SUPER_14,22900000,0,0,0,0,0,0,0
SUPER_14,22910000,0,0,0,0,0,0,0
SUPER_14,22920000,123,7,13,143,54,69,3.85
SUPER_14,22930000,91,10,5,106,43,48,3.9333334
SUPER_14,22940000,192,14,21,227,100,92,7.9142857
SUPER_14,22950000,128,14,9,151,61,67,12.26087
SUPER_14,22960000,116,13,7,136,62,54,6.7
SUPER_14,22970000,36,1,2,39,15,21,1.6666666
SUPER_14,22980000,2,0,0,2,1,1,NaN
SUPER_14,22990000,82,6,5,93,35,47,6.818182
SUPER_14,23000000,109,9,11,129,55,54,9.05
SUPER_14,23010000,64,5,4,73,30,34,12.222222
SUPER_14,23020000,82,4,10,96,42,40,4.857143
SUPER_14,23030000,118,10,10,138,54,64,7.85
SUPER_14,23040000,127,11,7,145,58,69,7.2222223
SUPER_14,23050000,1,2,0,3,1,0,1
SUPER_14,23060000,121,11,11,143,64,57,6
SUPER_14,23070000,121,16,21,158,60,61,10.918919
SUPER_14,23080000,151,12,7,170,74,77,30.947369
SUPER_14,23090000,61,6,9,76,31,30,6.6
SUPER_14,23100000,121,8,11,140,61,60,7.263158
SUPER_14,23110000,123,5,13,141,63,60,14.722222
SUPER_14,23120000,2,1,0,3,1,1,20
SUPER_14,23130000,35,4,4,43,19,16,6.125
SUPER_14,23140000,78,4,4,86,32,46,7.25
SUPER_14,23150000,0,0,0,0,0,0,0
SUPER_14,23160000,0,0,0,0,0,0,0
SUPER_14,23170000,0,0,0,0,0,0,0
SUPER_14,23180000,0,0,0,0,0,0,0
SUPER_14,23190000,0,0,0,0,0,0,0
SUPER_14,23200000,0,0,0,0,0,0,0
SUPER_14,23210000,0,0,0,0,0,0,0
SUPER_14,23220000,0,0,0,0,0,0,0
SUPER_14,23230000,151,9,4,164,81,69,2.3076923
SUPER_14,23240000,0,0,0,0,0,0,0
SUPER_14,23250000,0,0,0,0,0,0,0
SUPER_14,23260000,0,0,0,0,0,0,0
SUPER_14,23270000,0,0,0,0,0,0,0
SUPER_14,23280000,0,0,0,0,0,0,0
SUPER_14,23290000,0,0,0,0,0,0,0
SUPER_14,23300000,4,1,1,6,1,3,1.5
SUPER_14,23310000,0,1,0,1,0,0,1
SUPER_14,23320000,0,0,0,0,0,0,0
SUPER_14,23330000,0,0,0,0,0,0,0
SUPER_14,23340000,0,0,0,0,0,0,0
SUPER_14,23350000,0,0,0,0,0,0,0
SUPER_14,23360000,0,0,0,0,0,0,0
SUPER_14,23370000,0,0,0,0,0,0,0
SUPER_14,23380000,64,3,1,68,32,32,1.25
SUPER_14,23390000,150,14,8,172,79,71,4.7272725
SUPER_14,23400000,156,6,16,178,77,79,19.5
SUPER_14,23410000,19,0,1,20,11,8,8
SUPER_14,23420000,50,4,5,59,27,23,2.1111112
SUPER_14,23430000,38,4,4,46,18,20,27.875
SUPER_14,23440000,26,2,0,28,12,14,1
SUPER_14,23450000,90,6,3,99,49,41,5.7777777
SUPER_14,23460000,10,3,2,15,5,5,9.4
SUPER_14,23470000,64,5,7,76,30,34,8.583333
SUPER_14,23480000,19,1,1,21,7,12,12.5
SUPER_14,23490000,74,4,6,84,37,37,6.1
SUPER_14,23500000,127,7,4,138,71,56,6
SUPER_14,23510000,129,7,12,148,73,56,4.105263
SUPER_14,23520000,0,0,0,0,0,0,0
SUPER_14,23530000,0,0,0,0,0,0,0
SUPER_14,23540000,188,16,9,213,99,89,5.2
SUPER_14,23550000,20,3,3,26,8,12,1.6666666
SUPER_14,23560000,76,9,6,91,45,31,6.733333
SUPER_14,23570000,75,9,6,90,38,37,4.8
SUPER_14,23580000,55,3,4,62,30,25,4.142857
SUPER_14,23590000,40,2,4,46,23,17,3
SUPER_14,23600000,92,8,3,103,47,45,2.4545455
SUPER_14,23610000,0,0,0,0,0,0,0
SUPER_14,23620000,0,0,0,0,0,0,0
SUPER_14,23630000,171,15,17,203,76,95,21.125
SUPER_14,23640000,48,3,3,54,18,30,7
SUPER_14,23650000,2,0,0,2,1,1,NaN
SUPER_14,23660000,1,0,0,1,1,0,NaN
SUPER_14,23670000,29,4,2,35,14,15,11.666667
SUPER_14,23680000,0,0,0,0,0,0,0
SUPER_14,23690000,0,0,0,0,0,0,0
SUPER_14,23700000,122,7,6,135,58,64,4.6153846
SUPER_14,23710000,104,3,11,118,51,53,9.142858
SUPER_14,23720000,53,4,4,61,26,27,4.375
SUPER_14,23730000,0,0,0,0,0,0,0
SUPER_14,23740000,0,0,0,0,0,0,0
SUPER_14,23750000,0,0,0,0,0,0,0
SUPER_14,23760000,132,12,7,151,70,62,12.947369
SUPER_14,23770000,108,9,8,125,54,54,2.9411764
SUPER_14,23780000,126,4,5,135,48,78,8.555555
SUPER_14,23790000,61,5,5,71,35,26,31.6
SUPER_14,23800000,88,8,3,99,45,43,11.181818
SUPER_14,23810000,147,10,6,163,84,63,8.75
SUPER_14,23820000,14,3,2,19,8,6,6
SUPER_14,23830000,94,6,6,106,46,48,9.083333
SUPER_14,23840000,91,3,8,102,59,32,8.363636
SUPER_14,23850000,117,7,7,131,65,52,35.07143
SUPER_14,23860000,30,6,2,38,16,14,8.125
SUPER_14,23870000,82,2,14,98,41,41,7.3125
SUPER_14,23880000,61,7,5,73,26,35,7.3333335
SUPER_14,23890000,108,10,9,127,65,43,5.6842103
SUPER_14,23900000,61,5,9,75,36,25,16.785715
SUPER_14,23910000,69,9,8,86,24,45,8.058824
SUPER_14,23920000,51,3,4,58,18,33,28.571428
SUPER_14,23930000,72,4,13,89,40,32,6.529412
SUPER_14,23940000,54,1,7,62,37,17,5.125
SUPER_14,23950000,69,5,1,75,35,34,4.3333335
SUPER_14,23960000,111,7,14,132,71,40,11.666667
SUPER_14,23970000,101,11,8,120,51,50,10.789474
SUPER_14,23980000,53,6,5,64,32,21,2.5454545
SUPER_14,23990000,38,4,2,44,18,20,3.6666667
SUPER_14,24000000,155,9,17,181,74,81,7.8846154
SUPER_14,24010000,154,9,5,168,78,76,7.071429
SUPER_14,24020000,67,4,4,75,37,30,48.875
SUPER_14,24030000,24,2,5,31,13,11,13.285714
SUPER_14,24040000,60,1,4,65,21,39,4.8
SUPER_14,24050000,8,2,2,12,4,4,6.5
SUPER_14,24060000,75,5,7,87,38,37,5.25
SUPER_14,24070000,110,11,9,130,60,50,7.35
SUPER_14,24080000,58,4,6,68,30,28,9.3
SUPER_14,24090000,99,8,3,110,51,48,5.090909
SUPER_14,24100000,91,6,9,106,50,41,7.5333333
SUPER_14,24110000,106,8,7,121,57,49,7.6666665
SUPER_14,24120000,5,0,0,5,2,3,NaN
SUPER_14,24130000,80,13,6,99,35,45,12.631579
SUPER_14,24140000,50,6,3,59,28,22,3.2222223
SUPER_14,24150000,91,8,3,102,40,51,7.4545455
SUPER_14,24160000,91,7,9,107,51,40,28.4375
SUPER_14,24170000,88,3,4,95,51,37,13.285714
SUPER_14,24180000,78,6,2,86,43,35,5.375
SUPER_14,24190000,58,7,12,77,35,23,2.9473684
SUPER_14,24200000,98,10,7,115,53,45,6.352941
SUPER_14,24210000,76,4,11,91,34,42,6.4666667
SUPER_14,24220000,125,12,13,150,61,64,5.48
SUPER_14,24230000,32,5,2,39,14,18,9.142858
SUPER_14,24240000,150,8,17,175,71,79,2.52
SUPER_14,24250000,114,8,5,127,59,55,4.769231
SUPER_14,24260000,47,4,3,54,17,30,8.285714
SUPER_14,24270000,3,0,0,3,2,1,NaN
SUPER_14,24280000,2,0,0,2,0,2,NaN
SUPER_14,24290000,2,1,0,3,1,1,1
SUPER_14,24300000,30,4,7,41,14,16,14.909091
SUPER_14,24310000,121,6,8,135,59,62,7.285714
SUPER_14,24320000,110,6,14,130,58,52,10
SUPER_14,24330000,121,5,5,131,66,55,5.3
SUPER_14,24340000,96,7,6,109,46,50,6.3076925
SUPER_14,24350000,80,8,4,92,40,40,5.5
SUPER_14,24360000,106,5,10,121,61,45,9.733334
SUPER_14,24370000,143,11,9,163,74,69,12.5
SUPER_14,24380000,21,2,0,23,9,12,36
SUPER_14,24390000,5,1,0,6,3,2,4
SUPER_14,24400000,2,0,0,2,1,1,NaN
SUPER_14,24410000,21,2,1,24,12,9,1.6666666
SUPER_14,24420000,0,0,0,0,0,0,0
SUPER_14,24430000,0,0,0,0,0,0,0
SUPER_14,24440000,6,0,0,6,4,2,NaN
SUPER_14,24450000,113,12,4,129,52,61,8.6875
SUPER_14,24460000,80,3,7,90,44,36,4.8
SUPER_14,24470000,134,12,12,158,56,78,18.541666
SUPER_14,24480000,85,3,7,95,45,40,5.4
SUPER_14,24490000,60,11,11,82,26,34,4.2272725
SUPER_14,24500000,138,12,20,170,78,60,5.34375
SUPER_14,24510000,93,7,5,105,45,48,9.083333
SUPER_14,24520000,143,9,20,172,68,75,3.8275862
SUPER_14,24530000,140,10,15,165,64,76,8.8
SUPER_14,24540000,170,15,11,196,77,93,11.230769
SUPER_14,24550000,87,7,5,99,50,37,8.916667
SUPER_14,24560000,42,0,4,46,24,18,13.5
SUPER_14,24570000,157,16,10,183,74,83,4.6153846
SUPER_14,24580000,92,10,6,108,47,45,4.3125
SUPER_14,24590000,105,10,9,124,56,49,13.105263
SUPER_14,24600000,102,5,8,115,49,53,58.46154
SUPER_14,24610000,57,3,3,63,37,20,4
SUPER_14,24620000,99,1,5,105,69,30,2.5
SUPER_14,24630000,139,5,7,151,73,66,17.5
SUPER_14,24640000,172,15,14,201,92,80,8.931034
SUPER_14,24650000,104,6,10,120,56,48,4.4375
SUPER_14,24660000,91,6,9,106,50,41,2.1333334
SUPER_14,24670000,54,3,4,61,28,26,26.428572
SUPER_14,24680000,154,15,10,179,80,74,4.84
SUPER_14,24690000,103,8,9,120,46,57,5
SUPER_14,24700000,155,17,13,185,87,68,12.9
SUPER_14,24710000,129,13,15,157,66,63,15.678572
SUPER_14,24720000,198,15,13,226,99,99,3.9642856
SUPER_14,24730000,73,7,5,85,40,33,2.5
SUPER_14,24740000,93,9,9,111,54,39,5.2222223
SUPER_14,24750000,36,2,0,38,13,23,4
SUPER_14,24760000,2,1,2,5,0,2,1.3333334
SUPER_14,24770000,3,0,0,3,1,2,NaN
SUPER_14,24780000,83,4,10,97,39,44,23.285715
SUPER_14,24790000,74,3,6,83,32,42,6
SUPER_14,24800000,31,1,3,35,16,15,1.5
SUPER_14,24810000,131,5,8,144,65,66,9.076923
SUPER_14,24820000,115,8,4,127,62,53,3.1666667
SUPER_14,24830000,98,7,10,115,47,51,44.47059
SUPER_14,24840000,115,4,7,126,59,56,4.2727275
SUPER_14,24850000,140,11,5,156,70,70,4.875
SUPER_14,24860000,121,9,11,141,57,64,3.8
SUPER_14,24870000,113,12,9,134,60,53,8.285714
SUPER_14,24880000,64,2,4,70,40,24,9.5
SUPER_14,24890000,121,9,8,138,54,67,10.3529415
SUPER_14,24900000,195,16,9,220,103,92,5.36
SUPER_14,24910000,69,2,4,75,39,30,3.3333333
SUPER_14,24920000,89,7,8,104,39,50,6.4
SUPER_14,24930000,66,6,9,81,31,35,43.8
SUPER_14,24940000,150,13,10,173,76,74,3.7391305
SUPER_14,24950000,161,14,11,186,86,75,19.12
SUPER_14,24960000,88,8,9,105,44,44,4.7647057
SUPER_14,24970000,151,12,14,177,76,75,7.769231
SUPER_14,24980000,101,7,9,117,54,47,7.25
SUPER_14,24990000,128,10,14,152,72,56,8.333333
SUPER_14,25000000,30,7,4,41,17,13,2.7272727
SUPER_14,25010000,115,11,9,135,46,69,4.2
SUPER_14,25020000,110,7,13,130,56,54,10.1
SUPER_14,25030000,19,4,0,23,6,13,3
SUPER_14,25040000,103,12,10,125,54,49,5.090909
SUPER_14,25050000,99,14,10,123,48,51,4.25
SUPER_14,25060000,95,5,5,105,59,36,3.8
SUPER_14,25070000,63,4,13,80,34,29,5.8235292
SUPER_14,25080000,160,10,10,180,87,73,10.3
SUPER_14,25090000,108,9,4,121,68,40,7.230769
SUPER_14,25100000,46,4,3,53,22,24,4.428571
SUPER_14,25110000,174,13,13,200,102,72,7.4615383
SUPER_14,25120000,168,17,11,196,81,87,7.607143
SUPER_14,25130000,76,4,2,82,38,38,6.5
SUPER_14,25140000,136,8,9,153,74,62,6.4117646
SUPER_14,25150000,224,12,17,253,117,107,4.3448277
SUPER_14,25160000,21,2,1,24,12,9,1.6666666
SUPER_14,25170000,42,1,5,48,21,21,40
SUPER_14,25180000,136,7,14,157,67,69,6
SUPER_14,25190000,49,4,5,58,24,25,5.5555553
SUPER_14,25200000,1,1,0,2,0,1,6
SUPER_14,25210000,73,5,10,88,36,37,10.933333
SUPER_14,25220000,198,13,14,225,97,101,5.3703704
SUPER_14,25230000,51,4,4,59,25,26,1.625
SUPER_14,25240000,154,10,9,173,75,79,3.7368422
SUPER_14,25250000,156,16,9,181,69,87,4.48
SUPER_14,25260000,32,0,2,34,17,15,1.5
SUPER_14,25270000,1,1,0,2,1,0,2
SUPER_14,25280000,100,3,5,108,59,41,4.625
SUPER_14,25290000,134,3,12,149,71,63,4.4666667
SUPER_14,25300000,70,6,3,79,35,35,2.6666667
SUPER_14,25310000,67,3,8,78,35,32,4.090909
SUPER_14,25320000,113,8,9,130,57,56,5
SUPER_14,25330000,102,6,11,119,57,45,4.9411764
SUPER_14,25340000,147,12,10,169,68,79,4.2272725
SUPER_14,25350000,179,8,17,204,91,88,7.92
SUPER_14,25360000,114,12,10,136,52,62,10.5
SUPER_14,25370000,90,7,8,105,46,44,6.266667
SUPER_14,25380000,142,5,12,159,60,82,6.9411764
SUPER_14,25390000,99,3,3,105,48,51,3.5
SUPER_14,25400000,89,7,7,103,42,47,8.857142
SUPER_14,25410000,70,12,5,87,35,35,4.647059
SUPER_14,25420000,147,10,12,169,72,75,45.772728
SUPER_14,25430000,103,6,3,112,56,47,8.222222
SUPER_14,25440000,0,0,0,0,0,0,0
SUPER_14,25450000,0,0,0,0,0,0,0
SUPER_14,25460000,137,15,7,159,75,62,4.681818
SUPER_14,25470000,107,9,6,122,64,43,9.066667
SUPER_14,25480000,98,11,17,126,53,45,11.214286
SUPER_14,25490000,209,21,14,244,111,98,20.714285
SUPER_14,25500000,144,9,10,163,77,67,12.736842
SUPER_14,25510000,107,8,12,127,56,51,7.05
SUPER_14,25520000,174,6,19,199,91,83,13.8
SUPER_14,25530000,72,4,2,78,27,45,1.8333334
SUPER_14,25540000,3,1,1,5,2,1,6
SUPER_14,25550000,5,0,1,6,4,1,1
SUPER_14,25560000,3,2,0,5,2,1,2
SUPER_14,25570000,1,1,0,2,1,0,2
SUPER_14,25580000,2,0,0,2,1,1,NaN
SUPER_14,25590000,133,4,9,146,68,65,7.769231
SUPER_14,25600000,144,10,13,167,65,79,7.347826
SUPER_14,25610000,206,14,13,233,116,90,16.185184
SUPER_14,25620000,124,11,12,147,56,68,5.304348
SUPER_14,25630000,109,10,11,130,57,52,25
SUPER_14,25640000,122,12,15,149,54,68,2.8148148
SUPER_14,25650000,74,9,7,90,40,34,19.5625
SUPER_14,25660000,99,7,11,117,48,51,5.888889
SUPER_14,25670000,185,17,10,212,97,88,3.9629629
SUPER_14,25680000,88,6,10,104,46,42,6.75
SUPER_14,25690000,1,0,0,1,0,1,NaN
SUPER_14,25700000,0,0,0,0,0,0,0
SUPER_14,25710000,0,0,0,0,0,0,0
SUPER_14,25720000,9,2,0,11,5,4,10
SUPER_14,25730000,3,1,0,4,3,0,4
SUPER_14,25740000,1,0,0,1,0,1,NaN
SUPER_14,25750000,1,0,1,2,0,1,1
SUPER_14,25760000,2,1,0,3,2,0,34
SUPER_14,25770000,121,4,11,136,55,66,12.533334
SUPER_14,25780000,155,12,12,179,74,81,3.7916667
SUPER_14,25790000,148,10,13,171,73,75,5.304348
SUPER_14,25800000,113,6,15,134,50,63,7.4761906
SUPER_14,25810000,101,6,11,118,48,53,6.2941175
SUPER_14,25820000,154,12,11,177,71,83,4.3913045
SUPER_14,25830000,0,0,0,0,0,0,0
SUPER_14,25840000,0,0,0,0,0,0,0
SUPER_14,25850000,12,1,1,14,5,7,1.5
SUPER_14,25860000,1,0,0,1,1,0,NaN
SUPER_14,25870000,1,0,0,1,0,1,NaN
SUPER_14,25880000,2,1,0,3,0,2,1
SUPER_14,25890000,1,1,2,4,1,0,4.6666665
SUPER_14,25900000,2,0,0,2,1,1,NaN
SUPER_14,25910000,22,4,3,29,7,15,8.285714
SUPER_14,25920000,89,11,7,107,42,47,9.166667
SUPER_14,25930000,4,1,0,5,2,2,1
SUPER_14,25940000,8,0,3,11,3,5,1.6666666
SUPER_14,25950000,0,0,0,0,0,0,0
SUPER_14,25960000,0,0,0,0,0,0,0
SUPER_14,25970000,0,0,0,0,0,0,0
SUPER_14,25980000,0,0,0,0,0,0,0
SUPER_14,25990000,0,0,0,0,0,0,0
SUPER_14,26000000,8,1,0,9,2,6,2
SUPER_14,26010000,2,0,0,2,1,1,NaN
SUPER_14,26020000,1,0,0,1,0,1,NaN
SUPER_14,26030000,2,0,0,2,0,2,NaN
SUPER_14,26040000,1,0,0,1,1,0,NaN
SUPER_14,26050000,106,8,2,116,60,46,7.2
SUPER_14,26060000,74,4,2,80,35,39,6.8333335
SUPER_14,26070000,95,4,11,110,48,47,4.6
SUPER_14,26080000,48,3,2,53,26,22,1.8
SUPER_14,26090000,114,10,17,141,55,59,5.814815
SUPER_14,26100000,119,10,4,133,68,51,3.0714285
SUPER_14,26110000,37,2,1,40,21,16,9.666667
SUPER_14,26120000,158,12,17,187,83,75,11.206897
SUPER_14,26130000,126,6,9,141,71,55,22.8
SUPER_14,26140000,103,7,3,113,51,52,8.2
SUPER_14,26150000,110,10,7,127,51,59,17
SUPER_14,26160000,95,9,6,110,61,34,7.9333334
SUPER_14,26170000,179,13,11,203,92,87,12.958333
SUPER_14,26180000,86,7,6,99,47,39,3.3846154
SUPER_14,26190000,115,11,15,141,50,65,8.5
SUPER_14,26200000,126,7,17,150,62,64,15.458333
SUPER_14,26210000,73,9,3,85,31,42,4.5833335
SUPER_14,26220000,109,8,4,121,43,66,2.5
SUPER_14,26230000,155,15,6,176,89,66,8.571428
SUPER_14,26240000,76,6,15,97,37,39,10.666667
SUPER_14,26250000,145,17,13,175,78,67,5.8333335
SUPER_14,26260000,138,12,9,159,76,62,7.714286
SUPER_14,26270000,130,11,10,151,52,78,2.7619047
SUPER_14,26280000,158,8,15,181,89,69,6.4347825
SUPER_14,26290000,105,7,10,122,49,56,4
SUPER_14,26300000,167,11,7,185,77,90,4.3333335
SUPER_14,26310000,144,15,13,172,60,84,20.357143
SUPER_14,26320000,133,10,15,158,61,72,5.92
SUPER_14,26330000,100,13,11,124,46,54,20.333334
SUPER_14,26340000,76,8,9,93,41,35,10.294118
SUPER_14,26350000,99,14,14,127,56,43,18.821428
SUPER_14,26360000,169,9,13,191,99,70,4.5
SUPER_14,26370000,80,8,10,98,44,36,5.9444447
SUPER_14,26380000,97,3,9,109,45,52,5.3333335
SUPER_14,26390000,11,0,1,12,5,6,2
SUPER_14,26400000,15,1,3,19,8,7,5.5
SUPER_14,26410000,88,5,3,96,46,42,1.875
SUPER_14,26420000,13,3,0,16,6,7,2.6666667
SUPER_14,26430000,91,10,8,109,36,55,15.055555
SUPER_14,26440000,128,8,12,148,61,67,6.2
SUPER_14,26450000,166,15,5,186,93,73,5.8
SUPER_14,26460000,125,10,5,140,63,62,29.866667
SUPER_14,26470000,164,4,12,180,95,69,7.1875
SUPER_14,26480000,23,0,4,27,14,9,26.5
SUPER_14,26490000,38,4,2,44,12,26,2.5
SUPER_14,26500000,1,0,0,1,0,1,NaN
SUPER_14,26510000,0,0,0,0,0,0,0
SUPER_14,26520000,0,0,0,0,0,0,0
SUPER_14,26530000,2,1,1,4,1,1,8
SUPER_14,26540000,0,1,0,1,0,0,1
SUPER_14,26550000,2,0,0,2,1,1,NaN
SUPER_14,26560000,2,0,0,2,1,1,NaN
SUPER_14,26570000,1,0,1,2,1,0,8
SUPER_14,26580000,2,1,0,3,1,1,2
SUPER_14,26590000,0,1,1,2,0,0,5.5
SUPER_14,26600000,3,0,0,3,2,1,NaN
SUPER_14,26610000,2,0,1,3,1,1,2
SUPER_14,26620000,62,3,2,67,36,26,5
SUPER_14,26630000,116,7,9,132,48,68,10.125
SUPER_14,26640000,76,3,4,83,34,42,2
SUPER_14,26650000,51,4,4,59,21,30,9.5
SUPER_14,26660000,20,1,1,22,12,8,22.5
SUPER_14,26670000,5,3,0,8,3,2,7
SUPER_14,26680000,4,0,0,4,2,2,NaN
SUPER_14,26690000,8,0,1,9,5,3,1
SUPER_14,26700000,3,1,1,5,1,2,2.5
SUPER_14,26710000,1,1,2,4,1,0,1
SUPER_14,26720000,16,0,3,19,10,6,3
SUPER_14,26730000,23,1,4,28,11,12,2
SUPER_14,26740000,3,0,1,4,1,2,12
SUPER_14,26750000,2,0,0,2,1,1,NaN
SUPER_14,26760000,0,2,0,2,0,0,2.5
SUPER_14,26770000,0,0,0,0,0,0,0
SUPER_14,26780000,0,0,0,0,0,0,0
SUPER_14,26790000,42,4,1,47,21,21,6.6
SUPER_14,26800000,110,5,8,123,68,42,4.5384617
SUPER_14,26810000,109,5,7,121,50,59,4.8333335
SUPER_14,26820000,139,17,12,168,74,65,5
SUPER_14,26830000,159,12,10,181,82,77,6.318182
SUPER_14,26840000,136,7,13,156,77,59,30.05
SUPER_14,26850000,136,9,8,153,78,58,6
SUPER_14,26860000,164,12,10,186,99,65,3.5454545
SUPER_14,26870000,60,6,8,74,35,25,10.857142
SUPER_14,26880000,106,7,11,124,53,53,15.277778
SUPER_14,26890000,25,1,2,28,14,11,1.3333334
SUPER_14,26900000,117,9,8,134,63,54,13.882353
SUPER_14,26910000,139,9,13,161,74,65,5.590909
SUPER_14,26920000,85,8,11,104,48,37,11.947369
SUPER_14,26930000,88,6,5,99,42,46,6.3636365
SUPER_14,26940000,24,2,3,29,9,15,25
SUPER_14,26950000,111,9,7,127,68,43,10.4375
SUPER_14,26960000,165,11,16,192,79,86,6.5555553
SUPER_14,26970000,110,6,11,127,57,53,5.4117646
SUPER_14,26980000,56,3,5,64,25,31,22.625
SUPER_14,26990000,57,3,4,64,30,27,7.571429
SUPER_14,27000000,41,4,9,54,19,22,20.615385
SUPER_14,27010000,114,11,12,137,54,60,26.47826
SUPER_14,27020000,158,13,15,186,76,82,8.392858
SUPER_14,27030000,103,5,7,115,50,53,3.75
SUPER_14,27040000,90,7,5,102,39,51,2.75
SUPER_14,27050000,60,7,2,69,33,27,8.444445
SUPER_14,27060000,59,1,7,67,34,25,19.75
SUPER_14,27070000,158,12,10,180,79,79,4.7272725
SUPER_14,27080000,75,6,10,91,32,43,5
SUPER_14,27090000,36,5,5,46,17,19,4
SUPER_14,27100000,7,11,4,22,2,5,1.5333333
SUPER_14,27110000,2,0,1,3,1,1,2
SUPER_14,27120000,1,0,1,2,1,0,22
SUPER_14,27130000,63,3,9,75,31,32,4.4166665
SUPER_14,27140000,28,0,2,30,13,15,5.5
SUPER_14,27150000,76,7,5,88,31,45,3.1666667
SUPER_14,27160000,155,13,16,184,79,76,7
SUPER_14,27170000,122,21,11,154,55,67,5.21875
SUPER_14,27180000,3,1,0,4,1,2,6
SUPER_14,27190000,155,16,22,193,79,76,6.5263157
SUPER_14,27200000,96,12,9,117,45,51,24.428572
SUPER_14,27210000,75,6,3,84,42,33,10
SUPER_14,27220000,1,0,0,1,1,0,NaN
SUPER_14,27230000,3,0,0,3,3,0,NaN
SUPER_14,27240000,3,1,0,4,1,2,1
SUPER_14,27250000,22,7,11,40,11,11,23.777779
SUPER_14,27260000,8,1,1,10,4,4,1.5
SUPER_14,27270000,0,0,0,0,0,0,0
SUPER_14,27280000,0,0,0,0,0,0,0
SUPER_14,27290000,0,0,0,0,0,0,0
SUPER_14,27300000,0,0,0,0,0,0,0
SUPER_14,27310000,0,0,0,0,0,0,0
SUPER_14,27320000,0,0,0,0,0,0,0
SUPER_14,27330000,0,0,0,0,0,0,0
SUPER_14,27340000,0,0,0,0,0,0,0
SUPER_14,27350000,0,0,0,0,0,0,0
SUPER_14,27360000,0,0,0,0,0,0,0
SUPER_14,27370000,0,0,0,0,0,0,0
SUPER_14,27380000,0,0,0,0,0,0,0
SUPER_14,27390000,0,0,0,0,0,0,0
SUPER_14,27400000,0,0,0,0,0,0,0
SUPER_14,27410000,0,0,0,0,0,0,0
SUPER_14,27420000,0,0,0,0,0,0,0
SUPER_14,27430000,0,0,0,0,0,0,0
SUPER_14,27440000,0,0,0,0,0,0,0
SUPER_14,27450000,0,0,0,0,0,0,0
SUPER_14,27460000,0,0,0,0,0,0,0
SUPER_14,27470000,0,0,0,0,0,0,0
SUPER_14,27480000,0,0,0,0,0,0,0
SUPER_14,27490000,0,0,0,0,0,0,0
SUPER_14,27500000,0,0,0,0,0,0,0
SUPER_14,27510000,0,0,0,0,0,0,0
SUPER_14,27520000,0,0,0,0,0,0,0
SUPER_14,27530000,0,0,0,0,0,0,0
SUPER_14,27540000,0,0,0,0,0,0,0
SUPER_14,27550000,0,0,0,0,0,0,0
SUPER_14,27560000,0,0,0,0,0,0,0
SUPER_14,27570000,0,0,0,0,0,0,0
SUPER_14,27580000,0,0,0,0,0,0,0
SUPER_14,27590000,0,0,0,0,0,0,0
SUPER_14,27600000,1,4,3,8,0,1,1
SUPER_14,27610000,0,0,0,0,0,0,0
SUPER_14,27620000,0,0,0,0,0,0,0
SUPER_14,27630000,0,0,0,0,0,0,0
SUPER_14,27640000,0,0,0,0,0,0,0
SUPER_14,27650000,0,0,0,0,0,0,0
SUPER_14,27660000,0,0,0,0,0,0,0
SUPER_14,27670000,0,0,0,0,0,0,0
SUPER_14,27680000,0,0,0,0,0,0,0
SUPER_14,27690000,0,0,0,0,0,0,0
SUPER_14,27700000,0,0,0,0,0,0,0
SUPER_14,27710000,0,0,0,0,0,0,0
SUPER_14,27720000,0,0,0,0,0,0,0
SUPER_14,27730000,0,0,0,0,0,0,0
SUPER_14,27740000,0,0,0,0,0,0,0
SUPER_14,27750000,0,0,0,0,0,0,0
SUPER_14,27760000,0,0,0,0,0,0,0
SUPER_14,27770000,0,0,0,0,0,0,0
SUPER_14,27780000,0,0,0,0,0,0,0
SUPER_14,27790000,0,0,0,0,0,0,0
SUPER_14,27800000,0,0,0,0,0,0,0
SUPER_14,27810000,0,0,0,0,0,0,0
SUPER_14,27820000,0,0,0,0,0,0,0
SUPER_14,27830000,0,0,0,0,0,0,0
SUPER_14,27840000,0,0,0,0,0,0,0
SUPER_14,27850000,0,0,0,0,0,0,0
SUPER_14,27860000,0,0,0,0,0,0,0
SUPER_14,27870000,0,0,0,0,0,0,0
SUPER_14,27880000,0,0,0,0,0,0,0
SUPER_14,27890000,0,0,0,0,0,0,0
SUPER_14,27900000,0,0,0,0,0,0,0
SUPER_14,27910000,0,0,0,0,0,0,0
SUPER_14,27920000,0,0,0,0,0,0,0
SUPER_14,27930000,0,0,0,0,0,0,0
SUPER_14,27940000,0,0,0,0,0,0,0
SUPER_14,27950000,0,0,0,0,0,0,0
SUPER_14,27960000,0,0,0,0,0,0,0
SUPER_14,27970000,0,0,0,0,0,0,0
SUPER_14,27980000,0,0,0,0,0,0,0
SUPER_14,27990000,0,0,0,0,0,0,0
SUPER_14,28000000,40,4,6,50,25,15,7.4
SUPER_14,28010000,0,0,0,0,0,0,0
SUPER_14,28020000,0,0,0,0,0,0,0
SUPER_14,28030000,0,0,0,0,0,0,0
SUPER_14,28040000,0,0,0,0,0,0,0
SUPER_14,28050000,0,0,0,0,0,0,0
SUPER_14,28060000,0,0,0,0,0,0,0
SUPER_14,28070000,0,0,0,0,0,0,0
SUPER_14,28080000,0,0,0,0,0,0,0
SUPER_14,28090000,0,0,0,0,0,0,0
SUPER_14,28100000,0,0,0,0,0,0,0
SUPER_14,28110000,0,0,0,0,0,0,0
SUPER_14,28120000,0,0,0,0,0,0,0
SUPER_14,28130000,0,0,0,0,0,0,0
SUPER_14,28140000,0,0,0,0,0,0,0
SUPER_14,28150000,0,0,0,0,0,0,0
SUPER_14,28160000,0,0,0,0,0,0,0
SUPER_14,28170000,0,0,0,0,0,0,0
SUPER_14,28180000,0,0,0,0,0,0,0
SUPER_14,28190000,0,0,0,0,0,0,0
SUPER_14,28200000,0,0,0,0,0,0,0
SUPER_14,28210000,0,0,0,0,0,0,0
SUPER_14,28220000,0,0,0,0,0,0,0
SUPER_14,28230000,0,0,0,0,0,0,0
SUPER_14,28240000,0,0,0,0,0,0,0
SUPER_14,28250000,0,0,0,0,0,0,0
SUPER_14,28260000,0,0,0,0,0,0,0
SUPER_14,28270000,0,0,0,0,0,0,0
SUPER_14,28280000,0,0,0,0,0,0,0
SUPER_14,28290000,0,0,0,0,0,0,0
SUPER_14,28300000,0,0,0,0,0,0,0
SUPER_14,28310000,0,0,0,0,0,0,0
SUPER_14,28320000,0,0,0,0,0,0,0
SUPER_14,28330000,0,0,0,0,0,0,0
SUPER_14,28340000,0,0,0,0,0,0,0
SUPER_14,28350000,0,0,0,0,0,0,0
SUPER_14,28360000,0,0,0,0,0,0,0
SUPER_14,28370000,0,0,0,0,0,0,0
SUPER_14,28380000,0,0,0,0,0,0,0
SUPER_14,28390000,0,0,0,0,0,0,0
SUPER_14,28400000,0,0,0,0,0,0,0
SUPER_14,28410000,0,0,0,0,0,0,0
SUPER_14,28420000,0,0,0,0,0,0,0
SUPER_14,28430000,0,0,0,0,0,0,0
SUPER_14,28440000,0,0,0,0,0,0,0
SUPER_14,28450000,0,0,0,0,0,0,0
SUPER_14,28460000,0,0,0,0,0,0,0
SUPER_14,28470000,0,0,0,0,0,0,0
SUPER_14,28480000,0,0,0,0,0,0,0
SUPER_14,28490000,0,0,0,0,0,0,0
SUPER_14,28500000,0,0,0,0,0,0,0
SUPER_14,28510000,0,0,0,0,0,0,0
SUPER_14,28520000,0,0,0,0,0,0,0
SUPER_14,28530000,0,0,0,0,0,0,0
SUPER_14,28540000,0,0,0,0,0,0,0
SUPER_14,28550000,0,0,0,0,0,0,0
SUPER_14,28560000,0,0,0,0,0,0,0
SUPER_14,28570000,0,0,0,0,0,0,0
SUPER_14,28580000,0,0,0,0,0,0,0
SUPER_14,28590000,0,0,0,0,0,0,0
SUPER_14,28600000,0,0,0,0,0,0,0
SUPER_14,28610000,0,0,0,0,0,0,0
SUPER_14,28620000,0,0,0,0,0,0,0
SUPER_14,28630000,0,0,0,0,0,0,0
SUPER_14,28640000,3,2,3,8,1,2,1.6
SUPER_14,28650000,0,0,0,0,0,0,0
SUPER_14,28660000,0,0,0,0,0,0,0
SUPER_14,28670000,3,0,0,3,1,2,NaN
SUPER_14,28680000,5,0,1,6,0,5,2
SUPER_14,28690000,6,0,0,6,2,4,NaN
SUPER_14,28700000,2,1,1,4,1,1,1.5
SUPER_14,28710000,5,0,0,5,5,0,NaN
SUPER_14,28720000,58,7,5,70,29,29,37.166668
SUPER_14,28730000,52,7,3,62,29,23,1.8
SUPER_14,28740000,106,11,14,131,49,57,15.68
SUPER_14,28750000,45,4,3,52,20,25,7.142857
SUPER_14,28760000,71,5,6,82,32,39,5.090909
SUPER_14,28770000,100,5,10,115,40,60,8.133333
SUPER_14,28780000,28,5,3,36,13,15,6
SUPER_14,28790000,113,15,9,137,44,69,3.1666667
SUPER_14,28800000,25,2,1,28,18,7,15
SUPER_14,28810000,152,13,4,169,79,73,2.4705882
SUPER_14,28820000,119,14,4,137,61,58,22.666666
SUPER_14,28830000,100,8,8,116,52,48,26.9375
SUPER_14,28840000,133,10,6,149,62,71,3.8125
SUPER_14,28850000,65,3,6,74,37,28,3.1111112
SUPER_14,28860000,42,0,0,42,21,21,NaN
SUPER_14,28870000,7,1,0,8,5,2,2
SUPER_14,28880000,23,2,5,30,11,12,1.4285715
SUPER_14,28890000,78,6,7,91,39,39,7
SUPER_14,28900000,79,7,12,98,45,34,7.8421054
SUPER_14,28910000,8,0,0,8,4,4,NaN
SUPER_14,28920000,84,4,8,96,42,42,7.4166665
SUPER_14,28930000,37,1,4,42,20,17,5.6
SUPER_14,28940000,147,9,11,167,77,70,25
SUPER_14,28950000,41,2,1,44,17,24,1
SUPER_14,28960000,4,0,0,4,2,2,NaN
SUPER_14,28970000,13,0,1,14,4,9,5
SUPER_14,28980000,97,5,11,113,42,55,35.3125
SUPER_14,28990000,173,15,12,200,88,85,18.555555
SUPER_14,29000000,91,9,7,107,51,40,2.9375
SUPER_14,29010000,112,6,5,123,47,65,3.6363637
SUPER_14,29020000,153,5,11,169,90,63,4.625
SUPER_14,29030000,151,17,9,177,78,73,8.923077
SUPER_14,29040000,112,9,7,128,67,45,4.875
SUPER_14,29050000,233,10,14,257,115,118,5.25
SUPER_14,29060000,129,8,11,148,70,59,13.210526
SUPER_14,29070000,140,4,20,164,76,64,4.375
SUPER_14,29080000,140,11,5,156,67,73,6.6875
SUPER_14,29090000,115,13,10,138,61,54,4.9130435
SUPER_14,29100000,166,13,11,190,83,83,23
SUPER_14,29110000,144,17,14,175,68,76,4.83871
SUPER_14,29120000,111,7,10,128,60,51,8.3529415
SUPER_14,29130000,91,4,6,101,41,50,37.9
SUPER_14,29140000,3,0,1,4,2,1,1
SUPER_14,29150000,143,6,15,164,85,58,19.190475
SUPER_14,29160000,126,5,10,141,61,65,3.4666667
SUPER_14,29170000,160,7,10,177,79,81,6.7058825
SUPER_14,29180000,124,5,18,147,58,66,8
SUPER_14,29190000,86,4,8,98,42,44,3.9166667
SUPER_14,29200000,143,5,8,156,73,70,66.07692
SUPER_14,29210000,21,0,0,21,13,8,NaN
SUPER_14,29220000,21,0,2,23,10,11,1
SUPER_14,29230000,8,1,1,10,4,4,3
SUPER_14,29240000,63,3,3,69,37,26,2.3333333
SUPER_14,29250000,7,0,2,9,4,3,16
SUPER_14,29260000,68,4,5,77,34,34,11.777778
SUPER_14,29270000,33,6,1,40,14,19,11.285714
SUPER_14,29280000,27,1,1,29,13,14,9.5
SUPER_14,29290000,70,6,8,84,31,39,21.285715
SUPER_14,29300000,91,9,4,104,42,49,4.6923075
SUPER_14,29310000,121,8,9,138,56,65,7.7647057
SUPER_14,29320000,87,6,6,99,39,48,5.75
SUPER_14,29330000,84,7,10,101,37,47,25.705883
SUPER_14,29340000,89,6,8,103,53,36,22.5
SUPER_14,29350000,76,3,5,84,41,35,2.625
SUPER_14,29360000,95,9,1,105,44,51,2.5
SUPER_14,29370000,127,10,11,148,73,54,5.1904764
SUPER_14,29380000,106,7,11,124,50,56,12.166667
SUPER_14,29390000,0,0,0,0,0,0,0
SUPER_14,29400000,0,0,0,0,0,0,0
SUPER_14,29410000,171,11,13,195,78,93,7
SUPER_14,29420000,87,6,7,100,42,45,3.3846154
SUPER_14,29430000,104,9,5,118,48,56,7.285714
SUPER_14,29440000,79,5,7,91,34,45,7.6666665
SUPER_14,29450000,79,7,7,93,40,39,2.7857144
SUPER_14,29460000,110,10,7,127,59,51,6
SUPER_14,29470000,85,14,9,108,39,46,15.130435
SUPER_14,29480000,75,7,4,86,38,37,3.1818182
SUPER_14,29490000,37,3,3,43,16,21,2
SUPER_14,29500000,104,9,12,125,54,50,7.142857
SUPER_14,29510000,94,4,5,103,49,45,2.8888888
SUPER_14,29520000,112,6,4,122,53,59,6.6
SUPER_14,29530000,57,4,7,68,28,29,4.6363635
SUPER_14,29540000,2,0,0,2,2,0,NaN
SUPER_14,29550000,2,1,0,3,0,2,1
SUPER_14,29560000,4,0,0,4,3,1,NaN
SUPER_14,29570000,3,0,0,3,2,1,NaN
SUPER_14,29580000,1,0,0,1,1,0,NaN
SUPER_14,29590000,1,1,0,2,1,0,1
SUPER_14,29600000,15,1,0,16,8,7,7
SUPER_14,29610000,81,6,5,92,39,42,4.181818
SUPER_14,29620000,108,12,7,127,45,63,11.105263
SUPER_14,29630000,117,7,7,131,67,50,11.642858
SUPER_14,29640000,130,6,14,150,63,67,7.9
SUPER_14,29650000,149,13,10,172,72,77,12.695652
SUPER_14,29660000,91,5,6,102,45,46,4.3636365
SUPER_14,29670000,76,6,3,85,32,44,8.444445
SUPER_14,29680000,86,11,9,106,45,41,7.95
SUPER_14,29690000,87,6,7,100,38,49,23.615385
SUPER_14,29700000,72,3,6,81,37,35,3.5555556
SUPER_14,29710000,39,4,2,45,20,19,3
SUPER_14,29720000,0,0,0,0,0,0,0
SUPER_14,29730000,0,0,0,0,0,0,0
SUPER_14,29740000,86,4,10,100,41,45,4.285714
SUPER_14,29750000,91,3,12,106,41,50,9.866667
SUPER_14,29760000,91,11,8,110,45,46,4.2105265
SUPER_14,29770000,186,10,11,207,96,90,4.952381
SUPER_14,29780000,69,0,5,74,36,33,4.2
SUPER_14,29790000,1,0,0,1,0,1,NaN
SUPER_14,29800000,13,0,0,13,7,6,NaN
SUPER_14,29810000,100,7,4,111,51,49,3.7272727
SUPER_14,29820000,113,8,11,132,55,58,3.8947368
SUPER_14,29830000,0,0,0,0,0,0,0
SUPER_14,29840000,0,0,0,0,0,0,0
SUPER_14,29850000,82,6,9,97,42,40,11.733334
SUPER_14,29860000,84,7,5,96,44,40,9.083333
SUPER_14,29870000,111,4,7,122,59,52,8.454545
SUPER_14,29880000,68,9,5,82,44,24,6.785714
SUPER_14,29890000,86,10,8,104,35,51,8.277778
SUPER_14,29900000,25,1,1,27,19,6,7
SUPER_14,29910000,116,8,4,128,57,59,28.833334
SUPER_14,29920000,155,14,11,180,80,75,6.08
SUPER_14,29930000,127,5,13,145,60,67,4.888889
SUPER_14,29940000,108,4,3,115,58,50,8.285714
SUPER_14,29950000,76,6,7,89,39,37,9.307693
SUPER_14,29960000,164,14,14,192,78,86,7.821429
SUPER_14,29970000,133,9,12,154,61,72,10.190476
SUPER_14,29980000,60,6,9,75,29,31,2.9333334
SUPER_14,29990000,86,4,11,101,41,45,9.866667
SUPER_14,30000000,77,3,4,84,35,42,2.7142856
SUPER_14,30010000,90,4,2,96,59,31,3.1666667
SUPER_14,30020000,159,20,16,195,80,79,4.3333335
SUPER_14,30030000,116,12,9,137,63,53,9.666667
SUPER_14,30040000,32,8,6,46,12,20,4.285714
SUPER_14,30050000,127,10,12,149,69,58,4.318182
SUPER_14,30060000,109,11,8,128,56,53,8.894737
SUPER_14,30070000,123,13,16,152,58,65,4.3103447
SUPER_14,30080000,45,34,1,80,16,29,13.857142
SUPER_14,30090000,28,6,4,38,10,18,6.8
SUPER_14,30100000,88,3,2,93,60,28,10.2
SUPER_14,30110000,99,10,4,113,62,37,8.571428
SUPER_14,30120000,129,8,8,145,83,46,9.1875
SUPER_14,30130000,85,12,10,107,49,36,31.954546
SUPER_14,30140000,67,4,5,76,36,31,2.7777777
SUPER_14,30150000,117,5,14,136,59,58,4.6842103
SUPER_14,30160000,92,5,9,106,30,62,4.357143
SUPER_14,30170000,123,16,8,147,72,51,4.9583335
SUPER_14,30180000,114,8,7,129,63,51,8.333333
SUPER_14,30190000,3,0,0,3,1,2,NaN
SUPER_14,30200000,134,10,11,155,71,63,5.6666665
SUPER_14,30210000,94,7,5,106,54,40,17.916666
SUPER_14,30220000,49,4,4,57,24,25,13.5
SUPER_14,30230000,116,6,8,130,63,53,6
SUPER_14,30240000,83,8,7,98,47,36,3.6666667
SUPER_14,30250000,95,10,8,113,48,47,4.7777777
SUPER_14,30260000,56,5,1,62,29,27,5.6666665
SUPER_14,30270000,43,1,6,50,19,24,7.714286
SUPER_14,30280000,51,7,7,65,33,18,2.2857144
SUPER_14,30290000,87,8,4,99,45,42,7.1666665
SUPER_14,30300000,107,8,6,121,54,53,3
SUPER_14,30310000,0,0,1,1,0,0,1
SUPER_14,30320000,98,6,4,108,44,54,8.8
SUPER_14,30330000,30,3,3,36,10,20,8.166667
SUPER_14,30340000,73,4,3,80,30,43,8.571428
SUPER_14,30350000,55,4,7,66,25,30,18.545454
SUPER_14,30360000,67,1,4,72,35,32,5.4
SUPER_14,30370000,48,5,4,57,29,19,29
SUPER_14,30380000,49,2,2,53,22,27,4
SUPER_14,30390000,63,3,4,70,22,41,67.14286
SUPER_14,30400000,111,10,12,133,54,57,4
SUPER_14,30410000,186,18,15,219,96,90,8.454545
SUPER_14,30420000,185,15,15,215,83,102,21.766666
SUPER_14,30430000,50,5,4,59,33,17,6.5555553
SUPER_14,30440000,51,6,2,59,29,22,2.75
SUPER_14,30450000,25,3,2,30,15,10,11.8
SUPER_14,30460000,103,8,5,116,60,43,3.6923077
SUPER_14,30470000,25,1,0,26,11,14,1
SUPER_14,30480000,40,1,3,44,11,29,5
SUPER_14,30490000,71,3,5,79,28,43,14.875
SUPER_14,30500000,118,7,11,136,59,59,6.4444447
SUPER_14,30510000,0,0,0,0,0,0,0
SUPER_14,30520000,0,0,0,0,0,0,0
SUPER_14,30530000,0,0,0,0,0,0,0
SUPER_14,30540000,96,7,7,110,46,50,3
SUPER_14,30550000,15,0,0,15,11,4,NaN
SUPER_14,30560000,30,3,4,37,11,19,7.714286
SUPER_14,30570000,24,4,1,29,12,12,19.6
SUPER_14,30580000,30,5,1,36,18,12,10.666667
SUPER_14,30590000,126,11,15,152,61,65,7.4615383
SUPER_14,30600000,101,6,8,115,56,45,19.285715
SUPER_14,30610000,35,1,3,39,19,16,6.75
SUPER_14,30620000,56,3,5,64,27,29,13.125
SUPER_14,30630000,56,5,3,64,32,24,5.25
SUPER_14,30640000,104,10,5,119,55,49,29.266666
SUPER_14,30650000,130,14,6,150,65,65,8.2
SUPER_14,30660000,82,5,5,92,41,41,7.6
SUPER_14,30670000,63,9,4,76,34,29,3.0769231
SUPER_14,30680000,63,4,5,72,28,35,24.777779
SUPER_14,30690000,67,7,7,81,28,39,7.5
SUPER_14,30700000,62,1,3,66,27,35,2.75
SUPER_14,30710000,16,1,0,17,10,6,1
SUPER_14,30720000,98,7,14,119,58,40,6.7619047
SUPER_14,30730000,98,6,1,105,50,48,1.8571428
SUPER_14,30740000,65,8,11,84,31,34,6.2105265
SUPER_14,30750000,86,10,10,106,47,39,6.35
SUPER_14,30760000,189,9,13,211,114,75,7.7272725
SUPER_14,30770000,173,14,15,202,105,68,19.827587
SUPER_14,30780000,124,6,11,141,67,57,8.411765
SUPER_14,30790000,81,13,5,99,43,38,11
SUPER_14,30800000,14,0,0,14,5,9,NaN
SUPER_14,30810000,50,3,4,57,21,29,2
SUPER_14,30820000,36,2,4,42,17,19,4
SUPER_14,30830000,15,1,0,16,8,7,18
SUPER_14,30840000,2,0,0,2,0,2,NaN
SUPER_14,30850000,1,0,0,1,1,0,NaN
SUPER_14,30860000,3,1,1,5,2,1,1.5
SUPER_14,30870000,4,1,0,5,1,3,3
SUPER_14,30880000,2,1,0,3,1,1,2
SUPER_14,30890000,2,0,0,2,2,0,NaN
SUPER_14,30900000,2,0,0,2,1,1,NaN
SUPER_14,30910000,0,1,0,1,0,0,6
SUPER_14,30920000,3,2,0,5,2,1,9
SUPER_14,30930000,3,0,0,3,1,2,NaN
SUPER_14,30940000,1,0,0,1,1,0,NaN
SUPER_14,30950000,1,0,0,1,1,0,NaN
SUPER_14,30960000,0,1,0,1,0,0,1
SUPER_14,30970000,0,1,1,2,0,0,3
SUPER_14,30980000,3,1,0,4,0,3,1
SUPER_14,30990000,0,0,0,0,0,0,0
SUPER_14,31000000,0,0,0,0,0,0,0
SUPER_14,31010000,0,0,0,0,0,0,0
SUPER_14,31020000,6,0,0,6,4,2,NaN
SUPER_14,31030000,0,0,0,0,0,0,0
SUPER_14,31040000,0,0,0,0,0,0,0
SUPER_14,31050000,0,0,0,0,0,0,0
SUPER_14,31060000,0,0,0,0,0,0,0
SUPER_14,31070000,8,0,4,12,4,4,4
SUPER_14,31080000,7,1,2,10,3,4,1.6666666
SUPER_14,31090000,1,0,0,1,1,0,NaN
SUPER_14,31100000,1,0,1,2,1,0,1
SUPER_14,31110000,4,0,0,4,3,1,NaN
SUPER_14,31120000,1,0,1,2,1,0,1
SUPER_14,31130000,1,1,0,2,0,1,1
SUPER_14,31140000,2,1,0,3,0,2,1
SUPER_14,31150000,3,0,0,3,3,0,NaN
SUPER_14,31160000,8,4,3,15,2,6,1.5714285
SUPER_14,31170000,68,1,3,72,48,20,1.25
SUPER_14,31180000,33,1,0,34,21,12,2
SUPER_14,31190000,0,0,0,0,0,0,0
SUPER_14,31200000,0,0,0,0,0,0,0
SUPER_14,31210000,53,0,2,55,36,16,28
SUPER_14,31220000,0,1,0,1,0,0,3
SUPER_14,31230000,1,2,0,3,1,0,2.5
SUPER_14,31240000,67,0,0,67,43,24,NaN
SUPER_14,31250000,5,1,1,7,4,1,5.5
SUPER_14,31260000,16,3,1,20,13,3,4.75
SUPER_14,31270000,8,1,3,12,3,5,1.75
SUPER_15,10000,28,1,1,30,14,14,2
SUPER_15,20000,40,0,0,40,25,15,NaN
SUPER_15,30000,1,0,1,2,0,1,1
SUPER_15,40000,4,0,0,4,2,2,NaN
SUPER_15,50000,20,0,2,22,15,5,27
SUPER_15,60000,41,3,3,47,28,13,3.8333333
SUPER_15,70000,30,1,1,32,18,12,11.5
SUPER_15,80000,69,3,3,75,46,23,10.333333
SUPER_15,90000,2,1,0,3,0,2,1
SUPER_15,100000,2,1,0,3,1,1,1
SUPER_15,110000,11,1,0,12,5,6,1
SUPER_15,120000,7,1,2,10,4,3,8
SUPER_15,130000,8,1,0,9,4,4,2
SUPER_15,140000,4,2,1,7,2,2,18.333334
SUPER_15,150000,6,0,1,7,2,4,10
SUPER_15,160000,14,1,2,17,5,9,4.6666665
SUPER_15,170000,11,0,0,11,9,2,NaN
SUPER_15,180000,8,3,1,12,3,5,2.5
SUPER_15,190000,27,0,0,27,20,7,NaN
SUPER_15,200000,10,1,2,13,5,5,2.3333333
SUPER_15,210000,12,1,1,14,4,8,2.5
SUPER_15,220000,2,0,1,3,1,1,2
SUPER_15,230000,4,1,0,5,1,3,1
SUPER_15,240000,10,1,0,11,6,4,2
SUPER_15,250000,6,1,0,7,2,4,1
SUPER_15,260000,9,1,0,10,5,4,1
SUPER_15,270000,9,0,0,9,4,5,NaN
SUPER_15,280000,7,1,1,9,1,6,69
SUPER_15,290000,5,0,2,7,2,3,1.5
SUPER_15,300000,13,1,2,16,7,6,15.333333
SUPER_15,310000,2,1,2,5,0,2,12.333333
SUPER_15,320000,7,2,0,9,4,3,2
SUPER_15,330000,10,0,1,11,5,5,8
SUPER_15,340000,8,1,1,10,3,5,3
SUPER_15,350000,10,1,0,11,7,3,1
SUPER_15,360000,1,0,1,2,0,1,2
SUPER_15,370000,6,1,1,8,1,5,1
SUPER_15,380000,7,0,3,10,3,4,1
SUPER_15,390000,11,0,1,12,8,3,21
SUPER_15,400000,6,0,2,8,5,1,1
SUPER_15,410000,7,0,0,7,5,2,NaN
SUPER_15,420000,14,2,0,16,10,4,7
SUPER_15,430000,4,1,0,5,1,3,1
SUPER_15,440000,14,0,0,14,5,9,NaN
SUPER_15,450000,12,0,2,14,8,4,16.5
SUPER_15,460000,9,1,0,10,7,2,1
SUPER_15,470000,9,1,0,10,6,3,6
SUPER_15,480000,9,0,0,9,7,2,NaN
SUPER_15,490000,10,0,4,14,4,6,8.75
SUPER_15,500000,22,2,6,30,11,11,6.75
SUPER_15,510000,28,5,0,33,14,14,2.4
SUPER_15,520000,33,3,2,38,15,18,10.4
SUPER_15,530000,30,3,3,36,16,14,12.333333
SUPER_15,540000,31,5,5,41,9,22,22.6
SUPER_15,550000,37,3,0,40,22,15,2
SUPER_15,560000,41,1,5,47,23,18,1.3333334
SUPER_15,570000,98,9,8,115,48,50,26.294117
SUPER_15,580000,155,9,13,177,67,88,5.818182
SUPER_15,590000,94,6,2,102,49,45,3.875
SUPER_15,600000,103,4,9,116,57,46,3.2307692
SUPER_15,610000,57,2,2,61,22,35,4
SUPER_15,620000,75,4,6,85,37,38,33.3
SUPER_15,630000,58,3,6,67,30,28,56.333332
SUPER_15,640000,103,9,5,117,50,53,9.357142
SUPER_15,650000,79,4,6,89,38,41,2.9
SUPER_15,660000,17,2,1,20,8,9,5.6666665
SUPER_15,670000,17,1,2,20,7,10,12
SUPER_15,680000,12,0,1,13,6,6,2
SUPER_15,690000,5,1,0,6,4,1,48
SUPER_15,700000,3,0,0,3,1,2,NaN
SUPER_15,710000,3,0,0,3,2,1,NaN
SUPER_15,720000,1,0,0,1,0,1,NaN
SUPER_15,730000,0,0,1,1,0,0,1
SUPER_15,740000,1,0,0,1,0,1,NaN
SUPER_15,750000,1,1,0,2,1,0,1
SUPER_15,760000,3,0,0,3,3,0,NaN
SUPER_15,770000,34,0,0,34,21,13,NaN
SUPER_15,780000,145,2,5,152,78,67,10.714286
SUPER_15,790000,74,5,3,82,39,35,2.375
SUPER_15,800000,113,11,12,136,61,52,12.608696
SUPER_15,810000,67,3,4,74,30,37,1.7142857
SUPER_15,820000,107,12,6,125,59,48,5.2222223
SUPER_15,830000,126,18,10,154,68,58,30.464285
SUPER_15,840000,69,7,6,82,39,30,3.5384614
SUPER_15,850000,131,10,7,148,67,64,9.235294
SUPER_15,860000,235,15,12,262,119,116,15.555555
SUPER_15,870000,69,7,3,79,41,28,4.7
SUPER_15,880000,68,1,6,75,33,35,17.857143
SUPER_15,890000,96,4,5,105,48,48,6.6666665
SUPER_15,900000,111,6,4,121,54,57,6.2
SUPER_15,910000,52,2,4,58,28,24,3
SUPER_15,920000,116,7,9,132,61,55,11.75
SUPER_15,930000,165,13,18,196,78,87,6.2580647
SUPER_15,940000,123,2,12,137,64,59,6.5
SUPER_15,950000,0,0,0,0,0,0,0
SUPER_15,960000,0,0,0,0,0,0,0
SUPER_15,970000,0,0,0,0,0,0,0
SUPER_15,980000,69,6,3,78,43,26,3.7777777
SUPER_15,990000,236,7,8,251,122,114,6.4666667
SUPER_15,1000000,34,3,3,40,17,17,2.6666667
SUPER_15,1010000,4,2,0,6,0,4,1
SUPER_15,1020000,139,7,16,162,68,71,8.478261
SUPER_15,1030000,111,2,8,121,45,66,2.3
SUPER_15,1040000,93,5,8,106,51,42,21.153847
SUPER_15,1050000,214,12,20,246,120,94,10.03125
SUPER_15,1060000,2,0,0,2,0,2,NaN
SUPER_15,1070000,132,6,3,141,77,55,6.3333335
SUPER_15,1080000,68,3,2,73,27,41,4
SUPER_15,1090000,31,3,1,35,16,15,6.25
SUPER_15,1100000,63,1,5,69,37,26,3.3333333
SUPER_15,1110000,0,0,0,0,0,0,0
SUPER_15,1120000,0,0,0,0,0,0,0
SUPER_15,1130000,25,6,3,34,16,9,7.5555553
SUPER_15,1140000,11,0,0,11,6,5,NaN
SUPER_15,1150000,3,0,0,3,3,0,NaN
SUPER_15,1160000,0,0,0,0,0,0,0
SUPER_15,1170000,0,0,0,0,0,0,0
SUPER_15,1180000,0,0,0,0,0,0,0
SUPER_15,1190000,0,0,0,0,0,0,0
SUPER_15,1200000,0,0,0,0,0,0,0
SUPER_15,1210000,111,7,5,123,47,64,10.416667
SUPER_15,1220000,86,10,6,102,48,38,3.75
SUPER_15,1230000,100,3,1,104,42,58,1
SUPER_15,1240000,4,0,2,6,2,2,1
SUPER_15,1250000,1,0,0,1,0,1,NaN
SUPER_15,1260000,86,4,10,100,46,40,10.428572
SUPER_15,1270000,0,0,0,0,0,0,0
SUPER_15,1280000,0,0,0,0,0,0,0
SUPER_15,1290000,0,0,0,0,0,0,0
SUPER_15,1300000,0,0,0,0,0,0,0
SUPER_15,1310000,182,3,7,192,114,68,32.5
SUPER_15,1320000,141,8,8,157,60,81,10.5
SUPER_15,1330000,73,1,2,76,37,36,9.333333
SUPER_15,1340000,0,0,0,0,0,0,0
SUPER_15,1350000,0,0,0,0,0,0,0
SUPER_15,1360000,0,0,0,0,0,0,0
SUPER_15,1370000,0,0,0,0,0,0,0
SUPER_15,1380000,0,0,0,0,0,0,0
SUPER_15,1390000,0,0,0,0,0,0,0
SUPER_15,1400000,5,0,1,6,2,3,3
SUPER_15,1410000,94,8,7,109,55,39,6.266667
SUPER_15,1420000,0,0,0,0,0,0,0
SUPER_15,1430000,0,0,0,0,0,0,0
SUPER_15,1440000,0,0,0,0,0,0,0
SUPER_15,1450000,0,0,0,0,0,0,0
SUPER_15,1460000,0,0,0,0,0,0,0
SUPER_15,1470000,192,14,17,223,103,89,10.225806
SUPER_15,1480000,65,4,4,73,33,32,3.875
SUPER_15,1490000,89,4,3,96,42,47,2.4285715
SUPER_15,1500000,0,0,0,0,0,0,0
SUPER_15,1510000,0,0,0,0,0,0,0
SUPER_15,1520000,0,0,0,0,0,0,0
SUPER_15,1530000,0,0,0,0,0,0,0
SUPER_15,1540000,0,0,0,0,0,0,0
SUPER_15,1550000,0,0,0,0,0,0,0
SUPER_15,1560000,0,0,0,0,0,0,0
SUPER_15,1570000,0,0,0,0,0,0,0
SUPER_15,1580000,0,0,0,0,0,0,0
SUPER_15,1590000,140,10,7,157,73,67,7.2941175
SUPER_15,1600000,0,0,0,0,0,0,0
SUPER_15,1610000,0,0,0,0,0,0,0
SUPER_15,1620000,60,7,13,80,37,23,6
SUPER_15,1630000,0,0,0,0,0,0,0
SUPER_15,1640000,0,0,0,0,0,0,0
SUPER_15,1650000,0,0,0,0,0,0,0
SUPER_15,1660000,0,0,0,0,0,0,0
SUPER_15,1670000,0,0,0,0,0,0,0
SUPER_15,1680000,34,0,1,35,22,12,2
SUPER_15,1690000,62,2,2,66,32,30,16.25
SUPER_15,1700000,38,0,1,39,17,21,40
SUPER_15,1710000,52,2,2,56,30,22,4.5
SUPER_15,1720000,0,0,0,0,0,0,0
SUPER_15,1730000,0,0,0,0,0,0,0
SUPER_15,1740000,0,0,0,0,0,0,0
SUPER_15,1750000,134,5,8,147,60,74,12.230769
SUPER_15,1760000,19,1,2,22,11,8,4.3333335
SUPER_15,1770000,12,0,1,13,2,10,61
SUPER_15,1780000,14,1,1,16,7,7,5.5
SUPER_15,1790000,32,1,1,34,19,13,13.5
SUPER_15,1800000,113,4,3,120,59,54,16.428572
SUPER_15,1810000,105,4,11,120,51,54,9.4
SUPER_15,1820000,16,2,1,19,7,9,11
SUPER_15,1830000,0,0,0,0,0,0,0
SUPER_15,1840000,0,0,0,0,0,0,0
SUPER_15,1850000,0,0,0,0,0,0,0
SUPER_15,1860000,0,0,0,0,0,0,0
SUPER_15,1870000,20,2,3,25,14,6,1
SUPER_15,1880000,1,0,1,2,1,0,2
SUPER_15,1890000,153,8,10,171,76,77,5.2222223
SUPER_15,1900000,83,3,8,94,38,45,39.363636
SUPER_15,1910000,72,3,5,80,35,37,4.25
SUPER_15,1920000,64,7,6,77,26,38,2.1538463
SUPER_15,1930000,204,13,11,228,100,104,8.041667
SUPER_15,1940000,59,9,5,73,25,34,2.7857144
SUPER_15,1950000,152,12,5,169,81,71,6.1764708
SUPER_15,1960000,128,5,6,139,67,61,2.7272727
SUPER_15,1970000,164,6,16,186,83,80,6.2727275
SUPER_15,1980000,77,5,4,86,34,43,4.4444447
SUPER_15,1990000,67,6,6,79,36,31,3.1666667
SUPER_15,2000000,0,0,0,0,0,0,0
SUPER_15,2010000,0,0,0,0,0,0,0
SUPER_15,2020000,3,0,0,3,1,2,NaN
SUPER_15,2030000,53,1,1,55,29,24,7
SUPER_15,2040000,82,4,6,92,46,36,8.6
SUPER_15,2050000,109,7,4,120,61,48,16.636364
SUPER_15,2060000,141,6,11,158,74,67,4.5882354
SUPER_15,2070000,146,3,13,162,75,71,7.75
SUPER_15,2080000,35,0,0,35,16,19,NaN
SUPER_15,2090000,79,5,4,88,48,31,3.5555556
SUPER_15,2100000,0,0,0,0,0,0,0
SUPER_15,2110000,0,0,0,0,0,0,0
SUPER_15,2120000,57,2,4,63,33,24,4.5
SUPER_15,2130000,3,0,0,3,3,0,NaN
SUPER_15,2140000,1,2,0,3,1,0,1.5
SUPER_15,2150000,10,0,1,11,6,4,1
SUPER_15,2160000,1,0,0,1,1,0,NaN
SUPER_15,2170000,2,0,0,2,0,2,NaN
SUPER_15,2180000,2,0,0,2,1,1,NaN
SUPER_15,2190000,25,1,0,26,9,16,6
SUPER_15,2200000,33,1,2,36,19,14,4.3333335
SUPER_15,2210000,197,15,8,220,95,102,20.130434
SUPER_15,2220000,150,9,16,175,64,86,5.16
SUPER_15,2230000,2,0,0,2,1,1,NaN
SUPER_15,2240000,1,0,0,1,1,0,NaN
SUPER_15,2250000,4,0,0,4,2,2,NaN
SUPER_15,2260000,3,0,0,3,1,2,NaN
SUPER_15,2270000,14,0,0,14,11,3,NaN
SUPER_15,2280000,3,1,0,4,1,2,8
SUPER_15,2290000,2,0,0,2,0,2,NaN
SUPER_15,2300000,5,0,0,5,2,3,NaN
SUPER_15,2310000,30,2,1,33,12,18,17.333334
SUPER_15,2320000,77,5,6,88,36,41,2.4545455
SUPER_15,2330000,67,7,2,76,37,30,2.3333333
SUPER_15,2340000,32,3,5,40,21,11,23
SUPER_15,2350000,66,4,6,76,37,29,2.7
SUPER_15,2360000,7,0,1,8,4,3,2
SUPER_15,2370000,16,1,0,17,11,5,1
SUPER_15,2380000,63,4,6,73,38,25,4
SUPER_15,2390000,0,0,0,0,0,0,0
SUPER_15,2400000,0,0,0,0,0,0,0
SUPER_15,2410000,249,22,19,290,129,120,6.243902
SUPER_15,2420000,173,5,11,189,94,79,17
SUPER_15,2430000,50,2,6,58,21,29,2.5
SUPER_15,2440000,16,1,0,17,5,11,1
SUPER_15,2450000,5,1,0,6,1,4,23
SUPER_15,2460000,3,0,1,4,3,0,12
SUPER_15,2470000,94,4,6,104,48,46,1.8
SUPER_15,2480000,9,1,0,10,3,6,1
SUPER_15,2490000,4,1,0,5,1,3,4
SUPER_15,2500000,1,0,0,1,1,0,NaN
SUPER_15,2510000,3,0,0,3,2,1,NaN
SUPER_15,2520000,1,0,0,1,0,1,NaN
SUPER_15,2530000,1,0,0,1,0,1,NaN
SUPER_15,2540000,1,0,0,1,1,0,NaN
SUPER_15,2550000,2,0,0,2,1,1,NaN
SUPER_15,2560000,7,1,0,8,3,4,1
SUPER_15,2570000,2,0,0,2,2,0,NaN
SUPER_15,2580000,2,2,0,4,1,1,2
SUPER_15,2590000,2,0,1,3,1,1,4
SUPER_15,2600000,4,0,0,4,3,1,NaN
SUPER_15,2610000,1,0,0,1,1,0,NaN
SUPER_15,2620000,1,0,1,2,0,1,2
SUPER_15,2630000,4,0,0,4,3,1,NaN
SUPER_15,2640000,2,0,0,2,1,1,NaN
SUPER_15,2650000,5,1,1,7,2,3,11.5
SUPER_15,2660000,17,4,2,23,12,5,3.5
SUPER_15,2670000,27,1,4,32,8,19,4.8
SUPER_15,2680000,211,18,20,249,105,106,13.105263
SUPER_15,2690000,101,7,7,115,47,54,16.428572
SUPER_15,2700000,181,12,7,200,79,102,6.5263157
SUPER_15,2710000,130,10,4,144,69,61,2.7142856
SUPER_15,2720000,58,4,7,69,29,29,3.2727273
SUPER_15,2730000,37,0,3,40,21,16,2.6666667
SUPER_15,2740000,188,15,12,215,95,93,4.9259257
SUPER_15,2750000,204,11,12,227,117,87,9.913043
SUPER_15,2760000,49,5,3,57,25,24,3.375
SUPER_15,2770000,94,4,6,104,49,45,30.9
SUPER_15,2780000,151,8,11,170,75,76,8.526316
SUPER_15,2790000,117,6,8,131,66,51,6.428571
SUPER_15,2800000,102,6,5,113,55,47,2.909091
SUPER_15,2810000,1,0,0,1,0,1,NaN
SUPER_15,2820000,4,0,1,5,2,2,3
SUPER_15,2830000,101,4,7,112,50,51,19.727272
SUPER_15,2840000,11,1,0,12,5,6,2
SUPER_15,2850000,2,0,0,2,0,2,NaN
SUPER_15,2860000,96,5,8,109,50,46,3.1538463
SUPER_15,2870000,97,10,15,122,50,47,8.56
SUPER_15,2880000,107,5,10,122,52,55,6.4
SUPER_15,2890000,96,6,3,105,43,53,4.111111
SUPER_15,2900000,27,1,2,30,13,14,3
SUPER_15,2910000,38,1,4,43,19,19,3.6
SUPER_15,2920000,77,6,7,90,36,41,22.076923
SUPER_15,2930000,78,11,10,99,49,29,7.1904764
SUPER_15,2940000,118,7,9,134,55,63,20.9375
SUPER_15,2950000,71,6,7,84,41,30,7.1538463
SUPER_15,2960000,192,8,14,214,96,96,17.818182
SUPER_15,2970000,45,4,3,52,14,31,5.142857
SUPER_15,2980000,176,11,9,196,86,90,8.9
SUPER_15,2990000,76,1,6,83,33,43,15.571428
SUPER_15,3000000,22,0,1,23,15,7,5
SUPER_15,3010000,86,4,5,95,43,43,10.222222
SUPER_15,3020000,14,0,0,14,11,3,NaN
SUPER_15,3030000,4,0,0,4,2,2,NaN
SUPER_15,3040000,1,0,0,1,0,1,NaN
SUPER_15,3050000,1,0,1,2,1,0,2
SUPER_15,3060000,24,1,1,26,8,16,1
SUPER_15,3070000,44,2,3,49,22,22,2.2
SUPER_15,3080000,150,11,10,171,72,78,7.4761906
SUPER_15,3090000,87,8,8,103,40,47,3.875
SUPER_15,3100000,138,21,8,167,64,74,5.3103447
SUPER_15,3110000,60,4,5,69,22,38,8.444445
SUPER_15,3120000,38,3,3,44,15,23,7
SUPER_15,3130000,3,1,1,5,2,1,9
SUPER_15,3140000,3,0,0,3,1,2,NaN
SUPER_15,3150000,2,0,0,2,0,2,NaN
SUPER_15,3160000,67,10,11,88,32,35,5.095238
SUPER_15,3170000,124,7,12,143,62,62,5.894737
SUPER_15,3180000,163,16,13,192,91,72,20.758621
SUPER_15,3190000,115,11,6,132,59,56,7.4117646
SUPER_15,3200000,128,4,8,140,67,61,3.9166667
SUPER_15,3210000,104,8,11,123,59,45,5.6842103
SUPER_15,3220000,145,3,5,153,70,75,4
SUPER_15,3230000,113,8,9,130,60,53,40.235294
SUPER_15,3240000,25,2,4,31,10,15,3.3333333
SUPER_15,3250000,24,2,2,28,13,11,3
SUPER_15,3260000,107,8,8,123,60,47,16.6875
SUPER_15,3270000,19,2,5,26,10,9,5.857143
SUPER_15,3280000,14,2,0,16,6,8,5.5
SUPER_15,3290000,2,0,1,3,2,0,1
SUPER_15,3300000,1,0,0,1,1,0,NaN
SUPER_15,3310000,4,0,0,4,3,1,NaN
SUPER_15,3320000,80,9,6,95,45,35,8
SUPER_15,3330000,135,14,10,159,68,67,8.666667
SUPER_15,3340000,78,8,5,91,48,30,7.3076925
SUPER_15,3350000,148,13,15,176,69,79,15.571428
SUPER_15,3360000,181,18,12,211,105,76,6.233333
SUPER_15,3370000,111,4,4,119,56,55,1.75
SUPER_15,3380000,154,14,9,177,88,66,15
SUPER_15,3390000,76,3,5,84,41,35,4.375
SUPER_15,3400000,44,4,3,51,19,25,39.142857
SUPER_15,3410000,64,6,8,78,32,32,4.142857
SUPER_15,3420000,91,7,9,107,47,44,5.4375
SUPER_15,3430000,103,7,4,114,52,51,1.7272727
SUPER_15,3440000,28,3,4,35,18,10,27.857143
SUPER_15,3450000,97,7,6,110,44,53,2.0769231
SUPER_15,3460000,89,8,6,103,46,43,3.7142856
SUPER_15,3470000,112,10,6,128,60,52,5.5
SUPER_15,3480000,5,0,0,5,3,2,NaN
SUPER_15,3490000,100,10,8,118,62,38,7.388889
SUPER_15,3500000,25,2,1,28,14,11,4
SUPER_15,3510000,65,8,6,79,34,31,16.214285
SUPER_15,3520000,91,6,7,104,43,48,9.769231
SUPER_15,3530000,41,4,6,51,23,18,23.7
SUPER_15,3540000,134,13,7,154,80,54,14.6
SUPER_15,3550000,130,6,8,144,59,71,2.357143
SUPER_15,3560000,80,4,8,92,45,35,4.75
SUPER_15,3570000,117,8,9,134,59,58,2.0588236
SUPER_15,3580000,68,5,1,74,33,35,28.666666
SUPER_15,3590000,109,6,7,122,50,59,2.2307692
SUPER_15,3600000,135,11,6,152,67,68,8.235294
SUPER_15,3610000,102,4,12,118,56,46,8.1875
SUPER_15,3620000,122,5,4,131,62,60,5.111111
SUPER_15,3630000,100,6,11,117,52,48,12.882353
SUPER_15,3640000,80,8,11,99,32,48,6.2105265
SUPER_15,3650000,82,6,4,92,39,43,1.3
SUPER_15,3660000,46,1,6,53,24,22,26.714285
SUPER_15,3670000,25,1,0,26,15,10,3
SUPER_15,3680000,52,5,2,59,27,25,9.285714
SUPER_15,3690000,0,0,0,0,0,0,0
SUPER_15,3700000,0,0,0,0,0,0,0
SUPER_15,3710000,2,0,0,2,0,2,NaN
SUPER_15,3720000,1,0,0,1,0,1,NaN
SUPER_15,3730000,1,1,0,2,1,0,1
SUPER_15,3740000,48,4,4,56,21,27,3.625
SUPER_15,3750000,84,6,8,98,36,48,33.357143
SUPER_15,3760000,33,2,3,38,19,14,7
SUPER_15,3770000,4,0,0,4,3,1,NaN
SUPER_15,3780000,121,10,8,139,58,63,4.2777777
SUPER_15,3790000,135,13,11,159,75,60,7.7083335
SUPER_15,3800000,48,3,3,54,32,16,11.833333
SUPER_15,3810000,119,7,8,134,74,45,9.2
SUPER_15,3820000,65,8,5,78,34,31,5.3846154
SUPER_15,3830000,88,9,9,106,42,46,3.1666667
SUPER_15,3840000,77,2,9,88,44,33,2.2727273
SUPER_15,3850000,62,1,3,66,30,32,12.25
SUPER_15,3860000,100,3,8,111,53,47,2.6363637
SUPER_15,3870000,146,10,10,166,82,64,6.9
SUPER_15,3880000,119,2,7,128,65,54,6.111111
SUPER_15,3890000,75,2,3,80,43,32,2
SUPER_15,3900000,130,8,11,149,72,58,5.7894735
SUPER_15,3910000,160,10,10,180,81,79,8.25
SUPER_15,3920000,112,9,6,127,58,54,9.2
SUPER_15,3930000,5,0,0,5,4,1,NaN
SUPER_15,3940000,1,0,0,1,1,0,NaN
SUPER_15,3950000,3,1,1,5,3,0,1
SUPER_15,3960000,1,1,0,2,1,0,16
SUPER_15,3970000,2,1,1,4,2,0,3.5
SUPER_15,3980000,0,0,2,2,0,0,4
SUPER_15,3990000,2,1,0,3,1,1,30
SUPER_15,4000000,1,0,0,1,1,0,NaN
SUPER_15,4010000,1,0,1,2,1,0,2
SUPER_15,4020000,10,1,0,11,8,2,1
SUPER_15,4030000,168,11,9,188,84,84,18.75
SUPER_15,4040000,38,2,3,43,12,26,8.4
SUPER_15,4050000,7,2,0,9,3,4,7
SUPER_15,4060000,3,1,0,4,2,1,1
SUPER_15,4070000,2,0,1,3,1,1,1
SUPER_15,4080000,2,0,0,2,1,1,NaN
SUPER_15,4090000,2,0,0,2,2,0,NaN
SUPER_15,4100000,0,0,0,0,0,0,0
SUPER_15,4110000,0,0,0,0,0,0,0
SUPER_15,4120000,11,1,1,13,6,5,6.5
SUPER_15,4130000,13,1,0,14,6,7,1
SUPER_15,4140000,120,6,3,129,65,55,12.444445
SUPER_15,4150000,134,11,13,158,60,74,8.25
SUPER_15,4160000,0,0,0,0,0,0,0
SUPER_15,4170000,0,0,0,0,0,0,0
SUPER_15,4180000,47,3,5,55,30,17,8
SUPER_15,4190000,34,1,3,38,23,11,2
SUPER_15,4200000,75,3,2,80,48,27,2
SUPER_15,4210000,146,9,7,162,88,58,3.75
SUPER_15,4220000,93,6,7,106,47,46,9.384615
SUPER_15,4230000,20,2,2,24,12,8,32.75
SUPER_15,4240000,20,2,1,23,11,9,6.3333335
SUPER_15,4250000,7,0,0,7,3,4,NaN
SUPER_15,4260000,35,5,5,45,23,12,6
SUPER_15,4270000,0,0,1,1,0,0,1
SUPER_15,4280000,2,0,0,2,2,0,NaN
SUPER_15,4290000,1,0,0,1,1,0,NaN
SUPER_15,4300000,1,0,0,1,1,0,NaN
SUPER_15,4310000,1,0,0,1,1,0,NaN
SUPER_15,4320000,3,0,0,3,2,1,NaN
SUPER_15,4330000,3,0,0,3,1,2,NaN
SUPER_15,4340000,3,0,1,4,2,1,26
SUPER_15,4350000,2,1,0,3,0,2,34
SUPER_15,4360000,0,0,0,0,0,0,0
SUPER_15,4370000,0,0,0,0,0,0,0
SUPER_15,4380000,2,1,0,3,2,0,5
SUPER_15,4390000,2,0,0,2,0,2,NaN
SUPER_15,4400000,5,0,0,5,2,3,NaN
SUPER_15,4410000,13,2,1,16,5,8,1.3333334
SUPER_15,4420000,198,17,12,227,101,97,4.724138
SUPER_15,4430000,48,6,4,58,27,21,27
SUPER_15,4440000,61,6,7,74,28,33,18.076923
SUPER_15,4450000,132,5,7,144,57,75,37.333332
SUPER_15,4460000,90,5,10,105,46,44,8.733334
SUPER_15,4470000,78,7,7,92,33,45,5.214286
SUPER_15,4480000,0,0,0,0,0,0,0
SUPER_15,4490000,0,0,0,0,0,0,0
SUPER_15,4500000,159,8,8,175,94,65,13.6875
SUPER_15,4510000,155,20,9,184,88,67,13.068966
SUPER_15,4520000,103,6,6,115,42,61,9.583333
SUPER_15,4530000,46,6,6,58,23,23,46.25
SUPER_15,4540000,31,2,4,37,13,18,3.8333333
SUPER_15,4550000,3,1,0,4,2,1,2
SUPER_15,4560000,5,0,0,5,3,2,NaN
SUPER_15,4570000,72,7,4,83,31,41,3.8181818
SUPER_15,4580000,126,9,13,148,61,65,6.2272725
SUPER_15,4590000,165,11,13,189,90,75,11
SUPER_15,4600000,69,8,4,81,35,34,3.4166667
SUPER_15,4610000,67,5,2,74,40,27,7.285714
SUPER_15,4620000,82,9,3,94,39,43,2.8333333
SUPER_15,4630000,3,0,0,3,2,1,NaN
SUPER_15,4640000,41,1,3,45,22,19,51.75
SUPER_15,4650000,131,9,13,153,67,64,12.636364
SUPER_15,4660000,48,2,2,52,22,26,4
SUPER_15,4670000,147,12,5,164,73,74,5
SUPER_15,4680000,120,4,8,132,65,55,4.8333335
SUPER_15,4690000,198,12,21,231,102,96,4.939394
SUPER_15,4700000,141,11,13,165,67,74,6.7916665
SUPER_15,4710000,1,1,0,2,0,1,21
SUPER_15,4720000,2,0,0,2,1,1,NaN
SUPER_15,4730000,1,0,0,1,0,1,NaN
SUPER_15,4740000,3,0,0,3,1,2,NaN
SUPER_15,4750000,1,0,0,1,1,0,NaN
SUPER_15,4760000,10,3,0,13,5,5,3
SUPER_15,4770000,62,2,2,66,35,27,4
SUPER_15,4780000,1,0,0,1,0,1,NaN
SUPER_15,4790000,2,0,0,2,2,0,NaN
SUPER_15,4800000,0,1,1,2,0,0,1
SUPER_15,4810000,105,7,14,126,50,55,7.095238
SUPER_15,4820000,107,4,11,122,51,56,6.2
SUPER_15,4830000,2,0,0,2,2,0,NaN
SUPER_15,4840000,11,1,2,14,6,5,6.3333335
SUPER_15,4850000,2,0,1,3,2,0,1
SUPER_15,4860000,31,1,0,32,17,14,2
SUPER_15,4870000,33,5,1,39,18,15,6.8333335
SUPER_15,4880000,84,5,6,95,42,42,6.2727275
SUPER_15,4890000,93,8,4,105,53,40,16.083334
SUPER_15,4900000,159,13,13,185,88,71,36.384617
SUPER_15,4910000,180,17,17,214,88,92,9.941176
SUPER_15,4920000,0,0,0,0,0,0,0
SUPER_15,4930000,0,0,0,0,0,0,0
SUPER_15,4940000,131,5,10,146,59,72,22.6
SUPER_15,4950000,81,7,4,92,45,36,3.7272727
SUPER_15,4960000,134,15,9,158,66,68,3.3333333
SUPER_15,4970000,20,2,2,24,8,12,2.25
SUPER_15,4980000,170,4,15,189,96,74,7
SUPER_15,4990000,132,13,8,153,62,70,6.047619
SUPER_15,5000000,119,4,10,133,63,56,12.214286
SUPER_15,5010000,144,4,14,162,64,80,5.888889
SUPER_15,5020000,114,9,2,125,59,55,4.7272725
SUPER_15,5030000,55,2,8,65,27,28,4.3
SUPER_15,5040000,156,8,15,179,78,78,6.7826085
SUPER_15,5050000,227,17,21,265,104,123,7.0789475
SUPER_15,5060000,148,12,14,174,75,73,17.423077
SUPER_15,5070000,112,9,10,131,59,53,2.7894738
SUPER_15,5080000,3,0,0,3,1,2,NaN
SUPER_15,5090000,0,0,0,0,0,0,0
SUPER_15,5100000,0,0,0,0,0,0,0
SUPER_15,5110000,5,1,0,6,1,4,42
SUPER_15,5120000,5,0,0,5,4,1,NaN
SUPER_15,5130000,5,1,1,7,3,2,8.5
SUPER_15,5140000,51,3,7,61,20,31,6.2
SUPER_15,5150000,101,7,8,116,57,44,15.4
SUPER_15,5160000,67,2,3,72,36,31,3.4
SUPER_15,5170000,107,8,6,121,57,50,10.571428
SUPER_15,5180000,94,9,11,114,51,43,4.3
SUPER_15,5190000,58,9,5,72,33,25,8.857142
SUPER_15,5200000,25,1,2,28,12,13,1.6666666
SUPER_15,5210000,74,13,8,95,29,45,3.3809524
SUPER_15,5220000,52,2,4,58,21,31,2
SUPER_15,5230000,33,7,4,44,12,21,8
SUPER_15,5240000,122,16,10,148,60,62,4.0384617
SUPER_15,5250000,68,4,9,81,35,33,4.5384617
SUPER_15,5260000,99,6,8,113,38,61,52
SUPER_15,5270000,1,2,0,3,1,0,5
SUPER_15,5280000,33,3,2,38,13,20,3.4
SUPER_15,5290000,75,15,8,98,43,32,9.304348
SUPER_15,5300000,162,11,15,188,73,89,9.038462
SUPER_15,5310000,20,4,2,26,8,12,6.3333335
SUPER_15,5320000,111,10,6,127,63,48,4.3125
SUPER_15,5330000,167,9,10,186,101,66,9.368421
SUPER_15,5340000,182,12,10,204,92,90,6.090909
SUPER_15,5350000,90,3,6,99,45,45,4.3333335
SUPER_15,5360000,100,13,7,120,51,49,10
SUPER_15,5370000,101,9,3,113,46,55,9.333333
SUPER_15,5380000,14,1,1,16,8,6,1
SUPER_15,5390000,89,10,6,105,42,47,8.375
SUPER_15,5400000,123,11,8,142,60,63,2.5789473
SUPER_15,5410000,95,7,4,106,48,47,6.6363635
SUPER_15,5420000,41,6,2,49,21,20,3.75
SUPER_15,5430000,0,1,1,2,0,0,19
SUPER_15,5440000,4,0,0,4,3,1,NaN
SUPER_15,5450000,2,0,0,2,1,1,NaN
SUPER_15,5460000,4,0,0,4,2,2,NaN
SUPER_15,5470000,0,0,1,1,0,0,1
SUPER_15,5480000,0,0,0,0,0,0,0
SUPER_15,5490000,0,0,0,0,0,0,0
SUPER_15,5500000,1,1,0,2,1,0,2
SUPER_15,5510000,0,0,0,0,0,0,0
SUPER_15,5520000,0,0,0,0,0,0,0
SUPER_15,5530000,0,0,0,0,0,0,0
SUPER_15,5540000,0,0,0,0,0,0,0
SUPER_15,5550000,9,2,1,12,3,6,10
SUPER_15,5560000,1,0,0,1,1,0,NaN
SUPER_15,5570000,1,0,0,1,1,0,NaN
SUPER_15,5580000,2,0,0,2,1,1,NaN
SUPER_15,5590000,1,1,0,2,1,0,6
SUPER_15,5600000,1,0,0,1,0,1,NaN
SUPER_15,5610000,4,0,0,4,3,1,NaN
SUPER_15,5620000,3,1,0,4,0,3,2
SUPER_15,5630000,19,0,3,22,11,8,1.3333334
SUPER_15,5640000,180,12,13,205,88,92,4.48
SUPER_15,5650000,8,1,2,11,5,3,1.3333334
SUPER_15,5660000,80,3,9,92,35,45,21
SUPER_15,5670000,134,12,10,156,53,81,9.318182
SUPER_15,5680000,135,12,16,163,67,68,9.071428
SUPER_15,5690000,6,2,0,8,5,1,34
SUPER_15,5700000,1,0,0,1,1,0,NaN
SUPER_15,5710000,0,1,0,1,0,0,14
SUPER_15,5720000,1,0,0,1,0,1,NaN
SUPER_15,5730000,0,0,1,1,0,0,2
SUPER_15,5740000,1,0,1,2,1,0,3
SUPER_15,5750000,0,1,0,1,0,0,2
SUPER_15,5760000,1,0,0,1,0,1,NaN
SUPER_15,5770000,1,0,1,2,0,1,1
SUPER_15,5780000,3,1,1,5,3,0,1.5
SUPER_15,5790000,4,1,0,5,2,2,5
SUPER_15,5800000,2,1,1,4,2,0,5
SUPER_15,5810000,4,0,2,6,1,3,1.5
SUPER_15,5820000,7,0,1,8,2,5,1
SUPER_15,5830000,4,0,1,5,2,2,1
SUPER_15,5840000,3,0,0,3,2,1,NaN
SUPER_15,5850000,58,1,6,65,29,29,10
SUPER_15,5860000,114,18,9,141,58,56,5.888889
SUPER_15,5870000,97,2,4,103,52,45,1.6666666
SUPER_15,5880000,105,8,4,117,51,54,4.25
SUPER_15,5890000,0,0,0,0,0,0,0
SUPER_15,5900000,0,0,0,0,0,0,0
SUPER_15,5910000,89,8,7,104,50,39,16.133333
SUPER_15,5920000,3,0,1,4,3,0,1
SUPER_15,5930000,4,0,0,4,4,0,NaN
SUPER_15,5940000,1,0,0,1,1,0,NaN
SUPER_15,5950000,4,1,0,5,3,1,4
SUPER_15,5960000,37,8,3,48,14,23,3
SUPER_15,5970000,109,8,10,127,52,57,5.2222223
SUPER_15,5980000,43,3,8,54,21,22,47.363636
SUPER_15,5990000,124,9,9,142,66,58,4.111111
SUPER_15,6000000,107,3,9,119,55,52,1.75
SUPER_15,6010000,32,1,1,34,13,19,1.5
SUPER_15,6020000,28,3,2,33,13,15,11.6
SUPER_15,6030000,83,6,3,92,40,43,2.2222223
SUPER_15,6040000,92,6,6,104,49,43,4.9166665
SUPER_15,6050000,132,11,5,148,71,61,7.4375
SUPER_15,6060000,155,9,8,172,80,75,7.0588236
SUPER_15,6070000,134,5,6,145,64,70,6.2727275
SUPER_15,6080000,86,11,4,101,50,36,8
SUPER_15,6090000,3,2,2,7,2,1,3.5
SUPER_15,6100000,50,6,3,59,26,24,5.5555553
SUPER_15,6110000,106,11,3,120,57,49,6.214286
SUPER_15,6120000,86,5,6,97,35,51,10.545455
SUPER_15,6130000,92,5,8,105,51,41,4.230769
SUPER_15,6140000,110,8,8,126,51,59,10.625
SUPER_15,6150000,99,15,8,122,50,49,14.73913
SUPER_15,6160000,25,3,2,30,16,9,7.8
SUPER_15,6170000,101,8,10,119,45,56,7.611111
SUPER_15,6180000,24,1,1,26,11,13,4
SUPER_15,6190000,37,5,1,43,19,18,3
SUPER_15,6200000,194,11,9,214,92,102,28.95
SUPER_15,6210000,82,5,9,96,44,38,7.214286
SUPER_15,6220000,200,11,12,223,97,103,3.3913043
SUPER_15,6230000,106,3,11,120,51,55,6.5
SUPER_15,6240000,58,9,6,73,24,34,32.266666
SUPER_15,6250000,85,3,9,97,35,50,4.8333335
SUPER_15,6260000,183,10,7,200,83,100,12
SUPER_15,6270000,0,0,0,0,0,0,0
SUPER_15,6280000,0,0,0,0,0,0,0
SUPER_15,6290000,83,9,5,97,45,38,7.357143
SUPER_15,6300000,55,3,2,60,27,28,1.6
SUPER_15,6310000,92,6,8,106,44,48,7.142857
SUPER_15,6320000,65,4,4,73,42,23,5.125
SUPER_15,6330000,71,9,3,83,37,34,4.4166665
SUPER_15,6340000,20,3,0,23,12,8,4.6666665
SUPER_15,6350000,0,0,0,0,0,0,0
SUPER_15,6360000,0,0,0,0,0,0,0
SUPER_15,6370000,0,0,0,0,0,0,0
SUPER_15,6380000,12,0,1,13,9,3,1
SUPER_15,6390000,1,1,0,2,1,0,11
SUPER_15,6400000,4,1,0,5,4,0,6
SUPER_15,6410000,1,0,0,1,0,1,NaN
SUPER_15,6420000,0,0,0,0,0,0,0
SUPER_15,6430000,0,0,0,0,0,0,0
SUPER_15,6440000,37,3,8,48,20,17,6.7272725
SUPER_15,6450000,103,9,10,122,52,51,6.5789475
SUPER_15,6460000,1,1,2,4,1,0,10.333333
SUPER_15,6470000,2,1,0,3,0,2,1
SUPER_15,6480000,94,10,7,111,39,55,27
SUPER_15,6490000,111,10,13,134,54,57,4.521739
SUPER_15,6500000,42,3,2,47,26,16,8.2
SUPER_15,6510000,88,9,12,109,44,44,9.904762
SUPER_15,6520000,107,10,8,125,62,45,7.5
SUPER_15,6530000,86,7,7,100,35,51,1.8571428
SUPER_15,6540000,84,6,8,98,45,39,6.142857
SUPER_15,6550000,104,8,10,122,50,54,4.4444447
SUPER_15,6560000,70,10,9,89,26,44,4.736842
SUPER_15,6570000,3,0,0,3,0,3,NaN
SUPER_15,6580000,0,3,0,3,0,0,1.3333334
SUPER_15,6590000,2,0,1,3,0,2,1
SUPER_15,6600000,29,4,2,35,10,19,8.833333
SUPER_15,6610000,110,7,5,122,57,53,7.75
SUPER_15,6620000,87,8,9,104,48,39,20.529411
SUPER_15,6630000,94,7,11,112,37,57,27.38889
SUPER_15,6640000,104,12,12,128,47,57,9.166667
SUPER_15,6650000,47,5,3,55,24,23,6.5
SUPER_15,6660000,1,1,2,4,0,1,4
SUPER_15,6670000,16,4,2,22,8,8,43.166668
SUPER_15,6680000,29,0,2,31,14,15,15
SUPER_15,6690000,130,11,12,153,62,68,12.043478
SUPER_15,6700000,60,3,5,68,30,30,5.625
SUPER_15,6710000,54,2,4,60,32,22,4
SUPER_15,6720000,185,12,18,215,95,90,5.8
SUPER_15,6730000,108,8,13,129,58,50,9.428572
SUPER_15,6740000,38,5,4,47,17,21,37
SUPER_15,6750000,97,5,11,113,45,52,4
SUPER_15,6760000,56,7,6,69,27,29,2.5384614
SUPER_15,6770000,189,13,8,210,108,81,12.142858
SUPER_15,6780000,69,7,3,79,36,33,8.9
SUPER_15,6790000,119,3,8,130,66,53,3.090909
SUPER_15,6800000,180,15,19,214,102,78,10.176471
SUPER_15,6810000,115,9,8,132,61,54,6.117647
SUPER_15,6820000,17,4,3,24,10,7,2.857143
SUPER_15,6830000,110,9,5,124,61,49,11
SUPER_15,6840000,34,4,3,41,15,19,11.285714
SUPER_15,6850000,15,0,0,15,5,10,NaN
SUPER_15,6860000,59,5,7,71,30,29,2.6666667
SUPER_15,6870000,119,16,19,154,67,52,5.142857
SUPER_15,6880000,115,12,15,142,58,57,11.333333
SUPER_15,6890000,144,14,14,172,72,72,6.642857
SUPER_15,6900000,108,13,8,129,56,52,12.190476
SUPER_15,6910000,0,0,0,0,0,0,0
SUPER_15,6920000,0,0,0,0,0,0,0
SUPER_15,6930000,0,0,0,0,0,0,0
SUPER_15,6940000,0,0,0,0,0,0,0
SUPER_15,6950000,0,0,0,0,0,0,0
SUPER_15,6960000,97,7,11,115,55,42,3.8888888
SUPER_15,6970000,103,3,4,110,50,53,52.285713
SUPER_15,6980000,64,6,7,77,32,32,3.9230769
SUPER_15,6990000,4,1,0,5,0,4,3
SUPER_15,7000000,1,0,0,1,1,0,NaN
SUPER_15,7010000,50,4,4,58,20,30,4
SUPER_15,7020000,37,0,0,37,14,23,NaN
SUPER_15,7030000,2,1,0,3,1,1,8
SUPER_15,7040000,74,4,12,90,36,38,14.8125
SUPER_15,7050000,88,5,12,105,41,47,11.764706
SUPER_15,7060000,209,15,16,240,114,95,8.451612
SUPER_15,7070000,75,8,2,85,38,37,8.5
SUPER_15,7080000,130,4,7,141,64,66,6.090909
SUPER_15,7090000,157,10,6,173,78,79,9.625
SUPER_15,7100000,92,7,4,103,52,40,20.272728
SUPER_15,7110000,96,9,4,109,46,50,5.6923075
SUPER_15,7120000,43,5,6,54,22,21,24.727272
SUPER_15,7130000,124,6,5,135,67,57,6.909091
SUPER_15,7140000,0,0,0,0,0,0,0
SUPER_15,7150000,0,0,0,0,0,0,0
SUPER_15,7160000,144,9,12,165,72,72,4.8095236
SUPER_15,7170000,193,6,12,211,109,84,8
SUPER_15,7180000,2,0,0,2,2,0,NaN
SUPER_15,7190000,0,0,1,1,0,0,1
SUPER_15,7200000,1,1,0,2,1,0,2
SUPER_15,7210000,1,1,0,2,0,1,39
SUPER_15,7220000,0,0,0,0,0,0,0
SUPER_15,7230000,0,0,0,0,0,0,0
SUPER_15,7240000,117,6,9,132,62,55,5.6666665
SUPER_15,7250000,107,10,11,128,52,55,31.380953
SUPER_15,7260000,112,4,6,122,62,50,5.5
SUPER_15,7270000,0,0,0,0,0,0,0
SUPER_15,7280000,0,0,0,0,0,0,0
SUPER_15,7290000,0,0,0,0,0,0,0
SUPER_15,7300000,6,1,2,9,4,2,2
SUPER_15,7310000,99,6,7,112,53,46,21.153847
SUPER_15,7320000,149,9,11,169,76,73,5.6
SUPER_15,7330000,135,6,20,161,59,76,4.076923
SUPER_15,7340000,20,2,1,23,9,11,5.3333335
SUPER_15,7350000,2,0,0,2,2,0,NaN
SUPER_15,7360000,2,0,0,2,1,1,NaN
SUPER_15,7370000,2,0,1,3,2,0,5
SUPER_15,7380000,3,1,3,7,2,1,5.5
SUPER_15,7390000,0,0,0,0,0,0,0
SUPER_15,7400000,0,0,0,0,0,0,0
SUPER_15,7410000,2,1,0,3,0,2,2
SUPER_15,7420000,1,1,0,2,1,0,1
SUPER_15,7430000,0,0,1,1,0,0,2
SUPER_15,7440000,4,0,1,5,3,1,1
SUPER_15,7450000,5,0,2,7,3,2,1
SUPER_15,7460000,7,3,0,10,4,3,6.6666665
SUPER_15,7470000,0,1,0,1,0,0,1
SUPER_15,7480000,2,1,0,3,1,1,1
SUPER_15,7490000,3,0,0,3,0,3,NaN
SUPER_15,7500000,3,0,0,3,1,2,NaN
SUPER_15,7510000,2,0,0,2,2,0,NaN
SUPER_15,7520000,1,0,0,1,0,1,NaN
SUPER_15,7530000,1,0,0,1,0,1,NaN
SUPER_15,7540000,30,0,2,32,13,17,5.5
SUPER_15,7550000,93,5,7,105,51,42,2.8333333
SUPER_15,7560000,0,0,0,0,0,0,0
SUPER_15,7570000,0,0,0,0,0,0,0
SUPER_15,7580000,0,0,0,0,0,0,0
SUPER_15,7590000,0,0,0,0,0,0,0
SUPER_15,7600000,0,0,0,0,0,0,0
SUPER_15,7610000,0,0,0,0,0,0,0
SUPER_15,7620000,0,0,0,0,0,0,0
SUPER_15,7630000,0,0,0,0,0,0,0
SUPER_15,7640000,0,0,0,0,0,0,0
SUPER_15,7650000,0,0,0,0,0,0,0
SUPER_15,7660000,0,0,0,0,0,0,0
SUPER_15,7670000,12,4,1,17,7,5,2.4
SUPER_15,7680000,0,0,0,0,0,0,0
SUPER_15,7690000,0,0,0,0,0,0,0
SUPER_15,7700000,2,0,2,4,1,1,1
SUPER_15,7710000,115,10,9,134,62,53,5.736842
SUPER_15,7720000,3,0,1,4,2,1,1
SUPER_15,7730000,75,6,1,82,41,34,9.571428
SUPER_15,7740000,5,0,0,5,3,2,NaN
SUPER_15,7750000,1,0,0,1,0,1,NaN
SUPER_15,7760000,1,0,1,2,0,1,4
SUPER_15,7770000,1,0,0,1,1,0,NaN
SUPER_15,7780000,24,3,1,28,14,10,3.25
SUPER_15,7790000,114,8,9,131,56,58,5.529412
SUPER_15,7800000,111,8,7,126,64,47,19.333334
SUPER_15,7810000,22,1,2,25,12,10,7.3333335
SUPER_15,7820000,12,1,1,14,8,4,23
SUPER_15,7830000,36,2,6,44,22,14,20.625
SUPER_15,7840000,112,5,5,122,62,50,4.3
SUPER_15,7850000,93,5,6,104,52,41,7.818182
SUPER_15,7860000,37,1,4,42,19,18,2.6
SUPER_15,7870000,23,3,1,27,13,10,7.25
SUPER_15,7880000,0,0,0,0,0,0,0
SUPER_15,7890000,0,0,0,0,0,0,0
SUPER_15,7900000,81,5,9,95,41,40,5.5
SUPER_15,7910000,3,0,0,3,2,1,NaN
SUPER_15,7920000,3,0,0,3,1,2,NaN
SUPER_15,7930000,8,2,1,11,4,4,13.333333
SUPER_15,7940000,1,0,0,1,1,0,NaN
SUPER_15,7950000,2,0,0,2,2,0,NaN
SUPER_15,7960000,4,1,0,5,2,2,6
SUPER_15,7970000,8,2,0,10,3,5,4.5
SUPER_15,7980000,2,0,1,3,1,1,6
SUPER_15,7990000,2,0,0,2,1,1,NaN
SUPER_15,8000000,1,0,1,2,0,1,1
SUPER_15,8010000,2,0,0,2,2,0,NaN
SUPER_15,8020000,3,0,0,3,0,3,NaN
SUPER_15,8030000,4,0,0,4,3,1,NaN
SUPER_15,8040000,3,1,2,6,2,1,4
SUPER_15,8050000,3,3,0,6,1,2,3.3333333
SUPER_15,8060000,0,2,0,2,0,0,14.5
SUPER_15,8070000,1,0,0,1,1,0,NaN
SUPER_15,8080000,0,0,0,0,0,0,0
SUPER_15,8090000,0,0,0,0,0,0,0
SUPER_15,8100000,5,2,0,7,2,3,4.5
SUPER_15,8110000,4,0,1,5,2,2,1
SUPER_15,8120000,3,0,0,3,3,0,NaN
SUPER_15,8130000,7,0,0,7,3,4,NaN
SUPER_15,8140000,0,0,0,0,0,0,0
SUPER_15,8150000,0,0,0,0,0,0,0
SUPER_15,8160000,4,2,1,7,2,2,10.333333
SUPER_15,8170000,34,7,5,46,19,15,13.25
SUPER_15,8180000,1,0,0,1,1,0,NaN
SUPER_15,8190000,0,0,0,0,0,0,0
SUPER_15,8200000,0,0,0,0,0,0,0
SUPER_15,8210000,0,0,0,0,0,0,0
SUPER_15,8220000,123,13,10,146,63,60,12.652174
SUPER_15,8230000,203,13,9,225,98,105,37.272728
SUPER_15,8240000,37,0,1,38,16,21,1
SUPER_15,8250000,3,0,0,3,1,2,NaN
SUPER_15,8260000,3,0,1,4,2,1,1
SUPER_15,8270000,2,1,1,4,1,1,1.5
SUPER_15,8280000,1,1,0,2,1,0,65
SUPER_15,8290000,17,0,2,19,10,7,4.5
SUPER_15,8300000,149,8,4,161,88,61,11.25
SUPER_15,8310000,93,9,7,109,49,44,9.1875
SUPER_15,8320000,80,6,2,88,44,36,7.375
SUPER_15,8330000,1,0,0,1,0,1,NaN
SUPER_15,8340000,2,0,0,2,0,2,NaN
SUPER_15,8350000,2,0,0,2,1,1,NaN
SUPER_15,8360000,2,0,0,2,0,2,NaN
SUPER_15,8370000,1,0,0,1,0,1,NaN
SUPER_15,8380000,0,0,0,0,0,0,0
SUPER_15,8390000,0,0,0,0,0,0,0
SUPER_15,8400000,0,0,0,0,0,0,0
SUPER_15,8410000,0,0,0,0,0,0,0
SUPER_15,8420000,4,1,2,7,2,2,1
SUPER_15,8430000,1,0,1,2,1,0,1
SUPER_15,8440000,2,0,2,4,1,1,2
SUPER_15,8450000,4,0,0,4,2,2,NaN
SUPER_15,8460000,3,0,0,3,1,2,NaN
SUPER_15,8470000,3,0,1,4,1,2,4
SUPER_15,8480000,113,5,7,125,53,60,1.8333334
SUPER_15,8490000,155,15,10,180,85,70,18.84
SUPER_15,8500000,86,6,9,101,42,44,19.866667
SUPER_15,8510000,16,0,3,19,9,7,9.333333
SUPER_15,8520000,6,0,0,6,1,5,NaN
SUPER_15,8530000,134,9,9,152,68,66,11.5
SUPER_15,8540000,142,7,6,155,81,61,2.2307692
SUPER_15,8550000,5,0,1,6,1,4,1
SUPER_15,8560000,1,1,0,2,1,0,6
SUPER_15,8570000,80,4,2,86,42,38,7.3333335
SUPER_15,8580000,0,0,0,0,0,0,0
SUPER_15,8590000,0,0,0,0,0,0,0
SUPER_15,8600000,101,7,4,112,48,53,2.2727273
SUPER_15,8610000,77,6,1,84,42,35,4.428571
SUPER_15,8620000,127,10,11,148,74,53,5.142857
SUPER_15,8630000,199,7,12,218,101,98,6.0526314
SUPER_15,8640000,70,3,10,83,30,40,29.23077
SUPER_15,8650000,30,2,2,34,19,11,12.25
SUPER_15,8660000,83,4,8,95,42,41,7.75
SUPER_15,8670000,209,17,18,244,110,99,5.0571427
SUPER_15,8680000,197,24,14,235,95,102,4.5
SUPER_15,8690000,114,6,7,127,62,52,13.384615
SUPER_15,8700000,126,13,12,151,63,63,12.72
SUPER_15,8710000,109,10,5,124,54,55,5.4666667
SUPER_15,8720000,26,1,1,28,14,12,5.5
SUPER_15,8730000,265,13,14,292,127,138,3.7777777
SUPER_15,8740000,156,12,8,176,85,71,19.3
SUPER_15,8750000,123,6,12,141,57,66,35.666668
SUPER_15,8760000,169,14,21,204,90,79,6.3142858
SUPER_15,8770000,137,10,17,164,62,75,5.0740743
SUPER_15,8780000,27,3,1,31,15,12,8.75
SUPER_15,8790000,124,6,8,138,69,55,4.428571
SUPER_15,8800000,49,6,4,59,27,22,7.7
SUPER_15,8810000,15,3,1,19,7,8,5
SUPER_15,8820000,69,5,3,77,37,32,11.625
SUPER_15,8830000,135,16,11,162,67,68,5.4814816
SUPER_15,8840000,78,3,5,86,38,40,10.625
SUPER_15,8850000,186,16,16,218,99,87,4.625
SUPER_15,8860000,37,4,3,44,18,19,2.5714285
SUPER_15,8870000,16,2,5,23,9,7,3.7142856
SUPER_15,8880000,0,0,0,0,0,0,0
SUPER_15,8890000,0,0,0,0,0,0,0
SUPER_15,8900000,210,10,17,237,102,108,8.740741
SUPER_15,8910000,133,15,8,156,62,71,4.0869565
SUPER_15,8920000,101,6,5,112,57,44,3.3636363
SUPER_15,8930000,162,7,15,184,95,67,9.363636
SUPER_15,8940000,131,7,6,144,52,79,8.153846
SUPER_15,8950000,77,3,2,82,43,34,5.2
SUPER_15,8960000,72,1,3,76,44,28,2.75
SUPER_15,8970000,114,6,3,123,60,54,6.5555553
SUPER_15,8980000,68,3,3,74,40,28,4.3333335
SUPER_15,8990000,108,7,5,120,69,39,6.9166665
SUPER_15,9000000,163,15,17,195,81,82,20.21875
SUPER_15,9010000,139,14,7,160,66,73,7.5238094
SUPER_15,9020000,85,5,3,93,40,45,4.25
SUPER_15,9030000,100,5,9,114,58,42,8
SUPER_15,9040000,143,11,6,160,82,61,6.117647
SUPER_15,9050000,151,8,6,165,72,79,8.071428
SUPER_15,9060000,105,3,12,120,53,52,6
SUPER_15,9070000,49,3,7,59,25,24,3.8
SUPER_15,9080000,142,16,15,173,84,58,4.483871
SUPER_15,9090000,114,5,1,120,64,50,4
SUPER_15,9100000,140,8,11,159,75,65,14.315789
SUPER_15,9110000,99,18,5,122,47,52,21
SUPER_15,9120000,130,6,14,150,62,68,6.3
SUPER_15,9130000,139,10,9,158,75,64,16.473684
SUPER_15,9140000,55,6,3,64,31,24,14.666667
SUPER_15,9150000,39,1,1,41,26,13,4.5
SUPER_15,9160000,2,0,0,2,0,2,NaN
SUPER_15,9170000,108,8,5,121,62,46,6.230769
SUPER_15,9180000,190,16,18,224,99,91,11.029411
SUPER_15,9190000,118,15,6,139,68,50,6.6666665
SUPER_15,9200000,13,0,3,16,8,5,3
SUPER_15,9210000,41,2,7,50,15,26,6.2222223
SUPER_15,9220000,2,1,0,3,1,1,1
SUPER_15,9230000,53,6,9,68,23,30,8.533334
SUPER_15,9240000,125,11,15,151,69,56,4.8461537
SUPER_15,9250000,111,6,6,123,57,54,2.75
SUPER_15,9260000,110,8,6,124,56,54,4.142857
SUPER_15,9270000,45,8,7,60,17,28,4.733333
SUPER_15,9280000,102,8,12,122,54,48,10.05
SUPER_15,9290000,99,7,7,113,50,49,8.428572
SUPER_15,9300000,26,0,2,28,18,8,1
SUPER_15,9310000,114,7,8,129,63,51,20.8
SUPER_15,9320000,118,7,20,145,51,67,41.555557
SUPER_15,9330000,0,0,0,0,0,0,0
SUPER_15,9340000,0,0,0,0,0,0,0
SUPER_15,9350000,48,1,5,54,26,22,14
SUPER_15,9360000,202,10,22,234,100,102,8.46875
SUPER_15,9370000,119,8,11,138,55,64,4.1578946
SUPER_15,9380000,5,0,0,5,4,1,NaN
SUPER_15,9390000,135,15,9,159,66,69,4.4166665
SUPER_15,9400000,162,11,16,189,82,80,6.0740743
SUPER_15,9410000,55,2,6,63,33,22,5.125
SUPER_15,9420000,92,14,5,111,48,44,3.368421
SUPER_15,9430000,172,10,17,199,85,87,7.4074073
SUPER_15,9440000,100,13,8,121,49,51,12.333333
SUPER_15,9450000,106,11,10,127,58,48,7.5238094
SUPER_15,9460000,72,8,5,85,39,33,3.8461537
SUPER_15,9470000,67,5,6,78,34,33,8.818182
SUPER_15,9480000,2,0,0,2,1,1,NaN
SUPER_15,9490000,4,0,0,4,2,2,NaN
SUPER_15,9500000,10,0,0,10,1,9,NaN
SUPER_15,9510000,97,19,4,120,47,50,11.217391
SUPER_15,9520000,0,0,0,0,0,0,0
SUPER_15,9530000,0,0,0,0,0,0,0
SUPER_15,9540000,151,10,17,178,74,77,4.3333335
SUPER_15,9550000,79,4,10,93,37,42,2.5714285
SUPER_15,9560000,11,1,3,15,3,8,9.25
SUPER_15,9570000,51,1,4,56,23,28,1.6
SUPER_15,9580000,91,7,7,105,50,41,5.928571
SUPER_15,9590000,53,3,10,66,24,29,6.923077
SUPER_15,9600000,97,10,4,111,40,57,6.571429
SUPER_15,9610000,159,15,22,196,81,78,14.054054
SUPER_15,9620000,137,9,9,155,74,63,4.6666665
SUPER_15,9630000,116,10,10,136,63,53,16.85
SUPER_15,9640000,142,10,15,167,58,84,8.48
SUPER_15,9650000,107,6,7,120,71,36,6.5384617
SUPER_15,9660000,42,3,4,49,24,18,6.428571
SUPER_15,9670000,57,5,4,66,24,33,20.555555
SUPER_15,9680000,107,14,7,128,43,64,7.7619047
SUPER_15,9690000,12,1,1,14,7,5,1
SUPER_15,9700000,78,10,6,94,37,41,7.6875
SUPER_15,9710000,74,6,5,85,38,36,3.8181818
SUPER_15,9720000,125,13,12,150,53,72,11.24
SUPER_15,9730000,125,13,10,148,69,56,8.347826
SUPER_15,9740000,161,7,6,174,91,70,7.1538463
SUPER_15,9750000,43,3,5,51,24,19,4.75
SUPER_15,9760000,62,2,5,69,34,28,14.285714
SUPER_15,9770000,128,15,12,155,55,73,15.111111
SUPER_15,9780000,102,3,8,113,50,52,17.90909
SUPER_15,9790000,112,10,7,129,57,55,13.941176
SUPER_15,9800000,129,7,8,144,69,60,8.8
SUPER_15,9810000,0,1,0,1,0,0,1
SUPER_15,9820000,176,15,9,200,82,94,6.0416665
SUPER_15,9830000,108,5,11,124,52,56,5
SUPER_15,9840000,108,7,6,121,54,54,3.9230769
SUPER_15,9850000,151,9,15,175,85,66,5.9583335
SUPER_15,9860000,94,9,11,114,53,41,3.6
SUPER_15,9870000,137,3,8,148,58,79,17.727272
SUPER_15,9880000,149,8,12,169,85,64,6.75
SUPER_15,9890000,182,4,16,202,86,96,5.7
SUPER_15,9900000,80,9,8,97,45,35,22.647058
SUPER_15,9910000,2,0,0,2,2,0,NaN
SUPER_15,9920000,0,0,0,0,0,0,0
SUPER_15,9930000,0,0,0,0,0,0,0
SUPER_15,9940000,2,2,1,5,2,0,3
SUPER_15,9950000,83,9,5,97,34,49,3.357143
SUPER_15,9960000,132,6,12,150,73,59,3.2777777
SUPER_15,9970000,70,8,9,87,31,39,5.882353
SUPER_15,9980000,100,9,3,112,50,50,8.333333
SUPER_15,9990000,86,7,6,99,43,43,3.2307692
SUPER_15,10000000,2,0,1,3,1,1,23
SUPER_15,10010000,0,3,0,3,0,0,1
SUPER_15,10020000,13,4,1,18,3,10,3.2
SUPER_15,10030000,72,4,4,80,38,34,5.875
SUPER_15,10040000,50,2,6,58,30,20,8.625
SUPER_15,10050000,31,0,2,33,17,14,22.5
SUPER_15,10060000,51,3,5,59,35,16,64.25
SUPER_15,10070000,99,8,2,109,57,42,6.5
SUPER_15,10080000,123,14,12,149,64,59,19.576923
SUPER_15,10090000,16,4,1,21,5,11,12
SUPER_15,10100000,181,9,15,205,89,92,8.291667
SUPER_15,10110000,190,16,16,222,102,88,10.96875
SUPER_15,10120000,72,7,4,83,36,36,2.909091
SUPER_15,10130000,121,10,8,139,49,72,6.9444447
SUPER_15,10140000,155,8,17,180,87,68,24.56
SUPER_15,10150000,98,7,2,107,55,43,5
SUPER_15,10160000,39,2,4,45,15,24,66
SUPER_15,10170000,154,8,10,172,78,76,20.944445
SUPER_15,10180000,115,9,10,134,58,57,5.8421054
SUPER_15,10190000,19,2,3,24,9,10,9.6
SUPER_15,10200000,105,5,9,119,52,53,4.285714
SUPER_15,10210000,146,13,11,170,77,69,4.8333335
SUPER_15,10220000,146,13,10,169,66,80,3.4782608
SUPER_15,10230000,124,3,7,134,73,51,23.7
SUPER_15,10240000,35,4,6,45,16,19,3.7
SUPER_15,10250000,3,0,0,3,1,2,NaN
SUPER_15,10260000,0,0,0,0,0,0,0
SUPER_15,10270000,0,0,0,0,0,0,0
SUPER_15,10280000,27,3,6,36,14,13,8.888889
SUPER_15,10290000,0,1,1,2,0,0,1.5
SUPER_15,10300000,2,0,0,2,1,1,NaN
SUPER_15,10310000,4,2,1,7,2,2,20
SUPER_15,10320000,41,3,5,49,24,17,7
SUPER_15,10330000,34,3,4,41,19,15,6.142857
SUPER_15,10340000,3,0,1,4,2,1,1
SUPER_15,10350000,37,4,3,44,23,14,1.8571428
SUPER_15,10360000,104,7,3,114,59,45,6.9
SUPER_15,10370000,55,4,2,61,27,28,5.3333335
SUPER_15,10380000,97,6,11,114,49,48,15.117647
SUPER_15,10390000,36,4,3,43,19,17,2.7142856
SUPER_15,10400000,141,11,9,161,76,65,6.6
SUPER_15,10410000,121,13,12,146,52,69,23.12
SUPER_15,10420000,47,1,3,51,24,23,11.75
SUPER_15,10430000,136,7,11,154,74,62,3.0555556
SUPER_15,10440000,125,3,10,138,70,55,31.615385
SUPER_15,10450000,145,11,12,168,75,70,11.695652
SUPER_15,10460000,25,1,5,31,13,12,38.166668
SUPER_15,10470000,38,2,2,42,17,21,7
SUPER_15,10480000,107,9,13,129,42,65,6
SUPER_15,10490000,103,4,8,115,55,48,3.5833333
SUPER_15,10500000,101,9,6,116,43,58,26.866667
SUPER_15,10510000,118,13,6,137,61,57,21.68421
SUPER_15,10520000,99,7,5,111,43,56,2.3333333
SUPER_15,10530000,62,8,3,73,27,35,38.454544
SUPER_15,10540000,128,14,18,160,59,69,5.75
SUPER_15,10550000,143,8,7,158,76,67,3.6
SUPER_15,10560000,109,5,8,122,43,66,7.6153846
SUPER_15,10570000,107,7,10,124,52,55,25.058823
SUPER_15,10580000,167,8,11,186,76,91,8.157895
SUPER_15,10590000,0,0,0,0,0,0,0
SUPER_15,10600000,0,0,0,0,0,0,0
SUPER_15,10610000,0,0,0,0,0,0,0
SUPER_15,10620000,0,0,0,0,0,0,0
SUPER_15,10630000,51,3,5,59,17,34,8.875
SUPER_15,10640000,23,1,2,26,9,14,6
SUPER_15,10650000,84,7,8,99,43,41,5.133333
SUPER_15,10660000,67,8,4,79,37,30,5
SUPER_15,10670000,13,1,0,14,7,6,8
SUPER_15,10680000,121,7,10,138,71,50,8.764706
SUPER_15,10690000,93,11,5,109,50,43,12.25
SUPER_15,10700000,6,0,0,6,1,5,NaN
SUPER_15,10710000,0,0,0,0,0,0,0
SUPER_15,10720000,0,0,0,0,0,0,0
SUPER_15,10730000,9,0,2,11,2,7,1.5
SUPER_15,10740000,0,1,0,1,0,0,1
SUPER_15,10750000,2,0,0,2,0,2,NaN
SUPER_15,10760000,4,0,1,5,2,2,1
SUPER_15,10770000,4,1,0,5,2,2,2
SUPER_15,10780000,17,3,4,24,8,9,2.4285715
SUPER_15,10790000,23,1,4,28,10,13,6.2
SUPER_15,10800000,81,8,13,102,31,50,6
SUPER_15,10810000,120,10,12,142,62,58,9.272727
SUPER_15,10820000,106,6,7,119,63,43,6.3846154
SUPER_15,10830000,158,12,7,177,88,70,6.7894735
SUPER_15,10840000,73,5,6,84,36,37,11
SUPER_15,10850000,98,6,5,109,53,45,14.909091
SUPER_15,10860000,113,10,15,138,47,66,6.96
SUPER_15,10870000,141,15,13,169,79,62,4.785714
SUPER_15,10880000,78,5,2,85,44,34,3.4285715
SUPER_15,10890000,4,0,0,4,2,2,NaN
SUPER_15,10900000,144,10,13,167,73,71,6.173913
SUPER_15,10910000,121,5,5,131,58,63,2.2
SUPER_15,10920000,156,13,12,181,87,69,15.92
SUPER_15,10930000,118,8,11,137,71,47,3.1578948
SUPER_15,10940000,179,6,17,202,91,88,22.391304
SUPER_15,10950000,72,8,3,83,30,42,2.6363637
SUPER_15,10960000,191,13,14,218,100,91,8
SUPER_15,10970000,101,9,9,119,56,45,25.277779
SUPER_15,10980000,93,2,4,99,43,50,13.666667
SUPER_15,10990000,72,5,15,92,43,29,69.7
SUPER_15,11000000,163,10,19,192,91,72,4.206897
SUPER_15,11010000,73,8,4,85,36,37,13.666667
SUPER_15,11020000,87,7,7,101,47,40,2.9285715
SUPER_15,11030000,145,17,7,169,68,77,6.9583335
SUPER_15,11040000,14,1,1,16,6,8,2
SUPER_15,11050000,56,4,2,62,25,31,2.3333333
SUPER_15,11060000,148,9,9,166,70,78,5.5555553
SUPER_15,11070000,179,13,9,201,88,91,7.9545455
SUPER_15,11080000,153,8,13,174,79,74,33.95238
SUPER_15,11090000,34,1,2,37,17,17,3.3333333
SUPER_15,11100000,40,2,0,42,21,19,17
SUPER_15,11110000,131,10,8,149,69,62,15.5
SUPER_15,11120000,110,6,14,130,46,64,5.4
SUPER_15,11130000,137,12,6,155,85,52,30.777779
SUPER_15,11140000,96,6,6,108,57,39,9.166667
SUPER_15,11150000,109,8,8,125,60,49,22.4375
SUPER_15,11160000,93,8,8,109,49,44,12.5
SUPER_15,11170000,95,5,4,104,53,42,5.5555553
SUPER_15,11180000,157,10,8,175,80,77,5.1666665
SUPER_15,11190000,179,8,11,198,100,79,6.368421
SUPER_15,11200000,164,12,14,190,77,87,19.615385
SUPER_15,11210000,146,3,7,156,82,64,8.1
SUPER_15,11220000,200,14,18,232,93,107,4.4375
SUPER_15,11230000,0,0,0,0,0,0,0
SUPER_15,11240000,0,0,0,0,0,0,0
SUPER_15,11250000,86,6,4,96,41,45,8.7
SUPER_15,11260000,2,1,1,4,2,0,2
SUPER_15,11270000,2,1,0,3,1,1,3
SUPER_15,11280000,1,1,0,2,0,1,5
SUPER_15,11290000,1,0,0,1,0,1,NaN
SUPER_15,11300000,36,1,4,41,19,17,2.8
SUPER_15,11310000,144,20,22,186,63,81,4.5
SUPER_15,11320000,75,1,6,82,38,37,4.428571
SUPER_15,11330000,113,10,8,131,62,51,5.7222223
SUPER_15,11340000,112,8,8,128,51,61,6.8125
SUPER_15,11350000,73,5,6,84,27,46,36.363636
SUPER_15,11360000,112,9,4,125,53,59,2.7692308
SUPER_15,11370000,95,6,4,105,53,42,7.8
SUPER_15,11380000,67,3,9,79,34,33,5.9166665
SUPER_15,11390000,79,4,2,85,35,44,14.833333
SUPER_15,11400000,74,7,3,84,38,36,3.5
SUPER_15,11410000,26,1,0,27,13,13,4
SUPER_15,11420000,35,1,6,42,16,19,5.571429
SUPER_15,11430000,149,10,12,171,66,83,17.272728
SUPER_15,11440000,110,2,5,117,50,60,6
SUPER_15,11450000,145,11,13,169,65,80,5.125
SUPER_15,11460000,98,7,5,110,52,46,4.3333335
SUPER_15,11470000,4,0,0,4,1,3,NaN
SUPER_15,11480000,3,0,0,3,0,3,NaN
SUPER_15,11490000,64,3,3,70,32,32,4.3333335
SUPER_15,11500000,80,6,3,89,45,35,9
SUPER_15,11510000,92,6,6,104,43,49,7
SUPER_15,11520000,41,6,1,48,20,21,2.2857144
SUPER_15,11530000,4,1,0,5,1,3,5
SUPER_15,11540000,81,8,12,101,31,50,5.35
SUPER_15,11550000,120,10,13,143,53,67,4.869565
SUPER_15,11560000,136,5,10,151,69,67,11.466666
SUPER_15,11570000,153,11,9,173,80,73,42.25
SUPER_15,11580000,80,8,5,93,30,50,4.230769
SUPER_15,11590000,48,5,7,60,22,26,2.1666667
SUPER_15,11600000,83,6,7,96,40,43,43.53846
SUPER_15,11610000,47,5,4,56,18,29,12.444445
SUPER_15,11620000,88,8,4,100,48,40,13.75
SUPER_15,11630000,72,6,4,82,27,45,7.9
SUPER_15,11640000,79,9,11,99,35,44,15.55
SUPER_15,11650000,109,8,9,126,53,56,42.411766
SUPER_15,11660000,36,3,3,42,24,12,12.333333
SUPER_15,11670000,7,0,0,7,3,4,NaN
SUPER_15,11680000,23,2,2,27,8,15,4.25
SUPER_15,11690000,75,2,5,82,35,40,2.4285715
SUPER_15,11700000,34,2,4,40,19,15,4.1666665
SUPER_15,11710000,3,1,0,4,2,1,1
SUPER_15,11720000,7,0,2,9,5,2,7.5
SUPER_15,11730000,13,1,2,16,5,8,1.3333334
SUPER_15,11740000,80,3,7,90,39,41,16.2
SUPER_15,11750000,123,16,10,149,59,64,7.269231
SUPER_15,11760000,67,7,7,81,33,34,4.571429
SUPER_15,11770000,51,7,3,61,20,31,8.7
SUPER_15,11780000,46,8,2,56,26,20,4.3
SUPER_15,11790000,60,1,6,67,33,27,19.428572
SUPER_15,11800000,20,0,4,24,5,15,78
SUPER_15,11810000,4,0,0,4,1,3,NaN
SUPER_15,11820000,153,7,8,168,76,77,7
SUPER_15,11830000,61,10,10,81,26,35,3.15
SUPER_15,11840000,34,6,4,44,20,14,33.4
SUPER_15,11850000,0,0,0,0,0,0,0
SUPER_15,11860000,0,0,0,0,0,0,0
SUPER_15,11870000,64,4,5,73,35,29,6.4444447
SUPER_15,11880000,98,9,13,120,51,47,9.681818
SUPER_15,11890000,77,3,6,86,32,45,18.666666
SUPER_15,11900000,96,8,9,113,54,42,11
SUPER_15,11910000,113,8,10,131,50,63,3.5555556
SUPER_15,11920000,81,9,5,95,39,42,30.714285
SUPER_15,11930000,117,9,8,134,52,65,4.7647057
SUPER_15,11940000,44,4,2,50,22,22,2.5
SUPER_15,11950000,101,8,8,117,54,47,24.3125
SUPER_15,11960000,83,10,3,96,55,28,9.692307
SUPER_15,11970000,152,14,19,185,74,78,7.4545455
SUPER_15,11980000,95,13,7,115,47,48,5.3
SUPER_15,11990000,108,10,5,123,58,50,3.4666667
SUPER_15,12000000,58,1,4,63,33,25,27.6
SUPER_15,12010000,120,12,13,145,62,58,9
SUPER_15,12020000,109,13,8,130,49,60,2.9047618
SUPER_15,12030000,58,9,8,75,27,31,3.2941177
SUPER_15,12040000,51,9,6,66,17,34,9.066667
SUPER_15,12050000,111,9,7,127,51,60,5.5
SUPER_15,12060000,2,0,0,2,2,0,NaN
SUPER_15,12070000,9,0,2,11,5,4,15
SUPER_15,12080000,2,0,0,2,1,1,NaN
SUPER_15,12090000,51,5,6,62,24,27,11.727273
SUPER_15,12100000,97,8,6,111,49,48,12.642858
SUPER_15,12110000,113,5,7,125,58,55,5.4166665
SUPER_15,12120000,107,14,7,128,60,47,2.7142856
SUPER_15,12130000,169,2,16,187,92,77,12.5
SUPER_15,12140000,158,8,6,172,90,68,4.071429
SUPER_15,12150000,250,13,16,279,128,122,21.896551
SUPER_15,12160000,44,3,0,47,22,22,3.3333333
SUPER_15,12170000,103,5,2,110,59,44,6.571429
SUPER_15,12180000,15,1,1,17,10,5,1
SUPER_15,12190000,127,6,7,140,64,63,73.69231
SUPER_15,12200000,145,9,11,165,76,69,5.7
SUPER_15,12210000,37,2,0,39,17,20,8
SUPER_15,12220000,0,0,0,0,0,0,0
SUPER_15,12230000,0,0,0,0,0,0,0
SUPER_15,12240000,42,1,3,46,21,21,2.75
SUPER_15,12250000,129,6,8,143,65,64,5
SUPER_15,12260000,114,7,12,133,50,64,4.368421
SUPER_15,12270000,136,5,10,151,57,79,16.4
SUPER_15,12280000,25,2,0,27,14,11,2
SUPER_15,12290000,5,1,0,6,2,3,1
SUPER_15,12300000,123,9,9,141,62,61,5.2222223
SUPER_15,12310000,98,6,4,108,48,50,3.1
SUPER_15,12320000,222,13,14,249,114,108,6.5925927
SUPER_15,12330000,105,8,9,122,45,60,22.705883
SUPER_15,12340000,116,7,5,128,49,67,4.75
SUPER_15,12350000,49,4,1,54,25,24,2.6
SUPER_15,12360000,57,5,4,66,27,30,3.8888888
SUPER_15,12370000,0,0,0,0,0,0,0
SUPER_15,12380000,0,0,0,0,0,0,0
SUPER_15,12390000,2,0,1,3,2,0,1
SUPER_15,12400000,101,6,11,118,52,49,6.529412
SUPER_15,12410000,61,4,4,69,36,25,4
SUPER_15,12420000,114,8,3,125,59,55,4.4545455
SUPER_15,12430000,111,8,7,126,53,58,5
SUPER_15,12440000,161,11,20,192,81,80,6.032258
SUPER_15,12450000,44,4,3,51,22,22,1.4285715
SUPER_15,12460000,130,9,16,155,68,62,24.72
SUPER_15,12470000,50,0,4,54,25,25,1
SUPER_15,12480000,100,9,11,120,44,56,4.8
SUPER_15,12490000,87,7,7,101,40,47,5.5
SUPER_15,12500000,158,9,13,180,81,77,16.181818
SUPER_15,12510000,97,11,4,112,53,44,6.2
SUPER_15,12520000,125,6,8,139,68,57,4.928571
SUPER_15,12530000,112,6,10,128,61,51,4.75
SUPER_15,12540000,34,8,2,44,16,18,8.5
SUPER_15,12550000,203,11,18,232,108,95,5.448276
SUPER_15,12560000,111,8,3,122,56,55,6.6363635
SUPER_15,12570000,159,8,16,183,84,75,11.958333
SUPER_15,12580000,166,12,10,188,79,87,8.318182
SUPER_15,12590000,91,7,4,102,45,46,6.4545455
SUPER_15,12600000,85,3,3,91,40,45,4
SUPER_15,12610000,140,9,12,161,70,70,6.8095236
SUPER_15,12620000,113,7,10,130,58,55,2.764706
SUPER_15,12630000,1,0,0,1,1,0,NaN
SUPER_15,12640000,3,0,1,4,2,1,1
SUPER_15,12650000,91,8,3,102,45,46,7.6363635
SUPER_15,12660000,71,5,1,77,38,33,3
SUPER_15,12670000,111,3,4,118,56,55,1.7142857
SUPER_15,12680000,141,13,11,165,63,78,39.625
SUPER_15,12690000,107,10,11,128,58,49,7.3809524
SUPER_15,12700000,125,7,3,135,74,51,4.1
SUPER_15,12710000,67,4,3,74,39,28,3.142857
SUPER_15,12720000,185,5,9,199,92,93,2
SUPER_15,12730000,80,3,3,86,37,43,9.5
SUPER_15,12740000,100,7,10,117,59,41,4.529412
SUPER_15,12750000,102,7,10,119,53,49,17.705883
SUPER_15,12760000,8,1,0,9,2,6,2
SUPER_15,12770000,0,0,0,0,0,0,0
SUPER_15,12780000,0,0,0,0,0,0,0
SUPER_15,12790000,113,8,10,131,62,51,20.277779
SUPER_15,12800000,114,17,10,141,65,49,3.0370371
SUPER_15,12810000,77,9,6,92,32,45,3.9333334
SUPER_15,12820000,71,4,2,77,29,42,1.8333334
SUPER_15,12830000,139,10,11,160,60,79,7.142857
SUPER_15,12840000,66,7,6,79,29,37,7.3846154
SUPER_15,12850000,42,1,0,43,18,24,1
SUPER_15,12860000,64,8,4,76,35,29,3.6666667
SUPER_15,12870000,64,6,10,80,34,30,3.6875
SUPER_15,12880000,182,13,15,210,94,88,6.571429
SUPER_15,12890000,150,9,19,178,78,72,5.357143
SUPER_15,12900000,136,11,8,155,56,80,5.4736843
SUPER_15,12910000,2,0,0,2,1,1,NaN
SUPER_15,12920000,0,1,0,1,0,0,1
SUPER_15,12930000,0,1,2,3,0,0,6.6666665
SUPER_15,12940000,0,0,1,1,0,0,2
SUPER_15,12950000,75,6,12,93,35,40,16.666666
SUPER_15,12960000,50,4,4,58,34,16,2.875
SUPER_15,12970000,98,7,5,110,50,48,7.4166665
SUPER_15,12980000,148,12,15,175,78,70,6.259259
SUPER_15,12990000,231,11,23,265,115,116,9.529411
SUPER_15,13000000,84,7,9,100,50,34,4.25
SUPER_15,13010000,80,10,8,98,35,45,4.3333335
SUPER_15,13020000,109,12,7,128,58,51,7.263158
SUPER_15,13030000,72,1,5,78,34,38,7.1666665
SUPER_15,13040000,54,3,9,66,27,27,6
SUPER_15,13050000,38,3,7,48,18,20,8.7
SUPER_15,13060000,118,8,6,132,57,61,6.857143
SUPER_15,13070000,145,9,13,167,76,69,8.136364
SUPER_15,13080000,36,3,2,41,23,13,2.8
SUPER_15,13090000,1,1,0,2,1,0,2
SUPER_15,13100000,0,0,0,0,0,0,0
SUPER_15,13110000,0,0,0,0,0,0,0
SUPER_15,13120000,51,7,4,62,30,21,4.7272725
SUPER_15,13130000,47,2,4,53,29,18,21.833334
SUPER_15,13140000,6,2,1,9,3,3,11.333333
SUPER_15,13150000,10,0,0,10,7,3,NaN
SUPER_15,13160000,69,8,10,87,33,36,12.722222
SUPER_15,13170000,32,4,2,38,19,13,3.6666667
SUPER_15,13180000,33,2,3,38,15,18,1.8
SUPER_15,13190000,24,1,1,26,17,7,3.5
SUPER_15,13200000,21,2,6,29,11,10,6.375
SUPER_15,13210000,23,4,0,27,13,10,1
SUPER_15,13220000,11,1,0,12,5,6,2
SUPER_15,13230000,7,2,2,11,5,2,1.5
SUPER_15,13240000,4,3,0,7,2,2,2
SUPER_15,13250000,2,0,1,3,2,0,1
SUPER_15,13260000,0,0,1,1,0,0,4
SUPER_15,13270000,2,0,0,2,0,2,NaN
SUPER_15,13280000,3,1,0,4,1,2,2
SUPER_15,13290000,5,1,1,7,1,4,38
SUPER_15,13300000,5,0,0,5,2,3,NaN
SUPER_15,13310000,126,15,8,149,77,49,6.4347825
SUPER_15,13320000,121,8,17,146,58,63,13.8
SUPER_15,13330000,73,3,1,77,46,27,4.25
SUPER_15,13340000,22,3,4,29,11,11,5
SUPER_15,13350000,21,1,1,23,14,7,3.5
SUPER_15,13360000,58,11,7,76,30,28,9.777778
SUPER_15,13370000,34,4,5,43,12,22,13.777778
SUPER_15,13380000,110,11,5,126,52,58,5.75
SUPER_15,13390000,17,1,1,19,7,10,19.5
SUPER_15,13400000,68,4,6,78,37,31,7.6
SUPER_15,13410000,113,8,8,129,64,49,7
SUPER_15,13420000,98,5,5,108,49,49,31.2
SUPER_15,13430000,96,13,10,119,51,45,6.9565215
SUPER_15,13440000,41,6,3,50,16,25,5.111111
SUPER_15,13450000,120,8,13,141,68,52,4.571429
SUPER_15,13460000,142,14,13,169,77,65,12.074074
SUPER_15,13470000,107,9,11,127,55,52,5.15
SUPER_15,13480000,87,10,3,100,52,35,7.6153846
SUPER_15,13490000,109,5,4,118,49,60,2.1111112
SUPER_15,13500000,88,7,5,100,40,48,3.5833333
SUPER_15,13510000,39,3,2,44,27,12,10.4
SUPER_15,13520000,1,0,0,1,1,0,NaN
SUPER_15,13530000,2,1,0,3,1,1,52
SUPER_15,13540000,3,0,0,3,3,0,NaN
SUPER_15,13550000,2,0,3,5,0,2,6.6666665
SUPER_15,13560000,83,8,7,98,41,42,7.5333333
SUPER_15,13570000,87,2,4,93,39,48,6.1666665
SUPER_15,13580000,70,2,2,74,33,37,3.75
SUPER_15,13590000,18,0,4,22,12,6,6.75
SUPER_15,13600000,68,7,5,80,27,41,40.666668
SUPER_15,13610000,46,7,4,57,32,14,6.2727275
SUPER_15,13620000,131,4,8,143,72,59,5.25
SUPER_15,13630000,36,5,4,45,14,22,8
SUPER_15,13640000,41,2,4,47,24,17,2.6666667
SUPER_15,13650000,0,1,0,1,0,0,6
SUPER_15,13660000,3,0,1,4,3,0,2
SUPER_15,13670000,0,1,0,1,0,0,8
SUPER_15,13680000,7,2,1,10,4,3,17.666666
SUPER_15,13690000,74,11,8,93,40,34,6.263158
SUPER_15,13700000,32,5,4,41,16,16,6.888889
SUPER_15,13710000,45,5,6,56,23,22,3.1818182
SUPER_15,13720000,12,2,0,14,4,8,5.5
SUPER_15,13730000,116,8,9,133,53,63,9.823529
SUPER_15,13740000,105,9,7,121,50,55,3.125
SUPER_15,13750000,96,8,11,115,54,42,6.105263
SUPER_15,13760000,153,12,11,176,77,76,4.478261
SUPER_15,13770000,87,4,5,96,58,29,6.111111
SUPER_15,13780000,104,6,16,126,47,57,3.5
SUPER_15,13790000,109,9,8,126,50,59,7.5882354
SUPER_15,13800000,71,5,10,86,34,37,7
SUPER_15,13810000,76,13,5,94,43,33,5.888889
SUPER_15,13820000,165,18,10,193,76,89,5.285714
SUPER_15,13830000,109,7,9,125,61,48,4
SUPER_15,13840000,96,6,12,114,44,52,4.388889
SUPER_15,13850000,125,10,8,143,64,61,3.8333333
SUPER_15,13860000,65,4,4,73,31,34,6
SUPER_15,13870000,81,6,8,95,33,48,8.214286
SUPER_15,13880000,29,5,6,40,14,15,10.454545
SUPER_15,13890000,103,3,6,112,65,38,9.666667
SUPER_15,13900000,93,8,7,108,49,44,12.466666
SUPER_15,13910000,44,6,5,55,20,24,4.5454545
SUPER_15,13920000,49,1,6,56,22,27,6.285714
SUPER_15,13930000,65,8,7,80,37,28,18.466667
SUPER_15,13940000,0,0,0,0,0,0,0
SUPER_15,13950000,0,0,0,0,0,0,0
SUPER_15,13960000,48,2,5,55,21,27,1.8571428
SUPER_15,13970000,2,0,0,2,1,1,NaN
SUPER_15,13980000,3,0,0,3,1,2,NaN
SUPER_15,13990000,4,1,1,6,3,1,3.5
SUPER_15,14000000,0,0,0,0,0,0,0
SUPER_15,14010000,0,0,0,0,0,0,0
SUPER_15,14020000,3,0,1,4,2,1,2
SUPER_15,14030000,6,0,0,6,1,5,NaN
SUPER_15,14040000,2,0,0,2,2,0,NaN
SUPER_15,14050000,3,0,1,4,2,1,4
SUPER_15,14060000,28,3,2,33,17,11,4.6
SUPER_15,14070000,56,4,5,65,32,24,7
SUPER_15,14080000,10,3,2,15,4,6,4.8
SUPER_15,14090000,2,0,0,2,1,1,NaN
SUPER_15,14100000,3,1,0,4,1,2,2
SUPER_15,14110000,4,0,0,4,1,3,NaN
SUPER_15,14120000,7,3,1,11,3,4,1.25
SUPER_15,14130000,19,2,1,22,9,10,43
SUPER_15,14140000,30,2,1,33,17,13,11.333333
SUPER_15,14150000,126,11,11,148,69,57,7.090909
SUPER_15,14160000,106,10,6,122,58,48,3.625
SUPER_15,14170000,80,1,2,83,41,39,4.3333335
SUPER_15,14180000,58,4,3,65,30,28,3.857143
SUPER_15,14190000,50,2,3,55,24,26,18.2
SUPER_15,14200000,110,9,10,129,69,41,18.421053
SUPER_15,14210000,97,5,3,105,45,52,5.125
SUPER_15,14220000,120,12,8,140,62,58,9.95
SUPER_15,14230000,115,6,4,125,65,50,3.9
SUPER_15,14240000,2,0,1,3,1,1,18
SUPER_15,14250000,1,0,0,1,1,0,NaN
SUPER_15,14260000,4,0,0,4,3,1,NaN
SUPER_15,14270000,0,0,0,0,0,0,0
SUPER_15,14280000,0,0,0,0,0,0,0
SUPER_15,14290000,49,2,4,55,24,25,2
SUPER_15,14300000,2,0,1,3,1,1,1
SUPER_15,14310000,2,0,0,2,1,1,NaN
SUPER_15,14320000,4,1,0,5,2,2,49
SUPER_15,14330000,119,5,7,131,64,55,5
SUPER_15,14340000,156,15,12,183,79,77,5.3703704
SUPER_15,14350000,79,9,6,94,41,38,3.9333334
SUPER_15,14360000,123,9,12,144,66,57,4.2380953
SUPER_15,14370000,149,11,8,168,78,71,3.8421052
SUPER_15,14380000,51,3,5,59,27,24,3.625
SUPER_15,14390000,17,3,3,23,13,4,1.5
SUPER_15,14400000,50,4,8,62,21,29,4.6666665
SUPER_15,14410000,83,2,11,96,44,39,11.076923
SUPER_15,14420000,18,1,2,21,7,11,3.3333333
SUPER_15,14430000,67,3,5,75,34,33,24
SUPER_15,14440000,49,4,2,55,26,23,7.5
SUPER_15,14450000,67,3,3,73,39,28,47
SUPER_15,14460000,100,7,11,118,56,44,9.611111
SUPER_15,14470000,148,7,9,164,77,71,2.625
SUPER_15,14480000,132,8,6,146,74,58,9.357142
SUPER_15,14490000,154,13,10,177,86,68,12.695652
SUPER_15,14500000,1,0,3,4,1,0,11.666667
SUPER_15,14510000,0,0,0,0,0,0,0
SUPER_15,14520000,0,0,0,0,0,0,0
SUPER_15,14530000,0,0,0,0,0,0,0
SUPER_15,14540000,0,0,0,0,0,0,0
SUPER_15,14550000,0,0,0,0,0,0,0
SUPER_15,14560000,27,4,4,35,18,9,5.375
SUPER_15,14570000,0,0,0,0,0,0,0
SUPER_15,14580000,0,0,0,0,0,0,0
SUPER_15,14590000,0,0,0,0,0,0,0
SUPER_15,14600000,0,0,0,0,0,0,0
SUPER_15,14610000,0,0,0,0,0,0,0
SUPER_15,14620000,0,0,0,0,0,0,0
SUPER_15,14630000,0,0,0,0,0,0,0
SUPER_15,14640000,88,4,6,98,42,46,9.8
SUPER_15,14650000,47,1,4,52,23,24,2
SUPER_15,14660000,106,9,10,125,48,58,7.7894735
SUPER_15,14670000,103,4,7,114,55,48,6.5454545
SUPER_15,14680000,88,3,4,95,42,46,4.285714
SUPER_15,14690000,81,5,8,94,49,32,23.76923
SUPER_15,14700000,128,10,7,145,72,56,6.352941
SUPER_15,14710000,106,10,3,119,70,36,7.076923
SUPER_15,14720000,114,8,10,132,64,50,13.5
SUPER_15,14730000,34,2,3,39,21,13,3.4
SUPER_15,14740000,78,8,7,93,35,43,8.6
SUPER_15,14750000,111,9,7,127,63,48,10.875
SUPER_15,14760000,62,4,2,68,32,30,16.333334
SUPER_15,14770000,11,2,1,14,8,3,6.3333335
SUPER_15,14780000,26,1,2,29,15,11,41
SUPER_15,14790000,17,6,0,23,9,8,10.333333
SUPER_15,14800000,30,3,3,36,15,15,4.3333335
SUPER_15,14810000,43,1,6,50,31,12,4.428571
SUPER_15,14820000,43,1,2,46,22,21,1.6666666
SUPER_15,14830000,32,1,2,35,22,10,48.666668
SUPER_15,14840000,24,4,7,35,12,12,3.5454545
SUPER_15,14850000,89,6,9,104,48,41,26.533333
SUPER_15,14860000,56,3,8,67,31,25,9.454545
SUPER_15,14870000,61,5,5,71,23,38,6
SUPER_15,14880000,35,2,5,42,12,23,5.428571
SUPER_15,14890000,71,5,5,81,28,43,3.1
SUPER_15,14900000,40,4,5,49,14,26,3.8888888
SUPER_15,14910000,34,4,1,39,25,9,10
SUPER_15,14920000,68,7,9,84,42,26,20.3125
SUPER_15,14930000,51,3,3,57,34,17,4.1666665
SUPER_15,14940000,103,8,4,115,43,60,9.333333
SUPER_15,14950000,50,2,5,57,26,24,5.714286
SUPER_15,14960000,66,6,4,76,30,36,12.1
SUPER_15,14970000,41,3,3,47,20,21,11.833333
SUPER_15,14980000,97,4,5,106,57,40,3.2222223
SUPER_15,14990000,79,3,9,91,44,35,7.1666665
SUPER_15,15000000,32,2,2,36,13,19,7
SUPER_15,15010000,3,0,1,4,2,1,6
SUPER_15,15020000,25,3,6,34,13,12,8.444445
SUPER_15,15030000,45,5,4,54,17,28,12.333333
SUPER_15,15040000,103,6,8,117,50,53,8.285714
SUPER_15,15050000,38,5,7,50,18,20,26.333334
SUPER_15,15060000,57,3,7,67,33,24,5.8
SUPER_15,15070000,197,8,4,209,117,80,3.25
SUPER_15,15080000,145,10,7,162,72,73,3.5294118
SUPER_15,15090000,2,0,0,2,1,1,NaN
SUPER_15,15100000,4,1,0,5,2,2,2
SUPER_15,15110000,1,0,0,1,0,1,NaN
SUPER_15,15120000,0,0,0,0,0,0,0
SUPER_15,15130000,0,0,0,0,0,0,0
SUPER_15,15140000,91,3,3,97,39,52,2.5
SUPER_15,15150000,19,3,1,23,10,9,1.5
SUPER_15,15160000,56,0,3,59,27,29,17.666666
SUPER_15,15170000,97,4,2,103,53,44,32.5
SUPER_15,15180000,95,10,2,107,42,53,5.8333335
SUPER_15,15190000,74,2,4,80,43,31,9.166667
SUPER_15,15200000,88,7,7,102,60,28,7.142857
SUPER_15,15210000,74,4,3,81,43,31,2.2857144
SUPER_15,15220000,74,1,4,79,32,42,4
SUPER_15,15230000,37,1,3,41,18,19,3.75
SUPER_15,15240000,153,10,8,171,74,79,15.333333
SUPER_15,15250000,72,10,4,86,37,35,7.785714
SUPER_15,15260000,159,15,12,186,83,76,10.222222
SUPER_15,15270000,150,6,9,165,79,71,6
SUPER_15,15280000,2,0,0,2,1,1,NaN
SUPER_15,15290000,61,6,4,71,40,21,14
SUPER_15,15300000,110,8,8,126,49,61,2.9375
SUPER_15,15310000,127,8,5,140,66,61,30.153847
SUPER_15,15320000,138,8,11,157,60,78,25.631578
SUPER_15,15330000,111,8,6,125,65,46,10.714286
SUPER_15,15340000,95,8,8,111,56,39,9.5
SUPER_15,15350000,162,8,13,183,78,84,14.952381
SUPER_15,15360000,50,2,3,55,31,19,1.4
SUPER_15,15370000,16,1,1,18,9,7,1
SUPER_15,15380000,177,3,6,186,97,80,23.333334
SUPER_15,15390000,82,6,12,100,39,43,4.6666665
SUPER_15,15400000,200,14,19,233,109,91,7.3939395
SUPER_15,15410000,153,7,10,170,86,67,4.0588236
SUPER_15,15420000,46,2,3,51,28,18,9.4
SUPER_15,15430000,115,9,10,134,58,57,4.6842103
SUPER_15,15440000,0,0,0,0,0,0,0
SUPER_15,15450000,0,0,0,0,0,0,0
SUPER_15,15460000,96,10,5,111,47,49,5.4666667
SUPER_15,15470000,2,0,0,2,1,1,NaN
SUPER_15,15480000,1,0,0,1,1,0,NaN
SUPER_15,15490000,71,3,3,77,35,36,6
SUPER_15,15500000,97,7,8,112,46,51,27.4
SUPER_15,15510000,4,0,0,4,2,2,NaN
SUPER_15,15520000,3,0,2,5,0,3,3.5
SUPER_15,15530000,1,0,1,2,1,0,1
SUPER_15,15540000,88,8,4,100,43,45,3.25
SUPER_15,15550000,98,4,6,108,65,33,63
SUPER_15,15560000,90,3,2,95,37,53,5.2
SUPER_15,15570000,146,10,7,163,84,62,4.1764708
SUPER_15,15580000,92,6,5,103,48,44,15.909091
SUPER_15,15590000,25,2,2,29,10,15,38.5
SUPER_15,15600000,10,2,0,12,5,5,4
SUPER_15,15610000,0,0,0,0,0,0,0
SUPER_15,15620000,0,0,0,0,0,0,0
SUPER_15,15630000,0,0,0,0,0,0,0
SUPER_15,15640000,0,0,0,0,0,0,0
SUPER_15,15650000,0,0,0,0,0,0,0
SUPER_15,15660000,46,7,2,55,27,19,2.1111112
SUPER_15,15670000,5,3,0,8,1,4,2.3333333
SUPER_15,15680000,8,1,1,10,6,2,1
SUPER_15,15690000,6,0,0,6,3,3,NaN
SUPER_15,15700000,8,2,0,10,3,5,10.5
SUPER_15,15710000,3,1,0,4,1,2,3
SUPER_15,15720000,1,0,0,1,0,1,NaN
SUPER_15,15730000,5,0,0,5,2,3,NaN
SUPER_15,15740000,124,9,9,142,65,59,4.5555553
SUPER_15,15750000,168,13,14,195,75,93,6.7777777
SUPER_15,15760000,86,3,4,93,44,42,4.857143
SUPER_15,15770000,81,7,8,96,40,41,4.5333333
SUPER_15,15780000,142,16,12,170,67,75,4.5
SUPER_15,15790000,186,11,18,215,93,93,5.8965516
SUPER_15,15800000,135,5,15,155,70,65,13.35
SUPER_15,15810000,160,6,7,173,79,81,11.769231
SUPER_15,15820000,188,12,16,216,98,90,5.892857
SUPER_15,15830000,117,12,8,137,57,60,2.85
SUPER_15,15840000,60,4,4,68,34,26,4.375
SUPER_15,15850000,53,5,7,65,32,21,5.4166665
SUPER_15,15860000,112,4,9,125,43,69,7.1538463
SUPER_15,15870000,62,6,1,69,35,27,5.285714
SUPER_15,15880000,60,5,6,71,28,32,8.818182
SUPER_15,15890000,102,6,11,119,49,53,12.411765
SUPER_15,15900000,4,0,0,4,2,2,NaN
SUPER_15,15910000,80,6,9,95,46,34,6.2
SUPER_15,15920000,115,11,12,138,52,63,12.608696
SUPER_15,15930000,27,2,3,32,11,16,1.8
SUPER_15,15940000,18,3,2,23,11,7,2.4
SUPER_15,15950000,137,9,8,154,63,74,7.2352943
SUPER_15,15960000,94,7,5,106,46,48,5.9166665
SUPER_15,15970000,131,11,12,154,60,71,4.347826
SUPER_15,15980000,131,16,7,154,67,64,6.130435
SUPER_15,15990000,119,9,9,137,64,55,5.7222223
SUPER_15,16000000,80,7,3,90,43,37,4
SUPER_15,16010000,75,6,3,84,34,41,2.3333333
SUPER_15,16020000,171,16,11,198,95,76,9.888889
SUPER_15,16030000,78,10,8,96,37,41,2.7222223
SUPER_15,16040000,43,5,5,53,18,25,1.9
SUPER_15,16050000,105,6,7,118,50,55,9.307693
SUPER_15,16060000,52,0,1,53,31,21,4
SUPER_15,16070000,82,2,6,90,40,42,12.75
SUPER_15,16080000,89,13,9,111,45,44,4.818182
SUPER_15,16090000,110,12,7,129,51,59,3.7368422
SUPER_15,16100000,68,7,2,77,38,30,5
SUPER_15,16110000,101,6,8,115,47,54,5.785714
SUPER_15,16120000,87,4,4,95,41,46,5
SUPER_15,16130000,155,13,6,174,86,69,3.4736843
SUPER_15,16140000,24,4,2,30,15,9,6
SUPER_15,16150000,156,8,16,180,79,77,8.541667
SUPER_15,16160000,32,2,4,38,15,17,3.3333333
SUPER_15,16170000,100,9,7,116,45,55,6.3125
SUPER_15,16180000,118,6,7,131,48,70,9.076923
SUPER_15,16190000,168,8,16,192,87,81,8.583333
SUPER_15,16200000,142,14,9,165,79,63,8.130435
SUPER_15,16210000,100,7,13,120,52,48,6.4
SUPER_15,16220000,102,9,6,117,48,54,5.266667
SUPER_15,16230000,149,12,7,168,76,73,7.4736843
SUPER_15,16240000,169,19,11,199,95,74,20.6
SUPER_15,16250000,0,0,0,0,0,0,0
SUPER_15,16260000,0,0,0,0,0,0,0
SUPER_15,16270000,109,12,12,133,63,46,7.4583335
SUPER_15,16280000,142,16,10,168,78,64,9.115385
SUPER_15,16290000,111,6,7,124,62,49,17.307692
SUPER_15,16300000,63,5,3,71,46,17,13.625
SUPER_15,16310000,150,9,5,164,78,72,11.428572
SUPER_15,16320000,138,6,13,157,78,60,7.7894735
SUPER_15,16330000,172,6,14,192,95,77,20.95
SUPER_15,16340000,127,14,11,152,62,65,3.84
SUPER_15,16350000,131,7,8,146,73,58,3.9333334
SUPER_15,16360000,113,6,4,123,71,42,21.2
SUPER_15,16370000,1,0,0,1,1,0,NaN
SUPER_15,16380000,0,0,0,0,0,0,0
SUPER_15,16390000,0,0,0,0,0,0,0
SUPER_15,16400000,73,6,4,83,38,35,2.9
SUPER_15,16410000,78,10,5,93,44,34,2.7333333
SUPER_15,16420000,103,11,7,121,55,48,8.055555
SUPER_15,16430000,165,7,11,183,89,76,5.2777777
SUPER_15,16440000,107,14,15,136,58,49,4.62069
SUPER_15,16450000,110,7,11,128,49,61,7.111111
SUPER_15,16460000,129,13,18,160,56,73,9.225806
SUPER_15,16470000,66,3,6,75,35,31,8.888889
SUPER_15,16480000,74,8,5,87,35,39,6.4615383
SUPER_15,16490000,110,7,13,130,59,51,11
SUPER_15,16500000,94,6,7,107,47,47,6.769231
SUPER_15,16510000,84,9,3,96,44,40,7.5
SUPER_15,16520000,158,13,6,177,83,75,6.5263157
SUPER_15,16530000,66,2,3,71,31,35,1
SUPER_15,16540000,94,6,6,106,39,55,2.5833333
SUPER_15,16550000,107,8,7,122,54,53,8.933333
SUPER_15,16560000,126,4,13,143,69,57,7.117647
SUPER_15,16570000,77,7,7,91,40,37,5.428571
SUPER_15,16580000,8,0,0,8,3,5,NaN
SUPER_15,16590000,137,10,6,153,75,62,4.6875
SUPER_15,16600000,88,5,8,101,53,35,4
SUPER_15,16610000,148,12,10,170,85,63,26.40909
SUPER_15,16620000,72,5,2,79,37,35,5.142857
SUPER_15,16630000,46,3,5,54,28,18,8
SUPER_15,16640000,35,8,2,45,18,17,3.2
SUPER_15,16650000,82,6,7,95,42,40,8.923077
SUPER_15,16660000,74,9,5,88,38,36,6.714286
SUPER_15,16670000,18,0,0,18,9,9,NaN
SUPER_15,16680000,77,12,7,96,41,36,8.947369
SUPER_15,16690000,87,4,4,95,47,40,2.125
SUPER_15,16700000,91,9,4,104,46,45,8.615385
SUPER_15,16710000,57,3,8,68,33,24,3.5454545
SUPER_15,16720000,96,9,2,107,49,47,7.2727275
SUPER_15,16730000,43,0,6,49,24,19,2
SUPER_15,16740000,59,1,2,62,29,30,12.666667
SUPER_15,16750000,89,3,7,99,44,45,4.3
SUPER_15,16760000,58,2,2,62,24,34,2.75
SUPER_15,16770000,50,2,2,54,19,31,2.25
SUPER_15,16780000,109,4,8,121,59,50,12.416667
SUPER_15,16790000,24,1,2,27,15,9,5
SUPER_15,16800000,14,0,2,16,6,8,7
SUPER_15,16810000,104,4,7,115,51,53,1.8181819
SUPER_15,16820000,116,10,11,137,67,49,14.523809
SUPER_15,16830000,94,3,6,103,51,43,3.8888888
SUPER_15,16840000,163,6,10,179,83,80,12.3125
SUPER_15,16850000,19,1,2,22,5,14,5.3333335
SUPER_15,16860000,1,1,0,2,1,0,1
SUPER_15,16870000,186,9,8,203,103,83,9.411765
SUPER_15,16880000,6,1,0,7,5,1,1
SUPER_15,16890000,0,1,0,1,0,0,1
SUPER_15,16900000,0,1,0,1,0,0,6
SUPER_15,16910000,2,1,0,3,1,1,8
SUPER_15,16920000,27,4,1,32,16,11,2.8
SUPER_15,16930000,18,2,2,22,12,6,1.25
SUPER_15,16940000,155,5,5,165,85,70,4
SUPER_15,16950000,93,8,15,116,53,40,5.347826
SUPER_15,16960000,106,4,9,119,50,56,15.230769
SUPER_15,16970000,72,8,9,89,35,37,4.882353
SUPER_15,16980000,213,11,22,246,106,107,12.878788
SUPER_15,16990000,70,6,6,82,31,39,8.666667
SUPER_15,17000000,88,3,4,95,40,48,5.714286
SUPER_15,17010000,110,7,8,125,66,44,5.133333
SUPER_15,17020000,163,11,14,188,74,89,5.72
SUPER_15,17030000,144,6,14,164,74,70,21.15
SUPER_15,17040000,128,12,8,148,64,64,3.75
SUPER_15,17050000,104,6,6,116,57,47,6.25
SUPER_15,17060000,117,10,10,137,58,59,7
SUPER_15,17070000,40,5,6,51,20,20,6.909091
SUPER_15,17080000,144,9,8,161,74,70,24.705883
SUPER_15,17090000,38,5,3,46,17,21,4.125
SUPER_15,17100000,0,0,0,0,0,0,0
SUPER_15,17110000,0,0,0,0,0,0,0
SUPER_15,17120000,79,5,8,92,39,40,5.769231
SUPER_15,17130000,52,4,2,58,30,22,4.5
SUPER_15,17140000,104,13,7,124,54,50,3.9
SUPER_15,17150000,161,14,6,181,91,70,12
SUPER_15,17160000,105,8,11,124,49,56,10.315789
SUPER_15,17170000,156,8,12,176,83,73,4.05
SUPER_15,17180000,124,6,8,138,68,56,4.642857
SUPER_15,17190000,121,4,10,135,66,55,11.357142
SUPER_15,17200000,0,0,0,0,0,0,0
SUPER_15,17210000,0,0,0,0,0,0,0
SUPER_15,17220000,0,0,0,0,0,0,0
SUPER_15,17230000,0,0,0,0,0,0,0
SUPER_15,17240000,104,4,5,113,47,57,5.888889
SUPER_15,17250000,80,6,10,96,46,34,5.5625
SUPER_15,17260000,32,4,1,37,18,14,5.2
SUPER_15,17270000,104,9,9,122,52,52,11.166667
SUPER_15,17280000,20,1,0,21,10,10,1
SUPER_15,17290000,0,0,2,2,0,0,1
SUPER_15,17300000,127,8,8,143,56,71,5.1875
SUPER_15,17310000,22,1,3,26,9,13,9.25
SUPER_15,17320000,55,2,7,64,26,29,8.888889
SUPER_15,17330000,160,11,10,181,74,86,5.285714
SUPER_15,17340000,122,6,9,137,61,61,4
SUPER_15,17350000,113,7,9,129,64,49,6.1875
SUPER_15,17360000,100,4,11,115,47,53,26.8
SUPER_15,17370000,53,7,3,63,28,25,5.1
SUPER_15,17380000,4,0,0,4,3,1,NaN
SUPER_15,17390000,6,0,1,7,0,6,11
SUPER_15,17400000,146,8,16,170,68,78,13
SUPER_15,17410000,13,2,1,16,8,5,11
SUPER_15,17420000,3,0,0,3,0,3,NaN
SUPER_15,17430000,0,0,0,0,0,0,0
SUPER_15,17440000,0,0,0,0,0,0,0
SUPER_15,17450000,202,10,21,233,102,100,8.129032
SUPER_15,17460000,139,12,10,161,75,64,3.7272727
SUPER_15,17470000,111,11,10,132,62,49,6.428571
SUPER_15,17480000,70,7,8,85,37,33,66
SUPER_15,17490000,9,1,0,10,3,6,1
SUPER_15,17500000,70,4,5,79,37,33,7.6666665
SUPER_15,17510000,109,8,4,121,49,60,6.4166665
SUPER_15,17520000,36,2,2,40,15,21,1.75
SUPER_15,17530000,111,7,7,125,58,53,4.571429
SUPER_15,17540000,116,8,7,131,60,56,6.5333333
SUPER_15,17550000,79,4,1,84,29,50,5
SUPER_15,17560000,154,10,13,177,71,83,3.3043478
SUPER_15,17570000,0,0,0,0,0,0,0
SUPER_15,17580000,0,0,0,0,0,0,0
SUPER_15,17590000,46,2,3,51,19,27,5.4
SUPER_15,17600000,108,9,6,123,52,56,2.8666666
SUPER_15,17610000,121,7,10,138,65,56,2.8235295
SUPER_15,17620000,109,9,11,129,64,45,3.35
SUPER_15,17630000,164,10,13,187,83,81,13.73913
SUPER_15,17640000,54,3,8,65,25,29,13.090909
SUPER_15,17650000,128,8,10,146,64,64,40.444443
SUPER_15,17660000,203,12,18,233,108,95,23
SUPER_15,17670000,97,6,11,114,56,41,2.8823528
SUPER_15,17680000,77,10,9,96,36,41,5.5263157
SUPER_15,17690000,5,0,0,5,2,3,NaN
SUPER_15,17700000,1,0,0,1,0,1,NaN
SUPER_15,17710000,2,1,0,3,2,0,1
SUPER_15,17720000,3,2,1,6,1,2,2.3333333
SUPER_15,17730000,2,0,0,2,1,1,NaN
SUPER_15,17740000,2,0,0,2,1,1,NaN
SUPER_15,17750000,1,1,1,3,1,0,1
SUPER_15,17760000,1,0,0,1,0,1,NaN
SUPER_15,17770000,1,2,1,4,0,1,14.666667
SUPER_15,17780000,4,0,0,4,2,2,NaN
SUPER_15,17790000,3,1,0,4,3,0,2
SUPER_15,17800000,1,0,0,1,0,1,NaN
SUPER_15,17810000,3,0,0,3,2,1,NaN
SUPER_15,17820000,5,0,1,6,1,4,3
SUPER_15,17830000,3,0,0,3,2,1,NaN
SUPER_15,17840000,1,0,0,1,1,0,NaN
SUPER_15,17850000,3,0,0,3,3,0,NaN
SUPER_15,17860000,86,6,11,103,38,48,5.647059
SUPER_15,17870000,116,11,7,134,64,52,4.6666665
SUPER_15,17880000,143,15,13,171,73,70,4.642857
SUPER_15,17890000,87,7,10,104,40,47,7.1764708
SUPER_15,17900000,104,4,6,114,47,57,3
SUPER_15,17910000,34,1,1,36,19,15,1
SUPER_15,17920000,58,1,1,60,26,32,13.5
SUPER_15,17930000,154,13,13,180,74,80,4.4615383
SUPER_15,17940000,205,10,16,231,100,105,6.0384617
SUPER_15,17950000,89,3,3,95,43,46,4.6666665
SUPER_15,17960000,23,0,3,26,14,9,17.666666
SUPER_15,17970000,93,7,5,105,42,51,3.5
SUPER_15,17980000,47,4,2,53,18,29,10.333333
SUPER_15,17990000,160,13,9,182,89,71,3.3636363
SUPER_15,18000000,50,4,4,58,24,26,4.25
SUPER_15,18010000,124,8,9,141,57,67,12.294118
SUPER_15,18020000,109,9,10,128,52,57,3.1578948
SUPER_15,18030000,86,8,10,104,44,42,9.277778
SUPER_15,18040000,52,7,3,62,27,25,3
SUPER_15,18050000,4,0,1,5,4,0,1
SUPER_15,18060000,64,5,4,73,29,35,1.8888888
SUPER_15,18070000,180,12,9,201,100,80,37.095238
SUPER_15,18080000,125,10,7,142,59,66,22.235294
SUPER_15,18090000,34,2,3,39,15,19,3.8
SUPER_15,18100000,50,1,5,56,23,27,1.8333334
SUPER_15,18110000,146,10,14,170,75,71,11.75
SUPER_15,18120000,123,3,6,132,55,68,8
SUPER_15,18130000,168,13,16,197,70,98,9.5172415
SUPER_15,18140000,35,2,6,43,19,16,1
SUPER_15,18150000,66,2,2,70,34,32,3
SUPER_15,18160000,142,13,13,168,67,75,9.807693
SUPER_15,18170000,94,5,7,106,56,38,8.416667
SUPER_15,18180000,57,2,6,65,32,25,22.5
SUPER_15,18190000,167,12,9,188,86,81,4.5238094
SUPER_15,18200000,71,7,10,88,31,40,3.8235295
SUPER_15,18210000,134,8,13,155,64,70,30.714285
SUPER_15,18220000,52,4,3,59,29,23,2.4285715
SUPER_15,18230000,90,7,11,108,45,45,9.777778
SUPER_15,18240000,14,0,0,14,8,6,NaN
SUPER_15,18250000,8,2,0,10,4,4,7
SUPER_15,18260000,99,8,8,115,61,38,6.4375
SUPER_15,18270000,100,6,11,117,50,50,2.764706
SUPER_15,18280000,107,11,12,130,55,52,7.521739
SUPER_15,18290000,98,4,11,113,48,50,10.066667
SUPER_15,18300000,39,2,7,48,12,27,4.4444447
SUPER_15,18310000,118,10,7,135,69,49,4
SUPER_15,18320000,117,7,11,135,57,60,8.055555
SUPER_15,18330000,84,3,8,95,45,39,8.272727
SUPER_15,18340000,141,10,7,158,63,78,5
SUPER_15,18350000,125,13,10,148,64,61,3.6956522
SUPER_15,18360000,92,6,11,109,51,41,9.823529
SUPER_15,18370000,108,10,9,127,52,56,10.947369
SUPER_15,18380000,101,6,7,114,47,54,9.615385
SUPER_15,18390000,153,18,13,184,67,86,5.935484
SUPER_15,18400000,65,6,9,80,39,26,15.466666
SUPER_15,18410000,143,13,11,167,74,69,6.0833335
SUPER_15,18420000,62,6,11,79,28,34,5.882353
SUPER_15,18430000,103,8,4,115,49,54,2.1666667
SUPER_15,18440000,96,9,7,112,43,53,11.5
SUPER_15,18450000,82,5,4,91,46,36,5.7777777
SUPER_15,18460000,34,4,2,40,12,22,9.333333
SUPER_15,18470000,153,14,9,176,73,80,6.2608695
SUPER_15,18480000,117,12,7,136,59,58,6.5263157
SUPER_15,18490000,160,11,12,183,69,91,5.3913045
SUPER_15,18500000,79,7,8,94,40,39,3.1333334
SUPER_15,18510000,104,9,10,123,51,53,7.5263157
SUPER_15,18520000,72,9,6,87,33,39,3.4666667
SUPER_15,18530000,94,10,5,109,41,53,6.3333335
SUPER_15,18540000,84,3,7,94,41,43,19.5
SUPER_15,18550000,9,1,2,12,4,5,1.3333334
SUPER_15,18560000,66,9,2,77,23,43,4.7272725
SUPER_15,18570000,106,11,9,126,59,47,5.45
SUPER_15,18580000,155,11,16,182,80,75,7.740741
SUPER_15,18590000,43,6,10,59,22,21,6
SUPER_15,18600000,3,1,0,4,2,1,1
SUPER_15,18610000,1,0,0,1,0,1,NaN
SUPER_15,18620000,2,1,0,3,1,1,42
SUPER_15,18630000,2,0,0,2,1,1,NaN
SUPER_15,18640000,4,1,0,5,3,1,1
SUPER_15,18650000,4,0,1,5,2,2,1
SUPER_15,18660000,3,2,0,5,3,0,1
SUPER_15,18670000,0,0,0,0,0,0,0
SUPER_15,18680000,0,0,0,0,0,0,0
SUPER_15,18690000,108,9,9,126,58,50,10.611111
SUPER_15,18700000,139,14,9,162,74,65,20.52174
SUPER_15,18710000,99,9,4,112,50,49,4.923077
SUPER_15,18720000,45,7,6,58,22,23,8.923077
SUPER_15,18730000,131,8,10,149,74,57,13.722222
SUPER_15,18740000,147,7,12,166,75,72,32.789474
SUPER_15,18750000,126,11,11,148,64,62,5.2727275
SUPER_15,18760000,150,9,8,167,76,74,6.117647
SUPER_15,18770000,82,8,2,92,46,36,4.1
SUPER_15,18780000,7,0,0,7,5,2,NaN
SUPER_15,18790000,1,0,0,1,1,0,NaN
SUPER_15,18800000,2,1,0,3,1,1,1
SUPER_15,18810000,60,1,8,69,36,24,3.8888888
SUPER_15,18820000,73,6,6,85,37,36,7.1666665
SUPER_15,18830000,9,0,0,9,6,3,NaN
SUPER_15,18840000,80,7,8,95,41,39,6.6
SUPER_15,18850000,57,3,5,65,26,31,7
SUPER_15,18860000,5,0,0,5,3,2,NaN
SUPER_15,18870000,27,3,2,32,17,10,14.8
SUPER_15,18880000,81,8,2,91,43,38,25.6
SUPER_15,18890000,121,7,6,134,57,64,5.769231
SUPER_15,18900000,4,0,0,4,3,1,NaN
SUPER_15,18910000,1,3,0,4,1,0,3
SUPER_15,18920000,88,5,6,99,41,47,5.909091
SUPER_15,18930000,110,4,5,119,57,53,6.888889
SUPER_15,18940000,112,11,4,127,54,58,6.4666667
SUPER_15,18950000,100,6,4,110,59,41,5.3
SUPER_15,18960000,114,3,5,122,60,54,4.25
SUPER_15,18970000,137,10,10,157,59,78,4.65
SUPER_15,18980000,64,7,6,77,28,36,2.5384614
SUPER_15,18990000,143,10,13,166,68,75,25.47826
SUPER_15,19000000,29,2,0,31,14,15,1.5
SUPER_15,19010000,72,6,6,84,33,39,7.5
SUPER_15,19020000,127,8,14,149,62,65,3.7727273
SUPER_15,19030000,12,1,2,15,5,7,5.3333335
SUPER_15,19040000,34,4,0,38,18,16,3.75
SUPER_15,19050000,136,11,7,154,76,60,13.833333
SUPER_15,19060000,106,6,9,121,54,52,18.6
SUPER_15,19070000,153,10,7,170,68,85,11.529411
SUPER_15,19080000,53,4,3,60,22,31,3
SUPER_15,19090000,103,9,11,123,49,54,7.25
SUPER_15,19100000,101,11,11,123,59,42,8.454545
SUPER_15,19110000,91,7,4,102,44,47,5.4545455
SUPER_15,19120000,128,8,11,147,64,64,2.4210527
SUPER_15,19130000,139,12,16,167,72,67,20.678572
SUPER_15,19140000,51,2,9,62,24,27,8.454545
SUPER_15,19150000,97,6,8,111,38,59,3.9285715
SUPER_15,19160000,11,5,3,19,6,5,5.75
SUPER_15,19170000,113,8,8,129,58,55,11.75
SUPER_15,19180000,19,0,0,19,10,9,NaN
SUPER_15,19190000,81,6,6,93,45,36,6.25
SUPER_15,19200000,37,2,1,40,20,17,2.6666667
SUPER_15,19210000,126,10,11,147,68,58,7.3809524
SUPER_15,19220000,111,8,19,138,51,60,4.5925927
SUPER_15,19230000,86,9,6,101,44,42,8.6
SUPER_15,19240000,50,4,8,62,25,25,9.5
SUPER_15,19250000,45,3,4,52,17,28,2.7142856
SUPER_15,19260000,94,9,4,107,47,47,4.769231
SUPER_15,19270000,58,2,6,66,21,37,2.125
SUPER_15,19280000,184,13,10,207,97,87,3.4782608
SUPER_15,19290000,109,10,5,124,55,54,14.866667
SUPER_15,19300000,128,11,14,153,66,62,5.8
SUPER_15,19310000,18,2,4,24,6,12,9.666667
SUPER_15,19320000,1,1,1,3,1,0,1
SUPER_15,19330000,1,0,0,1,1,0,NaN
SUPER_15,19340000,2,2,0,4,0,2,4
SUPER_15,19350000,4,1,1,6,4,0,1.5
SUPER_15,19360000,1,0,0,1,1,0,NaN
SUPER_15,19370000,4,0,1,5,0,4,1
SUPER_15,19380000,1,0,0,1,0,1,NaN
SUPER_15,19390000,2,0,0,2,1,1,NaN
SUPER_15,19400000,4,0,0,4,1,3,NaN
SUPER_15,19410000,111,7,9,127,52,59,5.5625
SUPER_15,19420000,74,6,8,88,40,34,7.571429
SUPER_15,19430000,77,6,3,86,46,31,5.4444447
SUPER_15,19440000,174,14,12,200,84,90,2.5
SUPER_15,19450000,123,13,6,142,58,65,5.6842103
SUPER_15,19460000,35,3,3,41,17,18,2.3333333
SUPER_15,19470000,0,1,0,1,0,0,2
SUPER_15,19480000,3,0,0,3,1,2,NaN
SUPER_15,19490000,0,0,0,0,0,0,0
SUPER_15,19500000,0,0,0,0,0,0,0
SUPER_15,19510000,10,0,1,11,5,5,39
SUPER_15,19520000,32,2,2,36,17,15,2.75
SUPER_15,19530000,134,8,13,155,78,56,8.952381
SUPER_15,19540000,21,2,0,23,9,12,4.5
SUPER_15,19550000,141,9,8,158,79,62,16.058823
SUPER_15,19560000,83,7,4,94,45,38,11.272727
SUPER_15,19570000,75,8,4,87,35,40,5.9166665
SUPER_15,19580000,59,5,6,70,35,24,11.727273
SUPER_15,19590000,2,0,2,4,0,2,1.5
SUPER_15,19600000,2,0,0,2,2,0,NaN
SUPER_15,19610000,0,0,0,0,0,0,0
SUPER_15,19620000,0,0,0,0,0,0,0
SUPER_15,19630000,5,2,1,8,3,2,2.3333333
SUPER_15,19640000,0,0,1,1,0,0,4
SUPER_15,19650000,4,0,0,4,3,1,NaN
SUPER_15,19660000,2,0,0,2,1,1,NaN
SUPER_15,19670000,47,7,4,58,24,23,7.3636365
SUPER_15,19680000,45,5,3,53,20,25,11.125
SUPER_15,19690000,96,13,8,117,49,47,7.952381
SUPER_15,19700000,124,7,11,142,70,54,9.166667
SUPER_15,19710000,0,0,0,0,0,0,0
SUPER_15,19720000,0,0,0,0,0,0,0
SUPER_15,19730000,208,13,18,239,95,113,6.354839
SUPER_15,19740000,37,2,2,41,21,16,1
SUPER_15,19750000,36,5,3,44,17,19,2.625
SUPER_15,19760000,80,8,10,98,44,36,10.222222
SUPER_15,19770000,103,7,8,118,56,47,4.8
SUPER_15,19780000,51,2,0,53,29,22,17
SUPER_15,19790000,2,0,0,2,1,1,NaN
SUPER_15,19800000,24,1,4,29,13,11,3
SUPER_15,19810000,82,9,6,97,42,40,3
SUPER_15,19820000,103,6,9,118,52,51,7.733333
SUPER_15,19830000,94,7,4,105,42,52,1.6363636
SUPER_15,19840000,73,5,5,83,33,40,5.5
SUPER_15,19850000,85,4,12,101,36,49,5.125
SUPER_15,19860000,2,1,1,4,1,1,79
SUPER_15,19870000,69,6,4,79,31,38,1.7
SUPER_15,19880000,25,2,1,28,13,12,4.3333335
SUPER_15,19890000,132,8,14,154,64,68,3.3181818
SUPER_15,19900000,110,6,7,123,54,56,8.615385
SUPER_15,19910000,87,8,1,96,41,46,8.666667
SUPER_15,19920000,123,5,10,138,67,56,7.6
SUPER_15,19930000,94,4,8,106,35,59,3.1666667
SUPER_15,19940000,28,5,2,35,11,17,6.857143
SUPER_15,19950000,93,5,3,101,35,58,2.75
SUPER_15,19960000,79,7,6,92,42,37,4.230769
SUPER_15,19970000,176,13,16,205,84,92,6.275862
SUPER_15,19980000,63,7,6,76,25,38,3.6923077
SUPER_15,19990000,62,7,9,78,25,37,10.6875
SUPER_15,20000000,75,4,5,84,32,43,6.2222223
SUPER_15,20010000,0,0,0,0,0,0,0
SUPER_15,20020000,0,0,0,0,0,0,0
SUPER_15,20030000,153,12,10,175,87,66,34.81818
SUPER_15,20040000,114,5,6,125,50,64,6.4545455
SUPER_15,20050000,126,6,8,140,72,54,10
SUPER_15,20060000,130,10,8,148,63,67,4
SUPER_15,20070000,4,1,0,5,2,2,4
SUPER_15,20080000,30,1,3,34,18,12,3.5
SUPER_15,20090000,207,11,9,227,117,90,15.9
SUPER_15,20100000,193,18,13,224,105,88,3.935484
SUPER_15,20110000,61,3,6,70,37,24,7.888889
SUPER_15,20120000,56,5,1,62,34,22,11.833333
SUPER_15,20130000,123,7,11,141,63,60,3.7222223
SUPER_15,20140000,78,5,2,85,43,35,3
SUPER_15,20150000,38,6,2,46,19,19,8.375
SUPER_15,20160000,90,9,5,104,46,44,5.785714
SUPER_15,20170000,76,5,4,85,34,42,10.222222
SUPER_15,20180000,110,10,7,127,53,57,6
SUPER_15,20190000,97,6,5,108,54,43,10.727273
SUPER_15,20200000,95,10,10,115,50,45,6.35
SUPER_15,20210000,112,8,11,131,56,56,14.315789
SUPER_15,20220000,133,3,7,143,62,71,5.3
SUPER_15,20230000,98,3,6,107,49,49,9.222222
SUPER_15,20240000,6,0,0,6,3,3,NaN
SUPER_15,20250000,118,9,2,129,55,63,6.181818
SUPER_15,20260000,59,3,3,65,36,23,1.8333334
SUPER_15,20270000,1,0,3,4,0,1,1.6666666
SUPER_15,20280000,13,2,3,18,7,6,4.8
SUPER_15,20290000,157,10,16,183,89,68,18.73077
SUPER_15,20300000,156,7,10,173,96,60,13.6470585
SUPER_15,20310000,37,1,4,42,25,12,1.6
SUPER_15,20320000,138,14,10,162,75,63,5.875
SUPER_15,20330000,86,14,14,114,49,37,4.214286
SUPER_15,20340000,109,9,11,129,54,55,15.8
SUPER_15,20350000,14,1,0,15,10,4,1
SUPER_15,20360000,178,11,9,198,86,92,3.4
SUPER_15,20370000,180,11,12,203,90,90,5.869565
SUPER_15,20380000,59,4,9,72,34,25,20.615385
SUPER_15,20390000,177,11,12,200,89,88,6.826087
SUPER_15,20400000,135,8,8,151,72,63,7.3125
SUPER_15,20410000,91,9,6,106,38,53,7.0666666
SUPER_15,20420000,93,8,10,111,53,40,5.2222223
SUPER_15,20430000,115,7,4,126,63,52,14.454545
SUPER_15,20440000,173,11,8,192,98,75,6.9473686
SUPER_15,20450000,106,4,6,116,64,42,15.6
SUPER_15,20460000,78,5,9,92,41,37,4.714286
SUPER_15,20470000,132,7,8,147,75,57,3.4666667
SUPER_15,20480000,98,5,12,115,48,50,6.2352943
SUPER_15,20490000,35,4,4,43,17,18,7.5
SUPER_15,20500000,115,8,4,127,58,57,2.5
SUPER_15,20510000,125,4,11,140,57,68,8.066667
SUPER_15,20520000,58,6,3,67,31,27,30.222221
SUPER_15,20530000,77,12,5,94,38,39,3.5294118
SUPER_15,20540000,14,2,3,19,7,7,4.2
SUPER_15,20550000,24,5,2,31,15,9,2.5714285
SUPER_15,20560000,81,7,7,95,41,40,20.214285
SUPER_15,20570000,44,3,2,49,18,26,9.4
SUPER_15,20580000,50,4,5,59,23,27,1.7777778
SUPER_15,20590000,54,4,5,63,19,35,2.8888888
SUPER_15,20600000,1,1,0,2,1,0,1
SUPER_15,20610000,3,0,1,4,0,3,2
SUPER_15,20620000,1,1,2,4,1,0,16.666666
SUPER_15,20630000,2,0,0,2,1,1,NaN
SUPER_15,20640000,2,0,0,2,1,1,NaN
SUPER_15,20650000,3,0,0,3,2,1,NaN
SUPER_15,20660000,76,4,5,85,34,42,9.777778
SUPER_15,20670000,115,13,9,137,61,54,3.6818182
SUPER_15,20680000,81,11,9,101,38,43,6.25
SUPER_15,20690000,2,0,0,2,1,1,NaN
SUPER_15,20700000,79,5,5,89,47,32,3.6
SUPER_15,20710000,1,0,0,1,1,0,NaN
SUPER_15,20720000,0,0,0,0,0,0,0
SUPER_15,20730000,0,0,0,0,0,0,0
SUPER_15,20740000,0,0,0,0,0,0,0
SUPER_15,20750000,0,0,0,0,0,0,0
SUPER_15,20760000,0,0,0,0,0,0,0
SUPER_15,20770000,0,0,0,0,0,0,0
SUPER_15,20780000,0,0,0,0,0,0,0
SUPER_15,20790000,0,0,0,0,0,0,0
SUPER_15,20800000,0,0,0,0,0,0,0
SUPER_15,20810000,0,0,0,0,0,0,0
SUPER_15,20820000,0,0,0,0,0,0,0
SUPER_15,20830000,0,0,0,0,0,0,0
SUPER_15,20840000,0,0,0,0,0,0,0
SUPER_15,20850000,0,0,0,0,0,0,0
SUPER_15,20860000,108,11,7,126,50,58,11.777778
SUPER_15,20870000,122,8,8,138,77,45,3.875
SUPER_15,20880000,170,11,15,196,85,85,4.5384617
SUPER_15,20890000,24,3,1,28,9,15,6.5
SUPER_15,20900000,152,16,9,177,89,63,9.2
SUPER_15,20910000,0,0,0,0,0,0,0
SUPER_15,20920000,0,0,0,0,0,0,0
SUPER_15,20930000,0,0,0,0,0,0,0
SUPER_15,20940000,0,0,0,0,0,0,0
SUPER_15,20950000,145,9,13,167,66,79,3.2272727
SUPER_15,20960000,95,4,4,103,55,40,8.125
SUPER_15,20970000,75,5,1,81,42,33,4.3333335
SUPER_15,20980000,112,8,2,122,65,47,9.4
SUPER_15,20990000,53,3,4,60,28,25,5.142857
SUPER_15,21000000,49,1,2,52,24,25,5.3333335
SUPER_15,21010000,123,8,11,142,57,66,8.315789
SUPER_15,21020000,79,1,5,85,42,37,2
SUPER_15,21030000,54,2,4,60,34,20,8.166667
SUPER_15,21040000,183,9,10,202,85,98,10.263158
SUPER_15,21050000,7,0,1,8,3,4,1
SUPER_15,21060000,169,13,6,188,73,96,5.2105265
SUPER_15,21070000,124,8,7,139,75,49,3.8666666
SUPER_15,21080000,2,0,1,3,2,0,2
SUPER_15,21090000,0,0,0,0,0,0,0
SUPER_15,21100000,0,0,0,0,0,0,0
SUPER_15,21110000,0,0,0,0,0,0,0
SUPER_15,21120000,0,0,0,0,0,0,0
SUPER_15,21130000,93,5,4,102,54,39,10.333333
SUPER_15,21140000,17,1,2,20,8,9,4
SUPER_15,21150000,3,0,0,3,2,1,NaN
SUPER_15,21160000,1,0,0,1,1,0,NaN
SUPER_15,21170000,2,0,0,2,1,1,NaN
SUPER_15,21180000,0,1,0,1,0,0,2
SUPER_15,21190000,122,8,14,144,53,69,12.681818
SUPER_15,21200000,84,8,9,101,44,40,4.0588236
SUPER_15,21210000,1,0,0,1,1,0,NaN
SUPER_15,21220000,2,0,0,2,1,1,NaN
SUPER_15,21230000,17,1,1,19,11,6,1
SUPER_15,21240000,156,10,8,174,81,75,5.388889
SUPER_15,21250000,117,10,4,131,66,51,6.214286
SUPER_15,21260000,174,14,15,203,86,88,4.7586207
SUPER_15,21270000,39,4,1,44,21,18,7.6
SUPER_15,21280000,105,5,5,115,67,38,5.1
SUPER_15,21290000,107,2,8,117,56,51,4.2
SUPER_15,21300000,33,0,2,35,20,13,8
SUPER_15,21310000,161,10,12,183,77,84,2.7272727
SUPER_15,21320000,61,8,3,72,33,28,39.272728
SUPER_15,21330000,52,1,3,56,30,22,19.25
SUPER_15,21340000,200,15,11,226,103,97,9.269231
SUPER_15,21350000,174,15,13,202,84,90,6.035714
SUPER_15,21360000,120,8,10,138,63,57,6.111111
SUPER_15,21370000,123,9,7,139,75,48,5.4375
SUPER_15,21380000,103,12,12,127,57,46,5.125
SUPER_15,21390000,26,2,1,29,14,12,1
SUPER_15,21400000,109,8,12,129,63,46,10.75
SUPER_15,21410000,47,2,5,54,24,23,2.4285715
SUPER_15,21420000,117,10,9,136,55,62,5.894737
SUPER_15,21430000,78,8,7,93,46,32,5.266667
SUPER_15,21440000,179,18,20,217,84,95,9.894737
SUPER_15,21450000,41,4,5,50,19,22,8.777778
SUPER_15,21460000,22,1,2,25,10,12,3.6666667
SUPER_15,21470000,144,10,4,158,79,65,24.928572
SUPER_15,21480000,128,4,9,141,63,65,5.3846154
SUPER_15,21490000,144,13,13,170,65,79,4.269231
SUPER_15,21500000,31,5,3,39,12,19,10.875
SUPER_15,21510000,3,0,0,3,1,2,NaN
SUPER_15,21520000,1,1,0,2,1,0,1
SUPER_15,21530000,3,1,0,4,3,0,1
SUPER_15,21540000,0,0,0,0,0,0,0
SUPER_15,21550000,0,0,0,0,0,0,0
SUPER_15,21560000,0,0,0,0,0,0,0
SUPER_15,21570000,22,4,3,29,13,9,5.428571
SUPER_15,21580000,68,7,2,77,36,32,10.333333
SUPER_15,21590000,62,2,3,67,37,25,5.4
SUPER_15,21600000,0,0,0,0,0,0,0
SUPER_15,21610000,0,0,0,0,0,0,0
SUPER_15,21620000,48,3,4,55,26,22,4.142857
SUPER_15,21630000,146,12,13,171,79,67,8.36
SUPER_15,21640000,72,3,5,80,33,39,3.25
SUPER_15,21650000,117,5,16,138,66,51,5.142857
SUPER_15,21660000,108,9,6,123,60,48,6.0666666
SUPER_15,21670000,92,10,10,112,46,46,16.2
SUPER_15,21680000,45,5,6,56,21,24,4.909091
SUPER_15,21690000,2,0,0,2,0,2,NaN
SUPER_15,21700000,1,0,0,1,1,0,NaN
SUPER_15,21710000,67,3,15,85,36,31,20.61111
SUPER_15,21720000,107,15,7,129,44,63,2.9545455
SUPER_15,21730000,64,6,5,75,36,28,9.181818
SUPER_15,21740000,125,4,8,137,67,58,3.25
SUPER_15,21750000,103,7,5,115,54,49,5.75
SUPER_15,21760000,119,6,6,131,64,55,5.3333335
SUPER_15,21770000,66,7,6,79,37,29,28.538462
SUPER_15,21780000,98,5,8,111,51,47,5.076923
SUPER_15,21790000,48,3,3,54,22,26,5.3333335
SUPER_15,21800000,2,1,0,3,1,1,13
SUPER_15,21810000,60,8,8,76,26,34,3.9375
SUPER_15,21820000,2,0,0,2,1,1,NaN
SUPER_15,21830000,93,11,9,113,50,43,4.65
SUPER_15,21840000,81,7,3,91,41,40,7.5
SUPER_15,21850000,158,9,24,191,81,77,33.575756
SUPER_15,21860000,136,9,17,162,63,73,46.5
SUPER_15,21870000,56,4,3,63,28,28,5
SUPER_15,21880000,62,9,5,76,29,33,2.5714285
SUPER_15,21890000,4,0,0,4,1,3,NaN
SUPER_15,21900000,2,1,0,3,1,1,1
SUPER_15,21910000,1,1,0,2,0,1,1
SUPER_15,21920000,171,15,17,203,93,78,25.96875
SUPER_15,21930000,122,5,10,137,69,53,8.066667
SUPER_15,21940000,69,4,10,83,31,38,2.2142856
SUPER_15,21950000,106,11,7,124,50,56,9.888889
SUPER_15,21960000,90,9,9,108,51,39,25.722221
SUPER_15,21970000,97,6,6,109,57,40,3.6666667
SUPER_15,21980000,104,6,7,117,49,55,3.1538463
SUPER_15,21990000,125,8,8,141,56,69,7.125
SUPER_15,22000000,76,10,4,90,37,39,6.642857
SUPER_15,22010000,2,1,0,3,2,0,8
SUPER_15,22020000,0,1,0,1,0,0,5
SUPER_15,22030000,19,4,0,23,8,11,1.25
SUPER_15,22040000,3,0,2,5,1,2,1.5
SUPER_15,22050000,1,0,1,2,1,0,2
SUPER_15,22060000,0,0,0,0,0,0,0
SUPER_15,22070000,0,0,0,0,0,0,0
SUPER_15,22080000,3,3,0,6,1,2,4.6666665
SUPER_15,22090000,0,0,1,1,0,0,4
SUPER_15,22100000,27,1,1,29,14,13,2
SUPER_15,22110000,101,10,11,122,42,59,5.285714
SUPER_15,22120000,105,9,11,125,43,62,3.45
SUPER_15,22130000,137,9,7,153,75,62,18.3125
SUPER_15,22140000,106,5,8,119,56,50,41.615383
SUPER_15,22150000,161,13,7,181,71,90,7.8
SUPER_15,22160000,77,1,11,89,42,35,4.75
SUPER_15,22170000,84,3,5,92,40,44,4.125
SUPER_15,22180000,128,8,11,147,63,65,4.1578946
SUPER_15,22190000,122,10,6,138,59,63,10.4375
SUPER_15,22200000,22,3,0,25,14,8,3.3333333
SUPER_15,22210000,18,3,1,22,7,11,12.5
SUPER_15,22220000,8,2,0,10,5,3,3.5
SUPER_15,22230000,11,1,1,13,7,4,2
SUPER_15,22240000,8,3,2,13,4,4,1.4
SUPER_15,22250000,7,0,1,8,1,6,76
SUPER_15,22260000,3,0,0,3,2,1,NaN
SUPER_15,22270000,2,1,0,3,0,2,1
SUPER_15,22280000,1,0,0,1,1,0,NaN
SUPER_15,22290000,0,2,0,2,0,0,2.5
SUPER_15,22300000,2,1,0,3,1,1,26
SUPER_15,22310000,4,0,1,5,3,1,1
SUPER_15,22320000,5,0,0,5,3,2,NaN
SUPER_15,22330000,1,0,0,1,1,0,NaN
SUPER_15,22340000,14,0,1,15,10,4,2
SUPER_15,22350000,12,0,0,12,4,8,NaN
SUPER_15,22360000,58,4,5,67,24,34,3.6666667
SUPER_15,22370000,124,17,9,150,65,59,6.1923075
SUPER_15,22380000,23,2,4,29,8,15,4.5
SUPER_15,22390000,97,7,8,112,50,47,5.5333333
SUPER_15,22400000,23,1,3,27,13,10,4
SUPER_15,22410000,2,1,0,3,2,0,72
SUPER_15,22420000,4,0,1,5,2,2,6
SUPER_15,22430000,0,2,0,2,0,0,2.5
SUPER_15,22440000,0,0,0,0,0,0,0
SUPER_15,22450000,0,0,0,0,0,0,0
SUPER_15,22460000,98,8,6,112,56,42,22.857143
SUPER_15,22470000,69,5,4,78,36,33,6.6666665
SUPER_15,22480000,12,1,1,14,6,6,3.5
SUPER_15,22490000,65,6,9,80,32,33,7.733333
SUPER_15,22500000,144,9,14,167,85,59,3.8695652
SUPER_15,22510000,48,2,5,55,31,17,6.285714
SUPER_15,22520000,22,5,2,29,7,15,5.571429
SUPER_15,22530000,80,3,10,93,42,38,24.615385
SUPER_15,22540000,161,10,14,185,67,94,17.333334
SUPER_15,22550000,0,0,1,1,0,0,1
SUPER_15,22560000,33,1,1,35,18,15,7
SUPER_15,22570000,2,0,0,2,1,1,NaN
SUPER_15,22580000,3,0,0,3,2,1,NaN
SUPER_15,22590000,61,3,6,70,23,38,10.222222
SUPER_15,22600000,143,10,9,162,69,74,9.473684
SUPER_15,22610000,115,6,10,131,67,48,28.1875
SUPER_15,22620000,113,9,5,127,64,49,4.571429
SUPER_15,22630000,80,5,5,90,42,38,3.9
SUPER_15,22640000,60,3,4,67,24,36,27.285715
SUPER_15,22650000,4,0,1,5,0,4,31
SUPER_15,22660000,106,11,13,130,50,56,6.875
SUPER_15,22670000,119,5,14,138,60,59,53.05263
SUPER_15,22680000,48,4,4,56,21,27,11.625
SUPER_15,22690000,141,7,17,165,67,74,5.4583335
SUPER_15,22700000,128,15,8,151,66,62,10.869565
SUPER_15,22710000,8,0,1,9,4,4,3
SUPER_15,22720000,2,0,0,2,1,1,NaN
SUPER_15,22730000,1,0,0,1,1,0,NaN
SUPER_15,22740000,0,0,0,0,0,0,0
SUPER_15,22750000,0,0,0,0,0,0,0
SUPER_15,22760000,4,1,1,6,3,1,3.5
SUPER_15,22770000,9,2,0,11,2,7,1.5
SUPER_15,22780000,14,5,2,21,12,2,4
SUPER_15,22790000,23,1,5,29,6,17,19
SUPER_15,22800000,35,1,2,38,14,21,2.6666667
SUPER_15,22810000,120,6,9,135,61,59,6.6666665
SUPER_15,22820000,47,4,1,52,19,28,2
SUPER_15,22830000,78,5,5,88,35,43,11.8
SUPER_15,22840000,129,7,7,143,72,57,3.2857144
SUPER_15,22850000,63,6,5,74,29,34,9.181818
SUPER_15,22860000,89,2,9,100,42,47,12
SUPER_15,22870000,0,0,0,0,0,0,0
SUPER_15,22880000,0,0,0,0,0,0,0
SUPER_15,22890000,17,1,3,21,7,10,11.25
SUPER_15,22900000,50,6,3,59,21,29,8.888889
SUPER_15,22910000,71,2,2,75,37,34,34.75
SUPER_15,22920000,26,3,2,31,19,7,25.6
SUPER_15,22930000,125,8,11,144,66,59,13.368421
SUPER_15,22940000,78,7,6,91,29,49,2.4615386
SUPER_15,22950000,106,12,20,138,56,50,7.03125
SUPER_15,22960000,4,3,1,8,3,1,4.75
SUPER_15,22970000,45,5,1,51,20,25,2.5
SUPER_15,22980000,34,4,3,41,17,17,11.285714
SUPER_15,22990000,87,5,8,100,44,43,11.230769
SUPER_15,23000000,0,0,0,0,0,0,0
SUPER_15,23010000,0,0,0,0,0,0,0
SUPER_15,23020000,0,0,0,0,0,0,0
SUPER_15,23030000,146,14,7,167,69,77,4.714286
SUPER_15,23040000,24,5,2,31,14,10,2
SUPER_15,23050000,96,6,8,110,40,56,6.928571
SUPER_15,23060000,121,14,17,152,60,61,5.2580647
SUPER_15,23070000,95,7,12,114,52,43,22.842106
SUPER_15,23080000,150,12,13,175,62,88,26.68
SUPER_15,23090000,57,2,1,60,25,32,25.333334
SUPER_15,23100000,62,6,5,73,38,24,3.8181818
SUPER_15,23110000,136,8,9,153,65,71,5.882353
SUPER_15,23120000,2,1,0,3,1,1,3
SUPER_15,23130000,6,0,0,6,2,4,NaN
SUPER_15,23140000,5,0,0,5,2,3,NaN
SUPER_15,23150000,83,7,11,101,42,41,15.777778
SUPER_15,23160000,2,0,1,3,2,0,1
SUPER_15,23170000,5,1,2,8,2,3,6.3333335
SUPER_15,23180000,1,0,0,1,0,1,NaN
SUPER_15,23190000,1,0,1,2,1,0,1
SUPER_15,23200000,23,5,2,30,11,12,6.714286
SUPER_15,23210000,44,4,5,53,22,22,9.222222
SUPER_15,23220000,86,3,12,101,36,50,18.666666
SUPER_15,23230000,75,4,4,83,41,34,4
SUPER_15,23240000,118,8,14,140,47,71,3.590909
SUPER_15,23250000,98,6,8,112,42,56,13.214286
SUPER_15,23260000,139,9,14,162,71,68,9.565217
SUPER_15,23270000,145,6,14,165,66,79,19.55
SUPER_15,23280000,136,11,11,158,60,76,15.363636
SUPER_15,23290000,36,0,1,37,16,20,39
SUPER_15,23300000,1,0,1,2,0,1,3
SUPER_15,23310000,97,7,10,114,48,49,5.0588236
SUPER_15,23320000,118,4,7,129,63,55,3.2727273
SUPER_15,23330000,186,19,11,216,94,92,12.8
SUPER_15,23340000,44,3,10,57,23,21,21.76923
SUPER_15,23350000,15,2,1,18,11,4,2.6666667
SUPER_15,23360000,7,0,3,10,1,6,10
SUPER_15,23370000,53,5,6,64,28,25,4.5454545
SUPER_15,23380000,98,2,6,106,54,44,3.375
SUPER_15,23390000,62,8,7,77,33,29,9.733334
SUPER_15,23400000,2,1,0,3,0,2,1
SUPER_15,23410000,0,0,0,0,0,0,0
SUPER_15,23420000,0,0,0,0,0,0,0
SUPER_15,23430000,0,0,0,0,0,0,0
SUPER_15,23440000,0,0,0,0,0,0,0
SUPER_15,23450000,5,0,1,6,2,3,1
SUPER_15,23460000,3,1,0,4,3,0,1
SUPER_15,23470000,6,0,0,6,3,3,NaN
SUPER_15,23480000,24,6,3,33,12,12,3.5555556
SUPER_15,23490000,0,0,0,0,0,0,0
SUPER_15,23500000,0,0,0,0,0,0,0
SUPER_15,23510000,28,3,4,35,14,14,4
SUPER_15,23520000,64,3,8,75,33,31,5.818182
SUPER_15,23530000,119,10,13,142,61,58,4.3913045
SUPER_15,23540000,55,8,1,64,29,26,9
SUPER_15,23550000,10,0,5,15,4,6,8.8
SUPER_15,23560000,108,6,11,125,42,66,6.882353
SUPER_15,23570000,144,12,12,168,78,66,8.333333
SUPER_15,23580000,65,6,4,75,33,32,4.4
SUPER_15,23590000,82,9,3,94,44,38,3.8333333
SUPER_15,23600000,93,10,13,116,47,46,7.7391305
SUPER_15,23610000,142,9,11,162,70,72,7.1
SUPER_15,23620000,158,12,8,178,75,83,9.15
SUPER_15,23630000,3,1,1,5,1,2,8
SUPER_15,23640000,0,0,1,1,0,0,1
SUPER_15,23650000,4,0,0,4,2,2,NaN
SUPER_15,23660000,177,17,20,214,94,83,7.4054055
SUPER_15,23670000,121,5,8,134,73,48,19.76923
SUPER_15,23680000,44,1,4,49,22,22,4.4
SUPER_15,23690000,6,0,1,7,1,5,1
SUPER_15,23700000,0,0,0,0,0,0,0
SUPER_15,23710000,0,0,0,0,0,0,0
SUPER_15,23720000,0,0,0,0,0,0,0
SUPER_15,23730000,0,0,0,0,0,0,0
SUPER_15,23740000,0,0,0,0,0,0,0
SUPER_15,23750000,5,0,0,5,5,0,NaN
SUPER_15,23760000,48,4,0,52,30,18,3.75
SUPER_15,23770000,76,7,6,89,38,38,3.6153846
SUPER_15,23780000,91,12,9,112,49,42,5.3809524
SUPER_15,23790000,30,1,1,32,19,11,5.5
SUPER_15,23800000,64,6,7,77,27,37,6.3076925
SUPER_15,23810000,22,4,5,31,13,9,4.4444447
SUPER_15,23820000,129,10,11,150,72,57,27.333334
SUPER_15,23830000,105,8,9,122,60,45,6.470588
SUPER_15,23840000,91,10,6,107,44,47,4.6875
SUPER_15,23850000,130,13,7,150,59,71,10
SUPER_15,23860000,87,6,8,101,42,45,4.214286
SUPER_15,23870000,66,6,1,73,29,37,2.5714285
SUPER_15,23880000,118,7,8,133,63,55,4.8
SUPER_15,23890000,43,3,2,48,22,21,3.8
SUPER_15,23900000,4,0,1,5,2,2,4
SUPER_15,23910000,3,1,0,4,1,2,2
SUPER_15,23920000,51,5,4,60,24,27,3.2222223
SUPER_15,23930000,25,1,1,27,11,14,1.5
SUPER_15,23940000,1,0,0,1,0,1,NaN
SUPER_15,23950000,101,4,5,110,60,41,3.4444444
SUPER_15,23960000,196,9,17,222,99,97,10.5
SUPER_15,23970000,95,5,5,105,46,49,5.5
SUPER_15,23980000,99,5,7,111,53,46,6.3333335
SUPER_15,23990000,128,5,9,142,67,61,3.5714285
SUPER_15,24000000,111,7,6,124,57,54,4.6153846
SUPER_15,24010000,148,12,7,167,75,73,8.789474
SUPER_15,24020000,178,13,14,205,81,97,6.2222223
SUPER_15,24030000,49,1,1,51,32,17,2
SUPER_15,24040000,1,0,0,1,1,0,NaN
SUPER_15,24050000,69,13,3,85,33,36,5.6875
SUPER_15,24060000,82,7,14,103,39,43,3.7142856
SUPER_15,24070000,52,1,13,66,27,25,18.142857
SUPER_15,24080000,146,5,6,157,79,67,7.5454545
SUPER_15,24090000,129,9,7,145,72,57,9.0625
SUPER_15,24100000,60,4,3,67,37,23,5.571429
SUPER_15,24110000,55,2,3,60,30,25,1.8
SUPER_15,24120000,4,0,2,6,2,2,1.5
SUPER_15,24130000,96,3,10,109,48,48,5.6923075
SUPER_15,24140000,16,6,1,23,8,8,2.142857
SUPER_15,24150000,43,2,4,49,26,17,4.3333335
SUPER_15,24160000,73,5,4,82,40,33,5.888889
SUPER_15,24170000,15,1,0,16,8,7,1
SUPER_15,24180000,20,1,1,22,7,13,6.5
SUPER_15,24190000,194,17,17,228,100,94,7.147059
SUPER_15,24200000,159,15,12,186,74,85,11.259259
SUPER_15,24210000,167,9,9,185,93,74,31.222221
SUPER_15,24220000,12,2,0,14,5,7,1
SUPER_15,24230000,0,0,1,1,0,0,1
SUPER_15,24240000,1,1,0,2,1,0,2
SUPER_15,24250000,1,0,0,1,0,1,NaN
SUPER_15,24260000,0,1,1,2,0,0,4.5
SUPER_15,24270000,11,0,2,13,6,5,1
SUPER_15,24280000,125,17,8,150,66,59,6.96
SUPER_15,24290000,122,11,18,151,70,52,9.344828
SUPER_15,24300000,103,10,12,125,50,53,3.7727273
SUPER_15,24310000,79,10,5,94,35,44,3.9333334
SUPER_15,24320000,116,9,11,136,58,58,8.2
SUPER_15,24330000,177,9,9,195,90,87,5
SUPER_15,24340000,21,1,2,24,13,8,3
SUPER_15,24350000,104,10,5,119,48,56,7.5333333
SUPER_15,24360000,113,7,9,129,53,60,8.0625
SUPER_15,24370000,75,3,10,88,39,36,9.538462
SUPER_15,24380000,102,6,2,110,60,42,6
SUPER_15,24390000,100,7,5,112,52,48,24.833334
SUPER_15,24400000,0,0,0,0,0,0,0
SUPER_15,24410000,0,0,0,0,0,0,0
SUPER_15,24420000,101,7,4,112,59,42,4.181818
SUPER_15,24430000,90,8,10,108,50,40,17.944445
SUPER_15,24440000,99,8,8,115,61,38,6.1875
SUPER_15,24450000,66,13,5,84,26,40,6.9444447
SUPER_15,24460000,95,9,10,114,52,43,5.894737
SUPER_15,24470000,0,0,0,0,0,0,0
SUPER_15,24480000,0,0,0,0,0,0,0
SUPER_15,24490000,114,0,9,123,55,59,7.111111
SUPER_15,24500000,101,9,8,118,44,57,4.4117646
SUPER_15,24510000,45,3,4,52,20,25,3.7142856
SUPER_15,24520000,38,2,5,45,22,16,6
SUPER_15,24530000,119,10,7,136,49,70,3.4117646
SUPER_15,24540000,43,3,4,50,20,23,5.142857
SUPER_15,24550000,41,3,2,46,24,17,2.8
SUPER_15,24560000,71,3,2,76,45,26,5.4
SUPER_15,24570000,112,12,8,132,62,50,5.05
SUPER_15,24580000,5,0,1,6,1,4,12
SUPER_15,24590000,1,0,0,1,0,1,NaN
SUPER_15,24600000,1,0,0,1,1,0,NaN
SUPER_15,24610000,98,9,3,110,52,46,6.3333335
SUPER_15,24620000,51,5,4,60,27,24,9.666667
SUPER_15,24630000,108,8,9,125,52,56,5.0588236
SUPER_15,24640000,90,6,10,106,49,41,3.375
SUPER_15,24650000,125,5,8,138,57,68,4.076923
SUPER_15,24660000,220,16,18,254,125,95,7.2941175
SUPER_15,24670000,179,9,3,191,105,74,7.75
SUPER_15,24680000,55,3,1,59,31,24,7.75
SUPER_15,24690000,35,2,2,39,20,15,25
SUPER_15,24700000,74,3,10,87,31,43,6.769231
SUPER_15,24710000,108,6,6,120,57,51,5.5
SUPER_15,24720000,20,1,3,24,11,9,5
SUPER_15,24730000,100,4,9,113,59,41,16.384615
SUPER_15,24740000,0,0,0,0,0,0,0
SUPER_15,24750000,0,0,0,0,0,0,0
SUPER_15,24760000,164,15,14,193,100,64,4.37931
SUPER_15,24770000,25,2,3,30,16,9,4.4
SUPER_15,24780000,30,0,7,37,13,17,8.142858
SUPER_15,24790000,112,7,5,124,70,42,10.5
SUPER_15,24800000,78,5,1,84,39,39,3
SUPER_15,24810000,100,6,11,117,55,45,17.17647
SUPER_15,24820000,55,6,7,68,31,24,9.307693
SUPER_15,24830000,38,6,4,48,25,13,9.4
SUPER_15,24840000,87,3,7,97,53,34,6.7
SUPER_15,24850000,58,4,6,68,29,29,12
SUPER_15,24860000,56,1,5,62,31,25,10.666667
SUPER_15,24870000,81,7,2,90,46,35,4.5555553
SUPER_15,24880000,201,6,12,219,101,100,5.888889
SUPER_15,24890000,129,5,12,146,66,63,30.941177
SUPER_15,24900000,140,11,5,156,70,70,5.5625
SUPER_15,24910000,112,3,13,128,56,56,5
SUPER_15,24920000,173,7,19,199,84,89,6.923077
SUPER_15,24930000,109,4,8,121,55,54,2.1666667
SUPER_15,24940000,69,7,4,80,43,26,4.4545455
SUPER_15,24950000,54,5,3,62,26,28,8.125
SUPER_15,24960000,127,10,8,145,58,69,2.3333333
SUPER_15,24970000,142,5,8,155,90,52,9.307693
SUPER_15,24980000,116,10,7,133,57,59,4.4117646
SUPER_15,24990000,167,5,13,185,94,73,3.1111112
SUPER_15,25000000,2,0,0,2,0,2,NaN
SUPER_15,25010000,4,1,0,5,3,1,1
SUPER_15,25020000,1,0,0,1,0,1,NaN
SUPER_15,25030000,57,2,3,62,24,33,12.8
SUPER_15,25040000,60,3,6,69,30,30,6.7777777
SUPER_15,25050000,139,15,16,170,80,59,18.612904
SUPER_15,25060000,167,6,9,182,95,72,7.133333
SUPER_15,25070000,99,12,7,118,52,47,7.368421
SUPER_15,25080000,172,18,17,207,80,92,7
SUPER_15,25090000,8,0,1,9,6,2,47
SUPER_15,25100000,80,6,7,93,50,30,12.538462
SUPER_15,25110000,87,7,3,97,43,44,8
SUPER_15,25120000,9,0,1,10,6,3,1
SUPER_15,25130000,100,10,8,118,43,57,17.722221
SUPER_15,25140000,80,5,7,92,32,48,6.5833335
SUPER_15,25150000,217,15,14,246,122,95,7.275862
SUPER_15,25160000,0,0,1,1,0,0,2
SUPER_15,25170000,54,2,9,65,36,18,6.7272725
SUPER_15,25180000,0,0,0,0,0,0,0
SUPER_15,25190000,0,0,0,0,0,0,0
SUPER_15,25200000,92,5,6,103,62,30,5.090909
SUPER_15,25210000,0,0,0,0,0,0,0
SUPER_15,25220000,0,0,0,0,0,0,0
SUPER_15,25230000,37,4,0,41,15,22,1.5
SUPER_15,25240000,33,1,4,38,23,10,1.8
SUPER_15,25250000,23,3,4,30,14,9,11.428572
SUPER_15,25260000,35,4,2,41,20,15,8.166667
SUPER_15,25270000,46,4,4,54,28,18,3.125
SUPER_15,25280000,35,7,2,44,21,14,4
SUPER_15,25290000,96,10,8,114,47,49,4.6666665
SUPER_15,25300000,58,7,6,71,26,32,5.4615383
SUPER_15,25310000,9,0,1,10,4,5,1
SUPER_15,25320000,6,0,0,6,3,3,NaN
SUPER_15,25330000,3,0,2,5,1,2,7
SUPER_15,25340000,75,10,3,88,39,36,5.6923075
SUPER_15,25350000,38,3,1,42,18,20,5.5
SUPER_15,25360000,62,8,7,77,31,31,5.0666666
SUPER_15,25370000,78,5,8,91,38,40,5.8461537
SUPER_15,25380000,151,10,12,173,80,71,5.7727275
SUPER_15,25390000,130,9,11,150,69,61,18.4
SUPER_15,25400000,30,3,1,34,16,14,2.25
SUPER_15,25410000,65,3,6,74,40,25,11.333333
SUPER_15,25420000,97,11,9,117,45,52,5.1
SUPER_15,25430000,26,1,3,30,14,12,10
SUPER_15,25440000,7,1,1,9,1,6,3
SUPER_15,25450000,3,0,0,3,1,2,NaN
SUPER_15,25460000,2,2,2,6,1,1,8.75
SUPER_15,25470000,3,0,0,3,1,2,NaN
SUPER_15,25480000,139,16,14,169,58,81,10.466666
SUPER_15,25490000,6,0,0,6,3,3,NaN
SUPER_15,25500000,116,4,12,132,71,45,17.3125
SUPER_15,25510000,77,8,7,92,42,35,3.8
SUPER_15,25520000,93,4,10,107,54,39,13.5
SUPER_15,25530000,46,4,2,52,28,18,6.3333335
SUPER_15,25540000,119,9,9,137,66,53,19.722221
SUPER_15,25550000,84,6,8,98,45,39,8.928572
SUPER_15,25560000,127,13,12,152,61,66,5.76
SUPER_15,25570000,42,4,6,52,19,23,8.6
SUPER_15,25580000,169,11,14,194,90,79,15.6
SUPER_15,25590000,124,7,7,138,65,59,16.642857
SUPER_15,25600000,143,10,9,162,83,60,4.4210525
SUPER_15,25610000,141,16,6,163,64,77,2.6818182
SUPER_15,25620000,48,5,5,58,19,29,7.4
SUPER_15,25630000,126,6,5,137,68,58,5.7272725
SUPER_15,25640000,11,3,1,15,7,4,8.5
SUPER_15,25650000,72,8,6,86,36,36,3.7142856
SUPER_15,25660000,36,5,8,49,16,20,28.615385
SUPER_15,25670000,0,0,0,0,0,0,0
SUPER_15,25680000,0,0,0,0,0,0,0
SUPER_15,25690000,141,15,14,170,62,79,8.586206
SUPER_15,25700000,22,2,0,24,9,13,10.5
SUPER_15,25710000,0,1,0,1,0,0,1
SUPER_15,25720000,3,2,0,5,3,0,9
SUPER_15,25730000,167,10,20,197,76,91,40.7
SUPER_15,25740000,19,3,3,25,10,9,6.1666665
SUPER_15,25750000,0,0,0,0,0,0,0
SUPER_15,25760000,0,0,0,0,0,0,0
SUPER_15,25770000,11,1,0,12,6,5,34
SUPER_15,25780000,2,0,1,3,2,0,30
SUPER_15,25790000,2,0,0,2,2,0,NaN
SUPER_15,25800000,98,8,9,115,53,45,3.1764705
SUPER_15,25810000,106,6,5,117,48,58,3.7272727
SUPER_15,25820000,70,11,3,84,30,40,6.285714
SUPER_15,25830000,56,3,4,63,29,27,4.714286
SUPER_15,25840000,114,12,5,131,69,45,3.7058823
SUPER_15,25850000,109,9,10,128,54,55,5.105263
SUPER_15,25860000,72,9,4,85,40,32,6.076923
SUPER_15,25870000,81,7,6,94,43,38,3.4615386
SUPER_15,25880000,81,10,3,94,37,44,5
SUPER_15,25890000,29,2,5,36,16,13,8
SUPER_15,25900000,89,4,1,94,53,36,5
SUPER_15,25910000,155,12,4,171,76,79,6.375
SUPER_15,25920000,81,8,13,102,48,33,5.428571
SUPER_15,25930000,70,6,3,79,34,36,3
SUPER_15,25940000,155,14,13,182,71,84,13.444445
SUPER_15,25950000,62,1,6,69,26,36,5.285714
SUPER_15,25960000,2,1,1,4,1,1,1.5
SUPER_15,25970000,91,9,4,104,43,48,10.692307
SUPER_15,25980000,1,0,2,3,1,0,2
SUPER_15,25990000,3,1,0,4,2,1,1
SUPER_15,26000000,45,2,2,49,31,14,7
SUPER_15,26010000,126,9,10,145,62,64,9.210526
SUPER_15,26020000,111,8,8,127,68,43,3.8125
SUPER_15,26030000,79,12,4,95,40,39,31.3125
SUPER_15,26040000,73,5,8,86,36,37,7.3846154
SUPER_15,26050000,118,15,12,145,58,60,4.148148
SUPER_15,26060000,24,3,1,28,10,14,3.5
SUPER_15,26070000,18,7,3,28,9,9,42.6
SUPER_15,26080000,12,0,1,13,5,7,1
SUPER_15,26090000,105,10,8,123,58,47,6.111111
SUPER_15,26100000,61,3,5,69,24,37,1.875
SUPER_15,26110000,1,0,1,2,1,0,2
SUPER_15,26120000,1,0,0,1,1,0,NaN
SUPER_15,26130000,3,0,0,3,0,3,NaN
SUPER_15,26140000,69,10,6,85,34,35,9.25
SUPER_15,26150000,72,5,4,81,35,37,4.6666665
SUPER_15,26160000,2,0,1,3,0,2,1
SUPER_15,26170000,78,2,6,86,40,38,3.125
SUPER_15,26180000,105,9,3,117,50,55,9.166667
SUPER_15,26190000,108,5,8,121,56,52,8.230769
SUPER_15,26200000,28,1,4,33,17,11,9.2
SUPER_15,26210000,0,0,0,0,0,0,0
SUPER_15,26220000,0,0,0,0,0,0,0
SUPER_15,26230000,7,0,0,7,6,1,NaN
SUPER_15,26240000,2,0,0,2,1,1,NaN
SUPER_15,26250000,1,1,0,2,1,0,4
SUPER_15,26260000,23,1,1,25,13,10,1.5
SUPER_15,26270000,27,4,4,35,10,17,6.625
SUPER_15,26280000,31,1,1,33,18,13,90
SUPER_15,26290000,2,1,0,3,1,1,32
SUPER_15,26300000,2,0,0,2,1,1,NaN
SUPER_15,26310000,1,1,0,2,0,1,2
SUPER_15,26320000,2,0,0,2,0,2,NaN
SUPER_15,26330000,43,4,7,54,21,22,18.181818
SUPER_15,26340000,232,16,11,259,121,111,7.6296296
SUPER_15,26350000,6,3,0,9,3,3,3.6666667
SUPER_15,26360000,32,3,3,38,12,20,1.1666666
SUPER_15,26370000,2,1,0,3,1,1,1
SUPER_15,26380000,42,4,1,47,19,23,9.6
SUPER_15,26390000,79,7,7,93,44,35,12.071428
SUPER_15,26400000,0,0,0,0,0,0,0
SUPER_15,26410000,0,0,0,0,0,0,0
SUPER_15,26420000,0,0,0,0,0,0,0
SUPER_15,26430000,158,11,14,183,93,65,8.4
SUPER_15,26440000,90,1,5,96,44,46,1.1666666
SUPER_15,26450000,191,5,14,210,104,87,25.789474
SUPER_15,26460000,94,14,5,113,51,43,6.2105265
SUPER_15,26470000,145,11,9,165,77,68,6.65
SUPER_15,26480000,107,7,9,123,49,58,6.75
SUPER_15,26490000,29,1,0,30,20,9,3
SUPER_15,26500000,51,7,1,59,31,20,5
SUPER_15,26510000,57,1,8,66,27,30,3.4444444
SUPER_15,26520000,54,3,2,59,33,21,9
SUPER_15,26530000,78,4,3,85,38,40,8.857142
SUPER_15,26540000,110,8,15,133,59,51,6.2608695
SUPER_15,26550000,61,3,4,68,37,24,5.428571
SUPER_15,26560000,86,10,6,102,47,39,5.5
SUPER_15,26570000,79,8,3,90,43,36,5.5454545
SUPER_15,26580000,60,5,6,71,28,32,6.3636365
SUPER_15,26590000,0,0,0,0,0,0,0
SUPER_15,26600000,0,0,0,0,0,0,0
SUPER_15,26610000,0,0,0,0,0,0,0
SUPER_15,26620000,0,0,0,0,0,0,0
SUPER_15,26630000,0,0,0,0,0,0,0
SUPER_15,26640000,113,9,6,128,55,58,5.6
SUPER_15,26650000,29,0,2,31,15,14,42.5
SUPER_15,26660000,146,8,8,162,72,74,6.375
SUPER_15,26670000,114,4,11,129,53,61,6.4
SUPER_15,26680000,62,2,2,66,34,28,3.5
SUPER_15,26690000,36,4,5,45,14,22,7.2222223
SUPER_15,26700000,152,10,22,184,72,80,13.09375
SUPER_15,26710000,0,0,0,0,0,0,0
SUPER_15,26720000,0,0,0,0,0,0,0
SUPER_15,26730000,0,0,0,0,0,0,0
SUPER_15,26740000,0,0,0,0,0,0,0
SUPER_15,26750000,61,4,6,71,36,25,5.6
SUPER_15,26760000,2,0,1,3,1,1,1
SUPER_15,26770000,9,2,0,11,7,2,9
SUPER_15,26780000,63,3,2,68,31,32,3.6
SUPER_15,26790000,91,10,2,103,47,44,3.1666667
SUPER_15,26800000,2,3,1,6,2,0,19.25
SUPER_15,26810000,1,1,0,2,1,0,2
SUPER_15,26820000,113,7,5,125,51,62,6.0833335
SUPER_15,26830000,63,7,7,77,28,35,4.642857
SUPER_15,26840000,94,2,8,104,42,52,6.3
SUPER_15,26850000,117,11,7,135,61,56,7.888889
SUPER_15,26860000,160,14,8,182,89,71,8.136364
SUPER_15,26870000,104,11,11,126,53,51,20.363636
SUPER_15,26880000,17,0,0,17,13,4,NaN
SUPER_15,26890000,51,6,2,59,28,23,2
SUPER_15,26900000,87,10,5,102,45,42,11
SUPER_15,26910000,92,10,12,114,51,41,11.954545
SUPER_15,26920000,137,9,7,153,64,73,6.0625
SUPER_15,26930000,115,6,10,131,63,52,11.0625
SUPER_15,26940000,121,3,5,129,73,48,5.5
SUPER_15,26950000,209,16,12,237,102,107,7.571429
SUPER_15,26960000,69,2,1,72,33,36,3.3333333
SUPER_15,26970000,91,8,8,107,51,40,5.875
SUPER_15,26980000,140,7,13,160,74,66,8.8
SUPER_15,26990000,40,2,1,43,18,22,6.3333335
SUPER_15,27000000,25,3,3,31,14,11,10.166667
SUPER_15,27010000,8,0,1,9,4,4,1
SUPER_15,27020000,6,1,0,7,5,1,10
SUPER_15,27030000,7,1,0,8,3,4,2
SUPER_15,27040000,5,1,0,6,2,3,8
SUPER_15,27050000,8,0,0,8,4,4,NaN
SUPER_15,27060000,5,1,0,6,4,1,7
SUPER_15,27070000,2,1,1,4,2,0,4.5
SUPER_15,27080000,7,0,0,7,5,2,NaN
SUPER_15,27090000,35,6,5,46,11,24,7.3636365
SUPER_15,27100000,56,3,3,62,28,28,11
SUPER_15,27110000,101,10,5,116,64,37,2.3333333
SUPER_15,27120000,121,7,7,135,69,52,17.357143
SUPER_15,27130000,99,4,8,111,59,40,14.5
SUPER_15,27140000,35,6,4,45,19,16,9.5
SUPER_15,27150000,0,1,0,1,0,0,1
SUPER_15,27160000,79,12,5,96,39,40,14.941176
SUPER_15,27170000,102,5,5,112,52,50,6.2
SUPER_15,27180000,42,0,2,44,24,18,3
SUPER_15,27190000,22,0,0,22,14,8,NaN
SUPER_15,27200000,0,0,0,0,0,0,0
SUPER_15,27210000,0,0,0,0,0,0,0
SUPER_15,27220000,106,5,7,118,43,63,9.916667
SUPER_15,27230000,9,1,0,10,5,4,6
SUPER_15,27240000,7,0,1,8,5,2,3
SUPER_15,27250000,15,1,2,18,10,5,6.6666665
SUPER_15,27260000,41,5,3,49,21,20,3.75
SUPER_15,27270000,106,7,10,123,57,49,9.058824
SUPER_15,27280000,37,0,4,41,22,15,6.25
SUPER_15,27290000,14,3,1,18,8,6,5
SUPER_15,27300000,23,1,2,26,10,13,8
SUPER_15,27310000,65,6,7,78,26,39,20.076923
SUPER_15,27320000,88,7,5,100,52,36,5.25
SUPER_15,27330000,113,10,6,129,60,53,11.625
SUPER_15,27340000,138,13,14,165,75,63,14.666667
SUPER_15,27350000,57,3,8,68,31,26,3.2727273
SUPER_15,27360000,102,4,3,109,56,46,7.571429
SUPER_15,27370000,73,5,6,84,31,42,5.181818
SUPER_15,27380000,78,9,12,99,40,38,16.238094
SUPER_15,27390000,98,14,7,119,57,41,3.3333333
SUPER_15,27400000,8,2,1,11,2,6,5.6666665
SUPER_15,27410000,19,2,2,23,11,8,1.75
SUPER_15,27420000,115,7,11,133,54,61,3.3888888
SUPER_15,27430000,56,3,5,64,26,30,13.75
SUPER_15,27440000,20,2,2,24,11,9,1.75
SUPER_15,27450000,69,8,3,80,32,37,9.181818
SUPER_15,27460000,50,3,2,55,28,22,13.6
SUPER_15,27470000,5,0,1,6,4,1,8
SUPER_15,27480000,5,1,1,7,3,2,4.5
SUPER_15,27490000,3,0,0,3,1,2,NaN
SUPER_15,27500000,83,5,11,99,46,37,11.4375
SUPER_15,27510000,153,9,19,181,71,82,13.964286
SUPER_15,27520000,137,7,12,156,57,80,7.7894735
SUPER_15,27530000,126,6,8,140,58,68,7.214286
SUPER_15,27540000,182,15,18,215,90,92,5.6363635
SUPER_15,27550000,113,3,9,125,60,53,4.0833335
SUPER_15,27560000,1,0,1,2,0,1,1
SUPER_15,27570000,8,1,0,9,3,5,4
SUPER_15,27580000,65,6,7,78,32,33,4.923077
SUPER_15,27590000,69,8,7,84,38,31,30.8
SUPER_15,27600000,88,4,5,97,49,39,6
SUPER_15,27610000,41,5,1,47,13,28,1.6666666
SUPER_15,27620000,136,12,10,158,65,71,4.6363635
SUPER_15,27630000,59,7,7,73,25,34,22.071428
SUPER_15,27640000,25,5,4,34,13,12,2.1111112
SUPER_15,27650000,0,0,0,0,0,0,0
SUPER_15,27660000,0,0,0,0,0,0,0
SUPER_15,27670000,47,2,0,49,24,23,6
SUPER_15,27680000,2,0,0,2,1,1,NaN
SUPER_15,27690000,1,0,0,1,1,0,NaN
SUPER_15,27700000,0,0,0,0,0,0,0
SUPER_15,27710000,0,0,0,0,0,0,0
SUPER_15,27720000,0,0,0,0,0,0,0
SUPER_15,27730000,0,0,0,0,0,0,0
SUPER_15,27740000,2,1,0,3,2,0,6
SUPER_15,27750000,2,2,1,5,0,2,3.3333333
SUPER_15,27760000,8,0,1,9,5,3,6
SUPER_15,27770000,0,0,0,0,0,0,0
SUPER_15,27780000,0,0,0,0,0,0,0
SUPER_15,27790000,3,0,1,4,1,2,11
SUPER_15,27800000,0,1,0,1,0,0,15
SUPER_15,27810000,2,0,0,2,1,1,NaN
SUPER_15,27820000,1,1,0,2,0,1,9
SUPER_15,27830000,1,0,0,1,0,1,NaN
SUPER_15,27840000,2,1,1,4,1,1,3
SUPER_15,27850000,2,0,0,2,0,2,NaN
SUPER_15,27860000,15,1,2,18,4,11,83
SUPER_15,27870000,81,3,5,89,37,44,85.625
SUPER_15,27880000,178,10,19,207,87,91,7.586207
SUPER_15,27890000,90,11,5,106,54,36,3.4375
SUPER_15,27900000,74,7,11,92,31,43,9.166667
SUPER_15,27910000,131,11,9,151,61,70,11.95
SUPER_15,27920000,80,4,6,90,41,39,4.4
SUPER_15,27930000,138,8,11,157,72,66,14.473684
SUPER_15,27940000,68,5,5,78,33,35,2.3
SUPER_15,27950000,9,0,0,9,3,6,NaN
SUPER_15,27960000,114,2,4,120,59,55,52.5
SUPER_15,27970000,4,0,0,4,1,3,NaN
SUPER_15,27980000,3,0,0,3,2,1,NaN
SUPER_15,27990000,3,1,0,4,2,1,12
SUPER_15,28000000,3,0,0,3,0,3,NaN
SUPER_15,28010000,1,1,0,2,1,0,2
SUPER_15,28020000,3,0,0,3,1,2,NaN
SUPER_15,28030000,5,2,1,8,2,3,1.3333334
SUPER_15,28040000,4,0,0,4,3,1,NaN
SUPER_15,28050000,8,0,0,8,4,4,NaN
SUPER_15,28060000,4,0,2,6,3,1,12
SUPER_15,28070000,12,2,1,15,10,2,15
SUPER_15,28080000,46,5,5,56,20,26,9.1
SUPER_15,28090000,24,4,2,30,14,10,12
SUPER_15,28100000,2,1,1,4,2,0,2.5
SUPER_15,28110000,0,0,0,0,0,0,0
SUPER_15,28120000,0,0,0,0,0,0,0
SUPER_15,28130000,2,2,0,4,0,2,1
SUPER_15,28140000,2,1,1,4,1,1,1
SUPER_15,28150000,7,0,1,8,2,5,8
SUPER_15,28160000,84,3,5,92,44,40,8.375
SUPER_15,28170000,114,9,12,135,59,55,8.047619
SUPER_15,28180000,64,2,7,73,30,34,7.2222223
SUPER_15,28190000,87,3,9,99,44,43,5.9166665
SUPER_15,28200000,1,0,0,1,1,0,NaN
SUPER_15,28210000,3,0,0,3,1,2,NaN
SUPER_15,28220000,1,0,0,1,1,0,NaN
SUPER_15,28230000,0,0,0,0,0,0,0
SUPER_15,28240000,0,0,0,0,0,0,0
SUPER_15,28250000,2,1,0,3,0,2,1
SUPER_15,28260000,2,0,1,3,1,1,1
SUPER_15,28270000,2,1,0,3,2,0,3
SUPER_15,28280000,3,0,1,4,1,2,6
SUPER_15,28290000,0,0,0,0,0,0,0
SUPER_15,28300000,0,0,0,0,0,0,0
SUPER_15,28310000,3,0,0,3,3,0,NaN
SUPER_15,28320000,2,0,0,2,2,0,NaN
SUPER_15,28330000,1,0,0,1,0,1,NaN
SUPER_15,28340000,0,0,1,1,0,0,39
SUPER_15,28350000,4,2,0,6,1,3,9
SUPER_15,28360000,3,0,0,3,1,2,NaN
SUPER_15,28370000,47,2,6,55,26,21,7.5
SUPER_15,28380000,91,6,10,107,44,47,2.1875
SUPER_15,28390000,32,3,4,39,17,15,3
SUPER_15,28400000,72,5,5,82,38,34,13.2
SUPER_15,28410000,65,5,6,76,32,33,3.2727273
SUPER_15,28420000,2,0,1,3,1,1,4
SUPER_15,28430000,0,1,0,1,0,0,2
SUPER_15,28440000,1,0,0,1,1,0,NaN
SUPER_15,28450000,3,0,0,3,1,2,NaN
SUPER_15,28460000,0,0,0,0,0,0,0
SUPER_15,28470000,0,0,0,0,0,0,0
SUPER_15,28480000,6,1,0,7,4,2,15
SUPER_15,28490000,2,1,0,3,1,1,1
SUPER_15,28500000,2,0,0,2,1,1,NaN
SUPER_15,28510000,2,0,0,2,1,1,NaN
SUPER_15,28520000,2,0,1,3,2,0,1
SUPER_15,28530000,6,0,0,6,3,3,NaN
SUPER_15,28540000,4,0,0,4,1,3,NaN
SUPER_15,28550000,3,3,0,6,0,3,1.3333334
SUPER_15,28560000,4,0,0,4,1,3,NaN
SUPER_15,28570000,0,0,0,0,0,0,0
SUPER_15,28580000,0,0,0,0,0,0,0
SUPER_15,28590000,10,1,1,12,3,7,2
SUPER_15,28600000,85,6,11,102,46,39,7.1764708
SUPER_15,28610000,156,8,4,168,80,76,8.333333
SUPER_15,28620000,128,8,16,152,74,54,3.9583333
SUPER_15,28630000,23,0,1,24,11,12,7
SUPER_15,28640000,2,1,1,4,1,1,12.5
SUPER_15,28650000,2,1,0,3,1,1,2
SUPER_15,28660000,42,3,3,48,19,23,9.333333
SUPER_15,28670000,98,3,8,109,46,52,9.636364
SUPER_15,28680000,123,13,6,142,67,56,6.9473686
SUPER_15,28690000,81,5,5,91,34,47,44.7
SUPER_15,28700000,126,9,14,149,72,54,25.608696
SUPER_15,28710000,93,5,2,100,50,43,8.142858
SUPER_15,28720000,50,0,0,50,24,26,NaN
SUPER_15,28730000,122,8,19,149,63,59,36.22222
SUPER_15,28740000,32,2,3,37,9,23,2.6
SUPER_15,28750000,46,6,3,55,26,20,11
SUPER_15,28760000,28,6,3,37,13,15,14.222222
SUPER_15,28770000,4,1,0,5,0,4,1
SUPER_15,28780000,10,0,2,12,3,7,1.5
SUPER_15,28790000,70,6,6,82,35,35,4.4166665
SUPER_15,28800000,46,7,5,58,18,28,2.5
SUPER_15,28810000,4,0,0,4,2,2,NaN
SUPER_15,28820000,0,0,0,0,0,0,0
SUPER_15,28830000,0,0,0,0,0,0,0
SUPER_15,28840000,132,9,8,149,77,55,4.8235292
SUPER_15,28850000,168,7,14,189,89,79,24.52381
SUPER_15,28860000,215,15,13,243,98,117,3.857143
SUPER_15,28870000,92,3,7,102,52,40,6.6
SUPER_15,28880000,92,6,6,104,45,47,4.5
SUPER_15,28890000,11,0,2,13,2,9,8.5
SUPER_15,28900000,5,1,0,6,2,3,29
SUPER_15,28910000,4,0,1,5,2,2,4
SUPER_15,28920000,2,0,0,2,2,0,NaN
SUPER_15,28930000,2,1,0,3,2,0,4
SUPER_15,28940000,4,0,0,4,2,2,NaN
SUPER_15,28950000,3,0,1,4,3,0,4
SUPER_15,28960000,2,0,0,2,2,0,NaN
SUPER_15,28970000,4,0,0,4,2,2,NaN
SUPER_15,28980000,5,0,0,5,1,4,NaN
SUPER_15,28990000,4,0,0,4,2,2,NaN
SUPER_15,29000000,1,1,0,2,1,0,5
SUPER_15,29010000,3,1,0,4,2,1,5
SUPER_15,29020000,2,0,1,3,1,1,1
SUPER_15,29030000,7,0,1,8,3,4,2
SUPER_15,29040000,1,0,0,1,0,1,NaN
SUPER_15,29050000,1,0,0,1,0,1,NaN
SUPER_15,29060000,20,3,2,25,9,11,4
SUPER_15,29070000,29,4,4,37,19,10,27.375
SUPER_15,29080000,24,0,2,26,10,14,2.5
SUPER_15,29090000,21,1,4,26,10,11,6.6
SUPER_15,29100000,20,0,2,22,8,12,4.5
SUPER_15,29110000,14,0,0,14,9,5,NaN
SUPER_15,29120000,24,3,1,28,10,14,4.75
SUPER_15,29130000,12,2,5,19,7,5,3
SUPER_15,29140000,13,1,2,16,8,5,12.333333
SUPER_15,29150000,15,0,2,17,8,7,42.5
SUPER_15,29160000,17,1,3,21,6,11,1.5
SUPER_15,29170000,9,2,0,11,6,3,4.5
SUPER_15,29180000,6,1,1,8,1,5,1.5
SUPER_15,29190000,12,3,1,16,5,7,2.5
SUPER_15,29200000,6,0,0,6,3,3,NaN
SUPER_15,29210000,56,5,6,67,36,20,4.181818
SUPER_15,29220000,38,2,2,42,28,10,2.5
SUPER_15,29230000,11,0,0,11,6,5,NaN
SUPER_15,29240000,52,1,1,54,30,22,7
SUPER_15,29250000,0,1,0,1,0,0,1
SUPER_15,29260000,43,0,0,43,29,14,NaN
SUPER_15,29270000,24,1,0,25,13,11,1
SUPER_15,29280000,12,0,0,12,10,2,NaN
SUPER_16,10000,52,12,12,76,27,25,5.75
SUPER_16,20000,52,3,2,57,31,21,1.8
SUPER_16,30000,29,5,3,37,12,17,4.5
SUPER_16,40000,18,1,1,20,9,9,3.5
SUPER_16,50000,22,3,3,28,8,14,10.833333
SUPER_16,60000,20,2,1,23,10,10,2.3333333
SUPER_16,70000,18,1,3,22,11,7,4.75
SUPER_16,80000,17,3,1,21,8,9,13.5
SUPER_16,90000,31,1,3,35,16,15,2.25
SUPER_16,100000,25,5,2,32,10,15,7.142857
SUPER_16,110000,27,3,3,33,18,9,3.1666667
SUPER_16,120000,21,0,1,22,13,8,1
SUPER_16,130000,16,2,3,21,8,8,11.6
SUPER_16,140000,16,1,0,17,10,6,3
SUPER_16,150000,25,1,5,31,12,13,16
SUPER_16,160000,25,3,2,30,12,13,5.6
SUPER_16,170000,22,3,2,27,9,13,18.4
SUPER_16,180000,17,1,2,20,11,6,13.333333
SUPER_16,190000,20,0,4,24,10,10,30.25
SUPER_16,200000,11,0,1,12,9,2,58
SUPER_16,210000,20,5,5,30,8,12,19.5
SUPER_16,220000,27,4,4,35,17,10,7
SUPER_16,230000,39,4,6,49,16,23,8.9
SUPER_16,240000,48,3,2,53,23,25,9.4
SUPER_16,250000,83,3,5,91,41,42,56.375
SUPER_16,260000,82,7,3,92,43,39,3.3
SUPER_16,270000,119,8,9,136,72,47,22.882353
SUPER_16,280000,86,2,4,92,45,41,14.666667
SUPER_16,290000,113,13,11,137,45,68,13.041667
SUPER_16,300000,49,6,5,60,21,28,2.1818182
SUPER_16,310000,93,3,6,102,53,40,2.7777777
SUPER_16,320000,122,9,8,139,67,55,9.470589
SUPER_16,330000,74,6,5,85,35,39,7.3636365
SUPER_16,340000,95,6,3,104,56,39,5.888889
SUPER_16,350000,108,10,11,129,56,52,10.952381
SUPER_16,360000,50,6,2,58,23,27,3.25
SUPER_16,370000,68,4,7,79,33,35,8
SUPER_16,380000,0,0,0,0,0,0,0
SUPER_16,390000,0,0,0,0,0,0,0
SUPER_16,400000,0,0,0,0,0,0,0
SUPER_16,410000,148,9,13,170,68,80,4.9545455
SUPER_16,420000,61,0,1,62,33,28,2
SUPER_16,430000,6,2,0,8,1,5,1
SUPER_16,440000,166,11,8,185,89,77,2.6842105
SUPER_16,450000,173,11,17,201,86,87,10.857142
SUPER_16,460000,92,11,14,117,38,54,7.2
SUPER_16,470000,82,3,4,89,48,34,15.571428
SUPER_16,480000,34,1,3,38,20,14,2.75
SUPER_16,490000,0,0,0,0,0,0,0
SUPER_16,500000,0,0,0,0,0,0,0
SUPER_16,510000,0,0,0,0,0,0,0
SUPER_16,520000,0,0,0,0,0,0,0
SUPER_16,530000,0,0,0,0,0,0,0
SUPER_16,540000,179,7,14,200,96,83,5.8095236
SUPER_16,550000,0,0,1,1,0,0,2
SUPER_16,560000,22,0,1,23,13,9,1
SUPER_16,570000,151,10,10,171,67,84,9.55
SUPER_16,580000,58,6,4,68,26,32,5.4
SUPER_16,590000,1,0,0,1,1,0,NaN
SUPER_16,600000,4,0,2,6,1,3,22.5
SUPER_16,610000,2,2,0,4,0,2,21
SUPER_16,620000,0,0,0,0,0,0,0
SUPER_16,630000,0,0,0,0,0,0,0
SUPER_16,640000,0,0,0,0,0,0,0
SUPER_16,650000,6,1,2,9,2,4,6
SUPER_16,660000,1,0,0,1,1,0,NaN
SUPER_16,670000,1,1,0,2,1,0,49
SUPER_16,680000,68,3,4,75,34,34,5.571429
SUPER_16,690000,0,0,0,0,0,0,0
SUPER_16,700000,0,0,0,0,0,0,0
SUPER_16,710000,83,3,7,93,37,46,6.8
SUPER_16,720000,188,8,13,209,104,84,6.2380953
SUPER_16,730000,66,6,6,78,39,27,4.1666665
SUPER_16,740000,65,3,6,74,36,29,1.7777778
SUPER_16,750000,62,3,6,71,30,32,6
SUPER_16,760000,41,3,4,48,29,12,12
SUPER_16,770000,0,1,0,1,0,0,1
SUPER_16,780000,25,2,1,28,6,19,3.6666667
SUPER_16,790000,62,7,4,73,39,23,6.2727275
SUPER_16,800000,63,4,5,72,31,32,8.555555
SUPER_16,810000,61,3,2,66,31,30,1
SUPER_16,820000,77,6,4,87,39,38,3.9
SUPER_16,830000,0,0,0,0,0,0,0
SUPER_16,840000,0,0,0,0,0,0,0
SUPER_16,850000,138,8,13,159,65,73,9.285714
SUPER_16,860000,58,4,8,70,29,29,4.6666665
SUPER_16,870000,99,5,3,107,49,50,3.875
SUPER_16,880000,55,4,1,60,24,31,11.4
SUPER_16,890000,44,6,3,53,26,18,5.3333335
SUPER_16,900000,45,3,1,49,24,21,4.5
SUPER_16,910000,167,15,9,191,90,77,7.9583335
SUPER_16,920000,40,3,6,49,20,20,57.22222
SUPER_16,930000,10,2,1,13,6,4,12.666667
SUPER_16,940000,71,2,6,79,43,28,3.75
SUPER_16,950000,26,2,0,28,15,11,13
SUPER_16,960000,84,4,4,92,44,40,6.25
SUPER_16,970000,105,6,7,118,56,49,24.846153
SUPER_16,980000,3,1,0,4,1,2,4
SUPER_16,990000,1,1,1,3,0,1,2.5
SUPER_16,1000000,4,0,0,4,2,2,NaN
SUPER_16,1010000,2,0,0,2,1,1,NaN
SUPER_16,1020000,4,0,2,6,0,4,5.5
SUPER_16,1030000,1,1,0,2,1,0,1
SUPER_16,1040000,2,1,0,3,2,0,4
SUPER_16,1050000,3,0,0,3,0,3,NaN
SUPER_16,1060000,6,1,0,7,3,3,2
SUPER_16,1070000,3,1,0,4,0,3,7
SUPER_16,1080000,2,3,0,5,1,1,3.3333333
SUPER_16,1090000,1,0,0,1,1,0,NaN
SUPER_16,1100000,1,1,0,2,0,1,1
SUPER_16,1110000,1,2,0,3,1,0,3
SUPER_16,1120000,3,0,0,3,2,1,NaN
SUPER_16,1130000,4,2,0,6,1,3,6.5
SUPER_16,1140000,3,0,0,3,2,1,NaN
SUPER_16,1150000,3,0,0,3,1,2,NaN
SUPER_16,1160000,3,0,1,4,2,1,2
SUPER_16,1170000,1,1,0,2,1,0,2
SUPER_16,1180000,5,0,0,5,1,4,NaN
SUPER_16,1190000,2,0,0,2,2,0,NaN
SUPER_16,1200000,3,1,2,6,2,1,2.3333333
SUPER_16,1210000,2,3,0,5,1,1,3
SUPER_16,1220000,1,0,0,1,1,0,NaN
SUPER_16,1230000,1,0,0,1,1,0,NaN
SUPER_16,1240000,2,1,0,3,0,2,1
SUPER_16,1250000,5,0,0,5,4,1,NaN
SUPER_16,1260000,0,2,1,3,0,0,3.6666667
SUPER_16,1270000,0,0,2,2,0,0,139.5
SUPER_16,1280000,18,1,1,20,15,3,10
SUPER_16,1290000,6,9,2,17,5,1,11.545455
SUPER_16,1300000,0,0,0,0,0,0,0
SUPER_16,1310000,0,0,0,0,0,0,0
SUPER_16,1320000,9,7,2,18,6,3,4.5555553
SUPER_16,1330000,1,0,0,1,0,1,NaN
SUPER_16,1340000,3,0,0,3,1,2,NaN
SUPER_16,1350000,41,1,6,48,27,14,8.714286
SUPER_16,1360000,152,7,11,170,70,82,15
SUPER_16,1370000,3,0,0,3,1,2,NaN
SUPER_16,1380000,2,4,4,10,1,1,9.75
SUPER_16,1390000,1,0,0,1,0,1,NaN
SUPER_16,1400000,2,1,1,4,1,1,1.5
SUPER_16,1410000,0,0,1,1,0,0,2
SUPER_16,1420000,2,0,0,2,1,1,NaN
SUPER_16,1430000,1,0,0,1,1,0,NaN
SUPER_16,1440000,0,1,1,2,0,0,3
SUPER_16,1450000,4,0,1,5,1,3,4
SUPER_16,1460000,4,1,0,5,2,2,48
SUPER_16,1470000,0,0,0,0,0,0,0
SUPER_16,1480000,0,0,0,0,0,0,0
SUPER_16,1490000,5,0,1,6,1,4,1
SUPER_16,1500000,22,3,3,28,8,14,2.8333333
SUPER_16,1510000,8,2,1,11,4,4,11
SUPER_16,1520000,11,0,2,13,7,4,1
SUPER_16,1530000,31,1,2,34,15,16,1
SUPER_16,1540000,85,0,5,90,50,35,182.6
SUPER_16,1550000,94,4,6,104,41,53,5.5
SUPER_16,1560000,100,5,8,113,57,43,159.23077
SUPER_16,1570000,127,10,14,151,69,58,5.25
SUPER_16,1580000,133,9,13,155,56,77,4.6363635
SUPER_16,1590000,66,1,8,75,37,29,10
SUPER_16,1600000,42,2,4,48,23,19,4.8333335
SUPER_16,1610000,143,12,3,158,79,64,6
SUPER_16,1620000,123,11,13,147,51,72,5.125
SUPER_16,1630000,102,10,8,120,46,56,8.277778
SUPER_16,1640000,56,4,4,64,30,26,4.25
SUPER_16,1650000,22,3,2,27,11,11,7.2
SUPER_16,1660000,20,4,5,29,11,9,13.444445
SUPER_16,1670000,50,7,11,68,30,20,4.888889
SUPER_16,1680000,0,0,0,0,0,0,0
SUPER_16,1690000,0,0,0,0,0,0,0
SUPER_16,1700000,67,8,5,80,39,28,4.3076925
SUPER_16,1710000,1,2,1,4,0,1,5
SUPER_16,1720000,3,1,0,4,0,3,1
SUPER_16,1730000,1,0,0,1,1,0,NaN
SUPER_16,1740000,3,2,0,5,1,2,1
SUPER_16,1750000,2,0,0,2,1,1,NaN
SUPER_16,1760000,1,0,0,1,1,0,NaN
SUPER_16,1770000,3,0,0,3,2,1,NaN
SUPER_16,1780000,4,1,1,6,1,3,4
SUPER_16,1790000,1,1,0,2,0,1,3
SUPER_16,1800000,0,0,0,0,0,0,0
SUPER_16,1810000,0,0,0,0,0,0,0
SUPER_16,1820000,67,4,6,77,42,25,20.7
SUPER_16,1830000,120,13,7,140,52,68,9.4
SUPER_16,1840000,116,14,10,140,58,58,4.75
SUPER_16,1850000,88,7,8,103,51,37,4.8
SUPER_16,1860000,54,2,9,65,20,34,15.454545
SUPER_16,1870000,4,1,0,5,1,3,2
SUPER_16,1880000,4,1,2,7,2,2,20.333334
SUPER_16,1890000,3,1,0,4,2,1,1
SUPER_16,1900000,1,0,0,1,1,0,NaN
SUPER_16,1910000,3,0,0,3,2,1,NaN
SUPER_16,1920000,20,3,3,26,11,9,4.3333335
SUPER_16,1930000,115,12,12,139,62,53,4.9166665
SUPER_16,1940000,110,5,10,125,62,48,30.533333
SUPER_16,1950000,95,4,7,106,50,45,2.6363637
SUPER_16,1960000,150,9,10,169,74,76,46.94737
SUPER_16,1970000,129,7,9,145,81,48,6.25
SUPER_16,1980000,69,7,3,79,37,32,8.4
SUPER_16,1990000,134,3,8,145,71,63,3.2727273
SUPER_16,2000000,80,6,7,93,40,40,5.3846154
SUPER_16,2010000,40,5,6,51,24,16,5.909091
SUPER_16,2020000,121,9,15,145,60,61,6.2916665
SUPER_16,2030000,202,7,16,225,103,99,7.5652175
SUPER_16,2040000,145,6,10,161,75,70,7.6875
SUPER_16,2050000,121,9,9,139,59,62,7.611111
SUPER_16,2060000,116,8,8,132,63,53,3.75
SUPER_16,2070000,9,1,0,10,2,7,18
SUPER_16,2080000,58,4,4,66,29,29,2.625
SUPER_16,2090000,149,15,13,177,67,82,7.214286
SUPER_16,2100000,72,6,5,83,37,35,14.272727
SUPER_16,2110000,28,0,0,28,20,8,NaN
SUPER_16,2120000,0,0,0,0,0,0,0
SUPER_16,2130000,0,0,0,0,0,0,0
SUPER_16,2140000,4,1,1,6,3,1,2
SUPER_16,2150000,2,0,0,2,1,1,NaN
SUPER_16,2160000,100,4,4,108,45,55,4.375
SUPER_16,2170000,43,1,4,48,22,21,64.8
SUPER_16,2180000,1,0,0,1,0,1,NaN
SUPER_16,2190000,0,1,0,1,0,0,1
SUPER_16,2200000,2,0,0,2,0,2,NaN
SUPER_16,2210000,1,0,0,1,1,0,NaN
SUPER_16,2220000,54,3,5,62,26,28,8.75
SUPER_16,2230000,60,6,5,71,29,31,27.90909
SUPER_16,2240000,121,2,14,137,64,57,7.25
SUPER_16,2250000,110,6,10,126,55,55,18.6875
SUPER_16,2260000,125,10,10,145,55,70,7.25
SUPER_16,2270000,102,4,10,116,50,52,30
SUPER_16,2280000,121,9,12,142,57,64,3.5238094
SUPER_16,2290000,92,6,5,103,36,56,7
SUPER_16,2300000,177,12,16,205,93,84,4.357143
SUPER_16,2310000,110,10,7,127,51,59,10.470589
SUPER_16,2320000,99,5,6,110,49,50,3.909091
SUPER_16,2330000,128,8,0,136,52,76,4.25
SUPER_16,2340000,89,5,9,103,37,52,6.785714
SUPER_16,2350000,74,5,7,86,36,38,3.3333333
SUPER_16,2360000,62,3,5,70,30,32,50
SUPER_16,2370000,81,10,7,98,35,46,4.117647
SUPER_16,2380000,4,0,0,4,2,2,NaN
SUPER_16,2390000,2,0,0,2,1,1,NaN
SUPER_16,2400000,2,0,0,2,2,0,NaN
SUPER_16,2410000,55,1,7,63,26,29,25.375
SUPER_16,2420000,173,9,11,193,88,85,23.65
SUPER_16,2430000,91,10,5,106,54,37,5.5333333
SUPER_16,2440000,158,15,11,184,88,70,5.8461537
SUPER_16,2450000,166,9,9,184,81,85,3.0555556
SUPER_16,2460000,83,8,5,96,40,43,8.307693
SUPER_16,2470000,95,3,4,102,46,49,4.428571
SUPER_16,2480000,120,6,6,132,61,59,6.75
SUPER_16,2490000,128,7,8,143,55,73,6.3333335
SUPER_16,2500000,49,3,3,55,35,14,2.3333333
SUPER_16,2510000,119,2,9,130,56,63,6
SUPER_16,2520000,121,10,13,144,63,58,8.73913
SUPER_16,2530000,157,18,11,186,87,70,4.551724
SUPER_16,2540000,163,13,18,194,79,84,4.967742
SUPER_16,2550000,120,10,7,137,62,58,6.8235292
SUPER_16,2560000,20,2,1,23,10,10,1
SUPER_16,2570000,16,1,1,18,9,7,7.5
SUPER_16,2580000,98,9,2,109,55,43,4.5454545
SUPER_16,2590000,79,10,7,96,48,31,6.4117646
SUPER_16,2600000,1,0,0,1,1,0,NaN
SUPER_16,2610000,0,0,0,0,0,0,0
SUPER_16,2620000,0,0,0,0,0,0,0
SUPER_16,2630000,0,0,0,0,0,0,0
SUPER_16,2640000,4,1,1,6,0,4,2.5
SUPER_16,2650000,3,0,0,3,3,0,NaN
SUPER_16,2660000,71,8,9,88,34,37,13.058824
SUPER_16,2670000,81,6,6,93,40,41,24
SUPER_16,2680000,92,11,5,108,51,41,5.875
SUPER_16,2690000,14,2,0,16,7,7,1
SUPER_16,2700000,52,7,3,62,26,26,10.1
SUPER_16,2710000,101,6,8,115,54,47,10.642858
SUPER_16,2720000,156,8,15,179,74,82,5.4347825
SUPER_16,2730000,148,13,8,169,69,79,6.428571
SUPER_16,2740000,122,5,9,136,62,60,29.928572
SUPER_16,2750000,23,4,3,30,14,9,3.4285715
SUPER_16,2760000,2,0,0,2,1,1,NaN
SUPER_16,2770000,2,0,0,2,0,2,NaN
SUPER_16,2780000,19,1,2,22,9,10,3.3333333
SUPER_16,2790000,119,10,5,134,64,55,7.8
SUPER_16,2800000,74,5,9,88,42,32,8.071428
SUPER_16,2810000,1,0,1,2,1,0,1
SUPER_16,2820000,50,1,4,55,25,25,49
SUPER_16,2830000,122,9,8,139,53,69,5.1764708
SUPER_16,2840000,11,1,0,12,9,2,1
SUPER_16,2850000,1,1,1,3,0,1,2.5
SUPER_16,2860000,28,2,0,30,17,11,5
SUPER_16,2870000,1,1,0,2,0,1,13
SUPER_16,2880000,0,0,0,0,0,0,0
SUPER_16,2890000,0,0,0,0,0,0,0
SUPER_16,2900000,103,7,9,119,57,46,5.1875
SUPER_16,2910000,198,6,19,223,101,97,8.48
SUPER_16,2920000,91,6,7,104,46,45,8.230769
SUPER_16,2930000,54,4,8,66,25,29,9.75
SUPER_16,2940000,35,3,4,42,18,17,3.142857
SUPER_16,2950000,65,5,3,73,28,37,1.75
SUPER_16,2960000,170,11,16,197,89,81,7.5185184
SUPER_16,2970000,113,6,15,134,65,48,7.4761906
SUPER_16,2980000,71,2,1,74,35,36,7
SUPER_16,2990000,71,6,12,89,38,33,39.38889
SUPER_16,3000000,126,9,7,142,59,67,15
SUPER_16,3010000,44,3,1,48,26,18,4.25
SUPER_16,3020000,0,0,1,1,0,0,1
SUPER_16,3030000,145,7,12,164,65,80,5.7894735
SUPER_16,3040000,151,12,7,170,73,78,8.947369
SUPER_16,3050000,133,8,6,147,79,54,7.071429
SUPER_16,3060000,23,1,3,27,8,15,1.25
SUPER_16,3070000,99,10,7,116,51,48,30.941177
SUPER_16,3080000,114,13,12,139,58,56,12.88
SUPER_16,3090000,149,4,9,162,78,71,10.307693
SUPER_16,3100000,78,6,10,94,41,37,10.1875
SUPER_16,3110000,32,2,2,36,19,13,6
SUPER_16,3120000,1,0,0,1,1,0,NaN
SUPER_16,3130000,2,2,2,6,0,2,25
SUPER_16,3140000,1,0,0,1,0,1,NaN
SUPER_16,3150000,2,0,0,2,1,1,NaN
SUPER_16,3160000,2,0,0,2,1,1,NaN
SUPER_16,3170000,2,1,1,4,1,1,9.5
SUPER_16,3180000,5,0,0,5,4,1,NaN
SUPER_16,3190000,2,0,1,3,1,1,1
SUPER_16,3200000,1,1,2,4,1,0,46.666668
SUPER_16,3210000,3,1,2,6,2,1,21
SUPER_16,3220000,135,11,9,155,63,72,14
SUPER_16,3230000,17,1,3,21,10,7,8.5
SUPER_16,3240000,0,0,0,0,0,0,0
SUPER_16,3250000,0,0,0,0,0,0,0
SUPER_16,3260000,11,1,3,15,5,6,3.5
SUPER_16,3270000,56,8,3,67,28,28,5.909091
SUPER_16,3280000,117,11,11,139,60,57,10.727273
SUPER_16,3290000,64,6,4,74,36,28,23.4
SUPER_16,3300000,5,0,0,5,4,1,NaN
SUPER_16,3310000,4,0,0,4,0,4,NaN
SUPER_16,3320000,59,12,6,77,33,26,7.9444447
SUPER_16,3330000,125,12,10,147,63,62,11.227273
SUPER_16,3340000,90,8,7,105,44,46,32.133335
SUPER_16,3350000,24,3,2,29,13,11,41
SUPER_16,3360000,77,6,9,92,40,37,12.066667
SUPER_16,3370000,60,11,5,76,30,30,8.4375
SUPER_16,3380000,0,0,0,0,0,0,0
SUPER_16,3390000,0,0,0,0,0,0,0
SUPER_16,3400000,46,2,3,51,22,24,3.4
SUPER_16,3410000,3,0,0,3,1,2,NaN
SUPER_16,3420000,2,1,1,4,2,0,1.5
SUPER_16,3430000,51,8,10,69,24,27,8.222222
SUPER_16,3440000,2,0,0,2,1,1,NaN
SUPER_16,3450000,3,0,0,3,1,2,NaN
SUPER_16,3460000,1,0,0,1,0,1,NaN
SUPER_16,3470000,27,3,3,33,13,14,14.333333
SUPER_16,3480000,65,8,10,83,30,35,18.666666
SUPER_16,3490000,63,3,4,70,32,31,4.285714
SUPER_16,3500000,165,10,13,188,96,69,13.304348
SUPER_16,3510000,70,8,3,81,37,33,6
SUPER_16,3520000,6,1,0,7,2,4,11
SUPER_16,3530000,80,9,8,97,48,32,7.117647
SUPER_16,3540000,1,0,0,1,1,0,NaN
SUPER_16,3550000,1,1,0,2,0,1,8
SUPER_16,3560000,2,3,0,5,2,0,2.3333333
SUPER_16,3570000,1,0,0,1,0,1,NaN
SUPER_16,3580000,24,4,3,31,10,14,2.857143
SUPER_16,3590000,108,11,7,126,51,57,7.3333335
SUPER_16,3600000,74,2,5,81,38,36,3.5714285
SUPER_16,3610000,155,11,11,177,77,78,3.909091
SUPER_16,3620000,147,11,12,170,64,83,4.0434785
SUPER_16,3630000,95,8,6,109,51,44,7.357143
SUPER_16,3640000,52,6,4,62,27,25,3.9
SUPER_16,3650000,156,12,8,176,76,80,3
SUPER_16,3660000,108,5,10,123,44,64,7.4666667
SUPER_16,3670000,56,5,6,67,19,37,24.727272
SUPER_16,3680000,99,0,4,103,51,48,7.5
SUPER_16,3690000,126,10,8,144,65,61,11.166667
SUPER_16,3700000,51,6,4,61,24,27,3.1
SUPER_16,3710000,48,5,0,53,23,25,3
SUPER_16,3720000,107,9,11,127,54,53,3.6
SUPER_16,3730000,43,3,1,47,26,17,1.25
SUPER_16,3740000,4,0,0,4,2,2,NaN
SUPER_16,3750000,75,10,10,95,42,33,3.6
SUPER_16,3760000,110,8,11,129,54,56,29.947369
SUPER_16,3770000,34,3,5,42,18,16,5.625
SUPER_16,3780000,2,0,0,2,1,1,NaN
SUPER_16,3790000,2,0,0,2,1,1,NaN
SUPER_16,3800000,90,5,8,103,51,39,5.3076925
SUPER_16,3810000,11,0,4,15,6,5,4.75
SUPER_16,3820000,6,1,1,8,2,4,1.5
SUPER_16,3830000,9,0,1,10,4,5,1
SUPER_16,3840000,50,2,6,58,25,25,5.25
SUPER_16,3850000,49,5,3,57,29,20,2.875
SUPER_16,3860000,108,16,8,132,57,51,8.625
SUPER_16,3870000,95,6,8,109,54,41,4.142857
SUPER_16,3880000,112,5,6,123,71,41,5.090909
SUPER_16,3890000,106,4,6,116,51,55,8
SUPER_16,3900000,126,11,12,149,68,58,14.043478
SUPER_16,3910000,164,16,11,191,73,91,4.851852
SUPER_16,3920000,86,10,6,102,44,42,5.9375
SUPER_16,3930000,40,5,2,47,21,19,2.7142856
SUPER_16,3940000,98,7,7,112,46,52,22.928572
SUPER_16,3950000,79,6,3,88,47,32,3
SUPER_16,3960000,59,4,2,65,35,24,4.6666665
SUPER_16,3970000,3,1,1,5,2,1,6
SUPER_16,3980000,0,0,1,1,0,0,1
SUPER_16,3990000,4,0,0,4,3,1,NaN
SUPER_16,4000000,0,0,0,0,0,0,0
SUPER_16,4010000,0,0,0,0,0,0,0
SUPER_16,4020000,3,1,2,6,3,0,6.3333335
SUPER_16,4030000,7,0,0,7,3,4,NaN
SUPER_16,4040000,50,1,1,52,21,29,85.5
SUPER_16,4050000,106,5,9,120,49,57,5.214286
SUPER_16,4060000,152,20,16,188,87,65,5.361111
SUPER_16,4070000,142,9,15,166,68,74,7.3333335
SUPER_16,4080000,84,3,7,94,54,30,4.7
SUPER_16,4090000,108,7,5,120,52,56,2.6666667
SUPER_16,4100000,0,0,0,0,0,0,0
SUPER_16,4110000,0,0,0,0,0,0,0
SUPER_16,4120000,71,7,2,80,34,37,9
SUPER_16,4130000,48,4,5,57,31,17,8.444445
SUPER_16,4140000,85,6,9,100,42,43,4
SUPER_16,4150000,84,7,10,101,44,40,5.9411764
SUPER_16,4160000,94,8,11,113,52,42,5.2105265
SUPER_16,4170000,65,5,9,79,37,28,24.285715
SUPER_16,4180000,55,5,3,63,37,18,8
SUPER_16,4190000,53,8,9,70,30,23,7.4117646
SUPER_16,4200000,69,5,4,78,34,35,2.6666667
SUPER_16,4210000,128,7,7,142,64,64,24.428572
SUPER_16,4220000,68,4,6,78,44,24,22.2
SUPER_16,4230000,105,12,5,122,50,55,6.117647
SUPER_16,4240000,68,5,4,77,34,34,12.555555
SUPER_16,4250000,79,2,3,84,41,38,5.4
SUPER_16,4260000,60,4,9,73,33,27,2.6923077
SUPER_16,4270000,104,7,4,115,60,44,6.909091
SUPER_16,4280000,187,15,12,214,93,94,5.814815
SUPER_16,4290000,89,5,7,101,40,49,5.6666665
SUPER_16,4300000,43,2,10,55,17,26,26.083334
SUPER_16,4310000,173,8,15,196,82,91,5.173913
SUPER_16,4320000,131,17,6,154,71,60,4.9565215
SUPER_16,4330000,119,11,10,140,58,61,29.285715
SUPER_16,4340000,13,1,1,15,2,11,2
SUPER_16,4350000,2,0,0,2,1,1,NaN
SUPER_16,4360000,1,1,0,2,1,0,14
SUPER_16,4370000,72,5,10,87,32,40,5.9333334
SUPER_16,4380000,65,3,3,71,36,29,4
SUPER_16,4390000,5,0,0,5,3,2,NaN
SUPER_16,4400000,5,0,0,5,1,4,NaN
SUPER_16,4410000,1,0,0,1,0,1,NaN
SUPER_16,4420000,5,0,1,6,4,1,1
SUPER_16,4430000,4,0,1,5,1,3,1
SUPER_16,4440000,125,7,13,145,67,58,7.2
SUPER_16,4450000,156,13,9,178,81,75,10
SUPER_16,4460000,134,11,11,156,79,55,9.681818
SUPER_16,4470000,104,4,9,117,48,56,4.5384617
SUPER_16,4480000,16,1,2,19,10,6,3.3333333
SUPER_16,4490000,136,10,13,159,65,71,11.695652
SUPER_16,4500000,52,4,4,60,34,18,3.625
SUPER_16,4510000,47,3,6,56,24,23,27
SUPER_16,4520000,34,4,1,39,16,18,5.2
SUPER_16,4530000,41,4,0,45,20,21,5.25
SUPER_16,4540000,121,9,7,137,53,68,4
SUPER_16,4550000,28,2,4,34,13,15,4.6666665
SUPER_16,4560000,37,2,2,41,14,23,22.25
SUPER_16,4570000,88,7,10,105,47,41,17.470589
SUPER_16,4580000,109,7,10,126,58,51,27.352942
SUPER_16,4590000,80,5,13,98,42,38,5.3333335
SUPER_16,4600000,138,8,9,155,81,57,3.1176472
SUPER_16,4610000,14,0,2,16,13,1,2
SUPER_16,4620000,124,4,12,140,87,37,2.25
SUPER_16,4630000,27,2,1,30,14,13,7
SUPER_16,4640000,81,4,5,90,37,44,12.555555
SUPER_16,4650000,83,3,5,91,43,40,3.25
SUPER_16,4660000,196,7,14,217,97,99,5.714286
SUPER_16,4670000,176,9,12,197,92,84,16.809525
SUPER_16,4680000,0,0,0,0,0,0,0
SUPER_16,4690000,0,0,0,0,0,0,0
SUPER_16,4700000,0,0,0,0,0,0,0
SUPER_16,4710000,0,0,0,0,0,0,0
SUPER_16,4720000,0,0,0,0,0,0,0
SUPER_16,4730000,0,0,0,0,0,0,0
SUPER_16,4740000,0,0,0,0,0,0,0
SUPER_16,4750000,51,3,4,58,20,31,15.142858
SUPER_16,4760000,0,0,0,0,0,0,0
SUPER_16,4770000,0,0,0,0,0,0,0
SUPER_16,4780000,0,0,0,0,0,0,0
SUPER_16,4790000,0,0,0,0,0,0,0
SUPER_16,4800000,0,0,0,0,0,0,0
SUPER_16,4810000,0,0,0,0,0,0,0
SUPER_16,4820000,0,0,0,0,0,0,0
SUPER_16,4830000,44,4,3,51,25,19,20.428572
SUPER_16,4840000,114,4,9,127,43,71,4.8461537
SUPER_16,4850000,11,2,0,13,4,7,11
SUPER_16,4860000,0,0,0,0,0,0,0
SUPER_16,4870000,0,0,0,0,0,0,0
SUPER_16,4880000,0,0,0,0,0,0,0
SUPER_16,4890000,0,0,0,0,0,0,0
SUPER_16,4900000,0,0,0,0,0,0,0
SUPER_16,4910000,0,0,0,0,0,0,0
SUPER_16,4920000,0,0,0,0,0,0,0
SUPER_16,4930000,28,3,4,35,15,13,10.571428
SUPER_16,4940000,60,6,2,68,32,28,2.125
SUPER_16,4950000,0,0,0,0,0,0,0
SUPER_16,4960000,0,0,0,0,0,0,0
SUPER_16,4970000,0,0,0,0,0,0,0
SUPER_16,4980000,71,5,4,80,40,31,5.888889
SUPER_16,4990000,24,3,4,31,13,11,9.142858
SUPER_16,5000000,49,6,3,58,21,28,7.2222223
SUPER_16,5010000,279,11,17,307,154,124,3.7142856
SUPER_16,5020000,189,17,11,217,118,71,3.1785715
SUPER_16,5030000,0,0,0,0,0,0,0
SUPER_16,5040000,0,0,0,0,0,0,0
SUPER_16,5050000,0,0,0,0,0,0,0
SUPER_16,5060000,221,12,17,250,110,111,17.448277
SUPER_16,5070000,100,5,5,110,51,49,6.1
SUPER_16,5080000,62,1,4,67,27,35,4.2
SUPER_16,5090000,217,11,8,236,113,104,25.263159
SUPER_16,5100000,95,7,7,109,56,39,15.642858
SUPER_16,5110000,49,5,4,58,32,17,2.3333333
SUPER_16,5120000,0,0,0,0,0,0,0
SUPER_16,5130000,0,0,0,0,0,0,0
SUPER_16,5140000,79,3,10,92,46,33,16.615385
SUPER_16,5150000,0,0,0,0,0,0,0
SUPER_16,5160000,0,0,0,0,0,0,0
SUPER_16,5170000,182,17,7,206,95,87,4.7083335
SUPER_16,5180000,13,0,0,13,10,3,NaN
SUPER_16,5190000,120,9,6,135,66,54,10.266666
SUPER_16,5200000,81,4,6,91,48,33,35
SUPER_16,5210000,0,0,0,0,0,0,0
SUPER_16,5220000,0,0,0,0,0,0,0
SUPER_16,5230000,0,0,0,0,0,0,0
SUPER_16,5240000,0,0,0,0,0,0,0
SUPER_16,5250000,0,0,0,0,0,0,0
SUPER_16,5260000,0,0,0,0,0,0,0
SUPER_16,5270000,0,0,0,0,0,0,0
SUPER_16,5280000,0,0,0,0,0,0,0
SUPER_16,5290000,70,2,6,78,40,30,3
SUPER_16,5300000,46,4,2,52,24,22,3
SUPER_16,5310000,0,0,1,1,0,0,2
SUPER_16,5320000,7,0,1,8,4,3,1
SUPER_16,5330000,19,1,1,21,13,6,1
SUPER_16,5340000,0,0,0,0,0,0,0
SUPER_16,5350000,0,0,0,0,0,0,0
SUPER_16,5360000,21,2,1,24,6,15,10
SUPER_16,5370000,0,0,1,1,0,0,2
SUPER_16,5380000,63,7,4,74,39,24,22.09091
SUPER_16,5390000,6,1,0,7,3,3,2
SUPER_16,5400000,1,2,0,3,1,0,18
SUPER_16,5410000,1,0,1,2,0,1,5
SUPER_16,5420000,4,1,1,6,1,3,3.5
SUPER_16,5430000,1,0,2,3,0,1,10
SUPER_16,5440000,3,1,1,5,2,1,1
SUPER_16,5450000,1,0,0,1,0,1,NaN
SUPER_16,5460000,10,1,1,12,3,7,1
SUPER_16,5470000,9,1,2,12,6,3,1.3333334
SUPER_16,5480000,3,0,0,3,2,1,NaN
SUPER_16,5490000,10,0,1,11,5,5,2
SUPER_16,5500000,37,1,4,42,19,18,5.4
SUPER_16,5510000,2,0,0,2,0,2,NaN
SUPER_16,5520000,7,1,1,9,3,4,3.5
SUPER_16,5530000,18,0,0,18,9,9,NaN
SUPER_16,5540000,157,12,6,175,78,79,4.388889
SUPER_16,5550000,0,0,0,0,0,0,0
SUPER_16,5560000,0,0,0,0,0,0,0
SUPER_16,5570000,0,0,0,0,0,0,0
SUPER_16,5580000,0,0,0,0,0,0,0
SUPER_16,5590000,0,0,0,0,0,0,0
SUPER_16,5600000,0,0,0,0,0,0,0
SUPER_16,5610000,0,0,0,0,0,0,0
SUPER_16,5620000,115,10,5,130,53,62,4.6666665
SUPER_16,5630000,105,7,6,118,63,42,4.923077
SUPER_16,5640000,163,15,3,181,87,76,4.2777777
SUPER_16,5650000,25,1,2,28,15,10,3.6666667
SUPER_16,5660000,16,0,0,16,10,6,NaN
SUPER_16,5670000,0,0,1,1,0,0,2
SUPER_16,5680000,40,5,5,50,18,22,4.3
SUPER_16,5690000,44,6,4,54,22,22,4.2
SUPER_16,5700000,0,0,1,1,0,0,3
SUPER_16,5710000,18,1,1,20,10,8,8.5
SUPER_16,5720000,115,7,7,129,62,53,3.857143
SUPER_16,5730000,3,0,0,3,2,1,NaN
SUPER_16,5740000,1,0,0,1,0,1,NaN
SUPER_16,5750000,3,0,0,3,1,2,NaN
SUPER_16,5760000,2,0,0,2,1,1,NaN
SUPER_16,5770000,142,2,6,150,78,64,6.625
SUPER_16,5780000,13,1,1,15,5,8,15
SUPER_16,5790000,26,2,5,33,17,9,6
SUPER_16,5800000,46,1,4,51,25,21,20.2
SUPER_16,5810000,0,0,0,0,0,0,0
SUPER_16,5820000,0,0,0,0,0,0,0
SUPER_16,5830000,59,3,5,67,37,22,7.625
SUPER_16,5840000,2,0,0,2,2,0,NaN
SUPER_16,5850000,145,12,6,163,73,72,5.5555553
SUPER_16,5860000,188,11,9,208,112,76,10.35
SUPER_16,5870000,126,7,5,138,69,57,12
SUPER_16,5880000,0,0,0,0,0,0,0
SUPER_16,5890000,0,0,0,0,0,0,0
SUPER_16,5900000,0,0,0,0,0,0,0
SUPER_16,5910000,0,0,0,0,0,0,0
SUPER_16,5920000,124,9,11,144,71,53,6.7
SUPER_16,5930000,3,0,0,3,1,2,NaN
SUPER_16,5940000,1,0,0,1,1,0,NaN
SUPER_16,5950000,4,0,0,4,2,2,NaN
SUPER_16,5960000,0,0,0,0,0,0,0
SUPER_16,5970000,0,0,0,0,0,0,0
SUPER_16,5980000,4,0,0,4,3,1,NaN
SUPER_16,5990000,0,0,0,0,0,0,0
SUPER_16,6000000,0,0,0,0,0,0,0
SUPER_16,6010000,0,0,0,0,0,0,0
SUPER_16,6020000,4,2,0,6,2,2,1
SUPER_16,6030000,1,1,0,2,0,1,2
SUPER_16,6040000,18,3,0,21,9,9,1
SUPER_16,6050000,28,1,2,31,15,13,3
SUPER_16,6060000,3,1,2,6,2,1,11
SUPER_16,6070000,25,7,0,32,14,11,6.285714
SUPER_16,6080000,1,1,0,2,1,0,5
SUPER_16,6090000,30,0,0,30,15,15,NaN
SUPER_16,6100000,67,4,4,75,34,33,9.625
SUPER_16,6110000,51,6,4,61,31,20,2.9
SUPER_16,6120000,3,1,1,5,2,1,10
SUPER_16,6130000,53,1,4,58,29,24,7.2
SUPER_16,6140000,126,10,12,148,72,54,15.681818
SUPER_16,6150000,25,2,0,27,10,15,3.5
SUPER_16,6160000,95,9,7,111,51,44,15
SUPER_16,6170000,0,0,0,0,0,0,0
SUPER_16,6180000,0,0,0,0,0,0,0
SUPER_16,6190000,87,4,3,94,59,28,6.571429
SUPER_16,6200000,0,0,0,0,0,0,0
SUPER_16,6210000,0,0,0,0,0,0,0
SUPER_16,6220000,48,1,1,50,30,18,2.5
SUPER_16,6230000,46,3,1,50,29,17,3.75
SUPER_16,6240000,20,3,1,24,12,8,6.75
SUPER_16,6250000,128,9,5,142,67,61,5.285714
SUPER_16,6260000,110,6,5,121,56,54,4.7272725
SUPER_16,6270000,0,0,0,0,0,0,0
SUPER_16,6280000,0,0,0,0,0,0,0
SUPER_16,6290000,21,2,1,24,11,10,5.3333335
SUPER_16,6300000,91,2,6,99,57,34,1.5
SUPER_16,6310000,66,4,5,75,36,30,7.4444447
SUPER_16,6320000,62,6,4,72,33,29,2.4
SUPER_16,6330000,71,6,4,81,40,31,7.6
SUPER_16,6340000,40,2,4,46,20,20,6.8333335
SUPER_16,6350000,1,0,0,1,1,0,NaN
SUPER_16,6360000,65,3,3,71,35,30,5.8333335
SUPER_16,6370000,113,9,8,130,59,54,5.9411764
SUPER_16,6380000,0,0,0,0,0,0,0
SUPER_16,6390000,0,0,0,0,0,0,0
SUPER_16,6400000,0,0,0,0,0,0,0
SUPER_16,6410000,0,0,0,0,0,0,0
SUPER_16,6420000,96,6,5,107,49,47,16.09091
SUPER_16,6430000,0,0,0,0,0,0,0
SUPER_16,6440000,0,0,0,0,0,0,0
SUPER_16,6450000,0,0,0,0,0,0,0
SUPER_16,6460000,0,0,0,0,0,0,0
SUPER_16,6470000,0,0,0,0,0,0,0
SUPER_16,6480000,0,0,0,0,0,0,0
SUPER_16,6490000,0,0,0,0,0,0,0
SUPER_16,6500000,0,0,0,0,0,0,0
SUPER_16,6510000,14,1,4,19,10,4,2.2
SUPER_16,6520000,55,2,1,58,30,25,1
SUPER_16,6530000,85,5,4,94,42,43,3.4444444
SUPER_16,6540000,86,4,6,96,48,38,15.2
SUPER_16,6550000,29,0,1,30,21,8,9
SUPER_16,6560000,96,6,7,109,42,54,6
SUPER_16,6570000,7,2,0,9,5,2,3.5
SUPER_16,6580000,93,10,6,109,52,41,2.1875
SUPER_16,6590000,59,4,5,68,22,37,4.4444447
SUPER_16,6600000,94,3,9,106,46,48,6.75
SUPER_16,6610000,117,7,9,133,58,59,16.5
SUPER_16,6620000,93,9,4,106,43,50,3.5384614
SUPER_16,6630000,60,3,5,68,34,26,6.75
SUPER_16,6640000,44,7,5,56,27,17,3.9166667
SUPER_16,6650000,112,5,10,127,59,53,35.533333
SUPER_16,6660000,146,5,9,160,78,68,10.714286
SUPER_16,6670000,59,3,4,66,33,26,11.428572
SUPER_16,6680000,0,0,0,0,0,0,0
SUPER_16,6690000,0,0,0,0,0,0,0
SUPER_16,6700000,0,0,0,0,0,0,0
SUPER_16,6710000,69,5,7,81,36,33,2.3333333
SUPER_16,6720000,104,10,11,125,49,55,5.714286
SUPER_16,6730000,154,9,9,172,75,79,3.5555556
SUPER_16,6740000,144,13,10,167,66,78,24.347826
SUPER_16,6750000,48,2,2,52,29,19,3
SUPER_16,6760000,13,1,1,15,3,10,2.5
SUPER_16,6770000,105,8,5,118,64,41,20.461538
SUPER_16,6780000,136,6,9,151,70,66,3.4666667
SUPER_16,6790000,138,12,10,160,75,63,10.227273
SUPER_16,6800000,65,3,2,70,36,29,46.2
SUPER_16,6810000,7,1,0,8,2,5,10
SUPER_16,6820000,3,0,0,3,1,2,NaN
SUPER_16,6830000,1,0,2,3,0,1,9
SUPER_16,6840000,1,0,0,1,1,0,NaN
SUPER_16,6850000,2,0,0,2,1,1,NaN
SUPER_16,6860000,2,1,1,4,2,0,9.5
SUPER_16,6870000,22,1,0,23,7,15,1
SUPER_16,6880000,3,0,0,3,1,2,NaN
SUPER_16,6890000,0,0,0,0,0,0,0
SUPER_16,6900000,0,0,0,0,0,0,0
SUPER_16,6910000,5,0,0,5,3,2,NaN
SUPER_16,6920000,2,0,0,2,2,0,NaN
SUPER_16,6930000,128,3,5,136,71,57,4.25
SUPER_16,6940000,74,4,3,81,35,39,9.428572
SUPER_16,6950000,78,4,4,86,40,38,8.375
SUPER_16,6960000,177,10,4,191,107,70,5.142857
SUPER_16,6970000,154,13,6,173,78,76,17.631578
SUPER_16,6980000,124,5,8,137,73,51,19
SUPER_16,6990000,116,8,10,134,56,60,6.888889
SUPER_16,7000000,199,22,11,232,93,106,5.3636365
SUPER_16,7010000,72,6,7,85,46,26,27.538462
SUPER_16,7020000,1,0,0,1,0,1,NaN
SUPER_16,7030000,1,0,0,1,1,0,NaN
SUPER_16,7040000,88,5,4,97,45,43,2.1111112
SUPER_16,7050000,153,11,16,180,80,73,6.296296
SUPER_16,7060000,191,9,10,210,96,95,7.6842103
SUPER_16,7070000,144,8,11,163,62,82,8.631579
SUPER_16,7080000,132,12,10,154,75,57,4.7727275
SUPER_16,7090000,37,4,1,42,22,15,11
SUPER_16,7100000,117,5,7,129,65,52,48.166668
SUPER_16,7110000,277,14,19,310,152,125,5.6666665
SUPER_16,7120000,191,9,13,213,111,80,21.363636
SUPER_16,7130000,0,0,0,0,0,0,0
SUPER_16,7140000,0,0,0,0,0,0,0
SUPER_16,7150000,156,10,10,176,95,61,8.15
SUPER_16,7160000,43,6,4,53,23,20,9.9
SUPER_16,7170000,182,8,10,200,95,87,6.9444447
SUPER_16,7180000,184,6,12,202,99,85,4.1666665
SUPER_16,7190000,75,5,8,88,34,41,7.6923075
SUPER_16,7200000,4,1,0,5,3,1,1
SUPER_16,7210000,3,0,1,4,2,1,179
SUPER_16,7220000,3,1,0,4,2,1,4
SUPER_16,7230000,61,3,6,70,31,30,50.444443
SUPER_16,7240000,150,14,15,179,78,72,9.655172
SUPER_16,7250000,51,5,4,60,23,28,3.1111112
SUPER_16,7260000,89,5,7,101,41,48,7.4166665
SUPER_16,7270000,142,11,14,167,75,67,6.28
SUPER_16,7280000,101,6,12,119,59,42,5.1666665
SUPER_16,7290000,88,6,3,97,49,39,7.7777777
SUPER_16,7300000,112,8,8,128,58,54,5.875
SUPER_16,7310000,137,9,17,163,78,59,7.5384617
SUPER_16,7320000,81,8,12,101,40,41,10.5
SUPER_16,7330000,101,13,7,121,48,53,4.7
SUPER_16,7340000,131,1,8,140,66,65,5.2222223
SUPER_16,7350000,76,3,4,83,38,38,3.7142856
SUPER_16,7360000,48,1,4,53,25,23,2.6
SUPER_16,7370000,131,2,11,144,64,67,5.4615383
SUPER_16,7380000,43,4,4,51,25,18,4.375
SUPER_16,7390000,103,13,9,125,47,56,4.318182
SUPER_16,7400000,181,9,7,197,90,91,19.25
SUPER_16,7410000,132,11,4,147,71,61,10.066667
SUPER_16,7420000,101,5,7,113,42,59,6.3333335
SUPER_16,7430000,118,9,11,138,62,56,5.25
SUPER_16,7440000,10,1,2,13,3,7,15.333333
SUPER_16,7450000,1,1,0,2,1,0,6
SUPER_16,7460000,1,0,0,1,0,1,NaN
SUPER_16,7470000,61,1,3,65,33,28,9.75
SUPER_16,7480000,95,6,9,110,47,48,10.333333
SUPER_16,7490000,71,4,5,80,30,41,28.222221
SUPER_16,7500000,156,13,4,173,90,66,8.941176
SUPER_16,7510000,122,2,14,138,66,56,8.0625
SUPER_16,7520000,122,7,14,143,64,58,14.238095
SUPER_16,7530000,63,6,7,76,34,29,6.3846154
SUPER_16,7540000,3,0,0,3,2,1,NaN
SUPER_16,7550000,53,4,6,63,24,29,2.7
SUPER_16,7560000,141,7,11,159,68,73,8.722222
SUPER_16,7570000,43,2,3,48,21,22,2.8
SUPER_16,7580000,76,8,6,90,33,43,30.428572
SUPER_16,7590000,42,3,5,50,25,17,1.5
SUPER_16,7600000,96,5,5,106,53,43,5.8
SUPER_16,7610000,57,1,4,62,28,29,5.8
SUPER_16,7620000,62,9,6,77,27,35,4.0666666
SUPER_16,7630000,0,0,0,0,0,0,0
SUPER_16,7640000,0,0,0,0,0,0,0
SUPER_16,7650000,8,0,0,8,5,3,NaN
SUPER_16,7660000,1,0,1,2,1,0,2
SUPER_16,7670000,3,0,1,4,1,2,18
SUPER_16,7680000,79,4,3,86,50,29,4.142857
SUPER_16,7690000,157,7,13,177,78,79,9.5
SUPER_16,7700000,106,9,6,121,53,53,3.6666667
SUPER_16,7710000,107,7,5,119,49,58,2.5833333
SUPER_16,7720000,1,0,0,1,1,0,NaN
SUPER_16,7730000,4,0,0,4,2,2,NaN
SUPER_16,7740000,94,5,9,108,47,47,4.428571
SUPER_16,7750000,136,11,5,152,78,58,1.375
SUPER_16,7760000,170,7,11,188,91,79,23.055555
SUPER_16,7770000,139,13,8,160,69,70,17.190475
SUPER_16,7780000,62,3,6,71,28,34,3
SUPER_16,7790000,71,6,7,84,37,34,5.3846154
SUPER_16,7800000,3,0,0,3,1,2,NaN
SUPER_16,7810000,2,0,0,2,2,0,NaN
SUPER_16,7820000,116,3,6,125,51,65,5.888889
SUPER_16,7830000,126,6,16,148,60,66,27.045454
SUPER_16,7840000,173,15,5,193,96,77,8.95
SUPER_16,7850000,96,6,12,114,63,33,16.333334
SUPER_16,7860000,59,6,6,71,38,21,12.583333
SUPER_16,7870000,184,12,22,218,98,86,5.5882354
SUPER_16,7880000,145,10,6,161,71,74,7.4375
SUPER_16,7890000,49,5,4,58,22,27,1.6666666
SUPER_16,7900000,97,7,11,115,48,49,13.444445
SUPER_16,7910000,151,7,11,169,86,65,5.0555553
SUPER_16,7920000,169,19,11,199,85,84,5.5666666
SUPER_16,7930000,170,18,12,200,96,74,8.366667
SUPER_16,7940000,151,20,5,176,74,77,14.68
SUPER_16,7950000,91,5,9,105,49,42,9.214286
SUPER_16,7960000,26,1,1,28,7,19,24
SUPER_16,7970000,69,3,3,75,34,35,6.8333335
SUPER_16,7980000,81,0,7,88,33,48,3.142857
SUPER_16,7990000,183,9,15,207,87,96,3.2083333
SUPER_16,8000000,64,9,4,77,29,35,3.3846154
SUPER_16,8010000,119,12,10,141,54,65,8.181818
SUPER_16,8020000,198,10,9,217,102,96,3.6842105
SUPER_16,8030000,75,9,4,88,40,35,2.7692308
SUPER_16,8040000,134,8,10,152,69,65,16.277779
SUPER_16,8050000,128,8,7,143,75,53,28.266666
SUPER_16,8060000,65,5,7,77,37,28,2.25
SUPER_16,8070000,99,9,11,119,57,42,8.75
SUPER_16,8080000,119,8,10,137,65,54,4.0555553
SUPER_16,8090000,63,5,4,72,34,29,8.111111
SUPER_16,8100000,1,0,0,1,1,0,NaN
SUPER_16,8110000,60,2,5,67,26,34,41.57143
SUPER_16,8120000,63,2,8,73,27,36,5.9
SUPER_16,8130000,3,0,0,3,2,1,NaN
SUPER_16,8140000,1,0,0,1,1,0,NaN
SUPER_16,8150000,37,3,0,40,16,21,3.3333333
SUPER_16,8160000,91,3,13,107,41,50,11.375
SUPER_16,8170000,147,12,13,172,71,76,6.56
SUPER_16,8180000,103,18,6,127,46,57,5.2083335
SUPER_16,8190000,87,8,9,104,49,38,9.882353
SUPER_16,8200000,146,15,6,167,79,67,4.904762
SUPER_16,8210000,156,16,17,189,64,92,16.363636
SUPER_16,8220000,2,0,0,2,0,2,NaN
SUPER_16,8230000,4,0,0,4,3,1,NaN
SUPER_16,8240000,1,0,0,1,1,0,NaN
SUPER_16,8250000,16,0,0,16,7,9,NaN
SUPER_16,8260000,88,10,5,103,42,46,4.5333333
SUPER_16,8270000,135,9,6,150,66,69,5.133333
SUPER_16,8280000,64,4,4,72,30,34,1.5
SUPER_16,8290000,112,7,10,129,57,55,18.529411
SUPER_16,8300000,141,19,15,175,62,79,4.470588
SUPER_16,8310000,154,12,7,173,76,78,28.263159
SUPER_16,8320000,98,9,5,112,50,48,5.142857
SUPER_16,8330000,115,7,18,140,69,46,7.4
SUPER_16,8340000,163,7,11,181,79,84,8.888889
SUPER_16,8350000,143,14,12,169,62,81,8.307693
SUPER_16,8360000,30,5,4,39,12,18,10.888889
SUPER_16,8370000,2,0,1,3,2,0,1
SUPER_16,8380000,51,8,0,59,24,27,3.5
SUPER_16,8390000,147,8,10,165,72,75,19.166666
SUPER_16,8400000,177,11,14,202,93,84,5.16
SUPER_16,8410000,131,10,13,154,74,57,7.2173915
SUPER_16,8420000,82,6,10,98,39,43,9.5625
SUPER_16,8430000,58,3,11,72,31,27,47.214287
SUPER_16,8440000,59,7,3,69,31,28,6.8
SUPER_16,8450000,108,8,7,123,56,52,5.866667
SUPER_16,8460000,158,9,12,179,79,79,10.142858
SUPER_16,8470000,54,10,1,65,30,24,8.090909
SUPER_16,8480000,126,6,12,144,67,59,2.8888888
SUPER_16,8490000,107,5,6,118,68,39,4
SUPER_16,8500000,133,9,16,158,59,74,8.4
SUPER_16,8510000,139,8,11,158,63,76,12.789474
SUPER_16,8520000,154,14,17,185,87,67,8.903226
SUPER_16,8530000,81,8,9,98,31,50,2.8823528
SUPER_16,8540000,23,4,3,30,10,13,2.142857
SUPER_16,8550000,26,0,1,27,12,14,2
SUPER_16,8560000,60,8,8,76,32,28,10.125
SUPER_16,8570000,138,16,16,170,76,62,12.3125
SUPER_16,8580000,76,9,7,92,34,42,5.3125
SUPER_16,8590000,69,2,7,78,38,31,5.111111
SUPER_16,8600000,0,0,0,0,0,0,0
SUPER_16,8610000,0,0,0,0,0,0,0
SUPER_16,8620000,127,14,5,146,68,59,5.105263
SUPER_16,8630000,2,0,0,2,1,1,NaN
SUPER_16,8640000,1,0,0,1,1,0,NaN
SUPER_16,8650000,1,0,0,1,1,0,NaN
SUPER_16,8660000,76,5,8,89,41,35,5.769231
SUPER_16,8670000,142,14,18,174,73,69,4.25
SUPER_16,8680000,120,11,8,139,53,67,3.5263157
SUPER_16,8690000,95,3,9,107,49,46,9.916667
SUPER_16,8700000,24,1,2,27,10,14,10.666667
SUPER_16,8710000,42,4,5,51,17,25,2.3333333
SUPER_16,8720000,2,1,0,3,1,1,4
SUPER_16,8730000,1,0,1,2,0,1,14
SUPER_16,8740000,2,0,1,3,2,0,1
SUPER_16,8750000,29,4,2,35,15,14,6.5
SUPER_16,8760000,112,8,7,127,54,58,3.1333334
SUPER_16,8770000,133,9,6,148,64,69,6.3333335
SUPER_16,8780000,112,7,7,126,48,64,5.071429
SUPER_16,8790000,106,16,9,131,47,59,12.52
SUPER_16,8800000,101,3,2,106,54,47,4.6
SUPER_16,8810000,0,2,0,2,0,0,3.5
SUPER_16,8820000,5,0,0,5,2,3,NaN
SUPER_16,8830000,1,2,0,3,0,1,5
SUPER_16,8840000,77,10,8,95,42,35,4.3333335
SUPER_16,8850000,0,0,0,0,0,0,0
SUPER_16,8860000,0,0,0,0,0,0,0
SUPER_16,8870000,0,0,0,0,0,0,0
SUPER_16,8880000,223,16,15,254,113,110,8.290322
SUPER_16,8890000,149,18,13,180,64,85,6.096774
SUPER_16,8900000,148,11,6,165,78,70,5.529412
SUPER_16,8910000,124,11,10,145,65,59,24.142857
SUPER_16,8920000,0,0,0,0,0,0,0
SUPER_16,8930000,0,0,0,0,0,0,0
SUPER_16,8940000,160,20,14,194,80,80,8.882353
SUPER_16,8950000,9,2,1,12,4,5,2.3333333
SUPER_16,8960000,34,3,4,41,18,16,10.142858
SUPER_16,8970000,150,18,15,183,79,71,9.878788
SUPER_16,8980000,54,2,3,59,33,21,48.8
SUPER_16,8990000,30,6,1,37,15,15,7.428571
SUPER_16,9000000,113,10,9,132,52,61,14.684211
SUPER_16,9010000,92,4,9,105,48,44,3.2307692
SUPER_16,9020000,72,2,1,75,44,28,1
SUPER_16,9030000,26,1,2,29,12,14,22.666666
SUPER_16,9040000,72,4,2,78,33,39,9.5
SUPER_16,9050000,94,10,8,112,55,39,12.555555
SUPER_16,9060000,22,2,1,25,6,16,20
SUPER_16,9070000,1,0,0,1,1,0,NaN
SUPER_16,9080000,2,2,0,4,1,1,7
SUPER_16,9090000,95,10,15,120,51,44,4.52
SUPER_16,9100000,70,7,5,82,30,40,8.916667
SUPER_16,9110000,54,4,5,63,35,19,9.777778
SUPER_16,9120000,68,10,5,83,36,32,6.866667
SUPER_16,9130000,101,8,17,126,53,48,5.88
SUPER_16,9140000,102,7,13,122,48,54,2.4
SUPER_16,9150000,111,7,8,126,56,55,16
SUPER_16,9160000,32,6,8,46,18,14,10.142858
SUPER_16,9170000,5,0,0,5,0,5,NaN
SUPER_16,9180000,110,7,7,124,59,51,3.7142856
SUPER_16,9190000,140,10,12,162,77,63,5.4545455
SUPER_16,9200000,122,9,8,139,60,62,8.294118
SUPER_16,9210000,95,11,5,111,40,55,2.6875
SUPER_16,9220000,54,7,2,63,26,28,24.666666
SUPER_16,9230000,168,11,14,193,74,94,7.8
SUPER_16,9240000,110,10,7,127,49,61,6.529412
SUPER_16,9250000,89,5,12,106,49,40,20.235294
SUPER_16,9260000,119,8,4,131,56,63,6.5833335
SUPER_16,9270000,139,12,18,169,63,76,19.1
SUPER_16,9280000,126,16,11,153,68,58,20.037037
SUPER_16,9290000,79,8,7,94,42,37,4.6
SUPER_16,9300000,85,6,6,97,44,41,7.1666665
SUPER_16,9310000,116,12,12,140,48,68,6.2083335
SUPER_16,9320000,141,13,11,165,67,74,3.25
SUPER_16,9330000,87,4,11,102,40,47,3.6666667
SUPER_16,9340000,147,11,11,169,79,68,11.681818
SUPER_16,9350000,57,1,9,67,28,29,3.2
SUPER_16,9360000,25,3,1,29,14,11,5.25
SUPER_16,9370000,108,9,7,124,54,54,6.25
SUPER_16,9380000,107,11,9,127,55,52,11.5
SUPER_16,9390000,32,2,0,34,20,12,5
SUPER_16,9400000,74,4,9,87,43,31,10.230769
SUPER_16,9410000,20,4,1,25,9,11,6.8
SUPER_16,9420000,13,0,2,15,6,7,5
SUPER_16,9430000,59,5,4,68,30,29,6.7777777
SUPER_16,9440000,36,4,5,45,17,19,8.666667
SUPER_16,9450000,14,4,1,19,8,6,8
SUPER_16,9460000,92,3,5,100,53,39,41.5
SUPER_16,9470000,63,4,4,71,36,27,16.125
SUPER_16,9480000,87,8,5,100,52,35,8.461538
SUPER_16,9490000,91,6,7,104,49,42,8.923077
SUPER_16,9500000,34,1,7,42,17,17,8.875
SUPER_16,9510000,0,0,0,0,0,0,0
SUPER_16,9520000,0,0,0,0,0,0,0
SUPER_16,9530000,25,2,1,28,9,16,14.666667
SUPER_16,9540000,97,3,5,105,53,44,21.125
SUPER_16,9550000,138,7,13,158,79,59,16.35
SUPER_16,9560000,139,8,8,155,86,53,8.375
SUPER_16,9570000,156,16,9,181,77,79,4.64
SUPER_16,9580000,0,0,0,0,0,0,0
SUPER_16,9590000,0,0,0,0,0,0,0
SUPER_16,9600000,98,8,5,111,44,54,5.4615383
SUPER_16,9610000,101,8,4,113,44,57,5.5833335
SUPER_16,9620000,84,5,5,94,53,31,3.9
SUPER_16,9630000,55,4,7,66,27,28,5.6363635
SUPER_16,9640000,105,8,6,119,45,60,5.714286
SUPER_16,9650000,90,4,12,106,48,42,42.5
SUPER_16,9660000,46,3,7,56,20,26,8.3
SUPER_16,9670000,3,0,0,3,1,2,NaN
SUPER_16,9680000,19,2,4,25,9,10,3.6666667
SUPER_16,9690000,1,0,0,1,1,0,NaN
SUPER_16,9700000,0,0,1,1,0,0,43
SUPER_16,9710000,2,0,0,2,0,2,NaN
SUPER_16,9720000,5,0,0,5,4,1,NaN
SUPER_16,9730000,1,0,0,1,1,0,NaN
SUPER_16,9740000,3,1,0,4,1,2,1
SUPER_16,9750000,84,4,6,94,43,41,14.4
SUPER_16,9760000,110,9,9,128,58,52,8.111111
SUPER_16,9770000,121,11,5,137,65,56,6.8125
SUPER_16,9780000,194,13,15,222,117,77,7.464286
SUPER_16,9790000,54,3,3,60,25,29,8.666667
SUPER_16,9800000,148,8,12,168,74,74,2.5
SUPER_16,9810000,121,7,7,135,67,54,6.857143
SUPER_16,9820000,164,6,17,187,92,72,4.9565215
SUPER_16,9830000,118,10,7,135,61,57,4.8235292
SUPER_16,9840000,0,0,0,0,0,0,0
SUPER_16,9850000,0,0,0,0,0,0,0
SUPER_16,9860000,1,1,1,3,1,0,1
SUPER_16,9870000,0,0,1,1,0,0,1
SUPER_16,9880000,2,1,1,4,1,1,18
SUPER_16,9890000,0,0,0,0,0,0,0
SUPER_16,9900000,0,0,0,0,0,0,0
SUPER_16,9910000,9,1,1,11,5,4,4
SUPER_16,9920000,80,6,8,94,42,38,13.5
SUPER_16,9930000,59,7,8,74,35,24,5.0666666
SUPER_16,9940000,80,5,6,91,38,42,9.909091
SUPER_16,9950000,111,10,9,130,55,56,11.105263
SUPER_16,9960000,197,15,10,222,98,99,7.28
SUPER_16,9970000,4,1,0,5,0,4,1
SUPER_16,9980000,3,1,1,5,3,0,6
SUPER_16,9990000,0,0,0,0,0,0,0
SUPER_16,10000000,0,0,0,0,0,0,0
SUPER_16,10010000,0,0,0,0,0,0,0
SUPER_16,10020000,0,0,0,0,0,0,0
SUPER_16,10030000,103,10,5,118,53,50,7.3333335
SUPER_16,10040000,120,4,10,134,61,59,28.571428
SUPER_16,10050000,92,6,6,104,43,49,18.166666
SUPER_16,10060000,20,3,0,23,8,12,1.6666666
SUPER_16,10070000,61,6,5,72,30,31,4.3636365
SUPER_16,10080000,109,7,10,126,57,52,9.588235
SUPER_16,10090000,166,16,13,195,86,80,6.9310346
SUPER_16,10100000,95,8,10,113,37,58,16.722221
SUPER_16,10110000,45,2,2,49,27,18,4.25
SUPER_16,10120000,0,0,0,0,0,0,0
SUPER_16,10130000,0,0,0,0,0,0,0
SUPER_16,10140000,88,5,8,101,43,45,37.615383
SUPER_16,10150000,105,5,8,118,63,42,21.307692
SUPER_16,10160000,52,7,3,62,29,23,6.1
SUPER_16,10170000,80,8,8,96,47,33,6.8125
SUPER_16,10180000,28,2,2,32,12,16,5.25
SUPER_16,10190000,0,2,0,2,0,0,3.5
SUPER_16,10200000,3,0,0,3,2,1,NaN
SUPER_16,10210000,1,0,0,1,1,0,NaN
SUPER_16,10220000,7,0,3,10,3,4,1.3333334
SUPER_16,10230000,14,1,3,18,6,8,3
SUPER_16,10240000,55,2,4,61,22,33,4
SUPER_16,10250000,179,19,18,216,86,93,12.216216
SUPER_16,10260000,29,1,7,37,14,15,9.875
SUPER_16,10270000,49,6,4,59,27,22,6.8
SUPER_16,10280000,168,13,11,192,79,89,5.625
SUPER_16,10290000,50,3,4,57,28,22,40.142857
SUPER_16,10300000,66,7,6,79,28,38,8.692307
SUPER_16,10310000,83,3,5,91,44,39,6.375
SUPER_16,10320000,51,2,1,54,22,29,9.333333
SUPER_16,10330000,1,0,1,2,1,0,1
SUPER_16,10340000,87,7,6,100,41,46,3.6923077
SUPER_16,10350000,196,9,19,224,94,102,3.642857
SUPER_16,10360000,119,3,11,133,61,58,14.714286
SUPER_16,10370000,152,10,5,167,74,78,4.6
SUPER_16,10380000,84,7,5,96,41,43,3.75
SUPER_16,10390000,1,0,0,1,1,0,NaN
SUPER_16,10400000,4,0,0,4,1,3,NaN
SUPER_16,10410000,4,0,1,5,2,2,1
SUPER_16,10420000,1,0,0,1,1,0,NaN
SUPER_16,10430000,13,0,1,14,6,7,1
SUPER_16,10440000,25,3,2,30,14,11,3.8
SUPER_16,10450000,36,2,4,42,22,14,2
SUPER_16,10460000,5,1,0,6,2,3,1
SUPER_16,10470000,53,7,4,64,32,21,10.363636
SUPER_16,10480000,146,8,12,166,74,72,7.8
SUPER_16,10490000,1,1,0,2,1,0,10
SUPER_16,10500000,2,0,0,2,0,2,NaN
SUPER_16,10510000,0,1,0,1,0,0,1
SUPER_16,10520000,4,2,0,6,3,1,2.5
SUPER_16,10530000,4,0,0,4,1,3,NaN
SUPER_16,10540000,1,0,2,3,1,0,1
SUPER_16,10550000,1,0,0,1,0,1,NaN
SUPER_16,10560000,3,0,0,3,2,1,NaN
SUPER_16,10570000,4,0,0,4,3,1,NaN
SUPER_16,10580000,3,0,1,4,3,0,6
SUPER_16,10590000,9,2,1,12,3,6,12.666667
SUPER_16,10600000,3,0,0,3,1,2,NaN
SUPER_16,10610000,9,0,1,10,5,4,1
SUPER_16,10620000,1,1,0,2,1,0,1
SUPER_16,10630000,2,1,0,3,2,0,28
SUPER_16,10640000,1,0,0,1,1,0,NaN
SUPER_16,10650000,81,5,4,90,45,36,10.333333
SUPER_16,10660000,192,4,6,202,102,90,7.5
SUPER_16,10670000,83,7,8,98,41,42,13.133333
SUPER_16,10680000,66,11,5,82,35,31,5.5
SUPER_16,10690000,217,7,11,235,118,99,6.5555553
SUPER_16,10700000,47,5,2,54,28,19,7.142857
SUPER_16,10710000,26,3,3,32,12,14,5.3333335
SUPER_16,10720000,43,1,8,52,24,19,6.888889
SUPER_16,10730000,114,11,13,138,58,56,11.25
SUPER_16,10740000,125,11,8,144,64,61,5
SUPER_16,10750000,125,6,12,143,70,55,3.9444444
SUPER_16,10760000,133,9,5,147,68,65,5.357143
SUPER_16,10770000,62,5,4,71,27,35,3.7777777
SUPER_16,10780000,51,2,4,57,29,22,68.5
SUPER_16,10790000,182,17,17,216,95,87,8.588235
SUPER_16,10800000,27,1,2,30,13,14,2
SUPER_16,10810000,17,2,1,20,8,9,1.6666666
SUPER_16,10820000,22,1,2,25,13,9,3
SUPER_16,10830000,75,5,6,86,37,38,8.818182
SUPER_16,10840000,123,5,14,142,62,61,12.157895
SUPER_16,10850000,49,6,5,60,25,24,4.5454545
SUPER_16,10860000,1,0,0,1,1,0,NaN
SUPER_16,10870000,4,0,0,4,1,3,NaN
SUPER_16,10880000,2,0,0,2,1,1,NaN
SUPER_16,10890000,97,8,10,115,42,55,6.5555553
SUPER_16,10900000,48,4,3,55,31,17,3.142857
SUPER_16,10910000,40,5,3,48,19,21,22.125
SUPER_16,10920000,10,0,0,10,5,5,NaN
SUPER_16,10930000,0,0,1,1,0,0,2
SUPER_16,10940000,17,0,2,19,7,10,1.5
SUPER_16,10950000,3,2,0,5,1,2,7.5
SUPER_16,10960000,2,0,0,2,0,2,NaN
SUPER_16,10970000,10,0,0,10,7,3,NaN
SUPER_16,10980000,4,0,0,4,1,3,NaN
SUPER_16,10990000,22,1,0,23,9,13,28
SUPER_16,11000000,60,8,8,76,27,33,6.625
SUPER_16,11010000,29,1,1,31,14,15,4.5
SUPER_16,11020000,85,8,10,103,41,44,4.3333335
SUPER_16,11030000,110,9,6,125,52,58,4.9333334
SUPER_16,11040000,140,5,12,157,71,69,3.5294118
SUPER_16,11050000,50,10,4,64,33,17,2.5714285
SUPER_16,11060000,84,6,9,99,40,44,4.0666666
SUPER_16,11070000,61,4,6,71,32,29,4.2
SUPER_16,11080000,1,0,0,1,0,1,NaN
SUPER_16,11090000,2,0,2,4,2,0,7.5
SUPER_16,11100000,39,4,1,44,16,23,8.8
SUPER_16,11110000,80,3,6,89,53,27,4.111111
SUPER_16,11120000,54,2,3,59,33,21,3.4
SUPER_16,11130000,143,11,9,163,69,74,5.65
SUPER_16,11140000,119,10,5,134,63,56,8.4
SUPER_16,11150000,60,3,4,67,33,27,3.2857144
SUPER_16,11160000,2,1,0,3,2,0,4
SUPER_16,11170000,4,0,0,4,3,1,NaN
SUPER_16,11180000,0,0,0,0,0,0,0
SUPER_16,11190000,0,0,0,0,0,0,0
SUPER_16,11200000,68,9,3,80,38,30,3.5833333
SUPER_16,11210000,121,8,5,134,64,57,5.8461537
SUPER_16,11220000,69,4,10,83,33,36,13.142858
SUPER_16,11230000,113,7,8,128,58,55,15.933333
SUPER_16,11240000,99,5,6,110,50,49,8.909091
SUPER_16,11250000,147,14,9,170,74,73,24.043478
SUPER_16,11260000,100,16,9,125,55,45,5.48
SUPER_16,11270000,32,7,6,45,12,20,10.076923
SUPER_16,11280000,3,1,1,5,2,1,8.5
SUPER_16,11290000,61,9,9,79,31,30,3.2777777
SUPER_16,11300000,112,11,11,134,51,61,43.727272
SUPER_16,11310000,104,13,5,122,54,50,17.88889
SUPER_16,11320000,42,2,3,47,21,21,6.6
SUPER_16,11330000,159,7,7,173,83,76,2.2857144
SUPER_16,11340000,79,6,4,89,40,39,4.8
SUPER_16,11350000,112,13,14,139,60,52,4.5555553
SUPER_16,11360000,23,1,2,26,10,13,4.3333335
SUPER_16,11370000,29,1,4,34,12,17,72.8
SUPER_16,11380000,126,8,7,141,55,71,10.4
SUPER_16,11390000,1,1,0,2,0,1,1
SUPER_16,11400000,23,2,3,28,12,11,5.4
SUPER_16,11410000,77,11,6,94,33,44,3.8823528
SUPER_16,11420000,74,2,4,80,36,38,5.1666665
SUPER_16,11430000,165,7,12,184,80,85,24.052631
SUPER_16,11440000,115,7,8,130,60,55,21
SUPER_16,11450000,129,8,1,138,68,61,3
SUPER_16,11460000,42,5,1,48,20,22,7.8333335
SUPER_16,11470000,68,7,3,78,31,37,4.2
SUPER_16,11480000,164,8,9,181,81,83,5.1764708
SUPER_16,11490000,89,3,6,98,54,35,6
SUPER_16,11500000,58,3,3,64,23,35,9.333333
SUPER_16,11510000,50,6,2,58,30,20,4.75
SUPER_16,11520000,0,0,0,0,0,0,0
SUPER_16,11530000,0,0,0,0,0,0,0
SUPER_16,11540000,178,14,12,204,95,83,3.6538463
SUPER_16,11550000,114,14,8,136,61,53,4.2272725
SUPER_16,11560000,105,9,10,124,49,56,5.368421
SUPER_16,11570000,83,5,10,98,44,39,2.5333333
SUPER_16,11580000,30,2,2,34,16,14,4.25
SUPER_16,11590000,2,0,1,3,2,0,1
SUPER_16,11600000,0,0,0,0,0,0,0
SUPER_16,11610000,0,0,0,0,0,0,0
SUPER_16,11620000,44,4,7,55,25,19,5.6363635
SUPER_16,11630000,143,9,10,162,72,71,5.0526314
SUPER_16,11640000,69,8,4,81,44,25,5.0833335
SUPER_16,11650000,119,8,5,132,67,52,3.6923077
SUPER_16,11660000,134,12,10,156,70,64,4.7272725
SUPER_16,11670000,116,6,4,126,54,62,7.6
SUPER_16,11680000,21,3,3,27,12,9,5
SUPER_16,11690000,111,6,10,127,61,50,2.0625
SUPER_16,11700000,60,4,2,66,28,32,11.5
SUPER_16,11710000,128,11,9,148,71,57,4
SUPER_16,11720000,80,4,11,95,43,37,9.133333
SUPER_16,11730000,56,3,5,64,30,26,12.375
SUPER_16,11740000,96,9,4,109,47,49,12
SUPER_16,11750000,1,0,0,1,0,1,NaN
SUPER_16,11760000,1,0,0,1,0,1,NaN
SUPER_16,11770000,3,1,1,5,2,1,1.5
SUPER_16,11780000,3,0,0,3,1,2,NaN
SUPER_16,11790000,4,0,0,4,1,3,NaN
SUPER_16,11800000,4,1,0,5,3,1,6
SUPER_16,11810000,2,0,0,2,1,1,NaN
SUPER_16,11820000,1,1,0,2,1,0,6
SUPER_16,11830000,0,0,0,0,0,0,0
SUPER_16,11840000,0,0,0,0,0,0,0
SUPER_16,11850000,0,0,0,0,0,0,0
SUPER_16,11860000,4,0,0,4,2,2,NaN
SUPER_16,11870000,2,0,0,2,1,1,NaN
SUPER_16,11880000,0,0,0,0,0,0,0
SUPER_16,11890000,0,0,0,0,0,0,0
SUPER_16,11900000,118,8,15,141,60,58,4.869565
SUPER_16,11910000,174,6,18,198,90,84,6.125
SUPER_16,11920000,49,5,2,56,21,28,1.7142857
SUPER_16,11930000,128,5,15,148,63,65,6.45
SUPER_16,11940000,104,10,10,124,52,52,7.5
SUPER_16,11950000,84,9,4,97,45,39,12.538462
SUPER_16,11960000,8,0,0,8,6,2,NaN
SUPER_16,11970000,3,0,0,3,0,3,NaN
SUPER_16,11980000,13,1,0,14,5,8,27
SUPER_16,11990000,74,6,4,84,34,40,3
SUPER_16,12000000,83,8,5,96,48,35,4.076923
SUPER_16,12010000,14,1,6,21,8,6,2.7142856
SUPER_16,12020000,46,2,2,50,19,27,2.75
SUPER_16,12030000,37,4,4,45,19,18,6
SUPER_16,12040000,109,8,6,123,57,52,4.785714
SUPER_16,12050000,112,6,12,130,41,71,22.222221
SUPER_16,12060000,43,2,3,48,22,21,6.2
SUPER_16,12070000,67,8,6,81,41,26,9.714286
SUPER_16,12080000,4,2,0,6,3,1,3.5
SUPER_16,12090000,2,0,0,2,1,1,NaN
SUPER_16,12100000,4,1,2,7,2,2,3
SUPER_16,12110000,1,1,0,2,1,0,5
SUPER_16,12120000,42,4,6,52,17,25,15.2
SUPER_16,12130000,86,5,8,99,33,53,5.769231
SUPER_16,12140000,33,2,2,37,18,15,14
SUPER_16,12150000,80,7,6,93,48,32,7.923077
SUPER_16,12160000,112,3,7,122,60,52,4.6
SUPER_16,12170000,129,15,14,158,68,61,5.827586
SUPER_16,12180000,0,0,0,0,0,0,0
SUPER_16,12190000,0,0,0,0,0,0,0
SUPER_16,12200000,5,0,0,5,2,3,NaN
SUPER_16,12210000,2,1,0,3,1,1,1
SUPER_16,12220000,19,1,1,21,13,6,2.5
SUPER_16,12230000,73,8,3,84,29,44,4.818182
SUPER_16,12240000,91,8,9,108,46,45,11.529411
SUPER_16,12250000,35,2,7,44,17,18,3.6666667
SUPER_16,12260000,95,8,10,113,57,38,4.9444447
SUPER_16,12270000,114,6,8,128,54,60,4.714286
SUPER_16,12280000,28,3,3,34,18,10,3
SUPER_16,12290000,93,8,14,115,54,39,5.9545455
SUPER_16,12300000,53,1,3,57,24,29,1.25
SUPER_16,12310000,90,9,14,113,42,48,4.173913
SUPER_16,12320000,85,6,11,102,43,42,7.352941
SUPER_16,12330000,44,4,8,56,21,23,2.5
SUPER_16,12340000,171,14,11,196,83,88,6.12
SUPER_16,12350000,66,4,5,75,36,30,3.6666667
SUPER_16,12360000,74,5,5,84,39,35,4
SUPER_16,12370000,11,2,3,16,8,3,2.4
SUPER_16,12380000,179,17,20,216,84,95,12.081081
SUPER_16,12390000,78,9,8,95,39,39,4.117647
SUPER_16,12400000,106,6,11,123,51,55,14.117647
SUPER_16,12410000,69,5,7,81,38,31,2.25
SUPER_16,12420000,150,7,17,174,81,69,6.6666665
SUPER_16,12430000,91,6,5,102,55,36,12.727273
SUPER_16,12440000,181,12,27,220,84,97,9.666667
SUPER_16,12450000,58,3,3,64,30,28,8
SUPER_16,12460000,172,8,8,188,92,80,5.875
SUPER_16,12470000,113,8,2,123,65,48,3.2
SUPER_16,12480000,100,3,7,110,47,53,22.9
SUPER_16,12490000,61,3,3,67,42,19,3
SUPER_16,12500000,11,1,1,13,7,4,2
SUPER_16,12510000,153,9,9,171,75,78,7.9444447
SUPER_16,12520000,91,5,4,100,45,46,1.8888888
SUPER_16,12530000,207,11,18,236,106,101,8.103448
SUPER_16,12540000,51,3,4,58,22,29,9.857142
SUPER_16,12550000,49,3,3,55,26,23,19
SUPER_16,12560000,136,4,4,144,61,75,4.375
SUPER_16,12570000,96,9,6,111,47,49,6.2
SUPER_16,12580000,95,10,4,109,49,46,5.785714
SUPER_16,12590000,37,3,1,41,27,10,1.75
SUPER_16,12600000,1,0,0,1,0,1,NaN
SUPER_16,12610000,0,1,0,1,0,0,1
SUPER_16,12620000,2,0,0,2,1,1,NaN
SUPER_16,12630000,4,0,0,4,3,1,NaN
SUPER_16,12640000,2,0,1,3,2,0,6
SUPER_16,12650000,4,0,0,4,3,1,NaN
SUPER_16,12660000,5,0,0,5,3,2,NaN
SUPER_16,12670000,144,11,11,166,78,66,29.636364
SUPER_16,12680000,154,11,19,184,84,70,7.866667
SUPER_16,12690000,2,1,0,3,1,1,2
SUPER_16,12700000,67,3,3,73,37,30,3.8333333
SUPER_16,12710000,1,0,0,1,1,0,NaN
SUPER_16,12720000,4,0,0,4,4,0,NaN
SUPER_16,12730000,4,1,1,6,2,2,56.5
SUPER_16,12740000,5,0,0,5,3,2,NaN
SUPER_16,12750000,2,0,0,2,2,0,NaN
SUPER_16,12760000,6,2,2,10,5,1,12.5
SUPER_16,12770000,2,1,0,3,2,0,1
SUPER_16,12780000,76,5,5,86,45,31,7.4
SUPER_16,12790000,52,4,0,56,30,22,3.75
SUPER_16,12800000,79,7,7,93,37,42,5.071429
SUPER_16,12810000,26,2,7,35,13,13,13.888889
SUPER_16,12820000,40,8,4,52,22,18,3.75
SUPER_16,12830000,116,9,9,134,66,50,7
SUPER_16,12840000,36,3,8,47,17,19,5.3636365
SUPER_16,12850000,93,8,5,106,50,43,11.538462
SUPER_16,12860000,126,8,11,145,62,64,11.526316
SUPER_16,12870000,136,9,19,164,70,66,5.071429
SUPER_16,12880000,1,0,0,1,1,0,NaN
SUPER_16,12890000,98,10,6,114,51,47,5.3125
SUPER_16,12900000,83,8,5,96,38,45,5.3846154
SUPER_16,12910000,3,0,1,4,1,2,4
SUPER_16,12920000,2,0,0,2,0,2,NaN
SUPER_16,12930000,2,0,0,2,0,2,NaN
SUPER_16,12940000,7,0,1,8,2,5,2
SUPER_16,12950000,4,0,1,5,2,2,6
SUPER_16,12960000,1,0,0,1,1,0,NaN
SUPER_16,12970000,0,1,0,1,0,0,1
SUPER_16,12980000,2,0,0,2,0,2,NaN
SUPER_16,12990000,4,0,0,4,1,3,NaN
SUPER_16,13000000,139,10,12,161,55,84,20.318182
SUPER_16,13010000,51,4,4,59,23,28,11.75
SUPER_16,13020000,6,0,0,6,1,5,NaN
SUPER_16,13030000,58,2,3,63,19,39,10.2
SUPER_16,13040000,95,8,8,111,44,51,3.875
SUPER_16,13050000,112,8,14,134,51,61,4.5454545
SUPER_16,13060000,113,5,13,131,55,58,6.2777777
SUPER_16,13070000,50,1,1,52,25,25,18
SUPER_16,13080000,93,9,5,107,43,50,6.928571
SUPER_16,13090000,1,0,1,2,0,1,4
SUPER_16,13100000,19,1,1,21,9,10,17.5
SUPER_16,13110000,1,1,0,2,1,0,4
SUPER_16,13120000,47,6,2,55,25,22,2.375
SUPER_16,13130000,71,14,7,92,29,42,5.1904764
SUPER_16,13140000,85,9,8,102,43,42,11.705882
SUPER_16,13150000,55,5,5,65,34,21,3.3
SUPER_16,13160000,2,0,1,3,1,1,2
SUPER_16,13170000,2,0,1,3,0,2,1
SUPER_16,13180000,3,0,0,3,0,3,NaN
SUPER_16,13190000,58,3,5,66,26,32,7.875
SUPER_16,13200000,56,3,4,63,36,20,5.142857
SUPER_16,13210000,21,4,3,28,11,10,10.428572
SUPER_16,13220000,20,0,1,21,14,6,1
SUPER_16,13230000,25,3,5,33,12,13,2.25
SUPER_16,13240000,203,20,15,238,100,103,5.114286
SUPER_16,13250000,134,14,16,164,67,67,31.4
SUPER_16,13260000,52,5,3,60,32,20,10.5
SUPER_16,13270000,67,3,6,76,34,33,12.222222
SUPER_16,13280000,53,4,2,59,34,19,3
SUPER_16,13290000,63,4,3,70,38,25,1.1428572
SUPER_16,13300000,1,1,0,2,1,0,1
SUPER_16,13310000,6,0,1,7,5,1,1
SUPER_16,13320000,7,0,0,7,5,2,NaN
SUPER_16,13330000,0,0,0,0,0,0,0
SUPER_16,13340000,0,0,0,0,0,0,0
SUPER_16,13350000,2,0,2,4,2,0,1
SUPER_16,13360000,0,0,0,0,0,0,0
SUPER_16,13370000,0,0,0,0,0,0,0
SUPER_16,13380000,1,1,2,4,1,0,2
SUPER_16,13390000,0,0,0,0,0,0,0
SUPER_16,13400000,0,0,0,0,0,0,0
SUPER_16,13410000,68,4,6,78,35,33,5
SUPER_16,13420000,2,0,0,2,0,2,NaN
SUPER_16,13430000,3,1,0,4,0,3,1
SUPER_16,13440000,2,0,0,2,1,1,NaN
SUPER_16,13450000,131,11,8,150,64,67,7.4210525
SUPER_16,13460000,90,5,6,101,56,34,5.3636365
SUPER_16,13470000,232,7,18,257,127,105,7.36
SUPER_16,13480000,69,5,7,81,34,35,9.5
SUPER_16,13490000,61,5,1,67,33,28,2.3333333
SUPER_16,13500000,118,5,9,132,54,64,6.571429
SUPER_16,13510000,26,2,1,29,15,11,2.3333333
SUPER_16,13520000,27,0,4,31,14,13,25.25
SUPER_16,13530000,25,1,3,29,12,13,61.5
SUPER_16,13540000,6,0,1,7,4,2,2
SUPER_16,13550000,146,8,7,161,74,72,5.4666667
SUPER_16,13560000,97,6,6,109,50,47,5.75
SUPER_16,13570000,35,3,6,44,12,23,12.777778
SUPER_16,13580000,91,8,5,104,50,41,6.769231
SUPER_16,13590000,25,5,8,38,11,14,5.769231
SUPER_16,13600000,18,0,0,18,15,3,NaN
SUPER_16,13610000,6,0,2,8,4,2,8.5
SUPER_16,13620000,3,0,0,3,3,0,NaN
SUPER_16,13630000,3,1,0,4,3,0,1
SUPER_16,13640000,5,0,1,6,4,1,1
SUPER_16,13650000,1,0,0,1,0,1,NaN
SUPER_16,13660000,1,0,0,1,1,0,NaN
SUPER_16,13670000,1,0,0,1,1,0,NaN
SUPER_16,13680000,3,0,1,4,1,2,6
SUPER_16,13690000,0,0,0,0,0,0,0
SUPER_16,13700000,0,0,0,0,0,0,0
SUPER_16,13710000,106,10,9,125,54,52,10.631579
SUPER_16,13720000,123,6,6,135,54,69,6.3333335
SUPER_16,13730000,0,1,0,1,0,0,1
SUPER_16,13740000,3,1,0,4,1,2,12
SUPER_16,13750000,6,1,1,8,5,1,1
SUPER_16,13760000,2,0,0,2,1,1,NaN
SUPER_16,13770000,3,1,0,4,1,2,3
SUPER_16,13780000,70,8,5,83,34,36,7.6923075
SUPER_16,13790000,5,1,0,6,3,2,1
SUPER_16,13800000,60,5,2,67,31,29,13.857142
SUPER_16,13810000,16,1,1,18,7,9,20.5
SUPER_16,13820000,0,0,0,0,0,0,0
SUPER_16,13830000,0,0,0,0,0,0,0
SUPER_16,13840000,37,1,5,43,21,16,8.166667
SUPER_16,13850000,5,0,0,5,4,1,NaN
SUPER_16,13860000,3,0,0,3,2,1,NaN
SUPER_16,13870000,0,0,0,0,0,0,0
SUPER_16,13880000,0,0,0,0,0,0,0
SUPER_16,13890000,0,0,0,0,0,0,0
SUPER_16,13900000,0,0,0,0,0,0,0
SUPER_16,13910000,54,3,2,59,27,27,76.2
SUPER_16,13920000,76,11,6,93,42,34,7.2352943
SUPER_16,13930000,171,12,17,200,86,85,10.965517
SUPER_16,13940000,45,5,2,52,24,21,3
SUPER_16,13950000,64,3,3,70,39,25,6.6666665
SUPER_16,13960000,126,12,11,149,74,52,4.0869565
SUPER_16,13970000,83,5,4,92,45,38,4.6666665
SUPER_16,13980000,0,0,0,0,0,0,0
SUPER_16,13990000,0,0,0,0,0,0,0
SUPER_16,14000000,180,21,12,213,89,91,12.30303
SUPER_16,14010000,28,1,2,31,24,4,2.6666667
SUPER_16,14020000,103,7,7,117,49,54,3.857143
SUPER_16,14030000,142,6,10,158,69,73,14.5625
SUPER_16,14040000,192,11,10,213,97,95,3.8095238
SUPER_16,14050000,60,4,2,66,26,34,43.666668
SUPER_16,14060000,104,6,6,116,47,57,8.583333
SUPER_16,14070000,58,6,10,74,24,34,8.125
SUPER_16,14080000,3,0,0,3,2,1,NaN
SUPER_16,14090000,93,5,12,110,40,53,5
SUPER_16,14100000,99,6,7,112,53,46,16.76923
SUPER_16,14110000,128,14,16,158,66,62,5.3333335
SUPER_16,14120000,175,14,19,208,69,106,6.757576
SUPER_16,14130000,112,7,8,127,57,55,6.4666667
SUPER_16,14140000,85,3,6,94,47,38,6
SUPER_16,14150000,25,0,3,28,10,15,16
SUPER_16,14160000,133,9,7,149,65,68,13.6875
SUPER_16,14170000,91,10,6,107,43,48,5.4375
SUPER_16,14180000,92,5,5,102,46,46,6.2
SUPER_16,14190000,191,6,10,207,106,85,4.75
SUPER_16,14200000,61,3,11,75,37,24,16.428572
SUPER_16,14210000,62,5,4,71,27,35,7.3333335
SUPER_16,14220000,93,7,7,107,51,42,28.714285
SUPER_16,14230000,77,9,3,89,45,32,6.9166665
SUPER_16,14240000,60,3,6,69,34,26,7.2222223
SUPER_16,14250000,48,3,4,55,23,25,4.142857
SUPER_16,14260000,131,7,11,149,73,58,6.9444447
SUPER_16,14270000,114,6,10,130,49,65,8.0625
SUPER_16,14280000,199,15,13,227,97,102,15.607142
SUPER_16,14290000,123,8,7,138,70,53,6.6666665
SUPER_16,14300000,152,8,5,165,81,71,5.3846154
SUPER_16,14310000,90,10,4,104,37,53,5.571429
SUPER_16,14320000,30,2,2,34,15,15,1.25
SUPER_16,14330000,109,6,8,123,60,49,11.214286
SUPER_16,14340000,98,3,6,107,42,56,1.2222222
SUPER_16,14350000,110,7,3,120,58,52,5.4
SUPER_16,14360000,77,3,7,87,46,31,8.7
SUPER_16,14370000,106,7,3,116,48,58,9.7
SUPER_16,14380000,21,1,3,25,12,9,3.5
SUPER_16,14390000,33,1,0,34,14,19,1
SUPER_16,14400000,0,0,0,0,0,0,0
SUPER_16,14410000,0,0,0,0,0,0,0
SUPER_16,14420000,116,14,11,141,62,54,4.64
SUPER_16,14430000,62,4,2,68,31,31,19
SUPER_16,14440000,41,2,1,44,18,23,8.333333
SUPER_16,14450000,79,4,7,90,50,29,16.09091
SUPER_16,14460000,53,3,6,62,31,22,5.5555553
SUPER_16,14470000,0,0,0,0,0,0,0
SUPER_16,14480000,0,0,0,0,0,0,0
SUPER_16,14490000,0,0,0,0,0,0,0
SUPER_16,14500000,0,0,0,0,0,0,0
SUPER_16,14510000,0,0,0,0,0,0,0
SUPER_16,14520000,0,0,0,0,0,0,0
SUPER_16,14530000,23,2,3,28,12,11,5.2
SUPER_16,14540000,90,7,9,106,54,36,15.5
SUPER_16,14550000,204,15,12,231,106,98,4.814815
SUPER_16,14560000,157,15,13,185,74,83,7.071429
SUPER_16,14570000,0,0,0,0,0,0,0
SUPER_16,14580000,0,0,0,0,0,0,0
SUPER_16,14590000,0,0,0,0,0,0,0
SUPER_16,14600000,243,15,15,273,123,120,6.5333333
SUPER_16,14610000,55,2,1,58,37,18,12.666667
SUPER_16,14620000,24,3,3,30,9,15,40.833332
SUPER_16,14630000,59,3,1,63,30,29,5.5
SUPER_16,14640000,105,5,4,114,53,52,24.222221
SUPER_16,14650000,123,10,7,140,62,61,7.352941
SUPER_16,14660000,54,6,4,64,24,30,5.4
SUPER_16,14670000,19,0,0,19,12,7,NaN
SUPER_16,14680000,0,0,0,0,0,0,0
SUPER_16,14690000,0,0,0,0,0,0,0
SUPER_16,14700000,0,0,0,0,0,0,0
SUPER_16,14710000,0,0,0,0,0,0,0
SUPER_16,14720000,0,0,0,0,0,0,0
SUPER_16,14730000,0,0,0,0,0,0,0
SUPER_16,14740000,65,5,5,75,31,34,3.7
SUPER_16,14750000,41,5,3,49,20,21,1.5
SUPER_16,14760000,66,5,1,72,34,32,10.166667
SUPER_16,14770000,22,3,3,28,9,13,5.8333335
SUPER_16,14780000,98,5,7,110,52,46,8.75
SUPER_16,14790000,2,0,0,2,1,1,NaN
SUPER_16,14800000,0,1,0,1,0,0,1
SUPER_16,14810000,121,5,10,136,59,62,7.733333
SUPER_16,14820000,90,2,6,98,42,48,4.875
SUPER_16,14830000,27,0,0,27,9,18,NaN
SUPER_16,14840000,0,0,0,0,0,0,0
SUPER_16,14850000,0,0,0,0,0,0,0
SUPER_16,14860000,0,0,0,0,0,0,0
SUPER_16,14870000,0,0,0,0,0,0,0
SUPER_16,14880000,0,0,0,0,0,0,0
SUPER_16,14890000,0,0,0,0,0,0,0
SUPER_16,14900000,197,11,8,216,97,100,5.3157897
SUPER_16,14910000,104,10,7,121,64,40,6.4117646
SUPER_16,14920000,82,10,5,97,37,45,7.4666667
SUPER_16,14930000,135,11,3,149,73,62,18.142857
SUPER_16,14940000,191,7,5,203,102,89,3.25
SUPER_16,14950000,72,2,8,82,32,40,3.4
SUPER_16,14960000,49,6,3,58,28,21,9.111111
SUPER_16,14970000,3,0,0,3,2,1,NaN
SUPER_16,14980000,19,0,3,22,9,10,1.6666666
SUPER_16,14990000,51,3,2,56,27,24,4
SUPER_16,15000000,99,8,12,119,51,48,6.3
SUPER_16,15010000,115,4,6,125,59,56,28.4
SUPER_16,15020000,121,6,7,134,78,43,4.6923075
SUPER_16,15030000,117,8,11,136,69,48,9.473684
SUPER_16,15040000,51,3,2,56,23,28,2.6
SUPER_16,15050000,76,6,3,85,46,30,7.6666665
SUPER_16,15060000,81,10,5,96,41,40,2.8
SUPER_16,15070000,106,7,7,120,51,55,4.142857
SUPER_16,15080000,77,2,6,85,39,38,6.75
SUPER_16,15090000,23,0,2,25,6,17,9.5
SUPER_16,15100000,141,8,12,161,71,70,6.7
SUPER_16,15110000,120,11,9,140,54,66,14.45
SUPER_16,15120000,120,11,10,141,65,55,7.6666665
SUPER_16,15130000,114,11,14,139,60,54,26.44
SUPER_16,15140000,61,6,1,68,25,36,4.285714
SUPER_16,15150000,75,2,2,79,45,30,7.5
SUPER_16,15160000,187,10,12,209,104,83,19.954546
SUPER_16,15170000,58,2,1,61,30,28,2
SUPER_16,15180000,94,4,4,102,52,42,3.25
SUPER_16,15190000,143,7,7,157,75,68,8.857142
SUPER_16,15200000,145,12,8,165,67,78,4.95
SUPER_16,15210000,111,6,7,124,56,55,5.076923
SUPER_16,15220000,78,7,6,91,35,43,2.2307692
SUPER_16,15230000,61,3,2,66,37,24,1.6
SUPER_16,15240000,30,1,1,32,12,18,2.5
SUPER_16,15250000,104,4,12,120,56,48,5.625
SUPER_16,15260000,93,9,8,110,47,46,9.3529415
SUPER_16,15270000,31,7,2,40,13,18,10.555555
SUPER_16,15280000,140,9,16,165,79,61,3.76
SUPER_16,15290000,167,14,9,190,84,83,27.043478
SUPER_16,15300000,97,7,8,112,45,52,22.066668
SUPER_16,15310000,77,5,8,90,40,37,2.9230769
SUPER_16,15320000,34,1,3,38,15,19,6.25
SUPER_16,15330000,161,10,15,186,91,70,7.92
SUPER_16,15340000,95,7,11,113,44,51,10.277778
SUPER_16,15350000,45,2,6,53,24,21,7.75
SUPER_16,15360000,110,6,7,123,52,58,15.538462
SUPER_16,15370000,83,8,5,96,46,37,2.4615386
SUPER_16,15380000,84,6,4,94,48,36,4.8
SUPER_16,15390000,119,5,3,127,62,57,1.5
SUPER_16,15400000,69,4,4,77,30,39,1.75
SUPER_16,15410000,74,3,5,82,35,39,18.375
SUPER_16,15420000,109,5,5,119,49,60,4.8
SUPER_16,15430000,135,7,12,154,67,68,4.3157897
SUPER_16,15440000,68,0,5,73,35,33,3
SUPER_16,15450000,16,2,0,18,13,3,3.5
SUPER_16,15460000,4,2,0,6,3,1,2.5
SUPER_16,15470000,37,1,0,38,18,19,2
SUPER_16,15480000,46,1,3,50,24,22,4
SUPER_16,15490000,96,5,4,105,47,49,9.444445
SUPER_16,15500000,94,6,3,103,50,44,4.4444447
SUPER_16,15510000,71,2,4,77,33,38,2.3333333
SUPER_16,15520000,122,12,6,140,58,64,8.777778
SUPER_16,15530000,79,0,3,82,43,36,27
SUPER_16,15540000,1,0,0,1,1,0,NaN
SUPER_16,15550000,1,0,0,1,1,0,NaN
SUPER_16,15560000,3,0,1,4,2,1,1
SUPER_16,15570000,0,0,0,0,0,0,0
SUPER_16,15580000,0,0,0,0,0,0,0
SUPER_16,15590000,0,0,0,0,0,0,0
SUPER_16,15600000,0,0,0,0,0,0,0
SUPER_16,15610000,3,0,1,4,2,1,1
SUPER_16,15620000,0,0,0,0,0,0,0
SUPER_16,15630000,0,0,0,0,0,0,0
SUPER_16,15640000,85,9,3,97,46,39,3.25
SUPER_16,15650000,2,1,0,3,0,2,1
SUPER_16,15660000,1,0,0,1,1,0,NaN
SUPER_16,15670000,4,0,1,5,1,3,6
SUPER_16,15680000,2,0,0,2,0,2,NaN
SUPER_16,15690000,1,0,0,1,0,1,NaN
SUPER_16,15700000,95,3,7,105,38,57,5.5
SUPER_16,15710000,210,8,14,232,114,96,7.2272725
SUPER_16,15720000,148,9,17,174,77,71,7.923077
SUPER_16,15730000,108,10,12,130,55,53,12.272727
SUPER_16,15740000,116,6,9,131,60,56,6
SUPER_16,15750000,92,9,8,109,52,40,5.882353
SUPER_16,15760000,29,5,3,37,16,13,6.625
SUPER_16,15770000,68,5,2,75,32,36,5.428571
SUPER_16,15780000,49,4,2,55,24,25,6.6666665
SUPER_16,15790000,73,5,6,84,34,39,6.909091
SUPER_16,15800000,198,10,11,219,107,91,8.380953
SUPER_16,15810000,160,11,12,183,75,85,3.6086957
SUPER_16,15820000,100,10,8,118,47,53,6.111111
SUPER_16,15830000,123,7,7,137,60,63,9.428572
SUPER_16,15840000,136,7,8,151,59,77,8.933333
SUPER_16,15850000,170,12,10,192,96,74,8.772727
SUPER_16,15860000,61,3,4,68,32,29,7.571429
SUPER_16,15870000,112,7,10,129,52,60,3.8235295
SUPER_16,15880000,157,10,7,174,91,66,9.235294
SUPER_16,15890000,161,9,8,178,93,68,6.0588236
SUPER_16,15900000,14,0,1,15,4,10,1
SUPER_16,15910000,38,5,2,45,18,20,4.857143
SUPER_16,15920000,128,12,13,153,58,70,5.92
SUPER_16,15930000,105,11,5,121,56,49,5.75
SUPER_16,15940000,92,9,6,107,52,40,7
SUPER_16,15950000,101,10,9,120,39,62,11.105263
SUPER_16,15960000,33,8,5,46,16,17,5.3846154
SUPER_16,15970000,14,0,1,15,6,8,2
SUPER_16,15980000,9,0,0,9,5,4,NaN
SUPER_16,15990000,2,0,0,2,0,2,NaN
SUPER_16,16000000,0,0,0,0,0,0,0
SUPER_16,16010000,0,0,0,0,0,0,0
SUPER_16,16020000,33,3,1,37,16,17,12.25
SUPER_16,16030000,111,6,13,130,55,56,20.263159
SUPER_16,16040000,78,9,7,94,41,37,8.6875
SUPER_16,16050000,131,7,10,148,68,63,17.294117
SUPER_16,16060000,130,11,12,153,62,68,5.7391305
SUPER_16,16070000,49,9,2,60,23,26,4.4545455
SUPER_16,16080000,72,10,6,88,42,30,13.3125
SUPER_16,16090000,119,10,6,135,55,64,5.3125
SUPER_16,16100000,72,4,8,84,34,38,13.166667
SUPER_16,16110000,132,12,5,149,71,61,6.529412
SUPER_16,16120000,77,6,8,91,31,46,38.142857
SUPER_16,16130000,45,6,0,51,26,19,7.6666665
SUPER_16,16140000,110,5,7,122,56,54,22.833334
SUPER_16,16150000,77,2,3,82,35,42,5.2
SUPER_16,16160000,51,3,2,56,30,21,1.2
SUPER_16,16170000,72,6,5,83,36,36,5.2727275
SUPER_16,16180000,1,0,0,1,0,1,NaN
SUPER_16,16190000,41,5,0,46,16,25,6.2
SUPER_16,16200000,133,14,17,164,55,78,21.64516
SUPER_16,16210000,9,0,0,9,3,6,NaN
SUPER_16,16220000,38,5,0,43,21,17,7.2
SUPER_16,16230000,135,9,6,150,67,68,3.4
SUPER_16,16240000,148,14,9,171,60,88,5.826087
SUPER_16,16250000,69,7,8,84,29,40,6.133333
SUPER_16,16260000,56,3,3,62,25,31,6.8333335
SUPER_16,16270000,116,4,12,132,59,57,10.0625
SUPER_16,16280000,126,11,15,152,73,53,8.5
SUPER_16,16290000,76,6,6,88,40,36,4.1666665
SUPER_16,16300000,82,7,6,95,49,33,4.8461537
SUPER_16,16310000,77,2,8,87,39,38,4.4
SUPER_16,16320000,24,2,1,27,13,11,4
SUPER_16,16330000,196,13,10,219,97,99,6.9565215
SUPER_16,16340000,9,1,1,11,4,5,1
SUPER_16,16350000,91,5,9,105,46,45,5.5
SUPER_16,16360000,28,2,3,33,12,16,10.4
SUPER_16,16370000,36,0,4,40,23,13,11.75
SUPER_16,16380000,13,1,2,16,10,3,1.6666666
SUPER_16,16390000,123,12,6,141,75,48,10
SUPER_16,16400000,123,6,4,133,54,69,14.3
SUPER_16,16410000,110,6,5,121,52,58,8.090909
SUPER_16,16420000,205,13,19,237,99,106,7.25
SUPER_16,16430000,8,0,1,9,5,3,28
SUPER_16,16440000,61,7,4,72,33,28,4.7272725
SUPER_16,16450000,128,12,10,150,64,64,16
SUPER_16,16460000,56,4,5,65,32,24,4.111111
SUPER_16,16470000,70,8,7,85,30,40,6.133333
SUPER_16,16480000,96,7,10,113,34,62,29.529411
SUPER_16,16490000,85,3,3,91,43,42,2.6666667
SUPER_16,16500000,46,2,2,50,24,22,2
SUPER_16,16510000,98,11,10,119,45,53,31.571428
SUPER_16,16520000,134,7,8,149,69,65,10.666667
SUPER_16,16530000,1,0,0,1,0,1,NaN
SUPER_16,16540000,0,2,1,3,0,0,3.6666667
SUPER_16,16550000,0,0,1,1,0,0,1
SUPER_16,16560000,1,0,0,1,1,0,NaN
SUPER_16,16570000,2,0,2,4,1,1,51.5
SUPER_16,16580000,0,0,0,0,0,0,0
SUPER_16,16590000,0,0,0,0,0,0,0
SUPER_16,16600000,4,0,1,5,2,2,1
SUPER_16,16610000,21,0,2,23,13,8,3
SUPER_16,16620000,0,0,2,2,0,0,2.5
SUPER_16,16630000,4,0,1,5,2,2,7
SUPER_16,16640000,2,0,0,2,1,1,NaN
SUPER_16,16650000,5,0,0,5,2,3,NaN
SUPER_16,16660000,2,0,1,3,2,0,1
SUPER_16,16670000,1,0,0,1,1,0,NaN
SUPER_16,16680000,0,1,0,1,0,0,2
SUPER_16,16690000,25,2,4,31,12,13,2.1666667
SUPER_16,16700000,116,11,3,130,60,56,5.642857
SUPER_16,16710000,49,5,4,58,20,29,3.2222223
SUPER_16,16720000,31,4,3,38,12,19,7
SUPER_16,16730000,1,1,0,2,0,1,7
SUPER_16,16740000,4,0,0,4,1,3,NaN
SUPER_16,16750000,8,1,0,9,3,5,1
SUPER_16,16760000,0,0,0,0,0,0,0
SUPER_16,16770000,0,0,0,0,0,0,0
SUPER_16,16780000,0,0,0,0,0,0,0
SUPER_16,16790000,9,1,0,10,6,3,1
SUPER_16,16800000,2,1,0,3,1,1,1
SUPER_16,16810000,2,0,1,3,0,2,4
SUPER_16,16820000,47,2,2,51,26,21,15.5
SUPER_16,16830000,172,12,12,196,73,99,10.291667
SUPER_16,16840000,139,8,14,161,73,66,6.090909
SUPER_16,16850000,129,4,10,143,69,60,3.7142856
SUPER_16,16860000,110,4,8,122,61,49,2.1666667
SUPER_16,16870000,89,5,10,104,38,51,10.2
SUPER_16,16880000,119,10,11,140,62,57,18.142857
SUPER_16,16890000,194,14,10,218,98,96,23.708334
SUPER_16,16900000,186,11,7,204,110,76,9.555555
SUPER_16,16910000,111,11,7,129,54,57,5.2777777
SUPER_16,16920000,135,4,12,151,63,72,7.6875
SUPER_16,16930000,77,10,6,93,36,41,12.875
SUPER_16,16940000,140,15,14,169,67,73,5.9310346
SUPER_16,16950000,118,10,7,135,71,47,4.647059
SUPER_16,16960000,15,1,1,17,6,9,1
SUPER_16,16970000,8,1,0,9,6,2,27
SUPER_16,16980000,68,7,9,84,29,39,13.25
SUPER_16,16990000,38,5,0,43,22,16,7.6
SUPER_16,17000000,96,6,8,110,49,47,5.785714
SUPER_16,17010000,75,6,6,87,46,29,6
SUPER_16,17020000,48,3,5,56,25,23,8.25
SUPER_16,17030000,85,4,6,95,47,38,18.2
SUPER_16,17040000,133,8,8,149,63,70,10.5
SUPER_16,17050000,103,14,11,128,55,48,6.92
SUPER_16,17060000,108,3,9,120,55,53,19.916666
SUPER_16,17070000,120,5,5,130,55,65,5.7
SUPER_16,17080000,118,15,12,145,61,57,17.555555
SUPER_16,17090000,154,13,13,180,67,87,5.3461537
SUPER_16,17100000,116,5,11,132,62,54,13.6875
SUPER_16,17110000,67,4,6,77,34,33,5.7
SUPER_16,17120000,9,1,0,10,5,4,6
SUPER_16,17130000,12,0,2,14,7,5,2.5
SUPER_16,17140000,4,1,1,6,1,3,1.5
SUPER_16,17150000,32,0,2,34,15,17,8.5
SUPER_16,17160000,19,2,2,23,11,8,1.75
SUPER_16,17170000,71,2,9,82,27,44,11.090909
SUPER_16,17180000,230,22,23,275,114,116,4.4666667
SUPER_16,17190000,140,7,15,162,75,65,5.681818
SUPER_16,17200000,89,8,10,107,49,40,7.8333335
SUPER_16,17210000,1,0,0,1,0,1,NaN
SUPER_16,17220000,3,1,0,4,1,2,12
SUPER_16,17230000,0,0,0,0,0,0,0
SUPER_16,17240000,0,0,0,0,0,0,0
SUPER_16,17250000,0,0,0,0,0,0,0
SUPER_16,17260000,7,1,0,8,2,5,19
SUPER_16,17270000,0,0,0,0,0,0,0
SUPER_16,17280000,0,0,0,0,0,0,0
SUPER_16,17290000,206,14,24,244,98,108,12.394737
SUPER_16,17300000,129,8,7,144,75,54,18.6
SUPER_16,17310000,83,12,4,99,38,45,8.125
SUPER_16,17320000,47,1,13,61,22,25,3.2142856
SUPER_16,17330000,12,1,2,15,5,7,7.3333335
SUPER_16,17340000,4,0,0,4,2,2,NaN
SUPER_16,17350000,5,1,0,6,3,2,1
SUPER_16,17360000,48,6,6,60,23,25,4.4166665
SUPER_16,17370000,76,4,8,88,37,39,5.25
SUPER_16,17380000,126,12,12,150,52,74,3.9166667
SUPER_16,17390000,88,6,7,101,49,39,3.2307692
SUPER_16,17400000,47,5,2,54,20,27,3
SUPER_16,17410000,1,1,0,2,1,0,1
SUPER_16,17420000,95,9,4,108,34,61,4.1538463
SUPER_16,17430000,94,10,5,109,47,47,3.7333333
SUPER_16,17440000,0,0,0,0,0,0,0
SUPER_16,17450000,0,0,0,0,0,0,0
SUPER_16,17460000,159,15,14,188,82,77,4.034483
SUPER_16,17470000,127,5,11,143,54,73,12.625
SUPER_16,17480000,160,13,11,184,84,76,9.375
SUPER_16,17490000,191,9,11,211,87,104,6.35
SUPER_16,17500000,24,1,1,26,17,7,8
SUPER_16,17510000,17,0,0,17,7,10,NaN
SUPER_16,17520000,3,2,3,8,2,1,3
SUPER_16,17530000,5,3,0,8,0,5,7
SUPER_16,17540000,2,0,0,2,2,0,NaN
SUPER_16,17550000,12,3,1,16,6,6,2
SUPER_16,17560000,1,0,0,1,1,0,NaN
SUPER_16,17570000,3,0,1,4,2,1,10
SUPER_16,17580000,101,3,6,110,53,48,3.6666667
SUPER_16,17590000,83,5,4,92,36,47,5.4444447
SUPER_16,17600000,130,13,17,160,65,65,7.5333333
SUPER_16,17610000,77,5,9,91,43,34,5.928571
SUPER_16,17620000,2,0,0,2,0,2,NaN
SUPER_16,17630000,3,0,0,3,1,2,NaN
SUPER_16,17640000,108,13,10,131,57,51,12.26087
SUPER_16,17650000,95,10,3,108,54,41,9.615385
SUPER_16,17660000,125,10,3,138,65,60,7.6153846
SUPER_16,17670000,71,3,3,77,31,40,3.5
SUPER_16,17680000,60,4,8,72,27,33,24.916666
SUPER_16,17690000,51,5,6,62,28,23,3.909091
SUPER_16,17700000,2,0,2,4,1,1,2
SUPER_16,17710000,127,5,13,145,59,68,5.3333335
SUPER_16,17720000,129,10,10,149,59,70,24.3
SUPER_16,17730000,40,5,3,48,27,13,11.25
SUPER_16,17740000,131,11,4,146,57,74,6.133333
SUPER_16,17750000,135,6,8,149,67,68,7.642857
SUPER_16,17760000,85,6,3,94,50,35,6.3333335
SUPER_16,17770000,64,5,2,71,33,31,3.4285715
SUPER_16,17780000,132,6,12,150,73,59,11.277778
SUPER_16,17790000,118,5,7,130,64,54,5.5
SUPER_16,17800000,21,3,2,26,12,9,1.6
SUPER_16,17810000,62,6,9,77,38,24,16.066668
SUPER_16,17820000,87,4,7,98,46,41,12
SUPER_16,17830000,43,3,2,48,25,18,5
SUPER_16,17840000,28,2,4,34,14,14,1.1666666
SUPER_16,17850000,116,10,12,138,52,64,4.3636365
SUPER_16,17860000,142,16,13,171,74,68,12.655172
SUPER_16,17870000,73,6,7,86,35,38,3.1538463
SUPER_16,17880000,119,7,6,132,66,53,16.23077
SUPER_16,17890000,122,6,11,139,66,55,3.4117646
SUPER_16,17900000,52,2,9,63,18,34,3.4545455
SUPER_16,17910000,2,2,1,5,2,0,4.3333335
SUPER_16,17920000,12,3,0,15,7,5,2.3333333
SUPER_16,17930000,49,2,4,55,29,20,16
SUPER_16,17940000,135,11,9,155,66,69,17.55
SUPER_16,17950000,64,4,1,69,39,25,4.6
SUPER_16,17960000,117,8,10,135,49,68,4.7777777
SUPER_16,17970000,78,6,8,92,33,45,33.214287
SUPER_16,17980000,10,4,1,15,2,8,1.2
SUPER_16,17990000,129,3,7,139,72,57,2
SUPER_16,18000000,34,1,5,40,12,22,5.5
SUPER_16,18010000,41,6,4,51,18,23,2.7
SUPER_16,18020000,92,10,9,111,44,48,5.6842103
SUPER_16,18030000,5,0,1,6,4,1,155
SUPER_16,18040000,54,5,6,65,22,32,9.363636
SUPER_16,18050000,48,5,7,60,23,25,7
SUPER_16,18060000,121,3,8,132,66,55,45.81818
SUPER_16,18070000,20,1,2,23,9,11,7
SUPER_16,18080000,68,4,6,78,31,37,7.6
SUPER_16,18090000,61,6,10,77,28,33,8.25
SUPER_16,18100000,23,2,1,26,15,8,1.6666666
SUPER_16,18110000,33,2,3,38,16,17,1.8
SUPER_16,18120000,72,12,3,87,34,38,11.8
SUPER_16,18130000,146,16,14,176,73,73,4.1
SUPER_16,18140000,136,15,15,166,65,71,7.4333334
SUPER_16,18150000,72,2,3,77,36,36,4.2
SUPER_16,18160000,79,5,6,90,45,34,6.909091
SUPER_16,18170000,64,5,5,74,31,33,6.5
SUPER_16,18180000,3,0,0,3,1,2,NaN
SUPER_16,18190000,80,8,8,96,38,42,6.5
SUPER_16,18200000,116,9,6,131,53,63,5.4
SUPER_16,18210000,108,8,4,120,52,56,14.5
SUPER_16,18220000,10,2,1,13,3,7,1.3333334
SUPER_16,18230000,6,1,0,7,5,1,6
SUPER_16,18240000,3,0,0,3,1,2,NaN
SUPER_16,18250000,7,1,1,9,3,4,16.5
SUPER_16,18260000,0,1,2,3,0,0,2
SUPER_16,18270000,1,0,0,1,0,1,NaN
SUPER_16,18280000,65,4,8,77,32,33,16.333334
SUPER_16,18290000,122,7,9,138,48,74,7.375
SUPER_16,18300000,145,12,8,165,80,65,11.1
SUPER_16,18310000,117,3,9,129,67,50,8.416667
SUPER_16,18320000,61,9,3,73,30,31,10.583333
SUPER_16,18330000,147,13,15,175,67,80,3.9285715
SUPER_16,18340000,147,13,9,169,83,64,7.4545455
SUPER_16,18350000,127,7,10,144,71,56,5.0588236
SUPER_16,18360000,141,8,12,161,68,73,9.75
SUPER_16,18370000,84,5,5,94,43,41,3
SUPER_16,18380000,106,5,8,119,52,54,13.461538
SUPER_16,18390000,54,1,4,59,20,34,1.8
SUPER_16,18400000,172,8,7,187,93,79,7.3333335
SUPER_16,18410000,134,9,16,159,69,65,8.16
SUPER_16,18420000,87,5,7,99,42,45,8.833333
SUPER_16,18430000,181,8,13,202,94,87,6.142857
SUPER_16,18440000,71,5,3,79,38,33,2.375
SUPER_16,18450000,116,9,6,131,60,56,2.8
SUPER_16,18460000,135,11,9,155,67,68,7.15
SUPER_16,18470000,6,1,0,7,3,3,1
SUPER_16,18480000,0,1,1,2,0,0,4
SUPER_16,18490000,75,3,5,83,45,30,6.25
SUPER_16,18500000,119,7,10,136,69,50,29.705883
SUPER_16,18510000,0,0,0,0,0,0,0
SUPER_16,18520000,0,0,0,0,0,0,0
SUPER_16,18530000,215,21,17,253,101,114,9.105263
SUPER_16,18540000,78,6,9,93,38,40,5.5333333
SUPER_16,18550000,144,17,12,173,77,67,10.068966
SUPER_16,18560000,117,7,13,137,58,59,6.7
SUPER_16,18570000,220,12,13,245,105,115,11.64
SUPER_16,18580000,56,9,4,69,34,22,5
SUPER_16,18590000,88,10,7,105,44,44,4.4117646
SUPER_16,18600000,25,2,1,28,14,11,15.666667
SUPER_16,18610000,113,8,9,130,65,48,9.588235
SUPER_16,18620000,132,8,11,151,64,68,8.052631
SUPER_16,18630000,135,11,9,155,73,62,7.85
SUPER_16,18640000,165,13,14,192,88,77,10.111111
SUPER_16,18650000,125,7,9,141,72,53,28.8125
SUPER_16,18660000,52,8,1,61,25,27,6.5555553
SUPER_16,18670000,80,8,4,92,41,39,3
SUPER_16,18680000,94,5,8,107,47,47,4.8461537
SUPER_16,18690000,162,10,14,186,91,71,5.6666665
SUPER_16,18700000,85,9,6,100,43,42,9.866667
SUPER_16,18710000,11,3,2,16,6,5,3.2
SUPER_16,18720000,154,13,11,178,98,56,10.708333
SUPER_16,18730000,57,7,5,69,27,30,9.083333
SUPER_16,18740000,51,6,5,62,19,32,3
SUPER_16,18750000,85,6,8,99,41,44,5.428571
SUPER_16,18760000,3,1,0,4,1,2,2
SUPER_16,18770000,28,1,4,33,12,16,3.8
SUPER_16,18780000,3,0,0,3,2,1,NaN
SUPER_16,18790000,4,0,1,5,4,0,12
SUPER_16,18800000,23,5,0,28,9,14,1.8
SUPER_16,18810000,83,3,4,90,44,39,2.5714285
SUPER_16,18820000,26,4,5,35,15,11,1.6666666
SUPER_16,18830000,60,6,7,73,34,26,3.5384614
SUPER_16,18840000,127,13,12,152,64,63,5.16
SUPER_16,18850000,42,1,4,47,17,25,1.6
SUPER_16,18860000,26,4,1,31,11,15,3.2
SUPER_16,18870000,164,12,13,189,77,87,10.12
SUPER_16,18880000,123,18,11,152,58,65,3.310345
SUPER_16,18890000,18,4,2,24,10,8,11.833333
SUPER_16,18900000,1,2,2,5,0,1,3.75
SUPER_16,18910000,42,1,2,45,23,19,4.6666665
SUPER_16,18920000,65,4,6,75,32,33,6.6
SUPER_16,18930000,112,13,16,141,51,61,4.3103447
SUPER_16,18940000,87,7,6,100,49,38,10.230769
SUPER_16,18950000,68,10,1,79,33,35,7.5454545
SUPER_16,18960000,68,6,8,82,35,33,4.285714
SUPER_16,18970000,131,14,14,159,68,63,5.678571
SUPER_16,18980000,115,11,7,133,65,50,3.1111112
SUPER_16,18990000,110,12,9,131,62,48,5.047619
SUPER_16,19000000,9,1,2,12,7,2,4.3333335
SUPER_16,19010000,22,5,3,30,13,9,15.75
SUPER_16,19020000,31,3,7,41,15,16,7.4
SUPER_16,19030000,33,1,5,39,17,16,8.166667
SUPER_16,19040000,63,4,4,71,28,35,7.5
SUPER_16,19050000,50,5,7,62,26,24,8.333333
SUPER_16,19060000,160,10,11,181,68,92,4.5238094
SUPER_16,19070000,99,7,8,114,46,53,3.8
SUPER_16,19080000,29,2,3,34,9,20,9.8
SUPER_16,19090000,69,3,6,78,32,37,11.444445
SUPER_16,19100000,83,6,5,94,39,44,4.4545455
SUPER_16,19110000,38,3,4,45,20,18,2.4285715
SUPER_16,19120000,63,10,5,78,34,29,8.533334
SUPER_16,19130000,121,12,4,137,60,61,3.3125
SUPER_16,19140000,98,9,8,115,65,33,5.1764708
SUPER_16,19150000,20,2,0,22,11,9,7
SUPER_16,19160000,0,0,0,0,0,0,0
SUPER_16,19170000,0,0,0,0,0,0,0
SUPER_16,19180000,3,0,0,3,2,1,NaN
SUPER_16,19190000,34,3,6,43,16,18,8.111111
SUPER_16,19200000,3,0,0,3,0,3,NaN
SUPER_16,19210000,4,0,0,4,3,1,NaN
SUPER_16,19220000,112,7,8,127,53,59,2.5333333
SUPER_16,19230000,41,2,8,51,18,23,10.6
SUPER_16,19240000,5,1,1,7,3,2,1
SUPER_16,19250000,1,1,0,2,1,0,6
SUPER_16,19260000,0,0,0,0,0,0,0
SUPER_16,19270000,0,0,0,0,0,0,0
SUPER_16,19280000,2,0,0,2,1,1,NaN
SUPER_16,19290000,1,0,0,1,0,1,NaN
SUPER_16,19300000,0,2,1,3,0,0,5.6666665
SUPER_16,19310000,3,0,1,4,2,1,8
SUPER_16,19320000,6,0,0,6,3,3,NaN
SUPER_16,19330000,90,6,10,106,48,42,12.5
SUPER_16,19340000,58,9,5,72,25,33,4.928571
SUPER_16,19350000,14,1,3,18,7,7,47.5
SUPER_16,19360000,6,0,0,6,3,3,NaN
SUPER_16,19370000,122,7,14,143,70,52,25.52381
SUPER_16,19380000,101,6,11,118,53,48,13.529411
SUPER_16,19390000,155,15,6,176,82,73,6.714286
SUPER_16,19400000,151,12,15,178,64,87,4
SUPER_16,19410000,59,4,3,66,25,34,7.857143
SUPER_16,19420000,35,8,5,48,21,14,10.307693
SUPER_16,19430000,70,7,8,85,42,28,5.2
SUPER_16,19440000,138,9,10,157,70,68,5.1578946
SUPER_16,19450000,81,6,10,97,38,43,3.3125
SUPER_16,19460000,49,0,1,50,22,27,87
SUPER_16,19470000,96,7,7,110,50,46,3.2142856
SUPER_16,19480000,180,16,13,209,75,105,8.344828
SUPER_16,19490000,49,3,2,54,24,25,2.6
SUPER_16,19500000,1,0,0,1,0,1,NaN
SUPER_16,19510000,2,0,0,2,0,2,NaN
SUPER_16,19520000,25,7,1,33,12,13,10.5
SUPER_16,19530000,89,4,11,104,45,44,80.46667
SUPER_16,19540000,88,8,10,106,41,47,6.4444447
SUPER_16,19550000,115,9,6,130,64,51,3.2666667
SUPER_16,19560000,15,1,1,17,10,5,1.5
SUPER_16,19570000,7,1,1,9,5,2,15.5
SUPER_16,19580000,3,0,0,3,1,2,NaN
SUPER_16,19590000,2,1,0,3,1,1,2
SUPER_16,19600000,10,1,1,12,7,3,8.5
SUPER_16,19610000,7,0,0,7,2,5,NaN
SUPER_16,19620000,6,0,1,7,2,4,1
SUPER_16,19630000,32,0,3,35,21,11,2
SUPER_16,19640000,40,4,2,46,19,21,10
SUPER_16,19650000,116,10,12,138,54,62,5.4545455
SUPER_16,19660000,140,11,9,160,68,72,4.55
SUPER_16,19670000,55,3,9,67,21,34,12
SUPER_16,19680000,20,2,0,22,7,13,2
SUPER_16,19690000,28,3,3,34,14,14,2.1666667
SUPER_16,19700000,30,4,4,38,10,20,5.875
SUPER_16,19710000,1,0,0,1,1,0,NaN
SUPER_16,19720000,3,0,0,3,1,2,NaN
SUPER_16,19730000,1,3,2,6,1,0,3.6
SUPER_16,19740000,3,0,0,3,1,2,NaN
SUPER_16,19750000,6,0,0,6,5,1,NaN
SUPER_16,19760000,1,0,0,1,1,0,NaN
SUPER_16,19770000,4,1,3,8,2,2,10.25
SUPER_16,19780000,2,1,0,3,1,1,16
SUPER_16,19790000,123,7,10,140,70,53,16.529411
SUPER_16,19800000,64,7,5,76,26,38,4.0833335
SUPER_16,19810000,36,2,0,38,18,18,3.5
SUPER_16,19820000,167,9,14,190,82,85,7.652174
SUPER_16,19830000,173,12,19,204,91,82,15
SUPER_16,19840000,218,21,15,254,93,125,6.5833335
SUPER_16,19850000,71,5,7,83,40,31,6.0833335
SUPER_16,19860000,200,17,11,228,108,92,6.178571
SUPER_16,19870000,142,14,7,163,81,61,9.904762
SUPER_16,19880000,118,9,11,138,69,49,6.7
SUPER_16,19890000,181,13,13,207,90,91,18.615385
SUPER_16,19900000,157,17,12,186,73,84,6.6896553
SUPER_16,19910000,180,15,21,216,95,85,22.694445
SUPER_16,19920000,27,0,2,29,11,16,1.5
SUPER_16,19930000,14,3,1,18,5,9,3.75
SUPER_16,19940000,115,10,3,128,65,50,5.230769
SUPER_16,19950000,83,2,8,93,42,41,26
SUPER_16,19960000,69,3,6,78,30,39,5.6666665
SUPER_16,19970000,38,3,2,43,21,17,5.4
SUPER_16,19980000,71,7,4,82,41,30,6.4545455
SUPER_16,19990000,167,12,12,191,76,91,9.875
SUPER_16,20000000,122,9,7,138,63,59,6
SUPER_16,20010000,122,7,11,140,60,62,7.111111
SUPER_16,20020000,132,12,10,154,68,64,8.454545
SUPER_16,20030000,3,1,0,4,2,1,2
SUPER_16,20040000,3,0,2,5,1,2,1.5
SUPER_16,20050000,14,3,0,17,6,8,1.6666666
SUPER_16,20060000,10,0,0,10,3,7,NaN
SUPER_16,20070000,52,5,2,59,20,32,5.714286
SUPER_16,20080000,105,5,8,118,47,58,5.3846154
SUPER_16,20090000,136,11,16,163,76,60,16.74074
SUPER_16,20100000,38,2,0,40,18,20,4.5
SUPER_16,20110000,204,13,21,238,107,97,21.058823
SUPER_16,20120000,129,8,6,143,66,63,9.214286
SUPER_16,20130000,145,14,12,171,80,65,8.692307
SUPER_16,20140000,109,7,7,123,59,50,3.5
SUPER_16,20150000,173,15,8,196,77,96,10.26087
SUPER_16,20160000,126,8,9,143,62,64,5.7647057
SUPER_16,20170000,114,8,12,134,53,61,5.6
SUPER_16,20180000,141,10,21,172,73,68,19.741936
SUPER_16,20190000,75,8,10,93,37,38,7.7777777
SUPER_16,20200000,13,0,4,17,4,9,49.25
SUPER_16,20210000,54,3,9,66,27,27,9.833333
SUPER_16,20220000,38,4,3,45,23,15,7.571429
SUPER_16,20230000,160,6,12,178,82,78,4
SUPER_16,20240000,108,7,1,116,50,58,2.625
SUPER_16,20250000,131,7,8,146,60,71,13
SUPER_16,20260000,58,2,6,66,40,18,6.75
SUPER_16,20270000,3,0,0,3,0,3,NaN
SUPER_16,20280000,3,1,0,4,1,2,11
SUPER_16,20290000,62,5,7,74,31,31,2.25
SUPER_16,20300000,2,0,0,2,0,2,NaN
SUPER_16,20310000,79,6,9,94,43,36,8.466666
SUPER_16,20320000,144,7,8,159,65,79,40.4
SUPER_16,20330000,133,12,14,159,75,58,15.807693
SUPER_16,20340000,77,3,2,82,34,43,3.8
SUPER_16,20350000,136,10,14,160,72,64,19.958334
SUPER_16,20360000,82,6,6,94,44,38,4.75
SUPER_16,20370000,137,9,10,156,67,70,10.842105
SUPER_16,20380000,94,3,4,101,45,49,54.142857
SUPER_16,20390000,122,8,4,134,59,63,4.9166665
SUPER_16,20400000,114,5,5,124,61,53,7.5
SUPER_16,20410000,30,3,4,37,20,10,9.285714
SUPER_16,20420000,109,6,8,123,61,48,5.642857
SUPER_16,20430000,129,5,6,140,67,62,24.545454
SUPER_16,20440000,84,7,11,102,40,44,5.4444447
SUPER_16,20450000,85,9,7,101,38,47,17.625
SUPER_16,20460000,97,4,7,108,44,53,6.818182
SUPER_16,20470000,45,3,5,53,22,23,7.875
SUPER_16,20480000,88,8,6,102,47,41,2.5
SUPER_16,20490000,30,3,3,36,12,18,12.833333
SUPER_16,20500000,40,2,4,46,13,27,7.6666665
SUPER_16,20510000,36,6,5,47,18,18,11.636364
SUPER_16,20520000,56,2,9,67,34,22,3.1818182
SUPER_16,20530000,92,9,11,112,40,52,18.6
SUPER_16,20540000,111,12,13,136,57,54,20.88
SUPER_16,20550000,59,3,7,69,31,28,4.4
SUPER_16,20560000,47,3,4,54,27,20,7.714286
SUPER_16,20570000,3,0,0,3,1,2,NaN
SUPER_16,20580000,1,0,1,2,0,1,2
SUPER_16,20590000,45,5,3,53,25,20,8.375
SUPER_16,20600000,98,12,11,121,50,48,12.434783
SUPER_16,20610000,79,11,3,93,32,47,5.285714
SUPER_16,20620000,115,11,11,137,52,63,5.409091
SUPER_16,20630000,154,11,17,182,79,75,11
SUPER_16,20640000,46,2,3,51,27,19,3
SUPER_16,20650000,160,10,14,184,73,87,7.7916665
SUPER_16,20660000,79,5,4,88,35,44,3.5555556
SUPER_16,20670000,51,10,3,64,28,23,6.6923075
SUPER_16,20680000,146,9,16,171,72,74,19.24
SUPER_16,20690000,149,14,11,174,64,85,21.56
SUPER_16,20700000,90,7,9,106,53,37,6.3125
SUPER_16,20710000,110,10,8,128,50,60,23.722221
SUPER_16,20720000,105,15,12,132,63,42,3.5555556
SUPER_16,20730000,179,14,11,204,96,83,9.76
SUPER_16,20740000,43,2,2,47,26,17,5.25
SUPER_16,20750000,69,11,14,94,33,36,9.8
SUPER_16,20760000,135,13,13,161,62,73,66.96154
SUPER_16,20770000,152,6,6,164,73,79,8.166667
SUPER_16,20780000,115,12,6,133,59,56,11.722222
SUPER_16,20790000,171,11,9,191,80,91,10.9
SUPER_16,20800000,62,4,6,72,35,27,5.8
SUPER_16,20810000,55,4,4,63,33,22,2.75
SUPER_16,20820000,132,11,18,161,70,62,15.724138
SUPER_16,20830000,100,9,11,120,45,55,8.4
SUPER_16,20840000,57,9,5,71,31,26,9.5
SUPER_16,20850000,23,2,1,26,7,16,4.6666665
SUPER_16,20860000,38,2,5,45,17,21,26.285715
SUPER_16,20870000,131,13,8,152,72,59,4.047619
SUPER_16,20880000,94,7,6,107,49,45,4.923077
SUPER_16,20890000,59,7,6,72,32,27,17.384615
SUPER_16,20900000,103,8,7,118,44,59,6.6
SUPER_16,20910000,50,4,4,58,28,22,28.625
SUPER_16,20920000,63,12,13,88,39,24,7.88
SUPER_16,20930000,2,0,1,3,1,1,35
SUPER_16,20940000,1,0,1,2,0,1,13
SUPER_16,20950000,67,9,5,81,35,32,6.214286
SUPER_16,20960000,138,15,8,161,69,69,3.7391305
SUPER_16,20970000,88,4,6,98,45,43,2.3
SUPER_16,20980000,36,5,2,43,19,17,5
SUPER_16,20990000,79,7,5,91,41,38,5.4166665
SUPER_16,21000000,33,4,3,40,18,15,2.857143
SUPER_16,21010000,85,11,10,106,36,49,8.095238
SUPER_16,21020000,2,0,0,2,0,2,NaN
SUPER_16,21030000,0,0,1,1,0,0,3
SUPER_16,21040000,4,0,0,4,2,2,NaN
SUPER_16,21050000,3,0,0,3,1,2,NaN
SUPER_16,21060000,4,1,0,5,2,2,2
SUPER_16,21070000,24,1,1,26,15,9,1.5
SUPER_16,21080000,151,15,4,170,73,78,7.0526314
SUPER_16,21090000,166,16,12,194,85,81,5.714286
SUPER_16,21100000,53,8,8,69,23,30,2.9375
SUPER_16,21110000,78,7,5,90,41,37,10.25
SUPER_16,21120000,119,6,5,130,55,64,3.909091
SUPER_16,21130000,89,10,8,107,37,52,4.888889
SUPER_16,21140000,0,1,0,1,0,0,1
SUPER_16,21150000,5,10,9,24,0,5,1
SUPER_16,21160000,13,0,3,16,5,8,2
SUPER_16,21170000,77,4,6,87,37,40,7.5
SUPER_16,21180000,83,5,7,95,45,38,4.4166665
SUPER_16,21190000,174,11,6,191,86,88,7.2941175
SUPER_16,21200000,180,15,13,208,92,88,7.25
SUPER_16,21210000,65,5,4,74,40,25,27.11111
SUPER_16,21220000,58,5,4,67,26,32,2.5555556
SUPER_16,21230000,122,4,10,136,57,65,21.357143
SUPER_16,21240000,75,5,10,90,34,41,11.933333
SUPER_16,21250000,79,4,8,91,30,49,3.5833333
SUPER_16,21260000,92,5,11,108,53,39,13.375
SUPER_16,21270000,181,16,10,207,98,83,9.076923
SUPER_16,21280000,0,0,0,0,0,0,0
SUPER_16,21290000,0,0,0,0,0,0,0
SUPER_16,21300000,75,5,5,85,33,42,6.4
SUPER_16,21310000,0,0,0,0,0,0,0
SUPER_16,21320000,0,0,0,0,0,0,0
SUPER_16,21330000,94,9,7,110,48,46,5.0625
SUPER_16,21340000,4,0,1,5,3,1,2
SUPER_16,21350000,2,0,1,3,1,1,1
SUPER_16,21360000,0,0,0,0,0,0,0
SUPER_16,21370000,0,0,0,0,0,0,0
SUPER_16,21380000,4,1,0,5,1,3,2
SUPER_16,21390000,0,0,0,0,0,0,0
SUPER_16,21400000,0,0,0,0,0,0,0
SUPER_16,21410000,15,1,1,17,7,8,9.5
SUPER_16,21420000,3,2,1,6,1,2,2.6666667
SUPER_16,21430000,120,12,14,146,61,59,8.384615
SUPER_16,21440000,27,4,4,35,14,13,2.25
SUPER_16,21450000,3,0,1,4,1,2,3
SUPER_16,21460000,3,0,0,3,3,0,NaN
SUPER_16,21470000,1,0,0,1,1,0,NaN
SUPER_16,21480000,84,7,9,100,36,48,5.5
SUPER_16,21490000,78,5,12,95,47,31,21.117647
SUPER_16,21500000,2,0,0,2,1,1,NaN
SUPER_16,21510000,75,7,9,91,35,40,8.6875
SUPER_16,21520000,78,9,3,90,32,46,4.6666665
SUPER_16,21530000,2,0,0,2,2,0,NaN
SUPER_16,21540000,2,0,0,2,0,2,NaN
SUPER_16,21550000,1,0,0,1,1,0,NaN
SUPER_16,21560000,0,0,0,0,0,0,0
SUPER_16,21570000,0,0,0,0,0,0,0
SUPER_16,21580000,0,0,0,0,0,0,0
SUPER_16,21590000,0,0,0,0,0,0,0
SUPER_16,21600000,0,0,0,0,0,0,0
SUPER_16,21610000,51,3,3,57,27,24,10.833333
SUPER_16,21620000,149,8,8,165,79,70,3.9375
SUPER_16,21630000,8,2,2,12,3,5,3.75
SUPER_16,21640000,1,0,0,1,0,1,NaN
SUPER_16,21650000,3,0,0,3,2,1,NaN
SUPER_16,21660000,2,0,3,5,2,0,76
SUPER_16,21670000,2,0,0,2,1,1,NaN
SUPER_16,21680000,1,0,0,1,0,1,NaN
SUPER_16,21690000,48,4,4,56,24,24,4.25
SUPER_16,21700000,0,0,0,0,0,0,0
SUPER_16,21710000,0,0,0,0,0,0,0
SUPER_16,21720000,0,0,0,0,0,0,0
SUPER_16,21730000,0,0,0,0,0,0,0
SUPER_16,21740000,18,1,4,23,8,10,1
SUPER_16,21750000,103,6,8,117,55,48,4.785714
SUPER_16,21760000,158,8,3,169,93,65,3.4545455
SUPER_16,21770000,0,0,0,0,0,0,0
SUPER_16,21780000,0,0,0,0,0,0,0
SUPER_16,21790000,188,19,11,218,99,89,7.1666665
SUPER_16,21800000,26,1,2,29,11,15,6.6666665
SUPER_16,21810000,6,1,0,7,3,3,36
SUPER_16,21820000,171,9,20,200,83,88,12.103448
SUPER_16,21830000,77,8,4,89,48,29,4.3333335
SUPER_16,21840000,16,4,1,21,6,10,2.6
SUPER_16,21850000,4,2,1,7,2,2,10.666667
SUPER_16,21860000,2,0,0,2,1,1,NaN
SUPER_16,21870000,1,0,0,1,0,1,NaN
SUPER_16,21880000,70,2,9,81,38,32,14.363636
SUPER_16,21890000,142,10,9,161,53,89,12.947369
SUPER_16,21900000,75,7,7,89,40,35,4.571429
SUPER_16,21910000,85,4,4,93,46,39,11.5
SUPER_16,21920000,79,7,4,90,46,33,9.727273
SUPER_16,21930000,1,0,1,2,1,0,1
SUPER_16,21940000,3,0,1,4,1,2,155
SUPER_16,21950000,79,3,9,91,30,49,3.1666667
SUPER_16,21960000,78,7,7,92,35,43,16.642857
SUPER_16,21970000,136,12,9,157,78,58,4.285714
SUPER_16,21980000,50,3,3,56,29,21,7
SUPER_16,21990000,76,2,4,82,31,45,8
SUPER_16,22000000,82,13,6,101,39,43,5.894737
SUPER_16,22010000,168,8,11,187,82,86,4.4736843
SUPER_16,22020000,156,10,16,182,77,79,6
SUPER_16,22030000,75,15,13,103,32,43,4.5
SUPER_16,22040000,139,6,6,151,66,73,2.75
SUPER_16,22050000,113,9,5,127,63,50,3
SUPER_16,22060000,148,7,12,167,72,76,13.578947
SUPER_16,22070000,30,4,2,36,15,15,6.8333335
SUPER_16,22080000,116,9,8,133,48,68,14.529411
SUPER_16,22090000,91,6,9,106,42,49,21.4
SUPER_16,22100000,30,0,2,32,14,16,1
SUPER_16,22110000,55,4,10,69,28,27,8.928572
SUPER_16,22120000,140,13,15,168,64,76,5.964286
SUPER_16,22130000,146,10,12,168,81,65,4.8636365
SUPER_16,22140000,117,9,9,135,57,60,5.111111
SUPER_16,22150000,43,4,6,53,22,21,5.6
SUPER_16,22160000,136,12,13,161,78,58,7.68
SUPER_16,22170000,101,6,9,116,56,45,5.3333335
SUPER_16,22180000,84,7,4,95,46,38,19.272728
SUPER_16,22190000,121,14,21,156,66,55,5.8
SUPER_16,22200000,59,3,3,65,31,28,2.6666667
SUPER_16,22210000,35,0,1,36,18,17,1
SUPER_16,22220000,115,11,11,137,57,58,5.4545455
SUPER_16,22230000,45,3,6,54,21,24,2
SUPER_16,22240000,68,3,1,72,32,36,15.5
SUPER_16,22250000,61,6,4,71,26,35,5.1
SUPER_16,22260000,45,7,4,56,14,31,7.2727275
SUPER_16,22270000,0,0,1,1,0,0,1
SUPER_16,22280000,34,6,1,41,21,13,10.571428
SUPER_16,22290000,145,6,18,169,90,55,15.75
SUPER_16,22300000,114,7,7,128,55,59,7.928571
SUPER_16,22310000,21,2,1,24,10,11,3
SUPER_16,22320000,0,0,0,0,0,0,0
SUPER_16,22330000,0,0,0,0,0,0,0
SUPER_16,22340000,60,1,5,66,30,30,2.3333333
SUPER_16,22350000,1,0,0,1,1,0,NaN
SUPER_16,22360000,1,0,0,1,0,1,NaN
SUPER_16,22370000,0,0,2,2,0,0,122.5
SUPER_16,22380000,65,1,6,72,30,35,17.571428
SUPER_16,22390000,74,6,11,91,44,30,17.647058
SUPER_16,22400000,227,13,15,255,122,105,7.714286
SUPER_16,22410000,89,10,8,107,50,39,8.777778
SUPER_16,22420000,23,4,1,28,7,16,1.6
SUPER_16,22430000,66,1,5,72,36,30,4.3333335
SUPER_16,22440000,105,5,5,115,47,58,4.5
SUPER_16,22450000,102,10,7,119,49,53,7.117647
SUPER_16,22460000,65,2,10,77,30,35,2.9166667
SUPER_16,22470000,72,9,6,87,36,36,5.4
SUPER_16,22480000,136,7,11,154,63,73,6.3333335
SUPER_16,22490000,105,9,10,124,59,46,4.9473686
SUPER_16,22500000,127,11,15,153,67,60,3.3461537
SUPER_16,22510000,67,9,4,80,28,39,2.1538463
SUPER_16,22520000,56,5,4,65,25,31,5.2222223
SUPER_16,22530000,86,4,6,96,44,42,5.3
SUPER_16,22540000,89,13,17,119,45,44,4.233333
SUPER_16,22550000,126,8,8,142,64,62,7.6875
SUPER_16,22560000,137,4,12,153,71,66,11.1875
SUPER_16,22570000,158,16,7,181,94,64,3.1304348
SUPER_16,22580000,116,20,6,142,49,67,4.6538463
SUPER_16,22590000,170,15,15,200,90,80,5.0666666
SUPER_16,22600000,29,3,2,34,13,16,3.2
SUPER_16,22610000,107,5,8,120,53,54,7.5384617
SUPER_16,22620000,76,10,4,90,44,32,2.357143
SUPER_16,22630000,46,3,7,56,29,17,14.2
SUPER_16,22640000,42,3,7,52,19,23,5.9
SUPER_16,22650000,56,7,1,64,29,27,23.5
SUPER_16,22660000,66,4,5,75,36,30,2
SUPER_16,22670000,4,0,0,4,1,3,NaN
SUPER_16,22680000,2,1,0,3,1,1,8
SUPER_16,22690000,1,0,0,1,0,1,NaN
SUPER_16,22700000,0,0,1,1,0,0,1
SUPER_16,22710000,1,1,0,2,0,1,1
SUPER_16,22720000,1,0,1,2,0,1,1
SUPER_16,22730000,25,1,3,29,11,14,6.25
SUPER_16,22740000,92,9,6,107,43,49,3.5333333
SUPER_16,22750000,5,2,0,7,4,1,1.5
SUPER_16,22760000,3,1,0,4,1,2,1
SUPER_16,22770000,1,0,0,1,0,1,NaN
SUPER_16,22780000,135,5,12,152,74,61,6.2941175
SUPER_16,22790000,114,6,5,125,64,50,6.5454545
SUPER_16,22800000,161,5,9,175,90,71,6.5
SUPER_16,22810000,151,9,9,169,88,63,10.555555
SUPER_16,22820000,91,4,6,101,49,42,45.7
SUPER_16,22830000,22,4,1,27,9,13,1.8
SUPER_16,22840000,92,4,4,100,50,42,4.375
SUPER_16,22850000,99,3,7,109,48,51,6.8
SUPER_16,22860000,110,3,4,117,64,46,7.571429
SUPER_16,22870000,146,16,13,175,77,69,19.241379
SUPER_16,22880000,45,1,2,48,25,20,30.333334
SUPER_16,22890000,38,4,3,45,14,24,10.714286
SUPER_16,22900000,84,8,8,100,31,53,7.375
SUPER_16,22910000,35,4,2,41,16,19,7.6666665
SUPER_16,22920000,40,2,2,44,22,18,1.75
SUPER_16,22930000,95,10,3,108,54,41,3.7692308
SUPER_16,22940000,101,5,5,111,49,52,3.9
SUPER_16,22950000,105,8,8,121,50,55,4.75
SUPER_16,22960000,146,6,11,163,87,59,3.8823528
SUPER_16,22970000,46,2,2,50,23,23,7.75
SUPER_16,22980000,2,0,0,2,2,0,NaN
SUPER_16,22990000,0,0,0,0,0,0,0
SUPER_16,23000000,0,0,0,0,0,0,0
SUPER_16,23010000,6,0,3,9,4,2,10.333333
SUPER_16,23020000,1,1,0,2,0,1,1
SUPER_16,23030000,2,0,1,3,1,1,1
SUPER_16,23040000,66,2,5,73,28,38,29.714285
SUPER_16,23050000,106,7,14,127,49,57,4.3809524
SUPER_16,23060000,1,0,0,1,1,0,NaN
SUPER_16,23070000,2,0,1,3,1,1,5
SUPER_16,23080000,80,5,7,92,35,45,8.333333
SUPER_16,23090000,11,1,0,12,6,5,13
SUPER_16,23100000,0,1,1,2,0,0,1.5
SUPER_16,23110000,31,1,1,33,19,12,7
SUPER_16,23120000,3,0,0,3,1,2,NaN
SUPER_16,23130000,6,0,1,7,2,4,5
SUPER_16,23140000,87,4,6,97,47,40,28.7
SUPER_16,23150000,9,2,0,11,6,3,4.5
SUPER_16,23160000,157,12,5,174,79,78,3.3529413
SUPER_16,23170000,103,9,6,118,52,51,6.6666665
SUPER_16,23180000,127,9,11,147,65,62,10.5
SUPER_16,23190000,168,11,7,186,89,79,4.3333335
SUPER_16,23200000,86,7,11,104,42,44,7.7222223
SUPER_16,23210000,22,2,2,26,11,11,14
SUPER_16,23220000,3,1,1,5,3,0,22.5
SUPER_16,23230000,2,0,0,2,1,1,NaN
SUPER_16,23240000,0,0,0,0,0,0,0
SUPER_16,23250000,0,0,0,0,0,0,0
SUPER_16,23260000,3,0,2,5,1,2,5
SUPER_16,23270000,2,0,0,2,1,1,NaN
SUPER_16,23280000,1,0,0,1,0,1,NaN
SUPER_16,23290000,48,3,2,53,27,21,1.8
SUPER_16,23300000,85,11,6,102,38,47,8.058824
SUPER_16,23310000,2,0,0,2,0,2,NaN
SUPER_16,23320000,58,7,5,70,25,33,6.3333335
SUPER_16,23330000,129,8,10,147,72,57,7.8333335
SUPER_16,23340000,135,9,14,158,75,60,4.173913
SUPER_16,23350000,139,9,9,157,74,65,43.27778
SUPER_16,23360000,144,13,9,166,69,75,4.318182
SUPER_16,23370000,160,5,11,176,87,73,8.0625
SUPER_16,23380000,161,17,11,189,77,84,5.714286
SUPER_16,23390000,117,4,8,129,51,66,3.25
SUPER_16,23400000,77,3,10,90,34,43,44.615383
SUPER_16,23410000,97,5,6,108,45,52,4.5454545
SUPER_16,23420000,2,0,0,2,0,2,NaN
SUPER_16,23430000,1,1,1,3,0,1,1
SUPER_16,23440000,1,0,1,2,0,1,2
SUPER_16,23450000,1,0,1,2,0,1,1
SUPER_16,23460000,1,0,0,1,1,0,NaN
SUPER_16,23470000,33,4,2,39,17,16,5.5
SUPER_16,23480000,85,9,9,103,41,44,8.222222
SUPER_16,23490000,113,9,13,135,51,62,7.409091
SUPER_16,23500000,115,8,15,138,63,52,6.478261
SUPER_16,23510000,138,4,8,150,67,71,7
SUPER_16,23520000,80,7,10,97,54,26,6.1764708
SUPER_16,23530000,102,4,11,117,51,51,3.8
SUPER_16,23540000,82,8,8,98,37,45,2.1875
SUPER_16,23550000,63,3,3,69,27,36,16
SUPER_16,23560000,177,15,13,205,96,81,7.607143
SUPER_16,23570000,80,5,2,87,35,45,22.571428
SUPER_16,23580000,86,8,1,95,40,46,2.7777777
SUPER_16,23590000,37,4,3,44,20,17,12.857142
SUPER_16,23600000,130,6,6,142,77,53,5
SUPER_16,23610000,121,11,14,146,65,56,4.76
SUPER_16,23620000,79,9,6,94,41,38,6.6
SUPER_16,23630000,122,5,8,135,64,58,6.3076925
SUPER_16,23640000,94,5,4,103,54,40,4.5555553
SUPER_16,23650000,113,8,11,132,61,52,8.631579
SUPER_16,23660000,26,2,3,31,12,14,3.6
SUPER_16,23670000,20,2,2,24,11,9,2.5
SUPER_16,23680000,154,14,11,179,80,74,5.48
SUPER_16,23690000,77,5,7,89,36,41,4
SUPER_16,23700000,157,10,11,178,87,70,17.095238
SUPER_16,23710000,61,4,1,66,28,33,3.6
SUPER_16,23720000,178,8,10,196,102,76,7.0555553
SUPER_16,23730000,130,10,7,147,71,59,6.4117646
SUPER_16,23740000,0,0,0,0,0,0,0
SUPER_16,23750000,0,0,0,0,0,0,0
SUPER_16,23760000,4,0,0,4,3,1,NaN
SUPER_16,23770000,0,1,0,1,0,0,1
SUPER_16,23780000,1,0,1,2,0,1,10
SUPER_16,23790000,199,14,15,228,105,94,19.758621
SUPER_16,23800000,29,1,3,33,23,6,7.5
SUPER_16,23810000,12,0,0,12,7,5,NaN
SUPER_16,23820000,36,1,3,40,18,18,6.25
SUPER_16,23830000,1,0,1,2,0,1,4
SUPER_16,23840000,3,1,0,4,2,1,1
SUPER_16,23850000,12,1,1,14,3,9,1
SUPER_16,23860000,6,0,1,7,5,1,1
SUPER_16,23870000,1,0,1,2,1,0,5
SUPER_16,23880000,142,5,9,156,70,72,14.071428
SUPER_16,23890000,167,12,12,191,74,93,6.7083335
SUPER_16,23900000,76,5,3,84,40,36,4.5
SUPER_16,23910000,168,11,9,188,89,79,7.5
SUPER_16,23920000,148,4,6,158,68,80,11.3
SUPER_16,23930000,118,9,12,139,55,63,12.428572
SUPER_16,23940000,116,12,10,138,54,62,7.1363635
SUPER_16,23950000,50,3,5,58,27,23,6
SUPER_16,23960000,5,0,0,5,2,3,NaN
SUPER_16,23970000,3,2,1,6,1,2,9
SUPER_16,23980000,3,1,0,4,1,2,8
SUPER_16,23990000,4,2,0,6,1,3,1.5
SUPER_16,24000000,2,0,0,2,2,0,NaN
SUPER_16,24010000,6,0,1,7,3,3,1
SUPER_16,24020000,0,1,0,1,0,0,2
SUPER_16,24030000,2,0,0,2,1,1,NaN
SUPER_16,24040000,3,0,0,3,0,3,NaN
SUPER_16,24050000,0,0,2,2,0,0,2.5
SUPER_16,24060000,83,8,5,96,48,35,2.4615386
SUPER_16,24070000,157,10,13,180,75,82,16.043478
SUPER_16,24080000,144,6,3,153,88,56,18.777779
SUPER_16,24090000,154,8,6,168,75,79,7.214286
SUPER_16,24100000,161,9,15,185,88,73,5.0416665
SUPER_16,24110000,39,3,0,42,21,18,4
SUPER_16,24120000,61,3,6,70,37,24,8
SUPER_16,24130000,26,0,3,29,10,16,3.3333333
SUPER_16,24140000,66,6,7,79,35,31,2.3846154
SUPER_16,24150000,57,2,2,61,29,28,6
SUPER_16,24160000,4,1,0,5,1,3,1
SUPER_16,24170000,3,1,0,4,2,1,1
SUPER_16,24180000,111,4,7,122,53,58,7.4545455
SUPER_16,24190000,113,9,6,128,58,55,11.666667
SUPER_16,24200000,222,20,18,260,107,115,13.289474
SUPER_16,24210000,149,6,13,168,75,74,5.9473686
SUPER_16,24220000,0,0,0,0,0,0,0
SUPER_16,24230000,0,0,0,0,0,0,0
SUPER_16,24240000,77,7,7,91,41,36,6.785714
SUPER_16,24250000,0,0,0,0,0,0,0
SUPER_16,24260000,0,0,0,0,0,0,0
SUPER_16,24270000,9,1,2,12,6,3,12.666667
SUPER_16,24280000,6,0,0,6,2,4,NaN
SUPER_16,24290000,3,0,0,3,3,0,NaN
SUPER_16,24300000,0,0,0,0,0,0,0
SUPER_16,24310000,0,0,0,0,0,0,0
SUPER_16,24320000,3,0,1,4,1,2,1
SUPER_16,24330000,1,1,0,2,1,0,1
SUPER_16,24340000,3,0,2,5,2,1,73
SUPER_16,24350000,65,3,1,69,41,24,7.5
SUPER_16,24360000,61,4,2,67,29,32,9.333333
SUPER_16,24370000,107,9,12,128,60,47,10.476191
SUPER_16,24380000,81,5,6,92,51,30,18.636364
SUPER_16,24390000,162,6,20,188,92,70,6.8846154
SUPER_16,24400000,42,1,2,45,25,17,4
SUPER_16,24410000,86,8,12,106,48,38,5.6
SUPER_16,24420000,161,6,12,179,86,75,7.3333335
SUPER_16,24430000,105,7,7,119,62,43,12.214286
SUPER_16,24440000,68,5,5,78,43,25,9.4
SUPER_16,24450000,146,12,9,167,68,78,8.809524
SUPER_16,24460000,65,7,6,78,33,32,17.153847
SUPER_16,24470000,16,1,0,17,7,9,34
SUPER_16,24480000,2,0,0,2,0,2,NaN
SUPER_16,24490000,45,5,6,56,14,31,26.545454
SUPER_16,24500000,9,0,0,9,7,2,NaN
SUPER_16,24510000,29,0,3,32,13,16,1.6666666
SUPER_16,24520000,59,5,7,71,27,32,8.333333
SUPER_16,24530000,0,0,0,0,0,0,0
SUPER_16,24540000,0,0,0,0,0,0,0
SUPER_16,24550000,0,0,0,0,0,0,0
SUPER_16,24560000,169,10,14,193,105,64,11.666667
SUPER_16,24570000,173,12,12,197,83,90,8.916667
SUPER_16,24580000,109,7,6,122,56,53,16.846153
SUPER_16,24590000,201,15,11,227,107,94,4.8846154
SUPER_16,24600000,154,11,13,178,74,80,11.166667
SUPER_16,24610000,40,2,3,45,21,19,12.2
SUPER_16,24620000,9,0,1,10,6,3,7
SUPER_16,24630000,53,6,2,61,25,28,3.25
SUPER_16,24640000,183,10,13,206,90,93,7.2608695
SUPER_16,24650000,160,6,11,177,80,80,7.1764708
SUPER_16,24660000,133,9,14,156,67,66,5.173913
SUPER_16,24670000,131,8,11,150,73,58,10.473684
SUPER_16,24680000,153,13,13,179,85,68,7.6538463
SUPER_16,24690000,149,8,8,165,74,75,17.625
SUPER_16,24700000,42,2,8,52,23,19,10
SUPER_16,24710000,72,7,6,85,40,32,5.230769
SUPER_16,24720000,108,2,15,125,58,50,6
SUPER_16,24730000,188,8,9,205,94,94,18.705883
SUPER_16,24740000,189,25,12,226,97,92,13.756757
SUPER_16,24750000,81,7,2,90,47,34,5.3333335
SUPER_16,24760000,65,1,7,73,44,21,10.75
SUPER_16,24770000,19,1,2,22,10,9,21
SUPER_16,24780000,167,10,15,192,98,69,25.72
SUPER_16,24790000,50,4,1,55,26,24,2.6
SUPER_16,24800000,142,9,9,160,69,73,30.666666
SUPER_16,24810000,155,9,13,177,71,84,4.9545455
SUPER_16,24820000,144,17,11,172,85,59,4.714286
SUPER_16,24830000,190,6,10,206,96,94,121.1875
SUPER_16,24840000,85,5,7,97,51,34,7.5
SUPER_16,24850000,110,6,5,121,52,58,6.909091
SUPER_16,24860000,198,10,9,217,100,98,4.6842103
SUPER_16,24870000,118,9,6,133,62,56,2.0666666
SUPER_16,24880000,166,5,14,185,82,84,13.631579
SUPER_16,24890000,106,7,9,122,54,52,5.625
SUPER_16,24900000,189,10,6,205,106,83,3.5
SUPER_16,24910000,35,1,1,37,19,16,4
SUPER_16,24920000,38,2,1,41,19,19,2.6666667
SUPER_16,24930000,10,0,2,12,4,6,2.5
SUPER_16,24940000,25,1,1,27,13,12,5.5
SUPER_16,24950000,0,0,0,0,0,0,0
SUPER_16,24960000,0,0,0,0,0,0,0
SUPER_16,24970000,35,2,3,40,15,20,21.6
SUPER_16,24980000,77,13,4,94,35,42,8.705882
SUPER_16,24990000,61,3,4,68,38,23,2.4285715
SUPER_16,25000000,135,11,8,154,65,70,7.263158
SUPER_16,25010000,43,2,3,48,18,25,2.6
SUPER_16,25020000,115,8,8,131,59,56,7.0625
SUPER_16,25030000,176,9,7,192,76,100,8.8125
SUPER_16,25040000,173,17,10,200,94,79,11.481482
SUPER_16,25050000,90,5,6,101,55,35,50.454544
SUPER_16,25060000,61,3,4,68,34,27,19.428572
SUPER_16,25070000,131,11,11,153,74,57,4.4545455
SUPER_16,25080000,15,0,1,16,10,5,1
SUPER_16,25090000,4,4,1,9,2,2,2.6
SUPER_16,25100000,38,2,3,43,23,15,5.6
SUPER_16,25110000,154,10,10,174,92,62,4.75
SUPER_16,25120000,43,6,3,52,30,13,10.555555
SUPER_16,25130000,108,11,6,125,58,50,11.176471
SUPER_16,25140000,39,5,5,49,19,20,6.8
SUPER_16,25150000,35,0,3,38,20,15,6.6666665
SUPER_16,25160000,6,0,0,6,2,4,NaN
SUPER_16,25170000,78,10,3,91,42,36,3.3076923
SUPER_16,25180000,136,9,9,154,64,72,3.7222223
SUPER_16,25190000,56,9,2,67,30,26,8
SUPER_16,25200000,1,0,0,1,0,1,NaN
SUPER_16,25210000,3,1,1,5,1,2,3.5
SUPER_16,25220000,1,1,1,3,1,0,1
SUPER_16,25230000,7,0,1,8,5,2,2
SUPER_16,25240000,94,5,6,105,43,51,5.5454545
SUPER_16,25250000,53,3,6,62,27,26,12.111111
SUPER_16,25260000,133,8,8,149,76,57,5.4375
SUPER_16,25270000,16,2,4,22,6,10,6.1666665
SUPER_16,25280000,48,8,2,58,25,23,5
SUPER_16,25290000,10,1,0,11,4,6,1
SUPER_16,25300000,70,5,7,82,37,33,8.333333
SUPER_16,25310000,119,3,9,131,57,62,2
SUPER_16,25320000,2,0,0,2,0,2,NaN
SUPER_16,25330000,4,0,0,4,3,1,NaN
SUPER_16,25340000,62,5,6,73,25,37,4
SUPER_16,25350000,200,11,11,222,111,89,6.5454545
SUPER_16,25360000,23,1,4,28,13,10,7.4
SUPER_16,25370000,12,0,1,13,4,8,4
SUPER_16,25380000,167,9,9,185,91,76,5.5
SUPER_16,25390000,49,2,4,55,26,23,1.3333334
SUPER_16,25400000,19,0,0,19,11,8,NaN
SUPER_16,25410000,136,2,7,145,68,68,1.2222222
SUPER_16,25420000,169,10,6,185,93,76,11.5625
SUPER_16,25430000,184,6,12,202,100,84,5.6666665
SUPER_16,25440000,48,1,2,51,29,19,1
SUPER_16,25450000,152,11,10,173,86,66,11.190476
SUPER_16,25460000,121,4,7,132,67,54,8
SUPER_16,25470000,7,0,0,7,6,1,NaN
SUPER_16,25480000,6,0,0,6,5,1,NaN
SUPER_16,25490000,1,0,0,1,0,1,NaN
SUPER_16,25500000,1,0,0,1,0,1,NaN
SUPER_16,25510000,106,7,6,119,45,61,5.3076925
SUPER_16,25520000,242,21,11,274,124,118,4
SUPER_16,25530000,53,6,2,61,28,25,7.625
SUPER_16,25540000,0,0,0,0,0,0,0
SUPER_16,25550000,0,0,0,0,0,0,0
SUPER_16,25560000,0,0,0,0,0,0,0
SUPER_16,25570000,92,8,4,104,49,43,4.25
SUPER_16,25580000,84,9,8,101,35,49,5.882353
SUPER_16,25590000,175,14,12,201,90,85,6.3846154
SUPER_16,25600000,153,9,9,171,70,83,2.6666667
SUPER_16,25610000,9,2,1,12,5,4,8.333333
SUPER_16,25620000,57,4,4,65,36,21,36.125
SUPER_16,25630000,44,5,4,53,20,24,13.888889
SUPER_16,25640000,28,4,1,33,16,12,3.4
SUPER_16,25650000,38,5,2,45,17,21,5
SUPER_16,25660000,202,12,11,225,100,102,5.0434785
SUPER_16,25670000,52,5,4,61,27,25,29.222221
SUPER_16,25680000,74,9,5,88,34,40,4.785714
SUPER_16,25690000,92,10,4,106,49,43,4.785714
SUPER_16,25700000,191,9,19,219,96,95,10.357142
SUPER_16,25710000,127,4,12,143,66,61,9.8125
SUPER_16,25720000,166,7,6,179,82,84,8.153846
SUPER_16,25730000,62,5,5,72,31,31,3
SUPER_16,25740000,211,13,16,240,119,92,6.448276
SUPER_16,25750000,167,11,13,191,91,76,8.333333
SUPER_16,25760000,63,5,7,75,34,29,12.5
SUPER_16,25770000,108,9,11,128,44,64,10.55
SUPER_16,25780000,96,8,7,111,58,38,5.4666667
SUPER_16,25790000,98,11,12,121,43,55,8.478261
SUPER_16,25800000,96,7,9,112,49,47,5.875
SUPER_16,25810000,74,6,8,88,41,33,16.714285
SUPER_16,25820000,143,10,9,162,67,76,4.3157897
SUPER_16,25830000,122,10,8,140,53,69,4.9444447
SUPER_16,25840000,123,16,10,149,61,62,5.576923
SUPER_16,25850000,0,0,0,0,0,0,0
SUPER_16,25860000,0,0,0,0,0,0,0
SUPER_16,25870000,123,13,12,148,61,62,20.16
SUPER_16,25880000,116,9,4,129,74,42,4.230769
SUPER_16,25890000,138,6,10,154,61,77,6.4375
SUPER_16,25900000,47,5,5,57,27,20,23.2
SUPER_16,25910000,0,0,0,0,0,0,0
SUPER_16,25920000,0,0,0,0,0,0,0
SUPER_16,25930000,2,0,0,2,2,0,NaN
SUPER_16,25940000,2,0,0,2,0,2,NaN
SUPER_16,25950000,12,1,0,13,4,8,2
SUPER_16,25960000,46,2,3,51,21,25,4.8
SUPER_16,25970000,93,6,4,103,56,37,2.7
SUPER_16,25980000,103,10,5,118,45,58,3
SUPER_16,25990000,73,8,9,90,37,36,6.352941
SUPER_16,26000000,165,7,16,188,86,79,6.0869565
SUPER_16,26010000,73,9,3,85,41,32,9.25
SUPER_16,26020000,109,14,3,126,53,56,10.235294
SUPER_16,26030000,61,4,7,72,34,27,9.636364
SUPER_16,26040000,68,8,2,78,33,35,5.1
SUPER_16,26050000,170,12,7,189,84,86,3.4210527
SUPER_16,26060000,151,5,11,167,66,85,3.875
SUPER_16,26070000,107,7,7,121,53,54,39.142857
SUPER_16,26080000,100,9,4,113,48,52,6.3076925
SUPER_16,26090000,121,10,10,141,50,71,13.5
SUPER_16,26100000,165,18,16,199,87,78,4.7352943
SUPER_16,26110000,139,16,8,163,68,71,9.083333
SUPER_16,26120000,1,0,0,1,0,1,NaN
SUPER_16,26130000,2,0,0,2,0,2,NaN
SUPER_16,26140000,1,0,0,1,1,0,NaN
SUPER_16,26150000,18,2,1,21,9,9,5
SUPER_16,26160000,19,0,3,22,7,12,2.3333333
SUPER_16,26170000,0,1,0,1,0,0,18
SUPER_16,26180000,13,0,0,13,6,7,NaN
SUPER_16,26190000,87,3,7,97,48,39,12.2
SUPER_16,26200000,93,3,8,104,44,49,3.3636363
SUPER_16,26210000,105,7,16,128,47,58,5
SUPER_16,26220000,109,10,10,129,67,42,3.1
SUPER_16,26230000,1,0,0,1,1,0,NaN
SUPER_16,26240000,67,8,7,82,34,33,7.266667
SUPER_16,26250000,92,4,4,100,54,38,3.5
SUPER_16,26260000,96,3,12,111,48,48,98.13333
SUPER_16,26270000,75,4,7,86,39,36,7.6363635
SUPER_16,26280000,90,5,3,98,42,48,3.5
SUPER_16,26290000,185,10,10,205,97,88,4.65
SUPER_16,26300000,104,8,6,118,49,55,3.357143
SUPER_16,26310000,12,1,0,13,5,7,1
SUPER_16,26320000,87,5,7,99,37,50,2.3333333
SUPER_16,26330000,18,2,3,23,8,10,18.8
SUPER_16,26340000,24,0,5,29,12,12,43.4
SUPER_16,26350000,54,4,2,60,33,21,14.5
SUPER_16,26360000,87,3,2,92,46,41,3.4
SUPER_16,26370000,100,8,7,115,51,49,7.266667
SUPER_16,26380000,24,0,2,26,7,17,8.5
SUPER_16,26390000,59,4,4,67,34,25,10.5
SUPER_16,26400000,138,12,16,166,57,81,12.428572
SUPER_16,26410000,115,4,6,125,74,41,5.7
SUPER_16,26420000,55,6,4,65,28,27,2.5
SUPER_16,26430000,21,2,3,26,7,14,1.4
SUPER_16,26440000,82,5,12,99,36,46,7.0588236
SUPER_16,26450000,97,7,11,115,48,49,6.2222223
SUPER_16,26460000,133,11,6,150,71,62,5.117647
SUPER_16,26470000,78,6,7,91,37,41,38.692307
SUPER_16,26480000,39,2,4,45,17,22,4.5
SUPER_16,26490000,1,0,0,1,1,0,NaN
SUPER_16,26500000,3,0,0,3,1,2,NaN
SUPER_16,26510000,4,2,1,7,1,3,21
SUPER_16,26520000,2,0,1,3,0,2,3
SUPER_16,26530000,3,0,0,3,3,0,NaN
SUPER_16,26540000,35,2,1,38,23,11,15.333333
SUPER_16,26550000,4,1,1,6,1,3,1
SUPER_16,26560000,2,0,0,2,1,1,NaN
SUPER_16,26570000,4,0,1,5,3,1,2
SUPER_16,26580000,71,2,0,73,50,21,3
SUPER_16,26590000,18,0,2,20,11,7,2.5
SUPER_16,26600000,2,3,1,6,1,1,6.75
SUPER_16,26610000,2,0,0,2,1,1,NaN
SUPER_16,26620000,32,3,3,38,17,15,3.5
SUPER_16,26630000,110,9,10,129,56,54,4.7894735
SUPER_16,26640000,68,4,0,72,38,30,2.25
SUPER_16,26650000,63,3,11,77,38,25,2.5714285
SUPER_16,26660000,109,7,6,122,61,48,4.3076925
SUPER_16,26670000,107,12,10,129,56,51,8.318182
SUPER_16,26680000,152,9,16,177,76,76,4.72
SUPER_16,26690000,13,0,2,15,8,5,7
SUPER_16,26700000,152,5,5,162,88,64,23.6
SUPER_16,26710000,163,16,12,191,80,83,12.607142
SUPER_16,26720000,80,4,6,90,44,36,23.1
SUPER_16,26730000,92,4,8,104,48,44,6.9166665
SUPER_16,26740000,128,6,10,144,58,70,14.75
SUPER_16,26750000,98,8,8,114,52,46,2.75
SUPER_16,26760000,135,13,7,155,72,63,8.15
SUPER_16,26770000,93,7,5,105,58,35,5.1666665
SUPER_16,26780000,181,11,14,206,94,87,10
SUPER_16,26790000,152,18,10,180,82,70,9.285714
SUPER_16,26800000,29,2,0,31,16,13,1.5
SUPER_16,26810000,93,8,8,109,51,42,44.25
SUPER_16,26820000,126,10,11,147,61,65,5.7619047
SUPER_16,26830000,96,3,4,103,50,46,5.428571
SUPER_16,26840000,129,15,11,155,70,59,8.346154
SUPER_16,26850000,117,9,8,134,56,61,15.705882
SUPER_16,26860000,1,0,1,2,0,1,5
SUPER_16,26870000,86,7,6,99,43,43,21.384615
SUPER_16,26880000,159,6,18,183,64,95,5.4166665
SUPER_16,26890000,70,3,4,77,34,36,2.142857
SUPER_16,26900000,181,17,12,210,73,108,12.137931
SUPER_16,26910000,88,6,1,95,50,38,4.142857
SUPER_16,26920000,193,13,11,217,102,91,5.4166665
SUPER_16,26930000,81,3,7,91,57,24,19.2
SUPER_16,26940000,36,3,1,40,20,16,16.25
SUPER_16,26950000,69,3,5,77,41,28,11.25
SUPER_16,26960000,1,0,0,1,0,1,NaN
SUPER_16,26970000,2,1,0,3,0,2,1
SUPER_16,26980000,2,0,0,2,1,1,NaN
SUPER_16,26990000,2,0,4,6,1,1,5.25
SUPER_16,27000000,50,5,5,60,21,29,6.7
SUPER_16,27010000,80,4,1,85,48,32,1.6
SUPER_16,27020000,101,10,11,122,48,53,6.428571
SUPER_16,27030000,41,5,6,52,20,21,12
SUPER_16,27040000,81,8,9,98,48,33,2.3529413
SUPER_16,27050000,57,6,6,69,28,29,4.25
SUPER_16,27060000,102,15,9,126,40,62,8.583333
SUPER_16,27070000,66,7,8,81,29,37,3.3333333
SUPER_16,27080000,107,12,7,126,53,54,8.789474
SUPER_16,27090000,91,7,6,104,53,38,2.5384614
SUPER_16,27100000,14,5,2,21,5,9,13.714286
SUPER_16,27110000,34,4,1,39,19,15,11.2
SUPER_16,27120000,37,3,2,42,16,21,8.6
SUPER_16,27130000,42,1,4,47,25,17,6
SUPER_16,27140000,91,12,7,110,46,45,5.5789475
SUPER_16,27150000,80,4,4,88,39,41,1.625
SUPER_16,27160000,1,0,0,1,1,0,NaN
SUPER_16,27170000,4,0,0,4,3,1,NaN
SUPER_16,27180000,7,0,1,8,3,4,1
SUPER_16,27190000,3,0,0,3,1,2,NaN
SUPER_16,27200000,5,0,1,6,3,2,1
SUPER_16,27210000,2,0,0,2,1,1,NaN
SUPER_16,27220000,7,2,0,9,5,2,1.5
SUPER_16,27230000,5,0,0,5,4,1,NaN
SUPER_16,27240000,4,0,0,4,3,1,NaN
SUPER_16,27250000,4,1,0,5,2,2,1
SUPER_16,27260000,10,0,0,10,4,6,NaN
SUPER_16,27270000,2,0,0,2,1,1,NaN
SUPER_16,27280000,79,13,4,96,40,39,4.647059
SUPER_16,27290000,107,5,9,121,56,51,7.357143
SUPER_16,27300000,78,10,5,93,40,38,4.2
SUPER_16,27310000,105,11,12,128,47,58,12.391304
SUPER_16,27320000,41,5,3,49,18,23,8
SUPER_16,27330000,152,10,11,173,79,73,12.904762
SUPER_16,27340000,96,3,3,102,43,53,6.6666665
SUPER_16,27350000,121,5,5,131,69,52,6.3
SUPER_16,27360000,97,8,5,110,61,36,13.230769
SUPER_16,27370000,110,7,11,128,56,54,16.333334
SUPER_16,27380000,86,3,8,97,45,41,40
SUPER_16,27390000,142,17,8,167,77,65,6.32
SUPER_16,27400000,74,5,4,83,38,36,5.111111
SUPER_16,27410000,120,14,9,143,57,63,8.043478
SUPER_16,27420000,25,5,2,32,10,15,3.142857
SUPER_16,27430000,16,3,4,23,6,10,13.857142
SUPER_16,27440000,10,1,1,12,3,7,13.5
SUPER_16,27450000,17,0,3,20,10,7,4
SUPER_16,27460000,1,1,1,3,1,0,6
SUPER_16,27470000,15,4,1,20,8,7,12
SUPER_16,27480000,45,4,5,54,25,20,9.111111
SUPER_16,27490000,66,7,6,79,37,29,5.769231
SUPER_16,27500000,60,3,5,68,38,22,6.5
SUPER_16,27510000,43,4,2,49,20,23,31.166666
SUPER_16,27520000,54,5,6,65,30,24,9.818182
SUPER_16,27530000,1,0,0,1,0,1,NaN
SUPER_16,27540000,39,7,2,48,24,15,2.1111112
SUPER_16,27550000,68,5,11,84,26,42,7
SUPER_16,27560000,20,2,0,22,10,10,7.5
SUPER_16,27570000,0,1,0,1,0,0,1
SUPER_16,27580000,24,0,1,25,17,7,59
SUPER_16,27590000,74,3,6,83,36,38,10.666667
SUPER_16,27600000,102,2,9,113,44,58,9.363636
SUPER_16,27610000,94,5,13,112,47,47,16.444445
SUPER_16,27620000,0,0,0,0,0,0,0
SUPER_16,27630000,0,0,0,0,0,0,0
SUPER_16,27640000,0,0,0,0,0,0,0
SUPER_16,27650000,0,0,0,0,0,0,0
SUPER_16,27660000,0,0,0,0,0,0,0
SUPER_16,27670000,0,0,0,0,0,0,0
SUPER_16,27680000,0,0,0,0,0,0,0
SUPER_16,27690000,14,1,3,18,8,6,2.75
SUPER_16,27700000,0,0,0,0,0,0,0
SUPER_16,27710000,0,0,0,0,0,0,0
SUPER_16,27720000,0,0,0,0,0,0,0
SUPER_16,27730000,0,0,0,0,0,0,0
SUPER_16,27740000,17,2,2,21,10,7,1.25
SUPER_16,27750000,7,0,0,7,6,1,NaN
SUPER_16,27760000,0,0,0,0,0,0,0
SUPER_16,27770000,0,0,0,0,0,0,0
SUPER_17,10000,41,1,5,47,19,22,3
SUPER_17,20000,2,0,1,3,1,1,1
SUPER_17,30000,0,0,0,0,0,0,0
SUPER_17,40000,0,0,0,0,0,0,0
SUPER_17,50000,81,8,9,98,47,34,4.7647057
SUPER_17,60000,15,1,0,16,7,8,2
SUPER_17,70000,67,8,10,85,35,32,9
SUPER_17,80000,28,2,2,32,15,13,9.5
SUPER_17,90000,78,4,4,86,49,29,3.625
SUPER_17,100000,74,9,5,88,44,30,5.285714
SUPER_17,110000,14,1,0,15,10,4,1
SUPER_17,120000,74,2,7,83,36,38,3.2222223
SUPER_17,130000,111,10,9,130,52,59,4.8421054
SUPER_17,140000,99,6,10,115,53,46,26.25
SUPER_17,150000,76,4,6,86,42,34,10.5
SUPER_17,160000,78,6,3,87,42,36,73
SUPER_17,170000,125,12,3,140,70,55,14.133333
SUPER_17,180000,100,8,8,116,57,43,4.9375
SUPER_17,190000,199,18,4,221,100,99,7.5
SUPER_17,200000,86,7,7,100,42,44,13.285714
SUPER_17,210000,106,10,6,122,61,45,3.75
SUPER_17,220000,100,9,8,117,54,46,3.8235295
SUPER_17,230000,69,4,6,79,45,24,3.6
SUPER_17,240000,173,14,15,202,92,81,5.8965516
SUPER_17,250000,146,8,12,166,69,77,3.7
SUPER_17,260000,48,5,3,56,28,20,5.125
SUPER_17,270000,91,5,9,105,43,48,5.428571
SUPER_17,280000,43,5,6,54,29,14,5.818182
SUPER_17,290000,62,6,4,72,32,30,3.7
SUPER_17,300000,108,7,11,126,58,50,20.444445
SUPER_17,310000,94,3,7,104,43,51,9.4
SUPER_17,320000,106,12,6,124,58,48,15.611111
SUPER_17,330000,22,1,2,25,9,13,6.3333335
SUPER_17,340000,23,1,2,26,12,11,152
SUPER_17,350000,15,1,4,20,6,9,2
SUPER_17,360000,18,2,2,22,6,12,4.75
SUPER_17,370000,25,5,0,30,18,7,6
SUPER_17,380000,18,6,3,27,11,7,7.5555553
SUPER_17,390000,25,4,2,31,11,14,3.6666667
SUPER_17,400000,59,5,6,70,29,30,8.545455
SUPER_17,410000,1,1,1,3,1,0,18
SUPER_17,420000,2,0,0,2,2,0,NaN
SUPER_17,430000,6,1,0,7,3,3,1
SUPER_17,440000,4,1,0,5,3,1,7
SUPER_17,450000,3,0,1,4,2,1,1
SUPER_17,460000,4,0,3,7,1,3,5
SUPER_17,470000,11,4,1,16,6,5,29
SUPER_17,480000,32,4,4,40,17,15,9.75
SUPER_17,490000,43,3,4,50,19,24,6.571429
SUPER_17,500000,4,0,0,4,2,2,NaN
SUPER_17,510000,4,0,1,5,4,0,7
SUPER_17,520000,3,0,0,3,2,1,NaN
SUPER_17,530000,1,0,0,1,0,1,NaN
SUPER_17,540000,0,0,0,0,0,0,0
SUPER_17,550000,0,0,0,0,0,0,0
SUPER_17,560000,5,0,0,5,3,2,NaN
SUPER_17,570000,0,0,0,0,0,0,0
SUPER_17,580000,0,0,0,0,0,0,0
SUPER_17,590000,6,2,2,10,3,3,12
SUPER_17,600000,10,1,2,13,6,4,1.6666666
SUPER_17,610000,6,1,0,7,4,2,12
SUPER_17,620000,2,0,0,2,1,1,NaN
SUPER_17,630000,1,0,0,1,0,1,NaN
SUPER_17,640000,5,0,0,5,5,0,NaN
SUPER_17,650000,2,0,0,2,0,2,NaN
SUPER_17,660000,4,0,1,5,4,0,1
SUPER_17,670000,35,3,3,41,20,15,6.5
SUPER_17,680000,124,4,7,135,70,54,8.636364
SUPER_17,690000,57,3,6,66,29,28,22.88889
SUPER_17,700000,68,4,4,76,30,38,4.75
SUPER_17,710000,101,3,9,113,51,50,18.583334
SUPER_17,720000,50,6,2,58,30,20,11.875
SUPER_17,730000,12,1,1,14,4,8,16
SUPER_17,740000,67,2,1,70,41,26,2
SUPER_17,750000,186,14,19,219,100,86,22.515152
SUPER_17,760000,107,8,5,120,49,58,3.2307692
SUPER_17,770000,90,4,6,100,47,43,4.6
SUPER_17,780000,0,0,0,0,0,0,0
SUPER_17,790000,0,0,0,0,0,0,0
SUPER_17,800000,0,0,0,0,0,0,0
SUPER_17,810000,0,0,0,0,0,0,0
SUPER_17,820000,0,0,0,0,0,0,0
SUPER_17,830000,110,10,13,133,60,50,4.0869565
SUPER_17,840000,132,11,7,150,66,66,6.2777777
SUPER_17,850000,108,5,2,115,56,52,5.285714
SUPER_17,860000,28,2,3,33,14,14,2.2
SUPER_17,870000,143,9,10,162,94,49,24.894737
SUPER_17,880000,157,6,9,172,94,63,7.6
SUPER_17,890000,102,4,8,114,61,41,8.916667
SUPER_17,900000,99,9,6,114,54,45,7.8
SUPER_17,910000,56,4,4,64,27,29,4.125
SUPER_17,920000,53,5,6,64,26,27,8.090909
SUPER_17,930000,70,2,2,74,42,28,2.75
SUPER_17,940000,134,12,13,159,73,61,15.36
SUPER_17,950000,128,4,12,144,66,62,5.5
SUPER_17,960000,130,13,4,147,69,61,5.470588
SUPER_17,970000,68,3,8,79,29,39,13.090909
SUPER_17,980000,39,5,2,46,16,23,4.714286
SUPER_17,990000,61,5,5,71,30,31,4.6
SUPER_17,1000000,16,2,1,19,10,6,28.333334
SUPER_17,1010000,163,12,22,197,86,77,19.058823
SUPER_17,1020000,0,0,0,0,0,0,0
SUPER_17,1030000,0,0,0,0,0,0,0
SUPER_17,1040000,203,18,22,243,91,112,5.825
SUPER_17,1050000,39,1,3,43,12,27,4
SUPER_17,1060000,33,2,2,37,18,15,4.25
SUPER_17,1070000,74,7,3,84,39,35,3
SUPER_17,1080000,35,0,3,38,16,19,18.666666
SUPER_17,1090000,123,13,12,148,59,64,5.04
SUPER_17,1100000,0,0,0,0,0,0,0
SUPER_17,1110000,0,0,0,0,0,0,0
SUPER_17,1120000,0,0,0,0,0,0,0
SUPER_17,1130000,0,0,0,0,0,0,0
SUPER_17,1140000,145,8,7,160,86,59,5.733333
SUPER_17,1150000,104,6,5,115,60,44,5.2727275
SUPER_17,1160000,57,6,5,68,30,27,5.2727275
SUPER_17,1170000,39,2,5,46,17,22,7
SUPER_17,1180000,166,16,14,196,78,88,5.133333
SUPER_17,1190000,131,9,13,153,71,60,9.590909
SUPER_17,1200000,182,14,11,207,84,98,7.52
SUPER_17,1210000,79,2,5,86,46,33,6
SUPER_17,1220000,119,4,10,133,61,58,18.357143
SUPER_17,1230000,64,3,4,71,35,29,6.857143
SUPER_17,1240000,69,5,3,77,30,39,48.625
SUPER_17,1250000,9,1,1,11,4,5,1
SUPER_17,1260000,85,8,8,101,45,40,17
SUPER_17,1270000,100,12,9,121,48,52,6.2380953
SUPER_17,1280000,98,8,7,113,47,51,3.5333333
SUPER_17,1290000,120,10,10,140,57,63,8.3
SUPER_17,1300000,44,6,0,50,24,20,6.3333335
SUPER_17,1310000,86,4,5,95,37,49,4
SUPER_17,1320000,152,8,9,169,82,70,2.4117646
SUPER_17,1330000,83,8,10,101,39,44,7.1666665
SUPER_17,1340000,0,0,0,0,0,0,0
SUPER_17,1350000,0,0,0,0,0,0,0
SUPER_17,1360000,91,5,7,103,48,43,3.25
SUPER_17,1370000,31,3,1,35,14,17,52.25
SUPER_17,1380000,132,11,8,151,60,72,12.684211
SUPER_17,1390000,45,1,3,49,29,16,3.25
SUPER_17,1400000,84,7,5,96,45,39,2.5833333
SUPER_17,1410000,14,2,1,17,8,6,6.3333335
SUPER_17,1420000,46,2,1,49,25,21,10.333333
SUPER_17,1430000,4,1,1,6,4,0,10
SUPER_17,1440000,6,1,0,7,1,5,14
SUPER_17,1450000,82,5,6,93,51,31,10.727273
SUPER_17,1460000,70,8,5,83,34,36,3.4615386
SUPER_17,1470000,148,5,8,161,83,65,13.153846
SUPER_17,1480000,31,4,1,36,13,18,3.4
SUPER_17,1490000,122,5,4,131,65,57,9.222222
SUPER_17,1500000,82,8,3,93,47,35,4.818182
SUPER_17,1510000,46,3,2,51,27,19,5.4
SUPER_17,1520000,107,6,12,125,63,44,3.6666667
SUPER_17,1530000,31,2,2,35,15,16,4.75
SUPER_17,1540000,79,4,5,88,45,34,3.7777777
SUPER_17,1550000,111,13,8,132,53,58,4.904762
SUPER_17,1560000,146,5,12,163,77,69,4.529412
SUPER_17,1570000,93,6,3,102,45,48,4.2222223
SUPER_17,1580000,212,13,15,240,103,109,6.5
SUPER_17,1590000,169,12,18,199,85,84,12.666667
SUPER_17,1600000,88,2,3,93,53,35,12.2
SUPER_17,1610000,68,2,4,74,35,33,4.8333335
SUPER_17,1620000,162,6,9,177,77,85,8.533334
SUPER_17,1630000,43,4,1,48,24,19,4.4
SUPER_17,1640000,7,0,0,7,6,1,NaN
SUPER_17,1650000,162,8,10,180,87,75,39.38889
SUPER_17,1660000,180,17,14,211,97,83,6.096774
SUPER_17,1670000,84,6,10,100,43,41,8.4375
SUPER_17,1680000,113,7,7,127,62,51,2.7857144
SUPER_17,1690000,49,7,3,59,26,23,8
SUPER_17,1700000,133,12,14,159,64,69,9.884615
SUPER_17,1710000,78,5,5,88,37,41,7.1
SUPER_17,1720000,1,0,0,1,1,0,NaN
SUPER_17,1730000,1,0,0,1,0,1,NaN
SUPER_17,1740000,1,0,0,1,1,0,NaN
SUPER_17,1750000,4,0,0,4,2,2,NaN
SUPER_17,1760000,5,0,0,5,2,3,NaN
SUPER_17,1770000,91,6,11,108,49,42,3.7058823
SUPER_17,1780000,143,7,11,161,70,73,4.6666665
SUPER_17,1790000,205,15,12,232,124,81,6.888889
SUPER_17,1800000,86,6,2,94,41,45,2.375
SUPER_17,1810000,5,0,1,6,3,2,30
SUPER_17,1820000,1,0,0,1,1,0,NaN
SUPER_17,1830000,95,5,3,103,54,41,4.125
SUPER_17,1840000,120,10,8,138,58,62,14.166667
SUPER_17,1850000,99,3,6,108,54,45,8.555555
SUPER_17,1860000,113,4,9,126,59,54,11.230769
SUPER_17,1870000,64,2,2,68,35,29,2
SUPER_17,1880000,3,0,0,3,3,0,NaN
SUPER_17,1890000,35,3,2,40,20,15,7.4
SUPER_17,1900000,0,0,0,0,0,0,0
SUPER_17,1910000,0,0,0,0,0,0,0
SUPER_17,1920000,16,1,2,19,10,6,13
SUPER_17,1930000,101,1,3,105,57,44,4.75
SUPER_17,1940000,124,10,7,141,68,56,9.235294
SUPER_17,1950000,222,7,11,240,123,99,26.722221
SUPER_17,1960000,78,3,8,89,44,34,4.6363635
SUPER_17,1970000,2,0,0,2,1,1,NaN
SUPER_17,1980000,36,3,1,40,19,17,2.25
SUPER_17,1990000,63,3,0,66,35,28,1
SUPER_17,2000000,134,10,8,152,70,64,20.38889
SUPER_17,2010000,73,5,11,89,35,38,18.25
SUPER_17,2020000,178,11,13,202,101,77,6.6666665
SUPER_17,2030000,188,12,11,211,95,93,12.826087
SUPER_17,2040000,136,9,15,160,58,78,8.916667
SUPER_17,2050000,146,14,7,167,76,70,3.857143
SUPER_17,2060000,112,6,10,128,59,53,37.6875
SUPER_17,2070000,146,6,14,166,75,71,4.7
SUPER_17,2080000,121,9,9,139,69,52,8.111111
SUPER_17,2090000,110,9,6,125,58,52,4.733333
SUPER_17,2100000,26,2,1,29,14,12,50.666668
SUPER_17,2110000,136,11,6,153,72,64,4.470588
SUPER_17,2120000,0,0,0,0,0,0,0
SUPER_17,2130000,0,0,0,0,0,0,0
SUPER_17,2140000,0,0,0,0,0,0,0
SUPER_17,2150000,71,2,3,76,28,43,1.8
SUPER_17,2160000,12,1,0,13,4,8,50
SUPER_17,2170000,67,6,4,77,39,28,10
SUPER_17,2180000,77,6,2,85,38,39,5.875
SUPER_17,2190000,128,6,11,145,74,54,7.529412
SUPER_17,2200000,197,6,9,212,96,101,6.9333334
SUPER_17,2210000,63,2,3,68,34,29,4.4
SUPER_17,2220000,169,9,12,190,92,77,16.238094
SUPER_17,2230000,27,1,1,29,14,13,1.5
SUPER_17,2240000,40,3,2,45,18,22,4
SUPER_17,2250000,90,6,5,101,42,48,8.181818
SUPER_17,2260000,179,13,6,198,105,74,4.368421
SUPER_17,2270000,81,3,4,88,33,48,29.857143
SUPER_17,2280000,128,10,10,148,73,55,4.1
SUPER_17,2290000,150,9,8,167,74,76,7.0588236
SUPER_17,2300000,90,2,9,101,38,52,13.272727
SUPER_17,2310000,159,10,14,183,90,69,3.8333333
SUPER_17,2320000,131,9,10,150,65,66,5.894737
SUPER_17,2330000,64,5,4,73,33,31,4.5555553
SUPER_17,2340000,125,7,13,145,51,74,6.5
SUPER_17,2350000,117,8,11,136,60,57,5.4210525
SUPER_17,2360000,98,3,5,106,57,41,29.75
SUPER_17,2370000,107,5,13,125,56,51,19.777779
SUPER_17,2380000,91,4,4,99,47,44,4.375
SUPER_17,2390000,112,9,4,125,60,52,3.7692308
SUPER_17,2400000,125,10,8,143,56,69,12.611111
SUPER_17,2410000,74,3,0,77,39,35,4.3333335
SUPER_17,2420000,97,9,9,115,54,43,6.2222223
SUPER_17,2430000,100,5,5,110,58,42,14.5
SUPER_17,2440000,172,7,10,189,91,81,4.8235292
SUPER_17,2450000,44,4,2,50,22,22,2.8333333
SUPER_17,2460000,5,0,1,6,3,2,1
SUPER_17,2470000,48,2,4,54,22,26,10.833333
SUPER_17,2480000,0,0,0,0,0,0,0
SUPER_17,2490000,0,0,0,0,0,0,0
SUPER_17,2500000,0,0,0,0,0,0,0
SUPER_17,2510000,166,11,5,182,79,87,5.125
SUPER_17,2520000,2,0,1,3,1,1,2
SUPER_17,2530000,1,0,1,2,0,1,4
SUPER_17,2540000,1,0,0,1,0,1,NaN
SUPER_17,2550000,5,0,0,5,1,4,NaN
SUPER_17,2560000,3,0,0,3,1,2,NaN
SUPER_17,2570000,1,0,0,1,0,1,NaN
SUPER_17,2580000,4,2,0,6,3,1,9
SUPER_17,2590000,0,0,0,0,0,0,0
SUPER_17,2600000,0,0,0,0,0,0,0
SUPER_17,2610000,3,0,0,3,2,1,NaN
SUPER_17,2620000,2,0,1,3,0,2,1
SUPER_17,2630000,1,1,0,2,1,0,2
SUPER_17,2640000,1,0,0,1,0,1,NaN
SUPER_17,2650000,1,0,0,1,0,1,NaN
SUPER_17,2660000,1,0,0,1,1,0,NaN
SUPER_17,2670000,4,0,0,4,1,3,NaN
SUPER_17,2680000,2,0,1,3,1,1,1
SUPER_17,2690000,4,2,1,7,3,1,6.3333335
SUPER_17,2700000,2,0,0,2,0,2,NaN
SUPER_17,2710000,2,0,0,2,2,0,NaN
SUPER_17,2720000,0,2,0,2,0,0,33.5
SUPER_17,2730000,120,8,2,130,53,67,4.7
SUPER_17,2740000,0,0,0,0,0,0,0
SUPER_17,2750000,0,0,0,0,0,0,0
SUPER_17,2760000,0,0,0,0,0,0,0
SUPER_17,2770000,117,8,8,133,56,61,3.0625
SUPER_17,2780000,78,4,4,86,32,46,4.375
SUPER_17,2790000,146,5,11,162,67,79,4.9375
SUPER_17,2800000,135,12,9,156,56,79,7.2380953
SUPER_17,2810000,106,4,6,116,57,49,6.1
SUPER_17,2820000,137,3,6,146,73,64,7.3333335
SUPER_17,2830000,200,16,9,225,104,96,4.72
SUPER_17,2840000,0,0,0,0,0,0,0
SUPER_17,2850000,0,0,0,0,0,0,0
SUPER_17,2860000,198,12,11,221,109,89,14.826087
SUPER_17,2870000,0,1,0,1,0,0,1
SUPER_17,2880000,86,6,5,97,43,43,7
SUPER_17,2890000,161,15,13,189,79,82,6.535714
SUPER_17,2900000,126,7,8,141,67,59,10.266666
SUPER_17,2910000,108,10,6,124,62,46,2.625
SUPER_17,2920000,100,4,11,115,49,51,7.733333
SUPER_17,2930000,146,9,7,162,71,75,5.5
SUPER_17,2940000,83,6,8,97,41,42,28.428572
SUPER_17,2950000,120,11,9,140,60,60,4.35
SUPER_17,2960000,58,7,9,74,26,32,7.75
SUPER_17,2970000,163,6,9,178,79,84,6
SUPER_17,2980000,165,12,11,188,81,84,11.521739
SUPER_17,2990000,83,5,7,95,42,41,5
SUPER_17,3000000,98,4,4,106,57,41,5.125
SUPER_17,3010000,98,6,8,112,55,43,43.785713
SUPER_17,3020000,110,13,7,130,57,53,13.5
SUPER_17,3030000,60,3,2,65,30,30,3.8
SUPER_17,3040000,120,7,11,138,62,58,11.444445
SUPER_17,3050000,178,18,17,213,85,93,6.114286
SUPER_17,3060000,186,5,10,201,90,96,6.9333334
SUPER_17,3070000,142,4,12,158,70,72,3.625
SUPER_17,3080000,76,4,4,84,46,30,9.875
SUPER_17,3090000,61,5,3,69,31,30,11.875
SUPER_17,3100000,161,8,5,174,88,73,6.769231
SUPER_17,3110000,92,6,10,108,47,45,4.8125
SUPER_17,3120000,9,0,1,10,4,5,8
SUPER_17,3130000,52,1,2,55,26,26,3.6666667
SUPER_17,3140000,112,6,12,130,57,55,6.388889
SUPER_17,3150000,104,6,6,116,55,49,7.3333335
SUPER_17,3160000,202,15,20,237,118,84,9.857142
SUPER_17,3170000,97,7,9,113,41,56,7.5
SUPER_17,3180000,27,2,3,32,14,13,7.4
SUPER_17,3190000,179,7,12,198,102,77,5.368421
SUPER_17,3200000,98,3,10,111,55,43,10.076923
SUPER_17,3210000,59,6,7,72,33,26,10.846154
SUPER_17,3220000,131,8,7,146,65,66,23
SUPER_17,3230000,95,6,9,110,49,46,4.8
SUPER_17,3240000,24,2,2,28,6,18,6
SUPER_17,3250000,1,0,1,2,1,0,2
SUPER_17,3260000,1,1,1,3,1,0,4
SUPER_17,3270000,4,0,1,5,3,1,2
SUPER_17,3280000,1,0,0,1,0,1,NaN
SUPER_17,3290000,3,0,1,4,3,0,1
SUPER_17,3300000,26,2,2,30,12,14,2.75
SUPER_17,3310000,180,11,12,203,96,84,7
SUPER_17,3320000,75,8,7,90,36,39,105.666664
SUPER_17,3330000,104,8,14,126,59,45,10.181818
SUPER_17,3340000,3,2,0,5,2,1,4.5
SUPER_17,3350000,1,1,1,3,0,1,2.5
SUPER_17,3360000,1,1,0,2,0,1,4
SUPER_17,3370000,0,0,0,0,0,0,0
SUPER_17,3380000,0,0,0,0,0,0,0
SUPER_17,3390000,2,0,1,3,1,1,2
SUPER_17,3400000,1,0,0,1,1,0,NaN
SUPER_17,3410000,0,0,1,1,0,0,12
SUPER_17,3420000,58,6,2,66,25,33,3.5
SUPER_17,3430000,0,0,0,0,0,0,0
SUPER_17,3440000,0,0,0,0,0,0,0
SUPER_17,3450000,120,7,7,134,66,54,6.928571
SUPER_17,3460000,0,0,0,0,0,0,0
SUPER_17,3470000,0,0,0,0,0,0,0
SUPER_17,3480000,0,0,0,0,0,0,0
SUPER_17,3490000,0,0,0,0,0,0,0
SUPER_17,3500000,6,0,1,7,2,4,10
SUPER_17,3510000,94,5,8,107,45,49,3
SUPER_17,3520000,94,7,6,107,55,39,3.7692308
SUPER_17,3530000,53,1,9,63,30,23,4
SUPER_17,3540000,0,0,0,0,0,0,0
SUPER_17,3550000,0,0,0,0,0,0,0
SUPER_17,3560000,129,11,10,150,61,68,4.285714
SUPER_17,3570000,0,0,0,0,0,0,0
SUPER_17,3580000,0,0,0,0,0,0,0
SUPER_17,3590000,133,10,8,151,75,58,4.2222223
SUPER_17,3600000,71,9,4,84,38,33,6.8461537
SUPER_17,3610000,18,0,3,21,9,9,6
SUPER_17,3620000,131,8,14,153,61,70,4.7727275
SUPER_17,3630000,69,5,3,77,40,29,5
SUPER_17,3640000,65,5,2,72,32,33,7.142857
SUPER_17,3650000,10,0,0,10,7,3,NaN
SUPER_17,3660000,51,3,4,58,20,31,3.7142856
SUPER_17,3670000,45,6,8,59,23,22,18.071428
SUPER_17,3680000,74,6,5,85,41,33,4.3636365
SUPER_17,3690000,71,7,11,89,36,35,3.1666667
SUPER_17,3700000,113,5,10,128,56,57,8.266666
SUPER_17,3710000,56,5,6,67,31,25,5.4545455
SUPER_17,3720000,60,2,7,69,28,32,5.3333335
SUPER_17,3730000,96,7,9,112,45,51,6.25
SUPER_17,3740000,92,7,12,111,53,39,3.5789473
SUPER_17,3750000,94,6,2,102,42,52,8.75
SUPER_17,3760000,30,2,3,35,17,13,15
SUPER_17,3770000,160,15,8,183,80,80,11.73913
SUPER_17,3780000,48,3,1,52,19,29,6.75
SUPER_17,3790000,108,12,12,132,56,52,13.541667
SUPER_17,3800000,155,12,14,181,89,66,4.076923
SUPER_17,3810000,99,10,8,117,44,55,5.2222223
SUPER_17,3820000,61,3,6,70,27,34,4.888889
SUPER_17,3830000,100,8,9,117,50,50,5.1764708
SUPER_17,3840000,143,13,16,172,67,76,13.862069
SUPER_17,3850000,7,0,0,7,2,5,NaN
SUPER_17,3860000,73,2,8,83,37,36,2.8
SUPER_17,3870000,118,12,8,138,55,63,5.5
SUPER_17,3880000,162,9,13,184,86,76,9.318182
SUPER_17,3890000,158,14,13,185,86,72,10.148149
SUPER_17,3900000,80,4,6,90,40,40,3.2
SUPER_17,3910000,17,1,2,20,7,10,1.3333334
SUPER_17,3920000,68,6,5,79,34,34,3.909091
SUPER_17,3930000,74,2,3,79,41,33,4.8
SUPER_17,3940000,68,9,8,85,37,31,6.647059
SUPER_17,3950000,108,4,9,121,58,50,26.846153
SUPER_17,3960000,149,11,7,167,76,73,5.7777777
SUPER_17,3970000,94,8,9,111,49,45,6.647059
SUPER_17,3980000,208,14,15,237,105,103,9.75862
SUPER_17,3990000,97,10,6,113,50,47,13.25
SUPER_17,4000000,133,10,11,154,79,54,6.142857
SUPER_17,4010000,68,5,1,74,36,32,8
SUPER_17,4020000,89,3,3,95,50,39,13.333333
SUPER_17,4030000,127,8,5,140,60,67,10.384615
SUPER_17,4040000,152,7,14,173,64,88,3.5238094
SUPER_17,4050000,74,7,7,88,26,48,19.285715
SUPER_17,4060000,72,5,5,82,37,35,13
SUPER_17,4070000,138,7,5,150,79,59,4.3333335
SUPER_17,4080000,18,1,2,21,12,6,10
SUPER_17,4090000,63,3,5,71,33,30,2.375
SUPER_17,4100000,184,16,13,213,94,90,15.413794
SUPER_17,4110000,147,13,12,172,79,68,11.16
SUPER_17,4120000,50,3,4,57,22,28,5
SUPER_17,4130000,40,1,5,46,18,22,5.8333335
SUPER_17,4140000,31,5,0,36,18,13,4
SUPER_17,4150000,262,16,19,297,150,112,7.0571427
SUPER_17,4160000,112,3,8,123,62,50,6.2727275
SUPER_17,4170000,143,12,13,168,74,69,10.52
SUPER_17,4180000,38,1,5,44,22,16,8.5
SUPER_17,4190000,5,0,0,5,2,3,NaN
SUPER_17,4200000,2,0,1,3,0,2,2
SUPER_17,4210000,3,0,2,5,3,0,1.5
SUPER_17,4220000,4,0,0,4,1,3,NaN
SUPER_17,4230000,104,2,3,109,52,52,5.4
SUPER_17,4240000,0,0,0,0,0,0,0
SUPER_17,4250000,0,0,0,0,0,0,0
SUPER_17,4260000,164,8,10,182,89,75,6.5
SUPER_17,4270000,208,12,16,236,96,112,6.392857
SUPER_17,4280000,104,4,9,117,48,56,4
SUPER_17,4290000,47,0,5,52,30,17,2
SUPER_17,4300000,238,10,13,261,121,117,5.2173915
SUPER_17,4310000,148,8,12,168,74,74,4.7
SUPER_17,4320000,118,15,9,142,58,60,4.0833335
SUPER_17,4330000,59,6,2,67,34,25,4.75
SUPER_17,4340000,49,3,4,56,25,24,2.142857
SUPER_17,4350000,85,6,2,93,39,46,8.625
SUPER_17,4360000,145,15,7,167,70,75,6.2272725
SUPER_17,4370000,41,1,0,42,31,10,2
SUPER_17,4380000,0,0,0,0,0,0,0
SUPER_17,4390000,0,0,0,0,0,0,0
SUPER_17,4400000,0,0,0,0,0,0,0
SUPER_17,4410000,0,0,0,0,0,0,0
SUPER_17,4420000,6,0,0,6,3,3,NaN
SUPER_17,4430000,3,0,0,3,2,1,NaN
SUPER_17,4440000,19,2,0,21,8,11,1.5
SUPER_17,4450000,106,3,4,113,58,48,31.142857
SUPER_17,4460000,5,0,0,5,1,4,NaN
SUPER_17,4470000,81,6,6,93,45,36,5.3333335
SUPER_17,4480000,64,6,3,73,40,24,5.7777777
SUPER_17,4490000,140,10,5,155,76,64,6.6
SUPER_17,4500000,150,6,15,171,78,72,8.190476
SUPER_17,4510000,123,10,6,139,62,61,4.875
SUPER_17,4520000,162,13,17,192,81,81,5.9
SUPER_17,4530000,53,5,5,63,24,29,31.2
SUPER_17,4540000,30,4,1,35,17,13,5
SUPER_17,4550000,67,7,2,76,29,38,7.4444447
SUPER_17,4560000,139,8,4,151,90,49,1.4166666
SUPER_17,4570000,72,4,6,82,41,31,11.5
SUPER_17,4580000,2,0,1,3,2,0,2
SUPER_17,4590000,52,3,3,58,28,24,4.8333335
SUPER_17,4600000,80,5,8,93,36,44,5.6923075
SUPER_17,4610000,137,8,7,152,63,74,5.133333
SUPER_17,4620000,129,9,12,150,59,70,5.1904764
SUPER_17,4630000,3,0,1,4,1,2,2
SUPER_17,4640000,4,0,0,4,3,1,NaN
SUPER_17,4650000,70,4,3,77,41,29,3
SUPER_17,4660000,220,9,9,238,110,110,3.5
SUPER_17,4670000,165,19,16,200,96,69,11.828571
SUPER_17,4680000,89,4,7,100,53,36,7.6363635
SUPER_17,4690000,134,12,8,154,65,69,6.4
SUPER_17,4700000,71,4,7,82,32,39,8.545455
SUPER_17,4710000,177,16,11,204,86,91,17.925926
SUPER_17,4720000,0,0,0,0,0,0,0
SUPER_17,4730000,0,0,0,0,0,0,0
SUPER_17,4740000,180,5,8,193,99,81,22.538462
SUPER_17,4750000,48,2,4,54,22,26,15.833333
SUPER_17,4760000,95,5,5,105,45,50,4.1
SUPER_17,4770000,99,4,2,105,49,50,7.3333335
SUPER_17,4780000,90,5,10,105,54,36,5.6666665
SUPER_17,4790000,175,13,13,201,89,86,5.076923
SUPER_17,4800000,24,1,2,27,15,9,177.66667
SUPER_17,4810000,1,0,0,1,0,1,NaN
SUPER_17,4820000,4,1,0,5,1,3,8
SUPER_17,4830000,3,0,0,3,3,0,NaN
SUPER_17,4840000,0,0,0,0,0,0,0
SUPER_17,4850000,0,0,0,0,0,0,0
SUPER_17,4860000,26,4,1,31,15,11,7.6
SUPER_17,4870000,70,5,5,80,36,34,9.8
SUPER_17,4880000,2,0,0,2,2,0,NaN
SUPER_17,4890000,81,4,4,89,42,39,28.625
SUPER_17,4900000,141,8,4,153,79,62,7.3333335
SUPER_17,4910000,177,9,25,211,93,84,16.941177
SUPER_17,4920000,138,10,11,159,72,66,4.428571
SUPER_17,4930000,124,4,7,135,73,51,4.4545455
SUPER_17,4940000,24,3,3,30,12,12,38.833332
SUPER_17,4950000,151,13,10,174,79,72,6.869565
SUPER_17,4960000,15,0,0,15,7,8,NaN
SUPER_17,4970000,25,1,0,26,14,11,1
SUPER_17,4980000,83,5,7,95,48,35,3.75
SUPER_17,4990000,27,1,1,29,15,12,5
SUPER_17,5000000,99,7,5,111,62,37,4.5
SUPER_17,5010000,153,12,6,171,80,73,3.9444444
SUPER_17,5020000,94,6,3,103,55,39,3.3333333
SUPER_17,5030000,98,5,9,112,46,52,9
SUPER_17,5040000,104,5,6,115,51,53,5.2727275
SUPER_17,5050000,83,5,6,94,40,43,3.3636363
SUPER_17,5060000,112,10,6,128,68,44,8.25
SUPER_17,5070000,169,11,17,197,78,91,5.321429
SUPER_17,5080000,161,5,10,176,92,69,24.266666
SUPER_17,5090000,105,5,7,117,55,50,8.083333
SUPER_17,5100000,36,3,1,40,18,18,4.5
SUPER_17,5110000,20,1,1,22,8,12,1.5
SUPER_17,5120000,80,1,2,83,44,36,3.3333333
SUPER_17,5130000,87,7,6,100,36,51,12.615385
SUPER_17,5140000,126,11,13,150,67,59,5.75
SUPER_17,5150000,67,6,2,75,28,39,7
SUPER_17,5160000,113,14,10,137,59,54,4.7916665
SUPER_17,5170000,192,15,9,216,92,100,6.3333335
SUPER_17,5180000,135,11,10,156,59,76,4.714286
SUPER_17,5190000,109,8,13,130,55,54,11.904762
SUPER_17,5200000,124,5,7,136,60,64,5.8333335
SUPER_17,5210000,81,9,7,97,48,33,5.125
SUPER_17,5220000,127,5,7,139,70,57,9.666667
SUPER_17,5230000,112,5,12,129,64,48,8.058824
SUPER_17,5240000,16,1,1,18,8,8,1
SUPER_17,5250000,101,10,10,121,44,57,6.7
SUPER_17,5260000,0,0,0,0,0,0,0
SUPER_17,5270000,0,0,0,0,0,0,0
SUPER_17,5280000,135,8,12,155,75,60,12.7
SUPER_17,5290000,104,7,8,119,59,45,4.133333
SUPER_17,5300000,143,15,13,171,63,80,11.142858
SUPER_17,5310000,148,12,17,177,74,74,11.75862
SUPER_17,5320000,144,15,12,171,81,63,4.2222223
SUPER_17,5330000,62,6,8,76,32,30,1.6428572
SUPER_17,5340000,197,16,15,228,102,95,6.387097
SUPER_17,5350000,163,22,17,202,74,89,5
SUPER_17,5360000,65,5,7,77,37,28,10.166667
SUPER_17,5370000,48,9,4,61,21,27,3.3076923
SUPER_17,5380000,27,1,5,33,10,17,3.3333333
SUPER_17,5390000,1,0,0,1,1,0,NaN
SUPER_17,5400000,0,2,0,2,0,0,6
SUPER_17,5410000,1,0,0,1,1,0,NaN
SUPER_17,5420000,1,1,2,4,0,1,2.3333333
SUPER_17,5430000,101,8,7,116,47,54,6.5333333
SUPER_17,5440000,51,5,6,62,28,23,3.3636363
SUPER_17,5450000,11,2,2,15,6,5,2.75
SUPER_17,5460000,20,1,1,22,8,12,2
SUPER_17,5470000,100,3,8,111,56,44,3.090909
SUPER_17,5480000,151,11,19,181,76,75,14.3
SUPER_17,5490000,98,5,7,110,50,48,10.416667
SUPER_17,5500000,70,5,8,83,39,31,3.4615386
SUPER_17,5510000,172,13,14,199,76,96,29.666666
SUPER_17,5520000,121,9,7,137,52,69,2.25
SUPER_17,5530000,65,5,8,78,33,32,4
SUPER_17,5540000,53,4,5,62,27,26,3
SUPER_17,5550000,126,7,10,143,65,61,10.235294
SUPER_17,5560000,189,14,14,217,94,95,6.142857
SUPER_17,5570000,140,14,7,161,68,72,11.047619
SUPER_17,5580000,87,9,8,104,48,39,30.82353
SUPER_17,5590000,69,4,9,82,34,35,4.3076925
SUPER_17,5600000,170,16,14,200,79,91,8.833333
SUPER_17,5610000,191,8,10,209,97,94,5.9444447
SUPER_17,5620000,82,2,4,88,42,40,26.833334
SUPER_17,5630000,74,6,6,86,29,45,4.4166665
SUPER_17,5640000,0,0,2,2,0,0,1.5
SUPER_17,5650000,4,0,0,4,2,2,NaN
SUPER_17,5660000,82,4,7,93,42,40,3.2727273
SUPER_17,5670000,124,18,19,161,58,66,4.783784
SUPER_17,5680000,40,2,2,44,23,17,3.25
SUPER_17,5690000,82,12,8,102,45,37,4.4
SUPER_17,5700000,128,11,11,150,69,59,7.0454545
SUPER_17,5710000,10,0,1,11,5,5,4
SUPER_17,5720000,10,0,2,12,3,7,257.5
SUPER_17,5730000,0,0,1,1,0,0,10
SUPER_17,5740000,3,0,0,3,3,0,NaN
SUPER_17,5750000,4,2,1,7,3,1,11.666667
SUPER_17,5760000,1,1,0,2,0,1,20
SUPER_17,5770000,1,0,0,1,0,1,NaN
SUPER_17,5780000,2,1,1,4,1,1,1.5
SUPER_17,5790000,5,2,0,7,4,1,4
SUPER_17,5800000,139,6,3,148,79,60,2.1111112
SUPER_17,5810000,62,5,5,72,33,29,3
SUPER_17,5820000,124,6,12,142,65,59,7.2222223
SUPER_17,5830000,166,10,9,185,96,70,17.736841
SUPER_17,5840000,9,1,2,12,7,2,3
SUPER_17,5850000,0,0,0,0,0,0,0
SUPER_17,5860000,0,0,0,0,0,0,0
SUPER_17,5870000,16,1,1,18,7,9,15
SUPER_17,5880000,65,6,8,79,27,38,5.571429
SUPER_17,5890000,147,8,7,162,68,79,8.466666
SUPER_17,5900000,139,12,11,162,75,64,4.7391305
SUPER_17,5910000,130,7,14,151,64,66,4.7619047
SUPER_17,5920000,22,2,3,27,10,12,4.6
SUPER_17,5930000,4,1,0,5,0,4,28
SUPER_17,5940000,1,0,0,1,1,0,NaN
SUPER_17,5950000,57,6,2,65,32,25,2.875
SUPER_17,5960000,95,7,2,104,51,44,4.5555553
SUPER_17,5970000,34,1,6,41,18,16,10.428572
SUPER_17,5980000,131,15,12,158,70,61,23.222221
SUPER_17,5990000,6,1,0,7,3,3,1
SUPER_17,6000000,2,1,2,5,1,1,1.3333334
SUPER_17,6010000,96,8,12,116,46,50,6.95
SUPER_17,6020000,105,9,14,128,55,50,5
SUPER_17,6030000,62,5,2,69,37,25,1.8571428
SUPER_17,6040000,18,2,0,20,12,6,2
SUPER_17,6050000,44,6,5,55,24,20,4.6363635
SUPER_17,6060000,117,12,11,140,56,61,6.0869565
SUPER_17,6070000,49,8,3,60,26,23,7.3636365
SUPER_17,6080000,111,8,7,126,61,50,3.6
SUPER_17,6090000,116,8,4,128,62,54,11.25
SUPER_17,6100000,77,4,4,85,41,36,6.375
SUPER_17,6110000,20,0,1,21,11,9,4
SUPER_17,6120000,73,5,7,85,41,32,15.5
SUPER_17,6130000,57,5,8,70,26,31,29.692308
SUPER_17,6140000,4,0,0,4,2,2,NaN
SUPER_17,6150000,144,13,10,167,83,61,8.478261
SUPER_17,6160000,175,13,9,197,96,79,8.772727
SUPER_17,6170000,171,10,19,200,83,88,13.068966
SUPER_17,6180000,53,3,1,57,26,27,12.75
SUPER_17,6190000,4,0,0,4,0,4,NaN
SUPER_17,6200000,3,2,1,6,2,1,10.666667
SUPER_17,6210000,167,16,11,194,85,82,14.37037
SUPER_17,6220000,93,5,6,104,50,43,4.2727275
SUPER_17,6230000,10,0,0,10,6,4,NaN
SUPER_17,6240000,0,1,0,1,0,0,1
SUPER_17,6250000,1,0,0,1,1,0,NaN
SUPER_17,6260000,0,0,0,0,0,0,0
SUPER_17,6270000,0,0,0,0,0,0,0
SUPER_17,6280000,5,2,1,8,0,5,8.666667
SUPER_17,6290000,2,0,0,2,2,0,NaN
SUPER_17,6300000,2,0,0,2,1,1,NaN
SUPER_17,6310000,19,1,3,23,8,11,13.5
SUPER_17,6320000,53,2,7,62,28,25,8.666667
SUPER_17,6330000,117,10,9,136,69,48,7.9473686
SUPER_17,6340000,97,5,10,112,59,38,5.866667
SUPER_17,6350000,102,10,10,122,45,57,4.4
SUPER_17,6360000,122,8,11,141,66,56,9.315789
SUPER_17,6370000,74,4,9,87,34,40,2.7692308
SUPER_17,6380000,48,4,4,56,29,19,2.5
SUPER_17,6390000,54,6,8,68,31,23,4.5
SUPER_17,6400000,61,6,5,72,34,27,40.363636
SUPER_17,6410000,65,4,9,78,25,40,9
SUPER_17,6420000,14,5,4,23,7,7,3.5555556
SUPER_17,6430000,4,4,0,8,2,2,9.75
SUPER_17,6440000,88,4,8,100,46,42,6
SUPER_17,6450000,2,1,0,3,1,1,9
SUPER_17,6460000,2,0,0,2,0,2,NaN
SUPER_17,6470000,0,2,1,3,0,0,4
SUPER_17,6480000,46,3,6,55,20,26,3.3333333
SUPER_17,6490000,69,6,8,83,24,45,22
SUPER_17,6500000,38,5,6,49,19,19,10.636364
SUPER_17,6510000,117,11,9,137,66,51,5
SUPER_17,6520000,46,4,7,57,20,26,14.181818
SUPER_17,6530000,89,9,5,103,46,43,4.928571
SUPER_17,6540000,99,10,5,114,54,45,1.6666666
SUPER_17,6550000,47,1,2,50,22,25,7.6666665
SUPER_17,6560000,123,9,11,143,62,61,6.5
SUPER_17,6570000,75,10,10,95,36,39,3.45
SUPER_17,6580000,50,3,3,56,25,25,9
SUPER_17,6590000,74,5,4,83,36,38,111.666664
SUPER_17,6600000,118,7,8,133,59,59,4.8
SUPER_17,6610000,150,9,4,163,77,73,8.384615
SUPER_17,6620000,117,8,11,136,65,52,6.6842103
SUPER_17,6630000,115,7,10,132,59,56,8.823529
SUPER_17,6640000,136,11,10,157,66,70,9.190476
SUPER_17,6650000,101,9,4,114,47,54,6.8461537
SUPER_17,6660000,124,8,12,144,67,57,25.8
SUPER_17,6670000,152,13,12,177,71,81,12.64
SUPER_17,6680000,17,1,1,19,8,9,1
SUPER_17,6690000,123,12,5,140,62,61,21.647058
SUPER_17,6700000,143,3,8,154,73,70,5.909091
SUPER_17,6710000,215,14,13,242,99,116,4
SUPER_17,6720000,3,0,0,3,2,1,NaN
SUPER_17,6730000,100,4,8,112,55,45,6.3333335
SUPER_17,6740000,52,3,2,57,24,28,2.8
SUPER_17,6750000,9,0,0,9,5,4,NaN
SUPER_17,6760000,44,3,2,49,18,26,2.4
SUPER_17,6770000,83,7,5,95,44,39,6.4166665
SUPER_17,6780000,48,2,2,52,30,18,2.25
SUPER_17,6790000,36,4,4,44,20,16,5.25
SUPER_17,6800000,171,10,11,192,83,88,19.809525
SUPER_17,6810000,83,6,5,94,41,42,2
SUPER_17,6820000,0,0,0,0,0,0,0
SUPER_17,6830000,0,0,0,0,0,0,0
SUPER_17,6840000,0,0,0,0,0,0,0
SUPER_17,6850000,0,0,0,0,0,0,0
SUPER_17,6860000,0,0,0,0,0,0,0
SUPER_17,6870000,0,0,0,0,0,0,0
SUPER_17,6880000,0,0,0,0,0,0,0
SUPER_17,6890000,0,0,0,0,0,0,0
SUPER_17,6900000,0,0,0,0,0,0,0
SUPER_17,6910000,0,0,0,0,0,0,0
SUPER_17,6920000,0,0,0,0,0,0,0
SUPER_17,6930000,136,12,15,163,74,62,11.740741
SUPER_17,6940000,0,0,0,0,0,0,0
SUPER_17,6950000,0,0,0,0,0,0,0
SUPER_17,6960000,5,1,0,6,2,3,1
SUPER_17,6970000,41,3,2,46,18,23,7
SUPER_17,6980000,79,6,10,95,39,40,5.625
SUPER_17,6990000,4,1,1,6,1,3,1.5
SUPER_17,7000000,8,1,2,11,3,5,1.6666666
SUPER_17,7010000,18,1,4,23,11,7,8.2
SUPER_17,7020000,0,0,0,0,0,0,0
SUPER_17,7030000,0,0,0,0,0,0,0
SUPER_17,7040000,130,16,6,152,64,66,3.7272727
SUPER_17,7050000,75,0,5,80,44,31,17.8
SUPER_17,7060000,70,4,7,81,46,24,9.272727
SUPER_17,7070000,2,0,0,2,2,0,NaN
SUPER_17,7080000,1,0,0,1,0,1,NaN
SUPER_17,7090000,59,3,2,64,27,32,4
SUPER_17,7100000,98,14,6,118,51,47,8.75
SUPER_17,7110000,162,10,14,186,83,79,6.2083335
SUPER_17,7120000,98,9,5,112,45,53,8.571428
SUPER_17,7130000,0,0,0,0,0,0,0
SUPER_17,7140000,0,0,0,0,0,0,0
SUPER_17,7150000,5,0,0,5,2,3,NaN
SUPER_17,7160000,6,2,0,8,4,2,1
SUPER_17,7170000,140,11,13,164,72,68,5
SUPER_17,7180000,76,4,11,91,43,33,2.3333333
SUPER_17,7190000,50,4,9,63,23,27,2.3846154
SUPER_17,7200000,92,13,8,113,36,56,6.095238
SUPER_17,7210000,118,9,10,137,68,50,10
SUPER_17,7220000,115,11,8,134,66,49,10.842105
SUPER_17,7230000,2,0,0,2,2,0,NaN
SUPER_17,7240000,1,0,0,1,0,1,NaN
SUPER_17,7250000,87,4,3,94,46,41,2.7142856
SUPER_17,7260000,114,5,18,137,41,73,14.695652
SUPER_17,7270000,138,13,8,159,65,73,8.857142
SUPER_17,7280000,156,13,15,184,85,71,9.464286
SUPER_17,7290000,149,10,6,165,60,89,2.5625
SUPER_17,7300000,163,8,8,179,75,88,5.75
SUPER_17,7310000,95,10,6,111,51,44,4.5
SUPER_17,7320000,111,7,6,124,52,59,3.6153846
SUPER_17,7330000,98,4,3,105,48,50,4.142857
SUPER_17,7340000,158,7,14,179,80,78,5.4761906
SUPER_17,7350000,169,13,16,198,73,96,5.862069
SUPER_17,7360000,116,13,7,136,60,56,3.55
SUPER_17,7370000,202,8,13,223,107,95,5.571429
SUPER_17,7380000,4,0,0,4,3,1,NaN
SUPER_17,7390000,137,7,14,158,68,69,13.095238
SUPER_17,7400000,148,10,21,179,72,76,16.032259
SUPER_17,7410000,18,3,2,23,7,11,7.2
SUPER_17,7420000,4,0,0,4,3,1,NaN
SUPER_17,7430000,5,0,0,5,3,2,NaN
SUPER_17,7440000,117,12,8,137,60,57,5.75
SUPER_17,7450000,132,10,12,154,67,65,4.8636365
SUPER_17,7460000,75,3,3,81,37,38,3.5
SUPER_17,7470000,174,7,9,190,86,88,8.75
SUPER_17,7480000,138,9,7,154,80,58,43.5625
SUPER_17,7490000,32,5,3,40,17,15,2.75
SUPER_17,7500000,98,4,11,113,53,45,24.8
SUPER_17,7510000,64,1,6,71,31,33,3.4285715
SUPER_17,7520000,118,7,8,133,68,50,5.733333
SUPER_17,7530000,85,7,6,98,37,48,4.230769
SUPER_17,7540000,71,5,9,85,41,30,5.928571
SUPER_17,7550000,191,2,10,203,123,68,7.4166665
SUPER_17,7560000,117,4,12,133,64,53,6.6875
SUPER_17,7570000,68,4,9,81,33,35,4.5384617
SUPER_17,7580000,153,17,11,181,78,75,5.035714
SUPER_17,7590000,130,5,11,146,60,70,15.0625
SUPER_17,7600000,147,8,12,167,61,86,4.45
SUPER_17,7610000,101,8,8,117,57,44,5.875
SUPER_17,7620000,49,4,5,58,24,25,3.1111112
SUPER_17,7630000,92,7,6,105,51,41,3.2307692
SUPER_17,7640000,160,7,21,188,86,74,10.607142
SUPER_17,7650000,179,12,11,202,74,105,34.347828
SUPER_17,7660000,146,15,13,174,71,75,12.464286
SUPER_17,7670000,99,5,5,109,50,49,14.8
SUPER_17,7680000,141,5,13,159,74,67,4.7777777
SUPER_17,7690000,147,9,13,169,69,78,19.045454
SUPER_17,7700000,194,16,10,220,100,94,15.423077
SUPER_17,7710000,206,15,13,234,100,106,7.285714
SUPER_17,7720000,191,13,23,227,89,102,6.5555553
SUPER_17,7730000,156,10,11,177,70,86,24.666666
SUPER_17,7740000,21,0,3,24,13,8,2.6666667
SUPER_17,7750000,97,8,8,113,56,41,2.4375
SUPER_17,7760000,5,1,2,8,2,3,5
SUPER_17,7770000,1,0,1,2,1,0,2
SUPER_17,7780000,1,0,0,1,1,0,NaN
SUPER_17,7790000,9,1,3,13,4,5,10
SUPER_17,7800000,123,16,13,152,63,60,4.37931
SUPER_17,7810000,78,8,4,90,40,38,4.3333335
SUPER_17,7820000,119,7,14,140,66,53,13.476191
SUPER_17,7830000,65,5,5,75,28,37,5.3
SUPER_17,7840000,57,7,6,70,25,32,17.461538
SUPER_17,7850000,118,13,9,140,61,57,22.40909
SUPER_17,7860000,148,6,11,165,54,94,11.882353
SUPER_17,7870000,113,7,5,125,51,62,7.5833335
SUPER_17,7880000,82,7,5,94,37,45,4.5833335
SUPER_17,7890000,71,5,3,79,39,32,2.875
SUPER_17,7900000,89,9,8,106,48,41,3.2941177
SUPER_17,7910000,79,3,5,87,32,47,5.625
SUPER_17,7920000,83,10,13,106,45,38,6.826087
SUPER_17,7930000,74,6,4,84,39,35,2
SUPER_17,7940000,28,1,2,31,17,11,4.3333335
SUPER_17,7950000,119,6,5,130,61,58,2.3636363
SUPER_17,7960000,2,0,0,2,1,1,NaN
SUPER_17,7970000,21,2,2,25,12,9,9.25
SUPER_17,7980000,137,11,13,161,67,70,3.9583333
SUPER_17,7990000,88,8,11,107,46,42,7.1578946
SUPER_17,8000000,153,8,14,175,73,80,16.454546
SUPER_17,8010000,125,8,16,149,62,63,5.4166665
SUPER_17,8020000,16,3,0,19,7,9,8
SUPER_17,8030000,16,2,3,21,9,7,48.4
SUPER_17,8040000,156,17,11,184,69,87,16.178572
SUPER_17,8050000,56,6,8,70,28,28,3.5714285
SUPER_17,8060000,149,8,10,167,59,90,18.722221
SUPER_17,8070000,162,14,12,188,71,91,21.846153
SUPER_17,8080000,169,15,10,194,101,68,16.56
SUPER_17,8090000,116,11,7,134,57,59,5.888889
SUPER_17,8100000,124,7,10,141,56,68,19.529411
SUPER_17,8110000,81,8,10,99,37,44,13.611111
SUPER_17,8120000,125,7,5,137,61,64,30.916666
SUPER_17,8130000,251,16,27,294,142,109,17.930233
SUPER_17,8140000,118,14,16,148,51,67,8.3
SUPER_17,8150000,116,10,9,135,55,61,4.1578946
SUPER_17,8160000,108,9,8,125,49,59,19.588236
SUPER_17,8170000,20,1,1,22,9,11,1
SUPER_17,8180000,55,3,4,62,29,26,5.285714
SUPER_17,8190000,30,3,1,34,18,12,2.5
SUPER_17,8200000,77,8,7,92,35,42,2.4666667
SUPER_17,8210000,3,0,2,5,2,1,147.5
SUPER_17,8220000,2,0,0,2,1,1,NaN
SUPER_17,8230000,17,1,0,18,8,9,2
SUPER_17,8240000,45,3,3,51,31,14,6.6666665
SUPER_17,8250000,127,9,11,147,54,73,5.45
SUPER_17,8260000,76,2,6,84,35,41,3
SUPER_17,8270000,113,7,7,127,49,64,6.642857
SUPER_17,8280000,107,5,6,118,67,40,8.909091
SUPER_17,8290000,0,0,0,0,0,0,0
SUPER_17,8300000,0,0,0,0,0,0,0
SUPER_17,8310000,0,0,0,0,0,0,0
SUPER_17,8320000,56,6,7,69,27,29,6.076923
SUPER_17,8330000,0,0,0,0,0,0,0
SUPER_17,8340000,0,0,0,0,0,0,0
SUPER_17,8350000,58,13,6,77,26,32,3.5789473
SUPER_17,8360000,73,7,1,81,34,39,6.5
SUPER_17,8370000,65,7,7,79,35,30,3.5714285
SUPER_17,8380000,57,3,7,67,32,25,6.5
SUPER_17,8390000,89,8,10,107,47,42,23
SUPER_17,8400000,70,3,3,76,32,38,2.8333333
SUPER_17,8410000,10,2,2,14,6,4,1.75
SUPER_17,8420000,1,0,0,1,0,1,NaN
SUPER_17,8430000,55,6,5,66,29,26,11.818182
SUPER_17,8440000,7,1,1,9,4,3,13
SUPER_17,8450000,110,9,10,129,65,45,2.8421052
SUPER_17,8460000,69,5,5,79,40,29,1.8
SUPER_17,8470000,4,1,0,5,2,2,1
SUPER_17,8480000,2,0,1,3,2,0,2
SUPER_17,8490000,1,0,1,2,0,1,14
SUPER_17,8500000,2,0,0,2,2,0,NaN
SUPER_17,8510000,60,6,6,72,37,23,23.416666
SUPER_17,8520000,56,5,1,62,36,20,13.333333
SUPER_17,8530000,100,2,8,110,50,50,4
SUPER_17,8540000,125,12,7,144,58,67,12.789474
SUPER_17,8550000,153,8,12,173,69,84,4.35
SUPER_17,8560000,122,8,11,141,62,60,26.473684
SUPER_17,8570000,134,9,9,152,68,66,5.8333335
SUPER_17,8580000,163,14,19,196,86,77,5.060606
SUPER_17,8590000,66,2,2,70,32,34,5.75
SUPER_17,8600000,145,15,12,172,55,90,7.5555553
SUPER_17,8610000,62,6,2,70,30,32,2.875
SUPER_17,8620000,101,9,7,117,50,51,7.25
SUPER_17,8630000,15,1,3,19,4,11,5.5
SUPER_17,8640000,148,14,11,173,71,77,10.64
SUPER_17,8650000,103,7,10,120,45,58,15.705882
SUPER_17,8660000,180,13,19,212,103,77,10.84375
SUPER_17,8670000,19,1,2,22,11,8,3.3333333
SUPER_17,8680000,2,0,0,2,0,2,NaN
SUPER_17,8690000,4,0,0,4,1,3,NaN
SUPER_17,8700000,2,0,2,4,1,1,22.5
SUPER_17,8710000,3,0,0,3,0,3,NaN
SUPER_17,8720000,7,1,2,10,4,3,13
SUPER_17,8730000,1,0,0,1,0,1,NaN
SUPER_17,8740000,1,0,0,1,1,0,NaN
SUPER_17,8750000,2,2,1,5,2,0,22
SUPER_17,8760000,6,1,0,7,4,2,1
SUPER_17,8770000,3,0,0,3,2,1,NaN
SUPER_17,8780000,159,10,10,179,68,91,4.8
SUPER_17,8790000,121,14,4,139,69,52,11.277778
SUPER_17,8800000,135,7,5,147,77,58,37.916668
SUPER_17,8810000,117,7,12,136,68,49,9.947369
SUPER_17,8820000,177,12,17,206,92,85,6.4827585
SUPER_17,8830000,198,11,17,226,99,99,12.678572
SUPER_17,8840000,129,7,10,146,62,67,2.4117646
SUPER_17,8850000,107,10,9,126,48,59,5.1578946
SUPER_17,8860000,96,8,12,116,52,44,5.65
SUPER_17,8870000,150,13,10,173,67,83,11.043478
SUPER_17,8880000,117,11,14,142,63,54,7.4
SUPER_17,8890000,26,4,4,34,13,13,11.375
SUPER_17,8900000,1,1,0,2,1,0,3
SUPER_17,8910000,1,0,0,1,0,1,NaN
SUPER_17,8920000,1,1,0,2,0,1,1
SUPER_17,8930000,9,0,1,10,5,4,1
SUPER_17,8940000,83,9,5,97,34,49,9.357142
SUPER_17,8950000,57,7,2,66,24,33,4.2222223
SUPER_17,8960000,122,8,11,141,61,61,12.736842
SUPER_17,8970000,99,8,10,117,46,53,5.2222223
SUPER_17,8980000,109,10,5,124,40,69,4.733333
SUPER_17,8990000,78,5,11,94,43,35,6.25
SUPER_17,9000000,120,13,16,149,56,64,5.172414
SUPER_17,9010000,91,9,14,114,40,51,28.913044
SUPER_17,9020000,142,8,12,162,67,75,11.8
SUPER_17,9030000,10,2,2,14,3,7,2
SUPER_17,9040000,2,0,0,2,1,1,NaN
SUPER_17,9050000,10,2,3,15,6,4,11.2
SUPER_17,9060000,1,0,0,1,0,1,NaN
SUPER_17,9070000,17,3,3,23,5,12,11.333333
SUPER_17,9080000,38,6,3,47,16,22,3.2222223
SUPER_17,9090000,155,12,17,184,72,83,17.137932
SUPER_17,9100000,81,4,8,93,46,35,9.25
SUPER_17,9110000,128,9,22,159,57,71,4.193548
SUPER_17,9120000,109,4,15,128,43,66,7.2105265
SUPER_17,9130000,146,9,13,168,77,69,7.5
SUPER_17,9140000,69,3,5,77,30,39,3.75
SUPER_17,9150000,95,6,7,108,56,39,4.076923
SUPER_17,9160000,121,11,9,141,54,67,11
SUPER_17,9170000,51,4,6,61,29,22,18.5
SUPER_17,9180000,29,4,3,36,17,12,5.714286
SUPER_17,9190000,66,1,1,68,37,29,31
SUPER_17,9200000,43,5,2,50,21,22,7
SUPER_17,9210000,113,12,9,134,54,59,27.190475
SUPER_17,9220000,26,3,1,30,19,7,2
SUPER_17,9230000,83,8,6,97,37,46,37.642857
SUPER_17,9240000,3,0,0,3,3,0,NaN
SUPER_17,9250000,49,4,2,55,17,32,3.1666667
SUPER_17,9260000,93,9,6,108,47,46,10.2
SUPER_17,9270000,1,0,0,1,0,1,NaN
SUPER_17,9280000,68,4,10,82,35,33,7.357143
SUPER_17,9290000,144,9,9,162,75,69,2.7777777
SUPER_17,9300000,67,9,4,80,37,30,4.230769
SUPER_17,9310000,104,3,7,114,50,54,2
SUPER_17,9320000,46,3,5,54,32,14,6.25
SUPER_17,9330000,110,10,10,130,57,53,5.55
SUPER_17,9340000,88,15,3,106,46,42,4
SUPER_17,9350000,2,0,0,2,0,2,NaN
SUPER_17,9360000,40,2,3,45,20,20,26.6
SUPER_17,9370000,92,6,8,106,43,49,18.428572
SUPER_17,9380000,121,7,7,135,64,57,2.4285715
SUPER_17,9390000,34,4,3,41,13,21,6.571429
SUPER_17,9400000,176,10,17,203,90,86,8.666667
SUPER_17,9410000,177,9,12,198,88,89,5.1904764
SUPER_17,9420000,22,1,1,24,10,12,3.5
SUPER_17,9430000,106,10,5,121,62,44,5.733333
SUPER_17,9440000,68,8,4,80,35,33,4.9166665
SUPER_17,9450000,142,16,15,173,66,76,18.32258
SUPER_17,9460000,124,12,11,147,57,67,10.304348
SUPER_17,9470000,189,12,9,210,97,92,6.6190476
SUPER_17,9480000,224,7,8,239,135,89,4.733333
SUPER_17,9490000,85,4,11,100,48,37,7.4666667
SUPER_17,9500000,61,3,7,71,28,33,3.7
SUPER_17,9510000,62,6,4,72,31,31,7.8
SUPER_17,9520000,231,16,17,264,119,112,12.909091
SUPER_17,9530000,101,8,4,113,56,45,10.833333
SUPER_17,9540000,46,2,3,51,27,19,3.6
SUPER_17,9550000,126,9,15,150,66,60,9.041667
SUPER_17,9560000,195,14,14,223,91,104,13.464286
SUPER_17,9570000,64,2,7,73,26,38,4.4444447
SUPER_17,9580000,115,10,4,129,48,67,15.214286
SUPER_17,9590000,85,3,7,95,39,46,10.5
SUPER_17,9600000,91,9,7,107,44,47,7.875
SUPER_17,9610000,122,4,13,139,62,60,12
SUPER_17,9620000,65,9,5,79,31,34,5.285714
SUPER_17,9630000,4,0,0,4,4,0,NaN
SUPER_17,9640000,12,0,0,12,8,4,NaN
SUPER_17,9650000,42,4,4,50,19,23,26.375
SUPER_17,9660000,47,2,2,51,20,27,36
SUPER_17,9670000,154,9,9,172,80,74,11.944445
SUPER_17,9680000,108,14,11,133,52,56,6.6
SUPER_17,9690000,135,6,13,154,67,68,22.105263
SUPER_17,9700000,101,8,8,117,56,45,9.5
SUPER_17,9710000,7,0,0,7,6,1,NaN
SUPER_17,9720000,76,9,7,92,44,32,34.6875
SUPER_17,9730000,2,1,0,3,0,2,1
SUPER_17,9740000,3,0,0,3,1,2,NaN
SUPER_17,9750000,2,1,1,4,1,1,1.5
SUPER_17,9760000,43,5,5,53,15,28,19.5
SUPER_17,9770000,13,1,0,14,6,7,1
SUPER_17,9780000,11,1,2,14,7,4,3.3333333
SUPER_17,9790000,108,11,6,125,49,59,22.705883
SUPER_17,9800000,106,10,6,122,53,53,3.75
SUPER_17,9810000,159,12,13,184,80,79,5.88
SUPER_17,9820000,117,7,11,135,64,53,4.611111
SUPER_17,9830000,78,8,10,96,41,37,13.666667
SUPER_17,9840000,75,2,5,82,35,40,49
SUPER_17,9850000,82,6,6,94,38,44,15.916667
SUPER_17,9860000,69,10,6,85,39,30,2.9375
SUPER_17,9870000,46,4,9,59,18,28,5
SUPER_17,9880000,32,2,2,36,16,16,1.75
SUPER_17,9890000,49,5,2,56,26,23,11
SUPER_17,9900000,65,6,9,80,29,36,6.9333334
SUPER_17,9910000,108,5,9,122,53,55,24.571428
SUPER_17,9920000,138,4,8,150,66,72,3.25
SUPER_17,9930000,31,3,1,35,19,12,2.75
SUPER_17,9940000,181,11,15,207,89,92,9.307693
SUPER_17,9950000,42,5,12,59,20,22,1.9411764
SUPER_17,9960000,13,1,4,18,8,5,8.2
SUPER_17,9970000,14,2,1,17,5,9,9
SUPER_17,9980000,88,6,6,100,44,44,16.416666
SUPER_17,9990000,110,9,7,126,60,50,3.125
SUPER_17,10000000,115,10,7,132,49,66,7.8235292
SUPER_17,10010000,69,4,4,77,43,26,5.25
SUPER_17,10020000,1,0,0,1,1,0,NaN
SUPER_17,10030000,2,0,1,3,2,0,1
SUPER_17,10040000,7,0,1,8,5,2,2
SUPER_17,10050000,13,0,2,15,6,7,1.5
SUPER_17,10060000,51,7,4,62,22,29,8.272727
SUPER_17,10070000,19,0,0,19,11,8,NaN
SUPER_17,10080000,38,3,1,42,22,16,1.5
SUPER_17,10090000,35,2,1,38,18,17,7.6666665
SUPER_17,10100000,21,2,0,23,8,13,4.5
SUPER_17,10110000,0,0,0,0,0,0,0
SUPER_17,10120000,0,0,0,0,0,0,0
SUPER_17,10130000,101,7,9,117,46,55,3.625
SUPER_17,10140000,75,4,8,87,33,42,4.3333335
SUPER_17,10150000,47,2,5,54,24,23,8.428572
SUPER_17,10160000,90,8,6,104,37,53,6.357143
SUPER_17,10170000,25,1,3,29,11,14,1
SUPER_17,10180000,109,7,4,120,54,55,10.181818
SUPER_17,10190000,114,11,11,136,54,60,7.0454545
SUPER_17,10200000,110,6,5,121,54,56,5.909091
SUPER_17,10210000,50,1,4,55,28,22,3
SUPER_17,10220000,8,2,1,11,3,5,22
SUPER_17,10230000,3,0,1,4,3,0,1
SUPER_17,10240000,38,3,4,45,21,17,109.42857
SUPER_17,10250000,27,1,3,31,10,17,8
SUPER_17,10260000,100,6,15,121,45,55,15
SUPER_17,10270000,130,15,11,156,66,64,4.6538463
SUPER_17,10280000,37,3,3,43,24,13,3.5
SUPER_17,10290000,54,10,1,65,32,22,1.5454545
SUPER_17,10300000,163,12,9,184,67,96,6.2380953
SUPER_17,10310000,156,14,10,180,73,83,3.7916667
SUPER_17,10320000,64,6,7,77,33,31,36.846153
SUPER_17,10330000,1,1,1,3,0,1,6
SUPER_17,10340000,0,0,1,1,0,0,6
SUPER_17,10350000,4,0,0,4,1,3,NaN
SUPER_17,10360000,1,0,1,2,0,1,1
SUPER_17,10370000,4,0,0,4,1,3,NaN
SUPER_17,10380000,5,0,2,7,3,2,1
SUPER_17,10390000,53,7,3,63,28,25,6.5
SUPER_17,10400000,66,8,5,79,39,27,6.5384617
SUPER_17,10410000,0,0,0,0,0,0,0
SUPER_17,10420000,0,0,0,0,0,0,0
SUPER_17,10430000,96,6,7,109,48,48,10.076923
SUPER_17,10440000,152,18,12,182,82,70,8.466666
SUPER_17,10450000,1,0,0,1,1,0,NaN
SUPER_17,10460000,21,3,2,26,7,14,8.8
SUPER_17,10470000,113,4,7,124,60,53,16.181818
SUPER_17,10480000,107,7,7,121,47,60,9.142858
SUPER_17,10490000,130,6,12,148,63,67,4.5
SUPER_17,10500000,113,12,14,139,60,53,6.3846154
SUPER_17,10510000,170,13,15,198,88,82,7.535714
SUPER_17,10520000,110,5,13,128,49,61,3.4444444
SUPER_17,10530000,143,16,10,169,69,74,3.3076923
SUPER_17,10540000,29,2,2,33,19,10,3
SUPER_17,10550000,112,12,9,133,49,63,13.904762
SUPER_17,10560000,32,1,4,37,10,22,35.4
SUPER_17,10570000,82,3,5,90,52,30,4.375
SUPER_17,10580000,52,7,5,64,24,28,8.833333
SUPER_17,10590000,70,7,3,80,34,36,2.9
SUPER_17,10600000,144,5,8,157,76,68,2.9230769
SUPER_17,10610000,59,3,5,67,32,27,5
SUPER_17,10620000,71,4,4,79,43,28,7
SUPER_17,10630000,56,5,1,62,25,31,2.6666667
SUPER_17,10640000,1,0,0,1,0,1,NaN
SUPER_17,10650000,5,0,0,5,2,3,NaN
SUPER_17,10660000,130,12,9,151,71,59,4.285714
SUPER_17,10670000,27,4,8,39,13,14,12.25
SUPER_17,10680000,129,12,6,147,64,65,6.611111
SUPER_17,10690000,66,6,5,77,32,34,6.4545455
SUPER_17,10700000,53,4,6,63,26,27,5
SUPER_17,10710000,138,20,12,170,75,63,21.1875
SUPER_17,10720000,2,1,0,3,2,0,1
SUPER_17,10730000,2,1,0,3,2,0,1
SUPER_17,10740000,1,0,0,1,0,1,NaN
SUPER_17,10750000,2,0,0,2,1,1,NaN
SUPER_17,10760000,37,3,3,43,17,20,4
SUPER_17,10770000,45,4,2,51,19,26,7.5
SUPER_17,10780000,78,9,6,93,38,40,8.8
SUPER_17,10790000,95,11,9,115,48,47,18.05
SUPER_17,10800000,28,0,1,29,13,15,2
SUPER_17,10810000,49,0,0,49,27,22,NaN
SUPER_17,10820000,75,3,6,84,38,37,3.4444444
SUPER_17,10830000,135,8,10,153,74,61,2.3888888
SUPER_17,10840000,130,7,10,147,71,59,14.235294
SUPER_17,10850000,100,11,7,118,55,45,2.6111112
SUPER_17,10860000,75,3,3,81,37,38,15
SUPER_17,10870000,97,12,15,124,45,52,5.703704
SUPER_17,10880000,50,7,11,68,28,22,11.833333
SUPER_17,10890000,75,2,5,82,38,37,4.285714
SUPER_17,10900000,37,2,4,43,17,20,2.5
SUPER_17,10910000,137,13,15,165,58,79,8.178572
SUPER_17,10920000,152,13,10,175,78,74,6.0434785
SUPER_17,10930000,95,10,6,111,51,44,6.625
SUPER_17,10940000,80,5,7,92,37,43,4.5833335
SUPER_17,10950000,84,12,9,105,36,48,3.5238094
SUPER_17,10960000,61,7,1,69,34,27,15.75
SUPER_17,10970000,2,1,0,3,1,1,1
SUPER_17,10980000,5,4,0,9,3,2,2.25
SUPER_17,10990000,87,9,10,106,47,40,19.578947
SUPER_17,11000000,152,8,15,175,89,63,16.391304
SUPER_17,11010000,23,2,0,25,12,11,24.5
SUPER_17,11020000,67,8,3,78,33,34,5.4545455
SUPER_17,11030000,0,0,0,0,0,0,0
SUPER_17,11040000,0,0,0,0,0,0,0
SUPER_17,11050000,0,0,0,0,0,0,0
SUPER_17,11060000,0,0,0,0,0,0,0
SUPER_17,11070000,76,4,7,87,41,35,18.636364
SUPER_17,11080000,3,1,0,4,0,3,1
SUPER_17,11090000,2,0,0,2,1,1,NaN
SUPER_17,11100000,1,2,0,3,0,1,27
SUPER_17,11110000,2,1,0,3,0,2,1
SUPER_17,11120000,3,0,0,3,3,0,NaN
SUPER_17,11130000,3,0,0,3,1,2,NaN
SUPER_17,11140000,1,0,0,1,1,0,NaN
SUPER_17,11150000,2,0,0,2,2,0,NaN
SUPER_17,11160000,8,0,1,9,5,3,10
SUPER_17,11170000,102,4,5,111,46,56,4
SUPER_17,11180000,129,9,11,149,67,62,11.15
SUPER_17,11190000,23,1,1,25,13,10,3
SUPER_17,11200000,4,0,0,4,4,0,NaN
SUPER_17,11210000,68,2,1,71,45,23,16
SUPER_17,11220000,96,10,8,114,53,43,3.6111112
SUPER_17,11230000,43,4,0,47,21,22,14
SUPER_17,11240000,35,1,2,38,15,20,3.3333333
SUPER_17,11250000,31,2,4,37,20,11,9.833333
SUPER_17,11260000,0,0,0,0,0,0,0
SUPER_17,11270000,0,0,0,0,0,0,0
SUPER_17,11280000,146,10,10,166,80,66,5.1
SUPER_17,11290000,91,6,8,105,45,46,9.285714
SUPER_17,11300000,56,1,4,61,23,33,4.6
SUPER_17,11310000,0,0,0,0,0,0,0
SUPER_17,11320000,0,0,0,0,0,0,0
SUPER_17,11330000,163,7,7,177,78,85,1.9285715
SUPER_17,11340000,130,6,8,144,65,65,7.428571
SUPER_17,11350000,0,0,0,0,0,0,0
SUPER_17,11360000,0,0,0,0,0,0,0
SUPER_17,11370000,0,0,0,0,0,0,0
SUPER_17,11380000,0,0,0,0,0,0,0
SUPER_17,11390000,125,14,12,151,62,63,10.538462
SUPER_17,11400000,51,0,4,55,31,20,7.5
SUPER_17,11410000,11,0,0,11,4,7,NaN
SUPER_17,11420000,5,1,0,6,1,4,1
SUPER_17,11430000,3,1,0,4,0,3,1
SUPER_17,11440000,2,0,0,2,0,2,NaN
SUPER_17,11450000,3,0,0,3,2,1,NaN
SUPER_17,11460000,2,0,0,2,1,1,NaN
SUPER_17,11470000,3,0,0,3,0,3,NaN
SUPER_17,11480000,0,1,0,1,0,0,1
SUPER_17,11490000,3,0,1,4,3,0,5
SUPER_17,11500000,1,0,0,1,1,0,NaN
SUPER_17,11510000,3,0,0,3,1,2,NaN
SUPER_17,11520000,2,0,0,2,2,0,NaN
SUPER_17,11530000,27,0,4,31,16,11,4
SUPER_17,11540000,122,7,9,138,53,69,9.6875
SUPER_17,11550000,50,1,3,54,31,19,2.5
SUPER_17,11560000,49,2,5,56,19,30,9.285714
SUPER_17,11570000,2,2,0,4,2,0,3
SUPER_17,11580000,0,0,0,0,0,0,0
SUPER_17,11590000,0,0,0,0,0,0,0
SUPER_17,11600000,4,1,2,7,1,3,1.3333334
SUPER_17,11610000,0,0,0,0,0,0,0
SUPER_17,11620000,0,0,0,0,0,0,0
SUPER_17,11630000,49,6,2,57,24,25,5.5
SUPER_17,11640000,71,3,2,76,38,33,4.4
SUPER_17,11650000,65,4,9,78,30,35,10.538462
SUPER_17,11660000,56,2,2,60,29,27,9.5
SUPER_17,11670000,37,4,2,43,19,18,6.1666665
SUPER_17,11680000,0,0,0,0,0,0,0
SUPER_17,11690000,0,0,0,0,0,0,0
SUPER_17,11700000,0,0,0,0,0,0,0
SUPER_17,11710000,0,0,0,0,0,0,0
SUPER_17,11720000,0,0,0,0,0,0,0
SUPER_17,11730000,0,0,0,0,0,0,0
SUPER_17,11740000,0,0,0,0,0,0,0
SUPER_17,11750000,176,8,15,199,92,84,26.304348
SUPER_17,11760000,2,0,0,2,2,0,NaN
SUPER_17,11770000,1,0,0,1,0,1,NaN
SUPER_17,11780000,0,2,0,2,0,0,20
SUPER_17,11790000,3,0,0,3,1,2,NaN
SUPER_17,11800000,3,0,0,3,2,1,NaN
SUPER_17,11810000,3,0,0,3,3,0,NaN
SUPER_17,11820000,5,1,0,6,3,2,18
SUPER_17,11830000,33,0,3,36,15,18,1
SUPER_17,11840000,47,2,3,52,26,21,6.2
SUPER_17,11850000,120,8,9,137,66,54,3.235294
SUPER_17,11860000,134,6,8,148,75,59,24.5
SUPER_17,11870000,64,4,4,72,33,31,21.25
SUPER_17,11880000,103,5,5,113,44,59,5.5
SUPER_17,11890000,78,5,4,87,40,38,6.2222223
SUPER_17,11900000,142,11,3,156,75,67,3.5
SUPER_17,11910000,131,9,5,145,78,53,35.5
SUPER_17,11920000,135,8,4,147,71,64,3.25
SUPER_17,11930000,0,0,0,0,0,0,0
SUPER_17,11940000,0,0,0,0,0,0,0
SUPER_17,11950000,12,2,0,14,7,5,8
SUPER_17,11960000,134,8,11,153,71,63,42.894737
SUPER_17,11970000,143,10,8,161,73,70,6.7777777
SUPER_17,11980000,33,1,2,36,15,18,9.333333
SUPER_17,11990000,92,11,5,108,40,52,7.1875
SUPER_17,12000000,108,4,7,119,60,48,7.3636365
SUPER_17,12010000,117,3,4,124,63,54,8.142858
SUPER_17,12020000,64,4,6,74,30,34,7.3
SUPER_17,12030000,101,7,12,120,54,47,4.1578946
SUPER_17,12040000,0,0,0,0,0,0,0
SUPER_17,12050000,0,0,0,0,0,0,0
SUPER_17,12060000,34,2,2,38,20,14,1.25
SUPER_17,12070000,0,0,0,0,0,0,0
SUPER_17,12080000,0,0,0,0,0,0,0
SUPER_17,12090000,97,7,8,112,53,44,3.2
SUPER_17,12100000,90,2,5,97,45,45,8
SUPER_17,12110000,46,5,3,54,27,19,4.25
SUPER_17,12120000,59,4,3,66,26,33,6
SUPER_17,12130000,124,9,6,139,76,48,8.866667
SUPER_17,12140000,104,9,3,116,47,57,6.4166665
SUPER_17,12150000,73,2,9,84,35,38,42.454544
SUPER_17,12160000,163,5,16,184,84,79,15.523809
SUPER_17,12170000,112,14,5,131,64,48,6.4736843
SUPER_17,12180000,119,10,7,136,59,60,8.294118
SUPER_17,12190000,72,4,3,79,48,24,6.571429
SUPER_17,12200000,157,9,10,176,97,60,7.2105265
SUPER_17,12210000,33,5,3,41,14,19,4.875
SUPER_17,12220000,77,10,7,94,40,37,8.882353
SUPER_17,12230000,115,7,8,130,70,45,14.666667
SUPER_17,12240000,7,3,1,11,4,3,3
SUPER_17,12250000,105,2,4,111,62,43,5.1666665
SUPER_17,12260000,130,11,6,147,64,66,32.235294
SUPER_17,12270000,55,2,2,59,30,25,7.25
SUPER_17,12280000,36,2,1,39,17,19,8.333333
SUPER_17,12290000,2,0,2,4,2,0,2
SUPER_17,12300000,19,0,2,21,9,10,1.5
SUPER_17,12310000,28,2,0,30,14,14,8
SUPER_17,12320000,83,6,3,92,51,32,6
SUPER_17,12330000,4,3,0,7,3,1,2
SUPER_17,12340000,2,0,0,2,1,1,NaN
SUPER_17,12350000,1,0,1,2,0,1,1
SUPER_17,12360000,1,0,2,3,0,1,1.5
SUPER_17,12370000,3,1,0,4,2,1,3
SUPER_17,12380000,0,2,1,3,0,0,2.3333333
SUPER_17,12390000,2,0,0,2,1,1,NaN
SUPER_17,12400000,15,2,0,17,8,7,1.5
SUPER_17,12410000,8,0,0,8,5,3,NaN
SUPER_17,12420000,4,0,0,4,1,3,NaN
SUPER_17,12430000,13,0,0,13,7,6,NaN
SUPER_17,12440000,4,0,1,5,2,2,31
SUPER_17,12450000,2,2,0,4,1,1,2
SUPER_17,12460000,5,2,2,9,3,2,3.75
SUPER_17,12470000,7,1,0,8,5,2,1
SUPER_17,12480000,2,0,0,2,2,0,NaN
SUPER_17,12490000,7,0,0,7,4,3,NaN
SUPER_17,12500000,7,2,0,9,6,1,1
SUPER_17,12510000,6,0,0,6,4,2,NaN
SUPER_17,12520000,5,1,1,7,2,3,1.5
SUPER_17,12530000,4,0,0,4,2,2,NaN
SUPER_17,12540000,4,0,1,5,2,2,1
SUPER_17,12550000,3,0,0,3,1,2,NaN
SUPER_17,12560000,3,0,0,3,2,1,NaN
SUPER_17,12570000,2,1,1,4,1,1,4
SUPER_17,12580000,8,0,3,11,3,5,3
SUPER_17,12590000,24,3,0,27,10,14,10
SUPER_17,12600000,19,3,2,24,12,7,1.2
SUPER_17,12610000,4,0,0,4,3,1,NaN
SUPER_17,12620000,5,0,0,5,3,2,NaN
SUPER_17,12630000,5,0,1,6,2,3,30
SUPER_17,12640000,1,0,1,2,0,1,1
SUPER_17,12650000,1,0,0,1,1,0,NaN
SUPER_17,12660000,1,0,0,1,0,1,NaN
SUPER_17,12670000,4,0,0,4,2,2,NaN
SUPER_17,12680000,3,0,1,4,1,2,10
SUPER_17,12690000,28,6,2,36,15,13,6.125
SUPER_17,12700000,77,3,10,90,39,38,4
SUPER_17,12710000,92,4,5,101,44,48,8.555555
SUPER_17,12720000,3,1,0,4,1,2,1
SUPER_17,12730000,1,1,0,2,1,0,1
SUPER_17,12740000,3,0,1,4,1,2,2
SUPER_17,12750000,2,0,0,2,1,1,NaN
SUPER_17,12760000,71,1,6,78,40,31,13.714286
SUPER_17,12770000,193,9,11,213,82,111,34.8
SUPER_17,12780000,172,6,18,196,92,80,22.666666
SUPER_17,12790000,175,17,13,205,101,74,6.766667
SUPER_17,12800000,3,0,0,3,1,2,NaN
SUPER_17,12810000,35,2,0,37,18,17,2.5
SUPER_17,12820000,42,2,1,45,25,17,4.3333335
SUPER_17,12830000,133,5,9,147,68,65,7.642857
SUPER_17,12840000,92,1,7,100,37,55,5.875
SUPER_17,12850000,193,8,13,214,99,94,4.142857
SUPER_17,12860000,86,5,2,93,39,47,6.857143
SUPER_17,12870000,167,10,14,191,88,79,4.5
SUPER_17,12880000,126,5,5,136,67,59,11.5
SUPER_17,12890000,202,15,12,229,88,114,4.0740743
SUPER_17,12900000,172,6,5,183,104,68,25
SUPER_17,12910000,72,6,3,81,48,24,10.222222
SUPER_17,12920000,184,11,7,202,92,92,5.6666665
SUPER_17,12930000,147,10,12,169,75,72,5.0454545
SUPER_17,12940000,194,11,7,212,118,76,5.8333335
SUPER_17,12950000,114,7,4,125,54,60,3
SUPER_17,12960000,150,10,10,170,91,59,3.35
SUPER_17,12970000,166,10,11,187,93,73,10.238095
SUPER_17,12980000,25,2,3,30,8,17,10.6
SUPER_17,12990000,0,1,0,1,0,0,10
SUPER_17,13000000,4,0,0,4,3,1,NaN
SUPER_17,13010000,3,0,0,3,3,0,NaN
SUPER_17,13020000,1,1,0,2,1,0,1
SUPER_17,13030000,87,2,5,94,44,43,6.142857
SUPER_17,13040000,0,0,0,0,0,0,0
SUPER_17,13050000,0,0,0,0,0,0,0
SUPER_17,13060000,296,20,14,330,148,148,10.264706
SUPER_17,13070000,183,9,11,203,96,87,7.7
SUPER_17,13080000,144,10,6,160,84,60,5.5
SUPER_17,13090000,160,8,15,183,93,67,7.9565215
SUPER_17,13100000,89,8,4,101,48,41,46.583332
SUPER_17,13110000,2,0,1,3,0,2,1
SUPER_17,13120000,7,0,1,8,2,5,9
SUPER_17,13130000,83,8,8,99,43,40,6.875
SUPER_17,13140000,102,7,9,118,57,45,4.9375
SUPER_17,13150000,120,5,6,131,68,52,5
SUPER_17,13160000,43,4,1,48,19,24,9
SUPER_17,13170000,99,3,13,115,49,50,6.25
SUPER_17,13180000,44,2,1,47,25,19,9.666667
SUPER_17,13190000,1,1,0,2,1,0,5
SUPER_17,13200000,134,6,9,149,69,65,7.733333
SUPER_17,13210000,49,7,9,65,31,18,7.625
SUPER_17,13220000,10,1,1,12,6,4,3.5
SUPER_17,13230000,40,4,3,47,24,16,2.5714285
SUPER_17,13240000,121,11,11,143,70,51,6.318182
SUPER_17,13250000,6,2,0,8,2,4,2
SUPER_17,13260000,2,0,0,2,2,0,NaN
SUPER_17,13270000,15,0,1,16,12,3,8
SUPER_17,13280000,172,21,9,202,90,82,7.633333
SUPER_17,13290000,41,1,2,44,25,16,8.666667
SUPER_17,13300000,87,8,14,109,42,45,13.318182
SUPER_17,13310000,141,15,19,175,75,66,11.264706
SUPER_17,13320000,128,10,14,152,64,64,15.833333
SUPER_17,13330000,35,8,1,44,22,13,4.3333335
SUPER_17,13340000,59,7,4,70,30,29,4.7272725
SUPER_17,13350000,148,10,21,179,79,69,11.612904
SUPER_17,13360000,177,10,12,199,91,86,7.7272725
SUPER_17,13370000,112,6,13,131,63,49,5.1578946
SUPER_17,13380000,45,1,6,52,24,21,111.28571
SUPER_17,13390000,123,3,7,133,72,51,7.3
SUPER_17,13400000,49,5,4,58,28,21,4.4444447
SUPER_17,13410000,195,12,13,220,93,102,8.88
SUPER_17,13420000,93,8,7,108,44,49,9.533334
SUPER_17,13430000,55,2,3,60,27,28,2.4
SUPER_17,13440000,140,15,9,164,78,62,8.458333
SUPER_17,13450000,144,14,11,169,80,64,12.68
SUPER_17,13460000,96,3,5,104,50,46,12.25
SUPER_17,13470000,146,7,6,159,74,72,6.4615383
SUPER_17,13480000,45,4,7,56,20,25,8.909091
SUPER_17,13490000,76,6,10,92,33,43,6.9375
SUPER_17,13500000,115,2,5,122,60,55,47.857143
SUPER_17,13510000,41,5,2,48,19,22,8.285714
SUPER_17,13520000,151,7,9,167,94,57,7.0625
SUPER_17,13530000,173,16,9,198,82,91,4.48
SUPER_17,13540000,0,0,0,0,0,0,0
SUPER_17,13550000,0,0,0,0,0,0,0
SUPER_17,13560000,4,2,1,7,1,3,5
SUPER_17,13570000,3,0,0,3,1,2,NaN
SUPER_17,13580000,119,4,13,136,58,61,10
SUPER_17,13590000,26,2,0,28,17,9,13
SUPER_17,13600000,199,15,14,228,100,99,8.793103
SUPER_17,13610000,94,9,4,107,49,45,8
SUPER_17,13620000,12,0,1,13,9,3,2
SUPER_17,13630000,113,8,4,125,61,52,3.5
SUPER_17,13640000,145,13,15,173,68,77,5.857143
SUPER_17,13650000,117,9,6,132,66,51,4.9333334
SUPER_17,13660000,31,1,2,34,17,14,6.3333335
SUPER_17,13670000,14,1,2,17,4,10,5.6666665
SUPER_17,13680000,141,15,9,165,74,67,21.583334
SUPER_17,13690000,82,4,12,98,48,34,5.1875
SUPER_17,13700000,128,8,12,148,64,64,4.95
SUPER_17,13710000,121,3,10,134,61,60,4.5384617
SUPER_17,13720000,123,15,15,153,58,65,5.5
SUPER_17,13730000,102,4,7,113,53,49,11.636364
SUPER_17,13740000,55,5,7,67,30,25,6.5833335
SUPER_17,13750000,24,1,3,28,11,13,4.75
SUPER_17,13760000,103,5,13,121,50,53,9.055555
SUPER_17,13770000,115,9,11,135,58,57,11.25
SUPER_17,13780000,22,3,3,28,15,7,5.1666665
SUPER_17,13790000,145,5,13,163,78,67,3.6111112
SUPER_17,13800000,30,1,1,32,16,14,1
SUPER_17,13810000,9,0,0,9,7,2,NaN
SUPER_17,13820000,72,6,5,83,41,31,7.4545455
SUPER_17,13830000,77,4,4,85,45,32,9.75
SUPER_17,13840000,125,9,12,146,63,62,3.6666667
SUPER_17,13850000,96,6,9,111,45,51,5.0666666
SUPER_17,13860000,180,14,15,209,93,87,10.448276
SUPER_17,13870000,39,3,3,45,20,19,2.5
SUPER_17,13880000,60,5,3,68,33,27,3.25
SUPER_17,13890000,46,3,4,53,25,21,9.428572
SUPER_17,13900000,0,0,0,0,0,0,0
SUPER_17,13910000,0,0,0,0,0,0,0
SUPER_17,13920000,3,0,1,4,2,1,2
SUPER_17,13930000,3,0,1,4,1,2,4
SUPER_17,13940000,1,0,0,1,1,0,NaN
SUPER_17,13950000,17,3,0,20,9,8,5.3333335
SUPER_17,13960000,0,0,0,0,0,0,0
SUPER_17,13970000,0,0,0,0,0,0,0
SUPER_17,13980000,93,9,9,111,44,49,13.444445
SUPER_17,13990000,1,1,0,2,0,1,1
SUPER_17,14000000,150,8,9,167,82,68,6
SUPER_17,14010000,159,13,15,187,82,77,8.285714
SUPER_17,14020000,112,12,5,129,54,58,4.2941175
SUPER_17,14030000,79,8,4,91,38,41,10.083333
SUPER_17,14040000,128,8,6,142,68,60,8.214286
SUPER_17,14050000,61,9,3,73,24,37,4.0833335
SUPER_17,14060000,99,7,12,118,43,56,28.263159
SUPER_17,14070000,149,11,14,174,81,68,5.72
SUPER_17,14080000,0,0,0,0,0,0,0
SUPER_17,14090000,0,0,0,0,0,0,0
SUPER_17,14100000,44,6,3,53,23,21,11.777778
SUPER_17,14110000,84,5,4,93,42,42,14
SUPER_17,14120000,111,12,12,135,60,51,8
SUPER_17,14130000,105,9,11,125,42,63,8.85
SUPER_17,14140000,109,5,13,127,56,53,11.777778
SUPER_17,14150000,206,13,13,232,101,105,7.3076925
SUPER_17,14160000,117,6,10,133,63,54,8.4375
SUPER_17,14170000,101,4,8,113,58,43,4.8333335
SUPER_17,14180000,2,0,1,3,1,1,1
SUPER_17,14190000,2,0,0,2,1,1,NaN
SUPER_17,14200000,2,1,0,3,1,1,2
SUPER_17,14210000,0,0,0,0,0,0,0
SUPER_17,14220000,0,0,0,0,0,0,0
SUPER_17,14230000,0,0,0,0,0,0,0
SUPER_17,14240000,28,2,1,31,13,15,2.3333333
SUPER_17,14250000,16,2,1,19,10,6,2
SUPER_17,14260000,0,0,0,0,0,0,0
SUPER_17,14270000,0,0,0,0,0,0,0
SUPER_17,14280000,0,0,0,0,0,0,0
SUPER_17,14290000,195,10,6,211,103,92,5.75
SUPER_17,14300000,133,13,17,163,61,72,4.3
SUPER_17,14310000,0,0,0,0,0,0,0
SUPER_17,14320000,0,0,0,0,0,0,0
SUPER_17,14330000,110,16,11,137,66,44,13.666667
SUPER_17,14340000,90,7,4,101,41,49,3.1818182
SUPER_17,14350000,122,8,18,148,65,57,5.5
SUPER_17,14360000,21,3,3,27,15,6,9.833333
SUPER_17,14370000,3,1,0,4,1,2,1
SUPER_17,14380000,4,3,0,7,2,2,10
SUPER_17,14390000,26,2,2,30,11,15,2.5
SUPER_17,14400000,34,3,2,39,15,19,10.4
SUPER_17,14410000,228,10,11,249,116,112,3.142857
SUPER_17,14420000,98,7,4,109,53,45,5.2727275
SUPER_17,14430000,93,10,4,107,41,52,3.5
SUPER_17,14440000,59,4,8,71,33,26,3.9166667
SUPER_17,14450000,101,7,8,116,52,49,11.4
SUPER_17,14460000,117,16,6,139,70,47,2.9545455
SUPER_17,14470000,70,5,7,82,34,36,9.5
SUPER_17,14480000,67,4,10,81,36,31,9.642858
SUPER_17,14490000,83,4,9,96,47,36,3.1538463
SUPER_17,14500000,155,11,16,182,79,76,9.37037
SUPER_17,14510000,26,1,3,30,13,13,3.25
SUPER_17,14520000,163,12,12,187,95,68,10.166667
SUPER_17,14530000,163,12,10,185,84,79,6.7727275
SUPER_17,14540000,111,7,9,127,45,66,4.0625
SUPER_17,14550000,142,13,10,165,75,67,39.652172
SUPER_17,14560000,94,10,7,111,54,40,26.235294
SUPER_17,14570000,130,11,4,145,61,69,12.8
SUPER_17,14580000,95,2,12,109,51,44,6.5
SUPER_17,14590000,7,2,0,9,4,3,8
SUPER_17,14600000,37,3,1,41,17,20,1.25
SUPER_17,14610000,50,4,10,64,23,27,2.0714285
SUPER_17,14620000,90,10,8,108,39,51,1.9444444
SUPER_17,14630000,99,6,13,118,40,59,9.421053
SUPER_17,14640000,155,18,13,186,78,77,5.032258
SUPER_17,14650000,39,4,4,47,22,17,2
SUPER_17,14660000,0,0,1,1,0,0,1
SUPER_17,14670000,71,4,6,81,34,37,5.2
SUPER_17,14680000,55,6,4,65,25,30,5.3
SUPER_17,14690000,132,11,10,153,70,62,6.714286
SUPER_17,14700000,74,6,6,86,35,39,10.25
SUPER_17,14710000,101,13,5,119,57,44,3.7777777
SUPER_17,14720000,129,3,4,136,69,60,7
SUPER_17,14730000,42,5,2,49,24,18,8
SUPER_17,14740000,4,0,0,4,1,3,NaN
SUPER_17,14750000,131,11,7,149,60,71,6.5555553
SUPER_17,14760000,100,9,7,116,41,59,3.4375
SUPER_17,14770000,88,2,5,95,46,42,2
SUPER_17,14780000,156,11,14,181,70,86,7.64
SUPER_17,14790000,25,4,2,31,10,15,1.6666666
SUPER_17,14800000,1,0,0,1,0,1,NaN
SUPER_17,14810000,76,8,8,92,35,41,5.1875
SUPER_17,14820000,127,9,10,146,64,63,6.736842
SUPER_17,14830000,139,11,7,157,63,76,8.277778
SUPER_17,14840000,132,8,8,148,69,63,6.5
SUPER_17,14850000,86,8,7,101,45,41,5.866667
SUPER_17,14860000,0,0,0,0,0,0,0
SUPER_17,14870000,0,0,0,0,0,0,0
SUPER_17,14880000,8,1,0,9,4,4,2
SUPER_17,14890000,1,1,0,2,1,0,2
SUPER_17,14900000,0,0,0,0,0,0,0
SUPER_17,14910000,0,0,0,0,0,0,0
SUPER_17,14920000,2,0,0,2,2,0,NaN
SUPER_17,14930000,15,2,0,17,11,4,1.5
SUPER_17,14940000,135,8,12,155,71,64,5.2
SUPER_17,14950000,54,5,8,67,27,27,7.076923
SUPER_17,14960000,0,0,0,0,0,0,0
SUPER_17,14970000,0,0,0,0,0,0,0
SUPER_17,14980000,3,0,0,3,1,2,NaN
SUPER_17,14990000,0,0,0,0,0,0,0
SUPER_17,15000000,0,0,0,0,0,0,0
SUPER_17,15010000,25,2,1,28,10,15,5
SUPER_17,15020000,1,0,0,1,0,1,NaN
SUPER_17,15030000,1,0,1,2,0,1,4
SUPER_17,15040000,1,0,0,1,0,1,NaN
SUPER_17,15050000,70,4,3,77,35,35,5.571429
SUPER_17,15060000,64,8,8,80,36,28,3.75
SUPER_17,15070000,158,20,11,189,79,79,3.967742
SUPER_17,15080000,114,4,10,128,46,68,9.142858
SUPER_17,15090000,163,14,26,203,72,91,8.125
SUPER_17,15100000,179,18,12,209,103,76,14.266666
SUPER_17,15110000,146,11,12,169,80,66,4.869565
SUPER_17,15120000,95,6,8,109,58,37,5.428571
SUPER_17,15130000,120,9,8,137,55,65,11.470589
SUPER_17,15140000,37,5,6,48,16,21,6.909091
SUPER_17,15150000,85,5,6,96,43,42,6.6363635
SUPER_17,15160000,95,5,9,109,50,45,24.785715
SUPER_17,15170000,85,8,7,100,40,45,5.3333335
SUPER_17,15180000,63,6,6,75,27,36,16.75
SUPER_17,15190000,119,7,11,137,56,63,8.111111
SUPER_17,15200000,93,12,8,113,44,49,3.8
SUPER_17,15210000,29,4,3,36,16,13,3
SUPER_17,15220000,106,11,11,128,49,57,6.181818
SUPER_17,15230000,74,4,10,88,35,39,56.857143
SUPER_17,15240000,19,2,2,23,17,2,3
SUPER_17,15250000,92,9,10,111,44,48,7.2105265
SUPER_17,15260000,61,5,5,71,27,34,5.8
SUPER_17,15270000,124,11,7,142,61,63,7.1666665
SUPER_17,15280000,104,7,5,116,51,53,5.8333335
SUPER_17,15290000,73,4,9,86,36,37,42.53846
SUPER_17,15300000,66,2,5,73,36,30,2.4285715
SUPER_17,15310000,83,4,7,94,39,44,11.363636
SUPER_17,15320000,69,12,11,92,32,37,5.7391305
SUPER_17,15330000,96,5,11,112,55,41,6.875
SUPER_17,15340000,27,3,2,32,16,11,8.4
SUPER_17,15350000,100,8,5,113,46,54,8
SUPER_17,15360000,4,1,3,8,3,1,7.25
SUPER_17,15370000,20,3,0,23,5,15,13.666667
SUPER_17,15380000,105,13,12,130,60,45,20.24
SUPER_17,15390000,107,9,6,122,57,50,6.3333335
SUPER_17,15400000,167,6,9,182,94,73,3.6666667
SUPER_17,15410000,93,5,9,107,46,47,7.285714
SUPER_17,15420000,33,5,4,42,14,19,23.333334
SUPER_17,15430000,99,5,3,107,50,49,5.375
SUPER_17,15440000,10,0,1,11,5,5,1
SUPER_17,15450000,48,0,4,52,23,25,3.75
SUPER_17,15460000,74,4,8,86,36,38,4
SUPER_17,15470000,14,4,0,18,8,6,3.5
SUPER_17,15480000,2,0,1,3,2,0,15
SUPER_17,15490000,17,1,0,18,9,8,37
SUPER_17,15500000,3,0,0,3,1,2,NaN
SUPER_17,15510000,3,0,0,3,2,1,NaN
SUPER_17,15520000,0,0,0,0,0,0,0
SUPER_17,15530000,0,0,0,0,0,0,0
SUPER_17,15540000,7,0,0,7,5,2,NaN
SUPER_17,15550000,1,0,1,2,1,0,2
SUPER_17,15560000,0,1,0,1,0,0,4
SUPER_17,15570000,1,0,0,1,1,0,NaN
SUPER_17,15580000,3,0,0,3,2,1,NaN
SUPER_17,15590000,2,0,0,2,2,0,NaN
SUPER_17,15600000,4,0,0,4,0,4,NaN
SUPER_17,15610000,5,0,0,5,3,2,NaN
SUPER_17,15620000,2,0,0,2,1,1,NaN
SUPER_17,15630000,1,0,0,1,1,0,NaN
SUPER_17,15640000,3,0,0,3,2,1,NaN
SUPER_17,15650000,3,1,0,4,1,2,39
SUPER_17,15660000,4,0,2,6,1,3,6.5
SUPER_17,15670000,3,0,0,3,2,1,NaN
SUPER_17,15680000,3,0,0,3,3,0,NaN
SUPER_17,15690000,105,5,10,120,59,46,6.4
SUPER_17,15700000,98,4,3,105,47,51,3.7142856
SUPER_17,15710000,82,5,6,93,41,41,5.818182
SUPER_17,15720000,76,12,7,95,40,36,21.263159
SUPER_17,15730000,101,7,5,113,52,49,5.9166665
SUPER_17,15740000,101,3,10,114,53,48,5.3846154
SUPER_17,15750000,154,8,8,170,95,59,20.5
SUPER_17,15760000,127,13,5,145,61,66,6.8333335
SUPER_17,15770000,187,10,14,211,103,84,8.291667
SUPER_17,15780000,118,3,12,133,53,65,7.6666665
SUPER_17,15790000,47,3,1,51,18,29,7.25
SUPER_17,15800000,81,10,3,94,39,42,1.9230769
SUPER_17,15810000,0,0,0,0,0,0,0
SUPER_17,15820000,0,0,0,0,0,0,0
SUPER_17,15830000,169,12,15,196,87,82,12.259259
SUPER_17,15840000,138,5,9,152,68,70,5.5
SUPER_17,15850000,0,0,0,0,0,0,0
SUPER_17,15860000,0,0,0,0,0,0,0
SUPER_17,15870000,0,0,0,0,0,0,0
SUPER_17,15880000,0,0,0,0,0,0,0
SUPER_17,15890000,0,0,0,0,0,0,0
SUPER_17,15900000,0,0,0,0,0,0,0
SUPER_17,15910000,0,0,0,0,0,0,0
SUPER_17,15920000,0,0,0,0,0,0,0
SUPER_17,15930000,54,1,1,56,32,22,3
SUPER_17,15940000,16,3,0,19,7,9,1
SUPER_17,15950000,29,0,1,30,14,15,44
SUPER_17,15960000,27,1,3,31,19,8,2.25
SUPER_17,15970000,14,3,1,18,4,10,6.25
SUPER_17,15980000,51,3,6,60,23,28,4.2222223
SUPER_17,15990000,39,2,3,44,21,18,7.4
SUPER_17,16000000,123,10,5,138,66,57,1.7333333
SUPER_17,16010000,148,9,11,168,74,74,21.05
SUPER_17,16020000,8,0,0,8,6,2,NaN
SUPER_17,16030000,35,2,6,43,14,21,17.5
SUPER_17,16040000,104,2,11,117,54,50,13
SUPER_17,16050000,82,9,12,103,37,45,14.904762
SUPER_17,16060000,96,7,8,111,47,49,3.8
SUPER_17,16070000,26,1,4,31,8,18,2.8
SUPER_17,16080000,55,3,3,61,25,30,1.8333334
SUPER_17,16090000,63,0,2,65,29,34,15
SUPER_17,16100000,0,0,0,0,0,0,0
SUPER_17,16110000,0,0,0,0,0,0,0
SUPER_17,16120000,0,0,0,0,0,0,0
SUPER_17,16130000,0,0,0,0,0,0,0
SUPER_17,16140000,0,0,0,0,0,0,0
SUPER_17,16150000,0,0,0,0,0,0,0
SUPER_17,16160000,37,3,6,46,15,22,1.5555556
SUPER_17,16170000,0,0,0,0,0,0,0
SUPER_17,16180000,0,0,0,0,0,0,0
SUPER_17,16190000,0,0,0,0,0,0,0
SUPER_17,16200000,0,0,0,0,0,0,0
SUPER_17,16210000,101,7,9,117,45,56,3.5
SUPER_17,16220000,130,11,14,155,67,63,8.88
SUPER_17,16230000,117,16,15,148,52,65,4.16129
SUPER_17,16240000,51,2,9,62,24,27,19.363636
SUPER_17,16250000,49,5,4,58,31,18,1.6666666
SUPER_17,16260000,65,0,6,71,28,37,3.6666667
SUPER_17,16270000,144,14,13,171,60,84,12.259259
SUPER_17,16280000,1,0,0,1,1,0,NaN
SUPER_17,16290000,25,4,1,30,15,10,9
SUPER_17,16300000,67,4,5,76,32,35,3.5555556
SUPER_17,16310000,64,6,2,72,28,36,3
SUPER_17,16320000,100,6,3,109,45,55,5
SUPER_17,16330000,95,8,1,104,48,47,4
SUPER_17,16340000,2,0,0,2,1,1,NaN
SUPER_17,16350000,4,1,0,5,1,3,2
SUPER_17,16360000,84,8,6,98,42,42,7.714286
SUPER_17,16370000,33,4,2,39,19,14,3.3333333
SUPER_17,16380000,96,9,14,119,59,37,11.217391
SUPER_17,16390000,166,9,9,184,86,80,11.388889
SUPER_17,16400000,93,5,4,102,51,42,31
SUPER_17,16410000,131,10,13,154,74,57,6.869565
SUPER_17,16420000,99,6,4,109,51,48,6.8
SUPER_17,16430000,109,9,8,126,48,61,6.2352943
SUPER_17,16440000,111,5,7,123,38,73,2.75
SUPER_17,16450000,29,3,2,34,18,11,8.4
SUPER_17,16460000,97,5,7,109,48,49,5.1666665
SUPER_17,16470000,108,3,8,119,49,59,2.7272727
SUPER_17,16480000,101,7,8,116,53,48,12.933333
SUPER_17,16490000,48,3,5,56,26,22,3.25
SUPER_17,16500000,107,10,11,128,50,57,4.3333335
SUPER_17,16510000,125,9,13,147,58,67,14.136364
SUPER_17,16520000,112,10,3,125,57,55,3
SUPER_17,16530000,117,13,12,142,57,60,12
SUPER_17,16540000,94,6,20,120,43,51,5.9615383
SUPER_17,16550000,3,0,0,3,1,2,NaN
SUPER_17,16560000,2,0,0,2,2,0,NaN
SUPER_17,16570000,0,0,0,0,0,0,0
SUPER_17,16580000,0,0,0,0,0,0,0
SUPER_17,16590000,45,1,4,50,26,19,2
SUPER_17,16600000,129,12,10,151,73,56,16.363636
SUPER_17,16610000,91,6,9,106,44,47,8.733334
SUPER_17,16620000,77,9,5,91,45,32,7.571429
SUPER_17,16630000,76,5,9,90,39,37,9
SUPER_17,16640000,87,7,10,104,49,38,25.705883
SUPER_17,16650000,123,15,8,146,64,59,5.652174
SUPER_17,16660000,27,2,2,31,13,14,5
SUPER_17,16670000,75,6,11,92,40,35,12.588235
SUPER_17,16680000,62,2,4,68,28,34,2.6666667
SUPER_17,16690000,41,1,2,44,20,21,2.6666667
SUPER_17,16700000,51,7,5,63,24,27,9.75
SUPER_17,16710000,97,11,4,112,58,39,10.133333
SUPER_17,16720000,79,9,7,95,35,44,8.1875
SUPER_17,16730000,97,7,3,107,58,39,6.5
SUPER_17,16740000,84,13,12,109,44,40,5.28
SUPER_17,16750000,5,0,0,5,3,2,NaN
SUPER_17,16760000,47,3,3,53,26,21,75
SUPER_17,16770000,78,10,8,96,36,42,2.7777777
SUPER_17,16780000,69,5,5,79,40,29,7.3
SUPER_17,16790000,35,1,1,37,19,16,30.5
SUPER_17,16800000,108,9,5,122,48,60,19.928572
SUPER_17,16810000,123,3,14,140,59,64,8.588235
SUPER_17,16820000,42,5,2,49,21,21,69.85714
SUPER_17,16830000,120,14,11,145,67,53,8.68
SUPER_17,16840000,155,11,23,189,82,73,10.470589
SUPER_17,16850000,7,1,0,8,3,4,12
SUPER_17,16860000,28,4,4,36,14,14,9.375
SUPER_17,16870000,76,7,7,90,35,41,4.785714
SUPER_17,16880000,143,13,15,171,71,72,5.357143
SUPER_17,16890000,0,0,0,0,0,0,0
SUPER_17,16900000,0,0,0,0,0,0,0
SUPER_17,16910000,162,9,14,185,85,77,11.565217
SUPER_17,16920000,88,8,5,101,51,37,5.1538463
SUPER_17,16930000,92,7,9,108,40,52,5.5625
SUPER_17,16940000,5,0,0,5,4,1,NaN
SUPER_17,16950000,7,0,1,8,6,1,2
SUPER_17,16960000,4,0,1,5,2,2,1
SUPER_17,16970000,33,3,5,41,12,21,18.875
SUPER_17,16980000,60,2,6,68,36,24,5.375
SUPER_17,16990000,110,3,8,121,51,59,4.818182
SUPER_17,17000000,102,6,7,115,62,40,6.923077
SUPER_17,17010000,94,7,3,104,44,50,13.6
SUPER_17,17020000,22,0,1,23,8,14,2
SUPER_17,17030000,1,0,0,1,0,1,NaN
SUPER_17,17040000,2,0,1,3,1,1,1
SUPER_17,17050000,4,0,1,5,4,0,1
SUPER_17,17060000,2,0,0,2,0,2,NaN
SUPER_17,17070000,2,0,0,2,2,0,NaN
SUPER_17,17080000,5,1,0,6,2,3,1
SUPER_17,17090000,3,1,0,4,0,3,1
SUPER_17,17100000,1,0,2,3,1,0,26
SUPER_17,17110000,2,0,0,2,2,0,NaN
SUPER_17,17120000,77,13,7,97,30,47,8.5
SUPER_17,17130000,84,15,7,106,33,51,4.1363635
SUPER_17,17140000,57,8,8,73,25,32,6.625
SUPER_17,17150000,107,8,11,126,57,50,36.736843
SUPER_17,17160000,87,6,6,99,37,50,4
SUPER_17,17170000,52,5,10,67,28,24,8.333333
SUPER_17,17180000,81,7,6,94,46,35,6.076923
SUPER_17,17190000,36,4,4,44,17,19,10.75
SUPER_17,17200000,4,1,0,5,1,3,1
SUPER_17,17210000,117,8,11,136,57,60,3.368421
SUPER_17,17220000,71,6,7,84,33,38,3.8461537
SUPER_17,17230000,115,6,10,131,55,60,11.9375
SUPER_17,17240000,169,8,19,196,86,83,13.222222
SUPER_17,17250000,78,7,8,93,36,42,5.6666665
SUPER_17,17260000,94,9,12,115,48,46,3.952381
SUPER_17,17270000,45,1,4,50,21,24,2.4
SUPER_17,17280000,59,5,5,69,24,35,10.1
SUPER_17,17290000,86,7,7,100,43,43,7.285714
SUPER_17,17300000,94,5,8,107,49,45,1.8461539
SUPER_17,17310000,35,3,3,41,20,15,6.1666665
SUPER_17,17320000,71,3,7,81,37,34,5.9
SUPER_17,17330000,6,1,0,7,4,2,13
SUPER_17,17340000,42,5,11,58,23,19,14.6875
SUPER_17,17350000,72,5,7,84,43,29,9.166667
SUPER_17,17360000,77,7,5,89,43,34,13.416667
SUPER_17,17370000,33,4,2,39,16,17,3.5
SUPER_17,17380000,122,11,12,145,68,54,5.6086955
SUPER_17,17390000,116,8,1,125,61,55,9.444445
SUPER_17,17400000,79,5,6,90,35,44,7.2727275
SUPER_17,17410000,93,8,9,110,50,43,5.7058825
SUPER_17,17420000,109,10,9,128,48,61,4.1578946
SUPER_17,17430000,165,11,9,185,83,82,5.95
SUPER_17,17440000,71,9,2,82,41,30,3.5454545
SUPER_17,17450000,203,22,17,242,109,94,5.282051
SUPER_17,17460000,93,4,11,108,45,48,22.733334
SUPER_17,17470000,174,7,22,203,87,87,10.310345
SUPER_17,17480000,54,3,4,61,32,22,14.428572
SUPER_17,17490000,3,0,0,3,3,0,NaN
SUPER_17,17500000,89,7,9,105,46,43,6.0625
SUPER_17,17510000,41,5,1,47,15,26,9.5
SUPER_17,17520000,21,3,1,25,12,9,3
SUPER_17,17530000,121,11,7,139,60,61,12.777778
SUPER_17,17540000,195,15,16,226,94,101,6.16129
SUPER_17,17550000,113,5,7,125,54,59,15.5
SUPER_17,17560000,44,1,4,49,20,24,8.6
SUPER_17,17570000,76,5,11,92,44,32,4.8125
SUPER_17,17580000,132,6,7,145,72,60,11.615385
SUPER_17,17590000,21,1,1,23,16,5,2
SUPER_17,17600000,100,7,8,115,63,37,4.5333333
SUPER_17,17610000,43,4,2,49,24,19,5.3333335
SUPER_17,17620000,143,9,10,162,80,63,5.7894735
SUPER_17,17630000,64,3,5,72,33,31,11
SUPER_17,17640000,145,12,16,173,74,71,5.285714
SUPER_17,17650000,135,8,4,147,64,71,1.9166666
SUPER_17,17660000,52,1,7,60,27,25,3.75
SUPER_17,17670000,1,2,0,3,1,0,2.5
SUPER_17,17680000,31,1,1,33,14,17,6.5
SUPER_17,17690000,75,5,4,84,39,36,5.4444447
SUPER_17,17700000,119,7,9,135,56,63,12.8125
SUPER_17,17710000,149,10,5,164,87,62,5
SUPER_17,17720000,68,6,1,75,30,38,8
SUPER_17,17730000,19,0,1,20,10,9,1
SUPER_17,17740000,99,9,8,116,54,45,6.7647057
SUPER_17,17750000,71,7,8,86,36,35,4.4
SUPER_17,17760000,173,9,19,201,95,78,27.964285
SUPER_17,17770000,153,9,8,170,80,73,33.47059
SUPER_17,17780000,145,15,7,167,78,67,7.181818
SUPER_17,17790000,80,5,1,86,41,39,3
SUPER_17,17800000,122,5,9,136,68,54,8.428572
SUPER_17,17810000,49,6,4,59,21,28,2.4
SUPER_17,17820000,65,3,7,75,36,29,6.5
SUPER_17,17830000,101,14,7,122,50,51,5.5238094
SUPER_17,17840000,134,9,11,154,61,73,4.7
SUPER_17,17850000,234,11,11,256,112,122,6.0454545
SUPER_17,17860000,125,7,8,140,68,57,6.133333
SUPER_17,17870000,39,6,2,47,24,15,46.625
SUPER_17,17880000,71,5,4,80,34,37,7.3333335
SUPER_17,17890000,163,10,14,187,99,64,8.583333
SUPER_17,17900000,165,11,13,189,85,80,23.875
SUPER_17,17910000,129,15,13,157,77,52,32.214287
SUPER_17,17920000,149,9,13,171,77,72,4.7272725
SUPER_17,17930000,105,15,6,126,55,50,3.9047618
SUPER_17,17940000,164,6,18,188,90,74,7.5416665
SUPER_17,17950000,0,0,0,0,0,0,0
SUPER_17,17960000,0,0,0,0,0,0,0
SUPER_17,17970000,95,10,5,110,46,49,3.3333333
SUPER_17,17980000,70,11,5,86,44,26,5.75
SUPER_17,17990000,95,2,10,107,42,53,4.3333335
SUPER_17,18000000,3,0,0,3,0,3,NaN
SUPER_17,18010000,1,0,0,1,0,1,NaN
SUPER_17,18020000,0,0,0,0,0,0,0
SUPER_17,18030000,0,0,0,0,0,0,0
SUPER_17,18040000,79,4,7,90,39,40,5.181818
SUPER_17,18050000,128,12,11,151,64,64,21.130434
SUPER_17,18060000,215,11,13,239,110,105,5.6666665
SUPER_17,18070000,81,2,3,86,39,42,2.6
SUPER_17,18080000,1,2,0,3,0,1,8
SUPER_17,18090000,1,0,1,2,1,0,4
SUPER_17,18100000,18,1,0,19,9,9,18
SUPER_17,18110000,145,10,10,165,71,74,6.55
SUPER_17,18120000,122,5,10,137,68,54,11
SUPER_17,18130000,97,4,6,107,47,50,3.5
SUPER_17,18140000,59,2,2,63,28,31,12
SUPER_17,18150000,109,5,13,127,55,54,35.333332
SUPER_17,18160000,78,6,11,95,36,42,5.4117646
SUPER_17,18170000,78,5,3,86,39,39,9.125
SUPER_17,18180000,221,23,13,257,110,111,4.4166665
SUPER_17,18190000,131,13,10,154,70,61,13.217391
SUPER_17,18200000,30,0,1,31,21,9,1
SUPER_17,18210000,14,0,1,15,6,8,2
SUPER_17,18220000,92,7,6,105,46,46,6.230769
SUPER_17,18230000,129,15,9,153,66,63,3.4166667
SUPER_17,18240000,147,12,18,177,75,72,13.333333
SUPER_17,18250000,167,5,13,185,86,81,8.333333
SUPER_17,18260000,49,4,7,60,22,27,5.5454545
SUPER_17,18270000,4,1,1,6,3,1,2.5
SUPER_17,18280000,91,5,5,101,51,40,12.1
SUPER_17,18290000,170,15,15,200,82,88,3.5666666
SUPER_17,18300000,85,8,11,104,45,40,6.5263157
SUPER_17,18310000,2,0,1,3,0,2,12
SUPER_17,18320000,95,8,8,111,41,54,5.125
SUPER_17,18330000,26,0,1,27,12,14,4
SUPER_17,18340000,60,6,5,71,30,30,10.545455
SUPER_17,18350000,153,10,12,175,80,73,7.181818
SUPER_17,18360000,80,12,6,98,38,42,6
SUPER_17,18370000,89,4,4,97,45,44,2.5
SUPER_17,18380000,138,9,12,159,74,64,10.857142
SUPER_17,18390000,134,7,20,161,56,78,26.518518
SUPER_17,18400000,70,5,4,79,33,37,4.7777777
SUPER_17,18410000,9,0,1,10,7,2,1
SUPER_17,18420000,19,1,2,22,6,13,2.3333333
SUPER_17,18430000,1,1,1,3,1,0,3.5
SUPER_17,18440000,39,2,5,46,23,16,3.2857144
SUPER_17,18450000,9,0,0,9,3,6,NaN
SUPER_17,18460000,118,9,5,132,51,67,7.428571
SUPER_17,18470000,30,2,0,32,19,11,3
SUPER_17,18480000,97,5,11,113,38,59,3.1875
SUPER_17,18490000,71,9,5,85,28,43,11.5
SUPER_17,18500000,13,1,0,14,11,2,1
SUPER_17,18510000,4,0,0,4,2,2,NaN
SUPER_17,18520000,1,1,0,2,1,0,4
SUPER_17,18530000,0,1,0,1,0,0,8
SUPER_17,18540000,1,0,0,1,1,0,NaN
SUPER_17,18550000,2,0,0,2,0,2,NaN
SUPER_17,18560000,48,6,4,58,23,25,7.6
SUPER_17,18570000,1,0,0,1,1,0,NaN
SUPER_17,18580000,3,0,0,3,1,2,NaN
SUPER_17,18590000,1,0,0,1,0,1,NaN
SUPER_17,18600000,6,0,1,7,3,3,3
SUPER_17,18610000,4,0,0,4,3,1,NaN
SUPER_17,18620000,36,6,2,44,17,19,8.75
SUPER_17,18630000,24,1,1,26,13,11,8
SUPER_17,18640000,0,0,0,0,0,0,0
SUPER_17,18650000,0,0,0,0,0,0,0
SUPER_17,18660000,6,3,1,10,1,5,7.5
SUPER_17,18670000,15,0,1,16,6,9,4
SUPER_17,18680000,178,11,15,204,101,77,28.615385
SUPER_17,18690000,127,6,8,141,64,63,3.7142856
SUPER_17,18700000,49,2,5,56,26,23,70.71429
SUPER_17,18710000,127,11,10,148,71,56,6.8095236
SUPER_17,18720000,48,4,1,53,21,27,2.4
SUPER_17,18730000,0,0,0,0,0,0,0
SUPER_17,18740000,0,0,0,0,0,0,0
SUPER_17,18750000,200,10,16,226,100,100,8.730769
SUPER_17,18760000,78,3,12,93,34,44,11.2
SUPER_17,18770000,88,7,10,105,43,45,7.470588
SUPER_17,18780000,158,10,7,175,85,73,5.9411764
SUPER_17,18790000,48,4,0,52,26,22,6.25
SUPER_17,18800000,153,6,14,173,80,73,5.8
SUPER_17,18810000,198,15,21,234,100,98,6.2222223
SUPER_17,18820000,121,11,14,146,63,58,8
SUPER_17,18830000,111,5,8,124,53,58,9.846154
SUPER_17,18840000,72,6,4,82,41,31,6.3
SUPER_17,18850000,77,6,9,92,31,46,4.4666667
SUPER_17,18860000,89,8,9,106,42,47,10.176471
SUPER_17,18870000,71,5,1,77,45,26,8
SUPER_17,18880000,111,6,10,127,65,46,3.4375
SUPER_17,18890000,73,3,4,80,32,41,7.285714
SUPER_17,18900000,145,13,12,170,67,78,4.36
SUPER_17,18910000,123,8,5,136,65,58,7.230769
SUPER_17,18920000,98,9,9,116,48,50,7.5555553
SUPER_17,18930000,39,2,4,45,20,19,4.3333335
SUPER_17,18940000,11,1,2,14,6,5,3
SUPER_17,18950000,142,9,7,158,73,69,9.75
SUPER_17,18960000,79,5,3,87,43,36,9.375
SUPER_17,18970000,164,12,10,186,80,84,4.7727275
SUPER_17,18980000,99,5,7,111,40,59,4.8333335
SUPER_17,18990000,156,10,8,174,82,74,2.2222223
SUPER_17,19000000,185,15,6,206,90,95,17.761906
SUPER_17,19010000,106,7,11,124,63,43,12.111111
SUPER_17,19020000,61,4,5,70,28,33,7.3333335
SUPER_17,19030000,0,0,0,0,0,0,0
SUPER_17,19040000,0,0,0,0,0,0,0
SUPER_17,19050000,0,0,0,0,0,0,0
SUPER_17,19060000,314,14,19,347,169,145,12.787879
SUPER_17,19070000,100,7,8,115,47,53,20.2
SUPER_17,19080000,70,6,7,83,34,36,5
SUPER_17,19090000,104,6,11,121,64,40,25.882353
SUPER_17,19100000,131,10,15,156,74,57,7.2
SUPER_17,19110000,112,5,4,121,55,57,4.5555553
SUPER_17,19120000,190,4,15,209,102,88,15.473684
SUPER_17,19130000,174,8,10,192,86,88,22.38889
SUPER_17,19140000,5,4,0,9,4,1,14
SUPER_17,19150000,11,0,1,12,5,6,22
SUPER_17,19160000,101,4,4,109,50,51,26.375
SUPER_17,19170000,92,4,10,106,41,51,43.42857
SUPER_17,19180000,129,15,12,156,75,54,6.5925927
SUPER_17,19190000,40,1,1,42,20,20,1.5
SUPER_17,19200000,32,1,2,35,20,12,27
SUPER_17,19210000,34,2,3,39,12,22,1.2
SUPER_17,19220000,3,0,0,3,2,1,NaN
SUPER_17,19230000,1,1,0,2,0,1,1
SUPER_17,19240000,6,0,0,6,2,4,NaN
SUPER_17,19250000,129,5,4,138,68,61,19.666666
SUPER_17,19260000,144,8,9,161,71,73,12.529411
SUPER_17,19270000,21,1,2,24,9,12,1
SUPER_17,19280000,4,0,0,4,4,0,NaN
SUPER_17,19290000,7,0,0,7,5,2,NaN
SUPER_17,19300000,18,3,4,25,6,12,13.714286
SUPER_17,19310000,13,1,1,15,10,3,1
SUPER_17,19320000,94,4,1,99,43,51,11.4
SUPER_17,19330000,83,9,5,97,51,32,7.928571
SUPER_17,19340000,18,0,1,19,8,10,1
SUPER_17,19350000,40,3,3,46,22,18,2.5
SUPER_17,19360000,144,12,12,168,75,69,8.25
SUPER_17,19370000,82,7,4,93,44,38,3.1818182
SUPER_17,19380000,170,10,13,193,94,76,5.478261
SUPER_17,19390000,239,15,18,272,122,117,4.2727275
SUPER_17,19400000,188,13,13,214,98,90,14.192307
SUPER_17,19410000,20,1,1,22,11,9,5
SUPER_17,19420000,134,8,7,149,62,72,6.3333335
SUPER_17,19430000,76,5,7,88,34,42,6.1666665
SUPER_17,19440000,12,1,1,14,9,3,2
SUPER_17,19450000,82,11,3,96,37,45,5.214286
SUPER_17,19460000,93,8,11,112,46,47,6.263158
SUPER_17,19470000,178,9,4,191,101,77,28.76923
SUPER_17,19480000,116,4,5,125,61,55,3.5555556
SUPER_17,19490000,139,8,11,158,71,68,4.368421
SUPER_17,19500000,146,9,10,165,74,72,11.368421
SUPER_17,19510000,93,4,5,102,45,48,6.888889
SUPER_17,19520000,133,12,12,157,72,61,7.4166665
SUPER_17,19530000,85,5,15,105,42,43,11.4
SUPER_17,19540000,43,4,5,52,29,14,2
SUPER_17,19550000,54,1,3,58,33,21,8.25
SUPER_17,19560000,131,8,13,152,64,67,5.2380953
SUPER_17,19570000,163,4,8,175,89,74,3.5
SUPER_17,19580000,172,11,11,194,72,100,8.318182
SUPER_17,19590000,152,5,6,163,82,70,12
SUPER_17,19600000,171,12,11,194,82,89,15.826087
SUPER_17,19610000,167,6,14,187,92,75,16.65
SUPER_17,19620000,113,10,10,133,53,60,15.4
SUPER_17,19630000,167,12,14,193,91,76,11.615385
SUPER_17,19640000,62,2,3,67,29,33,10.8
SUPER_17,19650000,22,3,3,28,14,8,11.5
SUPER_17,19660000,93,5,3,101,55,38,22.125
SUPER_17,19670000,0,0,0,0,0,0,0
SUPER_17,19680000,0,0,0,0,0,0,0
SUPER_17,19690000,71,9,6,86,31,40,5.6
SUPER_17,19700000,0,1,0,1,0,0,3
SUPER_17,19710000,62,3,4,69,38,24,3.4285715
SUPER_17,19720000,51,6,8,65,21,30,8.642858
SUPER_17,19730000,70,8,5,83,29,41,4.6923075
SUPER_17,19740000,174,14,14,202,100,74,5.785714
SUPER_17,19750000,109,4,7,120,63,46,4.909091
SUPER_17,19760000,98,10,11,119,46,52,3.5238094
SUPER_17,19770000,180,11,7,198,108,72,19.666666
SUPER_17,19780000,67,9,5,81,40,27,6.714286
SUPER_17,19790000,21,4,0,25,18,3,4
SUPER_17,19800000,43,1,1,45,29,14,6
SUPER_17,19810000,141,10,9,160,71,70,6.9473686
SUPER_17,19820000,177,7,18,202,96,81,9.56
SUPER_17,19830000,96,13,18,127,46,50,3.1935484
SUPER_17,19840000,172,10,5,187,95,77,5
SUPER_17,19850000,47,3,6,56,25,22,4.4444447
SUPER_17,19860000,57,2,3,62,33,24,4.2
SUPER_17,19870000,58,3,4,65,31,27,2.857143
SUPER_17,19880000,97,7,6,110,43,54,5.6923075
SUPER_17,19890000,0,0,0,0,0,0,0
SUPER_17,19900000,0,0,0,0,0,0,0
SUPER_17,19910000,0,0,0,0,0,0,0
SUPER_17,19920000,0,0,0,0,0,0,0
SUPER_17,19930000,0,0,0,0,0,0,0
SUPER_17,19940000,90,5,7,102,50,40,4.4166665
SUPER_17,19950000,115,11,8,134,46,69,6.736842
SUPER_17,19960000,127,7,5,139,67,60,5.1666665
SUPER_17,19970000,76,4,5,85,26,50,7.4444447
SUPER_17,19980000,119,3,4,126,64,55,3.142857
SUPER_17,19990000,64,1,4,69,32,32,1.6
SUPER_17,20000000,131,7,10,148,68,63,5.2352943
SUPER_17,20010000,44,6,4,54,24,20,3.1
SUPER_17,20020000,145,19,11,175,66,79,5.6
SUPER_17,20030000,132,13,8,153,64,68,5.904762
SUPER_17,20040000,161,15,9,185,77,84,4.8333335
SUPER_17,20050000,78,6,5,89,39,39,12.909091
SUPER_17,20060000,90,7,7,104,47,43,8.071428
SUPER_17,20070000,125,7,6,138,63,62,3.7692308
SUPER_17,20080000,167,5,14,186,81,86,3.9473684
SUPER_17,20090000,43,2,4,49,21,22,1.8333334
SUPER_17,20100000,1,0,0,1,0,1,NaN
SUPER_17,20110000,2,0,0,2,1,1,NaN
SUPER_17,20120000,154,10,19,183,67,87,13.965517
SUPER_17,20130000,136,7,2,145,74,62,9.222222
SUPER_17,20140000,118,11,14,143,59,59,23.84
SUPER_17,20150000,121,16,7,144,64,57,12.73913
SUPER_17,20160000,0,0,0,0,0,0,0
SUPER_17,20170000,0,0,0,0,0,0,0
SUPER_17,20180000,194,15,14,223,108,86,10.793103
SUPER_17,20190000,154,8,10,172,73,81,25.666666
SUPER_17,20200000,94,6,6,106,56,38,3.5833333
SUPER_17,20210000,118,7,3,128,72,46,11.2
SUPER_17,20220000,103,6,7,116,45,58,5
SUPER_17,20230000,47,5,5,57,25,22,7
SUPER_17,20240000,98,5,8,111,48,50,7.4615383
SUPER_17,20250000,45,4,2,51,22,23,6.6666665
SUPER_17,20260000,112,6,7,125,47,65,10.076923
SUPER_17,20270000,87,8,6,101,39,48,2.7142856
SUPER_17,20280000,43,4,4,51,19,24,3.625
SUPER_17,20290000,2,0,1,3,2,0,1
SUPER_17,20300000,0,0,0,0,0,0,0
SUPER_17,20310000,0,0,0,0,0,0,0
SUPER_17,20320000,11,3,4,18,1,10,36.142857
SUPER_17,20330000,3,0,2,5,3,0,3
SUPER_17,20340000,1,1,1,3,0,1,1
SUPER_17,20350000,0,0,0,0,0,0,0
SUPER_17,20360000,0,0,0,0,0,0,0
SUPER_17,20370000,0,3,0,3,0,0,1.6666666
SUPER_17,20380000,68,6,4,78,39,29,9.2
SUPER_17,20390000,41,3,4,48,20,21,3.142857
SUPER_17,20400000,0,3,0,3,0,0,4.3333335
SUPER_17,20410000,30,6,3,39,17,13,8
SUPER_17,20420000,156,14,17,187,71,85,3.1290324
SUPER_17,20430000,130,8,8,146,68,62,5.0625
SUPER_17,20440000,148,7,10,165,71,77,6.882353
SUPER_17,20450000,114,8,10,132,65,49,21.5
SUPER_17,20460000,124,12,14,150,51,73,5.076923
SUPER_17,20470000,77,4,6,87,36,41,3.4
SUPER_17,20480000,68,11,4,83,31,37,10
SUPER_17,20490000,61,6,2,69,27,34,2
SUPER_17,20500000,107,2,4,113,58,49,8.333333
SUPER_17,20510000,71,12,10,93,29,42,2.9545455
SUPER_17,20520000,37,3,5,45,16,21,38.5
SUPER_17,20530000,61,7,3,71,36,25,2
SUPER_17,20540000,127,8,17,152,63,64,12.04
SUPER_17,20550000,111,9,11,131,56,55,5.1
SUPER_17,20560000,139,11,8,158,76,63,3.4736843
SUPER_17,20570000,159,13,10,182,75,84,19.869566
SUPER_17,20580000,171,12,5,188,96,75,9.882353
SUPER_17,20590000,18,0,1,19,12,6,42
SUPER_17,20600000,3,0,0,3,1,2,NaN
SUPER_17,20610000,1,0,0,1,1,0,NaN
SUPER_17,20620000,33,7,2,42,18,15,5.5555553
SUPER_17,20630000,143,11,12,166,72,71,38.086956
SUPER_17,20640000,47,3,5,55,30,17,6.125
SUPER_17,20650000,12,2,4,18,7,5,13.5
SUPER_17,20660000,11,0,1,12,3,8,1
SUPER_17,20670000,1,0,0,1,0,1,NaN
SUPER_17,20680000,64,5,5,74,37,27,3.4
SUPER_17,20690000,61,10,6,77,25,36,20.8125
SUPER_17,20700000,153,7,14,174,87,66,6.952381
SUPER_17,20710000,163,7,11,181,81,82,4.7222223
SUPER_17,20720000,209,11,14,234,93,116,4
SUPER_17,20730000,98,5,3,106,51,47,14.125
SUPER_17,20740000,6,0,0,6,5,1,NaN
SUPER_17,20750000,191,16,11,218,103,88,24.037037
SUPER_17,20760000,173,12,5,190,100,73,8.3529415
SUPER_17,20770000,83,2,6,91,36,47,8.5
SUPER_17,20780000,62,5,4,71,34,28,6.6666665
SUPER_17,20790000,4,0,0,4,2,2,NaN
SUPER_17,20800000,9,1,5,15,5,4,4.6666665
SUPER_17,20810000,3,1,0,4,2,1,1
SUPER_17,20820000,14,0,2,16,7,7,21.5
SUPER_17,20830000,32,2,2,36,20,12,1.25
SUPER_17,20840000,117,8,10,135,44,73,4.111111
SUPER_17,20850000,101,6,10,117,48,53,6.9375
SUPER_17,20860000,108,5,7,120,54,54,3.25
SUPER_17,20870000,63,9,4,76,27,36,6.1538463
SUPER_17,20880000,158,6,14,178,84,74,8.45
SUPER_17,20890000,109,7,12,128,47,62,4.3157897
SUPER_17,20900000,77,11,7,95,39,38,7.5555553
SUPER_17,20910000,2,0,1,3,0,2,7
SUPER_17,20920000,37,4,7,48,13,24,5.2727275
SUPER_17,20930000,60,4,10,74,31,29,11.642858
SUPER_17,20940000,60,7,8,75,28,32,4.866667
SUPER_17,20950000,13,0,3,16,6,7,9.333333
SUPER_17,20960000,152,6,8,166,73,79,5.928571
SUPER_17,20970000,97,4,6,107,47,50,4.1
SUPER_17,20980000,45,5,3,53,21,24,12.75
SUPER_17,20990000,108,8,6,122,55,53,8.071428
SUPER_17,21000000,177,9,10,196,90,87,4.263158
SUPER_17,21010000,2,1,1,4,2,0,1.5
SUPER_17,21020000,1,0,1,2,1,0,2
SUPER_17,21030000,63,2,10,75,28,35,3.4166667
SUPER_17,21040000,1,2,1,4,1,0,47
SUPER_17,21050000,90,14,14,118,35,55,7.892857
SUPER_17,21060000,73,8,6,87,38,35,5
SUPER_17,21070000,44,3,3,50,24,20,3.6666667
SUPER_17,21080000,128,9,16,153,60,68,5.84
SUPER_17,21090000,114,3,13,130,64,50,12.625
SUPER_17,21100000,62,4,7,73,34,28,10.272727
SUPER_17,21110000,137,10,7,154,71,66,10.058824
SUPER_17,21120000,81,6,9,96,42,39,8.333333
SUPER_17,21130000,105,10,11,126,48,57,4.952381
SUPER_17,21140000,99,7,10,116,64,35,26.411764
SUPER_17,21150000,110,10,7,127,67,43,6.470588
SUPER_17,21160000,162,4,10,176,85,77,3.0714285
SUPER_17,21170000,134,8,14,156,70,64,3.8636363
SUPER_17,21180000,5,0,0,5,1,4,NaN
SUPER_17,21190000,5,2,0,7,4,1,1
SUPER_17,21200000,86,5,2,93,45,41,3
SUPER_17,21210000,163,9,15,187,76,87,18.333334
SUPER_17,21220000,160,10,6,176,79,81,3.3125
SUPER_17,21230000,62,7,7,76,33,29,3.857143
SUPER_17,21240000,158,6,6,170,82,76,8.166667
SUPER_17,21250000,126,9,4,139,60,66,7.3846154
SUPER_17,21260000,110,7,9,126,57,53,14.375
SUPER_17,21270000,114,11,4,129,61,53,5.8
SUPER_17,21280000,141,1,8,150,78,63,7.4444447
SUPER_17,21290000,1,0,0,1,0,1,NaN
SUPER_17,21300000,0,0,0,0,0,0,0
SUPER_17,21310000,0,0,0,0,0,0,0
SUPER_17,21320000,0,0,0,0,0,0,0
SUPER_17,21330000,0,0,0,0,0,0,0
SUPER_17,21340000,3,2,0,5,1,2,4
SUPER_17,21350000,7,0,1,8,2,5,9
SUPER_17,21360000,146,9,5,160,72,74,4.642857
SUPER_17,21370000,105,9,2,116,53,52,3.909091
SUPER_17,21380000,118,5,7,130,58,60,63.166668
SUPER_17,21390000,164,9,9,182,82,82,7.5
SUPER_17,21400000,106,6,6,118,57,49,10.666667
SUPER_17,21410000,235,14,22,271,115,120,15.361111
SUPER_17,21420000,69,3,5,77,50,19,4.625
SUPER_17,21430000,159,8,12,179,85,74,10.5
SUPER_17,21440000,131,11,5,147,62,69,2.4375
SUPER_17,21450000,134,9,6,149,73,61,16.733334
SUPER_17,21460000,158,12,13,183,78,80,6.32
SUPER_17,21470000,172,7,10,189,82,90,6.8235292
SUPER_17,21480000,47,2,2,51,25,22,1.25
SUPER_17,21490000,88,10,7,105,40,48,5.5882354
SUPER_17,21500000,169,9,10,188,97,72,5.368421
SUPER_17,21510000,146,8,9,163,78,68,7.2941175
SUPER_17,21520000,91,6,9,106,45,46,9.666667
SUPER_17,21530000,90,5,8,103,38,52,6.3076925
SUPER_17,21540000,194,17,15,226,102,92,4.15625
SUPER_17,21550000,3,0,0,3,2,1,NaN
SUPER_17,21560000,68,8,2,78,37,31,6.5
SUPER_17,21570000,160,11,11,182,80,80,5.4545455
SUPER_17,21580000,103,8,6,117,45,58,2.642857
SUPER_17,21590000,59,8,4,71,34,25,6.6666665
SUPER_17,21600000,93,3,5,101,44,49,6.875
SUPER_17,21610000,67,1,9,77,29,38,9.8
SUPER_17,21620000,153,9,17,179,78,75,18
SUPER_17,21630000,84,5,2,91,47,37,1.1428572
SUPER_17,21640000,9,0,2,11,5,4,1
SUPER_17,21650000,138,13,9,160,68,70,7.590909
SUPER_17,21660000,85,5,8,98,44,41,4.6923075
SUPER_17,21670000,159,9,11,179,90,69,5.05
SUPER_17,21680000,89,11,10,110,44,45,14.523809
SUPER_17,21690000,3,0,0,3,0,3,NaN
SUPER_17,21700000,101,8,10,119,52,49,6.6666665
SUPER_17,21710000,23,2,2,27,10,13,13.25
SUPER_17,21720000,4,0,0,4,2,2,NaN
SUPER_17,21730000,76,6,6,88,45,31,6
SUPER_17,21740000,0,0,0,0,0,0,0
SUPER_17,21750000,0,0,0,0,0,0,0
SUPER_17,21760000,13,0,6,19,8,5,2.1666667
SUPER_17,21770000,32,1,2,35,19,13,3
SUPER_17,21780000,67,6,2,75,41,26,5.125
SUPER_17,21790000,147,8,9,164,83,64,3.4117646
SUPER_17,21800000,103,12,9,124,44,59,13.238095
SUPER_17,21810000,145,12,8,165,69,76,6.85
SUPER_17,21820000,176,12,6,194,85,91,3.1111112
SUPER_17,21830000,212,18,9,239,99,113,19.925926
SUPER_17,21840000,110,6,7,123,54,56,19.23077
SUPER_17,21850000,75,2,4,81,38,37,4.1666665
SUPER_17,21860000,192,8,8,208,103,89,3.0625
SUPER_17,21870000,117,5,3,125,65,52,7.75
SUPER_17,21880000,70,9,3,82,39,31,5.8333335
SUPER_17,21890000,122,6,6,134,56,66,5.6666665
SUPER_17,21900000,105,13,4,122,51,54,7.7058825
SUPER_17,21910000,1,0,0,1,0,1,NaN
SUPER_17,21920000,40,2,2,44,20,20,10
SUPER_17,21930000,62,6,6,74,34,28,1.9166666
SUPER_17,21940000,1,0,1,2,1,0,1
SUPER_17,21950000,94,11,9,114,43,51,4.8
SUPER_17,21960000,195,16,15,226,99,96,10.16129
SUPER_17,21970000,65,3,6,74,31,34,8.777778
SUPER_17,21980000,186,14,15,215,83,103,3.8275862
SUPER_17,21990000,139,10,11,160,76,63,5.857143
SUPER_17,22000000,160,8,13,181,79,81,8
SUPER_17,22010000,108,8,6,122,58,50,20.928572
SUPER_17,22020000,110,7,6,123,58,52,9.307693
SUPER_17,22030000,136,11,10,157,65,71,6.6190476
SUPER_17,22040000,73,3,8,84,39,34,2.909091
SUPER_17,22050000,89,3,5,97,51,38,5.125
SUPER_17,22060000,78,6,2,86,47,31,12
SUPER_17,22070000,11,1,0,12,7,4,1
SUPER_17,22080000,143,12,7,162,67,76,2.4210527
SUPER_17,22090000,0,0,0,0,0,0,0
SUPER_17,22100000,0,0,0,0,0,0,0
SUPER_17,22110000,188,12,23,223,107,81,6.114286
SUPER_17,22120000,100,11,9,120,56,44,7.75
SUPER_17,22130000,49,3,5,57,27,22,3.625
SUPER_17,22140000,138,10,10,158,72,66,5.7
SUPER_17,22150000,64,3,4,71,40,24,8.571428
SUPER_17,22160000,116,6,6,128,58,58,4.0833335
SUPER_17,22170000,109,6,9,124,62,47,5.4666667
SUPER_17,22180000,141,13,12,166,76,65,22.88
SUPER_17,22190000,111,9,6,126,56,55,9.933333
SUPER_17,22200000,145,7,9,161,78,67,4.875
SUPER_17,22210000,55,2,6,63,31,24,6.5
SUPER_17,22220000,150,6,7,163,83,67,4.3076925
SUPER_17,22230000,12,3,1,16,11,1,11.75
SUPER_17,22240000,181,9,12,202,94,87,15.666667
SUPER_17,22250000,172,10,11,193,94,78,5.285714
SUPER_17,22260000,115,4,8,127,63,52,9.333333
SUPER_17,22270000,43,4,0,47,20,23,2.25
SUPER_17,22280000,82,8,7,97,41,41,5.2
SUPER_17,22290000,50,4,4,58,22,28,2.625
SUPER_17,22300000,26,3,1,30,13,13,1.25
SUPER_17,22310000,153,11,11,175,82,71,4.0454545
SUPER_17,22320000,106,7,6,119,54,52,6.4615383
SUPER_17,22330000,122,10,6,138,61,61,5.5
SUPER_17,22340000,60,0,5,65,31,29,6.2
SUPER_17,22350000,70,5,6,81,39,31,42.81818
SUPER_17,22360000,0,0,0,0,0,0,0
SUPER_17,22370000,0,0,0,0,0,0,0
SUPER_17,22380000,56,4,4,64,18,38,11.625
SUPER_17,22390000,1,1,0,2,1,0,9
SUPER_17,22400000,50,5,3,58,27,23,4.375
SUPER_17,22410000,0,0,0,0,0,0,0
SUPER_17,22420000,0,0,0,0,0,0,0
SUPER_17,22430000,137,8,7,152,72,65,6.2
SUPER_17,22440000,107,3,4,114,63,44,1.1428572
SUPER_17,22450000,120,9,7,136,65,55,10.0625
SUPER_17,22460000,44,4,2,50,25,19,7.5
SUPER_17,22470000,1,0,2,3,1,0,1
SUPER_17,22480000,2,0,0,2,2,0,NaN
SUPER_17,22490000,89,12,4,105,37,52,12.125
SUPER_17,22500000,132,6,14,152,57,75,4.25
SUPER_17,22510000,154,10,10,174,78,76,5.45
SUPER_17,22520000,85,2,7,94,38,47,5.888889
SUPER_17,22530000,41,5,3,49,21,20,2.5
SUPER_17,22540000,73,2,4,79,47,26,2.5
SUPER_17,22550000,145,8,16,169,77,68,9.958333
SUPER_17,22560000,203,12,6,221,106,97,4.2777777
SUPER_17,22570000,173,9,19,201,90,83,9.428572
SUPER_17,22580000,69,4,1,74,36,33,10.2
SUPER_17,22590000,118,12,10,140,51,67,4.2272725
SUPER_17,22600000,28,4,4,36,16,12,9.875
SUPER_17,22610000,135,8,7,150,83,52,10.066667
SUPER_17,22620000,181,14,10,205,107,74,6.625
SUPER_17,22630000,17,1,5,23,6,11,21
SUPER_17,22640000,99,4,6,109,51,48,5.1
SUPER_17,22650000,102,6,4,112,52,50,3.7
SUPER_17,22660000,102,8,6,116,54,48,2.7142856
SUPER_17,22670000,102,2,5,109,53,49,6.142857
SUPER_17,22680000,17,2,4,23,6,11,10.5
SUPER_17,22690000,0,0,0,0,0,0,0
SUPER_17,22700000,0,0,0,0,0,0,0
SUPER_17,22710000,78,8,9,95,38,39,3.9411764
SUPER_17,22720000,90,5,9,104,52,38,12.5
SUPER_17,22730000,69,7,7,83,38,31,10.285714
SUPER_17,22740000,26,2,0,28,17,9,3
SUPER_17,22750000,85,8,12,105,37,48,9.45
SUPER_17,22760000,29,0,1,30,14,15,4
SUPER_17,22770000,81,4,7,92,47,34,28.636364
SUPER_17,22780000,6,0,0,6,2,4,NaN
SUPER_17,22790000,5,1,0,6,3,2,2
SUPER_17,22800000,3,0,0,3,2,1,NaN
SUPER_17,22810000,17,3,1,21,9,8,16.25
SUPER_17,22820000,86,5,8,99,41,45,7.8461537
SUPER_17,22830000,136,7,5,148,66,70,10.916667
SUPER_17,22840000,75,3,1,79,36,39,4.75
SUPER_17,22850000,30,2,1,33,22,8,1.3333334
SUPER_17,22860000,0,0,0,0,0,0,0
SUPER_17,22870000,0,0,0,0,0,0,0
SUPER_17,22880000,36,5,3,44,15,21,3.625
SUPER_17,22890000,83,3,3,89,46,37,9.833333
SUPER_17,22900000,232,10,17,259,149,83,5.185185
SUPER_17,22910000,106,11,5,122,60,46,5.8125
SUPER_17,22920000,129,7,13,149,59,70,4.25
SUPER_17,22930000,122,12,13,147,62,60,8.84
SUPER_17,22940000,127,11,8,146,70,57,14.526316
SUPER_17,22950000,103,7,6,116,52,51,7.5384617
SUPER_17,22960000,173,15,10,198,88,85,26.04
SUPER_17,22970000,137,13,8,158,59,78,5.6666665
SUPER_17,22980000,150,7,12,169,67,83,4.6842103
SUPER_17,22990000,34,2,2,38,15,19,2
SUPER_17,23000000,44,3,2,49,23,21,6.8
SUPER_17,23010000,120,7,14,141,65,55,8.095238
SUPER_17,23020000,107,6,5,118,55,52,5.818182
SUPER_17,23030000,20,2,1,23,13,7,2.3333333
SUPER_17,23040000,83,3,2,88,40,43,6
SUPER_17,23050000,150,11,11,172,84,66,8.954545
SUPER_17,23060000,114,8,5,127,60,54,3.4615386
SUPER_17,23070000,34,5,0,39,17,17,4.4
SUPER_17,23080000,180,8,17,205,100,80,8.96
SUPER_17,23090000,44,4,6,54,24,20,7
SUPER_17,23100000,45,6,5,56,25,20,5.2727275
SUPER_17,23110000,58,6,9,73,25,33,6.133333
SUPER_17,23120000,144,3,12,159,67,77,15.333333
SUPER_17,23130000,142,6,7,155,67,75,7.4615383
SUPER_17,23140000,155,15,12,182,88,67,33.592594
SUPER_17,23150000,112,8,9,129,64,48,5
SUPER_17,23160000,130,8,6,144,66,64,10
SUPER_17,23170000,104,11,7,122,63,41,5.888889
SUPER_17,23180000,29,2,2,33,16,13,2
SUPER_17,23190000,117,9,7,133,75,42,6.625
SUPER_17,23200000,34,0,2,36,11,23,6.5
SUPER_17,23210000,137,11,11,159,71,66,7.681818
SUPER_17,23220000,64,6,7,77,39,25,15.307693
SUPER_17,23230000,53,12,5,70,26,27,4.882353
SUPER_17,23240000,65,7,9,81,23,42,13.0625
SUPER_17,23250000,0,1,1,2,0,0,2.5
SUPER_17,23260000,38,2,1,41,24,14,17
SUPER_17,23270000,109,5,8,122,63,46,3.9230769
SUPER_17,23280000,69,5,2,76,44,25,11.428572
SUPER_17,23290000,73,6,6,85,37,36,20.5
SUPER_17,23300000,109,10,12,131,52,57,44.454544
SUPER_17,23310000,0,0,0,0,0,0,0
SUPER_17,23320000,0,0,0,0,0,0,0
SUPER_17,23330000,104,7,9,120,52,52,3.75
SUPER_17,23340000,50,9,10,69,20,30,6.7894735
SUPER_17,23350000,81,8,5,94,46,35,8.384615
SUPER_17,23360000,135,9,8,152,74,61,4.2941175
SUPER_17,23370000,76,3,1,80,42,34,4.75
SUPER_17,23380000,49,1,2,52,27,22,1
SUPER_17,23390000,184,7,10,201,93,91,27.882353
SUPER_17,23400000,58,6,5,69,28,30,6.5454545
SUPER_17,23410000,19,5,4,28,6,13,4.111111
SUPER_17,23420000,27,1,2,30,10,17,6
SUPER_17,23430000,66,5,7,78,39,27,4
SUPER_17,23440000,73,5,6,84,40,33,6.4545455
SUPER_17,23450000,102,4,17,123,50,52,4.8095236
SUPER_17,23460000,18,1,1,20,10,8,2.5
SUPER_17,23470000,10,0,0,10,7,3,NaN
SUPER_17,23480000,3,1,2,6,2,1,2.3333333
SUPER_17,23490000,2,0,0,2,0,2,NaN
SUPER_17,23500000,7,0,0,7,0,7,NaN
SUPER_17,23510000,174,6,6,186,82,92,3.0833333
SUPER_17,23520000,50,3,3,56,27,23,1.8333334
SUPER_17,23530000,2,0,0,2,1,1,NaN
SUPER_17,23540000,11,2,1,14,5,6,15.333333
SUPER_17,23550000,108,7,10,125,57,51,24
SUPER_17,23560000,31,3,1,35,15,16,4.25
SUPER_17,23570000,13,2,3,18,8,5,3.8
SUPER_17,23580000,76,1,10,87,36,40,25.09091
SUPER_17,23590000,21,2,3,26,13,8,4
SUPER_17,23600000,147,9,15,171,80,67,3.75
SUPER_17,23610000,117,10,13,140,63,54,3.6086957
SUPER_17,23620000,80,5,4,89,43,37,12
SUPER_17,23630000,29,0,2,31,20,9,1.5
SUPER_17,23640000,119,7,19,145,46,73,5.423077
SUPER_17,23650000,134,13,10,157,68,66,38.391304
SUPER_17,23660000,61,2,3,66,41,20,21.8
SUPER_17,23670000,102,16,5,123,52,50,4
SUPER_17,23680000,103,2,6,111,49,54,5.875
SUPER_17,23690000,97,7,8,112,49,48,7.0666666
SUPER_17,23700000,58,6,1,65,32,26,5.428571
SUPER_17,23710000,114,16,7,137,59,55,9.695652
SUPER_17,23720000,178,7,11,196,82,96,7.3333335
SUPER_17,23730000,148,11,18,177,68,80,15.137931
SUPER_17,23740000,31,5,5,41,14,17,20.9
SUPER_17,23750000,119,10,9,138,57,62,43.473682
SUPER_17,23760000,94,8,8,110,46,48,6.8125
SUPER_17,23770000,51,2,7,60,22,29,6.111111
SUPER_17,23780000,52,1,2,55,30,22,8.333333
SUPER_17,23790000,55,5,3,63,25,30,3.5
SUPER_17,23800000,28,1,4,33,9,19,15.2
SUPER_17,23810000,1,0,0,1,1,0,NaN
SUPER_17,23820000,4,0,0,4,3,1,NaN
SUPER_17,23830000,4,0,2,6,3,1,2.5
SUPER_17,23840000,133,10,11,154,69,64,6.5238094
SUPER_17,23850000,110,6,7,123,50,60,5
SUPER_17,23860000,117,8,8,133,66,51,6.8125
SUPER_17,23870000,24,1,3,28,11,13,62
SUPER_17,23880000,121,8,10,139,59,62,50.166668
SUPER_17,23890000,96,7,12,115,51,45,6.105263
SUPER_17,23900000,43,4,7,54,21,22,7.2727275
SUPER_17,23910000,92,6,12,110,50,42,26.333334
SUPER_17,23920000,136,12,6,154,67,69,11.222222
SUPER_17,23930000,105,12,4,121,52,53,5.6875
SUPER_17,23940000,191,8,6,205,107,84,30.071428
SUPER_17,23950000,101,14,17,132,46,55,9.225806
SUPER_17,23960000,171,12,14,197,94,77,11.384615
SUPER_17,23970000,89,7,4,100,46,43,8.454545
SUPER_17,23980000,103,5,10,118,48,55,5.9333334
SUPER_17,23990000,102,9,12,123,60,42,7.1904764
SUPER_17,24000000,61,7,2,70,28,33,6.6666665
SUPER_17,24010000,94,4,8,106,47,47,3.9166667
SUPER_17,24020000,157,10,7,174,72,85,10
SUPER_17,24030000,1,0,0,1,0,1,NaN
SUPER_17,24040000,15,1,2,18,9,6,2.3333333
SUPER_17,24050000,67,6,8,81,30,37,4.357143
SUPER_17,24060000,82,7,6,95,33,49,9.153846
SUPER_17,24070000,101,11,12,124,53,48,7.478261
SUPER_17,24080000,139,6,17,162,68,71,5.3913045
SUPER_17,24090000,121,10,9,140,60,61,7.105263
SUPER_17,24100000,54,8,4,66,26,28,6.0833335
SUPER_17,24110000,27,4,3,34,13,14,8.142858
SUPER_17,24120000,106,10,9,125,55,51,4.6842103
SUPER_17,24130000,105,7,8,120,51,54,9.066667
SUPER_17,24140000,84,6,3,93,42,42,23.444445
SUPER_17,24150000,89,8,5,102,48,41,21.846153
SUPER_17,24160000,129,10,12,151,69,60,8
SUPER_17,24170000,99,13,10,122,51,48,10.478261
SUPER_17,24180000,100,6,9,115,56,44,8.466666
SUPER_17,24190000,84,7,9,100,42,42,5.25
SUPER_17,24200000,145,7,13,165,71,74,8.5
SUPER_17,24210000,72,6,3,81,38,34,2.8888888
SUPER_17,24220000,100,3,9,112,61,39,4.6666665
SUPER_17,24230000,171,8,16,195,93,78,10.583333
SUPER_17,24240000,119,9,6,134,69,50,4
SUPER_17,24250000,123,3,12,138,63,60,5.8
SUPER_17,24260000,108,6,10,124,52,56,4.8125
SUPER_17,24270000,23,2,4,29,11,12,4
SUPER_17,24280000,180,9,19,208,91,89,4.428571
SUPER_17,24290000,206,16,14,236,94,112,38.933334
SUPER_17,24300000,81,7,13,101,38,43,11.6
SUPER_17,24310000,59,6,5,70,28,31,5.2727275
SUPER_17,24320000,90,9,6,105,56,34,5.4
SUPER_17,24330000,85,5,4,94,43,42,7.111111
SUPER_17,24340000,78,4,9,91,43,35,4.3076925
SUPER_17,24350000,94,9,7,110,50,44,5.75
SUPER_17,24360000,30,4,1,35,15,15,4.8
SUPER_17,24370000,109,7,11,127,47,62,4.5
SUPER_17,24380000,151,12,11,174,67,84,3.6086957
SUPER_17,24390000,119,8,12,139,53,66,4.9
SUPER_17,24400000,108,6,5,119,56,52,6.090909
SUPER_17,24410000,104,11,3,118,62,42,11.428572
SUPER_17,24420000,177,4,6,187,100,77,3.1
SUPER_17,24430000,126,13,9,148,65,61,12.363636
SUPER_17,24440000,91,4,6,101,49,42,39.6
SUPER_17,24450000,112,6,10,128,55,57,5.75
SUPER_17,24460000,36,3,1,40,22,14,10.25
SUPER_17,24470000,4,0,0,4,1,3,NaN
SUPER_17,24480000,164,11,13,188,81,83,12.291667
SUPER_17,24490000,102,9,9,120,45,57,8.777778
SUPER_17,24500000,88,12,6,106,45,43,6.0555553
SUPER_17,24510000,68,5,4,77,38,30,6.5555553
SUPER_17,24520000,107,8,7,122,51,56,4.8
SUPER_17,24530000,187,13,16,216,95,92,4.172414
SUPER_17,24540000,70,6,1,77,32,38,6.285714
SUPER_17,24550000,109,10,10,129,58,51,6
SUPER_17,24560000,61,5,9,75,29,32,9.571428
SUPER_17,24570000,33,4,5,42,18,15,2
SUPER_17,24580000,152,9,6,167,79,73,41.733334
SUPER_17,24590000,131,14,11,156,65,66,4.68
SUPER_17,24600000,142,10,11,163,71,71,4.571429
SUPER_17,24610000,159,17,10,186,89,70,4.9259257
SUPER_17,24620000,198,11,8,217,105,93,8.210526
SUPER_17,24630000,137,16,10,163,75,62,15.346154
SUPER_17,24640000,84,3,4,91,48,36,12.857142
SUPER_17,24650000,38,3,3,44,24,14,2.6666667
SUPER_17,24660000,138,12,15,165,69,69,4.4074073
SUPER_17,24670000,56,7,5,68,24,32,40.833332
SUPER_17,24680000,123,7,7,137,60,63,4.714286
SUPER_17,24690000,168,16,17,201,87,81,23.060606
SUPER_17,24700000,36,3,3,42,12,24,4.3333335
SUPER_17,24710000,3,0,0,3,1,2,NaN
SUPER_17,24720000,2,0,2,4,0,2,1.5
SUPER_17,24730000,68,6,9,83,31,37,3.7333333
SUPER_17,24740000,99,7,8,114,53,46,21.866667
SUPER_17,24750000,130,8,9,147,72,58,7.1764708
SUPER_17,24760000,118,10,7,135,51,67,15.882353
SUPER_17,24770000,95,7,13,115,45,50,6
SUPER_17,24780000,130,10,17,157,60,69,8.074074
SUPER_17,24790000,105,11,11,127,54,51,2.3181818
SUPER_17,24800000,72,4,4,80,39,33,5.25
SUPER_17,24810000,37,5,4,46,22,15,8.222222
SUPER_17,24820000,59,4,1,64,29,30,4.8
SUPER_17,24830000,131,8,12,151,75,56,10.15
SUPER_17,24840000,96,5,7,108,50,46,13.083333
SUPER_17,24850000,1,0,1,2,0,1,1
SUPER_17,24860000,4,1,1,6,3,1,13.5
SUPER_17,24870000,8,1,3,12,7,1,4.75
SUPER_17,24880000,1,0,1,2,0,1,1
SUPER_17,24890000,2,0,1,3,0,2,6
SUPER_17,24900000,19,3,3,25,9,10,14.333333
SUPER_17,24910000,112,8,5,125,55,57,5.3076925
SUPER_17,24920000,49,5,6,60,27,22,4.909091
SUPER_17,24930000,145,13,8,166,70,75,3.3809524
SUPER_17,24940000,81,5,3,89,36,45,3.875
SUPER_17,24950000,16,3,1,20,5,11,6
SUPER_17,24960000,68,5,9,82,33,35,18.928572
SUPER_17,24970000,189,17,12,218,92,97,14.068966
SUPER_17,24980000,74,5,7,86,39,35,5.9166665
SUPER_17,24990000,162,14,14,190,81,81,15.214286
SUPER_17,25000000,159,13,12,184,83,76,20.56
SUPER_17,25010000,82,6,7,95,45,37,26.153847
SUPER_17,25020000,115,8,15,138,57,58,9.434783
SUPER_17,25030000,131,6,13,150,61,70,3.0526316
SUPER_17,25040000,179,13,15,207,81,98,10.071428
SUPER_17,25050000,97,7,5,109,44,53,4.0833335
SUPER_17,25060000,111,7,8,126,61,50,7
SUPER_17,25070000,36,3,5,44,20,16,4.625
SUPER_17,25080000,66,4,7,77,25,41,39.909092
SUPER_17,25090000,114,8,8,130,48,66,5
SUPER_17,25100000,108,5,20,133,51,57,5.44
SUPER_17,25110000,197,14,8,219,115,82,5.0454545
SUPER_17,25120000,92,5,6,103,51,41,4
SUPER_17,25130000,105,11,7,123,51,54,5.2777777
SUPER_17,25140000,43,5,2,50,28,15,3.2857144
SUPER_17,25150000,140,13,14,167,64,76,3.7037036
SUPER_17,25160000,47,5,4,56,19,28,4
SUPER_17,25170000,110,11,8,129,55,55,7.3157897
SUPER_17,25180000,121,10,9,140,69,52,6.8421054
SUPER_17,25190000,85,5,12,102,47,38,9.058824
SUPER_17,25200000,1,0,1,2,1,0,1
SUPER_17,25210000,3,1,0,4,2,1,1
SUPER_17,25220000,1,0,0,1,0,1,NaN
SUPER_17,25230000,1,1,0,2,1,0,2
SUPER_17,25240000,1,0,0,1,1,0,NaN
SUPER_17,25250000,20,0,2,22,9,11,1
SUPER_17,25260000,163,10,13,186,93,70,23.869566
SUPER_17,25270000,27,4,2,33,14,13,2
SUPER_17,25280000,69,8,8,85,33,36,15.625
SUPER_17,25290000,37,3,1,41,17,20,40.5
SUPER_17,25300000,10,0,3,13,7,3,16
SUPER_17,25310000,2,1,0,3,1,1,2
SUPER_17,25320000,1,0,0,1,0,1,NaN
SUPER_17,25330000,3,0,0,3,3,0,NaN
SUPER_17,25340000,2,0,1,3,0,2,2
SUPER_17,25350000,3,0,0,3,0,3,NaN
SUPER_17,25360000,4,1,1,6,3,1,23
SUPER_17,25370000,8,0,1,9,6,2,1
SUPER_17,25380000,3,0,0,3,1,2,NaN
SUPER_17,25390000,68,0,10,78,28,40,6.2
SUPER_17,25400000,19,1,1,21,13,6,2
SUPER_17,25410000,103,5,9,117,53,50,25.785715
SUPER_17,25420000,43,5,5,53,26,17,6.7
SUPER_17,25430000,75,5,9,89,39,36,4.785714
SUPER_17,25440000,72,5,6,83,44,28,31
SUPER_17,25450000,2,0,0,2,0,2,NaN
SUPER_17,25460000,67,4,4,75,33,34,5.375
SUPER_17,25470000,93,5,8,106,47,46,23.538462
SUPER_17,25480000,61,3,4,68,27,34,11
SUPER_17,25490000,84,10,10,104,43,41,7.7
SUPER_17,25500000,111,7,10,128,59,52,7.2352943
SUPER_17,25510000,60,0,5,65,27,33,3
SUPER_17,25520000,1,0,1,2,0,1,4
SUPER_17,25530000,92,14,11,117,46,46,3.72
SUPER_17,25540000,147,8,14,169,66,81,5.1363635
SUPER_17,25550000,79,13,7,99,31,48,5.9
SUPER_17,25560000,100,11,7,118,50,50,9.444445
SUPER_17,25570000,97,7,7,111,46,51,22
SUPER_17,25580000,81,9,7,97,44,37,3.0625
SUPER_17,25590000,15,0,0,15,11,4,NaN
SUPER_17,25600000,261,10,26,297,137,124,5.9166665
SUPER_17,25610000,24,1,2,27,9,15,6
SUPER_17,25620000,113,4,5,122,63,50,7.2222223
SUPER_17,25630000,90,6,8,104,52,38,4.428571
SUPER_17,25640000,107,6,14,127,55,52,7.35
SUPER_17,25650000,97,8,8,113,49,48,5.3125
SUPER_17,25660000,72,4,7,83,44,28,2.8181818
SUPER_17,25670000,100,10,8,118,42,58,17.555555
SUPER_17,25680000,100,7,13,120,44,56,14.25
SUPER_17,25690000,139,8,7,154,71,68,5.5333333
SUPER_17,25700000,80,11,7,98,34,46,8.944445
SUPER_17,25710000,42,2,1,45,15,27,1
SUPER_17,25720000,5,1,0,6,2,3,25
SUPER_17,25730000,3,0,0,3,1,2,NaN
SUPER_17,25740000,16,1,0,17,8,8,1
SUPER_17,25750000,71,2,9,82,31,40,8.363636
SUPER_17,25760000,112,5,14,131,56,56,6.105263
SUPER_17,25770000,146,8,21,175,70,76,5.034483
SUPER_17,25780000,7,0,0,7,5,2,NaN
SUPER_17,25790000,5,0,0,5,3,2,NaN
SUPER_17,25800000,27,1,0,28,17,10,1
SUPER_17,25810000,7,0,0,7,4,3,NaN
SUPER_17,25820000,0,0,0,0,0,0,0
SUPER_17,25830000,0,0,0,0,0,0,0
SUPER_17,25840000,0,0,0,0,0,0,0
SUPER_17,25850000,0,0,0,0,0,0,0
SUPER_17,25860000,0,0,0,0,0,0,0
SUPER_17,25870000,0,0,0,0,0,0,0
SUPER_17,25880000,75,4,6,85,34,41,13.5
SUPER_17,25890000,3,0,0,3,1,2,NaN
SUPER_17,25900000,64,3,3,70,34,30,10.666667
SUPER_17,25910000,96,5,7,108,52,44,8
SUPER_17,25920000,37,4,1,42,13,24,7.8
SUPER_17,25930000,110,4,7,121,56,54,53.909092
SUPER_17,25940000,82,6,6,94,36,46,5
SUPER_17,25950000,159,4,15,178,87,72,29.894737
SUPER_17,25960000,31,1,1,33,11,20,1.5
SUPER_17,25970000,70,5,3,78,42,28,9.375
SUPER_17,25980000,91,8,3,102,42,49,3.7272727
SUPER_17,25990000,51,2,1,54,30,21,13.666667
SUPER_17,26000000,105,8,10,123,51,54,4.4444447
SUPER_17,26010000,88,6,4,98,40,48,29.8
SUPER_17,26020000,47,2,4,53,23,24,4.6666665
SUPER_17,26030000,55,10,5,70,22,33,4.733333
SUPER_17,26040000,93,7,11,111,41,52,48.22222
SUPER_17,26050000,86,9,7,102,51,35,17.0625
SUPER_17,26060000,69,9,4,82,35,34,7.1538463
SUPER_17,26070000,108,7,8,123,55,53,37.933334
SUPER_17,26080000,54,8,4,66,27,27,6.8333335
SUPER_17,26090000,82,7,10,99,49,33,14.058824
SUPER_17,26100000,112,7,16,135,62,50,13.913043
SUPER_17,26110000,63,6,12,81,33,30,10.333333
SUPER_17,26120000,56,1,5,62,29,27,6.1666665
SUPER_17,26130000,8,1,1,10,2,6,17
SUPER_17,26140000,10,0,0,10,5,5,NaN
SUPER_17,26150000,2,0,0,2,0,2,NaN
SUPER_17,26160000,20,0,1,21,10,10,2
SUPER_17,26170000,84,5,5,94,35,49,4
SUPER_17,26180000,3,0,0,3,1,2,NaN
SUPER_17,26190000,44,5,2,51,19,25,4.857143
SUPER_17,26200000,52,5,6,63,21,31,19.272728
SUPER_17,26210000,53,7,6,66,23,30,7.230769
SUPER_17,26220000,29,3,2,34,15,14,2.6
SUPER_17,26230000,12,2,0,14,8,4,31
SUPER_17,26240000,88,9,8,105,44,44,8.058824
SUPER_17,26250000,85,4,6,95,44,41,3.4
SUPER_17,26260000,123,8,8,139,63,60,8.125
SUPER_17,26270000,63,5,4,72,35,28,2.4444444
SUPER_17,26280000,72,9,8,89,28,44,6.0588236
SUPER_17,26290000,42,3,3,48,21,21,54
SUPER_17,26300000,9,0,1,10,3,6,44
SUPER_17,26310000,56,4,5,65,37,19,4.2222223
SUPER_17,26320000,95,5,3,103,58,37,10.625
SUPER_17,26330000,137,7,8,152,61,76,3.2
SUPER_17,26340000,92,11,6,109,53,39,5.7647057
SUPER_17,26350000,69,2,10,81,45,24,13.75
SUPER_17,26360000,126,7,19,152,72,54,10.307693
SUPER_17,26370000,172,20,16,208,95,77,7.361111
SUPER_17,26380000,69,3,9,81,30,39,3.1666667
SUPER_17,26390000,56,3,5,64,28,28,3.25
SUPER_17,26400000,83,8,6,97,38,45,11.285714
SUPER_17,26410000,48,3,1,52,20,28,13.75
SUPER_17,26420000,84,6,6,96,43,41,40.333332
SUPER_17,26430000,93,10,6,109,48,45,4.375
SUPER_17,26440000,76,3,12,91,42,34,4.733333
SUPER_17,26450000,35,2,3,40,19,16,6.8
SUPER_17,26460000,34,4,5,43,13,21,18.333334
SUPER_17,26470000,60,9,3,72,31,29,6.25
SUPER_17,26480000,64,6,7,77,34,30,2.5384614
SUPER_17,26490000,120,10,8,138,57,63,3.4444444
SUPER_17,26500000,64,4,16,84,22,42,9.55
SUPER_17,26510000,72,4,7,83,32,40,14.909091
SUPER_17,26520000,79,6,9,94,41,38,7.4666667
SUPER_17,26530000,65,6,12,83,32,33,15.555555
SUPER_17,26540000,87,6,3,96,40,47,29.333334
SUPER_17,26550000,41,2,3,46,29,12,6
SUPER_17,26560000,42,4,2,48,13,29,2
SUPER_17,26570000,63,5,4,72,34,29,11.888889
SUPER_17,26580000,14,2,1,17,5,9,1
SUPER_17,26590000,72,6,3,81,46,26,4.5555553
SUPER_17,26600000,85,12,4,101,44,41,4.4375
SUPER_17,26610000,158,7,6,171,88,70,13.153846
SUPER_17,26620000,65,7,3,75,34,31,5
SUPER_17,26630000,42,3,2,47,25,17,6.6
SUPER_17,26640000,4,0,0,4,2,2,NaN
SUPER_17,26650000,2,0,0,2,0,2,NaN
SUPER_17,26660000,0,0,0,0,0,0,0
SUPER_17,26670000,0,0,0,0,0,0,0
SUPER_17,26680000,5,0,0,5,1,4,NaN
SUPER_17,26690000,2,0,0,2,2,0,NaN
SUPER_17,26700000,0,1,1,2,0,0,1
SUPER_17,26710000,5,1,0,6,4,1,1
SUPER_17,26720000,1,0,1,2,0,1,1
SUPER_17,26730000,1,0,1,2,0,1,1
SUPER_17,26740000,1,0,0,1,1,0,NaN
SUPER_17,26750000,1,0,1,2,0,1,6
SUPER_17,26760000,3,0,0,3,1,2,NaN
SUPER_17,26770000,1,1,0,2,1,0,4
SUPER_17,26780000,2,0,0,2,2,0,NaN
SUPER_17,26790000,2,0,0,2,1,1,NaN
SUPER_17,26800000,0,0,0,0,0,0,0
SUPER_17,26810000,0,0,0,0,0,0,0
SUPER_17,26820000,124,11,9,144,67,57,19.1
SUPER_17,26830000,98,10,10,118,52,46,5.55
SUPER_17,26840000,41,2,4,47,22,19,4.1666665
SUPER_17,26850000,112,8,11,131,45,67,5.0526314
SUPER_17,26860000,55,5,4,64,29,26,3.2222223
SUPER_17,26870000,48,1,6,55,24,24,4
SUPER_17,26880000,42,2,3,47,28,14,11.4
SUPER_17,26890000,29,1,3,33,16,13,1.25
SUPER_17,26900000,43,4,2,49,20,23,7.6666665
SUPER_17,26910000,59,6,4,69,35,24,7.7
SUPER_17,26920000,1,0,0,1,0,1,NaN
SUPER_17,26930000,3,0,0,3,1,2,NaN
SUPER_17,26940000,2,1,0,3,2,0,34
SUPER_17,26950000,55,3,3,61,25,30,4.6666665
SUPER_17,26960000,1,0,0,1,1,0,NaN
SUPER_17,26970000,1,0,1,2,0,1,2
SUPER_17,26980000,2,0,2,4,0,2,9.5
SUPER_17,26990000,4,1,1,6,3,1,3.5
SUPER_17,27000000,4,1,0,5,3,1,1
SUPER_17,27010000,5,0,0,5,2,3,NaN
SUPER_17,27020000,4,0,0,4,2,2,NaN
SUPER_17,27030000,76,7,6,89,37,39,5
SUPER_17,27040000,77,6,8,91,53,24,6.357143
SUPER_17,27050000,0,0,0,0,0,0,0
SUPER_17,27060000,0,0,0,0,0,0,0
SUPER_17,27070000,113,10,4,127,53,60,4.714286
SUPER_17,27080000,1,1,0,2,0,1,1
SUPER_17,27090000,1,1,0,2,1,0,1
SUPER_17,27100000,0,0,0,0,0,0,0
SUPER_17,27110000,0,0,0,0,0,0,0
SUPER_17,27120000,9,2,1,12,4,5,7
SUPER_17,27130000,2,0,0,2,0,2,NaN
SUPER_17,27140000,0,0,0,0,0,0,0
SUPER_17,27150000,0,0,0,0,0,0,0
SUPER_17,27160000,5,4,0,9,2,3,8.75
SUPER_17,27170000,4,0,1,5,2,2,6
SUPER_17,27180000,13,0,0,13,5,8,NaN
SUPER_17,27190000,64,1,2,67,32,32,7
SUPER_17,27200000,0,0,0,0,0,0,0
SUPER_17,27210000,0,0,0,0,0,0,0
SUPER_17,27220000,3,0,1,4,3,0,1
SUPER_17,27230000,5,0,0,5,4,1,NaN
SUPER_17,27240000,0,0,0,0,0,0,0
SUPER_17,27250000,0,0,0,0,0,0,0
SUPER_18,10000,18,3,4,25,10,8,1.4285715
SUPER_18,20000,59,7,10,76,41,18,1
SUPER_18,30000,0,0,0,0,0,0,0
SUPER_18,40000,0,0,0,0,0,0,0
SUPER_18,50000,24,5,2,31,16,8,1
SUPER_18,60000,13,1,1,15,9,4,14.5
SUPER_18,70000,8,0,0,8,5,3,NaN
SUPER_18,80000,32,1,1,34,22,10,1
SUPER_18,90000,5,2,0,7,3,2,18.5
SUPER_18,100000,1,1,0,2,1,0,2
SUPER_18,110000,80,1,2,83,57,23,1.6666666
SUPER_18,120000,0,0,0,0,0,0,0
SUPER_18,130000,0,0,0,0,0,0,0
SUPER_18,140000,2,2,1,5,1,1,1.6666666
SUPER_18,150000,17,0,1,18,12,5,1
SUPER_18,160000,4,0,0,4,1,3,NaN
SUPER_18,170000,9,2,1,12,6,3,1.6666666
SUPER_18,180000,0,0,0,0,0,0,0
SUPER_18,190000,0,0,0,0,0,0,0
SUPER_18,200000,37,2,4,43,20,17,5.3333335
SUPER_18,210000,0,0,0,0,0,0,0
SUPER_18,220000,0,0,0,0,0,0,0
SUPER_18,230000,0,0,0,0,0,0,0
SUPER_18,240000,0,0,0,0,0,0,0
SUPER_18,250000,0,0,0,0,0,0,0
SUPER_18,260000,0,0,0,0,0,0,0
SUPER_18,270000,0,0,0,0,0,0,0
SUPER_18,280000,0,0,0,0,0,0,0
SUPER_18,290000,0,0,0,0,0,0,0
SUPER_18,300000,0,0,0,0,0,0,0
SUPER_18,310000,50,5,1,56,37,13,5.8333335
SUPER_18,320000,0,0,0,0,0,0,0
SUPER_18,330000,0,0,0,0,0,0,0
SUPER_18,340000,0,0,0,0,0,0,0
SUPER_18,350000,0,0,0,0,0,0,0
SUPER_18,360000,17,0,1,18,10,7,2
SUPER_18,370000,44,8,3,55,19,25,7
SUPER_18,380000,3,0,1,4,3,0,1
SUPER_18,390000,7,2,4,13,3,4,9.833333
SUPER_18,400000,26,2,5,33,16,10,3.2857144
SUPER_18,410000,55,5,7,67,27,28,4.6666665
SUPER_18,420000,73,4,3,80,41,32,5.142857
SUPER_18,430000,84,2,7,93,45,39,3.8888888
SUPER_18,440000,79,1,7,87,36,43,1.875
SUPER_18,450000,81,4,9,94,41,40,67.30769
SUPER_18,460000,101,4,5,110,54,47,22.333334
SUPER_18,470000,132,8,9,149,54,78,8.470589
SUPER_18,480000,113,7,7,127,69,44,34.57143
SUPER_18,490000,90,10,7,107,52,38,6.117647
SUPER_18,500000,78,7,8,93,39,39,7.0666666
SUPER_18,510000,85,5,7,97,40,45,2.25
SUPER_18,520000,6,0,1,7,3,3,6
SUPER_18,530000,24,3,4,31,10,14,3.5714285
SUPER_18,540000,13,2,1,16,6,7,2
SUPER_18,550000,106,15,9,130,49,57,16.625
SUPER_18,560000,45,3,2,50,20,25,5.4
SUPER_18,570000,1,0,0,1,1,0,NaN
SUPER_18,580000,1,0,0,1,0,1,NaN
SUPER_18,590000,2,0,0,2,0,2,NaN
SUPER_18,600000,3,0,1,4,2,1,7
SUPER_18,610000,0,0,0,0,0,0,0
SUPER_18,620000,0,0,0,0,0,0,0
SUPER_18,630000,2,0,1,3,0,2,1
SUPER_18,640000,1,0,0,1,1,0,NaN
SUPER_18,650000,1,0,0,1,0,1,NaN
SUPER_18,660000,2,1,0,3,1,1,9
SUPER_18,670000,3,0,0,3,1,2,NaN
SUPER_18,680000,3,0,1,4,2,1,1
SUPER_18,690000,2,0,0,2,0,2,NaN
SUPER_18,700000,1,0,0,1,0,1,NaN
SUPER_18,710000,2,1,0,3,2,0,1
SUPER_18,720000,4,0,0,4,2,2,NaN
SUPER_18,730000,3,1,0,4,1,2,3
SUPER_18,740000,4,1,0,5,3,1,1
SUPER_18,750000,3,0,0,3,3,0,NaN
SUPER_18,760000,92,6,5,103,41,51,8.909091
SUPER_18,770000,64,7,5,76,32,32,7.4166665
SUPER_18,780000,100,5,8,113,55,45,5.3076925
SUPER_18,790000,90,10,8,108,45,45,13.5
SUPER_18,800000,91,2,8,101,49,42,2.7
SUPER_18,810000,165,8,12,185,81,84,11.35
SUPER_18,820000,207,12,16,235,101,106,4.214286
SUPER_18,830000,145,9,13,167,77,68,5.4545455
SUPER_18,840000,52,3,6,61,27,25,6.7777777
SUPER_18,850000,5,0,1,6,4,1,2
SUPER_18,860000,59,2,3,64,27,32,9.6
SUPER_18,870000,2,0,1,3,1,1,2
SUPER_18,880000,33,4,2,39,18,15,6.1666665
SUPER_18,890000,70,4,4,78,37,33,12.875
SUPER_18,900000,83,5,10,98,37,46,6.866667
SUPER_18,910000,78,6,5,89,38,40,3.909091
SUPER_18,920000,102,11,6,119,54,48,1.7647059
SUPER_18,930000,91,10,5,106,46,45,8.266666
SUPER_18,940000,128,3,10,141,65,63,9.153846
SUPER_18,950000,111,5,8,124,59,52,4.5384617
SUPER_18,960000,62,4,3,69,29,33,4.142857
SUPER_18,970000,35,3,3,41,20,15,6.8333335
SUPER_18,980000,100,6,7,113,47,53,10.461538
SUPER_18,990000,207,9,15,231,109,98,4.9166665
SUPER_18,1000000,321,22,25,368,158,163,15.957447
SUPER_18,1010000,102,11,4,117,54,48,5.0666666
SUPER_18,1020000,148,9,10,167,71,77,10.842105
SUPER_18,1030000,143,17,8,168,73,70,14.36
SUPER_18,1040000,129,7,2,138,69,60,3.1111112
SUPER_18,1050000,92,8,6,106,43,49,7.071429
SUPER_18,1060000,62,6,6,74,30,32,4.0833335
SUPER_18,1070000,106,3,4,113,53,53,1.7142857
SUPER_18,1080000,62,7,5,74,29,33,5.0833335
SUPER_18,1090000,140,13,17,170,71,69,7.5333333
SUPER_18,1100000,5,1,0,6,1,4,7
SUPER_18,1110000,7,0,0,7,5,2,NaN
SUPER_18,1120000,190,10,7,207,118,72,4.7058825
SUPER_18,1130000,110,7,8,125,56,54,33.4
SUPER_18,1140000,103,10,10,123,54,49,8.45
SUPER_18,1150000,93,3,10,106,45,48,6.076923
SUPER_18,1160000,71,7,4,82,33,38,8.272727
SUPER_18,1170000,66,2,10,78,35,31,1.9166666
SUPER_18,1180000,136,9,12,157,68,68,2.857143
SUPER_18,1190000,88,5,5,98,45,43,8.1
SUPER_18,1200000,15,3,3,21,10,5,2.3333333
SUPER_18,1210000,49,1,3,53,30,19,10
SUPER_18,1220000,17,4,0,21,8,9,7
SUPER_18,1230000,61,3,4,68,32,29,4
SUPER_18,1240000,65,1,5,71,36,29,5.3333335
SUPER_18,1250000,74,7,6,87,32,42,23.153847
SUPER_18,1260000,135,3,16,154,72,63,3.6842105
SUPER_18,1270000,157,12,7,176,89,68,6.263158
SUPER_18,1280000,91,10,8,109,46,45,6.2777777
SUPER_18,1290000,89,6,7,102,45,44,3.7692308
SUPER_18,1300000,14,2,3,19,7,7,8.6
SUPER_18,1310000,180,6,7,193,88,92,8
SUPER_18,1320000,116,9,10,135,47,69,4.5263157
SUPER_18,1330000,68,2,4,74,34,34,6.5
SUPER_18,1340000,63,5,4,72,34,29,8.111111
SUPER_18,1350000,50,5,5,60,22,28,12.4
SUPER_18,1360000,75,1,5,81,42,33,48.5
SUPER_18,1370000,50,3,4,57,24,26,2.857143
SUPER_18,1380000,55,4,7,66,25,30,6.818182
SUPER_18,1390000,122,16,6,144,54,68,4.318182
SUPER_18,1400000,70,3,6,79,43,27,4.7777777
SUPER_18,1410000,98,7,7,112,53,45,9.642858
SUPER_18,1420000,176,9,16,201,97,79,3.16
SUPER_18,1430000,121,15,7,143,50,71,5.6363635
SUPER_18,1440000,115,13,10,138,63,52,8.130435
SUPER_18,1450000,42,0,1,43,17,25,54
SUPER_18,1460000,93,2,10,105,49,44,7.25
SUPER_18,1470000,47,3,1,51,29,18,17.75
SUPER_18,1480000,79,6,9,94,31,48,29.6
SUPER_18,1490000,94,5,8,107,50,44,5.769231
SUPER_18,1500000,148,10,14,172,70,78,7.2083335
SUPER_18,1510000,80,3,6,89,45,35,16.555555
SUPER_18,1520000,152,12,6,170,87,65,4.388889
SUPER_18,1530000,11,0,0,11,5,6,NaN
SUPER_18,1540000,3,1,0,4,1,2,2
SUPER_18,1550000,1,0,1,2,1,0,2
SUPER_18,1560000,1,3,0,4,0,1,6.3333335
SUPER_18,1570000,3,0,0,3,1,2,NaN
SUPER_18,1580000,1,0,1,2,1,0,2
SUPER_18,1590000,3,0,0,3,1,2,NaN
SUPER_18,1600000,2,0,1,3,1,1,12
SUPER_18,1610000,2,3,0,5,1,1,1
SUPER_18,1620000,3,0,0,3,1,2,NaN
SUPER_18,1630000,2,2,0,4,1,1,1.5
SUPER_18,1640000,3,1,0,4,1,2,40
SUPER_18,1650000,1,0,1,2,1,0,20
SUPER_18,1660000,4,2,1,7,3,1,12.666667
SUPER_18,1670000,2,1,0,3,2,0,2
SUPER_18,1680000,49,8,4,61,27,22,9.666667
SUPER_18,1690000,85,9,8,102,36,49,4.2352943
SUPER_18,1700000,109,9,8,126,57,52,32.82353
SUPER_18,1710000,100,5,18,123,47,53,23.565218
SUPER_18,1720000,75,2,2,79,33,42,4.25
SUPER_18,1730000,74,9,7,90,41,33,6.1875
SUPER_18,1740000,81,8,6,95,49,32,8.071428
SUPER_18,1750000,52,4,9,65,15,37,5
SUPER_18,1760000,60,4,8,72,20,40,10
SUPER_18,1770000,116,8,12,136,61,55,18.65
SUPER_18,1780000,123,5,16,144,56,67,9.047619
SUPER_18,1790000,168,15,13,196,81,87,5.357143
SUPER_18,1800000,119,10,9,138,66,53,3.6842105
SUPER_18,1810000,133,6,15,154,68,65,16.380953
SUPER_18,1820000,47,2,10,59,19,28,4.5833335
SUPER_18,1830000,0,0,0,0,0,0,0
SUPER_18,1840000,0,0,0,0,0,0,0
SUPER_18,1850000,1,0,1,2,0,1,3
SUPER_18,1860000,0,0,1,1,0,0,2
SUPER_18,1870000,5,1,0,6,3,2,5
SUPER_18,1880000,0,1,0,1,0,0,2
SUPER_18,1890000,2,0,1,3,2,0,58
SUPER_18,1900000,13,0,4,17,6,7,80.75
SUPER_18,1910000,29,1,5,35,15,14,1.5
SUPER_18,1920000,149,13,11,173,78,71,4.625
SUPER_18,1930000,137,14,5,156,65,72,13.210526
SUPER_18,1940000,16,0,0,16,9,7,NaN
SUPER_18,1950000,68,10,8,86,30,38,17.88889
SUPER_18,1960000,148,11,7,166,80,68,5.8333335
SUPER_18,1970000,2,0,0,2,1,1,NaN
SUPER_18,1980000,90,4,3,97,51,39,5.285714
SUPER_18,1990000,111,8,11,130,54,57,8.684211
SUPER_18,2000000,127,11,5,143,67,60,9.3125
SUPER_18,2010000,166,13,12,191,89,77,18.8
SUPER_18,2020000,73,6,7,86,35,38,2.9230769
SUPER_18,2030000,128,6,6,140,81,47,5.5
SUPER_18,2040000,178,14,11,203,74,104,11.52
SUPER_18,2050000,193,10,17,220,105,88,20.851852
SUPER_18,2060000,60,3,4,67,31,29,9.571428
SUPER_18,2070000,1,1,0,2,0,1,3
SUPER_18,2080000,0,0,1,1,0,0,16
SUPER_18,2090000,3,0,0,3,1,2,NaN
SUPER_18,2100000,4,1,0,5,1,3,8
SUPER_18,2110000,3,0,0,3,2,1,NaN
SUPER_18,2120000,0,0,0,0,0,0,0
SUPER_18,2130000,0,0,0,0,0,0,0
SUPER_18,2140000,6,1,0,7,3,3,3
SUPER_18,2150000,0,0,0,0,0,0,0
SUPER_18,2160000,0,0,0,0,0,0,0
SUPER_18,2170000,5,2,0,7,4,1,4.5
SUPER_18,2180000,2,0,1,3,1,1,1
SUPER_18,2190000,3,0,0,3,1,2,NaN
SUPER_18,2200000,54,6,1,61,25,29,5.428571
SUPER_18,2210000,73,6,2,81,31,42,7.25
SUPER_18,2220000,6,0,0,6,4,2,NaN
SUPER_18,2230000,4,0,0,4,3,1,NaN
SUPER_18,2240000,1,0,1,2,0,1,1
SUPER_18,2250000,170,12,21,203,93,77,12.030303
SUPER_18,2260000,151,10,14,175,69,82,15.125
SUPER_18,2270000,177,16,14,207,92,85,10.566667
SUPER_18,2280000,113,16,10,139,66,47,5.3461537
SUPER_18,2290000,125,10,12,147,62,63,5.8636365
SUPER_18,2300000,77,4,4,85,44,33,9.875
SUPER_18,2310000,95,17,9,121,54,41,5.8461537
SUPER_18,2320000,2,0,3,5,2,0,1.6666666
SUPER_18,2330000,21,3,3,27,10,11,4.5
SUPER_18,2340000,94,2,10,106,44,50,20.333334
SUPER_18,2350000,111,4,12,127,52,59,95.9375
SUPER_18,2360000,134,14,11,159,63,71,3.28
SUPER_18,2370000,142,16,11,169,67,75,5.185185
SUPER_18,2380000,115,9,12,136,56,59,22.952381
SUPER_18,2390000,146,12,10,168,73,73,10.227273
SUPER_18,2400000,46,2,2,50,24,22,2.5
SUPER_18,2410000,68,4,3,75,36,32,4.571429
SUPER_18,2420000,150,7,10,167,74,76,6.1764708
SUPER_18,2430000,112,9,8,129,50,62,5.117647
SUPER_18,2440000,7,0,2,9,2,5,5
SUPER_18,2450000,2,0,1,3,1,1,61
SUPER_18,2460000,1,0,0,1,1,0,NaN
SUPER_18,2470000,4,1,0,5,1,3,14
SUPER_18,2480000,1,1,0,2,1,0,23
SUPER_18,2490000,2,0,1,3,1,1,2
SUPER_18,2500000,5,1,1,7,4,1,2.5
SUPER_18,2510000,1,0,0,1,1,0,NaN
SUPER_18,2520000,1,0,2,3,1,0,2
SUPER_18,2530000,3,1,0,4,2,1,12
SUPER_18,2540000,0,1,0,1,0,0,4
SUPER_18,2550000,68,8,11,87,26,42,5.8421054
SUPER_18,2560000,1,0,2,3,0,1,4
SUPER_18,2570000,1,0,0,1,1,0,NaN
SUPER_18,2580000,58,6,3,67,28,30,5.111111
SUPER_18,2590000,62,6,5,73,35,27,7.3636365
SUPER_18,2600000,95,7,10,112,52,43,9.235294
SUPER_18,2610000,119,9,13,141,52,67,2.9545455
SUPER_18,2620000,2,0,0,2,2,0,NaN
SUPER_18,2630000,6,0,0,6,4,2,NaN
SUPER_18,2640000,3,0,1,4,3,0,8
SUPER_18,2650000,2,0,0,2,0,2,NaN
SUPER_18,2660000,36,2,1,39,18,18,2.6666667
SUPER_18,2670000,21,2,0,23,8,13,1.5
SUPER_18,2680000,68,4,7,79,33,35,2.5454545
SUPER_18,2690000,23,6,3,32,9,14,3.2222223
SUPER_18,2700000,14,1,1,16,6,8,1.5
SUPER_18,2710000,50,3,1,54,36,14,2.75
SUPER_18,2720000,2,0,0,2,0,2,NaN
SUPER_18,2730000,2,1,0,3,1,1,9
SUPER_18,2740000,11,1,1,13,8,3,7.5
SUPER_18,2750000,115,12,5,132,50,65,8.882353
SUPER_18,2760000,35,3,6,44,19,16,8.555555
SUPER_18,2770000,2,0,0,2,1,1,NaN
SUPER_18,2780000,49,4,2,55,25,24,4.3333335
SUPER_18,2790000,27,3,2,32,15,12,4.8
SUPER_18,2800000,0,0,1,1,0,0,1
SUPER_18,2810000,1,0,0,1,1,0,NaN
SUPER_18,2820000,1,0,0,1,1,0,NaN
SUPER_18,2830000,0,2,0,2,0,0,14.5
SUPER_18,2840000,89,10,6,105,40,49,6.5625
SUPER_18,2850000,76,14,9,99,40,36,4.652174
SUPER_18,2860000,17,0,1,18,8,9,8
SUPER_18,2870000,2,1,0,3,2,0,14
SUPER_18,2880000,34,3,2,39,18,16,1.2
SUPER_18,2890000,73,5,2,80,32,41,29.142857
SUPER_18,2900000,175,11,14,200,89,86,4.88
SUPER_18,2910000,87,9,10,106,51,36,5.5263157
SUPER_18,2920000,145,10,7,162,66,79,15.588235
SUPER_18,2930000,64,4,12,80,24,40,6.25
SUPER_18,2940000,88,4,5,97,39,49,1.5555556
SUPER_18,2950000,105,8,9,122,52,53,3.5294118
SUPER_18,2960000,60,4,6,70,30,30,5.3
SUPER_18,2970000,132,6,10,148,63,69,55.75
SUPER_18,2980000,110,10,6,126,55,55,5.375
SUPER_18,2990000,130,9,5,144,75,55,4.357143
SUPER_18,3000000,104,9,9,122,54,50,9.222222
SUPER_18,3010000,1,0,0,1,1,0,NaN
SUPER_18,3020000,0,0,0,0,0,0,0
SUPER_18,3030000,0,0,0,0,0,0,0
SUPER_18,3040000,10,2,6,18,4,6,9.5
SUPER_18,3050000,1,1,0,2,1,0,4
SUPER_18,3060000,0,1,1,2,0,0,1.5
SUPER_18,3070000,0,0,0,0,0,0,0
SUPER_18,3080000,0,0,0,0,0,0,0
SUPER_18,3090000,1,1,0,2,1,0,8
SUPER_18,3100000,3,0,0,3,3,0,NaN
SUPER_18,3110000,0,0,0,0,0,0,0
SUPER_18,3120000,0,0,0,0,0,0,0
SUPER_18,3130000,0,0,0,0,0,0,0
SUPER_18,3140000,79,4,5,88,42,37,37.555557
SUPER_18,3150000,165,10,14,189,97,68,6.0416665
SUPER_18,3160000,80,6,6,92,44,36,10.916667
SUPER_18,3170000,123,11,14,148,58,65,27.96
SUPER_18,3180000,88,5,6,99,46,42,7.2727275
SUPER_18,3190000,100,2,9,111,52,48,1.8181819
SUPER_18,3200000,137,11,8,156,74,63,7.2105265
SUPER_18,3210000,0,0,0,0,0,0,0
SUPER_18,3220000,0,0,0,0,0,0,0
SUPER_18,3230000,5,0,0,5,4,1,NaN
SUPER_18,3240000,2,0,0,2,1,1,NaN
SUPER_18,3250000,75,5,5,85,48,27,7.7
SUPER_18,3260000,78,5,6,89,38,40,15.545455
SUPER_18,3270000,114,15,14,143,64,50,6.3448277
SUPER_18,3280000,50,3,3,56,31,19,8.5
SUPER_18,3290000,88,9,4,101,43,45,6
SUPER_18,3300000,171,7,12,190,79,92,5.1578946
SUPER_18,3310000,169,9,16,194,82,87,7.84
SUPER_18,3320000,129,11,6,146,69,60,7.470588
SUPER_18,3330000,16,1,0,17,7,9,1
SUPER_18,3340000,0,0,1,1,0,0,2
SUPER_18,3350000,3,0,0,3,3,0,NaN
SUPER_18,3360000,8,3,1,12,3,5,2.75
SUPER_18,3370000,29,4,0,33,16,13,3.75
SUPER_18,3380000,6,0,1,7,3,3,31
SUPER_18,3390000,7,0,0,7,6,1,NaN
SUPER_18,3400000,65,3,1,69,35,30,6.25
SUPER_18,3410000,138,12,7,157,74,64,10.210526
SUPER_18,3420000,0,0,0,0,0,0,0
SUPER_18,3430000,0,0,0,0,0,0,0
SUPER_18,3440000,40,2,3,45,22,18,8
SUPER_18,3450000,1,0,0,1,1,0,NaN
SUPER_18,3460000,0,0,0,0,0,0,0
SUPER_18,3470000,0,0,0,0,0,0,0
SUPER_18,3480000,0,0,0,0,0,0,0
SUPER_18,3490000,151,3,8,162,77,74,2.909091
SUPER_18,3500000,5,0,0,5,1,4,NaN
SUPER_18,3510000,2,0,0,2,1,1,NaN
SUPER_18,3520000,0,0,0,0,0,0,0
SUPER_18,3530000,0,0,0,0,0,0,0
SUPER_18,3540000,6,0,0,6,4,2,NaN
SUPER_18,3550000,3,0,0,3,3,0,NaN
SUPER_18,3560000,1,1,0,2,0,1,17
SUPER_18,3570000,1,0,0,1,0,1,NaN
SUPER_18,3580000,3,0,1,4,1,2,3
SUPER_18,3590000,62,5,9,76,28,34,5.071429
SUPER_18,3600000,188,13,13,214,101,87,4.5
SUPER_18,3610000,217,13,20,250,109,108,15.030303
SUPER_18,3620000,149,14,14,177,64,85,16.857143
SUPER_18,3630000,149,9,9,167,81,68,2.4444444
SUPER_18,3640000,102,5,3,110,54,48,3.625
SUPER_18,3650000,122,9,12,143,68,54,3.9047618
SUPER_18,3660000,48,1,0,49,22,26,3
SUPER_18,3670000,48,4,2,54,23,25,1.6666666
SUPER_18,3680000,181,11,13,205,99,82,10.083333
SUPER_18,3690000,73,4,4,81,44,29,7.5
SUPER_18,3700000,82,9,11,102,39,43,9.7
SUPER_18,3710000,147,10,13,170,69,78,17.173914
SUPER_18,3720000,61,4,4,69,37,24,6.125
SUPER_18,3730000,200,12,15,227,115,85,7.962963
SUPER_18,3740000,47,2,2,51,23,24,1.75
SUPER_18,3750000,0,2,0,2,0,0,5.5
SUPER_18,3760000,2,0,0,2,0,2,NaN
SUPER_18,3770000,51,3,3,57,34,17,4.3333335
SUPER_18,3780000,5,1,0,6,4,1,4
SUPER_18,3790000,83,4,5,92,37,46,5.7777777
SUPER_18,3800000,116,10,9,135,61,55,10.421053
SUPER_18,3810000,29,2,3,34,17,12,3.4
SUPER_18,3820000,103,2,11,116,57,46,15.923077
SUPER_18,3830000,8,0,0,8,5,3,NaN
SUPER_18,3840000,129,14,7,150,66,63,7.5238094
SUPER_18,3850000,142,6,18,166,76,66,8.875
SUPER_18,3860000,213,18,12,243,123,90,17.366667
SUPER_18,3870000,63,6,11,80,24,39,8.058824
SUPER_18,3880000,64,7,8,79,27,37,4.0666666
SUPER_18,3890000,60,6,7,73,33,27,6.4615383
SUPER_18,3900000,107,10,11,128,56,51,21.952381
SUPER_18,3910000,104,8,10,122,48,56,6.2222223
SUPER_18,3920000,63,6,11,80,23,40,6.352941
SUPER_18,3930000,84,4,15,103,36,48,5.263158
SUPER_18,3940000,124,17,14,155,56,68,8.935484
SUPER_18,3950000,192,24,18,234,95,97,4.071429
SUPER_18,3960000,158,10,14,182,77,81,13.75
SUPER_18,3970000,42,2,7,51,32,10,3.5555556
SUPER_18,3980000,0,1,0,1,0,0,1
SUPER_18,3990000,13,2,0,15,3,10,7
SUPER_18,4000000,70,10,4,84,30,40,5.285714
SUPER_18,4010000,89,14,4,107,30,59,3.1666667
SUPER_18,4020000,7,3,1,11,3,4,6
SUPER_18,4030000,0,0,1,1,0,0,1
SUPER_18,4040000,0,0,0,0,0,0,0
SUPER_18,4050000,0,0,0,0,0,0,0
SUPER_18,4060000,0,0,0,0,0,0,0
SUPER_18,4070000,0,0,0,0,0,0,0
SUPER_18,4080000,0,0,0,0,0,0,0
SUPER_18,4090000,0,0,0,0,0,0,0
SUPER_18,4100000,1,2,1,4,1,0,3.3333333
SUPER_18,4110000,12,1,0,13,5,7,23
SUPER_18,4120000,46,6,4,56,25,21,6.2
SUPER_18,4130000,43,4,0,47,21,22,17.75
SUPER_18,4140000,29,4,6,39,10,19,7.9
SUPER_18,4150000,54,5,9,68,23,31,16.571428
SUPER_18,4160000,64,5,3,72,31,33,16
SUPER_18,4170000,28,0,1,29,11,17,2
SUPER_18,4180000,28,3,2,33,14,14,28.6
SUPER_18,4190000,19,0,1,20,8,11,1
SUPER_18,4200000,39,3,1,43,19,20,3
SUPER_18,4210000,46,2,6,54,21,25,4
SUPER_18,4220000,15,1,4,20,5,10,8.8
SUPER_18,4230000,62,7,6,75,31,31,5.8461537
SUPER_18,4240000,17,4,2,23,6,11,15.166667
SUPER_18,4250000,6,0,0,6,2,4,NaN
SUPER_18,4260000,194,9,14,217,84,110,2.4782608
SUPER_18,4270000,0,0,0,0,0,0,0
SUPER_18,4280000,0,0,0,0,0,0,0
SUPER_18,4290000,0,0,0,0,0,0,0
SUPER_18,4300000,81,5,10,96,44,37,6.9333334
SUPER_18,4310000,94,9,11,114,47,47,33.35
SUPER_18,4320000,110,12,9,131,67,42,5.6190476
SUPER_18,4330000,59,3,7,69,32,27,24.9
SUPER_18,4340000,38,1,3,42,17,21,5
SUPER_18,4350000,31,5,4,40,15,16,4.7777777
SUPER_18,4360000,82,9,8,99,42,40,4.882353
SUPER_18,4370000,40,4,4,48,19,21,3.25
SUPER_18,4380000,63,2,3,68,31,32,3.2
SUPER_18,4390000,19,2,1,22,14,5,2
SUPER_18,4400000,0,0,1,1,0,0,1
SUPER_18,4410000,48,3,1,52,22,26,3.75
SUPER_18,4420000,25,2,6,33,14,11,4.5
SUPER_18,4430000,29,2,6,37,19,10,3.625
SUPER_18,4440000,114,12,8,134,58,56,34.05
SUPER_18,4450000,100,4,10,114,38,62,2.7857144
SUPER_18,4460000,111,9,11,131,65,46,12.4
SUPER_18,4470000,74,6,5,85,43,31,13.909091
SUPER_18,4480000,67,5,3,75,24,43,6.75
SUPER_18,4490000,42,4,6,52,24,18,9.1
SUPER_18,4500000,31,5,4,40,14,17,6.2222223
SUPER_18,4510000,36,5,5,46,20,16,1.9
SUPER_18,4520000,115,12,14,141,50,65,5.6923075
SUPER_18,4530000,1,0,2,3,0,1,1
SUPER_18,4540000,5,2,0,7,1,4,1
SUPER_18,4550000,89,10,6,105,47,42,17.125
SUPER_18,4560000,64,6,8,78,31,33,13.214286
SUPER_18,4570000,101,5,2,108,63,38,9
SUPER_18,4580000,145,10,10,165,76,69,16.3
SUPER_18,4590000,110,9,12,131,62,48,13.476191
SUPER_18,4600000,94,4,9,107,46,48,5.6153846
SUPER_18,4610000,118,7,10,135,69,49,3.1176472
SUPER_18,4620000,144,6,8,158,79,65,8.642858
SUPER_18,4630000,90,4,10,104,48,42,6.214286
SUPER_18,4640000,215,8,19,242,116,99,58.703705
SUPER_18,4650000,139,14,13,166,71,68,12.888889
SUPER_18,4660000,172,11,8,191,87,85,40.894737
SUPER_18,4670000,130,6,10,146,59,71,5.5
SUPER_18,4680000,122,11,5,138,64,58,6.1875
SUPER_18,4690000,135,9,15,159,76,59,13.291667
SUPER_18,4700000,136,11,9,156,73,63,8.7
SUPER_18,4710000,154,13,10,177,78,76,9.391304
SUPER_18,4720000,26,4,3,33,8,18,3.2857144
SUPER_18,4730000,189,18,8,215,92,97,17.461538
SUPER_18,4740000,135,9,14,158,75,60,9.304348
SUPER_18,4750000,115,9,10,134,61,54,3.4736843
SUPER_18,4760000,1,0,0,1,0,1,NaN
SUPER_18,4770000,2,0,0,2,2,0,NaN
SUPER_18,4780000,2,0,0,2,2,0,NaN
SUPER_18,4790000,1,0,1,2,1,0,1
SUPER_18,4800000,33,1,1,35,15,18,40
SUPER_18,4810000,100,7,6,113,56,44,9.846154
SUPER_18,4820000,154,14,10,178,76,78,4.9583335
SUPER_18,4830000,171,8,11,190,86,85,10.263158
SUPER_18,4840000,171,19,21,211,76,95,16.8
SUPER_18,4850000,196,14,14,224,97,99,6.857143
SUPER_18,4860000,105,9,10,124,50,55,4.2105265
SUPER_18,4870000,105,6,10,121,45,60,4.6875
SUPER_18,4880000,119,9,8,136,62,57,9.470589
SUPER_18,4890000,27,1,4,32,12,15,12.6
SUPER_18,4900000,78,6,5,89,39,39,53.454544
SUPER_18,4910000,198,7,17,222,96,102,41.958332
SUPER_18,4920000,73,7,8,88,31,42,3.8666666
SUPER_18,4930000,69,9,8,86,38,31,10.823529
SUPER_18,4940000,4,0,1,5,1,3,1
SUPER_18,4950000,3,0,1,4,3,0,4
SUPER_18,4960000,4,1,3,8,1,3,1.75
SUPER_18,4970000,7,2,1,10,0,7,3.6666667
SUPER_18,4980000,2,0,0,2,1,1,NaN
SUPER_18,4990000,1,0,0,1,0,1,NaN
SUPER_18,5000000,0,0,2,2,0,0,1
SUPER_18,5010000,2,0,0,2,1,1,NaN
SUPER_18,5020000,85,3,4,92,48,37,3.4285715
SUPER_18,5030000,134,6,8,148,65,69,16.142857
SUPER_18,5040000,188,12,19,219,98,90,6
SUPER_18,5050000,121,10,2,133,60,61,4.6666665
SUPER_18,5060000,71,5,4,80,30,41,6.4444447
SUPER_18,5070000,108,14,7,129,50,58,4.285714
SUPER_18,5080000,124,8,9,141,59,65,10.058824
SUPER_18,5090000,135,9,9,153,64,71,22.777779
SUPER_18,5100000,2,0,1,3,1,1,1
SUPER_18,5110000,4,0,2,6,2,2,7.5
SUPER_18,5120000,2,0,1,3,2,0,1
SUPER_18,5130000,0,0,0,0,0,0,0
SUPER_18,5140000,0,0,0,0,0,0,0
SUPER_18,5150000,3,0,0,3,1,2,NaN
SUPER_18,5160000,0,0,1,1,0,0,1
SUPER_18,5170000,1,0,0,1,1,0,NaN
SUPER_18,5180000,2,0,1,3,1,1,1
SUPER_18,5190000,23,1,5,29,10,13,38.166668
SUPER_18,5200000,59,5,4,68,34,25,12.222222
SUPER_18,5210000,46,1,5,52,21,25,13.333333
SUPER_18,5220000,120,9,12,141,59,61,4.428571
SUPER_18,5230000,112,12,12,136,54,58,4.0833335
SUPER_18,5240000,71,3,7,81,36,35,16.5
SUPER_18,5250000,196,27,16,239,92,104,9.046512
SUPER_18,5260000,71,4,6,81,40,31,6.3
SUPER_18,5270000,65,9,8,82,42,23,5.1764708
SUPER_18,5280000,60,3,8,71,35,25,7.7272725
SUPER_18,5290000,2,0,1,3,1,1,1
SUPER_18,5300000,47,3,4,54,17,30,1.2857143
SUPER_18,5310000,100,7,3,110,39,61,6.4
SUPER_18,5320000,145,9,6,160,84,61,6.0666666
SUPER_18,5330000,69,5,3,77,42,27,13.25
SUPER_18,5340000,117,9,10,136,66,51,6.8421054
SUPER_18,5350000,80,6,6,92,32,48,5.0833335
SUPER_18,5360000,134,12,19,165,62,72,5.193548
SUPER_18,5370000,102,8,9,119,44,58,5.1764708
SUPER_18,5380000,74,3,8,85,36,38,5.909091
SUPER_18,5390000,34,2,2,38,16,18,1.75
SUPER_18,5400000,164,13,9,186,75,89,8
SUPER_18,5410000,110,4,10,124,50,60,8.785714
SUPER_18,5420000,28,0,3,31,14,14,9
SUPER_18,5430000,45,2,2,49,22,23,1.75
SUPER_18,5440000,126,5,8,139,73,53,4.1538463
SUPER_18,5450000,73,9,10,92,32,41,35.210526
SUPER_18,5460000,79,6,11,96,32,47,6.0588236
SUPER_18,5470000,133,7,3,143,60,73,8.6
SUPER_18,5480000,66,8,10,84,33,33,9.666667
SUPER_18,5490000,110,10,7,127,48,62,15.294118
SUPER_18,5500000,102,12,9,123,51,51,7.5238094
SUPER_18,5510000,98,9,13,120,43,55,7.4545455
SUPER_18,5520000,31,4,2,37,16,15,12
SUPER_18,5530000,4,0,2,6,3,1,1.5
SUPER_18,5540000,18,4,3,25,4,14,3.857143
SUPER_18,5550000,118,5,7,130,61,57,3.6666667
SUPER_18,5560000,91,6,4,101,48,43,3.9
SUPER_18,5570000,120,9,8,137,57,63,6.529412
SUPER_18,5580000,94,10,6,110,44,50,9.8125
SUPER_18,5590000,71,10,2,83,34,37,5.0833335
SUPER_18,5600000,30,1,0,31,17,13,30
SUPER_18,5610000,126,6,8,140,68,58,8.785714
SUPER_18,5620000,46,5,3,54,26,20,3
SUPER_18,5630000,3,1,0,4,1,2,6
SUPER_18,5640000,1,0,1,2,1,0,11
SUPER_18,5650000,3,1,0,4,1,2,3
SUPER_18,5660000,2,0,0,2,0,2,NaN
SUPER_18,5670000,0,0,0,0,0,0,0
SUPER_18,5680000,0,0,0,0,0,0,0
SUPER_18,5690000,70,8,6,84,31,39,6.071429
SUPER_18,5700000,93,3,10,106,48,45,3.6923077
SUPER_18,5710000,60,6,5,71,23,37,21.545454
SUPER_18,5720000,124,8,9,141,62,62,8.588235
SUPER_18,5730000,83,8,7,98,39,44,5.4666667
SUPER_18,5740000,162,6,14,182,95,67,10.1
SUPER_18,5750000,100,9,13,122,50,50,3.7272727
SUPER_18,5760000,150,9,16,175,61,89,19.04
SUPER_18,5770000,19,2,3,24,9,10,5.4
SUPER_18,5780000,144,8,14,166,80,64,20.40909
SUPER_18,5790000,130,5,10,145,69,61,5.133333
SUPER_18,5800000,62,7,7,76,23,39,6.857143
SUPER_18,5810000,123,4,13,140,64,59,8.941176
SUPER_18,5820000,164,13,6,183,83,81,44.105263
SUPER_18,5830000,95,5,6,106,48,47,12.545455
SUPER_18,5840000,75,11,6,92,34,41,6.7647057
SUPER_18,5850000,106,8,7,121,50,56,6.4
SUPER_18,5860000,112,7,7,126,57,55,6.714286
SUPER_18,5870000,97,6,7,110,50,47,4.769231
SUPER_18,5880000,126,9,12,147,72,54,6.7619047
SUPER_18,5890000,125,10,5,140,49,76,7.6
SUPER_18,5900000,127,8,14,149,69,58,12.772727
SUPER_18,5910000,95,5,9,109,48,47,9
SUPER_18,5920000,69,8,1,78,40,29,1.8888888
SUPER_18,5930000,2,1,0,3,1,1,5
SUPER_18,5940000,95,10,5,110,56,39,10
SUPER_18,5950000,161,5,9,175,75,86,6.428571
SUPER_18,5960000,55,4,2,61,27,28,4.6666665
SUPER_18,5970000,14,1,0,15,9,5,1
SUPER_18,5980000,45,4,1,50,29,16,35.2
SUPER_18,5990000,115,14,8,137,49,66,5.5
SUPER_18,6000000,21,2,1,24,14,7,1.3333334
SUPER_18,6010000,133,6,9,148,67,66,9.133333
SUPER_18,6020000,0,0,0,0,0,0,0
SUPER_18,6030000,0,0,0,0,0,0,0
SUPER_18,6040000,0,0,0,0,0,0,0
SUPER_18,6050000,0,0,0,0,0,0,0
SUPER_18,6060000,119,7,10,136,65,54,15.823529
SUPER_18,6070000,2,0,0,2,0,2,NaN
SUPER_18,6080000,133,10,14,157,53,80,3.3333333
SUPER_18,6090000,49,9,1,59,19,30,10.9
SUPER_18,6100000,1,0,1,2,0,1,1
SUPER_18,6110000,3,1,0,4,1,2,4
SUPER_18,6120000,3,1,0,4,2,1,1
SUPER_18,6130000,0,0,0,0,0,0,0
SUPER_18,6140000,0,0,0,0,0,0,0
SUPER_18,6150000,0,0,0,0,0,0,0
SUPER_18,6160000,4,2,0,6,4,0,1
SUPER_18,6170000,2,0,0,2,0,2,NaN
SUPER_18,6180000,2,0,0,2,0,2,NaN
SUPER_18,6190000,2,0,0,2,1,1,NaN
SUPER_18,6200000,3,0,0,3,3,0,NaN
SUPER_18,6210000,0,1,0,1,0,0,10
SUPER_18,6220000,0,0,1,1,0,0,2
SUPER_18,6230000,1,0,0,1,1,0,NaN
SUPER_18,6240000,1,0,0,1,0,1,NaN
SUPER_18,6250000,2,0,0,2,2,0,NaN
SUPER_18,6260000,1,0,0,1,1,0,NaN
SUPER_18,6270000,2,0,0,2,1,1,NaN
SUPER_18,6280000,4,0,1,5,2,2,1
SUPER_18,6290000,3,1,0,4,1,2,1
SUPER_18,6300000,1,0,0,1,0,1,NaN
SUPER_18,6310000,0,2,0,2,0,0,2.5
SUPER_18,6320000,1,1,1,3,1,0,1
SUPER_18,6330000,3,0,0,3,2,1,NaN
SUPER_18,6340000,2,0,0,2,1,1,NaN
SUPER_18,6350000,2,0,0,2,0,2,NaN
SUPER_18,6360000,1,0,0,1,1,0,NaN
SUPER_18,6370000,2,0,0,2,2,0,NaN
SUPER_18,6380000,8,2,1,11,5,3,1.3333334
SUPER_18,6390000,13,0,0,13,7,6,NaN
SUPER_18,6400000,61,5,4,70,30,31,5.6666665
SUPER_18,6410000,125,8,8,141,75,50,5.875
SUPER_18,6420000,51,5,4,60,29,22,5.7777777
SUPER_18,6430000,85,3,2,90,46,39,4
SUPER_18,6440000,123,10,7,140,63,60,5.9411764
SUPER_18,6450000,175,7,10,192,90,85,4
SUPER_18,6460000,97,6,6,109,52,45,4.5
SUPER_18,6470000,123,14,13,150,63,60,14.962963
SUPER_18,6480000,28,5,4,37,12,16,2.2222223
SUPER_18,6490000,130,5,7,142,59,71,4
SUPER_18,6500000,24,2,1,27,9,15,13.333333
SUPER_18,6510000,0,0,0,0,0,0,0
SUPER_18,6520000,0,0,0,0,0,0,0
SUPER_18,6530000,2,1,0,3,2,0,38
SUPER_18,6540000,2,0,0,2,1,1,NaN
SUPER_18,6550000,3,0,0,3,2,1,NaN
SUPER_18,6560000,7,1,0,8,3,4,1
SUPER_18,6570000,1,0,1,2,1,0,34
SUPER_18,6580000,3,1,0,4,2,1,2
SUPER_18,6590000,3,3,1,7,1,2,20.25
SUPER_18,6600000,2,0,0,2,2,0,NaN
SUPER_18,6610000,3,0,3,6,2,1,8.333333
SUPER_18,6620000,2,0,1,3,0,2,1
SUPER_18,6630000,8,0,0,8,6,2,NaN
SUPER_18,6640000,2,0,2,4,1,1,7.5
SUPER_18,6650000,6,0,0,6,5,1,NaN
SUPER_18,6660000,66,7,3,76,40,26,1.8
SUPER_18,6670000,107,4,10,121,55,52,5.071429
SUPER_18,6680000,6,0,0,6,5,1,NaN
SUPER_18,6690000,71,5,3,79,45,26,2.375
SUPER_18,6700000,88,4,6,98,41,47,5.2
SUPER_18,6710000,158,14,9,181,80,78,9.782609
SUPER_18,6720000,102,6,5,113,57,45,6.909091
SUPER_18,6730000,0,0,0,0,0,0,0
SUPER_18,6740000,0,0,0,0,0,0,0
SUPER_18,6750000,0,0,0,0,0,0,0
SUPER_18,6760000,0,0,0,0,0,0,0
SUPER_18,6770000,215,15,7,237,111,104,8.454545
SUPER_18,6780000,127,13,9,149,76,51,19.727272
SUPER_18,6790000,8,2,1,11,2,6,10
SUPER_18,6800000,91,5,4,100,53,38,10.444445
SUPER_18,6810000,0,0,0,0,0,0,0
SUPER_18,6820000,0,0,0,0,0,0,0
SUPER_18,6830000,26,2,2,30,14,12,7
SUPER_18,6840000,19,0,2,21,12,7,5
SUPER_18,6850000,10,0,0,10,4,6,NaN
SUPER_18,6860000,151,7,10,168,71,80,6.117647
SUPER_18,6870000,115,12,6,133,66,49,17.5
SUPER_18,6880000,40,3,2,45,21,19,2
SUPER_18,6890000,170,9,8,187,89,81,5
SUPER_18,6900000,133,8,9,150,70,63,9.705882
SUPER_18,6910000,82,3,10,95,43,39,9.692307
SUPER_18,6920000,111,10,7,128,60,51,5.4117646
SUPER_18,6930000,13,1,1,15,8,5,2.5
SUPER_18,6940000,16,0,1,17,10,6,1
SUPER_18,6950000,6,0,1,7,4,2,60
SUPER_18,6960000,28,3,2,33,15,13,2
SUPER_18,6970000,23,0,3,26,12,11,1.6666666
SUPER_18,6980000,56,6,5,67,28,28,9
SUPER_18,6990000,0,0,0,0,0,0,0
SUPER_18,7000000,0,0,0,0,0,0,0
SUPER_18,7010000,89,10,10,109,36,53,4.55
SUPER_18,7020000,109,5,8,122,47,62,6.4615383
SUPER_18,7030000,188,12,16,216,98,90,4.428571
SUPER_18,7040000,107,12,22,141,64,43,4.617647
SUPER_18,7050000,60,4,6,70,30,30,3.3
SUPER_18,7060000,53,5,3,61,22,31,2.625
SUPER_18,7070000,1,0,1,2,1,0,2
SUPER_18,7080000,5,0,0,5,3,2,NaN
SUPER_18,7090000,2,0,0,2,2,0,NaN
SUPER_18,7100000,5,0,0,5,2,3,NaN
SUPER_18,7110000,3,0,0,3,2,1,NaN
SUPER_18,7120000,8,0,1,9,4,4,6
SUPER_18,7130000,4,4,0,8,2,2,15
SUPER_18,7140000,0,1,0,1,0,0,2
SUPER_18,7150000,2,0,0,2,0,2,NaN
SUPER_18,7160000,6,0,0,6,3,3,NaN
SUPER_18,7170000,4,1,1,6,2,2,3.5
SUPER_18,7180000,51,3,5,59,26,25,68.625
SUPER_18,7190000,103,4,6,113,60,43,31.3
SUPER_18,7200000,220,10,16,246,126,94,28.153847
SUPER_18,7210000,171,8,7,186,95,76,8.2
SUPER_18,7220000,43,6,3,52,23,20,5.3333335
SUPER_18,7230000,188,12,16,216,106,82,7.035714
SUPER_18,7240000,192,8,16,216,102,90,21.666666
SUPER_18,7250000,139,11,12,162,78,61,6.521739
SUPER_18,7260000,130,10,9,149,67,63,10.631579
SUPER_18,7270000,158,6,12,176,90,68,7.0555553
SUPER_18,7280000,167,9,6,182,97,70,4.8
SUPER_18,7290000,107,8,8,123,62,45,18.25
SUPER_18,7300000,66,8,4,78,33,33,12.583333
SUPER_18,7310000,133,7,13,153,57,76,18.75
SUPER_18,7320000,49,5,8,62,16,33,4.230769
SUPER_18,7330000,53,3,6,62,32,21,5.4444447
SUPER_18,7340000,27,1,5,33,13,14,5
SUPER_18,7350000,82,10,10,102,42,40,8.5
SUPER_18,7360000,92,4,5,101,39,53,6.6666665
SUPER_18,7370000,19,1,1,21,13,6,2.5
SUPER_18,7380000,39,4,0,43,21,18,2.5
SUPER_18,7390000,105,6,10,121,52,53,4.1875
SUPER_18,7400000,73,5,5,83,39,34,8.4
SUPER_18,7410000,26,3,4,33,10,16,7.714286
SUPER_18,7420000,148,9,9,166,72,76,3.5
SUPER_18,7430000,146,5,11,162,71,75,20.625
SUPER_18,7440000,0,0,0,0,0,0,0
SUPER_18,7450000,0,0,0,0,0,0,0
SUPER_18,7460000,0,0,0,0,0,0,0
SUPER_18,7470000,93,5,7,105,47,46,5.75
SUPER_18,7480000,85,9,9,103,44,41,7.7777777
SUPER_18,7490000,0,0,0,0,0,0,0
SUPER_18,7500000,0,0,0,0,0,0,0
SUPER_18,7510000,211,14,16,241,108,103,4.3333335
SUPER_18,7520000,27,2,0,29,16,11,13
SUPER_18,7530000,3,0,0,3,1,2,NaN
SUPER_18,7540000,48,5,2,55,19,29,7.857143
SUPER_18,7550000,56,5,4,65,38,18,3.5555556
SUPER_18,7560000,137,6,9,152,75,62,3.5333333
SUPER_18,7570000,161,8,12,181,85,76,6
SUPER_18,7580000,141,11,11,163,77,64,14.363636
SUPER_18,7590000,144,6,11,161,71,73,6.7647057
SUPER_18,7600000,50,5,4,59,23,27,8.222222
SUPER_18,7610000,229,16,12,257,125,104,3.75
SUPER_18,7620000,128,15,12,155,69,59,42.185184
SUPER_18,7630000,53,6,2,61,25,28,2.875
SUPER_18,7640000,7,1,1,9,3,4,8.5
SUPER_18,7650000,119,7,8,134,63,56,10.733334
SUPER_18,7660000,126,3,7,136,61,65,6.7
SUPER_18,7670000,64,3,9,76,33,31,11.916667
SUPER_18,7680000,4,0,0,4,1,3,NaN
SUPER_18,7690000,119,13,6,138,65,54,5.894737
SUPER_18,7700000,16,1,3,20,7,9,12.5
SUPER_18,7710000,3,2,1,6,0,3,10.666667
SUPER_18,7720000,15,4,3,22,6,9,58.714287
SUPER_18,7730000,65,2,4,71,35,30,3.6666667
SUPER_18,7740000,18,1,0,19,7,11,41
SUPER_18,7750000,128,9,5,142,74,54,8.5
SUPER_18,7760000,88,5,9,102,35,53,4.142857
SUPER_18,7770000,66,5,9,80,39,27,5.142857
SUPER_18,7780000,69,3,4,76,37,32,5.857143
SUPER_18,7790000,88,8,2,98,48,40,6.3
SUPER_18,7800000,27,2,4,33,15,12,22.166666
SUPER_18,7810000,1,0,0,1,0,1,NaN
SUPER_18,7820000,9,0,0,9,5,4,NaN
SUPER_18,7830000,99,5,3,107,55,44,9.75
SUPER_18,7840000,13,1,0,14,8,5,1
SUPER_18,7850000,105,3,5,113,64,41,39.25
SUPER_18,7860000,88,6,5,99,47,41,3.7272727
SUPER_18,7870000,62,6,6,74,35,27,3.5
SUPER_18,7880000,104,4,5,113,58,46,5.111111
SUPER_18,7890000,72,8,1,81,34,38,5.2222223
SUPER_18,7900000,55,3,2,60,22,33,2
SUPER_18,7910000,43,1,7,51,22,21,31.5
SUPER_18,7920000,1,0,0,1,1,0,NaN
SUPER_18,7930000,65,3,5,73,32,33,7.5
SUPER_18,7940000,35,2,1,38,24,11,1
SUPER_18,7950000,98,8,10,116,59,39,14.444445
SUPER_18,7960000,7,0,0,7,2,5,NaN
SUPER_18,7970000,4,0,0,4,2,2,NaN
SUPER_18,7980000,71,9,4,84,29,42,5.1538463
SUPER_18,7990000,81,4,4,89,50,31,13.5
SUPER_18,8000000,139,12,8,159,84,55,4
SUPER_18,8010000,48,3,6,57,26,22,6.5555553
SUPER_18,8020000,93,8,5,106,47,46,2.2307692
SUPER_18,8030000,88,11,4,103,55,33,12.8
SUPER_18,8040000,90,10,8,108,46,44,6.0555553
SUPER_18,8050000,21,2,2,25,6,15,5.25
SUPER_18,8060000,3,1,0,4,1,2,12
SUPER_18,8070000,0,0,0,0,0,0,0
SUPER_18,8080000,0,0,0,0,0,0,0
SUPER_18,8090000,1,0,2,3,1,0,3
SUPER_18,8100000,6,0,0,6,4,2,NaN
SUPER_18,8110000,37,2,0,39,22,15,8
SUPER_18,8120000,46,8,1,55,20,26,3.6666667
SUPER_18,8130000,4,2,1,7,1,3,14.333333
SUPER_18,8140000,3,0,1,4,1,2,1
SUPER_18,8150000,3,0,0,3,3,0,NaN
SUPER_18,8160000,71,4,3,78,34,37,2.2857144
SUPER_18,8170000,40,0,1,41,24,16,2
SUPER_18,8180000,49,7,3,59,31,18,1.7
SUPER_18,8190000,16,2,2,20,8,8,41
SUPER_18,8200000,2,0,0,2,2,0,NaN
SUPER_18,8210000,18,1,3,22,11,7,7.75
SUPER_18,8220000,0,0,0,0,0,0,0
SUPER_18,8230000,0,0,0,0,0,0,0
SUPER_18,8240000,6,1,0,7,2,4,1
SUPER_18,8250000,2,0,0,2,1,1,NaN
SUPER_18,8260000,4,0,0,4,4,0,NaN
SUPER_18,8270000,1,1,2,4,0,1,21.333334
SUPER_18,8280000,2,0,1,3,1,1,11
SUPER_18,8290000,29,4,1,34,12,17,9
SUPER_18,8300000,39,2,3,44,19,20,5
SUPER_18,8310000,47,2,3,52,20,27,5.2
SUPER_18,8320000,3,0,0,3,1,2,NaN
SUPER_18,8330000,3,0,2,5,2,1,5
SUPER_18,8340000,2,1,0,3,1,1,1
SUPER_18,8350000,1,0,1,2,0,1,158
SUPER_18,8360000,5,0,0,5,3,2,NaN
SUPER_18,8370000,14,0,0,14,8,6,NaN
SUPER_18,8380000,86,3,5,94,47,39,2.25
SUPER_18,8390000,146,3,5,154,82,64,3.25
SUPER_18,8400000,148,11,11,170,79,69,3.7272727
SUPER_18,8410000,56,3,1,60,35,21,4
SUPER_18,8420000,5,0,0,5,2,3,NaN
SUPER_18,8430000,68,6,6,80,33,35,6.75
SUPER_18,8440000,111,8,6,125,61,50,8.785714
SUPER_18,8450000,96,9,7,112,53,43,6.5
SUPER_18,8460000,157,9,10,176,87,70,6.6842103
SUPER_18,8470000,76,1,5,82,44,32,9.333333
SUPER_18,8480000,5,0,0,5,3,2,NaN
SUPER_18,8490000,61,5,3,69,41,20,6.375
SUPER_18,8500000,86,2,5,93,39,47,12.285714
SUPER_18,8510000,92,9,6,107,53,39,17.133333
SUPER_18,8520000,99,5,9,113,55,44,26.857143
SUPER_18,8530000,161,9,8,178,80,81,3.8823528
SUPER_18,8540000,82,5,1,88,36,46,3
SUPER_18,8550000,127,10,10,147,71,56,2.65
SUPER_18,8560000,117,4,13,134,64,53,5.117647
SUPER_18,8570000,69,1,4,74,31,38,9.6
SUPER_18,8580000,91,3,2,96,59,32,3.2
SUPER_18,8590000,39,3,2,44,23,16,2.8
SUPER_18,8600000,102,6,9,117,64,38,7.133333
SUPER_18,8610000,52,6,9,67,32,20,13.866667
SUPER_18,8620000,118,4,3,125,63,55,3.857143
SUPER_18,8630000,0,0,0,0,0,0,0
SUPER_18,8640000,0,0,0,0,0,0,0
SUPER_18,8650000,94,6,9,109,49,45,4.4
SUPER_18,8660000,0,0,0,0,0,0,0
SUPER_18,8670000,0,0,0,0,0,0,0
SUPER_18,8680000,62,5,4,71,33,29,5.7777777
SUPER_18,8690000,87,7,8,102,44,43,9.933333
SUPER_18,8700000,19,2,3,24,14,5,4
SUPER_18,8710000,96,5,3,104,60,36,6.625
SUPER_18,8720000,96,6,9,111,62,34,6.3333335
SUPER_18,8730000,68,5,3,76,39,29,4.875
SUPER_18,8740000,153,6,11,170,77,76,19.17647
SUPER_18,8750000,0,0,0,0,0,0,0
SUPER_18,8760000,0,0,0,0,0,0,0
SUPER_18,8770000,53,3,2,58,25,28,2.4
SUPER_18,8780000,0,0,0,0,0,0,0
SUPER_18,8790000,0,0,0,0,0,0,0
SUPER_18,8800000,0,0,0,0,0,0,0
SUPER_18,8810000,0,0,0,0,0,0,0
SUPER_18,8820000,0,0,0,0,0,0,0
SUPER_18,8830000,0,0,0,0,0,0,0
SUPER_18,8840000,0,0,0,0,0,0,0
SUPER_18,8850000,92,3,3,98,37,55,3.5
SUPER_18,8860000,132,5,5,142,73,59,3
SUPER_18,8870000,89,4,6,99,41,48,9.7
SUPER_18,8880000,94,2,6,102,46,48,6.625
SUPER_18,8890000,120,9,5,134,60,60,4.357143
SUPER_18,8900000,73,8,2,83,42,31,3.4
SUPER_18,8910000,147,9,9,165,83,64,8.277778
SUPER_18,8920000,0,0,0,0,0,0,0
SUPER_18,8930000,0,0,0,0,0,0,0
SUPER_18,8940000,0,0,0,0,0,0,0
SUPER_18,8950000,0,0,0,0,0,0,0
SUPER_18,8960000,0,0,0,0,0,0,0
SUPER_18,8970000,0,0,0,0,0,0,0
SUPER_18,8980000,0,0,0,0,0,0,0
SUPER_18,8990000,0,0,0,0,0,0,0
SUPER_18,9000000,0,0,0,0,0,0,0
SUPER_18,9010000,144,10,9,163,77,67,13.421053
SUPER_18,9020000,0,0,0,0,0,0,0
SUPER_18,9030000,0,0,0,0,0,0,0
SUPER_18,9040000,0,0,0,0,0,0,0
SUPER_18,9050000,0,0,0,0,0,0,0
SUPER_18,9060000,0,0,0,0,0,0,0
SUPER_18,9070000,43,3,3,49,21,22,2
SUPER_18,9080000,0,0,0,0,0,0,0
SUPER_18,9090000,0,0,0,0,0,0,0
SUPER_18,9100000,0,0,0,0,0,0,0
SUPER_18,9110000,0,0,0,0,0,0,0
SUPER_18,9120000,0,0,0,0,0,0,0
SUPER_18,9130000,0,0,0,0,0,0,0
SUPER_18,9140000,0,0,0,0,0,0,0
SUPER_18,9150000,0,0,0,0,0,0,0
SUPER_18,9160000,29,2,5,36,16,13,5
SUPER_18,9170000,0,0,0,0,0,0,0
SUPER_18,9180000,0,0,0,0,0,0,0
SUPER_18,9190000,88,1,5,94,51,37,6.3333335
SUPER_18,9200000,6,1,0,7,4,2,2
SUPER_18,9210000,2,0,0,2,1,1,NaN
SUPER_18,9220000,103,9,5,117,54,49,6.571429
SUPER_18,9230000,107,13,9,129,60,47,11.045455
SUPER_18,9240000,118,4,7,129,61,57,4.6363635
SUPER_18,9250000,97,15,13,125,47,50,3.607143
SUPER_18,9260000,146,15,8,169,70,76,17.26087
SUPER_18,9270000,54,1,4,59,31,23,58.2
SUPER_18,9280000,168,17,8,193,101,67,8.32
SUPER_18,9290000,90,3,4,97,43,47,1.4285715
SUPER_18,9300000,49,5,0,54,31,18,3.2
SUPER_18,9310000,0,1,0,1,0,0,1
SUPER_18,9320000,16,1,0,17,9,7,22
SUPER_18,9330000,34,7,3,44,18,16,4.7
SUPER_18,9340000,97,7,6,110,42,55,6.230769
SUPER_18,9350000,4,0,0,4,2,2,NaN
SUPER_18,9360000,2,0,0,2,1,1,NaN
SUPER_18,9370000,2,1,0,3,0,2,2
SUPER_18,9380000,7,0,0,7,5,2,NaN
SUPER_18,9390000,0,0,0,0,0,0,0
SUPER_18,9400000,0,0,0,0,0,0,0
SUPER_18,9410000,0,0,0,0,0,0,0
SUPER_18,9420000,104,6,10,120,57,47,7.3125
SUPER_18,9430000,2,0,1,3,2,0,1
SUPER_18,9440000,64,5,4,73,32,32,6
SUPER_18,9450000,61,5,3,69,30,31,4.125
SUPER_18,9460000,108,8,6,122,56,52,14.285714
SUPER_18,9470000,0,0,0,0,0,0,0
SUPER_18,9480000,0,0,0,0,0,0,0
SUPER_18,9490000,0,0,0,0,0,0,0
SUPER_18,9500000,0,0,0,0,0,0,0
SUPER_18,9510000,0,0,0,0,0,0,0
SUPER_18,9520000,0,0,0,0,0,0,0
SUPER_18,9530000,0,0,0,0,0,0,0
SUPER_18,9540000,0,0,0,0,0,0,0
SUPER_18,9550000,162,13,17,192,92,70,6.1666665
SUPER_18,9560000,2,0,0,2,1,1,NaN
SUPER_18,9570000,65,5,2,72,37,28,3.5714285
SUPER_18,9580000,70,4,5,79,34,36,2.4444444
SUPER_18,9590000,93,6,10,109,50,43,40.5625
SUPER_18,9600000,70,3,4,77,37,33,130.71428
SUPER_18,9610000,7,1,0,8,3,4,1
SUPER_18,9620000,2,1,0,3,1,1,1
SUPER_18,9630000,3,3,0,6,1,2,5.6666665
SUPER_18,9640000,30,1,0,31,15,15,21
SUPER_18,9650000,42,4,5,51,28,14,60
SUPER_18,9660000,66,2,4,72,41,25,7.1666665
SUPER_18,9670000,117,11,8,136,66,51,11.947369
SUPER_18,9680000,57,0,1,58,31,26,1
SUPER_18,9690000,118,11,9,138,53,65,19.1
SUPER_18,9700000,127,12,11,150,63,64,7.521739
SUPER_18,9710000,42,1,10,53,21,21,6.2727275
SUPER_18,9720000,222,15,17,254,114,108,7.84375
SUPER_18,9730000,74,5,5,84,34,40,7
SUPER_18,9740000,45,2,1,48,20,25,14.333333
SUPER_18,9750000,113,7,14,134,57,56,7.6190476
SUPER_18,9760000,73,4,4,81,31,42,7.625
SUPER_18,9770000,1,1,0,2,0,1,10
SUPER_18,9780000,0,0,0,0,0,0,0
SUPER_18,9790000,0,0,0,0,0,0,0
SUPER_18,9800000,0,0,2,2,0,0,2.5
SUPER_18,9810000,5,0,0,5,3,2,NaN
SUPER_18,9820000,1,0,0,1,1,0,NaN
SUPER_18,9830000,3,0,1,4,2,1,1
SUPER_18,9840000,4,1,0,5,1,3,1
SUPER_18,9850000,8,1,2,11,3,5,10
SUPER_18,9860000,83,9,6,98,46,37,28.266666
SUPER_18,9870000,83,10,5,98,39,44,5.266667
SUPER_18,9880000,167,14,15,196,82,85,13.137931
SUPER_18,9890000,165,19,17,201,83,82,6.7222223
SUPER_18,9900000,82,8,2,92,37,45,2.6
SUPER_18,9910000,3,3,0,6,3,0,1.3333334
SUPER_18,9920000,22,1,3,26,12,10,45.5
SUPER_18,9930000,3,0,1,4,1,2,2
SUPER_18,9940000,1,0,0,1,1,0,NaN
SUPER_18,9950000,15,3,1,19,12,3,2.25
SUPER_18,9960000,51,4,8,63,20,31,7.9166665
SUPER_18,9970000,42,9,6,57,20,22,11.8
SUPER_18,9980000,140,12,14,166,74,66,19.884615
SUPER_18,9990000,106,5,10,121,47,59,42.333332
SUPER_18,10000000,66,4,11,81,31,35,15.533334
SUPER_18,10010000,91,5,15,111,47,44,5.6
SUPER_18,10020000,61,3,6,70,31,30,5.111111
SUPER_18,10030000,153,9,10,172,85,68,10.789474
SUPER_18,10040000,20,1,0,21,11,9,2
SUPER_18,10050000,2,0,0,2,1,1,NaN
SUPER_18,10060000,90,4,5,99,50,40,1.7777778
SUPER_18,10070000,69,7,7,83,31,38,5.642857
SUPER_18,10080000,73,7,2,82,34,39,20.222221
SUPER_18,10090000,88,9,12,109,51,37,3.4285715
SUPER_18,10100000,97,12,4,113,50,47,3.9375
SUPER_18,10110000,164,12,15,191,68,96,18.148148
SUPER_18,10120000,158,8,7,173,73,85,7.133333
SUPER_18,10130000,138,11,9,158,70,68,5.05
SUPER_18,10140000,109,7,11,127,51,58,14.611111
SUPER_18,10150000,136,8,12,156,66,70,1.95
SUPER_18,10160000,41,2,4,47,22,19,5.8333335
SUPER_18,10170000,155,11,14,180,81,74,15.6
SUPER_18,10180000,33,2,7,42,13,20,6.5555553
SUPER_18,10190000,66,1,4,71,34,32,39.6
SUPER_18,10200000,130,9,7,146,63,67,6.4375
SUPER_18,10210000,110,2,6,118,52,58,12.25
SUPER_18,10220000,90,2,5,97,44,46,4.571429
SUPER_18,10230000,71,4,5,80,34,37,9
SUPER_18,10240000,19,1,2,22,12,7,1.3333334
SUPER_18,10250000,138,14,7,159,66,72,12.428572
SUPER_18,10260000,109,6,14,129,53,56,13.95
SUPER_18,10270000,56,4,7,67,24,32,6.6363635
SUPER_18,10280000,2,1,1,4,1,1,4.5
SUPER_18,10290000,0,0,1,1,0,0,1
SUPER_18,10300000,1,0,1,2,1,0,1
SUPER_18,10310000,2,0,0,2,0,2,NaN
SUPER_18,10320000,2,0,1,3,2,0,1
SUPER_18,10330000,105,6,16,127,51,54,7.5454545
SUPER_18,10340000,78,8,11,97,38,40,2.8421052
SUPER_18,10350000,173,15,20,208,85,88,7.457143
SUPER_18,10360000,137,12,19,168,71,66,4.645161
SUPER_18,10370000,33,3,4,40,16,17,4
SUPER_18,10380000,64,7,7,78,23,41,4.785714
SUPER_18,10390000,45,4,9,58,25,20,14.230769
SUPER_18,10400000,88,6,12,106,43,45,22.88889
SUPER_18,10410000,166,12,13,191,84,82,5.56
SUPER_18,10420000,196,20,22,238,95,101,5.952381
SUPER_18,10430000,89,9,5,103,45,44,4.071429
SUPER_18,10440000,66,3,6,75,35,31,11.777778
SUPER_18,10450000,1,0,0,1,1,0,NaN
SUPER_18,10460000,98,13,9,120,39,59,6
SUPER_18,10470000,93,4,9,106,50,43,24.384615
SUPER_18,10480000,113,7,11,131,45,68,4.7777777
SUPER_18,10490000,53,5,4,62,24,29,4.4444447
SUPER_18,10500000,138,13,9,160,72,66,70.77273
SUPER_18,10510000,207,6,14,227,97,110,6.65
SUPER_18,10520000,89,12,5,106,41,48,6.647059
SUPER_18,10530000,119,17,15,151,61,58,7.5625
SUPER_18,10540000,105,6,8,119,56,49,16.214285
SUPER_18,10550000,119,8,4,131,50,69,5.25
SUPER_18,10560000,144,12,9,165,78,66,4.142857
SUPER_18,10570000,88,9,5,102,51,37,5.857143
SUPER_18,10580000,130,10,11,151,62,68,12.142858
SUPER_18,10590000,3,1,1,5,2,1,2
SUPER_18,10600000,54,0,7,61,22,32,95.85714
SUPER_18,10610000,1,0,0,1,0,1,NaN
SUPER_18,10620000,37,10,5,52,14,23,5.2
SUPER_18,10630000,34,2,4,40,14,20,3
SUPER_18,10640000,51,1,1,53,30,21,1
SUPER_18,10650000,10,2,1,13,7,3,1
SUPER_18,10660000,50,1,1,52,28,22,1
SUPER_18,10670000,122,7,5,134,62,60,12
SUPER_18,10680000,44,8,4,56,18,26,9.25
SUPER_18,10690000,147,2,12,161,80,67,6.5
SUPER_18,10700000,71,6,1,78,34,37,14
SUPER_18,10710000,54,3,4,61,21,33,10.857142
SUPER_18,10720000,53,2,4,59,31,22,2
SUPER_18,10730000,105,10,5,120,58,47,5.6666665
SUPER_18,10740000,119,11,11,141,63,56,4.090909
SUPER_18,10750000,54,5,4,63,34,20,3.2222223
SUPER_18,10760000,122,8,11,141,64,58,7.1578946
SUPER_18,10770000,144,10,10,164,73,71,21.2
SUPER_18,10780000,40,2,3,45,20,20,5.8
SUPER_18,10790000,58,4,1,63,29,29,10
SUPER_18,10800000,121,9,10,140,69,52,7.8421054
SUPER_18,10810000,80,12,4,96,41,39,2.375
SUPER_18,10820000,13,1,1,15,4,9,5.5
SUPER_18,10830000,0,0,1,1,0,0,1
SUPER_18,10840000,1,0,0,1,1,0,NaN
SUPER_18,10850000,11,1,3,15,8,3,17.25
SUPER_18,10860000,73,1,3,77,43,30,7.25
SUPER_18,10870000,35,1,3,39,17,18,5
SUPER_18,10880000,40,2,3,45,19,21,2.4
SUPER_18,10890000,125,12,6,143,59,66,5.0555553
SUPER_18,10900000,105,6,10,121,59,46,57.75
SUPER_18,10910000,90,5,15,110,47,43,8.6
SUPER_18,10920000,104,13,6,123,54,50,4.0526314
SUPER_18,10930000,112,6,5,123,60,52,11
SUPER_18,10940000,126,7,7,140,62,64,13
SUPER_18,10950000,61,3,5,69,36,25,3.75
SUPER_18,10960000,23,1,1,25,14,9,86.5
SUPER_18,10970000,93,4,2,99,42,51,4
SUPER_18,10980000,141,8,11,160,80,61,10.631579
SUPER_18,10990000,133,9,11,153,68,65,29.2
SUPER_18,11000000,157,11,10,178,98,59,8.523809
SUPER_18,11010000,168,12,12,192,79,89,24.208334
SUPER_18,11020000,161,11,12,184,92,69,10.217391
SUPER_18,11030000,132,7,11,150,57,75,32.444443
SUPER_18,11040000,56,1,6,63,28,28,4.571429
SUPER_18,11050000,47,3,3,53,22,25,3
SUPER_18,11060000,7,1,2,10,2,5,1
SUPER_18,11070000,0,0,0,0,0,0,0
SUPER_18,11080000,0,0,0,0,0,0,0
SUPER_18,11090000,11,2,0,13,6,5,2
SUPER_18,11100000,1,0,0,1,0,1,NaN
SUPER_18,11110000,2,1,0,3,2,0,2
SUPER_18,11120000,2,0,0,2,1,1,NaN
SUPER_18,11130000,1,1,0,2,0,1,4
SUPER_18,11140000,2,0,0,2,0,2,NaN
SUPER_18,11150000,1,1,0,2,0,1,1
SUPER_18,11160000,52,2,5,59,20,32,18.428572
SUPER_18,11170000,154,13,11,178,83,71,8.916667
SUPER_18,11180000,59,5,8,72,29,30,7.3846154
SUPER_18,11190000,0,0,0,0,0,0,0
SUPER_18,11200000,0,0,0,0,0,0,0
SUPER_18,11210000,0,0,0,0,0,0,0
SUPER_18,11220000,0,0,0,0,0,0,0
SUPER_18,11230000,246,9,13,268,120,126,3.3636363
SUPER_18,11240000,149,5,7,161,75,74,10.416667
SUPER_18,11250000,101,4,10,115,50,51,88.14286
SUPER_18,11260000,147,9,14,170,74,73,12.086957
SUPER_18,11270000,105,2,6,113,58,47,52.625
SUPER_18,11280000,0,0,0,0,0,0,0
SUPER_18,11290000,0,0,0,0,0,0,0
SUPER_18,11300000,0,0,0,0,0,0,0
SUPER_18,11310000,100,6,5,111,59,41,89.818184
SUPER_18,11320000,138,4,9,151,71,67,21.076923
SUPER_18,11330000,171,9,11,191,109,62,6.85
SUPER_18,11340000,94,7,5,106,49,45,4.1666665
SUPER_18,11350000,83,2,5,90,38,45,2.5714285
SUPER_18,11360000,55,6,7,68,27,28,9.538462
SUPER_18,11370000,2,0,0,2,0,2,NaN
SUPER_18,11380000,4,0,0,4,4,0,NaN
SUPER_18,11390000,131,12,11,154,75,56,6.5652175
SUPER_18,11400000,115,7,5,127,58,57,5.5
SUPER_18,11410000,147,15,14,176,73,74,9.655172
SUPER_18,11420000,69,7,5,81,42,27,9.25
SUPER_18,11430000,101,5,10,116,54,47,9.666667
SUPER_18,11440000,157,10,10,177,92,65,31.75
SUPER_18,11450000,144,10,14,168,72,72,5
SUPER_18,11460000,71,7,6,84,38,33,5.3076925
SUPER_18,11470000,107,6,13,126,56,51,10.052631
SUPER_18,11480000,155,11,2,168,73,82,1.8461539
SUPER_18,11490000,219,7,22,248,117,102,15.5172415
SUPER_18,11500000,159,10,12,181,65,94,11.454545
SUPER_18,11510000,135,5,9,149,59,76,4.571429
SUPER_18,11520000,153,10,11,174,69,84,21.571428
SUPER_18,11530000,47,3,4,54,25,22,4.571429
SUPER_18,11540000,80,4,7,91,46,34,16.636364
SUPER_18,11550000,162,12,8,182,79,83,15.85
SUPER_18,11560000,59,5,4,68,35,24,4.4444447
SUPER_18,11570000,59,7,4,70,32,27,43
SUPER_18,11580000,173,8,8,189,89,84,4.9375
SUPER_18,11590000,26,1,0,27,18,8,1
SUPER_18,11600000,3,0,0,3,1,2,NaN
SUPER_18,11610000,23,1,0,24,13,10,6
SUPER_18,11620000,179,13,13,205,69,110,4.6923075
SUPER_18,11630000,109,13,14,136,51,58,6.962963
SUPER_18,11640000,52,2,4,58,25,27,20.666666
SUPER_18,11650000,127,8,10,145,63,64,7.611111
SUPER_18,11660000,69,5,9,83,26,43,3.9285715
SUPER_18,11670000,61,3,7,71,39,22,6.9
SUPER_18,11680000,1,0,0,1,0,1,NaN
SUPER_18,11690000,0,1,0,1,0,0,10
SUPER_18,11700000,118,8,21,147,48,70,3.8965516
SUPER_18,11710000,122,8,11,141,49,73,3.5789473
SUPER_18,11720000,24,3,4,31,9,15,2.142857
SUPER_18,11730000,140,13,8,161,84,56,15.476191
SUPER_18,11740000,20,6,5,31,10,10,7.6363635
SUPER_18,11750000,74,5,3,82,37,37,20
SUPER_18,11760000,136,12,14,162,64,72,7.5
SUPER_18,11770000,207,12,17,236,115,92,4.7586207
SUPER_18,11780000,97,12,7,116,48,49,6.9473686
SUPER_18,11790000,155,7,22,184,84,71,9.068966
SUPER_18,11800000,154,12,7,173,80,74,32.210526
SUPER_18,11810000,102,10,6,118,42,60,2.3125
SUPER_18,11820000,120,6,15,141,59,61,66.809525
SUPER_18,11830000,129,10,3,142,64,65,6.4615383
SUPER_18,11840000,21,3,3,27,9,12,3
SUPER_18,11850000,112,9,10,131,61,51,5.4736843
SUPER_18,11860000,100,7,14,121,47,53,19.714285
SUPER_18,11870000,107,6,8,121,50,57,6.5
SUPER_18,11880000,94,7,7,108,43,51,19.428572
SUPER_18,11890000,15,0,2,17,12,3,3
SUPER_18,11900000,0,0,0,0,0,0,0
SUPER_18,11910000,0,0,0,0,0,0,0
SUPER_18,11920000,2,1,1,4,2,0,5.5
SUPER_18,11930000,5,0,0,5,1,4,NaN
SUPER_18,11940000,77,7,6,90,39,38,4.230769
SUPER_18,11950000,34,2,2,38,17,17,2.5
SUPER_18,11960000,1,1,0,2,1,0,3
SUPER_18,11970000,1,0,0,1,0,1,NaN
SUPER_18,11980000,75,5,8,88,33,42,4
SUPER_18,11990000,124,7,13,144,58,66,4.45
SUPER_18,12000000,145,11,11,167,64,81,2.3636363
SUPER_18,12010000,183,15,13,211,72,111,9.75
SUPER_18,12020000,122,17,9,148,55,67,4
SUPER_18,12030000,52,6,6,64,26,26,6.9166665
SUPER_18,12040000,3,1,1,5,1,2,3
SUPER_18,12050000,91,7,9,107,52,39,8.75
SUPER_18,12060000,151,7,12,170,71,80,15.684211
SUPER_18,12070000,217,18,13,248,111,106,22.32258
SUPER_18,12080000,206,11,11,228,116,90,22.954546
SUPER_18,12090000,223,15,11,249,112,111,6.0384617
SUPER_18,12100000,134,11,4,149,74,60,7.9333334
SUPER_18,12110000,177,12,7,196,87,90,7.894737
SUPER_18,12120000,16,0,3,19,5,11,2
SUPER_18,12130000,1,0,1,2,0,1,1
SUPER_18,12140000,5,0,0,5,4,1,NaN
SUPER_18,12150000,2,0,0,2,1,1,NaN
SUPER_18,12160000,0,1,0,1,0,0,2
SUPER_18,12170000,2,1,0,3,0,2,2
SUPER_18,12180000,1,1,0,2,1,0,32
SUPER_18,12190000,0,0,1,1,0,0,32
SUPER_18,12200000,1,0,1,2,0,1,17
SUPER_18,12210000,1,0,0,1,0,1,NaN
SUPER_18,12220000,50,6,1,57,17,33,70.42857
SUPER_18,12230000,31,1,0,32,18,13,1
SUPER_18,12240000,93,6,10,109,45,48,18.875
SUPER_18,12250000,68,4,6,78,42,26,5.6
SUPER_18,12260000,4,0,1,5,3,1,6
SUPER_18,12270000,6,1,0,7,3,3,1
SUPER_18,12280000,1,2,0,3,0,1,1
SUPER_18,12290000,1,0,1,2,0,1,1
SUPER_18,12300000,0,0,0,0,0,0,0
SUPER_18,12310000,0,0,0,0,0,0,0
SUPER_18,12320000,2,0,0,2,1,1,NaN
SUPER_18,12330000,2,1,0,3,1,1,1
SUPER_18,12340000,6,0,0,6,3,3,NaN
SUPER_18,12350000,8,1,0,9,2,6,1
SUPER_18,12360000,55,4,3,62,33,22,11.428572
SUPER_18,12370000,0,0,0,0,0,0,0
SUPER_18,12380000,0,0,0,0,0,0,0
SUPER_18,12390000,0,0,0,0,0,0,0
SUPER_18,12400000,0,0,0,0,0,0,0
SUPER_18,12410000,0,0,0,0,0,0,0
SUPER_18,12420000,0,0,0,0,0,0,0
SUPER_18,12430000,84,5,4,93,45,39,4
SUPER_18,12440000,21,6,5,32,7,14,2.1818182
SUPER_18,12450000,81,3,3,87,47,34,9.5
SUPER_18,12460000,62,7,5,74,34,28,7.1666665
SUPER_18,12470000,106,7,6,119,55,51,2.6153846
SUPER_18,12480000,124,8,12,144,66,58,10.15
SUPER_18,12490000,46,1,6,53,28,18,2.857143
SUPER_18,12500000,38,6,4,48,22,16,9.4
SUPER_18,12510000,38,5,3,46,15,23,7.625
SUPER_18,12520000,11,0,0,11,3,8,NaN
SUPER_18,12530000,22,0,3,25,7,15,3
SUPER_18,12540000,199,18,14,231,98,101,8.84375
SUPER_18,12550000,169,9,6,184,95,74,12.333333
SUPER_18,12560000,40,3,4,47,18,22,1.5714285
SUPER_18,12570000,37,4,5,46,20,17,4.7777777
SUPER_18,12580000,56,7,4,67,32,24,13.181818
SUPER_18,12590000,57,4,1,62,33,24,3.6
SUPER_18,12600000,14,0,3,17,4,10,6.6666665
SUPER_18,12610000,100,9,9,118,58,42,4.111111
SUPER_18,12620000,88,3,8,99,41,47,5.3636365
SUPER_18,12630000,72,3,5,80,34,38,48.75
SUPER_18,12640000,34,6,4,44,18,16,4.4
SUPER_18,12650000,4,0,0,4,3,1,NaN
SUPER_18,12660000,110,9,3,122,59,51,3.8333333
SUPER_18,12670000,27,2,0,29,11,16,3
SUPER_18,12680000,76,7,8,91,43,33,5.4666667
SUPER_18,12690000,104,7,7,118,46,58,3.5714285
SUPER_18,12700000,73,3,6,82,34,39,6.6666665
SUPER_18,12710000,40,5,2,47,18,22,9.142858
SUPER_18,12720000,58,4,6,68,31,27,10.3
SUPER_18,12730000,227,17,23,267,121,106,9.125
SUPER_18,12740000,49,4,3,56,21,28,1.8571428
SUPER_18,12750000,97,9,11,117,47,50,3.6
SUPER_18,12760000,86,5,10,101,49,37,18.533333
SUPER_18,12770000,106,13,14,133,52,54,37
SUPER_18,12780000,96,14,4,114,51,45,6.388889
SUPER_18,12790000,37,4,0,41,21,16,6.5
SUPER_18,12800000,58,6,0,64,23,35,5.1666665
SUPER_18,12810000,2,0,0,2,1,1,NaN
SUPER_18,12820000,0,2,0,2,0,0,18.5
SUPER_18,12830000,3,0,0,3,2,1,NaN
SUPER_18,12840000,1,1,0,2,1,0,2
SUPER_18,12850000,53,5,5,63,27,26,7.3
SUPER_18,12860000,170,13,17,200,87,83,17.966667
SUPER_18,12870000,118,9,20,147,49,69,4.7586207
SUPER_18,12880000,31,4,5,40,18,13,3.3333333
SUPER_18,12890000,94,7,9,110,56,38,6.125
SUPER_18,12900000,42,4,1,47,14,28,3.2
SUPER_18,12910000,67,4,6,77,42,25,11
SUPER_18,12920000,84,7,4,95,35,49,4.5454545
SUPER_18,12930000,45,3,3,51,22,23,1.3333334
SUPER_18,12940000,1,0,0,1,0,1,NaN
SUPER_18,12950000,12,0,0,12,7,5,NaN
SUPER_18,12960000,75,2,9,86,41,34,2.5454545
SUPER_18,12970000,61,7,10,78,24,37,6.0588236
SUPER_18,12980000,2,0,0,2,1,1,NaN
SUPER_18,12990000,1,0,0,1,0,1,NaN
SUPER_18,13000000,132,12,15,159,65,67,15.777778
SUPER_18,13010000,70,4,3,77,42,28,11
SUPER_18,13020000,99,4,8,111,49,50,21.666666
SUPER_18,13030000,1,1,0,2,0,1,1
SUPER_18,13040000,102,2,7,111,49,53,2.5555556
SUPER_18,13050000,89,7,11,107,38,51,4.6666665
SUPER_18,13060000,157,17,9,183,80,77,9
SUPER_18,13070000,85,7,3,95,49,36,4.1
SUPER_18,13080000,29,2,2,33,15,14,7.75
SUPER_18,13090000,110,8,10,128,58,52,6.7777777
SUPER_18,13100000,4,0,0,4,3,1,NaN
SUPER_18,13110000,5,0,1,6,2,3,1
SUPER_18,13120000,1,0,1,2,1,0,4
SUPER_18,13130000,45,1,1,47,31,14,7
SUPER_18,13140000,159,8,13,180,77,82,10.190476
SUPER_18,13150000,140,15,9,164,72,68,4.0416665
SUPER_18,13160000,134,8,7,149,73,61,24.6
SUPER_18,13170000,88,2,4,94,41,47,1.8333334
SUPER_18,13180000,41,2,3,46,22,19,8.8
SUPER_18,13190000,190,4,13,207,99,91,8.705882
SUPER_18,13200000,161,6,14,181,87,74,3.7
SUPER_18,13210000,0,0,0,0,0,0,0
SUPER_18,13220000,0,0,0,0,0,0,0
SUPER_18,13230000,46,3,2,51,28,18,9.6
SUPER_18,13240000,139,13,9,161,81,58,6.909091
SUPER_18,13250000,153,9,9,171,83,70,6.888889
SUPER_18,13260000,33,1,7,41,22,11,3.625
SUPER_18,13270000,30,2,1,33,10,20,6
SUPER_18,13280000,8,0,0,8,6,2,NaN
SUPER_18,13290000,72,5,4,81,33,39,5.111111
SUPER_18,13300000,78,5,7,90,40,38,11.5
SUPER_18,13310000,93,4,6,103,44,49,18
SUPER_18,13320000,49,2,5,56,28,21,6.285714
SUPER_18,13330000,1,1,1,3,1,0,5
SUPER_18,13340000,2,0,0,2,0,2,NaN
SUPER_18,13350000,1,0,0,1,0,1,NaN
SUPER_18,13360000,2,0,3,5,0,2,11
SUPER_18,13370000,1,1,0,2,0,1,4
SUPER_18,13380000,4,0,0,4,2,2,NaN
SUPER_18,13390000,0,0,0,0,0,0,0
SUPER_18,13400000,0,0,0,0,0,0,0
SUPER_18,13410000,2,0,0,2,0,2,NaN
SUPER_18,13420000,1,0,0,1,1,0,NaN
SUPER_18,13430000,2,0,1,3,0,2,4
SUPER_18,13440000,3,0,0,3,1,2,NaN
SUPER_18,13450000,1,0,1,2,0,1,8
SUPER_18,13460000,0,0,0,0,0,0,0
SUPER_18,13470000,0,0,0,0,0,0,0
SUPER_18,13480000,5,5,0,10,2,3,2.4
SUPER_18,13490000,3,2,2,7,1,2,1.75
SUPER_18,13500000,3,0,1,4,1,2,2
SUPER_18,13510000,2,0,0,2,1,1,NaN
SUPER_18,13520000,2,0,0,2,0,2,NaN
SUPER_18,13530000,120,3,7,130,64,56,6.4
SUPER_18,13540000,182,9,5,196,99,83,6.785714
SUPER_18,13550000,179,10,9,198,92,87,2.4736843
SUPER_18,13560000,114,8,8,130,64,50,21.5625
SUPER_18,13570000,126,15,9,150,55,71,5
SUPER_18,13580000,0,0,0,0,0,0,0
SUPER_18,13590000,0,0,0,0,0,0,0
SUPER_18,13600000,0,0,0,0,0,0,0
SUPER_18,13610000,0,0,0,0,0,0,0
SUPER_18,13620000,0,0,0,0,0,0,0
SUPER_18,13630000,0,0,0,0,0,0,0
SUPER_18,13640000,0,0,0,0,0,0,0
SUPER_18,13650000,8,0,1,9,4,4,2
SUPER_18,13660000,2,0,0,2,1,1,NaN
SUPER_18,13670000,2,0,1,3,1,1,2
SUPER_18,13680000,5,0,0,5,4,1,NaN
SUPER_18,13690000,23,2,1,26,11,12,2.3333333
SUPER_18,13700000,100,4,6,110,54,46,3.4
SUPER_18,13710000,127,9,14,150,67,60,12.478261
SUPER_18,13720000,97,3,4,104,50,47,4.142857
SUPER_18,13730000,121,8,7,136,80,41,6.133333
SUPER_18,13740000,174,7,13,194,104,70,17.05
SUPER_18,13750000,84,5,5,94,39,45,6.5
SUPER_18,13760000,16,1,1,18,10,6,9
SUPER_18,13770000,12,0,2,14,3,9,7.5
SUPER_18,13780000,2,0,0,2,0,2,NaN
SUPER_18,13790000,10,0,0,10,7,3,NaN
SUPER_18,13800000,46,5,2,53,19,27,15.571428
SUPER_18,13810000,81,8,7,96,53,28,9.533334
SUPER_18,13820000,61,4,2,67,39,22,5
SUPER_18,13830000,139,9,4,152,83,56,4.230769
SUPER_18,13840000,94,4,10,108,45,49,7.5
SUPER_18,13850000,31,1,3,35,14,17,48.75
SUPER_18,13860000,4,3,0,7,3,1,13
SUPER_18,13870000,8,0,0,8,5,3,NaN
SUPER_18,13880000,1,0,0,1,0,1,NaN
SUPER_18,13890000,56,2,4,62,28,28,6.8333335
SUPER_18,13900000,63,5,3,71,35,28,2.875
SUPER_18,13910000,149,12,8,169,81,68,6.05
SUPER_18,13920000,101,7,8,116,48,53,8.733334
SUPER_18,13930000,72,5,2,79,34,38,8.142858
SUPER_18,13940000,104,9,18,131,57,47,7.148148
SUPER_18,13950000,132,5,9,146,73,59,24.857143
SUPER_18,13960000,2,1,0,3,0,2,1
SUPER_18,13970000,2,1,0,3,1,1,9
SUPER_18,13980000,0,0,0,0,0,0,0
SUPER_18,13990000,0,0,0,0,0,0,0
SUPER_18,14000000,3,0,0,3,2,1,NaN
SUPER_18,14010000,56,2,3,61,28,28,5
SUPER_18,14020000,144,8,8,160,70,74,15.5625
SUPER_18,14030000,140,10,7,157,65,75,14.176471
SUPER_18,14040000,101,4,9,114,50,51,3.5384614
SUPER_18,14050000,63,5,4,72,40,23,3
SUPER_18,14060000,107,4,9,120,46,61,15.769231
SUPER_18,14070000,14,1,2,17,8,6,4.6666665
SUPER_18,14080000,1,0,0,1,0,1,NaN
SUPER_18,14090000,3,0,0,3,1,2,NaN
SUPER_18,14100000,31,2,1,34,17,14,2.3333333
SUPER_18,14110000,154,9,14,177,78,76,8.608696
SUPER_18,14120000,118,11,7,136,71,47,7.0555553
SUPER_18,14130000,59,2,3,64,20,39,7.2
SUPER_18,14140000,104,11,11,126,60,44,6.590909
SUPER_18,14150000,124,7,10,141,71,53,17
SUPER_18,14160000,172,11,9,192,69,103,13.3
SUPER_18,14170000,18,1,1,20,7,11,4.5
SUPER_18,14180000,93,14,8,115,51,42,6.590909
SUPER_18,14190000,56,2,1,59,26,30,1
SUPER_18,14200000,25,2,3,30,13,12,3.6
SUPER_18,14210000,144,12,16,172,69,75,11.357142
SUPER_18,14220000,74,3,2,79,37,37,2.8
SUPER_18,14230000,87,5,7,99,40,47,41.333332
SUPER_18,14240000,96,7,5,108,50,46,7.8333335
SUPER_18,14250000,95,7,8,110,46,49,6.4
SUPER_18,14260000,101,4,17,122,51,50,4.3333335
SUPER_18,14270000,126,14,11,151,66,60,19.88
SUPER_18,14280000,205,19,17,241,95,110,4.9444447
SUPER_18,14290000,48,3,5,56,26,22,51.5
SUPER_18,14300000,102,8,9,119,43,59,4.7058825
SUPER_18,14310000,0,0,0,0,0,0,0
SUPER_18,14320000,0,0,0,0,0,0,0
SUPER_18,14330000,159,13,9,181,75,84,8.454545
SUPER_18,14340000,65,4,2,71,31,34,7.6666665
SUPER_18,14350000,87,6,7,100,40,47,9
SUPER_18,14360000,118,4,4,126,55,63,2.75
SUPER_18,14370000,132,13,13,158,77,55,6.269231
SUPER_18,14380000,129,9,12,150,71,58,11.095238
SUPER_18,14390000,65,6,5,76,33,32,6.909091
SUPER_18,14400000,8,0,3,11,5,3,6.6666665
SUPER_18,14410000,57,3,2,62,36,21,10
SUPER_18,14420000,70,4,6,80,33,37,16.2
SUPER_18,14430000,27,1,5,33,18,9,14.5
SUPER_18,14440000,110,5,15,130,51,59,6.5
SUPER_18,14450000,128,6,8,142,68,60,10.714286
SUPER_18,14460000,4,1,0,5,1,3,8
SUPER_18,14470000,83,6,8,97,41,42,7.285714
SUPER_18,14480000,11,1,0,12,4,7,1
SUPER_18,14490000,1,1,0,2,0,1,4
SUPER_18,14500000,31,4,1,36,17,14,1.2
SUPER_18,14510000,4,1,1,6,1,3,5
SUPER_18,14520000,3,1,0,4,0,3,2
SUPER_18,14530000,3,0,1,4,2,1,3
SUPER_18,14540000,104,12,8,124,59,45,25.55
SUPER_18,14550000,65,7,6,78,35,30,78.84615
SUPER_18,14560000,44,2,3,49,20,24,10.4
SUPER_18,14570000,105,10,10,125,62,43,6.35
SUPER_18,14580000,95,6,7,108,59,36,12.153846
SUPER_18,14590000,124,3,8,135,69,55,14.363636
SUPER_18,14600000,103,6,7,116,50,53,2.2307692
SUPER_18,14610000,80,7,8,95,35,45,18.066668
SUPER_18,14620000,50,4,4,58,26,24,5.5
SUPER_18,14630000,76,6,3,85,45,31,10.666667
SUPER_18,14640000,78,4,7,89,48,30,2.6363637
SUPER_18,14650000,109,6,8,123,63,46,11.857142
SUPER_18,14660000,103,6,10,119,44,59,9.5625
SUPER_18,14670000,153,6,10,169,71,82,16.75
SUPER_18,14680000,118,8,7,133,69,49,23.266666
SUPER_18,14690000,85,3,7,95,44,41,6.3
SUPER_18,14700000,89,2,10,101,34,55,7.6666665
SUPER_18,14710000,56,7,5,68,30,26,5.9166665
SUPER_18,14720000,39,7,5,51,18,21,21
SUPER_18,14730000,113,8,3,124,57,56,3.1818182
SUPER_18,14740000,50,1,5,56,22,28,2.5
SUPER_18,14750000,74,7,3,84,42,32,50.8
SUPER_18,14760000,0,0,0,0,0,0,0
SUPER_18,14770000,0,0,0,0,0,0,0
SUPER_18,14780000,214,17,10,241,119,95,4.5185184
SUPER_18,14790000,144,9,8,161,69,75,4.117647
SUPER_18,14800000,45,2,0,47,21,24,3.5
SUPER_18,14810000,41,1,1,43,24,17,10
SUPER_18,14820000,16,1,2,19,10,6,14
SUPER_18,14830000,4,1,0,5,4,0,1
SUPER_18,14840000,2,1,2,5,1,1,6.6666665
SUPER_18,14850000,54,2,3,59,31,23,5.4
SUPER_18,14860000,106,3,6,115,45,61,4.888889
SUPER_18,14870000,131,10,7,148,65,66,6.1764708
SUPER_18,14880000,87,13,6,106,41,46,9.157895
SUPER_18,14890000,12,0,0,12,8,4,NaN
SUPER_18,14900000,2,0,0,2,2,0,NaN
SUPER_18,14910000,129,7,5,141,69,60,6.6666665
SUPER_18,14920000,95,5,9,109,47,48,3.142857
SUPER_18,14930000,77,2,4,83,39,38,2.6666667
SUPER_18,14940000,19,2,4,25,8,11,5.3333335
SUPER_18,14950000,0,0,0,0,0,0,0
SUPER_18,14960000,0,0,0,0,0,0,0
SUPER_18,14970000,0,0,0,0,0,0,0
SUPER_18,14980000,88,1,2,91,51,37,8
SUPER_18,14990000,97,10,10,117,51,46,6.15
SUPER_18,15000000,0,0,0,0,0,0,0
SUPER_18,15010000,0,0,0,0,0,0,0
SUPER_18,15020000,57,5,7,69,31,26,9.666667
SUPER_18,15030000,0,0,0,0,0,0,0
SUPER_18,15040000,0,0,0,0,0,0,0
SUPER_18,15050000,127,10,10,147,69,58,11.55
SUPER_18,15060000,96,6,4,106,46,50,21.1
SUPER_18,15070000,4,0,0,4,4,0,NaN
SUPER_18,15080000,3,0,0,3,3,0,NaN
SUPER_18,15090000,5,1,0,6,4,1,1
SUPER_18,15100000,1,0,1,2,0,1,13
SUPER_18,15110000,4,1,1,6,3,1,5
SUPER_18,15120000,4,0,1,5,0,4,9
SUPER_18,15130000,3,0,0,3,2,1,NaN
SUPER_18,15140000,3,1,0,4,2,1,1
SUPER_18,15150000,26,1,1,28,10,16,2.5
SUPER_18,15160000,0,0,0,0,0,0,0
SUPER_18,15170000,0,0,0,0,0,0,0
SUPER_18,15180000,4,0,0,4,2,2,NaN
SUPER_18,15190000,0,0,0,0,0,0,0
SUPER_18,15200000,0,0,0,0,0,0,0
SUPER_18,15210000,0,0,0,0,0,0,0
SUPER_18,15220000,116,9,12,137,57,59,4.095238
SUPER_18,15230000,121,10,13,144,68,53,6.652174
SUPER_18,15240000,132,4,11,147,76,56,12.466666
SUPER_18,15250000,56,4,1,61,29,27,1.4
SUPER_18,15260000,67,6,7,80,34,33,9.923077
SUPER_18,15270000,103,4,9,116,55,48,4.3076925
SUPER_18,15280000,93,7,8,108,45,48,37.333332
SUPER_18,15290000,105,4,7,116,51,54,44.363636
SUPER_18,15300000,131,9,15,155,68,63,19.833334
SUPER_18,15310000,86,7,5,98,43,43,5.5
SUPER_18,15320000,57,6,3,66,33,24,10.333333
SUPER_18,15330000,119,10,8,137,68,51,7.2222223
SUPER_18,15340000,82,11,11,104,36,46,3.8181818
SUPER_18,15350000,63,8,5,76,28,35,4.6153846
SUPER_18,15360000,32,2,1,35,17,15,4.3333335
SUPER_18,15370000,12,0,2,14,7,5,5.5
SUPER_18,15380000,56,5,1,62,22,34,3.3333333
SUPER_18,15390000,64,2,5,71,41,23,3.142857
SUPER_18,15400000,1,0,0,1,0,1,NaN
SUPER_18,15410000,2,0,2,4,2,0,1
SUPER_18,15420000,0,1,1,2,0,0,1
SUPER_18,15430000,26,2,1,29,14,12,3.3333333
SUPER_18,15440000,177,5,16,198,97,80,14.142858
SUPER_18,15450000,27,2,3,32,11,16,7.8
SUPER_18,15460000,70,7,6,83,42,28,6.3076925
SUPER_18,15470000,107,6,5,118,50,57,17.545454
SUPER_18,15480000,51,4,4,59,25,26,8.5
SUPER_18,15490000,63,8,6,77,31,32,2.857143
SUPER_18,15500000,34,0,2,36,19,15,2.5
SUPER_18,15510000,81,11,14,106,36,45,9.2
SUPER_18,15520000,124,9,6,139,61,63,7.9333334
SUPER_18,15530000,6,0,0,6,3,3,NaN
SUPER_18,15540000,22,2,3,27,11,11,15.6
SUPER_18,15550000,1,0,0,1,0,1,NaN
SUPER_18,15560000,197,20,13,230,99,98,12.484848
SUPER_18,15570000,65,7,8,80,33,32,4.3333335
SUPER_18,15580000,112,4,9,125,57,55,14.538462
SUPER_18,15590000,48,2,3,53,27,21,2.6
SUPER_18,15600000,0,1,0,1,0,0,32
SUPER_18,15610000,2,0,0,2,2,0,NaN
SUPER_18,15620000,80,8,12,100,36,44,6.15
SUPER_18,15630000,70,3,5,78,34,36,8
SUPER_18,15640000,27,7,2,36,12,15,2.6666667
SUPER_18,15650000,77,6,2,85,31,46,7.375
SUPER_18,15660000,32,0,4,36,20,12,8
SUPER_18,15670000,10,2,1,13,6,4,3
SUPER_18,15680000,20,1,1,22,12,8,8.5
SUPER_18,15690000,1,0,0,1,1,0,NaN
SUPER_18,15700000,0,2,2,4,0,0,1.25
SUPER_18,15710000,0,1,0,1,0,0,4
SUPER_18,15720000,0,0,0,0,0,0,0
SUPER_18,15730000,0,0,0,0,0,0,0
SUPER_18,15740000,1,1,0,2,1,0,1
SUPER_18,15750000,2,1,0,3,1,1,1
SUPER_18,15760000,131,12,6,149,69,62,11.222222
SUPER_18,15770000,95,7,5,107,45,50,4.5
SUPER_18,15780000,69,9,9,87,39,30,4.7777777
SUPER_18,15790000,88,5,7,100,46,42,11.833333
SUPER_18,15800000,15,2,1,18,7,8,5.3333335
SUPER_18,15810000,87,2,6,95,41,46,6
SUPER_18,15820000,128,14,11,153,59,69,13
SUPER_18,15830000,56,6,4,66,29,27,6.7
SUPER_18,15840000,93,6,6,105,43,50,10.083333
SUPER_18,15850000,115,8,10,133,55,60,5.6666665
SUPER_18,15860000,46,4,4,54,24,22,6.75
SUPER_18,15870000,49,4,4,57,31,18,4.25
SUPER_18,15880000,1,0,0,1,1,0,NaN
SUPER_18,15890000,1,0,1,2,0,1,22
SUPER_18,15900000,1,0,0,1,0,1,NaN
SUPER_18,15910000,2,0,0,2,0,2,NaN
SUPER_18,15920000,0,1,0,1,0,0,2
SUPER_18,15930000,1,0,0,1,1,0,NaN
SUPER_18,15940000,0,0,0,0,0,0,0
SUPER_18,15950000,0,0,0,0,0,0,0
SUPER_18,15960000,119,12,7,138,60,59,8.421053
SUPER_18,15970000,60,5,8,73,31,29,41.53846
SUPER_18,15980000,48,3,3,54,21,27,10.5
SUPER_18,15990000,70,2,5,77,35,35,12
SUPER_18,16000000,19,1,0,20,6,13,6
SUPER_18,16010000,7,0,1,8,1,6,1
SUPER_18,16020000,3,0,0,3,2,1,NaN
SUPER_18,16030000,2,0,1,3,1,1,151
SUPER_18,16040000,4,0,0,4,2,2,NaN
SUPER_18,16050000,3,0,1,4,0,3,1
SUPER_18,16060000,1,0,0,1,1,0,NaN
SUPER_18,16070000,1,0,0,1,1,0,NaN
SUPER_18,16080000,0,0,0,0,0,0,0
SUPER_18,16090000,0,0,0,0,0,0,0
SUPER_18,16100000,5,0,0,5,2,3,NaN
SUPER_18,16110000,40,7,4,51,21,19,4.4545455
SUPER_18,16120000,88,7,9,104,51,37,3.8125
SUPER_18,16130000,144,13,10,167,77,67,16.26087
SUPER_18,16140000,125,17,7,149,63,62,5.4583335
SUPER_18,16150000,21,1,5,27,11,10,3.8333333
SUPER_18,16160000,0,0,1,1,0,0,2
SUPER_18,16170000,2,0,1,3,2,0,1
SUPER_18,16180000,1,1,1,3,1,0,11
SUPER_18,16190000,2,0,0,2,0,2,NaN
SUPER_18,16200000,3,3,0,6,2,1,8
SUPER_18,16210000,1,0,0,1,1,0,NaN
SUPER_18,16220000,1,0,0,1,1,0,NaN
SUPER_18,16230000,2,0,0,2,1,1,NaN
SUPER_18,16240000,4,0,0,4,3,1,NaN
SUPER_18,16250000,2,1,1,4,0,2,14
SUPER_18,16260000,2,0,1,3,2,0,1
SUPER_18,16270000,4,0,0,4,0,4,NaN
SUPER_18,16280000,16,3,5,24,8,8,9.625
SUPER_18,16290000,33,3,2,38,13,20,1.8
SUPER_18,16300000,41,4,4,49,21,20,4.625
SUPER_18,16310000,130,5,10,145,70,60,39.8
SUPER_18,16320000,93,8,9,110,49,44,3.3529413
SUPER_18,16330000,39,3,4,46,20,19,5.857143
SUPER_18,16340000,115,9,9,133,63,52,6
SUPER_18,16350000,49,2,8,59,20,29,22.1
SUPER_18,16360000,119,3,8,130,52,67,8.909091
SUPER_18,16370000,116,10,9,135,61,55,18.473684
SUPER_18,16380000,66,5,6,77,24,42,9.090909
SUPER_18,16390000,65,3,8,76,37,28,5.5454545
SUPER_18,16400000,82,5,12,99,40,42,4.882353
SUPER_18,16410000,31,3,5,39,15,16,13.75
SUPER_18,16420000,3,1,0,4,2,1,1
SUPER_18,16430000,2,2,0,4,2,0,2
SUPER_18,16440000,1,1,0,2,0,1,1
SUPER_18,16450000,2,1,0,3,2,0,13
SUPER_18,16460000,0,0,0,0,0,0,0
SUPER_18,16470000,0,0,0,0,0,0,0
SUPER_18,16480000,0,0,0,0,0,0,0
SUPER_18,16490000,3,0,1,4,2,1,6
SUPER_18,16500000,2,1,1,4,0,2,4
SUPER_18,16510000,1,1,0,2,1,0,6
SUPER_18,16520000,17,1,0,18,10,7,18
SUPER_18,16530000,3,0,0,3,2,1,NaN
SUPER_18,16540000,2,0,0,2,1,1,NaN
SUPER_18,16550000,1,0,0,1,1,0,NaN
SUPER_18,16560000,2,0,0,2,2,0,NaN
SUPER_18,16570000,2,0,0,2,1,1,NaN
SUPER_18,16580000,3,0,1,4,1,2,2
SUPER_18,16590000,1,0,0,1,0,1,NaN
SUPER_18,16600000,0,0,0,0,0,0,0
SUPER_18,16610000,0,0,0,0,0,0,0
SUPER_18,16620000,7,0,0,7,4,3,NaN
SUPER_18,16630000,3,0,0,3,1,2,NaN
SUPER_18,16640000,3,0,0,3,1,2,NaN
SUPER_18,16650000,3,0,0,3,3,0,NaN
SUPER_18,16660000,4,0,1,5,4,0,14
SUPER_18,16670000,2,0,0,2,2,0,NaN
SUPER_18,16680000,2,0,0,2,0,2,NaN
SUPER_18,16690000,4,1,0,5,3,1,21
SUPER_18,16700000,0,0,0,0,0,0,0
SUPER_18,16710000,0,0,0,0,0,0,0
SUPER_18,16720000,51,4,7,62,25,26,3.090909
SUPER_18,16730000,31,3,0,34,16,15,1
SUPER_18,16740000,190,5,8,203,106,84,9.692307
SUPER_18,16750000,148,4,14,166,75,73,15
SUPER_18,16760000,162,17,12,191,79,83,5.206897
SUPER_18,16770000,73,3,8,84,38,35,9.363636
SUPER_18,16780000,0,0,0,0,0,0,0
SUPER_18,16790000,0,0,0,0,0,0,0
SUPER_18,16800000,7,0,1,8,2,5,1
SUPER_18,16810000,23,1,0,24,9,14,1
SUPER_18,16820000,109,6,8,123,57,52,21.642857
SUPER_18,16830000,127,11,9,147,75,52,9.9
SUPER_18,16840000,95,3,13,111,46,49,10.9375
SUPER_18,16850000,112,10,9,131,54,58,7.9473686
SUPER_18,16860000,140,4,12,156,68,72,23.5
SUPER_18,16870000,106,10,5,121,59,47,5.2
SUPER_18,16880000,146,16,11,173,72,74,10.037037
SUPER_18,16890000,16,3,1,20,8,8,17.75
SUPER_18,16900000,3,0,0,3,2,1,NaN
SUPER_18,16910000,4,3,0,7,2,2,15.333333
SUPER_18,16920000,10,1,1,12,3,7,9.5
SUPER_18,16930000,4,1,0,5,2,2,1
SUPER_18,16940000,54,5,3,62,31,23,14
SUPER_18,16950000,33,2,7,42,14,19,5.4444447
SUPER_18,16960000,130,13,6,149,77,53,3.8947368
SUPER_18,16970000,32,1,3,36,15,17,7.5
SUPER_18,16980000,137,15,9,161,68,69,9.041667
SUPER_18,16990000,88,11,4,103,52,36,10.066667
SUPER_18,17000000,112,4,12,128,73,39,5.125
SUPER_18,17010000,90,10,9,109,35,55,4.7894735
SUPER_18,17020000,41,3,5,49,20,21,22.25
SUPER_18,17030000,124,15,8,147,70,54,14.869565
SUPER_18,17040000,111,7,10,128,52,59,29.82353
SUPER_18,17050000,68,7,5,80,31,37,4.0833335
SUPER_18,17060000,82,8,7,97,41,41,29.466667
SUPER_18,17070000,1,0,0,1,0,1,NaN
SUPER_18,17080000,31,2,0,33,13,18,4
SUPER_18,17090000,13,0,0,13,2,11,NaN
SUPER_18,17100000,2,1,0,3,1,1,1
SUPER_18,17110000,81,9,9,99,33,48,6.0555553
SUPER_18,17120000,52,7,5,64,25,27,4.75
SUPER_18,17130000,52,3,4,59,20,32,11.285714
SUPER_18,17140000,122,12,6,140,65,57,7.888889
SUPER_18,17150000,119,7,13,139,69,50,5.45
SUPER_18,17160000,104,6,5,115,45,59,3.7272727
SUPER_18,17170000,65,5,3,73,44,21,37.75
SUPER_18,17180000,66,3,10,79,33,33,35.307693
SUPER_18,17190000,91,5,7,103,48,43,10.166667
SUPER_18,17200000,43,3,8,54,21,22,9.363636
SUPER_18,17210000,101,10,6,117,46,55,5.25
SUPER_18,17220000,81,8,11,100,38,43,9.210526
SUPER_18,17230000,141,8,11,160,72,69,9.315789
SUPER_18,17240000,93,6,7,106,45,48,7.076923
SUPER_18,17250000,88,1,6,95,54,34,6.714286
SUPER_18,17260000,112,5,13,130,52,60,13.777778
SUPER_18,17270000,96,5,6,107,50,46,12.909091
SUPER_18,17280000,132,11,8,151,75,57,3.4736843
SUPER_18,17290000,138,5,8,151,80,58,12.076923
SUPER_18,17300000,122,14,9,145,65,57,10.26087
SUPER_18,17310000,105,12,7,124,58,47,19.157894
SUPER_18,17320000,136,4,7,147,72,64,4.181818
SUPER_18,17330000,78,9,5,92,33,45,6.428571
SUPER_18,17340000,62,5,5,72,32,30,23.1
SUPER_18,17350000,124,9,7,140,68,56,8.8125
SUPER_18,17360000,147,12,13,172,73,74,12.92
SUPER_18,17370000,146,13,6,165,81,65,9.789474
SUPER_18,17380000,158,12,18,188,72,86,9.066667
SUPER_18,17390000,141,8,9,158,85,56,6
SUPER_18,17400000,2,1,1,4,2,0,5
SUPER_18,17410000,38,6,2,46,26,12,4.125
SUPER_18,17420000,132,13,13,158,64,68,9.038462
SUPER_18,17430000,91,6,12,109,45,46,4.111111
SUPER_18,17440000,28,3,2,33,12,16,4.6
SUPER_18,17450000,34,8,2,44,14,20,3.3
SUPER_18,17460000,2,1,0,3,0,2,1
SUPER_18,17470000,21,2,6,29,9,12,3.375
SUPER_18,17480000,5,3,0,8,3,2,2
SUPER_18,17490000,127,5,7,139,73,54,6
SUPER_18,17500000,220,13,13,246,120,100,9.307693
SUPER_18,17510000,55,4,2,61,26,29,2.1666667
SUPER_18,17520000,1,1,0,2,0,1,36
SUPER_18,17530000,4,1,0,5,1,3,6
SUPER_18,17540000,38,3,2,43,21,17,3
SUPER_18,17550000,0,0,0,0,0,0,0
SUPER_18,17560000,0,0,0,0,0,0,0
SUPER_18,17570000,166,12,12,190,83,83,6.125
SUPER_18,17580000,62,5,6,73,31,31,1.3636364
SUPER_18,17590000,52,4,10,66,22,30,4
SUPER_18,17600000,126,9,12,147,63,63,4.095238
SUPER_18,17610000,122,12,10,144,52,70,7.3636365
SUPER_18,17620000,0,0,0,0,0,0,0
SUPER_18,17630000,0,0,0,0,0,0,0
SUPER_18,17640000,223,23,15,261,108,115,4.236842
SUPER_18,17650000,61,6,1,68,39,22,2.4285715
SUPER_18,17660000,219,19,14,252,117,102,8.272727
SUPER_18,17670000,146,12,7,165,71,75,12.631579
SUPER_18,17680000,78,5,6,89,46,32,50.636364
SUPER_18,17690000,97,10,13,120,34,63,6.652174
SUPER_18,17700000,84,6,9,99,47,37,7.733333
SUPER_18,17710000,50,3,2,55,22,28,5.8
SUPER_18,17720000,39,1,3,43,22,17,11.25
SUPER_18,17730000,0,0,0,0,0,0,0
SUPER_18,17740000,0,0,0,0,0,0,0
SUPER_18,17750000,103,7,7,117,51,52,9
SUPER_18,17760000,93,7,7,107,42,51,8.142858
SUPER_18,17770000,110,6,9,125,53,57,19.333334
SUPER_18,17780000,188,12,24,224,91,97,5.0555553
SUPER_18,17790000,85,7,9,101,45,40,18.1875
SUPER_18,17800000,122,6,8,136,61,61,16.857143
SUPER_18,17810000,83,9,0,92,40,43,3.2222223
SUPER_18,17820000,102,11,7,120,65,37,35.27778
SUPER_18,17830000,33,1,4,38,14,19,5.8
SUPER_18,17840000,65,6,10,81,31,34,5.4375
SUPER_18,17850000,107,8,7,122,63,44,10.666667
SUPER_18,17860000,25,1,3,29,13,12,5.5
SUPER_18,17870000,43,8,5,56,21,22,4
SUPER_18,17880000,2,0,0,2,1,1,NaN
SUPER_18,17890000,36,2,4,42,23,13,6.6666665
SUPER_18,17900000,143,7,5,155,67,76,4.4166665
SUPER_18,17910000,70,6,7,83,34,36,6.3846154
SUPER_18,17920000,144,3,6,153,75,69,3.8888888
SUPER_18,17930000,89,5,4,98,50,39,18.555555
SUPER_18,17940000,0,0,0,0,0,0,0
SUPER_18,17950000,0,0,0,0,0,0,0
SUPER_18,17960000,90,6,9,105,52,38,4.866667
SUPER_18,17970000,92,4,10,106,38,54,29.785715
SUPER_18,17980000,72,6,8,86,38,34,14.571428
SUPER_18,17990000,72,8,5,85,32,40,15.769231
SUPER_18,18000000,4,3,3,10,1,3,3.5
SUPER_18,18010000,0,0,0,0,0,0,0
SUPER_18,18020000,0,0,0,0,0,0,0
SUPER_18,18030000,0,0,0,0,0,0,0
SUPER_18,18040000,64,4,8,76,20,44,7.6666665
SUPER_18,18050000,126,7,10,143,52,74,7.2941175
SUPER_18,18060000,37,3,4,44,21,16,3.142857
SUPER_18,18070000,12,0,0,12,6,6,NaN
SUPER_18,18080000,147,16,12,175,77,70,3.4642856
SUPER_18,18090000,90,7,5,102,48,42,6.8333335
SUPER_18,18100000,89,8,4,101,40,49,23.333334
SUPER_18,18110000,128,15,13,156,77,51,19.607143
SUPER_18,18120000,97,9,15,121,54,43,5.25
SUPER_18,18130000,91,6,5,102,49,42,19.636364
SUPER_18,18140000,200,12,24,236,102,98,28.166666
SUPER_18,18150000,202,18,10,230,108,94,6.892857
SUPER_18,18160000,88,8,10,106,43,45,5.3333335
SUPER_18,18170000,130,11,10,151,64,66,5.3333335
SUPER_18,18180000,61,4,2,67,33,28,2.8333333
SUPER_18,18190000,108,4,9,121,52,56,3.3076923
SUPER_18,18200000,156,10,13,179,79,77,7.5652175
SUPER_18,18210000,142,5,10,157,69,73,3.8
SUPER_18,18220000,130,7,13,150,53,77,31.1
SUPER_18,18230000,2,0,1,3,0,2,4
SUPER_18,18240000,0,0,0,0,0,0,0
SUPER_18,18250000,0,0,0,0,0,0,0
SUPER_18,18260000,3,1,0,4,2,1,5
SUPER_18,18270000,1,0,0,1,1,0,NaN
SUPER_18,18280000,3,1,0,4,1,2,1
SUPER_18,18290000,3,1,0,4,3,0,1
SUPER_18,18300000,1,1,0,2,0,1,2
SUPER_18,18310000,107,8,11,126,49,58,5.631579
SUPER_18,18320000,94,4,6,104,52,42,8.1
SUPER_18,18330000,53,3,4,60,25,28,14.142858
SUPER_18,18340000,3,0,1,4,0,3,1
SUPER_18,18350000,5,1,1,7,2,3,87.5
SUPER_18,18360000,66,7,5,78,28,38,5.75
SUPER_18,18370000,64,10,6,80,34,30,5
SUPER_18,18380000,83,4,6,93,38,45,11.3
SUPER_18,18390000,31,2,3,36,20,11,1.4
SUPER_18,18400000,140,10,10,160,70,70,4.8
SUPER_18,18410000,175,10,15,200,96,79,9.64
SUPER_18,18420000,226,10,19,255,119,107,6.6551723
SUPER_18,18430000,19,5,1,25,10,9,2.1666667
SUPER_18,18440000,1,1,1,3,0,1,9.5
SUPER_18,18450000,17,1,1,19,5,12,2.5
SUPER_18,18460000,3,0,2,5,1,2,5.5
SUPER_18,18470000,146,8,6,160,75,71,12.071428
SUPER_18,18480000,127,10,8,145,56,71,7.6666665
SUPER_18,18490000,127,8,14,149,61,66,7.1363635
SUPER_18,18500000,135,9,6,150,76,59,2.8
SUPER_18,18510000,0,1,1,2,0,0,5
SUPER_18,18520000,40,2,5,47,22,18,26.857143
SUPER_18,18530000,118,7,5,130,65,53,5
SUPER_18,18540000,117,13,11,141,55,62,9.583333
SUPER_18,18550000,227,13,13,253,117,110,6.769231
SUPER_18,18560000,239,6,17,262,130,109,3.2173913
SUPER_18,18570000,131,9,10,150,65,66,6.3157897
SUPER_18,18580000,43,4,0,47,28,15,4.25
SUPER_18,18590000,1,0,1,2,0,1,5
SUPER_18,18600000,124,7,4,135,57,67,8.363636
SUPER_18,18610000,152,11,12,175,87,65,5.3913045
SUPER_18,18620000,135,6,9,150,70,65,16.933332
SUPER_18,18630000,93,6,8,107,50,43,24.857143
SUPER_18,18640000,165,13,3,181,83,82,6.5625
SUPER_18,18650000,29,1,2,32,15,14,5
SUPER_18,18660000,18,1,0,19,8,10,5
SUPER_18,18670000,68,6,4,78,38,30,6.6
SUPER_18,18680000,1,1,1,3,1,0,12.5
SUPER_18,18690000,4,0,0,4,1,3,NaN
SUPER_18,18700000,64,6,9,79,35,29,14
SUPER_18,18710000,137,5,14,156,71,66,18.157894
SUPER_18,18720000,125,12,11,148,60,65,4.869565
SUPER_18,18730000,120,10,7,137,60,60,8.411765
SUPER_18,18740000,1,0,0,1,0,1,NaN
SUPER_18,18750000,1,0,2,3,0,1,2
SUPER_18,18760000,3,0,0,3,1,2,NaN
SUPER_18,18770000,2,2,1,5,2,0,2
SUPER_18,18780000,101,7,5,113,47,54,7.25
SUPER_18,18790000,116,8,10,134,67,49,11.666667
SUPER_18,18800000,160,6,11,177,75,85,4.9411764
SUPER_18,18810000,34,5,4,43,16,18,8.888889
SUPER_18,18820000,11,2,0,13,5,6,15.5
SUPER_18,18830000,69,5,11,85,41,28,7.125
SUPER_18,18840000,110,5,8,123,65,45,19.76923
SUPER_18,18850000,176,14,15,205,95,81,21.689655
SUPER_18,18860000,162,12,14,188,81,81,6.269231
SUPER_18,18870000,110,3,9,122,67,43,3.5
SUPER_18,18880000,126,6,5,137,63,63,22.09091
SUPER_18,18890000,71,5,10,86,32,39,3
SUPER_18,18900000,86,1,4,91,43,43,6.6
SUPER_18,18910000,54,6,2,62,28,26,13.5
SUPER_18,18920000,155,8,7,170,76,79,21.533333
SUPER_18,18930000,170,22,13,205,83,87,6.3714285
SUPER_18,18940000,83,11,9,103,36,47,11.7
SUPER_18,18950000,73,5,9,87,35,38,5.928571
SUPER_18,18960000,67,2,2,71,37,30,1.5
SUPER_18,18970000,110,7,5,122,49,61,3.75
SUPER_18,18980000,108,9,5,122,42,66,20.928572
SUPER_18,18990000,116,4,16,136,63,53,23.25
SUPER_18,19000000,78,3,7,88,47,31,4.5
SUPER_18,19010000,80,9,12,101,44,36,6.5238094
SUPER_18,19020000,1,1,1,3,1,0,2
SUPER_18,19030000,1,0,3,4,0,1,16.666666
SUPER_18,19040000,2,1,1,4,0,2,5
SUPER_18,19050000,3,0,0,3,0,3,NaN
SUPER_18,19060000,12,1,1,14,6,6,15.5
SUPER_18,19070000,78,8,4,90,36,42,3.0833333
SUPER_18,19080000,145,10,9,164,73,72,10.368421
SUPER_18,19090000,71,8,6,85,34,37,4.214286
SUPER_18,19100000,71,2,3,76,31,40,3.4
SUPER_18,19110000,91,8,5,104,44,47,6.6923075
SUPER_18,19120000,92,5,10,107,54,38,6.8
SUPER_18,19130000,105,7,7,119,45,60,6.357143
SUPER_18,19140000,119,11,10,140,51,68,7.142857
SUPER_18,19150000,62,6,1,69,31,31,6.714286
SUPER_18,19160000,0,0,0,0,0,0,0
SUPER_18,19170000,0,0,0,0,0,0,0
SUPER_18,19180000,0,0,0,0,0,0,0
SUPER_18,19190000,108,4,13,125,55,53,6
SUPER_18,19200000,113,6,11,130,62,51,12.058824
SUPER_18,19210000,123,8,5,136,66,57,3.2307692
SUPER_18,19220000,57,4,8,69,34,23,4.3333335
SUPER_18,19230000,54,5,6,65,30,24,5.3636365
SUPER_18,19240000,113,12,11,136,54,59,18.043478
SUPER_18,19250000,83,9,12,104,43,40,12.095238
SUPER_18,19260000,117,8,6,131,60,57,9
SUPER_18,19270000,114,6,10,130,53,61,3.75
SUPER_18,19280000,5,1,2,8,2,3,13
SUPER_18,19290000,15,1,3,19,4,11,1
SUPER_18,19300000,13,0,1,14,6,7,1
SUPER_18,19310000,117,8,3,128,54,63,6.090909
SUPER_18,19320000,137,12,5,154,74,63,6.2352943
SUPER_18,19330000,135,6,4,145,66,69,10
SUPER_18,19340000,110,10,7,127,58,52,5
SUPER_18,19350000,159,11,10,180,78,81,6.714286
SUPER_18,19360000,91,5,17,113,44,47,19.90909
SUPER_18,19370000,183,10,8,201,93,90,29.5
SUPER_18,19380000,118,7,12,137,61,57,5.6842103
SUPER_18,19390000,120,11,15,146,57,63,16.153847
SUPER_18,19400000,97,5,11,113,40,57,18.5
SUPER_18,19410000,121,12,10,143,59,62,3.1818182
SUPER_18,19420000,125,6,11,142,59,66,103.64706
SUPER_18,19430000,40,2,2,44,23,17,1.75
SUPER_18,19440000,0,0,0,0,0,0,0
SUPER_18,19450000,0,0,0,0,0,0,0
SUPER_18,19460000,3,0,0,3,1,2,NaN
SUPER_18,19470000,45,4,10,59,25,20,3.2142856
SUPER_18,19480000,84,6,4,94,34,50,4.2
SUPER_18,19490000,103,10,8,121,55,48,3.5555556
SUPER_18,19500000,255,17,19,291,129,126,6.3333335
SUPER_18,19510000,74,2,3,79,37,37,3.4
SUPER_18,19520000,124,11,10,145,61,63,8.285714
SUPER_18,19530000,174,10,15,199,97,77,3.92
SUPER_18,19540000,132,4,15,151,64,68,8.473684
SUPER_18,19550000,117,15,10,142,57,60,4.16
SUPER_18,19560000,108,4,6,118,59,49,3.3
SUPER_18,19570000,87,8,8,103,45,42,4.9375
SUPER_18,19580000,180,14,14,208,89,91,6.571429
SUPER_18,19590000,122,10,7,139,49,73,2.8235295
SUPER_18,19600000,125,7,8,140,64,61,10.2
SUPER_18,19610000,123,7,15,145,60,63,5.2272725
SUPER_18,19620000,107,11,10,128,47,60,10.571428
SUPER_18,19630000,130,14,11,155,67,63,5.08
SUPER_18,19640000,74,6,10,90,40,34,17.125
SUPER_18,19650000,126,9,15,150,65,61,6.375
SUPER_18,19660000,38,6,7,51,17,21,10
SUPER_18,19670000,20,2,6,28,10,10,2.625
SUPER_18,19680000,4,0,0,4,3,1,NaN
SUPER_18,19690000,3,0,0,3,1,2,NaN
SUPER_18,19700000,4,0,0,4,3,1,NaN
SUPER_18,19710000,115,9,9,133,61,54,4.111111
SUPER_18,19720000,133,11,13,157,66,67,3.9583333
SUPER_18,19730000,147,11,15,173,87,60,7.730769
SUPER_18,19740000,131,8,20,159,64,67,4.571429
SUPER_18,19750000,71,7,6,84,34,37,8.923077
SUPER_18,19760000,36,4,1,41,19,17,13.4
SUPER_18,19770000,109,9,10,128,54,55,5
SUPER_18,19780000,96,4,8,108,50,46,5.0833335
SUPER_18,19790000,66,3,6,75,30,36,2.8888888
SUPER_18,19800000,33,6,6,45,17,16,12
SUPER_18,19810000,112,6,12,130,48,64,8
SUPER_18,19820000,138,4,8,150,70,68,23.5
SUPER_18,19830000,51,4,3,58,28,23,4
SUPER_18,19840000,74,5,1,80,49,25,4.1666665
SUPER_18,19850000,85,4,4,93,38,47,20.875
SUPER_18,19860000,46,3,4,53,25,21,3.2857144
SUPER_18,19870000,21,1,0,22,14,7,32
SUPER_18,19880000,114,13,15,142,62,52,10.357142
SUPER_18,19890000,100,9,6,115,44,56,10.4
SUPER_18,19900000,128,10,10,148,60,68,9
SUPER_18,19910000,0,0,0,0,0,0,0
SUPER_18,19920000,0,0,0,0,0,0,0
SUPER_18,19930000,121,7,10,138,61,60,6.7058825
SUPER_18,19940000,68,2,6,76,33,35,4.5
SUPER_18,19950000,176,15,9,200,85,91,7.7083335
SUPER_18,19960000,157,8,7,172,72,85,20.533333
SUPER_18,19970000,65,6,4,75,37,28,2.6
SUPER_18,19980000,40,2,2,44,14,26,44
SUPER_18,19990000,72,5,4,81,45,27,3.8888888
SUPER_18,20000000,133,6,13,152,76,57,6.4736843
SUPER_18,20010000,33,4,3,40,12,21,6.571429
SUPER_18,20020000,114,8,3,125,55,59,8.363636
SUPER_18,20030000,36,1,3,40,24,12,1.5
SUPER_18,20040000,24,1,2,27,15,9,4.6666665
SUPER_18,20050000,106,11,17,134,37,69,4.821429
SUPER_18,20060000,47,4,0,51,18,29,1
SUPER_18,20070000,3,0,0,3,2,1,NaN
SUPER_18,20080000,145,4,9,158,76,69,4.3846154
SUPER_18,20090000,126,9,9,144,66,60,3.2222223
SUPER_18,20100000,161,7,14,182,78,83,7.7619047
SUPER_18,20110000,18,2,2,22,10,8,7
SUPER_18,20120000,78,4,10,92,38,40,10.5
SUPER_18,20130000,102,6,6,114,50,52,3.25
SUPER_18,20140000,92,7,11,110,44,48,7.6666665
SUPER_18,20150000,98,7,6,111,55,43,18.846153
SUPER_18,20160000,2,1,1,4,2,0,5.5
SUPER_18,20170000,131,8,9,148,65,66,3.4117646
SUPER_18,20180000,202,13,15,230,95,107,9.107142
SUPER_18,20190000,16,2,1,19,10,6,4.6666665
SUPER_18,20200000,5,0,0,5,3,2,NaN
SUPER_18,20210000,1,1,0,2,0,1,2
SUPER_18,20220000,0,1,0,1,0,0,2
SUPER_18,20230000,34,2,8,44,18,16,3.1
SUPER_18,20240000,88,9,5,102,42,46,5.5
SUPER_18,20250000,6,0,3,9,2,4,2
SUPER_18,20260000,90,11,9,110,43,47,20.85
SUPER_18,20270000,91,10,7,108,47,44,4.4117646
SUPER_18,20280000,119,10,9,138,64,55,16
SUPER_18,20290000,210,11,12,233,113,97,25.347826
SUPER_18,20300000,101,17,10,128,55,46,6.888889
SUPER_18,20310000,93,11,13,117,49,44,4.5833335
SUPER_18,20320000,97,10,10,117,54,43,9.15
SUPER_18,20330000,115,7,13,135,52,63,7.7
SUPER_18,20340000,48,3,4,55,17,31,2.142857
SUPER_18,20350000,106,3,8,117,56,50,2.7272727
SUPER_18,20360000,129,10,11,150,58,71,4.6666665
SUPER_18,20370000,95,9,9,113,47,48,2.0555556
SUPER_18,20380000,99,7,9,115,50,49,4.25
SUPER_18,20390000,62,4,6,72,32,30,4.5
SUPER_18,20400000,171,5,10,186,86,85,5.133333
SUPER_18,20410000,0,0,0,0,0,0,0
SUPER_18,20420000,0,0,0,0,0,0,0
SUPER_18,20430000,5,0,1,6,2,3,20
SUPER_18,20440000,3,0,0,3,3,0,NaN
SUPER_18,20450000,34,7,3,44,21,13,3.2
SUPER_18,20460000,98,5,11,114,55,43,5.8125
SUPER_18,20470000,52,7,4,63,25,27,3.8181818
SUPER_18,20480000,7,1,0,8,3,4,2
SUPER_18,20490000,9,1,1,11,7,2,4
SUPER_18,20500000,77,2,5,84,44,33,8.428572
SUPER_18,20510000,103,5,4,112,50,53,3.7777777
SUPER_18,20520000,165,18,9,192,76,89,7.962963
SUPER_18,20530000,8,0,1,9,6,2,1
SUPER_18,20540000,183,12,12,207,87,96,5.9583335
SUPER_18,20550000,97,8,11,116,50,47,8.421053
SUPER_18,20560000,162,10,10,182,87,75,7
SUPER_18,20570000,119,9,10,138,61,58,19.157894
SUPER_18,20580000,104,7,7,118,52,52,13.071428
SUPER_18,20590000,27,0,3,30,16,11,1.3333334
SUPER_18,20600000,142,11,9,162,63,79,12.6
SUPER_18,20610000,201,7,8,216,101,100,4.4666667
SUPER_18,20620000,156,8,13,177,66,90,36.52381
SUPER_18,20630000,102,7,3,112,57,45,5.4
SUPER_18,20640000,80,1,8,89,52,28,12.666667
SUPER_18,20650000,55,5,3,63,32,23,3
SUPER_18,20660000,147,17,14,178,69,78,8.870968
SUPER_18,20670000,113,18,11,142,51,62,7.37931
SUPER_18,20680000,92,11,4,107,54,38,5.3333335
SUPER_18,20690000,52,4,3,59,22,30,3.2857144
SUPER_18,20700000,71,6,5,82,34,37,3.6363637
SUPER_18,20710000,99,12,5,116,45,54,4.882353
SUPER_18,20720000,127,13,6,146,67,60,3.7368422
SUPER_18,20730000,94,5,11,110,35,59,2.75
SUPER_18,20740000,2,1,1,4,1,1,1.5
SUPER_18,20750000,55,6,4,65,29,26,2.5
SUPER_18,20760000,103,3,7,113,49,54,7.6
SUPER_18,20770000,76,8,6,90,40,36,5
SUPER_18,20780000,126,14,8,148,76,50,5.8636365
SUPER_18,20790000,83,6,5,94,36,47,2
SUPER_18,20800000,12,1,2,15,5,7,20.666666
SUPER_18,20810000,69,6,13,88,24,45,33
SUPER_18,20820000,67,7,11,85,28,39,9
SUPER_18,20830000,97,4,10,111,48,49,6
SUPER_18,20840000,104,8,13,125,56,48,27.904762
SUPER_18,20850000,141,12,13,166,62,79,6.2
SUPER_18,20860000,115,6,9,130,64,51,5.2
SUPER_18,20870000,48,3,6,57,29,19,1.5555556
SUPER_18,20880000,0,0,0,0,0,0,0
SUPER_18,20890000,0,0,0,0,0,0,0
SUPER_18,20900000,2,1,0,3,0,2,1
SUPER_18,20910000,0,0,0,0,0,0,0
SUPER_18,20920000,0,0,0,0,0,0,0
SUPER_18,20930000,5,2,0,7,2,3,1.5
SUPER_18,20940000,1,0,0,1,0,1,NaN
SUPER_18,20950000,2,0,0,2,2,0,NaN
SUPER_18,20960000,5,1,0,6,3,2,1
SUPER_18,20970000,4,0,1,5,1,3,2
SUPER_18,20980000,26,0,2,28,12,14,21.5
SUPER_18,20990000,95,8,7,110,46,49,9.666667
SUPER_18,21000000,79,10,3,92,43,36,5.4615383
SUPER_18,21010000,172,12,11,195,84,88,2.5652175
SUPER_18,21020000,148,6,10,164,79,69,11.4375
SUPER_18,21030000,96,6,7,109,59,37,4.8461537
SUPER_18,21040000,142,10,12,164,71,71,9.863636
SUPER_18,21050000,22,0,4,26,11,11,45
SUPER_18,21060000,68,2,6,76,39,29,18.375
SUPER_18,21070000,99,12,4,115,52,47,7.6875
SUPER_18,21080000,133,6,8,147,68,65,9.428572
SUPER_18,21090000,139,3,11,153,80,59,5.142857
SUPER_18,21100000,95,5,7,107,48,47,42.916668
SUPER_18,21110000,138,18,7,163,83,55,4.52
SUPER_18,21120000,115,5,8,128,66,49,41.076923
SUPER_18,21130000,59,5,5,69,30,29,3.8
SUPER_18,21140000,120,9,7,136,56,64,6.25
SUPER_18,21150000,151,5,16,172,87,64,15.333333
SUPER_18,21160000,167,12,13,192,74,93,4.16
SUPER_18,21170000,161,10,13,184,87,74,3.3913043
SUPER_18,21180000,97,8,2,107,51,46,8.4
SUPER_18,21190000,36,2,4,42,23,13,6.8333335
SUPER_18,21200000,133,8,14,155,72,61,9.318182
SUPER_18,21210000,62,6,4,72,31,31,91
SUPER_18,21220000,106,3,5,114,55,51,9.5
SUPER_18,21230000,14,3,0,17,9,5,16.333334
SUPER_18,21240000,69,5,3,77,40,29,3.125
SUPER_18,21250000,195,16,15,226,103,92,8.193548
SUPER_18,21260000,7,0,1,8,4,3,1
SUPER_18,21270000,121,7,6,134,56,65,9.846154
SUPER_18,21280000,161,8,11,180,79,82,28.631578
SUPER_18,21290000,9,0,0,9,5,4,NaN
SUPER_18,21300000,116,5,8,129,66,50,5.6153846
SUPER_18,21310000,131,13,9,153,66,65,8.227273
SUPER_18,21320000,97,8,13,118,48,49,3.047619
SUPER_18,21330000,194,11,11,216,113,81,5.3636365
SUPER_18,21340000,85,4,0,89,43,42,3.5
SUPER_18,21350000,99,8,6,113,58,41,22.285715
SUPER_18,21360000,121,8,5,134,55,66,24.923077
SUPER_18,21370000,84,4,3,91,40,44,2.4285715
SUPER_18,21380000,181,6,16,203,108,73,12.045455
SUPER_18,21390000,118,8,12,138,66,52,25.7
SUPER_18,21400000,135,9,11,155,72,63,5.95
SUPER_18,21410000,172,10,11,193,90,82,4.952381
SUPER_18,21420000,146,12,7,165,70,76,7.631579
SUPER_18,21430000,80,8,2,90,39,41,5.1
SUPER_18,21440000,71,6,9,86,36,35,3.6666667
SUPER_18,21450000,3,0,1,4,1,2,1
SUPER_18,21460000,61,4,7,72,30,31,4.6363635
SUPER_18,21470000,44,6,3,53,20,24,6.5555553
SUPER_18,21480000,11,3,1,15,6,5,5.5
SUPER_18,21490000,129,11,6,146,65,64,6.0588236
SUPER_18,21500000,170,16,13,199,82,88,8.586206
SUPER_18,21510000,169,9,18,196,97,72,16.407408
SUPER_18,21520000,165,14,15,194,84,81,4.724138
SUPER_18,21530000,99,11,8,118,46,53,2.631579
SUPER_18,21540000,137,12,12,161,75,62,8.583333
SUPER_18,21550000,6,0,1,7,1,5,5
SUPER_18,21560000,0,0,0,0,0,0,0
SUPER_18,21570000,0,0,0,0,0,0,0
SUPER_18,21580000,2,1,0,3,2,0,26
SUPER_18,21590000,0,0,1,1,0,0,1
SUPER_18,21600000,0,0,0,0,0,0,0
SUPER_18,21610000,0,0,0,0,0,0,0
SUPER_18,21620000,3,1,1,5,1,2,1.5
SUPER_18,21630000,12,0,4,16,5,7,6.75
SUPER_18,21640000,124,11,11,146,66,58,6.2727275
SUPER_18,21650000,119,9,8,136,65,54,10.411765
SUPER_18,21660000,134,7,14,155,63,71,41.47619
SUPER_18,21670000,2,0,2,4,1,1,3
SUPER_18,21680000,69,7,6,82,28,41,5.1538463
SUPER_18,21690000,179,12,14,205,86,93,11.615385
SUPER_18,21700000,145,17,3,165,71,74,10.75
SUPER_18,21710000,134,3,11,148,75,59,6.928571
SUPER_18,21720000,84,4,12,100,38,46,5.375
SUPER_18,21730000,40,6,10,56,18,22,16.25
SUPER_18,21740000,2,1,0,3,2,0,2
SUPER_18,21750000,17,1,2,20,7,10,2
SUPER_18,21760000,76,3,10,89,43,33,8.384615
SUPER_18,21770000,56,5,6,67,29,27,2.7272727
SUPER_18,21780000,3,1,1,5,2,1,1.5
SUPER_18,21790000,1,0,0,1,1,0,NaN
SUPER_18,21800000,87,8,8,103,45,42,4.1875
SUPER_18,21810000,94,14,6,114,43,51,4.5
SUPER_18,21820000,155,9,11,175,73,82,5.25
SUPER_18,21830000,160,19,16,195,84,76,23.885714
SUPER_18,21840000,150,11,4,165,80,70,7.4
SUPER_18,21850000,157,16,10,183,89,68,6.1538463
SUPER_18,21860000,161,12,7,180,74,87,2.7368422
SUPER_18,21870000,3,0,1,4,1,2,5
SUPER_18,21880000,56,3,5,64,30,26,7.625
SUPER_18,21890000,78,3,3,84,50,28,9.333333
SUPER_18,21900000,91,6,12,109,45,46,5.8333335
SUPER_18,21910000,84,8,6,98,41,43,6.571429
SUPER_18,21920000,158,13,14,185,92,66,4.962963
SUPER_18,21930000,128,7,11,146,65,63,6.0555553
SUPER_18,21940000,109,7,4,120,63,46,4.3636365
SUPER_18,21950000,122,8,10,140,56,66,7.3333335
SUPER_18,21960000,61,3,3,67,34,27,5
SUPER_18,21970000,53,4,5,62,32,21,7.2222223
SUPER_18,21980000,46,1,2,49,20,26,5.6666665
SUPER_18,21990000,34,1,2,37,18,16,15
SUPER_18,22000000,29,3,2,34,19,10,6.2
SUPER_18,22010000,91,6,7,104,39,52,10.923077
SUPER_18,22020000,15,1,2,18,7,8,2.6666667
SUPER_18,22030000,1,0,0,1,0,1,NaN
SUPER_18,22040000,80,3,9,92,44,36,7.1666665
SUPER_18,22050000,81,4,2,87,39,42,5.8333335
SUPER_18,22060000,101,5,4,110,53,48,5.3333335
SUPER_18,22070000,180,14,15,209,79,101,7.862069
SUPER_18,22080000,64,6,9,79,29,35,10.666667
SUPER_18,22090000,35,3,0,38,15,20,5.6666665
SUPER_18,22100000,46,6,5,57,24,22,10.636364
SUPER_18,22110000,102,6,7,115,55,47,4.5384617
SUPER_18,22120000,55,3,6,64,30,25,5.7777777
SUPER_18,22130000,88,7,7,102,49,39,19.285715
SUPER_18,22140000,192,15,12,219,91,101,6.6666665
SUPER_18,22150000,150,11,11,172,72,78,4.5454545
SUPER_18,22160000,114,9,9,132,55,59,6.3333335
SUPER_18,22170000,140,10,6,156,63,77,3.9375
SUPER_18,22180000,46,6,4,56,24,22,4.8
SUPER_18,22190000,49,7,2,58,30,19,9.222222
SUPER_18,22200000,137,16,9,162,68,69,5.96
SUPER_18,22210000,115,5,4,124,62,53,19.88889
SUPER_18,22220000,84,15,7,106,39,45,8.818182
SUPER_18,22230000,75,12,4,91,35,40,3.9375
SUPER_18,22240000,73,3,5,81,35,38,7.5
SUPER_18,22250000,28,3,4,35,9,19,15
SUPER_18,22260000,72,7,1,80,38,34,6.5
SUPER_18,22270000,134,10,8,152,73,61,13.944445
SUPER_18,22280000,31,2,2,35,20,11,2.5
SUPER_18,22290000,14,3,2,19,10,4,15.2
SUPER_18,22300000,98,12,4,114,49,49,7.0625
SUPER_18,22310000,101,5,5,111,54,47,2.8
SUPER_18,22320000,18,5,1,24,7,11,5.1666665
SUPER_18,22330000,36,0,3,39,18,18,45.333332
SUPER_18,22340000,121,7,3,131,59,62,5.4
SUPER_18,22350000,78,6,7,91,38,40,7.230769
SUPER_18,22360000,19,1,1,21,8,11,1
SUPER_18,22370000,151,10,7,168,72,79,5.529412
SUPER_18,22380000,145,7,13,165,75,70,14.95
SUPER_18,22390000,166,15,12,193,88,78,5.037037
SUPER_18,22400000,83,8,6,97,43,40,6.428571
SUPER_18,22410000,120,6,7,133,61,59,1.9230769
SUPER_18,22420000,112,7,6,125,58,54,8.692307
SUPER_18,22430000,33,3,3,39,13,20,2.8333333
SUPER_18,22440000,0,0,0,0,0,0,0
SUPER_18,22450000,0,0,0,0,0,0,0
SUPER_18,22460000,144,4,5,153,88,56,12.888889
SUPER_18,22470000,168,8,15,191,94,74,11.086957
SUPER_18,22480000,127,6,15,148,60,67,7.1904764
SUPER_18,22490000,62,3,2,67,37,25,2.6
SUPER_18,22500000,182,8,17,207,110,72,25.44
SUPER_18,22510000,91,4,5,100,44,47,4.4444447
SUPER_18,22520000,137,7,9,153,70,67,4.3125
SUPER_18,22530000,130,6,10,146,71,59,5.6875
SUPER_18,22540000,105,7,5,117,61,44,4.5
SUPER_18,22550000,57,9,1,67,29,28,3.7
SUPER_18,22560000,43,1,1,45,26,17,3.5
SUPER_18,22570000,142,9,12,163,65,77,7.4761906
SUPER_18,22580000,158,14,12,184,84,74,6.6538463
SUPER_18,22590000,217,13,14,244,124,93,12.185185
SUPER_18,22600000,75,9,5,89,43,32,3.5
SUPER_18,22610000,119,12,5,136,49,70,9
SUPER_18,22620000,0,0,0,0,0,0,0
SUPER_18,22630000,0,0,0,0,0,0,0
SUPER_18,22640000,53,5,3,61,21,32,4.5
SUPER_18,22650000,49,1,3,53,32,17,5.75
SUPER_18,22660000,130,15,9,154,72,58,6.2916665
SUPER_18,22670000,147,10,3,160,77,70,3.3846154
SUPER_18,22680000,144,7,13,164,84,60,6.25
SUPER_18,22690000,16,3,2,21,8,8,1
SUPER_18,22700000,88,8,5,101,43,45,4.923077
SUPER_18,22710000,84,7,3,94,39,45,4.6
SUPER_18,22720000,150,8,9,167,68,82,19
SUPER_18,22730000,21,5,5,31,10,11,2.9
SUPER_18,22740000,72,5,2,79,38,34,5.428571
SUPER_18,22750000,110,5,6,121,59,51,5.6363635
SUPER_18,22760000,57,1,6,64,23,34,15.571428
SUPER_18,22770000,2,1,0,3,1,1,2
SUPER_18,22780000,2,0,1,3,2,0,1
SUPER_18,22790000,3,0,1,4,3,0,2
SUPER_18,22800000,62,5,8,75,32,30,7
SUPER_18,22810000,46,3,2,51,21,25,10.4
SUPER_18,22820000,94,2,4,100,47,47,10.666667
SUPER_18,22830000,120,11,8,139,62,58,5
SUPER_18,22840000,124,7,9,140,73,51,3.75
SUPER_18,22850000,141,15,13,169,71,70,12.142858
SUPER_18,22860000,134,8,5,147,65,69,4.6153846
SUPER_18,22870000,108,7,10,125,50,58,10.117647
SUPER_18,22880000,147,8,10,165,81,66,4.9444447
SUPER_18,22890000,205,15,12,232,95,110,5.111111
SUPER_18,22900000,105,9,7,121,39,66,8
SUPER_18,22910000,78,5,4,87,38,40,5.5555553
SUPER_18,22920000,135,11,11,157,69,66,17.90909
SUPER_18,22930000,43,1,3,47,17,26,1.25
SUPER_18,22940000,45,8,5,58,30,15,2.9230769
SUPER_18,22950000,16,2,1,19,12,4,2.6666667
SUPER_18,22960000,79,10,9,98,38,41,19.578947
SUPER_18,22970000,133,7,8,148,76,57,3.2666667
SUPER_18,22980000,123,7,12,142,69,54,8
SUPER_18,22990000,153,5,14,172,78,75,17.052631
SUPER_18,23000000,126,6,9,141,67,59,22.4
SUPER_18,23010000,151,13,18,182,83,68,7.806452
SUPER_18,23020000,203,11,14,228,112,91,6.88
SUPER_18,23030000,111,8,8,127,61,50,3.75
SUPER_18,23040000,1,0,0,1,1,0,NaN
SUPER_18,23050000,3,1,1,5,2,1,2.5
SUPER_18,23060000,0,0,0,0,0,0,0
SUPER_18,23070000,0,0,0,0,0,0,0
SUPER_18,23080000,4,1,0,5,3,1,4
SUPER_18,23090000,46,3,5,54,28,18,23.25
SUPER_18,23100000,3,1,0,4,0,3,1
SUPER_18,23110000,145,7,10,162,68,77,8.176471
SUPER_18,23120000,146,5,9,160,91,55,8.357142
SUPER_18,23130000,26,4,2,32,7,19,4.1666665
SUPER_18,23140000,112,7,10,129,56,56,6.2352943
SUPER_18,23150000,170,13,10,193,85,85,31.086956
SUPER_18,23160000,114,9,4,127,55,59,9.153846
SUPER_18,23170000,127,9,16,152,66,61,10.28
SUPER_18,23180000,112,5,4,121,58,54,2.3333333
SUPER_18,23190000,177,14,10,201,85,92,6.7083335
SUPER_18,23200000,72,4,3,79,45,27,6.142857
SUPER_18,23210000,56,4,5,65,33,23,4.2222223
SUPER_18,23220000,104,12,8,124,49,55,5.5
SUPER_18,23230000,141,6,11,158,73,68,4.882353
SUPER_18,23240000,176,10,9,195,86,90,6.3157897
SUPER_18,23250000,187,12,8,207,108,79,4.2
SUPER_18,23260000,146,9,7,162,76,70,35.1875
SUPER_18,23270000,73,4,10,87,36,37,4.5
SUPER_18,23280000,128,7,6,141,57,71,3.6923077
SUPER_18,23290000,49,4,1,54,28,21,10.4
SUPER_18,23300000,48,1,3,52,23,25,14.5
SUPER_18,23310000,166,14,12,192,89,77,8.846154
SUPER_18,23320000,136,11,13,160,55,81,5.5
SUPER_18,23330000,127,11,7,145,77,50,15.777778
SUPER_18,23340000,101,2,4,107,50,51,4.3333335
SUPER_18,23350000,151,7,10,168,75,76,4.2352943
SUPER_18,23360000,131,7,12,150,68,63,11.842105
SUPER_18,23370000,97,10,9,116,55,42,3.0526316
SUPER_18,23380000,52,4,1,57,24,28,6.6
SUPER_18,23390000,150,11,10,171,81,69,12.857142
SUPER_18,23400000,64,3,8,75,32,32,6.4545455
SUPER_18,23410000,80,7,8,95,33,47,3.4
SUPER_18,23420000,105,7,7,119,57,48,3.5
SUPER_18,23430000,1,1,0,2,0,1,13
SUPER_18,23440000,86,9,7,102,45,41,4.5
SUPER_18,23450000,16,2,1,19,7,9,2
SUPER_18,23460000,1,0,0,1,1,0,NaN
SUPER_18,23470000,38,3,4,45,14,24,8.142858
SUPER_18,23480000,148,7,9,164,73,75,3.25
SUPER_18,23490000,56,5,5,66,27,29,6.7
SUPER_18,23500000,1,0,0,1,1,0,NaN
SUPER_18,23510000,1,0,3,4,1,0,12
SUPER_18,23520000,147,13,6,166,81,66,8.578947
SUPER_18,23530000,35,4,2,41,18,17,4
SUPER_18,23540000,122,11,9,142,65,57,9.9
SUPER_18,23550000,150,12,9,171,86,64,7.714286
SUPER_18,23560000,222,9,11,242,115,107,13.65
SUPER_18,23570000,131,9,7,147,64,67,5.125
SUPER_18,23580000,145,12,12,169,80,65,3.0833333
SUPER_18,23590000,124,5,8,137,57,67,5.923077
SUPER_18,23600000,65,3,3,71,41,24,4
SUPER_18,23610000,159,10,10,179,82,77,5.6
SUPER_18,23620000,174,4,11,189,99,75,12.933333
SUPER_18,23630000,142,10,8,160,88,54,6.888889
SUPER_18,23640000,83,5,10,98,44,39,3.6666667
SUPER_18,23650000,120,8,10,138,62,58,27.11111
SUPER_18,23660000,68,3,2,73,34,34,7
SUPER_18,23670000,129,11,16,156,71,58,5.851852
SUPER_18,23680000,65,4,6,75,32,33,21.6
SUPER_18,23690000,59,8,8,75,33,26,24.125
SUPER_18,23700000,158,8,13,179,87,71,5.3333335
SUPER_18,23710000,80,8,9,97,47,33,6.470588
SUPER_18,23720000,125,6,10,141,72,53,4.5625
SUPER_18,23730000,1,0,0,1,0,1,NaN
SUPER_18,23740000,3,0,0,3,3,0,NaN
SUPER_18,23750000,2,0,0,2,1,1,NaN
SUPER_18,23760000,116,6,11,133,54,62,9.882353
SUPER_18,23770000,83,6,10,99,40,43,2.8125
SUPER_18,23780000,125,7,13,145,57,68,33.5
SUPER_18,23790000,75,4,3,82,41,34,3.7142856
SUPER_18,23800000,89,9,14,112,41,48,29.652174
SUPER_18,23810000,103,13,11,127,50,53,14.916667
SUPER_18,23820000,100,10,8,118,49,51,4.5555553
SUPER_18,23830000,121,9,6,136,70,51,11.2
SUPER_18,23840000,139,4,12,155,79,60,3.5
SUPER_18,23850000,114,11,6,131,58,56,8.588235
SUPER_18,23860000,27,0,5,32,18,9,5
SUPER_18,23870000,2,0,0,2,1,1,NaN
SUPER_18,23880000,107,12,3,122,62,45,4.6
SUPER_18,23890000,130,5,7,142,70,60,2.25
SUPER_18,23900000,96,8,10,114,46,50,21.777779
SUPER_18,23910000,51,5,2,58,21,30,7.428571
SUPER_18,23920000,26,1,2,29,14,12,9
SUPER_18,23930000,134,13,14,161,63,71,4.296296
SUPER_18,23940000,84,10,8,102,44,40,6.5
SUPER_18,23950000,104,9,7,120,58,46,28.125
SUPER_18,23960000,169,14,8,191,85,84,16.772728
SUPER_18,23970000,77,8,2,87,33,44,6.6
SUPER_18,23980000,132,6,11,149,62,70,13.3529415
SUPER_18,23990000,205,14,25,244,102,103,4.769231
SUPER_18,24000000,77,7,5,89,36,41,2.3333333
SUPER_18,24010000,87,5,5,97,54,33,37.9
SUPER_18,24020000,140,10,14,164,64,76,3.3333333
SUPER_18,24030000,96,8,7,111,46,50,4.6666665
SUPER_18,24040000,161,13,9,183,75,86,6.5454545
SUPER_18,24050000,108,7,15,130,63,45,28.227272
SUPER_18,24060000,118,7,11,136,54,64,8.777778
SUPER_18,24070000,46,4,4,54,25,21,3.75
SUPER_18,24080000,110,9,12,131,67,43,12.904762
SUPER_18,24090000,51,3,1,55,34,17,5.25
SUPER_18,24100000,79,9,6,94,32,47,9.066667
SUPER_18,24110000,160,9,10,179,68,92,5.3157897
SUPER_18,24120000,93,8,9,110,43,50,3.764706
SUPER_18,24130000,67,3,6,76,31,36,27.222221
SUPER_18,24140000,63,9,7,79,30,33,9.5
SUPER_18,24150000,60,6,5,71,24,36,2.090909
SUPER_18,24160000,63,3,9,75,34,29,4.1666665
SUPER_18,24170000,96,8,9,113,52,44,9.823529
SUPER_18,24180000,101,8,11,120,46,55,5.4210525
SUPER_18,24190000,189,12,7,208,93,96,3.2105262
SUPER_18,24200000,105,8,11,124,52,53,7.631579
SUPER_18,24210000,48,4,5,57,21,27,2.8888888
SUPER_18,24220000,73,4,9,86,40,33,55.307693
SUPER_18,24230000,2,0,0,2,0,2,NaN
SUPER_18,24240000,1,0,0,1,0,1,NaN
SUPER_18,24250000,3,0,0,3,2,1,NaN
SUPER_18,24260000,1,0,0,1,0,1,NaN
SUPER_18,24270000,2,2,1,5,0,2,4.6666665
SUPER_18,24280000,2,0,0,2,0,2,NaN
SUPER_18,24290000,3,0,0,3,2,1,NaN
SUPER_18,24300000,7,1,1,9,5,2,1.5
SUPER_18,24310000,3,1,2,6,2,1,5
SUPER_18,24320000,3,0,0,3,2,1,NaN
SUPER_18,24330000,0,0,0,0,0,0,0
SUPER_18,24340000,0,0,0,0,0,0,0
SUPER_18,24350000,3,0,4,7,1,2,4
SUPER_18,24360000,1,0,1,2,0,1,1
SUPER_18,24370000,3,0,1,4,0,3,1
SUPER_18,24380000,0,0,1,1,0,0,1
SUPER_18,24390000,67,5,2,74,36,31,27.857143
SUPER_18,24400000,64,4,5,73,28,36,21.444445
SUPER_18,24410000,0,0,0,0,0,0,0
SUPER_18,24420000,0,0,0,0,0,0,0
SUPER_18,24430000,3,0,2,5,1,2,13
SUPER_18,24440000,1,0,0,1,0,1,NaN
SUPER_18,24450000,73,4,10,87,40,33,9.285714
SUPER_18,24460000,160,15,10,185,92,68,4.92
SUPER_18,24470000,0,0,0,0,0,0,0
SUPER_18,24480000,0,0,0,0,0,0,0
SUPER_18,24490000,156,8,9,173,80,76,18.17647
SUPER_18,24500000,85,3,3,91,48,37,3.8333333
SUPER_18,24510000,83,7,4,94,49,34,3.909091
SUPER_18,24520000,107,9,3,119,58,49,6.3333335
SUPER_18,24530000,107,7,9,123,63,44,13.8125
SUPER_18,24540000,72,6,4,82,36,36,4.1
SUPER_18,24550000,13,0,2,15,5,8,7
SUPER_18,24560000,81,4,8,93,35,46,5.8333335
SUPER_18,24570000,61,5,7,73,28,33,8.25
SUPER_18,24580000,80,9,9,98,41,39,6
SUPER_18,24590000,6,0,0,6,3,3,NaN
SUPER_18,24600000,3,0,1,4,2,1,1
SUPER_18,24610000,3,1,1,5,1,2,9
SUPER_18,24620000,7,1,0,8,2,5,1
SUPER_18,24630000,4,0,0,4,3,1,NaN
SUPER_18,24640000,1,0,1,2,1,0,2
SUPER_18,24650000,1,0,0,1,0,1,NaN
SUPER_18,24660000,59,6,7,72,28,31,3.0769231
SUPER_18,24670000,1,0,0,1,0,1,NaN
SUPER_18,24680000,1,1,0,2,1,0,2
SUPER_18,24690000,1,1,0,2,0,1,4
SUPER_18,24700000,91,7,10,108,46,45,36.882355
SUPER_18,24710000,72,7,7,86,32,40,4.071429
SUPER_18,24720000,124,6,5,135,67,57,3.5454545
SUPER_18,24730000,178,15,17,210,91,87,16.59375
SUPER_18,24740000,178,14,9,201,99,79,7.7826085
SUPER_18,24750000,115,9,11,135,62,53,8.3
SUPER_18,24760000,94,5,7,106,42,52,4
SUPER_18,24770000,39,2,2,43,24,15,4
SUPER_18,24780000,51,9,9,69,19,32,4.7222223
SUPER_18,24790000,111,14,10,135,52,59,6.3333335
SUPER_18,24800000,214,11,12,237,118,96,8.956522
SUPER_18,24810000,48,3,2,53,28,20,18.2
SUPER_18,24820000,220,18,17,255,105,115,5.1714287
SUPER_18,24830000,59,4,6,69,33,26,9.1
SUPER_18,24840000,32,2,3,37,20,12,6
SUPER_18,24850000,92,6,8,106,44,48,4
SUPER_18,24860000,104,10,10,124,53,51,5.1
SUPER_18,24870000,5,0,2,7,2,3,4.5
SUPER_18,24880000,0,0,0,0,0,0,0
SUPER_18,24890000,0,0,0,0,0,0,0
SUPER_18,24900000,265,18,16,299,141,124,6
SUPER_18,24910000,112,11,10,133,61,51,9.142858
SUPER_18,24920000,112,6,11,129,60,52,7.2941175
SUPER_18,24930000,80,9,4,93,49,31,13
SUPER_18,24940000,154,16,6,176,77,77,8.636364
SUPER_18,24950000,116,8,13,137,63,53,7.8095236
SUPER_18,24960000,88,2,4,94,48,40,10.666667
SUPER_18,24970000,165,9,10,184,87,78,11.736842
SUPER_18,24980000,172,11,11,194,82,90,10
SUPER_18,24990000,21,1,1,23,10,11,7
SUPER_18,25000000,0,0,0,0,0,0,0
SUPER_18,25010000,0,0,0,0,0,0,0
SUPER_18,25020000,7,1,0,8,4,3,1
SUPER_18,25030000,1,0,0,1,0,1,NaN
SUPER_18,25040000,3,1,0,4,0,3,8
SUPER_18,25050000,3,1,0,4,1,2,1
SUPER_18,25060000,1,0,0,1,0,1,NaN
SUPER_18,25070000,5,0,1,6,2,3,1
SUPER_18,25080000,9,2,1,12,4,5,16.333334
SUPER_18,25090000,37,2,3,42,14,23,4.4
SUPER_18,25100000,99,6,5,110,51,48,4.818182
SUPER_18,25110000,132,4,10,146,71,61,5.785714
SUPER_18,25120000,61,3,4,68,35,26,2.7142856
SUPER_18,25130000,13,1,2,16,6,7,1
SUPER_18,25140000,7,0,0,7,3,4,NaN
SUPER_18,25150000,17,0,0,17,12,5,NaN
SUPER_18,25160000,101,7,8,116,53,48,2.7333333
SUPER_18,25170000,70,7,3,80,27,43,5.8
SUPER_18,25180000,65,7,7,79,38,27,18.357143
SUPER_18,25190000,53,3,5,61,23,30,1.625
SUPER_18,25200000,78,2,7,87,47,31,68
SUPER_18,25210000,40,7,2,49,23,17,11.777778
SUPER_18,25220000,172,10,16,198,88,84,19.5
SUPER_18,25230000,112,10,8,130,57,55,6.888889
SUPER_18,25240000,63,7,8,78,27,36,4.6666665
SUPER_18,25250000,74,2,4,80,31,43,3.6666667
SUPER_18,25260000,153,20,10,183,64,89,17.533333
SUPER_18,25270000,124,8,8,140,58,66,40.6875
SUPER_18,25280000,126,7,11,144,43,83,7.4444447
SUPER_18,25290000,16,4,4,24,6,10,2.5
SUPER_18,25300000,1,1,0,2,1,0,2
SUPER_18,25310000,9,0,0,9,7,2,NaN
SUPER_18,25320000,2,0,0,2,0,2,NaN
SUPER_18,25330000,0,0,0,0,0,0,0
SUPER_18,25340000,0,0,0,0,0,0,0
SUPER_18,25350000,0,0,0,0,0,0,0
SUPER_18,25360000,0,0,0,0,0,0,0
SUPER_18,25370000,4,1,1,6,1,3,44.5
SUPER_18,25380000,3,0,1,4,1,2,4
SUPER_18,25390000,1,0,0,1,0,1,NaN
SUPER_18,25400000,39,2,0,41,17,22,9
SUPER_18,25410000,45,6,6,57,18,27,4.4166665
SUPER_18,25420000,1,0,1,2,1,0,2
SUPER_18,25430000,118,8,10,136,56,62,5.6666665
SUPER_18,25440000,11,0,0,11,4,7,NaN
SUPER_18,25450000,15,1,2,18,7,8,4.3333335
SUPER_18,25460000,136,9,13,158,74,62,11.909091
SUPER_18,25470000,109,10,6,125,63,46,6.75
SUPER_18,25480000,74,6,6,86,37,37,2.5
SUPER_18,25490000,85,11,5,101,44,41,3.4375
SUPER_18,25500000,51,8,4,63,24,27,11.916667
SUPER_18,25510000,32,6,3,41,18,14,5
SUPER_18,25520000,0,0,0,0,0,0,0
SUPER_18,25530000,0,0,0,0,0,0,0
SUPER_18,25540000,0,0,0,0,0,0,0
SUPER_18,25550000,0,0,0,0,0,0,0
SUPER_18,25560000,56,9,5,70,32,24,30.642857
SUPER_18,25570000,111,7,8,126,53,58,5.9333334
SUPER_18,25580000,200,13,13,226,100,100,4.576923
SUPER_18,25590000,90,8,11,109,44,46,11.736842
SUPER_18,25600000,50,4,1,55,22,28,11.4
SUPER_18,25610000,77,8,7,92,43,34,35.933334
SUPER_18,25620000,2,0,0,2,2,0,NaN
SUPER_18,25630000,119,13,11,143,57,62,6.9583335
SUPER_18,25640000,71,3,5,79,38,33,8.25
SUPER_18,25650000,56,1,7,64,22,34,2.625
SUPER_18,25660000,46,6,2,54,20,26,3.375
SUPER_18,25670000,1,1,0,2,0,1,1
SUPER_18,25680000,1,0,0,1,1,0,NaN
SUPER_18,25690000,5,1,0,6,1,4,3
SUPER_18,25700000,0,0,0,0,0,0,0
SUPER_18,25710000,0,0,0,0,0,0,0
SUPER_18,25720000,8,2,2,12,6,2,8
SUPER_18,25730000,177,10,15,202,86,91,5.12
SUPER_18,25740000,157,19,8,184,69,88,9.703704
SUPER_18,25750000,106,3,4,113,49,57,7.428571
SUPER_18,25760000,162,11,12,185,83,79,12.913043
SUPER_18,25770000,48,3,4,55,20,28,5.857143
SUPER_18,25780000,87,9,1,97,49,38,4.6
SUPER_18,25790000,124,8,6,138,63,61,4
SUPER_18,25800000,121,8,9,138,63,58,6.117647
SUPER_18,25810000,5,0,0,5,4,1,NaN
SUPER_18,25820000,24,3,4,31,16,8,3.4285715
SUPER_18,25830000,110,13,8,131,63,47,3.2857144
SUPER_18,25840000,0,0,0,0,0,0,0
SUPER_18,25850000,0,0,0,0,0,0,0
SUPER_18,25860000,0,0,0,0,0,0,0
SUPER_18,25870000,5,0,2,7,3,2,1.5
SUPER_18,25880000,3,0,0,3,1,2,NaN
SUPER_18,25890000,3,1,0,4,2,1,1
SUPER_18,25900000,104,12,17,133,53,51,3.7586207
SUPER_18,25910000,75,6,7,88,43,32,7.230769
SUPER_18,25920000,5,0,0,5,2,3,NaN
SUPER_18,25930000,52,7,1,60,26,26,7.5
SUPER_18,25940000,101,8,11,120,59,42,4.5789475
SUPER_18,25950000,26,3,1,30,18,8,16.5
SUPER_18,25960000,124,13,5,142,59,65,3.1111112
SUPER_18,25970000,0,0,0,0,0,0,0
SUPER_18,25980000,0,0,0,0,0,0,0
SUPER_18,25990000,198,12,13,223,113,85,7.08
SUPER_18,26000000,0,0,1,1,0,0,154
SUPER_18,26010000,0,0,0,0,0,0,0
SUPER_18,26020000,0,0,0,0,0,0,0
SUPER_18,26030000,0,0,0,0,0,0,0
SUPER_18,26040000,0,0,0,0,0,0,0
SUPER_18,26050000,2,1,2,5,0,2,2
SUPER_18,26060000,1,2,2,5,1,0,2.25
SUPER_18,26070000,0,0,0,0,0,0,0
SUPER_18,26080000,0,0,0,0,0,0,0
SUPER_18,26090000,4,1,1,6,4,0,17
SUPER_18,26100000,1,2,0,3,0,1,2.5
SUPER_18,26110000,0,0,0,0,0,0,0
SUPER_18,26120000,0,0,0,0,0,0,0
SUPER_18,26130000,2,0,2,4,1,1,4
SUPER_18,26140000,2,0,0,2,0,2,NaN
SUPER_18,26150000,19,0,0,19,8,11,NaN
SUPER_18,26160000,128,6,9,143,64,64,23
SUPER_18,26170000,129,4,8,141,66,63,58.666668
SUPER_18,26180000,172,7,15,194,85,87,3.5
SUPER_18,26190000,123,8,9,140,59,64,3.3529413
SUPER_18,26200000,1,0,1,2,1,0,1
SUPER_18,26210000,1,1,0,2,0,1,2
SUPER_18,26220000,4,1,1,6,1,3,13
SUPER_18,26230000,0,0,0,0,0,0,0
SUPER_18,26240000,0,0,0,0,0,0,0
SUPER_18,26250000,0,0,0,0,0,0,0
SUPER_18,26260000,4,1,2,7,3,1,16.333334
SUPER_18,26270000,1,0,0,1,1,0,NaN
SUPER_18,26280000,2,0,0,2,1,1,NaN
SUPER_18,26290000,2,0,0,2,0,2,NaN
SUPER_18,26300000,2,0,0,2,0,2,NaN
SUPER_18,26310000,44,5,4,53,19,25,4.5555553
SUPER_18,26320000,146,9,14,169,76,70,6.7391305
SUPER_18,26330000,77,6,6,89,44,33,30.583334
SUPER_18,26340000,141,8,11,160,70,71,7.4736843
SUPER_18,26350000,110,4,8,122,50,60,15.5
SUPER_18,26360000,103,4,8,115,44,59,2.5
SUPER_18,26370000,190,15,21,226,95,95,11.666667
SUPER_18,26380000,128,8,8,144,72,56,11.125
SUPER_18,26390000,95,12,13,120,42,53,13.24
SUPER_18,26400000,55,1,2,58,24,31,3
SUPER_18,26410000,57,5,6,68,25,32,12.636364
SUPER_18,26420000,58,5,7,70,31,27,14.583333
SUPER_18,26430000,124,8,11,143,61,63,3.4210527
SUPER_18,26440000,112,14,4,130,65,47,5.4444447
SUPER_18,26450000,85,6,11,102,34,51,4.2352943
SUPER_18,26460000,106,3,6,115,52,54,5.111111
SUPER_18,26470000,55,5,10,70,31,24,5.9333334
SUPER_18,26480000,25,2,2,29,14,11,30.25
SUPER_18,26490000,72,7,5,84,36,36,8.916667
SUPER_18,26500000,57,2,0,59,30,27,8.5
SUPER_18,26510000,79,4,6,89,43,36,6.9
SUPER_18,26520000,52,2,9,63,32,20,12.545455
SUPER_18,26530000,37,3,5,45,16,21,4.875
SUPER_18,26540000,124,10,10,144,51,73,16.4
SUPER_18,26550000,91,8,2,101,45,46,17.4
SUPER_18,26560000,48,5,8,61,21,27,2.8461537
SUPER_18,26570000,52,4,5,61,21,31,7.111111
SUPER_18,26580000,0,1,1,2,0,0,1
SUPER_18,26590000,2,0,1,3,1,1,1
SUPER_18,26600000,2,0,0,2,1,1,NaN
SUPER_18,26610000,3,0,0,3,1,2,NaN
SUPER_18,26620000,0,0,0,0,0,0,0
SUPER_18,26630000,0,0,0,0,0,0,0
SUPER_18,26640000,3,0,1,4,2,1,7
SUPER_18,26650000,3,0,0,3,1,2,NaN
SUPER_18,26660000,3,0,1,4,3,0,1
SUPER_18,26670000,1,0,1,2,0,1,24
SUPER_18,26680000,3,0,0,3,1,2,NaN
SUPER_18,26690000,0,0,0,0,0,0,0
SUPER_18,26700000,0,0,0,0,0,0,0
SUPER_18,26710000,5,0,0,5,1,4,NaN
SUPER_18,26720000,1,1,0,2,1,0,1
SUPER_18,26730000,1,0,0,1,1,0,NaN
SUPER_18,26740000,1,1,0,2,1,0,39
SUPER_18,26750000,3,0,0,3,3,0,NaN
SUPER_18,26760000,1,0,0,1,0,1,NaN
SUPER_18,26770000,0,0,0,0,0,0,0
SUPER_18,26780000,0,0,0,0,0,0,0
SUPER_18,26790000,0,0,0,0,0,0,0
SUPER_18,26800000,0,0,0,0,0,0,0
SUPER_18,26810000,0,0,0,0,0,0,0
SUPER_18,26820000,0,0,0,0,0,0,0
SUPER_18,26830000,17,7,5,29,9,8,2.25
SUPER_18,26840000,3,0,0,3,1,2,NaN
SUPER_18,26850000,5,0,0,5,2,3,NaN
SUPER_18,26860000,1,0,0,1,1,0,NaN
SUPER_18,26870000,4,0,0,4,2,2,NaN
SUPER_18,26880000,2,0,0,2,1,1,NaN
SUPER_18,26890000,4,0,1,5,3,1,14
SUPER_18,26900000,3,0,0,3,3,0,NaN
SUPER_18,26910000,1,0,0,1,1,0,NaN
SUPER_18,26920000,1,0,0,1,1,0,NaN
SUPER_18,26930000,3,0,0,3,1,2,NaN
SUPER_18,26940000,0,0,0,0,0,0,0
SUPER_18,26950000,0,0,0,0,0,0,0
SUPER_18,26960000,5,1,2,8,3,2,12
SUPER_18,26970000,0,0,0,0,0,0,0
SUPER_18,26980000,0,0,0,0,0,0,0
SUPER_18,26990000,4,0,1,5,0,4,2
SUPER_18,27000000,4,2,0,6,2,2,1.5
SUPER_18,27010000,2,1,0,3,1,1,4
SUPER_18,27020000,2,0,0,2,2,0,NaN
SUPER_18,27030000,31,3,1,35,18,13,3
SUPER_18,27040000,30,0,2,32,18,12,5
SUPER_18,27050000,0,1,0,1,0,0,2
SUPER_18,27060000,3,1,0,4,2,1,9
SUPER_18,27070000,7,1,1,9,5,2,6
SUPER_18,27080000,37,0,1,38,20,17,1
SUPER_18,27090000,42,0,0,42,24,18,NaN
SUPER_18,27100000,40,2,1,43,23,17,5.6666665
SUPER_18,27110000,31,1,0,32,17,14,2
SUPER_18,27120000,6,1,0,7,2,4,2
SUPER_18,27130000,0,0,0,0,0,0,0
SUPER_18,27140000,0,0,0,0,0,0,0
SUPER_18,27150000,52,6,4,62,28,24,1.8
SUPER_18,27160000,16,0,1,17,14,2,1
SUPER_18,27170000,0,0,0,0,0,0,0
SUPER_18,27180000,0,0,0,0,0,0,0
SUPER_18,27190000,0,0,0,0,0,0,0
SUPER_18,27200000,0,0,0,0,0,0,0
SUPER_18,27210000,0,0,0,0,0,0,0
SUPER_18,27220000,0,0,0,0,0,0,0
SUPER_18,27230000,87,5,5,97,64,23,5.9
SUPER_19,10000,37,1,3,41,30,7,6.25
SUPER_19,20000,25,4,2,31,15,10,7.8333335
SUPER_19,30000,16,3,2,21,13,3,13.2
SUPER_19,40000,15,3,3,21,10,5,25
SUPER_19,50000,3,1,0,4,2,1,1
SUPER_19,60000,4,0,0,4,1,3,NaN
SUPER_19,70000,6,2,1,9,4,2,5.3333335
SUPER_19,80000,7,2,1,10,4,3,1.3333334
SUPER_19,90000,8,2,2,12,2,6,5.75
SUPER_19,100000,11,1,1,13,6,5,7.5
SUPER_19,110000,5,0,0,5,1,4,NaN
SUPER_19,120000,4,4,1,9,3,1,1.6
SUPER_19,130000,11,3,1,15,9,2,8.25
SUPER_19,140000,10,3,0,13,5,5,6
SUPER_19,150000,14,2,1,17,9,5,100.666664
SUPER_19,160000,4,0,1,5,2,2,1
SUPER_19,170000,8,2,0,10,4,4,2
SUPER_19,180000,23,2,1,26,13,10,19.666666
SUPER_19,190000,17,2,0,19,10,7,3
SUPER_19,200000,12,1,1,14,5,7,3.5
SUPER_19,210000,6,3,0,9,3,3,4.3333335
SUPER_19,220000,9,1,1,11,3,6,3.5
SUPER_19,230000,12,4,1,17,8,4,16
SUPER_19,240000,6,0,1,7,2,4,17
SUPER_19,250000,6,0,0,6,3,3,NaN
SUPER_19,260000,13,1,1,15,4,9,15.5
SUPER_19,270000,2,1,0,3,1,1,2
SUPER_19,280000,8,1,0,9,4,4,9
SUPER_19,290000,6,0,1,7,2,4,1
SUPER_19,300000,8,2,2,12,4,4,1
SUPER_19,310000,2,1,1,4,0,2,2
SUPER_19,320000,29,1,2,32,11,18,2
SUPER_19,330000,11,1,1,13,5,6,5.5
SUPER_19,340000,31,7,3,41,17,14,7.6
SUPER_19,350000,33,9,1,43,19,14,9.2
SUPER_19,360000,10,4,2,16,4,6,10
SUPER_19,370000,57,8,3,68,24,33,2.1818182
SUPER_19,380000,34,7,2,43,14,20,3.6666667
SUPER_19,390000,94,9,6,109,53,41,53.066666
SUPER_19,400000,64,5,5,74,30,34,4.9
SUPER_19,410000,131,8,10,149,67,64,22.833334
SUPER_19,420000,55,7,9,71,29,26,10.1875
SUPER_19,430000,28,1,0,29,22,6,33
SUPER_19,440000,70,7,4,81,37,33,12.545455
SUPER_19,450000,94,5,6,105,49,45,12.090909
SUPER_19,460000,0,0,0,0,0,0,0
SUPER_19,470000,0,0,0,0,0,0,0
SUPER_19,480000,88,3,7,98,43,45,21.5
SUPER_19,490000,0,0,0,0,0,0,0
SUPER_19,500000,0,0,0,0,0,0,0
SUPER_19,510000,101,4,7,112,49,52,4.5454545
SUPER_19,520000,131,16,13,160,60,71,8.862069
SUPER_19,530000,123,10,8,141,56,67,3.7222223
SUPER_19,540000,30,0,9,39,12,18,27.444445
SUPER_19,550000,6,0,1,7,2,4,1
SUPER_19,560000,9,2,0,11,4,5,6.5
SUPER_19,570000,22,3,3,28,10,12,6
SUPER_19,580000,52,3,3,58,27,25,3.1666667
SUPER_19,590000,33,1,3,37,16,17,1.75
SUPER_19,600000,55,3,1,59,26,29,1.25
SUPER_19,610000,28,7,1,36,12,16,4.125
SUPER_19,620000,66,5,2,73,29,37,3.7142856
SUPER_19,630000,4,0,2,6,1,3,1.5
SUPER_19,640000,2,0,0,2,1,1,NaN
SUPER_19,650000,3,0,0,3,1,2,NaN
SUPER_19,660000,0,0,0,0,0,0,0
SUPER_19,670000,0,0,0,0,0,0,0
SUPER_19,680000,5,2,0,7,2,3,1.5
SUPER_19,690000,4,0,2,6,2,2,107.5
SUPER_19,700000,43,1,2,46,25,18,2.6666667
SUPER_19,710000,23,2,1,26,11,12,1.3333334
SUPER_19,720000,22,1,3,26,13,9,61.5
SUPER_19,730000,69,10,9,88,32,37,6.2105265
SUPER_19,740000,60,4,3,67,37,23,2.4285715
SUPER_19,750000,29,2,2,33,17,12,3
SUPER_19,760000,14,1,0,15,7,7,6
SUPER_19,770000,3,1,0,4,2,1,4
SUPER_19,780000,3,2,1,6,3,0,37
SUPER_19,790000,1,0,1,2,1,0,1
SUPER_19,800000,6,1,0,7,2,4,2
SUPER_19,810000,2,0,0,2,1,1,NaN
SUPER_19,820000,0,0,1,1,0,0,4
SUPER_19,830000,3,1,1,5,3,0,5.5
SUPER_19,840000,4,1,2,7,3,1,1.3333334
SUPER_19,850000,1,0,0,1,0,1,NaN
SUPER_19,860000,3,0,0,3,3,0,NaN
SUPER_19,870000,2,1,1,4,1,1,1
SUPER_19,880000,75,3,4,82,42,33,31.142857
SUPER_19,890000,50,5,5,60,26,24,5.6
SUPER_19,900000,4,1,0,5,3,1,3
SUPER_19,910000,4,0,0,4,1,3,NaN
SUPER_19,920000,3,0,0,3,1,2,NaN
SUPER_19,930000,1,0,0,1,0,1,NaN
SUPER_19,940000,4,0,0,4,3,1,NaN
SUPER_19,950000,3,0,0,3,2,1,NaN
SUPER_19,960000,3,1,1,5,1,2,1.5
SUPER_19,970000,25,1,2,28,11,14,15.333333
SUPER_19,980000,83,7,6,96,35,48,3.8461537
SUPER_19,990000,46,4,11,61,19,27,4.4666667
SUPER_19,1000000,46,5,3,54,27,19,12.25
SUPER_19,1010000,10,0,0,10,4,6,NaN
SUPER_19,1020000,9,0,0,9,3,6,NaN
SUPER_19,1030000,7,1,1,9,5,2,5.5
SUPER_19,1040000,29,2,0,31,16,13,1.5
SUPER_19,1050000,24,3,1,28,10,14,3
SUPER_19,1060000,42,5,4,51,12,30,4.7777777
SUPER_19,1070000,50,1,2,53,29,21,6
SUPER_19,1080000,0,0,1,1,0,0,2
SUPER_19,1090000,54,4,2,60,31,23,45.5
SUPER_19,1100000,15,4,1,20,5,10,3.2
SUPER_19,1110000,97,6,4,107,41,56,2.5
SUPER_19,1120000,0,0,0,0,0,0,0
SUPER_19,1130000,0,0,0,0,0,0,0
SUPER_19,1140000,95,8,2,105,50,45,9.5
SUPER_19,1150000,0,0,0,0,0,0,0
SUPER_19,1160000,0,0,0,0,0,0,0
SUPER_19,1170000,0,0,0,0,0,0,0
SUPER_19,1180000,0,0,0,0,0,0,0
SUPER_19,1190000,0,0,0,0,0,0,0
SUPER_19,1200000,0,0,0,0,0,0,0
SUPER_19,1210000,0,0,0,0,0,0,0
SUPER_19,1220000,0,0,0,0,0,0,0
SUPER_19,1230000,0,0,0,0,0,0,0
SUPER_19,1240000,0,0,0,0,0,0,0
SUPER_19,1250000,0,0,0,0,0,0,0
SUPER_19,1260000,0,0,0,0,0,0,0
SUPER_19,1270000,0,0,0,0,0,0,0
SUPER_19,1280000,0,0,0,0,0,0,0
SUPER_19,1290000,64,5,2,71,29,35,3
SUPER_19,1300000,0,0,0,0,0,0,0
SUPER_19,1310000,0,0,0,0,0,0,0
SUPER_19,1320000,0,0,0,0,0,0,0
SUPER_19,1330000,0,0,0,0,0,0,0
SUPER_19,1340000,0,0,0,0,0,0,0
SUPER_19,1350000,0,0,0,0,0,0,0
SUPER_19,1360000,30,1,0,31,18,12,1
SUPER_19,1370000,0,0,0,0,0,0,0
SUPER_19,1380000,0,0,0,0,0,0,0
SUPER_19,1390000,0,0,0,0,0,0,0
SUPER_19,1400000,0,0,0,0,0,0,0
SUPER_19,1410000,0,0,0,0,0,0,0
SUPER_19,1420000,0,0,0,0,0,0,0
SUPER_19,1430000,0,0,0,0,0,0,0
SUPER_19,1440000,0,0,0,0,0,0,0
SUPER_19,1450000,0,0,0,0,0,0,0
SUPER_19,1460000,0,0,0,0,0,0,0
SUPER_19,1470000,0,0,0,0,0,0,0
SUPER_19,1480000,0,0,0,0,0,0,0
SUPER_19,1490000,0,0,0,0,0,0,0
SUPER_19,1500000,0,0,0,0,0,0,0
SUPER_19,1510000,0,0,0,0,0,0,0
SUPER_19,1520000,0,0,0,0,0,0,0
SUPER_19,1530000,0,0,0,0,0,0,0
SUPER_19,1540000,0,0,0,0,0,0,0
SUPER_19,1550000,0,0,0,0,0,0,0
SUPER_19,1560000,0,0,0,0,0,0,0
SUPER_19,1570000,0,0,0,0,0,0,0
SUPER_19,1580000,0,0,0,0,0,0,0
SUPER_19,1590000,0,0,0,0,0,0,0
SUPER_19,1600000,0,0,0,0,0,0,0
SUPER_19,1610000,0,0,0,0,0,0,0
SUPER_19,1620000,44,4,9,57,22,22,5.076923
SUPER_19,1630000,81,4,11,96,48,33,15.8
SUPER_19,1640000,107,4,9,120,56,51,8.538462
SUPER_19,1650000,167,11,9,187,85,82,6.9
SUPER_19,1660000,176,9,10,195,90,86,9.894737
SUPER_19,1670000,174,7,4,185,88,86,13.363636
SUPER_19,1680000,60,5,4,69,37,23,51.11111
SUPER_19,1690000,48,4,2,54,32,16,11
SUPER_19,1700000,43,4,3,50,21,22,6.571429
SUPER_19,1710000,60,1,8,69,29,31,1.7777778
SUPER_19,1720000,137,9,11,157,76,61,5.05
SUPER_19,1730000,108,5,11,124,57,51,4.375
SUPER_19,1740000,4,2,0,6,2,2,2.5
SUPER_19,1750000,12,0,1,13,5,7,2
SUPER_19,1760000,30,1,0,31,17,13,2
SUPER_19,1770000,6,1,1,8,1,5,1.5
SUPER_19,1780000,3,0,0,3,2,1,NaN
SUPER_19,1790000,12,0,0,12,6,6,NaN
SUPER_19,1800000,172,9,15,196,89,83,4.0416665
SUPER_19,1810000,108,9,9,126,62,46,13.444445
SUPER_19,1820000,67,5,1,73,39,28,2.5
SUPER_19,1830000,17,2,1,20,6,11,1
SUPER_19,1840000,12,0,0,12,6,6,NaN
SUPER_19,1850000,35,5,7,47,20,15,8.833333
SUPER_19,1860000,49,5,6,60,20,29,6.6363635
SUPER_19,1870000,181,11,13,205,89,92,6.2916665
SUPER_19,1880000,87,4,11,102,50,37,6.4666667
SUPER_19,1890000,24,2,1,27,11,13,3
SUPER_19,1900000,41,4,5,50,25,16,17.777779
SUPER_19,1910000,63,6,4,73,30,33,3.2
SUPER_19,1920000,5,1,0,6,1,4,9
SUPER_19,1930000,10,0,1,11,5,5,19
SUPER_19,1940000,9,2,0,11,5,4,2
SUPER_19,1950000,52,1,3,56,28,24,2
SUPER_19,1960000,69,1,3,73,36,33,8.25
SUPER_19,1970000,80,7,1,88,45,35,8
SUPER_19,1980000,43,6,3,52,23,20,9.777778
SUPER_19,1990000,90,5,6,101,45,45,11.545455
SUPER_19,2000000,79,7,8,94,34,45,5.3333335
SUPER_19,2010000,263,15,15,293,144,119,8
SUPER_19,2020000,118,8,6,132,56,62,4.714286
SUPER_19,2030000,114,9,13,136,57,57,2.5
SUPER_19,2040000,52,2,4,58,26,26,4
SUPER_19,2050000,45,5,6,56,20,25,13
SUPER_19,2060000,6,1,0,7,4,2,1
SUPER_19,2070000,12,0,0,12,9,3,NaN
SUPER_19,2080000,92,4,12,108,52,40,8.875
SUPER_19,2090000,164,5,10,179,93,71,19.066668
SUPER_19,2100000,25,3,2,30,15,10,2
SUPER_19,2110000,21,1,2,24,12,9,3.3333333
SUPER_19,2120000,153,6,18,177,82,71,4.7916665
SUPER_19,2130000,58,6,4,68,33,25,6.9
SUPER_19,2140000,41,6,3,50,23,18,4.4444447
SUPER_19,2150000,20,1,0,21,8,12,8
SUPER_19,2160000,126,3,10,139,70,56,3.6923077
SUPER_19,2170000,186,10,4,200,106,80,6.071429
SUPER_19,2180000,80,8,9,97,36,44,4
SUPER_19,2190000,182,11,15,208,92,90,4.769231
SUPER_19,2200000,0,0,0,0,0,0,0
SUPER_19,2210000,0,0,0,0,0,0,0
SUPER_19,2220000,73,4,11,88,39,34,7.733333
SUPER_19,2230000,3,0,0,3,1,2,NaN
SUPER_19,2240000,2,0,0,2,0,2,NaN
SUPER_19,2250000,12,0,1,13,6,6,11
SUPER_19,2260000,6,1,0,7,1,5,1
SUPER_19,2270000,5,0,2,7,3,2,19
SUPER_19,2280000,2,1,1,4,1,1,1.5
SUPER_19,2290000,5,0,1,6,0,5,2
SUPER_19,2300000,162,12,17,191,73,89,6.2413793
SUPER_19,2310000,117,5,6,128,59,58,6.3636365
SUPER_19,2320000,98,7,7,112,50,48,30.5
SUPER_19,2330000,33,4,3,40,17,16,9.285714
SUPER_19,2340000,6,1,0,7,2,4,1
SUPER_19,2350000,6,1,2,9,3,3,4.3333335
SUPER_19,2360000,3,0,0,3,2,1,NaN
SUPER_19,2370000,1,1,0,2,0,1,1
SUPER_19,2380000,3,1,0,4,0,3,2
SUPER_19,2390000,3,0,0,3,0,3,NaN
SUPER_19,2400000,20,1,6,27,8,12,7.571429
SUPER_19,2410000,1,2,0,3,1,0,5
SUPER_19,2420000,56,6,4,66,33,23,26.4
SUPER_19,2430000,35,1,3,39,16,19,11
SUPER_19,2440000,40,3,5,48,17,23,2.875
SUPER_19,2450000,58,6,4,68,30,28,6.2
SUPER_19,2460000,15,4,0,19,8,7,6.75
SUPER_19,2470000,109,15,9,133,56,53,7.9583335
SUPER_19,2480000,151,17,5,173,63,88,4.5
SUPER_19,2490000,116,13,20,149,63,53,6
SUPER_19,2500000,3,0,0,3,2,1,NaN
SUPER_19,2510000,2,0,1,3,0,2,4
SUPER_19,2520000,1,0,0,1,1,0,NaN
SUPER_19,2530000,3,2,0,5,2,1,2.5
SUPER_19,2540000,45,3,8,56,26,19,10
SUPER_19,2550000,111,10,12,133,52,59,8.954545
SUPER_19,2560000,111,5,14,130,56,55,3.9473684
SUPER_19,2570000,140,13,15,168,65,75,13.392858
SUPER_19,2580000,11,2,2,15,7,4,3.5
SUPER_19,2590000,78,7,9,94,38,40,5.75
SUPER_19,2600000,160,12,5,177,104,56,10.3529415
SUPER_19,2610000,44,10,9,63,21,23,4.0526314
SUPER_19,2620000,127,9,8,144,63,64,3.7058823
SUPER_19,2630000,98,9,12,119,41,57,7.095238
SUPER_19,2640000,42,3,4,49,21,21,4.142857
SUPER_19,2650000,72,5,3,80,27,45,4.25
SUPER_19,2660000,4,1,1,6,2,2,2
SUPER_19,2670000,59,6,4,69,22,37,5
SUPER_19,2680000,4,0,1,5,3,1,26
SUPER_19,2690000,3,2,0,5,1,2,1
SUPER_19,2700000,1,0,1,2,1,0,1
SUPER_19,2710000,0,1,0,1,0,0,28
SUPER_19,2720000,2,1,1,4,2,0,1
SUPER_19,2730000,2,1,0,3,1,1,47
SUPER_19,2740000,0,0,0,0,0,0,0
SUPER_19,2750000,0,0,0,0,0,0,0
SUPER_19,2760000,0,0,0,0,0,0,0
SUPER_19,2770000,0,0,0,0,0,0,0
SUPER_19,2780000,6,2,0,8,2,4,3.5
SUPER_19,2790000,0,0,0,0,0,0,0
SUPER_19,2800000,0,0,0,0,0,0,0
SUPER_19,2810000,1,0,1,2,1,0,3
SUPER_19,2820000,1,1,0,2,1,0,1
SUPER_19,2830000,2,0,0,2,1,1,NaN
SUPER_19,2840000,0,0,0,0,0,0,0
SUPER_19,2850000,0,0,0,0,0,0,0
SUPER_19,2860000,2,1,0,3,0,2,1
SUPER_19,2870000,1,0,0,1,1,0,NaN
SUPER_19,2880000,30,4,3,37,16,14,2.5714285
SUPER_19,2890000,11,0,1,12,5,6,1
SUPER_19,2900000,4,0,1,5,2,2,1
SUPER_19,2910000,2,0,0,2,1,1,NaN
SUPER_19,2920000,3,1,0,4,2,1,1
SUPER_19,2930000,0,0,0,0,0,0,0
SUPER_19,2940000,0,0,0,0,0,0,0
SUPER_19,2950000,0,0,0,0,0,0,0
SUPER_19,2960000,3,0,2,5,1,2,7.5
SUPER_19,2970000,1,2,0,3,0,1,2
SUPER_19,2980000,2,1,0,3,2,0,1
SUPER_19,2990000,1,0,1,2,1,0,1
SUPER_19,3000000,84,4,7,95,46,38,12.909091
SUPER_19,3010000,57,6,4,67,28,29,11.3
SUPER_19,3020000,8,1,1,10,2,6,4
SUPER_19,3030000,8,2,2,12,2,6,7.5
SUPER_19,3040000,3,2,0,5,2,1,4
SUPER_19,3050000,17,1,2,20,7,10,12.666667
SUPER_19,3060000,78,4,8,90,33,45,4.6666665
SUPER_19,3070000,0,0,0,0,0,0,0
SUPER_19,3080000,0,0,0,0,0,0,0
SUPER_19,3090000,0,0,0,0,0,0,0
SUPER_19,3100000,0,0,0,0,0,0,0
SUPER_19,3110000,162,7,6,175,90,72,6.230769
SUPER_19,3120000,107,7,11,125,48,59,5.2777777
SUPER_19,3130000,64,9,5,78,23,41,2.7857144
SUPER_19,3140000,73,7,11,91,40,33,5.2222223
SUPER_19,3150000,15,2,1,18,9,6,3.6666667
SUPER_19,3160000,128,11,21,160,61,67,7.3125
SUPER_19,3170000,31,4,4,39,15,16,8.875
SUPER_19,3180000,74,11,6,91,29,45,2.5882354
SUPER_19,3190000,43,3,3,49,18,25,4
SUPER_19,3200000,0,0,0,0,0,0,0
SUPER_19,3210000,0,0,0,0,0,0,0
SUPER_19,3220000,127,12,18,157,63,64,3.8333333
SUPER_19,3230000,0,0,0,0,0,0,0
SUPER_19,3240000,0,0,0,0,0,0,0
SUPER_19,3250000,91,7,9,107,50,41,3.5
SUPER_19,3260000,39,2,2,43,22,17,9.75
SUPER_19,3270000,59,1,4,64,35,24,4.2
SUPER_19,3280000,77,7,8,92,38,39,7
SUPER_19,3290000,86,11,7,104,42,44,12.888889
SUPER_19,3300000,27,3,4,34,11,16,4.285714
SUPER_19,3310000,64,7,0,71,31,33,2.7142856
SUPER_19,3320000,114,6,7,127,66,48,8.538462
SUPER_19,3330000,82,5,7,94,47,35,4.4166665
SUPER_19,3340000,56,6,8,70,23,33,7.357143
SUPER_19,3350000,67,5,7,79,33,34,5.25
SUPER_19,3360000,43,5,8,56,13,30,5.3846154
SUPER_19,3370000,87,10,11,108,41,46,12.428572
SUPER_19,3380000,0,0,0,0,0,0,0
SUPER_19,3390000,0,0,0,0,0,0,0
SUPER_19,3400000,109,13,6,128,59,50,3.631579
SUPER_19,3410000,60,4,5,69,26,34,7.888889
SUPER_19,3420000,54,5,9,68,26,28,8.285714
SUPER_19,3430000,66,10,10,86,28,38,10.6
SUPER_19,3440000,93,11,10,114,49,44,17.857143
SUPER_19,3450000,0,1,0,1,0,0,2
SUPER_19,3460000,33,3,8,44,16,17,8.454545
SUPER_19,3470000,99,13,7,119,57,42,6.35
SUPER_19,3480000,91,5,7,103,45,46,32.333332
SUPER_19,3490000,67,5,6,78,40,27,5.5454545
SUPER_19,3500000,60,5,2,67,36,24,6.285714
SUPER_19,3510000,14,1,1,16,6,8,5.5
SUPER_19,3520000,104,9,8,121,63,41,6.117647
SUPER_19,3530000,61,7,3,71,35,26,6.1
SUPER_19,3540000,79,1,2,82,41,38,29
SUPER_19,3550000,98,3,9,110,52,46,8.583333
SUPER_19,3560000,181,18,15,214,92,89,12.666667
SUPER_19,3570000,153,7,11,171,92,61,4.5
SUPER_19,3580000,36,7,2,45,22,14,2.6666667
SUPER_19,3590000,1,0,0,1,0,1,NaN
SUPER_19,3600000,123,12,8,143,60,63,11.2
SUPER_19,3610000,147,8,13,168,83,64,5.714286
SUPER_19,3620000,95,5,6,106,46,49,3.1818182
SUPER_19,3630000,106,8,5,119,46,60,3.6923077
SUPER_19,3640000,72,6,5,83,39,33,4.909091
SUPER_19,3650000,63,4,4,71,35,28,2.25
SUPER_19,3660000,85,3,6,94,48,37,15.888889
SUPER_19,3670000,1,0,0,1,1,0,NaN
SUPER_19,3680000,7,1,0,8,4,3,1
SUPER_19,3690000,132,12,9,153,67,65,9.571428
SUPER_19,3700000,50,3,1,54,29,21,8.25
SUPER_19,3710000,136,10,10,156,58,78,28.85
SUPER_19,3720000,148,7,7,162,73,75,7.071429
SUPER_19,3730000,116,7,7,130,64,52,4.285714
SUPER_19,3740000,201,9,12,222,95,106,6.7619047
SUPER_19,3750000,144,6,5,155,81,63,3.7272727
SUPER_19,3760000,185,12,7,204,97,88,10.526316
SUPER_19,3770000,80,4,3,87,37,43,6.285714
SUPER_19,3780000,33,2,3,38,17,16,2.6
SUPER_19,3790000,51,10,7,68,24,27,48.588234
SUPER_19,3800000,50,8,3,61,22,28,23.363636
SUPER_19,3810000,66,5,5,76,25,41,5.7
SUPER_19,3820000,1,0,0,1,0,1,NaN
SUPER_19,3830000,2,1,0,3,0,2,1
SUPER_19,3840000,3,0,0,3,0,3,NaN
SUPER_19,3850000,2,0,1,3,1,1,8
SUPER_19,3860000,3,0,0,3,2,1,NaN
SUPER_19,3870000,5,1,0,6,3,2,20
SUPER_19,3880000,2,0,1,3,0,2,1
SUPER_19,3890000,3,1,0,4,0,3,1
SUPER_19,3900000,2,0,0,2,1,1,NaN
SUPER_19,3910000,68,3,7,78,36,32,12.8
SUPER_19,3920000,171,14,11,196,84,87,6.84
SUPER_19,3930000,106,10,6,122,61,45,4.5
SUPER_19,3940000,194,16,9,219,107,87,8.68
SUPER_19,3950000,99,3,14,116,55,44,10.058824
SUPER_19,3960000,157,8,9,174,80,77,7.2352943
SUPER_19,3970000,150,8,13,171,72,78,5.3333335
SUPER_19,3980000,18,1,1,20,12,6,1.5
SUPER_19,3990000,4,0,0,4,2,2,NaN
SUPER_19,4000000,16,1,5,22,9,7,2.8333333
SUPER_19,4010000,81,7,4,92,39,42,5.909091
SUPER_19,4020000,23,3,2,28,13,10,1.2
SUPER_19,4030000,92,4,4,100,49,43,3.25
SUPER_19,4040000,2,0,0,2,2,0,NaN
SUPER_19,4050000,62,5,2,69,28,34,29.714285
SUPER_19,4060000,44,5,2,51,14,29,8.857142
SUPER_19,4070000,133,7,8,148,73,60,5.6
SUPER_19,4080000,153,10,8,171,70,83,20.666666
SUPER_19,4090000,78,5,8,91,55,23,3.0769231
SUPER_19,4100000,1,0,1,2,1,0,10
SUPER_19,4110000,1,0,0,1,0,1,NaN
SUPER_19,4120000,27,1,2,30,10,17,57.666668
SUPER_19,4130000,103,4,6,113,44,59,21.2
SUPER_19,4140000,155,15,9,179,69,86,6.5833335
SUPER_19,4150000,108,4,8,120,58,50,3.25
SUPER_19,4160000,129,8,14,151,66,63,21.318182
SUPER_19,4170000,47,2,2,51,19,28,9.25
SUPER_19,4180000,144,9,11,164,74,70,4.8
SUPER_19,4190000,4,0,0,4,2,2,NaN
SUPER_19,4200000,93,3,11,107,47,46,10.642858
SUPER_19,4210000,0,0,0,0,0,0,0
SUPER_19,4220000,0,0,0,0,0,0,0
SUPER_19,4230000,294,18,15,327,158,136,8.151515
SUPER_19,4240000,1,0,0,1,0,1,NaN
SUPER_19,4250000,3,2,0,5,3,0,1.5
SUPER_19,4260000,0,0,0,0,0,0,0
SUPER_19,4270000,0,0,0,0,0,0,0
SUPER_19,4280000,4,0,0,4,3,1,NaN
SUPER_19,4290000,128,7,6,141,68,60,8.846154
SUPER_19,4300000,113,11,5,129,42,71,6.75
SUPER_19,4310000,37,5,0,42,16,21,7.6
SUPER_19,4320000,56,5,6,67,31,25,5.909091
SUPER_19,4330000,11,1,0,12,7,4,1
SUPER_19,4340000,3,0,0,3,2,1,NaN
SUPER_19,4350000,12,1,0,13,3,9,26
SUPER_19,4360000,0,0,0,0,0,0,0
SUPER_19,4370000,0,0,0,0,0,0,0
SUPER_19,4380000,0,0,0,0,0,0,0
SUPER_19,4390000,0,0,0,0,0,0,0
SUPER_19,4400000,0,0,0,0,0,0,0
SUPER_19,4410000,28,5,0,33,13,15,9.4
SUPER_19,4420000,3,1,0,4,2,1,1
SUPER_19,4430000,9,1,0,10,5,4,26
SUPER_19,4440000,1,1,2,4,1,0,2.3333333
SUPER_19,4450000,4,1,0,5,2,2,22
SUPER_19,4460000,242,14,16,272,134,108,6.9333334
SUPER_19,4470000,98,9,7,114,55,43,6.75
SUPER_19,4480000,118,7,10,135,69,49,9.823529
SUPER_19,4490000,95,4,8,107,53,42,7.25
SUPER_19,4500000,198,9,17,224,104,94,6
SUPER_19,4510000,202,19,15,236,94,108,27.205883
SUPER_19,4520000,87,7,4,98,45,42,4.5454545
SUPER_19,4530000,199,15,9,223,123,76,7.4583335
SUPER_19,4540000,0,0,0,0,0,0,0
SUPER_19,4550000,0,0,0,0,0,0,0
SUPER_19,4560000,17,3,1,21,6,11,1.75
SUPER_19,4570000,4,0,0,4,2,2,NaN
SUPER_19,4580000,2,0,1,3,0,2,10
SUPER_19,4590000,2,3,0,5,2,0,11
SUPER_19,4600000,2,0,1,3,1,1,73
SUPER_19,4610000,14,3,2,19,5,9,10.2
SUPER_19,4620000,64,6,4,74,30,34,20.7
SUPER_19,4630000,103,8,8,119,53,50,6.25
SUPER_19,4640000,94,4,4,102,50,44,9
SUPER_19,4650000,8,1,1,10,2,6,1
SUPER_19,4660000,11,2,0,13,4,7,8.5
SUPER_19,4670000,2,2,0,4,2,0,1
SUPER_19,4680000,7,0,0,7,3,4,NaN
SUPER_19,4690000,1,0,0,1,1,0,NaN
SUPER_19,4700000,26,1,3,30,16,10,2.75
SUPER_19,4710000,22,2,2,26,7,15,4.75
SUPER_19,4720000,4,1,0,5,1,3,4
SUPER_19,4730000,3,2,0,5,1,2,3.5
SUPER_19,4740000,63,7,2,72,37,26,9.888889
SUPER_19,4750000,156,11,12,179,78,78,11.782609
SUPER_19,4760000,172,9,11,192,67,105,6.65
SUPER_19,4770000,78,5,8,91,37,41,11.615385
SUPER_19,4780000,79,4,10,93,39,40,5.071429
SUPER_19,4790000,122,12,6,140,62,60,5.5555553
SUPER_19,4800000,57,8,4,69,33,24,8.75
SUPER_19,4810000,101,8,5,114,56,45,2.6923077
SUPER_19,4820000,76,6,5,87,35,41,4.181818
SUPER_19,4830000,173,10,15,198,97,76,4.32
SUPER_19,4840000,113,8,6,127,58,55,8.785714
SUPER_19,4850000,0,0,0,0,0,0,0
SUPER_19,4860000,0,0,0,0,0,0,0
SUPER_19,4870000,30,6,2,38,13,17,10.25
SUPER_19,4880000,7,2,0,9,3,4,7
SUPER_19,4890000,1,1,0,2,1,0,1
SUPER_19,4900000,2,1,0,3,1,1,3
SUPER_19,4910000,1,0,1,2,0,1,1
SUPER_19,4920000,19,0,2,21,6,13,3
SUPER_19,4930000,126,15,8,149,75,51,3.9565217
SUPER_19,4940000,145,12,17,174,69,76,8.103448
SUPER_19,4950000,129,12,10,151,62,67,10.045455
SUPER_19,4960000,75,4,3,82,45,30,2.857143
SUPER_19,4970000,97,8,10,115,56,41,44.61111
SUPER_19,4980000,184,13,14,211,89,95,6.4444447
SUPER_19,4990000,101,10,8,119,54,47,7.8333335
SUPER_19,5000000,0,0,0,0,0,0,0
SUPER_19,5010000,0,0,0,0,0,0,0
SUPER_19,5020000,0,0,0,0,0,0,0
SUPER_19,5030000,176,10,12,198,92,83,9.454545
SUPER_19,5040000,81,8,6,95,38,43,56
SUPER_19,5050000,22,1,0,23,13,9,2
SUPER_19,5060000,88,6,4,98,44,44,9.1
SUPER_19,5070000,165,14,8,187,92,73,4.2272725
SUPER_19,5080000,95,9,8,112,50,45,19.705883
SUPER_19,5090000,101,12,8,121,62,39,8.75
SUPER_19,5100000,94,4,7,105,43,51,9.272727
SUPER_19,5110000,92,8,9,109,50,42,15.058824
SUPER_19,5120000,143,12,8,163,72,71,7.1
SUPER_19,5130000,49,2,2,53,34,15,2.5
SUPER_19,5140000,56,1,11,68,30,26,7.3333335
SUPER_19,5150000,32,1,0,33,15,17,1
SUPER_19,5160000,97,6,11,114,52,45,4.7647057
SUPER_19,5170000,31,3,2,36,15,16,9.2
SUPER_19,5180000,2,1,1,4,1,1,10.5
SUPER_19,5190000,1,0,0,1,1,0,NaN
SUPER_19,5200000,3,0,0,3,2,1,NaN
SUPER_19,5210000,0,0,0,0,0,0,0
SUPER_19,5220000,0,0,0,0,0,0,0
SUPER_19,5230000,4,1,0,5,1,3,2
SUPER_19,5240000,0,0,1,1,0,0,4
SUPER_19,5250000,0,0,0,0,0,0,0
SUPER_19,5260000,0,0,0,0,0,0,0
SUPER_19,5270000,0,0,0,0,0,0,0
SUPER_19,5280000,72,5,2,79,48,24,2.857143
SUPER_19,5290000,106,5,6,117,60,46,5.4545455
SUPER_19,5300000,8,1,0,9,2,6,2
SUPER_19,5310000,144,11,4,159,72,72,6.866667
SUPER_19,5320000,164,8,8,180,82,82,4.1875
SUPER_19,5330000,83,10,6,99,45,38,5.5
SUPER_19,5340000,206,13,16,235,101,105,24.931034
SUPER_19,5350000,140,18,14,172,66,74,4.4375
SUPER_19,5360000,1,1,0,2,1,0,2
SUPER_19,5370000,47,1,5,53,28,19,6.8333335
SUPER_19,5380000,61,10,4,75,32,29,6.357143
SUPER_19,5390000,23,3,2,28,14,9,61.2
SUPER_19,5400000,103,4,2,109,60,43,1.1666666
SUPER_19,5410000,113,3,4,120,58,55,2.5714285
SUPER_19,5420000,157,8,10,175,91,66,10.222222
SUPER_19,5430000,102,5,6,113,50,52,4.818182
SUPER_19,5440000,34,5,4,43,17,17,3.7777777
SUPER_19,5450000,118,15,10,143,63,55,18.44
SUPER_19,5460000,53,2,6,61,31,22,6.875
SUPER_19,5470000,26,1,0,27,13,13,4
SUPER_19,5480000,166,15,19,200,87,79,5.4411764
SUPER_19,5490000,75,7,9,91,31,44,12
SUPER_19,5500000,155,8,7,170,85,70,7.4
SUPER_19,5510000,79,6,3,88,41,38,4.4444447
SUPER_19,5520000,9,1,0,10,2,7,1
SUPER_19,5530000,5,0,0,5,1,4,NaN
SUPER_19,5540000,33,4,3,40,22,11,5.428571
SUPER_19,5550000,125,12,12,149,71,54,7.9166665
SUPER_19,5560000,23,2,4,29,9,14,7.3333335
SUPER_19,5570000,6,2,0,8,2,4,3
SUPER_19,5580000,43,2,2,47,24,19,1.75
SUPER_19,5590000,135,12,3,150,67,68,8
SUPER_19,5600000,99,3,10,112,41,58,70.53846
SUPER_19,5610000,114,9,10,133,59,55,6.631579
SUPER_19,5620000,93,10,5,108,53,40,5.4666667
SUPER_19,5630000,75,4,6,85,35,40,32.2
SUPER_19,5640000,39,4,1,44,20,19,7.2
SUPER_19,5650000,28,3,2,33,15,13,2.6
SUPER_19,5660000,58,5,3,66,31,27,7.5
SUPER_19,5670000,82,7,4,93,43,39,5.090909
SUPER_19,5680000,122,7,8,137,64,58,3.2666667
SUPER_19,5690000,107,9,9,125,43,64,5.0555553
SUPER_19,5700000,75,5,7,87,40,35,9.25
SUPER_19,5710000,37,1,2,40,18,19,6.3333335
SUPER_19,5720000,112,5,9,126,64,48,9.857142
SUPER_19,5730000,63,5,2,70,31,32,5.857143
SUPER_19,5740000,21,1,0,22,13,8,1
SUPER_19,5750000,33,3,4,40,13,20,7
SUPER_19,5760000,49,4,4,57,28,21,8.875
SUPER_19,5770000,16,3,2,21,8,8,10.2
SUPER_19,5780000,23,2,4,29,12,11,1.6666666
SUPER_19,5790000,11,2,0,13,5,6,8
SUPER_19,5800000,7,4,2,13,3,4,9.333333
SUPER_19,5810000,13,6,1,20,4,9,6
SUPER_19,5820000,11,1,1,13,8,3,1
SUPER_19,5830000,43,1,1,45,22,21,5.5
SUPER_19,5840000,16,1,3,20,5,11,1.5
SUPER_19,5850000,31,3,1,35,21,10,4.25
SUPER_19,5860000,0,0,0,0,0,0,0
SUPER_19,5870000,0,0,0,0,0,0,0
SUPER_19,5880000,0,0,0,0,0,0,0
SUPER_19,5890000,132,16,8,156,65,67,17.291666
SUPER_19,5900000,63,9,5,77,32,31,3.5714285
SUPER_19,5910000,96,5,11,112,43,53,4.375
SUPER_19,5920000,88,9,6,103,52,36,8.8
SUPER_19,5930000,19,1,1,21,12,7,55.5
SUPER_19,5940000,18,1,1,20,6,12,74.5
SUPER_19,5950000,104,7,9,120,46,58,4.5625
SUPER_19,5960000,54,5,5,64,30,24,2.7
SUPER_19,5970000,135,15,13,163,71,64,6.642857
SUPER_19,5980000,13,1,3,17,6,7,5.5
SUPER_19,5990000,42,5,1,48,25,17,3.3333333
SUPER_19,6000000,2,1,1,4,1,1,2.5
SUPER_19,6010000,2,1,0,3,1,1,1
SUPER_19,6020000,1,0,0,1,1,0,NaN
SUPER_19,6030000,9,0,0,9,4,5,NaN
SUPER_19,6040000,1,0,1,2,0,1,3
SUPER_19,6050000,3,0,0,3,1,2,NaN
SUPER_19,6060000,6,2,0,8,2,4,1.5
SUPER_19,6070000,4,0,0,4,1,3,NaN
SUPER_19,6080000,28,1,2,31,14,14,8
SUPER_19,6090000,113,10,13,136,54,59,10.434783
SUPER_19,6100000,0,0,1,1,0,0,8
SUPER_19,6110000,3,0,0,3,1,2,NaN
SUPER_19,6120000,2,0,0,2,2,0,NaN
SUPER_19,6130000,35,4,1,40,16,19,6.4
SUPER_19,6140000,42,1,3,46,22,20,7.25
SUPER_19,6150000,75,6,4,85,28,47,13
SUPER_19,6160000,103,6,8,117,56,47,5.5
SUPER_19,6170000,96,7,9,112,46,50,9
SUPER_19,6180000,23,1,5,29,7,16,4.5
SUPER_19,6190000,49,6,7,62,24,25,6.230769
SUPER_19,6200000,146,10,10,166,73,73,5.55
SUPER_19,6210000,87,4,10,101,45,42,18.214285
SUPER_19,6220000,106,5,5,116,56,50,33
SUPER_19,6230000,93,1,11,105,48,45,6.9166665
SUPER_19,6240000,0,0,0,0,0,0,0
SUPER_19,6250000,0,0,0,0,0,0,0
SUPER_19,6260000,178,15,13,206,95,83,17.357143
SUPER_19,6270000,71,6,4,81,37,34,9.4
SUPER_19,6280000,174,11,9,194,92,82,9.1
SUPER_19,6290000,138,13,9,160,75,63,6.2272725
SUPER_19,6300000,20,1,3,24,11,9,1.5
SUPER_19,6310000,81,10,5,96,40,41,8.733334
SUPER_19,6320000,102,6,7,115,54,48,16.923077
SUPER_19,6330000,56,3,5,64,29,27,5.125
SUPER_19,6340000,135,12,10,157,73,62,11.5
SUPER_19,6350000,145,7,6,158,68,77,4.6923075
SUPER_19,6360000,71,7,16,94,38,33,15.565217
SUPER_19,6370000,2,0,2,4,0,2,1.5
SUPER_19,6380000,104,12,13,129,48,56,4.88
SUPER_19,6390000,12,3,3,18,5,7,24.166666
SUPER_19,6400000,26,1,3,30,11,15,11.25
SUPER_19,6410000,71,6,5,82,41,30,10.545455
SUPER_19,6420000,11,1,2,14,6,5,7.3333335
SUPER_19,6430000,2,0,1,3,1,1,1
SUPER_19,6440000,1,0,0,1,1,0,NaN
SUPER_19,6450000,2,0,1,3,0,2,4
SUPER_19,6460000,0,0,0,0,0,0,0
SUPER_19,6470000,0,0,0,0,0,0,0
SUPER_19,6480000,29,1,2,32,14,15,11.666667
SUPER_19,6490000,67,4,6,77,35,32,7.1
SUPER_19,6500000,2,1,1,4,1,1,1.5
SUPER_19,6510000,4,0,1,5,4,0,8
SUPER_19,6520000,7,0,0,7,1,6,NaN
SUPER_19,6530000,2,0,0,2,0,2,NaN
SUPER_19,6540000,113,7,8,128,50,63,8.2
SUPER_19,6550000,53,5,2,60,28,25,2.2857144
SUPER_19,6560000,140,16,15,171,80,60,11.096774
SUPER_19,6570000,65,4,6,75,36,29,3.4
SUPER_19,6580000,119,8,5,132,68,51,3
SUPER_19,6590000,140,15,13,168,73,67,10.428572
SUPER_19,6600000,6,4,1,11,1,5,8.4
SUPER_19,6610000,136,10,11,157,72,64,4.952381
SUPER_19,6620000,85,11,10,106,48,37,5.2380953
SUPER_19,6630000,12,2,0,14,2,10,17
SUPER_19,6640000,6,0,0,6,5,1,NaN
SUPER_19,6650000,0,0,2,2,0,0,1
SUPER_19,6660000,1,1,0,2,0,1,2
SUPER_19,6670000,31,4,2,37,11,20,15.5
SUPER_19,6680000,2,1,0,3,1,1,4
SUPER_19,6690000,3,0,0,3,0,3,NaN
SUPER_19,6700000,32,1,4,37,15,17,4
SUPER_19,6710000,97,9,14,120,38,59,7
SUPER_19,6720000,132,6,10,148,73,59,9.0625
SUPER_19,6730000,131,12,11,154,65,66,5.7826085
SUPER_19,6740000,0,0,0,0,0,0,0
SUPER_19,6750000,0,0,0,0,0,0,0
SUPER_19,6760000,9,3,0,12,5,4,2.3333333
SUPER_19,6770000,0,1,0,1,0,0,1
SUPER_19,6780000,81,5,7,93,41,40,4.5
SUPER_19,6790000,130,8,13,151,69,61,25.619047
SUPER_19,6800000,76,11,7,94,38,38,4.3333335
SUPER_19,6810000,115,11,7,133,54,61,3.4444444
SUPER_19,6820000,105,10,9,124,51,54,14.368421
SUPER_19,6830000,15,2,3,20,6,9,4.6
SUPER_19,6840000,46,5,5,56,20,26,1.4
SUPER_19,6850000,81,9,9,99,39,42,4.888889
SUPER_19,6860000,183,11,18,212,89,94,6.965517
SUPER_19,6870000,92,4,15,111,45,47,12.631579
SUPER_19,6880000,173,21,15,209,78,95,3.8333333
SUPER_19,6890000,53,6,4,63,30,23,6
SUPER_19,6900000,58,6,5,69,28,30,32.636364
SUPER_19,6910000,117,10,6,133,69,48,4.8125
SUPER_19,6920000,109,11,9,129,55,54,4.75
SUPER_19,6930000,167,10,18,195,84,83,5.535714
SUPER_19,6940000,49,2,2,53,20,29,1.25
SUPER_19,6950000,83,9,7,99,39,44,5.8125
SUPER_19,6960000,136,13,15,164,71,65,4.714286
SUPER_19,6970000,101,11,8,120,54,47,24.157894
SUPER_19,6980000,26,3,2,31,16,10,9.4
SUPER_19,6990000,138,11,10,159,80,58,4.2380953
SUPER_19,7000000,136,5,13,154,64,72,29.722221
SUPER_19,7010000,134,12,7,153,64,70,6.263158
SUPER_19,7020000,72,2,5,79,32,40,14.428572
SUPER_19,7030000,116,10,13,139,60,56,13.173913
SUPER_19,7040000,46,1,3,50,20,26,2.5
SUPER_19,7050000,41,1,1,43,17,24,2.5
SUPER_19,7060000,101,7,11,119,56,45,22.61111
SUPER_19,7070000,3,0,1,4,0,3,8
SUPER_19,7080000,69,3,6,78,33,36,2.1111112
SUPER_19,7090000,2,1,0,3,2,0,4
SUPER_19,7100000,3,0,1,4,1,2,9
SUPER_19,7110000,1,1,0,2,0,1,1
SUPER_19,7120000,2,0,0,2,0,2,NaN
SUPER_19,7130000,2,0,0,2,1,1,NaN
SUPER_19,7140000,4,1,0,5,0,4,1
SUPER_19,7150000,3,0,0,3,3,0,NaN
SUPER_19,7160000,48,4,2,54,20,28,2.1666667
SUPER_19,7170000,101,13,6,120,49,52,10.052631
SUPER_19,7180000,103,8,13,124,51,52,5.2380953
SUPER_19,7190000,68,5,6,79,36,32,45
SUPER_19,7200000,89,7,8,104,43,46,6.6666665
SUPER_19,7210000,118,8,6,132,55,63,6
SUPER_19,7220000,100,5,13,118,48,52,20.38889
SUPER_19,7230000,98,12,8,118,49,49,4.65
SUPER_19,7240000,96,6,9,111,47,49,11.2
SUPER_19,7250000,108,13,8,129,56,52,3.4285715
SUPER_19,7260000,71,9,11,91,34,37,4.2
SUPER_19,7270000,118,11,10,139,63,55,4.8095236
SUPER_19,7280000,72,4,2,78,26,46,11.833333
SUPER_19,7290000,161,8,15,184,80,81,8.913043
SUPER_19,7300000,127,7,16,150,64,63,5.695652
SUPER_19,7310000,123,5,14,142,50,73,7.8421054
SUPER_19,7320000,16,2,4,22,8,8,2.8333333
SUPER_19,7330000,143,7,11,161,77,66,7.111111
SUPER_19,7340000,72,3,6,81,40,32,3.4444444
SUPER_19,7350000,0,0,1,1,0,0,2
SUPER_19,7360000,1,0,0,1,0,1,NaN
SUPER_19,7370000,0,0,0,0,0,0,0
SUPER_19,7380000,0,0,0,0,0,0,0
SUPER_19,7390000,6,1,0,7,4,2,4
SUPER_19,7400000,2,0,0,2,1,1,NaN
SUPER_19,7410000,0,0,0,0,0,0,0
SUPER_19,7420000,0,0,0,0,0,0,0
SUPER_19,7430000,34,3,4,41,18,16,30.571428
SUPER_19,7440000,0,0,0,0,0,0,0
SUPER_19,7450000,0,0,0,0,0,0,0
SUPER_19,7460000,5,3,0,8,1,4,3
SUPER_19,7470000,2,0,0,2,2,0,NaN
SUPER_19,7480000,8,0,0,8,6,2,NaN
SUPER_19,7490000,0,1,0,1,0,0,6
SUPER_19,7500000,2,0,0,2,2,0,NaN
SUPER_19,7510000,2,2,0,4,1,1,2.5
SUPER_19,7520000,1,0,0,1,0,1,NaN
SUPER_19,7530000,1,0,0,1,0,1,NaN
SUPER_19,7540000,1,0,0,1,0,1,NaN
SUPER_19,7550000,1,0,0,1,1,0,NaN
SUPER_19,7560000,19,4,0,23,12,7,9.75
SUPER_19,7570000,0,0,0,0,0,0,0
SUPER_19,7580000,0,0,0,0,0,0,0
SUPER_19,7590000,2,0,1,3,1,1,2
SUPER_19,7600000,1,0,0,1,0,1,NaN
SUPER_19,7610000,1,0,2,3,0,1,7
SUPER_19,7620000,29,5,2,36,14,15,3
SUPER_19,7630000,136,10,16,162,79,57,9.038462
SUPER_19,7640000,147,13,10,170,82,65,7.2608695
SUPER_19,7650000,48,7,1,56,25,23,4.625
SUPER_19,7660000,114,8,9,131,59,55,7.529412
SUPER_19,7670000,130,12,5,147,62,68,5.8235292
SUPER_19,7680000,64,2,4,70,37,27,2.5
SUPER_19,7690000,186,9,12,207,94,92,7.095238
SUPER_19,7700000,97,8,6,111,53,44,3.5
SUPER_19,7710000,92,4,7,103,50,42,5.818182
SUPER_19,7720000,146,11,14,171,72,74,13.04
SUPER_19,7730000,90,6,11,107,50,40,7.5882354
SUPER_19,7740000,2,1,2,5,1,1,5.6666665
SUPER_19,7750000,2,0,1,3,1,1,2
SUPER_19,7760000,1,3,0,4,1,0,2.3333333
SUPER_19,7770000,2,1,1,4,1,1,4.5
SUPER_19,7780000,2,0,0,2,0,2,NaN
SUPER_19,7790000,74,3,4,81,37,37,5.857143
SUPER_19,7800000,66,5,6,77,34,32,21.636364
SUPER_19,7810000,157,7,11,175,81,76,7.2777777
SUPER_19,7820000,73,7,8,88,34,39,8.666667
SUPER_19,7830000,64,4,7,75,34,30,7.4545455
SUPER_19,7840000,109,5,8,122,62,47,11.461538
SUPER_19,7850000,161,11,19,191,77,84,5.9333334
SUPER_19,7860000,18,3,4,25,7,11,8.857142
SUPER_19,7870000,45,3,8,56,16,29,27.818182
SUPER_19,7880000,140,7,12,159,71,69,6.4210525
SUPER_19,7890000,0,0,0,0,0,0,0
SUPER_19,7900000,0,0,0,0,0,0,0
SUPER_19,7910000,122,7,12,141,54,68,10.894737
SUPER_19,7920000,13,1,2,16,8,5,1.3333334
SUPER_19,7930000,7,4,1,12,3,4,3.8
SUPER_19,7940000,85,6,5,96,33,52,25.727272
SUPER_19,7950000,135,12,8,155,68,67,4.9
SUPER_19,7960000,126,2,13,141,64,62,11.333333
SUPER_19,7970000,204,11,12,227,116,88,4.130435
SUPER_19,7980000,178,8,15,201,82,96,7.304348
SUPER_19,7990000,175,10,11,196,88,87,5.142857
SUPER_19,8000000,33,2,5,40,20,13,7.714286
SUPER_19,8010000,4,0,1,5,2,2,1
SUPER_19,8020000,1,0,0,1,1,0,NaN
SUPER_19,8030000,14,3,3,20,6,8,9
SUPER_19,8040000,118,7,9,134,71,47,7.75
SUPER_19,8050000,138,10,18,166,80,58,13.678572
SUPER_19,8060000,170,10,11,191,100,70,6.857143
SUPER_19,8070000,73,7,3,83,38,35,11.8
SUPER_19,8080000,3,0,0,3,1,2,NaN
SUPER_19,8090000,5,0,0,5,3,2,NaN
SUPER_19,8100000,1,0,0,1,1,0,NaN
SUPER_19,8110000,1,0,0,1,1,0,NaN
SUPER_19,8120000,100,3,9,112,48,52,21.083334
SUPER_19,8130000,57,6,8,71,27,30,6.357143
SUPER_19,8140000,26,1,2,29,13,13,9.666667
SUPER_19,8150000,66,7,4,77,29,37,6.090909
SUPER_19,8160000,96,9,9,114,46,50,15.333333
SUPER_19,8170000,71,6,3,80,32,39,7.888889
SUPER_19,8180000,45,4,7,56,19,26,4.4545455
SUPER_19,8190000,33,3,3,39,21,12,4.1666665
SUPER_19,8200000,52,7,4,63,22,30,5.181818
SUPER_19,8210000,140,12,18,170,66,74,32.166668
SUPER_19,8220000,74,4,4,82,32,42,3.375
SUPER_19,8230000,126,10,13,149,58,68,7.6086955
SUPER_19,8240000,113,9,3,125,56,57,9
SUPER_19,8250000,31,2,3,36,14,17,1.8
SUPER_19,8260000,32,3,5,40,18,14,5.75
SUPER_19,8270000,126,12,11,149,61,65,9.913043
SUPER_19,8280000,128,12,15,155,59,69,6.6296296
SUPER_19,8290000,113,11,8,132,56,57,6.3157897
SUPER_19,8300000,90,10,15,115,39,51,37
SUPER_19,8310000,6,2,0,8,3,3,2.5
SUPER_19,8320000,4,2,0,6,2,2,1
SUPER_19,8330000,15,1,2,18,9,6,24.333334
SUPER_19,8340000,119,7,8,134,56,63,5.0666666
SUPER_19,8350000,80,9,8,97,42,38,10
SUPER_19,8360000,82,10,11,103,36,46,7.5238094
SUPER_19,8370000,29,5,2,36,13,16,4.142857
SUPER_19,8380000,157,20,19,196,79,78,4.230769
SUPER_19,8390000,145,11,15,171,71,74,5.1923075
SUPER_19,8400000,109,7,5,121,57,52,2.8333333
SUPER_19,8410000,109,13,3,125,52,57,8.9375
SUPER_19,8420000,163,15,12,190,79,84,4.962963
SUPER_19,8430000,101,7,5,113,53,48,7.6666665
SUPER_19,8440000,191,17,10,218,93,98,16.185184
SUPER_19,8450000,87,4,8,99,41,46,4.25
SUPER_19,8460000,85,4,7,96,41,44,3.2727273
SUPER_19,8470000,45,1,2,48,25,20,5.6666665
SUPER_19,8480000,150,9,17,176,75,75,8.192307
SUPER_19,8490000,32,0,3,35,18,14,6.3333335
SUPER_19,8500000,20,2,3,25,14,6,4.4
SUPER_19,8510000,72,10,5,87,37,35,3.2666667
SUPER_19,8520000,117,9,15,141,60,57,13.625
SUPER_19,8530000,120,11,15,146,62,58,5.6538463
SUPER_19,8540000,36,9,3,48,19,17,3.4166667
SUPER_19,8550000,0,0,1,1,0,0,1
SUPER_19,8560000,86,9,10,105,36,50,20.947369
SUPER_19,8570000,78,9,3,90,41,37,6.9166665
SUPER_19,8580000,38,3,3,44,19,19,3.3333333
SUPER_19,8590000,0,1,0,1,0,0,1
SUPER_19,8600000,140,17,9,166,73,67,4.423077
SUPER_19,8610000,147,14,16,177,77,70,3.5333333
SUPER_19,8620000,146,15,14,175,64,82,6.206897
SUPER_19,8630000,157,10,8,175,80,77,9.888889
SUPER_19,8640000,61,3,5,69,35,26,8.75
SUPER_19,8650000,74,7,10,91,37,37,10.6470585
SUPER_19,8660000,94,6,10,110,43,51,29.0625
SUPER_19,8670000,60,4,3,67,33,27,2.2857144
SUPER_19,8680000,141,16,14,171,58,83,7.5
SUPER_19,8690000,149,13,8,170,83,66,4.6666665
SUPER_19,8700000,168,9,17,194,80,88,8.461538
SUPER_19,8710000,114,6,3,123,59,55,7.6666665
SUPER_19,8720000,144,11,5,160,62,82,2.5
SUPER_19,8730000,123,2,14,139,58,65,10.0625
SUPER_19,8740000,102,10,11,123,48,54,4.5238094
SUPER_19,8750000,127,16,13,156,60,67,4.3448277
SUPER_19,8760000,161,13,9,183,87,74,4.4545455
SUPER_19,8770000,177,19,13,209,81,96,4.96875
SUPER_19,8780000,86,5,8,99,39,47,34.692307
SUPER_19,8790000,57,10,7,74,29,28,16.529411
SUPER_19,8800000,131,18,14,163,68,63,26.25
SUPER_19,8810000,74,2,13,89,37,37,11.6
SUPER_19,8820000,96,4,12,112,45,51,5.75
SUPER_19,8830000,1,0,0,1,0,1,NaN
SUPER_19,8840000,1,1,0,2,0,1,13
SUPER_19,8850000,1,0,0,1,0,1,NaN
SUPER_19,8860000,89,11,2,102,40,49,3.3846154
SUPER_19,8870000,27,2,0,29,21,6,1.5
SUPER_19,8880000,69,3,6,78,35,34,4.6666665
SUPER_19,8890000,1,1,0,2,0,1,8
SUPER_19,8900000,4,0,1,5,3,1,1
SUPER_19,8910000,17,1,1,19,10,7,3
SUPER_19,8920000,2,0,0,2,1,1,NaN
SUPER_19,8930000,92,7,1,100,42,50,3.5
SUPER_19,8940000,63,8,9,80,28,35,2.4117646
SUPER_19,8950000,119,8,17,144,56,63,40.92
SUPER_19,8960000,138,10,14,162,77,61,6.75
SUPER_19,8970000,1,0,0,1,0,1,NaN
SUPER_19,8980000,3,1,0,4,1,2,6
SUPER_19,8990000,61,8,4,73,29,32,4.6666665
SUPER_19,9000000,103,8,17,128,59,44,3.84
SUPER_19,9010000,62,4,5,71,31,31,8.777778
SUPER_19,9020000,63,5,5,73,32,31,17.8
SUPER_19,9030000,3,0,0,3,3,0,NaN
SUPER_19,9040000,5,1,0,6,3,2,1
SUPER_19,9050000,0,3,1,4,0,0,1.75
SUPER_19,9060000,2,1,0,3,2,0,1
SUPER_19,9070000,2,1,1,4,1,1,6.5
SUPER_19,9080000,20,3,4,27,11,9,7.571429
SUPER_19,9090000,5,0,0,5,2,3,NaN
SUPER_19,9100000,36,3,2,41,13,23,41.8
SUPER_19,9110000,50,7,3,60,30,20,8.8
SUPER_19,9120000,41,0,6,47,26,15,2
SUPER_19,9130000,126,13,6,145,59,67,10.736842
SUPER_19,9140000,43,3,6,52,21,22,10
SUPER_19,9150000,28,3,4,35,16,12,2
SUPER_19,9160000,32,5,5,42,17,15,19
SUPER_19,9170000,35,4,1,40,21,14,6.6
SUPER_19,9180000,1,0,0,1,1,0,NaN
SUPER_19,9190000,13,0,2,15,7,6,4.5
SUPER_19,9200000,110,5,8,123,51,59,11.153846
SUPER_19,9210000,95,8,10,113,54,41,15
SUPER_19,9220000,45,3,0,48,27,18,1.6666666
SUPER_19,9230000,127,11,8,146,67,60,3.368421
SUPER_19,9240000,148,13,11,172,77,71,5.125
SUPER_19,9250000,147,10,12,169,85,62,4.3636365
SUPER_19,9260000,26,3,2,31,13,13,3.2
SUPER_19,9270000,11,3,0,14,4,7,1.3333334
SUPER_19,9280000,14,2,1,17,5,9,8.666667
SUPER_19,9290000,2,1,2,5,0,2,26.333334
SUPER_19,9300000,123,8,4,135,58,65,6.1666665
SUPER_19,9310000,184,17,14,215,101,83,8.16129
SUPER_19,9320000,184,6,18,208,86,98,11.5
SUPER_19,9330000,84,10,7,101,43,41,10.3529415
SUPER_19,9340000,4,0,0,4,3,1,NaN
SUPER_19,9350000,0,0,0,0,0,0,0
SUPER_19,9360000,0,0,0,0,0,0,0
SUPER_19,9370000,23,0,2,25,9,14,2.5
SUPER_19,9380000,2,1,0,3,1,1,1
SUPER_19,9390000,5,1,0,6,2,3,3
SUPER_19,9400000,41,1,3,45,25,16,10.5
SUPER_19,9410000,120,9,6,135,62,58,3
SUPER_19,9420000,57,5,3,65,29,28,7.5
SUPER_19,9430000,4,1,0,5,2,2,8
SUPER_19,9440000,2,0,0,2,1,1,NaN
SUPER_19,9450000,1,0,0,1,0,1,NaN
SUPER_19,9460000,2,2,1,5,1,1,2.3333333
SUPER_19,9470000,3,0,0,3,2,1,NaN
SUPER_19,9480000,44,0,9,53,22,22,29
SUPER_19,9490000,9,0,1,10,6,3,1
SUPER_19,9500000,110,16,7,133,49,61,3.826087
SUPER_19,9510000,70,11,5,86,41,29,8.1875
SUPER_19,9520000,0,0,0,0,0,0,0
SUPER_19,9530000,0,0,0,0,0,0,0
SUPER_19,9540000,27,1,0,28,16,11,6
SUPER_19,9550000,13,0,1,14,8,5,2
SUPER_19,9560000,86,5,3,94,47,39,7.75
SUPER_19,9570000,119,6,9,134,55,64,7.4
SUPER_19,9580000,77,4,7,88,40,37,23.636364
SUPER_19,9590000,73,3,4,80,33,40,58.42857
SUPER_19,9600000,34,2,7,43,14,20,1.6666666
SUPER_19,9610000,0,0,0,0,0,0,0
SUPER_19,9620000,0,0,0,0,0,0,0
SUPER_19,9630000,2,1,0,3,1,1,2
SUPER_19,9640000,2,0,0,2,1,1,NaN
SUPER_19,9650000,69,5,7,81,33,36,6.75
SUPER_19,9660000,185,11,10,206,89,96,4.571429
SUPER_19,9670000,211,11,10,232,117,94,12.142858
SUPER_19,9680000,96,5,7,108,51,45,12.666667
SUPER_19,9690000,45,5,6,56,21,24,4.5454545
SUPER_19,9700000,113,7,11,131,55,58,5.9444447
SUPER_19,9710000,138,2,7,147,79,59,7.5555553
SUPER_19,9720000,132,7,12,151,64,68,7.0526314
SUPER_19,9730000,96,6,10,112,49,47,6
SUPER_19,9740000,90,8,9,107,42,48,8.882353
SUPER_19,9750000,162,8,12,182,74,88,33.9
SUPER_19,9760000,1,0,0,1,0,1,NaN
SUPER_19,9770000,1,0,1,2,1,0,2
SUPER_19,9780000,10,0,0,10,4,6,NaN
SUPER_19,9790000,64,6,8,78,38,26,11.571428
SUPER_19,9800000,73,13,9,95,48,25,4.3636365
SUPER_19,9810000,80,4,11,95,37,43,4.4666667
SUPER_19,9820000,65,8,4,77,30,35,3.0833333
SUPER_19,9830000,181,10,20,211,108,73,21.166666
SUPER_19,9840000,33,4,1,38,17,16,11.8
SUPER_19,9850000,106,14,13,133,48,58,7.4814816
SUPER_19,9860000,61,6,3,70,26,35,7.6666665
SUPER_19,9870000,124,8,6,138,69,55,4.071429
SUPER_19,9880000,98,8,8,114,46,52,18.625
SUPER_19,9890000,112,8,8,128,55,57,5.4375
SUPER_19,9900000,4,0,1,5,2,2,4
SUPER_19,9910000,1,0,0,1,0,1,NaN
SUPER_19,9920000,2,0,0,2,0,2,NaN
SUPER_19,9930000,0,0,0,0,0,0,0
SUPER_19,9940000,0,0,0,0,0,0,0
SUPER_19,9950000,0,0,0,0,0,0,0
SUPER_19,9960000,0,0,0,0,0,0,0
SUPER_19,9970000,1,0,1,2,1,0,2
SUPER_19,9980000,4,0,1,5,2,2,2
SUPER_19,9990000,1,0,1,2,0,1,6
SUPER_19,10000000,0,0,0,0,0,0,0
SUPER_19,10010000,0,0,0,0,0,0,0
SUPER_19,10020000,0,0,0,0,0,0,0
SUPER_19,10030000,9,0,0,9,5,4,NaN
SUPER_19,10040000,30,1,1,32,18,12,5
SUPER_19,10050000,4,0,0,4,2,2,NaN
SUPER_19,10060000,1,1,2,4,1,0,6.3333335
SUPER_19,10070000,2,0,0,2,2,0,NaN
SUPER_19,10080000,43,3,3,49,25,18,7.3333335
SUPER_19,10090000,41,4,3,48,24,17,67.28571
SUPER_19,10100000,43,0,3,46,22,21,9
SUPER_19,10110000,161,7,10,178,77,84,17.058823
SUPER_19,10120000,92,4,8,104,51,41,25.166666
SUPER_19,10130000,0,0,0,0,0,0,0
SUPER_19,10140000,0,0,0,0,0,0,0
SUPER_19,10150000,0,0,0,0,0,0,0
SUPER_19,10160000,0,0,0,0,0,0,0
SUPER_19,10170000,0,0,0,0,0,0,0
SUPER_19,10180000,0,0,0,0,0,0,0
SUPER_19,10190000,0,0,0,0,0,0,0
SUPER_19,10200000,230,14,13,257,118,112,23.666666
SUPER_19,10210000,0,0,0,0,0,0,0
SUPER_19,10220000,0,0,0,0,0,0,0
SUPER_19,10230000,59,3,5,67,39,20,8.25
SUPER_19,10240000,17,3,0,20,9,8,2.3333333
SUPER_19,10250000,2,0,0,2,2,0,NaN
SUPER_19,10260000,3,0,2,5,2,1,5
SUPER_19,10270000,2,0,3,5,1,1,1.3333334
SUPER_19,10280000,3,0,0,3,0,3,NaN
SUPER_19,10290000,6,2,0,8,3,3,14.5
SUPER_19,10300000,1,0,0,1,1,0,NaN
SUPER_19,10310000,19,1,1,21,12,7,18.5
SUPER_19,10320000,2,0,2,4,2,0,1
SUPER_19,10330000,8,0,1,9,6,2,1
SUPER_19,10340000,86,6,5,97,42,44,3.909091
SUPER_19,10350000,27,3,0,30,18,9,1.6666666
SUPER_19,10360000,83,7,4,94,39,44,5.3636365
SUPER_19,10370000,62,1,2,65,30,32,3
SUPER_19,10380000,59,5,5,69,32,27,16.3
SUPER_19,10390000,23,2,2,27,14,9,7
SUPER_19,10400000,17,4,2,23,8,9,5
SUPER_19,10410000,3,1,2,6,1,2,2.3333333
SUPER_19,10420000,50,5,4,59,18,32,7.6666665
SUPER_19,10430000,65,9,2,76,33,32,9
SUPER_19,10440000,76,6,4,86,39,37,6.9
SUPER_19,10450000,0,0,0,0,0,0,0
SUPER_19,10460000,0,0,0,0,0,0,0
SUPER_19,10470000,0,0,0,0,0,0,0
SUPER_19,10480000,59,6,4,69,30,29,4.2
SUPER_19,10490000,128,13,7,148,61,67,8.4
SUPER_19,10500000,135,5,6,146,67,68,8.545455
SUPER_19,10510000,104,4,11,119,55,49,6.866667
SUPER_19,10520000,106,11,10,127,55,51,5.6666665
SUPER_19,10530000,139,12,11,162,74,65,4.9565215
SUPER_19,10540000,73,6,7,86,38,35,5.5384617
SUPER_19,10550000,0,0,0,0,0,0,0
SUPER_19,10560000,0,0,0,0,0,0,0
SUPER_19,10570000,37,5,5,47,17,20,5.6
SUPER_19,10580000,10,0,0,10,4,6,NaN
SUPER_19,10590000,2,0,0,2,1,1,NaN
SUPER_19,10600000,8,1,2,11,1,7,2
SUPER_19,10610000,16,4,0,20,8,8,2
SUPER_19,10620000,1,0,0,1,0,1,NaN
SUPER_19,10630000,4,0,2,6,3,1,2.5
SUPER_19,10640000,2,0,0,2,0,2,NaN
SUPER_19,10650000,2,0,0,2,1,1,NaN
SUPER_19,10660000,2,0,0,2,1,1,NaN
SUPER_19,10670000,2,0,0,2,1,1,NaN
SUPER_19,10680000,93,5,7,105,46,47,7.0833335
SUPER_19,10690000,144,7,9,160,71,73,6.125
SUPER_19,10700000,169,13,15,197,90,79,11.821428
SUPER_19,10710000,36,5,7,48,20,16,8.833333
SUPER_19,10720000,106,8,16,130,59,47,2.7916667
SUPER_19,10730000,34,3,4,41,18,16,7.142857
SUPER_19,10740000,132,4,14,150,58,74,6.7777777
SUPER_19,10750000,152,18,16,186,64,88,7.3235292
SUPER_19,10760000,106,9,11,126,58,48,8.95
SUPER_19,10770000,1,0,0,1,0,1,NaN
SUPER_19,10780000,20,0,2,22,10,10,1
SUPER_19,10790000,39,3,0,42,20,19,3.6666667
SUPER_19,10800000,116,6,13,135,59,57,5.5263157
SUPER_19,10810000,41,5,2,48,21,20,2.857143
SUPER_19,10820000,24,1,1,26,9,15,1
SUPER_19,10830000,136,21,15,172,62,74,15.833333
SUPER_19,10840000,153,7,14,174,83,70,7.8095236
SUPER_19,10850000,69,8,5,82,23,46,15.538462
SUPER_19,10860000,98,7,5,110,53,45,15
SUPER_19,10870000,85,10,5,100,51,34,5.0666666
SUPER_19,10880000,104,9,10,123,59,45,5.894737
SUPER_19,10890000,56,3,5,64,25,31,1.25
SUPER_19,10900000,75,1,16,92,38,37,10.705882
SUPER_19,10910000,61,9,7,77,27,34,29.625
SUPER_19,10920000,108,4,4,116,54,54,4.5
SUPER_19,10930000,122,11,9,142,61,61,4.55
SUPER_19,10940000,111,6,15,132,58,53,6.8095236
SUPER_19,10950000,157,11,13,181,60,97,8
SUPER_19,10960000,186,14,13,213,103,83,5.703704
SUPER_19,10970000,165,17,23,205,87,78,7.1
SUPER_19,10980000,52,7,8,67,22,30,5.133333
SUPER_19,10990000,70,3,8,81,35,35,3.8181818
SUPER_19,11000000,126,5,15,146,73,53,4.5
SUPER_19,11010000,191,7,10,208,98,93,7.2352943
SUPER_19,11020000,113,9,11,133,57,56,6.75
SUPER_19,11030000,88,9,11,108,46,42,6.15
SUPER_19,11040000,135,10,10,155,61,74,12.6
SUPER_19,11050000,94,3,5,102,52,42,4.75
SUPER_19,11060000,149,11,15,175,79,70,8.115385
SUPER_19,11070000,74,1,4,79,39,35,2
SUPER_19,11080000,84,3,6,93,51,33,14
SUPER_19,11090000,140,13,13,166,63,77,5.923077
SUPER_19,11100000,235,18,20,273,115,120,15.026316
SUPER_19,11110000,75,5,8,88,43,32,13.384615
SUPER_19,11120000,136,8,12,156,68,68,7.55
SUPER_19,11130000,16,0,2,18,10,6,15.5
SUPER_19,11140000,86,8,5,99,45,41,4.076923
SUPER_19,11150000,1,0,0,1,0,1,NaN
SUPER_19,11160000,5,4,0,9,2,3,6.25
SUPER_19,11170000,1,0,0,1,1,0,NaN
SUPER_19,11180000,0,0,0,0,0,0,0
SUPER_19,11190000,0,0,0,0,0,0,0
SUPER_19,11200000,4,2,2,8,2,2,16.5
SUPER_19,11210000,2,1,1,4,0,2,1.5
SUPER_19,11220000,23,0,2,25,14,9,4
SUPER_19,11230000,144,10,14,168,68,76,5.375
SUPER_19,11240000,140,9,16,165,65,75,8.28
SUPER_19,11250000,65,10,9,84,39,26,6
SUPER_19,11260000,72,11,12,95,34,38,4.130435
SUPER_19,11270000,79,8,4,91,38,41,10.833333
SUPER_19,11280000,103,12,9,124,50,53,7.285714
SUPER_19,11290000,78,8,4,90,32,46,7
SUPER_19,11300000,90,5,6,101,41,49,3.2727273
SUPER_19,11310000,210,15,14,239,96,114,6.862069
SUPER_19,11320000,95,6,4,105,44,51,4.1
SUPER_19,11330000,65,8,2,75,38,27,3
SUPER_19,11340000,90,4,5,99,57,33,2.6666667
SUPER_19,11350000,168,12,8,188,98,70,7.95
SUPER_19,11360000,130,13,2,145,59,71,4.733333
SUPER_19,11370000,149,17,16,182,65,84,15.575758
SUPER_19,11380000,131,19,9,159,59,72,5.107143
SUPER_19,11390000,144,13,15,172,63,81,21.071428
SUPER_19,11400000,119,17,5,141,66,53,2.8636363
SUPER_19,11410000,88,5,9,102,41,47,6.714286
SUPER_19,11420000,94,8,5,107,48,46,9.538462
SUPER_19,11430000,159,4,7,170,74,85,16.454546
SUPER_19,11440000,127,12,9,148,48,79,4.904762
SUPER_19,11450000,128,18,4,150,64,64,5.5
SUPER_19,11460000,59,7,6,72,37,22,4.076923
SUPER_19,11470000,11,1,0,12,8,3,17
SUPER_19,11480000,2,1,0,3,1,1,1
SUPER_19,11490000,0,0,1,1,0,0,1
SUPER_19,11500000,2,1,0,3,0,2,1
SUPER_19,11510000,2,1,0,3,2,0,25
SUPER_19,11520000,2,0,0,2,1,1,NaN
SUPER_19,11530000,57,0,10,67,36,21,64.7
SUPER_19,11540000,116,13,9,138,62,54,4
SUPER_19,11550000,120,3,8,131,52,68,10.181818
SUPER_19,11560000,124,11,8,143,62,62,4.4210525
SUPER_19,11570000,147,9,13,169,70,77,5.2727275
SUPER_19,11580000,42,5,3,50,24,18,17.125
SUPER_19,11590000,11,0,1,12,5,6,2
SUPER_19,11600000,101,8,9,118,43,58,10.823529
SUPER_19,11610000,135,10,12,157,76,59,9.909091
SUPER_19,11620000,131,5,14,150,67,64,4.736842
SUPER_19,11630000,101,7,2,110,59,42,5.5555553
SUPER_19,11640000,0,0,0,0,0,0,0
SUPER_19,11650000,0,0,0,0,0,0,0
SUPER_19,11660000,248,7,9,264,121,127,8.0625
SUPER_19,11670000,166,16,10,192,95,71,4.4615383
SUPER_19,11680000,132,9,12,153,80,52,8.095238
SUPER_19,11690000,125,7,6,138,59,66,8.692307
SUPER_19,11700000,167,11,18,196,87,80,8.551724
SUPER_19,11710000,154,15,8,177,83,71,10.608696
SUPER_19,11720000,77,14,8,99,44,33,8.454545
SUPER_19,11730000,146,9,8,163,77,69,4.882353
SUPER_19,11740000,43,6,8,57,18,25,7.071429
SUPER_19,11750000,107,5,11,123,62,45,11.125
SUPER_19,11760000,179,13,11,203,101,78,6.9166665
SUPER_19,11770000,149,8,13,170,79,70,7.428571
SUPER_19,11780000,121,7,11,139,66,55,15.055555
SUPER_19,11790000,38,5,2,45,21,17,8.142858
SUPER_19,11800000,76,7,3,86,34,42,13.1
SUPER_19,11810000,91,2,4,97,47,44,7
SUPER_19,11820000,89,6,6,101,36,53,8.916667
SUPER_19,11830000,0,0,0,0,0,0,0
SUPER_19,11840000,0,0,0,0,0,0,0
SUPER_19,11850000,0,0,0,0,0,0,0
SUPER_19,11860000,131,10,12,153,59,72,4.5454545
SUPER_19,11870000,70,6,3,79,37,33,9.777778
SUPER_19,11880000,88,7,5,100,50,38,5.8333335
SUPER_19,11890000,100,8,8,116,49,51,14.6875
SUPER_19,11900000,61,4,7,72,32,29,13.272727
SUPER_19,11910000,110,8,7,125,61,49,7.866667
SUPER_19,11920000,112,6,6,124,56,56,4.4166665
SUPER_19,11930000,146,10,6,162,86,60,5.25
SUPER_19,11940000,76,8,8,92,43,33,19.0625
SUPER_19,11950000,153,5,11,169,84,69,6.8125
SUPER_19,11960000,201,11,14,226,113,88,2.12
SUPER_19,11970000,75,8,3,86,32,43,4.181818
SUPER_19,11980000,91,8,2,101,44,47,4.7
SUPER_19,11990000,95,5,4,104,45,50,5.4444447
SUPER_19,12000000,210,12,13,235,95,115,7.08
SUPER_19,12010000,200,15,12,227,112,88,5.296296
SUPER_19,12020000,127,4,9,140,60,67,1.7692307
SUPER_19,12030000,123,7,4,134,71,52,5.090909
SUPER_19,12040000,130,3,12,145,65,65,6.9333334
SUPER_19,12050000,246,17,12,275,127,119,11.896552
SUPER_19,12060000,59,5,1,65,34,25,6.5
SUPER_19,12070000,15,2,3,20,10,5,3
SUPER_19,12080000,21,1,0,22,14,7,1
SUPER_19,12090000,112,5,7,124,53,59,2.3333333
SUPER_19,12100000,174,18,13,205,76,98,11.32258
SUPER_19,12110000,115,7,4,126,64,51,7
SUPER_19,12120000,107,6,8,121,53,54,9.357142
SUPER_19,12130000,70,5,8,83,38,32,3.3846154
SUPER_19,12140000,14,1,0,15,4,10,1
SUPER_19,12150000,194,12,18,224,99,95,4.866667
SUPER_19,12160000,139,9,8,156,59,80,14.588235
SUPER_19,12170000,119,10,9,138,67,52,4.6842103
SUPER_19,12180000,152,8,6,166,74,78,133.42857
SUPER_19,12190000,118,9,10,137,67,51,4.5789475
SUPER_19,12200000,192,8,12,212,104,88,5.2
SUPER_19,12210000,104,7,7,118,46,58,12.071428
SUPER_19,12220000,102,3,11,116,55,47,6.357143
SUPER_19,12230000,166,11,16,193,80,86,3
SUPER_19,12240000,84,6,9,99,39,45,30.666666
SUPER_19,12250000,171,10,17,198,90,81,14.518518
SUPER_19,12260000,102,9,3,114,54,48,3
SUPER_19,12270000,132,9,10,151,75,57,11.631579
SUPER_19,12280000,178,12,15,205,86,92,8.37037
SUPER_19,12290000,11,0,0,11,4,7,NaN
SUPER_19,12300000,4,0,0,4,3,1,NaN
SUPER_19,12310000,33,2,1,36,22,11,6
SUPER_19,12320000,65,7,7,79,31,34,6.714286
SUPER_19,12330000,106,12,12,130,52,54,5.75
SUPER_19,12340000,54,3,6,63,30,24,1.3333334
SUPER_19,12350000,3,0,0,3,2,1,NaN
SUPER_19,12360000,50,3,4,57,29,21,9.714286
SUPER_19,12370000,1,0,0,1,1,0,NaN
SUPER_19,12380000,51,1,4,56,28,23,16.2
SUPER_19,12390000,97,3,7,107,43,54,81.2
SUPER_19,12400000,165,13,8,186,90,75,5.285714
SUPER_19,12410000,70,4,4,78,36,34,7
SUPER_19,12420000,181,11,16,208,108,73,21.222221
SUPER_19,12430000,124,12,7,143,66,58,6.894737
SUPER_19,12440000,124,8,7,139,60,64,8.666667
SUPER_19,12450000,147,15,6,168,73,74,7.6666665
SUPER_19,12460000,5,0,0,5,3,2,NaN
SUPER_19,12470000,3,0,0,3,1,2,NaN
SUPER_19,12480000,3,1,2,6,1,2,1.3333334
SUPER_19,12490000,0,0,1,1,0,0,4
SUPER_19,12500000,2,0,0,2,0,2,NaN
SUPER_19,12510000,110,4,6,120,52,58,19.6
SUPER_19,12520000,1,0,0,1,0,1,NaN
SUPER_19,12530000,0,1,0,1,0,0,2
SUPER_19,12540000,5,1,0,6,2,3,10
SUPER_19,12550000,0,0,0,0,0,0,0
SUPER_19,12560000,0,0,0,0,0,0,0
SUPER_19,12570000,12,2,1,15,6,6,7.3333335
SUPER_19,12580000,39,2,3,44,20,19,7.6
SUPER_19,12590000,3,0,0,3,1,2,NaN
SUPER_19,12600000,2,0,0,2,1,1,NaN
SUPER_19,12610000,1,0,0,1,0,1,NaN
SUPER_19,12620000,36,6,1,43,18,18,10.142858
SUPER_19,12630000,86,8,15,109,37,49,9.608696
SUPER_19,12640000,140,10,17,167,63,77,7.814815
SUPER_19,12650000,2,0,1,3,1,1,4
SUPER_19,12660000,15,1,2,18,4,11,18.333334
SUPER_19,12670000,151,12,8,171,80,71,15.7
SUPER_19,12680000,0,0,0,0,0,0,0
SUPER_19,12690000,0,0,0,0,0,0,0
SUPER_19,12700000,110,10,4,124,45,65,16.071428
SUPER_19,12710000,70,8,7,85,38,32,7.8
SUPER_19,12720000,1,1,0,2,0,1,5
SUPER_19,12730000,1,0,0,1,1,0,NaN
SUPER_19,12740000,3,0,0,3,2,1,NaN
SUPER_19,12750000,80,10,3,93,42,38,9.538462
SUPER_19,12760000,72,8,8,88,38,34,3.8125
SUPER_19,12770000,39,1,5,45,20,19,21
SUPER_19,12780000,191,11,15,217,104,87,9.461538
SUPER_19,12790000,37,2,3,42,17,20,3
SUPER_19,12800000,56,5,4,65,38,18,5.7777777
SUPER_19,12810000,60,6,8,74,30,30,32.92857
SUPER_19,12820000,53,1,3,57,32,21,41.5
SUPER_19,12830000,95,13,8,116,47,48,6.428571
SUPER_19,12840000,60,1,6,67,22,38,6.142857
SUPER_19,12850000,143,8,10,161,70,73,6.1666665
SUPER_19,12860000,0,0,0,0,0,0,0
SUPER_19,12870000,0,0,0,0,0,0,0
SUPER_19,12880000,96,8,8,112,50,46,5.375
SUPER_19,12890000,127,14,5,146,68,59,8.052631
SUPER_19,12900000,171,10,7,188,87,84,6
SUPER_19,12910000,67,1,3,71,35,32,1.75
SUPER_19,12920000,81,3,5,89,40,41,11.25
SUPER_19,12930000,89,5,8,102,58,31,9.615385
SUPER_19,12940000,55,3,2,60,32,23,2.8
SUPER_19,12950000,50,5,6,61,28,22,3.8181818
SUPER_19,12960000,54,6,7,67,25,29,3.7692308
SUPER_19,12970000,111,10,9,130,55,56,7.6842103
SUPER_19,12980000,153,8,6,167,90,63,5.785714
SUPER_19,12990000,115,8,11,134,56,59,23.105263
SUPER_19,13000000,104,21,11,136,58,46,8.03125
SUPER_19,13010000,17,5,3,25,8,9,4.75
SUPER_19,13020000,86,6,5,97,46,40,4.4545455
SUPER_19,13030000,98,8,6,112,48,50,4.642857
SUPER_19,13040000,57,5,8,70,34,23,5.230769
SUPER_19,13050000,24,3,3,30,14,10,7.5
SUPER_19,13060000,3,2,0,5,3,0,2
SUPER_19,13070000,65,7,6,78,34,31,7.923077
SUPER_19,13080000,53,3,7,63,23,30,1.7
SUPER_19,13090000,83,3,1,87,39,44,45.25
SUPER_19,13100000,121,12,12,145,57,64,5.375
SUPER_19,13110000,82,10,4,96,34,48,5.928571
SUPER_19,13120000,106,7,17,130,51,55,17.583334
SUPER_19,13130000,159,6,11,176,68,91,2.8823528
SUPER_19,13140000,96,5,11,112,50,46,3.5
SUPER_19,13150000,106,5,6,117,51,55,3.6363637
SUPER_19,13160000,101,13,15,129,53,48,5.357143
SUPER_19,13170000,0,0,0,0,0,0,0
SUPER_19,13180000,0,0,0,0,0,0,0
SUPER_19,13190000,130,13,11,154,75,55,5.3333335
SUPER_19,13200000,148,6,8,162,68,80,5
SUPER_19,13210000,90,3,8,101,45,45,28.272728
SUPER_19,13220000,109,8,5,122,58,51,4.769231
SUPER_19,13230000,60,8,4,72,30,30,3.25
SUPER_19,13240000,110,6,10,126,54,56,2.3125
SUPER_19,13250000,78,3,7,88,37,41,15.8
SUPER_19,13260000,56,5,3,64,22,34,5.25
SUPER_19,13270000,82,4,10,96,42,40,5
SUPER_19,13280000,104,11,11,126,56,48,7
SUPER_19,13290000,62,4,2,68,31,31,2.8333333
SUPER_19,13300000,141,8,11,160,57,84,3.631579
SUPER_19,13310000,119,12,13,144,52,67,2.24
SUPER_19,13320000,73,7,5,85,37,36,12.333333
SUPER_19,13330000,82,5,9,96,39,43,10.142858
SUPER_19,13340000,0,0,0,0,0,0,0
SUPER_19,13350000,0,0,0,0,0,0,0
SUPER_19,13360000,106,4,12,122,51,55,32.8125
SUPER_19,13370000,127,7,8,142,71,56,12.533334
SUPER_19,13380000,113,15,15,143,57,56,5.4333334
SUPER_19,13390000,170,10,10,190,83,87,9.6
SUPER_19,13400000,126,9,14,149,65,61,3.0869565
SUPER_19,13410000,136,12,16,164,75,61,6.464286
SUPER_19,13420000,169,11,8,188,85,84,19.789474
SUPER_19,13430000,110,8,10,128,55,55,10.944445
SUPER_19,13440000,76,9,7,92,40,36,21.9375
SUPER_19,13450000,243,20,22,285,120,123,14.214286
SUPER_19,13460000,85,5,4,94,51,34,2.3333333
SUPER_19,13470000,51,3,7,61,22,29,5.8
SUPER_19,13480000,75,6,12,93,39,36,16.055555
SUPER_19,13490000,127,8,9,144,62,65,9.294118
SUPER_19,13500000,167,19,8,194,89,78,11.814815
SUPER_19,13510000,128,14,13,155,65,63,13.555555
SUPER_19,13520000,126,10,9,145,71,55,8.578947
SUPER_19,13530000,70,7,6,83,45,25,5.5384617
SUPER_19,13540000,151,9,10,170,73,78,6.736842
SUPER_19,13550000,141,6,14,161,82,59,12.3
SUPER_19,13560000,70,11,9,90,30,40,7.05
SUPER_19,13570000,96,9,12,117,48,48,3.6666667
SUPER_19,13580000,122,13,14,149,57,65,12.592592
SUPER_19,13590000,78,8,5,91,45,33,5.923077
SUPER_19,13600000,114,9,13,136,59,55,6.6363635
SUPER_19,13610000,38,3,1,42,23,15,2
SUPER_19,13620000,26,5,0,31,13,13,10.4
SUPER_19,13630000,35,4,3,42,19,16,2.5714285
SUPER_19,13640000,14,2,1,17,9,5,6.3333335
SUPER_19,13650000,18,4,1,23,8,10,4.4
SUPER_19,13660000,93,7,10,110,42,51,7.8235292
SUPER_19,13670000,15,3,1,19,8,7,14.75
SUPER_19,13680000,13,3,1,17,7,6,1.5
SUPER_19,13690000,29,2,3,34,10,19,7.6
SUPER_19,13700000,45,5,5,55,20,25,7.8
SUPER_19,13710000,31,2,4,37,13,18,4
SUPER_19,13720000,30,4,5,39,14,16,5.2222223
SUPER_19,13730000,45,8,12,65,16,29,5.4
SUPER_19,13740000,54,9,9,72,22,32,17.833334
SUPER_19,13750000,40,5,5,50,17,23,3.1
SUPER_19,13760000,26,0,3,29,16,10,9
SUPER_19,13770000,50,7,4,61,25,25,2.6363637
SUPER_19,13780000,47,2,6,55,21,26,8.875
SUPER_19,13790000,40,0,2,42,10,30,5
SUPER_19,13800000,1,0,1,2,1,0,13
SUPER_19,13810000,25,7,2,34,10,15,7.5555553
SUPER_19,13820000,123,9,8,140,67,56,3.6470587
SUPER_19,13830000,108,6,8,122,49,59,5.142857
SUPER_19,13840000,66,3,6,75,34,32,8
SUPER_19,13850000,7,1,2,10,5,2,3.3333333
SUPER_19,13860000,13,3,3,19,7,6,3.3333333
SUPER_19,13870000,10,0,0,10,6,4,NaN
SUPER_19,13880000,28,1,3,32,11,17,46
SUPER_19,13890000,1,0,0,1,1,0,NaN
SUPER_19,13900000,24,3,3,30,10,14,3
SUPER_19,13910000,17,1,0,18,13,4,1
SUPER_19,13920000,17,1,1,19,9,8,4
SUPER_19,13930000,18,3,3,24,6,12,14.666667
SUPER_19,13940000,38,4,2,44,15,23,9.666667
SUPER_19,13950000,70,5,6,81,33,37,4.3636365
SUPER_19,13960000,126,12,10,148,65,61,4.3636365
SUPER_19,13970000,62,4,5,71,37,25,11.444445
SUPER_19,13980000,60,13,10,83,31,29,11.652174
SUPER_19,13990000,90,6,7,103,43,47,4.8461537
SUPER_19,14000000,83,4,5,92,46,37,11.111111
SUPER_19,14010000,49,10,3,62,27,22,18.153847
SUPER_19,14020000,28,4,6,38,14,14,9.6
SUPER_19,14030000,17,0,1,18,6,11,3
SUPER_19,14040000,29,1,1,31,13,16,6
SUPER_19,14050000,15,3,1,19,10,5,13
SUPER_19,14060000,0,0,0,0,0,0,0
SUPER_19,14070000,0,0,0,0,0,0,0
SUPER_19,14080000,29,1,1,31,15,14,1
SUPER_19,14090000,0,3,0,3,0,0,7
SUPER_19,14100000,2,0,1,3,2,0,2
SUPER_19,14110000,0,0,0,0,0,0,0
SUPER_19,14120000,0,0,0,0,0,0,0
SUPER_19,14130000,5,2,2,9,2,3,2.5
SUPER_19,14140000,3,1,0,4,2,1,1
SUPER_19,14150000,2,2,0,4,0,2,11
SUPER_19,14160000,1,1,0,2,1,0,1
SUPER_19,14170000,54,3,1,58,24,30,3.75
SUPER_19,14180000,47,5,5,57,26,21,18.1
SUPER_19,14190000,99,7,5,111,42,57,8.25
SUPER_19,14200000,30,3,0,33,20,10,3
SUPER_19,14210000,61,6,2,69,38,23,5.375
SUPER_19,14220000,53,6,2,61,25,28,6.125
SUPER_19,14230000,60,8,4,72,30,30,4.1666665
SUPER_19,14240000,9,1,1,11,7,2,4.5
SUPER_19,14250000,27,6,6,39,15,12,30.333334
SUPER_19,14260000,28,2,3,33,12,16,103.6
SUPER_19,14270000,87,4,9,100,45,42,25.307692
SUPER_19,14280000,113,7,7,127,61,52,11.571428
SUPER_19,14290000,83,3,15,101,46,37,6.5555553
SUPER_19,14300000,5,0,0,5,2,3,NaN
SUPER_19,14310000,3,0,0,3,0,3,NaN
SUPER_19,14320000,3,0,3,6,1,2,1.3333334
SUPER_19,14330000,3,0,0,3,2,1,NaN
SUPER_19,14340000,4,1,2,7,2,2,9.333333
SUPER_19,14350000,2,1,1,4,1,1,5.5
SUPER_19,14360000,6,1,2,9,5,1,11.666667
SUPER_19,14370000,1,1,1,3,1,0,6.5
SUPER_19,14380000,2,1,0,3,1,1,2
SUPER_19,14390000,5,0,1,6,1,4,1
SUPER_19,14400000,1,1,0,2,0,1,1
SUPER_19,14410000,2,0,0,2,2,0,NaN
SUPER_19,14420000,3,1,0,4,2,1,3
SUPER_19,14430000,1,1,0,2,0,1,4
SUPER_19,14440000,1,0,0,1,0,1,NaN
SUPER_19,14450000,5,0,0,5,2,3,NaN
SUPER_19,14460000,1,2,0,3,1,0,12.5
SUPER_19,14470000,4,1,0,5,2,2,5
SUPER_19,14480000,7,0,0,7,3,4,NaN
SUPER_19,14490000,83,4,7,94,33,50,6.909091
SUPER_19,14500000,103,3,6,112,41,62,23.666666
SUPER_19,14510000,132,13,19,164,62,70,4.0625
SUPER_19,14520000,25,0,3,28,11,14,3
SUPER_19,14530000,16,1,0,17,8,8,13
SUPER_19,14540000,80,7,5,92,43,37,10.583333
SUPER_19,14550000,61,6,6,73,30,31,11.916667
SUPER_19,14560000,70,3,3,76,36,34,5
SUPER_19,14570000,79,7,5,91,50,29,6.3333335
SUPER_19,14580000,104,3,13,120,60,44,8
SUPER_19,14590000,63,6,2,71,32,31,4.75
SUPER_19,14600000,0,0,0,0,0,0,0
SUPER_19,14610000,0,0,0,0,0,0,0
SUPER_19,14620000,0,0,0,0,0,0,0
SUPER_19,14630000,0,0,0,0,0,0,0
SUPER_19,14640000,0,0,0,0,0,0,0
SUPER_19,14650000,0,0,0,0,0,0,0
SUPER_19,14660000,180,11,11,202,102,78,5.6363635
SUPER_19,14670000,113,5,6,124,67,46,14.272727
SUPER_19,14680000,66,5,6,77,41,25,1.2727273
SUPER_19,14690000,95,5,13,113,56,39,8
SUPER_19,14700000,52,9,1,62,26,26,8.4
SUPER_19,14710000,111,14,6,131,41,70,11.65
SUPER_19,14720000,0,0,0,0,0,0,0
SUPER_19,14730000,0,0,0,0,0,0,0
SUPER_19,14740000,0,0,0,0,0,0,0
SUPER_19,14750000,0,0,0,0,0,0,0
SUPER_19,14760000,0,0,0,0,0,0,0
SUPER_19,14770000,0,0,0,0,0,0,0
SUPER_19,14780000,0,0,0,0,0,0,0
SUPER_19,14790000,0,0,0,0,0,0,0
SUPER_19,14800000,0,0,0,0,0,0,0
SUPER_19,14810000,0,0,0,0,0,0,0
SUPER_19,14820000,0,0,0,0,0,0,0
SUPER_19,14830000,98,4,10,112,52,46,9.857142
SUPER_19,14840000,2,0,0,2,0,2,NaN
SUPER_19,14850000,69,3,8,80,37,32,36.090908
SUPER_19,14860000,55,2,2,59,31,24,16.75
SUPER_19,14870000,110,7,7,124,57,53,17.142857
SUPER_19,14880000,22,1,3,26,10,12,16.5
SUPER_19,14890000,160,13,13,186,83,77,6
SUPER_19,14900000,194,11,14,219,127,67,9.36
SUPER_19,14910000,3,0,0,3,1,2,NaN
SUPER_19,14920000,38,2,1,41,19,19,18.333334
SUPER_19,14930000,3,0,0,3,2,1,NaN
SUPER_19,14940000,0,0,1,1,0,0,8
SUPER_19,14950000,6,0,0,6,1,5,NaN
SUPER_19,14960000,8,1,0,9,5,3,4
SUPER_19,14970000,4,1,0,5,2,2,22
SUPER_19,14980000,7,1,1,9,4,3,3
SUPER_19,14990000,21,1,3,25,13,8,7.5
SUPER_19,15000000,84,4,6,94,47,37,5.8
SUPER_19,15010000,35,2,1,38,14,21,10
SUPER_19,15020000,0,0,0,0,0,0,0
SUPER_19,15030000,0,0,0,0,0,0,0
SUPER_19,15040000,2,0,0,2,1,1,NaN
SUPER_19,15050000,1,0,0,1,1,0,NaN
SUPER_19,15060000,44,3,5,52,21,23,5.625
SUPER_19,15070000,20,4,1,25,12,8,1
SUPER_19,15080000,2,1,1,4,1,1,1.5
SUPER_19,15090000,5,0,1,6,3,2,2
SUPER_19,15100000,1,0,0,1,1,0,NaN
SUPER_19,15110000,2,0,0,2,1,1,NaN
SUPER_19,15120000,3,0,1,4,1,2,1
SUPER_19,15130000,0,0,0,0,0,0,0
SUPER_19,15140000,0,0,0,0,0,0,0
SUPER_19,15150000,11,5,3,19,7,4,4.125
SUPER_19,15160000,3,1,0,4,3,0,1
SUPER_19,15170000,1,0,0,1,0,1,NaN
SUPER_19,15180000,74,0,4,78,40,34,5.5
SUPER_19,15190000,133,11,6,150,68,65,8.529411
SUPER_19,15200000,76,7,4,87,42,34,3.8181818
SUPER_19,15210000,96,7,3,106,49,47,5.1
SUPER_19,15220000,0,0,0,0,0,0,0
SUPER_19,15230000,0,0,0,0,0,0,0
SUPER_19,15240000,61,3,4,68,36,25,37.42857
SUPER_19,15250000,186,11,14,211,89,97,7.12
SUPER_19,15260000,93,2,2,97,46,47,37.5
SUPER_19,15270000,138,4,8,150,76,62,4.25
SUPER_19,15280000,104,9,7,120,52,52,11.125
SUPER_19,15290000,179,15,19,213,91,88,8.529411
SUPER_19,15300000,20,2,1,23,13,7,3.3333333
SUPER_19,15310000,115,5,2,122,65,50,2.4285715
SUPER_19,15320000,140,7,7,154,69,71,6.571429
SUPER_19,15330000,49,4,3,56,25,24,4.142857
SUPER_19,15340000,58,0,3,61,36,22,2
SUPER_19,15350000,108,8,5,121,54,54,4.3846154
SUPER_19,15360000,47,0,1,48,24,23,2
SUPER_19,15370000,180,9,10,199,90,90,7.4736843
SUPER_19,15380000,67,3,3,73,39,28,8.5
SUPER_19,15390000,19,3,1,23,12,7,2.25
SUPER_19,15400000,0,0,0,0,0,0,0
SUPER_19,15410000,0,0,0,0,0,0,0
SUPER_19,15420000,169,10,13,192,88,81,4.695652
SUPER_19,15430000,32,1,4,37,16,16,8.6
SUPER_19,15440000,25,4,2,31,13,12,1.6666666
SUPER_19,15450000,5,1,1,7,4,1,3
SUPER_19,15460000,7,0,1,8,5,2,3
SUPER_19,15470000,14,0,0,14,11,3,NaN
SUPER_19,15480000,69,4,1,74,39,30,13.8
SUPER_19,15490000,87,7,9,103,44,43,3.3125
SUPER_19,15500000,95,2,5,102,51,44,9.285714
SUPER_19,15510000,0,0,0,0,0,0,0
SUPER_19,15520000,0,0,0,0,0,0,0
SUPER_19,15530000,0,0,0,0,0,0,0
SUPER_19,15540000,0,0,0,0,0,0,0
SUPER_19,15550000,0,0,0,0,0,0,0
SUPER_19,15560000,0,0,0,0,0,0,0
SUPER_19,15570000,65,3,4,72,40,25,114.85714
SUPER_19,15580000,1,0,0,1,1,0,NaN
SUPER_19,15590000,1,0,0,1,1,0,NaN
SUPER_19,15600000,2,0,0,2,2,0,NaN
SUPER_19,15610000,21,1,2,24,14,7,13.333333
SUPER_19,15620000,48,3,5,56,21,27,2.875
SUPER_19,15630000,84,8,8,100,45,39,13.0625
SUPER_19,15640000,96,5,4,105,55,41,6
SUPER_19,15650000,6,1,0,7,3,3,6
SUPER_19,15660000,19,0,3,22,8,11,3.6666667
SUPER_19,15670000,125,8,10,143,60,65,9.111111
SUPER_19,15680000,157,6,11,174,68,89,5.0588236
SUPER_19,15690000,67,2,4,73,41,26,13.666667
SUPER_19,15700000,43,3,4,50,25,18,11.571428
SUPER_19,15710000,14,3,3,20,4,10,2.8333333
SUPER_19,15720000,120,10,5,135,62,58,26.266666
SUPER_19,15730000,144,2,4,150,78,66,10.833333
SUPER_19,15740000,98,5,6,109,46,52,10.454545
SUPER_19,15750000,163,4,13,180,93,70,4.7647057
SUPER_19,15760000,0,0,0,0,0,0,0
SUPER_19,15770000,0,0,0,0,0,0,0
SUPER_19,15780000,206,18,11,235,107,99,6.172414
SUPER_19,15790000,49,1,7,57,27,22,47.625
SUPER_19,15800000,107,3,1,111,60,47,9.5
SUPER_19,15810000,43,3,2,48,21,22,1.4
SUPER_19,15820000,83,5,5,93,44,39,1.9
SUPER_19,15830000,15,0,0,15,7,8,NaN
SUPER_19,15840000,3,1,0,4,2,1,2
SUPER_19,15850000,76,3,5,84,36,40,6
SUPER_19,15860000,72,2,5,79,34,38,7.428571
SUPER_19,15870000,74,5,6,85,40,34,9.818182
SUPER_19,15880000,1,1,0,2,1,0,6
SUPER_19,15890000,1,0,0,1,1,0,NaN
SUPER_19,15900000,0,1,0,1,0,0,3
SUPER_19,15910000,2,0,0,2,1,1,NaN
SUPER_19,15920000,1,0,0,1,1,0,NaN
SUPER_19,15930000,3,1,0,4,2,1,21
SUPER_19,15940000,2,0,0,2,0,2,NaN
SUPER_19,15950000,56,3,1,60,31,25,1.25
SUPER_19,15960000,45,2,4,51,24,21,7.1666665
SUPER_19,15970000,29,3,2,34,15,14,2.2
SUPER_19,15980000,1,0,0,1,0,1,NaN
SUPER_19,15990000,4,0,0,4,3,1,NaN
SUPER_19,16000000,230,8,20,258,109,121,47.17857
SUPER_19,16010000,121,8,5,134,66,55,13.923077
SUPER_19,16020000,78,7,9,94,36,42,12.75
SUPER_19,16030000,145,9,9,163,68,77,3.0555556
SUPER_19,16040000,33,2,4,39,15,18,4
SUPER_19,16050000,32,1,3,36,16,16,10.25
SUPER_19,16060000,36,7,1,44,23,13,3.625
SUPER_19,16070000,118,3,9,130,60,58,14.75
SUPER_19,16080000,112,7,11,130,72,40,11.5
SUPER_19,16090000,102,8,3,113,50,52,2.7272727
SUPER_19,16100000,27,2,0,29,13,14,2.5
SUPER_19,16110000,81,9,1,91,41,40,4.4
SUPER_19,16120000,101,10,6,117,47,54,3.4375
SUPER_19,16130000,0,0,0,0,0,0,0
SUPER_19,16140000,0,0,0,0,0,0,0
SUPER_19,16150000,0,0,0,0,0,0,0
SUPER_19,16160000,32,1,4,37,17,15,66
SUPER_19,16170000,1,0,0,1,0,1,NaN
SUPER_19,16180000,3,0,0,3,2,1,NaN
SUPER_19,16190000,1,1,0,2,0,1,3
SUPER_19,16200000,5,1,0,6,1,4,1
SUPER_19,16210000,4,1,2,7,3,1,10.666667
SUPER_19,16220000,4,0,0,4,2,2,NaN
SUPER_19,16230000,2,1,1,4,2,0,4
SUPER_19,16240000,1,1,0,2,1,0,13
SUPER_19,16250000,1,1,1,3,0,1,1.5
SUPER_19,16260000,45,4,0,49,17,28,2.25
SUPER_19,16270000,178,10,9,197,101,77,10.526316
SUPER_19,16280000,170,10,11,191,91,79,4.142857
SUPER_19,16290000,136,11,11,158,73,63,4.2272725
SUPER_19,16300000,29,6,2,37,17,12,6.125
SUPER_19,16310000,90,12,5,107,60,30,14.705882
SUPER_19,16320000,93,5,6,104,53,40,6.6363635
SUPER_19,16330000,0,0,0,0,0,0,0
SUPER_19,16340000,0,0,0,0,0,0,0
SUPER_19,16350000,83,6,7,96,45,38,3.8461537
SUPER_19,16360000,221,11,15,247,114,107,4.4615383
SUPER_19,16370000,126,17,11,154,71,55,4.392857
SUPER_19,16380000,56,6,3,65,28,28,10.888889
SUPER_19,16390000,2,0,0,2,0,2,NaN
SUPER_19,16400000,4,0,1,5,2,2,1
SUPER_19,16410000,113,8,5,126,59,54,7.230769
SUPER_19,16420000,93,3,10,106,45,48,13.615385
SUPER_19,16430000,1,0,0,1,1,0,NaN
SUPER_19,16440000,7,0,2,9,3,4,1.5
SUPER_19,16450000,52,5,3,60,29,23,4.25
SUPER_19,16460000,128,10,10,148,65,63,3.3
SUPER_19,16470000,122,10,3,135,62,60,8.615385
SUPER_19,16480000,112,8,8,128,49,63,4.0625
SUPER_19,16490000,136,8,8,152,61,75,6.3125
SUPER_19,16500000,129,19,13,161,69,60,4
SUPER_19,16510000,106,7,10,123,57,49,6.1764708
SUPER_19,16520000,121,8,11,140,61,60,18.157894
SUPER_19,16530000,139,9,10,158,62,77,7.894737
SUPER_19,16540000,1,0,2,3,1,0,3
SUPER_19,16550000,1,0,0,1,1,0,NaN
SUPER_19,16560000,1,0,0,1,0,1,NaN
SUPER_19,16570000,2,1,0,3,0,2,32
SUPER_19,16580000,67,5,2,74,38,29,3.2857144
SUPER_19,16590000,94,9,5,108,58,36,7.214286
SUPER_19,16600000,1,1,0,2,0,1,1
SUPER_19,16610000,2,0,0,2,2,0,NaN
SUPER_19,16620000,0,2,1,3,0,0,10.333333
SUPER_19,16630000,13,1,1,15,6,7,4.5
SUPER_19,16640000,5,0,0,5,3,2,NaN
SUPER_19,16650000,60,8,3,71,28,32,9.818182
SUPER_19,16660000,137,11,6,154,80,57,24.470589
SUPER_19,16670000,87,4,8,99,40,47,4.5833335
SUPER_19,16680000,3,0,0,3,1,2,NaN
SUPER_19,16690000,79,2,8,89,36,43,4.4
SUPER_19,16700000,74,5,2,81,36,38,23
SUPER_19,16710000,48,3,7,58,26,22,4.9
SUPER_19,16720000,25,1,4,30,9,16,9.8
SUPER_19,16730000,106,12,10,128,64,42,7.6363635
SUPER_19,16740000,97,4,4,105,59,38,9.875
SUPER_19,16750000,160,5,14,179,81,79,6.263158
SUPER_19,16760000,126,11,8,145,64,62,9.526316
SUPER_19,16770000,105,6,6,117,49,56,51.666668
SUPER_19,16780000,26,3,3,32,11,15,9
SUPER_19,16790000,60,2,2,64,29,31,2.5
SUPER_19,16800000,86,6,9,101,49,37,14.733334
SUPER_19,16810000,23,1,1,25,13,10,3.5
SUPER_19,16820000,97,1,13,111,50,47,6.5
SUPER_19,16830000,161,11,13,185,81,80,9.791667
SUPER_19,16840000,154,6,13,173,71,83,23.210526
SUPER_19,16850000,137,6,13,156,56,81,6.4736843
SUPER_19,16860000,114,9,14,137,59,55,33.826088
SUPER_19,16870000,106,9,14,129,40,66,19.47826
SUPER_19,16880000,151,18,9,178,72,79,3.5185184
SUPER_19,16890000,86,6,5,97,43,43,5.818182
SUPER_19,16900000,101,7,11,119,49,52,31.11111
SUPER_19,16910000,131,14,10,155,67,64,6.5416665
SUPER_19,16920000,4,1,1,6,2,2,8
SUPER_19,16930000,107,10,12,129,50,57,19.636364
SUPER_19,16940000,192,16,15,223,101,91,8.16129
SUPER_19,16950000,113,3,7,123,55,58,5.3
SUPER_19,16960000,56,2,2,60,32,24,14.25
SUPER_19,16970000,78,11,10,99,34,44,3.7142856
SUPER_19,16980000,13,1,0,14,3,10,1
SUPER_19,16990000,125,7,3,135,65,60,6.3
SUPER_19,17000000,43,7,4,54,17,26,6.7272725
SUPER_19,17010000,122,9,11,142,73,49,55
SUPER_19,17020000,0,0,0,0,0,0,0
SUPER_19,17030000,0,0,0,0,0,0,0
SUPER_19,17040000,45,3,5,53,22,23,25.25
SUPER_19,17050000,34,1,4,39,20,14,22.4
SUPER_19,17060000,0,0,0,0,0,0,0
SUPER_19,17070000,0,0,0,0,0,0,0
SUPER_19,17080000,1,1,0,2,0,1,1
SUPER_19,17090000,5,1,1,7,2,3,2
SUPER_19,17100000,132,13,8,153,74,58,5.142857
SUPER_19,17110000,113,7,16,136,55,58,27.217392
SUPER_19,17120000,56,6,6,68,33,23,15.666667
SUPER_19,17130000,50,2,4,56,21,29,3.3333333
SUPER_19,17140000,1,0,0,1,1,0,NaN
SUPER_19,17150000,1,0,0,1,0,1,NaN
SUPER_19,17160000,14,4,0,18,8,6,2.75
SUPER_19,17170000,70,8,5,83,44,26,14.461538
SUPER_19,17180000,111,6,7,124,68,43,13.538462
SUPER_19,17190000,36,2,2,40,19,17,4.5
SUPER_19,17200000,92,5,6,103,48,44,9.454545
SUPER_19,17210000,109,7,10,126,62,47,10.764706
SUPER_19,17220000,123,9,7,139,61,62,4.5
SUPER_19,17230000,130,5,7,142,73,57,16.083334
SUPER_19,17240000,206,12,15,233,99,107,3.4814816
SUPER_19,17250000,130,7,10,147,66,64,7.470588
SUPER_19,17260000,148,12,10,170,72,76,17.40909
SUPER_19,17270000,48,5,2,55,26,22,5.571429
SUPER_19,17280000,3,1,0,4,2,1,6
SUPER_19,17290000,16,3,1,20,8,8,9
SUPER_19,17300000,72,5,1,78,38,34,1.5
SUPER_19,17310000,139,5,6,150,68,71,2.8181818
SUPER_19,17320000,81,6,3,90,52,29,5.111111
SUPER_19,17330000,4,0,0,4,2,2,NaN
SUPER_19,17340000,7,0,2,9,5,2,12
SUPER_19,17350000,119,8,6,133,58,61,8.142858
SUPER_19,17360000,59,6,4,69,28,31,7.6
SUPER_19,17370000,118,7,7,132,56,62,4.642857
SUPER_19,17380000,115,6,5,126,61,54,12.090909
SUPER_19,17390000,28,4,3,35,10,18,7.285714
SUPER_19,17400000,2,0,0,2,1,1,NaN
SUPER_19,17410000,28,2,2,32,14,14,1.25
SUPER_19,17420000,29,1,1,31,14,15,11
SUPER_19,17430000,88,6,2,96,49,39,2.875
SUPER_19,17440000,131,7,7,145,69,62,4.285714
SUPER_19,17450000,158,15,8,181,80,78,5.652174
SUPER_19,17460000,124,15,7,146,64,60,6.8636365
SUPER_19,17470000,42,3,4,49,19,23,3.5714285
SUPER_19,17480000,141,11,7,159,75,66,4.111111
SUPER_19,17490000,175,8,13,196,101,74,6.904762
SUPER_19,17500000,213,9,10,232,107,106,5.368421
SUPER_19,17510000,98,6,10,114,39,59,8.3125
SUPER_19,17520000,79,6,6,91,40,39,9.25
SUPER_19,17530000,34,4,3,41,17,17,57.42857
SUPER_19,17540000,120,4,7,131,53,67,12.272727
SUPER_19,17550000,112,11,9,132,69,43,3.85
SUPER_19,17560000,68,4,6,78,40,28,10.9
SUPER_19,17570000,0,1,0,1,0,0,6
SUPER_19,17580000,1,0,0,1,0,1,NaN
SUPER_19,17590000,3,0,0,3,1,2,NaN
SUPER_19,17600000,24,2,3,29,10,14,3.2
SUPER_19,17610000,59,6,0,65,30,29,3
SUPER_19,17620000,170,17,8,195,82,88,7.08
SUPER_19,17630000,158,9,4,171,88,70,6.076923
SUPER_19,17640000,117,5,8,130,55,62,4.6153846
SUPER_19,17650000,117,5,6,128,54,63,1.8181819
SUPER_19,17660000,116,12,8,136,63,53,15.05
SUPER_19,17670000,26,2,5,33,10,16,52.285713
SUPER_19,17680000,49,5,6,60,24,25,11.909091
SUPER_19,17690000,122,5,2,129,69,53,6
SUPER_19,17700000,72,5,5,82,37,35,6.8
SUPER_19,17710000,46,2,5,53,22,24,1.7142857
SUPER_19,17720000,153,11,9,173,82,71,30.3
SUPER_19,17730000,102,5,4,111,56,46,6.888889
SUPER_19,17740000,119,6,10,135,68,51,30.3125
SUPER_19,17750000,99,7,7,113,53,46,22.5
SUPER_19,17760000,113,6,9,128,62,51,4.4
SUPER_19,17770000,57,8,1,66,32,25,6.5555553
SUPER_19,17780000,142,10,8,160,66,76,6.2777777
SUPER_19,17790000,28,2,0,30,20,8,11
SUPER_19,17800000,58,1,3,62,31,27,3
SUPER_19,17810000,68,4,7,79,36,32,5.5454545
SUPER_19,17820000,94,1,5,100,45,49,10.666667
SUPER_19,17830000,2,0,0,2,1,1,NaN
SUPER_19,17840000,1,1,0,2,1,0,10
SUPER_19,17850000,101,12,6,119,56,45,5.8333335
SUPER_19,17860000,66,3,3,72,30,36,7.1666665
SUPER_19,17870000,156,13,14,183,88,68,7.851852
SUPER_19,17880000,88,5,9,102,47,41,6.642857
SUPER_19,17890000,3,1,1,5,1,2,22
SUPER_19,17900000,1,0,0,1,0,1,NaN
SUPER_19,17910000,0,0,0,0,0,0,0
SUPER_19,17920000,0,0,0,0,0,0,0
SUPER_19,17930000,0,0,0,0,0,0,0
SUPER_19,17940000,0,0,0,0,0,0,0
SUPER_19,17950000,10,0,1,11,9,1,21
SUPER_19,17960000,2,0,0,2,0,2,NaN
SUPER_19,17970000,21,1,0,22,12,9,1
SUPER_19,17980000,4,2,0,6,2,2,40.5
SUPER_19,17990000,6,2,1,9,1,5,6.3333335
SUPER_19,18000000,0,0,0,0,0,0,0
SUPER_19,18010000,0,0,0,0,0,0,0
SUPER_19,18020000,52,0,6,58,31,21,9.833333
SUPER_19,18030000,133,9,4,146,66,67,10.076923
SUPER_19,18040000,79,3,5,87,33,46,6.75
SUPER_19,18050000,115,9,6,130,60,55,8.4
SUPER_19,18060000,73,2,1,76,42,31,21
SUPER_19,18070000,0,0,0,0,0,0,0
SUPER_19,18080000,0,0,0,0,0,0,0
SUPER_19,18090000,122,5,5,132,59,63,5.3
SUPER_19,18100000,131,8,11,150,58,73,12.894737
SUPER_19,18110000,40,3,1,44,21,19,2.25
SUPER_19,18120000,74,2,2,78,47,27,45.75
SUPER_19,18130000,26,5,0,31,16,10,9.6
SUPER_19,18140000,152,8,12,172,77,75,6.4
SUPER_19,18150000,55,10,4,69,26,29,9.214286
SUPER_19,18160000,49,5,3,57,24,25,8.375
SUPER_19,18170000,173,17,15,205,67,106,6.6875
SUPER_19,18180000,90,7,6,103,51,39,3
SUPER_19,18190000,114,10,9,133,55,59,5.4736843
SUPER_19,18200000,2,0,0,2,1,1,NaN
SUPER_19,18210000,2,0,0,2,2,0,NaN
SUPER_19,18220000,24,4,2,30,10,14,6.5
SUPER_19,18230000,85,3,4,92,44,41,10.428572
SUPER_19,18240000,122,9,3,134,63,59,3.4166667
SUPER_19,18250000,20,0,1,21,9,11,3
SUPER_19,18260000,268,20,17,305,139,129,8.351352
SUPER_19,18270000,53,5,4,62,24,29,5.2222223
SUPER_19,18280000,175,12,10,197,96,79,4.409091
SUPER_19,18290000,104,7,4,115,52,52,9.545455
SUPER_19,18300000,132,5,12,149,69,63,4.5882354
SUPER_19,18310000,176,6,15,197,90,86,22.238094
SUPER_19,18320000,85,6,9,100,47,38,6.266667
SUPER_19,18330000,22,0,1,23,11,11,2
SUPER_19,18340000,72,4,4,80,34,38,6.75
SUPER_19,18350000,44,2,3,49,17,27,4
SUPER_19,18360000,5,0,1,6,3,2,6
SUPER_19,18370000,3,0,0,3,2,1,NaN
SUPER_19,18380000,0,0,0,0,0,0,0
SUPER_19,18390000,0,0,0,0,0,0,0
SUPER_19,18400000,0,0,0,0,0,0,0
SUPER_19,18410000,7,1,2,10,5,2,3
SUPER_19,18420000,101,10,11,122,49,52,7.142857
SUPER_19,18430000,117,5,8,130,69,48,16.076923
SUPER_19,18440000,118,8,14,140,68,50,9.363636
SUPER_19,18450000,3,0,2,5,2,1,1.5
SUPER_19,18460000,127,7,7,141,69,58,5.214286
SUPER_19,18470000,31,2,1,34,17,14,10.666667
SUPER_19,18480000,144,10,7,161,75,69,17
SUPER_19,18490000,128,12,14,154,63,65,14.692307
SUPER_19,18500000,168,15,14,197,92,76,4.1034484
SUPER_19,18510000,99,7,4,110,46,53,6
SUPER_19,18520000,1,0,0,1,1,0,NaN
SUPER_19,18530000,0,0,0,0,0,0,0
SUPER_19,18540000,0,0,0,0,0,0,0
SUPER_19,18550000,0,0,0,0,0,0,0
SUPER_19,18560000,0,0,0,0,0,0,0
SUPER_19,18570000,0,0,0,0,0,0,0
SUPER_19,18580000,156,12,9,177,75,81,4.3809524
SUPER_19,18590000,46,3,3,52,22,24,4.5
SUPER_19,18600000,28,0,2,30,11,17,16
SUPER_19,18610000,2,0,1,3,0,2,2
SUPER_19,18620000,1,1,0,2,1,0,12
SUPER_19,18630000,1,0,0,1,0,1,NaN
SUPER_19,18640000,2,0,0,2,2,0,NaN
SUPER_19,18650000,4,1,0,5,2,2,50
SUPER_19,18660000,78,7,2,87,47,31,8.777778
SUPER_19,18670000,91,9,5,105,45,46,3.7857144
SUPER_19,18680000,152,13,7,172,80,72,15.4
SUPER_19,18690000,126,10,6,142,73,53,6.8125
SUPER_19,18700000,125,15,10,150,61,64,22.88
SUPER_19,18710000,77,4,5,86,39,38,4.3333335
SUPER_19,18720000,122,9,7,138,70,52,7
SUPER_19,18730000,6,0,0,6,3,3,NaN
SUPER_19,18740000,6,0,0,6,1,5,NaN
SUPER_19,18750000,3,0,1,4,3,0,9
SUPER_19,18760000,4,1,0,5,4,0,2
SUPER_19,18770000,7,0,2,9,4,3,2.5
SUPER_19,18780000,4,0,0,4,1,3,NaN
SUPER_19,18790000,11,5,3,19,4,7,7.875
SUPER_19,18800000,58,1,3,62,34,24,2
SUPER_19,18810000,105,7,4,116,48,57,5.4545455
SUPER_19,18820000,164,8,12,184,95,69,5.1
SUPER_19,18830000,134,9,10,153,64,70,21.210526
SUPER_19,18840000,130,16,11,157,68,62,7.5555553
SUPER_19,18850000,111,7,5,123,60,51,6.4166665
SUPER_19,18860000,124,10,14,148,57,67,14.833333
SUPER_19,18870000,202,14,16,232,104,98,6.1666665
SUPER_19,18880000,105,9,10,124,61,44,7.736842
SUPER_19,18890000,116,5,8,129,58,58,9.692307
SUPER_19,18900000,92,2,10,104,44,48,2.6666667
SUPER_19,18910000,103,9,17,129,51,52,3.8846154
SUPER_19,18920000,96,5,15,116,49,47,5.45
SUPER_19,18930000,72,8,3,83,39,33,4.5454545
SUPER_19,18940000,162,11,9,182,68,94,20.1
SUPER_19,18950000,90,11,9,110,39,51,5.2
SUPER_19,18960000,0,0,0,0,0,0,0
SUPER_19,18970000,0,0,0,0,0,0,0
SUPER_19,18980000,6,2,0,8,2,4,2
SUPER_19,18990000,2,0,0,2,0,2,NaN
SUPER_19,19000000,146,7,14,167,73,73,8.476191
SUPER_19,19010000,95,10,11,116,47,48,33.04762
SUPER_19,19020000,98,5,8,111,59,39,14.923077
SUPER_19,19030000,104,10,7,121,46,58,8.411765
SUPER_19,19040000,35,3,4,42,14,21,4.857143
SUPER_19,19050000,127,4,8,139,62,65,17.5
SUPER_19,19060000,81,7,10,98,46,35,4.5882354
SUPER_19,19070000,175,15,14,204,86,89,4.448276
SUPER_19,19080000,1,0,0,1,1,0,NaN
SUPER_19,19090000,2,1,0,3,0,2,1
SUPER_19,19100000,1,0,0,1,0,1,NaN
SUPER_19,19110000,2,2,0,4,1,1,5.5
SUPER_19,19120000,3,0,0,3,1,2,NaN
SUPER_19,19130000,6,1,1,8,1,5,11
SUPER_19,19140000,12,2,2,16,7,5,2.25
SUPER_19,19150000,36,4,3,43,23,13,22.428572
SUPER_19,19160000,0,0,0,0,0,0,0
SUPER_19,19170000,0,0,0,0,0,0,0
SUPER_19,19180000,35,3,8,46,17,18,5.181818
SUPER_19,19190000,183,15,9,207,79,104,6.6666665
SUPER_19,19200000,98,13,8,119,59,39,37.42857
SUPER_19,19210000,99,6,8,113,52,47,5.857143
SUPER_19,19220000,92,6,9,107,47,45,6
SUPER_19,19230000,24,0,6,30,8,16,4.8333335
SUPER_19,19240000,4,1,0,5,2,2,1
SUPER_19,19250000,4,0,0,4,3,1,NaN
SUPER_19,19260000,129,12,12,153,69,60,5.875
SUPER_19,19270000,124,6,11,141,72,52,4.7647057
SUPER_19,19280000,178,14,8,200,88,90,31.045454
SUPER_19,19290000,88,6,11,105,46,42,7.117647
SUPER_19,19300000,103,9,5,117,55,48,5.714286
SUPER_19,19310000,116,13,11,140,62,54,6.75
SUPER_19,19320000,93,3,12,108,44,49,7.733333
SUPER_19,19330000,103,10,15,128,57,46,31.92
SUPER_19,19340000,59,7,8,74,36,23,4.133333
SUPER_19,19350000,27,2,2,31,17,10,7
SUPER_19,19360000,122,8,9,139,58,64,6.647059
SUPER_19,19370000,167,16,18,201,81,86,6.7941175
SUPER_19,19380000,26,4,7,37,12,14,4.2727275
SUPER_19,19390000,95,14,7,116,44,51,4.2380953
SUPER_19,19400000,94,7,13,114,41,53,4.55
SUPER_19,19410000,90,6,5,101,37,53,18.181818
SUPER_19,19420000,24,1,2,27,10,14,1.6666666
SUPER_19,19430000,135,8,14,157,63,72,5.818182
SUPER_19,19440000,88,8,4,100,50,38,2.6666667
SUPER_19,19450000,105,6,11,122,55,50,4.7058825
SUPER_19,19460000,163,8,8,179,78,85,23.125
SUPER_19,19470000,159,25,12,196,86,73,4.4054055
SUPER_19,19480000,58,6,2,66,29,29,4.375
SUPER_19,19490000,45,5,4,54,23,22,6
SUPER_19,19500000,150,7,11,168,74,76,6.2777777
SUPER_19,19510000,193,6,8,207,112,81,3.0714285
SUPER_19,19520000,143,9,15,167,70,73,13.208333
SUPER_19,19530000,107,7,5,119,64,43,1.9166666
SUPER_19,19540000,132,7,16,155,54,78,25.434782
SUPER_19,19550000,94,8,5,107,52,42,27.461538
SUPER_19,19560000,83,7,8,98,37,46,3.8666666
SUPER_19,19570000,2,0,1,3,2,0,5
SUPER_19,19580000,91,3,6,100,54,37,7.4444447
SUPER_19,19590000,33,0,2,35,17,16,19
SUPER_19,19600000,118,16,13,147,61,57,8
SUPER_19,19610000,54,7,6,67,27,27,5.5384617
SUPER_19,19620000,123,9,6,138,52,71,7.2
SUPER_19,19630000,63,4,7,74,33,30,5.3636365
SUPER_19,19640000,94,5,7,106,47,47,7
SUPER_19,19650000,30,2,5,37,17,13,5.714286
SUPER_19,19660000,120,7,5,132,78,42,3.75
SUPER_19,19670000,149,9,18,176,69,80,6.4074073
SUPER_19,19680000,181,13,9,203,86,95,4.818182
SUPER_19,19690000,21,2,1,24,7,14,8.666667
SUPER_19,19700000,114,8,13,135,59,55,3.6666667
SUPER_19,19710000,176,6,12,194,91,85,8.388889
SUPER_19,19720000,132,12,14,158,72,60,21.884615
SUPER_19,19730000,113,10,8,131,52,61,14
SUPER_19,19740000,134,11,13,158,63,71,6.4166665
SUPER_19,19750000,130,9,16,155,69,61,4.32
SUPER_19,19760000,87,7,11,105,41,46,6.111111
SUPER_19,19770000,92,5,4,101,59,33,6.6666665
SUPER_19,19780000,125,7,14,146,49,76,11.285714
SUPER_19,19790000,128,2,8,138,66,62,3.2
SUPER_19,19800000,72,8,7,87,36,36,9.866667
SUPER_19,19810000,77,4,3,84,36,41,2.5714285
SUPER_19,19820000,72,8,7,87,30,42,1.6666666
SUPER_19,19830000,87,6,5,98,52,35,3.8181818
SUPER_19,19840000,21,1,4,26,9,12,2
SUPER_19,19850000,3,0,0,3,2,1,NaN
SUPER_19,19860000,10,0,2,12,6,4,35
SUPER_19,19870000,1,0,0,1,1,0,NaN
SUPER_19,19880000,94,2,7,103,53,41,9.888889
SUPER_19,19890000,112,8,12,132,55,57,2.9
SUPER_19,19900000,139,6,5,150,64,75,1.7272727
SUPER_19,19910000,40,5,2,47,18,22,86.14286
SUPER_19,19920000,9,0,0,9,6,3,NaN
SUPER_19,19930000,36,2,3,41,21,15,176.6
SUPER_19,19940000,81,8,7,96,44,37,6.6666665
SUPER_19,19950000,98,5,10,113,52,46,8.2
SUPER_19,19960000,15,0,0,15,7,8,NaN
SUPER_19,19970000,18,1,3,22,8,10,2.25
SUPER_19,19980000,3,1,0,4,0,3,1
SUPER_19,19990000,2,0,0,2,2,0,NaN
SUPER_19,20000000,3,1,0,4,1,2,1
SUPER_19,20010000,0,0,1,1,0,0,1
SUPER_19,20020000,3,0,0,3,1,2,NaN
SUPER_19,20030000,1,0,0,1,0,1,NaN
SUPER_19,20040000,1,0,0,1,1,0,NaN
SUPER_19,20050000,1,0,0,1,1,0,NaN
SUPER_19,20060000,1,0,0,1,0,1,NaN
SUPER_19,20070000,0,0,0,0,0,0,0
SUPER_19,20080000,0,0,0,0,0,0,0
SUPER_19,20090000,56,10,7,73,28,28,2.3529413
SUPER_19,20100000,4,0,1,5,2,2,2
SUPER_19,20110000,0,2,0,2,0,0,5.5
SUPER_19,20120000,4,0,2,6,2,2,6.5
SUPER_19,20130000,3,0,0,3,1,2,NaN
SUPER_19,20140000,2,0,1,3,0,2,10
SUPER_19,20150000,2,0,0,2,1,1,NaN
SUPER_19,20160000,1,0,0,1,1,0,NaN
SUPER_19,20170000,83,6,4,93,41,42,4.8
SUPER_19,20180000,3,0,0,3,3,0,NaN
SUPER_19,20190000,22,2,0,24,9,13,1
SUPER_19,20200000,90,4,7,101,47,43,12.909091
SUPER_19,20210000,88,9,4,101,48,40,7.1538463
SUPER_19,20220000,95,8,13,116,47,48,8.666667
SUPER_19,20230000,29,1,5,35,20,9,7.8333335
SUPER_19,20240000,82,8,8,98,41,41,4
SUPER_19,20250000,54,4,6,64,30,24,9.4
SUPER_19,20260000,62,4,3,69,32,30,3
SUPER_19,20270000,63,3,4,70,33,30,2.4285715
SUPER_19,20280000,119,10,8,137,68,51,9.666667
SUPER_19,20290000,101,8,9,118,49,52,7
SUPER_19,20300000,87,6,4,97,44,43,5.8
SUPER_19,20310000,74,7,7,88,35,39,28.214285
SUPER_19,20320000,2,0,1,3,1,1,2
SUPER_19,20330000,1,0,0,1,0,1,NaN
SUPER_19,20340000,2,0,0,2,2,0,NaN
SUPER_19,20350000,2,1,0,3,1,1,5
SUPER_19,20360000,12,0,0,12,8,4,NaN
SUPER_19,20370000,70,5,5,80,39,31,5.3
SUPER_19,20380000,161,10,7,178,85,76,4.882353
SUPER_19,20390000,110,7,6,123,69,41,5.3076925
SUPER_19,20400000,41,0,3,44,18,23,19
SUPER_19,20410000,63,3,12,78,27,36,6.866667
SUPER_19,20420000,0,0,0,0,0,0,0
SUPER_19,20430000,0,0,0,0,0,0,0
SUPER_19,20440000,48,6,7,61,26,22,16
SUPER_19,20450000,63,2,5,70,30,33,4.428571
SUPER_19,20460000,2,0,0,2,0,2,NaN
SUPER_19,20470000,113,5,3,121,55,58,8.5
SUPER_19,20480000,167,13,12,192,81,86,16.68
SUPER_19,20490000,173,19,9,201,84,89,12.857142
SUPER_19,20500000,132,12,4,148,75,57,5.5
SUPER_19,20510000,124,8,8,140,55,69,13.1875
SUPER_19,20520000,159,12,8,179,86,73,9.35
SUPER_19,20530000,175,11,21,207,102,73,7.84375
SUPER_19,20540000,128,10,13,151,70,58,5.0869565
SUPER_19,20550000,72,2,5,79,34,38,7.428571
SUPER_19,20560000,168,2,15,185,82,86,6.470588
SUPER_19,20570000,125,9,13,147,69,56,3.8181818
SUPER_19,20580000,130,12,9,151,59,71,3.8095238
SUPER_19,20590000,200,15,7,222,102,98,4.681818
SUPER_19,20600000,160,10,12,182,84,76,8.363636
SUPER_19,20610000,137,13,10,160,74,63,9.173913
SUPER_19,20620000,184,11,16,211,83,101,12.962963
SUPER_19,20630000,150,8,6,164,84,66,16.928572
SUPER_19,20640000,91,7,12,110,46,45,8.894737
SUPER_19,20650000,148,6,14,168,67,81,41.8
SUPER_19,20660000,93,7,5,105,45,48,8.25
SUPER_19,20670000,123,7,2,132,64,59,4.3333335
SUPER_19,20680000,159,16,10,185,80,79,5.730769
SUPER_19,20690000,57,6,5,68,28,29,3.909091
SUPER_19,20700000,46,3,3,52,22,24,2.8333333
SUPER_19,20710000,5,0,0,5,3,2,NaN
SUPER_19,20720000,3,0,0,3,1,2,NaN
SUPER_19,20730000,95,9,1,105,47,48,4.5
SUPER_19,20740000,79,10,11,100,37,42,11.571428
SUPER_19,20750000,90,9,10,109,51,39,15.210526
SUPER_19,20760000,146,7,17,170,70,76,7.2083335
SUPER_19,20770000,158,12,9,179,82,76,10.238095
SUPER_19,20780000,153,14,15,182,69,84,5.1034484
SUPER_19,20790000,54,3,1,58,30,24,3.5
SUPER_19,20800000,116,9,9,134,61,55,15.833333
SUPER_19,20810000,227,10,21,258,121,106,15.83871
SUPER_19,20820000,104,9,15,128,61,43,5.25
SUPER_19,20830000,116,3,7,126,63,53,2.4
SUPER_19,20840000,124,8,17,149,59,65,15.48
SUPER_19,20850000,106,5,10,121,54,52,14.266666
SUPER_19,20860000,105,10,14,129,59,46,14.75
SUPER_19,20870000,43,3,1,47,24,19,1.75
SUPER_19,20880000,110,6,5,121,68,42,14.363636
SUPER_19,20890000,62,4,4,70,37,25,4
SUPER_19,20900000,0,0,0,0,0,0,0
SUPER_19,20910000,0,0,0,0,0,0,0
SUPER_19,20920000,14,1,0,15,5,9,1
SUPER_19,20930000,0,0,0,0,0,0,0
SUPER_19,20940000,0,0,0,0,0,0,0
SUPER_19,20950000,226,10,16,252,125,101,3.8846154
SUPER_19,20960000,129,8,6,143,69,60,11.928572
SUPER_19,20970000,69,3,5,77,37,32,1.625
SUPER_19,20980000,3,2,0,5,1,2,13
SUPER_19,20990000,2,0,0,2,0,2,NaN
SUPER_19,21000000,121,11,12,144,65,56,10.434783
SUPER_19,21010000,62,3,3,68,36,26,9.833333
SUPER_19,21020000,137,14,11,162,71,66,7.04
SUPER_19,21030000,136,15,11,162,66,70,9.230769
SUPER_19,21040000,126,11,10,147,63,63,3.4761906
SUPER_19,21050000,13,1,2,16,10,3,1.3333334
SUPER_19,21060000,129,14,3,146,62,67,3.1764705
SUPER_19,21070000,150,6,16,172,79,71,4.8636365
SUPER_19,21080000,120,8,10,138,59,61,7.0555553
SUPER_19,21090000,137,10,9,156,66,71,6.0526314
SUPER_19,21100000,113,10,5,128,52,61,8
SUPER_19,21110000,38,10,1,49,19,19,10.545455
SUPER_19,21120000,157,10,10,177,81,76,17.3
SUPER_19,21130000,0,0,0,0,0,0,0
SUPER_19,21140000,0,0,0,0,0,0,0
SUPER_19,21150000,116,9,7,132,50,66,8.125
SUPER_19,21160000,154,4,15,173,81,73,5.894737
SUPER_19,21170000,2,0,2,4,1,1,1
SUPER_19,21180000,50,7,2,59,28,22,5.5555553
SUPER_19,21190000,139,21,13,173,58,81,7.970588
SUPER_19,21200000,59,4,9,72,30,29,4.6923075
SUPER_19,21210000,83,5,12,100,43,40,8.764706
SUPER_19,21220000,121,13,6,140,60,61,2.6842105
SUPER_19,21230000,125,10,9,144,67,58,7.8421054
SUPER_19,21240000,143,13,8,164,79,64,17.380953
SUPER_19,21250000,45,3,3,51,30,15,4.3333335
SUPER_19,21260000,80,6,8,94,43,37,3.2142856
SUPER_19,21270000,120,9,8,137,63,57,2.8823528
SUPER_19,21280000,44,7,7,58,24,20,8.142858
SUPER_19,21290000,2,0,0,2,2,0,NaN
SUPER_19,21300000,1,0,0,1,0,1,NaN
SUPER_19,21310000,1,1,0,2,0,1,4
SUPER_19,21320000,1,1,0,2,0,1,1
SUPER_19,21330000,39,3,2,44,22,17,5
SUPER_19,21340000,16,1,2,19,5,11,89.666664
SUPER_19,21350000,1,0,0,1,1,0,NaN
SUPER_19,21360000,0,0,2,2,0,0,2
SUPER_19,21370000,2,3,0,5,1,1,2
SUPER_19,21380000,4,0,1,5,1,3,9
SUPER_19,21390000,3,0,0,3,2,1,NaN
SUPER_19,21400000,3,0,0,3,2,1,NaN
SUPER_19,21410000,95,8,8,111,50,45,11.1875
SUPER_19,21420000,90,8,8,106,51,39,1.6875
SUPER_19,21430000,55,7,10,72,34,21,11.6470585
SUPER_19,21440000,57,8,12,77,32,25,4.3
SUPER_19,21450000,20,0,0,20,7,13,NaN
SUPER_19,21460000,57,6,4,67,31,26,27.7
SUPER_19,21470000,140,4,16,160,80,60,4.05
SUPER_19,21480000,40,6,4,50,26,14,17.9
SUPER_19,21490000,128,9,8,145,67,61,9.6470585
SUPER_19,21500000,60,10,6,76,28,32,4.375
SUPER_19,21510000,96,2,10,108,57,39,18.583334
SUPER_19,21520000,80,8,4,92,39,41,54.25
SUPER_19,21530000,90,7,5,102,45,45,18.333334
SUPER_19,21540000,113,11,11,135,57,56,6.318182
SUPER_19,21550000,109,5,8,122,62,47,64.61539
SUPER_19,21560000,103,5,5,113,53,50,9.2
SUPER_19,21570000,37,0,0,37,7,30,NaN
SUPER_19,21580000,108,0,1,109,12,96,1
SUPER_19,21590000,22,1,3,26,13,9,35.5
SUPER_19,21600000,86,4,10,100,49,37,4.857143
SUPER_19,21610000,31,1,4,36,16,15,11.2
SUPER_19,21620000,2,0,1,3,2,0,4
SUPER_19,21630000,3,1,0,4,2,1,2
SUPER_19,21640000,1,0,0,1,1,0,NaN
SUPER_19,21650000,3,0,0,3,1,2,NaN
SUPER_19,21660000,3,0,0,3,2,1,NaN
SUPER_19,21670000,69,2,9,80,39,30,7.181818
SUPER_19,21680000,68,8,10,86,34,34,12.833333
SUPER_19,21690000,4,0,0,4,1,3,NaN
SUPER_19,21700000,47,2,4,53,23,24,5.5
SUPER_19,21710000,75,11,8,94,42,33,7.3157897
SUPER_19,21720000,135,11,9,155,57,78,5.35
SUPER_19,21730000,111,7,11,129,49,62,3.5555556
SUPER_19,21740000,104,10,7,121,42,62,3.235294
SUPER_19,21750000,127,10,8,145,66,61,16.722221
SUPER_19,21760000,111,4,10,125,59,52,28.785715
SUPER_19,21770000,17,3,2,22,11,6,4.8
SUPER_19,21780000,107,12,12,131,44,63,7.6666665
SUPER_19,21790000,33,4,6,43,15,18,13.3
SUPER_19,21800000,20,1,0,21,8,12,46
SUPER_19,21810000,13,1,0,14,6,7,6
SUPER_19,21820000,55,0,1,56,22,33,4
SUPER_19,21830000,31,3,3,37,18,13,23
SUPER_19,21840000,7,0,0,7,3,4,NaN
SUPER_19,21850000,5,1,0,6,2,3,1
SUPER_19,21860000,36,4,3,43,17,19,4.428571
SUPER_19,21870000,44,4,1,49,20,24,2.4
SUPER_19,21880000,17,1,1,19,7,10,1
SUPER_19,21890000,17,0,1,18,9,8,1
SUPER_19,21900000,25,3,1,29,10,15,2
SUPER_19,21910000,48,5,3,56,26,22,3.5
SUPER_19,21920000,65,5,6,76,31,34,6.090909
SUPER_19,21930000,93,8,9,110,47,46,5.8235292
SUPER_19,21940000,113,9,16,138,59,54,3.4
SUPER_19,21950000,74,5,3,82,43,31,3.625
SUPER_19,21960000,29,4,6,39,15,14,2.7
SUPER_19,21970000,73,7,3,83,31,42,5.6
SUPER_19,21980000,65,6,4,75,37,28,53.1
SUPER_19,21990000,140,17,12,169,69,71,16
SUPER_19,22000000,79,6,8,93,39,40,13.857142
SUPER_19,22010000,1,0,0,1,0,1,NaN
SUPER_19,22020000,14,0,1,15,6,8,12
SUPER_19,22030000,114,10,15,139,54,60,11.68
SUPER_19,22040000,41,4,5,50,17,24,15.111111
SUPER_19,22050000,0,0,0,0,0,0,0
SUPER_19,22060000,0,0,0,0,0,0,0
SUPER_19,22070000,12,1,2,15,7,5,7
SUPER_19,22080000,2,0,0,2,2,0,NaN
SUPER_19,22090000,4,0,0,4,1,3,NaN
SUPER_19,22100000,5,1,1,7,2,3,6
SUPER_19,22110000,8,1,0,9,2,6,1
SUPER_19,22120000,4,0,0,4,3,1,NaN
SUPER_19,22130000,86,1,2,89,34,52,5.3333335
SUPER_19,22140000,113,9,3,125,68,45,1.9166666
SUPER_19,22150000,20,2,0,22,9,11,3.5
SUPER_19,22160000,3,0,0,3,0,3,NaN
SUPER_19,22170000,6,0,0,6,5,1,NaN
SUPER_19,22180000,12,0,1,13,8,4,1
SUPER_19,22190000,16,2,2,20,7,9,1.25
SUPER_19,22200000,215,17,18,250,117,98,16.6
SUPER_19,22210000,167,12,10,189,91,76,3.2272727
SUPER_19,22220000,32,2,0,34,16,16,1
SUPER_19,22230000,163,9,10,182,73,90,5.3157897
SUPER_19,22240000,28,3,1,32,17,11,14.25
SUPER_19,22250000,3,0,0,3,2,1,NaN
SUPER_19,22260000,23,0,2,25,10,13,2
SUPER_19,22270000,83,3,3,89,44,39,8.333333
SUPER_19,22280000,46,4,4,54,25,21,3.25
SUPER_19,22290000,18,1,3,22,11,7,2
SUPER_19,22300000,9,0,2,11,6,3,2
SUPER_19,22310000,28,3,5,36,20,8,11.5
SUPER_19,22320000,96,9,7,112,52,44,7.5
SUPER_19,22330000,35,3,2,40,17,18,20.2
SUPER_19,22340000,1,0,0,1,0,1,NaN
SUPER_19,22350000,6,1,0,7,2,4,3
SUPER_19,22360000,12,0,0,12,4,8,NaN
SUPER_19,22370000,1,0,0,1,1,0,NaN
SUPER_19,22380000,2,1,1,4,1,1,5
SUPER_19,22390000,71,5,8,84,37,34,4.3076925
SUPER_19,22400000,10,0,1,11,8,2,10
SUPER_19,22410000,42,3,0,45,19,23,1
SUPER_19,22420000,0,0,0,0,0,0,0
SUPER_19,22430000,0,0,0,0,0,0,0
SUPER_19,22440000,105,6,8,119,57,48,6.571429
SUPER_19,22450000,169,9,12,190,87,82,4.4761906
SUPER_19,22460000,124,9,13,146,64,60,5.409091
SUPER_19,22470000,0,0,0,0,0,0,0
SUPER_19,22480000,0,0,0,0,0,0,0
SUPER_19,22490000,126,3,5,134,66,60,4.25
SUPER_19,22500000,0,0,0,0,0,0,0
SUPER_19,22510000,0,0,0,0,0,0,0
SUPER_19,22520000,0,0,0,0,0,0,0
SUPER_19,22530000,0,0,0,0,0,0,0
SUPER_19,22540000,18,2,1,21,9,9,1.3333334
SUPER_19,22550000,0,0,0,0,0,0,0
SUPER_19,22560000,0,0,0,0,0,0,0
SUPER_19,22570000,0,0,0,0,0,0,0
SUPER_19,22580000,19,2,1,22,11,8,1.6666666
SUPER_19,22590000,135,7,4,146,61,74,5.6363635
SUPER_19,22600000,11,3,1,15,5,6,15.25
SUPER_19,22610000,62,2,3,67,43,19,5.2
SUPER_19,22620000,4,1,0,5,3,1,10
SUPER_19,22630000,16,4,3,23,7,9,1.5714285
SUPER_19,22640000,52,2,3,57,26,26,13.8
SUPER_19,22650000,6,0,0,6,6,0,NaN
SUPER_19,22660000,2,0,0,2,1,1,NaN
SUPER_19,22670000,57,2,3,62,30,27,1.6
SUPER_19,22680000,69,2,7,78,37,32,4.2222223
SUPER_19,22690000,66,5,2,73,36,30,5.285714
SUPER_19,22700000,27,3,1,31,10,17,15.75
SUPER_19,22710000,3,0,0,3,1,2,NaN
SUPER_19,22720000,41,3,0,44,25,16,107.666664
SUPER_19,22730000,39,2,1,42,19,20,1.3333334
SUPER_19,22740000,28,0,2,30,14,14,1.5
SUPER_19,22750000,86,10,7,103,44,42,7
SUPER_19,22760000,47,0,1,48,26,21,10
SUPER_19,22770000,39,4,1,44,16,23,4.6
SUPER_19,22780000,127,6,3,136,75,52,9.111111
SUPER_19,22790000,118,8,7,133,64,54,10.266666
SUPER_19,22800000,0,0,0,0,0,0,0
SUPER_19,22810000,0,0,0,0,0,0,0
SUPER_19,22820000,0,0,0,0,0,0,0
SUPER_19,22830000,0,0,0,0,0,0,0
SUPER_19,22840000,0,0,0,0,0,0,0
SUPER_19,22850000,0,0,0,0,0,0,0
SUPER_19,22860000,140,10,25,175,79,61,5.6
SUPER_19,22870000,95,5,5,105,54,41,6.5
SUPER_19,22880000,0,0,1,1,0,0,1
SUPER_19,22890000,0,1,0,1,0,0,1
SUPER_19,22900000,36,2,1,39,21,15,3.6666667
SUPER_19,22910000,3,0,0,3,3,0,NaN
SUPER_19,22920000,1,0,0,1,1,0,NaN
SUPER_19,22930000,3,0,0,3,2,1,NaN
SUPER_19,22940000,69,4,4,77,39,30,5.25
SUPER_19,22950000,89,4,5,98,50,39,5.7777777
SUPER_19,22960000,0,0,0,0,0,0,0
SUPER_19,22970000,0,0,0,0,0,0,0
SUPER_19,22980000,140,5,7,152,71,69,2.9166667
SUPER_19,22990000,214,10,18,242,118,96,15.25
SUPER_19,23000000,117,4,8,129,56,61,9.25
SUPER_19,23010000,79,9,3,91,41,38,4.5833335
SUPER_19,23020000,0,0,0,0,0,0,0
SUPER_19,23030000,0,0,0,0,0,0,0
SUPER_19,23040000,0,0,0,0,0,0,0
SUPER_19,23050000,206,12,17,235,105,101,8.689655
SUPER_19,23060000,31,0,3,34,17,14,5
SUPER_19,23070000,0,0,0,0,0,0,0
SUPER_19,23080000,0,0,0,0,0,0,0
SUPER_19,23090000,0,0,0,0,0,0,0
SUPER_19,23100000,0,0,0,0,0,0,0
SUPER_19,23110000,45,5,6,56,22,23,15.272727
SUPER_19,23120000,18,2,1,21,8,10,1
SUPER_19,23130000,8,0,0,8,4,4,NaN
SUPER_19,23140000,134,5,11,150,81,53,9.5
SUPER_19,23150000,0,0,0,0,0,0,0
SUPER_19,23160000,0,0,0,0,0,0,0
SUPER_19,23170000,0,0,0,0,0,0,0
SUPER_19,23180000,143,9,12,164,83,60,4.5238094
SUPER_19,23190000,43,1,6,50,22,21,4.714286
SUPER_19,23200000,0,0,0,0,0,0,0
SUPER_19,23210000,0,0,0,0,0,0,0
SUPER_19,23220000,0,0,0,0,0,0,0
SUPER_19,23230000,0,0,0,0,0,0,0
SUPER_19,23240000,0,0,0,0,0,0,0
SUPER_19,23250000,0,0,0,0,0,0,0
SUPER_19,23260000,0,0,0,0,0,0,0
SUPER_19,23270000,0,0,0,0,0,0,0
SUPER_19,23280000,0,0,0,0,0,0,0
SUPER_19,23290000,0,0,0,0,0,0,0
SUPER_19,23300000,36,4,2,42,21,15,2.1666667
SUPER_19,23310000,1,0,0,1,1,0,NaN
SUPER_19,23320000,153,3,6,162,73,80,5.7777777
SUPER_19,23330000,117,5,6,128,68,49,5.5454545
SUPER_19,23340000,3,0,0,3,3,0,NaN
SUPER_19,23350000,3,0,0,3,2,1,NaN
SUPER_19,23360000,6,0,1,7,3,3,5
SUPER_19,23370000,0,0,0,0,0,0,0
SUPER_19,23380000,0,0,0,0,0,0,0
SUPER_19,23390000,8,0,1,9,4,4,2
SUPER_19,23400000,0,1,1,2,0,0,11.5
SUPER_19,23410000,50,5,2,57,25,25,8.285714
SUPER_19,23420000,122,8,14,144,64,58,32.090908
SUPER_19,23430000,77,3,6,86,41,36,7.3333335
SUPER_19,23440000,93,9,3,105,52,41,14.916667
SUPER_19,23450000,129,7,10,146,70,59,13.941176
SUPER_19,23460000,50,4,3,57,26,24,7.142857
SUPER_19,23470000,63,2,5,70,28,35,15
SUPER_19,23480000,140,9,12,161,68,72,7.952381
SUPER_19,23490000,5,0,0,5,2,3,NaN
SUPER_19,23500000,22,1,3,26,12,10,1
SUPER_19,23510000,73,10,5,88,43,30,14.666667
SUPER_19,23520000,57,4,6,67,26,31,6.1
SUPER_19,23530000,207,11,15,233,107,100,9.923077
SUPER_19,23540000,19,1,1,21,10,9,1
SUPER_19,23550000,4,3,1,8,2,2,4
SUPER_19,23560000,32,3,2,37,20,12,2.2
SUPER_19,23570000,80,5,4,89,41,39,6.888889
SUPER_19,23580000,135,5,11,151,70,65,6.6875
SUPER_19,23590000,205,9,15,229,102,103,3.4583333
SUPER_19,23600000,107,6,3,116,56,51,7.2222223
SUPER_19,23610000,3,1,0,4,3,0,2
SUPER_19,23620000,30,6,3,39,16,14,39.555557
SUPER_19,23630000,70,4,6,80,28,42,4.7
SUPER_19,23640000,66,4,4,74,31,35,3.625
SUPER_19,23650000,33,2,1,36,17,16,7
SUPER_19,23660000,33,4,3,40,19,14,5
SUPER_19,23670000,111,4,11,126,54,57,6.6
SUPER_19,23680000,152,10,11,173,81,71,10.047619
SUPER_19,23690000,68,8,4,80,33,35,7.5
SUPER_19,23700000,117,10,9,136,49,68,21.789474
SUPER_19,23710000,132,12,5,149,60,72,8.529411
SUPER_19,23720000,133,10,11,154,62,71,6
SUPER_19,23730000,123,4,8,135,66,57,4.4166665
SUPER_19,23740000,85,5,3,93,42,43,2.875
SUPER_19,23750000,156,14,14,184,84,72,7.142857
SUPER_19,23760000,152,10,10,172,79,73,6.15
SUPER_19,23770000,70,4,2,76,34,36,3.8333333
SUPER_19,23780000,173,9,14,196,94,79,19.913044
SUPER_19,23790000,140,4,9,153,79,61,6.923077
SUPER_19,23800000,46,0,6,52,28,18,1.6666666
SUPER_19,23810000,99,7,15,121,44,55,5.5454545
SUPER_19,23820000,131,12,12,155,74,57,8.958333
SUPER_19,23830000,159,16,10,185,81,78,8.538462
SUPER_19,23840000,100,6,7,113,51,49,6.076923
SUPER_19,23850000,130,8,9,147,64,66,5
SUPER_19,23860000,149,8,9,166,69,80,9.764706
SUPER_19,23870000,123,8,9,140,69,54,9.941176
SUPER_19,23880000,178,12,7,197,95,83,3.8947368
SUPER_19,23890000,1,0,0,1,0,1,NaN
SUPER_19,23900000,1,1,0,2,1,0,2
SUPER_19,23910000,54,4,3,61,32,22,8
SUPER_19,23920000,117,8,3,128,59,58,4.4545455
SUPER_19,23930000,195,9,12,216,94,101,4.952381
SUPER_19,23940000,86,8,3,97,42,44,5.2727275
SUPER_19,23950000,92,7,3,102,55,37,21.5
SUPER_19,23960000,9,0,0,9,5,4,NaN
SUPER_19,23970000,10,1,2,13,3,7,1.6666666
SUPER_19,23980000,130,6,8,144,64,66,13.5
SUPER_19,23990000,53,6,4,63,30,23,5.3
SUPER_19,24000000,16,0,1,17,7,9,44
SUPER_19,24010000,1,0,0,1,0,1,NaN
SUPER_19,24020000,0,0,0,0,0,0,0
SUPER_19,24030000,0,0,0,0,0,0,0
SUPER_19,24040000,5,1,0,6,2,3,4
SUPER_19,24050000,51,3,2,56,32,19,4
SUPER_19,24060000,142,9,13,164,77,65,6.818182
SUPER_19,24070000,160,12,12,184,81,79,15.583333
SUPER_19,24080000,93,6,1,100,51,42,13.571428
SUPER_19,24090000,197,13,13,223,117,80,3.0384614
SUPER_19,24100000,1,0,1,2,1,0,19
SUPER_19,24110000,7,1,0,8,5,2,16
SUPER_19,24120000,111,13,9,133,44,67,4.5454545
SUPER_19,24130000,27,0,2,29,18,9,2.5
SUPER_19,24140000,128,9,8,145,53,75,4.470588
SUPER_19,24150000,147,7,11,165,72,75,5.7222223
SUPER_19,24160000,103,8,5,116,45,58,20.538462
SUPER_19,24170000,111,6,7,124,47,64,8.076923
SUPER_19,24180000,91,8,4,103,50,41,6.25
SUPER_19,24190000,94,7,15,116,50,44,4.590909
SUPER_19,24200000,134,10,12,156,78,56,19.772728
SUPER_19,24210000,120,8,6,134,70,50,2.642857
SUPER_19,24220000,88,3,5,96,49,39,4.625
SUPER_19,24230000,57,3,4,64,28,29,2.142857
SUPER_19,24240000,24,0,1,25,15,9,1
SUPER_19,24250000,151,6,9,166,83,68,8
SUPER_19,24260000,137,10,4,151,66,71,8.142858
SUPER_19,24270000,38,2,0,40,24,14,4.5
SUPER_19,24280000,36,3,3,42,24,12,7.6666665
SUPER_19,24290000,51,1,7,59,25,26,9.75
SUPER_19,24300000,78,4,7,89,43,35,3.8181818
SUPER_19,24310000,67,7,5,79,36,31,17.916666
SUPER_19,24320000,120,11,5,136,60,60,4.625
SUPER_19,24330000,9,3,2,14,3,6,17.4
SUPER_19,24340000,16,1,0,17,8,8,4
SUPER_19,24350000,69,2,2,73,39,30,3.5
SUPER_19,24360000,88,6,5,99,42,46,4.5454545
SUPER_19,24370000,99,8,7,114,49,50,4.5333333
SUPER_19,24380000,80,3,5,88,41,39,3.375
SUPER_19,24390000,61,3,5,69,39,22,2.625
SUPER_19,24400000,191,5,12,208,91,100,4.529412
SUPER_19,24410000,177,8,10,195,81,96,3.7777777
SUPER_19,24420000,4,1,0,5,2,2,1
SUPER_19,24430000,111,3,16,130,60,51,11.684211
SUPER_19,24440000,200,9,14,223,105,95,7.347826
SUPER_19,24450000,161,9,14,184,83,78,23.826086
SUPER_19,24460000,122,7,15,144,63,59,14.772727
SUPER_19,24470000,151,8,6,165,87,64,5.857143
SUPER_19,24480000,0,0,0,0,0,0,0
SUPER_19,24490000,0,0,0,0,0,0,0
SUPER_19,24500000,93,10,12,115,52,41,9.545455
SUPER_19,24510000,111,10,11,132,59,52,32.904762
SUPER_19,24520000,4,2,1,7,2,2,1
SUPER_19,24530000,2,0,0,2,1,1,NaN
SUPER_19,24540000,5,0,0,5,3,2,NaN
SUPER_19,24550000,67,6,8,81,36,31,38.214287
SUPER_19,24560000,106,6,12,124,58,48,7.7777777
SUPER_19,24570000,100,6,9,115,55,45,8.733334
SUPER_19,24580000,56,9,6,71,29,27,6.6
SUPER_19,24590000,33,2,6,41,21,12,19.25
SUPER_19,24600000,34,2,0,36,19,15,6
SUPER_19,24610000,45,5,2,52,23,22,2
SUPER_19,24620000,138,7,9,154,76,62,8.4375
SUPER_19,24630000,144,8,10,162,83,61,7
SUPER_19,24640000,145,8,10,163,65,80,11.222222
SUPER_19,24650000,46,2,2,50,19,27,1
SUPER_19,24660000,133,14,8,155,69,64,7.6363635
SUPER_19,24670000,115,11,2,128,66,49,2.8461537
SUPER_19,24680000,0,0,0,0,0,0,0
SUPER_19,24690000,0,0,0,0,0,0,0
SUPER_19,24700000,122,7,8,137,68,54,3.6666667
SUPER_19,24710000,110,8,7,125,65,45,8.066667
SUPER_19,24720000,125,6,11,142,67,58,6.1764708
SUPER_19,24730000,79,7,3,89,41,38,4.9
SUPER_19,24740000,3,0,0,3,1,2,NaN
SUPER_19,24750000,46,2,1,49,26,20,3.6666667
SUPER_19,24760000,194,22,16,232,104,90,34.157894
SUPER_19,24770000,35,5,3,43,20,15,1.75
SUPER_19,24780000,115,10,6,131,58,57,3.375
SUPER_19,24790000,96,5,7,108,48,48,10.25
SUPER_19,24800000,51,6,2,59,29,22,10.25
SUPER_19,24810000,61,9,11,81,31,30,2.55
SUPER_19,24820000,69,5,2,76,29,40,10.285714
SUPER_19,24830000,76,9,8,93,45,31,3.5882354
SUPER_19,24840000,160,10,7,177,80,80,4.5882354
SUPER_19,24850000,136,12,7,155,64,72,11.631579
SUPER_19,24860000,0,0,0,0,0,0,0
SUPER_19,24870000,0,0,0,0,0,0,0
SUPER_19,24880000,4,2,1,7,4,0,2.6666667
SUPER_19,24890000,6,0,0,6,6,0,NaN
SUPER_19,24900000,171,6,10,187,91,80,4.4375
SUPER_19,24910000,106,3,10,119,49,57,4.076923
SUPER_19,24920000,152,8,9,169,83,69,6.352941
SUPER_19,24930000,206,7,15,228,115,91,8.909091
SUPER_19,24940000,102,9,6,117,50,52,4.4666667
SUPER_19,24950000,94,8,6,108,43,51,6.285714
SUPER_19,24960000,41,3,3,47,23,18,1.8333334
SUPER_19,24970000,106,8,10,124,50,56,10.833333
SUPER_19,24980000,2,0,2,4,2,0,1.5
SUPER_19,24990000,90,12,5,107,42,48,3.5294118
SUPER_19,25000000,146,10,13,169,53,93,8.73913
SUPER_19,25010000,63,8,1,72,31,32,10.333333
SUPER_19,25020000,121,9,12,142,66,55,34.42857
SUPER_19,25030000,49,3,5,57,28,21,12.5
SUPER_19,25040000,120,9,10,139,69,51,9.736842
SUPER_19,25050000,48,8,4,60,21,27,4.0833335
SUPER_19,25060000,3,0,1,4,2,1,5
SUPER_19,25070000,2,1,0,3,2,0,4
SUPER_19,25080000,1,0,0,1,0,1,NaN
SUPER_19,25090000,76,5,7,88,33,43,9.333333
SUPER_19,25100000,144,8,3,155,78,66,7.818182
SUPER_19,25110000,172,12,18,202,94,78,4.8333335
SUPER_19,25120000,74,3,4,81,39,35,1.1428572
SUPER_19,25130000,81,6,6,93,52,29,4.6666665
SUPER_19,25140000,118,5,7,130,54,64,3
SUPER_19,25150000,229,12,11,252,100,129,9.304348
SUPER_19,25160000,148,13,11,172,71,77,10.833333
SUPER_19,25170000,137,3,5,145,69,68,11.25
SUPER_19,25180000,62,3,2,67,33,29,14
SUPER_19,25190000,44,4,3,51,26,18,3.142857
SUPER_19,25200000,87,4,5,96,52,35,4.888889
SUPER_19,25210000,133,6,10,149,69,64,4.6875
SUPER_19,25220000,31,3,3,37,14,17,33.666668
SUPER_19,25230000,2,0,0,2,2,0,NaN
SUPER_19,25240000,1,1,0,2,0,1,4
SUPER_19,25250000,1,0,1,2,0,1,1
SUPER_19,25260000,4,1,0,5,0,4,1
SUPER_19,25270000,25,3,2,30,13,12,50.8
SUPER_19,25280000,65,6,6,77,22,43,4
SUPER_19,25290000,108,7,11,126,55,53,3.7777777
SUPER_19,25300000,64,4,3,71,27,37,7
SUPER_19,25310000,98,10,9,117,51,47,11.789474
SUPER_19,25320000,104,7,8,119,56,48,6.9333334
SUPER_19,25330000,4,0,1,5,2,2,11
SUPER_19,25340000,2,1,0,3,1,1,2
SUPER_19,25350000,3,0,1,4,1,2,1
SUPER_19,25360000,2,0,0,2,0,2,NaN
SUPER_19,25370000,1,0,0,1,1,0,NaN
SUPER_19,25380000,153,16,12,181,65,88,7.428571
SUPER_19,25390000,83,12,7,102,35,48,17.105263
SUPER_19,25400000,38,6,6,50,16,22,5.4166665
SUPER_19,25410000,7,0,4,11,3,4,9.25
SUPER_19,25420000,7,1,0,8,5,2,20
SUPER_19,25430000,99,14,3,116,48,51,7.647059
SUPER_19,25440000,27,3,0,30,17,10,3
SUPER_19,25450000,62,8,4,74,28,34,3.75
SUPER_19,25460000,78,7,7,92,39,39,4.928571
SUPER_19,25470000,203,18,8,229,101,102,4.076923
SUPER_19,25480000,130,4,6,140,62,68,6.9
SUPER_19,25490000,74,6,7,87,35,39,14.538462
SUPER_19,25500000,123,9,21,153,54,69,16.666666
SUPER_19,25510000,102,8,9,119,50,52,5
SUPER_19,25520000,26,4,2,32,11,15,11.166667
SUPER_19,25530000,17,3,1,21,12,5,61.75
SUPER_19,25540000,81,2,4,87,42,39,9.666667
SUPER_19,25550000,121,9,7,137,62,59,41.6875
SUPER_19,25560000,148,9,15,172,70,78,6.7916665
SUPER_19,25570000,144,14,9,167,67,77,3.6086957
SUPER_19,25580000,61,7,3,71,30,31,5.3
SUPER_19,25590000,78,11,4,93,37,41,4.6666665
SUPER_19,25600000,229,9,16,254,109,120,11.56
SUPER_19,25610000,101,9,5,115,55,46,11.642858
SUPER_19,25620000,132,10,10,152,56,76,5.2
SUPER_19,25630000,81,10,15,106,45,36,15.84
SUPER_19,25640000,86,4,5,95,40,46,6.5555553
SUPER_19,25650000,117,8,9,134,43,74,4.470588
SUPER_19,25660000,77,8,7,92,40,37,4.0666666
SUPER_19,25670000,114,7,3,124,59,55,5.5
SUPER_19,25680000,153,6,20,179,85,68,6
SUPER_19,25690000,95,6,10,111,47,48,10.125
SUPER_19,25700000,1,0,0,1,0,1,NaN
SUPER_19,25710000,3,0,0,3,2,1,NaN
SUPER_19,25720000,82,7,6,95,39,43,2.2307692
SUPER_19,25730000,0,0,0,0,0,0,0
SUPER_19,25740000,0,0,0,0,0,0,0
SUPER_19,25750000,107,10,9,126,45,62,15.157895
SUPER_19,25760000,67,1,6,74,35,32,4.142857
SUPER_19,25770000,84,5,4,93,38,46,2.5555556
SUPER_19,25780000,78,4,7,89,42,36,1.9090909
SUPER_19,25790000,119,6,12,137,55,64,6.5
SUPER_19,25800000,141,11,8,160,64,77,14.789474
SUPER_19,25810000,17,2,1,20,11,6,38
SUPER_19,25820000,6,2,2,10,4,2,5
SUPER_19,25830000,102,7,8,117,60,42,4.0666666
SUPER_19,25840000,91,4,10,105,44,47,12.357142
SUPER_19,25850000,60,4,6,70,29,31,6.4
SUPER_19,25860000,128,4,12,144,57,71,7
SUPER_19,25870000,26,5,3,34,12,14,5.125
SUPER_19,25880000,2,0,1,3,2,0,20
SUPER_19,25890000,2,0,0,2,2,0,NaN
SUPER_19,25900000,1,0,1,2,0,1,2
SUPER_19,25910000,1,2,0,3,0,1,2
SUPER_19,25920000,1,0,0,1,1,0,NaN
SUPER_19,25930000,2,0,1,3,2,0,1
SUPER_19,25940000,1,0,1,2,1,0,1
SUPER_19,25950000,3,0,0,3,3,0,NaN
SUPER_19,25960000,4,0,0,4,1,3,NaN
SUPER_19,25970000,4,1,2,7,3,1,5.6666665
SUPER_19,25980000,0,0,0,0,0,0,0
SUPER_19,25990000,0,0,0,0,0,0,0
SUPER_19,26000000,10,1,0,11,5,5,4
SUPER_19,26010000,3,1,0,4,1,2,32
SUPER_19,26020000,1,0,0,1,0,1,NaN
SUPER_19,26030000,2,0,0,2,1,1,NaN
SUPER_19,26040000,0,0,0,0,0,0,0
SUPER_19,26050000,0,0,0,0,0,0,0
SUPER_19,26060000,16,1,2,19,8,8,38.666668
SUPER_19,26070000,7,1,0,8,5,2,13
SUPER_19,26080000,3,1,0,4,2,1,2
SUPER_19,26090000,2,1,0,3,1,1,1
SUPER_19,26100000,0,0,0,0,0,0,0
SUPER_19,26110000,0,0,0,0,0,0,0
SUPER_19,26120000,3,0,1,4,2,1,1
SUPER_19,26130000,2,0,0,2,0,2,NaN
SUPER_19,26140000,2,0,0,2,1,1,NaN
SUPER_19,26150000,2,1,0,3,1,1,1
SUPER_19,26160000,1,1,0,2,1,0,8
SUPER_19,26170000,4,1,0,5,2,2,2
SUPER_19,26180000,2,1,0,3,1,1,1
SUPER_19,26190000,2,0,0,2,2,0,NaN
SUPER_19,26200000,2,1,0,3,0,2,1
SUPER_19,26210000,104,6,11,121,48,56,5.8235292
SUPER_19,26220000,86,3,7,96,41,45,5.2
SUPER_19,26230000,70,4,7,81,37,33,11.454545
SUPER_19,26240000,76,2,8,86,42,34,38.8
SUPER_19,26250000,116,13,10,139,58,58,12.347826
SUPER_19,26260000,138,9,18,165,61,77,10.962963
SUPER_19,26270000,82,8,4,94,34,48,6.5
SUPER_19,26280000,123,14,8,145,66,57,4.318182
SUPER_19,26290000,66,8,7,81,39,27,9.266666
SUPER_19,26300000,19,3,1,23,10,9,10
SUPER_19,26310000,14,2,1,17,5,9,3
SUPER_19,26320000,14,1,3,18,6,8,12.25
SUPER_19,26330000,18,1,1,20,6,12,7
SUPER_19,26340000,47,3,3,53,23,24,2.6666667
SUPER_19,26350000,79,4,9,92,42,37,26.384615
SUPER_19,26360000,37,1,1,39,18,19,2
SUPER_19,26370000,37,1,2,40,23,14,1.3333334
SUPER_19,26380000,102,7,4,113,55,47,5.4545455
SUPER_19,26390000,130,9,8,147,65,65,3.764706
SUPER_19,26400000,114,10,7,131,48,66,23
SUPER_19,26410000,50,6,3,59,26,24,36.88889
SUPER_19,26420000,152,10,8,170,80,72,21.166666
SUPER_19,26430000,13,2,1,16,3,10,1
SUPER_19,26440000,45,1,3,49,23,22,3.5
SUPER_19,26450000,103,6,17,126,49,54,12.173913
SUPER_19,26460000,35,2,1,38,17,18,1
SUPER_19,26470000,5,4,0,9,3,2,9.75
SUPER_19,26480000,6,0,0,6,2,4,NaN
SUPER_19,26490000,8,0,0,8,2,6,NaN
SUPER_19,26500000,7,1,0,8,3,4,1
SUPER_19,26510000,77,1,11,89,39,38,5.5833335
SUPER_19,26520000,164,11,9,184,85,79,5.95
SUPER_19,26530000,65,12,4,81,30,35,9.875
SUPER_19,26540000,28,2,2,32,10,18,8.25
SUPER_19,26550000,17,6,1,24,10,7,4.285714
SUPER_19,26560000,0,0,0,0,0,0,0
SUPER_19,26570000,0,0,0,0,0,0,0
SUPER_19,26580000,77,4,9,90,38,39,3.6153846
SUPER_19,26590000,88,3,6,97,46,42,4.888889
SUPER_19,26600000,108,10,6,124,52,56,4.1875
SUPER_19,26610000,97,4,7,108,48,49,5.181818
SUPER_19,26620000,76,4,2,82,26,50,1.8333334
SUPER_19,26630000,72,5,7,84,45,27,4.25
SUPER_19,26640000,0,0,0,0,0,0,0
SUPER_19,26650000,0,0,0,0,0,0,0
SUPER_19,26660000,48,1,3,52,27,21,3.25
SUPER_19,26670000,45,6,9,60,23,22,7.8
SUPER_19,26680000,109,13,13,135,55,54,5.923077
SUPER_19,26690000,111,5,13,129,58,53,15.333333
SUPER_19,26700000,49,4,5,58,26,23,2
SUPER_19,26710000,65,6,6,77,37,28,2.4166667
SUPER_19,26720000,149,16,12,177,65,84,17.785715
SUPER_19,26730000,144,7,9,160,79,65,8
SUPER_19,26740000,120,9,7,136,66,54,4.9375
SUPER_19,26750000,79,8,6,93,32,47,2.5
SUPER_19,26760000,86,4,8,98,32,54,5
SUPER_19,26770000,66,10,3,79,36,30,5.3846154
SUPER_19,26780000,16,2,3,21,7,9,2.6
SUPER_19,26790000,28,2,4,34,17,11,18.166666
SUPER_19,26800000,0,0,0,0,0,0,0
SUPER_19,26810000,0,0,0,0,0,0,0
SUPER_19,26820000,15,1,3,19,8,7,2.5
SUPER_19,26830000,1,1,0,2,1,0,1
SUPER_19,26840000,0,0,3,3,0,0,2
SUPER_19,26850000,1,2,0,3,1,0,10.5
SUPER_19,26860000,2,1,1,4,1,1,2
SUPER_19,26870000,1,0,0,1,1,0,NaN
SUPER_19,26880000,1,0,0,1,1,0,NaN
SUPER_19,26890000,0,0,0,0,0,0,0
SUPER_19,26900000,0,0,0,0,0,0,0
SUPER_19,26910000,5,1,0,6,2,3,1
SUPER_19,26920000,0,0,0,0,0,0,0
SUPER_19,26930000,0,0,0,0,0,0,0
SUPER_19,26940000,2,0,0,2,1,1,NaN
SUPER_19,26950000,3,0,0,3,2,1,NaN
SUPER_19,26960000,1,0,0,1,0,1,NaN
SUPER_19,26970000,1,0,0,1,0,1,NaN
SUPER_19,26980000,8,0,1,9,4,4,2
SUPER_20,10000,80,8,4,92,77,3,2.5833333
SUPER_20,20000,72,0,0,72,53,19,NaN
SUPER_20,30000,0,0,0,0,0,0,0
SUPER_20,40000,0,0,0,0,0,0,0
SUPER_20,50000,0,0,0,0,0,0,0
SUPER_20,60000,25,2,1,28,13,12,1.3333334
SUPER_20,70000,0,0,0,0,0,0,0
SUPER_20,80000,0,0,0,0,0,0,0
SUPER_20,90000,24,4,1,29,20,4,2
SUPER_20,100000,74,1,2,77,60,14,6.3333335
SUPER_20,110000,6,1,0,7,3,3,3
SUPER_20,120000,50,2,1,53,39,11,8.333333
SUPER_20,130000,17,0,1,18,11,6,7
SUPER_20,140000,4,1,0,5,1,3,1
SUPER_20,150000,2,1,2,5,0,2,2.6666667
SUPER_20,160000,41,3,6,50,14,27,5
SUPER_20,170000,40,4,4,48,15,25,8.625
SUPER_20,180000,65,3,6,74,36,29,4.111111
SUPER_20,190000,5,0,0,5,4,1,NaN
SUPER_20,200000,0,2,0,2,0,0,19.5
SUPER_20,210000,1,0,0,1,0,1,NaN
SUPER_20,220000,0,1,0,1,0,0,24
SUPER_20,230000,1,0,1,2,0,1,2
SUPER_20,240000,2,0,0,2,2,0,NaN
SUPER_20,250000,2,0,0,2,1,1,NaN
SUPER_20,260000,2,0,0,2,1,1,NaN
SUPER_20,270000,15,2,2,19,7,8,3.5
SUPER_20,280000,9,3,1,13,5,4,1.25
SUPER_20,290000,1,0,1,2,1,0,2
SUPER_20,300000,1,0,0,1,1,0,NaN
SUPER_20,310000,1,2,0,3,1,0,1.5
SUPER_20,320000,0,2,0,2,0,0,1
SUPER_20,330000,3,0,0,3,3,0,NaN
SUPER_20,340000,0,0,0,0,0,0,0
SUPER_20,350000,0,0,0,0,0,0,0
SUPER_20,360000,4,2,2,8,3,1,4.75
SUPER_20,370000,4,0,1,5,1,3,187
SUPER_20,380000,3,0,1,4,0,3,2
SUPER_20,390000,1,0,0,1,0,1,NaN
SUPER_20,400000,1,0,0,1,1,0,NaN
SUPER_20,410000,0,0,0,0,0,0,0
SUPER_20,420000,0,0,0,0,0,0,0
SUPER_20,430000,0,0,0,0,0,0,0
SUPER_20,440000,0,0,0,0,0,0,0
SUPER_20,450000,0,0,0,0,0,0,0
SUPER_20,460000,3,0,0,3,2,1,NaN
SUPER_20,470000,3,1,0,4,2,1,10
SUPER_20,480000,1,1,1,3,1,0,1.5
SUPER_20,490000,6,0,0,6,5,1,NaN
SUPER_20,500000,1,0,0,1,1,0,NaN
SUPER_20,510000,1,0,1,2,0,1,8
SUPER_20,520000,5,1,0,6,2,3,4
SUPER_20,530000,1,0,1,2,1,0,6
SUPER_20,540000,2,0,0,2,1,1,NaN
SUPER_20,550000,2,0,1,3,1,1,2
SUPER_20,560000,2,1,0,3,1,1,2
SUPER_20,570000,21,1,0,22,15,6,2
SUPER_20,580000,13,4,1,18,7,6,3
SUPER_20,590000,1,0,0,1,0,1,NaN
SUPER_20,600000,6,1,1,8,2,4,58.5
SUPER_20,610000,3,0,0,3,1,2,NaN
SUPER_20,620000,7,1,0,8,4,3,1
SUPER_20,630000,25,5,1,31,12,13,5.5
SUPER_20,640000,27,0,2,29,13,14,1.5
SUPER_20,650000,17,6,2,25,9,8,11.625
SUPER_20,660000,23,2,3,28,12,11,5
SUPER_20,670000,152,10,12,174,82,70,9.545455
SUPER_20,680000,76,3,5,84,34,42,94.125
SUPER_20,690000,86,4,8,98,46,40,9.583333
SUPER_20,700000,1,0,1,2,1,0,2
SUPER_20,710000,1,0,0,1,0,1,NaN
SUPER_20,720000,15,1,1,17,9,6,2.5
SUPER_20,730000,6,0,0,6,2,4,NaN
SUPER_20,740000,3,0,0,3,2,1,NaN
SUPER_20,750000,7,2,2,11,4,3,3.75
SUPER_20,760000,8,1,0,9,4,4,20
SUPER_20,770000,2,0,0,2,1,1,NaN
SUPER_20,780000,2,0,1,3,0,2,20
SUPER_20,790000,3,0,2,5,2,1,1
SUPER_20,800000,3,1,1,5,2,1,11
SUPER_20,810000,1,0,0,1,0,1,NaN
SUPER_20,820000,2,1,1,4,1,1,1.5
SUPER_20,830000,2,1,1,4,2,0,11
SUPER_20,840000,5,0,0,5,3,2,NaN
SUPER_20,850000,5,0,0,5,1,4,NaN
SUPER_20,860000,7,2,0,9,2,5,1
SUPER_20,870000,0,0,0,0,0,0,0
SUPER_20,880000,0,0,0,0,0,0,0
SUPER_20,890000,5,0,3,8,4,1,32.666668
SUPER_20,900000,3,0,0,3,2,1,NaN
SUPER_20,910000,2,0,1,3,1,1,1
SUPER_20,920000,7,0,0,7,5,2,NaN
SUPER_20,930000,6,0,1,7,2,4,2
SUPER_20,940000,3,0,0,3,2,1,NaN
SUPER_20,950000,94,6,5,105,55,39,10.181818
SUPER_20,960000,87,6,9,102,43,44,5.5333333
SUPER_20,970000,88,2,4,94,43,45,1.5
SUPER_20,980000,181,17,12,210,90,91,6.827586
SUPER_20,990000,78,3,4,85,41,37,4.571429
SUPER_20,1000000,155,6,10,171,83,72,6.3125
SUPER_20,1010000,27,2,2,31,15,12,6.25
SUPER_20,1020000,0,0,0,0,0,0,0
SUPER_20,1030000,0,0,0,0,0,0,0
SUPER_20,1040000,124,14,10,148,67,57,6.25
SUPER_20,1050000,204,11,11,226,88,116,4.8636365
SUPER_20,1060000,45,2,3,50,23,22,7.4
SUPER_20,1070000,38,2,3,43,19,19,3
SUPER_20,1080000,36,3,3,42,22,14,36.166668
SUPER_20,1090000,1,0,0,1,1,0,NaN
SUPER_20,1100000,1,1,1,3,1,0,5
SUPER_20,1110000,2,0,0,2,0,2,NaN
SUPER_20,1120000,1,0,0,1,0,1,NaN
SUPER_20,1130000,3,0,0,3,1,2,NaN
SUPER_20,1140000,1,0,0,1,1,0,NaN
SUPER_20,1150000,1,1,0,2,1,0,20
SUPER_20,1160000,0,0,0,0,0,0,0
SUPER_20,1170000,0,0,0,0,0,0,0
SUPER_20,1180000,6,1,1,8,3,3,3
SUPER_20,1190000,2,0,0,2,0,2,NaN
SUPER_20,1200000,5,2,0,7,2,3,16
SUPER_20,1210000,15,1,2,18,8,7,14.666667
SUPER_20,1220000,83,9,4,96,31,52,18.615385
SUPER_20,1230000,81,7,6,94,46,35,4.3846154
SUPER_20,1240000,65,7,7,79,32,33,6.214286
SUPER_20,1250000,151,11,11,173,85,66,12.045455
SUPER_20,1260000,60,2,3,65,24,36,8.4
SUPER_20,1270000,72,5,6,83,35,37,3.909091
SUPER_20,1280000,116,2,9,127,69,47,5.909091
SUPER_20,1290000,66,3,6,75,35,31,6.888889
SUPER_20,1300000,107,6,8,121,61,46,6.5
SUPER_20,1310000,52,5,3,60,32,20,7.625
SUPER_20,1320000,206,12,8,226,110,96,9.25
SUPER_20,1330000,75,8,7,90,35,40,6.4666667
SUPER_20,1340000,77,5,10,92,37,40,4.9333334
SUPER_20,1350000,76,9,3,88,34,42,7
SUPER_20,1360000,90,9,10,109,49,41,6.5789475
SUPER_20,1370000,171,13,13,197,85,86,6.1538463
SUPER_20,1380000,142,12,13,167,65,77,6.76
SUPER_20,1390000,0,0,0,0,0,0,0
SUPER_20,1400000,0,0,0,0,0,0,0
SUPER_20,1410000,83,3,2,88,51,32,8.6
SUPER_20,1420000,67,5,3,75,39,28,8.625
SUPER_20,1430000,141,9,5,155,77,64,4.785714
SUPER_20,1440000,183,10,17,210,99,84,8.925926
SUPER_20,1450000,41,11,6,58,15,26,29.352942
SUPER_20,1460000,45,4,4,53,24,21,5.25
SUPER_20,1470000,117,5,6,128,56,61,5.909091
SUPER_20,1480000,109,3,9,121,64,45,8.166667
SUPER_20,1490000,98,4,4,106,54,44,10.5
SUPER_20,1500000,184,4,11,199,85,99,3.4
SUPER_20,1510000,129,6,10,145,70,59,5.5625
SUPER_20,1520000,79,5,10,94,53,26,4.266667
SUPER_20,1530000,92,7,7,106,55,37,3.0714285
SUPER_20,1540000,61,8,5,74,32,29,5.3846154
SUPER_20,1550000,121,13,6,140,61,60,6.1578946
SUPER_20,1560000,135,8,19,162,70,65,17.185184
SUPER_20,1570000,162,0,6,168,110,52,6
SUPER_20,1580000,0,0,1,1,0,0,2
SUPER_20,1590000,68,7,8,83,39,29,6.6666665
SUPER_20,1600000,131,5,13,149,68,63,19.166666
SUPER_20,1610000,139,11,6,156,65,74,10.823529
SUPER_20,1620000,123,8,6,137,59,64,3.4285715
SUPER_20,1630000,113,4,10,127,65,48,49
SUPER_20,1640000,233,6,15,254,122,111,6.7619047
SUPER_20,1650000,142,7,11,160,80,62,5.2777777
SUPER_20,1660000,117,14,2,133,52,65,3.3125
SUPER_20,1670000,2,0,0,2,0,2,NaN
SUPER_20,1680000,0,1,0,1,0,0,16
SUPER_20,1690000,5,0,0,5,3,2,NaN
SUPER_20,1700000,8,0,1,9,4,4,4
SUPER_20,1710000,15,0,0,15,10,5,NaN
SUPER_20,1720000,9,0,0,9,3,6,NaN
SUPER_20,1730000,13,3,2,18,6,7,3.8
SUPER_20,1740000,19,1,1,21,8,11,4.5
SUPER_20,1750000,15,3,2,20,7,8,22.2
SUPER_20,1760000,30,4,1,35,12,18,4.4
SUPER_20,1770000,19,3,0,22,12,7,5.6666665
SUPER_20,1780000,55,2,9,66,30,25,21.90909
SUPER_20,1790000,173,12,9,194,90,83,6.7619047
SUPER_20,1800000,119,9,14,142,54,65,6.826087
SUPER_20,1810000,131,12,13,156,60,71,4.96
SUPER_20,1820000,0,0,0,0,0,0,0
SUPER_20,1830000,0,0,0,0,0,0,0
SUPER_20,1840000,252,22,13,287,114,138,4.285714
SUPER_20,1850000,14,0,0,14,7,7,NaN
SUPER_20,1860000,3,2,0,5,1,2,22.5
SUPER_20,1870000,0,0,0,0,0,0,0
SUPER_20,1880000,0,0,0,0,0,0,0
SUPER_20,1890000,8,1,0,9,5,3,1
SUPER_20,1900000,1,0,2,3,1,0,1
SUPER_20,1910000,53,3,2,58,28,25,9
SUPER_20,1920000,106,7,10,123,57,49,4.882353
SUPER_20,1930000,44,1,2,47,17,27,16.666666
SUPER_20,1940000,78,2,5,85,40,38,4.285714
SUPER_20,1950000,204,20,19,243,101,103,5.8461537
SUPER_20,1960000,134,9,4,147,63,71,5.769231
SUPER_20,1970000,32,1,5,38,11,21,35.666668
SUPER_20,1980000,1,0,1,2,1,0,4
SUPER_20,1990000,93,6,7,106,44,49,4.076923
SUPER_20,2000000,101,3,14,118,54,47,10.823529
SUPER_20,2010000,127,7,12,146,65,62,7.6842103
SUPER_20,2020000,121,14,10,145,67,54,13.875
SUPER_20,2030000,35,3,2,40,19,16,4.8
SUPER_20,2040000,108,5,11,124,57,51,7
SUPER_20,2050000,80,8,6,94,33,47,7.5
SUPER_20,2060000,103,7,6,116,54,49,8.692307
SUPER_20,2070000,115,9,13,137,54,61,7.318182
SUPER_20,2080000,132,12,9,153,68,64,3.4761906
SUPER_20,2090000,2,1,0,3,2,0,13
SUPER_20,2100000,80,5,4,89,45,35,3
SUPER_20,2110000,102,4,6,112,48,54,15.8
SUPER_20,2120000,81,5,9,95,39,42,6.214286
SUPER_20,2130000,161,15,14,190,71,90,6.6551723
SUPER_20,2140000,41,3,2,46,19,22,3.8
SUPER_20,2150000,0,0,0,0,0,0,0
SUPER_20,2160000,0,0,0,0,0,0,0
SUPER_20,2170000,0,0,0,0,0,0,0
SUPER_20,2180000,4,0,3,7,2,2,1.6666666
SUPER_20,2190000,2,0,0,2,2,0,NaN
SUPER_20,2200000,22,3,3,28,10,12,7.6666665
SUPER_20,2210000,124,8,11,143,67,57,9.947369
SUPER_20,2220000,110,15,12,137,51,59,17.592592
SUPER_20,2230000,120,8,13,141,64,56,6
SUPER_20,2240000,91,10,9,110,43,48,10.526316
SUPER_20,2250000,97,9,11,117,54,43,7.7
SUPER_20,2260000,121,6,15,142,65,56,6.714286
SUPER_20,2270000,78,14,9,101,39,39,24.304348
SUPER_20,2280000,95,15,10,120,45,50,5.56
SUPER_20,2290000,77,8,6,91,43,34,4.071429
SUPER_20,2300000,9,1,2,12,3,6,2.6666667
SUPER_20,2310000,104,14,11,129,52,52,3.92
SUPER_20,2320000,133,16,9,158,73,60,7.08
SUPER_20,2330000,51,2,3,56,31,20,19.2
SUPER_20,2340000,48,2,2,52,24,24,8.25
SUPER_20,2350000,103,11,9,123,51,52,9.25
SUPER_20,2360000,68,5,10,83,33,35,6.5333333
SUPER_20,2370000,59,4,6,69,34,25,15
SUPER_20,2380000,60,4,2,66,37,23,12.833333
SUPER_20,2390000,96,7,6,109,42,54,3.3846154
SUPER_20,2400000,71,7,6,84,36,35,3.4615386
SUPER_20,2410000,117,5,5,127,58,59,17.8
SUPER_20,2420000,3,0,0,3,1,2,NaN
SUPER_20,2430000,2,0,0,2,2,0,NaN
SUPER_20,2440000,1,0,0,1,1,0,NaN
SUPER_20,2450000,5,3,1,9,1,4,2.25
SUPER_20,2460000,33,1,1,35,14,19,291
SUPER_20,2470000,111,6,6,123,57,54,5.8333335
SUPER_20,2480000,186,11,11,208,103,83,52.272728
SUPER_20,2490000,156,10,10,176,89,67,36.5
SUPER_20,2500000,94,8,7,109,43,51,15.133333
SUPER_20,2510000,154,13,10,177,71,83,5.347826
SUPER_20,2520000,97,3,9,109,45,52,2.75
SUPER_20,2530000,17,1,2,20,6,11,1.6666666
SUPER_20,2540000,3,0,0,3,2,1,NaN
SUPER_20,2550000,1,1,1,3,0,1,1.5
SUPER_20,2560000,2,0,1,3,0,2,2
SUPER_20,2570000,2,0,0,2,1,1,NaN
SUPER_20,2580000,5,1,1,7,3,2,4.5
SUPER_20,2590000,169,19,9,197,69,100,6.678571
SUPER_20,2600000,148,15,11,174,86,62,14.423077
SUPER_20,2610000,121,9,10,140,78,43,9.105263
SUPER_20,2620000,124,10,7,141,56,68,4.1764708
SUPER_20,2630000,70,6,7,83,40,30,63.76923
SUPER_20,2640000,20,1,0,21,10,10,1
SUPER_20,2650000,114,10,4,128,61,53,7.785714
SUPER_20,2660000,98,5,8,111,51,47,3
SUPER_20,2670000,166,9,11,186,91,75,8.05
SUPER_20,2680000,160,10,12,182,82,78,18
SUPER_20,2690000,71,2,12,85,37,34,27.714285
SUPER_20,2700000,248,15,16,279,132,116,8.967742
SUPER_20,2710000,123,8,11,142,59,64,16.31579
SUPER_20,2720000,145,11,13,169,77,68,5.4583335
SUPER_20,2730000,92,4,11,107,50,42,4.0666666
SUPER_20,2740000,49,4,4,57,20,29,5.75
SUPER_20,2750000,5,1,1,7,1,4,1
SUPER_20,2760000,2,0,0,2,1,1,NaN
SUPER_20,2770000,5,0,2,7,5,0,2
SUPER_20,2780000,96,10,2,108,51,45,4.0833335
SUPER_20,2790000,132,8,5,145,73,59,6.769231
SUPER_20,2800000,63,8,4,75,34,29,36
SUPER_20,2810000,173,21,14,208,91,82,4.8
SUPER_20,2820000,233,8,8,249,121,112,11.8125
SUPER_20,2830000,165,7,12,184,74,91,6.368421
SUPER_20,2840000,120,6,10,136,62,58,3.125
SUPER_20,2850000,143,4,13,160,83,60,10.882353
SUPER_20,2860000,198,11,9,218,97,101,9.75
SUPER_20,2870000,59,5,3,67,27,32,2.875
SUPER_20,2880000,177,11,8,196,89,88,3.5263157
SUPER_20,2890000,91,4,6,101,47,44,5.2
SUPER_20,2900000,91,5,6,102,51,40,8.454545
SUPER_20,2910000,127,8,7,142,61,66,21.333334
SUPER_20,2920000,47,7,4,58,14,33,3.7272727
SUPER_20,2930000,92,5,4,101,40,52,26.222221
SUPER_20,2940000,115,6,11,132,55,60,18.352942
SUPER_20,2950000,130,12,8,150,61,69,5.35
SUPER_20,2960000,103,5,6,114,61,42,4.6363635
SUPER_20,2970000,152,4,10,166,80,72,13.428572
SUPER_20,2980000,86,5,7,98,40,46,2.0833333
SUPER_20,2990000,157,12,8,177,69,88,10.35
SUPER_20,3000000,134,10,8,152,79,55,8.055555
SUPER_20,3010000,130,13,6,149,63,67,4.4736843
SUPER_20,3020000,29,1,3,33,13,16,8
SUPER_20,3030000,155,14,11,180,78,77,7.64
SUPER_20,3040000,79,7,6,92,46,33,5.6153846
SUPER_20,3050000,86,9,13,108,39,47,4.4545455
SUPER_20,3060000,106,9,8,123,58,48,4.470588
SUPER_20,3070000,148,19,11,178,79,69,8.2
SUPER_20,3080000,124,6,11,141,56,68,7.0588236
SUPER_20,3090000,208,7,17,232,116,92,9.833333
SUPER_20,3100000,197,8,10,215,93,104,11.888889
SUPER_20,3110000,124,2,9,135,72,52,15.090909
SUPER_20,3120000,99,4,3,106,53,46,14.142858
SUPER_20,3130000,42,11,3,56,25,17,5.857143
SUPER_20,3140000,136,10,9,155,72,64,3.8947368
SUPER_20,3150000,133,9,12,154,73,60,5.714286
SUPER_20,3160000,99,3,9,111,46,53,34.25
SUPER_20,3170000,38,3,4,45,24,14,4.714286
SUPER_20,3180000,151,10,12,173,77,74,7.2727275
SUPER_20,3190000,161,7,14,182,54,107,5.3333335
SUPER_20,3200000,23,1,2,26,8,15,6
SUPER_20,3210000,20,1,2,23,12,8,12.666667
SUPER_20,3220000,38,5,2,45,19,19,5.428571
SUPER_20,3230000,88,10,4,102,47,41,9.785714
SUPER_20,3240000,4,0,0,4,2,2,NaN
SUPER_20,3250000,4,0,0,4,3,1,NaN
SUPER_20,3260000,0,0,1,1,0,0,10
SUPER_20,3270000,1,0,0,1,0,1,NaN
SUPER_20,3280000,0,0,0,0,0,0,0
SUPER_20,3290000,0,0,0,0,0,0,0
SUPER_20,3300000,4,0,1,5,3,1,2
SUPER_20,3310000,11,2,0,13,4,7,2
SUPER_20,3320000,3,0,0,3,3,0,NaN
SUPER_20,3330000,2,0,0,2,1,1,NaN
SUPER_20,3340000,5,2,0,7,1,4,4.5
SUPER_20,3350000,2,1,0,3,1,1,37
SUPER_20,3360000,0,0,0,0,0,0,0
SUPER_20,3370000,0,0,0,0,0,0,0
SUPER_20,3380000,5,1,0,6,4,1,12
SUPER_20,3390000,0,0,0,0,0,0,0
SUPER_20,3400000,0,0,0,0,0,0,0
SUPER_20,3410000,9,0,0,9,6,3,NaN
SUPER_20,3420000,1,0,1,2,0,1,4
SUPER_20,3430000,2,0,1,3,2,0,8
SUPER_20,3440000,44,1,5,50,16,28,2.5
SUPER_20,3450000,104,5,14,123,53,51,7.9473686
SUPER_20,3460000,79,3,5,87,44,35,14.375
SUPER_20,3470000,153,6,16,175,76,77,25.181818
SUPER_20,3480000,37,3,3,43,22,15,6
SUPER_20,3490000,139,14,9,162,71,68,9.565217
SUPER_20,3500000,99,7,7,113,53,46,7.857143
SUPER_20,3510000,56,9,4,69,25,31,11.846154
SUPER_20,3520000,18,2,4,24,8,10,35.166668
SUPER_20,3530000,88,3,4,95,52,36,4.428571
SUPER_20,3540000,55,5,3,63,33,22,5.75
SUPER_20,3550000,52,2,3,57,29,23,162
SUPER_20,3560000,84,3,4,91,38,46,6.285714
SUPER_20,3570000,105,3,8,116,59,46,12.272727
SUPER_20,3580000,77,2,6,85,39,38,8
SUPER_20,3590000,51,2,1,54,29,22,3
SUPER_20,3600000,40,3,5,48,18,22,3.125
SUPER_20,3610000,0,0,0,0,0,0,0
SUPER_20,3620000,0,0,0,0,0,0,0
SUPER_20,3630000,0,0,0,0,0,0,0
SUPER_20,3640000,0,0,0,0,0,0,0
SUPER_20,3650000,26,2,1,29,14,12,3.3333333
SUPER_20,3660000,85,4,7,96,43,42,28.181818
SUPER_20,3670000,51,5,4,60,27,24,7.111111
SUPER_20,3680000,4,1,2,7,3,1,94.666664
SUPER_20,3690000,3,3,0,6,2,1,7
SUPER_20,3700000,11,2,0,13,5,6,1
SUPER_20,3710000,5,1,0,6,1,4,1
SUPER_20,3720000,49,5,2,56,25,24,2.2857144
SUPER_20,3730000,117,8,13,138,60,57,12.714286
SUPER_20,3740000,137,10,8,155,65,72,5.4444447
SUPER_20,3750000,145,4,10,159,72,73,9.285714
SUPER_20,3760000,112,6,8,126,55,57,6.357143
SUPER_20,3770000,135,9,10,154,58,77,6.0526314
SUPER_20,3780000,112,9,8,129,58,54,6.7647057
SUPER_20,3790000,54,5,9,68,24,30,4.714286
SUPER_20,3800000,8,0,1,9,3,5,1
SUPER_20,3810000,2,0,0,2,2,0,NaN
SUPER_20,3820000,8,0,1,9,6,2,2
SUPER_20,3830000,64,7,8,79,30,34,25
SUPER_20,3840000,14,1,1,16,7,7,1
SUPER_20,3850000,98,6,5,109,45,53,2.090909
SUPER_20,3860000,124,13,10,147,57,67,7.4347825
SUPER_20,3870000,81,6,5,92,44,37,3.6363637
SUPER_20,3880000,0,0,0,0,0,0,0
SUPER_20,3890000,0,0,0,0,0,0,0
SUPER_20,3900000,7,2,4,13,3,4,9
SUPER_20,3910000,2,0,0,2,1,1,NaN
SUPER_20,3920000,3,0,0,3,0,3,NaN
SUPER_20,3930000,1,0,0,1,0,1,NaN
SUPER_20,3940000,6,1,0,7,5,1,8
SUPER_20,3950000,119,9,11,139,58,61,3.55
SUPER_20,3960000,53,7,4,64,25,28,5.6363635
SUPER_20,3970000,118,8,11,137,56,62,7.1578946
SUPER_20,3980000,61,6,5,72,24,37,28
SUPER_20,3990000,89,7,7,103,46,43,9.714286
SUPER_20,4000000,68,6,3,77,40,28,7
SUPER_20,4010000,62,8,3,73,26,36,3.2727273
SUPER_20,4020000,100,10,7,117,47,53,21.470589
SUPER_20,4030000,0,0,0,0,0,0,0
SUPER_20,4040000,0,0,0,0,0,0,0
SUPER_20,4050000,4,2,1,7,2,2,2.3333333
SUPER_20,4060000,1,0,0,1,0,1,NaN
SUPER_20,4070000,4,0,0,4,2,2,NaN
SUPER_20,4080000,121,11,8,140,62,59,3.3157895
SUPER_20,4090000,149,13,16,178,81,68,15.896552
SUPER_20,4100000,107,8,8,123,54,53,5.375
SUPER_20,4110000,105,11,8,124,52,53,15.631579
SUPER_20,4120000,40,0,2,42,21,19,1.5
SUPER_20,4130000,184,9,18,211,93,91,12.037037
SUPER_20,4140000,212,16,10,238,100,112,11.884615
SUPER_20,4150000,114,6,9,129,58,56,12.866667
SUPER_20,4160000,1,0,0,1,0,1,NaN
SUPER_20,4170000,27,2,2,31,12,15,2.75
SUPER_20,4180000,60,2,7,69,27,33,20.555555
SUPER_20,4190000,4,0,0,4,1,3,NaN
SUPER_20,4200000,99,4,8,111,51,48,6.0833335
SUPER_20,4210000,120,7,12,139,54,66,5.736842
SUPER_20,4220000,154,15,12,181,81,73,5.259259
SUPER_20,4230000,36,3,3,42,18,18,1.1666666
SUPER_20,4240000,56,5,4,65,31,25,3.2222223
SUPER_20,4250000,0,0,0,0,0,0,0
SUPER_20,4260000,0,0,0,0,0,0,0
SUPER_20,4270000,3,0,1,4,2,1,13
SUPER_20,4280000,0,1,0,1,0,0,3
SUPER_20,4290000,164,18,14,196,86,78,6.09375
SUPER_20,4300000,98,6,10,114,50,48,5.375
SUPER_20,4310000,94,5,4,103,60,34,2.1111112
SUPER_20,4320000,111,11,16,138,59,52,8.666667
SUPER_20,4330000,55,5,3,63,31,24,8.25
SUPER_20,4340000,143,12,12,167,79,64,38.958332
SUPER_20,4350000,11,0,4,15,6,5,6.25
SUPER_20,4360000,20,4,1,25,11,9,1.2
SUPER_20,4370000,99,4,11,114,54,45,3.3333333
SUPER_20,4380000,98,3,7,108,45,53,2.1
SUPER_20,4390000,34,3,5,42,13,21,3.125
SUPER_20,4400000,14,3,4,21,6,8,5.142857
SUPER_20,4410000,3,1,1,5,2,1,1
SUPER_20,4420000,39,1,2,42,18,21,11.333333
SUPER_20,4430000,33,3,5,41,18,15,46
SUPER_20,4440000,29,3,0,32,11,18,8.333333
SUPER_20,4450000,125,8,11,144,55,70,2.9473684
SUPER_20,4460000,44,5,4,53,23,21,18.666666
SUPER_20,4470000,3,1,0,4,2,1,2
SUPER_20,4480000,3,0,0,3,0,3,NaN
SUPER_20,4490000,2,0,0,2,2,0,NaN
SUPER_20,4500000,3,1,0,4,2,1,4
SUPER_20,4510000,6,0,1,7,3,3,1
SUPER_20,4520000,2,0,0,2,1,1,NaN
SUPER_20,4530000,27,4,6,37,17,10,12.9
SUPER_20,4540000,99,5,2,106,49,50,2.857143
SUPER_20,4550000,73,4,3,80,37,36,17.428572
SUPER_20,4560000,80,5,1,86,43,37,4
SUPER_20,4570000,140,9,13,162,71,69,18.227272
SUPER_20,4580000,43,3,4,50,23,20,7.142857
SUPER_20,4590000,90,7,8,105,41,49,3.6
SUPER_20,4600000,142,12,16,170,83,59,5.214286
SUPER_20,4610000,28,1,3,32,14,14,7
SUPER_20,4620000,41,0,4,45,20,21,15
SUPER_20,4630000,2,1,0,3,1,1,2
SUPER_20,4640000,94,11,4,109,50,44,6.133333
SUPER_20,4650000,148,12,6,166,60,88,3.3333333
SUPER_20,4660000,78,1,4,83,25,53,5
SUPER_20,4670000,152,13,12,177,74,78,5.2
SUPER_20,4680000,117,6,13,136,67,50,8.894737
SUPER_20,4690000,46,2,3,51,23,23,37.8
SUPER_20,4700000,141,16,12,169,66,75,4
SUPER_20,4710000,105,12,10,127,48,57,8.409091
SUPER_20,4720000,7,0,0,7,1,6,NaN
SUPER_20,4730000,1,0,0,1,1,0,NaN
SUPER_20,4740000,0,0,0,0,0,0,0
SUPER_20,4750000,0,0,0,0,0,0,0
SUPER_20,4760000,4,0,3,7,3,1,6
SUPER_20,4770000,1,0,0,1,1,0,NaN
SUPER_20,4780000,5,0,0,5,3,2,NaN
SUPER_20,4790000,65,9,7,81,39,26,6.375
SUPER_20,4800000,68,13,3,84,40,28,5.0625
SUPER_20,4810000,83,7,13,103,36,47,10.15
SUPER_20,4820000,94,6,12,112,49,45,5.1666665
SUPER_20,4830000,147,12,13,172,72,75,8.12
SUPER_20,4840000,110,7,13,130,51,59,6.55
SUPER_20,4850000,134,11,14,159,68,66,7.48
SUPER_20,4860000,7,0,0,7,6,1,NaN
SUPER_20,4870000,13,2,2,17,6,7,2
SUPER_20,4880000,91,10,7,108,48,43,11.941176
SUPER_20,4890000,71,4,6,81,34,37,18.9
SUPER_20,4900000,109,9,6,124,63,46,24.4
SUPER_20,4910000,90,4,4,98,48,42,6.875
SUPER_20,4920000,100,11,10,121,51,49,4.571429
SUPER_20,4930000,101,7,2,110,68,33,3.7777777
SUPER_20,4940000,53,3,2,58,33,20,1.6
SUPER_20,4950000,133,13,13,159,64,69,6.0384617
SUPER_20,4960000,126,7,9,142,71,55,10.1875
SUPER_20,4970000,85,10,6,101,47,38,36.3125
SUPER_20,4980000,86,8,12,106,46,40,9.95
SUPER_20,4990000,137,20,6,163,63,74,7.8846154
SUPER_20,5000000,165,9,10,184,91,74,13.105263
SUPER_20,5010000,129,10,6,145,77,52,4.9375
SUPER_20,5020000,93,4,8,105,46,47,4.8333335
SUPER_20,5030000,171,11,14,196,98,73,8.72
SUPER_20,5040000,151,15,6,172,78,73,26.142857
SUPER_20,5050000,190,9,18,217,107,83,3.5185184
SUPER_20,5060000,164,10,12,186,84,80,6.9545455
SUPER_20,5070000,67,3,4,74,36,31,3.2857144
SUPER_20,5080000,73,8,5,86,42,31,9.076923
SUPER_20,5090000,172,8,11,191,94,78,10.526316
SUPER_20,5100000,0,0,0,0,0,0,0
SUPER_20,5110000,0,0,0,0,0,0,0
SUPER_20,5120000,0,0,0,0,0,0,0
SUPER_20,5130000,206,13,11,230,107,99,11.625
SUPER_20,5140000,0,0,1,1,0,0,1
SUPER_20,5150000,8,1,1,10,4,4,1.5
SUPER_20,5160000,0,0,0,0,0,0,0
SUPER_20,5170000,0,0,0,0,0,0,0
SUPER_20,5180000,300,10,10,320,162,138,5.1
SUPER_20,5190000,95,5,7,107,47,48,6.5833335
SUPER_20,5200000,123,14,7,144,56,67,11
SUPER_20,5210000,65,4,3,72,34,31,12.714286
SUPER_20,5220000,183,7,11,201,91,92,16.055555
SUPER_20,5230000,76,5,4,85,44,32,6.111111
SUPER_20,5240000,1,0,0,1,0,1,NaN
SUPER_20,5250000,4,0,0,4,3,1,NaN
SUPER_20,5260000,1,0,1,2,0,1,1
SUPER_20,5270000,3,1,0,4,2,1,3
SUPER_20,5280000,1,1,0,2,0,1,5
SUPER_20,5290000,3,0,0,3,1,2,NaN
SUPER_20,5300000,5,1,1,7,3,2,1.5
SUPER_20,5310000,3,1,0,4,2,1,5
SUPER_20,5320000,2,1,1,4,0,2,2.5
SUPER_20,5330000,3,0,1,4,3,0,6
SUPER_20,5340000,6,0,1,7,4,2,12
SUPER_20,5350000,1,0,1,2,0,1,1
SUPER_20,5360000,0,0,0,0,0,0,0
SUPER_20,5370000,0,0,0,0,0,0,0
SUPER_20,5380000,30,2,4,36,14,16,10
SUPER_20,5390000,60,4,7,71,30,30,103.545456
SUPER_20,5400000,76,6,4,86,31,45,6.4
SUPER_20,5410000,51,4,2,57,25,26,4.5
SUPER_20,5420000,101,6,11,118,56,45,13.294118
SUPER_20,5430000,90,7,8,105,43,47,3.7333333
SUPER_20,5440000,67,6,6,79,37,30,10.916667
SUPER_20,5450000,116,10,12,138,59,57,7.9545455
SUPER_20,5460000,95,5,6,106,43,52,18.363636
SUPER_20,5470000,94,4,7,105,52,42,11.363636
SUPER_20,5480000,58,1,7,66,33,25,65.25
SUPER_20,5490000,16,0,3,19,8,8,24
SUPER_20,5500000,31,2,2,35,18,13,4.25
SUPER_20,5510000,25,0,1,26,14,11,3
SUPER_20,5520000,21,0,2,23,10,11,24.5
SUPER_20,5530000,56,7,2,65,32,24,9.666667
SUPER_20,5540000,55,3,2,60,36,19,2
SUPER_20,5550000,73,6,2,81,32,41,11.125
SUPER_20,5560000,125,3,8,136,66,59,25.818182
SUPER_20,5570000,127,9,8,144,61,66,12.823529
SUPER_20,5580000,20,3,4,27,11,9,11.285714
SUPER_20,5590000,64,3,7,74,35,29,11.5
SUPER_20,5600000,142,3,5,150,76,66,3.25
SUPER_20,5610000,15,0,4,19,7,8,6.25
SUPER_20,5620000,2,0,0,2,2,0,NaN
SUPER_20,5630000,2,0,0,2,1,1,NaN
SUPER_20,5640000,32,3,2,37,14,18,5.6
SUPER_20,5650000,105,3,4,112,58,47,3.4285715
SUPER_20,5660000,72,2,5,79,26,46,30.571428
SUPER_20,5670000,145,10,10,165,78,67,4.35
SUPER_20,5680000,163,13,14,190,85,78,8.62963
SUPER_20,5690000,17,0,1,18,7,10,1
SUPER_20,5700000,36,5,2,43,20,16,8.428572
SUPER_20,5710000,99,4,8,111,53,46,19.833334
SUPER_20,5720000,74,3,6,83,28,46,2.8888888
SUPER_20,5730000,0,0,0,0,0,0,0
SUPER_20,5740000,0,0,0,0,0,0,0
SUPER_20,5750000,0,0,0,0,0,0,0
SUPER_20,5760000,89,8,6,103,41,48,7
SUPER_20,5770000,94,13,8,115,44,50,3.3333333
SUPER_20,5780000,55,4,3,62,27,28,5.428571
SUPER_20,5790000,1,0,0,1,1,0,NaN
SUPER_20,5800000,3,1,0,4,2,1,1
SUPER_20,5810000,2,1,1,4,0,2,129.5
SUPER_20,5820000,2,0,1,3,0,2,18
SUPER_20,5830000,3,0,0,3,2,1,NaN
SUPER_20,5840000,1,0,1,2,1,0,2
SUPER_20,5850000,2,0,0,2,2,0,NaN
SUPER_20,5860000,3,0,0,3,1,2,NaN
SUPER_20,5870000,0,0,1,1,0,0,4
SUPER_20,5880000,1,1,1,3,0,1,18.5
SUPER_20,5890000,3,1,2,6,2,1,2
SUPER_20,5900000,3,2,1,6,1,2,5.3333335
SUPER_20,5910000,40,4,6,50,21,19,2
SUPER_20,5920000,42,3,10,55,23,19,14.846154
SUPER_20,5930000,0,0,0,0,0,0,0
SUPER_20,5940000,0,0,0,0,0,0,0
SUPER_20,5950000,192,23,17,232,92,100,7.4
SUPER_20,5960000,126,13,8,147,63,63,2.952381
SUPER_20,5970000,151,14,9,174,65,86,6.695652
SUPER_20,5980000,34,4,2,40,17,17,4.5
SUPER_20,5990000,109,8,9,126,47,62,12.411765
SUPER_20,6000000,53,6,8,67,30,23,2.7857144
SUPER_20,6010000,112,11,11,134,57,55,25.545454
SUPER_20,6020000,166,9,7,182,94,72,6.4375
SUPER_20,6030000,132,10,11,153,57,75,14.190476
SUPER_20,6040000,108,7,7,122,59,49,3.5
SUPER_20,6050000,98,11,8,117,58,40,15.947369
SUPER_20,6060000,110,6,11,127,58,52,17.294117
SUPER_20,6070000,89,4,13,106,44,45,8.176471
SUPER_20,6080000,5,0,0,5,2,3,NaN
SUPER_20,6090000,46,5,3,54,17,29,4.125
SUPER_20,6100000,87,3,12,102,48,39,5.3333335
SUPER_20,6110000,91,7,6,104,46,45,23.076923
SUPER_20,6120000,126,13,8,147,64,62,7.904762
SUPER_20,6130000,109,3,8,120,53,56,7.5454545
SUPER_20,6140000,63,2,5,70,31,32,3.4285715
SUPER_20,6150000,122,7,11,140,63,59,6.2777777
SUPER_20,6160000,119,15,9,143,71,48,11.416667
SUPER_20,6170000,45,1,10,56,24,21,68.09091
SUPER_20,6180000,144,9,9,162,85,59,19
SUPER_20,6190000,71,7,7,85,29,42,4
SUPER_20,6200000,101,7,12,120,46,55,13.684211
SUPER_20,6210000,1,0,0,1,1,0,NaN
SUPER_20,6220000,1,0,0,1,1,0,NaN
SUPER_20,6230000,105,12,10,127,55,50,7.681818
SUPER_20,6240000,168,11,12,191,82,86,6.5652175
SUPER_20,6250000,62,4,12,78,33,29,11.4375
SUPER_20,6260000,53,4,4,61,26,27,6
SUPER_20,6270000,4,1,0,5,2,2,3
SUPER_20,6280000,32,0,2,34,16,16,3.5
SUPER_20,6290000,64,7,7,78,32,32,3.7857144
SUPER_20,6300000,81,6,11,98,41,40,7.647059
SUPER_20,6310000,95,11,12,118,47,48,6.521739
SUPER_20,6320000,127,14,6,147,66,61,3.25
SUPER_20,6330000,112,11,9,132,61,51,12.45
SUPER_20,6340000,6,0,1,7,3,3,38
SUPER_20,6350000,15,0,1,16,7,8,38
SUPER_20,6360000,3,0,0,3,1,2,NaN
SUPER_20,6370000,1,3,1,5,1,0,12
SUPER_20,6380000,2,0,0,2,0,2,NaN
SUPER_20,6390000,3,0,1,4,0,3,1
SUPER_20,6400000,0,0,0,0,0,0,0
SUPER_20,6410000,0,0,0,0,0,0,0
SUPER_20,6420000,3,3,1,7,3,0,3.5
SUPER_20,6430000,3,1,1,5,3,0,24.5
SUPER_20,6440000,28,0,2,30,12,16,4
SUPER_20,6450000,4,0,0,4,3,1,NaN
SUPER_20,6460000,3,0,0,3,2,1,NaN
SUPER_20,6470000,93,4,4,101,48,45,5.75
SUPER_20,6480000,45,2,1,48,30,15,2
SUPER_20,6490000,107,7,10,124,56,51,6.7058825
SUPER_20,6500000,132,10,9,151,71,61,4.2105265
SUPER_20,6510000,53,2,1,56,23,30,6.6666665
SUPER_20,6520000,0,0,1,1,0,0,1
SUPER_20,6530000,5,0,1,6,2,3,1
SUPER_20,6540000,1,0,0,1,0,1,NaN
SUPER_20,6550000,0,0,2,2,0,0,6
SUPER_20,6560000,6,2,0,8,1,5,8.5
SUPER_20,6570000,5,1,0,6,2,3,1
SUPER_20,6580000,4,0,0,4,4,0,NaN
SUPER_20,6590000,3,0,3,6,1,2,3
SUPER_20,6600000,7,0,0,7,3,4,NaN
SUPER_20,6610000,19,0,0,19,12,7,NaN
SUPER_20,6620000,41,4,5,50,20,21,2.6666667
SUPER_20,6630000,0,0,1,1,0,0,5
SUPER_20,6640000,51,6,3,60,34,17,8
SUPER_20,6650000,125,6,8,139,64,61,12.714286
SUPER_20,6660000,74,4,5,83,42,32,4.5555553
SUPER_20,6670000,123,21,6,150,65,58,4.962963
SUPER_20,6680000,122,5,11,138,54,68,9.3125
SUPER_20,6690000,152,13,11,176,81,71,6.9166665
SUPER_20,6700000,59,2,4,65,30,29,3.8333333
SUPER_20,6710000,96,5,5,106,50,46,20.8
SUPER_20,6720000,77,8,6,91,45,32,8.357142
SUPER_20,6730000,109,14,7,130,54,55,1.4761904
SUPER_20,6740000,130,10,12,152,65,65,12.227273
SUPER_20,6750000,177,9,14,200,88,89,3.7826087
SUPER_20,6760000,179,15,15,209,84,95,11.433333
SUPER_20,6770000,50,2,2,54,31,19,2.75
SUPER_20,6780000,7,2,1,10,5,2,1.3333334
SUPER_20,6790000,5,0,0,5,5,0,NaN
SUPER_20,6800000,0,0,1,1,0,0,9
SUPER_20,6810000,1,0,0,1,0,1,NaN
SUPER_20,6820000,2,0,0,2,1,1,NaN
SUPER_20,6830000,1,0,0,1,1,0,NaN
SUPER_20,6840000,0,0,0,0,0,0,0
SUPER_20,6850000,0,0,0,0,0,0,0
SUPER_20,6860000,2,1,1,4,1,1,1
SUPER_20,6870000,84,5,6,95,41,43,7.7272725
SUPER_20,6880000,53,3,3,59,28,25,3.6666667
SUPER_20,6890000,3,0,1,4,1,2,1
SUPER_20,6900000,79,8,3,90,36,43,24.272728
SUPER_20,6910000,148,13,12,173,61,87,3.68
SUPER_20,6920000,12,1,0,13,7,5,1
SUPER_20,6930000,2,1,0,3,0,2,2
SUPER_20,6940000,1,0,0,1,0,1,NaN
SUPER_20,6950000,0,0,0,0,0,0,0
SUPER_20,6960000,0,0,0,0,0,0,0
SUPER_20,6970000,4,0,0,4,3,1,NaN
SUPER_20,6980000,1,1,1,3,0,1,1
SUPER_20,6990000,1,0,0,1,0,1,NaN
SUPER_20,7000000,20,2,0,22,16,4,2.5
SUPER_20,7010000,4,0,0,4,3,1,NaN
SUPER_20,7020000,9,1,0,10,5,4,1
SUPER_20,7030000,4,0,1,5,3,1,7
SUPER_20,7040000,12,3,2,17,2,10,2
SUPER_20,7050000,92,8,8,108,45,47,5.75
SUPER_20,7060000,24,3,2,29,9,15,8.2
SUPER_20,7070000,132,18,15,165,59,73,16.787878
SUPER_20,7080000,97,8,9,114,42,55,13.235294
SUPER_20,7090000,106,6,9,121,51,55,2.5333333
SUPER_20,7100000,110,8,5,123,52,58,4.076923
SUPER_20,7110000,43,2,4,49,19,24,6.1666665
SUPER_20,7120000,30,4,3,37,17,13,3.7142856
SUPER_20,7130000,115,7,7,129,59,56,48.5
SUPER_20,7140000,112,9,5,126,53,59,6.785714
SUPER_20,7150000,80,11,7,98,37,43,8.111111
SUPER_20,7160000,152,15,11,178,73,79,8.538462
SUPER_20,7170000,62,8,3,73,38,24,6
SUPER_20,7180000,58,4,8,70,26,32,8
SUPER_20,7190000,69,4,5,78,34,35,3.2222223
SUPER_20,7200000,2,0,1,3,0,2,1
SUPER_20,7210000,85,6,5,96,41,44,7.090909
SUPER_20,7220000,134,5,9,148,68,66,5.785714
SUPER_20,7230000,41,1,3,45,20,21,3.5
SUPER_20,7240000,28,3,1,32,12,16,5
SUPER_20,7250000,1,0,1,2,0,1,24
SUPER_20,7260000,36,3,5,44,19,17,3.75
SUPER_20,7270000,93,10,4,107,47,46,6.857143
SUPER_20,7280000,131,15,12,158,60,71,5.4074073
SUPER_20,7290000,103,6,6,115,48,55,6.6666665
SUPER_20,7300000,27,2,0,29,16,11,1
SUPER_20,7310000,40,2,1,43,30,10,1.6666666
SUPER_20,7320000,22,2,4,28,12,10,19.333334
SUPER_20,7330000,93,7,6,106,43,50,7.076923
SUPER_20,7340000,121,16,15,152,70,51,5.709677
SUPER_20,7350000,6,0,0,6,2,4,NaN
SUPER_20,7360000,85,5,7,97,48,37,22.25
SUPER_20,7370000,148,8,12,168,73,75,3.85
SUPER_20,7380000,153,4,10,167,79,74,11.928572
SUPER_20,7390000,155,11,11,177,81,74,13.5
SUPER_20,7400000,91,10,8,109,35,56,19.333334
SUPER_20,7410000,77,7,5,89,41,36,4.75
SUPER_20,7420000,117,7,8,132,64,53,4.5333333
SUPER_20,7430000,86,9,4,99,47,39,5.3846154
SUPER_20,7440000,25,2,2,29,18,7,1
SUPER_20,7450000,191,13,16,220,88,103,10.896552
SUPER_20,7460000,27,3,2,32,17,10,9
SUPER_20,7470000,95,4,3,102,49,46,28.428572
SUPER_20,7480000,111,13,7,131,53,58,3.9
SUPER_20,7490000,108,10,10,128,52,56,5.4
SUPER_20,7500000,72,2,3,77,26,46,8.2
SUPER_20,7510000,151,9,8,168,80,71,3.8823528
SUPER_20,7520000,121,7,9,137,71,50,2.5
SUPER_20,7530000,11,1,1,13,5,6,1
SUPER_20,7540000,135,10,13,158,73,62,7.4347825
SUPER_20,7550000,85,6,4,95,46,39,4.9
SUPER_20,7560000,50,5,2,57,23,27,6
SUPER_20,7570000,25,0,1,26,17,8,2
SUPER_20,7580000,5,1,0,6,4,1,2
SUPER_20,7590000,1,0,1,2,1,0,2
SUPER_20,7600000,4,0,0,4,2,2,NaN
SUPER_20,7610000,2,0,0,2,0,2,NaN
SUPER_20,7620000,3,0,2,5,0,3,10.5
SUPER_20,7630000,31,2,2,35,18,13,5
SUPER_20,7640000,87,5,9,101,45,42,6.642857
SUPER_20,7650000,121,12,7,140,64,57,6.3157897
SUPER_20,7660000,105,6,12,123,54,51,4.3333335
SUPER_20,7670000,112,7,10,129,49,63,9.705882
SUPER_20,7680000,61,3,4,68,30,31,4.714286
SUPER_20,7690000,17,1,3,21,11,6,21.75
SUPER_20,7700000,27,1,2,30,13,14,4.6666665
SUPER_20,7710000,73,6,9,88,38,35,7.4
SUPER_20,7720000,174,11,11,196,93,81,5.7272725
SUPER_20,7730000,41,1,2,44,18,23,12
SUPER_20,7740000,21,2,2,25,14,7,2.75
SUPER_20,7750000,93,14,8,115,45,48,8.181818
SUPER_20,7760000,108,4,9,121,61,47,4.6923075
SUPER_20,7770000,97,3,7,107,60,37,9.1
SUPER_20,7780000,152,9,13,174,85,67,6.090909
SUPER_20,7790000,64,3,5,72,26,38,12.125
SUPER_20,7800000,66,2,13,81,34,32,4.133333
SUPER_20,7810000,55,5,4,64,37,18,8.777778
SUPER_20,7820000,81,7,2,90,39,42,9.333333
SUPER_20,7830000,67,3,10,80,28,39,4.6923075
SUPER_20,7840000,83,7,5,95,39,44,24.25
SUPER_20,7850000,57,0,0,57,27,30,NaN
SUPER_20,7860000,13,1,3,17,6,7,2
SUPER_20,7870000,151,16,15,182,81,70,8.290322
SUPER_20,7880000,164,21,11,196,69,95,5.875
SUPER_20,7890000,1,0,0,1,0,1,NaN
SUPER_20,7900000,1,2,0,3,0,1,1
SUPER_20,7910000,0,0,0,0,0,0,0
SUPER_20,7920000,0,0,0,0,0,0,0
SUPER_20,7930000,1,0,2,3,1,0,17
SUPER_20,7940000,1,0,0,1,0,1,NaN
SUPER_20,7950000,92,3,13,108,42,50,13.5
SUPER_20,7960000,228,14,18,260,120,108,5.1875
SUPER_20,7970000,66,6,4,76,33,33,3.7
SUPER_20,7980000,16,3,1,20,9,7,60
SUPER_20,7990000,74,10,5,89,32,42,3.8666666
SUPER_20,8000000,137,10,12,159,78,59,6.2727275
SUPER_20,8010000,59,1,5,65,34,25,5.3333335
SUPER_20,8020000,86,5,9,100,38,48,3.642857
SUPER_20,8030000,1,0,2,3,1,0,9.5
SUPER_20,8040000,0,2,1,3,0,0,5.6666665
SUPER_20,8050000,0,0,1,1,0,0,2
SUPER_20,8060000,16,2,1,19,9,7,6.6666665
SUPER_20,8070000,76,4,8,88,35,41,5.3333335
SUPER_20,8080000,117,11,10,138,63,54,7.095238
SUPER_20,8090000,65,9,8,82,29,36,11.235294
SUPER_20,8100000,30,2,0,32,17,13,10
SUPER_20,8110000,83,10,11,104,43,40,12.238095
SUPER_20,8120000,36,3,1,40,14,22,1.5
SUPER_20,8130000,104,7,10,121,57,47,5.2352943
SUPER_20,8140000,97,10,7,114,54,43,4.352941
SUPER_20,8150000,34,3,3,40,15,19,16.166666
SUPER_20,8160000,0,1,0,1,0,0,6
SUPER_20,8170000,3,3,1,7,2,1,3.75
SUPER_20,8180000,3,1,0,4,1,2,1
SUPER_20,8190000,1,0,0,1,0,1,NaN
SUPER_20,8200000,3,2,0,5,2,1,4
SUPER_20,8210000,0,0,0,0,0,0,0
SUPER_20,8220000,0,0,0,0,0,0,0
SUPER_20,8230000,4,1,4,9,0,4,1
SUPER_20,8240000,2,8,25,35,0,2,1.030303
SUPER_20,8250000,3,21,35,59,0,3,1
SUPER_20,8260000,1,3,1,5,0,1,1
SUPER_20,8270000,4,0,0,4,2,2,NaN
SUPER_20,8280000,13,2,1,16,5,8,5.3333335
SUPER_20,8290000,122,10,12,144,54,68,29.454546
SUPER_20,8300000,2,0,0,2,0,2,NaN
SUPER_20,8310000,2,1,0,3,1,1,1
SUPER_20,8320000,2,1,0,3,1,1,1
SUPER_20,8330000,1,0,0,1,1,0,NaN
SUPER_20,8340000,1,0,0,1,1,0,NaN
SUPER_20,8350000,1,1,0,2,0,1,1
SUPER_20,8360000,2,0,0,2,2,0,NaN
SUPER_20,8370000,1,0,0,1,1,0,NaN
SUPER_20,8380000,2,0,2,4,1,1,9.5
SUPER_20,8390000,2,0,1,3,1,1,6
SUPER_20,8400000,5,0,0,5,1,4,NaN
SUPER_20,8410000,12,1,1,14,7,5,1.5
SUPER_20,8420000,2,0,1,3,1,1,10
SUPER_20,8430000,0,0,1,1,0,0,105
SUPER_20,8440000,2,2,1,5,2,0,1.3333334
SUPER_20,8450000,1,1,0,2,0,1,4
SUPER_20,8460000,2,0,0,2,2,0,NaN
SUPER_20,8470000,1,0,2,3,1,0,1
SUPER_20,8480000,3,0,0,3,0,3,NaN
SUPER_20,8490000,33,1,1,35,16,17,1
SUPER_20,8500000,134,14,8,156,72,62,14.545455
SUPER_20,8510000,176,11,15,202,98,78,5.5384617
SUPER_20,8520000,108,12,8,128,54,54,4
SUPER_20,8530000,113,9,21,143,61,52,3.1
SUPER_20,8540000,53,11,7,71,20,33,10.055555
SUPER_20,8550000,62,6,8,76,30,32,7.5
SUPER_20,8560000,145,23,18,186,61,84,5.3170733
SUPER_20,8570000,40,2,2,44,16,24,3.5
SUPER_20,8580000,109,9,6,124,64,45,4.133333
SUPER_20,8590000,68,3,2,73,32,36,9
SUPER_20,8600000,0,0,0,0,0,0,0
SUPER_20,8610000,0,0,0,0,0,0,0
SUPER_20,8620000,94,6,9,109,50,44,7.2
SUPER_20,8630000,22,0,1,23,12,10,1
SUPER_20,8640000,51,4,5,60,28,23,3
SUPER_20,8650000,27,6,6,39,12,15,3.5
SUPER_20,8660000,51,6,1,58,23,28,1.1428572
SUPER_20,8670000,1,0,0,1,1,0,NaN
SUPER_20,8680000,2,0,0,2,1,1,NaN
SUPER_20,8690000,1,1,0,2,1,0,1
SUPER_20,8700000,1,0,1,2,0,1,2
SUPER_20,8710000,1,0,0,1,1,0,NaN
SUPER_20,8720000,1,0,0,1,0,1,NaN
SUPER_20,8730000,2,0,0,2,2,0,NaN
SUPER_20,8740000,3,0,2,5,0,3,16
SUPER_20,8750000,3,0,0,3,0,3,NaN
SUPER_20,8760000,1,0,1,2,1,0,1
SUPER_20,8770000,0,1,0,1,0,0,4
SUPER_20,8780000,1,0,0,1,1,0,NaN
SUPER_20,8790000,1,0,0,1,0,1,NaN
SUPER_20,8800000,28,3,3,34,18,10,2.3333333
SUPER_20,8810000,103,8,7,118,50,53,21.733334
SUPER_20,8820000,106,2,9,117,58,48,5.3636365
SUPER_20,8830000,103,4,8,115,56,47,5.0833335
SUPER_20,8840000,164,9,12,185,78,86,8.238095
SUPER_20,8850000,145,12,11,168,65,80,3.652174
SUPER_20,8860000,147,15,13,175,75,72,6.821429
SUPER_20,8870000,19,0,1,20,16,3,2
SUPER_20,8880000,0,0,1,1,0,0,1
SUPER_20,8890000,6,2,0,8,3,3,2.5
SUPER_20,8900000,57,8,8,73,24,33,24.4375
SUPER_20,8910000,22,2,2,26,12,10,1.25
SUPER_20,8920000,3,0,0,3,1,2,NaN
SUPER_20,8930000,2,0,1,3,1,1,1
SUPER_20,8940000,1,0,1,2,0,1,1
SUPER_20,8950000,1,0,0,1,0,1,NaN
SUPER_20,8960000,1,0,0,1,0,1,NaN
SUPER_20,8970000,0,0,0,0,0,0,0
SUPER_20,8980000,0,0,0,0,0,0,0
SUPER_20,8990000,121,5,6,132,55,66,8.181818
SUPER_20,9000000,89,5,3,97,48,41,8.125
SUPER_20,9010000,23,1,3,27,13,10,10.25
SUPER_20,9020000,11,1,3,15,3,8,2.75
SUPER_20,9030000,20,1,3,24,10,10,7.25
SUPER_20,9040000,104,6,13,123,42,62,3.7368422
SUPER_20,9050000,25,2,0,27,13,12,7
SUPER_20,9060000,80,4,8,92,37,43,18.833334
SUPER_20,9070000,176,14,14,204,77,99,7.428571
SUPER_20,9080000,170,9,12,191,83,87,39.238094
SUPER_20,9090000,115,9,12,136,49,66,7.4761906
SUPER_20,9100000,7,2,2,11,4,3,3.75
SUPER_20,9110000,2,1,1,4,0,2,12.5
SUPER_20,9120000,0,1,0,1,0,0,4
SUPER_20,9130000,3,0,0,3,2,1,NaN
SUPER_20,9140000,7,0,0,7,5,2,NaN
SUPER_20,9150000,3,2,1,6,3,0,1
SUPER_20,9160000,1,1,0,2,1,0,1
SUPER_20,9170000,1,0,0,1,0,1,NaN
SUPER_20,9180000,4,2,0,6,3,1,1
SUPER_20,9190000,3,0,0,3,2,1,NaN
SUPER_20,9200000,1,1,0,2,1,0,1
SUPER_20,9210000,30,5,1,36,16,14,10
SUPER_20,9220000,144,11,14,169,75,69,9.36
SUPER_20,9230000,0,0,0,0,0,0,0
SUPER_20,9240000,0,0,0,0,0,0,0
SUPER_20,9250000,0,0,0,0,0,0,0
SUPER_20,9260000,114,4,5,123,65,49,2
SUPER_20,9270000,74,3,4,81,39,35,7.857143
SUPER_20,9280000,13,1,0,14,7,6,6
SUPER_20,9290000,54,6,5,65,18,36,5.7272725
SUPER_20,9300000,184,16,15,215,104,80,2.903226
SUPER_20,9310000,96,8,9,113,46,50,15.705882
SUPER_20,9320000,122,12,12,146,60,62,8.125
SUPER_20,9330000,171,12,13,196,92,79,6.64
SUPER_20,9340000,20,2,1,23,11,9,1.6666666
SUPER_20,9350000,133,8,13,154,69,64,14.142858
SUPER_20,9360000,135,7,10,152,56,79,5.0588236
SUPER_20,9370000,225,16,13,254,108,117,4.3448277
SUPER_20,9380000,90,7,7,104,43,47,8.928572
SUPER_20,9390000,146,9,13,168,78,68,4.5454545
SUPER_20,9400000,140,12,13,165,78,62,7.88
SUPER_20,9410000,106,10,11,127,48,58,6.428571
SUPER_20,9420000,96,4,5,105,46,50,4.2222223
SUPER_20,9430000,135,11,8,154,69,66,12.157895
SUPER_20,9440000,34,2,3,39,15,19,9.8
SUPER_20,9450000,73,10,4,87,33,40,6.857143
SUPER_20,9460000,83,6,4,93,39,44,9.8
SUPER_20,9470000,93,3,9,105,47,46,9.083333
SUPER_20,9480000,106,3,7,116,60,46,7.2
SUPER_20,9490000,150,14,17,181,81,69,4.387097
SUPER_20,9500000,165,10,13,188,87,78,9.304348
SUPER_20,9510000,91,5,4,100,40,51,7.111111
SUPER_20,9520000,96,6,3,105,55,41,7.3333335
SUPER_20,9530000,39,5,3,47,25,14,7.125
SUPER_20,9540000,0,0,0,0,0,0,0
SUPER_20,9550000,0,0,0,0,0,0,0
SUPER_20,9560000,8,1,1,10,3,5,1.5
SUPER_20,9570000,3,0,0,3,2,1,NaN
SUPER_20,9580000,1,1,0,2,1,0,1
SUPER_20,9590000,0,0,2,2,0,0,2
SUPER_20,9600000,2,0,0,2,2,0,NaN
SUPER_20,9610000,57,6,3,66,28,29,2.7777777
SUPER_20,9620000,112,6,8,126,59,53,8.428572
SUPER_20,9630000,35,1,4,40,21,14,2
SUPER_20,9640000,92,5,10,107,44,48,4.2
SUPER_20,9650000,179,7,12,198,87,92,9.210526
SUPER_20,9660000,135,11,14,160,68,67,6.92
SUPER_20,9670000,89,7,6,102,48,41,6.3846154
SUPER_20,9680000,87,2,4,93,42,45,4.3333335
SUPER_20,9690000,66,4,10,80,38,28,16.857143
SUPER_20,9700000,90,8,10,108,50,40,4.2222223
SUPER_20,9710000,61,10,5,76,31,30,7.2
SUPER_20,9720000,145,16,15,176,69,76,5
SUPER_20,9730000,127,3,13,143,62,65,14.9375
SUPER_20,9740000,43,5,1,49,15,28,2.8333333
SUPER_20,9750000,139,14,19,172,69,70,5.090909
SUPER_20,9760000,90,5,11,106,41,49,5.8125
SUPER_20,9770000,121,17,16,154,63,58,4.5757575
SUPER_20,9780000,123,9,6,138,66,57,14.4
SUPER_20,9790000,116,6,12,134,55,61,53.22222
SUPER_20,9800000,111,10,10,131,42,69,7.55
SUPER_20,9810000,134,15,16,165,74,60,12.612904
SUPER_20,9820000,142,11,8,161,71,71,4.7894735
SUPER_20,9830000,194,12,15,221,99,95,6
SUPER_20,9840000,161,14,14,189,66,95,7.321429
SUPER_20,9850000,40,1,2,43,20,20,2.3333333
SUPER_20,9860000,2,0,0,2,2,0,NaN
SUPER_20,9870000,1,0,0,1,1,0,NaN
SUPER_20,9880000,2,0,0,2,1,1,NaN
SUPER_20,9890000,52,6,6,64,27,25,3.75
SUPER_20,9900000,97,5,4,106,49,48,2.5555556
SUPER_20,9910000,104,12,12,128,52,52,5.1666665
SUPER_20,9920000,182,14,12,208,91,91,11.692307
SUPER_20,9930000,113,5,10,128,64,49,4.6
SUPER_20,9940000,51,5,4,60,31,20,6.5555553
SUPER_20,9950000,119,10,11,140,67,52,17.714285
SUPER_20,9960000,77,9,4,90,32,45,4.3846154
SUPER_20,9970000,72,9,5,86,35,37,6.071429
SUPER_20,9980000,78,4,7,89,40,38,4.2727275
SUPER_20,9990000,68,3,13,84,33,35,5.625
SUPER_20,10000000,126,8,6,140,76,50,8.142858
SUPER_20,10010000,149,10,6,165,72,77,4.0625
SUPER_20,10020000,33,4,5,42,12,21,7.888889
SUPER_20,10030000,1,0,0,1,1,0,NaN
SUPER_20,10040000,4,0,0,4,2,2,NaN
SUPER_20,10050000,84,4,10,98,45,39,4.928571
SUPER_20,10060000,144,9,8,161,81,63,5.7058825
SUPER_20,10070000,95,6,3,104,42,53,5.3333335
SUPER_20,10080000,116,9,8,133,56,60,8.6470585
SUPER_20,10090000,117,14,7,138,61,56,5.714286
SUPER_20,10100000,1,0,0,1,0,1,NaN
SUPER_20,10110000,4,0,0,4,1,3,NaN
SUPER_20,10120000,57,3,4,64,29,28,2.7142856
SUPER_20,10130000,63,5,2,70,34,29,3.4285715
SUPER_20,10140000,93,5,6,104,49,44,9
SUPER_20,10150000,154,12,9,175,76,78,4.047619
SUPER_20,10160000,113,11,7,131,67,46,17
SUPER_20,10170000,54,3,3,60,32,22,3
SUPER_20,10180000,168,12,10,190,89,79,4.3636365
SUPER_20,10190000,141,8,17,166,79,62,19.12
SUPER_20,10200000,87,9,11,107,43,44,5.9
SUPER_20,10210000,78,9,6,93,39,39,6.4666667
SUPER_20,10220000,180,6,16,202,85,95,12.090909
SUPER_20,10230000,91,7,4,102,48,43,15.545455
SUPER_20,10240000,169,13,9,191,95,74,4.7727275
SUPER_20,10250000,134,11,7,152,77,57,44.555557
SUPER_20,10260000,100,4,7,111,58,42,6.818182
SUPER_20,10270000,131,6,8,145,56,75,6.928571
SUPER_20,10280000,40,0,5,45,21,19,10.4
SUPER_20,10290000,184,12,14,210,93,91,7.3461537
SUPER_20,10300000,88,3,4,95,42,46,2.857143
SUPER_20,10310000,110,5,9,124,49,61,9.928572
SUPER_20,10320000,20,2,1,23,11,9,3.3333333
SUPER_20,10330000,269,12,17,298,151,118,5.413793
SUPER_20,10340000,50,4,6,60,24,26,5.5
SUPER_20,10350000,74,3,6,83,40,34,5.3333335
SUPER_20,10360000,201,12,16,229,100,101,5.357143
SUPER_20,10370000,186,13,10,209,98,88,12.130435
SUPER_20,10380000,38,4,2,44,21,17,5.1666665
SUPER_20,10390000,83,6,5,94,52,31,7.7272725
SUPER_20,10400000,80,6,9,95,35,45,14.933333
SUPER_20,10410000,116,5,7,128,49,67,12.5
SUPER_20,10420000,69,5,7,81,37,32,9.583333
SUPER_20,10430000,0,0,0,0,0,0,0
SUPER_20,10440000,0,0,0,0,0,0,0
SUPER_20,10450000,63,6,1,70,34,29,14.285714
SUPER_20,10460000,0,1,1,2,0,0,1.5
SUPER_20,10470000,2,0,0,2,2,0,NaN
SUPER_20,10480000,0,0,0,0,0,0,0
SUPER_20,10490000,0,0,0,0,0,0,0
SUPER_20,10500000,25,3,3,31,16,9,2.5
SUPER_20,10510000,29,1,4,34,15,14,81.4
SUPER_20,10520000,15,4,1,20,9,6,15.4
SUPER_20,10530000,92,11,12,115,32,60,6.521739
SUPER_20,10540000,44,5,3,52,18,26,1.375
SUPER_20,10550000,48,3,4,55,26,22,3.857143
SUPER_20,10560000,89,12,12,113,47,42,7.9583335
SUPER_20,10570000,72,5,4,81,40,32,8.888889
SUPER_20,10580000,53,3,4,60,26,27,14.571428
SUPER_20,10590000,166,9,14,189,66,100,3.9565217
SUPER_20,10600000,179,11,16,206,90,89,9.259259
SUPER_20,10610000,91,6,4,101,49,42,13.1
SUPER_20,10620000,30,3,2,35,17,13,2.6
SUPER_20,10630000,32,1,5,38,20,12,3.3333333
SUPER_20,10640000,69,10,7,86,34,35,31.470589
SUPER_20,10650000,114,8,8,130,56,58,7.5625
SUPER_20,10660000,109,8,9,126,59,50,6.0588236
SUPER_20,10670000,149,13,12,174,63,86,6.88
SUPER_20,10680000,54,3,6,63,21,33,4
SUPER_20,10690000,1,0,0,1,0,1,NaN
SUPER_20,10700000,5,1,2,8,3,2,5.6666665
SUPER_20,10710000,12,3,2,17,7,5,9.6
SUPER_20,10720000,5,0,0,5,3,2,NaN
SUPER_20,10730000,22,1,2,25,9,13,27.333334
SUPER_20,10740000,86,10,10,106,48,38,5.5
SUPER_20,10750000,89,12,14,115,41,48,8.615385
SUPER_20,10760000,84,7,7,98,38,46,29.428572
SUPER_20,10770000,23,3,4,30,15,8,6.428571
SUPER_20,10780000,65,6,7,78,34,31,5.3076925
SUPER_20,10790000,65,6,9,80,23,42,11.866667
SUPER_20,10800000,77,9,3,89,37,40,4.5833335
SUPER_20,10810000,102,9,4,115,43,59,9.076923
SUPER_20,10820000,52,9,4,65,33,19,19
SUPER_20,10830000,5,1,0,6,3,2,1
SUPER_20,10840000,0,0,0,0,0,0,0
SUPER_20,10850000,0,0,0,0,0,0,0
SUPER_20,10860000,0,0,0,0,0,0,0
SUPER_20,10870000,6,0,1,7,2,4,1
SUPER_20,10880000,97,7,11,115,44,53,11.722222
SUPER_20,10890000,42,4,4,50,24,18,24.5
SUPER_20,10900000,4,0,0,4,2,2,NaN
SUPER_20,10910000,3,0,2,5,1,2,6.5
SUPER_20,10920000,1,1,0,2,0,1,4
SUPER_20,10930000,1,1,1,3,0,1,4
SUPER_20,10940000,8,1,0,9,3,5,1
SUPER_20,10950000,1,0,1,2,0,1,1
SUPER_20,10960000,23,2,2,27,16,7,1.25
SUPER_20,10970000,5,0,3,8,2,3,10.666667
SUPER_20,10980000,4,0,0,4,1,3,NaN
SUPER_20,10990000,93,4,8,105,42,51,15.166667
SUPER_20,11000000,151,8,9,168,85,66,37.117645
SUPER_20,11010000,111,13,12,136,58,53,24.48
SUPER_20,11020000,4,2,1,7,1,3,8.666667
SUPER_20,11030000,4,1,2,7,2,2,1.6666666
SUPER_20,11040000,42,3,4,49,18,24,3.7142856
SUPER_20,11050000,97,5,9,111,52,45,27.571428
SUPER_20,11060000,154,15,19,188,86,68,7.7647057
SUPER_20,11070000,192,14,10,216,85,107,3.6666667
SUPER_20,11080000,119,8,7,134,68,51,12.466666
SUPER_20,11090000,146,11,8,165,65,81,8.947369
SUPER_20,11100000,220,16,18,254,111,109,4.970588
SUPER_20,11110000,184,11,11,206,96,88,11.863636
SUPER_20,11120000,183,12,12,207,87,96,24.291666
SUPER_20,11130000,150,13,10,173,79,71,5.7826085
SUPER_20,11140000,1,1,0,2,1,0,1
SUPER_20,11150000,2,1,0,3,1,1,1
SUPER_20,11160000,1,0,0,1,1,0,NaN
SUPER_20,11170000,2,1,1,4,2,0,22.5
SUPER_20,11180000,0,1,0,1,0,0,1
SUPER_20,11190000,2,1,0,3,0,2,31
SUPER_20,11200000,0,1,0,1,0,0,3
SUPER_20,11210000,155,8,13,176,69,86,8.095238
SUPER_20,11220000,37,4,4,45,15,22,5.125
SUPER_20,11230000,126,10,10,146,74,52,23.75
SUPER_20,11240000,126,6,6,138,79,47,6.0833335
SUPER_20,11250000,96,4,8,108,52,44,5.25
SUPER_20,11260000,112,9,4,125,43,69,4.3846154
SUPER_20,11270000,159,8,12,179,89,70,4.45
SUPER_20,11280000,100,6,13,119,40,60,13.315789
SUPER_20,11290000,51,2,3,56,27,24,2.8
SUPER_20,11300000,128,8,11,147,71,57,14.315789
SUPER_20,11310000,1,1,0,2,0,1,35
SUPER_20,11320000,6,1,0,7,2,4,2
SUPER_20,11330000,4,0,3,7,3,1,2
SUPER_20,11340000,110,11,9,130,59,51,10.85
SUPER_20,11350000,133,10,14,157,62,71,4.7916665
SUPER_20,11360000,195,8,22,225,85,110,12.3
SUPER_20,11370000,199,11,15,225,93,106,10.230769
SUPER_20,11380000,206,15,13,234,107,99,7.25
SUPER_20,11390000,130,17,12,159,64,66,11.655172
SUPER_20,11400000,166,17,14,197,91,75,22.32258
SUPER_20,11410000,131,8,6,145,68,63,6
SUPER_20,11420000,49,7,5,61,27,22,8.666667
SUPER_20,11430000,1,0,0,1,1,0,NaN
SUPER_20,11440000,7,0,0,7,4,3,NaN
SUPER_20,11450000,57,5,6,68,22,35,9.272727
SUPER_20,11460000,32,3,2,37,18,14,4.8
SUPER_20,11470000,65,5,2,72,37,28,6.285714
SUPER_20,11480000,162,6,15,183,91,71,14.095238
SUPER_20,11490000,116,5,11,132,63,53,5.125
SUPER_20,11500000,62,7,6,75,36,26,44.692307
SUPER_20,11510000,2,0,0,2,2,0,NaN
SUPER_20,11520000,1,0,2,3,1,0,4.5
SUPER_20,11530000,8,2,2,12,4,4,7.25
SUPER_20,11540000,13,1,0,14,10,3,1
SUPER_20,11550000,49,8,2,59,22,27,5.5
SUPER_20,11560000,59,9,3,71,32,27,4.1666665
SUPER_20,11570000,76,6,6,88,41,35,3.6666667
SUPER_20,11580000,115,11,7,133,55,60,13.888889
SUPER_20,11590000,199,13,11,223,99,100,6.9166665
SUPER_20,11600000,126,11,13,150,63,63,3.7916667
SUPER_20,11610000,97,6,9,112,56,41,7.266667
SUPER_20,11620000,97,11,9,117,49,48,29.55
SUPER_20,11630000,71,9,7,87,33,38,4
SUPER_20,11640000,76,10,5,91,39,37,2.6
SUPER_20,11650000,3,0,0,3,2,1,NaN
SUPER_20,11660000,117,7,7,131,62,55,13.214286
SUPER_20,11670000,161,13,14,188,82,79,5.111111
SUPER_20,11680000,108,7,12,127,53,55,4.5263157
SUPER_20,11690000,129,8,4,141,59,70,6.1666665
SUPER_20,11700000,16,1,3,20,7,9,3.25
SUPER_20,11710000,24,3,1,28,14,10,4
SUPER_20,11720000,80,7,6,93,44,36,4.3076925
SUPER_20,11730000,133,8,12,153,68,65,3.95
SUPER_20,11740000,214,13,20,247,104,110,9
SUPER_20,11750000,44,2,9,55,23,21,5.181818
SUPER_20,11760000,81,8,4,93,40,41,5.9166665
SUPER_20,11770000,119,11,9,139,64,55,6.55
SUPER_20,11780000,26,2,4,32,12,14,34
SUPER_20,11790000,101,7,4,112,50,51,7.6363635
SUPER_20,11800000,113,7,7,127,59,54,20.642857
SUPER_20,11810000,25,0,1,26,10,15,26
SUPER_20,11820000,100,8,8,116,54,46,4.375
SUPER_20,11830000,129,3,13,145,65,64,11.9375
SUPER_20,11840000,223,13,10,246,127,96,8.391304
SUPER_20,11850000,55,6,6,67,21,34,6.75
SUPER_20,11860000,135,10,17,162,79,56,7.7777777
SUPER_20,11870000,76,9,3,88,31,45,8.25
SUPER_20,11880000,157,9,10,176,83,74,16.526316
SUPER_20,11890000,86,7,4,97,46,40,4.3636365
SUPER_20,11900000,3,0,0,3,2,1,NaN
SUPER_20,11910000,1,0,0,1,1,0,NaN
SUPER_20,11920000,2,0,2,4,0,2,2
SUPER_20,11930000,106,6,7,119,49,57,3.7692308
SUPER_20,11940000,175,10,10,195,84,91,8.2
SUPER_20,11950000,77,3,5,85,39,38,13.75
SUPER_20,11960000,112,14,5,131,53,59,3.0526316
SUPER_20,11970000,1,1,0,2,0,1,6
SUPER_20,11980000,0,1,1,2,0,0,1
SUPER_20,11990000,3,0,0,3,2,1,NaN
SUPER_20,12000000,1,1,0,2,0,1,6
SUPER_20,12010000,0,1,0,1,0,0,2
SUPER_20,12020000,1,1,0,2,0,1,2
SUPER_20,12030000,1,0,0,1,0,1,NaN
SUPER_20,12040000,27,2,2,31,11,16,9.75
SUPER_20,12050000,34,2,3,39,20,14,3.6
SUPER_20,12060000,58,8,9,75,35,23,2.7058823
SUPER_20,12070000,70,3,3,76,38,32,13.833333
SUPER_20,12080000,68,3,9,80,33,35,6.4166665
SUPER_20,12090000,103,9,10,122,48,55,8.526316
SUPER_20,12100000,140,9,11,160,71,69,3.35
SUPER_20,12110000,100,6,6,112,56,44,14.5
SUPER_20,12120000,38,5,3,46,16,22,4.5
SUPER_20,12130000,69,3,3,75,33,36,3.5
SUPER_20,12140000,93,8,5,106,41,52,2.8461537
SUPER_20,12150000,73,5,3,81,37,36,10.75
SUPER_20,12160000,18,5,3,26,11,7,3.875
SUPER_20,12170000,7,1,0,8,6,1,1
SUPER_20,12180000,12,0,1,13,9,3,8
SUPER_20,12190000,77,2,3,82,45,32,41
SUPER_20,12200000,100,8,7,115,48,52,2.6
SUPER_20,12210000,118,7,5,130,61,57,48.333332
SUPER_20,12220000,24,1,1,26,14,10,4.5
SUPER_20,12230000,116,13,18,147,68,48,6.387097
SUPER_20,12240000,97,10,10,117,49,48,8.5
SUPER_20,12250000,121,11,9,141,58,63,22.15
SUPER_20,12260000,27,1,1,29,14,13,1.5
SUPER_20,12270000,1,0,0,1,0,1,NaN
SUPER_20,12280000,3,1,1,5,3,0,4
SUPER_20,12290000,6,0,0,6,4,2,NaN
SUPER_20,12300000,4,1,0,5,4,0,1
SUPER_20,12310000,2,0,0,2,2,0,NaN
SUPER_20,12320000,2,1,2,5,2,0,3
SUPER_20,12330000,68,5,4,77,37,31,14.666667
SUPER_20,12340000,74,6,4,84,40,34,2.9
SUPER_20,12350000,104,4,9,117,55,49,6.1538463
SUPER_20,12360000,147,3,9,159,78,69,10.5
SUPER_20,12370000,37,2,0,39,25,12,2.5
SUPER_20,12380000,61,7,8,76,34,27,12.133333
SUPER_20,12390000,120,5,6,131,63,57,20
SUPER_20,12400000,78,8,5,91,45,33,5.4615383
SUPER_20,12410000,6,3,0,9,2,4,4
SUPER_20,12420000,9,2,0,11,7,2,2
SUPER_20,12430000,34,1,1,36,19,15,7
SUPER_20,12440000,38,4,1,43,23,15,2
SUPER_20,12450000,3,1,0,4,2,1,12
SUPER_20,12460000,124,14,10,148,56,68,4.6666665
SUPER_20,12470000,64,2,3,69,35,29,7.6
SUPER_20,12480000,126,9,12,147,59,67,8.714286
SUPER_20,12490000,112,16,6,134,47,65,23.5
SUPER_20,12500000,78,4,14,96,46,32,5.2777777
SUPER_20,12510000,86,6,6,98,44,42,22.666666
SUPER_20,12520000,82,3,6,91,47,35,93.111115
SUPER_20,12530000,96,8,8,112,47,49,6.1875
SUPER_20,12540000,105,12,5,122,57,48,2.7058823
SUPER_20,12550000,24,3,2,29,7,17,3.2
SUPER_20,12560000,94,6,2,102,47,47,2.5
SUPER_20,12570000,32,2,4,38,17,15,7.1666665
SUPER_20,12580000,44,5,2,51,26,18,3.7142856
SUPER_20,12590000,102,8,5,115,50,52,3.8461537
SUPER_20,12600000,22,2,2,26,7,15,6
SUPER_20,12610000,74,6,11,91,32,42,1.5294118
SUPER_20,12620000,13,1,1,15,6,7,4
SUPER_20,12630000,0,0,0,0,0,0,0
SUPER_20,12640000,0,0,0,0,0,0,0
SUPER_20,12650000,3,0,2,5,2,1,1
SUPER_20,12660000,86,6,3,95,37,49,10.555555
SUPER_20,12670000,0,0,0,0,0,0,0
SUPER_20,12680000,0,0,0,0,0,0,0
SUPER_20,12690000,21,5,3,29,6,15,1.125
SUPER_20,12700000,17,1,1,19,9,8,5
SUPER_20,12710000,2,0,1,3,1,1,2
SUPER_20,12720000,29,0,2,31,20,9,2
SUPER_20,12730000,36,2,2,40,15,21,3.75
SUPER_20,12740000,131,17,17,165,72,59,20.529411
SUPER_20,12750000,82,9,5,96,40,42,5.642857
SUPER_20,12760000,114,11,10,135,53,61,6.142857
SUPER_20,12770000,145,5,13,163,75,70,5.6666665
SUPER_20,12780000,186,15,17,218,94,92,4.5
SUPER_20,12790000,124,12,8,144,67,57,9.7
SUPER_20,12800000,13,1,0,14,8,5,4
SUPER_20,12810000,36,8,4,48,14,22,4.1666665
SUPER_20,12820000,19,1,1,21,10,9,1
SUPER_20,12830000,116,10,16,142,56,60,5.076923
SUPER_20,12840000,127,8,13,148,52,75,5.857143
SUPER_20,12850000,176,11,12,199,96,80,16.826086
SUPER_20,12860000,72,3,8,83,33,39,23.818182
SUPER_20,12870000,50,8,5,63,28,22,22.153847
SUPER_20,12880000,8,2,1,11,3,5,5
SUPER_20,12890000,89,5,8,102,44,45,9.692307
SUPER_20,12900000,175,13,8,196,91,84,6.428571
SUPER_20,12910000,30,3,2,35,7,23,20.4
SUPER_20,12920000,29,2,1,32,14,15,1.6666666
SUPER_20,12930000,105,8,7,120,45,60,3.9333334
SUPER_20,12940000,2,0,1,3,1,1,8
SUPER_20,12950000,27,0,2,29,15,12,3.5
SUPER_20,12960000,1,0,0,1,1,0,NaN
SUPER_20,12970000,3,4,0,7,0,3,4.25
SUPER_20,12980000,3,0,2,5,1,2,2
SUPER_20,12990000,2,0,0,2,1,1,NaN
SUPER_20,13000000,10,4,1,15,2,8,3
SUPER_20,13010000,87,16,11,114,43,44,6.5925927
SUPER_20,13020000,90,11,4,105,43,47,5.0666666
SUPER_20,13030000,88,7,8,103,48,40,2.2666667
SUPER_20,13040000,185,14,9,208,98,87,18.217392
SUPER_20,13050000,117,8,11,136,54,63,4.1578946
SUPER_20,13060000,101,5,14,120,48,53,8.105263
SUPER_20,13070000,125,17,16,158,65,60,4.5454545
SUPER_20,13080000,163,25,15,203,81,82,6.925
SUPER_20,13090000,153,15,21,189,82,71,8.25
SUPER_20,13100000,96,5,6,107,41,55,3.5454545
SUPER_20,13110000,58,4,6,68,36,22,7.6
SUPER_20,13120000,131,16,17,164,70,61,5.5454545
SUPER_20,13130000,87,4,9,100,41,46,11.615385
SUPER_20,13140000,0,0,1,1,0,0,1
SUPER_20,13150000,69,6,7,82,36,33,9.538462
SUPER_20,13160000,19,4,2,25,10,9,12
SUPER_20,13170000,43,1,8,52,21,22,3.3333333
SUPER_20,13180000,37,4,4,45,16,21,6.125
SUPER_20,13190000,97,4,8,109,39,58,28
SUPER_20,13200000,37,2,2,41,19,18,56.25
SUPER_20,13210000,136,11,6,153,70,66,7.117647
SUPER_20,13220000,2,0,0,2,1,1,NaN
SUPER_20,13230000,1,0,2,3,1,0,5.5
SUPER_20,13240000,3,0,0,3,2,1,NaN
SUPER_20,13250000,5,2,2,9,2,3,1
SUPER_20,13260000,67,8,4,79,30,37,4.6666665
SUPER_20,13270000,68,5,8,81,31,37,5.5384617
SUPER_20,13280000,43,2,2,47,24,19,15.25
SUPER_20,13290000,1,0,0,1,1,0,NaN
SUPER_20,13300000,19,2,1,22,8,11,3
SUPER_20,13310000,115,7,5,127,57,58,4.5
SUPER_20,13320000,65,5,4,74,28,37,2
SUPER_20,13330000,228,19,21,268,106,122,7.95
SUPER_20,13340000,50,2,3,55,13,37,13
SUPER_20,13350000,4,0,1,5,2,2,4
SUPER_20,13360000,4,2,0,6,2,2,2.5
SUPER_20,13370000,3,0,1,4,1,2,1
SUPER_20,13380000,35,5,3,43,23,12,8.375
SUPER_20,13390000,204,20,15,239,101,103,4.9428573
SUPER_20,13400000,154,11,19,184,71,83,31.833334
SUPER_20,13410000,85,10,8,103,34,51,2.1111112
SUPER_20,13420000,127,13,9,149,64,63,4.2272725
SUPER_20,13430000,0,0,0,0,0,0,0
SUPER_20,13440000,0,0,0,0,0,0,0
SUPER_20,13450000,85,4,11,100,47,38,4.3333335
SUPER_20,13460000,7,0,0,7,6,1,NaN
SUPER_20,13470000,64,4,12,80,28,36,12.5
SUPER_20,13480000,117,10,11,138,63,54,4.857143
SUPER_20,13490000,40,2,2,44,15,25,25.75
SUPER_20,13500000,113,7,7,127,59,54,3.9285715
SUPER_20,13510000,134,9,14,157,67,67,6.0869565
SUPER_20,13520000,103,9,8,120,56,47,6.7647057
SUPER_20,13530000,96,8,6,110,48,48,31.785715
SUPER_20,13540000,143,7,9,159,75,68,6.125
SUPER_20,13550000,117,4,15,136,60,57,6.1578946
SUPER_20,13560000,128,10,8,146,66,62,3.8333333
SUPER_20,13570000,196,12,10,218,102,94,6.0454545
SUPER_20,13580000,57,4,1,62,31,26,3.4
SUPER_20,13590000,88,5,6,99,45,43,8.363636
SUPER_20,13600000,17,0,0,17,9,8,NaN
SUPER_20,13610000,112,11,13,136,62,50,9.083333
SUPER_20,13620000,115,7,8,130,70,45,17.066668
SUPER_20,13630000,61,2,0,63,29,32,1.5
SUPER_20,13640000,151,7,12,170,84,67,6.9473686
SUPER_20,13650000,77,1,15,93,37,40,7.25
SUPER_20,13660000,2,0,0,2,1,1,NaN
SUPER_20,13670000,4,0,0,4,1,3,NaN
SUPER_20,13680000,18,1,2,21,7,11,4
SUPER_20,13690000,23,4,1,28,12,11,2
SUPER_20,13700000,99,10,8,117,62,37,9.444445
SUPER_20,13710000,103,3,6,112,60,43,3.4444444
SUPER_20,13720000,166,8,7,181,81,85,10.733334
SUPER_20,13730000,131,6,5,142,72,59,9.727273
SUPER_20,13740000,17,2,1,20,10,7,4.3333335
SUPER_20,13750000,160,13,10,183,71,89,5.2173915
SUPER_20,13760000,6,0,1,7,3,3,12
SUPER_20,13770000,6,3,2,11,2,4,8.2
SUPER_20,13780000,68,4,2,74,25,43,2.8333333
SUPER_20,13790000,71,7,7,85,35,36,6.928571
SUPER_20,13800000,124,6,7,137,61,63,6.1538463
SUPER_20,13810000,159,13,12,184,78,81,2.64
SUPER_20,13820000,166,10,12,188,76,90,4.2727275
SUPER_20,13830000,78,8,8,94,30,48,7.3125
SUPER_20,13840000,31,1,7,39,14,17,18.75
SUPER_20,13850000,45,2,4,51,19,26,1.5
SUPER_20,13860000,107,13,9,129,43,64,10.318182
SUPER_20,13870000,81,8,2,91,48,33,8
SUPER_20,13880000,92,9,7,108,44,48,22.625
SUPER_20,13890000,105,8,8,121,50,55,3
SUPER_20,13900000,93,7,9,109,51,42,7.3125
SUPER_20,13910000,120,7,13,140,59,61,6.8
SUPER_20,13920000,122,7,6,135,59,63,7
SUPER_20,13930000,13,1,1,15,6,7,4
SUPER_20,13940000,59,6,6,71,31,28,9.833333
SUPER_20,13950000,1,0,0,1,0,1,NaN
SUPER_20,13960000,2,1,0,3,1,1,2
SUPER_20,13970000,0,0,0,0,0,0,0
SUPER_20,13980000,0,0,0,0,0,0,0
SUPER_20,13990000,1,0,1,2,0,1,4
SUPER_20,14000000,3,0,0,3,2,1,NaN
SUPER_20,14010000,34,1,2,37,19,15,13.333333
SUPER_20,14020000,0,0,0,0,0,0,0
SUPER_20,14030000,0,0,0,0,0,0,0
SUPER_20,14040000,60,3,4,67,26,34,2.857143
SUPER_20,14050000,82,8,0,90,46,36,9.25
SUPER_20,14060000,110,9,18,137,52,58,6.851852
SUPER_20,14070000,119,10,5,134,62,57,32.333332
SUPER_20,14080000,183,14,16,213,99,84,15.933333
SUPER_20,14090000,97,7,11,115,42,55,2.5
SUPER_20,14100000,4,3,0,7,2,2,8.333333
SUPER_20,14110000,1,1,1,3,0,1,8
SUPER_20,14120000,4,0,0,4,1,3,NaN
SUPER_20,14130000,82,7,8,97,39,43,5.6
SUPER_20,14140000,186,20,18,224,97,89,21.473684
SUPER_20,14150000,108,5,12,125,65,43,5.647059
SUPER_20,14160000,105,6,8,119,59,46,6.642857
SUPER_20,14170000,49,5,6,60,25,24,6.2727275
SUPER_20,14180000,30,8,7,45,10,20,2.5333333
SUPER_20,14190000,4,0,0,4,2,2,NaN
SUPER_20,14200000,4,0,1,5,3,1,1
SUPER_20,14210000,25,1,5,31,12,13,5.6666665
SUPER_20,14220000,38,3,1,42,23,15,9.75
SUPER_20,14230000,129,8,10,147,68,61,4.111111
SUPER_20,14240000,76,5,4,85,39,37,7.2222223
SUPER_20,14250000,149,9,15,173,83,66,3.9583333
SUPER_20,14260000,122,9,8,139,56,66,6.4117646
SUPER_20,14270000,184,12,17,213,86,98,4.62069
SUPER_20,14280000,107,8,10,125,60,47,5.7222223
SUPER_20,14290000,81,3,8,92,38,43,2.1818182
SUPER_20,14300000,1,0,0,1,0,1,NaN
SUPER_20,14310000,3,0,0,3,3,0,NaN
SUPER_20,14320000,117,2,10,129,65,52,7.3333335
SUPER_20,14330000,82,8,7,97,32,50,12.866667
SUPER_20,14340000,1,1,1,3,1,0,2
SUPER_20,14350000,1,0,0,1,1,0,NaN
SUPER_20,14360000,2,1,0,3,0,2,33
SUPER_20,14370000,2,0,1,3,1,1,1
SUPER_20,14380000,2,0,0,2,0,2,NaN
SUPER_20,14390000,0,0,0,0,0,0,0
SUPER_20,14400000,0,0,0,0,0,0,0
SUPER_20,14410000,8,1,0,9,5,3,2
SUPER_20,14420000,0,1,0,1,0,0,1
SUPER_20,14430000,1,0,0,1,1,0,NaN
SUPER_20,14440000,48,3,1,52,23,25,3
SUPER_20,14450000,8,0,0,8,7,1,NaN
SUPER_20,14460000,5,0,1,6,3,2,1
SUPER_20,14470000,4,0,1,5,2,2,5
SUPER_20,14480000,3,0,0,3,1,2,NaN
SUPER_20,14490000,3,0,0,3,0,3,NaN
SUPER_20,14500000,1,0,1,2,0,1,1
SUPER_20,14510000,45,7,4,56,29,16,7.181818
SUPER_20,14520000,3,0,0,3,0,3,NaN
SUPER_20,14530000,7,2,0,9,3,4,2.5
SUPER_20,14540000,2,2,0,4,0,2,14.5
SUPER_20,14550000,1,0,0,1,1,0,NaN
SUPER_20,14560000,2,1,0,3,2,0,2
SUPER_20,14570000,2,1,0,3,1,1,1
SUPER_20,14580000,4,0,0,4,2,2,NaN
SUPER_20,14590000,1,0,0,1,0,1,NaN
SUPER_20,14600000,1,0,0,1,0,1,NaN
SUPER_20,14610000,73,5,9,87,35,38,4.571429
SUPER_20,14620000,180,8,9,197,98,82,9.705882
SUPER_20,14630000,105,11,4,120,60,45,6.3333335
SUPER_20,14640000,88,3,6,97,48,40,5.888889
SUPER_20,14650000,49,3,0,52,24,25,3
SUPER_20,14660000,49,4,2,55,19,30,4.1666665
SUPER_20,14670000,0,1,0,1,0,0,1
SUPER_20,14680000,2,0,0,2,1,1,NaN
SUPER_20,14690000,47,5,3,55,27,20,3.625
SUPER_20,14700000,125,8,8,141,53,72,3.3125
SUPER_20,14710000,33,0,3,36,16,17,5
SUPER_20,14720000,70,3,6,79,41,29,30.666666
SUPER_20,14730000,113,5,14,132,61,52,5.2105265
SUPER_20,14740000,135,9,5,149,76,59,3.7857144
SUPER_20,14750000,109,6,8,123,52,57,33.07143
SUPER_20,14760000,2,0,0,2,0,2,NaN
SUPER_20,14770000,1,0,0,1,0,1,NaN
SUPER_20,14780000,4,2,1,7,3,1,1.6666666
SUPER_20,14790000,0,0,0,0,0,0,0
SUPER_20,14800000,0,0,0,0,0,0,0
SUPER_20,14810000,5,2,1,8,2,3,1.3333334
SUPER_20,14820000,0,0,0,0,0,0,0
SUPER_20,14830000,0,0,0,0,0,0,0
SUPER_20,14840000,136,9,6,151,70,66,4.3333335
SUPER_20,14850000,73,4,5,82,37,36,13.222222
SUPER_20,14860000,10,1,1,12,5,5,5.5
SUPER_20,14870000,2,0,1,3,1,1,1
SUPER_20,14880000,1,0,1,2,0,1,1
SUPER_20,14890000,4,1,0,5,2,2,2
SUPER_20,14900000,0,0,1,1,0,0,3
SUPER_20,14910000,0,0,1,1,0,0,2
SUPER_20,14920000,111,9,11,131,54,57,3.9
SUPER_20,14930000,129,11,6,146,77,52,8.764706
SUPER_20,14940000,151,13,12,176,76,75,6.6
SUPER_20,14950000,55,4,2,61,20,35,6.1666665
SUPER_20,14960000,85,2,4,91,51,34,3.5
SUPER_20,14970000,137,5,12,154,63,74,43.588234
SUPER_20,14980000,174,15,8,197,92,82,4.521739
SUPER_20,14990000,68,2,8,78,28,40,17.6
SUPER_20,15000000,129,7,8,144,63,66,4.133333
SUPER_20,15010000,112,3,6,121,56,56,7
SUPER_20,15020000,96,6,3,105,55,41,11.111111
SUPER_20,15030000,90,7,4,101,40,50,2.2727273
SUPER_20,15040000,34,1,1,36,15,19,6.5
SUPER_20,15050000,104,6,5,115,55,49,1.6363636
SUPER_20,15060000,45,7,3,55,31,14,9
SUPER_20,15070000,75,7,5,87,41,34,10.25
SUPER_20,15080000,91,7,11,109,53,38,15.833333
SUPER_20,15090000,63,4,7,74,30,33,6
SUPER_20,15100000,55,3,7,65,25,30,2.9
SUPER_20,15110000,102,10,13,125,44,58,14.173913
SUPER_20,15120000,126,3,3,132,67,59,10
SUPER_20,15130000,161,17,13,191,75,86,3.8666666
SUPER_20,15140000,118,7,8,133,57,61,20.466667
SUPER_20,15150000,3,1,1,5,2,1,4
SUPER_20,15160000,19,1,2,22,12,7,4
SUPER_20,15170000,10,1,1,12,5,5,1
SUPER_20,15180000,72,9,7,88,39,33,2.5625
SUPER_20,15190000,101,6,9,116,52,49,5.4666667
SUPER_20,15200000,156,14,18,188,84,72,13.03125
SUPER_20,15210000,83,5,12,100,33,50,15.411765
SUPER_20,15220000,12,0,1,13,5,7,83
SUPER_20,15230000,3,0,0,3,3,0,NaN
SUPER_20,15240000,5,1,0,6,4,1,4
SUPER_20,15250000,62,3,6,71,30,32,8.333333
SUPER_20,15260000,43,5,4,52,18,25,7.5555553
SUPER_20,15270000,66,9,9,84,35,31,3.5
SUPER_20,15280000,35,4,4,43,17,18,5.375
SUPER_20,15290000,3,0,2,5,1,2,1
SUPER_20,15300000,0,0,1,1,0,0,1
SUPER_20,15310000,81,15,7,103,38,43,7.909091
SUPER_20,15320000,73,8,6,87,44,29,8.071428
SUPER_20,15330000,2,0,1,3,0,2,1
SUPER_20,15340000,2,1,0,3,0,2,1
SUPER_20,15350000,2,0,0,2,0,2,NaN
SUPER_20,15360000,1,1,0,2,0,1,6
SUPER_20,15370000,2,0,0,2,1,1,NaN
SUPER_20,15380000,1,1,0,2,0,1,2
SUPER_20,15390000,2,0,0,2,0,2,NaN
SUPER_20,15400000,13,1,1,15,5,8,10
SUPER_20,15410000,95,11,9,115,47,48,4.8
SUPER_20,15420000,23,4,3,30,11,12,9.428572
SUPER_20,15430000,84,7,15,106,38,46,10.863636
SUPER_20,15440000,83,6,3,92,46,37,2.6666667
SUPER_20,15450000,0,2,1,3,0,0,6.3333335
SUPER_20,15460000,50,7,7,64,24,26,4.5
SUPER_20,15470000,83,6,12,101,42,41,7.111111
SUPER_20,15480000,111,7,10,128,44,67,4.9411764
SUPER_20,15490000,55,6,7,68,29,26,11.153846
SUPER_20,15500000,73,4,10,87,39,34,2.857143
SUPER_20,15510000,62,6,7,75,28,34,3.3846154
SUPER_20,15520000,205,12,7,224,101,104,3.631579
SUPER_20,15530000,212,16,10,238,102,110,13
SUPER_20,15540000,7,0,1,8,2,5,4
SUPER_20,15550000,31,5,3,39,15,16,9
SUPER_20,15560000,0,0,0,0,0,0,0
SUPER_20,15570000,0,0,0,0,0,0,0
SUPER_20,15580000,20,1,2,23,14,6,5.6666665
SUPER_20,15590000,0,1,0,1,0,0,8
SUPER_20,15600000,44,3,5,52,20,24,5.125
SUPER_20,15610000,35,1,6,42,15,20,14.285714
SUPER_20,15620000,34,3,3,40,15,19,2.1666667
SUPER_20,15630000,3,2,0,5,3,0,12
SUPER_20,15640000,6,0,0,6,4,2,NaN
SUPER_20,15650000,89,4,8,101,42,47,2.75
SUPER_20,15660000,79,10,13,102,47,32,5.3913045
SUPER_20,15670000,2,0,0,2,2,0,NaN
SUPER_20,15680000,85,7,5,97,39,46,4
SUPER_20,15690000,128,6,7,141,72,56,3.0769231
SUPER_20,15700000,99,8,10,117,54,45,7.5555553
SUPER_20,15710000,65,3,2,70,29,36,12.4
SUPER_20,15720000,100,10,12,122,54,46,7.818182
SUPER_20,15730000,49,3,5,57,27,22,9.75
SUPER_20,15740000,177,15,22,214,94,83,5.7027025
SUPER_20,15750000,123,9,14,146,66,57,4.9565215
SUPER_20,15760000,101,9,16,126,50,51,3.8
SUPER_20,15770000,50,1,8,59,21,29,4.3333335
SUPER_20,15780000,111,9,13,133,58,53,17.59091
SUPER_20,15790000,1,0,0,1,1,0,NaN
SUPER_20,15800000,3,0,0,3,2,1,NaN
SUPER_20,15810000,3,0,1,4,1,2,2
SUPER_20,15820000,2,0,0,2,0,2,NaN
SUPER_20,15830000,1,0,0,1,0,1,NaN
SUPER_20,15840000,94,7,12,113,43,51,7
SUPER_20,15850000,109,9,11,129,56,53,3.35
SUPER_20,15860000,98,12,7,117,45,53,6.0526314
SUPER_20,15870000,143,12,11,166,70,73,3.1304348
SUPER_20,15880000,97,9,5,111,52,45,4.285714
SUPER_20,15890000,54,4,2,60,29,25,11.833333
SUPER_20,15900000,246,15,18,279,114,132,11.272727
SUPER_20,15910000,210,15,12,237,112,98,11.148149
SUPER_20,15920000,40,2,4,46,22,18,8.833333
SUPER_20,15930000,3,0,0,3,0,3,NaN
SUPER_20,15940000,116,10,12,138,63,53,7.5454545
SUPER_20,15950000,32,2,6,40,20,12,2.875
SUPER_20,15960000,189,6,15,210,103,86,5.1904764
SUPER_20,15970000,208,14,12,234,111,97,27.538462
SUPER_20,15980000,190,17,7,214,101,89,23.541666
SUPER_20,15990000,161,4,11,176,85,76,3.6
SUPER_20,16000000,17,2,2,21,10,7,3.5
SUPER_20,16010000,24,0,1,25,13,11,1
SUPER_20,16020000,106,6,6,118,58,48,2.5
SUPER_20,16030000,37,0,3,40,17,20,2.6666667
SUPER_20,16040000,58,7,4,69,36,22,9.454545
SUPER_20,16050000,29,6,2,37,16,13,2.625
SUPER_20,16060000,120,8,16,144,57,63,5.875
SUPER_20,16070000,109,8,14,131,63,46,5.318182
SUPER_20,16080000,149,14,11,174,68,81,7.08
SUPER_20,16090000,0,0,0,0,0,0,0
SUPER_20,16100000,0,0,0,0,0,0,0
SUPER_20,16110000,92,6,8,106,50,42,6.357143
SUPER_20,16120000,6,2,1,9,2,4,9.333333
SUPER_20,16130000,0,0,1,1,0,0,2
SUPER_20,16140000,8,3,2,13,4,4,20.8
SUPER_20,16150000,1,2,0,3,1,0,1
SUPER_20,16160000,3,1,0,4,1,2,28
SUPER_20,16170000,2,0,0,2,1,1,NaN
SUPER_20,16180000,4,0,0,4,2,2,NaN
SUPER_20,16190000,3,1,0,4,1,2,1
SUPER_20,16200000,11,3,0,14,5,6,5.3333335
SUPER_20,16210000,8,0,2,10,7,1,1
SUPER_20,16220000,1,0,1,2,1,0,1
SUPER_20,16230000,82,10,3,95,34,48,4.6153846
SUPER_20,16240000,46,3,3,52,24,22,3.8333333
SUPER_20,16250000,2,0,0,2,2,0,NaN
SUPER_20,16260000,3,2,0,5,2,1,18
SUPER_20,16270000,2,0,0,2,2,0,NaN
SUPER_20,16280000,1,0,1,2,1,0,8
SUPER_20,16290000,2,1,0,3,1,1,1
SUPER_20,16300000,56,5,9,70,29,27,3
SUPER_20,16310000,0,0,0,0,0,0,0
SUPER_20,16320000,0,0,0,0,0,0,0
SUPER_20,16330000,8,0,3,11,5,3,2.3333333
SUPER_20,16340000,1,0,0,1,0,1,NaN
SUPER_20,16350000,15,2,1,18,5,10,5
SUPER_20,16360000,7,0,0,7,5,2,NaN
SUPER_20,16370000,141,10,4,155,75,66,5.714286
SUPER_20,16380000,23,3,1,27,12,11,1.25
SUPER_20,16390000,48,2,10,60,25,23,8
SUPER_20,16400000,116,7,15,138,67,49,5.8636365
SUPER_20,16410000,177,11,14,202,99,78,11.04
SUPER_20,16420000,78,2,8,88,42,36,5.4
SUPER_20,16430000,110,11,11,132,56,54,13.136364
SUPER_20,16440000,152,12,17,181,82,70,3.6551723
SUPER_20,16450000,64,6,5,75,38,26,2.8181818
SUPER_20,16460000,72,3,2,77,35,37,3.6
SUPER_20,16470000,94,6,10,110,49,45,9.0625
SUPER_20,16480000,114,7,7,128,57,57,32.642857
SUPER_20,16490000,40,3,4,47,21,19,14.857142
SUPER_20,16500000,77,5,8,90,36,41,6.3846154
SUPER_20,16510000,33,5,1,39,15,18,7
SUPER_20,16520000,134,9,15,158,73,61,6.5416665
SUPER_20,16530000,73,5,5,83,35,38,12.9
SUPER_20,16540000,140,7,12,159,69,71,5.5789475
SUPER_20,16550000,134,12,12,158,65,69,9.458333
SUPER_20,16560000,175,14,4,193,102,73,4.888889
SUPER_20,16570000,108,3,12,123,60,48,7.266667
SUPER_20,16580000,146,9,11,166,72,74,6.5
SUPER_20,16590000,168,10,16,194,79,89,16.423077
SUPER_20,16600000,184,21,10,215,100,84,7.516129
SUPER_20,16610000,227,9,15,251,133,94,14.916667
SUPER_20,16620000,114,5,8,127,58,56,6.4615383
SUPER_20,16630000,90,9,6,105,43,47,3.6666667
SUPER_20,16640000,119,6,10,135,63,56,15.6875
SUPER_20,16650000,47,5,4,56,30,17,5.888889
SUPER_20,16660000,93,5,6,104,38,55,3.2727273
SUPER_20,16670000,28,5,0,33,15,13,17.2
SUPER_20,16680000,21,2,2,25,10,11,31
SUPER_20,16690000,2,0,0,2,0,2,NaN
SUPER_20,16700000,97,6,11,114,52,45,21.882353
SUPER_20,16710000,125,7,13,145,70,55,7.05
SUPER_20,16720000,188,12,15,215,111,77,10.296296
SUPER_20,16730000,108,7,15,130,49,59,6.6363635
SUPER_20,16740000,135,7,11,153,62,73,9.277778
SUPER_20,16750000,48,4,4,56,20,28,12.75
SUPER_20,16760000,16,4,1,21,9,7,33.6
SUPER_20,16770000,30,1,5,36,20,10,1.3333334
SUPER_20,16780000,8,1,0,9,4,4,2
SUPER_20,16790000,152,7,4,163,80,72,6.4545455
SUPER_20,16800000,48,5,1,54,30,18,3.3333333
SUPER_20,16810000,3,0,0,3,1,2,NaN
SUPER_20,16820000,1,0,0,1,1,0,NaN
SUPER_20,16830000,22,1,2,25,10,12,1.3333334
SUPER_20,16840000,29,2,1,32,14,15,8.333333
SUPER_20,16850000,0,0,0,0,0,0,0
SUPER_20,16860000,0,0,0,0,0,0,0
SUPER_20,16870000,0,0,0,0,0,0,0
SUPER_20,16880000,54,2,6,62,28,26,3.125
SUPER_20,16890000,0,1,0,1,0,0,1
SUPER_20,16900000,14,1,1,16,7,7,4.5
SUPER_20,16910000,105,3,3,111,51,54,7.3333335
SUPER_20,16920000,61,2,5,68,29,32,5.571429
SUPER_20,16930000,131,12,8,151,71,60,10.25
SUPER_20,16940000,49,3,4,56,24,25,2.857143
SUPER_20,16950000,168,10,10,188,90,78,5.9
SUPER_20,16960000,67,5,3,75,44,23,4.625
SUPER_20,16970000,112,7,11,130,63,49,17.666666
SUPER_20,16980000,93,4,8,105,42,51,2.6666667
SUPER_20,16990000,84,3,3,90,42,42,1.8333334
SUPER_20,17000000,233,16,18,267,116,117,7.029412
SUPER_20,17010000,98,3,2,103,55,43,11.4
SUPER_20,17020000,138,6,10,154,72,66,11.375
SUPER_20,17030000,161,10,6,177,81,80,5.75
SUPER_20,17040000,53,6,6,65,30,23,4.9166665
SUPER_20,17050000,115,8,6,129,57,58,8
SUPER_20,17060000,164,6,10,180,75,89,10.6875
SUPER_20,17070000,113,4,6,123,58,55,3.6
SUPER_20,17080000,156,8,19,183,83,73,3.8888888
SUPER_20,17090000,162,14,6,182,81,81,6.65
SUPER_20,17100000,126,7,10,143,68,58,17.882353
SUPER_20,17110000,81,8,3,92,44,37,4.4545455
SUPER_20,17120000,79,7,4,90,47,32,4.7272725
SUPER_20,17130000,1,0,0,1,0,1,NaN
SUPER_20,17140000,2,0,0,2,0,2,NaN
SUPER_20,17150000,102,12,7,121,53,49,10.947369
SUPER_20,17160000,147,11,16,174,69,78,15.185185
SUPER_20,17170000,231,13,8,252,120,111,5.6666665
SUPER_20,17180000,133,6,11,150,75,58,6.117647
SUPER_20,17190000,197,13,14,224,103,94,5.740741
SUPER_20,17200000,166,9,12,187,86,80,6.904762
SUPER_20,17210000,110,3,10,123,57,53,4.076923
SUPER_20,17220000,112,4,11,127,65,47,6.733333
SUPER_20,17230000,97,9,8,114,50,47,5.7058825
SUPER_20,17240000,159,13,9,181,86,73,3.6363637
SUPER_20,17250000,77,6,6,89,42,35,6.25
SUPER_20,17260000,107,9,8,124,51,56,10.235294
SUPER_20,17270000,146,13,18,177,59,87,7.774194
SUPER_20,17280000,159,13,13,185,88,71,4.8846154
SUPER_20,17290000,161,10,10,181,82,79,5.3
SUPER_20,17300000,31,4,3,38,13,18,3.5714285
SUPER_20,17310000,11,2,0,13,5,6,6.5
SUPER_20,17320000,116,6,7,129,45,71,80.46154
SUPER_20,17330000,107,5,7,119,59,48,11.583333
SUPER_20,17340000,129,9,5,143,68,61,5.642857
SUPER_20,17350000,47,2,0,49,21,26,5
SUPER_20,17360000,103,9,8,120,54,49,6.1764708
SUPER_20,17370000,110,10,11,131,52,58,7.5238094
SUPER_20,17380000,19,0,1,20,7,12,24
SUPER_20,17390000,29,5,1,35,14,15,3.8333333
SUPER_20,17400000,42,2,5,49,16,26,3.142857
SUPER_20,17410000,86,9,10,105,41,45,4.631579
SUPER_20,17420000,8,1,0,9,4,4,6
SUPER_20,17430000,1,0,4,5,0,1,19
SUPER_20,17440000,136,10,9,155,63,73,5.2105265
SUPER_20,17450000,101,5,5,111,54,47,8.6
SUPER_20,17460000,214,16,17,247,95,119,5.6363635
SUPER_20,17470000,1,0,0,1,0,1,NaN
SUPER_20,17480000,3,0,0,3,2,1,NaN
SUPER_20,17490000,3,0,3,6,3,0,7.6666665
SUPER_20,17500000,0,0,0,0,0,0,0
SUPER_20,17510000,0,0,0,0,0,0,0
SUPER_20,17520000,1,1,2,4,0,1,108.666664
SUPER_20,17530000,101,6,7,114,52,49,4.3846154
SUPER_20,17540000,26,3,0,29,16,10,4.6666665
SUPER_20,17550000,1,1,0,2,1,0,2
SUPER_20,17560000,3,0,0,3,1,2,NaN
SUPER_20,17570000,2,2,0,4,0,2,1
SUPER_20,17580000,4,1,1,6,1,3,8
SUPER_20,17590000,1,0,0,1,0,1,NaN
SUPER_20,17600000,11,0,0,11,8,3,NaN
SUPER_20,17610000,11,2,0,13,4,7,1
SUPER_20,17620000,33,1,2,36,20,13,1.3333334
SUPER_20,17630000,92,12,3,107,52,40,22.933332
SUPER_20,17640000,112,7,8,127,58,54,3.6666667
SUPER_20,17650000,156,14,7,177,78,78,7.142857
SUPER_20,17660000,190,13,15,218,94,96,7.642857
SUPER_20,17670000,48,2,6,56,25,23,5.125
SUPER_20,17680000,94,4,11,109,43,51,5.6
SUPER_20,17690000,59,5,4,68,23,36,2.5555556
SUPER_20,17700000,8,1,1,10,5,3,2.5
SUPER_20,17710000,105,1,11,117,57,48,7.9166665
SUPER_20,17720000,3,1,0,4,1,2,1
SUPER_20,17730000,56,8,8,72,27,29,26.25
SUPER_20,17740000,69,3,5,77,31,38,3.25
SUPER_20,17750000,111,12,13,136,45,66,5.56
SUPER_20,17760000,14,1,1,16,4,10,10
SUPER_20,17770000,49,3,5,57,30,19,6.375
SUPER_20,17780000,35,2,4,41,16,19,7
SUPER_20,17790000,30,3,1,34,15,15,11.5
SUPER_20,17800000,54,1,7,62,25,29,6.875
SUPER_20,17810000,131,11,10,152,74,57,7.3809524
SUPER_20,17820000,99,9,8,116,56,43,2.235294
SUPER_20,17830000,146,10,9,165,65,81,2.7368422
SUPER_20,17840000,107,8,12,127,47,60,10.6
SUPER_20,17850000,104,10,5,119,46,58,9.733334
SUPER_20,17860000,40,2,2,44,27,13,2
SUPER_20,17870000,66,5,6,77,44,22,6.7272725
SUPER_20,17880000,1,0,0,1,0,1,NaN
SUPER_20,17890000,4,0,0,4,1,3,NaN
SUPER_20,17900000,96,8,10,114,39,57,6.4444447
SUPER_20,17910000,145,8,15,168,79,66,7.826087
SUPER_20,17920000,146,11,17,174,85,61,37.07143
SUPER_20,17930000,60,3,3,66,26,34,8.333333
SUPER_20,17940000,136,5,10,151,60,76,8.133333
SUPER_20,17950000,111,3,10,124,63,48,13.076923
SUPER_20,17960000,109,10,4,123,50,59,6.071429
SUPER_20,17970000,107,8,12,127,57,50,5.75
SUPER_20,17980000,128,8,15,151,68,60,8.043478
SUPER_20,17990000,0,0,0,0,0,0,0
SUPER_20,18000000,0,0,0,0,0,0,0
SUPER_20,18010000,106,7,9,122,54,52,22.875
SUPER_20,18020000,158,13,20,191,77,81,7.5757575
SUPER_20,18030000,96,4,6,106,52,44,5
SUPER_20,18040000,99,8,9,116,51,48,5.470588
SUPER_20,18050000,74,5,8,87,37,37,5.3846154
SUPER_20,18060000,88,9,8,105,48,40,11.882353
SUPER_20,18070000,57,2,4,63,28,29,3.8333333
SUPER_20,18080000,86,7,9,102,37,49,5.8125
SUPER_20,18090000,53,3,4,60,31,22,2.4285715
SUPER_20,18100000,127,9,9,145,58,69,6.9444447
SUPER_20,18110000,114,9,4,127,52,62,3
SUPER_20,18120000,1,0,0,1,1,0,NaN
SUPER_20,18130000,0,0,1,1,0,0,1
SUPER_20,18140000,2,0,0,2,2,0,NaN
SUPER_20,18150000,2,1,0,3,1,1,1
SUPER_20,18160000,3,0,0,3,1,2,NaN
SUPER_20,18170000,1,0,1,2,1,0,2
SUPER_20,18180000,2,0,0,2,1,1,NaN
SUPER_20,18190000,1,0,0,1,1,0,NaN
SUPER_20,18200000,17,3,0,20,6,11,6.3333335
SUPER_20,18210000,113,6,8,127,48,65,15.071428
SUPER_20,18220000,131,7,11,149,65,66,15.333333
SUPER_20,18230000,109,6,2,117,61,48,5.125
SUPER_20,18240000,120,8,13,141,63,57,4.5238094
SUPER_20,18250000,80,5,4,89,43,37,3.4444444
SUPER_20,18260000,19,3,1,23,8,11,1
SUPER_20,18270000,6,1,0,7,1,5,1
SUPER_20,18280000,2,0,0,2,0,2,NaN
SUPER_20,18290000,11,3,2,16,6,5,3
SUPER_20,18300000,10,1,2,13,6,4,2.3333333
SUPER_20,18310000,3,0,1,4,1,2,7
SUPER_20,18320000,8,2,4,14,3,5,13.333333
SUPER_20,18330000,64,6,7,77,35,29,17.153847
SUPER_20,18340000,41,4,8,53,25,16,11.416667
SUPER_20,18350000,92,9,8,109,50,42,6.4117646
SUPER_20,18360000,1,1,0,2,0,1,74
SUPER_20,18370000,1,0,1,2,0,1,2
SUPER_20,18380000,3,1,1,5,2,1,1.5
SUPER_20,18390000,2,1,0,3,2,0,1
SUPER_20,18400000,2,0,0,2,1,1,NaN
SUPER_20,18410000,3,0,0,3,1,2,NaN
SUPER_20,18420000,40,7,2,49,20,20,5.2222223
SUPER_20,18430000,34,2,4,40,15,19,4.5
SUPER_20,18440000,0,0,0,0,0,0,0
SUPER_20,18450000,0,0,0,0,0,0,0
SUPER_20,18460000,2,0,0,2,1,1,NaN
SUPER_20,18470000,1,0,0,1,0,1,NaN
SUPER_20,18480000,1,0,0,1,1,0,NaN
SUPER_20,18490000,1,0,0,1,0,1,NaN
SUPER_20,18500000,1,0,0,1,0,1,NaN
SUPER_20,18510000,3,1,1,5,2,1,4.5
SUPER_20,18520000,0,0,0,0,0,0,0
SUPER_20,18530000,0,0,0,0,0,0,0
SUPER_20,18540000,4,0,0,4,3,1,NaN
SUPER_20,18550000,48,0,6,54,27,21,10.333333
SUPER_20,18560000,62,4,3,69,30,32,5
SUPER_20,18570000,49,5,3,57,17,32,6.5
SUPER_20,18580000,41,0,3,44,23,18,1
SUPER_20,18590000,111,4,7,122,53,58,5.181818
SUPER_20,18600000,88,4,4,96,41,47,4.75
SUPER_20,18610000,97,3,11,111,50,47,10
SUPER_20,18620000,42,1,4,47,23,19,5.6
SUPER_20,18630000,1,0,2,3,0,1,1.5
SUPER_20,18640000,3,0,0,3,1,2,NaN
SUPER_20,18650000,0,0,1,1,0,0,3
SUPER_20,18660000,47,1,5,53,25,22,2
SUPER_20,18670000,99,9,5,113,55,44,5.142857
SUPER_20,18680000,130,7,11,148,67,63,5.888889
SUPER_20,18690000,59,7,3,69,29,30,4.2
SUPER_20,18700000,23,2,2,27,11,12,3
SUPER_20,18710000,3,1,0,4,2,1,6
SUPER_20,18720000,1,0,0,1,1,0,NaN
SUPER_20,18730000,73,7,5,85,34,39,6.4166665
SUPER_20,18740000,69,4,7,80,29,40,11.090909
SUPER_20,18750000,170,9,20,199,97,73,11.724138
SUPER_20,18760000,64,9,5,78,26,38,8.071428
SUPER_20,18770000,1,0,0,1,0,1,NaN
SUPER_20,18780000,3,0,0,3,1,2,NaN
SUPER_20,18790000,76,11,5,92,36,40,10
SUPER_20,18800000,120,11,15,146,64,56,1.9615384
SUPER_20,18810000,81,11,4,96,39,42,4.5333333
SUPER_20,18820000,5,0,0,5,4,1,NaN
SUPER_20,18830000,1,0,0,1,0,1,NaN
SUPER_20,18840000,0,0,1,1,0,0,10
SUPER_20,18850000,1,0,1,2,1,0,1
SUPER_20,18860000,1,0,1,2,1,0,1
SUPER_20,18870000,59,4,5,68,38,21,7.4444447
SUPER_20,18880000,44,5,3,52,19,25,4.125
SUPER_20,18890000,38,3,2,43,19,19,6.8
SUPER_20,18900000,114,9,11,134,61,53,7.5
SUPER_20,18910000,80,11,7,98,33,47,6.2777777
SUPER_20,18920000,137,9,10,156,56,81,7.8421054
SUPER_20,18930000,93,10,11,114,49,44,6.714286
SUPER_20,18940000,130,9,11,150,72,58,3.6
SUPER_20,18950000,60,2,4,66,25,35,64.166664
SUPER_20,18960000,2,0,0,2,0,2,NaN
SUPER_20,18970000,77,5,6,88,43,34,6.2727275
SUPER_20,18980000,70,5,7,82,38,32,14.416667
SUPER_20,18990000,130,14,10,154,65,65,6.7916665
SUPER_20,19000000,173,11,11,195,78,95,10.363636
SUPER_20,19010000,65,3,9,77,37,28,6.3333335
SUPER_20,19020000,155,4,9,168,70,85,1.2307693
SUPER_20,19030000,42,1,2,45,18,24,2.3333333
SUPER_20,19040000,82,5,5,92,42,40,7.8
SUPER_20,19050000,161,8,8,177,84,77,5.75
SUPER_20,19060000,192,15,21,228,95,97,10.472222
SUPER_20,19070000,159,9,12,180,87,72,9.714286
SUPER_20,19080000,137,8,5,150,85,52,14.769231
SUPER_20,19090000,104,4,3,111,49,55,73.28571
SUPER_20,19100000,119,9,5,133,66,53,3.7857144
SUPER_20,19110000,78,8,5,91,49,29,10.307693
SUPER_20,19120000,3,0,0,3,0,3,NaN
SUPER_20,19130000,117,9,12,138,57,60,6.1904764
SUPER_20,19140000,171,17,14,202,83,88,16.774193
SUPER_20,19150000,2,1,1,4,1,1,5.5
SUPER_20,19160000,111,11,12,134,51,60,5.304348
SUPER_20,19170000,67,7,2,76,36,31,5.3333335
SUPER_20,19180000,162,22,8,192,82,80,7.1
SUPER_20,19190000,23,2,2,27,9,14,5
SUPER_20,19200000,1,0,0,1,0,1,NaN
SUPER_20,19210000,105,7,7,119,59,46,36.5
SUPER_20,19220000,124,8,12,144,62,62,4.35
SUPER_20,19230000,176,12,15,203,74,102,5.2222223
SUPER_20,19240000,0,0,1,1,0,0,1
SUPER_20,19250000,73,10,11,94,39,34,18.095238
SUPER_20,19260000,53,3,4,60,30,23,6
SUPER_20,19270000,125,7,9,141,60,65,6.5
SUPER_20,19280000,180,7,26,213,82,98,23.09091
SUPER_20,19290000,170,10,15,195,90,80,4.36
SUPER_20,19300000,8,0,1,9,5,3,3
SUPER_20,19310000,59,3,3,65,25,34,2
SUPER_20,19320000,103,10,14,127,44,59,4.875
SUPER_20,19330000,90,8,8,106,46,44,6.3125
SUPER_20,19340000,54,3,7,64,30,24,4.9
SUPER_20,19350000,90,8,11,109,52,38,19.842106
SUPER_20,19360000,0,0,0,0,0,0,0
SUPER_20,19370000,0,0,0,0,0,0,0
SUPER_20,19380000,0,0,0,0,0,0,0
SUPER_20,19390000,41,1,4,46,19,22,3
SUPER_20,19400000,1,1,0,2,1,0,1
SUPER_20,19410000,0,0,0,0,0,0,0
SUPER_20,19420000,0,0,0,0,0,0,0
SUPER_20,19430000,19,3,3,25,9,10,3
SUPER_20,19440000,158,10,10,178,85,73,2.9
SUPER_20,19450000,42,5,1,48,22,20,1.5
SUPER_20,19460000,0,0,1,1,0,0,1
SUPER_20,19470000,106,10,7,123,52,54,7.5882354
SUPER_20,19480000,122,6,7,135,64,58,7.230769
SUPER_20,19490000,26,1,0,27,13,13,1
SUPER_20,19500000,3,0,0,3,2,1,NaN
SUPER_20,19510000,22,3,2,27,10,12,13
SUPER_20,19520000,112,6,5,123,48,64,10.545455
SUPER_20,19530000,105,8,6,119,51,54,1.7142857
SUPER_20,19540000,79,7,6,92,30,49,2.0769231
SUPER_20,19550000,1,1,0,2,0,1,2
SUPER_20,19560000,43,2,4,49,19,24,3.8333333
SUPER_20,19570000,69,9,5,83,42,27,5.285714
SUPER_20,19580000,73,5,7,85,35,38,4.4166665
SUPER_20,19590000,107,8,8,123,52,55,18
SUPER_20,19600000,24,2,4,30,11,13,16.833334
SUPER_20,19610000,144,11,10,165,81,63,6.142857
SUPER_20,19620000,92,8,10,110,41,51,21.666666
SUPER_20,19630000,88,4,7,99,47,41,21.09091
SUPER_20,19640000,40,3,3,46,21,19,5
SUPER_20,19650000,126,5,7,138,65,61,18.333334
SUPER_20,19660000,90,9,9,108,51,39,7.111111
SUPER_20,19670000,80,5,7,92,41,39,4.6666665
SUPER_20,19680000,6,1,0,7,4,2,16
SUPER_20,19690000,2,0,0,2,2,0,NaN
SUPER_20,19700000,2,0,2,4,0,2,23.5
SUPER_20,19710000,4,0,2,6,2,2,1.5
SUPER_20,19720000,2,0,1,3,2,0,1
SUPER_20,19730000,4,1,0,5,3,1,2
SUPER_20,19740000,4,0,0,4,0,4,NaN
SUPER_20,19750000,6,1,1,8,0,6,2
SUPER_20,19760000,3,0,0,3,1,2,NaN
SUPER_20,19770000,5,0,1,6,4,1,1
SUPER_20,19780000,1,0,0,1,1,0,NaN
SUPER_20,19790000,4,0,0,4,2,2,NaN
SUPER_20,19800000,2,0,0,2,2,0,NaN
SUPER_20,19810000,2,1,0,3,1,1,6
SUPER_20,19820000,19,0,3,22,6,13,14.333333
SUPER_20,19830000,0,0,0,0,0,0,0
SUPER_20,19840000,0,0,0,0,0,0,0
SUPER_20,19850000,111,6,7,124,57,54,14.307693
SUPER_20,19860000,63,3,4,70,34,29,9.142858
SUPER_20,19870000,1,0,0,1,0,1,NaN
SUPER_20,19880000,79,8,5,92,47,32,4.076923
SUPER_20,19890000,19,5,3,27,9,10,8.875
SUPER_20,19900000,3,0,0,3,1,2,NaN
SUPER_20,19910000,7,0,0,7,5,2,NaN
SUPER_20,19920000,42,4,3,49,26,16,3.4285715
SUPER_20,19930000,85,8,7,100,43,42,10.666667
SUPER_20,19940000,59,3,7,69,28,31,3.1
SUPER_20,19950000,24,3,1,28,8,16,3.25
SUPER_20,19960000,31,3,5,39,15,16,9.625
SUPER_20,19970000,2,0,0,2,0,2,NaN
SUPER_20,19980000,2,0,0,2,2,0,NaN
SUPER_20,19990000,78,8,4,90,42,36,3.1666667
SUPER_20,20000000,104,10,11,125,47,57,6.095238
SUPER_20,20010000,55,4,5,64,31,24,2.4444444
SUPER_20,20020000,42,6,6,54,22,20,11.333333
SUPER_20,20030000,2,0,0,2,1,1,NaN
SUPER_20,20040000,132,6,9,147,71,61,6.3333335
SUPER_20,20050000,109,10,6,125,48,61,5.25
SUPER_20,20060000,55,3,4,62,28,27,9.142858
SUPER_20,20070000,61,3,8,72,26,35,6.818182
SUPER_20,20080000,79,7,6,92,48,31,15.384615
SUPER_20,20090000,4,3,0,7,2,2,3.6666667
SUPER_20,20100000,108,3,8,119,51,57,9.090909
SUPER_20,20110000,19,2,3,24,8,11,7
SUPER_20,20120000,136,18,2,156,69,67,5.75
SUPER_20,20130000,14,1,2,17,10,4,2.6666667
SUPER_20,20140000,66,7,6,79,33,33,8.230769
SUPER_20,20150000,121,7,13,141,53,68,4.2
SUPER_20,20160000,127,9,9,145,75,52,5
SUPER_20,20170000,155,15,15,185,77,78,6.133333
SUPER_20,20180000,89,7,9,105,50,39,7.5
SUPER_20,20190000,112,7,10,129,60,52,5.352941
SUPER_20,20200000,98,2,7,107,54,44,8.222222
SUPER_20,20210000,31,4,2,37,18,13,9
SUPER_20,20220000,95,8,2,105,45,50,6.6
SUPER_20,20230000,74,2,6,82,41,33,9.5
SUPER_20,20240000,112,10,14,136,51,61,6.0416665
SUPER_20,20250000,83,6,11,100,34,49,2.8823528
SUPER_20,20260000,18,3,0,21,10,8,7
SUPER_20,20270000,44,4,7,55,27,17,6.2727275
SUPER_20,20280000,3,0,0,3,2,1,NaN
SUPER_20,20290000,0,1,0,1,0,0,1
SUPER_20,20300000,4,0,2,6,0,4,1
SUPER_20,20310000,0,0,0,0,0,0,0
SUPER_20,20320000,0,0,0,0,0,0,0
SUPER_20,20330000,0,0,0,0,0,0,0
SUPER_20,20340000,0,0,0,0,0,0,0
SUPER_20,20350000,6,3,2,11,4,2,7
SUPER_20,20360000,7,1,0,8,2,5,2
SUPER_20,20370000,20,3,2,25,11,9,6.8
SUPER_20,20380000,0,0,0,0,0,0,0
SUPER_20,20390000,0,0,0,0,0,0,0
SUPER_20,20400000,5,2,0,7,2,3,1
SUPER_20,20410000,109,11,9,129,49,60,3.6
SUPER_20,20420000,101,13,8,122,63,38,5.3333335
SUPER_20,20430000,39,4,5,48,14,25,3.2222223
SUPER_20,20440000,3,1,0,4,0,3,2
SUPER_20,20450000,133,7,10,150,74,59,18.764706
SUPER_20,20460000,127,5,8,140,78,49,17
SUPER_20,20470000,152,9,8,169,84,68,4.8235292
SUPER_20,20480000,118,10,5,133,66,52,3
SUPER_20,20490000,8,0,0,8,5,3,NaN
SUPER_20,20500000,42,4,4,50,17,25,4.875
SUPER_20,20510000,1,1,0,2,1,0,4
SUPER_20,20520000,15,2,2,19,10,5,1.75
SUPER_20,20530000,60,6,0,66,33,27,4.6666665
SUPER_20,20540000,143,3,12,158,75,68,4.6
SUPER_20,20550000,127,10,9,146,53,74,6.5789475
SUPER_20,20560000,43,6,3,52,23,20,2.5555556
SUPER_20,20570000,0,0,1,1,0,0,5
SUPER_20,20580000,154,19,4,177,72,82,3.173913
SUPER_20,20590000,90,4,7,101,37,53,9.363636
SUPER_20,20600000,111,9,8,128,64,47,5.9411764
SUPER_20,20610000,110,12,7,129,57,53,6.7894735
SUPER_20,20620000,37,3,1,41,18,19,34.25
SUPER_20,20630000,95,2,7,104,42,53,2.4444444
SUPER_20,20640000,1,1,0,2,0,1,2
SUPER_20,20650000,153,9,10,172,86,67,3.0526316
SUPER_20,20660000,90,9,6,105,38,52,10.733334
SUPER_20,20670000,170,9,11,190,94,76,7.1
SUPER_20,20680000,103,1,8,112,56,47,20.555555
SUPER_20,20690000,68,6,6,80,33,35,8.166667
SUPER_20,20700000,8,0,0,8,5,3,NaN
SUPER_20,20710000,31,4,2,37,17,14,2.3333333
SUPER_20,20720000,3,0,0,3,2,1,NaN
SUPER_20,20730000,4,1,0,5,3,1,2
SUPER_20,20740000,2,0,0,2,2,0,NaN
SUPER_20,20750000,0,1,0,1,0,0,1
SUPER_20,20760000,3,1,0,4,3,0,1
SUPER_20,20770000,3,0,0,3,1,2,NaN
SUPER_20,20780000,7,1,0,8,3,4,10
SUPER_20,20790000,0,0,0,0,0,0,0
SUPER_20,20800000,0,0,0,0,0,0,0
SUPER_20,20810000,207,15,11,233,96,111,10.923077
SUPER_20,20820000,249,17,18,284,128,121,11
SUPER_20,20830000,0,0,1,1,0,0,1
SUPER_20,20840000,17,2,0,19,9,8,2
SUPER_20,20850000,39,0,2,41,22,17,3.5
SUPER_20,20860000,67,3,1,71,37,30,2.25
SUPER_20,20870000,10,1,2,13,7,3,5
SUPER_20,20880000,95,5,9,109,44,51,3.5
SUPER_20,20890000,102,6,10,118,52,50,6.25
SUPER_20,20900000,12,0,3,15,8,4,3.3333333
SUPER_20,20910000,90,4,13,107,36,54,6.7647057
SUPER_20,20920000,108,7,3,118,55,53,5.7
SUPER_20,20930000,105,5,5,115,57,48,4.9
SUPER_20,20940000,108,4,9,121,51,57,6.076923
SUPER_20,20950000,3,0,0,3,3,0,NaN
SUPER_20,20960000,5,1,0,6,1,4,7
SUPER_20,20970000,3,1,0,4,3,0,2
SUPER_20,20980000,2,0,0,2,1,1,NaN
SUPER_20,20990000,27,4,6,37,12,15,10.7
SUPER_20,21000000,24,1,0,25,12,12,1
SUPER_20,21010000,9,0,0,9,6,3,NaN
SUPER_20,21020000,16,1,0,17,11,5,5
SUPER_20,21030000,57,0,4,61,36,21,11.25
SUPER_20,21040000,25,2,1,28,14,11,2
SUPER_20,21050000,91,4,6,101,45,46,3.4
SUPER_20,21060000,73,3,7,83,38,35,5
SUPER_20,21070000,131,11,3,145,66,65,7.857143
SUPER_20,21080000,0,0,0,0,0,0,0
SUPER_20,21090000,0,0,0,0,0,0,0
SUPER_20,21100000,0,0,0,0,0,0,0
SUPER_20,21110000,36,2,1,39,21,15,3.6666667
SUPER_20,21120000,21,1,1,23,9,12,4.5
SUPER_20,21130000,2,1,0,3,1,1,4
SUPER_20,21140000,1,2,1,4,0,1,1.3333334
SUPER_20,21150000,6,0,0,6,4,2,NaN
SUPER_20,21160000,2,0,0,2,2,0,NaN
SUPER_20,21170000,115,14,13,142,64,51,26.777779
SUPER_20,21180000,63,5,6,74,33,30,2.8181818
SUPER_20,21190000,180,7,9,196,97,83,15.875
SUPER_20,21200000,167,6,6,179,91,76,132
SUPER_20,21210000,98,6,4,108,55,43,10.1
SUPER_20,21220000,56,5,4,65,23,33,5.5555553
SUPER_20,21230000,132,3,12,147,71,61,35.266666
SUPER_20,21240000,9,0,0,9,8,1,NaN
SUPER_20,21250000,161,5,15,181,79,82,9.2
SUPER_20,21260000,119,8,9,136,61,58,15.705882
SUPER_20,21270000,37,0,3,40,18,19,6.6666665
SUPER_20,21280000,2,0,0,2,2,0,NaN
SUPER_20,21290000,1,0,0,1,0,1,NaN
SUPER_20,21300000,2,1,0,3,0,2,1
SUPER_20,21310000,6,1,1,8,3,3,4.5
SUPER_20,21320000,1,0,0,1,1,0,NaN
SUPER_20,21330000,6,1,0,7,4,2,1
SUPER_20,21340000,4,1,0,5,2,2,11
SUPER_20,21350000,6,0,1,7,4,2,6
SUPER_20,21360000,36,0,1,37,19,17,62
SUPER_20,21370000,19,1,0,20,8,11,2
SUPER_20,21380000,48,5,5,58,22,26,5.9
SUPER_20,21390000,135,10,10,155,70,65,12.9
SUPER_20,21400000,165,12,9,186,86,79,11.476191
SUPER_20,21410000,66,5,4,75,41,25,13.444445
SUPER_20,21420000,67,6,3,76,37,30,9.777778
SUPER_20,21430000,3,0,0,3,2,1,NaN
SUPER_20,21440000,1,0,0,1,0,1,NaN
SUPER_20,21450000,0,3,0,3,0,0,5
SUPER_20,21460000,144,10,10,164,84,60,53.55
SUPER_20,21470000,118,7,6,131,56,62,16
SUPER_20,21480000,179,9,12,200,88,91,6.571429
SUPER_20,21490000,175,11,9,195,100,75,12.75
SUPER_20,21500000,130,7,15,152,66,64,5.409091
SUPER_20,21510000,73,6,5,84,36,37,22.363636
SUPER_20,21520000,231,17,20,268,145,86,6.081081
SUPER_20,21530000,275,16,15,306,145,130,5.677419
SUPER_20,21540000,0,0,0,0,0,0,0
SUPER_20,21550000,0,0,0,0,0,0,0
SUPER_20,21560000,147,11,11,169,82,65,6
SUPER_20,21570000,13,1,2,16,7,6,1
SUPER_20,21580000,3,0,2,5,2,1,7
SUPER_20,21590000,165,10,14,189,102,63,3.0833333
SUPER_20,21600000,130,4,4,138,68,62,5
SUPER_20,21610000,34,5,0,39,16,18,18.8
SUPER_20,21620000,2,0,0,2,0,2,NaN
SUPER_20,21630000,1,1,1,3,1,0,112
SUPER_20,21640000,2,0,0,2,1,1,NaN
SUPER_20,21650000,62,5,2,69,36,26,9.571428
SUPER_20,21660000,122,11,7,140,57,65,4
SUPER_20,21670000,56,5,3,64,29,27,5
SUPER_20,21680000,130,12,13,155,73,57,17.12
SUPER_20,21690000,238,14,19,271,131,107,24.39394
SUPER_20,21700000,126,6,9,141,66,60,4.5333333
SUPER_20,21710000,180,8,13,201,96,84,57.857143
SUPER_20,21720000,232,17,12,261,122,110,5.275862
SUPER_20,21730000,132,3,4,139,69,63,1.4285715
SUPER_20,21740000,121,10,5,136,66,55,7
SUPER_20,21750000,95,1,5,101,51,44,3.1666667
SUPER_20,21760000,116,9,9,134,69,47,5.111111
SUPER_20,21770000,172,7,13,192,94,78,3.9
SUPER_20,21780000,161,10,7,178,92,69,16.588236
SUPER_20,21790000,165,10,20,195,87,78,6.866667
SUPER_20,21800000,160,11,15,186,91,69,9.884615
SUPER_20,21810000,174,7,10,191,96,78,8.176471
SUPER_20,21820000,22,3,1,26,12,10,7.25
SUPER_20,21830000,2,0,0,2,0,2,NaN
SUPER_20,21840000,1,0,0,1,1,0,NaN
SUPER_20,21850000,136,10,7,153,70,66,8.117647
SUPER_20,21860000,138,10,9,157,82,56,19.842106
SUPER_20,21870000,187,15,9,211,96,91,3.6666667
SUPER_20,21880000,1,0,1,2,0,1,1
SUPER_20,21890000,2,0,0,2,2,0,NaN
SUPER_20,21900000,3,0,1,4,1,2,1
SUPER_20,21910000,4,0,0,4,3,1,NaN
SUPER_20,21920000,2,0,0,2,0,2,NaN
SUPER_20,21930000,111,10,4,125,64,47,5.5
SUPER_20,21940000,134,13,8,155,69,65,11.047619
SUPER_20,21950000,108,8,8,124,53,55,3.8125
SUPER_20,21960000,66,2,5,73,34,32,8.714286
SUPER_20,21970000,26,1,5,32,17,9,3.6666667
SUPER_20,21980000,26,3,2,31,13,13,2
SUPER_20,21990000,72,5,5,82,34,38,6.7
SUPER_20,22000000,78,4,4,86,42,36,3.5
SUPER_20,22010000,49,2,2,53,19,30,6.75
SUPER_20,22020000,53,3,3,59,31,22,9
SUPER_20,22030000,142,5,0,147,78,64,5
SUPER_20,22040000,146,7,9,162,85,61,4.8125
SUPER_20,22050000,93,5,4,102,49,44,18.777779
SUPER_20,22060000,13,1,1,15,5,8,5
SUPER_20,22070000,122,6,8,136,56,66,29
SUPER_20,22080000,149,9,12,170,75,74,7.952381
SUPER_20,22090000,55,4,3,62,27,28,2.857143
SUPER_20,22100000,79,5,5,89,35,44,7.9
SUPER_20,22110000,91,7,9,107,43,48,23.0625
SUPER_20,22120000,21,0,0,21,13,8,NaN
SUPER_20,22130000,34,3,1,38,23,11,19.5
SUPER_20,22140000,22,3,1,26,10,12,2.5
SUPER_20,22150000,103,12,5,120,53,50,6.7647057
SUPER_20,22160000,20,1,3,24,8,12,4.25
SUPER_20,22170000,76,5,2,83,40,36,13.142858
SUPER_20,22180000,27,1,5,33,11,16,6.3333335
SUPER_20,22190000,68,6,9,83,41,27,5.133333
SUPER_20,22200000,98,10,6,114,54,44,6.1875
SUPER_20,22210000,28,1,2,31,17,11,5.3333335
SUPER_20,22220000,107,9,12,128,59,48,10.380953
SUPER_20,22230000,12,1,0,13,6,6,1
SUPER_20,22240000,104,3,9,116,52,52,27
SUPER_20,22250000,80,2,5,87,39,41,6.285714
SUPER_20,22260000,18,0,0,18,10,8,NaN
SUPER_20,22270000,64,9,6,79,37,27,4.6666665
SUPER_20,22280000,33,3,1,37,13,20,5
SUPER_20,22290000,42,3,2,47,21,21,6.6
SUPER_20,22300000,2,0,0,2,0,2,NaN
SUPER_20,22310000,25,1,1,27,15,10,1.5
SUPER_20,22320000,70,3,4,77,37,33,6.857143
SUPER_20,22330000,0,0,0,0,0,0,0
SUPER_20,22340000,0,0,0,0,0,0,0
SUPER_20,22350000,2,0,1,3,1,1,6
SUPER_20,22360000,1,0,0,1,0,1,NaN
SUPER_20,22370000,0,0,0,0,0,0,0
SUPER_20,22380000,0,0,0,0,0,0,0
SUPER_20,22390000,2,9,1,12,1,1,1.2
SUPER_20,22400000,1,0,0,1,1,0,NaN
SUPER_20,22410000,3,1,0,4,1,2,5
SUPER_20,22420000,1,1,0,2,0,1,17
SUPER_20,22430000,0,0,0,0,0,0,0
SUPER_20,22440000,0,0,0,0,0,0,0
SUPER_20,22450000,6,2,0,8,5,1,6.5
SUPER_20,22460000,11,2,0,13,8,3,11.5
SUPER_20,22470000,0,0,0,0,0,0,0
SUPER_20,22480000,0,0,0,0,0,0,0
SUPER_20,22490000,104,8,9,121,67,37,25.941177
SUPER_20,22500000,74,7,11,92,39,35,3.7777777
SUPER_20,22510000,145,16,15,176,70,75,9.903226
SUPER_20,22520000,40,0,3,43,18,22,1
SUPER_20,22530000,15,2,1,18,11,4,3.6666667
SUPER_20,22540000,91,5,6,102,38,53,13.545455
SUPER_20,22550000,133,12,8,153,63,70,8.85
SUPER_20,22560000,92,6,6,104,42,50,8.416667
SUPER_20,22570000,71,5,9,85,30,41,9.285714
SUPER_20,22580000,94,9,8,111,56,38,6.882353
SUPER_20,22590000,104,16,6,126,44,60,3.3181818
SUPER_20,22600000,115,5,9,129,56,59,34.5
SUPER_20,22610000,25,1,3,29,10,15,5
SUPER_20,22620000,157,10,10,177,78,79,5.75
SUPER_20,22630000,144,11,13,168,69,75,19.833334
SUPER_20,22640000,52,3,9,64,25,27,60.25
SUPER_20,22650000,130,3,12,145,56,74,9.133333
SUPER_20,22660000,92,9,10,111,45,47,4
SUPER_20,22670000,159,12,17,188,86,73,23.758621
SUPER_20,22680000,49,0,3,52,26,23,3.6666667
SUPER_20,22690000,74,5,14,93,45,29,8.368421
SUPER_20,22700000,0,0,0,0,0,0,0
SUPER_20,22710000,0,0,0,0,0,0,0
SUPER_20,22720000,97,4,8,109,51,46,7.25
SUPER_20,22730000,164,14,17,195,81,83,6.645161
SUPER_20,22740000,152,17,7,176,69,83,8
SUPER_20,22750000,104,10,9,123,53,51,4.2105265
SUPER_20,22760000,88,7,8,103,48,40,8.466666
SUPER_20,22770000,135,15,17,167,69,66,7.84375
SUPER_20,22780000,126,11,5,142,66,60,4.9375
SUPER_20,22790000,126,6,9,141,68,58,8.8
SUPER_20,22800000,22,1,0,23,8,14,12
SUPER_20,22810000,120,7,8,135,57,63,4.866667
SUPER_20,22820000,113,7,11,131,64,49,19.722221
SUPER_20,22830000,44,3,1,48,24,20,1.25
SUPER_20,22840000,131,12,8,151,64,67,5.05
SUPER_20,22850000,147,8,6,161,73,74,4.071429
SUPER_20,22860000,104,3,6,113,44,60,5
SUPER_20,22870000,43,7,7,57,21,22,2.7857144
SUPER_20,22880000,150,10,9,169,77,73,4.736842
SUPER_20,22890000,119,13,7,139,53,66,6.45
SUPER_20,22900000,113,11,3,127,54,59,4.214286
SUPER_20,22910000,116,16,12,144,46,70,5.5
SUPER_20,22920000,65,10,12,87,29,36,7.3636365
SUPER_20,22930000,2,0,1,3,1,1,1
SUPER_20,22940000,35,3,4,42,15,20,9.857142
SUPER_20,22950000,6,1,1,8,2,4,12.5
SUPER_20,22960000,3,0,0,3,2,1,NaN
SUPER_20,22970000,62,9,3,74,30,32,31.75
SUPER_20,22980000,43,3,5,51,22,21,12.75
SUPER_20,22990000,97,6,3,106,32,65,3.1111112
SUPER_20,23000000,146,12,12,170,85,61,7.5833335
SUPER_20,23010000,163,7,14,184,71,92,6.4761906
SUPER_20,23020000,130,14,11,155,65,65,15.4
SUPER_20,23030000,140,11,4,155,66,74,3.0666666
SUPER_20,23040000,94,5,11,110,48,46,5.8125
SUPER_20,23050000,67,5,4,76,37,30,3.6666667
SUPER_20,23060000,109,5,8,122,60,49,3.7692308
SUPER_20,23070000,172,11,13,196,99,73,20.875
SUPER_20,23080000,175,10,15,200,93,82,3.96
SUPER_20,23090000,82,2,5,89,47,35,6.285714
SUPER_20,23100000,126,8,10,144,68,58,4.4444447
SUPER_20,23110000,127,12,15,154,60,67,8.777778
SUPER_20,23120000,41,3,3,47,23,18,15.666667
SUPER_20,23130000,40,2,5,47,21,19,3.7142856
SUPER_20,23140000,92,3,10,105,49,43,12.230769
SUPER_20,23150000,2,1,0,3,2,0,1
SUPER_20,23160000,2,0,1,3,2,0,2
SUPER_20,23170000,1,0,0,1,1,0,NaN
SUPER_20,23180000,40,2,2,44,18,22,6
SUPER_20,23190000,166,13,16,195,75,91,27
SUPER_20,23200000,146,15,9,170,65,81,6.9166665
SUPER_20,23210000,37,6,5,48,13,24,1.2727273
SUPER_20,23220000,132,15,16,163,69,63,10.548388
SUPER_20,23230000,90,8,6,104,39,51,4.642857
SUPER_20,23240000,3,0,0,3,1,2,NaN
SUPER_20,23250000,109,9,8,126,63,46,4.4117646
SUPER_20,23260000,10,2,0,12,7,3,8
SUPER_20,23270000,1,0,0,1,1,0,NaN
SUPER_20,23280000,1,0,0,1,1,0,NaN
SUPER_20,23290000,1,0,0,1,1,0,NaN
SUPER_20,23300000,7,2,2,11,4,3,63
SUPER_20,23310000,66,9,6,81,36,30,8.133333
SUPER_20,23320000,122,7,12,141,67,55,4.5263157
SUPER_20,23330000,62,7,6,75,31,31,5.6153846
SUPER_20,23340000,153,19,13,185,68,85,13.125
SUPER_20,23350000,109,8,11,128,50,59,6.105263
SUPER_20,23360000,9,0,0,9,5,4,NaN
SUPER_20,23370000,30,3,5,38,13,17,4.375
SUPER_20,23380000,0,0,1,1,0,0,1
SUPER_20,23390000,1,0,0,1,1,0,NaN
SUPER_20,23400000,1,0,1,2,1,0,1
SUPER_20,23410000,1,1,0,2,0,1,2
SUPER_20,23420000,1,0,1,2,0,1,1
SUPER_20,23430000,6,0,4,10,3,3,25
SUPER_20,23440000,2,0,0,2,2,0,NaN
SUPER_20,23450000,3,0,1,4,1,2,1
SUPER_20,23460000,5,0,3,8,3,2,3.3333333
SUPER_20,23470000,3,0,0,3,1,2,NaN
SUPER_20,23480000,1,1,2,4,0,1,4
SUPER_20,23490000,4,0,1,5,1,3,1
SUPER_20,23500000,78,2,2,82,48,30,10.75
SUPER_20,23510000,116,9,8,133,50,66,6.2352943
SUPER_20,23520000,82,4,7,93,45,37,9.636364
SUPER_20,23530000,71,2,7,80,36,35,10.888889
SUPER_20,23540000,79,6,5,90,49,30,6.909091
SUPER_20,23550000,168,13,9,190,90,78,18.045454
SUPER_20,23560000,62,3,4,69,29,33,6.571429
SUPER_20,23570000,109,11,9,129,55,54,9.4
SUPER_20,23580000,139,14,11,164,63,76,7.92
SUPER_20,23590000,72,2,7,81,41,31,3.7777777
SUPER_20,23600000,55,6,5,66,33,22,5.909091
SUPER_20,23610000,76,10,11,97,37,39,12.952381
SUPER_20,23620000,1,0,1,2,0,1,7
SUPER_20,23630000,0,1,0,1,0,0,4
SUPER_20,23640000,2,0,4,6,0,2,9
SUPER_20,23650000,3,1,0,4,0,3,27
SUPER_20,23660000,2,0,1,3,1,1,4
SUPER_20,23670000,0,0,0,0,0,0,0
SUPER_20,23680000,0,0,0,0,0,0,0
SUPER_20,23690000,5,0,0,5,4,1,NaN
SUPER_20,23700000,5,0,0,5,3,2,NaN
SUPER_20,23710000,4,1,0,5,3,1,4
SUPER_20,23720000,1,0,0,1,1,0,NaN
SUPER_20,23730000,1,0,0,1,0,1,NaN
SUPER_20,23740000,3,0,2,5,1,2,1.5
SUPER_20,23750000,0,1,0,1,0,0,2
SUPER_20,23760000,44,1,3,48,24,20,12.25
SUPER_20,23770000,133,11,9,153,73,60,4.5
SUPER_20,23780000,82,7,9,98,45,37,8.9375
SUPER_20,23790000,132,9,11,152,68,64,4.9
SUPER_20,23800000,80,1,5,86,55,25,5.6666665
SUPER_20,23810000,50,5,6,61,27,23,1.9090909
SUPER_20,23820000,18,1,0,19,12,6,2
SUPER_20,23830000,1,0,0,1,1,0,NaN
SUPER_20,23840000,0,1,0,1,0,0,1
SUPER_20,23850000,1,0,0,1,0,1,NaN
SUPER_20,23860000,1,0,0,1,1,0,NaN
SUPER_20,23870000,0,0,0,0,0,0,0
SUPER_20,23880000,0,0,0,0,0,0,0
SUPER_20,23890000,1,2,0,3,0,1,28
SUPER_20,23900000,2,2,1,5,1,1,2.3333333
SUPER_20,23910000,67,4,6,77,38,29,11.1
SUPER_20,23920000,173,8,19,200,88,85,12.814815
SUPER_20,23930000,157,15,10,182,83,74,6.72
SUPER_20,23940000,178,11,18,207,92,86,5.034483
SUPER_20,23950000,56,3,4,63,27,29,2.857143
SUPER_20,23960000,138,9,7,154,66,72,8.875
SUPER_20,23970000,203,9,20,232,106,97,9.5172415
SUPER_20,23980000,90,4,4,98,42,48,16.75
SUPER_20,23990000,36,1,4,41,15,21,28.4
SUPER_20,24000000,119,3,5,127,50,69,2.5
SUPER_20,24010000,147,8,9,164,78,69,5.2352943
SUPER_20,24020000,103,7,7,117,52,51,7.5
SUPER_20,24030000,80,8,7,95,40,40,5.6666665
SUPER_20,24040000,118,6,6,130,57,61,3.5833333
SUPER_20,24050000,72,5,8,85,46,26,23.615385
SUPER_20,24060000,126,8,14,148,61,65,6.7727275
SUPER_20,24070000,131,11,6,148,78,53,11.823529
SUPER_20,24080000,119,8,9,136,59,60,19.882353
SUPER_20,24090000,129,8,10,147,62,67,12.222222
SUPER_20,24100000,124,4,13,141,48,76,11.470589
SUPER_20,24110000,134,12,11,157,70,64,8.434783
SUPER_20,24120000,138,15,15,168,60,78,5.6
SUPER_20,24130000,35,1,3,39,16,19,5.5
SUPER_20,24140000,128,2,11,141,71,57,9.692307
SUPER_20,24150000,151,11,17,179,83,68,15.071428
SUPER_20,24160000,155,7,12,174,87,68,5.105263
SUPER_20,24170000,190,22,11,223,89,101,12.818182
SUPER_20,24180000,131,10,12,153,73,58,10.5
SUPER_20,24190000,23,2,0,25,10,13,1.5
SUPER_20,24200000,170,11,19,200,97,73,11.1
SUPER_20,24210000,0,0,0,0,0,0,0
SUPER_20,24220000,0,0,0,0,0,0,0
SUPER_20,24230000,0,0,0,0,0,0,0
SUPER_20,24240000,195,14,16,225,103,92,5
SUPER_20,24250000,87,7,7,101,53,34,10.785714
SUPER_20,24260000,0,0,0,0,0,0,0
SUPER_20,24270000,0,0,0,0,0,0,0
SUPER_20,24280000,0,0,0,0,0,0,0
SUPER_20,24290000,0,0,0,0,0,0,0
SUPER_20,24300000,76,4,4,84,43,33,6
SUPER_20,24310000,72,9,6,87,35,37,11.066667
SUPER_20,24320000,38,1,2,41,17,21,2.3333333
SUPER_20,24330000,78,10,4,92,45,33,34.5
SUPER_20,24340000,20,2,1,23,12,8,11
SUPER_20,24350000,1,2,0,3,1,0,22
SUPER_20,24360000,2,0,0,2,0,2,NaN
SUPER_20,24370000,1,0,1,2,1,0,3
SUPER_20,24380000,2,0,2,4,1,1,7.5
SUPER_20,24390000,66,4,4,74,34,32,72.125
SUPER_20,24400000,118,8,10,136,66,52,9.388889
SUPER_20,24410000,93,7,13,113,50,43,13.3
SUPER_20,24420000,70,2,2,74,37,33,3
SUPER_20,24430000,13,0,2,15,5,8,5.5
SUPER_20,24440000,0,0,1,1,0,0,1
SUPER_20,24450000,99,8,7,114,52,47,5.6
SUPER_20,24460000,57,5,2,64,28,29,2.4285715
SUPER_20,24470000,66,12,4,82,31,35,7.75
SUPER_20,24480000,70,2,7,79,41,29,4.888889
SUPER_20,24490000,87,4,14,105,39,48,11.277778
SUPER_20,24500000,126,12,10,148,64,62,6.681818
SUPER_20,24510000,107,8,9,124,64,43,6.2352943
SUPER_20,24520000,120,7,12,139,59,61,5
SUPER_20,24530000,10,1,0,11,7,3,1
SUPER_20,24540000,3,0,1,4,2,1,30
SUPER_20,24550000,82,3,11,96,43,39,2.4285715
SUPER_20,24560000,148,14,7,169,71,77,6.047619
SUPER_20,24570000,29,1,3,33,15,14,1.75
SUPER_20,24580000,128,6,8,142,62,66,16.571428
SUPER_20,24590000,105,4,12,121,56,49,3.125
SUPER_20,24600000,192,13,10,215,110,82,9.521739
SUPER_20,24610000,91,3,4,98,53,38,1.8571428
SUPER_20,24620000,112,8,11,131,62,50,4.5789475
SUPER_20,24630000,126,9,14,149,68,58,5.304348
SUPER_20,24640000,153,5,12,170,93,60,17.705883
SUPER_20,24650000,20,4,0,24,10,10,15.75
SUPER_20,24660000,94,8,12,114,57,37,2.75
SUPER_20,24670000,168,14,14,196,87,81,19.464285
SUPER_20,24680000,67,9,4,80,29,38,6.3846154
SUPER_20,24690000,91,10,8,109,43,48,3.5
SUPER_20,24700000,60,9,7,76,33,27,6.125
SUPER_20,24710000,89,3,3,95,56,33,8.166667
SUPER_20,24720000,81,8,6,95,43,38,19.285715
SUPER_20,24730000,0,0,0,0,0,0,0
SUPER_20,24740000,0,0,0,0,0,0,0
SUPER_20,24750000,0,0,0,0,0,0,0
SUPER_20,24760000,0,0,0,0,0,0,0
SUPER_20,24770000,0,0,0,0,0,0,0
SUPER_20,24780000,0,0,0,0,0,0,0
SUPER_20,24790000,0,0,0,0,0,0,0
SUPER_20,24800000,100,14,8,122,46,54,6.6363635
SUPER_20,24810000,46,3,1,50,23,23,2
SUPER_20,24820000,60,4,6,70,27,33,3.9
SUPER_20,24830000,19,1,1,21,10,9,1
SUPER_20,24840000,24,4,5,33,13,11,3.8888888
SUPER_20,24850000,146,11,10,167,72,74,26.857143
SUPER_20,24860000,130,11,8,149,56,74,3.8947368
SUPER_20,24870000,106,7,8,121,58,48,9.2
SUPER_20,24880000,82,7,8,97,38,44,7.6666665
SUPER_20,24890000,79,5,8,92,42,37,6.8461537
SUPER_20,24900000,96,10,10,116,49,47,11.1
SUPER_20,24910000,52,6,5,63,22,30,30.363636
SUPER_20,24920000,28,0,1,29,13,15,3
SUPER_20,24930000,58,7,11,76,26,32,12.777778
SUPER_20,24940000,43,3,4,50,16,27,168
SUPER_20,24950000,0,0,1,1,0,0,2
SUPER_20,24960000,60,3,5,68,30,30,6.875
SUPER_20,24970000,63,4,4,71,30,33,2.25
SUPER_20,24980000,101,8,6,115,55,46,3.7857144
SUPER_20,24990000,32,2,10,44,18,14,25.583334
SUPER_20,25000000,13,1,2,16,5,8,17.333334
SUPER_20,25010000,37,2,2,41,22,15,16.5
SUPER_20,25020000,1,0,0,1,0,1,NaN
SUPER_20,25030000,52,4,2,58,35,17,3.8333333
SUPER_20,25040000,64,9,7,80,31,33,4.125
SUPER_20,25050000,0,0,0,0,0,0,0
SUPER_20,25060000,0,0,0,0,0,0,0
SUPER_20,25070000,167,12,12,191,95,72,6.2916665
SUPER_20,25080000,34,3,3,40,15,19,2.1666667
SUPER_20,25090000,46,5,6,57,20,26,6.3636365
SUPER_20,25100000,107,11,8,126,48,59,3.2105262
SUPER_20,25110000,129,11,10,150,52,77,10.095238
SUPER_20,25120000,83,8,7,98,41,42,2.8666666
SUPER_20,25130000,108,7,9,124,60,48,4.875
SUPER_20,25140000,33,2,4,39,18,15,7.5
SUPER_20,25150000,65,2,1,68,27,38,1.6666666
SUPER_20,25160000,39,4,5,48,14,25,5.888889
SUPER_20,25170000,41,4,3,48,15,26,1.1428572
SUPER_20,25180000,43,2,8,53,22,21,5.1
SUPER_20,25190000,25,0,0,25,15,10,NaN
SUPER_20,25200000,89,7,7,103,36,53,15.285714
SUPER_20,25210000,0,0,0,0,0,0,0
SUPER_20,25220000,0,0,0,0,0,0,0
SUPER_20,25230000,73,8,7,88,41,32,9.6
SUPER_20,25240000,98,13,8,119,51,47,4.714286
SUPER_20,25250000,152,15,8,175,77,75,4.9130435
SUPER_20,25260000,25,3,1,29,17,8,4.75
SUPER_20,25270000,22,2,2,26,14,8,10.5
SUPER_20,25280000,30,1,4,35,15,15,5.2
SUPER_20,25290000,17,2,2,21,7,10,7
SUPER_20,25300000,14,1,0,15,6,8,2
SUPER_20,25310000,29,1,5,35,11,18,3
SUPER_20,25320000,17,1,1,19,12,5,1.5
SUPER_20,25330000,26,0,0,26,19,7,NaN
SUPER_20,25340000,24,1,0,25,16,8,1
SUPER_20,25350000,20,5,2,27,10,10,7.428571
SUPER_20,25360000,23,2,1,26,14,9,45.333332
SUPER_20,25370000,66,5,3,74,34,32,5
SUPER_20,25380000,50,7,10,67,20,30,3.0588236
SUPER_20,25390000,26,0,3,29,12,14,56.333332
SUPER_20,25400000,118,9,7,134,66,52,5.5625
SUPER_20,25410000,27,1,2,30,13,14,3.6666667
SUPER_20,25420000,52,5,6,63,26,26,7.4545455
SUPER_20,25430000,49,4,4,57,28,21,4.125
SUPER_20,25440000,126,11,16,153,69,57,5.185185
SUPER_20,25450000,36,1,3,40,25,11,3.25
SUPER_20,25460000,28,0,2,30,15,13,2.5
SUPER_20,25470000,153,8,1,162,79,74,3.5555556
SUPER_20,25480000,54,5,3,62,30,24,7.75
SUPER_20,25490000,42,2,2,46,23,19,18.5
SUPER_20,25500000,103,5,6,114,52,51,5.6363635
SUPER_20,25510000,28,2,1,31,17,11,6
SUPER_20,25520000,74,5,11,90,36,38,4.75
SUPER_20,25530000,133,9,11,153,63,70,5
SUPER_20,25540000,98,6,10,114,60,38,9.9375
SUPER_20,25550000,23,4,4,31,12,11,3.25
SUPER_20,25560000,110,9,10,129,73,37,7.2105265
SUPER_20,25570000,24,3,3,30,11,13,29.166666
SUPER_20,25580000,77,6,5,88,44,33,4
SUPER_20,25590000,51,1,5,57,25,26,3.3333333
SUPER_20,25600000,81,10,12,103,43,38,4.9545455
SUPER_20,25610000,34,3,1,38,22,12,1.5
SUPER_20,25620000,46,5,3,54,32,14,3.875
SUPER_20,25630000,29,3,3,35,16,13,7.6666665
SUPER_20,25640000,20,2,2,24,10,10,3
SUPER_20,25650000,11,1,0,12,7,4,5
SUPER_20,25660000,29,3,5,37,19,10,5.75
SUPER_20,25670000,24,0,3,27,12,12,29
SUPER_20,25680000,22,4,2,28,12,10,48.666668
SUPER_20,25690000,42,7,5,54,20,22,4.8333335
SUPER_20,25700000,48,4,5,57,22,26,2.1111112
SUPER_20,25710000,46,3,7,56,28,18,3.4
SUPER_20,25720000,20,0,0,20,11,9,NaN
SUPER_20,25730000,53,4,3,60,21,32,11.285714
SUPER_20,25740000,45,2,6,53,25,20,5.625
SUPER_20,25750000,39,6,4,49,21,18,5.2
SUPER_20,25760000,11,2,0,13,6,5,1.5
SUPER_20,25770000,37,3,3,43,18,19,2.1666667
SUPER_20,25780000,41,2,1,44,17,24,3
SUPER_20,25790000,44,3,2,49,25,19,19.8
SUPER_20,25800000,63,5,4,72,28,35,7.4444447
SUPER_20,25810000,38,1,4,43,16,22,10.4
SUPER_20,25820000,30,2,5,37,12,18,1.2857143
SUPER_20,25830000,25,3,5,33,13,12,1.125
SUPER_20,25840000,24,1,2,27,20,4,1
SUPER_20,25850000,9,1,1,11,4,5,6
SUPER_20,25860000,21,1,1,23,12,9,4
SUPER_20,25870000,41,5,0,46,27,14,12.4
SUPER_20,25880000,0,1,0,1,0,0,3
SUPER_20,25890000,2,0,0,2,2,0,NaN
SUPER_20,25900000,0,3,0,3,0,0,1.3333334
SUPER_20,25910000,8,2,0,10,6,2,5
SUPER_20,25920000,8,1,0,9,5,3,1
SUPER_20,25930000,0,1,0,1,0,0,2
SUPER_20,25940000,25,3,1,29,18,7,8.5
SUPER_20,25950000,14,0,1,15,7,7,14
SUPER_20,25960000,38,2,1,41,26,12,8
SUPER_20,25970000,49,0,0,49,32,17,NaN
SUPER_20,25980000,34,1,1,36,27,7,3.5
SUPER_20,25990000,16,1,4,21,11,4,8.8
SUPER_20,26000000,21,0,2,23,17,4,2.5
SUPER_20,26010000,31,3,0,34,18,13,1.3333334
SUPER_20,26020000,0,0,0,0,0,0,0
SUPER_20,26030000,0,0,0,0,0,0,0
SUPER_21,10000,0,0,0,0,0,0,0
SUPER_21,20000,0,0,0,0,0,0,0
SUPER_21,30000,31,2,0,33,15,16,1
SUPER_21,40000,11,0,1,12,7,4,5
SUPER_21,50000,0,0,1,1,0,0,2
SUPER_21,60000,2,0,0,2,2,0,NaN
SUPER_21,70000,35,5,6,46,19,16,3.909091
SUPER_21,80000,42,7,3,52,22,20,9.5
SUPER_21,90000,36,0,3,39,23,13,6
SUPER_21,100000,36,4,1,41,18,18,2.2
SUPER_21,110000,38,4,4,46,19,19,3.5
SUPER_21,120000,35,1,5,41,19,16,3.3333333
SUPER_21,130000,49,3,7,59,22,27,3.1
SUPER_21,140000,41,2,3,46,18,23,4.6
SUPER_21,150000,35,7,2,44,13,22,6.3333335
SUPER_21,160000,26,0,2,28,15,11,8.5
SUPER_21,170000,53,4,4,61,29,24,2.125
SUPER_21,180000,57,5,7,69,24,33,7.9166665
SUPER_21,190000,73,5,2,80,32,41,4.428571
SUPER_21,200000,73,10,10,93,40,33,45.3
SUPER_21,210000,80,4,11,95,38,42,10.266666
SUPER_21,220000,70,5,10,85,32,38,5.266667
SUPER_21,230000,110,8,7,125,65,45,3.7333333
SUPER_21,240000,83,9,8,100,31,52,6.882353
SUPER_21,250000,49,7,10,66,26,23,12
SUPER_21,260000,41,8,2,51,16,25,14
SUPER_21,270000,41,3,5,49,15,26,3.625
SUPER_21,280000,31,3,1,35,12,19,4.25
SUPER_21,290000,16,3,1,20,7,9,24.25
SUPER_21,300000,29,5,3,37,13,16,9.5
SUPER_21,310000,34,3,1,38,17,17,3.25
SUPER_21,320000,25,2,1,28,11,14,9.666667
SUPER_21,330000,39,2,6,47,18,21,4.5
SUPER_21,340000,38,0,5,43,18,20,20
SUPER_21,350000,121,8,16,145,61,60,23
SUPER_21,360000,71,3,4,78,44,27,8.285714
SUPER_21,370000,39,4,3,46,17,22,5.571429
SUPER_21,380000,4,1,0,5,2,2,4
SUPER_21,390000,6,0,0,6,3,3,NaN
SUPER_21,400000,96,5,12,113,43,53,6.647059
SUPER_21,410000,40,3,2,45,28,12,3
SUPER_21,420000,46,4,3,53,18,28,2.142857
SUPER_21,430000,111,5,8,124,58,53,20.384615
SUPER_21,440000,29,2,5,36,18,11,8.857142
SUPER_21,450000,35,2,2,39,13,22,4.75
SUPER_21,460000,109,9,6,124,52,57,9.333333
SUPER_21,470000,45,3,3,51,23,22,1.1666666
SUPER_21,480000,106,11,12,129,44,62,5.9130435
SUPER_21,490000,81,5,7,93,41,40,10
SUPER_21,500000,63,6,4,73,31,32,32.9
SUPER_21,510000,63,4,5,72,26,37,1.6666666
SUPER_21,520000,105,15,6,126,44,61,6.285714
SUPER_21,530000,19,3,4,26,10,9,4.714286
SUPER_21,540000,39,3,7,49,19,20,3.3
SUPER_21,550000,28,2,3,33,16,12,9.6
SUPER_21,560000,35,6,2,43,22,13,3.5
SUPER_21,570000,53,3,5,61,24,29,71.375
SUPER_21,580000,66,6,7,79,32,34,6.1538463
SUPER_21,590000,59,1,4,64,32,27,3
SUPER_21,600000,48,5,1,54,22,26,8.833333
SUPER_21,610000,43,6,3,52,21,22,5.2222223
SUPER_21,620000,51,5,3,59,25,26,5.125
SUPER_21,630000,66,7,3,76,35,31,14.1
SUPER_21,640000,33,3,0,36,17,16,3
SUPER_21,650000,82,7,7,96,46,36,14
SUPER_21,660000,90,9,6,105,45,45,4.0666666
SUPER_21,670000,102,8,7,117,51,51,5.0666666
SUPER_21,680000,110,5,5,120,55,55,7.2
SUPER_21,690000,30,5,3,38,16,14,9.875
SUPER_21,700000,62,2,5,69,40,22,9.142858
SUPER_21,710000,0,0,0,0,0,0,0
SUPER_21,720000,0,0,0,0,0,0,0
SUPER_21,730000,152,9,9,170,86,66,9
SUPER_21,740000,3,0,0,3,3,0,NaN
SUPER_21,750000,30,1,1,32,18,12,17
SUPER_21,760000,67,0,7,74,34,33,15.857142
SUPER_21,770000,107,8,6,121,52,55,25.142857
SUPER_21,780000,86,3,9,98,47,39,40.083332
SUPER_21,790000,79,8,2,89,45,34,2.1
SUPER_21,800000,205,12,9,226,109,96,6.857143
SUPER_21,810000,72,6,6,84,40,32,7.75
SUPER_21,820000,208,13,8,229,108,100,5.1904764
SUPER_21,830000,86,10,8,104,40,46,21.222221
SUPER_21,840000,57,8,4,69,29,28,2.5833333
SUPER_21,850000,71,6,7,84,34,37,6.769231
SUPER_21,860000,149,7,11,167,80,69,3.3888888
SUPER_21,870000,109,6,8,123,60,49,8.071428
SUPER_21,880000,164,15,13,192,86,78,8.607142
SUPER_21,890000,53,1,2,56,31,22,4.3333335
SUPER_21,900000,124,3,10,137,73,51,22.923077
SUPER_21,910000,164,13,14,191,95,69,4.0740743
SUPER_21,920000,160,11,17,188,75,85,11.785714
SUPER_21,930000,162,11,15,188,74,88,7.423077
SUPER_21,940000,99,3,8,110,52,47,23.363636
SUPER_21,950000,100,5,10,115,53,47,12.333333
SUPER_21,960000,134,13,16,163,75,59,11.4827585
SUPER_21,970000,135,9,11,155,51,84,33
SUPER_21,980000,121,9,9,139,66,55,7.7777777
SUPER_21,990000,156,8,13,177,80,76,8.333333
SUPER_21,1000000,115,9,8,132,63,52,9.764706
SUPER_21,1010000,106,10,8,124,47,59,2.5555556
SUPER_21,1020000,101,10,5,116,51,50,7.866667
SUPER_21,1030000,111,9,4,124,56,55,9.923077
SUPER_21,1040000,89,3,5,97,41,48,32.625
SUPER_21,1050000,43,4,3,50,20,23,1.7142857
SUPER_21,1060000,59,2,6,67,34,25,1.5
SUPER_21,1070000,2,1,0,3,1,1,3
SUPER_21,1080000,61,5,4,70,40,21,4.6666665
SUPER_21,1090000,50,2,3,55,28,22,3.8
SUPER_21,1100000,63,9,6,78,35,28,10
SUPER_21,1110000,96,5,5,106,52,44,21.8
SUPER_21,1120000,107,13,9,129,44,63,6.181818
SUPER_21,1130000,115,6,7,128,64,51,4.4615383
SUPER_21,1140000,102,7,11,120,60,42,6.1666665
SUPER_21,1150000,49,0,4,53,32,17,117
SUPER_21,1160000,114,6,8,128,57,57,6.785714
SUPER_21,1170000,90,5,7,102,60,30,3.5833333
SUPER_21,1180000,33,3,3,39,19,14,11.166667
SUPER_21,1190000,65,3,5,73,39,26,5.5
SUPER_21,1200000,13,0,2,15,6,7,23
SUPER_21,1210000,69,3,1,73,37,32,4.5
SUPER_21,1220000,148,13,10,171,79,69,9.217391
SUPER_21,1230000,124,4,11,139,67,57,10.2
SUPER_21,1240000,125,7,10,142,54,71,6.0588236
SUPER_21,1250000,41,8,5,54,22,19,4.1538463
SUPER_21,1260000,30,6,1,37,15,15,4.142857
SUPER_21,1270000,12,0,0,12,8,4,NaN
SUPER_21,1280000,90,5,6,101,48,42,7.181818
SUPER_21,1290000,27,6,5,38,13,14,3.2727273
SUPER_21,1300000,10,1,0,11,5,5,3
SUPER_21,1310000,60,3,4,67,36,24,24
SUPER_21,1320000,192,17,9,218,103,89,8.576923
SUPER_21,1330000,52,5,4,61,27,25,7.3333335
SUPER_21,1340000,7,1,0,8,2,5,1
SUPER_21,1350000,76,3,1,80,39,37,2
SUPER_21,1360000,106,7,6,119,50,56,6.923077
SUPER_21,1370000,80,7,7,94,38,42,5
SUPER_21,1380000,32,3,1,36,16,16,3.75
SUPER_21,1390000,92,9,5,106,52,40,11.857142
SUPER_21,1400000,138,12,8,158,70,68,9
SUPER_21,1410000,89,3,9,101,48,41,6.8333335
SUPER_21,1420000,56,0,5,61,33,23,21.2
SUPER_21,1430000,41,2,2,45,24,17,12.75
SUPER_21,1440000,148,14,11,173,82,66,4.36
SUPER_21,1450000,79,6,6,91,45,34,6.5
SUPER_21,1460000,85,7,6,98,53,32,4.8461537
SUPER_21,1470000,1,1,0,2,0,1,2
SUPER_21,1480000,3,0,1,4,1,2,1
SUPER_21,1490000,55,3,6,64,28,27,3.1111112
SUPER_21,1500000,106,7,3,116,59,47,3.9
SUPER_21,1510000,71,6,10,87,37,34,1.625
SUPER_21,1520000,56,5,4,65,35,21,5
SUPER_21,1530000,160,9,16,185,83,77,4.52
SUPER_21,1540000,156,9,12,177,93,63,19.666666
SUPER_21,1550000,223,15,14,252,130,93,5.3448277
SUPER_21,1560000,187,9,8,204,98,89,4
SUPER_21,1570000,166,13,11,190,91,75,10.583333
SUPER_21,1580000,4,0,0,4,2,2,NaN
SUPER_21,1590000,2,0,1,3,0,2,20
SUPER_21,1600000,6,1,0,7,2,4,2
SUPER_21,1610000,46,4,3,53,21,25,3
SUPER_21,1620000,106,6,9,121,57,49,3
SUPER_21,1630000,133,14,10,157,80,53,7.5416665
SUPER_21,1640000,129,7,9,145,75,54,7.3125
SUPER_21,1650000,109,10,9,128,50,59,16.157894
SUPER_21,1660000,95,3,11,109,47,48,15.785714
SUPER_21,1670000,89,7,13,109,39,50,6.35
SUPER_21,1680000,47,6,2,55,27,20,6
SUPER_21,1690000,133,9,5,147,71,62,25.285715
SUPER_21,1700000,65,2,6,73,41,24,4
SUPER_21,1710000,187,9,14,210,76,111,5.4347825
SUPER_21,1720000,77,10,9,96,42,35,9.631579
SUPER_21,1730000,123,14,4,141,61,62,4.888889
SUPER_21,1740000,248,9,18,275,134,114,21.777779
SUPER_21,1750000,168,11,9,188,85,83,4.75
SUPER_21,1760000,202,13,14,229,107,95,10.481482
SUPER_21,1770000,176,5,10,191,95,81,15.8
SUPER_21,1780000,105,5,4,114,52,53,8.222222
SUPER_21,1790000,87,6,6,99,53,34,4.5
SUPER_21,1800000,68,6,4,78,36,32,10.5
SUPER_21,1810000,101,1,6,108,65,36,5.285714
SUPER_21,1820000,258,10,15,283,152,106,10.44
SUPER_21,1830000,220,20,12,252,105,115,11.34375
SUPER_21,1840000,84,8,7,99,46,38,10.733334
SUPER_21,1850000,80,2,9,91,38,42,10.636364
SUPER_21,1860000,63,3,7,73,39,24,8
SUPER_21,1870000,120,9,7,136,62,58,9.25
SUPER_21,1880000,56,4,1,61,28,28,4
SUPER_21,1890000,80,5,9,94,47,33,24.142857
SUPER_21,1900000,132,12,11,155,66,66,9
SUPER_21,1910000,202,12,13,227,109,93,11.84
SUPER_21,1920000,88,8,9,105,54,34,7.7647057
SUPER_21,1930000,7,1,1,9,2,5,3.5
SUPER_21,1940000,1,0,0,1,0,1,NaN
SUPER_21,1950000,1,0,0,1,0,1,NaN
SUPER_21,1960000,99,10,4,113,54,45,5.5
SUPER_21,1970000,168,14,16,198,95,73,4.866667
SUPER_21,1980000,116,4,11,131,60,56,16.133333
SUPER_21,1990000,168,11,13,192,93,75,5.9583335
SUPER_21,2000000,74,3,1,78,42,32,4.5
SUPER_21,2010000,0,0,0,0,0,0,0
SUPER_21,2020000,0,0,0,0,0,0,0
SUPER_21,2030000,6,0,0,6,4,2,NaN
SUPER_21,2040000,1,0,0,1,0,1,NaN
SUPER_21,2050000,4,0,1,5,1,3,2
SUPER_21,2060000,5,1,0,6,2,3,1
SUPER_21,2070000,1,1,0,2,1,0,1
SUPER_21,2080000,1,0,0,1,1,0,NaN
SUPER_21,2090000,3,1,0,4,2,1,32
SUPER_21,2100000,2,0,0,2,1,1,NaN
SUPER_21,2110000,23,4,3,30,14,9,2
SUPER_21,2120000,33,2,3,38,17,16,6.2
SUPER_21,2130000,3,0,1,4,2,1,1
SUPER_21,2140000,1,1,0,2,0,1,1
SUPER_21,2150000,3,0,1,4,2,1,1
SUPER_21,2160000,2,1,2,5,0,2,14.333333
SUPER_21,2170000,98,6,4,108,54,44,2.9
SUPER_21,2180000,130,7,7,144,65,65,7.285714
SUPER_21,2190000,167,7,11,185,87,80,8.944445
SUPER_21,2200000,0,1,0,1,0,0,32
SUPER_21,2210000,77,9,6,92,41,36,8.066667
SUPER_21,2220000,105,8,5,118,57,48,9.153846
SUPER_21,2230000,91,8,11,110,56,35,12.210526
SUPER_21,2240000,54,7,3,64,35,19,10.6
SUPER_21,2250000,127,9,12,148,67,60,8.333333
SUPER_21,2260000,114,9,12,135,61,53,17.47619
SUPER_21,2270000,113,13,6,132,51,62,8.631579
SUPER_21,2280000,0,0,0,0,0,0,0
SUPER_21,2290000,0,0,0,0,0,0,0
SUPER_21,2300000,76,5,5,86,39,37,19.7
SUPER_21,2310000,146,5,16,167,79,67,5.5238094
SUPER_21,2320000,93,5,4,102,51,42,4.111111
SUPER_21,2330000,105,9,5,119,56,49,4.214286
SUPER_21,2340000,114,13,20,147,60,54,8.606061
SUPER_21,2350000,142,8,14,164,72,70,18.181818
SUPER_21,2360000,110,11,6,127,52,58,5.2941175
SUPER_21,2370000,131,8,7,146,72,59,7.9333334
SUPER_21,2380000,137,10,9,156,63,74,10.578947
SUPER_21,2390000,105,6,9,120,52,53,18.266666
SUPER_21,2400000,77,4,6,87,43,34,7.8
SUPER_21,2410000,11,0,1,12,9,2,1
SUPER_21,2420000,1,0,0,1,0,1,NaN
SUPER_21,2430000,3,0,0,3,2,1,NaN
SUPER_21,2440000,3,1,0,4,2,1,1
SUPER_21,2450000,8,0,2,10,4,4,6
SUPER_21,2460000,40,2,2,44,19,21,3
SUPER_21,2470000,104,4,6,114,52,52,7.8
SUPER_21,2480000,161,7,7,175,83,78,4.642857
SUPER_21,2490000,170,10,14,194,91,79,8.291667
SUPER_21,2500000,116,8,9,133,66,50,5.470588
SUPER_21,2510000,107,8,4,119,55,52,5.4166665
SUPER_21,2520000,2,1,1,4,1,1,1
SUPER_21,2530000,3,0,0,3,3,0,NaN
SUPER_21,2540000,2,0,1,3,2,0,2
SUPER_21,2550000,5,0,1,6,2,3,55
SUPER_21,2560000,1,0,0,1,1,0,NaN
SUPER_21,2570000,1,0,0,1,1,0,NaN
SUPER_21,2580000,5,1,0,6,4,1,2
SUPER_21,2590000,4,0,0,4,1,3,NaN
SUPER_21,2600000,3,0,0,3,2,1,NaN
SUPER_21,2610000,4,0,1,5,3,1,1
SUPER_21,2620000,2,1,1,4,0,2,27.5
SUPER_21,2630000,3,1,1,5,1,2,1.5
SUPER_21,2640000,2,0,0,2,1,1,NaN
SUPER_21,2650000,4,0,1,5,3,1,1
SUPER_21,2660000,4,0,0,4,2,2,NaN
SUPER_21,2670000,1,1,0,2,1,0,17
SUPER_21,2680000,1,0,0,1,0,1,NaN
SUPER_21,2690000,4,2,2,8,2,2,5
SUPER_21,2700000,79,6,7,92,36,43,5
SUPER_21,2710000,0,0,0,0,0,0,0
SUPER_21,2720000,0,0,0,0,0,0,0
SUPER_21,2730000,98,6,1,105,44,54,5.428571
SUPER_21,2740000,0,0,0,0,0,0,0
SUPER_21,2750000,0,0,0,0,0,0,0
SUPER_21,2760000,7,0,2,9,6,1,3.5
SUPER_21,2770000,79,6,4,89,37,42,4.9
SUPER_21,2780000,98,4,8,110,49,49,14.75
SUPER_21,2790000,50,1,5,56,29,21,3.1666667
SUPER_21,2800000,48,6,6,60,20,28,3
SUPER_21,2810000,150,5,7,162,90,60,5.5833335
SUPER_21,2820000,164,16,10,190,88,76,4.1538463
SUPER_21,2830000,207,11,12,230,106,101,8.086957
SUPER_21,2840000,159,9,10,178,68,91,3.9473684
SUPER_21,2850000,153,12,19,184,73,80,13.32258
SUPER_21,2860000,73,12,8,93,30,43,6.15
SUPER_21,2870000,83,10,10,103,44,39,14.5
SUPER_21,2880000,175,12,14,201,89,86,7.8076925
SUPER_21,2890000,193,11,7,211,98,95,4.1666665
SUPER_21,2900000,2,0,0,2,1,1,NaN
SUPER_21,2910000,195,9,12,216,104,91,6.8095236
SUPER_21,2920000,101,12,8,121,55,46,9.7
SUPER_21,2930000,163,19,9,191,80,83,6
SUPER_21,2940000,58,2,4,64,28,30,2
SUPER_21,2950000,30,2,2,34,15,15,36.5
SUPER_21,2960000,119,7,8,134,48,71,11
SUPER_21,2970000,132,13,8,153,69,63,6.8095236
SUPER_21,2980000,155,8,8,171,80,75,8.1875
SUPER_21,2990000,5,1,0,6,1,4,29
SUPER_21,3000000,37,3,4,44,21,16,232
SUPER_21,3010000,126,9,11,146,69,57,7.9
SUPER_21,3020000,163,6,10,179,91,72,7.3125
SUPER_21,3030000,148,7,10,165,79,69,5.8235292
SUPER_21,3040000,113,7,9,129,59,54,6.1875
SUPER_21,3050000,60,8,10,78,30,30,1.8888888
SUPER_21,3060000,164,13,8,185,81,83,3.2857144
SUPER_21,3070000,88,8,8,104,45,43,5.4375
SUPER_21,3080000,169,9,13,191,83,86,14.818182
SUPER_21,3090000,140,7,15,162,65,75,9.045455
SUPER_21,3100000,155,10,5,170,74,81,6.8
SUPER_21,3110000,130,6,10,146,69,61,7.0625
SUPER_21,3120000,46,4,6,56,21,25,4.3
SUPER_21,3130000,3,0,0,3,2,1,NaN
SUPER_21,3140000,1,0,0,1,1,0,NaN
SUPER_21,3150000,2,0,0,2,1,1,NaN
SUPER_21,3160000,2,1,0,3,0,2,1
SUPER_21,3170000,1,0,0,1,0,1,NaN
SUPER_21,3180000,0,0,0,0,0,0,0
SUPER_21,3190000,0,0,0,0,0,0,0
SUPER_21,3200000,30,3,4,37,15,15,1.7142857
SUPER_21,3210000,146,12,18,176,66,80,12.4
SUPER_21,3220000,70,7,3,80,34,36,3.7
SUPER_21,3230000,163,9,14,186,90,73,5.7391305
SUPER_21,3240000,182,10,7,199,98,84,14.588235
SUPER_21,3250000,120,6,11,137,75,45,4.5882354
SUPER_21,3260000,110,4,4,118,61,49,6
SUPER_21,3270000,27,2,6,35,10,17,6
SUPER_21,3280000,52,6,8,66,26,26,42.92857
SUPER_21,3290000,188,17,20,225,94,94,5.864865
SUPER_21,3300000,98,5,7,110,47,51,7.5833335
SUPER_21,3310000,77,5,6,88,32,45,5.181818
SUPER_21,3320000,15,2,4,21,9,6,1.8333334
SUPER_21,3330000,22,6,2,30,16,6,10.25
SUPER_21,3340000,103,13,9,125,51,52,3.7727273
SUPER_21,3350000,103,13,9,125,51,52,4
SUPER_21,3360000,116,6,13,135,61,55,4.4736843
SUPER_21,3370000,16,2,0,18,12,4,2
SUPER_21,3380000,98,12,10,120,44,54,3.590909
SUPER_21,3390000,89,7,3,99,45,44,2.7
SUPER_21,3400000,12,0,3,15,7,5,31.666666
SUPER_21,3410000,12,1,0,13,4,8,1
SUPER_21,3420000,3,1,0,4,1,2,2
SUPER_21,3430000,25,5,1,31,12,13,1.5
SUPER_21,3440000,0,0,0,0,0,0,0
SUPER_21,3450000,0,0,0,0,0,0,0
SUPER_21,3460000,88,7,6,101,43,45,3.8461537
SUPER_21,3470000,241,14,9,264,144,97,4.2173915
SUPER_21,3480000,70,2,8,80,39,31,7.7
SUPER_21,3490000,164,13,10,187,93,71,6.0434785
SUPER_21,3500000,144,9,5,158,65,79,3.642857
SUPER_21,3510000,182,16,9,207,99,83,6.52
SUPER_21,3520000,137,9,9,155,68,69,13.388889
SUPER_21,3530000,110,17,8,135,47,63,4.52
SUPER_21,3540000,56,2,2,60,22,34,7.75
SUPER_21,3550000,18,4,2,24,9,9,14.5
SUPER_21,3560000,81,4,6,91,43,38,3.9
SUPER_21,3570000,79,6,9,94,40,39,5.133333
SUPER_21,3580000,89,9,10,108,36,53,4.5263157
SUPER_21,3590000,3,0,1,4,0,3,7
SUPER_21,3600000,3,0,0,3,1,2,NaN
SUPER_21,3610000,4,0,0,4,1,3,NaN
SUPER_21,3620000,1,1,1,3,1,0,15.5
SUPER_21,3630000,5,1,0,6,0,5,2
SUPER_21,3640000,2,0,0,2,0,2,NaN
SUPER_21,3650000,41,5,1,47,22,19,20.333334
SUPER_21,3660000,121,7,10,138,57,64,9.529411
SUPER_21,3670000,99,12,7,118,36,63,4.8421054
SUPER_21,3680000,139,9,6,154,64,75,4.866667
SUPER_21,3690000,61,1,1,63,31,30,8
SUPER_21,3700000,112,12,10,134,62,50,21.90909
SUPER_21,3710000,0,0,0,0,0,0,0
SUPER_21,3720000,0,0,0,0,0,0,0
SUPER_21,3730000,68,12,8,88,38,30,15.15
SUPER_21,3740000,0,2,0,2,0,0,10
SUPER_21,3750000,2,0,0,2,0,2,NaN
SUPER_21,3760000,47,2,4,53,24,23,4.6666665
SUPER_21,3770000,85,7,10,102,44,41,8.058824
SUPER_21,3780000,136,9,15,160,61,75,41
SUPER_21,3790000,128,9,12,149,57,71,7.3809524
SUPER_21,3800000,31,6,1,38,12,19,5.857143
SUPER_21,3810000,46,5,2,53,22,24,8.714286
SUPER_21,3820000,144,10,12,166,68,76,18.954546
SUPER_21,3830000,69,3,7,79,39,30,2.7
SUPER_21,3840000,85,4,10,99,39,46,6.071429
SUPER_21,3850000,177,13,16,206,80,97,7.9310346
SUPER_21,3860000,145,13,15,173,70,75,7
SUPER_21,3870000,140,19,13,172,66,74,5.875
SUPER_21,3880000,25,3,3,31,9,16,16.833334
SUPER_21,3890000,14,1,1,16,6,8,7
SUPER_21,3900000,152,5,9,166,81,71,15.785714
SUPER_21,3910000,117,14,5,136,54,63,6.105263
SUPER_21,3920000,129,10,12,151,61,68,6.1363635
SUPER_21,3930000,46,12,6,64,21,25,4.388889
SUPER_21,3940000,1,0,1,2,1,0,1
SUPER_21,3950000,18,2,0,20,8,10,2
SUPER_21,3960000,70,10,7,87,34,36,5.882353
SUPER_21,3970000,141,12,14,167,74,67,13.5
SUPER_21,3980000,32,5,0,37,5,27,6.4
SUPER_21,3990000,96,5,7,108,36,60,9.5
SUPER_21,4000000,87,4,9,100,51,36,3.5384614
SUPER_21,4010000,50,4,1,55,28,22,5
SUPER_21,4020000,34,4,3,41,14,20,6.571429
SUPER_21,4030000,125,11,8,144,64,61,7.5263157
SUPER_21,4040000,47,1,5,53,27,20,7
SUPER_21,4050000,20,0,2,22,9,11,5
SUPER_21,4060000,5,1,0,6,2,3,3
SUPER_21,4070000,35,4,5,44,21,14,8.111111
SUPER_21,4080000,79,6,9,94,36,43,4.4
SUPER_21,4090000,153,12,11,176,82,71,7.478261
SUPER_21,4100000,83,8,9,100,39,44,4.7058825
SUPER_21,4110000,147,15,16,178,76,71,6.064516
SUPER_21,4120000,6,0,2,8,3,3,7.5
SUPER_21,4130000,1,1,0,2,0,1,16
SUPER_21,4140000,1,0,0,1,1,0,NaN
SUPER_21,4150000,50,6,6,62,20,30,6.25
SUPER_21,4160000,59,5,5,69,23,36,7.1
SUPER_21,4170000,3,1,1,5,1,2,6.5
SUPER_21,4180000,37,1,1,39,16,21,2.5
SUPER_21,4190000,91,3,8,102,54,37,5.4545455
SUPER_21,4200000,71,11,11,93,35,36,6
SUPER_21,4210000,86,6,9,101,38,48,4.6
SUPER_21,4220000,4,0,0,4,3,1,NaN
SUPER_21,4230000,17,3,2,22,9,8,81.6
SUPER_21,4240000,1,0,0,1,0,1,NaN
SUPER_21,4250000,1,0,0,1,0,1,NaN
SUPER_21,4260000,3,1,0,4,0,3,9
SUPER_21,4270000,103,8,11,122,56,47,7.8421054
SUPER_21,4280000,103,12,6,121,59,44,8
SUPER_21,4290000,76,5,5,86,46,30,9.5
SUPER_21,4300000,194,7,16,217,92,102,16.73913
SUPER_21,4310000,116,6,5,127,67,49,9.636364
SUPER_21,4320000,13,0,1,14,6,7,2
SUPER_21,4330000,49,3,2,54,18,31,5.6
SUPER_21,4340000,24,2,1,27,17,7,2.3333333
SUPER_21,4350000,3,1,0,4,3,0,1
SUPER_21,4360000,4,1,0,5,2,2,1
SUPER_21,4370000,43,3,5,51,21,22,6.75
SUPER_21,4380000,132,16,10,158,72,60,7.1923075
SUPER_21,4390000,5,1,0,6,2,3,2
SUPER_21,4400000,0,1,0,1,0,0,1
SUPER_21,4410000,0,1,0,1,0,0,18
SUPER_21,4420000,69,1,6,76,30,39,17
SUPER_21,4430000,127,13,16,156,56,71,4.1034484
SUPER_21,4440000,151,13,12,176,73,78,6.28
SUPER_21,4450000,35,4,1,40,19,16,4.8
SUPER_21,4460000,17,1,2,20,7,10,5.6666665
SUPER_21,4470000,56,7,4,67,30,26,2.5454545
SUPER_21,4480000,105,12,8,125,54,51,7.9
SUPER_21,4490000,117,16,17,150,50,67,9.424242
SUPER_21,4500000,81,8,6,95,36,45,3.5
SUPER_21,4510000,159,14,11,184,69,90,22.44
SUPER_21,4520000,117,6,16,139,72,45,8.5
SUPER_21,4530000,36,0,2,38,21,15,2.5
SUPER_21,4540000,1,0,0,1,1,0,NaN
SUPER_21,4550000,2,0,1,3,2,0,10
SUPER_21,4560000,8,0,1,9,3,5,2
SUPER_21,4570000,13,1,1,15,8,5,4.5
SUPER_21,4580000,113,12,8,133,48,65,5.05
SUPER_21,4590000,74,3,2,79,37,37,3.6
SUPER_21,4600000,110,15,13,138,61,49,5.785714
SUPER_21,4610000,23,2,1,26,13,10,6
SUPER_21,4620000,54,3,2,59,24,30,6
SUPER_21,4630000,0,0,0,0,0,0,0
SUPER_21,4640000,0,0,0,0,0,0,0
SUPER_21,4650000,0,0,0,0,0,0,0
SUPER_21,4660000,108,21,7,136,54,54,5.892857
SUPER_21,4670000,107,7,6,120,56,51,20.076923
SUPER_21,4680000,39,2,5,46,28,11,28.714285
SUPER_21,4690000,148,12,9,169,74,74,9.142858
SUPER_21,4700000,146,12,11,169,75,71,7.478261
SUPER_21,4710000,126,11,11,148,65,61,27.40909
SUPER_21,4720000,108,9,8,125,53,55,5.882353
SUPER_21,4730000,113,3,12,128,48,65,6.733333
SUPER_21,4740000,189,7,9,205,95,94,3.6875
SUPER_21,4750000,53,1,7,61,30,23,5.5
SUPER_21,4760000,212,23,17,252,117,95,7.7
SUPER_21,4770000,124,11,10,145,67,57,5.047619
SUPER_21,4780000,150,11,12,173,73,77,3.826087
SUPER_21,4790000,94,4,5,103,52,42,13.333333
SUPER_21,4800000,126,9,6,141,65,61,4
SUPER_21,4810000,13,0,1,14,2,11,9
SUPER_21,4820000,6,3,1,10,5,1,13.25
SUPER_21,4830000,0,0,0,0,0,0,0
SUPER_21,4840000,0,0,0,0,0,0,0
SUPER_21,4850000,9,5,0,14,5,4,3
SUPER_21,4860000,1,0,0,1,0,1,NaN
SUPER_21,4870000,6,0,1,7,2,4,2
SUPER_21,4880000,1,0,0,1,1,0,NaN
SUPER_21,4890000,59,7,5,71,25,34,7.9166665
SUPER_21,4900000,2,0,0,2,2,0,NaN
SUPER_21,4910000,43,4,3,50,25,18,2.142857
SUPER_21,4920000,129,8,16,153,68,61,66.416664
SUPER_21,4930000,56,5,4,65,27,29,6.3333335
SUPER_21,4940000,41,2,4,47,24,17,6.1666665
SUPER_21,4950000,117,5,9,131,59,58,6.428571
SUPER_21,4960000,102,7,10,119,43,59,9.882353
SUPER_21,4970000,55,4,0,59,28,27,2.5
SUPER_21,4980000,93,12,6,111,51,42,4.111111
SUPER_21,4990000,12,1,1,14,6,6,2.5
SUPER_21,5000000,65,5,6,76,36,29,2.909091
SUPER_21,5010000,3,0,1,4,1,2,3
SUPER_21,5020000,32,3,1,36,21,11,3.25
SUPER_21,5030000,2,0,1,3,0,2,1
SUPER_21,5040000,78,5,4,87,42,36,7.4444447
SUPER_21,5050000,54,5,5,64,25,29,5.8
SUPER_21,5060000,67,5,7,79,37,30,4.5
SUPER_21,5070000,26,2,3,31,7,19,9
SUPER_21,5080000,2,0,0,2,1,1,NaN
SUPER_21,5090000,3,0,0,3,2,1,NaN
SUPER_21,5100000,42,3,3,48,20,22,84
SUPER_21,5110000,74,12,10,96,33,41,3.3636363
SUPER_21,5120000,127,14,15,156,67,60,19.103449
SUPER_21,5130000,121,8,6,135,56,65,9.928572
SUPER_21,5140000,81,3,7,91,42,39,6.8
SUPER_21,5150000,100,4,5,109,56,44,6
SUPER_21,5160000,15,2,1,18,10,5,5.3333335
SUPER_21,5170000,9,1,1,11,6,3,28
SUPER_21,5180000,0,0,0,0,0,0,0
SUPER_21,5190000,0,0,0,0,0,0,0
SUPER_21,5200000,7,2,3,12,5,2,4.8
SUPER_21,5210000,125,8,4,137,65,60,6.1666665
SUPER_21,5220000,105,5,4,114,53,52,15.777778
SUPER_21,5230000,93,4,9,106,51,42,5.5384617
SUPER_21,5240000,101,5,7,113,65,36,8
SUPER_21,5250000,188,11,6,205,101,87,3.235294
SUPER_21,5260000,107,8,8,123,62,45,4.1875
SUPER_21,5270000,49,2,1,52,38,11,4.3333335
SUPER_21,5280000,58,2,2,62,29,29,1.25
SUPER_21,5290000,84,4,2,90,52,32,24.666666
SUPER_21,5300000,181,12,11,204,75,106,32.826088
SUPER_21,5310000,148,14,17,179,73,75,6.354839
SUPER_21,5320000,26,2,1,29,14,12,19.333334
SUPER_21,5330000,41,1,3,45,21,20,7.75
SUPER_21,5340000,95,4,9,108,55,40,8.307693
SUPER_21,5350000,82,4,5,91,52,30,7.3333335
SUPER_21,5360000,87,9,5,101,36,51,12.928572
SUPER_21,5370000,83,3,5,91,42,41,2.875
SUPER_21,5380000,65,3,6,74,39,26,14
SUPER_21,5390000,68,6,3,77,24,44,8.888889
SUPER_21,5400000,83,10,7,100,43,40,5.882353
SUPER_21,5410000,121,8,4,133,73,48,3.6666667
SUPER_21,5420000,69,4,6,79,44,25,6.4
SUPER_21,5430000,60,2,4,66,36,24,5
SUPER_21,5440000,81,7,4,92,44,37,8.090909
SUPER_21,5450000,71,1,5,77,35,36,3
SUPER_21,5460000,105,6,7,118,58,47,6.1538463
SUPER_21,5470000,42,6,1,49,24,18,4.571429
SUPER_21,5480000,53,4,2,59,29,24,7.1666665
SUPER_21,5490000,122,12,10,144,62,60,11.045455
SUPER_21,5500000,133,7,10,150,80,53,3.8235295
SUPER_21,5510000,67,10,4,81,35,32,8.928572
SUPER_21,5520000,108,10,6,124,62,46,4.6875
SUPER_21,5530000,114,4,6,124,51,63,6.4
SUPER_21,5540000,121,8,4,133,54,67,5.9166665
SUPER_21,5550000,147,7,6,160,81,66,6.4615383
SUPER_21,5560000,128,7,3,138,58,70,2.1
SUPER_21,5570000,102,9,10,121,52,50,6.3157897
SUPER_21,5580000,117,10,7,134,58,59,2.1176472
SUPER_21,5590000,95,9,7,111,37,58,12.375
SUPER_21,5600000,2,0,0,2,2,0,NaN
SUPER_21,5610000,2,0,0,2,0,2,NaN
SUPER_21,5620000,1,0,0,1,0,1,NaN
SUPER_21,5630000,3,0,0,3,1,2,NaN
SUPER_21,5640000,4,1,0,5,3,1,2
SUPER_21,5650000,3,1,1,5,1,2,1
SUPER_21,5660000,53,4,2,59,25,28,8.666667
SUPER_21,5670000,107,8,7,122,48,59,10.2
SUPER_21,5680000,106,11,7,124,53,53,6.9444447
SUPER_21,5690000,147,12,10,169,84,63,3.2727273
SUPER_21,5700000,111,13,6,130,61,50,7.4210525
SUPER_21,5710000,61,7,3,71,25,36,2.5
SUPER_21,5720000,0,0,0,0,0,0,0
SUPER_21,5730000,0,0,0,0,0,0,0
SUPER_21,5740000,51,4,8,63,29,22,70.583336
SUPER_21,5750000,59,3,4,66,33,26,11.714286
SUPER_21,5760000,67,3,4,74,32,35,3.142857
SUPER_21,5770000,41,3,2,46,22,19,2.8
SUPER_21,5780000,147,12,9,168,81,66,9.428572
SUPER_21,5790000,56,5,4,65,23,33,6.888889
SUPER_21,5800000,152,12,14,178,81,71,31.038462
SUPER_21,5810000,103,11,6,120,49,54,9.235294
SUPER_21,5820000,14,1,3,18,7,7,1.5
SUPER_21,5830000,134,8,12,154,61,73,4.2
SUPER_21,5840000,172,13,5,190,83,89,5.8333335
SUPER_21,5850000,41,2,3,46,22,19,4
SUPER_21,5860000,49,4,5,58,31,18,2.4444444
SUPER_21,5870000,105,9,9,123,49,56,41.22222
SUPER_21,5880000,1,0,1,2,0,1,8
SUPER_21,5890000,0,1,0,1,0,0,1
SUPER_21,5900000,59,6,8,73,30,29,17.571428
SUPER_21,5910000,114,6,14,134,59,55,11.4
SUPER_21,5920000,100,5,9,114,50,50,4.071429
SUPER_21,5930000,6,0,0,6,3,3,NaN
SUPER_21,5940000,33,6,6,45,18,15,5.75
SUPER_21,5950000,124,11,6,141,67,57,9.470589
SUPER_21,5960000,98,5,6,109,52,46,7.181818
SUPER_21,5970000,91,4,10,105,50,41,8.285714
SUPER_21,5980000,162,8,8,178,85,77,2.5
SUPER_21,5990000,86,5,6,97,51,35,2.8181818
SUPER_21,6000000,1,0,0,1,1,0,NaN
SUPER_21,6010000,1,1,0,2,1,0,8
SUPER_21,6020000,2,1,0,3,1,1,10
SUPER_21,6030000,3,1,0,4,1,2,1
SUPER_21,6040000,51,2,4,57,26,25,1.6666666
SUPER_21,6050000,93,3,7,103,51,42,6.7
SUPER_21,6060000,1,0,0,1,1,0,NaN
SUPER_21,6070000,0,1,0,1,0,0,1
SUPER_21,6080000,1,0,1,2,1,0,1
SUPER_21,6090000,7,1,0,8,3,4,2
SUPER_21,6100000,65,8,7,80,30,35,12.333333
SUPER_21,6110000,98,10,7,115,46,52,4.470588
SUPER_21,6120000,68,2,5,75,44,24,15.285714
SUPER_21,6130000,66,7,5,78,31,35,5.75
SUPER_21,6140000,36,3,3,42,19,17,7.8333335
SUPER_21,6150000,1,0,1,2,0,1,1
SUPER_21,6160000,9,1,1,11,5,4,10.5
SUPER_21,6170000,94,7,8,109,45,49,5.266667
SUPER_21,6180000,201,17,18,236,107,94,7.2285714
SUPER_21,6190000,112,10,7,129,59,53,7.2352943
SUPER_21,6200000,109,7,9,125,55,54,36.75
SUPER_21,6210000,121,7,2,130,65,56,4.5555553
SUPER_21,6220000,76,5,2,83,39,37,2.142857
SUPER_21,6230000,7,2,0,9,4,3,2.5
SUPER_21,6240000,20,4,0,24,8,12,11.5
SUPER_21,6250000,128,2,14,144,71,57,8.0625
SUPER_21,6260000,109,10,5,124,64,45,4.133333
SUPER_21,6270000,116,11,5,132,59,57,21.6875
SUPER_21,6280000,106,5,8,119,56,50,31.615385
SUPER_21,6290000,70,7,5,82,35,35,4.5833335
SUPER_21,6300000,0,0,1,1,0,0,24
SUPER_21,6310000,18,1,5,24,8,10,6.6666665
SUPER_21,6320000,96,7,5,108,47,49,7.4166665
SUPER_21,6330000,81,7,3,91,47,34,12.8
SUPER_21,6340000,107,9,11,127,59,48,10.6
SUPER_21,6350000,126,8,4,138,64,62,4
SUPER_21,6360000,0,1,1,2,0,0,1
SUPER_21,6370000,126,10,18,154,67,59,3.9642856
SUPER_21,6380000,154,6,6,166,83,71,10.583333
SUPER_21,6390000,172,16,15,203,94,78,19.483871
SUPER_21,6400000,111,6,8,125,57,54,27.714285
SUPER_21,6410000,53,4,2,59,34,19,15
SUPER_21,6420000,9,0,1,10,3,6,1
SUPER_21,6430000,3,1,2,6,1,2,2.6666667
SUPER_21,6440000,1,0,0,1,1,0,NaN
SUPER_21,6450000,0,0,0,0,0,0,0
SUPER_21,6460000,0,0,0,0,0,0,0
SUPER_21,6470000,19,46,42,107,3,16,1.0795455
SUPER_21,6480000,16,0,1,17,9,7,33
SUPER_21,6490000,8,0,0,8,6,2,NaN
SUPER_21,6500000,70,5,5,80,43,27,3.4
SUPER_21,6510000,38,6,1,45,21,17,11.571428
SUPER_21,6520000,1,1,0,2,1,0,2
SUPER_21,6530000,14,0,1,15,5,9,11
SUPER_21,6540000,168,9,10,187,93,75,4.8421054
SUPER_21,6550000,118,6,14,138,60,58,6.75
SUPER_21,6560000,90,6,4,100,49,41,5.2
SUPER_21,6570000,79,2,0,81,47,32,6
SUPER_21,6580000,31,2,3,36,17,14,5.2
SUPER_21,6590000,48,1,2,51,23,25,5
SUPER_21,6600000,65,5,1,71,41,24,2.1666667
SUPER_21,6610000,69,7,3,79,37,32,3.4
SUPER_21,6620000,125,8,5,138,70,55,8.923077
SUPER_21,6630000,52,5,3,60,30,22,8.75
SUPER_21,6640000,117,12,12,141,69,48,5.7083335
SUPER_21,6650000,143,7,8,158,82,61,5.266667
SUPER_21,6660000,54,2,3,59,32,22,9.4
SUPER_21,6670000,85,11,4,100,43,42,7.3333335
SUPER_21,6680000,65,6,4,75,28,37,8.7
SUPER_21,6690000,4,0,0,4,3,1,NaN
SUPER_21,6700000,11,0,0,11,6,5,NaN
SUPER_21,6710000,11,0,1,12,9,2,1
SUPER_21,6720000,1,0,0,1,0,1,NaN
SUPER_21,6730000,4,0,0,4,3,1,NaN
SUPER_21,6740000,4,2,0,6,3,1,8.5
SUPER_21,6750000,6,0,1,7,3,3,5
SUPER_21,6760000,8,0,1,9,3,5,1
SUPER_21,6770000,3,0,0,3,2,1,NaN
SUPER_21,6780000,1,2,1,4,0,1,3.3333333
SUPER_21,6790000,30,3,3,36,8,22,15.5
SUPER_21,6800000,79,4,6,89,45,34,5.1
SUPER_21,6810000,95,5,6,106,55,40,26.09091
SUPER_21,6820000,175,7,12,194,84,91,6.1578946
SUPER_21,6830000,98,6,6,110,56,42,8.583333
SUPER_21,6840000,0,0,1,1,0,0,1
SUPER_21,6850000,1,2,0,3,1,0,31.5
SUPER_21,6860000,0,0,0,0,0,0,0
SUPER_21,6870000,0,0,0,0,0,0,0
SUPER_21,6880000,3,1,1,5,2,1,88.5
SUPER_21,6890000,6,2,0,8,5,1,2
SUPER_21,6900000,2,0,0,2,0,2,NaN
SUPER_21,6910000,55,1,2,58,30,25,7.6666665
SUPER_21,6920000,183,11,17,211,97,86,14.178572
SUPER_21,6930000,76,6,4,86,33,43,3.3
SUPER_21,6940000,115,5,8,128,66,49,7.769231
SUPER_21,6950000,1,1,1,3,0,1,1
SUPER_21,6960000,0,0,1,1,0,0,1
SUPER_21,6970000,76,5,7,88,37,39,21.666666
SUPER_21,6980000,123,4,7,134,71,52,21.818182
SUPER_21,6990000,0,1,0,1,0,0,1
SUPER_21,7000000,130,8,6,144,77,53,5.785714
SUPER_21,7010000,178,8,12,198,99,79,6.6
SUPER_21,7020000,31,0,1,32,18,13,7
SUPER_21,7030000,74,5,12,91,29,45,3.3529413
SUPER_21,7040000,136,4,15,155,76,60,39.68421
SUPER_21,7050000,163,5,13,181,85,78,10.722222
SUPER_21,7060000,104,10,8,122,60,44,5.4444447
SUPER_21,7070000,213,14,5,232,119,94,9.368421
SUPER_21,7080000,192,11,14,217,96,96,3.28
SUPER_21,7090000,106,4,6,116,60,46,6.3
SUPER_21,7100000,152,12,17,181,90,62,5.551724
SUPER_21,7110000,95,8,7,110,47,48,6.733333
SUPER_21,7120000,125,7,5,137,58,67,14.583333
SUPER_21,7130000,91,8,5,104,33,58,3.7692308
SUPER_21,7140000,98,10,4,112,52,46,3.7142856
SUPER_21,7150000,93,4,7,104,63,30,7.7272725
SUPER_21,7160000,168,13,11,192,97,71,47.916668
SUPER_21,7170000,190,9,15,214,105,85,27.583334
SUPER_21,7180000,123,14,5,142,55,68,12.947369
SUPER_21,7190000,158,13,18,189,92,66,7.516129
SUPER_21,7200000,157,14,11,182,86,71,4.92
SUPER_21,7210000,136,14,6,156,80,56,5.75
SUPER_21,7220000,51,3,5,59,21,30,5.125
SUPER_21,7230000,41,3,4,48,21,20,4.571429
SUPER_21,7240000,1,0,0,1,1,0,NaN
SUPER_21,7250000,88,8,4,100,49,39,6.5833335
SUPER_21,7260000,88,9,2,99,50,38,14.363636
SUPER_21,7270000,2,0,0,2,2,0,NaN
SUPER_21,7280000,0,0,0,0,0,0,0
SUPER_21,7290000,0,0,0,0,0,0,0
SUPER_21,7300000,5,2,0,7,4,1,20
SUPER_21,7310000,3,0,0,3,2,1,NaN
SUPER_21,7320000,1,0,0,1,0,1,NaN
SUPER_21,7330000,21,0,1,22,6,15,6
SUPER_21,7340000,28,0,0,28,19,9,NaN
SUPER_21,7350000,131,8,6,145,76,55,3.7857144
SUPER_21,7360000,1,0,0,1,0,1,NaN
SUPER_21,7370000,95,7,6,108,60,35,12.307693
SUPER_21,7380000,50,8,5,63,29,21,3.5384614
SUPER_21,7390000,40,3,3,46,20,20,1.8333334
SUPER_21,7400000,0,0,0,0,0,0,0
SUPER_21,7410000,0,0,0,0,0,0,0
SUPER_21,7420000,29,2,2,33,16,13,6.25
SUPER_21,7430000,6,0,0,6,4,2,NaN
SUPER_21,7440000,1,1,0,2,0,1,4
SUPER_21,7450000,6,0,0,6,0,6,NaN
SUPER_21,7460000,30,0,2,32,10,20,1
SUPER_21,7470000,2,0,0,2,2,0,NaN
SUPER_21,7480000,2,0,0,2,1,1,NaN
SUPER_21,7490000,3,0,1,4,0,3,7
SUPER_21,7500000,1,1,0,2,1,0,1
SUPER_21,7510000,3,0,1,4,3,0,2
SUPER_21,7520000,1,0,0,1,1,0,NaN
SUPER_21,7530000,4,1,0,5,2,2,1
SUPER_21,7540000,1,1,0,2,0,1,1
SUPER_21,7550000,13,4,2,19,6,7,8.166667
SUPER_21,7560000,5,0,0,5,3,2,NaN
SUPER_21,7570000,8,0,1,9,4,4,1
SUPER_21,7580000,6,0,1,7,6,0,1
SUPER_21,7590000,0,0,0,0,0,0,0
SUPER_21,7600000,0,0,0,0,0,0,0
SUPER_21,7610000,0,0,0,0,0,0,0
SUPER_21,7620000,1,0,2,3,1,0,1.5
SUPER_21,7630000,94,8,12,114,46,48,4.15
SUPER_21,7640000,28,1,1,30,16,12,4.5
SUPER_21,7650000,109,9,16,134,65,44,31.36
SUPER_21,7660000,46,3,5,54,30,16,3.125
SUPER_21,7670000,166,8,8,182,80,86,7.4375
SUPER_21,7680000,35,3,1,39,20,15,3.5
SUPER_21,7690000,0,0,0,0,0,0,0
SUPER_21,7700000,0,0,0,0,0,0,0
SUPER_21,7710000,45,3,2,50,27,18,8.8
SUPER_21,7720000,31,4,4,39,15,16,9.75
SUPER_21,7730000,88,9,9,106,51,37,6.611111
SUPER_21,7740000,75,4,3,82,40,35,7.428571
SUPER_21,7750000,87,4,7,98,48,39,25.454546
SUPER_21,7760000,170,7,12,189,78,92,5.894737
SUPER_21,7770000,155,7,12,174,81,74,19.947369
SUPER_21,7780000,82,4,8,94,43,39,18.916666
SUPER_21,7790000,137,6,14,157,81,56,7.55
SUPER_21,7800000,134,3,12,149,67,67,30.666666
SUPER_21,7810000,115,13,6,134,55,60,6.736842
SUPER_21,7820000,171,15,14,200,91,80,30.62069
SUPER_21,7830000,161,14,12,187,70,91,9.615385
SUPER_21,7840000,113,6,14,133,52,61,5.95
SUPER_21,7850000,110,5,11,126,51,59,5.5
SUPER_21,7860000,7,0,1,8,4,3,2
SUPER_21,7870000,110,10,10,130,50,60,5.1
SUPER_21,7880000,20,1,0,21,12,8,16
SUPER_21,7890000,137,10,9,156,67,70,7.5789475
SUPER_21,7900000,76,5,2,83,44,32,8.857142
SUPER_21,7910000,57,3,4,64,30,27,3.7142856
SUPER_21,7920000,27,1,0,28,12,15,2
SUPER_21,7930000,136,13,6,155,58,78,5.368421
SUPER_21,7940000,45,1,4,50,23,22,3.8
SUPER_21,7950000,76,7,7,90,38,38,7.214286
SUPER_21,7960000,122,5,3,130,75,47,8.375
SUPER_21,7970000,143,8,9,160,75,68,7.7058825
SUPER_21,7980000,89,7,8,104,46,43,13.2
SUPER_21,7990000,64,0,4,68,29,35,26.5
SUPER_21,8000000,112,5,5,122,49,63,36.4
SUPER_21,8010000,124,7,4,135,62,62,5.5454545
SUPER_21,8020000,4,1,0,5,2,2,5
SUPER_21,8030000,116,7,10,133,61,55,17.235294
SUPER_21,8040000,41,2,2,45,29,12,34.5
SUPER_21,8050000,32,2,1,35,20,12,29
SUPER_21,8060000,13,1,1,15,6,7,8.5
SUPER_21,8070000,95,5,9,109,50,45,5.642857
SUPER_21,8080000,42,5,3,50,23,19,16.5
SUPER_21,8090000,134,17,4,155,69,65,9.047619
SUPER_21,8100000,99,6,6,111,54,45,48.75
SUPER_21,8110000,168,10,8,186,87,81,5.2777777
SUPER_21,8120000,108,8,6,122,61,47,16.428572
SUPER_21,8130000,115,3,6,124,61,54,5.5555553
SUPER_21,8140000,72,7,9,88,35,37,2
SUPER_21,8150000,127,19,21,167,60,67,3.55
SUPER_21,8160000,120,11,12,143,63,57,6.4347825
SUPER_21,8170000,167,8,15,190,76,91,24.913044
SUPER_21,8180000,180,18,14,212,90,90,6.96875
SUPER_21,8190000,114,8,12,134,59,55,4.35
SUPER_21,8200000,127,5,8,140,64,63,10.538462
SUPER_21,8210000,165,8,5,178,89,76,8.769231
SUPER_21,8220000,242,8,18,268,126,116,8.153846
SUPER_21,8230000,80,5,2,87,40,40,10.714286
SUPER_21,8240000,3,0,0,3,1,2,NaN
SUPER_21,8250000,136,9,5,150,65,71,9.428572
SUPER_21,8260000,66,1,4,71,40,26,9.2
SUPER_21,8270000,1,0,1,2,1,0,8
SUPER_21,8280000,1,0,0,1,0,1,NaN
SUPER_21,8290000,13,1,2,16,7,6,16.333334
SUPER_21,8300000,0,1,2,3,0,0,8.666667
SUPER_21,8310000,2,0,0,2,1,1,NaN
SUPER_21,8320000,2,2,1,5,1,1,15.333333
SUPER_21,8330000,4,0,1,5,1,3,21
SUPER_21,8340000,1,0,0,1,1,0,NaN
SUPER_21,8350000,5,0,0,5,4,1,NaN
SUPER_21,8360000,1,0,0,1,1,0,NaN
SUPER_21,8370000,3,0,0,3,2,1,NaN
SUPER_21,8380000,41,5,3,49,19,22,5.75
SUPER_21,8390000,40,5,0,45,22,18,4.2
SUPER_21,8400000,0,0,0,0,0,0,0
SUPER_21,8410000,0,0,0,0,0,0,0
SUPER_21,8420000,0,0,0,0,0,0,0
SUPER_21,8430000,0,0,0,0,0,0,0
SUPER_21,8440000,3,1,0,4,2,1,1
SUPER_21,8450000,0,1,1,2,0,0,22.5
SUPER_21,8460000,4,0,0,4,1,3,NaN
SUPER_21,8470000,6,0,0,6,5,1,NaN
SUPER_21,8480000,3,0,0,3,1,2,NaN
SUPER_21,8490000,3,1,0,4,2,1,8
SUPER_21,8500000,3,1,1,5,2,1,5
SUPER_21,8510000,4,1,0,5,1,3,4
SUPER_21,8520000,2,2,0,4,1,1,3.5
SUPER_21,8530000,8,1,3,12,3,5,8
SUPER_21,8540000,3,1,0,4,2,1,1
SUPER_21,8550000,4,2,0,6,2,2,5.5
SUPER_21,8560000,4,0,0,4,2,2,NaN
SUPER_21,8570000,2,1,1,4,1,1,1
SUPER_21,8580000,1,1,0,2,0,1,1
SUPER_21,8590000,1,0,1,2,0,1,10
SUPER_21,8600000,32,2,4,38,15,17,2.5
SUPER_21,8610000,12,0,0,12,5,7,NaN
SUPER_21,8620000,70,4,1,75,32,38,5.8
SUPER_21,8630000,155,13,14,182,86,69,5.259259
SUPER_21,8640000,58,3,6,67,30,28,4.4444447
SUPER_21,8650000,92,3,10,105,43,49,7.230769
SUPER_21,8660000,91,6,4,101,41,50,3.2
SUPER_21,8670000,24,3,1,28,13,11,4.25
SUPER_21,8680000,8,2,1,11,4,4,1
SUPER_21,8690000,1,1,0,2,1,0,1
SUPER_21,8700000,2,0,0,2,2,0,NaN
SUPER_21,8710000,6,0,0,6,3,3,NaN
SUPER_21,8720000,0,1,0,1,0,0,6
SUPER_21,8730000,110,12,11,133,57,53,3.9565217
SUPER_21,8740000,116,10,14,140,61,55,11.416667
SUPER_21,8750000,74,5,7,86,32,42,3.25
SUPER_21,8760000,26,5,3,34,13,13,9.75
SUPER_21,8770000,0,1,0,1,0,0,1
SUPER_21,8780000,2,0,0,2,1,1,NaN
SUPER_21,8790000,5,0,0,5,1,4,NaN
SUPER_21,8800000,1,1,0,2,0,1,1
SUPER_21,8810000,6,0,0,6,4,2,NaN
SUPER_21,8820000,2,2,0,4,1,1,1.5
SUPER_21,8830000,3,0,0,3,2,1,NaN
SUPER_21,8840000,14,2,1,17,10,4,10
SUPER_21,8850000,11,2,1,14,6,5,5
SUPER_21,8860000,2,0,0,2,0,2,NaN
SUPER_21,8870000,82,7,5,94,40,42,21.75
SUPER_21,8880000,55,5,5,65,33,22,7.6
SUPER_21,8890000,108,8,3,119,50,58,10.181818
SUPER_21,8900000,106,3,13,122,58,48,7.125
SUPER_21,8910000,115,6,8,129,55,60,5.642857
SUPER_21,8920000,53,4,5,62,27,26,4.6666665
SUPER_21,8930000,11,1,0,12,4,7,9
SUPER_21,8940000,5,0,0,5,4,1,NaN
SUPER_21,8950000,38,5,2,45,18,20,2.5714285
SUPER_21,8960000,91,8,7,106,51,40,8.533334
SUPER_21,8970000,136,7,10,153,77,59,7
SUPER_21,8980000,9,0,1,10,1,8,6
SUPER_21,8990000,5,0,0,5,3,2,NaN
SUPER_21,9000000,94,5,6,105,51,43,4.090909
SUPER_21,9010000,250,8,16,274,141,109,8.083333
SUPER_21,9020000,28,3,4,35,15,13,3.4285715
SUPER_21,9030000,1,0,0,1,1,0,NaN
SUPER_21,9040000,2,1,0,3,1,1,1
SUPER_21,9050000,21,1,1,23,12,9,2
SUPER_21,9060000,47,1,2,50,28,19,1.3333334
SUPER_21,9070000,10,1,0,11,5,5,1
SUPER_21,9080000,14,1,1,16,8,6,1.5
SUPER_21,9090000,62,1,2,65,43,19,6.3333335
SUPER_21,9100000,94,4,5,103,47,47,7.5555553
SUPER_21,9110000,56,3,6,65,33,23,16.88889
SUPER_21,9120000,19,0,0,19,8,11,NaN
SUPER_21,9130000,114,9,10,133,57,57,16.894737
SUPER_21,9140000,24,1,4,29,15,9,17.8
SUPER_21,9150000,0,0,0,0,0,0,0
SUPER_21,9160000,0,0,0,0,0,0,0
SUPER_21,9170000,47,6,3,56,28,19,11.333333
SUPER_21,9180000,0,0,0,0,0,0,0
SUPER_21,9190000,0,0,0,0,0,0,0
SUPER_21,9200000,102,11,8,121,52,50,4.736842
SUPER_21,9210000,0,0,0,0,0,0,0
SUPER_21,9220000,0,0,0,0,0,0,0
SUPER_21,9230000,0,0,0,0,0,0,0
SUPER_21,9240000,0,0,0,0,0,0,0
SUPER_21,9250000,0,0,0,0,0,0,0
SUPER_21,9260000,88,8,5,101,40,48,7.1538463
SUPER_21,9270000,95,3,5,103,49,46,7.625
SUPER_21,9280000,0,0,0,0,0,0,0
SUPER_21,9290000,0,0,0,0,0,0,0
SUPER_21,9300000,149,13,11,173,90,59,9.083333
SUPER_21,9310000,0,0,0,0,0,0,0
SUPER_21,9320000,0,0,0,0,0,0,0
SUPER_21,9330000,0,0,0,0,0,0,0
SUPER_21,9340000,0,0,0,0,0,0,0
SUPER_21,9350000,0,0,0,0,0,0,0
SUPER_21,9360000,91,6,10,107,49,42,17.3125
SUPER_21,9370000,0,0,0,0,0,0,0
SUPER_21,9380000,0,0,0,0,0,0,0
SUPER_21,9390000,195,14,11,220,97,98,11.8
SUPER_21,9400000,46,5,1,52,21,25,3.1666667
SUPER_21,9410000,8,2,1,11,2,6,19.666666
SUPER_21,9420000,11,0,0,11,4,7,NaN
SUPER_21,9430000,23,0,2,25,10,13,3.5
SUPER_21,9440000,61,8,1,70,32,29,16.555555
SUPER_21,9450000,0,0,0,0,0,0,0
SUPER_21,9460000,0,0,0,0,0,0,0
SUPER_21,9470000,0,0,0,0,0,0,0
SUPER_21,9480000,0,0,0,0,0,0,0
SUPER_21,9490000,73,10,8,91,33,40,4.6666665
SUPER_21,9500000,0,0,0,0,0,0,0
SUPER_21,9510000,0,0,0,0,0,0,0
SUPER_21,9520000,39,3,5,47,19,20,2.25
SUPER_21,9530000,2,0,0,2,2,0,NaN
SUPER_21,9540000,1,0,0,1,0,1,NaN
SUPER_21,9550000,2,0,0,2,1,1,NaN
SUPER_21,9560000,5,1,1,7,2,3,9
SUPER_21,9570000,1,1,0,2,0,1,20
SUPER_21,9580000,1,2,0,3,1,0,7.5
SUPER_21,9590000,1,1,0,2,1,0,28
SUPER_21,9600000,3,1,0,4,2,1,5
SUPER_21,9610000,74,8,6,88,37,37,5.142857
SUPER_21,9620000,154,9,14,177,77,77,9.565217
SUPER_21,9630000,222,10,15,247,119,103,7.36
SUPER_21,9640000,231,12,11,254,126,105,5.7826085
SUPER_21,9650000,2,0,0,2,1,1,NaN
SUPER_21,9660000,109,5,9,123,62,47,16.285715
SUPER_21,9670000,80,8,2,90,49,31,10.7
SUPER_21,9680000,69,9,5,83,30,39,6.285714
SUPER_21,9690000,7,1,1,9,4,3,1.5
SUPER_21,9700000,8,0,1,9,4,4,2
SUPER_21,9710000,5,0,0,5,3,2,NaN
SUPER_21,9720000,6,2,0,8,2,4,7
SUPER_21,9730000,75,3,4,82,45,30,1.8571428
SUPER_21,9740000,212,13,10,235,107,105,10.869565
SUPER_21,9750000,102,9,3,114,58,44,6.9166665
SUPER_21,9760000,93,4,5,102,61,32,6.4444447
SUPER_21,9770000,11,0,0,11,3,8,NaN
SUPER_21,9780000,142,9,11,162,70,72,4.25
SUPER_21,9790000,29,3,3,35,16,13,6.3333335
SUPER_21,9800000,145,19,15,179,68,77,17.588236
SUPER_21,9810000,54,0,2,56,29,25,4.5
SUPER_21,9820000,63,5,5,73,25,38,4.5
SUPER_21,9830000,180,10,9,199,98,82,3.2631578
SUPER_21,9840000,21,0,2,23,9,12,86.5
SUPER_21,9850000,0,1,0,1,0,0,1
SUPER_21,9860000,42,2,4,48,24,18,4.1666665
SUPER_21,9870000,150,11,6,167,72,78,7.2352943
SUPER_21,9880000,105,5,7,117,49,56,17.25
SUPER_21,9890000,4,2,0,6,0,4,1
SUPER_21,9900000,2,1,1,4,2,0,13
SUPER_21,9910000,4,1,0,5,1,3,1
SUPER_21,9920000,71,6,8,85,40,31,27.5
SUPER_21,9930000,144,5,6,155,89,55,14.909091
SUPER_21,9940000,132,9,9,150,73,59,8.388889
SUPER_21,9950000,73,3,5,81,43,30,28.375
SUPER_21,9960000,67,2,0,69,30,37,8
SUPER_21,9970000,83,9,1,93,47,36,8.2
SUPER_21,9980000,107,5,8,120,59,48,6.6923075
SUPER_21,9990000,75,7,7,89,37,38,8.142858
SUPER_21,10000000,83,12,4,99,46,37,10.5625
SUPER_21,10010000,95,6,6,107,62,33,10.25
SUPER_21,10020000,45,5,1,51,25,20,1.6666666
SUPER_21,10030000,143,2,6,151,89,54,12.625
SUPER_21,10040000,5,1,2,8,1,4,16
SUPER_21,10050000,5,0,0,5,0,5,NaN
SUPER_21,10060000,82,7,4,93,44,38,3.4545455
SUPER_21,10070000,127,10,15,152,59,68,4.72
SUPER_21,10080000,16,2,0,18,12,4,10
SUPER_21,10090000,106,7,3,116,62,44,15.8
SUPER_21,10100000,74,10,2,86,35,39,2.6666667
SUPER_21,10110000,39,2,2,43,25,14,1
SUPER_21,10120000,51,5,5,61,17,34,3.8
SUPER_21,10130000,109,10,4,123,58,51,5.357143
SUPER_21,10140000,45,6,3,54,27,18,5.2222223
SUPER_21,10150000,70,6,7,83,35,35,6.923077
SUPER_21,10160000,148,8,9,165,75,73,4.5882354
SUPER_21,10170000,139,10,8,157,67,72,15.722222
SUPER_21,10180000,80,11,3,94,42,38,13.785714
SUPER_21,10190000,1,0,1,2,0,1,1
SUPER_21,10200000,2,0,1,3,1,1,2
SUPER_21,10210000,4,0,1,5,2,2,1
SUPER_21,10220000,2,0,2,4,2,0,21.5
SUPER_21,10230000,7,3,3,13,6,1,3.5
SUPER_21,10240000,126,8,8,142,60,66,4.0625
SUPER_21,10250000,38,1,2,41,17,21,19.666666
SUPER_21,10260000,177,6,13,196,87,90,18
SUPER_21,10270000,88,5,5,98,56,32,10.1
SUPER_21,10280000,40,6,7,53,23,17,5
SUPER_21,10290000,142,9,8,159,80,62,6.7058825
SUPER_21,10300000,215,5,11,231,115,100,4.1875
SUPER_21,10310000,146,12,11,169,71,75,6.652174
SUPER_21,10320000,0,0,0,0,0,0,0
SUPER_21,10330000,0,0,0,0,0,0,0
SUPER_21,10340000,166,10,6,182,103,63,25.125
SUPER_21,10350000,60,5,7,72,34,26,17
SUPER_21,10360000,112,4,7,123,55,57,13.090909
SUPER_21,10370000,79,3,3,85,40,39,2.3333333
SUPER_21,10380000,7,1,1,9,3,4,1.5
SUPER_21,10390000,3,1,0,4,3,0,1
SUPER_21,10400000,50,0,0,50,28,22,NaN
SUPER_21,10410000,3,0,2,5,2,1,19
SUPER_21,10420000,0,0,0,0,0,0,0
SUPER_21,10430000,0,0,0,0,0,0,0
SUPER_21,10440000,3,2,0,5,3,0,1
SUPER_21,10450000,4,0,0,4,2,2,NaN
SUPER_21,10460000,48,4,5,57,28,20,6.7777777
SUPER_21,10470000,26,2,2,30,16,10,4.5
SUPER_21,10480000,73,6,7,86,31,42,10
SUPER_21,10490000,6,1,1,8,1,5,4.5
SUPER_21,10500000,116,12,10,138,58,58,27.545454
SUPER_21,10510000,59,2,2,63,26,33,2.5
SUPER_21,10520000,81,3,4,88,47,34,44.42857
SUPER_21,10530000,126,7,9,142,63,63,8.125
SUPER_21,10540000,119,6,8,133,66,53,6.214286
SUPER_21,10550000,118,4,10,132,66,52,11.857142
SUPER_21,10560000,83,14,5,102,44,39,6.5789475
SUPER_21,10570000,152,15,9,176,82,70,6.3333335
SUPER_21,10580000,69,5,3,77,34,35,5.25
SUPER_21,10590000,90,10,7,107,44,46,9.294118
SUPER_21,10600000,75,6,4,85,35,40,3.5
SUPER_21,10610000,97,12,11,120,45,52,8.26087
SUPER_21,10620000,3,0,0,3,1,2,NaN
SUPER_21,10630000,42,3,9,54,19,23,4.25
SUPER_21,10640000,4,1,1,6,2,2,1.5
SUPER_21,10650000,1,0,1,2,0,1,1
SUPER_21,10660000,6,1,2,9,6,0,1
SUPER_21,10670000,2,0,1,3,1,1,1
SUPER_21,10680000,1,0,0,1,1,0,NaN
SUPER_21,10690000,206,13,22,241,95,111,15.428572
SUPER_21,10700000,94,13,10,117,46,48,12.130435
SUPER_21,10710000,81,11,5,97,34,47,4.5625
SUPER_21,10720000,90,11,5,106,45,45,12.4375
SUPER_21,10730000,83,6,4,93,31,52,5.5
SUPER_21,10740000,98,6,13,117,56,42,13.947369
SUPER_21,10750000,63,1,4,68,34,29,4.6
SUPER_21,10760000,82,3,4,89,31,51,2.4285715
SUPER_21,10770000,64,6,5,75,30,34,16.545454
SUPER_21,10780000,53,1,6,60,17,36,3
SUPER_21,10790000,56,4,9,69,26,30,5.3846154
SUPER_21,10800000,10,2,1,13,3,7,2.3333333
SUPER_21,10810000,80,3,4,87,45,35,2.142857
SUPER_21,10820000,31,4,2,37,14,17,2
SUPER_21,10830000,0,0,0,0,0,0,0
SUPER_21,10840000,0,0,0,0,0,0,0
SUPER_21,10850000,53,2,4,59,28,25,7.6666665
SUPER_21,10860000,116,9,10,135,56,60,44
SUPER_21,10870000,78,5,7,90,36,42,4.4166665
SUPER_21,10880000,111,8,7,126,58,53,44.733334
SUPER_21,10890000,292,15,13,320,165,127,9.964286
SUPER_21,10900000,0,0,0,0,0,0,0
SUPER_21,10910000,0,0,0,0,0,0,0
SUPER_21,10920000,188,9,10,207,101,87,4.263158
SUPER_21,10930000,16,0,2,18,9,7,15
SUPER_21,10940000,145,12,10,167,72,73,4.909091
SUPER_21,10950000,165,5,7,177,86,79,19.916666
SUPER_21,10960000,141,8,9,158,78,63,5.0588236
SUPER_21,10970000,113,5,14,132,54,59,8.789474
SUPER_21,10980000,71,4,8,83,30,41,8.166667
SUPER_21,10990000,1,2,0,3,0,1,8
SUPER_21,11000000,67,3,7,77,36,31,45
SUPER_21,11010000,77,2,6,85,31,46,1.625
SUPER_21,11020000,68,7,4,79,34,34,6.181818
SUPER_21,11030000,47,9,5,61,31,16,6.928571
SUPER_21,11040000,138,6,9,153,84,54,11.866667
SUPER_21,11050000,82,6,4,92,40,42,20.5
SUPER_21,11060000,0,0,0,0,0,0,0
SUPER_21,11070000,0,0,0,0,0,0,0
SUPER_21,11080000,5,1,2,8,3,2,2.6666667
SUPER_21,11090000,1,0,0,1,1,0,NaN
SUPER_21,11100000,1,1,0,2,0,1,3
SUPER_21,11110000,0,0,0,0,0,0,0
SUPER_21,11120000,0,0,0,0,0,0,0
SUPER_21,11130000,36,2,1,39,17,19,3
SUPER_21,11140000,143,6,11,160,78,65,8.705882
SUPER_21,11150000,128,12,5,145,69,59,4.7647057
SUPER_21,11160000,172,14,9,195,84,88,18.956522
SUPER_21,11170000,138,13,10,161,80,58,7.652174
SUPER_21,11180000,68,3,7,78,25,43,41.4
SUPER_21,11190000,82,10,7,99,48,34,3.8235295
SUPER_21,11200000,87,9,4,100,38,49,4.3846154
SUPER_21,11210000,117,9,13,139,71,46,9.363636
SUPER_21,11220000,218,16,13,247,97,121,10.862069
SUPER_21,11230000,83,8,1,92,51,32,6.2222223
SUPER_21,11240000,2,0,0,2,0,2,NaN
SUPER_21,11250000,14,2,1,17,7,7,30
SUPER_21,11260000,130,5,9,144,68,62,14.428572
SUPER_21,11270000,116,5,7,128,57,59,1.4166666
SUPER_21,11280000,134,17,10,161,63,71,4.185185
SUPER_21,11290000,127,4,7,138,68,59,6.3636365
SUPER_21,11300000,114,11,11,136,58,56,7.5
SUPER_21,11310000,158,11,8,177,96,62,5.263158
SUPER_21,11320000,52,8,4,64,20,32,4.75
SUPER_21,11330000,49,5,3,57,21,28,4.25
SUPER_21,11340000,49,1,2,52,25,24,2.6666667
SUPER_21,11350000,168,9,9,186,83,85,5.2222223
SUPER_21,11360000,3,0,0,3,0,3,NaN
SUPER_21,11370000,36,5,3,44,17,19,5
SUPER_21,11380000,0,0,0,0,0,0,0
SUPER_21,11390000,0,0,0,0,0,0,0
SUPER_21,11400000,62,5,4,71,29,33,2.8888888
SUPER_21,11410000,147,12,7,166,70,77,10.421053
SUPER_21,11420000,10,4,2,16,5,5,2
SUPER_21,11430000,92,6,6,104,50,42,3.8333333
SUPER_21,11440000,91,6,4,101,54,37,18.4
SUPER_21,11450000,96,4,6,106,46,50,9.2
SUPER_21,11460000,33,3,5,41,12,21,160.625
SUPER_21,11470000,117,11,3,131,56,61,3.357143
SUPER_21,11480000,2,0,0,2,1,1,NaN
SUPER_21,11490000,16,1,0,17,8,8,1
SUPER_21,11500000,38,7,7,52,19,19,20
SUPER_21,11510000,34,6,1,41,16,18,11.428572
SUPER_21,11520000,33,2,3,38,22,11,9.8
SUPER_21,11530000,2,0,0,2,1,1,NaN
SUPER_21,11540000,21,0,4,25,14,7,5.75
SUPER_21,11550000,15,4,1,20,10,5,1
SUPER_21,11560000,155,16,4,175,88,67,3.95
SUPER_21,11570000,95,8,4,107,54,41,30.166666
SUPER_21,11580000,114,6,6,126,55,59,6.0833335
SUPER_21,11590000,95,7,10,112,49,46,42.52941
SUPER_21,11600000,88,7,5,100,45,43,8
SUPER_21,11610000,57,7,9,73,33,24,6.8125
SUPER_21,11620000,47,4,6,57,23,24,24.6
SUPER_21,11630000,17,1,3,21,6,11,9.75
SUPER_21,11640000,5,0,0,5,0,5,NaN
SUPER_21,11650000,3,1,0,4,1,2,1
SUPER_21,11660000,0,3,0,3,0,0,6
SUPER_21,11670000,0,2,0,2,0,0,3.5
SUPER_21,11680000,1,0,0,1,1,0,NaN
SUPER_21,11690000,2,0,0,2,1,1,NaN
SUPER_21,11700000,2,0,0,2,2,0,NaN
SUPER_21,11710000,2,0,3,5,1,1,4
SUPER_21,11720000,1,0,0,1,0,1,NaN
SUPER_21,11730000,0,0,0,0,0,0,0
SUPER_21,11740000,0,0,0,0,0,0,0
SUPER_21,11750000,119,9,9,137,68,51,6.888889
SUPER_21,11760000,129,5,11,145,73,56,7.5625
SUPER_21,11770000,91,6,7,104,48,43,4.3076925
SUPER_21,11780000,192,7,13,212,98,94,11.95
SUPER_21,11790000,110,11,8,129,60,50,3.7894738
SUPER_21,11800000,141,9,8,158,75,66,6.9411764
SUPER_21,11810000,123,11,14,148,54,69,13.92
SUPER_21,11820000,149,10,9,168,74,75,10.789474
SUPER_21,11830000,211,16,15,242,115,96,5.387097
SUPER_21,11840000,91,8,7,106,46,45,13.333333
SUPER_21,11850000,236,14,9,259,114,122,7.7391305
SUPER_21,11860000,115,1,3,119,56,59,50.75
SUPER_21,11870000,1,0,0,1,0,1,NaN
SUPER_21,11880000,2,0,0,2,2,0,NaN
SUPER_21,11890000,1,1,0,2,1,0,1
SUPER_21,11900000,114,4,7,125,58,56,90.36364
SUPER_21,11910000,83,3,11,97,40,43,4.5
SUPER_21,11920000,125,9,11,145,66,59,7.35
SUPER_21,11930000,99,6,8,113,48,51,3.857143
SUPER_21,11940000,103,4,6,113,56,47,4.7
SUPER_21,11950000,98,4,6,108,53,45,16.2
SUPER_21,11960000,154,7,9,170,83,71,3.3125
SUPER_21,11970000,7,0,2,9,5,2,1
SUPER_21,11980000,28,1,2,31,11,17,20
SUPER_21,11990000,61,4,2,67,28,33,3.5
SUPER_21,12000000,184,11,13,208,90,94,6.625
SUPER_21,12010000,149,10,11,170,78,71,9
SUPER_21,12020000,166,14,10,190,87,79,6.2916665
SUPER_21,12030000,116,3,11,130,72,44,31.5
SUPER_21,12040000,0,0,0,0,0,0,0
SUPER_21,12050000,0,0,0,0,0,0,0
SUPER_21,12060000,1,0,1,2,1,0,2
SUPER_21,12070000,4,0,0,4,1,3,NaN
SUPER_21,12080000,4,0,0,4,3,1,NaN
SUPER_21,12090000,95,6,8,109,50,45,2.7857144
SUPER_21,12100000,78,8,8,94,44,34,3.25
SUPER_21,12110000,148,11,9,168,76,72,11.1
SUPER_21,12120000,14,1,2,17,8,6,29.333334
SUPER_21,12130000,3,1,0,4,2,1,1
SUPER_21,12140000,1,0,0,1,1,0,NaN
SUPER_21,12150000,1,0,1,2,0,1,8
SUPER_21,12160000,2,0,0,2,1,1,NaN
SUPER_21,12170000,0,0,0,0,0,0,0
SUPER_21,12180000,0,0,0,0,0,0,0
SUPER_21,12190000,57,3,4,64,37,20,25
SUPER_21,12200000,85,8,2,95,43,42,4.3
SUPER_21,12210000,5,0,1,6,4,1,1
SUPER_21,12220000,2,0,0,2,1,1,NaN
SUPER_21,12230000,101,4,4,109,49,52,2.5
SUPER_21,12240000,55,6,6,67,29,26,6.4166665
SUPER_21,12250000,114,9,8,131,76,38,18.411764
SUPER_21,12260000,76,5,3,84,41,35,3.375
SUPER_21,12270000,0,0,0,0,0,0,0
SUPER_21,12280000,0,0,0,0,0,0,0
SUPER_21,12290000,206,11,18,235,103,103,4.6551723
SUPER_21,12300000,64,3,3,70,31,33,5
SUPER_21,12310000,101,6,16,123,57,44,2.8181818
SUPER_21,12320000,58,3,4,65,35,23,5.857143
SUPER_21,12330000,0,0,0,0,0,0,0
SUPER_21,12340000,0,0,0,0,0,0,0
SUPER_21,12350000,0,0,0,0,0,0,0
SUPER_21,12360000,116,4,8,128,51,65,6
SUPER_21,12370000,29,3,5,37,22,7,9.875
SUPER_21,12380000,61,1,1,63,32,29,1.5
SUPER_21,12390000,63,1,6,70,30,33,7.285714
SUPER_21,12400000,71,4,6,81,37,34,11
SUPER_21,12410000,135,7,10,152,64,71,27.705883
SUPER_21,12420000,84,6,8,98,47,37,8.357142
SUPER_21,12430000,103,8,9,120,59,44,5.117647
SUPER_21,12440000,107,6,8,121,52,55,25.142857
SUPER_21,12450000,131,7,7,145,71,60,25.714285
SUPER_21,12460000,2,2,0,4,2,0,1
SUPER_21,12470000,1,0,0,1,1,0,NaN
SUPER_21,12480000,1,0,0,1,0,1,NaN
SUPER_21,12490000,2,0,0,2,1,1,NaN
SUPER_21,12500000,2,1,1,4,0,2,3.5
SUPER_21,12510000,93,12,6,111,49,44,8.111111
SUPER_21,12520000,84,7,6,97,47,37,5.4615383
SUPER_21,12530000,121,4,4,129,70,51,8.25
SUPER_21,12540000,82,6,7,95,43,39,3.9230769
SUPER_21,12550000,1,0,0,1,0,1,NaN
SUPER_21,12560000,0,1,0,1,0,0,2
SUPER_21,12570000,142,8,11,161,76,66,8.421053
SUPER_21,12580000,104,5,4,113,57,47,6.111111
SUPER_21,12590000,19,0,6,25,15,4,3
SUPER_21,12600000,30,1,0,31,14,16,1
SUPER_21,12610000,112,8,12,132,56,56,6.05
SUPER_21,12620000,98,8,7,113,55,43,2
SUPER_21,12630000,1,0,0,1,0,1,NaN
SUPER_21,12640000,0,0,0,0,0,0,0
SUPER_21,12650000,0,0,0,0,0,0,0
SUPER_21,12660000,0,0,0,0,0,0,0
SUPER_21,12670000,0,0,0,0,0,0,0
SUPER_21,12680000,10,0,2,12,5,5,1.5
SUPER_21,12690000,0,0,0,0,0,0,0
SUPER_21,12700000,0,0,0,0,0,0,0
SUPER_21,12710000,49,0,4,53,18,31,3
SUPER_21,12720000,24,2,1,27,10,14,7.3333335
SUPER_21,12730000,0,2,0,2,0,0,4
SUPER_21,12740000,42,6,1,49,24,18,16.571428
SUPER_21,12750000,55,2,6,63,31,24,3.875
SUPER_21,12760000,124,10,13,147,60,64,17.52174
SUPER_21,12770000,125,6,11,142,72,53,10.470589
SUPER_21,12780000,95,4,8,107,52,43,4.9166665
SUPER_21,12790000,62,6,5,73,36,26,4.818182
SUPER_21,12800000,141,13,8,162,69,72,4.8095236
SUPER_21,12810000,81,5,5,91,40,41,4.8
SUPER_21,12820000,61,3,8,72,33,28,7.3636365
SUPER_21,12830000,57,5,8,70,26,31,2.8461537
SUPER_21,12840000,151,14,11,176,69,82,5.96
SUPER_21,12850000,57,9,7,73,31,26,3
SUPER_21,12860000,83,6,7,96,40,43,3.8461537
SUPER_21,12870000,117,8,8,133,71,46,8.625
SUPER_21,12880000,119,11,11,141,56,63,9.590909
SUPER_21,12890000,71,5,4,80,40,31,4.111111
SUPER_21,12900000,141,14,8,163,73,68,7.2727275
SUPER_21,12910000,86,12,4,102,46,40,6.25
SUPER_21,12920000,173,7,14,194,87,86,25.904762
SUPER_21,12930000,105,5,7,117,56,49,4.0833335
SUPER_21,12940000,86,11,7,104,41,45,7.4444447
SUPER_21,12950000,124,11,12,147,63,61,4.0434785
SUPER_21,12960000,146,7,9,162,89,57,21.9375
SUPER_21,12970000,44,5,5,54,21,23,4.5
SUPER_21,12980000,96,5,12,113,48,48,3.5882354
SUPER_21,12990000,145,15,13,173,58,87,15.178572
SUPER_21,13000000,141,9,12,162,67,74,4.3809524
SUPER_21,13010000,158,13,17,188,82,76,4.3
SUPER_21,13020000,86,5,5,96,43,43,3.8
SUPER_21,13030000,35,3,6,44,20,15,2
SUPER_21,13040000,68,4,9,81,37,31,11.538462
SUPER_21,13050000,62,5,3,70,38,24,2.125
SUPER_21,13060000,0,0,0,0,0,0,0
SUPER_21,13070000,0,0,0,0,0,0,0
SUPER_21,13080000,65,4,8,77,32,33,6.75
SUPER_21,13090000,78,9,5,92,38,40,5.785714
SUPER_21,13100000,104,5,4,113,48,56,4.888889
SUPER_21,13110000,47,5,8,60,25,22,6.230769
SUPER_21,13120000,60,5,3,68,26,34,5.25
SUPER_21,13130000,6,3,0,9,5,1,2.6666667
SUPER_21,13140000,32,3,4,39,14,18,8.285714
SUPER_21,13150000,4,0,0,4,3,1,NaN
SUPER_21,13160000,2,1,0,3,1,1,2
SUPER_21,13170000,20,3,6,29,6,14,5.111111
SUPER_21,13180000,135,8,12,155,73,62,11.7
SUPER_21,13190000,38,2,3,43,20,18,3.4
SUPER_21,13200000,26,6,1,33,13,13,4.714286
SUPER_21,13210000,0,0,1,1,0,0,1
SUPER_21,13220000,1,1,0,2,1,0,2
SUPER_21,13230000,8,2,0,10,2,6,4
SUPER_21,13240000,55,2,2,59,26,29,38.75
SUPER_21,13250000,97,6,8,111,55,42,8.285714
SUPER_21,13260000,229,16,22,267,124,105,10.736842
SUPER_21,13270000,102,9,9,120,47,55,5.7222223
SUPER_21,13280000,162,4,10,176,80,82,11.071428
SUPER_21,13290000,68,2,6,76,33,35,3.875
SUPER_21,13300000,25,2,3,30,17,8,2.4
SUPER_21,13310000,131,11,11,153,60,71,7.2272725
SUPER_21,13320000,24,2,2,28,12,12,3
SUPER_21,13330000,131,7,12,150,71,60,5.0526314
SUPER_21,13340000,50,2,4,56,28,22,1.6666666
SUPER_21,13350000,5,0,0,5,2,3,NaN
SUPER_21,13360000,1,0,2,3,1,0,2
SUPER_21,13370000,7,0,0,7,2,5,NaN
SUPER_21,13380000,3,2,0,5,3,0,9.5
SUPER_21,13390000,1,1,0,2,1,0,1
SUPER_21,13400000,50,6,4,60,23,27,13.9
SUPER_21,13410000,23,3,1,27,14,9,4
SUPER_21,13420000,150,5,5,160,79,71,6.3
SUPER_21,13430000,122,11,9,142,59,63,4.7
SUPER_21,13440000,38,2,5,45,18,20,16.428572
SUPER_21,13450000,0,0,0,0,0,0,0
SUPER_21,13460000,0,0,0,0,0,0,0
SUPER_21,13470000,133,9,10,152,66,67,4.4736843
SUPER_21,13480000,136,8,13,157,79,57,17.190475
SUPER_21,13490000,171,13,10,194,76,95,30.130434
SUPER_21,13500000,135,7,13,155,67,68,10.3
SUPER_21,13510000,181,9,10,200,96,85,27.631578
SUPER_21,13520000,57,4,4,65,26,31,7.875
SUPER_21,13530000,120,6,12,138,66,54,6.7777777
SUPER_21,13540000,82,4,12,98,46,36,15.5625
SUPER_21,13550000,143,11,5,159,76,67,7.6875
SUPER_21,13560000,152,17,14,183,82,70,5.870968
SUPER_21,13570000,81,7,7,95,32,49,4.142857
SUPER_21,13580000,160,9,7,176,84,76,4.75
SUPER_21,13590000,33,3,3,39,19,14,11.5
SUPER_21,13600000,157,5,9,171,83,74,22.285715
SUPER_21,13610000,108,3,6,117,71,37,1.6666666
SUPER_21,13620000,2,0,0,2,1,1,NaN
SUPER_21,13630000,1,0,0,1,0,1,NaN
SUPER_21,13640000,2,1,0,3,0,2,12
SUPER_21,13650000,1,0,0,1,0,1,NaN
SUPER_21,13660000,76,7,3,86,31,45,11
SUPER_21,13670000,27,1,2,30,18,9,4
SUPER_21,13680000,57,6,6,69,30,27,25.666666
SUPER_21,13690000,2,0,0,2,1,1,NaN
SUPER_21,13700000,0,1,0,1,0,0,4
SUPER_21,13710000,146,7,10,163,77,69,3.4117646
SUPER_21,13720000,118,7,13,138,52,66,7.65
SUPER_21,13730000,107,5,13,125,55,52,13.222222
SUPER_21,13740000,121,8,10,139,60,61,20.38889
SUPER_21,13750000,258,18,20,296,121,137,5.894737
SUPER_21,13760000,100,9,12,121,60,40,5.714286
SUPER_21,13770000,101,7,8,116,53,48,10.4
SUPER_21,13780000,154,8,13,175,59,95,14.190476
SUPER_21,13790000,150,14,9,173,69,81,4
SUPER_21,13800000,103,4,8,115,57,46,9.166667
SUPER_21,13810000,61,3,9,73,31,30,3.6666667
SUPER_21,13820000,67,4,3,74,28,39,2.7142856
SUPER_21,13830000,49,4,7,60,25,24,9
SUPER_21,13840000,102,5,6,113,57,45,9.454545
SUPER_21,13850000,106,9,9,124,51,55,7.388889
SUPER_21,13860000,5,0,3,8,2,3,8.666667
SUPER_21,13870000,139,13,10,162,75,64,3.4782608
SUPER_21,13880000,167,8,18,193,78,89,15.384615
SUPER_21,13890000,119,4,9,132,61,58,4.5384617
SUPER_21,13900000,44,4,3,51,24,20,18.571428
SUPER_21,13910000,122,7,13,142,60,62,8.6
SUPER_21,13920000,138,7,7,152,71,67,6.285714
SUPER_21,13930000,14,1,0,15,10,4,1
SUPER_21,13940000,82,7,5,94,48,34,7.0833335
SUPER_21,13950000,64,5,6,75,29,35,7.2727275
SUPER_21,13960000,70,1,6,77,33,37,2.142857
SUPER_21,13970000,94,7,12,113,53,41,18.473684
SUPER_21,13980000,144,5,8,157,86,58,12.538462
SUPER_21,13990000,146,8,10,164,79,67,3.4444444
SUPER_21,14000000,19,3,0,22,6,13,1
SUPER_21,14010000,104,3,6,113,63,41,3
SUPER_21,14020000,5,0,1,6,3,2,2
SUPER_21,14030000,157,12,12,181,84,73,32.333332
SUPER_21,14040000,267,18,20,305,144,123,8.421053
SUPER_21,14050000,194,11,9,214,88,106,13.65
SUPER_21,14060000,64,3,6,73,34,30,5.3333335
SUPER_21,14070000,46,4,0,50,21,25,11.5
SUPER_21,14080000,5,0,0,5,1,4,NaN
SUPER_21,14090000,12,1,2,15,9,3,21.333334
SUPER_21,14100000,42,1,6,49,21,21,3.857143
SUPER_21,14110000,77,0,6,83,35,42,7
SUPER_21,14120000,169,12,14,195,87,82,17.653847
SUPER_21,14130000,23,4,2,29,12,11,6.5
SUPER_21,14140000,11,2,1,14,4,7,3.6666667
SUPER_21,14150000,2,1,0,3,1,1,4
SUPER_21,14160000,55,7,7,69,29,26,8.285714
SUPER_21,14170000,121,11,8,140,62,59,9
SUPER_21,14180000,114,5,5,124,65,49,3.9
SUPER_21,14190000,5,0,1,6,1,4,1
SUPER_21,14200000,83,6,4,93,44,39,3.1
SUPER_21,14210000,68,5,11,84,40,28,7.125
SUPER_21,14220000,116,10,14,140,62,54,5.625
SUPER_21,14230000,36,3,1,40,14,22,3.75
SUPER_21,14240000,99,6,7,112,53,46,16.384615
SUPER_21,14250000,1,1,2,4,1,0,7.3333335
SUPER_21,14260000,1,0,0,1,0,1,NaN
SUPER_21,14270000,33,1,2,36,15,18,5.3333335
SUPER_21,14280000,1,0,0,1,1,0,NaN
SUPER_21,14290000,44,0,4,48,19,25,6.25
SUPER_21,14300000,96,5,3,104,48,48,17.375
SUPER_21,14310000,100,9,3,112,54,46,2.6666667
SUPER_21,14320000,69,9,5,83,36,33,4.642857
SUPER_21,14330000,134,10,14,158,58,76,9.5
SUPER_21,14340000,24,2,1,27,12,12,4.6666665
SUPER_21,14350000,135,7,15,157,70,65,36.863636
SUPER_21,14360000,167,11,16,194,89,78,5.2222223
SUPER_21,14370000,178,15,11,204,97,81,7.1153846
SUPER_21,14380000,154,13,16,183,76,78,7.724138
SUPER_21,14390000,182,11,11,204,91,91,2.409091
SUPER_21,14400000,108,5,8,121,65,43,8.538462
SUPER_21,14410000,38,5,4,47,17,21,2.6666667
SUPER_21,14420000,1,0,0,1,0,1,NaN
SUPER_21,14430000,3,0,0,3,1,2,NaN
SUPER_21,14440000,1,0,2,3,1,0,2
SUPER_21,14450000,51,4,10,65,26,25,7.714286
SUPER_21,14460000,139,12,14,165,69,70,5.769231
SUPER_21,14470000,105,10,10,125,48,57,7.25
SUPER_21,14480000,110,10,14,134,48,62,6
SUPER_21,14490000,122,11,15,148,59,63,15.884615
SUPER_21,14500000,161,18,11,190,71,90,23.103449
SUPER_21,14510000,0,0,0,0,0,0,0
SUPER_21,14520000,0,0,0,0,0,0,0
SUPER_21,14530000,28,2,2,32,11,17,3.75
SUPER_21,14540000,60,4,2,66,35,25,5.3333335
SUPER_21,14550000,165,8,13,186,83,82,5.714286
SUPER_21,14560000,87,8,5,100,45,42,5.076923
SUPER_21,14570000,13,2,3,18,9,4,4
SUPER_21,14580000,4,0,0,4,3,1,NaN
SUPER_21,14590000,35,0,5,40,19,16,5
SUPER_21,14600000,2,0,1,3,0,2,30
SUPER_21,14610000,2,0,0,2,1,1,NaN
SUPER_21,14620000,5,0,0,5,3,2,NaN
SUPER_21,14630000,9,1,1,11,6,3,1.5
SUPER_21,14640000,108,13,14,135,58,50,27.37037
SUPER_21,14650000,135,9,6,150,70,65,4.6666665
SUPER_21,14660000,122,11,11,144,67,55,10.045455
SUPER_21,14670000,133,10,9,152,71,62,28.210526
SUPER_21,14680000,66,10,6,82,30,36,3.4375
SUPER_21,14690000,2,0,0,2,1,1,NaN
SUPER_21,14700000,62,2,4,68,39,23,6
SUPER_21,14710000,90,10,7,107,53,37,5.9411764
SUPER_21,14720000,78,3,3,84,45,33,4.6666665
SUPER_21,14730000,138,13,11,162,71,67,8.333333
SUPER_21,14740000,146,10,10,166,80,66,21.95
SUPER_21,14750000,92,8,11,111,42,50,8.526316
SUPER_21,14760000,31,2,4,37,19,12,7.6666665
SUPER_21,14770000,2,0,0,2,2,0,NaN
SUPER_21,14780000,28,2,3,33,14,14,1.6
SUPER_21,14790000,93,6,11,110,51,42,13.058824
SUPER_21,14800000,135,9,12,156,67,68,14.380953
SUPER_21,14810000,156,9,10,175,86,70,8.105263
SUPER_21,14820000,127,9,7,143,72,55,4.4375
SUPER_21,14830000,121,14,5,140,65,56,3.7368422
SUPER_21,14840000,106,11,11,128,45,61,3.6818182
SUPER_21,14850000,68,3,5,76,36,32,4.875
SUPER_21,14860000,17,0,2,19,9,8,5.5
SUPER_21,14870000,4,0,2,6,1,3,12.5
SUPER_21,14880000,40,3,1,44,21,19,1.75
SUPER_21,14890000,189,15,9,213,109,80,5.9583335
SUPER_21,14900000,141,6,11,158,80,61,20.352942
SUPER_21,14910000,0,0,0,0,0,0,0
SUPER_21,14920000,0,0,0,0,0,0,0
SUPER_21,14930000,100,9,10,119,46,54,3.4736843
SUPER_21,14940000,36,1,4,41,22,14,47.6
SUPER_21,14950000,175,15,10,200,93,82,5.2
SUPER_21,14960000,0,0,0,0,0,0,0
SUPER_21,14970000,0,0,0,0,0,0,0
SUPER_21,14980000,3,0,0,3,1,2,NaN
SUPER_21,14990000,3,0,0,3,2,1,NaN
SUPER_21,15000000,8,3,0,11,4,4,3.6666667
SUPER_21,15010000,23,0,2,25,15,8,13
SUPER_21,15020000,105,14,9,128,48,57,19.304348
SUPER_21,15030000,111,15,10,136,63,48,7.04
SUPER_21,15040000,53,4,5,62,20,33,9.888889
SUPER_21,15050000,4,1,0,5,2,2,1
SUPER_21,15060000,112,14,10,136,58,54,6.7083335
SUPER_21,15070000,135,10,16,161,60,75,6.0384617
SUPER_21,15080000,3,0,0,3,2,1,NaN
SUPER_21,15090000,20,3,3,26,10,10,8.833333
SUPER_21,15100000,58,8,8,74,30,28,13.0625
SUPER_21,15110000,142,10,9,161,71,71,19.631578
SUPER_21,15120000,0,0,0,0,0,0,0
SUPER_21,15130000,0,0,0,0,0,0,0
SUPER_21,15140000,204,16,5,225,104,100,11.428572
SUPER_21,15150000,67,4,7,78,41,26,6.6363635
SUPER_21,15160000,77,7,2,86,32,45,5.2222223
SUPER_21,15170000,55,5,5,65,31,24,6.6
SUPER_21,15180000,76,3,6,85,39,37,17
SUPER_21,15190000,7,0,2,9,3,4,1.5
SUPER_21,15200000,42,7,3,52,15,27,9.7
SUPER_21,15210000,26,2,2,30,8,18,1.5
SUPER_21,15220000,130,13,18,161,60,70,7.7419353
SUPER_21,15230000,4,0,0,4,2,2,NaN
SUPER_21,15240000,3,1,1,5,1,2,10
SUPER_21,15250000,11,1,1,13,5,6,1.5
SUPER_21,15260000,3,0,0,3,0,3,NaN
SUPER_21,15270000,2,0,2,4,0,2,4.5
SUPER_21,15280000,4,0,0,4,2,2,NaN
SUPER_21,15290000,57,3,7,67,31,26,4.2
SUPER_21,15300000,130,12,10,152,65,65,16.545454
SUPER_21,15310000,60,6,3,69,34,26,30.555555
SUPER_21,15320000,115,9,6,130,64,51,7.133333
SUPER_21,15330000,63,5,5,73,40,23,6.5
SUPER_21,15340000,137,13,12,162,66,71,7.04
SUPER_21,15350000,24,3,3,30,12,12,4.3333335
SUPER_21,15360000,82,3,10,95,40,42,7.3076925
SUPER_21,15370000,42,2,2,46,23,19,4.25
SUPER_21,15380000,49,6,1,56,21,28,1.7142857
SUPER_21,15390000,210,17,11,238,106,104,4.928571
SUPER_21,15400000,220,16,21,257,127,93,12.675675
SUPER_21,15410000,94,2,6,102,40,54,2.625
SUPER_21,15420000,26,3,2,31,15,11,3
SUPER_21,15430000,42,0,1,43,25,17,1
SUPER_21,15440000,130,22,11,163,64,66,5.6969695
SUPER_21,15450000,114,6,17,137,61,53,18.869566
SUPER_21,15460000,57,3,3,63,29,28,40.666668
SUPER_21,15470000,2,0,0,2,1,1,NaN
SUPER_21,15480000,49,3,3,55,21,28,9.166667
SUPER_21,15490000,226,15,10,251,116,110,9.64
SUPER_21,15500000,114,6,10,130,67,47,7.25
SUPER_21,15510000,118,9,8,135,65,53,7.352941
SUPER_21,15520000,23,0,3,26,12,11,3.3333333
SUPER_21,15530000,1,0,0,1,0,1,NaN
SUPER_21,15540000,10,2,0,12,5,5,23
SUPER_21,15550000,112,9,14,135,56,56,2.4347825
SUPER_21,15560000,100,5,16,121,57,43,6.952381
SUPER_21,15570000,95,6,9,110,60,35,10.8
SUPER_21,15580000,109,10,12,131,48,61,5.2727275
SUPER_21,15590000,152,14,11,177,77,75,5.56
SUPER_21,15600000,173,13,12,198,89,84,12.56
SUPER_21,15610000,138,14,23,175,64,74,25.45946
SUPER_21,15620000,73,3,8,84,41,32,4.909091
SUPER_21,15630000,67,4,4,75,38,29,1.5
SUPER_21,15640000,147,17,17,181,65,82,7.3235292
SUPER_21,15650000,97,7,10,114,37,60,4.7058825
SUPER_21,15660000,139,8,10,157,71,68,5.611111
SUPER_21,15670000,90,7,10,107,35,55,8.588235
SUPER_21,15680000,89,8,3,100,47,42,12.818182
SUPER_21,15690000,127,8,13,148,70,57,4.904762
SUPER_21,15700000,150,15,10,175,78,72,23.52
SUPER_21,15710000,114,11,10,135,59,55,21.47619
SUPER_21,15720000,25,6,3,34,11,14,9.111111
SUPER_21,15730000,2,0,0,2,1,1,NaN
SUPER_21,15740000,1,0,0,1,1,0,NaN
SUPER_21,15750000,0,0,0,0,0,0,0
SUPER_21,15760000,0,0,0,0,0,0,0
SUPER_21,15770000,4,1,0,5,2,2,3
SUPER_21,15780000,98,4,15,117,53,45,14.263158
SUPER_21,15790000,98,11,13,122,51,47,4.6666665
SUPER_21,15800000,114,7,11,132,69,45,6.1666665
SUPER_21,15810000,107,12,6,125,59,48,2.6111112
SUPER_21,15820000,151,11,11,173,74,77,7.409091
SUPER_21,15830000,2,1,0,3,1,1,3
SUPER_21,15840000,2,0,0,2,1,1,NaN
SUPER_21,15850000,115,13,5,133,59,56,9.111111
SUPER_21,15860000,118,18,10,146,55,63,5.607143
SUPER_21,15870000,72,8,8,88,35,37,4.8125
SUPER_21,15880000,70,13,7,90,40,30,3.95
SUPER_21,15890000,145,15,16,176,75,70,5.290323
SUPER_21,15900000,15,0,0,15,4,11,NaN
SUPER_21,15910000,107,15,14,136,49,58,5.275862
SUPER_21,15920000,102,10,6,118,52,50,4.5
SUPER_21,15930000,100,9,14,123,49,51,7.2173915
SUPER_21,15940000,67,4,6,77,33,34,2
SUPER_21,15950000,93,6,6,105,42,51,2.4166667
SUPER_21,15960000,56,8,3,67,24,32,3.6363637
SUPER_21,15970000,112,8,8,128,60,52,4.4375
SUPER_21,15980000,148,14,9,171,70,78,6.5652175
SUPER_21,15990000,98,5,6,109,50,48,3.6363637
SUPER_21,16000000,89,7,11,107,41,48,13.888889
SUPER_21,16010000,4,1,0,5,0,4,5
SUPER_21,16020000,3,1,0,4,3,0,50
SUPER_21,16030000,2,0,0,2,1,1,NaN
SUPER_21,16040000,33,1,2,36,20,13,5.6666665
SUPER_21,16050000,43,5,5,53,24,19,4.8
SUPER_21,16060000,141,11,10,162,65,76,16
SUPER_21,16070000,84,9,7,100,35,49,5.1875
SUPER_21,16080000,45,6,3,54,19,26,10.222222
SUPER_21,16090000,159,9,10,178,81,78,3.5789473
SUPER_21,16100000,59,5,5,69,34,25,5.5
SUPER_21,16110000,89,10,8,107,53,36,8.777778
SUPER_21,16120000,100,10,11,121,56,44,5.3333335
SUPER_21,16130000,93,1,6,100,53,40,16.857143
SUPER_21,16140000,163,11,9,183,73,90,8.85
SUPER_21,16150000,59,4,7,70,31,28,7.4545455
SUPER_21,16160000,172,8,15,195,85,87,4.9130435
SUPER_21,16170000,122,9,10,141,50,72,5.9473686
SUPER_21,16180000,5,0,1,6,2,3,3
SUPER_21,16190000,39,3,2,44,17,22,4.6
SUPER_21,16200000,0,1,0,1,0,0,1
SUPER_21,16210000,0,0,0,0,0,0,0
SUPER_21,16220000,0,0,0,0,0,0,0
SUPER_21,16230000,8,1,0,9,5,3,8
SUPER_21,16240000,40,4,2,46,16,24,1.8333334
SUPER_21,16250000,160,13,16,189,83,77,5.9310346
SUPER_21,16260000,123,4,8,135,62,61,13.5
SUPER_21,16270000,78,10,5,93,48,30,5.866667
SUPER_21,16280000,111,6,13,130,52,59,8.789474
SUPER_21,16290000,1,0,0,1,0,1,NaN
SUPER_21,16300000,0,0,0,0,0,0,0
SUPER_21,16310000,0,0,0,0,0,0,0
SUPER_21,16320000,0,0,0,0,0,0,0
SUPER_21,16330000,7,0,0,7,3,4,NaN
SUPER_21,16340000,4,0,1,5,1,3,8
SUPER_21,16350000,3,1,0,4,3,0,64
SUPER_21,16360000,1,0,0,1,1,0,NaN
SUPER_21,16370000,4,0,1,5,2,2,2
SUPER_21,16380000,4,1,1,6,1,3,1
SUPER_21,16390000,3,0,1,4,2,1,9
SUPER_21,16400000,5,0,2,7,2,3,19
SUPER_21,16410000,9,2,0,11,7,2,1
SUPER_21,16420000,1,0,0,1,0,1,NaN
SUPER_21,16430000,60,2,8,70,32,28,2.4
SUPER_21,16440000,106,4,6,116,50,56,2.3
SUPER_21,16450000,112,9,8,129,69,43,5.117647
SUPER_21,16460000,27,0,4,31,16,11,9.75
SUPER_21,16470000,98,2,4,104,43,55,2.3333333
SUPER_21,16480000,63,4,4,71,31,32,7.5
SUPER_21,16490000,145,10,8,163,78,67,15.555555
SUPER_21,16500000,52,2,3,57,23,29,2.6
SUPER_21,16510000,0,0,0,0,0,0,0
SUPER_21,16520000,0,0,0,0,0,0,0
SUPER_21,16530000,0,0,0,0,0,0,0
SUPER_21,16540000,153,10,8,171,76,77,18.166666
SUPER_21,16550000,102,3,3,108,66,36,6.1666665
SUPER_21,16560000,137,10,13,160,70,67,4.347826
SUPER_21,16570000,75,4,5,84,53,22,4.2222223
SUPER_21,16580000,27,2,4,33,14,13,12.166667
SUPER_21,16590000,165,13,11,189,85,80,3.5
SUPER_21,16600000,67,6,5,78,41,26,18
SUPER_21,16610000,154,10,11,175,77,77,3.6190476
SUPER_21,16620000,141,4,9,154,68,73,5.3846154
SUPER_21,16630000,85,0,6,91,50,35,7.5
SUPER_21,16640000,12,0,0,12,6,6,NaN
SUPER_21,16650000,3,0,0,3,2,1,NaN
SUPER_21,16660000,2,0,0,2,0,2,NaN
SUPER_21,16670000,65,3,3,71,30,35,5
SUPER_21,16680000,24,3,3,30,11,13,4.8333335
SUPER_21,16690000,3,0,0,3,1,2,NaN
SUPER_21,16700000,3,0,1,4,1,2,10
SUPER_21,16710000,4,0,0,4,4,0,NaN
SUPER_21,16720000,23,1,1,25,11,12,5
SUPER_21,16730000,142,10,12,164,83,59,11.909091
SUPER_21,16740000,22,4,2,28,8,14,3.5
SUPER_21,16750000,45,2,3,50,19,26,12.6
SUPER_21,16760000,48,3,3,54,24,24,7
SUPER_21,16770000,116,7,3,126,51,65,4.1
SUPER_21,16780000,153,5,18,176,76,77,5.0434785
SUPER_21,16790000,22,1,3,26,15,7,1.5
SUPER_21,16800000,40,3,1,44,19,21,4
SUPER_21,16810000,4,0,1,5,4,0,8
SUPER_21,16820000,20,2,4,26,8,12,9.5
SUPER_21,16830000,71,8,9,88,36,35,6.647059
SUPER_21,16840000,73,2,7,82,29,44,3.8888888
SUPER_21,16850000,51,2,3,56,26,25,2.8
SUPER_21,16860000,58,5,5,68,26,32,10.2
SUPER_21,16870000,127,4,7,138,51,76,20.90909
SUPER_21,16880000,63,4,6,73,32,31,32.3
SUPER_21,16890000,126,15,5,146,70,56,5.3
SUPER_21,16900000,103,7,7,117,52,51,2.642857
SUPER_21,16910000,161,12,9,182,82,79,10.952381
SUPER_21,16920000,141,9,15,165,68,73,13.583333
SUPER_21,16930000,157,10,11,178,76,81,8.333333
SUPER_21,16940000,84,6,9,99,50,34,5.266667
SUPER_21,16950000,149,14,12,175,78,71,10.538462
SUPER_21,16960000,91,6,10,107,40,51,7.3125
SUPER_21,16970000,47,5,5,57,20,27,17.4
SUPER_21,16980000,8,0,0,8,6,2,NaN
SUPER_21,16990000,2,0,0,2,1,1,NaN
SUPER_21,17000000,2,0,1,3,0,2,1
SUPER_21,17010000,3,0,0,3,0,3,NaN
SUPER_21,17020000,55,3,3,61,25,30,3.8333333
SUPER_21,17030000,27,1,1,29,13,14,1
SUPER_21,17040000,6,1,0,7,3,3,1
SUPER_21,17050000,3,0,0,3,2,1,NaN
SUPER_21,17060000,79,4,3,86,36,43,7.428571
SUPER_21,17070000,160,13,13,186,71,89,5.923077
SUPER_21,17080000,6,0,0,6,5,1,NaN
SUPER_21,17090000,1,0,1,2,1,0,1
SUPER_21,17100000,13,0,1,14,13,0,33
SUPER_21,17110000,88,2,3,93,49,39,5.4
SUPER_21,17120000,152,16,6,174,74,78,11.772727
SUPER_21,17130000,98,3,6,107,40,58,13.444445
SUPER_21,17140000,117,9,6,132,61,56,3.6666667
SUPER_21,17150000,176,24,14,214,96,80,9.789474
SUPER_21,17160000,9,2,4,15,9,0,107.166664
SUPER_21,17170000,14,1,2,17,7,7,1
SUPER_21,17180000,11,3,2,16,5,6,1.2
SUPER_21,17190000,6,0,2,8,3,3,4.5
SUPER_21,17200000,4,2,1,7,3,1,6.3333335
SUPER_21,17210000,159,11,6,176,83,76,7.4117646
SUPER_21,17220000,196,13,10,219,105,91,3.652174
SUPER_21,17230000,154,8,13,175,84,70,3.952381
SUPER_21,17240000,116,7,9,132,72,44,9
SUPER_21,17250000,113,11,7,131,51,62,6.3333335
SUPER_21,17260000,21,4,6,31,6,15,4.8
SUPER_21,17270000,57,8,5,70,32,25,6.230769
SUPER_21,17280000,54,6,4,64,32,22,6.2
SUPER_21,17290000,155,8,10,173,81,74,5.7777777
SUPER_21,17300000,130,6,12,148,75,55,7.8333335
SUPER_21,17310000,165,15,8,188,77,88,12.173913
SUPER_21,17320000,30,2,3,35,14,16,9.2
SUPER_21,17330000,4,1,1,6,2,2,11.5
SUPER_21,17340000,55,3,4,62,25,30,10
SUPER_21,17350000,100,6,6,112,55,45,4.8333335
SUPER_21,17360000,157,17,11,185,80,77,5.035714
SUPER_21,17370000,162,11,14,187,86,76,24.24
SUPER_21,17380000,110,10,7,127,46,64,19.058823
SUPER_21,17390000,53,5,3,61,31,22,13.125
SUPER_21,17400000,1,0,0,1,1,0,NaN
SUPER_21,17410000,1,0,1,2,1,0,1
SUPER_21,17420000,29,2,3,34,16,13,15.6
SUPER_21,17430000,90,6,7,103,43,47,5.4615383
SUPER_21,17440000,2,0,0,2,1,1,NaN
SUPER_21,17450000,28,3,2,33,15,13,7.4
SUPER_21,17460000,136,13,10,159,73,63,10
SUPER_21,17470000,8,1,2,11,3,5,1.3333334
SUPER_21,17480000,78,10,6,94,38,40,8.875
SUPER_21,17490000,95,9,7,111,50,45,5.625
SUPER_21,17500000,145,5,12,162,72,73,30.17647
SUPER_21,17510000,6,2,1,9,5,1,8.333333
SUPER_21,17520000,36,1,4,41,15,21,12.8
SUPER_21,17530000,206,15,16,237,104,102,7.580645
SUPER_21,17540000,154,9,13,176,71,83,4.5454545
SUPER_21,17550000,198,15,17,230,101,97,20.46875
SUPER_21,17560000,49,6,4,59,22,27,2.2
SUPER_21,17570000,78,7,12,97,42,36,8.631579
SUPER_21,17580000,43,7,4,54,24,19,4.2727275
SUPER_21,17590000,19,2,0,21,9,10,3
SUPER_21,17600000,128,16,6,150,68,60,10.863636
SUPER_21,17610000,91,9,7,107,51,40,3
SUPER_21,17620000,137,8,9,154,69,68,8.705882
SUPER_21,17630000,136,13,19,168,69,67,6.8125
SUPER_21,17640000,68,6,1,75,39,29,3.2857144
SUPER_21,17650000,94,5,7,106,57,37,3.0833333
SUPER_21,17660000,81,7,4,92,39,42,8
SUPER_21,17670000,168,8,16,192,88,80,10.25
SUPER_21,17680000,125,17,14,156,61,64,5.129032
SUPER_21,17690000,127,8,6,141,72,55,8.642858
SUPER_21,17700000,162,13,7,182,83,79,4.9
SUPER_21,17710000,157,13,12,182,85,72,36.04
SUPER_21,17720000,157,6,9,172,76,81,3.6666667
SUPER_21,17730000,46,2,1,49,22,24,14
SUPER_21,17740000,18,1,0,19,11,7,1
SUPER_21,17750000,129,16,8,153,54,75,4.7916665
SUPER_21,17760000,161,5,14,180,81,80,4.105263
SUPER_21,17770000,180,8,15,203,99,81,7.5652175
SUPER_21,17780000,146,13,11,170,76,70,2.5833333
SUPER_21,17790000,137,12,6,155,77,60,6.5
SUPER_21,17800000,0,0,0,0,0,0,0
SUPER_21,17810000,0,0,0,0,0,0,0
SUPER_21,17820000,0,0,0,0,0,0,0
SUPER_21,17830000,0,0,0,0,0,0,0
SUPER_21,17840000,264,18,12,294,118,146,7.1
SUPER_21,17850000,1,0,0,1,0,1,NaN
SUPER_21,17860000,4,1,0,5,2,2,2
SUPER_21,17870000,0,0,0,0,0,0,0
SUPER_21,17880000,0,0,0,0,0,0,0
SUPER_21,17890000,4,0,0,4,2,2,NaN
SUPER_21,17900000,1,1,0,2,1,0,9
SUPER_21,17910000,19,1,1,21,8,11,1.5
SUPER_21,17920000,55,1,3,59,32,23,5.25
SUPER_21,17930000,206,10,10,226,106,100,6.7
SUPER_21,17940000,158,13,18,189,74,84,10.67742
SUPER_21,17950000,134,10,18,162,50,84,8.607142
SUPER_21,17960000,127,11,6,144,63,64,6
SUPER_21,17970000,163,8,11,182,93,70,9.894737
SUPER_21,17980000,74,6,5,85,38,36,11.818182
SUPER_21,17990000,62,6,6,74,27,35,5.9166665
SUPER_21,18000000,43,5,4,52,22,21,7.5555553
SUPER_21,18010000,1,1,0,2,1,0,2
SUPER_21,18020000,1,0,0,1,1,0,NaN
SUPER_21,18030000,78,7,7,92,35,43,4.071429
SUPER_21,18040000,82,6,10,98,44,38,6.3125
SUPER_21,18050000,97,9,4,110,46,51,3.6923077
SUPER_21,18060000,90,6,8,104,53,37,3.7142856
SUPER_21,18070000,34,2,2,38,16,18,1.75
SUPER_21,18080000,81,3,8,92,41,40,10.636364
SUPER_21,18090000,43,3,5,51,25,18,11.25
SUPER_21,18100000,71,6,4,81,31,40,4.8
SUPER_21,18110000,62,5,5,72,38,24,6.5
SUPER_21,18120000,16,3,1,20,8,8,3.25
SUPER_21,18130000,59,5,4,68,28,31,10.555555
SUPER_21,18140000,88,11,6,105,40,48,13.6470585
SUPER_21,18150000,72,6,6,84,35,37,10.833333
SUPER_21,18160000,18,2,1,21,9,9,2.3333333
SUPER_21,18170000,141,12,11,164,73,68,27.913044
SUPER_21,18180000,65,2,3,70,32,33,8.2
SUPER_21,18190000,3,0,0,3,0,3,NaN
SUPER_21,18200000,6,4,0,10,3,3,1.25
SUPER_21,18210000,128,9,8,145,56,72,6.0588236
SUPER_21,18220000,72,6,2,80,36,36,4
SUPER_21,18230000,105,8,9,122,57,48,3.764706
SUPER_21,18240000,207,16,15,238,116,91,13.16129
SUPER_21,18250000,127,12,13,152,69,58,9.16
SUPER_21,18260000,76,3,4,83,33,43,9
SUPER_21,18270000,0,0,0,0,0,0,0
SUPER_21,18280000,0,0,0,0,0,0,0
SUPER_21,18290000,94,2,7,103,62,32,8.444445
SUPER_21,18300000,221,13,15,249,123,98,7.857143
SUPER_21,18310000,104,9,10,123,51,53,5.9473686
SUPER_21,18320000,129,5,12,146,71,58,10.823529
SUPER_21,18330000,119,8,10,137,49,70,4.2222223
SUPER_21,18340000,117,5,10,132,52,65,64.13333
SUPER_21,18350000,87,11,8,106,45,42,13.947369
SUPER_21,18360000,136,10,13,159,66,70,7.2608695
SUPER_21,18370000,130,10,3,143,83,47,5.4615383
SUPER_21,18380000,132,9,7,148,60,72,5.375
SUPER_21,18390000,138,11,12,161,81,57,4.347826
SUPER_21,18400000,116,18,12,146,48,68,20.566668
SUPER_21,18410000,119,14,5,138,63,56,3.9473684
SUPER_21,18420000,0,0,0,0,0,0,0
SUPER_21,18430000,0,0,0,0,0,0,0
SUPER_21,18440000,88,7,13,108,43,45,6.35
SUPER_21,18450000,5,1,0,6,4,1,1
SUPER_21,18460000,5,0,0,5,3,2,NaN
SUPER_21,18470000,26,0,4,30,10,16,6
SUPER_21,18480000,115,8,2,125,67,48,9.1
SUPER_21,18490000,137,13,14,164,77,60,5.037037
SUPER_21,18500000,127,5,6,138,65,62,8.090909
SUPER_21,18510000,61,7,3,71,33,28,5.6
SUPER_21,18520000,97,13,5,115,55,42,4.0555553
SUPER_21,18530000,43,8,4,55,29,14,7.5833335
SUPER_21,18540000,19,2,2,23,5,14,2
SUPER_21,18550000,26,2,4,32,14,12,3.3333333
SUPER_21,18560000,2,2,0,4,1,1,5
SUPER_21,18570000,3,0,1,4,1,2,2
SUPER_21,18580000,0,0,0,0,0,0,0
SUPER_21,18590000,0,0,0,0,0,0,0
SUPER_21,18600000,0,0,0,0,0,0,0
SUPER_21,18610000,30,1,0,31,16,14,33
SUPER_21,18620000,47,5,8,60,20,27,26.23077
SUPER_21,18630000,82,0,4,86,40,42,5.75
SUPER_21,18640000,125,7,10,142,53,72,5.2941175
SUPER_21,18650000,27,3,1,31,17,10,3.25
SUPER_21,18660000,101,5,6,112,50,51,9.727273
SUPER_21,18670000,67,6,5,78,25,42,6.181818
SUPER_21,18680000,11,0,4,15,6,5,4.25
SUPER_21,18690000,2,1,6,9,2,0,1.8571428
SUPER_21,18700000,10,0,1,11,8,2,1
SUPER_21,18710000,102,16,13,131,50,52,24.137932
SUPER_21,18720000,75,10,7,92,38,37,9.117647
SUPER_21,18730000,16,1,2,19,4,12,1.6666666
SUPER_21,18740000,50,3,4,57,22,28,3.4285715
SUPER_21,18750000,56,6,7,69,30,26,7.3076925
SUPER_21,18760000,104,6,6,116,59,45,6
SUPER_21,18770000,121,6,11,138,73,48,5.2941175
SUPER_21,18780000,173,10,16,199,89,84,6.423077
SUPER_21,18790000,137,8,13,158,73,64,20.285715
SUPER_21,18800000,33,3,1,37,11,22,4.75
SUPER_21,18810000,128,15,9,152,63,65,7.7916665
SUPER_21,18820000,138,6,17,161,71,67,14.782609
SUPER_21,18830000,214,12,18,244,104,110,18.9
SUPER_21,18840000,41,5,4,50,15,26,5.2222223
SUPER_21,18850000,7,0,1,8,5,2,3
SUPER_21,18860000,1,0,1,2,0,1,14
SUPER_21,18870000,0,0,0,0,0,0,0
SUPER_21,18880000,0,0,0,0,0,0,0
SUPER_21,18890000,52,1,11,64,23,29,4.1666665
SUPER_21,18900000,28,4,1,33,12,16,3
SUPER_21,18910000,169,15,11,195,93,76,10.384615
SUPER_21,18920000,137,9,18,164,66,71,6.185185
SUPER_21,18930000,156,12,7,175,64,92,15.368421
SUPER_21,18940000,67,6,7,80,34,33,22.461538
SUPER_21,18950000,33,2,4,39,14,19,10
SUPER_21,18960000,99,5,13,117,55,44,4.5555553
SUPER_21,18970000,119,10,5,134,53,66,6
SUPER_21,18980000,105,10,11,126,60,45,12.571428
SUPER_21,18990000,117,4,10,131,50,67,2.857143
SUPER_21,19000000,83,5,12,100,38,45,13.176471
SUPER_21,19010000,138,5,18,161,81,57,5.869565
SUPER_21,19020000,0,0,0,0,0,0,0
SUPER_21,19030000,0,0,0,0,0,0,0
SUPER_21,19040000,119,6,8,133,65,54,7.428571
SUPER_21,19050000,2,0,0,2,1,1,NaN
SUPER_21,19060000,2,0,0,2,1,1,NaN
SUPER_21,19070000,0,0,0,0,0,0,0
SUPER_21,19080000,0,0,0,0,0,0,0
SUPER_21,19090000,5,1,2,8,4,1,1.6666666
SUPER_21,19100000,2,0,0,2,1,1,NaN
SUPER_21,19110000,3,0,0,3,1,2,NaN
SUPER_21,19120000,158,14,13,185,73,85,11.851851
SUPER_21,19130000,55,3,4,62,28,27,7.857143
SUPER_21,19140000,0,0,0,0,0,0,0
SUPER_21,19150000,0,0,0,0,0,0,0
SUPER_21,19160000,26,0,1,27,11,15,1
SUPER_21,19170000,18,2,1,21,6,12,12.666667
SUPER_21,19180000,6,1,0,7,4,2,1
SUPER_21,19190000,33,0,9,42,23,10,6
SUPER_21,19200000,145,6,8,159,88,57,7.285714
SUPER_21,19210000,112,9,13,134,48,64,12.454545
SUPER_21,19220000,156,9,6,171,88,68,7.0666666
SUPER_21,19230000,189,15,10,214,94,95,3.68
SUPER_21,19240000,7,1,2,10,2,5,3.6666667
SUPER_21,19250000,81,9,7,97,48,33,6.375
SUPER_21,19260000,140,15,9,164,56,84,6.6666665
SUPER_21,19270000,32,0,3,35,15,17,14.333333
SUPER_21,19280000,105,5,10,120,60,45,9.4
SUPER_21,19290000,11,1,0,12,9,2,1
SUPER_21,19300000,79,5,5,89,43,36,4.9
SUPER_21,19310000,94,9,6,109,56,38,6.5333333
SUPER_21,19320000,28,2,6,36,13,15,2
SUPER_21,19330000,79,5,5,89,36,43,9.1
SUPER_21,19340000,105,6,14,125,51,54,4.9
SUPER_21,19350000,112,10,5,127,51,61,5.2
SUPER_21,19360000,115,8,9,132,58,57,5.352941
SUPER_21,19370000,207,10,17,234,100,107,4.851852
SUPER_21,19380000,104,9,7,120,62,42,12.5625
SUPER_21,19390000,10,1,0,11,6,4,2
SUPER_21,19400000,7,0,1,8,1,6,22
SUPER_21,19410000,0,0,0,0,0,0,0
SUPER_21,19420000,0,0,0,0,0,0,0
SUPER_21,19430000,195,11,15,221,101,94,9.653846
SUPER_21,19440000,0,1,0,1,0,0,2
SUPER_21,19450000,76,6,4,86,42,34,10.6
SUPER_21,19460000,156,15,17,188,79,77,4.6875
SUPER_21,19470000,113,19,4,136,58,55,6
SUPER_21,19480000,108,10,13,131,60,48,15.695652
SUPER_21,19490000,95,6,7,108,51,44,34.692307
SUPER_21,19500000,67,5,5,77,25,42,21.1
SUPER_21,19510000,130,11,5,146,75,55,12.1875
SUPER_21,19520000,110,7,4,121,65,45,5.3636365
SUPER_21,19530000,73,7,7,87,42,31,4.071429
SUPER_21,19540000,54,7,3,64,25,29,8.3
SUPER_21,19550000,88,7,6,101,48,40,3.9230769
SUPER_21,19560000,0,0,0,0,0,0,0
SUPER_21,19570000,0,0,0,0,0,0,0
SUPER_21,19580000,165,9,13,187,85,80,15.590909
SUPER_21,19590000,128,8,11,147,67,61,5.1578946
SUPER_21,19600000,131,7,11,149,61,70,5.611111
SUPER_21,19610000,134,6,10,150,62,72,3.5
SUPER_21,19620000,72,6,4,82,43,29,5.8
SUPER_21,19630000,125,7,13,145,67,58,19.4
SUPER_21,19640000,5,0,2,7,3,2,2.5
SUPER_21,19650000,59,3,3,65,32,27,7.8333335
SUPER_21,19660000,90,7,11,108,48,42,10.611111
SUPER_21,19670000,104,8,5,117,53,51,4.923077
SUPER_21,19680000,134,11,10,155,71,63,4.6190476
SUPER_21,19690000,90,4,10,104,42,48,9.214286
SUPER_21,19700000,145,12,11,168,79,66,5.130435
SUPER_21,19710000,73,4,7,84,34,39,19.272728
SUPER_21,19720000,131,6,12,149,65,66,12.777778
SUPER_21,19730000,162,11,14,187,87,75,32.08
SUPER_21,19740000,104,5,9,118,57,47,5.5
SUPER_21,19750000,45,2,3,50,19,26,2.8
SUPER_21,19760000,158,14,6,178,88,70,5.5
SUPER_21,19770000,30,2,1,33,11,19,44.333332
SUPER_21,19780000,18,2,3,23,11,7,2.6
SUPER_21,19790000,133,12,7,152,64,69,3.368421
SUPER_21,19800000,140,2,11,153,68,72,13.461538
SUPER_21,19810000,79,7,7,93,37,42,3.4285715
SUPER_21,19820000,37,3,6,46,22,15,3.3333333
SUPER_21,19830000,67,6,7,80,40,27,22.384615
SUPER_21,19840000,97,13,5,115,54,43,7.5555553
SUPER_21,19850000,128,11,7,146,70,58,8.166667
SUPER_21,19860000,48,3,3,54,27,21,2.5
SUPER_21,19870000,153,12,11,176,73,80,7.7826085
SUPER_21,19880000,122,7,8,137,63,59,3.6666667
SUPER_21,19890000,185,16,23,224,97,88,6.4358974
SUPER_21,19900000,0,0,0,0,0,0,0
SUPER_21,19910000,0,0,0,0,0,0,0
SUPER_21,19920000,205,17,11,233,110,95,7.642857
SUPER_21,19930000,103,8,3,114,68,35,5
SUPER_21,19940000,23,2,6,31,8,15,15.375
SUPER_21,19950000,6,0,0,6,1,5,NaN
SUPER_21,19960000,2,2,0,4,0,2,5
SUPER_21,19970000,4,0,1,5,3,1,2
SUPER_21,19980000,3,0,1,4,0,3,1
SUPER_21,19990000,51,2,2,55,26,25,7.5
SUPER_21,20000000,95,7,7,109,48,47,18.071428
SUPER_21,20010000,99,4,3,106,53,46,4
SUPER_21,20020000,103,10,7,120,49,54,2.4705882
SUPER_21,20030000,105,3,3,111,49,56,1.3333334
SUPER_21,20040000,105,7,9,121,59,46,4.5625
SUPER_21,20050000,158,4,13,175,89,69,35.52941
SUPER_21,20060000,92,7,4,103,40,52,17.181818
SUPER_21,20070000,224,18,15,257,117,107,8.151515
SUPER_21,20080000,23,0,4,27,14,9,3.5
SUPER_21,20090000,0,0,0,0,0,0,0
SUPER_21,20100000,0,0,0,0,0,0,0
SUPER_21,20110000,201,6,14,221,109,92,17
SUPER_21,20120000,72,4,7,83,33,39,4.909091
SUPER_21,20130000,140,14,16,170,67,73,10.7
SUPER_21,20140000,191,8,14,213,99,92,16.59091
SUPER_21,20150000,111,5,5,121,60,51,66.1
SUPER_21,20160000,54,2,4,60,30,24,3
SUPER_21,20170000,136,3,8,147,80,56,5.181818
SUPER_21,20180000,190,3,12,205,101,89,38.866665
SUPER_21,20190000,33,2,3,38,21,12,7.4
SUPER_21,20200000,11,0,0,11,7,4,NaN
SUPER_21,20210000,3,0,1,4,1,2,3
SUPER_21,20220000,1,0,0,1,1,0,NaN
SUPER_21,20230000,2,0,0,2,2,0,NaN
SUPER_21,20240000,2,0,0,2,1,1,NaN
SUPER_21,20250000,4,0,0,4,0,4,NaN
SUPER_21,20260000,1,0,0,1,0,1,NaN
SUPER_21,20270000,1,0,0,1,1,0,NaN
SUPER_21,20280000,19,2,4,25,12,7,2.8333333
SUPER_21,20290000,134,9,10,153,74,60,7.9473686
SUPER_21,20300000,172,10,14,196,89,83,18.833334
SUPER_21,20310000,106,7,12,125,56,50,8.105263
SUPER_21,20320000,92,9,6,107,48,44,3.2666667
SUPER_21,20330000,74,6,4,84,39,35,1.8
SUPER_21,20340000,90,6,5,101,53,37,6.6363635
SUPER_21,20350000,128,13,11,152,55,73,6.5
SUPER_21,20360000,75,6,1,82,38,37,3.5714285
SUPER_21,20370000,6,2,0,8,4,2,1
SUPER_21,20380000,3,0,0,3,1,2,NaN
SUPER_21,20390000,80,7,5,92,38,42,13.916667
SUPER_21,20400000,155,11,11,177,81,74,4.5454545
SUPER_21,20410000,81,9,2,92,41,40,11.545455
SUPER_21,20420000,64,2,2,68,36,28,5.25
SUPER_21,20430000,63,4,3,70,29,34,9.857142
SUPER_21,20440000,143,11,11,165,71,72,7.909091
SUPER_21,20450000,154,5,11,170,78,76,61.1875
SUPER_21,20460000,36,3,1,40,16,20,2.75
SUPER_21,20470000,92,7,14,113,38,54,8.190476
SUPER_21,20480000,140,18,3,161,71,69,12.476191
SUPER_21,20490000,114,10,7,131,67,47,13.117647
SUPER_21,20500000,97,8,13,118,52,45,7.047619
SUPER_21,20510000,190,20,9,219,100,90,4.551724
SUPER_21,20520000,181,9,10,200,101,80,6.0526314
SUPER_21,20530000,142,15,7,164,77,65,11.636364
SUPER_21,20540000,68,4,5,77,24,44,8.888889
SUPER_21,20550000,128,9,9,146,63,65,11.333333
SUPER_21,20560000,138,15,9,162,63,75,11.041667
SUPER_21,20570000,81,5,6,92,41,40,4.4545455
SUPER_21,20580000,13,2,1,16,10,3,1.3333334
SUPER_21,20590000,19,3,0,22,9,10,1
SUPER_21,20600000,72,3,6,81,34,38,12.333333
SUPER_21,20610000,101,10,15,126,37,64,2.2
SUPER_21,20620000,118,14,11,143,52,66,8
SUPER_21,20630000,152,10,8,170,93,59,4.4444447
SUPER_21,20640000,28,1,3,32,14,14,23.25
SUPER_21,20650000,83,7,12,102,37,46,2.4210527
SUPER_21,20660000,151,16,9,176,83,68,3.24
SUPER_21,20670000,164,12,5,181,80,84,10
SUPER_21,20680000,113,8,4,125,61,52,2.8333333
SUPER_21,20690000,59,4,7,70,35,24,6.4545455
SUPER_21,20700000,77,4,8,89,42,35,4
SUPER_21,20710000,133,8,6,147,72,61,5.642857
SUPER_21,20720000,25,5,3,33,10,15,17.375
SUPER_21,20730000,27,2,1,30,14,13,7.6666665
SUPER_21,20740000,112,10,8,130,55,57,5.4444447
SUPER_21,20750000,84,9,11,104,35,49,7.6
SUPER_21,20760000,105,8,6,119,49,56,4.214286
SUPER_21,20770000,0,0,2,2,0,0,7
SUPER_21,20780000,93,8,9,110,47,46,14.529411
SUPER_21,20790000,107,9,12,128,50,57,5.047619
SUPER_21,20800000,114,11,7,132,55,59,4.888889
SUPER_21,20810000,129,6,8,143,72,57,8.142858
SUPER_21,20820000,131,13,13,157,72,59,8.269231
SUPER_21,20830000,79,8,4,91,42,37,1.5833334
SUPER_21,20840000,142,16,15,173,78,64,16.225807
SUPER_21,20850000,149,11,8,168,78,71,5.105263
SUPER_21,20860000,139,9,9,157,66,73,75.166664
SUPER_21,20870000,32,1,9,42,15,17,2.4
SUPER_21,20880000,95,7,9,111,53,42,8.125
SUPER_21,20890000,45,5,4,54,30,15,8.888889
SUPER_21,20900000,33,2,5,40,22,11,64.71429
SUPER_21,20910000,0,0,1,1,0,0,1
SUPER_21,20920000,0,0,0,0,0,0,0
SUPER_21,20930000,0,0,0,0,0,0,0
SUPER_21,20940000,0,0,0,0,0,0,0
SUPER_21,20950000,0,0,0,0,0,0,0
SUPER_21,20960000,4,1,0,5,2,2,11
SUPER_21,20970000,1,0,0,1,1,0,NaN
SUPER_21,20980000,3,0,0,3,2,1,NaN
SUPER_21,20990000,1,0,0,1,0,1,NaN
SUPER_21,21000000,1,0,0,1,1,0,NaN
SUPER_21,21010000,0,0,0,0,0,0,0
SUPER_21,21020000,0,0,0,0,0,0,0
SUPER_21,21030000,5,0,1,6,2,3,7
SUPER_21,21040000,15,4,1,20,8,7,4.6
SUPER_21,21050000,130,6,11,147,64,66,6.0588236
SUPER_21,21060000,43,2,4,49,20,23,2.1666667
SUPER_21,21070000,1,0,0,1,0,1,NaN
SUPER_21,21080000,83,10,3,96,49,34,4.6923075
SUPER_21,21090000,68,6,10,84,37,31,3.8125
SUPER_21,21100000,187,12,15,214,75,112,3.9629629
SUPER_21,21110000,107,13,7,127,53,54,5
SUPER_21,21120000,105,9,12,126,56,49,5.3809524
SUPER_21,21130000,0,0,0,0,0,0,0
SUPER_21,21140000,0,0,0,0,0,0,0
SUPER_21,21150000,80,3,1,84,38,42,2.5
SUPER_21,21160000,112,3,3,118,65,47,4
SUPER_21,21170000,139,11,8,158,62,77,9.263158
SUPER_21,21180000,141,15,11,167,66,75,7.3076925
SUPER_21,21190000,123,7,7,137,73,50,4.142857
SUPER_21,21200000,66,8,7,81,22,44,5.0666666
SUPER_21,21210000,136,9,13,158,71,65,14.772727
SUPER_21,21220000,58,5,4,67,26,32,3.7777777
SUPER_21,21230000,132,11,7,150,69,63,5
SUPER_21,21240000,86,9,6,101,44,42,4.0666666
SUPER_21,21250000,32,2,3,37,17,15,5.8
SUPER_21,21260000,51,6,7,64,31,20,7.3076925
SUPER_21,21270000,64,6,9,79,32,32,2.9333334
SUPER_21,21280000,49,5,2,56,23,26,2.2857144
SUPER_21,21290000,37,3,2,42,21,16,7
SUPER_21,21300000,0,0,0,0,0,0,0
SUPER_21,21310000,0,0,0,0,0,0,0
SUPER_21,21320000,34,5,1,40,18,16,3.1666667
SUPER_21,21330000,2,0,0,2,1,1,NaN
SUPER_21,21340000,7,0,0,7,2,5,NaN
SUPER_21,21350000,3,0,0,3,3,0,NaN
SUPER_21,21360000,3,1,0,4,1,2,36
SUPER_21,21370000,3,1,2,6,2,1,11.666667
SUPER_21,21380000,4,0,0,4,1,3,NaN
SUPER_21,21390000,2,1,0,3,2,0,1
SUPER_21,21400000,0,0,1,1,0,0,1
SUPER_21,21410000,1,0,0,1,0,1,NaN
SUPER_21,21420000,0,0,1,1,0,0,2
SUPER_21,21430000,1,0,0,1,1,0,NaN
SUPER_21,21440000,1,1,0,2,0,1,2
SUPER_21,21450000,4,0,0,4,2,2,NaN
SUPER_21,21460000,0,1,0,1,0,0,1
SUPER_21,21470000,5,1,0,6,3,2,1
SUPER_21,21480000,8,0,0,8,3,5,NaN
SUPER_21,21490000,2,1,0,3,0,2,11
SUPER_21,21500000,1,1,0,2,1,0,10
SUPER_21,21510000,15,1,1,17,9,6,1.5
SUPER_21,21520000,65,4,0,69,24,41,4
SUPER_21,21530000,86,6,2,94,46,40,6.25
SUPER_21,21540000,81,5,8,94,41,40,2.6153846
SUPER_21,21550000,48,5,3,56,30,18,7.125
SUPER_21,21560000,102,7,10,119,56,46,6.7058825
SUPER_21,21570000,102,11,6,119,61,41,13
SUPER_21,21580000,97,9,6,112,52,45,4.866667
SUPER_21,21590000,58,4,8,70,21,37,34.25
SUPER_21,21600000,86,6,7,99,46,40,5.1538463
SUPER_21,21610000,99,5,8,112,46,53,4
SUPER_21,21620000,97,9,7,113,47,50,9.5
SUPER_21,21630000,155,8,13,176,77,78,22.428572
SUPER_21,21640000,166,12,11,189,84,82,7.826087
SUPER_21,21650000,117,11,12,140,57,60,33.173912
SUPER_21,21660000,96,4,12,112,48,48,11.25
SUPER_21,21670000,113,11,10,134,61,52,4.714286
SUPER_21,21680000,158,12,6,176,82,76,5.611111
SUPER_21,21690000,92,5,11,108,48,44,7.125
SUPER_21,21700000,62,6,9,77,29,33,8.866667
SUPER_21,21710000,141,14,10,165,76,65,4.4583335
SUPER_21,21720000,103,10,10,123,50,53,44.7
SUPER_21,21730000,113,4,11,128,58,55,38.266666
SUPER_21,21740000,94,10,5,109,47,47,4.133333
SUPER_21,21750000,108,7,3,118,57,51,7.6
SUPER_21,21760000,0,0,0,0,0,0,0
SUPER_21,21770000,0,0,0,0,0,0,0
SUPER_21,21780000,0,0,0,0,0,0,0
SUPER_21,21790000,0,0,0,0,0,0,0
SUPER_21,21800000,36,2,5,43,19,17,3.857143
SUPER_21,21810000,74,5,5,84,41,33,10.8
SUPER_21,21820000,57,4,0,61,29,28,2.25
SUPER_21,21830000,72,2,3,77,48,24,6
SUPER_21,21840000,57,7,3,67,30,27,5.2
SUPER_21,21850000,15,1,0,16,8,7,1
SUPER_21,21860000,32,4,4,40,19,13,5.375
SUPER_21,21870000,59,3,6,68,31,28,17
SUPER_21,21880000,47,5,8,60,20,27,7.076923
SUPER_21,21890000,48,2,3,53,25,23,4.6
SUPER_21,21900000,27,1,2,30,15,12,1.6666666
SUPER_21,21910000,28,1,2,31,14,14,1.3333334
SUPER_21,21920000,49,8,4,61,27,22,2.5
SUPER_21,21930000,108,7,8,123,56,52,8.6
SUPER_21,21940000,96,4,3,103,55,41,1.7142857
SUPER_21,21950000,82,5,3,90,46,36,6.375
SUPER_21,21960000,89,9,12,110,46,43,9.285714
SUPER_21,21970000,77,5,1,83,39,38,2.8333333
SUPER_21,21980000,67,6,9,82,36,31,11.066667
SUPER_21,21990000,70,5,4,79,31,39,5.7777777
SUPER_21,22000000,31,2,2,35,13,18,8.75
SUPER_21,22010000,31,4,3,38,17,14,2.142857
SUPER_21,22020000,16,1,0,17,9,7,10
SUPER_21,22030000,36,1,5,42,21,15,6.8333335
SUPER_21,22040000,22,1,2,25,14,8,2.6666667
SUPER_21,22050000,42,0,6,48,20,22,9.166667
SUPER_21,22060000,40,1,3,44,26,14,2.5
SUPER_21,22070000,29,1,2,32,13,16,19.666666
SUPER_21,22080000,38,2,5,45,18,20,4.142857
SUPER_21,22090000,18,1,1,20,11,7,1
SUPER_21,22100000,0,1,0,1,0,0,16
SUPER_21,22110000,1,0,0,1,1,0,NaN
SUPER_21,22120000,3,1,0,4,3,0,8
SUPER_21,22130000,7,0,1,8,5,2,18
SUPER_21,22140000,2,1,0,3,2,0,1
SUPER_21,22150000,2,1,1,4,1,1,1.5
SUPER_21,22160000,4,0,1,5,3,1,2
SUPER_22,10000,32,13,7,52,19,13,3.6
SUPER_22,20000,53,7,3,63,28,25,43.1
SUPER_22,30000,34,3,2,39,17,17,4
SUPER_22,40000,15,2,1,18,8,7,3.6666667
SUPER_22,50000,23,2,3,28,16,7,5.4
SUPER_22,60000,33,5,4,42,15,18,6.3333335
SUPER_22,70000,85,6,4,95,46,39,4
SUPER_22,80000,62,8,8,78,34,28,7.75
SUPER_22,90000,41,4,9,54,20,21,4.8461537
SUPER_22,100000,34,3,0,37,19,15,3.3333333
SUPER_22,110000,82,9,4,95,47,35,11.230769
SUPER_22,120000,14,3,0,17,8,6,1
SUPER_22,130000,58,4,5,67,35,23,1.2222222
SUPER_22,140000,98,6,8,112,46,52,7.785714
SUPER_22,150000,87,12,1,100,44,43,4.1538463
SUPER_22,160000,78,4,7,89,42,36,3.5454545
SUPER_22,170000,31,4,1,36,16,15,3.4
SUPER_22,180000,37,4,2,43,17,20,6.6666665
SUPER_22,190000,22,2,4,28,9,13,21.166666
SUPER_22,200000,63,6,6,75,29,34,3.9166667
SUPER_22,210000,50,6,0,56,23,27,1.8333334
SUPER_22,220000,42,2,5,49,26,16,7.714286
SUPER_22,230000,80,4,5,89,48,32,2.7777777
SUPER_22,240000,69,3,11,83,34,35,5.071429
SUPER_22,250000,12,0,2,14,8,4,2.5
SUPER_22,260000,51,8,3,62,24,27,5.4545455
SUPER_22,270000,31,1,2,34,13,18,4.3333335
SUPER_22,280000,31,1,3,35,16,15,3.25
SUPER_22,290000,86,3,2,91,48,38,2.8
SUPER_22,300000,67,4,2,73,37,30,3.3333333
SUPER_22,310000,123,9,10,142,73,50,10.578947
SUPER_22,320000,98,6,7,111,48,50,12.692307
SUPER_22,330000,68,4,4,76,36,32,9
SUPER_22,340000,105,10,14,129,68,37,12.958333
SUPER_22,350000,161,5,7,173,86,75,2.4166667
SUPER_22,360000,104,5,6,115,55,49,38.272728
SUPER_22,370000,85,4,5,94,46,39,19.333334
SUPER_22,380000,112,7,6,125,48,64,6.8461537
SUPER_22,390000,140,10,7,157,64,76,8.235294
SUPER_22,400000,89,7,9,105,49,40,17.75
SUPER_22,410000,33,3,2,38,23,10,9.2
SUPER_22,420000,30,2,3,35,22,8,9.2
SUPER_22,430000,138,9,8,155,70,68,26.529411
SUPER_22,440000,134,9,10,153,57,77,5.368421
SUPER_22,450000,132,12,10,154,71,61,3.2727273
SUPER_22,460000,112,4,11,127,55,57,5.6666665
SUPER_22,470000,72,3,3,78,32,40,16
SUPER_22,480000,1,0,1,2,0,1,1
SUPER_22,490000,2,0,0,2,2,0,NaN
SUPER_22,500000,3,0,0,3,1,2,NaN
SUPER_22,510000,24,1,1,26,9,15,4.5
SUPER_22,520000,73,7,7,87,39,34,15
SUPER_22,530000,67,3,6,76,31,36,5.111111
SUPER_22,540000,105,4,7,116,61,44,7.7272725
SUPER_22,550000,137,8,8,153,68,69,6.5
SUPER_22,560000,36,2,3,41,24,12,4
SUPER_22,570000,87,4,4,95,38,49,15.5
SUPER_22,580000,45,6,4,55,24,21,9.6
SUPER_22,590000,60,6,4,70,31,29,5.9
SUPER_22,600000,158,6,10,174,80,78,10.375
SUPER_22,610000,93,9,5,107,53,40,7.142857
SUPER_22,620000,110,12,5,127,42,68,14.588235
SUPER_22,630000,49,3,3,55,28,21,2.8333333
SUPER_22,640000,28,4,4,36,17,11,4
SUPER_22,650000,84,7,2,93,44,40,3.3333333
SUPER_22,660000,141,6,4,151,72,69,6.6
SUPER_22,670000,85,7,3,95,48,37,7.7
SUPER_22,680000,97,8,3,108,45,52,9.727273
SUPER_22,690000,136,16,10,162,68,68,5.6538463
SUPER_22,700000,68,2,3,73,40,28,3
SUPER_22,710000,162,12,10,184,93,69,5.9545455
SUPER_22,720000,21,0,2,23,12,9,23
SUPER_22,730000,0,0,1,1,0,0,1
SUPER_22,740000,150,2,16,168,76,74,14.5
SUPER_22,750000,122,7,13,142,61,61,7.2
SUPER_22,760000,148,8,12,168,72,76,16.5
SUPER_22,770000,114,6,10,130,59,55,8.0625
SUPER_22,780000,119,6,10,135,73,46,11.5
SUPER_22,790000,180,20,17,217,92,88,11.621622
SUPER_22,800000,6,0,0,6,2,4,NaN
SUPER_22,810000,2,0,0,2,1,1,NaN
SUPER_22,820000,1,0,0,1,0,1,NaN
SUPER_22,830000,4,2,0,6,2,2,3.5
SUPER_22,840000,1,0,2,3,1,0,1
SUPER_22,850000,2,0,1,3,2,0,1
SUPER_22,860000,2,0,1,3,1,1,6
SUPER_22,870000,6,0,0,6,3,3,NaN
SUPER_22,880000,4,0,0,4,3,1,NaN
SUPER_22,890000,1,0,1,2,1,0,9
SUPER_22,900000,3,0,0,3,1,2,NaN
SUPER_22,910000,2,0,0,2,1,1,NaN
SUPER_22,920000,0,0,0,0,0,0,0
SUPER_22,930000,0,0,0,0,0,0,0
SUPER_22,940000,8,2,1,11,3,5,1.3333334
SUPER_22,950000,2,0,1,3,0,2,2
SUPER_22,960000,1,0,0,1,1,0,NaN
SUPER_22,970000,2,0,1,3,2,0,4
SUPER_22,980000,2,0,1,3,1,1,1
SUPER_22,990000,0,0,0,0,0,0,0
SUPER_22,1000000,0,0,0,0,0,0,0
SUPER_22,1010000,3,4,1,8,2,1,2.2
SUPER_22,1020000,1,0,1,2,1,0,2
SUPER_22,1030000,2,0,0,2,1,1,NaN
SUPER_22,1040000,2,0,0,2,1,1,NaN
SUPER_22,1050000,1,0,0,1,0,1,NaN
SUPER_22,1060000,1,0,0,1,1,0,NaN
SUPER_22,1070000,4,0,1,5,0,4,2
SUPER_22,1080000,2,0,1,3,2,0,12
SUPER_22,1090000,4,1,0,5,2,2,2
SUPER_22,1100000,1,0,0,1,1,0,NaN
SUPER_22,1110000,2,0,1,3,1,1,10
SUPER_22,1120000,0,0,0,0,0,0,0
SUPER_22,1130000,0,0,0,0,0,0,0
SUPER_22,1140000,4,0,0,4,1,3,NaN
SUPER_22,1150000,1,1,0,2,1,0,1
SUPER_22,1160000,40,7,5,52,18,22,6.4166665
SUPER_22,1170000,145,10,13,168,72,73,5
SUPER_22,1180000,33,1,3,37,20,13,3.75
SUPER_22,1190000,78,6,3,87,43,35,2.6666667
SUPER_22,1200000,117,9,8,134,52,65,5.9411764
SUPER_22,1210000,115,13,16,144,62,53,11.655172
SUPER_22,1220000,41,0,5,46,17,24,17.6
SUPER_22,1230000,42,3,5,50,19,23,12.375
SUPER_22,1240000,29,1,5,35,13,16,1.8333334
SUPER_22,1250000,28,1,1,30,16,12,1
SUPER_22,1260000,174,12,11,197,94,80,10.73913
SUPER_22,1270000,204,16,10,230,106,98,4.3846154
SUPER_22,1280000,82,6,10,98,46,36,9.5625
SUPER_22,1290000,135,6,11,152,71,64,4.8235292
SUPER_22,1300000,112,9,7,128,51,61,8.0625
SUPER_22,1310000,72,4,4,80,38,34,9.5
SUPER_22,1320000,77,3,7,87,44,33,18.3
SUPER_22,1330000,79,7,7,93,32,47,19.571428
SUPER_22,1340000,65,7,6,78,33,32,9.538462
SUPER_22,1350000,0,1,0,1,0,0,1
SUPER_22,1360000,26,1,2,29,13,13,4.6666665
SUPER_22,1370000,149,10,10,169,69,80,10.3
SUPER_22,1380000,59,9,1,69,33,26,10.8
SUPER_22,1390000,52,5,3,60,28,24,8.875
SUPER_22,1400000,76,6,4,86,39,37,2.6
SUPER_22,1410000,60,4,3,67,30,30,4
SUPER_22,1420000,107,5,7,119,54,53,8.583333
SUPER_22,1430000,67,5,7,79,34,33,6.3333335
SUPER_22,1440000,58,3,1,62,22,36,7.5
SUPER_22,1450000,63,4,8,75,36,27,98
SUPER_22,1460000,53,3,4,60,30,23,5.714286
SUPER_22,1470000,55,6,7,68,24,31,3.4615386
SUPER_22,1480000,127,11,12,150,70,57,10.521739
SUPER_22,1490000,135,10,13,158,59,76,8.478261
SUPER_22,1500000,17,4,0,21,6,11,5.25
SUPER_22,1510000,135,4,15,154,75,60,7.4210525
SUPER_22,1520000,113,6,11,130,66,47,4.9411764
SUPER_22,1530000,162,19,13,194,80,82,25.90625
SUPER_22,1540000,0,0,0,0,0,0,0
SUPER_22,1550000,0,0,0,0,0,0,0
SUPER_22,1560000,33,1,2,36,16,17,49.333332
SUPER_22,1570000,1,1,0,2,0,1,1
SUPER_22,1580000,3,0,0,3,3,0,NaN
SUPER_22,1590000,3,0,2,5,2,1,10.5
SUPER_22,1600000,6,1,0,7,2,4,1
SUPER_22,1610000,2,0,0,2,1,1,NaN
SUPER_22,1620000,2,1,1,4,2,0,13
SUPER_22,1630000,2,0,0,2,0,2,NaN
SUPER_22,1640000,1,0,1,2,1,0,2
SUPER_22,1650000,1,0,0,1,0,1,NaN
SUPER_22,1660000,0,0,0,0,0,0,0
SUPER_22,1670000,0,0,0,0,0,0,0
SUPER_22,1680000,1,1,1,3,0,1,5
SUPER_22,1690000,73,5,7,85,36,37,6.3333335
SUPER_22,1700000,48,4,1,53,17,31,5.8
SUPER_22,1710000,22,2,2,26,9,13,2.25
SUPER_22,1720000,5,0,0,5,2,3,NaN
SUPER_22,1730000,9,0,0,9,5,4,NaN
SUPER_22,1740000,1,0,0,1,1,0,NaN
SUPER_22,1750000,16,1,0,17,10,6,1
SUPER_22,1760000,2,0,1,3,1,1,2
SUPER_22,1770000,12,1,0,13,7,5,1
SUPER_22,1780000,1,0,0,1,1,0,NaN
SUPER_22,1790000,0,1,1,2,0,0,2
SUPER_22,1800000,9,0,3,12,4,5,5.6666665
SUPER_22,1810000,85,4,4,93,43,42,2.375
SUPER_22,1820000,1,0,0,1,1,0,NaN
SUPER_22,1830000,2,0,1,3,1,1,1
SUPER_22,1840000,45,5,2,52,19,26,1.8571428
SUPER_22,1850000,94,9,11,114,49,45,5.65
SUPER_22,1860000,84,7,8,99,45,39,6
SUPER_22,1870000,168,15,12,195,83,85,7.111111
SUPER_22,1880000,46,4,6,56,23,23,23.6
SUPER_22,1890000,148,8,12,168,77,71,9.05
SUPER_22,1900000,149,10,10,169,79,70,5.95
SUPER_22,1910000,173,17,13,203,92,81,3.6333334
SUPER_22,1920000,144,9,19,172,67,77,16.785715
SUPER_22,1930000,156,10,13,179,88,68,4.5652175
SUPER_22,1940000,109,3,6,118,52,57,6.7777777
SUPER_22,1950000,0,0,0,0,0,0,0
SUPER_22,1960000,0,0,0,0,0,0,0
SUPER_22,1970000,0,0,0,0,0,0,0
SUPER_22,1980000,0,0,0,0,0,0,0
SUPER_22,1990000,186,10,17,213,106,80,8.111111
SUPER_22,2000000,44,7,9,60,19,25,5.8125
SUPER_22,2010000,92,7,8,107,47,45,13
SUPER_22,2020000,6,0,2,8,4,2,2.5
SUPER_22,2030000,67,4,1,72,34,33,11.2
SUPER_22,2040000,42,2,5,49,22,20,2.5714285
SUPER_22,2050000,103,4,11,118,52,51,9.333333
SUPER_22,2060000,114,15,19,148,57,57,14.6470585
SUPER_22,2070000,117,9,5,131,56,61,5.928571
SUPER_22,2080000,32,2,9,43,21,11,8.909091
SUPER_22,2090000,3,0,1,4,3,0,1
SUPER_22,2100000,2,1,0,3,1,1,13
SUPER_22,2110000,0,0,0,0,0,0,0
SUPER_22,2120000,0,0,0,0,0,0,0
SUPER_22,2130000,69,2,7,78,33,36,10.777778
SUPER_22,2140000,78,8,6,92,33,45,4.571429
SUPER_22,2150000,136,7,7,150,73,63,3
SUPER_22,2160000,116,4,3,123,61,55,10.857142
SUPER_22,2170000,186,14,16,216,84,102,6.6666665
SUPER_22,2180000,139,8,3,150,76,63,11.818182
SUPER_22,2190000,100,10,4,114,53,47,4.642857
SUPER_22,2200000,157,14,9,180,83,74,3.7391305
SUPER_22,2210000,16,3,0,19,9,7,5.3333335
SUPER_22,2220000,3,1,1,5,1,2,4
SUPER_22,2230000,22,4,1,27,14,8,10.4
SUPER_22,2240000,107,9,8,124,58,49,3.235294
SUPER_22,2250000,0,0,0,0,0,0,0
SUPER_22,2260000,0,0,0,0,0,0,0
SUPER_22,2270000,88,9,3,100,50,38,3.1666667
SUPER_22,2280000,113,13,9,135,56,57,5.5454545
SUPER_22,2290000,125,13,12,150,65,60,6.56
SUPER_22,2300000,153,12,17,182,76,77,5.6896553
SUPER_22,2310000,164,10,17,191,102,62,11.148149
SUPER_22,2320000,185,11,17,213,98,87,10.071428
SUPER_22,2330000,107,3,9,119,56,51,3.4166667
SUPER_22,2340000,27,4,0,31,14,13,3.5
SUPER_22,2350000,64,2,9,75,32,32,5.5454545
SUPER_22,2360000,96,6,6,108,44,52,8.25
SUPER_22,2370000,136,11,9,156,72,64,31.6
SUPER_22,2380000,54,5,4,63,33,21,8.444445
SUPER_22,2390000,9,0,1,10,5,4,5
SUPER_22,2400000,30,0,1,31,21,9,1
SUPER_22,2410000,93,5,5,103,41,52,9.6
SUPER_22,2420000,101,14,8,123,47,54,5.1363635
SUPER_22,2430000,110,8,4,122,60,50,32.5
SUPER_22,2440000,52,5,2,59,32,20,8.571428
SUPER_22,2450000,160,10,8,178,85,75,14.055555
SUPER_22,2460000,70,4,4,78,39,31,7.25
SUPER_22,2470000,73,10,6,89,41,32,3.6875
SUPER_22,2480000,31,1,0,32,19,12,4
SUPER_22,2490000,5,1,0,6,3,2,4
SUPER_22,2500000,102,10,5,117,46,56,6.6666665
SUPER_22,2510000,113,7,9,129,48,65,12.8125
SUPER_22,2520000,150,8,13,171,86,64,4
SUPER_22,2530000,146,8,9,163,75,71,4.352941
SUPER_22,2540000,21,4,3,28,13,8,2.857143
SUPER_22,2550000,107,13,5,125,45,62,7.111111
SUPER_22,2560000,141,8,9,158,74,67,5.8235292
SUPER_22,2570000,1,0,0,1,1,0,NaN
SUPER_22,2580000,2,0,0,2,2,0,NaN
SUPER_22,2590000,1,1,0,2,0,1,1
SUPER_22,2600000,2,0,2,4,1,1,258.5
SUPER_22,2610000,4,1,0,5,0,4,1
SUPER_22,2620000,6,0,0,6,4,2,NaN
SUPER_22,2630000,58,3,3,64,31,27,10.166667
SUPER_22,2640000,131,8,7,146,65,66,5.133333
SUPER_22,2650000,24,4,4,32,6,18,2.625
SUPER_22,2660000,3,0,0,3,1,2,NaN
SUPER_22,2670000,2,2,0,4,2,0,6.5
SUPER_22,2680000,1,0,0,1,1,0,NaN
SUPER_22,2690000,2,2,0,4,0,2,5
SUPER_22,2700000,0,0,1,1,0,0,6
SUPER_22,2710000,3,0,0,3,2,1,NaN
SUPER_22,2720000,1,0,0,1,0,1,NaN
SUPER_22,2730000,1,0,0,1,1,0,NaN
SUPER_22,2740000,1,0,0,1,0,1,NaN
SUPER_22,2750000,55,3,3,61,32,23,49.166668
SUPER_22,2760000,69,0,6,75,45,24,6.6666665
SUPER_22,2770000,10,2,2,14,3,7,1.5
SUPER_22,2780000,0,0,0,0,0,0,0
SUPER_22,2790000,0,0,0,0,0,0,0
SUPER_22,2800000,0,0,0,0,0,0,0
SUPER_22,2810000,214,23,21,258,104,110,5.8636365
SUPER_22,2820000,209,10,17,236,105,104,9.074074
SUPER_22,2830000,62,5,1,68,34,28,7.1666665
SUPER_22,2840000,39,2,2,43,20,19,6.25
SUPER_22,2850000,1,0,0,1,0,1,NaN
SUPER_22,2860000,0,0,0,0,0,0,0
SUPER_22,2870000,0,0,0,0,0,0,0
SUPER_22,2880000,49,2,2,53,23,26,6.25
SUPER_22,2890000,47,2,0,49,25,22,4
SUPER_22,2900000,20,1,2,23,7,13,3.3333333
SUPER_22,2910000,100,12,10,122,53,47,18.727272
SUPER_22,2920000,90,1,4,95,45,45,1.4
SUPER_22,2930000,117,11,7,135,62,55,3.5
SUPER_22,2940000,113,13,14,140,54,59,5.5925927
SUPER_22,2950000,21,3,5,29,12,9,8.125
SUPER_22,2960000,90,10,8,108,41,49,3.8888888
SUPER_22,2970000,124,12,11,147,64,60,5.0434785
SUPER_22,2980000,162,11,18,191,94,68,7.7586207
SUPER_22,2990000,87,2,8,97,50,37,2.6
SUPER_22,3000000,123,8,9,140,64,59,2.5294118
SUPER_22,3010000,165,9,15,189,77,88,4.2916665
SUPER_22,3020000,38,0,3,41,19,19,3.3333333
SUPER_22,3030000,47,7,6,60,23,24,7.5384617
SUPER_22,3040000,99,7,8,114,52,47,14.933333
SUPER_22,3050000,141,8,13,162,76,65,5.285714
SUPER_22,3060000,89,2,5,96,42,47,7.571429
SUPER_22,3070000,103,9,10,122,51,52,4.105263
SUPER_22,3080000,50,3,6,59,24,26,12
SUPER_22,3090000,81,4,6,91,35,46,8.9
SUPER_22,3100000,41,2,3,46,20,21,12
SUPER_22,3110000,123,5,14,142,75,48,14.526316
SUPER_22,3120000,2,0,0,2,1,1,NaN
SUPER_22,3130000,43,3,4,50,23,20,12.428572
SUPER_22,3140000,65,8,3,76,29,36,7.6363635
SUPER_22,3150000,161,11,16,188,81,80,5.814815
SUPER_22,3160000,54,6,5,65,22,32,7
SUPER_22,3170000,122,9,11,142,56,66,8.5
SUPER_22,3180000,13,1,1,15,5,8,3.5
SUPER_22,3190000,8,0,0,8,4,4,NaN
SUPER_22,3200000,34,5,1,40,19,15,2.6666667
SUPER_22,3210000,4,0,0,4,3,1,NaN
SUPER_22,3220000,57,7,5,69,34,23,21.25
SUPER_22,3230000,58,2,2,62,32,26,2.5
SUPER_22,3240000,85,2,9,96,49,36,7.4545455
SUPER_22,3250000,65,4,3,72,31,34,5.571429
SUPER_22,3260000,133,15,8,156,74,59,8.434783
SUPER_22,3270000,59,3,8,70,30,29,18.272728
SUPER_22,3280000,98,7,2,107,54,44,4.4444447
SUPER_22,3290000,49,2,5,56,29,20,16.714285
SUPER_22,3300000,125,12,8,145,63,62,6.2
SUPER_22,3310000,22,0,3,25,11,11,2
SUPER_22,3320000,82,6,4,92,44,38,5.9
SUPER_22,3330000,44,5,5,54,23,21,2.7
SUPER_22,3340000,82,3,4,89,39,43,1.4285715
SUPER_22,3350000,3,0,1,4,1,2,8
SUPER_22,3360000,3,0,0,3,3,0,NaN
SUPER_22,3370000,7,0,0,7,6,1,NaN
SUPER_22,3380000,7,0,0,7,4,3,NaN
SUPER_22,3390000,42,1,5,48,25,17,3.6666667
SUPER_22,3400000,53,6,2,61,31,22,2.625
SUPER_22,3410000,146,7,7,160,76,70,12.571428
SUPER_22,3420000,168,9,14,191,81,87,8.478261
SUPER_22,3430000,132,15,10,157,71,61,6.32
SUPER_22,3440000,75,5,5,85,41,34,117.8
SUPER_22,3450000,55,4,5,64,28,27,32
SUPER_22,3460000,70,5,7,82,35,35,4.5
SUPER_22,3470000,127,6,8,141,75,52,13.142858
SUPER_22,3480000,102,5,3,110,50,52,5.625
SUPER_22,3490000,93,8,6,107,41,52,12.785714
SUPER_22,3500000,48,5,5,58,29,19,4.3
SUPER_22,3510000,95,9,5,109,53,42,10.928572
SUPER_22,3520000,103,9,7,119,50,53,3.9375
SUPER_22,3530000,145,9,19,173,81,64,15.214286
SUPER_22,3540000,81,5,7,93,44,37,3.8333333
SUPER_22,3550000,2,1,0,3,1,1,1
SUPER_22,3560000,2,0,0,2,1,1,NaN
SUPER_22,3570000,58,2,3,63,36,22,12.8
SUPER_22,3580000,136,8,11,155,62,74,5.368421
SUPER_22,3590000,99,5,9,113,56,43,7.214286
SUPER_22,3600000,60,2,6,68,26,34,2.75
SUPER_22,3610000,81,6,4,91,43,38,1.9
SUPER_22,3620000,101,6,5,112,47,54,3.4545455
SUPER_22,3630000,43,4,4,51,27,16,5.125
SUPER_22,3640000,6,1,1,8,2,4,8
SUPER_22,3650000,128,2,4,134,69,59,3.5
SUPER_22,3660000,132,7,8,147,68,64,4.133333
SUPER_22,3670000,118,15,6,139,58,60,7.285714
SUPER_22,3680000,111,9,10,130,57,54,5.8421054
SUPER_22,3690000,96,2,5,103,56,40,12.428572
SUPER_22,3700000,70,5,5,80,36,34,51.9
SUPER_22,3710000,48,2,3,53,26,22,6.8
SUPER_22,3720000,150,6,9,165,76,74,6.266667
SUPER_22,3730000,147,9,11,167,74,73,6.05
SUPER_22,3740000,59,1,4,64,34,25,15.2
SUPER_22,3750000,102,8,9,119,52,50,10.705882
SUPER_22,3760000,121,6,9,136,77,44,10.866667
SUPER_22,3770000,58,3,3,64,30,28,23
SUPER_22,3780000,104,6,3,113,60,44,13.222222
SUPER_22,3790000,115,7,12,134,57,58,3.7368422
SUPER_22,3800000,154,14,14,182,77,77,5.464286
SUPER_22,3810000,93,10,8,111,42,51,5.3333335
SUPER_22,3820000,4,1,1,6,2,2,1.5
SUPER_22,3830000,15,4,2,21,9,6,2.5
SUPER_22,3840000,42,2,1,45,20,22,3
SUPER_22,3850000,79,8,8,95,48,31,8.4375
SUPER_22,3860000,95,4,4,103,47,48,9.5
SUPER_22,3870000,173,8,19,200,85,88,4.5925927
SUPER_22,3880000,46,4,2,52,30,16,12
SUPER_22,3890000,5,1,0,6,2,3,9
SUPER_22,3900000,3,2,1,6,1,2,4.3333335
SUPER_22,3910000,3,0,0,3,2,1,NaN
SUPER_22,3920000,3,0,0,3,1,2,NaN
SUPER_22,3930000,4,0,0,4,0,4,NaN
SUPER_22,3940000,5,0,0,5,3,2,NaN
SUPER_22,3950000,3,1,0,4,0,3,1
SUPER_22,3960000,19,2,3,24,6,13,17.2
SUPER_22,3970000,89,3,10,102,43,46,4.3076925
SUPER_22,3980000,107,7,5,119,60,47,9.333333
SUPER_22,3990000,151,6,6,163,82,69,6.4166665
SUPER_22,4000000,111,5,10,126,65,46,55.466667
SUPER_22,4010000,43,4,5,52,18,25,13.222222
SUPER_22,4020000,36,1,1,38,25,11,1
SUPER_22,4030000,47,5,1,53,25,22,7.5
SUPER_22,4040000,5,1,0,6,5,0,1
SUPER_22,4050000,8,0,0,8,6,2,NaN
SUPER_22,4060000,2,0,0,2,1,1,NaN
SUPER_22,4070000,9,0,2,11,3,6,2.5
SUPER_22,4080000,3,0,1,4,1,2,2
SUPER_22,4090000,3,1,0,4,2,1,2
SUPER_22,4100000,0,0,1,1,0,0,1
SUPER_22,4110000,7,0,1,8,3,4,1
SUPER_22,4120000,0,0,1,1,0,0,1
SUPER_22,4130000,1,0,1,2,1,0,1
SUPER_22,4140000,4,1,1,6,2,2,2
SUPER_22,4150000,1,1,2,4,0,1,9.333333
SUPER_22,4160000,1,0,0,1,1,0,NaN
SUPER_22,4170000,1,0,0,1,0,1,NaN
SUPER_22,4180000,0,0,1,1,0,0,1
SUPER_22,4190000,1,0,1,2,1,0,15
SUPER_22,4200000,7,1,1,9,1,6,2.5
SUPER_22,4210000,1,0,0,1,1,0,NaN
SUPER_22,4220000,0,1,0,1,0,0,2
SUPER_22,4230000,0,0,0,0,0,0,0
SUPER_22,4240000,0,0,0,0,0,0,0
SUPER_22,4250000,8,0,2,10,2,6,1.5
SUPER_22,4260000,0,0,0,0,0,0,0
SUPER_22,4270000,0,0,0,0,0,0,0
SUPER_22,4280000,5,0,1,6,4,1,1
SUPER_22,4290000,10,1,0,11,3,7,3
SUPER_22,4300000,1,0,0,1,0,1,NaN
SUPER_22,4310000,0,0,0,0,0,0,0
SUPER_22,4320000,0,0,0,0,0,0,0
SUPER_22,4330000,6,1,0,7,2,4,6
SUPER_22,4340000,1,0,0,1,0,1,NaN
SUPER_22,4350000,2,1,1,4,2,0,7
SUPER_22,4360000,3,1,0,4,3,0,6
SUPER_22,4370000,1,0,0,1,0,1,NaN
SUPER_22,4380000,3,0,2,5,1,2,1
SUPER_22,4390000,3,0,0,3,1,2,NaN
SUPER_22,4400000,41,8,8,57,23,18,8.9375
SUPER_22,4410000,127,8,8,143,72,55,14.1875
SUPER_22,4420000,6,1,1,8,3,3,2
SUPER_22,4430000,163,18,11,192,67,96,4.586207
SUPER_22,4440000,175,16,23,214,83,92,6.205128
SUPER_22,4450000,99,7,7,113,45,54,15.642858
SUPER_22,4460000,167,8,5,180,78,89,3.2307692
SUPER_22,4470000,151,12,12,175,75,76,5.9166665
SUPER_22,4480000,150,12,18,180,76,74,19.333334
SUPER_22,4490000,66,5,10,81,35,31,5.133333
SUPER_22,4500000,1,0,0,1,0,1,NaN
SUPER_22,4510000,23,1,2,26,13,10,1
SUPER_22,4520000,0,0,0,0,0,0,0
SUPER_22,4530000,0,0,0,0,0,0,0
SUPER_22,4540000,8,1,1,10,3,5,5.5
SUPER_22,4550000,69,6,1,76,39,30,8.285714
SUPER_22,4560000,78,5,6,89,38,40,42.636364
SUPER_22,4570000,120,8,14,142,63,57,5.8636365
SUPER_22,4580000,160,12,12,184,85,75,4.3333335
SUPER_22,4590000,122,3,9,134,64,58,14.333333
SUPER_22,4600000,40,3,2,45,22,18,10.4
SUPER_22,4610000,36,2,0,38,21,15,18
SUPER_22,4620000,80,6,7,93,43,37,5.769231
SUPER_22,4630000,64,4,7,75,30,34,6.3636365
SUPER_22,4640000,143,12,10,165,77,66,7.181818
SUPER_22,4650000,86,5,5,96,46,40,4.2
SUPER_22,4660000,42,2,1,45,32,10,11
SUPER_22,4670000,87,7,10,104,34,53,6.5882354
SUPER_22,4680000,81,3,6,90,41,40,5.5555553
SUPER_22,4690000,87,12,3,102,38,49,8.333333
SUPER_22,4700000,1,0,0,1,1,0,NaN
SUPER_22,4710000,3,0,0,3,2,1,NaN
SUPER_22,4720000,30,2,0,32,15,15,8.5
SUPER_22,4730000,82,5,2,89,45,37,4.285714
SUPER_22,4740000,127,10,14,151,63,64,6.1666665
SUPER_22,4750000,101,10,8,119,57,44,8.222222
SUPER_22,4760000,1,0,1,2,1,0,2
SUPER_22,4770000,3,0,0,3,0,3,NaN
SUPER_22,4780000,0,0,1,1,0,0,4
SUPER_22,4790000,78,8,8,94,38,40,7.1875
SUPER_22,4800000,160,9,12,181,89,71,67.28571
SUPER_22,4810000,95,9,10,114,55,40,4.9473686
SUPER_22,4820000,66,7,8,81,27,39,4.6
SUPER_22,4830000,138,14,14,166,72,66,8.071428
SUPER_22,4840000,95,5,5,105,46,49,9
SUPER_22,4850000,2,2,0,4,1,1,1
SUPER_22,4860000,7,0,0,7,2,5,NaN
SUPER_22,4870000,2,1,0,3,1,1,4
SUPER_22,4880000,34,4,2,40,17,17,4.8333335
SUPER_22,4890000,207,10,12,229,115,92,12.272727
SUPER_22,4900000,58,5,7,70,29,29,4.1666665
SUPER_22,4910000,128,7,14,149,60,68,8.619047
SUPER_22,4920000,59,0,0,59,40,19,NaN
SUPER_22,4930000,87,7,5,99,49,38,8.5
SUPER_22,4940000,91,9,9,109,43,48,4.2777777
SUPER_22,4950000,156,9,16,181,78,78,3.44
SUPER_22,4960000,79,5,7,91,37,42,6.5833335
SUPER_22,4970000,96,14,8,118,54,42,3.5454545
SUPER_22,4980000,100,4,2,106,57,43,4.5
SUPER_22,4990000,74,4,5,83,43,31,2.2222223
SUPER_22,5000000,130,12,7,149,76,54,60.210526
SUPER_22,5010000,44,0,5,49,25,19,8.2
SUPER_22,5020000,105,9,2,116,53,52,18.181818
SUPER_22,5030000,91,6,4,101,48,43,16.9
SUPER_22,5040000,81,7,4,92,35,46,5.4545455
SUPER_22,5050000,64,6,9,79,32,32,2.3333333
SUPER_22,5060000,3,0,0,3,2,1,NaN
SUPER_22,5070000,2,0,0,2,0,2,NaN
SUPER_22,5080000,60,3,7,70,21,39,12.1
SUPER_22,5090000,84,1,8,93,43,41,3.3333333
SUPER_22,5100000,131,12,11,154,65,66,22.130434
SUPER_22,5110000,196,10,10,216,108,88,20.35
SUPER_22,5120000,82,11,4,97,40,42,1.9333333
SUPER_22,5130000,116,11,6,133,56,60,7.647059
SUPER_22,5140000,159,14,12,185,77,82,10.423077
SUPER_22,5150000,45,2,4,51,23,22,8.666667
SUPER_22,5160000,2,0,3,5,1,1,1
SUPER_22,5170000,3,0,0,3,1,2,NaN
SUPER_22,5180000,83,10,8,101,37,46,6.5
SUPER_22,5190000,118,6,8,132,70,48,16.428572
SUPER_22,5200000,142,14,11,167,74,68,14.8
SUPER_22,5210000,48,4,3,55,26,22,7.142857
SUPER_22,5220000,3,1,0,4,2,1,1
SUPER_22,5230000,17,2,3,22,10,7,9.4
SUPER_22,5240000,47,1,3,51,29,18,6.25
SUPER_22,5250000,75,7,2,84,42,33,4.888889
SUPER_22,5260000,71,7,6,84,40,31,5.8461537
SUPER_22,5270000,76,6,4,86,35,41,4.2
SUPER_22,5280000,87,8,6,101,49,38,6
SUPER_22,5290000,126,6,10,142,74,52,5.625
SUPER_22,5300000,70,1,3,74,30,40,5
SUPER_22,5310000,149,9,14,172,74,75,7.0869565
SUPER_22,5320000,126,10,15,151,55,71,4.56
SUPER_22,5330000,104,6,10,120,57,47,2.0625
SUPER_22,5340000,25,3,4,32,15,10,5.285714
SUPER_22,5350000,46,2,4,52,19,27,3.6666667
SUPER_22,5360000,21,4,0,25,10,11,7.75
SUPER_22,5370000,48,1,6,55,29,19,1.1428572
SUPER_22,5380000,0,0,0,0,0,0,0
SUPER_22,5390000,0,0,0,0,0,0,0
SUPER_22,5400000,0,0,0,0,0,0,0
SUPER_22,5410000,0,0,0,0,0,0,0
SUPER_22,5420000,77,5,7,89,33,44,13.083333
SUPER_22,5430000,0,0,0,0,0,0,0
SUPER_22,5440000,0,0,0,0,0,0,0
SUPER_22,5450000,107,13,21,141,55,52,7.2647057
SUPER_22,5460000,15,1,0,16,5,10,8
SUPER_22,5470000,150,8,9,167,82,68,6.2941175
SUPER_22,5480000,66,6,6,78,31,35,4
SUPER_22,5490000,119,8,10,137,60,59,9.611111
SUPER_22,5500000,18,2,1,21,5,13,13.666667
SUPER_22,5510000,98,6,8,112,49,49,10.357142
SUPER_22,5520000,81,6,3,90,48,33,8.222222
SUPER_22,5530000,0,0,0,0,0,0,0
SUPER_22,5540000,0,0,0,0,0,0,0
SUPER_22,5550000,45,5,5,55,22,23,7.5
SUPER_22,5560000,50,1,5,56,35,15,1.3333334
SUPER_22,5570000,41,6,1,48,21,20,10.857142
SUPER_22,5580000,216,19,9,244,110,106,11.214286
SUPER_22,5590000,57,5,5,67,25,32,9.3
SUPER_22,5600000,130,11,6,147,71,59,4.470588
SUPER_22,5610000,158,12,15,185,80,78,4.111111
SUPER_22,5620000,43,5,5,53,18,25,6.9
SUPER_22,5630000,157,10,19,186,91,66,45.86207
SUPER_22,5640000,126,6,13,145,60,66,3.1578948
SUPER_22,5650000,210,14,18,242,115,95,6.03125
SUPER_22,5660000,121,5,6,132,58,63,2.909091
SUPER_22,5670000,142,12,14,168,74,68,7.230769
SUPER_22,5680000,36,3,3,42,19,17,7
SUPER_22,5690000,85,5,9,99,53,32,26
SUPER_22,5700000,80,5,4,89,47,33,3.5555556
SUPER_22,5710000,115,3,7,125,60,55,7.2
SUPER_22,5720000,37,7,1,45,22,15,2.75
SUPER_22,5730000,151,10,8,169,78,73,7.7777777
SUPER_22,5740000,109,9,10,128,60,49,20.842106
SUPER_22,5750000,0,0,0,0,0,0,0
SUPER_22,5760000,0,0,0,0,0,0,0
SUPER_22,5770000,0,0,0,0,0,0,0
SUPER_22,5780000,0,0,0,0,0,0,0
SUPER_22,5790000,102,13,10,125,52,50,8.086957
SUPER_22,5800000,104,8,8,120,53,51,4.4375
SUPER_22,5810000,80,5,4,89,36,44,23.333334
SUPER_22,5820000,153,17,12,182,77,76,5.0689654
SUPER_22,5830000,56,3,5,64,32,24,4.625
SUPER_22,5840000,2,1,2,5,1,1,12.333333
SUPER_22,5850000,3,0,1,4,1,2,4
SUPER_22,5860000,2,1,1,4,1,1,5.5
SUPER_22,5870000,21,5,2,28,8,13,4
SUPER_22,5880000,2,0,0,2,1,1,NaN
SUPER_22,5890000,104,8,3,115,57,47,6.818182
SUPER_22,5900000,54,4,5,63,23,31,45.555557
SUPER_22,5910000,74,11,5,90,41,33,5.5625
SUPER_22,5920000,156,15,8,179,79,77,4
SUPER_22,5930000,13,1,1,15,7,6,11
SUPER_22,5940000,2,0,2,4,1,1,1.5
SUPER_22,5950000,5,0,0,5,1,4,NaN
SUPER_22,5960000,2,0,1,3,2,0,30
SUPER_22,5970000,95,5,6,106,52,43,7.909091
SUPER_22,5980000,91,10,11,112,38,53,3.4761906
SUPER_22,5990000,120,7,7,134,56,64,6.214286
SUPER_22,6000000,23,7,1,31,12,11,5.75
SUPER_22,6010000,11,1,0,12,5,6,8
SUPER_22,6020000,2,0,0,2,1,1,NaN
SUPER_22,6030000,4,0,1,5,2,2,8
SUPER_22,6040000,108,7,8,123,57,51,6.4666667
SUPER_22,6050000,91,8,14,113,41,50,3.7727273
SUPER_22,6060000,173,14,20,207,82,91,5.2647057
SUPER_22,6070000,14,0,2,16,7,7,122.5
SUPER_22,6080000,72,9,10,91,33,39,10.052631
SUPER_22,6090000,137,10,10,157,69,68,6.5
SUPER_22,6100000,150,15,13,178,69,81,9.678572
SUPER_22,6110000,43,7,5,55,27,16,23.916666
SUPER_22,6120000,1,1,0,2,1,0,2
SUPER_22,6130000,2,2,1,5,0,2,2.3333333
SUPER_22,6140000,2,0,1,3,1,1,4
SUPER_22,6150000,4,0,0,4,1,3,NaN
SUPER_22,6160000,7,2,2,11,4,3,1.5
SUPER_22,6170000,1,0,1,2,0,1,1
SUPER_22,6180000,61,1,6,68,35,26,3.142857
SUPER_22,6190000,117,8,11,136,58,59,6.4210525
SUPER_22,6200000,2,0,0,2,2,0,NaN
SUPER_22,6210000,109,14,10,133,55,54,4.4583335
SUPER_22,6220000,80,4,6,90,35,45,6.5
SUPER_22,6230000,0,0,0,0,0,0,0
SUPER_22,6240000,0,0,0,0,0,0,0
SUPER_22,6250000,144,8,12,164,78,66,6.55
SUPER_22,6260000,58,5,8,71,23,35,11.461538
SUPER_22,6270000,45,3,8,56,26,19,5
SUPER_22,6280000,95,9,14,118,45,50,8.304348
SUPER_22,6290000,17,1,1,19,8,9,1
SUPER_22,6300000,116,8,8,132,63,53,9.8125
SUPER_22,6310000,18,3,2,23,7,11,9
SUPER_22,6320000,22,2,1,25,7,15,12.333333
SUPER_22,6330000,0,0,0,0,0,0,0
SUPER_22,6340000,0,0,0,0,0,0,0
SUPER_22,6350000,3,0,1,4,1,2,1
SUPER_22,6360000,4,1,2,7,2,2,4.6666665
SUPER_22,6370000,0,2,0,2,0,0,2.5
SUPER_22,6380000,107,7,5,119,50,57,9.5
SUPER_22,6390000,61,8,3,72,24,37,4.909091
SUPER_22,6400000,49,3,4,56,19,30,3.4285715
SUPER_22,6410000,93,2,5,100,44,49,2.857143
SUPER_22,6420000,73,14,6,93,38,35,4.1
SUPER_22,6430000,155,11,14,180,78,77,8.08
SUPER_22,6440000,133,10,11,154,63,70,10.904762
SUPER_22,6450000,153,14,10,177,61,92,6.125
SUPER_22,6460000,132,10,11,153,77,55,5.095238
SUPER_22,6470000,86,9,3,98,48,38,9.083333
SUPER_22,6480000,100,7,6,113,42,58,4.923077
SUPER_22,6490000,21,1,1,23,11,10,9.5
SUPER_22,6500000,65,1,7,73,32,33,4.625
SUPER_22,6510000,127,8,7,142,62,65,21.4
SUPER_22,6520000,99,9,7,115,44,55,8.125
SUPER_22,6530000,80,6,7,93,31,49,4.3076925
SUPER_22,6540000,106,9,7,122,41,65,4.75
SUPER_22,6550000,149,12,12,173,87,62,29.625
SUPER_22,6560000,32,2,4,38,15,17,11.666667
SUPER_22,6570000,2,0,0,2,1,1,NaN
SUPER_22,6580000,88,5,2,95,49,39,2.2857144
SUPER_22,6590000,91,1,2,94,54,37,12
SUPER_22,6600000,70,3,10,83,30,40,9.384615
SUPER_22,6610000,2,0,1,3,2,0,23
SUPER_22,6620000,6,0,0,6,3,3,NaN
SUPER_22,6630000,6,0,0,6,4,2,NaN
SUPER_22,6640000,2,0,0,2,1,1,NaN
SUPER_22,6650000,8,0,4,12,4,4,5.5
SUPER_22,6660000,2,1,0,3,1,1,17
SUPER_22,6670000,29,4,3,36,16,13,7.857143
SUPER_22,6680000,122,8,11,141,63,59,23.105263
SUPER_22,6690000,115,8,9,132,58,57,7.117647
SUPER_22,6700000,29,2,1,32,10,19,17.666666
SUPER_22,6710000,36,3,5,44,22,14,9.875
SUPER_22,6720000,22,1,4,27,4,18,13.4
SUPER_22,6730000,57,1,8,66,32,25,7.111111
SUPER_22,6740000,81,11,6,98,51,30,4.2941175
SUPER_22,6750000,175,11,14,200,85,90,29.08
SUPER_22,6760000,116,8,15,139,59,57,4.869565
SUPER_22,6770000,76,2,8,86,38,38,44.7
SUPER_22,6780000,129,5,8,142,51,78,13.846154
SUPER_22,6790000,47,2,2,51,27,20,1.75
SUPER_22,6800000,43,5,2,50,24,19,7.571429
SUPER_22,6810000,89,7,9,105,46,43,5.9375
SUPER_22,6820000,44,2,5,51,27,17,39
SUPER_22,6830000,117,13,13,143,58,59,10.230769
SUPER_22,6840000,98,9,6,113,54,44,6.2
SUPER_22,6850000,91,4,4,99,42,49,4.375
SUPER_22,6860000,96,6,6,108,47,49,2.75
SUPER_22,6870000,107,10,9,126,57,50,9.368421
SUPER_22,6880000,193,12,15,220,97,96,10.407408
SUPER_22,6890000,47,4,4,55,27,20,14.75
SUPER_22,6900000,122,12,13,147,59,63,12.44
SUPER_22,6910000,91,13,9,113,47,44,13.818182
SUPER_22,6920000,90,3,7,100,43,47,3.5
SUPER_22,6930000,46,1,5,52,31,15,6.3333335
SUPER_22,6940000,4,0,3,7,1,3,4
SUPER_22,6950000,4,0,1,5,2,2,1
SUPER_22,6960000,26,3,5,34,11,15,1.875
SUPER_22,6970000,159,21,14,194,87,72,3.4571428
SUPER_22,6980000,65,8,5,78,30,35,9.692307
SUPER_22,6990000,0,0,0,0,0,0,0
SUPER_22,7000000,0,0,0,0,0,0,0
SUPER_22,7010000,7,1,0,8,4,3,8
SUPER_22,7020000,2,0,0,2,1,1,NaN
SUPER_22,7030000,91,12,4,107,54,37,6
SUPER_22,7040000,140,8,15,163,71,69,5.0434785
SUPER_22,7050000,58,4,1,63,46,12,5
SUPER_22,7060000,88,5,7,100,35,53,45.833332
SUPER_22,7070000,149,9,17,175,72,77,16.923077
SUPER_22,7080000,5,0,0,5,4,1,NaN
SUPER_22,7090000,132,11,14,157,64,68,4.44
SUPER_22,7100000,35,1,7,43,16,19,8.375
SUPER_22,7110000,2,0,0,2,0,2,NaN
SUPER_22,7120000,1,0,2,3,0,1,16
SUPER_22,7130000,15,0,1,16,7,8,1
SUPER_22,7140000,38,4,2,44,23,15,6.6666665
SUPER_22,7150000,74,7,8,89,38,36,2.8
SUPER_22,7160000,62,5,5,72,39,23,5.4
SUPER_22,7170000,0,1,0,1,0,0,2
SUPER_22,7180000,1,1,0,2,1,0,18
SUPER_22,7190000,2,0,0,2,1,1,NaN
SUPER_22,7200000,69,6,6,81,39,30,2.8333333
SUPER_22,7210000,97,5,3,105,53,44,4
SUPER_22,7220000,71,3,6,80,40,31,7
SUPER_22,7230000,95,9,8,112,49,46,5.352941
SUPER_22,7240000,136,12,8,156,71,65,7.9
SUPER_22,7250000,26,2,4,32,16,10,15.666667
SUPER_22,7260000,2,0,2,4,0,2,6.5
SUPER_22,7270000,0,1,1,2,0,0,6
SUPER_22,7280000,3,0,0,3,1,2,NaN
SUPER_22,7290000,1,0,0,1,0,1,NaN
SUPER_22,7300000,0,0,0,0,0,0,0
SUPER_22,7310000,0,0,0,0,0,0,0
SUPER_22,7320000,2,0,1,3,1,1,1
SUPER_22,7330000,0,1,1,2,0,0,1.5
SUPER_22,7340000,0,1,1,2,0,0,7
SUPER_22,7350000,5,1,0,6,2,3,14
SUPER_22,7360000,1,1,0,2,0,1,10
SUPER_22,7370000,20,1,1,22,11,9,3
SUPER_22,7380000,116,7,8,131,54,62,4.6
SUPER_22,7390000,152,12,8,172,73,79,9.4
SUPER_22,7400000,206,10,26,242,97,109,26.222221
SUPER_22,7410000,156,9,11,176,68,88,4.75
SUPER_22,7420000,104,7,8,119,57,47,6.6
SUPER_22,7430000,167,16,16,199,82,85,6.96875
SUPER_22,7440000,88,9,8,105,54,34,6.9411764
SUPER_22,7450000,180,12,18,210,96,84,4.8
SUPER_22,7460000,145,13,16,174,63,82,2.9655173
SUPER_22,7470000,181,20,12,213,85,96,16.6875
SUPER_22,7480000,39,2,0,41,21,18,1.5
SUPER_22,7490000,195,3,13,211,91,104,3.1875
SUPER_22,7500000,132,15,5,152,69,63,4.55
SUPER_22,7510000,54,6,5,65,29,25,13.272727
SUPER_22,7520000,139,12,8,159,76,63,4.35
SUPER_22,7530000,192,10,9,211,98,94,8.368421
SUPER_22,7540000,134,13,14,161,68,66,6.4444447
SUPER_22,7550000,117,13,6,136,59,58,7.6842103
SUPER_22,7560000,32,4,2,38,18,14,1.8333334
SUPER_22,7570000,55,5,7,67,25,30,4.4166665
SUPER_22,7580000,197,4,6,207,112,85,6.2
SUPER_22,7590000,112,8,7,127,68,44,11.466666
SUPER_22,7600000,72,6,8,86,30,42,5.071429
SUPER_22,7610000,41,6,5,52,18,23,5.909091
SUPER_22,7620000,107,7,8,122,55,52,9.933333
SUPER_22,7630000,67,5,4,76,33,34,3.4444444
SUPER_22,7640000,172,12,18,202,95,77,3.8666666
SUPER_22,7650000,141,7,7,155,66,75,7.857143
SUPER_22,7660000,39,5,7,51,20,19,3.5
SUPER_22,7670000,59,3,4,66,21,38,28.714285
SUPER_22,7680000,14,3,0,17,7,7,16
SUPER_22,7690000,102,4,10,116,42,60,11.071428
SUPER_22,7700000,20,1,6,27,12,8,31.857143
SUPER_22,7710000,0,0,0,0,0,0,0
SUPER_22,7720000,0,0,0,0,0,0,0
SUPER_22,7730000,40,6,4,50,21,19,3.6
SUPER_22,7740000,31,1,2,34,15,16,3.3333333
SUPER_22,7750000,169,14,12,195,83,86,17.038462
SUPER_22,7760000,116,5,13,134,62,54,2.3888888
SUPER_22,7770000,120,9,9,138,59,61,10.444445
SUPER_22,7780000,93,5,6,104,45,48,4.5454545
SUPER_22,7790000,98,12,9,119,45,53,7.952381
SUPER_22,7800000,142,11,17,170,75,67,19.071428
SUPER_22,7810000,142,14,11,167,65,77,19.68
SUPER_22,7820000,146,12,17,175,79,67,19.034483
SUPER_22,7830000,89,9,10,108,50,39,13.947369
SUPER_22,7840000,49,8,3,60,22,27,3
SUPER_22,7850000,85,3,7,95,35,50,4.7
SUPER_22,7860000,0,0,0,0,0,0,0
SUPER_22,7870000,0,0,0,0,0,0,0
SUPER_22,7880000,0,0,0,0,0,0,0
SUPER_22,7890000,0,0,0,0,0,0,0
SUPER_22,7900000,0,0,0,0,0,0,0
SUPER_22,7910000,0,0,0,0,0,0,0
SUPER_22,7920000,3,0,1,4,1,2,1
SUPER_22,7930000,0,0,1,1,0,0,1
SUPER_22,7940000,2,0,0,2,2,0,NaN
SUPER_22,7950000,90,9,7,106,46,44,4.4375
SUPER_22,7960000,6,0,2,8,3,3,2.5
SUPER_22,7970000,11,1,1,13,6,5,1
SUPER_22,7980000,100,7,8,115,49,51,5
SUPER_22,7990000,49,3,4,56,28,21,3.142857
SUPER_22,8000000,131,9,12,152,76,55,4.952381
SUPER_22,8010000,88,4,7,99,38,50,4.4545455
SUPER_22,8020000,0,0,0,0,0,0,0
SUPER_22,8030000,0,0,0,0,0,0,0
SUPER_22,8040000,0,0,0,0,0,0,0
SUPER_22,8050000,0,0,0,0,0,0,0
SUPER_22,8060000,57,4,7,68,24,33,21.90909
SUPER_22,8070000,13,5,5,23,9,4,2.8
SUPER_22,8080000,114,8,7,129,63,51,3.7333333
SUPER_22,8090000,4,0,2,6,1,3,5.5
SUPER_22,8100000,45,3,4,52,21,24,2.142857
SUPER_22,8110000,65,7,5,77,28,37,1.3333334
SUPER_22,8120000,5,1,2,8,1,4,4
SUPER_22,8130000,12,1,2,15,2,10,2
SUPER_22,8140000,30,4,4,38,20,10,4.25
SUPER_22,8150000,32,4,5,41,15,17,3.2222223
SUPER_22,8160000,11,0,2,13,4,7,5
SUPER_22,8170000,85,12,12,109,41,44,2.875
SUPER_22,8180000,1,0,0,1,1,0,NaN
SUPER_22,8190000,3,2,1,6,1,2,12.333333
SUPER_22,8200000,36,1,6,43,18,18,1.2857143
SUPER_22,8210000,20,1,1,22,7,13,3.5
SUPER_22,8220000,73,8,5,86,44,29,8.230769
SUPER_22,8230000,102,10,7,119,58,44,6.352941
SUPER_22,8240000,71,2,5,78,35,36,3.142857
SUPER_22,8250000,1,0,0,1,0,1,NaN
SUPER_22,8260000,0,1,0,1,0,0,1
SUPER_22,8270000,1,1,0,2,0,1,1
SUPER_22,8280000,1,0,0,1,0,1,NaN
SUPER_22,8290000,1,1,0,2,1,0,1
SUPER_22,8300000,3,1,1,5,1,2,1
SUPER_22,8310000,78,8,8,94,33,45,6.0625
SUPER_22,8320000,124,9,7,140,64,60,7.875
SUPER_22,8330000,99,8,8,115,41,58,11.75
SUPER_22,8340000,184,12,17,213,104,80,2.8275862
SUPER_22,8350000,61,4,7,72,27,34,7.7272725
SUPER_22,8360000,154,11,10,175,81,73,19.761906
SUPER_22,8370000,62,4,10,76,33,29,7.142857
SUPER_22,8380000,68,7,12,87,31,37,4.9473686
SUPER_22,8390000,114,9,6,129,58,56,5.866667
SUPER_22,8400000,131,7,10,148,65,66,6.647059
SUPER_22,8410000,132,11,8,151,65,67,6.4210525
SUPER_22,8420000,54,3,1,58,25,29,1.75
SUPER_22,8430000,15,0,3,18,8,7,3.3333333
SUPER_22,8440000,2,1,0,3,0,2,2
SUPER_22,8450000,1,0,0,1,0,1,NaN
SUPER_22,8460000,3,0,0,3,2,1,NaN
SUPER_22,8470000,0,0,1,1,0,0,1
SUPER_22,8480000,2,0,0,2,2,0,NaN
SUPER_22,8490000,2,0,0,2,2,0,NaN
SUPER_22,8500000,57,2,2,61,24,33,12.75
SUPER_22,8510000,153,11,10,174,69,84,8.238095
SUPER_22,8520000,127,17,13,157,69,58,7.866667
SUPER_22,8530000,177,9,10,196,97,80,6.4736843
SUPER_22,8540000,154,8,9,171,81,73,12.176471
SUPER_22,8550000,93,9,6,108,38,55,8.066667
SUPER_22,8560000,115,8,10,133,58,57,7.2222223
SUPER_22,8570000,98,2,11,111,55,43,5.6153846
SUPER_22,8580000,117,4,12,133,65,52,18.1875
SUPER_22,8590000,115,11,8,134,68,47,2.8421052
SUPER_22,8600000,86,6,6,98,49,37,5.6666665
SUPER_22,8610000,1,0,0,1,0,1,NaN
SUPER_22,8620000,61,3,6,70,39,22,21.444445
SUPER_22,8630000,111,8,7,126,65,46,6.866667
SUPER_22,8640000,35,3,1,39,12,23,6
SUPER_22,8650000,131,18,18,167,65,66,5.3333335
SUPER_22,8660000,74,10,1,85,39,35,3.7272727
SUPER_22,8670000,49,6,1,56,23,26,3.5714285
SUPER_22,8680000,157,10,16,183,71,86,6.1153846
SUPER_22,8690000,157,18,11,186,77,80,20.51724
SUPER_22,8700000,159,19,9,187,72,87,4.678571
SUPER_22,8710000,111,11,6,128,53,58,30.529411
SUPER_22,8720000,131,6,10,147,59,72,19
SUPER_22,8730000,167,11,14,192,83,84,2.4
SUPER_22,8740000,9,1,1,11,3,6,1.5
SUPER_22,8750000,1,1,0,2,1,0,1
SUPER_22,8760000,0,1,0,1,0,0,1
SUPER_22,8770000,77,5,7,89,40,37,6
SUPER_22,8780000,173,13,11,197,77,96,7.8333335
SUPER_22,8790000,126,7,6,139,63,63,3.6153846
SUPER_22,8800000,101,13,12,126,43,58,5.6
SUPER_22,8810000,23,4,2,29,13,10,12.166667
SUPER_22,8820000,2,0,0,2,1,1,NaN
SUPER_22,8830000,1,1,1,3,0,1,19.5
SUPER_22,8840000,3,1,0,4,1,2,2
SUPER_22,8850000,160,7,15,182,82,78,5.9545455
SUPER_22,8860000,119,12,8,139,56,63,7.9
SUPER_22,8870000,1,0,2,3,1,0,3
SUPER_22,8880000,66,7,6,79,36,30,3.4615386
SUPER_22,8890000,140,13,8,161,61,79,7.6190476
SUPER_22,8900000,44,4,3,51,18,26,3.5714285
SUPER_22,8910000,180,12,17,209,81,99,2.5517242
SUPER_22,8920000,91,6,7,104,43,48,9.230769
SUPER_22,8930000,5,0,0,5,2,3,NaN
SUPER_22,8940000,121,5,12,138,69,52,19.882353
SUPER_22,8950000,120,8,10,138,54,66,10.888889
SUPER_22,8960000,2,1,0,3,0,2,1
SUPER_22,8970000,1,0,0,1,0,1,NaN
SUPER_22,8980000,4,0,0,4,1,3,NaN
SUPER_22,8990000,3,1,0,4,2,1,4
SUPER_22,9000000,181,12,8,201,110,71,7.7
SUPER_22,9010000,143,11,12,166,73,70,6.9565215
SUPER_22,9020000,4,1,0,5,3,1,1
SUPER_22,9030000,0,1,0,1,0,0,4
SUPER_22,9040000,0,1,2,3,0,0,1.6666666
SUPER_22,9050000,36,2,7,45,21,15,9.666667
SUPER_22,9060000,159,11,26,196,68,91,7.4324327
SUPER_22,9070000,71,8,3,82,31,40,4.7272725
SUPER_22,9080000,76,5,7,88,35,41,33.25
SUPER_22,9090000,1,0,0,1,1,0,NaN
SUPER_22,9100000,1,1,1,3,0,1,2
SUPER_22,9110000,3,0,0,3,2,1,NaN
SUPER_22,9120000,82,3,5,90,39,43,2.5
SUPER_22,9130000,96,12,8,116,55,41,9.95
SUPER_22,9140000,103,11,2,116,62,41,5.4615383
SUPER_22,9150000,97,9,8,114,51,46,3.9411764
SUPER_22,9160000,150,13,9,172,78,72,5.181818
SUPER_22,9170000,117,13,15,145,68,49,37.142857
SUPER_22,9180000,39,2,6,47,21,18,5.875
SUPER_22,9190000,41,3,5,49,20,21,2.375
SUPER_22,9200000,55,3,7,65,20,35,5
SUPER_22,9210000,118,12,2,132,54,64,2.642857
SUPER_22,9220000,85,10,15,110,45,40,15.28
SUPER_22,9230000,60,2,4,66,27,33,2.6666667
SUPER_22,9240000,125,13,8,146,69,56,5.714286
SUPER_22,9250000,127,10,10,147,62,65,18
SUPER_22,9260000,0,1,0,1,0,0,6
SUPER_22,9270000,2,0,0,2,1,1,NaN
SUPER_22,9280000,1,0,0,1,0,1,NaN
SUPER_22,9290000,34,1,4,39,19,15,3
SUPER_22,9300000,197,9,13,219,96,101,14.818182
SUPER_22,9310000,83,6,10,99,39,44,6.25
SUPER_22,9320000,64,4,8,76,32,32,18.583334
SUPER_22,9330000,86,6,4,96,45,41,3.3
SUPER_22,9340000,75,8,13,96,41,34,11.238095
SUPER_22,9350000,55,4,5,64,30,25,7.5555553
SUPER_22,9360000,0,0,0,0,0,0,0
SUPER_22,9370000,0,0,0,0,0,0,0
SUPER_22,9380000,0,0,0,0,0,0,0
SUPER_22,9390000,0,0,0,0,0,0,0
SUPER_22,9400000,1,1,1,3,0,1,2
SUPER_22,9410000,52,4,2,58,25,27,5.3333335
SUPER_22,9420000,0,0,0,0,0,0,0
SUPER_22,9430000,0,0,0,0,0,0,0
SUPER_22,9440000,130,11,7,148,62,68,3.8888888
SUPER_22,9450000,4,0,0,4,2,2,NaN
SUPER_22,9460000,88,1,9,98,42,46,2.7
SUPER_22,9470000,0,0,0,0,0,0,0
SUPER_22,9480000,0,0,0,0,0,0,0
SUPER_22,9490000,13,2,4,19,8,5,8
SUPER_22,9500000,2,0,1,3,1,1,2
SUPER_22,9510000,30,3,0,33,13,17,17
SUPER_22,9520000,47,3,2,52,25,22,4.4
SUPER_22,9530000,26,1,3,30,10,16,6.75
SUPER_22,9540000,0,2,0,2,0,0,25
SUPER_22,9550000,32,2,4,38,14,18,3.5
SUPER_22,9560000,120,10,4,134,56,64,2.9285715
SUPER_22,9570000,117,6,6,129,62,55,2.5833333
SUPER_22,9580000,88,10,5,103,40,48,2.2
SUPER_22,9590000,67,3,3,73,27,40,9.833333
SUPER_22,9600000,57,4,1,62,35,22,2.8
SUPER_22,9610000,165,8,10,183,77,88,8.944445
SUPER_22,9620000,152,10,13,175,72,80,5.347826
SUPER_22,9630000,141,10,9,160,80,61,10.789474
SUPER_22,9640000,92,8,5,105,51,41,11.923077
SUPER_22,9650000,14,0,1,15,8,6,1
SUPER_22,9660000,47,5,1,53,16,31,3.8333333
SUPER_22,9670000,90,8,9,107,47,43,3.4705882
SUPER_22,9680000,28,0,2,30,13,15,7.5
SUPER_22,9690000,146,13,7,166,64,82,4.7
SUPER_22,9700000,33,2,1,36,18,15,1.6666666
SUPER_22,9710000,54,5,3,62,28,26,8.75
SUPER_22,9720000,85,5,10,100,46,39,8.4
SUPER_22,9730000,1,0,1,2,1,0,3
SUPER_22,9740000,2,0,2,4,1,1,8
SUPER_22,9750000,6,0,0,6,2,4,NaN
SUPER_22,9760000,1,1,0,2,0,1,2
SUPER_22,9770000,3,1,0,4,1,2,1
SUPER_22,9780000,2,0,0,2,0,2,NaN
SUPER_22,9790000,105,6,7,118,58,47,5.1538463
SUPER_22,9800000,113,9,12,134,56,57,38.42857
SUPER_22,9810000,174,6,16,196,92,82,7
SUPER_22,9820000,85,6,9,100,49,36,15.866667
SUPER_22,9830000,56,3,1,60,26,30,2.75
SUPER_22,9840000,71,2,2,75,42,29,11
SUPER_22,9850000,152,17,8,177,87,65,19.24
SUPER_22,9860000,97,5,7,109,49,48,50.833332
SUPER_22,9870000,26,1,3,30,19,7,2.5
SUPER_22,9880000,56,4,2,62,22,34,7.1666665
SUPER_22,9890000,2,0,1,3,1,1,1
SUPER_22,9900000,60,9,5,74,22,38,4.214286
SUPER_22,9910000,13,2,2,17,7,6,18.75
SUPER_22,9920000,27,3,5,35,16,11,3
SUPER_22,9930000,17,4,0,21,9,8,4
SUPER_22,9940000,93,1,6,100,50,43,36.285713
SUPER_22,9950000,88,8,9,105,45,43,20.235294
SUPER_22,9960000,26,1,0,27,13,13,9
SUPER_22,9970000,2,0,1,3,1,1,7
SUPER_22,9980000,54,5,7,66,31,23,4.8333335
SUPER_22,9990000,57,5,4,66,29,28,2.5555556
SUPER_22,10000000,83,9,11,103,40,43,6.2
SUPER_22,10010000,221,22,17,260,124,97,7.3846154
SUPER_22,10020000,91,10,11,112,32,59,4.714286
SUPER_22,10030000,88,7,17,112,41,47,28.041666
SUPER_22,10040000,8,1,2,11,4,4,3.3333333
SUPER_22,10050000,123,17,9,149,72,51,8.576923
SUPER_22,10060000,155,14,8,177,79,76,6.318182
SUPER_22,10070000,96,9,9,114,51,45,10.388889
SUPER_22,10080000,78,7,4,89,43,35,4.2727275
SUPER_22,10090000,90,7,10,107,53,37,7.470588
SUPER_22,10100000,103,7,6,116,45,58,9.153846
SUPER_22,10110000,0,0,0,0,0,0,0
SUPER_22,10120000,0,0,0,0,0,0,0
SUPER_22,10130000,83,7,6,96,45,38,5.923077
SUPER_22,10140000,66,8,4,78,30,36,3
SUPER_22,10150000,117,8,11,136,59,58,26.578947
SUPER_22,10160000,110,4,7,121,67,43,7.2727275
SUPER_22,10170000,122,5,14,141,59,63,8.473684
SUPER_22,10180000,170,19,7,196,89,81,7.6923075
SUPER_22,10190000,113,19,11,143,50,63,10.233334
SUPER_22,10200000,125,9,5,139,59,66,7.428571
SUPER_22,10210000,114,3,8,125,47,67,16.181818
SUPER_22,10220000,95,8,9,112,46,49,24.058823
SUPER_22,10230000,14,0,0,14,8,6,NaN
SUPER_22,10240000,4,1,0,5,0,4,12
SUPER_22,10250000,6,2,2,10,3,3,4
SUPER_22,10260000,0,0,0,0,0,0,0
SUPER_22,10270000,0,0,0,0,0,0,0
SUPER_22,10280000,2,1,0,3,0,2,11
SUPER_22,10290000,0,1,0,1,0,0,8
SUPER_22,10300000,1,1,0,2,1,0,2
SUPER_22,10310000,2,1,0,3,2,0,2
SUPER_22,10320000,113,12,14,139,51,62,6.5384617
SUPER_22,10330000,56,4,3,63,35,21,2.142857
SUPER_22,10340000,11,1,1,13,3,8,2.5
SUPER_22,10350000,1,0,0,1,1,0,NaN
SUPER_22,10360000,2,0,0,2,0,2,NaN
SUPER_22,10370000,17,2,1,20,7,10,1
SUPER_22,10380000,0,0,0,0,0,0,0
SUPER_22,10390000,0,0,0,0,0,0,0
SUPER_22,10400000,103,12,6,121,44,59,4
SUPER_22,10410000,45,4,6,55,20,25,20.1
SUPER_22,10420000,81,6,5,92,40,41,2.090909
SUPER_22,10430000,5,2,1,8,3,2,8
SUPER_22,10440000,0,0,0,0,0,0,0
SUPER_22,10450000,0,0,0,0,0,0,0
SUPER_22,10460000,9,2,0,11,6,3,21.5
SUPER_22,10470000,49,3,7,59,28,21,1.1
SUPER_22,10480000,17,4,6,27,11,6,5.1
SUPER_22,10490000,27,2,5,34,13,14,2
SUPER_22,10500000,65,7,6,78,32,33,6.923077
SUPER_22,10510000,54,6,1,61,25,29,6.571429
SUPER_22,10520000,36,5,3,44,17,19,8.625
SUPER_22,10530000,61,5,6,72,29,32,6.4545455
SUPER_22,10540000,73,9,6,88,39,34,3.8
SUPER_22,10550000,112,5,9,126,57,55,3.7857144
SUPER_22,10560000,66,5,10,81,28,38,6.266667
SUPER_22,10570000,58,3,5,66,26,32,9.375
SUPER_22,10580000,35,2,2,39,19,16,1
SUPER_22,10590000,1,0,1,2,0,1,4
SUPER_22,10600000,0,0,0,0,0,0,0
SUPER_22,10610000,0,0,0,0,0,0,0
SUPER_22,10620000,1,2,0,3,1,0,1.5
SUPER_22,10630000,2,0,0,2,2,0,NaN
SUPER_22,10640000,48,6,4,58,21,27,16.4
SUPER_22,10650000,109,8,6,123,54,55,3.7857144
SUPER_22,10660000,135,11,10,156,77,58,12.761905
SUPER_22,10670000,47,4,5,56,24,23,2.7777777
SUPER_22,10680000,60,2,5,67,23,37,4.142857
SUPER_22,10690000,2,0,0,2,2,0,NaN
SUPER_22,10700000,95,3,6,104,51,44,5.7777777
SUPER_22,10710000,127,8,4,139,65,62,20.416666
SUPER_22,10720000,96,5,10,111,49,47,10.4
SUPER_22,10730000,70,7,7,84,39,31,11.071428
SUPER_22,10740000,13,2,0,15,6,7,3
SUPER_22,10750000,86,8,8,102,33,53,8.8125
SUPER_22,10760000,35,8,4,47,18,17,3
SUPER_22,10770000,92,6,6,104,45,47,5.6666665
SUPER_22,10780000,23,2,0,25,11,12,2
SUPER_22,10790000,1,1,0,2,0,1,26
SUPER_22,10800000,78,5,5,88,41,37,5.9
SUPER_22,10810000,134,13,10,157,67,67,7.2173915
SUPER_22,10820000,78,3,7,88,42,36,5.5
SUPER_22,10830000,12,1,1,14,7,5,18.5
SUPER_22,10840000,149,6,9,164,66,83,31.066668
SUPER_22,10850000,36,4,2,42,20,16,11.833333
SUPER_22,10860000,2,0,0,2,2,0,NaN
SUPER_22,10870000,139,11,8,158,66,73,12.684211
SUPER_22,10880000,115,5,8,128,64,51,11.461538
SUPER_22,10890000,107,8,10,125,59,48,14.555555
SUPER_22,10900000,124,10,11,145,65,59,8.190476
SUPER_22,10910000,69,7,7,83,35,34,4.642857
SUPER_22,10920000,123,10,11,144,59,64,4.285714
SUPER_22,10930000,97,11,4,112,36,61,9
SUPER_22,10940000,50,6,10,66,23,27,4.625
SUPER_22,10950000,56,13,11,80,33,23,16.625
SUPER_22,10960000,72,5,9,86,32,40,12.714286
SUPER_22,10970000,34,4,2,40,19,15,3.6666667
SUPER_22,10980000,1,0,1,2,1,0,1
SUPER_22,10990000,1,0,0,1,1,0,NaN
SUPER_22,11000000,53,7,10,70,27,26,8.3529415
SUPER_22,11010000,115,6,7,128,54,61,5.769231
SUPER_22,11020000,89,6,4,99,46,43,7.1
SUPER_22,11030000,19,2,2,23,9,10,2
SUPER_22,11040000,20,4,0,24,10,10,7
SUPER_22,11050000,0,1,0,1,0,0,1
SUPER_22,11060000,1,0,0,1,0,1,NaN
SUPER_22,11070000,3,1,0,4,1,2,1
SUPER_22,11080000,0,0,0,0,0,0,0
SUPER_22,11090000,0,0,0,0,0,0,0
SUPER_22,11100000,0,0,0,0,0,0,0
SUPER_22,11110000,98,3,7,108,51,47,3.9
SUPER_22,11120000,90,9,12,111,41,49,3.3333333
SUPER_22,11130000,33,1,1,35,14,19,34
SUPER_22,11140000,65,3,1,69,38,27,7
SUPER_22,11150000,121,12,12,145,65,56,5.25
SUPER_22,11160000,73,6,8,87,36,37,5.142857
SUPER_22,11170000,54,5,9,68,35,19,3.357143
SUPER_22,11180000,43,3,4,50,28,15,7.142857
SUPER_22,11190000,135,9,12,156,68,67,18.761906
SUPER_22,11200000,2,0,1,3,1,1,1
SUPER_22,11210000,44,1,4,49,18,26,8
SUPER_22,11220000,112,8,6,126,60,52,10
SUPER_22,11230000,29,1,2,32,18,11,1.3333334
SUPER_22,11240000,29,1,0,30,18,11,22
SUPER_22,11250000,121,10,8,139,63,58,17.5
SUPER_22,11260000,2,0,1,3,2,0,1
SUPER_22,11270000,151,6,7,164,77,74,7
SUPER_22,11280000,64,5,5,74,34,30,9.9
SUPER_22,11290000,24,1,1,26,11,13,3.5
SUPER_22,11300000,1,1,1,3,1,0,8
SUPER_22,11310000,5,3,1,9,3,2,11.5
SUPER_22,11320000,97,9,6,112,51,46,4.866667
SUPER_22,11330000,13,0,3,16,6,7,7.3333335
SUPER_22,11340000,88,10,6,104,47,41,18.5
SUPER_22,11350000,104,10,7,121,52,52,19.882353
SUPER_22,11360000,159,9,18,186,63,96,9.185185
SUPER_22,11370000,16,3,3,22,5,11,1.1666666
SUPER_22,11380000,121,10,4,135,58,63,4.142857
SUPER_22,11390000,92,13,11,116,37,55,3.625
SUPER_22,11400000,97,12,9,118,46,51,9.142858
SUPER_22,11410000,5,0,0,5,2,3,NaN
SUPER_22,11420000,0,1,0,1,0,0,1
SUPER_22,11430000,76,8,3,87,40,36,3.090909
SUPER_22,11440000,107,13,11,131,58,49,15.333333
SUPER_22,11450000,94,7,3,104,42,52,3.4
SUPER_22,11460000,117,12,12,141,56,61,33.75
SUPER_22,11470000,168,21,10,199,72,96,4.225806
SUPER_22,11480000,1,0,0,1,1,0,NaN
SUPER_22,11490000,34,6,3,43,17,17,10.555555
SUPER_22,11500000,98,7,9,114,49,49,14.8125
SUPER_22,11510000,120,8,4,132,65,55,31.75
SUPER_22,11520000,171,9,14,194,97,74,5.2173915
SUPER_22,11530000,138,11,13,162,57,81,5.4166665
SUPER_22,11540000,70,11,6,87,41,29,7.7647057
SUPER_22,11550000,52,5,5,62,20,32,13.3
SUPER_22,11560000,3,1,1,5,2,1,3.5
SUPER_22,11570000,4,0,0,4,0,4,NaN
SUPER_22,11580000,130,13,7,150,65,65,4.65
SUPER_22,11590000,97,5,9,111,50,47,45.5
SUPER_22,11600000,120,13,17,150,68,52,4.0333333
SUPER_22,11610000,89,10,7,106,45,44,6.7058825
SUPER_22,11620000,193,19,9,221,81,112,4.821429
SUPER_22,11630000,197,14,15,226,100,97,4.7586207
SUPER_22,11640000,107,8,15,130,40,67,6.521739
SUPER_22,11650000,5,0,0,5,2,3,NaN
SUPER_22,11660000,2,0,0,2,2,0,NaN
SUPER_22,11670000,0,1,0,1,0,0,8
SUPER_22,11680000,1,0,0,1,1,0,NaN
SUPER_22,11690000,4,0,0,4,1,3,NaN
SUPER_22,11700000,1,0,0,1,1,0,NaN
SUPER_22,11710000,1,0,3,4,1,0,11.333333
SUPER_22,11720000,0,0,1,1,0,0,1
SUPER_22,11730000,18,0,1,19,13,5,8
SUPER_22,11740000,115,8,4,127,57,58,18.666666
SUPER_22,11750000,157,16,15,188,89,68,4.967742
SUPER_22,11760000,120,8,10,138,62,58,5.111111
SUPER_22,11770000,107,5,7,119,50,57,4.1666665
SUPER_22,11780000,136,13,11,160,76,60,7.5
SUPER_22,11790000,38,3,2,43,20,18,5.4
SUPER_22,11800000,38,1,2,41,18,20,2
SUPER_22,11810000,96,11,9,116,51,45,25.85
SUPER_22,11820000,84,9,8,101,47,37,5.4117646
SUPER_22,11830000,105,7,4,116,47,58,2.090909
SUPER_22,11840000,28,4,3,35,11,17,4.857143
SUPER_22,11850000,53,4,3,60,32,21,67.71429
SUPER_22,11860000,15,2,0,17,7,8,5
SUPER_22,11870000,118,7,13,138,55,63,38.9
SUPER_22,11880000,115,11,9,135,62,53,4.4
SUPER_22,11890000,100,14,5,119,51,49,7.6842103
SUPER_22,11900000,0,0,0,0,0,0,0
SUPER_22,11910000,0,0,0,0,0,0,0
SUPER_22,11920000,138,22,17,177,62,76,4.205128
SUPER_22,11930000,1,0,0,1,1,0,NaN
SUPER_22,11940000,0,2,0,2,0,0,2
SUPER_22,11950000,41,2,2,45,22,19,3
SUPER_22,11960000,134,14,11,159,64,70,5.44
SUPER_22,11970000,64,7,8,79,36,28,6.4666667
SUPER_22,11980000,73,10,6,89,32,41,9.3125
SUPER_22,11990000,118,4,11,133,61,57,16.666666
SUPER_22,12000000,80,5,7,92,45,35,11.666667
SUPER_22,12010000,102,4,8,114,55,47,6.5833335
SUPER_22,12020000,114,6,6,126,64,50,6.5833335
SUPER_22,12030000,156,11,10,177,74,82,51.857143
SUPER_22,12040000,157,14,14,185,68,89,7.857143
SUPER_22,12050000,87,6,15,108,47,40,5.2380953
SUPER_22,12060000,1,0,0,1,0,1,NaN
SUPER_22,12070000,113,13,7,133,57,56,5.9
SUPER_22,12080000,70,6,2,78,39,31,7.125
SUPER_22,12090000,48,1,5,54,18,30,3
SUPER_22,12100000,83,3,6,92,43,40,6.5555553
SUPER_22,12110000,21,0,1,22,4,17,35
SUPER_22,12120000,104,10,10,124,54,50,6.9
SUPER_22,12130000,143,5,11,159,71,72,4.5625
SUPER_22,12140000,146,14,9,169,70,76,8.347826
SUPER_22,12150000,58,6,1,65,26,32,4.714286
SUPER_22,12160000,62,2,9,73,27,35,17
SUPER_22,12170000,68,8,10,86,31,37,16.166666
SUPER_22,12180000,82,12,7,101,34,48,10.105263
SUPER_22,12190000,129,10,18,157,63,66,14.75
SUPER_22,12200000,40,3,4,47,18,22,3.4285715
SUPER_22,12210000,81,12,14,107,40,41,4.6538463
SUPER_22,12220000,89,5,13,107,46,43,3
SUPER_22,12230000,77,10,7,94,34,43,5.4117646
SUPER_22,12240000,44,5,7,56,24,20,11.416667
SUPER_22,12250000,43,6,5,54,19,24,6
SUPER_22,12260000,91,9,11,111,50,41,13.6
SUPER_22,12270000,104,6,5,115,57,47,8.909091
SUPER_22,12280000,122,10,9,141,59,63,46.894737
SUPER_22,12290000,94,5,6,105,45,49,11.454545
SUPER_22,12300000,140,12,4,156,79,61,5.5
SUPER_22,12310000,13,3,0,16,4,9,1.3333334
SUPER_22,12320000,33,1,4,38,13,20,3.2
SUPER_22,12330000,120,6,10,136,55,65,4.625
SUPER_22,12340000,160,16,11,187,85,75,4.5925927
SUPER_22,12350000,31,4,3,38,14,17,11
SUPER_22,12360000,108,7,10,125,52,56,10.235294
SUPER_22,12370000,111,9,10,130,58,53,11
SUPER_22,12380000,77,5,15,97,36,41,5.45
SUPER_22,12390000,116,7,10,133,49,67,16.647058
SUPER_22,12400000,85,11,7,103,36,49,3.1111112
SUPER_22,12410000,133,11,8,152,74,59,10.684211
SUPER_22,12420000,106,12,7,125,57,49,4.263158
SUPER_22,12430000,42,4,5,51,19,23,2.3333333
SUPER_22,12440000,0,2,0,2,0,0,3.5
SUPER_22,12450000,78,6,3,87,45,33,4.4444447
SUPER_22,12460000,117,11,6,134,49,68,7.0588236
SUPER_22,12470000,25,3,1,29,13,12,11.5
SUPER_22,12480000,26,5,3,34,13,13,3.375
SUPER_22,12490000,68,2,8,78,39,29,23.5
SUPER_22,12500000,179,9,11,199,86,93,7.05
SUPER_22,12510000,107,5,11,123,56,51,4.6875
SUPER_22,12520000,132,5,14,151,70,62,7.4210525
SUPER_22,12530000,113,9,9,131,53,60,7.0555553
SUPER_22,12540000,104,9,11,124,55,49,10.25
SUPER_22,12550000,148,10,16,174,90,58,4.923077
SUPER_22,12560000,125,10,7,142,63,62,12.764706
SUPER_22,12570000,3,2,0,5,2,1,1
SUPER_22,12580000,8,1,0,9,5,3,1
SUPER_22,12590000,130,10,7,147,56,74,9.176471
SUPER_22,12600000,105,6,7,118,57,48,5.3846154
SUPER_22,12610000,27,2,1,30,11,16,3.3333333
SUPER_22,12620000,10,3,1,14,7,3,2.75
SUPER_22,12630000,3,0,0,3,1,2,NaN
SUPER_22,12640000,2,1,1,4,1,1,1.5
SUPER_22,12650000,0,0,0,0,0,0,0
SUPER_22,12660000,0,0,0,0,0,0,0
SUPER_22,12670000,0,0,0,0,0,0,0
SUPER_22,12680000,0,0,0,0,0,0,0
SUPER_22,12690000,0,0,0,0,0,0,0
SUPER_22,12700000,0,0,0,0,0,0,0
SUPER_22,12710000,0,0,0,0,0,0,0
SUPER_22,12720000,13,2,2,17,3,10,2
SUPER_22,12730000,2,1,0,3,2,0,1
SUPER_22,12740000,2,0,1,3,2,0,1
SUPER_22,12750000,0,0,0,0,0,0,0
SUPER_22,12760000,0,0,0,0,0,0,0
SUPER_22,12770000,1,1,1,3,1,0,5
SUPER_22,12780000,63,17,10,90,34,29,4.4814816
SUPER_22,12790000,30,6,0,36,13,17,2
SUPER_22,12800000,136,13,6,155,63,73,5.631579
SUPER_22,12810000,50,3,2,55,28,22,17.6
SUPER_22,12820000,113,0,4,117,64,49,1
SUPER_22,12830000,0,0,0,0,0,0,0
SUPER_22,12840000,0,0,0,0,0,0,0
SUPER_22,12850000,121,8,7,136,60,61,11.066667
SUPER_22,12860000,0,0,0,0,0,0,0
SUPER_22,12870000,0,0,0,0,0,0,0
SUPER_22,12880000,79,6,2,87,45,34,4.75
SUPER_22,12890000,66,4,5,75,28,38,1.4444444
SUPER_22,12900000,45,5,7,57,18,27,15.083333
SUPER_22,12910000,100,5,4,109,54,46,4.2222223
SUPER_22,12920000,73,8,5,86,36,37,5.769231
SUPER_22,12930000,151,11,13,175,72,79,10.166667
SUPER_22,12940000,172,8,15,195,81,91,6.869565
SUPER_22,12950000,99,7,5,111,50,49,9
SUPER_22,12960000,38,4,4,46,18,20,10
SUPER_22,12970000,215,11,14,240,119,96,26.04
SUPER_22,12980000,53,9,3,65,19,34,5.3333335
SUPER_22,12990000,20,2,3,25,10,10,3.2
SUPER_22,13000000,94,10,5,109,44,50,9.533334
SUPER_22,13010000,156,9,10,175,94,62,5.368421
SUPER_22,13020000,158,12,10,180,78,80,5.318182
SUPER_22,13030000,79,7,4,90,38,41,8.545455
SUPER_22,13040000,60,2,3,65,34,26,22.8
SUPER_22,13050000,107,6,7,120,57,50,11.461538
SUPER_22,13060000,11,1,2,14,5,6,6
SUPER_22,13070000,156,14,8,178,84,72,5.0454545
SUPER_22,13080000,178,9,10,197,94,84,62.263157
SUPER_22,13090000,93,4,8,105,42,51,3.3333333
SUPER_22,13100000,57,3,4,64,32,25,1.4285715
SUPER_22,13110000,77,10,10,97,35,42,6
SUPER_22,13120000,112,7,8,127,55,57,4.9333334
SUPER_22,13130000,175,13,15,203,87,88,5.142857
SUPER_22,13140000,87,11,7,105,40,47,35.555557
SUPER_22,13150000,82,13,7,102,45,37,3.25
SUPER_22,13160000,75,13,6,94,46,29,6.4210525
SUPER_22,13170000,1,0,0,1,1,0,NaN
SUPER_22,13180000,87,5,10,102,44,43,5.3333335
SUPER_22,13190000,133,12,6,151,58,75,11.722222
SUPER_22,13200000,1,0,4,5,1,0,4
SUPER_22,13210000,8,5,0,13,3,5,5.4
SUPER_22,13220000,103,10,5,118,54,49,3.0666666
SUPER_22,13230000,120,4,5,129,63,57,22
SUPER_22,13240000,76,4,9,89,42,34,10.076923
SUPER_22,13250000,47,1,6,54,25,22,3.857143
SUPER_22,13260000,17,1,1,19,5,12,67
SUPER_22,13270000,0,0,0,0,0,0,0
SUPER_22,13280000,0,0,0,0,0,0,0
SUPER_22,13290000,0,0,0,0,0,0,0
SUPER_22,13300000,0,0,0,0,0,0,0
SUPER_22,13310000,0,0,0,0,0,0,0
SUPER_22,13320000,0,0,0,0,0,0,0
SUPER_22,13330000,4,1,1,6,2,2,2
SUPER_22,13340000,1,0,0,1,0,1,NaN
SUPER_22,13350000,1,0,0,1,1,0,NaN
SUPER_22,13360000,0,0,0,0,0,0,0
SUPER_22,13370000,0,0,0,0,0,0,0
SUPER_22,13380000,0,0,0,0,0,0,0
SUPER_22,13390000,0,0,0,0,0,0,0
SUPER_22,13400000,0,0,0,0,0,0,0
SUPER_22,13410000,0,0,0,0,0,0,0
SUPER_22,13420000,0,0,0,0,0,0,0
SUPER_22,13430000,4,0,2,6,3,1,1.5
SUPER_22,13440000,4,0,0,4,1,3,NaN
SUPER_22,13450000,25,3,2,30,11,14,1.2
SUPER_22,13460000,125,6,12,143,74,51,7.7777777
SUPER_22,13470000,96,3,9,108,58,38,11.333333
SUPER_22,13480000,57,4,3,64,24,33,4.571429
SUPER_22,13490000,58,6,4,68,33,25,12.4
SUPER_22,13500000,106,11,7,124,59,47,15.111111
SUPER_22,13510000,50,7,3,60,21,29,13.7
SUPER_22,13520000,2,1,0,3,1,1,1
SUPER_22,13530000,4,0,1,5,2,2,4
SUPER_22,13540000,5,1,0,6,3,2,8
SUPER_22,13550000,3,1,0,4,2,1,1
SUPER_22,13560000,3,0,0,3,2,1,NaN
SUPER_22,13570000,39,5,3,47,14,25,18.75
SUPER_22,13580000,56,0,4,60,33,23,8.75
SUPER_22,13590000,35,1,0,36,21,14,5
SUPER_22,13600000,41,0,6,47,19,22,5.6666665
SUPER_22,13610000,1,0,0,1,1,0,NaN
SUPER_22,13620000,2,0,0,2,1,1,NaN
SUPER_22,13630000,2,0,0,2,1,1,NaN
SUPER_22,13640000,71,2,9,82,34,37,6.6363635
SUPER_22,13650000,37,2,1,40,18,19,15.333333
SUPER_22,13660000,15,3,4,22,10,5,58.142857
SUPER_22,13670000,22,4,1,27,7,15,8
SUPER_22,13680000,52,2,3,57,24,28,6.6
SUPER_22,13690000,0,0,0,0,0,0,0
SUPER_22,13700000,0,0,0,0,0,0,0
SUPER_22,13710000,26,3,1,30,15,11,4.5
SUPER_22,13720000,0,0,0,0,0,0,0
SUPER_22,13730000,0,0,0,0,0,0,0
SUPER_22,13740000,53,6,11,70,23,30,11.764706
SUPER_22,13750000,20,2,5,27,8,12,60.714287
SUPER_22,13760000,22,3,1,26,10,12,4
SUPER_22,13770000,137,11,11,159,68,69,6.681818
SUPER_22,13780000,88,6,6,100,38,50,12.416667
SUPER_22,13790000,11,1,1,13,6,5,2
SUPER_22,13800000,66,6,5,77,36,30,3.090909
SUPER_22,13810000,37,1,8,46,17,20,35.22222
SUPER_22,13820000,5,3,0,8,3,2,5
SUPER_22,13830000,134,12,12,158,76,58,5.625
SUPER_22,13840000,8,1,2,11,3,5,12.333333
SUPER_22,13850000,92,8,9,109,54,38,10.294118
SUPER_22,13860000,77,3,3,83,39,38,2
SUPER_22,13870000,139,8,10,157,75,64,4.611111
SUPER_22,13880000,94,12,2,108,43,51,3.5
SUPER_22,13890000,96,4,4,104,41,55,5.75
SUPER_22,13900000,12,1,1,14,5,7,3
SUPER_22,13910000,19,1,3,23,12,7,17.25
SUPER_22,13920000,12,1,1,14,5,7,4.5
SUPER_22,13930000,58,3,6,67,36,22,12.666667
SUPER_22,13940000,51,8,5,64,30,21,4.769231
SUPER_22,13950000,214,14,14,242,128,86,10.142858
SUPER_22,13960000,94,7,7,108,44,50,3.7142856
SUPER_22,13970000,132,12,17,161,58,74,10.172414
SUPER_22,13980000,78,3,7,88,32,46,9.8
SUPER_22,13990000,4,0,1,5,2,2,23
SUPER_22,14000000,0,0,0,0,0,0,0
SUPER_22,14010000,0,0,0,0,0,0,0
SUPER_22,14020000,5,1,2,8,4,1,8
SUPER_22,14030000,2,0,2,4,1,1,1
SUPER_22,14040000,1,0,0,1,1,0,NaN
SUPER_22,14050000,0,0,0,0,0,0,0
SUPER_22,14060000,0,0,0,0,0,0,0
SUPER_22,14070000,1,2,1,4,1,0,11.333333
SUPER_22,14080000,30,2,0,32,20,10,12
SUPER_22,14090000,68,5,4,77,36,32,3.4444444
SUPER_22,14100000,3,1,1,5,1,2,5
SUPER_22,14110000,2,0,0,2,0,2,NaN
SUPER_22,14120000,78,4,4,86,40,38,5.125
SUPER_22,14130000,102,8,7,117,48,54,3.6
SUPER_22,14140000,137,11,16,164,68,69,8.111111
SUPER_22,14150000,136,18,16,170,72,64,11.588235
SUPER_22,14160000,62,3,6,71,37,25,5.7777777
SUPER_22,14170000,5,0,0,5,1,4,NaN
SUPER_22,14180000,106,4,12,122,57,49,7.4375
SUPER_22,14190000,53,4,9,66,22,31,4.3076925
SUPER_22,14200000,54,1,3,58,24,30,3.25
SUPER_22,14210000,102,12,3,117,50,52,4.3333335
SUPER_22,14220000,51,4,4,59,28,23,2
SUPER_22,14230000,46,0,0,46,35,11,NaN
SUPER_22,14240000,2,1,1,4,0,2,4
SUPER_22,14250000,2,2,1,5,0,2,2
SUPER_22,14260000,3,0,0,3,2,1,NaN
SUPER_22,14270000,3,1,1,5,1,2,17.5
SUPER_22,14280000,1,1,0,2,0,1,1
SUPER_22,14290000,1,0,0,1,0,1,NaN
SUPER_22,14300000,7,0,1,8,4,3,1
SUPER_22,14310000,70,5,7,82,41,29,65.416664
SUPER_22,14320000,17,1,0,18,10,7,1
SUPER_22,14330000,4,0,0,4,2,2,NaN
SUPER_22,14340000,109,12,9,130,54,55,10.333333
SUPER_22,14350000,108,14,5,127,67,41,6.894737
SUPER_22,14360000,37,8,1,46,18,19,1.8888888
SUPER_22,14370000,115,9,8,132,51,64,4.0588236
SUPER_22,14380000,100,9,10,119,50,50,4.736842
SUPER_22,14390000,61,9,6,76,27,34,5.6666665
SUPER_22,14400000,83,10,3,96,34,49,6.076923
SUPER_22,14410000,96,9,4,109,46,50,22.76923
SUPER_22,14420000,172,9,15,196,92,80,18.208334
SUPER_22,14430000,107,11,15,133,51,56,6.3846154
SUPER_22,14440000,20,0,3,23,9,11,6.6666665
SUPER_22,14450000,99,14,6,119,44,55,33.05
SUPER_22,14460000,55,9,2,66,24,31,8
SUPER_22,14470000,2,0,1,3,2,0,2
SUPER_22,14480000,174,10,21,205,89,85,28.193548
SUPER_22,14490000,191,16,13,220,94,97,10.034483
SUPER_22,14500000,24,1,2,27,10,14,37
SUPER_22,14510000,32,1,2,35,15,17,1
SUPER_22,14520000,39,1,2,42,15,24,1.6666666
SUPER_22,14530000,143,14,10,167,60,83,5.7083335
SUPER_22,14540000,67,8,6,81,30,37,3.2857144
SUPER_22,14550000,79,6,6,91,37,42,3.1666667
SUPER_22,14560000,103,12,8,123,49,54,4.3
SUPER_22,14570000,151,6,17,174,87,64,2.7826087
SUPER_22,14580000,37,2,3,42,15,22,4.4
SUPER_22,14590000,123,5,11,139,68,55,4.125
SUPER_22,14600000,113,10,6,129,56,57,10.25
SUPER_22,14610000,11,2,3,16,5,6,4
SUPER_22,14620000,173,16,15,204,100,73,6.774194
SUPER_22,14630000,2,1,0,3,1,1,2
SUPER_22,14640000,3,0,1,4,1,2,8
SUPER_22,14650000,117,4,8,129,62,55,3
SUPER_22,14660000,25,1,1,27,16,9,5.5
SUPER_22,14670000,151,14,11,176,72,79,13.88
SUPER_22,14680000,177,14,14,205,85,92,27.178572
SUPER_22,14690000,56,6,10,72,17,39,7.9375
SUPER_22,14700000,57,11,6,74,33,24,14.588235
SUPER_22,14710000,135,9,10,154,71,64,7.1578946
SUPER_22,14720000,109,8,6,123,54,55,37.857143
SUPER_22,14730000,94,8,7,109,51,43,7.2
SUPER_22,14740000,156,10,12,178,88,68,2.2272727
SUPER_22,14750000,122,11,8,141,66,56,9
SUPER_22,14760000,148,20,14,182,78,70,5.470588
SUPER_22,14770000,134,12,8,154,71,63,4.75
SUPER_22,14780000,77,3,3,83,42,35,6.6666665
SUPER_22,14790000,183,18,8,209,97,86,2.5769231
SUPER_22,14800000,56,4,10,70,24,32,5
SUPER_22,14810000,124,10,10,144,60,64,7.2
SUPER_22,14820000,0,0,0,0,0,0,0
SUPER_22,14830000,0,0,0,0,0,0,0
SUPER_22,14840000,139,9,8,156,85,54,24.235294
SUPER_22,14850000,75,7,1,83,40,35,3.125
SUPER_22,14860000,32,3,4,39,16,16,6.285714
SUPER_22,14870000,39,4,0,43,17,22,2.75
SUPER_22,14880000,139,12,5,156,79,60,6
SUPER_22,14890000,164,5,10,179,83,81,7.133333
SUPER_22,14900000,43,1,0,44,27,16,1
SUPER_22,14910000,41,2,2,45,23,18,10.5
SUPER_22,14920000,6,2,0,8,2,4,2.5
SUPER_22,14930000,4,0,0,4,2,2,NaN
SUPER_22,14940000,31,2,0,33,14,17,8
SUPER_22,14950000,29,2,2,33,11,18,1.75
SUPER_22,14960000,0,0,0,0,0,0,0
SUPER_22,14970000,0,0,0,0,0,0,0
SUPER_22,14980000,108,9,3,120,59,49,27.583334
SUPER_22,14990000,108,5,9,122,56,52,2.5714285
SUPER_22,15000000,132,14,6,152,77,55,6.5
SUPER_22,15010000,75,9,2,86,44,31,6.2727275
SUPER_22,15020000,109,12,8,129,53,56,6.55
SUPER_22,15030000,79,3,7,89,41,38,21.4
SUPER_22,15040000,130,10,10,150,71,59,4.85
SUPER_22,15050000,189,8,18,215,103,86,7.1923075
SUPER_22,15060000,111,11,14,136,52,59,13.32
SUPER_22,15070000,81,7,7,95,41,40,12.5
SUPER_22,15080000,72,7,7,86,35,37,11.214286
SUPER_22,15090000,124,6,6,136,66,58,6.5
SUPER_22,15100000,122,5,6,133,75,47,36.81818
SUPER_22,15110000,73,5,4,82,38,35,14.444445
SUPER_22,15120000,104,6,7,117,56,48,3.5384614
SUPER_22,15130000,158,12,14,184,72,86,8.884615
SUPER_22,15140000,113,9,11,133,56,57,4.25
SUPER_22,15150000,102,3,4,109,56,46,7.285714
SUPER_22,15160000,66,3,2,71,32,34,2.4
SUPER_22,15170000,4,2,1,7,2,2,16.333334
SUPER_22,15180000,20,5,2,27,6,14,6.714286
SUPER_22,15190000,36,0,1,37,20,16,2
SUPER_22,15200000,131,8,6,145,80,51,8.357142
SUPER_22,15210000,109,11,11,131,56,53,5.5454545
SUPER_22,15220000,55,5,1,61,28,27,6.5
SUPER_22,15230000,166,10,9,185,79,87,19.631578
SUPER_22,15240000,6,0,1,7,5,1,9
SUPER_22,15250000,90,4,3,97,44,46,4.714286
SUPER_22,15260000,56,2,2,60,24,32,7.25
SUPER_22,15270000,222,21,12,255,111,111,4.848485
SUPER_22,15280000,148,7,11,166,78,70,7.3333335
SUPER_22,15290000,66,8,4,78,31,35,5.8333335
SUPER_22,15300000,20,2,1,23,12,8,20.666666
SUPER_22,15310000,18,1,1,20,9,9,105
SUPER_22,15320000,3,1,0,4,2,1,1
SUPER_22,15330000,0,1,1,2,0,0,1
SUPER_22,15340000,1,0,1,2,0,1,1
SUPER_22,15350000,112,5,11,128,46,66,3.625
SUPER_22,15360000,81,7,6,94,42,39,17.384615
SUPER_22,15370000,5,0,0,5,1,4,NaN
SUPER_22,15380000,0,0,0,0,0,0,0
SUPER_22,15390000,0,0,0,0,0,0,0
SUPER_22,15400000,15,3,2,20,6,9,3.8
SUPER_22,15410000,43,5,2,50,21,22,10.285714
SUPER_22,15420000,1,0,1,2,1,0,1
SUPER_22,15430000,87,4,7,98,58,29,7.5454545
SUPER_22,15440000,37,2,1,40,25,12,3.3333333
SUPER_22,15450000,110,9,5,124,51,59,3.142857
SUPER_22,15460000,104,7,12,123,53,51,10.842105
SUPER_22,15470000,137,11,4,152,72,65,3.5333333
SUPER_22,15480000,97,6,10,113,53,44,4
SUPER_22,15490000,127,11,8,146,72,55,10.631579
SUPER_22,15500000,45,2,2,49,24,21,13.75
SUPER_22,15510000,44,1,1,46,25,19,16
SUPER_22,15520000,5,0,0,5,4,1,NaN
SUPER_22,15530000,1,1,1,3,1,0,1
SUPER_22,15540000,3,0,0,3,2,1,NaN
SUPER_22,15550000,125,8,12,145,61,64,5.1
SUPER_22,15560000,142,6,8,156,80,62,4.285714
SUPER_22,15570000,90,8,9,107,45,45,39.941177
SUPER_22,15580000,6,0,1,7,3,3,4
SUPER_22,15590000,4,1,0,5,2,2,3
SUPER_22,15600000,72,6,8,86,41,31,2.7142856
SUPER_22,15610000,63,4,4,71,35,28,1.75
SUPER_22,15620000,55,3,4,62,23,32,5.142857
SUPER_22,15630000,25,2,3,30,16,9,2
SUPER_22,15640000,130,6,9,145,82,48,25.2
SUPER_22,15650000,157,9,7,173,79,78,14
SUPER_22,15660000,44,9,1,54,22,22,4.8
SUPER_22,15670000,99,2,11,112,53,46,3.3846154
SUPER_22,15680000,117,3,3,123,64,53,121.5
SUPER_22,15690000,91,3,7,101,50,41,1.1
SUPER_22,15700000,113,10,6,129,54,59,11.125
SUPER_22,15710000,39,0,2,41,21,18,7.5
SUPER_22,15720000,17,0,3,20,8,9,8.666667
SUPER_22,15730000,135,12,8,155,64,71,5.1
SUPER_22,15740000,132,9,18,159,64,68,4.7777777
SUPER_22,15750000,67,8,4,79,38,29,5
SUPER_22,15760000,8,0,2,10,2,6,1
SUPER_22,15770000,109,6,6,121,52,57,4.9166665
SUPER_22,15780000,71,6,4,81,31,40,6.2
SUPER_22,15790000,20,3,0,23,11,9,5.6666665
SUPER_22,15800000,154,9,10,173,75,79,12.894737
SUPER_22,15810000,75,3,6,84,42,33,7.6666665
SUPER_22,15820000,28,5,2,35,15,13,11.571428
SUPER_22,15830000,0,0,0,0,0,0,0
SUPER_22,15840000,0,0,0,0,0,0,0
SUPER_22,15850000,100,11,9,120,57,43,5.4
SUPER_22,15860000,7,0,2,9,6,1,5.5
SUPER_22,15870000,0,0,0,0,0,0,0
SUPER_22,15880000,0,0,0,0,0,0,0
SUPER_22,15890000,4,1,1,6,1,3,2.5
SUPER_22,15900000,59,3,5,67,25,34,1.25
SUPER_22,15910000,101,5,4,110,44,57,8.333333
SUPER_22,15920000,85,8,6,99,43,42,10.142858
SUPER_22,15930000,138,10,7,155,64,74,6.2352943
SUPER_22,15940000,57,2,7,66,31,26,4.6666665
SUPER_22,15950000,78,13,6,97,41,37,5.4736843
SUPER_22,15960000,96,8,9,113,52,44,3.2941177
SUPER_22,15970000,124,6,16,146,57,67,2.7272727
SUPER_22,15980000,46,5,3,54,31,15,4.25
SUPER_22,15990000,108,10,5,123,64,44,7
SUPER_22,16000000,155,13,15,183,66,89,8.071428
SUPER_22,16010000,261,18,12,291,131,130,10.466666
SUPER_22,16020000,42,5,2,49,29,13,6.142857
SUPER_22,16030000,51,9,2,62,25,26,2
SUPER_22,16040000,37,2,3,42,20,17,9.2
SUPER_22,16050000,36,3,4,43,18,18,2.142857
SUPER_22,16060000,78,7,13,98,38,40,4.5
SUPER_22,16070000,30,6,3,39,18,12,7.3333335
SUPER_22,16080000,26,5,3,34,13,13,3
SUPER_22,16090000,142,14,9,165,64,78,6.0434785
SUPER_22,16100000,105,6,9,120,59,46,11.8
SUPER_22,16110000,47,5,6,58,24,23,6.5454545
SUPER_22,16120000,126,8,7,141,69,57,4.266667
SUPER_22,16130000,72,4,6,82,32,40,12.3
SUPER_22,16140000,88,6,6,100,47,41,6.9166665
SUPER_22,16150000,4,0,0,4,2,2,NaN
SUPER_22,16160000,1,0,0,1,0,1,NaN
SUPER_22,16170000,0,2,0,2,0,0,2
SUPER_22,16180000,2,1,2,5,1,1,12.666667
SUPER_22,16190000,4,0,0,4,3,1,NaN
SUPER_22,16200000,5,1,0,6,3,2,4
SUPER_22,16210000,4,0,1,5,4,0,2
SUPER_22,16220000,0,1,0,1,0,0,10
SUPER_22,16230000,1,0,0,1,0,1,NaN
SUPER_22,16240000,1,1,0,2,1,0,50
SUPER_22,16250000,27,2,3,32,15,12,1.8
SUPER_22,16260000,31,4,1,36,20,11,7
SUPER_22,16270000,0,0,0,0,0,0,0
SUPER_22,16280000,0,0,0,0,0,0,0
SUPER_22,16290000,91,6,11,108,51,40,4.2352943
SUPER_22,16300000,83,9,5,97,36,47,6.5
SUPER_22,16310000,5,0,0,5,3,2,NaN
SUPER_22,16320000,71,5,4,80,42,29,5.2222223
SUPER_22,16330000,40,4,1,45,18,22,3
SUPER_22,16340000,13,2,3,18,7,6,1.6
SUPER_22,16350000,115,7,11,133,56,59,5.3333335
SUPER_22,16360000,0,0,0,0,0,0,0
SUPER_22,16370000,0,0,0,0,0,0,0
SUPER_22,16380000,20,3,1,24,8,12,2.25
SUPER_22,16390000,3,0,0,3,3,0,NaN
SUPER_22,16400000,2,0,0,2,1,1,NaN
SUPER_22,16410000,2,0,1,3,2,0,1
SUPER_22,16420000,31,1,4,36,20,11,4.6
SUPER_22,16430000,95,7,12,114,57,38,6.2105265
SUPER_22,16440000,0,0,0,0,0,0,0
SUPER_22,16450000,0,0,0,0,0,0,0
SUPER_22,16460000,0,0,0,0,0,0,0
SUPER_22,16470000,0,0,0,0,0,0,0
SUPER_22,16480000,0,0,0,0,0,0,0
SUPER_22,16490000,0,0,0,0,0,0,0
SUPER_22,16500000,125,8,9,142,59,66,6.117647
SUPER_22,16510000,31,0,1,32,15,16,4
SUPER_22,16520000,45,2,3,50,27,18,32.6
SUPER_22,16530000,4,0,2,6,2,2,3
SUPER_22,16540000,54,6,4,64,32,22,7
SUPER_22,16550000,16,4,0,20,9,7,2
SUPER_22,16560000,2,1,0,3,2,0,1
SUPER_22,16570000,3,2,0,5,2,1,7.5
SUPER_22,16580000,24,3,2,29,15,9,4.2
SUPER_22,16590000,1,1,0,2,0,1,2
SUPER_22,16600000,86,7,5,98,49,37,5.5
SUPER_22,16610000,125,7,11,143,66,59,26
SUPER_22,16620000,75,4,6,85,42,33,5.4
SUPER_22,16630000,24,3,2,29,16,8,2.4
SUPER_22,16640000,12,2,1,15,6,6,7.6666665
SUPER_22,16650000,0,0,0,0,0,0,0
SUPER_22,16660000,0,0,0,0,0,0,0
SUPER_22,16670000,6,1,0,7,3,3,6
SUPER_22,16680000,3,0,0,3,2,1,NaN
SUPER_22,16690000,2,0,0,2,1,1,NaN
SUPER_22,16700000,5,1,0,6,2,3,16
SUPER_22,16710000,0,0,1,1,0,0,4
SUPER_22,16720000,1,0,0,1,1,0,NaN
SUPER_22,16730000,2,0,1,3,1,1,2
SUPER_22,16740000,6,1,0,7,4,2,24
SUPER_22,16750000,2,0,1,3,0,2,3
SUPER_22,16760000,105,8,7,120,47,58,6.4
SUPER_22,16770000,95,6,7,108,42,53,8.461538
SUPER_22,16780000,162,11,7,180,70,92,7.2777777
SUPER_22,16790000,101,7,8,116,47,54,5.2
SUPER_22,16800000,106,12,6,124,44,62,5.5555553
SUPER_22,16810000,136,4,7,147,69,67,2.2727273
SUPER_22,16820000,0,0,0,0,0,0,0
SUPER_22,16830000,0,0,0,0,0,0,0
SUPER_22,16840000,177,9,20,206,103,74,4.413793
SUPER_22,16850000,127,9,11,147,64,63,6.3
SUPER_22,16860000,24,1,2,27,12,12,8.666667
SUPER_22,16870000,23,0,1,24,10,13,1
SUPER_22,16880000,7,0,2,9,3,4,2
SUPER_22,16890000,127,4,8,139,76,51,38.333332
SUPER_22,16900000,119,8,18,145,52,67,35.73077
SUPER_22,16910000,19,1,0,20,9,10,3
SUPER_22,16920000,9,0,2,11,3,6,2
SUPER_22,16930000,112,2,5,119,56,56,2.4285715
SUPER_22,16940000,63,3,3,69,36,27,9.333333
SUPER_22,16950000,157,9,14,180,86,71,22.130434
SUPER_22,16960000,76,5,7,88,44,32,3.5
SUPER_22,16970000,49,10,5,64,26,23,7.6
SUPER_22,16980000,70,6,4,80,31,39,3.6
SUPER_22,16990000,81,3,2,86,38,43,1.2
SUPER_22,17000000,41,11,1,53,24,17,8.333333
SUPER_22,17010000,97,6,10,113,49,48,6.0625
SUPER_22,17020000,123,9,9,141,71,52,3.3888888
SUPER_22,17030000,153,11,9,173,75,78,30.25
SUPER_22,17040000,99,5,3,107,47,52,13.375
SUPER_22,17050000,99,7,10,116,52,47,25.705883
SUPER_22,17060000,79,9,6,94,38,41,29.8
SUPER_22,17070000,76,5,7,88,40,36,12.583333
SUPER_22,17080000,8,1,1,10,4,4,4
SUPER_22,17090000,54,11,3,68,32,22,4.5
SUPER_22,17100000,101,16,10,127,41,60,4.1923075
SUPER_22,17110000,104,7,9,120,54,50,5.9375
SUPER_22,17120000,77,6,11,94,48,29,7.2941175
SUPER_22,17130000,55,4,3,62,24,31,6.142857
SUPER_22,17140000,89,6,12,107,41,48,17.11111
SUPER_22,17150000,47,1,2,50,24,23,6
SUPER_22,17160000,100,8,10,118,57,43,13.666667
SUPER_22,17170000,115,9,13,137,58,57,6.2727275
SUPER_22,17180000,60,3,5,68,33,27,6.875
SUPER_22,17190000,0,0,1,1,0,0,1
SUPER_22,17200000,39,2,0,41,14,25,14.5
SUPER_22,17210000,20,2,2,24,5,15,2
SUPER_22,17220000,109,9,13,131,51,58,41.090908
SUPER_22,17230000,78,6,11,95,39,39,6.470588
SUPER_22,17240000,154,9,13,176,82,72,7.9545455
SUPER_22,17250000,69,8,4,81,30,39,8
SUPER_22,17260000,1,0,0,1,0,1,NaN
SUPER_22,17270000,0,0,0,0,0,0,0
SUPER_22,17280000,0,0,0,0,0,0,0
SUPER_22,17290000,6,1,0,7,1,5,1
SUPER_22,17300000,52,3,7,62,30,22,5
SUPER_22,17310000,151,9,8,168,74,77,3.764706
SUPER_22,17320000,79,4,3,86,37,42,3.857143
SUPER_22,17330000,0,0,0,0,0,0,0
SUPER_22,17340000,0,0,0,0,0,0,0
SUPER_22,17350000,85,7,11,103,37,48,4.0555553
SUPER_22,17360000,1,0,0,1,0,1,NaN
SUPER_22,17370000,89,4,8,101,49,40,32.333332
SUPER_22,17380000,76,5,3,84,41,35,7.625
SUPER_22,17390000,155,8,8,171,83,72,8.9375
SUPER_22,17400000,49,6,5,60,25,24,12.727273
SUPER_22,17410000,2,0,1,3,0,2,1
SUPER_22,17420000,60,6,8,74,29,31,6.285714
SUPER_22,17430000,185,12,15,212,86,99,20.37037
SUPER_22,17440000,121,8,9,138,74,47,4.2352943
SUPER_22,17450000,142,8,8,158,70,72,20.625
SUPER_22,17460000,128,12,6,146,72,56,6.3333335
SUPER_22,17470000,5,0,0,5,4,1,NaN
SUPER_22,17480000,37,2,4,43,17,20,7.6666665
SUPER_22,17490000,49,3,1,53,23,26,7.75
SUPER_22,17500000,102,11,11,124,47,55,6.8636365
SUPER_22,17510000,127,6,15,148,58,69,13
SUPER_22,17520000,93,8,6,107,45,48,3.4285715
SUPER_22,17530000,175,12,12,199,84,91,4.0833335
SUPER_22,17540000,171,9,13,193,82,89,4.409091
SUPER_22,17550000,55,6,5,66,26,29,5.909091
SUPER_22,17560000,141,7,10,158,75,66,14.588235
SUPER_22,17570000,83,5,5,93,41,42,3.3
SUPER_22,17580000,152,13,11,176,79,73,5.7916665
SUPER_22,17590000,183,7,10,200,89,94,18.17647
SUPER_22,17600000,25,1,3,29,15,10,7
SUPER_22,17610000,27,3,2,32,6,21,6
SUPER_22,17620000,0,0,0,0,0,0,0
SUPER_22,17630000,0,0,0,0,0,0,0
SUPER_22,17640000,5,2,0,7,2,3,4.5
SUPER_22,17650000,1,0,0,1,1,0,NaN
SUPER_22,17660000,2,1,0,3,1,1,2
SUPER_22,17670000,0,0,1,1,0,0,1
SUPER_22,17680000,2,0,0,2,1,1,NaN
SUPER_22,17690000,97,7,8,112,49,48,5.4
SUPER_22,17700000,137,13,13,163,67,70,8.769231
SUPER_22,17710000,83,8,11,102,47,36,13.736842
SUPER_22,17720000,0,0,0,0,0,0,0
SUPER_22,17730000,0,0,0,0,0,0,0
SUPER_22,17740000,50,7,1,58,26,24,2.75
SUPER_22,17750000,66,3,1,70,39,27,5.75
SUPER_22,17760000,81,7,3,91,40,41,7.7
SUPER_22,17770000,142,13,6,161,65,77,6.368421
SUPER_22,17780000,82,6,4,92,36,46,3.8
SUPER_22,17790000,160,13,7,180,87,73,16.9
SUPER_22,17800000,92,5,4,101,44,48,21.222221
SUPER_22,17810000,9,1,0,10,4,5,51
SUPER_22,17820000,24,1,0,25,15,9,1
SUPER_22,17830000,78,7,4,89,54,24,8.272727
SUPER_22,17840000,84,6,3,93,39,45,14.333333
SUPER_22,17850000,109,5,10,124,64,45,8.4
SUPER_22,17860000,181,15,15,211,104,77,9.933333
SUPER_22,17870000,0,0,0,0,0,0,0
SUPER_22,17880000,0,0,0,0,0,0,0
SUPER_22,17890000,28,2,3,33,14,14,3
SUPER_22,17900000,2,0,0,2,1,1,NaN
SUPER_22,17910000,6,1,1,8,1,5,8.5
SUPER_22,17920000,1,0,0,1,1,0,NaN
SUPER_22,17930000,3,0,0,3,3,0,NaN
SUPER_22,17940000,83,6,10,99,42,41,2.5
SUPER_22,17950000,113,6,10,129,60,53,4.9375
SUPER_22,17960000,138,7,3,148,75,63,2.4
SUPER_22,17970000,84,8,4,96,39,45,3.6666667
SUPER_22,17980000,25,1,5,31,15,10,19.333334
SUPER_22,17990000,147,7,10,164,78,69,5.8235292
SUPER_22,18000000,65,5,5,75,27,38,1.7
SUPER_22,18010000,124,5,11,140,74,50,17.9375
SUPER_22,18020000,101,9,8,118,51,50,6.5882354
SUPER_22,18030000,115,10,9,134,64,51,7.736842
SUPER_22,18040000,122,12,6,140,70,52,6.0555553
SUPER_22,18050000,11,0,2,13,7,4,1
SUPER_22,18060000,40,4,5,49,25,15,6.5555553
SUPER_22,18070000,17,1,1,19,10,7,7
SUPER_22,18080000,159,12,12,183,92,67,5.7083335
SUPER_22,18090000,65,5,3,73,34,31,4.875
SUPER_22,18100000,154,15,15,184,75,79,8.133333
SUPER_22,18110000,42,0,3,45,23,19,5.6666665
SUPER_22,18120000,41,4,3,48,23,18,2.2857144
SUPER_22,18130000,91,11,5,107,48,43,3.375
SUPER_22,18140000,57,0,3,60,25,32,25
SUPER_22,18150000,157,13,5,175,75,82,4.8333335
SUPER_22,18160000,73,6,5,84,40,33,6.5454545
SUPER_22,18170000,85,5,3,93,49,36,4
SUPER_22,18180000,113,5,9,127,71,42,4.714286
SUPER_22,18190000,121,8,9,138,76,45,2.4117646
SUPER_22,18200000,143,9,16,168,72,71,6.12
SUPER_22,18210000,71,4,3,78,37,34,2.142857
SUPER_22,18220000,74,7,3,84,35,39,7.5
SUPER_22,18230000,18,2,2,22,10,8,2.75
SUPER_22,18240000,77,6,7,90,43,34,52
SUPER_22,18250000,69,8,4,81,41,28,4.9166665
SUPER_22,18260000,57,4,10,71,25,32,6.928571
SUPER_22,18270000,0,0,0,0,0,0,0
SUPER_22,18280000,0,0,0,0,0,0,0
SUPER_22,18290000,2,2,0,4,1,1,1.5
SUPER_22,18300000,1,0,0,1,1,0,NaN
SUPER_22,18310000,109,7,4,120,60,49,5.818182
SUPER_22,18320000,0,0,0,0,0,0,0
SUPER_22,18330000,0,0,0,0,0,0,0
SUPER_22,18340000,0,0,0,0,0,0,0
SUPER_22,18350000,88,5,9,102,38,50,9.071428
SUPER_22,18360000,36,0,3,39,17,19,2
SUPER_22,18370000,5,1,0,6,3,2,2
SUPER_22,18380000,47,5,6,58,25,22,6.5454545
SUPER_22,18390000,121,8,11,140,59,62,2.631579
SUPER_22,18400000,74,7,5,86,36,38,11
SUPER_22,18410000,46,0,5,51,25,21,2.4
SUPER_22,18420000,88,12,10,110,46,42,10.181818
SUPER_22,18430000,152,10,9,171,80,72,6.0526314
SUPER_22,18440000,188,12,14,214,90,98,5.1153846
SUPER_22,18450000,150,13,10,173,66,84,7.3913045
SUPER_22,18460000,90,6,8,104,44,46,6.642857
SUPER_22,18470000,1,0,2,3,1,0,2.5
SUPER_22,18480000,31,3,2,36,19,12,10
SUPER_22,18490000,160,6,14,180,71,89,12.4
SUPER_22,18500000,76,10,5,91,34,42,7.4666667
SUPER_22,18510000,103,6,9,118,53,50,2
SUPER_22,18520000,101,10,8,119,49,52,8.277778
SUPER_22,18530000,27,2,3,32,13,14,3
SUPER_22,18540000,61,6,5,72,34,27,2.5454545
SUPER_22,18550000,85,3,10,98,43,42,34.53846
SUPER_22,18560000,102,7,6,115,39,63,7.230769
SUPER_22,18570000,50,2,2,54,28,22,8.5
SUPER_22,18580000,190,6,11,207,103,87,36.058823
SUPER_22,18590000,85,7,6,98,45,40,37.076923
SUPER_22,18600000,122,5,9,136,62,60,49.714287
SUPER_22,18610000,171,8,15,194,92,79,7.695652
SUPER_22,18620000,63,4,0,67,28,35,4.25
SUPER_22,18630000,141,9,11,161,70,71,4.3
SUPER_22,18640000,8,1,0,9,5,3,3
SUPER_22,18650000,152,15,20,187,77,75,5.7714286
SUPER_22,18660000,92,11,6,109,45,47,3.0588236
SUPER_22,18670000,30,4,2,36,13,17,1.6666666
SUPER_22,18680000,106,9,10,125,51,55,7.263158
SUPER_22,18690000,127,7,15,149,57,70,14.136364
SUPER_22,18700000,200,17,15,232,100,100,5.6875
SUPER_22,18710000,90,5,7,102,47,43,4.8333335
SUPER_22,18720000,44,3,5,52,22,22,18.5
SUPER_22,18730000,38,3,1,42,21,17,1.25
SUPER_22,18740000,3,0,0,3,2,1,NaN
SUPER_22,18750000,83,5,4,92,47,36,4.7777777
SUPER_22,18760000,72,7,6,85,43,29,8
SUPER_22,18770000,27,3,1,31,13,14,7.5
SUPER_22,18780000,4,0,0,4,2,2,NaN
SUPER_22,18790000,67,10,12,89,39,28,3.3181818
SUPER_22,18800000,181,11,11,203,92,89,13.818182
SUPER_22,18810000,136,9,16,161,70,66,12.64
SUPER_22,18820000,137,5,8,150,71,66,19.307692
SUPER_22,18830000,109,4,7,120,53,56,2.2727273
SUPER_22,18840000,41,2,7,50,17,24,2.7777777
SUPER_22,18850000,89,10,9,108,39,50,20.68421
SUPER_22,18860000,151,9,4,164,85,66,18.461538
SUPER_22,18870000,160,13,15,188,81,79,4.107143
SUPER_22,18880000,90,9,8,107,45,45,4.2941175
SUPER_22,18890000,101,10,11,122,47,54,9.285714
SUPER_22,18900000,0,0,0,0,0,0,0
SUPER_22,18910000,0,0,0,0,0,0,0
SUPER_22,18920000,186,11,20,217,94,92,11
SUPER_22,18930000,17,0,2,19,9,8,4
SUPER_22,18940000,100,7,7,114,53,47,4.357143
SUPER_22,18950000,0,0,0,0,0,0,0
SUPER_22,18960000,0,0,0,0,0,0,0
SUPER_22,18970000,169,15,19,203,74,95,15
SUPER_22,18980000,115,6,5,126,62,53,5.4545455
SUPER_22,18990000,49,6,3,58,32,17,5.4444447
SUPER_22,19000000,89,10,11,110,47,42,3.3333333
SUPER_22,19010000,47,3,2,52,30,17,5.2
SUPER_22,19020000,111,10,4,125,60,51,10.428572
SUPER_22,19030000,19,2,0,21,7,12,10
SUPER_22,19040000,0,0,0,0,0,0,0
SUPER_22,19050000,0,0,0,0,0,0,0
SUPER_22,19060000,0,0,0,0,0,0,0
SUPER_22,19070000,0,0,0,0,0,0,0
SUPER_22,19080000,91,6,7,104,47,44,4.6923075
SUPER_22,19090000,0,1,1,2,0,0,1.5
SUPER_22,19100000,1,0,0,1,0,1,NaN
SUPER_22,19110000,3,1,1,5,1,2,5.5
SUPER_22,19120000,0,0,2,2,0,0,12
SUPER_22,19130000,1,0,0,1,0,1,NaN
SUPER_22,19140000,1,0,0,1,0,1,NaN
SUPER_22,19150000,2,0,1,3,2,0,4
SUPER_22,19160000,4,0,0,4,1,3,NaN
SUPER_22,19170000,8,0,2,10,6,2,14.5
SUPER_22,19180000,53,6,4,63,17,36,1.6
SUPER_22,19190000,137,11,13,161,67,70,5.6666665
SUPER_22,19200000,108,8,6,122,59,49,4.857143
SUPER_22,19210000,14,2,4,20,5,9,9.166667
SUPER_22,19220000,0,1,0,1,0,0,2
SUPER_22,19230000,63,3,3,69,32,31,1.5
SUPER_22,19240000,19,1,2,22,10,9,3.3333333
SUPER_22,19250000,24,2,2,28,14,10,4.5
SUPER_22,19260000,48,3,6,57,32,16,3.7777777
SUPER_22,19270000,36,1,6,43,13,23,7.714286
SUPER_22,19280000,74,2,4,80,39,35,9.833333
SUPER_22,19290000,9,0,0,9,3,6,NaN
SUPER_22,19300000,17,2,1,20,12,5,1.6666666
SUPER_22,19310000,9,0,0,9,6,3,NaN
SUPER_22,19320000,40,1,3,44,25,15,8
SUPER_22,19330000,39,2,1,42,21,18,12
SUPER_22,19340000,103,4,6,113,46,57,4.4
SUPER_22,19350000,51,3,5,59,32,19,10.875
SUPER_22,19360000,148,8,9,165,73,75,9.6470585
SUPER_22,19370000,8,0,1,9,4,4,2
SUPER_22,19380000,13,0,2,15,7,6,1
SUPER_22,19390000,0,0,0,0,0,0,0
SUPER_22,19400000,0,0,0,0,0,0,0
SUPER_22,19410000,0,0,0,0,0,0,0
SUPER_22,19420000,0,0,0,0,0,0,0
SUPER_22,19430000,0,0,0,0,0,0,0
SUPER_22,19440000,0,0,0,0,0,0,0
SUPER_22,19450000,0,0,0,0,0,0,0
SUPER_22,19460000,8,1,2,11,4,4,3.6666667
SUPER_22,19470000,0,0,0,0,0,0,0
SUPER_22,19480000,0,0,0,0,0,0,0
SUPER_22,19490000,0,0,0,0,0,0,0
SUPER_22,19500000,0,2,1,3,0,0,2.6666667
SUPER_22,19510000,2,2,0,4,2,0,7.5
SUPER_22,19520000,125,5,3,133,86,39,2
SUPER_22,19530000,0,0,0,0,0,0,0
SUPER_22,19540000,0,0,0,0,0,0,0
SUPER_22,19550000,0,0,0,0,0,0,0
SUPER_22,19560000,54,0,2,56,34,20,1
SUPER_22,19570000,24,1,1,26,17,7,19
SUPER_22,19580000,36,2,7,45,25,11,2.7777777
SUPER_22,19590000,24,0,4,28,11,13,8.25
SUPER_22,19600000,36,6,4,46,19,17,5.1
SUPER_22,19610000,28,5,5,38,10,18,4.3
SUPER_22,19620000,24,0,0,24,11,13,NaN
SUPER_22,19630000,29,3,4,36,13,16,7.285714
SUPER_22,19640000,49,2,2,53,31,18,3.25
SUPER_22,19650000,78,9,7,94,45,33,59.9375
SUPER_22,19660000,82,7,4,93,45,37,5.909091
SUPER_22,19670000,36,1,10,47,13,23,17.272728
SUPER_22,19680000,39,5,5,49,20,19,5.7
SUPER_22,19690000,41,2,7,50,16,25,10.777778
SUPER_22,19700000,52,3,5,60,27,25,26.625
SUPER_22,19710000,26,3,4,33,13,13,6.142857
SUPER_22,19720000,23,1,3,27,14,9,10.25
SUPER_22,19730000,19,1,3,23,13,6,5.5
SUPER_22,19740000,22,1,5,28,9,13,2.1666667
SUPER_22,19750000,56,6,2,64,22,34,6
SUPER_22,19760000,80,12,3,95,46,34,9.066667
SUPER_22,19770000,70,5,3,78,35,35,8.125
SUPER_22,19780000,103,10,6,119,51,52,10.1875
SUPER_22,19790000,15,1,1,17,10,5,29
SUPER_22,19800000,17,2,2,21,8,9,3
SUPER_22,19810000,7,2,2,11,3,4,4.75
SUPER_22,19820000,10,0,0,10,6,4,NaN
SUPER_22,19830000,12,3,0,15,2,10,2.3333333
SUPER_22,19840000,41,0,4,45,26,15,1
SUPER_22,19850000,63,7,12,82,31,32,41.63158
SUPER_22,19860000,78,6,9,93,33,45,5.2
SUPER_22,19870000,69,9,4,82,34,35,6.3846154
SUPER_22,19880000,122,12,7,141,56,66,5.736842
SUPER_22,19890000,116,6,6,128,67,49,4.0833335
SUPER_22,19900000,142,10,9,161,82,60,8.789474
SUPER_22,19910000,9,1,1,11,3,6,4.5
SUPER_22,19920000,24,2,3,29,14,10,98.8
SUPER_22,19930000,121,5,10,136,59,62,5.6
SUPER_22,19940000,72,5,6,83,33,39,3.1818182
SUPER_22,19950000,127,10,9,146,52,75,9.947369
SUPER_22,19960000,147,10,9,166,76,71,6.631579
SUPER_22,19970000,89,6,3,98,49,40,9.111111
SUPER_22,19980000,52,2,6,60,26,26,14.875
SUPER_22,19990000,0,0,0,0,0,0,0
SUPER_22,20000000,0,0,0,0,0,0,0
SUPER_22,20010000,144,10,11,165,78,66,7.3333335
SUPER_22,20020000,131,5,15,151,74,57,6.3
SUPER_22,20030000,67,3,7,77,32,35,3
SUPER_22,20040000,83,2,10,95,50,33,4.1666665
SUPER_22,20050000,103,6,6,115,55,48,44.333332
SUPER_22,20060000,85,4,5,94,42,43,7.3333335
SUPER_22,20070000,59,7,7,73,37,22,4.285714
SUPER_22,20080000,35,5,2,42,14,21,2.2857144
SUPER_22,20090000,4,0,0,4,1,3,NaN
SUPER_22,20100000,0,0,0,0,0,0,0
SUPER_22,20110000,0,0,0,0,0,0,0
SUPER_22,20120000,4,0,1,5,0,4,2
SUPER_22,20130000,4,0,1,5,1,3,8
SUPER_22,20140000,5,0,1,6,1,4,1
SUPER_22,20150000,0,1,0,1,0,0,2
SUPER_22,20160000,2,0,0,2,2,0,NaN
SUPER_22,20170000,3,0,0,3,3,0,NaN
SUPER_22,20180000,0,1,0,1,0,0,1
SUPER_22,20190000,0,0,1,1,0,0,1
SUPER_22,20200000,40,2,1,43,22,18,1.3333334
SUPER_22,20210000,173,15,11,199,87,86,5.5
SUPER_22,20220000,131,8,16,155,63,68,9.375
SUPER_22,20230000,126,8,6,140,67,59,4.857143
SUPER_22,20240000,8,1,2,11,2,6,3.6666667
SUPER_22,20250000,73,4,6,83,38,35,9.5
SUPER_22,20260000,10,2,2,14,6,4,3
SUPER_22,20270000,2,0,0,2,2,0,NaN
SUPER_22,20280000,5,0,0,5,2,3,NaN
SUPER_22,20290000,4,1,2,7,1,3,10
SUPER_22,20300000,7,2,2,11,1,6,9.75
SUPER_22,20310000,5,0,1,6,3,2,1
SUPER_22,20320000,70,9,8,87,26,44,7.2352943
SUPER_22,20330000,57,4,9,70,33,24,34.846153
SUPER_22,20340000,182,10,13,205,84,98,4.9130435
SUPER_22,20350000,159,9,11,179,91,68,4.45
SUPER_22,20360000,55,5,6,66,21,34,3.909091
SUPER_22,20370000,32,3,4,39,15,17,29
SUPER_22,20380000,49,0,1,50,30,19,10
SUPER_22,20390000,43,4,5,52,20,23,13.777778
SUPER_22,20400000,96,9,11,116,51,45,9.45
SUPER_22,20410000,148,5,10,163,72,76,11.866667
SUPER_22,20420000,131,5,12,148,66,65,3.6470587
SUPER_22,20430000,72,2,3,77,36,36,10.2
SUPER_22,20440000,50,6,2,58,22,28,1.125
SUPER_22,20450000,98,7,4,109,58,40,15.636364
SUPER_22,20460000,147,19,11,177,70,77,5.133333
SUPER_22,20470000,76,6,12,94,36,40,3.4444444
SUPER_22,20480000,42,1,2,45,22,20,1
SUPER_22,20490000,100,8,6,114,57,43,2.7142856
SUPER_22,20500000,74,4,10,88,38,36,20.285715
SUPER_22,20510000,92,6,9,107,46,46,9.066667
SUPER_22,20520000,69,2,5,76,33,36,5.857143
SUPER_22,20530000,60,8,9,77,26,34,15.176471
SUPER_22,20540000,134,17,10,161,59,75,7.5925927
SUPER_22,20550000,93,6,5,104,49,44,9.636364
SUPER_22,20560000,108,14,7,129,56,52,6.857143
SUPER_22,20570000,127,12,11,150,68,59,21.782608
SUPER_22,20580000,46,5,4,55,22,24,3.6666667
SUPER_22,20590000,90,5,10,105,49,41,5
SUPER_22,20600000,62,0,3,65,27,35,16
SUPER_22,20610000,97,8,11,116,49,48,10.052631
SUPER_22,20620000,132,8,13,153,71,61,8.047619
SUPER_22,20630000,108,12,8,128,52,56,9.5
SUPER_22,20640000,61,2,5,68,29,32,8
SUPER_22,20650000,79,3,4,86,42,37,2.4285715
SUPER_22,20660000,101,9,15,125,54,47,8.208333
SUPER_22,20670000,7,0,1,8,7,0,1
SUPER_22,20680000,58,1,5,64,30,28,30
SUPER_22,20690000,0,0,0,0,0,0,0
SUPER_22,20700000,0,0,0,0,0,0,0
SUPER_22,20710000,0,0,0,0,0,0,0
SUPER_22,20720000,0,0,0,0,0,0,0
SUPER_22,20730000,0,0,0,0,0,0,0
SUPER_22,20740000,0,0,0,0,0,0,0
SUPER_23,10000,13,0,2,15,2,11,5.5
SUPER_23,20000,27,3,2,32,17,10,23.8
SUPER_23,30000,54,3,3,60,24,30,9.5
SUPER_23,40000,57,10,5,72,20,37,2.8
SUPER_23,50000,58,3,9,70,28,30,52.666668
SUPER_23,60000,11,2,0,13,7,4,2.5
SUPER_23,70000,35,3,1,39,21,14,9
SUPER_23,80000,113,16,10,139,56,57,3.5
SUPER_23,90000,95,11,9,115,50,45,17.15
SUPER_23,100000,73,4,8,85,41,32,3.8333333
SUPER_23,110000,81,6,6,93,37,44,7.0833335
SUPER_23,120000,95,8,8,111,55,40,49.5625
SUPER_23,130000,120,13,15,148,58,62,12.464286
SUPER_23,140000,153,17,10,180,65,88,14.518518
SUPER_23,150000,61,7,7,75,31,30,8.428572
SUPER_23,160000,114,8,12,134,57,57,3.7
SUPER_23,170000,154,9,14,177,82,72,3.4782608
SUPER_23,180000,21,3,1,25,14,7,3.25
SUPER_23,190000,1,1,0,2,0,1,10
SUPER_23,200000,0,0,0,0,0,0,0
SUPER_23,210000,0,0,0,0,0,0,0
SUPER_23,220000,2,1,1,4,0,2,1
SUPER_23,230000,2,0,1,3,1,1,1
SUPER_23,240000,0,0,0,0,0,0,0
SUPER_23,250000,0,0,0,0,0,0,0
SUPER_23,260000,8,0,1,9,4,4,10
SUPER_23,270000,3,0,0,3,1,2,NaN
SUPER_23,280000,2,1,0,3,1,1,3
SUPER_23,290000,4,2,2,8,1,3,11.25
SUPER_23,300000,84,8,8,100,42,42,16.125
SUPER_23,310000,58,7,6,71,24,34,9.769231
SUPER_23,320000,114,10,9,133,67,47,10.842105
SUPER_23,330000,130,4,5,139,65,65,21.444445
SUPER_23,340000,103,9,6,118,49,54,19.666666
SUPER_23,350000,133,7,6,146,69,64,18.153847
SUPER_23,360000,138,10,8,156,60,78,12.222222
SUPER_23,370000,138,9,11,158,65,73,9.85
SUPER_23,380000,95,3,10,108,51,44,13.307693
SUPER_23,390000,57,2,4,63,27,30,4
SUPER_23,400000,62,5,7,74,25,37,4.0833335
SUPER_23,410000,54,3,7,64,25,29,3.1
SUPER_23,420000,3,0,0,3,1,2,NaN
SUPER_23,430000,47,2,7,56,28,19,5.4444447
SUPER_23,440000,62,4,4,70,36,26,3.375
SUPER_23,450000,7,0,1,8,4,3,3
SUPER_23,460000,0,0,1,1,0,0,2
SUPER_23,470000,3,0,0,3,2,1,NaN
SUPER_23,480000,24,3,3,30,8,16,9
SUPER_23,490000,5,0,0,5,3,2,NaN
SUPER_23,500000,0,0,0,0,0,0,0
SUPER_23,510000,0,0,0,0,0,0,0
SUPER_23,520000,0,0,0,0,0,0,0
SUPER_23,530000,0,0,0,0,0,0,0
SUPER_23,540000,5,3,0,8,2,3,1.3333334
SUPER_23,550000,1,0,0,1,0,1,NaN
SUPER_23,560000,1,0,0,1,1,0,NaN
SUPER_23,570000,1,0,0,1,1,0,NaN
SUPER_23,580000,2,1,0,3,0,2,1
SUPER_23,590000,2,0,1,3,0,2,1
SUPER_23,600000,2,0,0,2,2,0,NaN
SUPER_23,610000,3,0,1,4,3,0,2
SUPER_23,620000,2,0,0,2,2,0,NaN
SUPER_23,630000,1,1,1,3,0,1,1
SUPER_23,640000,3,0,0,3,2,1,NaN
SUPER_23,650000,1,0,0,1,0,1,NaN
SUPER_23,660000,3,0,1,4,1,2,1
SUPER_23,670000,1,0,0,1,0,1,NaN
SUPER_23,680000,6,1,0,7,4,2,6
SUPER_23,690000,5,0,0,5,4,1,NaN
SUPER_23,700000,5,0,0,5,3,2,NaN
SUPER_23,710000,2,0,1,3,1,1,2
SUPER_23,720000,4,0,1,5,4,0,5
SUPER_23,730000,4,1,0,5,3,1,1
SUPER_23,740000,1,0,0,1,0,1,NaN
SUPER_23,750000,0,0,0,0,0,0,0
SUPER_23,760000,0,0,0,0,0,0,0
SUPER_23,770000,5,3,3,11,4,1,8.833333
SUPER_23,780000,2,0,0,2,2,0,NaN
SUPER_23,790000,8,2,0,10,0,8,25
SUPER_23,800000,106,3,11,120,46,60,4.857143
SUPER_23,810000,95,6,7,108,46,49,8.692307
SUPER_23,820000,68,6,4,78,32,36,4.1
SUPER_23,830000,24,0,0,24,15,9,NaN
SUPER_23,840000,109,14,15,138,55,54,6.37931
SUPER_23,850000,18,7,2,27,8,10,2.7777777
SUPER_23,860000,15,0,2,17,5,10,176.5
SUPER_23,870000,20,0,2,22,10,10,26
SUPER_23,880000,165,13,10,188,84,81,4.869565
SUPER_23,890000,122,12,15,149,55,67,7.9259257
SUPER_23,900000,61,2,2,65,28,33,2.5
SUPER_23,910000,1,1,0,2,0,1,2
SUPER_23,920000,82,5,17,104,44,38,14.318182
SUPER_23,930000,114,12,5,131,56,58,2.8235295
SUPER_23,940000,123,9,9,141,61,62,13.666667
SUPER_23,950000,65,6,3,74,33,32,13.222222
SUPER_23,960000,0,0,0,0,0,0,0
SUPER_23,970000,0,0,0,0,0,0,0
SUPER_23,980000,16,3,2,21,13,3,15.4
SUPER_23,990000,2,2,0,4,0,2,31.5
SUPER_23,1000000,1,1,1,3,0,1,10
SUPER_23,1010000,0,2,0,2,0,0,1.5
SUPER_23,1020000,2,0,1,3,1,1,2
SUPER_23,1030000,105,5,7,117,56,49,2.1666667
SUPER_23,1040000,171,7,13,191,82,89,10.3
SUPER_23,1050000,26,2,3,31,12,14,7.8
SUPER_23,1060000,0,0,0,0,0,0,0
SUPER_23,1070000,0,0,0,0,0,0,0
SUPER_23,1080000,20,0,0,20,7,13,NaN
SUPER_23,1090000,34,2,4,40,21,13,12.166667
SUPER_23,1100000,135,13,10,158,67,68,3.0869565
SUPER_23,1110000,171,6,7,184,80,91,5.6153846
SUPER_23,1120000,173,8,13,194,87,86,4.1904764
SUPER_23,1130000,212,12,14,238,113,99,3.1153846
SUPER_23,1140000,66,2,6,74,36,30,27.5
SUPER_23,1150000,94,4,7,105,42,52,19.363636
SUPER_23,1160000,90,5,10,105,40,50,5
SUPER_23,1170000,61,2,3,66,31,30,4.4
SUPER_23,1180000,110,8,14,132,61,49,2.7272727
SUPER_23,1190000,86,6,7,99,48,38,10.769231
SUPER_23,1200000,86,5,6,97,40,46,4.2727275
SUPER_23,1210000,91,4,4,99,54,37,7.625
SUPER_23,1220000,15,2,2,19,6,9,3.75
SUPER_23,1230000,0,0,0,0,0,0,0
SUPER_23,1240000,0,0,0,0,0,0,0
SUPER_23,1250000,108,8,6,122,53,55,6.214286
SUPER_23,1260000,90,6,5,101,38,52,6.4545455
SUPER_23,1270000,41,4,5,50,19,22,3.1111112
SUPER_23,1280000,171,6,12,189,80,91,22.11111
SUPER_23,1290000,154,11,15,180,66,88,22.384615
SUPER_23,1300000,124,12,11,147,58,66,11
SUPER_23,1310000,145,13,7,165,82,63,7.35
SUPER_23,1320000,75,7,8,90,39,36,3.8666666
SUPER_23,1330000,117,11,6,134,60,57,3.9411764
SUPER_23,1340000,67,4,5,76,38,29,22
SUPER_23,1350000,32,0,2,34,20,12,1.5
SUPER_23,1360000,141,13,9,163,67,74,5.090909
SUPER_23,1370000,85,11,4,100,44,41,7.4666667
SUPER_23,1380000,167,15,4,186,86,81,2.4210527
SUPER_23,1390000,90,4,5,99,44,46,7.5555553
SUPER_23,1400000,41,2,6,49,20,21,47.875
SUPER_23,1410000,138,4,6,148,71,67,6.7
SUPER_23,1420000,107,6,12,125,58,49,3.2777777
SUPER_23,1430000,48,2,3,53,29,19,8.4
SUPER_23,1440000,122,8,6,136,54,68,24.928572
SUPER_23,1450000,81,2,5,88,42,39,17
SUPER_23,1460000,206,9,12,227,110,96,14.619047
SUPER_23,1470000,129,13,10,152,64,65,5.869565
SUPER_23,1480000,125,4,14,143,64,61,12.222222
SUPER_23,1490000,103,5,7,115,40,63,6.4166665
SUPER_23,1500000,82,4,3,89,47,35,5.714286
SUPER_23,1510000,103,9,13,125,54,49,34.772728
SUPER_23,1520000,4,1,1,6,2,2,2.5
SUPER_23,1530000,165,13,15,193,98,67,3.7142856
SUPER_23,1540000,76,7,7,90,41,35,19.714285
SUPER_23,1550000,123,4,1,128,71,52,1.6
SUPER_23,1560000,72,4,4,80,34,38,5.5
SUPER_23,1570000,174,12,11,197,90,84,4.6086955
SUPER_23,1580000,130,6,11,147,70,60,6.7058825
SUPER_23,1590000,102,5,8,115,58,44,3
SUPER_23,1600000,107,9,3,119,49,58,8.666667
SUPER_23,1610000,63,6,7,76,29,34,10.692307
SUPER_23,1620000,136,9,6,151,66,70,14.466666
SUPER_23,1630000,80,5,5,90,45,35,10.8
SUPER_23,1640000,59,2,5,66,37,22,6.142857
SUPER_23,1650000,15,1,4,20,11,4,3.4
SUPER_23,1660000,1,0,0,1,1,0,NaN
SUPER_23,1670000,1,1,0,2,0,1,1
SUPER_23,1680000,15,3,1,19,9,6,5
SUPER_23,1690000,58,3,8,69,33,25,7.818182
SUPER_23,1700000,30,3,6,39,13,17,43.555557
SUPER_23,1710000,84,9,6,99,41,43,6.2
SUPER_23,1720000,80,9,7,96,45,35,22.5625
SUPER_23,1730000,137,6,6,149,82,55,8.583333
SUPER_23,1740000,60,6,7,73,30,30,3.3846154
SUPER_23,1750000,101,4,12,117,56,45,18.4375
SUPER_23,1760000,14,1,3,18,8,6,1
SUPER_23,1770000,1,1,0,2,1,0,14
SUPER_23,1780000,5,1,0,6,1,4,1
SUPER_23,1790000,2,0,0,2,1,1,NaN
SUPER_23,1800000,2,0,0,2,1,1,NaN
SUPER_23,1810000,46,2,2,50,28,18,13.75
SUPER_23,1820000,146,8,16,170,81,65,4.8333335
SUPER_23,1830000,191,11,13,215,95,96,7.0416665
SUPER_23,1840000,195,9,10,214,98,97,14.526316
SUPER_23,1850000,110,7,8,125,65,45,5.3333335
SUPER_23,1860000,0,0,0,0,0,0,0
SUPER_23,1870000,0,0,0,0,0,0,0
SUPER_23,1880000,92,2,7,101,57,35,10.444445
SUPER_23,1890000,103,7,1,111,51,52,7.875
SUPER_23,1900000,66,6,6,78,35,31,12.333333
SUPER_23,1910000,71,3,4,78,39,32,3.7142856
SUPER_23,1920000,189,9,13,211,86,103,7
SUPER_23,1930000,59,2,4,65,30,29,9.833333
SUPER_23,1940000,55,3,10,68,33,22,13
SUPER_23,1950000,66,3,6,75,35,31,16.88889
SUPER_23,1960000,98,4,4,106,42,56,1.875
SUPER_23,1970000,1,0,0,1,1,0,NaN
SUPER_23,1980000,107,11,12,130,63,44,5.521739
SUPER_23,1990000,156,9,13,178,79,77,10.590909
SUPER_23,2000000,171,8,9,188,86,85,25.235294
SUPER_23,2010000,88,5,10,103,45,43,4.866667
SUPER_23,2020000,88,7,8,103,54,34,6.4
SUPER_23,2030000,114,8,6,128,66,48,8
SUPER_23,2040000,109,8,7,124,54,55,12.666667
SUPER_23,2050000,44,4,2,50,13,31,2.8333333
SUPER_23,2060000,25,2,2,29,14,11,7
SUPER_23,2070000,129,7,11,147,71,58,3.2777777
SUPER_23,2080000,182,10,6,198,86,96,3.3125
SUPER_23,2090000,45,6,4,55,26,19,4.1
SUPER_23,2100000,146,16,7,169,75,71,29.434782
SUPER_23,2110000,106,5,6,117,53,53,10.545455
SUPER_23,2120000,107,4,7,118,53,54,6.7272725
SUPER_23,2130000,49,4,6,59,23,26,54.8
SUPER_23,2140000,1,0,0,1,1,0,NaN
SUPER_23,2150000,2,0,1,3,2,0,8
SUPER_23,2160000,1,0,0,1,1,0,NaN
SUPER_23,2170000,62,5,4,71,33,29,5.5555553
SUPER_23,2180000,0,0,0,0,0,0,0
SUPER_23,2190000,0,0,0,0,0,0,0
SUPER_23,2200000,102,16,5,123,56,46,10.142858
SUPER_23,2210000,29,1,0,30,16,13,2
SUPER_23,2220000,58,1,8,67,31,27,5.111111
SUPER_23,2230000,77,8,7,92,41,36,3.8666666
SUPER_23,2240000,107,3,9,119,55,52,4.3333335
SUPER_23,2250000,81,3,5,89,52,29,6
SUPER_23,2260000,144,9,13,166,69,75,4.5
SUPER_23,2270000,8,1,2,11,4,4,5
SUPER_23,2280000,110,7,3,120,58,52,8.4
SUPER_23,2290000,137,7,10,154,72,65,3
SUPER_23,2300000,69,0,8,77,35,34,4.625
SUPER_23,2310000,75,5,7,87,41,34,4
SUPER_23,2320000,116,8,7,131,67,49,6.3333335
SUPER_23,2330000,128,11,5,144,71,57,5.5625
SUPER_23,2340000,85,6,10,101,45,40,9.4375
SUPER_23,2350000,136,8,3,147,73,63,5.6363635
SUPER_23,2360000,89,2,3,94,50,39,2
SUPER_23,2370000,119,11,9,139,57,62,5.1
SUPER_23,2380000,150,9,6,165,78,72,5.4666667
SUPER_23,2390000,0,0,0,0,0,0,0
SUPER_23,2400000,0,0,0,0,0,0,0
SUPER_23,2410000,166,8,9,183,97,69,7.5882354
SUPER_23,2420000,1,0,0,1,0,1,NaN
SUPER_23,2430000,3,1,2,6,2,1,2
SUPER_23,2440000,1,0,0,1,0,1,NaN
SUPER_23,2450000,2,0,1,3,2,0,28
SUPER_23,2460000,2,0,0,2,2,0,NaN
SUPER_23,2470000,22,1,1,24,14,8,1.5
SUPER_23,2480000,13,1,0,14,3,10,1
SUPER_23,2490000,2,0,0,2,1,1,NaN
SUPER_23,2500000,2,0,0,2,1,1,NaN
SUPER_23,2510000,58,5,4,67,28,30,7
SUPER_23,2520000,36,2,0,38,23,13,2.5
SUPER_23,2530000,68,10,7,85,31,37,6.647059
SUPER_23,2540000,26,3,2,31,14,12,4.8
SUPER_23,2550000,27,2,0,29,19,8,3.5
SUPER_23,2560000,33,4,1,38,19,14,2.8
SUPER_23,2570000,0,0,0,0,0,0,0
SUPER_23,2580000,0,0,0,0,0,0,0
SUPER_23,2590000,240,14,9,263,127,113,4.6086955
SUPER_23,2600000,159,8,14,181,87,72,6.590909
SUPER_23,2610000,104,14,8,126,51,53,10.227273
SUPER_23,2620000,2,0,0,2,0,2,NaN
SUPER_23,2630000,1,0,0,1,0,1,NaN
SUPER_23,2640000,0,0,1,1,0,0,3
SUPER_23,2650000,4,0,2,6,4,0,4
SUPER_23,2660000,2,0,0,2,1,1,NaN
SUPER_23,2670000,23,2,2,27,14,9,3
SUPER_23,2680000,132,10,14,156,70,62,12.583333
SUPER_23,2690000,84,12,7,103,36,48,9.421053
SUPER_23,2700000,173,19,20,212,91,82,19.128204
SUPER_23,2710000,154,13,15,182,69,85,5.642857
SUPER_23,2720000,161,12,18,191,78,83,6.5333333
SUPER_23,2730000,51,5,6,62,28,23,10
SUPER_23,2740000,104,7,8,119,44,60,8.4
SUPER_23,2750000,92,7,2,101,43,49,1.4444444
SUPER_23,2760000,149,8,5,162,77,72,6.6923075
SUPER_23,2770000,145,14,16,175,81,64,4.4666667
SUPER_23,2780000,161,12,19,192,81,80,10
SUPER_23,2790000,66,5,7,78,28,38,3.5833333
SUPER_23,2800000,83,8,7,98,36,47,31.8
SUPER_23,2810000,61,7,3,71,34,27,3.1
SUPER_23,2820000,172,16,9,197,92,80,6.6
SUPER_23,2830000,80,6,7,93,36,44,6.230769
SUPER_23,2840000,40,3,3,46,24,16,10.166667
SUPER_23,2850000,62,2,3,67,39,23,3.6
SUPER_23,2860000,155,10,9,174,75,80,12.473684
SUPER_23,2870000,116,14,7,137,55,61,12.761905
SUPER_23,2880000,195,6,6,207,125,70,8.666667
SUPER_23,2890000,159,12,13,184,82,77,5.2
SUPER_23,2900000,65,5,6,76,33,32,7.7272725
SUPER_23,2910000,68,2,6,76,39,29,2.625
SUPER_23,2920000,170,7,16,193,89,81,27.956522
SUPER_23,2930000,117,13,6,136,62,55,9.052631
SUPER_23,2940000,117,8,6,131,65,52,7.785714
SUPER_23,2950000,108,7,11,126,54,54,9.277778
SUPER_23,2960000,70,5,9,84,30,40,24.785715
SUPER_23,2970000,118,6,10,134,62,56,6.0625
SUPER_23,2980000,177,11,19,207,81,96,7.266667
SUPER_23,2990000,127,9,8,144,57,70,4.4117646
SUPER_23,3000000,27,1,3,31,9,18,19.25
SUPER_23,3010000,81,9,5,95,34,47,4.428571
SUPER_23,3020000,71,6,4,81,35,36,3.2
SUPER_23,3030000,1,1,0,2,0,1,1
SUPER_23,3040000,1,0,0,1,1,0,NaN
SUPER_23,3050000,1,0,0,1,1,0,NaN
SUPER_23,3060000,28,2,2,32,15,13,12.25
SUPER_23,3070000,2,0,0,2,1,1,NaN
SUPER_23,3080000,3,0,0,3,2,1,NaN
SUPER_23,3090000,178,12,12,202,88,90,21.333334
SUPER_23,3100000,86,2,4,92,50,36,11.666667
SUPER_23,3110000,68,4,10,82,31,37,2
SUPER_23,3120000,151,9,8,168,81,70,4.352941
SUPER_23,3130000,84,3,4,91,43,41,1.4285715
SUPER_23,3140000,33,2,6,41,14,19,6.875
SUPER_23,3150000,2,0,0,2,2,0,NaN
SUPER_23,3160000,3,0,1,4,1,2,4
SUPER_23,3170000,31,2,2,35,14,17,5.75
SUPER_23,3180000,173,11,5,189,78,95,10.0625
SUPER_23,3190000,0,0,0,0,0,0,0
SUPER_23,3200000,0,0,0,0,0,0,0
SUPER_23,3210000,9,0,0,9,7,2,NaN
SUPER_23,3220000,2,0,0,2,2,0,NaN
SUPER_23,3230000,28,0,4,32,15,13,10
SUPER_23,3240000,1,0,0,1,0,1,NaN
SUPER_23,3250000,1,0,0,1,1,0,NaN
SUPER_23,3260000,1,0,0,1,1,0,NaN
SUPER_23,3270000,82,7,9,98,37,45,6.375
SUPER_23,3280000,19,2,3,24,12,7,1.2
SUPER_23,3290000,0,0,0,0,0,0,0
SUPER_23,3300000,0,0,0,0,0,0,0
SUPER_23,3310000,9,0,0,9,1,8,NaN
SUPER_23,3320000,9,3,0,12,5,4,10
SUPER_23,3330000,97,5,7,109,53,44,3.1666667
SUPER_23,3340000,16,4,3,23,8,8,35.857143
SUPER_23,3350000,1,1,0,2,0,1,1
SUPER_23,3360000,2,0,0,2,0,2,NaN
SUPER_23,3370000,113,8,6,127,58,55,5.428571
SUPER_23,3380000,110,8,9,127,63,47,7.7058825
SUPER_23,3390000,126,6,8,140,60,66,22.357143
SUPER_23,3400000,62,4,4,70,30,32,5.875
SUPER_23,3410000,129,9,5,143,64,65,14.857142
SUPER_23,3420000,155,12,9,176,74,81,8
SUPER_23,3430000,92,5,10,107,55,37,4.2
SUPER_23,3440000,187,11,9,207,97,90,9.85
SUPER_23,3450000,197,12,10,219,91,106,2.4545455
SUPER_23,3460000,97,5,3,105,45,52,3.75
SUPER_23,3470000,54,6,3,63,27,27,12.666667
SUPER_23,3480000,39,6,7,52,19,20,8.076923
SUPER_23,3490000,0,0,2,2,0,0,1
SUPER_23,3500000,39,2,0,41,21,18,1.5
SUPER_23,3510000,54,4,4,62,30,24,8.125
SUPER_23,3520000,122,8,9,139,67,55,5.2941175
SUPER_23,3530000,114,12,8,134,53,61,13.6
SUPER_23,3540000,88,4,2,94,51,37,2.3333333
SUPER_23,3550000,89,5,6,100,50,39,23.90909
SUPER_23,3560000,59,4,4,67,30,29,3.125
SUPER_23,3570000,41,3,2,46,22,19,4.6
SUPER_23,3580000,168,15,9,192,85,83,14.666667
SUPER_23,3590000,162,7,4,173,84,78,5
SUPER_23,3600000,67,3,4,74,43,24,2.7142856
SUPER_23,3610000,180,12,9,201,91,89,3.5238094
SUPER_23,3620000,103,0,10,113,48,55,95.3
SUPER_23,3630000,98,9,10,117,42,56,4.368421
SUPER_23,3640000,42,0,2,44,25,17,6.5
SUPER_23,3650000,54,2,3,59,33,21,19.2
SUPER_23,3660000,11,0,0,11,8,3,NaN
SUPER_23,3670000,105,6,12,123,56,49,11.333333
SUPER_23,3680000,108,7,6,121,51,57,58.615383
SUPER_23,3690000,138,8,10,156,73,65,6.2777777
SUPER_23,3700000,109,4,8,121,47,62,6.8333335
SUPER_23,3710000,40,2,1,43,21,19,11.666667
SUPER_23,3720000,2,0,0,2,0,2,NaN
SUPER_23,3730000,113,11,6,130,59,54,6.1764708
SUPER_23,3740000,216,15,13,244,115,101,16.142857
SUPER_23,3750000,162,13,17,192,84,78,5.766667
SUPER_23,3760000,47,3,5,55,18,29,9
SUPER_23,3770000,1,1,0,2,0,1,1
SUPER_23,3780000,3,0,0,3,1,2,NaN
SUPER_23,3790000,64,6,4,74,30,34,5.3
SUPER_23,3800000,84,8,7,99,39,45,30.866667
SUPER_23,3810000,157,11,14,182,81,76,9.92
SUPER_23,3820000,101,6,15,122,60,41,4.6666665
SUPER_23,3830000,117,7,10,134,59,58,2.8235295
SUPER_23,3840000,29,3,1,33,15,14,4.5
SUPER_23,3850000,2,0,0,2,2,0,NaN
SUPER_23,3860000,4,2,0,6,4,0,3.5
SUPER_23,3870000,36,1,2,39,16,20,31
SUPER_23,3880000,57,2,3,62,28,29,6.2
SUPER_23,3890000,11,0,0,11,7,4,NaN
SUPER_23,3900000,69,4,7,80,29,40,2.6363637
SUPER_23,3910000,111,2,8,121,59,52,4.4
SUPER_23,3920000,31,3,2,36,11,20,3
SUPER_23,3930000,110,7,8,125,57,53,11.066667
SUPER_23,3940000,126,8,11,145,63,63,3.5789473
SUPER_23,3950000,151,20,5,176,79,72,5.44
SUPER_23,3960000,21,2,2,25,13,8,5.5
SUPER_23,3970000,4,0,0,4,2,2,NaN
SUPER_23,3980000,34,4,4,42,21,13,2.875
SUPER_23,3990000,168,11,14,193,88,80,7.12
SUPER_23,4000000,153,13,13,179,74,79,13.884615
SUPER_23,4010000,159,8,9,176,74,85,9.235294
SUPER_23,4020000,131,7,10,148,66,65,26.882353
SUPER_23,4030000,3,0,1,4,1,2,10
SUPER_23,4040000,53,1,0,54,33,20,13
SUPER_23,4050000,39,1,3,43,17,22,1.25
SUPER_23,4060000,143,6,6,155,69,74,5.3333335
SUPER_23,4070000,178,10,17,205,93,85,10.555555
SUPER_23,4080000,105,6,6,117,50,55,12
SUPER_23,4090000,0,0,1,1,0,0,1
SUPER_23,4100000,17,1,2,20,6,11,2
SUPER_23,4110000,154,3,9,166,82,72,12.666667
SUPER_23,4120000,115,5,7,127,68,47,3.6666667
SUPER_23,4130000,28,1,5,34,13,15,116.666664
SUPER_23,4140000,0,0,0,0,0,0,0
SUPER_23,4150000,0,0,0,0,0,0,0
SUPER_23,4160000,0,0,0,0,0,0,0
SUPER_23,4170000,0,0,0,0,0,0,0
SUPER_23,4180000,122,12,8,142,59,63,13.95
SUPER_23,4190000,20,2,2,24,9,11,9
SUPER_23,4200000,119,9,8,136,64,55,43.52941
SUPER_23,4210000,224,15,11,250,119,105,9.076923
SUPER_23,4220000,123,7,16,146,57,66,12.347826
SUPER_23,4230000,23,0,2,25,8,15,1
SUPER_23,4240000,9,1,3,13,6,3,6
SUPER_23,4250000,0,0,1,1,0,0,2
SUPER_23,4260000,27,1,1,29,9,18,5.5
SUPER_23,4270000,73,1,9,83,49,24,6.4
SUPER_23,4280000,72,6,8,86,36,36,8.642858
SUPER_23,4290000,153,12,9,174,74,79,5.8095236
SUPER_23,4300000,65,5,2,72,26,39,13.714286
SUPER_23,4310000,0,0,1,1,0,0,2
SUPER_23,4320000,1,1,0,2,1,0,5
SUPER_23,4330000,2,1,1,4,0,2,1.5
SUPER_23,4340000,44,6,2,52,21,23,5.5
SUPER_23,4350000,128,6,7,141,65,63,3.5384614
SUPER_23,4360000,81,3,10,94,37,44,2.3846154
SUPER_23,4370000,7,1,0,8,3,4,55
SUPER_23,4380000,124,8,13,145,59,65,7.1904764
SUPER_23,4390000,117,4,6,127,55,62,109.3
SUPER_23,4400000,122,6,8,136,67,55,5.642857
SUPER_23,4410000,81,9,4,94,38,43,5.1538463
SUPER_23,4420000,43,5,4,52,18,25,7.888889
SUPER_23,4430000,113,8,7,128,57,56,4
SUPER_23,4440000,158,13,12,183,82,76,4.56
SUPER_23,4450000,119,2,7,128,58,61,6.111111
SUPER_23,4460000,176,6,6,188,94,82,54.416668
SUPER_23,4470000,52,5,6,63,24,28,9.090909
SUPER_23,4480000,34,4,5,43,16,18,4.4444447
SUPER_23,4490000,3,0,0,3,1,2,NaN
SUPER_23,4500000,108,8,6,122,57,51,6.571429
SUPER_23,4510000,69,0,8,77,42,27,8.625
SUPER_23,4520000,6,1,0,7,2,4,5
SUPER_23,4530000,3,0,1,4,2,1,8
SUPER_23,4540000,171,14,13,198,82,89,9.666667
SUPER_23,4550000,23,3,1,27,15,8,7.5
SUPER_23,4560000,150,8,6,164,78,72,6.142857
SUPER_23,4570000,129,6,9,144,70,59,5.2
SUPER_23,4580000,99,6,13,118,48,51,32.05263
SUPER_23,4590000,68,5,12,85,37,31,7.5882354
SUPER_23,4600000,76,7,13,96,27,49,13.85
SUPER_23,4610000,126,4,10,140,64,62,7.285714
SUPER_23,4620000,62,11,3,76,33,29,7.071429
SUPER_23,4630000,0,0,0,0,0,0,0
SUPER_23,4640000,0,0,0,0,0,0,0
SUPER_23,4650000,0,0,0,0,0,0,0
SUPER_23,4660000,0,0,0,0,0,0,0
SUPER_23,4670000,92,7,13,112,49,43,4.8
SUPER_23,4680000,12,2,0,14,5,7,1.5
SUPER_23,4690000,74,6,6,86,44,30,7.8333335
SUPER_23,4700000,36,1,3,40,16,20,2.75
SUPER_23,4710000,113,12,6,131,52,61,8.333333
SUPER_23,4720000,137,14,11,162,62,75,5.76
SUPER_23,4730000,3,1,0,4,3,0,4
SUPER_23,4740000,18,4,1,23,10,8,3.4
SUPER_23,4750000,59,8,5,72,24,35,6.230769
SUPER_23,4760000,44,2,4,50,18,26,70.333336
SUPER_23,4770000,114,7,11,132,63,51,2.8333333
SUPER_23,4780000,0,0,0,0,0,0,0
SUPER_23,4790000,0,0,0,0,0,0,0
SUPER_23,4800000,10,1,0,11,8,2,1
SUPER_23,4810000,2,0,0,2,1,1,NaN
SUPER_23,4820000,1,0,0,1,0,1,NaN
SUPER_23,4830000,3,0,0,3,1,2,NaN
SUPER_23,4840000,0,1,0,1,0,0,9
SUPER_23,4850000,0,0,1,1,0,0,8
SUPER_23,4860000,41,2,6,49,19,22,9.5
SUPER_23,4870000,58,5,4,67,38,20,4.888889
SUPER_23,4880000,134,7,10,151,73,61,5.647059
SUPER_23,4890000,9,0,0,9,6,3,NaN
SUPER_23,4900000,57,2,4,63,25,32,3.6666667
SUPER_23,4910000,88,4,10,102,43,45,5.785714
SUPER_23,4920000,35,1,2,38,20,15,4.6666665
SUPER_23,4930000,108,3,7,118,57,51,9.2
SUPER_23,4940000,130,8,11,149,65,65,8.684211
SUPER_23,4950000,66,4,4,74,29,37,4.625
SUPER_23,4960000,20,1,0,21,6,14,1
SUPER_23,4970000,0,0,0,0,0,0,0
SUPER_23,4980000,0,0,0,0,0,0,0
SUPER_23,4990000,86,6,7,99,48,38,10.384615
SUPER_23,5000000,55,6,2,63,26,29,8.5
SUPER_23,5010000,130,12,4,146,71,59,4.25
SUPER_23,5020000,144,10,12,166,68,76,5.181818
SUPER_23,5030000,139,9,11,159,65,74,4
SUPER_23,5040000,168,13,13,194,84,84,6.769231
SUPER_23,5050000,112,11,6,129,56,56,9.470589
SUPER_23,5060000,99,7,5,111,48,51,2.4166667
SUPER_23,5070000,125,6,6,137,63,62,6.6666665
SUPER_23,5080000,49,4,5,58,22,27,7
SUPER_23,5090000,63,3,8,74,38,25,39.363636
SUPER_23,5100000,95,7,6,108,44,51,4.076923
SUPER_23,5110000,66,6,6,78,41,25,4.1666665
SUPER_23,5120000,60,6,5,71,34,26,3.8181818
SUPER_23,5130000,156,15,9,180,80,76,6.4583335
SUPER_23,5140000,131,7,4,142,70,61,18.636364
SUPER_23,5150000,14,0,2,16,8,6,4
SUPER_23,5160000,121,8,4,133,62,59,5.1666665
SUPER_23,5170000,77,6,6,89,37,40,4.3333335
SUPER_23,5180000,69,3,8,80,32,37,5.6363635
SUPER_23,5190000,89,5,3,97,47,42,6.875
SUPER_23,5200000,115,10,12,137,52,63,9.181818
SUPER_23,5210000,15,3,1,19,9,6,5.25
SUPER_23,5220000,7,5,1,13,2,5,7.5
SUPER_23,5230000,138,13,8,159,66,72,9.238095
SUPER_23,5240000,93,5,10,108,46,47,11.8
SUPER_23,5250000,67,7,7,81,40,27,12.785714
SUPER_23,5260000,2,0,0,2,2,0,NaN
SUPER_23,5270000,112,9,8,129,58,54,5.4117646
SUPER_23,5280000,138,11,9,158,74,64,11.1
SUPER_23,5290000,139,7,16,162,76,63,3.9130435
SUPER_23,5300000,92,15,8,115,35,57,6.304348
SUPER_23,5310000,60,8,11,79,29,31,5.5263157
SUPER_23,5320000,86,8,5,99,34,52,4.6923075
SUPER_23,5330000,71,6,4,81,41,30,48.4
SUPER_23,5340000,1,0,0,1,1,0,NaN
SUPER_23,5350000,50,0,6,56,26,24,56.166668
SUPER_23,5360000,104,5,4,113,46,58,6.888889
SUPER_23,5370000,84,11,4,99,38,46,7.9333334
SUPER_23,5380000,114,3,3,120,53,61,9.5
SUPER_23,5390000,160,18,19,197,75,85,4.2702703
SUPER_23,5400000,9,3,1,13,4,5,3.75
SUPER_23,5410000,5,1,0,6,3,2,12
SUPER_23,5420000,2,0,0,2,2,0,NaN
SUPER_23,5430000,12,0,0,12,8,4,NaN
SUPER_23,5440000,220,9,19,248,112,108,20.464285
SUPER_23,5450000,58,7,5,70,34,24,2
SUPER_23,5460000,143,8,10,161,68,75,9
SUPER_23,5470000,1,1,0,2,0,1,4
SUPER_23,5480000,4,1,1,6,2,2,3.5
SUPER_23,5490000,2,1,1,4,1,1,3
SUPER_23,5500000,2,0,2,4,1,1,1.5
SUPER_23,5510000,4,0,2,6,1,3,5.5
SUPER_23,5520000,1,0,1,2,1,0,2
SUPER_23,5530000,45,6,3,54,23,22,28.777779
SUPER_23,5540000,118,5,11,134,61,57,10.875
SUPER_23,5550000,106,5,12,123,51,55,31.588236
SUPER_23,5560000,178,13,8,199,103,75,4.428571
SUPER_23,5570000,103,7,10,120,55,48,9.3529415
SUPER_23,5580000,98,8,9,115,50,48,6
SUPER_23,5590000,38,1,3,42,27,11,30.5
SUPER_23,5600000,99,10,14,123,52,47,4.2916665
SUPER_23,5610000,149,15,17,181,68,81,4.625
SUPER_23,5620000,132,12,9,153,67,65,2.952381
SUPER_23,5630000,47,3,9,59,26,21,5.9166665
SUPER_23,5640000,0,0,0,0,0,0,0
SUPER_23,5650000,0,0,0,0,0,0,0
SUPER_23,5660000,147,12,12,171,70,77,3.5833333
SUPER_23,5670000,182,18,11,211,90,92,3.7931035
SUPER_23,5680000,97,3,9,109,45,52,5.0833335
SUPER_23,5690000,45,1,3,49,32,13,3.25
SUPER_23,5700000,87,4,8,99,42,45,2.9166667
SUPER_23,5710000,104,4,9,117,54,50,21.846153
SUPER_23,5720000,146,9,18,173,66,80,8
SUPER_23,5730000,172,12,13,197,93,79,4.32
SUPER_23,5740000,0,0,0,0,0,0,0
SUPER_23,5750000,0,0,0,0,0,0,0
SUPER_23,5760000,182,14,12,208,90,92,15.692307
SUPER_23,5770000,4,1,1,6,2,2,2.5
SUPER_23,5780000,2,0,0,2,1,1,NaN
SUPER_23,5790000,2,0,0,2,0,2,NaN
SUPER_23,5800000,3,0,1,4,1,2,2
SUPER_23,5810000,3,0,0,3,2,1,NaN
SUPER_23,5820000,5,1,2,8,3,2,1
SUPER_23,5830000,21,0,2,23,11,10,25.5
SUPER_23,5840000,65,7,4,76,36,29,1.8181819
SUPER_23,5850000,51,2,6,59,26,25,17
SUPER_23,5860000,89,1,12,102,37,52,6.923077
SUPER_23,5870000,48,4,4,56,22,26,2.5
SUPER_23,5880000,78,8,7,93,41,37,30.733334
SUPER_23,5890000,74,7,7,88,27,47,6.857143
SUPER_23,5900000,90,4,12,106,57,33,26.25
SUPER_23,5910000,35,1,1,37,18,17,19
SUPER_23,5920000,126,13,9,148,59,67,5.1363635
SUPER_23,5930000,157,7,13,177,81,76,8.85
SUPER_23,5940000,8,1,1,10,3,5,3
SUPER_23,5950000,85,1,4,90,47,38,1.6
SUPER_23,5960000,89,9,9,107,41,48,2.1111112
SUPER_23,5970000,50,4,5,59,22,28,7.2222223
SUPER_23,5980000,51,5,5,61,25,26,3.6
SUPER_23,5990000,16,2,1,19,8,8,1
SUPER_23,6000000,18,5,0,23,9,9,4.2
SUPER_23,6010000,3,0,1,4,2,1,1
SUPER_23,6020000,0,1,0,1,0,0,1
SUPER_23,6030000,15,2,1,18,7,8,3.3333333
SUPER_23,6040000,3,0,0,3,1,2,NaN
SUPER_23,6050000,6,2,0,8,3,3,5
SUPER_23,6060000,3,0,1,4,2,1,2
SUPER_23,6070000,40,2,3,45,20,20,2.6
SUPER_23,6080000,3,0,0,3,2,1,NaN
SUPER_23,6090000,70,6,5,81,34,36,10.454545
SUPER_23,6100000,72,4,4,80,32,40,8.5
SUPER_23,6110000,25,0,2,27,12,13,2
SUPER_23,6120000,125,6,7,138,72,53,4.5384617
SUPER_23,6130000,15,1,1,17,7,8,3.5
SUPER_23,6140000,173,13,14,200,97,76,11.592592
SUPER_23,6150000,0,0,0,0,0,0,0
SUPER_23,6160000,0,0,0,0,0,0,0
SUPER_23,6170000,0,0,0,0,0,0,0
SUPER_23,6180000,0,0,0,0,0,0,0
SUPER_23,6190000,0,0,0,0,0,0,0
SUPER_23,6200000,174,7,11,192,90,84,19.222221
SUPER_23,6210000,129,6,11,146,80,49,3.1764705
SUPER_23,6220000,99,6,10,115,58,41,8.625
SUPER_23,6230000,10,2,1,13,3,7,3
SUPER_23,6240000,84,9,3,96,42,42,14
SUPER_23,6250000,116,3,6,125,69,47,15.111111
SUPER_23,6260000,192,10,15,217,107,85,12.12
SUPER_23,6270000,108,9,8,125,57,51,5.470588
SUPER_23,6280000,104,7,6,117,58,46,6.5384617
SUPER_23,6290000,189,12,6,207,101,88,5.388889
SUPER_23,6300000,118,3,8,129,57,61,7.4545455
SUPER_23,6310000,97,6,9,112,46,51,12.266666
SUPER_23,6320000,129,7,10,146,73,56,8
SUPER_23,6330000,113,2,7,122,62,51,7.4444447
SUPER_23,6340000,97,4,10,111,47,50,37.5
SUPER_23,6350000,69,4,5,78,35,34,10.888889
SUPER_23,6360000,19,1,2,22,7,12,13.666667
SUPER_23,6370000,2,0,0,2,1,1,NaN
SUPER_23,6380000,35,1,4,40,19,16,7.4
SUPER_23,6390000,5,0,0,5,0,5,NaN
SUPER_23,6400000,2,0,0,2,1,1,NaN
SUPER_23,6410000,1,0,0,1,1,0,NaN
SUPER_23,6420000,2,0,0,2,2,0,NaN
SUPER_23,6430000,18,2,1,21,12,6,4
SUPER_23,6440000,64,2,8,74,37,27,28.8
SUPER_23,6450000,93,8,7,108,46,47,42.533333
SUPER_23,6460000,1,0,0,1,0,1,NaN
SUPER_23,6470000,0,0,0,0,0,0,0
SUPER_23,6480000,0,0,0,0,0,0,0
SUPER_23,6490000,3,0,0,3,3,0,NaN
SUPER_23,6500000,0,1,1,2,0,0,2.5
SUPER_23,6510000,81,6,6,93,48,33,15.083333
SUPER_23,6520000,5,0,0,5,3,2,NaN
SUPER_23,6530000,1,0,0,1,0,1,NaN
SUPER_23,6540000,3,1,0,4,1,2,1
SUPER_23,6550000,4,0,1,5,1,3,8
SUPER_23,6560000,2,1,0,3,1,1,1
SUPER_23,6570000,4,0,0,4,1,3,NaN
SUPER_23,6580000,2,0,0,2,1,1,NaN
SUPER_23,6590000,31,4,2,37,13,18,3.3333333
SUPER_23,6600000,98,7,7,112,52,46,5.5
SUPER_23,6610000,74,6,9,89,44,30,4.8
SUPER_23,6620000,43,1,3,47,27,16,11.5
SUPER_23,6630000,71,5,4,80,40,31,8
SUPER_23,6640000,91,3,6,100,49,42,3.6666667
SUPER_23,6650000,20,0,1,21,7,13,2
SUPER_23,6660000,62,4,3,69,30,32,5.285714
SUPER_23,6670000,172,6,10,188,96,76,3.5
SUPER_23,6680000,88,7,1,96,49,39,5.625
SUPER_23,6690000,0,0,0,0,0,0,0
SUPER_23,6700000,0,0,0,0,0,0,0
SUPER_23,6710000,199,21,21,241,102,97,11.071428
SUPER_23,6720000,93,7,8,108,47,46,3.2
SUPER_23,6730000,43,8,1,52,27,16,2.5555556
SUPER_23,6740000,82,5,8,95,45,37,5.3076925
SUPER_23,6750000,111,13,6,130,67,44,5.1578946
SUPER_23,6760000,119,6,11,136,58,61,3.5294118
SUPER_23,6770000,124,2,5,131,66,58,2.2857144
SUPER_23,6780000,73,6,5,84,37,36,6.6363635
SUPER_23,6790000,1,0,0,1,1,0,NaN
SUPER_23,6800000,2,0,0,2,2,0,NaN
SUPER_23,6810000,3,1,0,4,2,1,1
SUPER_23,6820000,30,0,2,32,15,15,2.5
SUPER_23,6830000,68,5,4,77,38,30,10.222222
SUPER_23,6840000,29,0,1,30,17,12,11
SUPER_23,6850000,9,0,0,9,3,6,NaN
SUPER_23,6860000,66,3,7,76,35,31,5.5
SUPER_23,6870000,90,8,7,105,47,43,20
SUPER_23,6880000,146,8,18,172,68,78,9.615385
SUPER_23,6890000,0,0,0,0,0,0,0
SUPER_23,6900000,0,0,0,0,0,0,0
SUPER_23,6910000,75,2,5,82,37,38,1.5714285
SUPER_23,6920000,3,1,0,4,0,3,2
SUPER_23,6930000,16,0,1,17,9,7,4
SUPER_23,6940000,0,0,0,0,0,0,0
SUPER_23,6950000,0,0,0,0,0,0,0
SUPER_23,6960000,69,10,1,80,29,40,7.3636365
SUPER_23,6970000,57,4,8,69,22,35,17.75
SUPER_23,6980000,36,0,2,38,23,13,25.5
SUPER_23,6990000,43,2,4,49,22,21,11.666667
SUPER_23,7000000,98,6,8,112,45,53,5.714286
SUPER_23,7010000,78,11,5,94,39,39,3.4375
SUPER_23,7020000,67,4,5,76,35,32,8.111111
SUPER_23,7030000,146,13,7,166,67,79,7.4
SUPER_23,7040000,159,11,11,181,81,78,25.5
SUPER_23,7050000,17,0,2,19,4,13,16
SUPER_23,7060000,4,0,0,4,3,1,NaN
SUPER_23,7070000,3,0,0,3,2,1,NaN
SUPER_23,7080000,4,2,1,7,2,2,1
SUPER_23,7090000,0,0,0,0,0,0,0
SUPER_23,7100000,0,0,0,0,0,0,0
SUPER_23,7110000,3,0,1,4,2,1,1
SUPER_23,7120000,6,1,2,9,3,3,1.6666666
SUPER_23,7130000,1,1,0,2,1,0,2
SUPER_23,7140000,2,0,1,3,1,1,22
SUPER_23,7150000,1,0,0,1,0,1,NaN
SUPER_23,7160000,11,1,1,13,8,3,6.5
SUPER_23,7170000,3,0,1,4,1,2,19
SUPER_23,7180000,4,0,0,4,1,3,NaN
SUPER_23,7190000,45,2,2,49,22,23,8.25
SUPER_23,7200000,175,13,14,202,96,79,11.851851
SUPER_23,7210000,77,3,2,82,45,32,5.6
SUPER_23,7220000,75,2,2,79,41,34,13.25
SUPER_23,7230000,72,2,4,78,41,31,27.666666
SUPER_23,7240000,117,7,8,132,59,58,7.5333333
SUPER_23,7250000,30,0,0,30,21,9,NaN
SUPER_23,7260000,54,5,4,63,29,25,5.111111
SUPER_23,7270000,44,1,2,47,24,20,3.3333333
SUPER_23,7280000,100,1,3,104,52,48,2
SUPER_23,7290000,29,0,1,30,15,14,1
SUPER_23,7300000,110,4,10,124,52,57,26.714285
SUPER_23,7310000,124,4,10,138,67,57,26.071428
SUPER_23,7320000,148,3,2,153,88,60,7.4
SUPER_23,7330000,80,7,3,90,43,37,6.2
SUPER_23,7340000,44,2,3,49,28,16,1.8
SUPER_23,7350000,151,9,7,167,77,74,4.0625
SUPER_23,7360000,160,8,9,177,87,73,2.235294
SUPER_23,7370000,28,1,2,31,16,12,1
SUPER_23,7380000,146,7,13,166,74,72,9.15
SUPER_23,7390000,128,9,7,144,73,55,9.5
SUPER_23,7400000,0,0,0,0,0,0,0
SUPER_23,7410000,0,0,0,0,0,0,0
SUPER_23,7420000,147,10,18,175,78,69,8.321428
SUPER_23,7430000,206,9,19,234,112,94,8.142858
SUPER_23,7440000,210,13,14,237,117,93,18.11111
SUPER_23,7450000,181,10,12,203,88,93,5.181818
SUPER_23,7460000,190,11,14,215,106,84,5.92
SUPER_23,7470000,135,12,10,157,72,63,6.318182
SUPER_23,7480000,90,2,5,97,47,43,30.714285
SUPER_23,7490000,149,11,6,166,80,69,7.9411764
SUPER_23,7500000,53,2,1,56,30,23,5
SUPER_23,7510000,66,2,6,74,34,32,10.625
SUPER_23,7520000,20,0,1,21,10,10,1
SUPER_23,7530000,19,0,0,19,10,9,NaN
SUPER_23,7540000,2,1,0,3,2,0,1
SUPER_23,7550000,68,6,3,77,40,28,2.7777777
SUPER_23,7560000,144,11,12,167,67,77,5.6086955
SUPER_23,7570000,151,8,10,169,65,86,6.2222223
SUPER_23,7580000,47,4,3,54,25,22,9.857142
SUPER_23,7590000,47,2,2,51,26,21,12.25
SUPER_23,7600000,107,9,9,125,53,54,6.388889
SUPER_23,7610000,0,0,0,0,0,0,0
SUPER_23,7620000,0,0,0,0,0,0,0
SUPER_23,7630000,138,3,12,153,80,58,38.2
SUPER_23,7640000,133,9,1,143,81,52,3.7
SUPER_23,7650000,9,1,0,10,1,8,1
SUPER_23,7660000,2,1,2,5,0,2,8.333333
SUPER_23,7670000,5,0,0,5,2,3,NaN
SUPER_23,7680000,1,0,0,1,1,0,NaN
SUPER_23,7690000,1,0,0,1,1,0,NaN
SUPER_23,7700000,1,0,0,1,1,0,NaN
SUPER_23,7710000,30,3,3,36,19,11,8.5
SUPER_23,7720000,101,6,6,113,63,38,10.083333
SUPER_23,7730000,134,15,9,158,65,69,14.041667
SUPER_23,7740000,0,1,0,1,0,0,10
SUPER_23,7750000,2,0,0,2,2,0,NaN
SUPER_23,7760000,9,2,0,11,8,1,5.5
SUPER_23,7770000,121,4,4,129,72,49,8.375
SUPER_23,7780000,35,5,4,44,9,26,21.88889
SUPER_23,7790000,165,4,10,179,83,82,4.928571
SUPER_23,7800000,122,7,8,137,66,56,3.4666667
SUPER_23,7810000,140,12,12,164,67,73,4.3333335
SUPER_23,7820000,72,6,5,83,28,44,6.2727275
SUPER_23,7830000,0,1,0,1,0,0,1
SUPER_23,7840000,1,1,0,2,1,0,1
SUPER_23,7850000,3,0,0,3,1,2,NaN
SUPER_23,7860000,3,0,1,4,0,3,1
SUPER_23,7870000,4,1,1,6,0,4,1.5
SUPER_23,7880000,51,2,4,57,24,27,4.3333335
SUPER_23,7890000,78,7,17,102,33,45,24.666666
SUPER_23,7900000,115,7,15,137,63,52,10.045455
SUPER_23,7910000,32,3,1,36,22,10,7.75
SUPER_23,7920000,68,0,4,72,34,34,9.25
SUPER_23,7930000,114,5,6,125,62,52,3.7272727
SUPER_23,7940000,67,5,7,79,33,34,10.083333
SUPER_23,7950000,29,4,1,34,14,15,6.2
SUPER_23,7960000,107,6,6,119,45,62,4.8333335
SUPER_23,7970000,59,7,5,71,34,25,4.3333335
SUPER_23,7980000,65,4,8,77,32,33,25.916666
SUPER_23,7990000,41,2,4,47,22,19,24.833334
SUPER_23,8000000,116,7,11,134,59,57,6.888889
SUPER_23,8010000,100,9,5,114,55,45,4.714286
SUPER_23,8020000,35,2,1,38,23,12,5
SUPER_23,8030000,139,9,8,156,75,64,8.941176
SUPER_23,8040000,156,12,8,176,82,74,16.5
SUPER_23,8050000,205,17,13,235,107,98,15.533334
SUPER_23,8060000,169,11,9,189,96,73,15.45
SUPER_23,8070000,116,3,6,125,61,55,5.5555553
SUPER_23,8080000,106,7,10,123,56,50,7.2352943
SUPER_23,8090000,87,1,5,93,42,45,1.8333334
SUPER_23,8100000,79,2,11,92,44,35,12.076923
SUPER_23,8110000,201,11,19,231,87,114,9.1
SUPER_23,8120000,185,10,6,201,99,86,6.5625
SUPER_23,8130000,254,13,14,281,133,121,5.5555553
SUPER_23,8140000,54,4,3,61,26,28,11.714286
SUPER_23,8150000,72,6,2,80,43,29,4.5
SUPER_23,8160000,8,0,0,8,3,5,NaN
SUPER_23,8170000,48,4,8,60,24,24,4.1666665
SUPER_23,8180000,148,4,14,166,73,75,5.888889
SUPER_23,8190000,78,5,9,92,41,37,9.071428
SUPER_23,8200000,56,6,3,65,26,30,7.5555553
SUPER_23,8210000,47,4,4,55,28,19,6
SUPER_23,8220000,136,7,11,154,78,58,9.333333
SUPER_23,8230000,46,3,4,53,25,21,3.7142856
SUPER_23,8240000,139,9,8,156,70,69,6.352941
SUPER_23,8250000,91,6,4,101,56,35,5.7
SUPER_23,8260000,6,1,1,8,1,5,1
SUPER_23,8270000,0,1,1,2,0,0,9
SUPER_23,8280000,133,5,7,145,63,70,5
SUPER_23,8290000,35,4,1,40,14,21,5.2
SUPER_23,8300000,134,11,3,148,74,60,3.9285715
SUPER_23,8310000,11,0,1,12,6,5,13
SUPER_23,8320000,119,5,9,133,61,58,4.571429
SUPER_23,8330000,87,9,5,101,43,44,3.4285715
SUPER_23,8340000,126,9,8,143,63,63,10.941176
SUPER_23,8350000,226,13,15,254,134,92,7.321429
SUPER_23,8360000,13,0,1,14,10,3,1
SUPER_23,8370000,17,2,2,21,7,10,6
SUPER_23,8380000,0,0,0,0,0,0,0
SUPER_23,8390000,0,0,0,0,0,0,0
SUPER_23,8400000,7,1,1,9,1,6,1.5
SUPER_23,8410000,1,1,0,2,0,1,5
SUPER_23,8420000,1,3,1,5,1,0,4.5
SUPER_23,8430000,14,0,2,16,8,6,4.5
SUPER_23,8440000,131,8,16,155,68,63,7.2916665
SUPER_23,8450000,190,5,5,200,89,101,19.2
SUPER_23,8460000,174,13,13,200,95,79,3.6923077
SUPER_23,8470000,44,3,7,54,24,20,1.9
SUPER_23,8480000,0,0,0,0,0,0,0
SUPER_23,8490000,0,0,0,0,0,0,0
SUPER_23,8500000,40,4,2,46,16,24,6.8333335
SUPER_23,8510000,0,0,0,0,0,0,0
SUPER_23,8520000,0,0,0,0,0,0,0
SUPER_23,8530000,169,9,10,188,78,91,2.0526316
SUPER_23,8540000,129,7,4,140,73,56,15.909091
SUPER_23,8550000,141,12,14,167,71,70,4.5384617
SUPER_23,8560000,96,0,2,98,46,50,10.5
SUPER_23,8570000,27,1,3,31,15,12,4
SUPER_23,8580000,24,2,0,26,14,10,6
SUPER_23,8590000,80,5,6,91,34,46,4.7272725
SUPER_23,8600000,7,2,1,10,2,5,4
SUPER_23,8610000,52,3,4,59,24,28,2
SUPER_23,8620000,93,5,5,103,49,44,5.7
SUPER_23,8630000,0,0,0,0,0,0,0
SUPER_23,8640000,0,0,0,0,0,0,0
SUPER_23,8650000,172,7,14,193,83,89,15.380953
SUPER_23,8660000,119,3,11,133,62,57,5.5
SUPER_23,8670000,112,5,8,125,61,51,58.923077
SUPER_23,8680000,91,5,11,107,40,51,15.5
SUPER_23,8690000,23,2,1,26,12,11,3
SUPER_23,8700000,91,7,8,106,51,40,6.0666666
SUPER_23,8710000,65,8,3,76,34,31,3.2727273
SUPER_23,8720000,141,9,10,160,77,64,4.5263157
SUPER_23,8730000,78,8,3,89,35,43,5.181818
SUPER_23,8740000,152,5,6,163,84,68,6.5454545
SUPER_23,8750000,159,8,13,180,83,76,4.285714
SUPER_23,8760000,165,14,13,192,95,70,13.777778
SUPER_23,8770000,142,15,12,169,82,60,7.2222223
SUPER_23,8780000,102,7,8,117,61,41,7.6
SUPER_23,8790000,239,9,15,263,119,120,7.75
SUPER_23,8800000,46,4,4,54,13,33,7.25
SUPER_23,8810000,13,2,5,20,7,6,14.857142
SUPER_23,8820000,122,6,9,137,60,62,6.6666665
SUPER_23,8830000,5,0,0,5,3,2,NaN
SUPER_23,8840000,18,0,1,19,10,8,3
SUPER_23,8850000,54,4,4,62,34,20,6.75
SUPER_23,8860000,102,9,6,117,54,48,21.666666
SUPER_23,8870000,112,10,7,129,52,60,8.117647
SUPER_23,8880000,30,1,6,37,15,15,7.285714
SUPER_23,8890000,10,0,0,10,2,8,NaN
SUPER_23,8900000,16,0,3,19,9,7,1.6666666
SUPER_23,8910000,46,3,3,52,30,16,7.3333335
SUPER_23,8920000,205,6,12,223,109,96,6.7777777
SUPER_23,8930000,77,8,4,89,39,38,5
SUPER_23,8940000,101,5,8,114,45,56,5.4615383
SUPER_23,8950000,134,6,10,150,70,64,6.1875
SUPER_23,8960000,28,0,4,32,18,10,5
SUPER_23,8970000,93,6,7,106,49,44,51.923077
SUPER_23,8980000,149,7,14,170,72,77,15.285714
SUPER_23,8990000,86,5,8,99,46,40,28.538462
SUPER_23,9000000,114,9,7,130,55,59,6.3125
SUPER_23,9010000,95,5,4,104,47,48,3.4444444
SUPER_23,9020000,97,7,7,111,57,40,8.642858
SUPER_23,9030000,36,3,1,40,18,18,5.5
SUPER_23,9040000,8,1,1,10,5,3,3
SUPER_23,9050000,86,10,8,104,40,46,7.2222223
SUPER_23,9060000,165,10,8,183,88,77,24.555555
SUPER_23,9070000,110,7,6,123,56,54,5.230769
SUPER_23,9080000,194,14,11,219,93,101,8.12
SUPER_23,9090000,104,7,4,115,50,54,8.818182
SUPER_23,9100000,42,0,1,43,19,23,1
SUPER_23,9110000,98,9,13,120,53,45,2.909091
SUPER_23,9120000,45,3,5,53,27,18,18.375
SUPER_23,9130000,4,0,0,4,3,1,NaN
SUPER_23,9140000,4,2,0,6,3,1,2.5
SUPER_23,9150000,2,0,1,3,1,1,4
SUPER_23,9160000,0,1,0,1,0,0,1
SUPER_23,9170000,64,3,3,70,33,31,5.1666665
SUPER_23,9180000,196,20,10,226,84,112,9.4
SUPER_23,9190000,29,3,3,35,12,17,14.166667
SUPER_23,9200000,2,3,1,6,1,1,16.5
SUPER_23,9210000,114,7,8,129,22,92,2.2
SUPER_23,9220000,29,2,1,32,10,19,1.6666666
SUPER_23,9230000,2,0,2,4,2,0,4
SUPER_23,9240000,2,0,0,2,2,0,NaN
SUPER_23,9250000,5,0,0,5,4,1,NaN
SUPER_23,9260000,67,8,7,82,36,31,7.133333
SUPER_23,9270000,75,4,1,80,33,42,13.6
SUPER_23,9280000,83,11,6,100,49,34,7.2941175
SUPER_23,9290000,151,18,13,182,67,84,15.387096
SUPER_23,9300000,136,13,5,154,63,73,5.2222223
SUPER_23,9310000,102,22,8,132,49,53,7.0333333
SUPER_23,9320000,91,10,12,113,44,47,13.681818
SUPER_23,9330000,167,10,14,191,76,91,14.583333
SUPER_23,9340000,42,5,1,48,17,25,4.8333335
SUPER_23,9350000,99,12,18,129,51,48,6.3
SUPER_23,9360000,153,11,17,181,78,75,6.678571
SUPER_23,9370000,72,3,10,85,41,31,6.230769
SUPER_23,9380000,2,0,0,2,0,2,NaN
SUPER_23,9390000,2,2,0,4,2,0,1
SUPER_23,9400000,2,0,1,3,1,1,1
SUPER_23,9410000,2,0,1,3,2,0,1
SUPER_23,9420000,25,4,2,31,19,6,5
SUPER_23,9430000,101,6,7,114,50,51,10.384615
SUPER_23,9440000,101,7,9,117,47,54,29.6875
SUPER_23,9450000,115,6,10,131,64,51,8.0625
SUPER_23,9460000,71,5,6,82,44,27,3
SUPER_23,9470000,86,8,6,100,39,47,5
SUPER_23,9480000,48,3,5,56,28,20,5
SUPER_23,9490000,88,6,12,106,39,49,2.7777777
SUPER_23,9500000,186,15,12,213,81,105,3.1111112
SUPER_23,9510000,86,3,7,96,38,48,8.2
SUPER_23,9520000,174,17,23,214,84,90,5.7
SUPER_23,9530000,131,7,10,148,77,54,4.352941
SUPER_23,9540000,0,1,1,2,0,0,5
SUPER_23,9550000,93,5,8,106,47,46,19.307692
SUPER_23,9560000,68,8,7,83,34,34,9
SUPER_23,9570000,11,0,2,13,7,4,4
SUPER_23,9580000,123,12,11,146,62,61,7.6086955
SUPER_23,9590000,143,8,16,167,78,65,4.625
SUPER_23,9600000,70,7,9,86,40,30,27.625
SUPER_23,9610000,76,3,8,87,40,36,4.2727275
SUPER_23,9620000,72,4,4,80,37,35,1.75
SUPER_23,9630000,69,3,4,76,33,36,6.142857
SUPER_23,9640000,164,12,22,198,77,87,6.7941175
SUPER_23,9650000,192,12,12,216,97,95,17.416666
SUPER_23,9660000,177,16,8,201,87,90,5.0833335
SUPER_23,9670000,35,5,1,41,13,22,10.666667
SUPER_23,9680000,68,1,9,78,31,37,13.2
SUPER_23,9690000,151,12,17,180,82,69,6.3448277
SUPER_23,9700000,96,12,5,113,46,50,4.2941175
SUPER_23,9710000,60,4,4,68,27,33,23.5
SUPER_23,9720000,2,0,0,2,1,1,NaN
SUPER_23,9730000,12,2,3,17,7,5,11.2
SUPER_23,9740000,106,6,7,119,57,49,3.5384614
SUPER_23,9750000,58,5,4,67,28,30,2.8888888
SUPER_23,9760000,2,0,0,2,0,2,NaN
SUPER_23,9770000,4,0,0,4,1,3,NaN
SUPER_23,9780000,1,0,0,1,0,1,NaN
SUPER_23,9790000,126,8,12,146,66,60,13.85
SUPER_23,9800000,116,14,9,139,58,58,7.869565
SUPER_23,9810000,86,4,7,97,39,47,6
SUPER_23,9820000,8,3,1,12,3,5,3.5
SUPER_23,9830000,98,6,11,115,42,56,4.5882354
SUPER_23,9840000,157,6,8,171,84,73,8.142858
SUPER_23,9850000,89,9,6,104,47,42,4.133333
SUPER_23,9860000,59,6,2,67,29,30,7.25
SUPER_23,9870000,115,10,10,135,60,55,8.5
SUPER_23,9880000,89,10,9,108,41,48,7.105263
SUPER_23,9890000,101,8,1,110,50,51,13.222222
SUPER_23,9900000,122,8,4,134,57,65,2.9166667
SUPER_23,9910000,20,2,3,25,9,11,3.8
SUPER_23,9920000,2,0,0,2,1,1,NaN
SUPER_23,9930000,55,4,4,63,26,29,8.5
SUPER_23,9940000,193,13,11,217,92,101,7.2083335
SUPER_23,9950000,152,7,6,165,77,75,10.538462
SUPER_23,9960000,100,6,9,115,47,53,5.133333
SUPER_23,9970000,94,13,6,113,51,43,2.7894738
SUPER_23,9980000,148,11,9,168,83,65,9.15
SUPER_23,9990000,181,9,12,202,94,87,7.571429
SUPER_23,10000000,136,14,9,159,79,57,4.5652175
SUPER_23,10010000,42,3,3,48,23,19,10
SUPER_23,10020000,155,15,10,180,78,77,5.48
SUPER_23,10030000,3,0,2,5,2,1,3.5
SUPER_23,10040000,0,0,1,1,0,0,1
SUPER_23,10050000,62,4,6,72,31,31,6.5
SUPER_23,10060000,35,0,2,37,20,15,10
SUPER_23,10070000,109,10,6,125,47,62,7
SUPER_23,10080000,103,6,12,121,55,48,19
SUPER_23,10090000,135,3,7,145,65,70,40.4
SUPER_23,10100000,154,12,13,179,88,66,5
SUPER_23,10110000,20,2,1,23,8,12,2.6666667
SUPER_23,10120000,128,9,11,148,70,58,5.25
SUPER_23,10130000,37,4,3,44,24,13,50.142857
SUPER_23,10140000,97,12,16,125,46,51,6.357143
SUPER_23,10150000,133,13,10,156,60,73,7.9130435
SUPER_23,10160000,10,3,5,18,4,6,3.375
SUPER_23,10170000,26,3,1,30,14,12,2
SUPER_23,10180000,69,5,5,79,27,42,10.3
SUPER_23,10190000,5,0,1,6,2,3,1
SUPER_23,10200000,2,1,0,3,0,2,2
SUPER_23,10210000,6,1,0,7,1,5,2
SUPER_23,10220000,54,5,3,62,18,36,7.25
SUPER_23,10230000,127,8,8,143,61,66,7.6875
SUPER_23,10240000,199,12,11,222,125,74,6.478261
SUPER_23,10250000,109,6,3,118,66,43,10.777778
SUPER_23,10260000,33,4,3,40,18,15,4.142857
SUPER_23,10270000,26,2,0,28,13,13,6.5
SUPER_23,10280000,17,2,0,19,7,10,2.5
SUPER_23,10290000,11,1,1,13,7,4,1
SUPER_23,10300000,50,3,4,57,25,25,30.285715
SUPER_23,10310000,0,0,0,0,0,0,0
SUPER_23,10320000,0,0,0,0,0,0,0
SUPER_23,10330000,14,0,2,16,8,6,2
SUPER_23,10340000,71,2,5,78,34,37,58.142857
SUPER_23,10350000,41,2,1,44,17,24,6
SUPER_23,10360000,12,0,1,13,7,5,4
SUPER_23,10370000,117,10,3,130,70,47,9.384615
SUPER_23,10380000,73,7,4,84,40,33,3
SUPER_23,10390000,228,25,12,265,115,113,15.810811
SUPER_23,10400000,99,5,8,112,51,48,5.076923
SUPER_23,10410000,62,2,9,73,31,31,3.909091
SUPER_23,10420000,172,11,15,198,79,93,6.8461537
SUPER_23,10430000,110,3,6,119,52,58,6
SUPER_23,10440000,90,9,3,102,47,43,3.3333333
SUPER_23,10450000,156,12,8,176,79,77,4.9
SUPER_23,10460000,66,4,5,75,32,34,5.5555553
SUPER_23,10470000,68,3,4,75,34,34,5
SUPER_23,10480000,2,0,0,2,1,1,NaN
SUPER_23,10490000,9,0,0,9,7,2,NaN
SUPER_23,10500000,174,7,9,190,98,76,4.8125
SUPER_23,10510000,179,11,10,200,100,79,9
SUPER_23,10520000,179,9,10,198,94,85,18.105263
SUPER_23,10530000,109,2,7,118,62,47,7.2222223
SUPER_23,10540000,150,11,6,167,78,72,5.5882354
SUPER_23,10550000,97,8,8,113,50,47,3.25
SUPER_23,10560000,79,4,1,84,47,32,10.6
SUPER_23,10570000,31,5,3,39,19,12,2.375
SUPER_23,10580000,10,2,0,12,3,7,1
SUPER_23,10590000,16,1,5,22,9,7,2.5
SUPER_23,10600000,168,11,6,185,84,84,19.117647
SUPER_23,10610000,62,5,8,75,28,34,4.4615383
SUPER_23,10620000,130,10,9,149,62,68,5.368421
SUPER_23,10630000,55,3,5,63,25,30,3.125
SUPER_23,10640000,123,11,8,142,67,56,4.736842
SUPER_23,10650000,3,0,0,3,1,2,NaN
SUPER_23,10660000,21,2,1,24,12,9,7.6666665
SUPER_23,10670000,84,4,5,93,47,37,10.111111
SUPER_23,10680000,2,0,0,2,1,1,NaN
SUPER_23,10690000,2,1,0,3,1,1,10
SUPER_23,10700000,3,0,0,3,2,1,NaN
SUPER_23,10710000,60,3,6,69,27,33,15.333333
SUPER_23,10720000,154,11,7,172,92,62,17.777779
SUPER_23,10730000,155,10,13,178,72,83,3.2173913
SUPER_23,10740000,175,7,16,198,90,85,17.173914
SUPER_23,10750000,71,3,3,77,35,36,17.333334
SUPER_23,10760000,248,15,18,281,122,126,5.030303
SUPER_23,10770000,133,10,8,151,69,64,10.388889
SUPER_23,10780000,60,4,2,66,27,33,3
SUPER_23,10790000,3,0,0,3,2,1,NaN
SUPER_23,10800000,0,0,1,1,0,0,1
SUPER_23,10810000,3,0,1,4,0,3,1
SUPER_23,10820000,1,0,1,2,0,1,1
SUPER_23,10830000,5,0,1,6,3,2,8
SUPER_23,10840000,4,0,0,4,3,1,NaN
SUPER_23,10850000,1,0,1,2,1,0,10
SUPER_23,10860000,2,0,1,3,2,0,4
SUPER_23,10870000,157,12,10,179,74,83,4.590909
SUPER_23,10880000,124,6,7,137,73,51,16.461538
SUPER_23,10890000,163,9,4,176,79,84,8
SUPER_23,10900000,166,8,9,183,88,78,5.647059
SUPER_23,10910000,136,9,17,162,70,66,10.461538
SUPER_23,10920000,106,3,5,114,58,48,7
SUPER_23,10930000,173,13,14,200,92,81,5.4814816
SUPER_23,10940000,43,5,4,52,26,17,9.666667
SUPER_23,10950000,153,9,7,169,80,73,3.5625
SUPER_23,10960000,117,7,5,129,58,59,4.9166665
SUPER_23,10970000,40,3,6,49,21,19,12.666667
SUPER_23,10980000,8,2,1,11,6,2,10.333333
SUPER_23,10990000,34,4,6,44,18,16,4.3
SUPER_23,11000000,57,7,2,66,27,30,6
SUPER_23,11010000,96,5,8,109,47,49,2.7692308
SUPER_23,11020000,81,1,2,84,42,39,18.666666
SUPER_23,11030000,12,1,0,13,6,6,1
SUPER_23,11040000,100,8,7,115,58,42,5.866667
SUPER_23,11050000,141,9,12,162,66,75,8.238095
SUPER_23,11060000,101,6,3,110,46,55,6.4444447
SUPER_23,11070000,6,1,0,7,3,3,1
SUPER_23,11080000,154,7,16,177,83,71,7.9130435
SUPER_23,11090000,160,18,8,186,94,66,7.8846154
SUPER_23,11100000,125,10,4,139,64,61,8.714286
SUPER_23,11110000,140,9,7,156,66,74,13.25
SUPER_23,11120000,53,4,8,65,21,32,6
SUPER_23,11130000,5,1,0,6,0,5,1
SUPER_23,11140000,122,10,9,141,63,59,8.105263
SUPER_23,11150000,36,2,2,40,17,19,5.5
SUPER_23,11160000,145,7,5,157,82,63,2.0833333
SUPER_23,11170000,159,13,9,181,92,67,10.136364
SUPER_23,11180000,114,9,8,131,67,47,5.5882354
SUPER_23,11190000,57,3,0,60,32,25,3.3333333
SUPER_23,11200000,0,0,0,0,0,0,0
SUPER_23,11210000,0,0,0,0,0,0,0
SUPER_23,11220000,19,1,2,22,8,11,2.3333333
SUPER_23,11230000,3,0,0,3,1,2,NaN
SUPER_23,11240000,3,0,1,4,1,2,1
SUPER_23,11250000,2,0,0,2,2,0,NaN
SUPER_23,11260000,5,0,0,5,3,2,NaN
SUPER_23,11270000,2,0,0,2,2,0,NaN
SUPER_23,11280000,1,3,0,4,1,0,2.3333333
SUPER_23,11290000,29,3,0,32,18,11,21
SUPER_23,11300000,95,5,2,102,41,54,1.7142857
SUPER_23,11310000,178,9,9,196,92,86,9.611111
SUPER_23,11320000,99,11,6,116,48,51,4.470588
SUPER_23,11330000,13,1,0,14,9,4,4
SUPER_23,11340000,176,13,11,200,95,81,36.666668
SUPER_23,11350000,190,13,14,217,96,94,32.25926
SUPER_23,11360000,32,2,3,37,15,17,11.2
SUPER_23,11370000,5,0,1,6,2,3,4
SUPER_23,11380000,34,5,5,44,17,17,7.8
SUPER_23,11390000,76,9,6,91,33,43,9.133333
SUPER_23,11400000,21,1,4,26,12,9,6.6
SUPER_23,11410000,48,2,2,52,27,21,4.5
SUPER_23,11420000,102,7,12,121,44,58,6.8421054
SUPER_23,11430000,1,0,1,2,1,0,5
SUPER_23,11440000,22,1,0,23,8,14,20
SUPER_23,11450000,3,0,0,3,2,1,NaN
SUPER_23,11460000,62,7,6,75,28,34,3.5384614
SUPER_23,11470000,85,8,13,106,50,35,9.047619
SUPER_23,11480000,64,3,4,71,41,23,10.428572
SUPER_23,11490000,84,4,9,97,44,40,22.307692
SUPER_23,11500000,26,2,2,30,16,10,86.5
SUPER_23,11510000,57,3,8,68,32,25,2.7272727
SUPER_23,11520000,101,6,6,113,58,43,3.4166667
SUPER_23,11530000,108,4,4,116,49,59,17.125
SUPER_23,11540000,32,3,4,39,20,12,4.571429
SUPER_23,11550000,118,7,7,132,63,55,11.428572
SUPER_23,11560000,97,5,10,112,42,55,7.8
SUPER_23,11570000,22,2,2,26,9,13,6.25
SUPER_23,11580000,145,12,12,169,72,73,7
SUPER_23,11590000,119,5,9,133,64,55,6.928571
SUPER_23,11600000,9,0,2,11,7,2,1.5
SUPER_23,11610000,95,8,8,111,47,48,3.25
SUPER_23,11620000,121,12,7,140,58,63,5.5789475
SUPER_23,11630000,218,11,18,247,120,98,2.6551723
SUPER_23,11640000,176,9,10,195,99,77,1.6315789
SUPER_23,11650000,142,9,11,162,76,66,9.5
SUPER_23,11660000,162,9,11,182,97,65,6.6
SUPER_23,11670000,29,2,1,32,12,17,4
SUPER_23,11680000,47,3,5,55,29,18,8.125
SUPER_23,11690000,95,8,2,105,39,56,4.3
SUPER_23,11700000,102,6,10,118,65,37,10.0625
SUPER_23,11710000,55,5,3,63,29,26,4.625
SUPER_23,11720000,16,0,0,16,4,12,NaN
SUPER_23,11730000,119,8,7,134,71,48,5.0666666
SUPER_23,11740000,147,8,24,179,67,80,4.5625
SUPER_23,11750000,74,4,8,86,34,40,5.1666665
SUPER_23,11760000,128,12,6,146,72,56,7.2222223
SUPER_23,11770000,115,9,12,136,55,60,5.142857
SUPER_23,11780000,65,4,8,77,33,32,5.8333335
SUPER_23,11790000,173,13,15,201,83,90,6.357143
SUPER_23,11800000,181,15,19,215,98,83,4.970588
SUPER_23,11810000,59,2,4,65,36,23,3
SUPER_23,11820000,69,5,4,78,29,40,2.5555556
SUPER_23,11830000,111,7,14,132,47,64,2.9047618
SUPER_23,11840000,20,1,2,23,5,15,12
SUPER_23,11850000,1,0,0,1,1,0,NaN
SUPER_23,11860000,39,2,1,42,21,18,3.6666667
SUPER_23,11870000,78,7,5,90,36,42,9.083333
SUPER_23,11880000,45,3,1,49,30,15,1.25
SUPER_23,11890000,170,17,12,199,83,87,6.3448277
SUPER_23,11900000,115,10,12,137,56,59,3.909091
SUPER_23,11910000,80,8,6,94,37,43,3.642857
SUPER_23,11920000,117,9,18,144,56,61,4.5555553
SUPER_23,11930000,121,15,13,149,66,55,4.178571
SUPER_23,11940000,165,8,10,183,78,87,8.5
SUPER_23,11950000,68,6,6,80,29,39,4.0833335
SUPER_23,11960000,39,7,2,48,24,15,5.2222223
SUPER_23,11970000,187,11,16,214,96,91,14.925926
SUPER_23,11980000,39,2,1,42,20,19,1
SUPER_23,11990000,176,7,16,199,100,76,8.565217
SUPER_23,12000000,100,3,9,112,51,49,4
SUPER_23,12010000,55,8,3,66,29,26,25.454546
SUPER_23,12020000,145,6,10,161,80,65,19.0625
SUPER_23,12030000,93,2,9,104,51,42,53.545456
SUPER_23,12040000,48,1,4,53,27,21,160.8
SUPER_23,12050000,2,1,0,3,0,2,24
SUPER_23,12060000,48,7,4,59,29,19,8
SUPER_23,12070000,101,0,8,109,60,41,8.5
SUPER_23,12080000,27,2,5,34,15,12,8.714286
SUPER_23,12090000,135,9,7,151,70,65,4.3125
SUPER_23,12100000,21,6,3,30,11,10,6.3333335
SUPER_23,12110000,0,0,0,0,0,0,0
SUPER_23,12120000,0,0,0,0,0,0,0
SUPER_23,12130000,95,11,4,110,48,47,10
SUPER_23,12140000,1,0,0,1,1,0,NaN
SUPER_23,12150000,3,1,0,4,1,2,2
SUPER_23,12160000,126,7,6,139,66,60,5.076923
SUPER_23,12170000,82,4,8,94,45,37,6.1666665
SUPER_23,12180000,0,0,0,0,0,0,0
SUPER_23,12190000,0,0,0,0,0,0,0
SUPER_23,12200000,110,4,12,126,67,43,6.6875
SUPER_23,12210000,112,10,8,130,47,65,8.166667
SUPER_23,12220000,84,12,7,103,42,42,5.2105265
SUPER_23,12230000,43,3,5,51,26,17,12.25
SUPER_23,12240000,0,1,0,1,0,0,3
SUPER_23,12250000,0,1,0,1,0,0,1
SUPER_23,12260000,1,0,0,1,0,1,NaN
SUPER_23,12270000,3,0,0,3,1,2,NaN
SUPER_23,12280000,2,0,0,2,2,0,NaN
SUPER_23,12290000,6,3,0,9,3,3,1.3333334
SUPER_23,12300000,46,3,2,51,21,25,10.2
SUPER_23,12310000,233,18,14,265,120,113,6.46875
SUPER_23,12320000,0,0,0,0,0,0,0
SUPER_23,12330000,0,0,0,0,0,0,0
SUPER_23,12340000,118,7,10,135,68,50,5.8235292
SUPER_23,12350000,75,0,3,78,44,31,41
SUPER_23,12360000,183,8,15,206,96,87,14.26087
SUPER_23,12370000,91,9,6,106,51,40,6
SUPER_23,12380000,232,17,21,270,131,101,6.1842103
SUPER_23,12390000,74,3,6,83,45,29,20.222221
SUPER_23,12400000,44,2,1,47,25,19,2
SUPER_23,12410000,147,16,7,170,76,71,6.173913
SUPER_23,12420000,112,7,7,126,63,49,9.714286
SUPER_23,12430000,0,0,0,0,0,0,0
SUPER_23,12440000,0,0,0,0,0,0,0
SUPER_23,12450000,161,19,13,193,97,64,4.625
SUPER_23,12460000,145,3,14,162,85,60,25.764706
SUPER_23,12470000,125,10,14,149,62,63,12.708333
SUPER_23,12480000,110,9,10,129,60,50,12.473684
SUPER_23,12490000,28,2,4,34,13,15,65.833336
SUPER_23,12500000,17,0,2,19,10,7,2.5
SUPER_23,12510000,1,0,0,1,1,0,NaN
SUPER_23,12520000,73,2,4,79,34,39,88.666664
SUPER_23,12530000,0,0,0,0,0,0,0
SUPER_23,12540000,0,0,0,0,0,0,0
SUPER_23,12550000,57,3,6,66,29,28,36.77778
SUPER_23,12560000,44,3,3,50,21,23,6.8333335
SUPER_23,12570000,99,1,9,109,57,42,13.6
SUPER_23,12580000,34,2,0,36,17,17,2
SUPER_23,12590000,0,0,0,0,0,0,0
SUPER_23,12600000,0,0,0,0,0,0,0
SUPER_23,12610000,0,0,0,0,0,0,0
SUPER_23,12620000,0,0,0,0,0,0,0
SUPER_23,12630000,145,9,8,162,77,68,5.4117646
SUPER_23,12640000,144,5,6,155,78,66,5.818182
SUPER_23,12650000,86,4,6,96,46,40,4.2
SUPER_23,12660000,24,2,0,26,13,11,7
SUPER_23,12670000,60,3,3,66,29,31,14.833333
SUPER_23,12680000,1,1,2,4,1,0,3.6666667
SUPER_23,12690000,3,1,0,4,0,3,2
SUPER_23,12700000,0,0,0,0,0,0,0
SUPER_23,12710000,0,0,0,0,0,0,0
SUPER_23,12720000,6,2,2,10,3,3,5.25
SUPER_23,12730000,1,1,1,3,1,0,1.5
SUPER_23,12740000,3,0,0,3,3,0,NaN
SUPER_23,12750000,11,0,1,12,9,2,2
SUPER_23,12760000,3,1,0,4,2,1,8
SUPER_23,12770000,3,0,0,3,2,1,NaN
SUPER_23,12780000,2,0,0,2,1,1,NaN
SUPER_23,12790000,4,1,0,5,0,4,3
SUPER_23,12800000,4,0,0,4,3,1,NaN
SUPER_23,12810000,3,0,0,3,1,2,NaN
SUPER_23,12820000,3,0,0,3,1,2,NaN
SUPER_23,12830000,5,1,2,8,1,4,71
SUPER_23,12840000,2,1,1,4,1,1,1.5
SUPER_23,12850000,5,1,1,7,2,3,5
SUPER_23,12860000,2,0,0,2,2,0,NaN
SUPER_23,12870000,6,0,0,6,3,3,NaN
SUPER_23,12880000,1,1,0,2,0,1,2
SUPER_23,12890000,9,4,1,14,2,7,13.8
SUPER_23,12900000,3,1,0,4,1,2,1
SUPER_23,12910000,0,1,1,2,0,0,3.5
SUPER_23,12920000,100,5,9,114,59,41,4.857143
SUPER_23,12930000,49,6,3,58,21,28,3.5555556
SUPER_23,12940000,9,0,1,10,7,2,2
SUPER_23,12950000,0,0,0,0,0,0,0
SUPER_23,12960000,0,0,0,0,0,0,0
SUPER_23,12970000,0,0,0,0,0,0,0
SUPER_23,12980000,0,2,0,2,0,0,4
SUPER_23,12990000,49,6,3,58,25,24,3.5555556
SUPER_23,13000000,51,4,5,60,29,22,3.8888888
SUPER_23,13010000,97,0,7,104,52,45,3.2857144
SUPER_23,13020000,10,0,1,11,3,7,12
SUPER_23,13030000,6,0,0,6,4,2,NaN
SUPER_23,13040000,14,0,3,17,6,8,21.333334
SUPER_23,13050000,62,3,9,74,36,26,6.3333335
SUPER_23,13060000,46,3,2,51,29,17,9.4
SUPER_23,13070000,76,4,8,88,46,30,22.333334
SUPER_23,13080000,53,4,5,62,33,20,2.6666667
SUPER_23,13090000,69,1,5,75,36,33,11
SUPER_23,13100000,13,0,1,14,5,8,1
SUPER_23,13110000,0,0,0,0,0,0,0
SUPER_23,13120000,0,0,0,0,0,0,0
SUPER_23,13130000,92,11,3,106,49,43,3.357143
SUPER_23,13140000,47,6,7,60,22,25,6.230769
SUPER_23,13150000,84,1,3,88,46,38,4
SUPER_23,13160000,0,0,0,0,0,0,0
SUPER_23,13170000,0,0,0,0,0,0,0
SUPER_23,13180000,0,0,0,0,0,0,0
SUPER_23,13190000,49,2,2,53,28,21,9.25
SUPER_23,13200000,101,7,8,116,53,48,43.733334
SUPER_23,13210000,27,3,4,34,16,11,18
SUPER_23,13220000,75,7,1,83,49,26,10.875
SUPER_23,13230000,128,7,12,147,65,63,5.2105265
SUPER_23,13240000,71,5,3,79,37,34,9.75
SUPER_23,13250000,58,4,5,67,29,29,3.2222223
SUPER_23,13260000,90,5,7,102,45,45,2.75
SUPER_23,13270000,50,4,3,57,30,20,11.285714
SUPER_23,13280000,110,6,11,127,58,52,4.647059
SUPER_23,13290000,24,0,1,25,13,11,42
SUPER_23,13300000,37,1,2,40,22,15,11.333333
SUPER_23,13310000,9,0,0,9,4,5,NaN
SUPER_23,13320000,14,2,2,18,9,5,6.25
SUPER_23,13330000,158,4,9,171,75,83,6.5384617
SUPER_23,13340000,101,4,6,111,50,51,3.8
SUPER_23,13350000,124,3,12,139,70,54,6.866667
SUPER_23,13360000,28,0,0,28,13,15,NaN
SUPER_23,13370000,5,0,0,5,2,3,NaN
SUPER_23,13380000,11,0,0,11,6,5,NaN
SUPER_23,13390000,10,0,1,11,7,3,39
SUPER_23,13400000,9,1,1,11,7,2,2.5
SUPER_23,13410000,2,0,0,2,2,0,NaN
SUPER_23,13420000,34,1,4,39,19,15,16
SUPER_23,13430000,169,15,12,196,76,93,3.8888888
SUPER_23,13440000,105,5,3,113,55,50,13.5
SUPER_23,13450000,7,2,0,9,3,4,15
SUPER_23,13460000,155,8,13,176,82,73,13.142858
SUPER_23,13470000,57,0,4,61,30,27,5.5
SUPER_23,13480000,79,5,5,89,46,33,54.3
SUPER_23,13490000,38,3,6,47,20,18,9.111111
SUPER_23,13500000,15,4,3,22,8,7,4.428571
SUPER_23,13510000,110,13,8,131,61,49,4.1904764
SUPER_23,13520000,43,5,2,50,26,17,5.285714
SUPER_23,13530000,69,3,5,77,29,40,3
SUPER_23,13540000,129,6,8,143,70,59,4.642857
SUPER_23,13550000,40,3,7,50,22,18,9
SUPER_23,13560000,98,6,3,107,50,48,13.111111
SUPER_23,13570000,118,6,14,138,65,53,5.7
SUPER_23,13580000,64,5,1,70,39,25,4.8333335
SUPER_23,13590000,138,4,9,151,67,71,2.9230769
SUPER_23,13600000,0,0,0,0,0,0,0
SUPER_23,13610000,0,0,0,0,0,0,0
SUPER_23,13620000,0,0,0,0,0,0,0
SUPER_23,13630000,0,0,0,0,0,0,0
SUPER_23,13640000,0,0,0,0,0,0,0
SUPER_23,13650000,241,11,24,276,121,120,18.171429
SUPER_23,13660000,51,2,3,56,29,22,4.2
SUPER_23,13670000,100,6,10,116,53,47,7
SUPER_23,13680000,87,7,7,101,38,49,6.214286
SUPER_23,13690000,1,0,0,1,0,1,NaN
SUPER_23,13700000,4,1,0,5,1,3,9
SUPER_23,13710000,0,0,0,0,0,0,0
SUPER_23,13720000,0,0,0,0,0,0,0
SUPER_23,13730000,53,4,6,63,32,21,4.5
SUPER_23,13740000,136,5,6,147,71,65,11.818182
SUPER_23,13750000,3,0,1,4,3,0,3
SUPER_23,13760000,28,1,2,31,15,13,5
SUPER_23,13770000,144,10,7,161,83,61,5.0588236
SUPER_23,13780000,68,4,1,73,29,39,4
SUPER_23,13790000,184,16,12,212,103,81,8.714286
SUPER_23,13800000,100,6,1,107,46,54,7.571429
SUPER_23,13810000,52,1,1,54,31,21,2.5
SUPER_23,13820000,113,4,3,120,61,52,2.5714285
SUPER_23,13830000,145,9,15,169,71,74,3.8333333
SUPER_23,13840000,107,10,4,121,64,43,10.285714
SUPER_23,13850000,67,6,4,77,29,38,2.5
SUPER_23,13860000,160,8,8,176,88,72,8.875
SUPER_23,13870000,1,0,0,1,0,1,NaN
SUPER_23,13880000,2,0,0,2,1,1,NaN
SUPER_23,13890000,3,0,0,3,3,0,NaN
SUPER_23,13900000,38,0,3,41,22,16,4
SUPER_23,13910000,165,10,11,186,95,70,7.6666665
SUPER_23,13920000,59,3,9,71,32,27,6
SUPER_23,13930000,28,2,1,31,14,14,6
SUPER_23,13940000,96,6,8,110,52,44,7.642857
SUPER_23,13950000,45,1,2,48,26,19,4.3333335
SUPER_23,13960000,200,8,18,226,94,106,6.8846154
SUPER_23,13970000,80,4,3,87,43,37,2
SUPER_23,13980000,93,6,3,102,58,35,3.2222223
SUPER_23,13990000,117,9,7,133,59,58,8.5625
SUPER_23,14000000,67,9,1,77,29,38,8.3
SUPER_23,14010000,39,4,3,46,17,22,5.714286
SUPER_23,14020000,130,6,7,143,61,69,10.923077
SUPER_23,14030000,121,5,9,135,68,53,28.857143
SUPER_23,14040000,121,5,13,139,61,60,4.7777777
SUPER_23,14050000,157,15,8,180,82,75,8.086957
SUPER_23,14060000,102,10,7,119,55,47,7.7058825
SUPER_23,14070000,41,5,1,47,14,27,5.5
SUPER_23,14080000,66,3,9,78,39,27,10.916667
SUPER_23,14090000,104,4,4,112,58,46,7.125
SUPER_23,14100000,96,4,7,107,50,46,8.181818
SUPER_23,14110000,162,10,16,188,91,71,6.423077
SUPER_23,14120000,101,5,14,120,47,54,3.2631578
SUPER_23,14130000,146,9,9,164,82,64,7.7777777
SUPER_23,14140000,83,6,6,95,40,43,27.416666
SUPER_23,14150000,48,2,5,55,28,20,9.571428
SUPER_23,14160000,28,1,5,34,14,14,1.1666666
SUPER_23,14170000,35,2,2,39,23,12,136
SUPER_23,14180000,61,7,2,70,29,32,4.3333335
SUPER_23,14190000,145,13,11,169,89,56,3.5
SUPER_23,14200000,50,7,11,68,27,23,1.8888888
SUPER_23,14210000,123,13,9,145,48,75,7
SUPER_23,14220000,108,8,6,122,53,55,6.428571
SUPER_23,14230000,126,12,8,146,65,61,19.4
SUPER_23,14240000,102,13,15,130,48,54,5.607143
SUPER_23,14250000,131,11,14,156,65,66,20.8
SUPER_23,14260000,87,15,4,106,44,43,13.105263
SUPER_23,14270000,19,1,0,20,10,9,6
SUPER_23,14280000,119,8,9,136,68,51,22.705883
SUPER_23,14290000,96,5,7,108,49,47,4.1666665
SUPER_23,14300000,126,5,10,141,65,61,9.533334
SUPER_23,14310000,112,6,4,122,53,59,13.9
SUPER_23,14320000,141,7,7,155,83,58,4.928571
SUPER_23,14330000,126,10,10,146,58,68,52.2
SUPER_23,14340000,100,6,4,110,59,41,5.2
SUPER_23,14350000,83,11,9,103,43,40,6.6
SUPER_23,14360000,91,10,8,109,47,44,54.61111
SUPER_23,14370000,45,4,3,52,25,20,3
SUPER_23,14380000,39,2,2,43,17,22,9.25
SUPER_23,14390000,31,7,4,42,17,14,2.909091
SUPER_23,14400000,75,4,9,88,40,35,4.769231
SUPER_23,14410000,30,2,3,35,18,12,6
SUPER_23,14420000,70,11,6,87,39,31,21.82353
SUPER_23,14430000,0,0,0,0,0,0,0
SUPER_23,14440000,0,0,0,0,0,0,0
SUPER_23,14450000,115,5,9,129,54,61,14.071428
SUPER_23,14460000,73,6,5,84,30,43,3.8181818
SUPER_23,14470000,144,10,12,166,68,76,17.5
SUPER_23,14480000,161,10,14,185,83,78,9.208333
SUPER_23,14490000,51,4,4,59,31,20,4.5
SUPER_23,14500000,133,11,8,152,69,64,6
SUPER_23,14510000,15,1,1,17,5,10,1.5
SUPER_23,14520000,61,3,5,69,19,42,4.125
SUPER_23,14530000,144,15,12,171,76,68,6.851852
SUPER_23,14540000,32,4,2,38,19,13,4.8333335
SUPER_23,14550000,109,12,6,127,59,50,48.77778
SUPER_23,14560000,58,2,6,66,28,30,2.75
SUPER_23,14570000,19,0,1,20,8,11,1
SUPER_23,14580000,122,4,4,130,57,65,4
SUPER_23,14590000,121,22,15,158,59,62,11.513514
SUPER_23,14600000,15,1,0,16,6,9,2
SUPER_23,14610000,2,0,0,2,2,0,NaN
SUPER_23,14620000,56,4,4,64,34,22,10.125
SUPER_23,14630000,83,3,2,88,43,40,6.2
SUPER_23,14640000,55,1,4,60,26,29,47
SUPER_23,14650000,17,1,2,20,6,11,1
SUPER_23,14660000,166,16,11,193,85,81,5.5555553
SUPER_23,14670000,65,1,7,73,37,28,9.75
SUPER_23,14680000,26,1,3,30,11,15,5.75
SUPER_23,14690000,68,6,3,77,40,28,6.111111
SUPER_23,14700000,104,8,14,126,54,50,31.40909
SUPER_23,14710000,0,0,0,0,0,0,0
SUPER_23,14720000,0,0,0,0,0,0,0
SUPER_23,14730000,159,14,13,186,72,87,3.5555556
SUPER_23,14740000,102,9,6,117,57,45,3.5333333
SUPER_23,14750000,143,7,10,160,81,62,6.352941
SUPER_23,14760000,151,7,9,167,82,69,10.375
SUPER_23,14770000,14,0,2,16,8,6,1
SUPER_23,14780000,92,8,9,109,57,35,5.647059
SUPER_23,14790000,0,0,0,0,0,0,0
SUPER_23,14800000,0,0,0,0,0,0,0
SUPER_23,14810000,56,5,11,72,25,31,80
SUPER_23,14820000,59,4,3,66,36,23,6.428571
SUPER_23,14830000,59,9,10,78,28,31,3.2631578
SUPER_23,14840000,2,1,1,4,2,0,3.5
SUPER_23,14850000,2,0,0,2,1,1,NaN
SUPER_23,14860000,3,0,0,3,3,0,NaN
SUPER_23,14870000,0,0,2,2,0,0,12
SUPER_23,14880000,3,0,0,3,1,2,NaN
SUPER_23,14890000,101,6,9,116,46,55,2.4666667
SUPER_23,14900000,18,0,0,18,9,9,NaN
SUPER_23,14910000,126,7,10,143,72,54,6.9411764
SUPER_23,14920000,127,9,10,146,69,58,4.3157897
SUPER_23,14930000,116,3,7,126,67,49,15
SUPER_23,14940000,119,10,9,138,66,53,7.4736843
SUPER_23,14950000,124,9,4,137,59,65,10
SUPER_23,14960000,2,0,0,2,2,0,NaN
SUPER_23,14970000,130,9,5,144,66,64,3.5
SUPER_23,14980000,132,14,11,157,63,69,7.28
SUPER_23,14990000,107,6,6,119,55,52,10
SUPER_23,15000000,94,5,6,105,50,44,5.181818
SUPER_23,15010000,134,8,12,154,67,67,5.75
SUPER_23,15020000,108,9,6,123,60,48,29.533333
SUPER_23,15030000,70,4,3,77,33,37,4.857143
SUPER_23,15040000,92,5,4,101,49,43,4.3333335
SUPER_23,15050000,116,9,8,133,64,52,11.3529415
SUPER_23,15060000,130,6,7,143,68,62,3.6923077
SUPER_23,15070000,78,8,6,92,38,40,3.5714285
SUPER_23,15080000,43,3,6,52,22,21,27.222221
SUPER_23,15090000,135,15,7,157,70,65,4.7727275
SUPER_23,15100000,99,7,3,109,54,45,3.3
SUPER_23,15110000,152,8,15,175,83,69,7.173913
SUPER_23,15120000,147,9,8,164,86,61,6.352941
SUPER_23,15130000,155,13,10,178,87,68,8.391304
SUPER_23,15140000,78,9,6,93,48,30,6.133333
SUPER_23,15150000,107,11,11,129,52,55,24.90909
SUPER_23,15160000,162,6,10,178,95,67,13.4375
SUPER_23,15170000,156,4,13,173,86,70,5.5882354
SUPER_23,15180000,14,2,0,16,7,7,5.5
SUPER_23,15190000,46,4,1,51,30,16,3.2
SUPER_23,15200000,113,4,8,125,68,45,32.583332
SUPER_23,15210000,49,3,3,55,25,24,3.1666667
SUPER_23,15220000,28,2,1,31,18,10,1.3333334
SUPER_23,15230000,1,1,0,2,0,1,1
SUPER_23,15240000,1,0,0,1,1,0,NaN
SUPER_23,15250000,2,0,1,3,2,0,6
SUPER_23,15260000,4,3,0,7,2,2,6.6666665
SUPER_23,15270000,2,1,0,3,2,0,4
SUPER_23,15280000,85,10,5,100,43,42,5.6
SUPER_23,15290000,3,0,0,3,2,1,NaN
SUPER_23,15300000,17,1,2,20,9,8,3.3333333
SUPER_23,15310000,2,0,0,2,1,1,NaN
SUPER_23,15320000,51,1,3,55,25,26,2.25
SUPER_23,15330000,101,9,6,116,57,44,5
SUPER_23,15340000,112,5,8,125,64,48,8.230769
SUPER_23,15350000,158,15,9,182,78,80,6.0833335
SUPER_23,15360000,141,12,10,163,74,67,3.7727273
SUPER_23,15370000,76,3,3,82,43,33,13.166667
SUPER_23,15380000,2,0,2,4,1,1,2.5
SUPER_23,15390000,0,0,1,1,0,0,3
SUPER_23,15400000,86,5,10,101,49,37,4.8
SUPER_23,15410000,36,2,5,43,23,13,6.285714
SUPER_23,15420000,7,0,0,7,6,1,NaN
SUPER_23,15430000,23,4,3,30,16,7,7.714286
SUPER_23,15440000,117,10,7,134,53,64,3.5882354
SUPER_23,15450000,95,5,6,106,56,39,14
SUPER_23,15460000,98,10,4,112,57,41,3.642857
SUPER_23,15470000,148,12,15,175,80,68,10.444445
SUPER_23,15480000,45,1,4,50,25,20,1.8
SUPER_23,15490000,126,10,9,145,68,58,3.5789473
SUPER_23,15500000,14,1,0,15,9,5,1
SUPER_23,15510000,119,7,10,136,65,54,8.823529
SUPER_23,15520000,68,10,6,84,35,33,11.75
SUPER_23,15530000,159,9,7,175,69,90,14.5625
SUPER_23,15540000,10,0,0,10,3,7,NaN
SUPER_23,15550000,2,2,1,5,0,2,2.3333333
SUPER_23,15560000,3,1,1,5,1,2,2
SUPER_23,15570000,72,8,7,87,35,37,6.6
SUPER_23,15580000,38,0,2,40,19,19,1
SUPER_23,15590000,1,0,1,2,0,1,1
SUPER_23,15600000,6,1,0,7,1,5,1
SUPER_23,15610000,5,1,2,8,2,3,3.6666667
SUPER_23,15620000,26,4,1,31,14,12,3.2
SUPER_23,15630000,3,0,0,3,1,2,NaN
SUPER_23,15640000,0,0,1,1,0,0,1
SUPER_23,15650000,1,1,0,2,1,0,11
SUPER_23,15660000,4,0,0,4,4,0,NaN
SUPER_23,15670000,2,0,1,3,1,1,1
SUPER_23,15680000,2,0,0,2,1,1,NaN
SUPER_23,15690000,3,1,0,4,0,3,7
SUPER_23,15700000,52,5,4,61,25,27,12.666667
SUPER_23,15710000,107,15,11,133,51,56,5.8076925
SUPER_23,15720000,43,2,13,58,27,16,2.9333334
SUPER_23,15730000,126,9,11,146,47,79,5.05
SUPER_23,15740000,61,11,4,76,34,27,6.133333
SUPER_23,15750000,1,0,0,1,0,1,NaN
SUPER_23,15760000,3,0,1,4,1,2,1
SUPER_23,15770000,2,1,0,3,2,0,3
SUPER_23,15780000,7,2,0,9,1,6,4
SUPER_23,15790000,1,1,0,2,1,0,1
SUPER_23,15800000,1,1,0,2,1,0,1
SUPER_23,15810000,1,0,0,1,0,1,NaN
SUPER_23,15820000,1,2,0,3,1,0,29.5
SUPER_23,15830000,98,10,7,115,42,56,6.2352943
SUPER_23,15840000,101,6,10,117,52,49,14
SUPER_23,15850000,129,15,10,154,64,65,4.04
SUPER_23,15860000,104,8,9,121,52,52,71.76471
SUPER_23,15870000,87,4,8,99,35,52,6.6666665
SUPER_23,15880000,106,4,12,122,50,56,4
SUPER_23,15890000,128,7,20,155,53,75,6.3333335
SUPER_23,15900000,132,4,6,142,65,67,4.6
SUPER_23,15910000,177,17,8,202,81,96,10.36
SUPER_23,15920000,152,5,19,176,70,82,8.041667
SUPER_23,15930000,96,7,8,111,51,45,8.8
SUPER_23,15940000,57,2,4,63,31,26,7.6666665
SUPER_23,15950000,178,10,16,204,91,87,5.4615383
SUPER_23,15960000,174,8,13,195,81,93,7.7619047
SUPER_23,15970000,137,6,11,154,73,64,24
SUPER_23,15980000,48,4,8,60,27,21,16.166666
SUPER_23,15990000,118,16,6,140,60,58,11.181818
SUPER_23,16000000,126,15,6,147,69,57,7.428571
SUPER_23,16010000,29,3,4,36,12,17,5.142857
SUPER_23,16020000,90,12,7,109,45,45,7.631579
SUPER_23,16030000,50,4,2,56,21,29,3
SUPER_23,16040000,0,0,0,0,0,0,0
SUPER_23,16050000,0,0,0,0,0,0,0
SUPER_23,16060000,112,7,10,129,50,62,4.8235292
SUPER_23,16070000,27,1,3,31,12,15,16.5
SUPER_23,16080000,36,4,3,43,18,18,8.571428
SUPER_23,16090000,44,2,4,50,25,19,4
SUPER_23,16100000,1,1,0,2,1,0,23
SUPER_23,16110000,3,2,0,5,2,1,1.5
SUPER_23,16120000,46,4,4,54,27,19,5.75
SUPER_23,16130000,163,10,12,185,75,88,8.409091
SUPER_23,16140000,78,7,11,96,42,36,3.2222223
SUPER_23,16150000,129,11,8,148,72,57,15.473684
SUPER_23,16160000,162,11,13,186,93,69,6.75
SUPER_23,16170000,33,4,3,40,16,17,2.2857144
SUPER_23,16180000,72,8,5,85,34,38,7.076923
SUPER_23,16190000,43,3,6,52,18,25,9.222222
SUPER_23,16200000,3,1,0,4,1,2,5
SUPER_23,16210000,50,1,4,55,26,24,2
SUPER_23,16220000,124,7,5,136,61,63,4
SUPER_23,16230000,155,9,6,170,88,67,29.133333
SUPER_23,16240000,128,11,4,143,69,59,3.9333334
SUPER_23,16250000,15,0,3,18,6,9,3.6666667
SUPER_23,16260000,3,0,1,4,2,1,1
SUPER_23,16270000,1,1,0,2,0,1,2
SUPER_23,16280000,1,1,0,2,1,0,1
SUPER_23,16290000,2,0,0,2,2,0,NaN
SUPER_23,16300000,1,0,0,1,0,1,NaN
SUPER_23,16310000,3,1,1,5,0,3,1.5
SUPER_23,16320000,3,0,1,4,0,3,4
SUPER_23,16330000,2,0,0,2,1,1,NaN
SUPER_23,16340000,95,10,8,113,48,47,4.388889
SUPER_23,16350000,136,4,13,153,73,63,10.117647
SUPER_23,16360000,75,3,6,84,39,36,6.6666665
SUPER_23,16370000,12,1,0,13,6,6,1
SUPER_23,16380000,4,2,1,7,0,4,4.3333335
SUPER_23,16390000,3,1,0,4,0,3,5
SUPER_23,16400000,2,2,0,4,1,1,2.5
SUPER_23,16410000,2,1,1,4,1,1,1.5
SUPER_23,16420000,4,0,1,5,2,2,1
SUPER_23,16430000,1,0,0,1,0,1,NaN
SUPER_23,16440000,0,1,0,1,0,0,8
SUPER_23,16450000,1,1,0,2,1,0,5
SUPER_23,16460000,0,0,0,0,0,0,0
SUPER_23,16470000,0,0,0,0,0,0,0
SUPER_23,16480000,0,0,0,0,0,0,0
SUPER_23,16490000,4,0,1,5,3,1,1
SUPER_23,16500000,1,0,0,1,1,0,NaN
SUPER_23,16510000,0,1,1,2,0,0,1.5
SUPER_23,16520000,1,0,0,1,0,1,NaN
SUPER_23,16530000,3,1,1,5,3,0,1
SUPER_23,16540000,1,1,0,2,0,1,1
SUPER_23,16550000,0,2,0,2,0,0,15.5
SUPER_23,16560000,5,1,0,6,2,3,2
SUPER_23,16570000,1,0,0,1,1,0,NaN
SUPER_23,16580000,0,0,0,0,0,0,0
SUPER_23,16590000,0,0,0,0,0,0,0
SUPER_23,16600000,5,0,2,7,2,3,4
SUPER_23,16610000,102,5,2,109,54,48,11.571428
SUPER_23,16620000,72,7,4,83,38,34,8.272727
SUPER_23,16630000,117,7,7,131,59,58,15.285714
SUPER_23,16640000,169,7,12,188,91,78,10.210526
SUPER_23,16650000,125,6,8,139,70,55,3.7142856
SUPER_23,16660000,2,1,2,5,0,2,2.6666667
SUPER_23,16670000,63,3,7,73,38,25,9.8
SUPER_23,16680000,5,0,0,5,2,3,NaN
SUPER_23,16690000,3,0,0,3,3,0,NaN
SUPER_23,16700000,1,0,0,1,1,0,NaN
SUPER_23,16710000,0,0,0,0,0,0,0
SUPER_23,16720000,0,0,0,0,0,0,0
SUPER_23,16730000,16,3,0,19,6,10,12.666667
SUPER_23,16740000,2,2,1,5,2,0,4.3333335
SUPER_23,16750000,16,0,0,16,7,9,NaN
SUPER_23,16760000,5,2,2,9,3,2,2
SUPER_23,16770000,5,0,0,5,2,3,NaN
SUPER_23,16780000,38,3,0,41,24,14,5.3333335
SUPER_23,16790000,63,12,5,80,34,29,7.8235292
SUPER_23,16800000,80,4,3,87,47,33,13.428572
SUPER_23,16810000,1,0,0,1,0,1,NaN
SUPER_23,16820000,115,8,3,126,69,46,2.909091
SUPER_23,16830000,0,0,0,0,0,0,0
SUPER_23,16840000,0,0,0,0,0,0,0
SUPER_23,16850000,185,9,13,207,105,80,9.318182
SUPER_23,16860000,81,12,5,98,32,49,5.1764708
SUPER_23,16870000,146,7,6,159,70,76,8.384615
SUPER_23,16880000,150,12,13,175,74,76,11.12
SUPER_23,16890000,117,9,10,136,62,55,5.1578946
SUPER_23,16900000,54,2,2,58,27,27,6
SUPER_23,16910000,120,2,9,131,61,59,24.636364
SUPER_23,16920000,184,13,13,210,94,90,8.615385
SUPER_23,16930000,134,9,6,149,79,55,7.4
SUPER_23,16940000,57,5,3,65,30,27,5.5
SUPER_23,16950000,77,6,6,89,43,34,6.25
SUPER_23,16960000,156,14,11,181,80,76,6.96
SUPER_23,16970000,24,1,0,25,15,9,2
SUPER_23,16980000,61,2,6,69,35,26,7
SUPER_23,16990000,213,11,11,235,121,92,4.7727275
SUPER_23,17000000,136,6,11,153,67,69,13.588235
SUPER_23,17010000,116,7,10,133,57,59,2.235294
SUPER_23,17020000,164,9,11,184,92,72,5.45
SUPER_23,17030000,39,6,4,49,23,16,7.4
SUPER_23,17040000,63,0,4,67,35,28,7.25
SUPER_23,17050000,73,2,4,79,34,39,1.6666666
SUPER_23,17060000,118,5,4,127,55,63,5.4444447
SUPER_23,17070000,90,8,4,102,50,40,5.3333335
SUPER_23,17080000,42,1,1,44,18,24,1.5
SUPER_23,17090000,133,6,4,143,77,56,7.3
SUPER_23,17100000,116,8,9,133,56,60,25.411764
SUPER_23,17110000,80,4,5,89,44,36,29.555555
SUPER_23,17120000,44,3,4,51,21,23,4
SUPER_23,17130000,145,11,10,166,70,75,6.6666665
SUPER_23,17140000,0,2,2,4,0,0,7.25
SUPER_23,17150000,3,1,0,4,2,1,1
SUPER_23,17160000,1,0,0,1,0,1,NaN
SUPER_23,17170000,3,0,0,3,2,1,NaN
SUPER_23,17180000,3,0,0,3,1,2,NaN
SUPER_23,17190000,3,2,0,5,0,3,1.5
SUPER_23,17200000,0,0,0,0,0,0,0
SUPER_23,17210000,0,0,0,0,0,0,0
SUPER_23,17220000,90,5,6,101,40,50,7
SUPER_23,17230000,160,13,15,188,92,68,8
SUPER_23,17240000,65,2,4,71,36,29,5.6666665
SUPER_23,17250000,0,0,0,0,0,0,0
SUPER_23,17260000,0,0,0,0,0,0,0
SUPER_23,17270000,260,15,21,296,144,116,4.9166665
SUPER_23,17280000,141,9,10,160,76,65,7
SUPER_23,17290000,125,13,8,146,69,56,10.047619
SUPER_23,17300000,150,9,12,171,68,82,4.428571
SUPER_23,17310000,73,10,3,86,40,33,14.230769
SUPER_23,17320000,108,3,7,118,59,49,10.5
SUPER_23,17330000,145,9,10,164,78,67,3
SUPER_23,17340000,209,9,12,230,105,104,15.190476
SUPER_23,17350000,23,6,1,30,13,10,3
SUPER_23,17360000,70,4,3,77,39,31,20.714285
SUPER_23,17370000,140,7,14,161,74,66,8.857142
SUPER_23,17380000,131,15,11,157,64,67,3.0769231
SUPER_23,17390000,159,7,16,182,86,73,8.173913
SUPER_23,17400000,154,7,16,177,87,67,18.73913
SUPER_23,17410000,49,1,5,55,23,26,4.5
SUPER_23,17420000,119,8,9,136,65,54,7.5882354
SUPER_23,17430000,118,7,9,134,63,55,15.1875
SUPER_23,17440000,113,12,6,131,63,50,3.1111112
SUPER_23,17450000,9,0,0,9,5,4,NaN
SUPER_23,17460000,9,0,1,10,3,6,14
SUPER_23,17470000,3,1,0,4,3,0,2
SUPER_23,17480000,4,0,0,4,2,2,NaN
SUPER_23,17490000,4,0,0,4,2,2,NaN
SUPER_23,17500000,4,0,0,4,1,3,NaN
SUPER_23,17510000,2,0,0,2,2,0,NaN
SUPER_23,17520000,2,0,2,4,2,0,6.5
SUPER_23,17530000,4,0,1,5,1,3,2
SUPER_23,17540000,24,0,1,25,13,11,5
SUPER_23,17550000,136,10,10,156,65,71,5.2
SUPER_23,17560000,134,8,11,153,70,64,7.0526314
SUPER_23,17570000,124,12,2,138,71,53,4.357143
SUPER_23,17580000,197,14,7,218,112,85,8.857142
SUPER_23,17590000,97,5,4,106,54,43,5
SUPER_23,17600000,140,7,11,158,79,61,6.611111
SUPER_23,17610000,32,1,2,35,20,12,3
SUPER_23,17620000,24,2,1,27,14,10,5
SUPER_23,17630000,58,4,4,66,30,28,8.5
SUPER_23,17640000,87,0,4,91,45,42,60.5
SUPER_23,17650000,134,9,12,155,76,58,4.5238094
SUPER_23,17660000,202,7,9,218,121,81,6.4375
SUPER_23,17670000,51,2,7,60,25,26,41
SUPER_23,17680000,76,7,4,87,45,31,2.7272727
SUPER_23,17690000,132,17,11,160,64,68,9.035714
SUPER_23,17700000,115,10,7,132,55,60,7.352941
SUPER_23,17710000,148,9,6,163,77,71,7.9333334
SUPER_23,17720000,32,3,3,38,13,19,4.8333335
SUPER_23,17730000,116,8,9,133,59,57,6.5882354
SUPER_23,17740000,97,6,9,112,53,44,18.533333
SUPER_23,17750000,27,1,1,29,17,10,39.5
SUPER_23,17760000,2,0,1,3,2,0,1
SUPER_23,17770000,1,1,0,2,0,1,1
SUPER_23,17780000,5,0,0,5,1,4,NaN
SUPER_23,17790000,3,0,0,3,3,0,NaN
SUPER_23,17800000,17,1,2,20,8,9,4.6666665
SUPER_23,17810000,79,5,5,89,38,41,3.8
SUPER_23,17820000,88,3,3,94,49,39,6.5
SUPER_23,17830000,0,0,0,0,0,0,0
SUPER_23,17840000,0,0,0,0,0,0,0
SUPER_23,17850000,156,10,8,174,79,77,7.2222223
SUPER_23,17860000,92,6,9,107,47,45,5.6666665
SUPER_23,17870000,0,0,0,0,0,0,0
SUPER_23,17880000,0,0,0,0,0,0,0
SUPER_23,17890000,60,9,6,75,31,29,4.266667
SUPER_23,17900000,32,2,3,37,19,13,2
SUPER_23,17910000,67,2,5,74,39,28,6.428571
SUPER_23,17920000,178,18,8,204,94,84,7.5384617
SUPER_23,17930000,95,4,2,101,58,37,14.5
SUPER_23,17940000,73,4,3,80,43,30,29.714285
SUPER_23,17950000,116,4,6,126,66,50,54.5
SUPER_23,17960000,52,3,1,56,31,21,9.5
SUPER_23,17970000,0,0,1,1,0,0,2
SUPER_23,17980000,46,2,6,54,26,20,3.5
SUPER_23,17990000,5,0,2,7,2,3,1.5
SUPER_23,18000000,20,3,4,27,8,12,2.857143
SUPER_23,18010000,58,2,0,60,27,31,1
SUPER_23,18020000,105,4,10,119,57,48,4.5
SUPER_23,18030000,38,2,6,46,24,14,4.625
SUPER_23,18040000,12,0,1,13,8,4,4
SUPER_23,18050000,42,1,3,46,27,15,1.25
SUPER_23,18060000,10,2,3,15,2,8,68.8
SUPER_23,18070000,65,5,6,76,33,32,4
SUPER_23,18080000,144,4,6,154,74,70,3.3
SUPER_23,18090000,129,5,8,142,76,53,7.6923075
SUPER_23,18100000,71,1,4,76,40,31,4
SUPER_23,18110000,158,8,17,183,81,77,7.76
SUPER_23,18120000,141,8,5,154,70,71,11.615385
SUPER_23,18130000,103,9,6,118,51,52,3.1333334
SUPER_23,18140000,114,12,11,137,61,53,7.347826
SUPER_23,18150000,81,7,6,94,43,38,6.6923075
SUPER_23,18160000,120,13,7,140,62,58,4.3
SUPER_23,18170000,53,4,1,58,19,34,2.8
SUPER_23,18180000,184,13,26,223,96,88,31.179487
SUPER_23,18190000,156,11,7,174,67,89,7.2222223
SUPER_23,18200000,214,12,23,249,111,103,6.9714284
SUPER_23,18210000,206,14,12,232,115,91,7.923077
SUPER_23,18220000,116,13,11,140,64,52,6.1666665
SUPER_23,18230000,137,14,13,164,70,67,11.222222
SUPER_23,18240000,89,9,2,100,51,38,5.181818
SUPER_23,18250000,190,13,17,220,99,91,4.8333335
SUPER_23,18260000,125,11,8,144,70,55,4.736842
SUPER_23,18270000,11,2,1,14,5,6,3.6666667
SUPER_23,18280000,102,8,10,120,55,47,3.2222223
SUPER_23,18290000,126,8,8,142,61,65,4.75
SUPER_23,18300000,2,1,0,3,1,1,5
SUPER_23,18310000,186,15,17,218,81,105,3.5625
SUPER_23,18320000,103,10,8,121,41,62,4.1666665
SUPER_23,18330000,69,3,7,79,26,43,20.9
SUPER_23,18340000,78,11,8,97,45,33,6.4736843
SUPER_23,18350000,146,10,17,173,88,58,3.3703704
SUPER_23,18360000,4,2,0,6,2,2,13
SUPER_23,18370000,95,5,6,106,44,51,6.2727275
SUPER_23,18380000,12,1,0,13,3,9,1
SUPER_23,18390000,15,3,2,20,6,9,11.2
SUPER_23,18400000,68,6,6,80,36,32,7.5833335
SUPER_23,18410000,2,0,1,3,0,2,20
SUPER_23,18420000,4,0,0,4,1,3,NaN
SUPER_23,18430000,0,0,1,1,0,0,1
SUPER_23,18440000,2,0,0,2,1,1,NaN
SUPER_23,18450000,4,3,0,7,0,4,15.666667
SUPER_23,18460000,0,2,1,3,0,0,7.3333335
SUPER_23,18470000,2,0,1,3,1,1,1
SUPER_23,18480000,4,0,1,5,3,1,1
SUPER_23,18490000,2,0,0,2,1,1,NaN
SUPER_23,18500000,108,8,6,122,49,59,5.071429
SUPER_23,18510000,131,10,8,149,60,71,8.277778
SUPER_23,18520000,102,4,7,113,49,53,3.909091
SUPER_23,18530000,152,14,7,173,85,67,4.952381
SUPER_23,18540000,157,12,10,179,86,71,4.2727275
SUPER_23,18550000,145,15,16,176,84,61,6.16129
SUPER_23,18560000,128,10,7,145,62,66,6.0588236
SUPER_23,18570000,93,7,11,111,35,58,6.5
SUPER_23,18580000,103,10,8,121,55,48,10.555555
SUPER_23,18590000,126,10,11,147,65,61,3.3333333
SUPER_23,18600000,104,6,8,118,52,52,12.714286
SUPER_23,18610000,159,17,15,191,82,77,3.28125
SUPER_23,18620000,163,11,8,182,81,82,9.894737
SUPER_23,18630000,86,7,6,99,46,40,5.230769
SUPER_23,18640000,91,9,8,108,55,36,18.705883
SUPER_23,18650000,152,16,11,179,80,72,3.5555556
SUPER_23,18660000,41,5,4,50,19,22,5.4444447
SUPER_23,18670000,107,10,9,126,49,58,2.2631578
SUPER_23,18680000,46,3,4,53,25,21,4.142857
SUPER_23,18690000,117,6,8,131,59,58,7.642857
SUPER_23,18700000,131,4,9,144,75,56,6.076923
SUPER_23,18710000,104,8,8,120,54,50,5.125
SUPER_23,18720000,1,1,1,3,1,0,6
SUPER_23,18730000,48,2,5,55,25,23,4.285714
SUPER_23,18740000,72,8,4,84,35,37,4.9166665
SUPER_23,18750000,118,6,8,132,63,55,5.428571
SUPER_23,18760000,143,10,13,166,71,72,7.347826
SUPER_23,18770000,107,6,9,122,57,50,7.4
SUPER_23,18780000,103,5,12,120,42,61,6.8235292
SUPER_23,18790000,94,6,6,106,47,47,3.6666667
SUPER_23,18800000,45,1,5,51,18,27,6.8333335
SUPER_23,18810000,12,0,3,15,8,4,3.6666667
SUPER_23,18820000,112,12,5,129,55,57,13.294118
SUPER_23,18830000,113,15,12,140,57,56,5.814815
SUPER_23,18840000,168,14,15,197,75,93,7.862069
SUPER_23,18850000,115,8,7,130,55,60,9.066667
SUPER_23,18860000,15,4,2,21,12,3,14.666667
SUPER_23,18870000,98,12,8,118,50,48,5.1
SUPER_23,18880000,65,7,2,74,32,33,8.444445
SUPER_23,18890000,1,0,0,1,1,0,NaN
SUPER_23,18900000,3,0,1,4,1,2,1
SUPER_23,18910000,1,0,0,1,0,1,NaN
SUPER_23,18920000,2,0,1,3,0,2,4
SUPER_23,18930000,6,2,0,8,3,3,9
SUPER_23,18940000,0,1,0,1,0,0,36
SUPER_23,18950000,0,0,0,0,0,0,0
SUPER_23,18960000,0,0,0,0,0,0,0
SUPER_23,18970000,4,2,1,7,1,3,7.6666665
SUPER_23,18980000,0,0,0,0,0,0,0
SUPER_23,18990000,0,0,0,0,0,0,0
SUPER_23,19000000,3,1,0,4,3,0,1
SUPER_23,19010000,2,0,0,2,1,1,NaN
SUPER_23,19020000,1,0,0,1,0,1,NaN
SUPER_23,19030000,2,0,0,2,1,1,NaN
SUPER_23,19040000,0,0,0,0,0,0,0
SUPER_23,19050000,0,0,0,0,0,0,0
SUPER_23,19060000,0,0,0,0,0,0,0
SUPER_23,19070000,60,2,10,72,32,28,3.3333333
SUPER_23,19080000,75,2,4,81,35,40,3
SUPER_23,19090000,39,2,1,42,18,21,1.6666666
SUPER_23,19100000,86,3,7,96,42,44,8.5
SUPER_23,19110000,114,9,7,130,56,58,3.5625
SUPER_23,19120000,120,12,11,143,59,61,25.130434
SUPER_23,19130000,96,8,10,114,56,40,5
SUPER_23,19140000,136,7,7,150,77,59,8.857142
SUPER_23,19150000,177,9,11,197,90,87,3.3
SUPER_23,19160000,180,14,5,199,97,83,4.9473686
SUPER_23,19170000,85,1,9,95,37,48,2.2
SUPER_23,19180000,18,2,1,21,8,10,41
SUPER_23,19190000,5,2,0,7,3,2,4
SUPER_23,19200000,0,0,0,0,0,0,0
SUPER_23,19210000,0,0,0,0,0,0,0
SUPER_23,19220000,4,0,1,5,4,0,3
SUPER_23,19230000,6,0,1,7,4,2,39
SUPER_23,19240000,1,1,0,2,1,0,60
SUPER_23,19250000,3,1,0,4,2,1,24
SUPER_23,19260000,5,1,0,6,3,2,1
SUPER_23,19270000,56,4,6,66,26,30,12.1
SUPER_23,19280000,1,1,1,3,1,0,1
SUPER_23,19290000,75,4,3,82,39,36,2
SUPER_23,19300000,100,1,4,105,48,52,9.2
SUPER_23,19310000,153,3,10,166,84,69,4.3846154
SUPER_23,19320000,126,8,12,146,66,60,8.45
SUPER_23,19330000,4,0,0,4,4,0,NaN
SUPER_23,19340000,2,1,0,3,1,1,7
SUPER_23,19350000,3,1,0,4,1,2,4
SUPER_23,19360000,3,1,0,4,1,2,1
SUPER_23,19370000,0,1,3,4,0,0,13.25
SUPER_23,19380000,2,0,0,2,0,2,NaN
SUPER_23,19390000,8,3,1,12,5,3,7.5
SUPER_23,19400000,90,7,6,103,52,38,14.846154
SUPER_23,19410000,46,5,3,54,26,20,14.75
SUPER_23,19420000,68,9,4,81,33,35,68
SUPER_23,19430000,87,4,12,103,33,54,7.875
SUPER_23,19440000,3,2,0,5,1,2,1.5
SUPER_23,19450000,3,1,0,4,1,2,2
SUPER_23,19460000,95,4,7,106,47,48,8.818182
SUPER_23,19470000,95,4,6,105,49,46,13.2
SUPER_23,19480000,206,13,19,238,101,105,10
SUPER_23,19490000,92,9,5,106,58,34,6.071429
SUPER_23,19500000,71,7,5,83,35,36,5.5
SUPER_23,19510000,70,7,6,83,30,40,5
SUPER_23,19520000,68,5,8,81,34,34,1.6923077
SUPER_23,19530000,3,0,0,3,0,3,NaN
SUPER_23,19540000,52,4,2,58,24,28,8.833333
SUPER_23,19550000,61,11,8,80,30,31,12.842105
SUPER_23,19560000,134,13,16,163,69,65,10.862069
SUPER_23,19570000,57,4,6,67,25,32,7.7
SUPER_23,19580000,69,2,7,78,36,33,7.111111
SUPER_23,19590000,76,3,4,83,35,41,9.142858
SUPER_23,19600000,2,1,0,3,0,2,1
SUPER_23,19610000,1,1,1,3,1,0,1.5
SUPER_23,19620000,2,0,1,3,1,1,2
SUPER_23,19630000,2,0,0,2,2,0,NaN
SUPER_23,19640000,6,0,0,6,0,6,NaN
SUPER_23,19650000,92,12,3,107,54,38,2.8
SUPER_23,19660000,124,7,8,139,59,65,6.9333334
SUPER_23,19670000,67,9,5,81,39,28,5.285714
SUPER_23,19680000,105,4,7,116,61,44,27.818182
SUPER_23,19690000,98,10,8,116,54,44,14.666667
SUPER_23,19700000,1,0,0,1,1,0,NaN
SUPER_23,19710000,1,0,1,2,0,1,1
SUPER_23,19720000,2,0,0,2,2,0,NaN
SUPER_23,19730000,1,0,0,1,0,1,NaN
SUPER_23,19740000,8,2,1,11,5,3,5
SUPER_23,19750000,2,0,0,2,1,1,NaN
SUPER_23,19760000,4,1,0,5,3,1,5
SUPER_23,19770000,3,0,0,3,2,1,NaN
SUPER_23,19780000,1,0,0,1,1,0,NaN
SUPER_23,19790000,1,0,0,1,1,0,NaN
SUPER_23,19800000,0,1,1,2,0,0,3
SUPER_23,19810000,0,2,0,2,0,0,2
SUPER_23,19820000,3,1,0,4,1,2,28
SUPER_23,19830000,5,0,0,5,2,3,NaN
SUPER_23,19840000,1,0,0,1,0,1,NaN
SUPER_23,19850000,76,6,5,87,40,36,10.636364
SUPER_23,19860000,58,6,13,77,35,23,34.473682
SUPER_23,19870000,119,9,17,145,57,62,32.576923
SUPER_23,19880000,0,0,0,0,0,0,0
SUPER_23,19890000,0,0,0,0,0,0,0
SUPER_23,19900000,20,1,4,25,10,10,6.6
SUPER_23,19910000,1,0,0,1,1,0,NaN
SUPER_23,19920000,1,0,0,1,0,1,NaN
SUPER_23,19930000,2,0,0,2,1,1,NaN
SUPER_23,19940000,1,0,1,2,1,0,2
SUPER_23,19950000,3,0,0,3,1,2,NaN
SUPER_23,19960000,1,0,0,1,1,0,NaN
SUPER_23,19970000,1,0,0,1,0,1,NaN
SUPER_23,19980000,3,0,1,4,2,1,13
SUPER_23,19990000,2,0,0,2,1,1,NaN
SUPER_23,20000000,2,0,1,3,2,0,1
SUPER_23,20010000,3,0,0,3,1,2,NaN
SUPER_23,20020000,2,1,0,3,1,1,2
SUPER_23,20030000,0,1,1,2,0,0,1.5
SUPER_23,20040000,16,5,5,26,7,9,2
SUPER_23,20050000,4,0,0,4,1,3,NaN
SUPER_23,20060000,8,0,1,9,2,6,1
SUPER_23,20070000,1,0,1,2,1,0,2
SUPER_23,20080000,31,7,2,40,21,10,1.8888888
SUPER_24,10000,1,4,4,9,0,1,4.625
SUPER_24,20000,65,4,9,78,27,38,18.692308
SUPER_24,30000,90,9,14,113,42,48,9
SUPER_24,40000,59,6,4,69,26,33,12.7
SUPER_24,50000,86,3,9,98,39,47,6.8333335
SUPER_24,60000,50,2,4,56,27,23,5.1666665
SUPER_24,70000,76,3,3,82,40,36,13.333333
SUPER_24,80000,3,2,1,6,1,2,1
SUPER_24,90000,116,6,7,129,64,52,2.8461537
SUPER_24,100000,85,7,10,102,42,43,10.235294
SUPER_24,110000,0,0,0,0,0,0,0
SUPER_24,120000,0,0,0,0,0,0,0
SUPER_24,130000,76,3,6,85,45,31,4.3333335
SUPER_24,140000,0,0,0,0,0,0,0
SUPER_24,150000,0,0,0,0,0,0,0
SUPER_24,160000,3,1,0,4,3,0,1
SUPER_24,170000,94,8,11,113,51,43,7.6842103
SUPER_24,180000,4,2,0,6,1,3,1.5
SUPER_24,190000,147,10,8,165,78,69,4.8333335
SUPER_24,200000,143,9,5,157,80,63,6.357143
SUPER_24,210000,105,9,7,121,55,50,4.0625
SUPER_24,220000,168,14,12,194,101,67,10.807693
SUPER_24,230000,63,6,8,77,29,34,11.428572
SUPER_24,240000,30,1,3,34,19,11,34
SUPER_24,250000,23,2,1,26,11,12,6.6666665
SUPER_24,260000,34,3,2,39,19,15,12
SUPER_24,270000,30,2,1,33,15,15,1
SUPER_24,280000,41,3,4,48,24,17,5.428571
SUPER_24,290000,71,7,7,85,32,39,7.857143
SUPER_24,300000,86,2,5,93,43,43,2.142857
SUPER_24,310000,3,0,0,3,2,1,NaN
SUPER_24,320000,85,6,8,99,46,39,5.357143
SUPER_24,330000,45,3,3,51,20,25,1.3333334
SUPER_24,340000,137,9,4,150,64,73,7.769231
SUPER_24,350000,109,5,6,120,52,57,5
SUPER_24,360000,158,17,9,184,78,80,13.5
SUPER_24,370000,85,3,6,94,45,40,17.88889
SUPER_24,380000,131,9,6,146,73,58,7.0666666
SUPER_24,390000,162,7,8,177,93,69,7.6666665
SUPER_24,400000,107,9,10,126,55,52,4.5263157
SUPER_24,410000,135,9,9,153,72,63,7.6666665
SUPER_24,420000,156,9,11,176,73,83,11.1
SUPER_24,430000,102,10,7,119,61,41,13.6470585
SUPER_24,440000,165,10,10,185,87,78,5
SUPER_24,450000,64,3,7,74,25,39,6.1
SUPER_24,460000,123,8,12,143,68,55,6.35
SUPER_24,470000,188,14,8,210,98,90,4.090909
SUPER_24,480000,189,12,9,210,119,70,6.4761906
SUPER_24,490000,55,1,4,60,34,21,14.2
SUPER_24,500000,30,1,3,34,18,12,2.75
SUPER_24,510000,151,12,13,176,81,70,7.84
SUPER_24,520000,92,7,6,105,46,46,4.1538463
SUPER_24,530000,31,2,3,36,14,17,5.2
SUPER_24,540000,90,4,5,99,47,43,76.333336
SUPER_24,550000,145,6,9,160,70,75,5.6
SUPER_24,560000,56,6,3,65,36,20,2.1111112
SUPER_24,570000,54,1,4,59,28,26,5.6
SUPER_24,580000,95,4,7,106,45,50,8.363636
SUPER_24,590000,119,13,11,143,60,59,5.75
SUPER_24,600000,216,15,14,245,122,94,5.62069
SUPER_24,610000,26,5,2,33,11,15,2.4285715
SUPER_24,620000,25,2,1,28,13,12,11.666667
SUPER_24,630000,94,2,6,102,44,50,6.375
SUPER_24,640000,27,0,4,31,14,13,4.5
SUPER_24,650000,31,4,1,36,21,10,7.6
SUPER_24,660000,47,1,2,50,23,24,2.6666667
SUPER_24,670000,85,7,7,99,47,38,5.642857
SUPER_24,680000,0,0,0,0,0,0,0
SUPER_24,690000,0,0,0,0,0,0,0
SUPER_24,700000,63,3,5,71,38,25,49.375
SUPER_24,710000,80,1,9,90,47,33,3.7
SUPER_24,720000,124,8,8,140,63,61,4.625
SUPER_24,730000,108,6,6,120,49,59,6.5
SUPER_24,740000,103,5,5,113,56,47,4.1
SUPER_24,750000,31,2,4,37,17,14,8.166667
SUPER_24,760000,28,4,5,37,14,14,8.111111
SUPER_24,770000,53,0,9,62,20,33,5.4444447
SUPER_24,780000,54,2,5,61,25,28,5.428571
SUPER_24,790000,0,0,0,0,0,0,0
SUPER_24,800000,0,0,0,0,0,0,0
SUPER_24,810000,0,0,0,0,0,0,0
SUPER_24,820000,153,9,2,164,84,69,2.6363637
SUPER_24,830000,40,2,7,49,22,18,2.4444444
SUPER_24,840000,0,0,0,0,0,0,0
SUPER_24,850000,0,0,0,0,0,0,0
SUPER_24,860000,239,14,15,268,131,108,5.0689654
SUPER_24,870000,70,5,5,80,43,27,1.8
SUPER_24,880000,54,2,4,60,27,27,4.6666665
SUPER_24,890000,85,4,6,95,45,40,7.7
SUPER_24,900000,13,0,0,13,6,7,NaN
SUPER_24,910000,107,5,10,122,56,51,4.133333
SUPER_24,920000,69,3,9,81,32,36,73.666664
SUPER_24,930000,133,6,9,148,63,70,10.666667
SUPER_24,940000,90,10,7,107,43,47,11.058824
SUPER_24,950000,111,6,6,123,55,56,3.8333333
SUPER_24,960000,107,10,6,123,52,55,14.875
SUPER_24,970000,187,14,20,221,104,83,20.794117
SUPER_24,980000,88,10,6,104,47,41,3
SUPER_24,990000,151,8,8,167,75,76,6.375
SUPER_24,1000000,65,6,1,72,29,36,8.714286
SUPER_24,1010000,34,5,3,42,21,13,8.5
SUPER_24,1020000,164,10,17,191,89,75,6.7777777
SUPER_24,1030000,81,6,5,92,46,35,3.909091
SUPER_24,1040000,67,2,4,73,37,30,3.6666667
SUPER_24,1050000,119,6,7,132,64,55,5.8461537
SUPER_24,1060000,152,12,13,177,72,80,6
SUPER_24,1070000,83,6,3,92,52,31,7
SUPER_24,1080000,63,7,10,80,33,30,26.941177
SUPER_24,1090000,2,2,1,5,0,2,1
SUPER_24,1100000,2,0,0,2,1,1,NaN
SUPER_24,1110000,1,0,0,1,1,0,NaN
SUPER_24,1120000,3,0,0,3,2,1,NaN
SUPER_24,1130000,1,1,0,2,0,1,2
SUPER_24,1140000,59,3,3,65,33,26,3
SUPER_24,1150000,137,9,5,151,64,73,4.5
SUPER_24,1160000,119,6,18,143,52,67,17.375
SUPER_24,1170000,174,11,12,197,85,89,5.5652175
SUPER_24,1180000,41,1,0,42,21,20,2
SUPER_24,1190000,71,8,3,82,30,41,6
SUPER_24,1200000,52,2,4,58,31,21,2
SUPER_24,1210000,68,4,2,74,32,36,5
SUPER_24,1220000,78,7,6,91,41,37,2.4615386
SUPER_24,1230000,32,1,5,38,14,18,24.333334
SUPER_24,1240000,62,4,9,75,39,23,7.3076925
SUPER_24,1250000,178,9,12,199,83,95,5.5238094
SUPER_24,1260000,68,6,2,76,33,35,5.125
SUPER_24,1270000,0,0,0,0,0,0,0
SUPER_24,1280000,0,0,0,0,0,0,0
SUPER_24,1290000,16,1,2,19,8,8,3.3333333
SUPER_24,1300000,1,0,0,1,1,0,NaN
SUPER_24,1310000,16,1,4,21,11,5,16
SUPER_24,1320000,86,8,5,99,49,37,5.8461537
SUPER_24,1330000,145,9,7,161,89,56,7
SUPER_24,1340000,73,2,12,87,33,40,15.571428
SUPER_24,1350000,46,6,0,52,32,14,3.5
SUPER_24,1360000,60,7,5,72,26,34,7.25
SUPER_24,1370000,21,1,3,25,6,15,2.5
SUPER_24,1380000,3,1,0,4,2,1,6
SUPER_24,1390000,29,2,3,34,20,9,2
SUPER_24,1400000,111,9,6,126,67,44,8.4
SUPER_24,1410000,102,9,6,117,60,42,3.4666667
SUPER_24,1420000,103,11,3,117,62,41,14.571428
SUPER_24,1430000,118,8,11,137,61,57,7.7894735
SUPER_24,1440000,90,7,1,98,46,44,4.75
SUPER_24,1450000,86,6,4,96,42,44,3.9
SUPER_24,1460000,18,0,1,19,9,9,1
SUPER_24,1470000,94,3,3,100,47,47,4.1666665
SUPER_24,1480000,76,4,3,83,42,34,6.571429
SUPER_24,1490000,161,9,5,175,75,86,6.071429
SUPER_24,1500000,146,2,13,161,82,64,7.0666666
SUPER_24,1510000,0,0,0,0,0,0,0
SUPER_24,1520000,0,0,0,0,0,0,0
SUPER_24,1530000,24,0,1,25,14,10,2
SUPER_24,1540000,1,1,0,2,1,0,1
SUPER_24,1550000,35,3,3,41,21,14,4.3333335
SUPER_24,1560000,150,9,8,167,72,78,5
SUPER_24,1570000,2,1,1,4,1,1,1
SUPER_24,1580000,103,8,10,121,58,45,12.666667
SUPER_24,1590000,63,1,3,67,36,27,7.25
SUPER_24,1600000,109,6,12,127,65,44,5.7777777
SUPER_24,1610000,18,1,1,20,11,7,139.5
SUPER_24,1620000,6,1,1,8,3,3,15.5
SUPER_24,1630000,2,1,0,3,1,1,1
SUPER_24,1640000,0,4,1,5,0,0,4.4
SUPER_24,1650000,0,0,0,0,0,0,0
SUPER_24,1660000,0,0,0,0,0,0,0
SUPER_24,1670000,22,0,2,24,16,6,6
SUPER_24,1680000,145,20,21,186,83,62,10.268292
SUPER_24,1690000,6,0,2,8,2,4,13.5
SUPER_24,1700000,6,0,0,6,4,2,NaN
SUPER_24,1710000,11,0,1,12,2,9,1
SUPER_24,1720000,141,13,7,161,72,69,8.35
SUPER_24,1730000,22,1,1,24,13,9,1
SUPER_24,1740000,125,7,15,147,64,61,7.681818
SUPER_24,1750000,156,13,18,187,75,81,22.258064
SUPER_24,1760000,133,7,4,144,66,67,4.5454545
SUPER_24,1770000,146,11,10,167,79,67,12.095238
SUPER_24,1780000,51,1,4,56,20,31,15.6
SUPER_24,1790000,2,0,0,2,1,1,NaN
SUPER_24,1800000,0,0,0,0,0,0,0
SUPER_24,1810000,0,0,0,0,0,0,0
SUPER_24,1820000,21,5,1,27,11,10,3
SUPER_24,1830000,95,11,13,119,41,54,14.708333
SUPER_24,1840000,90,5,3,98,53,37,2.625
SUPER_24,1850000,110,14,11,135,62,48,3.24
SUPER_24,1860000,146,8,13,167,75,71,4
SUPER_24,1870000,134,8,7,149,56,78,4.6666665
SUPER_24,1880000,204,13,16,233,106,98,23.51724
SUPER_24,1890000,78,4,2,84,39,39,3.6666667
SUPER_24,1900000,58,5,4,67,34,24,3
SUPER_24,1910000,127,13,10,150,56,71,3.1304348
SUPER_24,1920000,70,3,8,81,33,37,49.909092
SUPER_24,1930000,30,4,2,36,18,12,3.6666667
SUPER_24,1940000,38,3,3,44,19,19,7.1666665
SUPER_24,1950000,2,0,0,2,1,1,NaN
SUPER_24,1960000,1,6,5,12,0,1,1
SUPER_24,1970000,3,0,0,3,1,2,NaN
SUPER_24,1980000,0,0,0,0,0,0,0
SUPER_24,1990000,0,0,0,0,0,0,0
SUPER_24,2000000,32,4,5,41,17,15,4.2222223
SUPER_24,2010000,0,0,0,0,0,0,0
SUPER_24,2020000,0,0,0,0,0,0,0
SUPER_24,2030000,86,2,2,90,50,36,6.25
SUPER_24,2040000,49,3,5,57,31,18,9.875
SUPER_24,2050000,151,9,5,165,79,72,8
SUPER_24,2060000,83,7,6,96,43,40,10.692307
SUPER_24,2070000,45,2,5,52,24,21,5.428571
SUPER_24,2080000,62,6,5,73,34,28,2.3636363
SUPER_24,2090000,26,3,2,31,14,12,6.4
SUPER_24,2100000,70,10,9,89,38,32,15.368421
SUPER_24,2110000,48,7,7,62,29,19,5.071429
SUPER_24,2120000,147,7,14,168,75,72,9.095238
SUPER_24,2130000,117,11,18,146,61,56,4.3103447
SUPER_24,2140000,114,15,8,137,49,65,7.9130435
SUPER_24,2150000,152,14,26,192,74,78,11.425
SUPER_24,2160000,36,5,4,45,18,18,9.444445
SUPER_24,2170000,50,6,3,59,22,28,41.333332
SUPER_24,2180000,64,5,2,71,26,38,2.4285715
SUPER_24,2190000,122,15,7,144,61,61,4.8636365
SUPER_24,2200000,94,3,9,106,43,51,8.5
SUPER_24,2210000,42,1,1,44,14,28,10
SUPER_24,2220000,11,0,0,11,2,9,NaN
SUPER_24,2230000,23,1,0,24,8,15,4
SUPER_24,2240000,30,0,0,30,11,19,NaN
SUPER_24,2250000,18,0,0,18,8,10,NaN
SUPER_24,2260000,23,0,0,23,11,12,NaN
SUPER_24,2270000,40,1,0,41,19,21,4
SUPER_24,2280000,35,1,0,36,16,19,4
SUPER_24,2290000,20,0,0,20,9,11,NaN
SUPER_24,2300000,24,0,0,24,12,12,NaN
SUPER_24,2310000,10,0,0,10,6,4,NaN
SUPER_24,2320000,35,4,4,43,19,16,9.375
SUPER_24,2330000,5,0,1,6,3,2,16
SUPER_24,2340000,16,0,1,17,11,5,1
SUPER_24,2350000,73,4,6,83,33,40,13.8
SUPER_24,2360000,10,1,0,11,9,1,1
SUPER_24,2370000,83,17,8,108,43,40,6.8
SUPER_24,2380000,1,0,2,3,1,0,7
SUPER_24,2390000,37,3,5,45,20,17,2.25
SUPER_24,2400000,1,0,1,2,1,0,8
SUPER_24,2410000,1,0,0,1,1,0,NaN
SUPER_24,2420000,2,0,1,3,1,1,5
SUPER_24,2430000,0,0,0,0,0,0,0
SUPER_24,2440000,0,0,0,0,0,0,0
SUPER_24,2450000,178,14,9,201,97,81,24.173914
SUPER_24,2460000,82,8,4,94,44,38,7.5833335
SUPER_24,2470000,56,0,4,60,27,29,72.5
SUPER_24,2480000,76,6,5,87,31,45,6.5454545
SUPER_24,2490000,87,11,4,102,40,47,4.133333
SUPER_24,2500000,81,1,6,88,48,33,4.857143
SUPER_24,2510000,99,4,3,106,51,48,9.714286
SUPER_24,2520000,108,1,10,119,57,51,31.272728
SUPER_24,2530000,231,7,19,257,120,111,13.884615
SUPER_24,2540000,101,12,5,118,60,41,7.352941
SUPER_24,2550000,76,8,8,92,39,37,5.9375
SUPER_24,2560000,117,5,10,132,62,55,6.2
SUPER_24,2570000,19,0,1,20,9,10,2
SUPER_24,2580000,129,10,10,149,62,67,5.2
SUPER_24,2590000,129,8,8,145,52,77,6.8125
SUPER_24,2600000,2,0,2,4,1,1,236
SUPER_24,2610000,18,3,5,26,13,5,15
SUPER_24,2620000,195,12,15,222,119,76,7
SUPER_24,2630000,23,0,1,24,12,11,1
SUPER_24,2640000,10,2,1,13,3,7,10.333333
SUPER_24,2650000,6,1,2,9,2,4,12.333333
SUPER_24,2660000,70,2,8,80,34,36,9.7
SUPER_24,2670000,93,11,6,110,47,46,3.3529413
SUPER_24,2680000,36,5,5,46,22,14,1.9
SUPER_24,2690000,45,6,5,56,21,24,30.09091
SUPER_24,2700000,72,7,6,85,35,37,17.538462
SUPER_24,2710000,28,5,2,35,19,9,37.857143
SUPER_24,2720000,2,0,0,2,2,0,NaN
SUPER_24,2730000,1,1,0,2,1,0,6
SUPER_24,2740000,1,1,0,2,0,1,1
SUPER_24,2750000,14,2,1,17,6,8,119
SUPER_24,2760000,89,4,7,100,49,40,9.090909
SUPER_24,2770000,87,5,4,96,43,44,5.3333335
SUPER_24,2780000,169,11,15,195,88,81,5.9615383
SUPER_24,2790000,66,4,7,77,31,35,5.6363635
SUPER_24,2800000,73,6,4,83,29,44,4.6
SUPER_24,2810000,146,7,14,167,78,68,16.761906
SUPER_24,2820000,138,7,13,158,64,74,28
SUPER_24,2830000,28,0,3,31,19,9,5
SUPER_24,2840000,3,0,0,3,2,1,NaN
SUPER_24,2850000,5,1,0,6,3,2,1
SUPER_24,2860000,80,7,5,92,48,32,2.1666667
SUPER_24,2870000,1,0,0,1,1,0,NaN
SUPER_24,2880000,3,0,0,3,1,2,NaN
SUPER_24,2890000,4,0,1,5,2,2,1
SUPER_24,2900000,113,6,5,124,53,60,10.090909
SUPER_24,2910000,98,6,6,110,50,48,7.6666665
SUPER_24,2920000,112,8,10,130,64,48,12.388889
SUPER_24,2930000,93,6,5,104,47,46,2.7272727
SUPER_24,2940000,177,10,17,204,99,78,4.5555553
SUPER_24,2950000,142,14,15,171,77,65,23.931034
SUPER_24,2960000,56,5,8,69,32,24,4.5384617
SUPER_24,2970000,86,4,7,97,50,36,5.909091
SUPER_24,2980000,130,9,8,147,61,69,26.764706
SUPER_24,2990000,5,0,1,6,2,3,1
SUPER_24,3000000,89,10,7,106,51,38,12.411765
SUPER_24,3010000,36,1,1,38,18,18,2.5
SUPER_24,3020000,64,3,4,71,30,34,22.714285
SUPER_24,3030000,207,17,22,246,117,90,14.692307
SUPER_24,3040000,123,7,14,144,61,62,10.666667
SUPER_24,3050000,115,6,8,129,55,60,1.9285715
SUPER_24,3060000,127,7,9,143,57,70,5.8125
SUPER_24,3070000,136,5,6,147,75,61,6.090909
SUPER_24,3080000,161,18,15,194,75,86,18.727272
SUPER_24,3090000,69,7,9,85,31,38,3
SUPER_24,3100000,39,5,5,49,17,22,17
SUPER_24,3110000,89,11,6,106,56,33,10.823529
SUPER_24,3120000,58,4,6,68,27,31,1.7
SUPER_24,3130000,35,3,0,38,19,16,1.6666666
SUPER_24,3140000,2,0,1,3,1,1,4
SUPER_24,3150000,28,4,1,33,14,14,8.6
SUPER_24,3160000,5,0,2,7,4,1,4.5
SUPER_24,3170000,1,0,1,2,0,1,2
SUPER_24,3180000,3,0,0,3,3,0,NaN
SUPER_24,3190000,48,3,8,59,20,28,6.909091
SUPER_24,3200000,44,3,6,53,30,14,3.5555556
SUPER_24,3210000,42,6,3,51,23,19,16.777779
SUPER_24,3220000,1,1,0,2,0,1,1
SUPER_24,3230000,1,1,2,4,1,0,3
SUPER_24,3240000,1,0,0,1,1,0,NaN
SUPER_24,3250000,116,13,8,137,63,53,7.2380953
SUPER_24,3260000,139,7,12,158,76,63,9.894737
SUPER_24,3270000,140,10,13,163,74,66,5.173913
SUPER_24,3280000,157,13,12,182,83,74,4
SUPER_24,3290000,11,0,2,13,5,6,6.5
SUPER_24,3300000,2,0,0,2,1,1,NaN
SUPER_24,3310000,1,0,0,1,0,1,NaN
SUPER_24,3320000,0,0,0,0,0,0,0
SUPER_24,3330000,0,0,0,0,0,0,0
SUPER_24,3340000,2,0,1,3,1,1,1
SUPER_24,3350000,20,3,4,27,9,11,29.285715
SUPER_24,3360000,2,0,1,3,2,0,2
SUPER_24,3370000,55,6,5,66,26,29,3.5454545
SUPER_24,3380000,170,16,13,199,78,92,5.586207
SUPER_24,3390000,21,3,1,25,7,14,7.75
SUPER_24,3400000,150,14,9,173,73,77,5.695652
SUPER_24,3410000,149,12,12,173,65,84,12.958333
SUPER_24,3420000,21,2,1,24,7,14,2.6666667
SUPER_24,3430000,25,0,4,29,13,12,1.25
SUPER_24,3440000,94,8,6,108,56,38,5.357143
SUPER_24,3450000,80,6,9,95,41,39,9
SUPER_24,3460000,96,5,9,110,59,37,8.071428
SUPER_24,3470000,115,13,6,134,66,49,4.3157897
SUPER_24,3480000,137,14,10,161,73,64,6.5833335
SUPER_24,3490000,0,0,0,0,0,0,0
SUPER_24,3500000,0,0,0,0,0,0,0
SUPER_24,3510000,92,11,7,110,47,45,9.666667
SUPER_24,3520000,1,1,1,3,1,0,1
SUPER_24,3530000,2,1,0,3,2,0,1
SUPER_24,3540000,76,8,2,86,36,40,5.6
SUPER_24,3550000,1,0,1,2,1,0,1
SUPER_24,3560000,5,0,1,6,4,1,1
SUPER_24,3570000,1,0,3,4,1,0,7.3333335
SUPER_24,3580000,0,0,0,0,0,0,0
SUPER_24,3590000,0,0,0,0,0,0,0
SUPER_24,3600000,19,5,3,27,11,8,5.125
SUPER_24,3610000,5,0,0,5,4,1,NaN
SUPER_24,3620000,1,0,1,2,1,0,1
SUPER_24,3630000,0,1,0,1,0,0,4
SUPER_24,3640000,2,0,1,3,2,0,2
SUPER_24,3650000,4,1,2,7,1,3,3.3333333
SUPER_24,3660000,4,0,0,4,2,2,NaN
SUPER_24,3670000,2,1,2,5,0,2,3.3333333
SUPER_24,3680000,5,0,1,6,2,3,12
SUPER_24,3690000,1,1,0,2,0,1,5
SUPER_24,3700000,121,7,4,132,64,57,15.545455
SUPER_24,3710000,180,4,12,196,93,87,16
SUPER_24,3720000,169,7,13,189,95,74,8.8
SUPER_24,3730000,101,6,8,115,49,52,6.857143
SUPER_24,3740000,6,1,1,8,3,3,24.5
SUPER_24,3750000,4,2,0,6,1,3,18
SUPER_24,3760000,111,6,5,122,62,49,6.4545455
SUPER_24,3770000,10,1,2,13,4,6,1.6666666
SUPER_24,3780000,46,4,3,53,23,23,2.5714285
SUPER_24,3790000,3,0,0,3,2,1,NaN
SUPER_24,3800000,54,4,0,58,28,26,1.5
SUPER_24,3810000,22,4,1,27,9,13,8
SUPER_24,3820000,14,3,2,19,5,9,2
SUPER_24,3830000,0,0,0,0,0,0,0
SUPER_24,3840000,0,0,0,0,0,0,0
SUPER_24,3850000,154,6,27,187,67,87,2.5454545
SUPER_24,3860000,2,1,3,6,1,1,50.25
SUPER_24,3870000,24,3,0,27,11,13,6.3333335
SUPER_24,3880000,35,6,2,43,17,18,7.875
SUPER_24,3890000,10,1,0,11,5,5,2
SUPER_24,3900000,12,0,1,13,8,4,3
SUPER_24,3910000,1,1,0,2,1,0,1
SUPER_24,3920000,4,3,0,7,3,1,17
SUPER_24,3930000,6,1,1,8,3,3,2.5
SUPER_24,3940000,4,0,0,4,1,3,NaN
SUPER_24,3950000,1,2,1,4,1,0,18
SUPER_24,3960000,2,0,0,2,1,1,NaN
SUPER_24,3970000,1,0,0,1,1,0,NaN
SUPER_24,3980000,1,1,0,2,0,1,4
SUPER_24,3990000,1,1,0,2,1,0,2
SUPER_24,4000000,2,0,1,3,0,2,11
SUPER_24,4010000,10,2,0,12,2,8,3.5
SUPER_24,4020000,57,3,4,64,29,28,24
SUPER_24,4030000,142,17,9,168,72,70,8.192307
SUPER_24,4040000,70,5,16,91,25,45,8
SUPER_24,4050000,106,13,13,132,43,63,8
SUPER_24,4060000,33,0,2,35,18,15,2
SUPER_24,4070000,2,1,1,4,0,2,68.5
SUPER_24,4080000,1,0,0,1,0,1,NaN
SUPER_24,4090000,22,1,2,25,13,9,2.6666667
SUPER_24,4100000,73,9,8,90,38,35,8.058824
SUPER_24,4110000,212,16,15,243,99,113,4.580645
SUPER_24,4120000,106,9,9,124,51,55,13.444445
SUPER_24,4130000,114,9,10,133,66,48,16.368422
SUPER_24,4140000,88,4,11,103,47,41,5.9333334
SUPER_24,4150000,24,1,5,30,13,11,3.1666667
SUPER_24,4160000,152,14,14,180,85,67,13.428572
SUPER_24,4170000,97,12,12,121,51,46,4.25
SUPER_24,4180000,81,6,8,95,38,43,8.142858
SUPER_24,4190000,106,9,6,121,57,49,37
SUPER_24,4200000,186,12,19,217,96,90,12.064516
SUPER_24,4210000,117,11,10,138,63,54,5.428571
SUPER_24,4220000,110,13,7,130,49,61,6.45
SUPER_24,4230000,72,3,7,82,33,39,6.2
SUPER_24,4240000,1,0,0,1,1,0,NaN
SUPER_24,4250000,5,1,1,7,3,2,33
SUPER_24,4260000,69,6,7,82,33,36,13.384615
SUPER_24,4270000,127,11,10,148,68,59,7.571429
SUPER_24,4280000,25,0,5,30,16,9,6.2
SUPER_24,4290000,98,5,11,114,46,52,16.5625
SUPER_24,4300000,36,3,3,42,13,23,1.3333334
SUPER_24,4310000,43,1,2,46,19,24,12.666667
SUPER_24,4320000,63,4,4,71,26,37,1.875
SUPER_24,4330000,122,8,4,134,61,61,8.666667
SUPER_24,4340000,43,1,3,47,19,24,12
SUPER_24,4350000,81,7,9,97,46,35,5.4375
SUPER_24,4360000,132,13,11,156,66,66,4.125
SUPER_24,4370000,9,1,0,10,5,4,3
SUPER_24,4380000,12,2,2,16,5,7,6.75
SUPER_24,4390000,22,3,3,28,10,12,3
SUPER_24,4400000,54,13,4,71,28,26,3.4117646
SUPER_24,4410000,2,0,0,2,1,1,NaN
SUPER_24,4420000,2,0,0,2,0,2,NaN
SUPER_24,4430000,13,2,0,15,8,5,2
SUPER_24,4440000,146,12,9,167,63,83,15.523809
SUPER_24,4450000,196,13,11,220,106,90,15.958333
SUPER_24,4460000,130,10,15,155,66,64,12.52
SUPER_24,4470000,94,6,12,112,47,47,4.7777777
SUPER_24,4480000,49,6,1,56,23,26,6.142857
SUPER_24,4490000,146,10,10,166,78,68,5.4
SUPER_24,4500000,5,1,1,7,2,3,1
SUPER_24,4510000,30,2,3,35,20,10,2
SUPER_24,4520000,53,7,4,64,28,25,4.818182
SUPER_24,4530000,0,0,0,0,0,0,0
SUPER_24,4540000,0,0,0,0,0,0,0
SUPER_24,4550000,143,5,11,159,70,73,8.3125
SUPER_24,4560000,66,6,7,79,27,39,6.6923075
SUPER_24,4570000,41,3,5,49,22,19,4.125
SUPER_24,4580000,38,2,2,42,22,16,6.5
SUPER_24,4590000,1,0,0,1,0,1,NaN
SUPER_24,4600000,1,1,0,2,1,0,6
SUPER_24,4610000,1,0,0,1,0,1,NaN
SUPER_24,4620000,2,1,1,4,1,1,2
SUPER_24,4630000,0,0,0,0,0,0,0
SUPER_24,4640000,0,0,0,0,0,0,0
SUPER_24,4650000,35,8,1,44,17,18,7.4444447
SUPER_24,4660000,124,12,15,151,71,53,4.259259
SUPER_24,4670000,126,6,12,144,70,56,14.055555
SUPER_24,4680000,51,5,7,63,22,29,10
SUPER_24,4690000,177,10,7,194,99,78,23.470589
SUPER_24,4700000,162,4,9,175,99,63,6.5384617
SUPER_24,4710000,176,11,13,200,91,85,13.625
SUPER_24,4720000,141,4,12,157,66,75,23.875
SUPER_24,4730000,102,4,10,116,55,47,24.428572
SUPER_24,4740000,169,7,10,186,80,89,3.8823528
SUPER_24,4750000,156,9,13,178,94,62,5.7727275
SUPER_24,4760000,184,14,16,214,95,89,2.9333334
SUPER_24,4770000,64,4,4,72,32,32,3.625
SUPER_24,4780000,2,0,0,2,2,0,NaN
SUPER_24,4790000,25,2,0,27,18,7,14
SUPER_24,4800000,15,0,1,16,5,10,6
SUPER_24,4810000,1,0,0,1,0,1,NaN
SUPER_24,4820000,2,1,1,4,1,1,1
SUPER_24,4830000,3,0,2,5,1,2,14
SUPER_24,4840000,0,0,0,0,0,0,0
SUPER_24,4850000,0,0,0,0,0,0,0
SUPER_24,4860000,0,0,0,0,0,0,0
SUPER_24,4870000,0,0,0,0,0,0,0
SUPER_24,4880000,1,2,6,9,1,0,1.125
SUPER_24,4890000,2,0,0,2,1,1,NaN
SUPER_24,4900000,145,9,7,161,75,70,6.625
SUPER_24,4910000,1,0,1,2,0,1,1
SUPER_24,4920000,1,0,2,3,1,0,4
SUPER_24,4930000,6,0,2,8,4,2,89
SUPER_24,4940000,2,0,1,3,1,1,1
SUPER_24,4950000,3,0,1,4,2,1,2
SUPER_24,4960000,151,15,12,178,77,74,3.1851852
SUPER_24,4970000,164,9,16,189,83,81,3.56
SUPER_24,4980000,49,5,6,60,25,24,5.4545455
SUPER_24,4990000,1,1,0,2,0,1,9
SUPER_24,5000000,3,0,0,3,0,3,NaN
SUPER_24,5010000,48,3,4,55,17,31,17.714285
SUPER_24,5020000,146,9,8,163,58,88,2.764706
SUPER_24,5030000,153,8,13,174,71,82,4.428571
SUPER_24,5040000,129,13,15,157,51,78,6.892857
SUPER_24,5050000,159,13,12,184,86,73,8.04
SUPER_24,5060000,129,14,13,156,59,70,3.5925925
SUPER_24,5070000,108,8,7,123,43,65,19.4
SUPER_24,5080000,19,2,0,21,9,10,6.5
SUPER_24,5090000,112,5,9,126,52,60,5.285714
SUPER_24,5100000,38,4,3,45,25,13,5.142857
SUPER_24,5110000,189,15,21,225,103,86,8.055555
SUPER_24,5120000,171,24,15,210,75,96,10.743589
SUPER_24,5130000,104,4,4,112,55,49,6
SUPER_24,5140000,132,6,10,148,66,66,4.5
SUPER_24,5150000,149,1,10,160,78,71,15.090909
SUPER_24,5160000,97,5,7,109,50,47,13.5
SUPER_24,5170000,117,10,3,130,65,52,6.5384617
SUPER_24,5180000,146,10,14,170,79,67,6.0416665
SUPER_24,5190000,138,9,11,158,69,69,6.6
SUPER_24,5200000,124,8,9,141,65,59,2.1764705
SUPER_24,5210000,118,6,15,139,59,59,13.333333
SUPER_24,5220000,0,0,0,0,0,0,0
SUPER_24,5230000,0,0,0,0,0,0,0
SUPER_24,5240000,0,0,0,0,0,0,0
SUPER_24,5250000,0,0,0,0,0,0,0
SUPER_24,5260000,376,23,28,427,179,197,5.4313726
SUPER_24,5270000,133,8,12,153,67,66,19
SUPER_24,5280000,56,4,5,65,31,25,19.222221
SUPER_24,5290000,77,7,7,91,43,34,7.785714
SUPER_24,5300000,173,10,16,199,80,93,8.5
SUPER_24,5310000,125,7,9,141,76,49,9.1875
SUPER_24,5320000,91,8,7,106,41,50,4.266667
SUPER_24,5330000,110,9,8,127,55,55,7.9411764
SUPER_24,5340000,97,9,8,114,50,47,7
SUPER_24,5350000,41,5,5,51,17,24,8.4
SUPER_24,5360000,149,9,4,162,77,72,9.384615
SUPER_24,5370000,112,9,9,130,51,61,14.277778
SUPER_24,5380000,104,8,6,118,55,49,8.5
SUPER_24,5390000,4,0,0,4,2,2,NaN
SUPER_24,5400000,44,3,1,48,25,19,108
SUPER_24,5410000,134,12,10,156,70,64,9.136364
SUPER_24,5420000,124,5,12,141,67,57,5.4117646
SUPER_24,5430000,9,0,0,9,4,5,NaN
SUPER_24,5440000,0,1,0,1,0,0,4
SUPER_24,5450000,40,1,2,43,17,23,5.6666665
SUPER_24,5460000,72,5,1,78,34,38,1.3333334
SUPER_24,5470000,46,3,5,54,18,28,51.625
SUPER_24,5480000,136,12,13,161,74,62,4.32
SUPER_24,5490000,182,11,14,207,87,95,10.72
SUPER_24,5500000,167,8,8,183,88,79,5.5625
SUPER_24,5510000,114,8,14,136,49,65,16.363636
SUPER_24,5520000,84,6,12,102,50,34,7
SUPER_24,5530000,112,10,8,130,59,53,7.2222223
SUPER_24,5540000,78,6,7,91,34,44,12
SUPER_24,5550000,86,7,11,104,52,34,17.277779
SUPER_24,5560000,135,14,22,171,78,57,6.4444447
SUPER_24,5570000,105,10,4,119,47,58,4
SUPER_24,5580000,50,6,5,61,24,26,14.272727
SUPER_24,5590000,26,2,0,28,17,9,5
SUPER_24,5600000,119,10,3,132,55,64,5.6923075
SUPER_24,5610000,118,10,11,139,59,59,6.4761906
SUPER_24,5620000,24,0,1,25,9,15,25
SUPER_24,5630000,129,6,7,142,52,77,3.1538463
SUPER_24,5640000,92,1,6,99,50,42,1.7142857
SUPER_24,5650000,17,1,1,19,11,6,4
SUPER_24,5660000,102,6,8,116,53,49,34.785713
SUPER_24,5670000,1,0,0,1,1,0,NaN
SUPER_24,5680000,29,3,1,33,15,14,11.5
SUPER_24,5690000,145,5,8,158,79,66,8
SUPER_24,5700000,114,5,8,127,55,59,2.4615386
SUPER_24,5710000,20,0,1,21,12,8,1
SUPER_24,5720000,3,0,0,3,1,2,NaN
SUPER_24,5730000,2,0,0,2,1,1,NaN
SUPER_24,5740000,1,0,0,1,1,0,NaN
SUPER_24,5750000,0,0,0,0,0,0,0
SUPER_24,5760000,0,0,0,0,0,0,0
SUPER_24,5770000,5,1,0,6,3,2,6
SUPER_24,5780000,88,2,8,98,50,38,5.9
SUPER_24,5790000,145,10,13,168,73,72,25.913044
SUPER_24,5800000,100,5,8,113,56,44,6.1538463
SUPER_24,5810000,21,1,2,24,11,10,16
SUPER_24,5820000,37,5,2,44,18,19,4.142857
SUPER_24,5830000,6,0,1,7,2,4,6
SUPER_24,5840000,3,1,0,4,3,0,45
SUPER_24,5850000,1,2,1,4,1,0,3.6666667
SUPER_24,5860000,61,1,5,67,25,36,11.166667
SUPER_24,5870000,92,4,5,101,46,46,4.888889
SUPER_24,5880000,111,6,10,127,63,48,5.6875
SUPER_24,5890000,0,0,0,0,0,0,0
SUPER_24,5900000,0,0,0,0,0,0,0
SUPER_24,5910000,125,14,11,150,64,61,10.72
SUPER_24,5920000,171,11,13,195,96,75,13.333333
SUPER_24,5930000,84,9,6,99,46,38,10.466666
SUPER_24,5940000,125,7,10,142,67,58,10.470589
SUPER_24,5950000,132,8,4,144,65,67,5.1666665
SUPER_24,5960000,149,12,19,180,80,69,14.903226
SUPER_24,5970000,147,11,7,165,88,59,20.5
SUPER_24,5980000,122,2,10,134,67,55,10.833333
SUPER_24,5990000,0,0,0,0,0,0,0
SUPER_24,6000000,0,0,0,0,0,0,0
SUPER_24,6010000,125,9,11,145,69,56,5.75
SUPER_24,6020000,24,1,3,28,10,14,4.25
SUPER_24,6030000,97,7,13,117,42,55,14.4
SUPER_24,6040000,82,11,8,101,44,38,4.3157897
SUPER_24,6050000,74,3,6,83,42,32,1.5555556
SUPER_24,6060000,89,6,9,104,43,46,8.733334
SUPER_24,6070000,49,4,2,55,22,27,2.5
SUPER_24,6080000,29,3,4,36,11,18,3.2857144
SUPER_24,6090000,110,10,10,130,59,51,12.8
SUPER_24,6100000,104,3,8,115,64,40,50.727272
SUPER_24,6110000,176,4,16,196,85,91,5.15
SUPER_24,6120000,146,4,10,160,78,68,8.785714
SUPER_24,6130000,80,6,7,93,40,40,3.7692308
SUPER_24,6140000,44,3,0,47,24,20,2.3333333
SUPER_24,6150000,53,4,1,58,26,27,7
SUPER_24,6160000,98,5,6,109,59,39,4.4545455
SUPER_24,6170000,120,12,15,147,54,66,4.185185
SUPER_24,6180000,0,0,0,0,0,0,0
SUPER_24,6190000,0,0,0,0,0,0,0
SUPER_24,6200000,76,6,3,85,37,39,8.666667
SUPER_24,6210000,168,17,9,194,77,91,19.73077
SUPER_24,6220000,51,5,3,59,23,28,3.25
SUPER_24,6230000,100,8,10,118,52,48,5.7777777
SUPER_24,6240000,118,6,9,133,54,64,2.2
SUPER_24,6250000,74,7,11,92,39,35,31.222221
SUPER_24,6260000,8,0,1,9,4,4,14
SUPER_24,6270000,136,8,17,161,60,76,8.64
SUPER_24,6280000,108,11,11,130,45,63,3.1363637
SUPER_24,6290000,61,6,2,69,35,26,4.75
SUPER_24,6300000,151,13,15,179,73,78,12.107142
SUPER_24,6310000,83,5,4,92,44,39,1.3333334
SUPER_24,6320000,146,16,8,170,74,72,4.875
SUPER_24,6330000,33,1,2,36,19,14,11.333333
SUPER_24,6340000,148,2,10,160,79,69,3.5
SUPER_24,6350000,107,13,8,128,57,50,8.428572
SUPER_24,6360000,129,10,11,150,60,69,13.666667
SUPER_24,6370000,51,2,3,56,30,21,4
SUPER_24,6380000,97,6,4,107,46,51,7.7
SUPER_24,6390000,61,3,3,67,28,33,5.8333335
SUPER_24,6400000,64,4,2,70,38,26,5.5
SUPER_24,6410000,113,7,7,127,42,71,3.7857144
SUPER_24,6420000,44,0,3,47,25,19,11.333333
SUPER_24,6430000,31,3,0,34,18,13,4.3333335
SUPER_24,6440000,24,1,2,27,12,12,6
SUPER_24,6450000,72,8,7,87,28,44,3.7333333
SUPER_24,6460000,14,2,0,16,9,5,1
SUPER_24,6470000,60,4,9,73,29,31,20.538462
SUPER_24,6480000,85,3,10,98,45,40,14.230769
SUPER_24,6490000,140,6,3,149,70,70,6
SUPER_24,6500000,94,4,5,103,53,41,16.555555
SUPER_24,6510000,137,13,7,157,65,72,8.45
SUPER_24,6520000,102,7,5,114,56,46,4.3333335
SUPER_24,6530000,57,3,5,65,25,32,3.25
SUPER_24,6540000,7,0,1,8,1,6,1
SUPER_24,6550000,92,16,9,117,44,48,4.32
SUPER_24,6560000,164,9,16,189,83,81,5.12
SUPER_24,6570000,51,2,0,53,28,23,28.5
SUPER_24,6580000,79,11,5,95,33,46,5.8125
SUPER_24,6590000,116,8,6,130,52,64,2.5714285
SUPER_24,6600000,125,11,7,143,70,55,4.6666665
SUPER_24,6610000,8,0,0,8,4,4,NaN
SUPER_24,6620000,48,8,1,57,23,25,5.6666665
SUPER_24,6630000,137,3,11,151,73,64,8.857142
SUPER_24,6640000,98,9,10,117,57,41,19.421053
SUPER_24,6650000,163,8,15,186,81,82,12.173913
SUPER_24,6660000,184,13,12,209,103,81,15.68
SUPER_24,6670000,18,0,0,18,9,9,NaN
SUPER_24,6680000,0,0,0,0,0,0,0
SUPER_24,6690000,0,0,0,0,0,0,0
SUPER_24,6700000,161,17,10,188,81,80,7.5555553
SUPER_24,6710000,114,6,4,124,64,50,5.2
SUPER_24,6720000,68,3,2,73,36,32,3.6
SUPER_24,6730000,86,3,8,97,44,42,4.4545455
SUPER_24,6740000,102,9,11,122,55,47,6.65
SUPER_24,6750000,125,5,13,143,65,60,11.222222
SUPER_24,6760000,112,10,3,125,48,64,9.923077
SUPER_24,6770000,156,10,13,179,73,83,10.869565
SUPER_24,6780000,140,14,14,168,63,77,4.357143
SUPER_24,6790000,87,14,3,104,47,40,3
SUPER_24,6800000,124,9,6,139,70,54,7.4
SUPER_24,6810000,80,12,8,100,37,43,7.05
SUPER_24,6820000,138,12,11,161,65,73,7.0434785
SUPER_24,6830000,110,11,9,130,60,50,3.15
SUPER_24,6840000,131,9,19,159,51,80,7.285714
SUPER_24,6850000,67,6,5,78,33,34,5.4545455
SUPER_24,6860000,75,5,8,88,42,33,8.461538
SUPER_24,6870000,135,13,7,155,76,59,7.8
SUPER_24,6880000,19,1,3,23,9,10,4.25
SUPER_24,6890000,30,1,1,32,12,18,1
SUPER_24,6900000,12,3,1,16,4,8,15
SUPER_24,6910000,147,10,11,168,77,70,5
SUPER_24,6920000,122,17,8,147,60,62,22.08
SUPER_24,6930000,172,12,20,204,74,98,11.90625
SUPER_24,6940000,8,3,0,11,1,7,3.3333333
SUPER_24,6950000,79,5,12,96,46,33,7.8235292
SUPER_24,6960000,92,10,11,113,45,47,26.904762
SUPER_24,6970000,147,9,15,171,75,72,7.875
SUPER_24,6980000,141,13,12,166,61,80,12.48
SUPER_24,6990000,157,8,20,185,72,85,21.642857
SUPER_24,7000000,64,2,9,75,37,27,4.6363635
SUPER_24,7010000,30,2,5,37,15,15,55.42857
SUPER_24,7020000,1,1,0,2,0,1,34
SUPER_24,7030000,2,0,1,3,1,1,1
SUPER_24,7040000,2,0,0,2,1,1,NaN
SUPER_24,7050000,62,8,7,77,29,33,55.2
SUPER_24,7060000,57,4,5,66,28,29,8.222222
SUPER_24,7070000,35,0,6,41,17,18,2.3333333
SUPER_24,7080000,107,6,9,122,42,65,9.866667
SUPER_24,7090000,138,12,11,161,70,68,5.347826
SUPER_24,7100000,140,9,7,156,71,69,2.8125
SUPER_24,7110000,0,0,0,0,0,0,0
SUPER_24,7120000,0,0,0,0,0,0,0
SUPER_24,7130000,0,0,0,0,0,0,0
SUPER_24,7140000,115,13,9,137,60,55,7.818182
SUPER_24,7150000,73,7,5,85,44,29,7.5
SUPER_24,7160000,111,11,5,127,55,56,5.25
SUPER_24,7170000,34,1,0,35,19,15,16
SUPER_24,7180000,17,3,1,21,10,7,4.25
SUPER_24,7190000,87,5,1,93,50,37,2.6666667
SUPER_24,7200000,31,3,4,38,18,13,1.2857143
SUPER_24,7210000,117,9,9,135,68,49,5.5
SUPER_24,7220000,12,2,1,15,7,5,18.333334
SUPER_24,7230000,58,7,7,72,32,26,2.4285715
SUPER_24,7240000,6,1,1,8,1,5,3
SUPER_24,7250000,4,1,0,5,1,3,2
SUPER_24,7260000,2,0,0,2,2,0,NaN
SUPER_24,7270000,37,5,3,45,21,16,2.75
SUPER_24,7280000,92,7,7,106,47,45,6.357143
SUPER_24,7290000,96,9,11,116,46,50,7.95
SUPER_24,7300000,0,0,0,0,0,0,0
SUPER_24,7310000,0,0,0,0,0,0,0
SUPER_24,7320000,5,0,1,6,2,3,2
SUPER_24,7330000,2,0,0,2,2,0,NaN
SUPER_24,7340000,0,0,0,0,0,0,0
SUPER_24,7350000,0,0,0,0,0,0,0
SUPER_24,7360000,103,10,5,118,62,41,11.133333
SUPER_24,7370000,4,2,0,6,1,3,5.5
SUPER_24,7380000,2,0,0,2,2,0,NaN
SUPER_24,7390000,3,0,0,3,2,1,NaN
SUPER_24,7400000,3,0,2,5,2,1,5.5
SUPER_24,7410000,2,0,0,2,1,1,NaN
SUPER_24,7420000,2,0,0,2,1,1,NaN
SUPER_24,7430000,109,11,18,138,56,53,5.827586
SUPER_24,7440000,12,4,2,18,7,5,2.3333333
SUPER_24,7450000,3,0,0,3,0,3,NaN
SUPER_24,7460000,3,0,0,3,3,0,NaN
SUPER_24,7470000,1,0,0,1,1,0,NaN
SUPER_24,7480000,16,1,2,19,6,10,3.6666667
SUPER_24,7490000,160,9,14,183,88,72,35.347828
SUPER_24,7500000,18,1,2,21,7,11,1.6666666
SUPER_24,7510000,82,5,6,93,44,38,7.5454545
SUPER_24,7520000,136,11,17,164,66,70,8.892858
SUPER_24,7530000,102,2,6,110,48,54,5.375
SUPER_24,7540000,92,4,10,106,51,41,4.571429
SUPER_24,7550000,90,8,7,105,52,38,8.066667
SUPER_24,7560000,115,11,7,133,65,50,5.111111
SUPER_24,7570000,127,7,6,140,64,63,9.461538
SUPER_24,7580000,53,7,3,63,31,22,2.1
SUPER_24,7590000,121,11,7,139,54,67,4
SUPER_24,7600000,66,6,5,77,31,35,38.363636
SUPER_24,7610000,189,16,8,213,84,105,4.1666665
SUPER_24,7620000,92,6,7,105,35,57,61.153847
SUPER_24,7630000,140,4,8,152,64,76,4.5833335
SUPER_24,7640000,138,10,10,158,65,73,7.3
SUPER_24,7650000,97,6,4,107,50,47,40.6
SUPER_24,7660000,84,5,5,94,44,40,3.6
SUPER_24,7670000,124,10,8,142,61,63,4.611111
SUPER_24,7680000,66,7,5,78,36,30,7.3333335
SUPER_24,7690000,3,1,0,4,3,0,2
SUPER_24,7700000,1,0,1,2,0,1,4
SUPER_24,7710000,1,0,0,1,0,1,NaN
SUPER_24,7720000,2,0,0,2,0,2,NaN
SUPER_24,7730000,0,0,0,0,0,0,0
SUPER_24,7740000,0,0,0,0,0,0,0
SUPER_24,7750000,35,1,2,38,10,25,4.3333335
SUPER_24,7760000,79,3,11,93,38,41,23.071428
SUPER_24,7770000,16,2,2,20,12,4,3.25
SUPER_24,7780000,106,10,7,123,62,44,3
SUPER_24,7790000,50,2,5,57,29,21,6.571429
SUPER_24,7800000,168,12,8,188,89,79,7.05
SUPER_24,7810000,155,6,15,176,65,90,6.6666665
SUPER_24,7820000,144,9,18,171,73,71,13.148149
SUPER_24,7830000,66,7,5,78,29,37,7.1666665
SUPER_24,7840000,0,0,1,1,0,0,6
SUPER_24,7850000,98,7,13,118,44,54,11.4
SUPER_24,7860000,178,8,18,204,87,91,9.192307
SUPER_24,7870000,74,9,3,86,45,29,7.0833335
SUPER_24,7880000,49,3,3,55,25,24,4.5
SUPER_24,7890000,22,4,2,28,10,12,15
SUPER_24,7900000,101,11,5,117,58,43,6.0625
SUPER_24,7910000,1,2,0,3,0,1,8.5
SUPER_24,7920000,14,3,2,19,5,9,5
SUPER_24,7930000,163,11,14,188,93,70,15.28
SUPER_24,7940000,210,16,9,235,118,92,8.44
SUPER_24,7950000,154,10,9,173,72,82,2.8421052
SUPER_24,7960000,134,6,10,150,77,57,3.25
SUPER_24,7970000,6,1,0,7,2,4,1
SUPER_24,7980000,62,9,6,77,27,35,7.2
SUPER_24,7990000,84,9,7,100,45,39,6.3125
SUPER_24,8000000,112,7,5,124,45,67,13.916667
SUPER_24,8010000,101,17,7,125,54,47,4.8333335
SUPER_24,8020000,169,12,11,192,83,86,7.173913
SUPER_24,8030000,78,4,8,90,39,39,5.3333335
SUPER_24,8040000,99,4,8,111,52,47,7.75
SUPER_24,8050000,114,8,7,129,61,53,8.2
SUPER_24,8060000,83,3,7,93,38,45,4.8
SUPER_24,8070000,159,13,8,180,97,62,23.428572
SUPER_24,8080000,55,4,4,63,26,29,10.875
SUPER_24,8090000,74,5,9,88,41,33,18.857143
SUPER_24,8100000,113,4,9,126,71,42,3.6153846
SUPER_24,8110000,116,7,7,130,61,55,3.7857144
SUPER_24,8120000,34,8,1,43,12,22,8.444445
SUPER_24,8130000,32,0,0,32,21,11,NaN
SUPER_24,8140000,17,1,1,19,10,7,3
SUPER_24,8150000,1,0,0,1,0,1,NaN
SUPER_24,8160000,12,1,1,14,5,7,6
SUPER_24,8170000,3,0,0,3,3,0,NaN
SUPER_24,8180000,0,0,0,0,0,0,0
SUPER_24,8190000,0,0,0,0,0,0,0
SUPER_24,8200000,4,0,0,4,2,2,NaN
SUPER_24,8210000,2,0,0,2,1,1,NaN
SUPER_24,8220000,7,0,2,9,2,5,2
SUPER_24,8230000,4,1,0,5,0,4,17
SUPER_24,8240000,38,1,2,41,17,21,2
SUPER_24,8250000,50,8,3,61,25,25,3.4545455
SUPER_24,8260000,17,1,2,20,13,4,88.333336
SUPER_24,8270000,6,2,0,8,0,6,4.5
SUPER_24,8280000,84,6,5,95,47,37,21.90909
SUPER_24,8290000,48,3,3,54,32,16,14.666667
SUPER_24,8300000,20,1,4,25,10,10,6
SUPER_24,8310000,1,4,0,5,0,1,4.25
SUPER_24,8320000,1,0,0,1,1,0,NaN
SUPER_24,8330000,17,2,0,19,13,4,5.5
SUPER_24,8340000,123,10,9,142,60,63,3.6842105
SUPER_24,8350000,160,19,8,187,85,75,9.296296
SUPER_24,8360000,133,9,10,152,64,69,3
SUPER_24,8370000,102,12,4,118,57,45,8.75
SUPER_24,8380000,114,7,9,130,67,47,61.375
SUPER_24,8390000,122,10,7,139,67,55,4.9411764
SUPER_24,8400000,113,14,6,133,46,67,12.35
SUPER_24,8410000,178,11,11,200,91,87,4.909091
SUPER_24,8420000,96,7,8,111,55,41,9.2
SUPER_24,8430000,14,0,0,14,3,11,NaN
SUPER_24,8440000,66,6,3,75,35,31,11.555555
SUPER_24,8450000,39,2,3,44,19,20,4.4
SUPER_24,8460000,136,5,16,157,56,80,9.428572
SUPER_24,8470000,109,12,10,131,59,50,36.68182
SUPER_24,8480000,124,5,8,137,67,57,31
SUPER_24,8490000,46,5,3,54,18,28,5.75
SUPER_24,8500000,37,5,4,46,23,14,32
SUPER_24,8510000,16,1,1,18,11,5,6.5
SUPER_24,8520000,55,6,3,64,29,26,8.555555
SUPER_24,8530000,144,9,10,163,80,64,4
SUPER_24,8540000,95,5,8,108,49,46,6.230769
SUPER_24,8550000,1,0,0,1,1,0,NaN
SUPER_24,8560000,1,0,0,1,1,0,NaN
SUPER_24,8570000,104,5,11,120,51,53,8.0625
SUPER_24,8580000,144,16,10,170,63,81,6.5
SUPER_24,8590000,102,9,10,121,56,46,42.57895
SUPER_24,8600000,29,5,4,38,15,14,30.11111
SUPER_24,8610000,25,3,3,31,14,11,2.8333333
SUPER_24,8620000,30,3,5,38,13,17,3.25
SUPER_24,8630000,93,3,9,105,42,51,7.4166665
SUPER_24,8640000,137,15,17,169,68,69,26.59375
SUPER_24,8650000,85,5,10,100,53,32,3.3333333
SUPER_24,8660000,41,5,3,49,22,19,2.375
SUPER_24,8670000,105,14,6,125,55,50,14.7
SUPER_24,8680000,79,6,3,88,46,33,11.111111
SUPER_24,8690000,15,1,0,16,8,7,2
SUPER_24,8700000,10,0,4,14,5,5,6.75
SUPER_24,8710000,76,4,4,84,31,45,9.25
SUPER_24,8720000,40,2,10,52,21,19,6.3333335
SUPER_24,8730000,75,6,2,83,32,43,5.625
SUPER_24,8740000,38,2,5,45,26,12,19
SUPER_24,8750000,5,1,1,7,2,3,10
SUPER_24,8760000,1,0,0,1,1,0,NaN
SUPER_24,8770000,2,1,0,3,1,1,1
SUPER_24,8780000,29,3,4,36,10,19,3.7142856
SUPER_24,8790000,145,9,15,169,69,76,16.041666
SUPER_24,8800000,46,2,3,51,29,17,10.2
SUPER_24,8810000,55,10,6,71,26,29,3.875
SUPER_24,8820000,51,8,4,63,31,20,15.5
SUPER_24,8830000,41,3,4,48,26,15,15.714286
SUPER_24,8840000,67,4,7,78,29,38,5.181818
SUPER_24,8850000,0,0,0,0,0,0,0
SUPER_24,8860000,0,0,0,0,0,0,0
SUPER_24,8870000,220,16,14,250,113,107,9.033334
SUPER_24,8880000,137,12,13,162,60,77,8.44
SUPER_24,8890000,56,3,6,65,27,29,10.444445
SUPER_24,8900000,17,2,1,20,9,8,7.6666665
SUPER_24,8910000,98,8,11,117,49,49,28.157894
SUPER_24,8920000,0,0,0,0,0,0,0
SUPER_24,8930000,0,0,0,0,0,0,0
SUPER_24,8940000,34,6,6,46,18,16,5
SUPER_24,8950000,67,7,9,83,30,37,9.9375
SUPER_24,8960000,70,5,1,76,28,42,20.666666
SUPER_24,8970000,2,0,0,2,1,1,NaN
SUPER_24,8980000,3,0,2,5,0,3,7.5
SUPER_24,8990000,16,3,1,20,8,8,5.25
SUPER_24,9000000,66,4,3,73,33,33,4.285714
SUPER_24,9010000,59,3,8,70,30,29,10.545455
SUPER_24,9020000,67,3,5,75,32,35,4.625
SUPER_24,9030000,131,11,3,145,65,66,3.4285715
SUPER_24,9040000,124,9,6,139,63,61,4.4666667
SUPER_24,9050000,22,1,2,25,10,12,4.3333335
SUPER_24,9060000,4,0,0,4,3,1,NaN
SUPER_24,9070000,6,0,1,7,4,2,1
SUPER_24,9080000,178,10,19,207,106,72,8.103448
SUPER_24,9090000,36,1,0,37,14,22,1
SUPER_24,9100000,31,3,1,35,16,15,46
SUPER_24,9110000,89,8,5,102,46,43,4.076923
SUPER_24,9120000,121,14,5,140,57,64,10.578947
SUPER_24,9130000,123,6,14,143,59,64,7.95
SUPER_24,9140000,110,16,13,139,71,39,5.586207
SUPER_24,9150000,45,2,5,52,22,23,4.714286
SUPER_24,9160000,54,3,2,59,30,24,7.6
SUPER_24,9170000,0,0,0,0,0,0,0
SUPER_24,9180000,0,0,0,0,0,0,0
SUPER_24,9190000,81,8,10,99,35,46,5
SUPER_24,9200000,94,4,7,105,49,45,2.6363637
SUPER_24,9210000,141,8,15,164,69,72,13.782609
SUPER_24,9220000,82,5,10,97,47,35,29.2
SUPER_24,9230000,166,14,15,195,91,75,7.137931
SUPER_24,9240000,26,0,3,29,17,9,1.3333334
SUPER_24,9250000,4,0,0,4,2,2,NaN
SUPER_24,9260000,62,8,4,74,31,31,18.75
SUPER_24,9270000,58,7,3,68,33,25,8.1
SUPER_24,9280000,79,5,5,89,35,44,52.3
SUPER_24,9290000,142,10,8,160,65,77,14.388889
SUPER_24,9300000,115,4,3,122,62,53,9.285714
SUPER_24,9310000,122,8,10,140,54,68,6.3333335
SUPER_24,9320000,91,9,6,106,55,36,2.9333334
SUPER_24,9330000,107,8,10,125,50,57,4.2777777
SUPER_24,9340000,3,2,0,5,1,2,4
SUPER_24,9350000,11,0,4,15,8,3,12.75
SUPER_24,9360000,76,5,5,86,34,42,4.8
SUPER_24,9370000,102,9,10,121,49,53,34.63158
SUPER_24,9380000,112,7,6,125,55,57,4.3846154
SUPER_24,9390000,86,1,6,93,40,46,65.28571
SUPER_24,9400000,99,8,3,110,47,52,9.909091
SUPER_24,9410000,72,10,9,91,42,30,9.947369
SUPER_24,9420000,183,10,23,216,83,100,5.212121
SUPER_24,9430000,38,0,3,41,18,20,2.6666667
SUPER_24,9440000,157,15,9,181,84,73,3
SUPER_24,9450000,119,8,14,141,51,68,23.136364
SUPER_24,9460000,108,7,6,121,46,62,13
SUPER_24,9470000,83,7,5,95,38,45,7.0833335
SUPER_24,9480000,140,12,14,166,79,61,11.846154
SUPER_24,9490000,95,4,9,108,47,48,35.384617
SUPER_24,9500000,98,14,9,121,46,52,16.608696
SUPER_24,9510000,59,2,5,66,31,28,35.285713
SUPER_24,9520000,34,1,3,38,14,20,2.75
SUPER_24,9530000,1,0,0,1,0,1,NaN
SUPER_24,9540000,5,1,1,7,3,2,24.5
SUPER_24,9550000,71,4,5,80,37,34,6.2222223
SUPER_24,9560000,98,4,4,106,62,36,1.75
SUPER_24,9570000,80,2,7,89,40,40,5.6666665
SUPER_24,9580000,72,5,7,84,35,37,48.666668
SUPER_24,9590000,10,2,1,13,5,5,2.3333333
SUPER_24,9600000,0,1,0,1,0,0,2
SUPER_24,9610000,2,0,0,2,0,2,NaN
SUPER_24,9620000,124,9,8,141,58,66,9.764706
SUPER_24,9630000,53,6,8,67,31,22,8.142858
SUPER_24,9640000,100,6,6,112,46,54,8.083333
SUPER_24,9650000,116,8,10,134,60,56,4.888889
SUPER_24,9660000,98,13,8,119,39,59,5.5238094
SUPER_24,9670000,106,8,6,120,48,58,7.285714
SUPER_24,9680000,46,3,4,53,21,25,3.7142856
SUPER_24,9690000,57,5,3,65,25,32,9.125
SUPER_24,9700000,115,8,12,135,60,55,9.5
SUPER_24,9710000,161,12,9,182,80,81,5.4761906
SUPER_24,9720000,151,15,13,179,83,68,7.107143
SUPER_24,9730000,90,12,4,106,33,57,8.0625
SUPER_24,9740000,45,5,6,56,26,19,4.090909
SUPER_24,9750000,56,7,1,64,36,20,17.25
SUPER_24,9760000,11,1,3,15,6,5,2
SUPER_24,9770000,19,2,0,21,10,9,4.5
SUPER_24,9780000,2,2,0,4,1,1,2.5
SUPER_24,9790000,4,0,1,5,3,1,1
SUPER_24,9800000,25,2,3,30,12,13,8.4
SUPER_24,9810000,55,3,5,63,37,18,11.125
SUPER_24,9820000,96,10,9,115,42,54,9.368421
SUPER_24,9830000,92,3,4,99,38,54,11.857142
SUPER_24,9840000,54,7,3,64,21,33,9
SUPER_24,9850000,13,0,1,14,7,6,2
SUPER_24,9860000,42,5,2,49,19,23,1.4285715
SUPER_24,9870000,86,7,9,102,47,39,5.125
SUPER_24,9880000,123,6,10,139,66,57,6.0625
SUPER_24,9890000,22,1,2,25,14,8,1.6666666
SUPER_24,9900000,80,4,10,94,38,42,4.428571
SUPER_24,9910000,148,9,12,169,67,81,16.666666
SUPER_24,9920000,93,4,8,105,47,46,9.666667
SUPER_24,9930000,31,1,1,33,20,11,1.5
SUPER_24,9940000,47,1,4,52,31,16,4.2
SUPER_24,9950000,78,6,3,87,41,37,6.2222223
SUPER_24,9960000,2,0,1,3,1,1,3
SUPER_24,9970000,2,0,0,2,2,0,NaN
SUPER_24,9980000,1,1,0,2,1,0,8
SUPER_24,9990000,2,0,1,3,1,1,1
SUPER_24,10000000,2,0,0,2,1,1,NaN
SUPER_24,10010000,3,0,1,4,2,1,2
SUPER_24,10020000,1,0,0,1,0,1,NaN
SUPER_24,10030000,1,0,0,1,1,0,NaN
SUPER_24,10040000,5,1,0,6,3,2,2
SUPER_24,10050000,0,0,0,0,0,0,0
SUPER_24,10060000,0,0,0,0,0,0,0
SUPER_24,10070000,25,4,3,32,18,7,25.714285
SUPER_24,10080000,64,3,4,71,38,26,2.7142856
SUPER_24,10090000,31,3,3,37,22,9,5.5
SUPER_24,10100000,106,8,8,122,56,50,7.25
SUPER_24,10110000,116,5,8,129,71,45,2.5384614
SUPER_24,10120000,79,4,5,88,36,43,5.888889
SUPER_24,10130000,59,3,3,65,24,35,3.5
SUPER_24,10140000,133,13,9,155,54,79,3.3636363
SUPER_24,10150000,4,0,0,4,2,2,NaN
SUPER_24,10160000,1,6,4,11,0,1,1
SUPER_24,10170000,9,1,0,10,6,3,2
SUPER_24,10180000,50,4,5,59,24,26,6.6666665
SUPER_24,10190000,1,1,0,2,0,1,9
SUPER_24,10200000,0,0,0,0,0,0,0
SUPER_24,10210000,0,0,0,0,0,0,0
SUPER_24,10220000,35,2,4,41,16,19,6.3333335
SUPER_24,10230000,110,5,6,121,57,53,6.3636365
SUPER_24,10240000,138,9,13,160,71,67,6.2727275
SUPER_24,10250000,79,7,6,92,50,29,7.6923075
SUPER_24,10260000,121,4,8,133,58,63,8.416667
SUPER_24,10270000,50,6,2,58,21,29,10.625
SUPER_24,10280000,71,4,6,81,40,31,10.6
SUPER_24,10290000,135,10,11,156,56,79,3.857143
SUPER_24,10300000,54,3,4,61,27,27,6.714286
SUPER_24,10310000,3,0,0,3,0,3,NaN
SUPER_24,10320000,5,0,0,5,2,3,NaN
SUPER_24,10330000,4,1,1,6,3,1,5.5
SUPER_24,10340000,1,1,0,2,0,1,2
SUPER_24,10350000,14,1,2,17,7,7,1.6666666
SUPER_24,10360000,65,5,3,73,35,30,5.75
SUPER_24,10370000,10,1,1,12,4,6,2.5
SUPER_24,10380000,3,0,0,3,1,2,NaN
SUPER_24,10390000,9,2,2,13,2,7,4
SUPER_24,10400000,59,4,3,66,28,31,2.857143
SUPER_24,10410000,84,6,7,97,37,47,1.9230769
SUPER_24,10420000,22,4,2,28,8,14,5.3333335
SUPER_24,10430000,2,0,0,2,1,1,NaN
SUPER_24,10440000,1,0,0,1,1,0,NaN
SUPER_24,10450000,1,0,0,1,0,1,NaN
SUPER_24,10460000,0,0,0,0,0,0,0
SUPER_24,10470000,0,0,0,0,0,0,0
SUPER_24,10480000,83,3,7,93,48,35,8.8
SUPER_24,10490000,61,6,9,76,28,33,3.0666666
SUPER_24,10500000,117,7,4,128,46,71,7.090909
SUPER_24,10510000,176,13,14,203,84,92,3.8148148
SUPER_24,10520000,166,10,9,185,90,76,7.3157897
SUPER_24,10530000,42,4,5,51,26,16,7
SUPER_24,10540000,0,0,0,0,0,0,0
SUPER_24,10550000,0,0,0,0,0,0,0
SUPER_24,10560000,6,0,1,7,2,4,8
SUPER_24,10570000,3,0,1,4,1,2,8
SUPER_24,10580000,9,1,2,12,5,4,3.6666667
SUPER_24,10590000,1,1,0,2,1,0,4
SUPER_24,10600000,3,0,1,4,2,1,8
SUPER_24,10610000,2,0,1,3,2,0,10
SUPER_24,10620000,86,9,6,101,50,36,11.066667
SUPER_24,10630000,8,2,0,10,1,7,3.5
SUPER_24,10640000,4,1,2,7,4,0,7.6666665
SUPER_24,10650000,0,0,1,1,0,0,40
SUPER_24,10660000,8,0,0,8,4,4,NaN
SUPER_24,10670000,43,3,5,51,24,19,26.5
SUPER_24,10680000,14,0,3,17,6,8,2
SUPER_24,10690000,110,12,4,126,56,54,8.875
SUPER_24,10700000,157,13,9,179,73,84,7.5
SUPER_24,10710000,132,8,4,144,65,67,7.3333335
SUPER_24,10720000,89,13,6,108,47,42,3.7368422
SUPER_24,10730000,58,6,1,65,35,23,5.285714
SUPER_24,10740000,0,0,0,0,0,0,0
SUPER_24,10750000,0,0,0,0,0,0,0
SUPER_24,10760000,54,4,3,61,28,26,3.2857144
SUPER_24,10770000,64,6,9,79,31,33,2.8
SUPER_24,10780000,116,10,9,135,53,63,11.894737
SUPER_24,10790000,129,13,10,152,66,63,3.6956522
SUPER_24,10800000,0,0,0,0,0,0,0
SUPER_24,10810000,0,0,0,0,0,0,0
SUPER_24,10820000,92,9,7,108,35,57,18.8125
SUPER_24,10830000,119,8,10,137,62,57,13.444445
SUPER_24,10840000,130,6,7,143,63,67,5.6923075
SUPER_24,10850000,81,5,6,92,38,43,4.818182
SUPER_24,10860000,83,4,3,90,46,37,1.8571428
SUPER_24,10870000,222,16,12,250,107,115,6.214286
SUPER_24,10880000,120,5,8,133,56,64,2.1538463
SUPER_24,10890000,114,8,4,126,55,59,7.5
SUPER_24,10900000,163,16,7,186,75,88,8.043478
SUPER_24,10910000,0,0,0,0,0,0,0
SUPER_24,10920000,0,0,0,0,0,0,0
SUPER_24,10930000,91,5,4,100,38,53,9.333333
SUPER_24,10940000,2,1,0,3,0,2,1
SUPER_24,10950000,1,0,0,1,1,0,NaN
SUPER_24,10960000,1,0,0,1,0,1,NaN
SUPER_24,10970000,66,4,8,78,42,24,7.25
SUPER_24,10980000,1,1,1,3,1,0,4.5
SUPER_24,10990000,18,0,2,20,7,11,2
SUPER_24,11000000,4,0,0,4,1,3,NaN
SUPER_24,11010000,0,0,0,0,0,0,0
SUPER_24,11020000,0,0,0,0,0,0,0
SUPER_24,11030000,43,5,4,52,21,22,5.6666665
SUPER_24,11040000,12,0,0,12,4,8,NaN
SUPER_24,11050000,144,8,6,158,79,65,62.785713
SUPER_24,11060000,151,4,15,170,83,68,6.9473686
SUPER_24,11070000,157,9,10,176,69,88,8.473684
SUPER_24,11080000,151,16,8,175,83,68,6.7916665
SUPER_24,11090000,139,13,11,163,75,64,4.625
SUPER_24,11100000,144,10,15,169,71,73,15.96
SUPER_24,11110000,113,8,10,131,55,58,6.4444447
SUPER_24,11120000,59,4,3,66,33,26,2.4285715
SUPER_24,11130000,7,1,0,8,5,2,11
SUPER_24,11140000,1,0,0,1,0,1,NaN
SUPER_24,11150000,2,0,0,2,1,1,NaN
SUPER_24,11160000,3,0,0,3,1,2,NaN
SUPER_24,11170000,36,2,3,41,22,14,1.8
SUPER_24,11180000,69,6,8,83,35,34,3.0714285
SUPER_24,11190000,37,3,4,44,16,21,1.8571428
SUPER_24,11200000,68,5,3,76,38,30,4.875
SUPER_24,11210000,55,10,3,68,27,28,22.307692
SUPER_24,11220000,4,0,0,4,2,2,NaN
SUPER_24,11230000,0,4,0,4,0,0,1.75
SUPER_24,11240000,112,10,7,129,46,66,4.352941
SUPER_24,11250000,124,13,12,149,64,60,5.56
SUPER_24,11260000,40,1,1,42,18,22,4.5
SUPER_24,11270000,42,6,4,52,25,17,35.8
SUPER_24,11280000,36,2,2,40,24,12,62.5
SUPER_24,11290000,121,8,9,138,60,61,6.7058825
SUPER_24,11300000,47,3,2,52,30,17,16
SUPER_24,11310000,65,8,3,76,32,33,7.909091
SUPER_24,11320000,148,10,4,162,79,69,4.785714
SUPER_24,11330000,62,2,3,67,39,23,2.6
SUPER_24,11340000,69,8,8,85,35,34,16.625
SUPER_24,11350000,105,9,13,127,52,53,13.727273
SUPER_24,11360000,144,8,13,165,78,66,6.952381
SUPER_24,11370000,68,2,7,77,34,34,4.888889
SUPER_24,11380000,44,3,1,48,23,21,80.5
SUPER_24,11390000,27,4,1,32,12,15,6.8
SUPER_24,11400000,115,8,9,132,57,58,7.2941175
SUPER_24,11410000,67,6,1,74,33,34,12.857142
SUPER_24,11420000,170,17,15,202,96,74,26.375
SUPER_24,11430000,85,9,6,100,50,35,34.933334
SUPER_24,11440000,126,12,15,153,72,54,6.2222223
SUPER_24,11450000,124,8,9,141,70,54,10.470589
SUPER_24,11460000,7,0,1,8,3,4,10
SUPER_24,11470000,101,4,9,114,56,45,9.384615
SUPER_24,11480000,6,1,0,7,3,3,1
SUPER_24,11490000,1,0,0,1,1,0,NaN
SUPER_24,11500000,13,1,2,16,8,5,11
SUPER_24,11510000,26,1,1,28,15,11,4
SUPER_24,11520000,2,2,0,4,0,2,43
SUPER_24,11530000,1,0,0,1,1,0,NaN
SUPER_24,11540000,73,13,11,97,36,37,8.208333
SUPER_24,11550000,94,8,10,112,54,40,3.1111112
SUPER_24,11560000,161,8,18,187,79,82,4.3461537
SUPER_24,11570000,0,0,0,0,0,0,0
SUPER_24,11580000,0,0,0,0,0,0,0
SUPER_24,11590000,3,2,0,5,2,1,3
SUPER_24,11600000,81,9,10,100,42,39,12.052631
SUPER_24,11610000,65,6,5,76,36,29,6.3636365
SUPER_24,11620000,24,1,0,25,15,9,1
SUPER_24,11630000,73,4,5,82,33,40,32.11111
SUPER_24,11640000,70,4,8,82,41,29,4.75
SUPER_24,11650000,165,12,15,192,90,75,7.6296296
SUPER_24,11660000,82,5,11,98,41,41,9.125
SUPER_24,11670000,0,0,0,0,0,0,0
SUPER_24,11680000,0,0,0,0,0,0,0
SUPER_24,11690000,0,0,0,0,0,0,0
SUPER_24,11700000,4,1,0,5,2,2,2
SUPER_24,11710000,2,0,0,2,2,0,NaN
SUPER_24,11720000,1,0,0,1,0,1,NaN
SUPER_24,11730000,16,3,3,22,5,11,2.1666667
SUPER_24,11740000,90,4,7,101,51,39,8.636364
SUPER_24,11750000,57,3,2,62,31,26,98.6
SUPER_24,11760000,18,4,1,23,7,11,2.8
SUPER_24,11770000,81,9,4,94,40,41,6
SUPER_24,11780000,51,5,7,63,33,18,44.083332
SUPER_24,11790000,70,4,7,81,45,25,3.7272727
SUPER_24,11800000,12,4,4,20,2,10,2.375
SUPER_24,11810000,67,8,5,80,29,38,3.6153846
SUPER_24,11820000,8,1,1,10,6,2,146.5
SUPER_24,11830000,34,1,2,37,15,19,3
SUPER_24,11840000,59,2,9,70,27,32,3.090909
SUPER_24,11850000,33,0,2,35,18,15,200
SUPER_24,11860000,69,3,7,79,35,34,5.9
SUPER_24,11870000,37,2,2,41,18,19,7.5
SUPER_24,11880000,1,0,0,1,0,1,NaN
SUPER_24,11890000,2,0,0,2,0,2,NaN
SUPER_24,11900000,4,0,1,5,3,1,1
SUPER_24,11910000,1,0,0,1,1,0,NaN
SUPER_24,11920000,3,0,1,4,1,2,1
SUPER_24,11930000,2,0,0,2,2,0,NaN
SUPER_24,11940000,8,0,2,10,3,5,3
SUPER_24,11950000,158,20,15,193,77,81,14.742857
SUPER_24,11960000,25,2,0,27,10,15,3
SUPER_24,11970000,131,14,9,154,67,64,5.7391305
SUPER_24,11980000,140,16,12,168,69,71,5.107143
SUPER_24,11990000,79,3,10,92,29,50,14.384615
SUPER_24,12000000,68,6,10,84,24,44,20.125
SUPER_24,12010000,120,11,14,145,54,66,4.64
SUPER_24,12020000,173,22,13,208,85,88,6.0285716
SUPER_24,12030000,64,5,4,73,32,32,5.7777777
SUPER_24,12040000,111,11,11,133,57,54,5.818182
SUPER_24,12050000,133,13,4,150,69,64,5.882353
SUPER_24,12060000,48,4,4,56,28,20,4.75
SUPER_24,12070000,138,7,12,157,72,66,5.1578946
SUPER_24,12080000,33,4,3,40,20,13,4
SUPER_24,12090000,148,11,10,169,67,81,12
SUPER_24,12100000,176,16,8,200,75,101,5.5833335
SUPER_24,12110000,88,4,4,96,39,49,61.5
SUPER_24,12120000,109,15,10,134,56,53,23.4
SUPER_24,12130000,45,5,6,56,26,19,1.8181819
SUPER_24,12140000,87,5,7,99,44,43,3.9166667
SUPER_24,12150000,30,4,6,40,19,11,6.2
SUPER_24,12160000,2,0,0,2,2,0,NaN
SUPER_24,12170000,2,1,1,4,0,2,1
SUPER_24,12180000,87,4,5,96,47,40,3.2222223
SUPER_24,12190000,121,9,13,143,50,71,13.454545
SUPER_24,12200000,110,10,13,133,53,57,4.3913045
SUPER_24,12210000,150,11,10,171,87,63,9.428572
SUPER_24,12220000,56,1,3,60,28,28,14.75
SUPER_24,12230000,3,0,1,4,2,1,2
SUPER_24,12240000,0,0,0,0,0,0,0
SUPER_24,12250000,0,0,0,0,0,0,0
SUPER_24,12260000,36,5,11,52,18,18,10.375
SUPER_24,12270000,2,0,1,3,2,0,2
SUPER_24,12280000,0,1,0,1,0,0,1
SUPER_24,12290000,40,1,5,46,22,18,3.1666667
SUPER_24,12300000,1,1,0,2,0,1,19
SUPER_24,12310000,47,1,8,56,26,21,3.6666667
SUPER_24,12320000,2,0,1,3,1,1,1
SUPER_24,12330000,6,0,0,6,1,5,NaN
SUPER_24,12340000,88,2,11,101,48,40,7.1538463
SUPER_24,12350000,110,11,9,130,51,59,8.6
SUPER_24,12360000,113,5,6,124,65,48,2.909091
SUPER_24,12370000,120,14,6,140,50,70,3.9
SUPER_24,12380000,159,11,11,181,82,77,10.590909
SUPER_24,12390000,179,13,13,205,83,96,6.423077
SUPER_24,12400000,74,6,6,86,36,38,5.0833335
SUPER_24,12410000,18,1,1,20,6,12,1
SUPER_24,12420000,2,0,1,3,0,2,4
SUPER_24,12430000,125,10,11,146,61,64,16.904762
SUPER_24,12440000,179,10,6,195,83,96,4.25
SUPER_24,12450000,143,10,9,162,65,78,7.0526314
SUPER_24,12460000,77,5,9,91,29,48,6.428571
SUPER_24,12470000,103,9,6,118,54,49,10.333333
SUPER_24,12480000,107,8,16,131,52,55,4.75
SUPER_24,12490000,95,6,7,108,46,49,3
SUPER_24,12500000,109,6,5,120,52,57,12.181818
SUPER_24,12510000,84,9,1,94,47,37,3.9
SUPER_24,12520000,166,8,8,182,92,74,1.8125
SUPER_24,12530000,242,13,18,273,118,124,12.387096
SUPER_24,12540000,92,11,4,107,43,49,4.733333
SUPER_24,12550000,53,2,9,64,25,28,9.818182
SUPER_24,12560000,81,5,5,91,32,49,7.9
SUPER_24,12570000,141,7,10,158,66,75,47.17647
SUPER_24,12580000,106,12,9,127,47,59,42.52381
SUPER_24,12590000,193,11,11,215,96,97,4.681818
SUPER_24,12600000,127,7,20,154,62,65,34.407406
SUPER_24,12610000,176,13,16,205,91,85,11.965517
SUPER_24,12620000,58,2,5,65,29,29,6.428571
SUPER_24,12630000,61,6,5,72,29,32,4.818182
SUPER_24,12640000,171,13,9,193,88,83,4.0454545
SUPER_24,12650000,8,0,1,9,5,3,2
SUPER_24,12660000,79,9,4,92,30,49,4.4615383
SUPER_24,12670000,158,13,6,177,74,84,9.578947
SUPER_24,12680000,82,8,4,94,43,39,6.1666665
SUPER_24,12690000,92,8,10,110,42,50,11.277778
SUPER_24,12700000,56,2,7,65,30,26,4.5555553
SUPER_24,12710000,2,0,0,2,1,1,NaN
SUPER_24,12720000,106,13,7,126,50,56,7.25
SUPER_24,12730000,36,2,4,42,15,21,5.6666665
SUPER_24,12740000,84,8,3,95,46,38,13.909091
SUPER_24,12750000,5,1,1,7,3,2,1.5
SUPER_24,12760000,146,8,15,169,69,77,11.521739
SUPER_24,12770000,4,1,2,7,0,4,1.3333334
SUPER_24,12780000,4,0,0,4,2,2,NaN
SUPER_24,12790000,4,0,0,4,3,1,NaN
SUPER_24,12800000,61,7,4,72,32,29,6.2727275
SUPER_24,12810000,105,7,8,120,53,52,19.6
SUPER_24,12820000,218,18,11,247,113,105,7.9310346
SUPER_24,12830000,78,11,7,96,38,40,5.388889
SUPER_24,12840000,25,2,3,30,10,15,3.4
SUPER_24,12850000,118,10,8,136,69,49,5.388889
SUPER_24,12860000,2,0,0,2,2,0,NaN
SUPER_24,12870000,2,1,1,4,1,1,4.5
SUPER_24,12880000,2,0,0,2,1,1,NaN
SUPER_24,12890000,50,5,2,57,25,25,6.428571
SUPER_24,12900000,142,9,8,159,72,70,5.9411764
SUPER_24,12910000,61,5,6,72,33,28,4
SUPER_24,12920000,61,5,2,68,28,33,5.571429
SUPER_24,12930000,151,7,8,166,65,86,11.266666
SUPER_24,12940000,56,7,5,68,30,26,7.75
SUPER_24,12950000,111,9,13,133,61,50,4.8636365
SUPER_24,12960000,102,9,8,119,55,47,6.352941
SUPER_24,12970000,110,9,12,131,67,43,23.333334
SUPER_24,12980000,155,13,7,175,77,78,6.15
SUPER_24,12990000,137,10,8,155,69,68,19.333334
SUPER_24,13000000,140,6,11,157,72,68,13.117647
SUPER_24,13010000,133,14,5,152,67,66,6.105263
SUPER_24,13020000,90,6,6,102,42,48,6.3333335
SUPER_24,13030000,75,6,4,85,41,34,4
SUPER_24,13040000,11,0,1,12,8,3,4
SUPER_24,13050000,52,8,4,64,20,32,4.25
SUPER_24,13060000,2,0,1,3,1,1,1
SUPER_24,13070000,3,1,1,5,1,1,4
SUPER_24,13080000,1,0,1,2,0,1,8
SUPER_24,13090000,12,1,2,15,10,2,1.3333334
SUPER_24,13100000,171,11,10,192,82,89,8.380953
SUPER_24,13110000,16,3,4,23,4,12,45.42857
SUPER_24,13120000,84,7,4,95,42,42,7.181818
SUPER_24,13130000,127,10,11,148,67,60,6.8095236
SUPER_24,13140000,83,3,9,95,46,37,138.5
SUPER_24,13150000,117,6,4,127,69,48,2.9
SUPER_24,13160000,139,10,10,159,65,74,6.45
SUPER_24,13170000,172,10,14,196,92,80,12.375
SUPER_24,13180000,173,6,11,190,84,89,6.2941175
SUPER_24,13190000,48,1,4,53,24,24,2
SUPER_24,13200000,120,13,11,144,55,65,13.75
SUPER_24,13210000,2,0,1,3,2,0,7
SUPER_24,13220000,0,1,0,1,0,0,22
SUPER_24,13230000,15,2,1,18,11,4,6
SUPER_24,13240000,61,7,7,75,30,31,7.857143
SUPER_24,13250000,55,3,2,60,30,25,6.6
SUPER_24,13260000,65,2,4,71,28,37,7.3333335
SUPER_24,13270000,106,7,4,117,52,54,3.8181818
SUPER_24,13280000,60,2,2,64,23,37,41
SUPER_24,13290000,109,8,3,120,55,54,5.2727275
SUPER_24,13300000,90,6,9,105,36,54,6.9333334
SUPER_24,13310000,155,10,19,184,74,81,8.793103
SUPER_24,13320000,187,18,19,224,93,94,5.324324
SUPER_24,13330000,184,8,14,206,76,108,5.090909
SUPER_24,13340000,96,11,9,116,43,53,22
SUPER_24,13350000,21,1,4,26,11,10,3.4
SUPER_24,13360000,148,9,16,173,75,73,14.16
SUPER_24,13370000,71,3,2,76,39,32,1.8
SUPER_24,13380000,1,1,0,2,0,1,1
SUPER_24,13390000,4,1,0,5,3,1,9
SUPER_24,13400000,1,0,0,1,1,0,NaN
SUPER_24,13410000,9,0,0,9,5,4,NaN
SUPER_24,13420000,159,16,14,189,77,82,8.466666
SUPER_24,13430000,76,5,3,84,42,34,9.375
SUPER_24,13440000,172,10,15,197,104,68,8
SUPER_24,13450000,73,3,3,79,42,31,29
SUPER_24,13460000,60,2,3,65,40,20,3.2
SUPER_24,13470000,153,8,9,170,87,66,3.8823528
SUPER_24,13480000,100,10,15,125,48,52,4.88
SUPER_24,13490000,155,13,20,188,75,80,7.121212
SUPER_24,13500000,140,9,6,155,79,61,13.466666
SUPER_24,13510000,116,2,5,123,57,59,10.857142
SUPER_24,13520000,95,9,13,117,46,49,23.318182
SUPER_24,13530000,17,1,1,19,7,10,1.5
SUPER_24,13540000,101,6,3,110,50,51,7.888889
SUPER_24,13550000,94,10,10,114,53,41,15.7
SUPER_24,13560000,50,3,4,57,25,25,6.428571
SUPER_24,13570000,55,3,7,65,31,24,4.7
SUPER_24,13580000,137,11,4,152,60,77,5.4666667
SUPER_24,13590000,118,10,12,140,54,64,7.590909
SUPER_24,13600000,65,5,6,76,28,37,2.3636363
SUPER_24,13610000,31,4,4,39,18,13,3.875
SUPER_24,13620000,111,6,6,123,52,59,3.5833333
SUPER_24,13630000,57,3,7,67,28,29,3.9
SUPER_24,13640000,21,0,2,23,12,9,2.5
SUPER_24,13650000,3,0,0,3,1,2,NaN
SUPER_24,13660000,3,1,0,4,1,2,1
SUPER_24,13670000,49,4,4,57,23,26,23.25
SUPER_24,13680000,15,2,0,17,10,5,2.5
SUPER_24,13690000,40,5,4,49,17,23,7.2222223
SUPER_24,13700000,62,3,4,69,34,28,3.5714285
SUPER_24,13710000,140,10,7,157,67,73,9.411765
SUPER_24,13720000,25,6,1,32,10,15,7.571429
SUPER_24,13730000,13,2,0,15,8,5,2
SUPER_24,13740000,6,0,0,6,2,4,NaN
SUPER_24,13750000,149,11,11,171,70,79,5.7272725
SUPER_24,13760000,76,2,1,79,49,27,13.666667
SUPER_24,13770000,53,6,5,64,30,23,4.090909
SUPER_24,13780000,1,0,0,1,0,1,NaN
SUPER_24,13790000,2,0,0,2,2,0,NaN
SUPER_24,13800000,4,0,1,5,3,1,1
SUPER_24,13810000,9,0,0,9,4,5,NaN
SUPER_24,13820000,74,7,3,84,43,31,9.3
SUPER_24,13830000,102,6,9,117,51,51,8.066667
SUPER_24,13840000,116,9,5,130,63,53,9.142858
SUPER_24,13850000,113,14,15,142,59,54,13.448276
SUPER_24,13860000,89,9,11,109,52,37,28.35
SUPER_24,13870000,142,10,6,158,70,72,6.125
SUPER_24,13880000,166,11,16,193,68,98,16.25926
SUPER_24,13890000,160,16,16,192,95,65,9.875
SUPER_24,13900000,101,10,4,115,42,59,4.357143
SUPER_24,13910000,12,1,0,13,10,2,1
SUPER_24,13920000,116,8,14,138,56,60,26.636364
SUPER_24,13930000,63,4,5,72,36,27,6.3333335
SUPER_24,13940000,105,6,11,122,42,63,13.411765
SUPER_24,13950000,145,12,13,170,74,71,5.6
SUPER_24,13960000,172,9,18,199,81,91,5.185185
SUPER_24,13970000,109,8,8,125,48,61,9.125
SUPER_24,13980000,170,6,11,187,86,84,12.117647
SUPER_24,13990000,158,12,13,183,80,78,6.12
SUPER_24,14000000,113,9,12,134,58,55,8.380953
SUPER_24,14010000,18,3,5,26,7,11,5.625
SUPER_24,14020000,1,1,0,2,1,0,1
SUPER_24,14030000,1,2,0,3,0,1,3.5
SUPER_24,14040000,2,0,0,2,2,0,NaN
SUPER_24,14050000,16,3,2,21,9,7,3.2
SUPER_24,14060000,86,7,9,102,55,31,5
SUPER_24,14070000,10,1,1,12,7,3,1
SUPER_24,14080000,68,10,4,82,38,30,3.5
SUPER_24,14090000,230,18,6,254,111,119,4.7916665
SUPER_24,14100000,91,4,7,102,47,44,9.454545
SUPER_24,14110000,95,3,9,107,42,53,3.4166667
SUPER_24,14120000,1,0,0,1,0,1,NaN
SUPER_24,14130000,27,6,4,37,10,17,6.1
SUPER_24,14140000,51,6,10,67,29,22,4.3125
SUPER_24,14150000,69,3,8,80,32,37,14.545455
SUPER_24,14160000,48,2,2,52,26,22,1.25
SUPER_24,14170000,19,2,2,23,11,8,5.5
SUPER_24,14180000,0,0,0,0,0,0,0
SUPER_24,14190000,0,0,0,0,0,0,0
SUPER_24,14200000,3,0,0,3,1,2,NaN
SUPER_24,14210000,1,0,2,3,1,0,3.5
SUPER_24,14220000,61,3,6,70,29,32,4
SUPER_24,14230000,70,2,9,81,35,35,45.090908
SUPER_24,14240000,134,13,9,156,72,62,4.818182
SUPER_24,14250000,38,1,2,41,16,22,21
SUPER_24,14260000,39,0,1,40,22,17,4
SUPER_24,14270000,114,9,5,128,63,51,6.357143
SUPER_24,14280000,128,8,11,147,73,55,16.421053
SUPER_24,14290000,93,5,7,105,56,37,9.083333
SUPER_24,14300000,32,0,2,34,16,16,24.5
SUPER_24,14310000,72,9,8,89,42,30,15
SUPER_24,14320000,23,3,2,28,14,9,2.6
SUPER_24,14330000,113,6,16,135,65,48,16.681818
SUPER_24,14340000,119,10,12,141,62,57,10.818182
SUPER_24,14350000,21,1,2,24,9,12,22.333334
SUPER_24,14360000,88,4,6,98,55,33,18
SUPER_24,14370000,140,12,7,159,74,66,4.2105265
SUPER_24,14380000,118,9,3,130,74,44,12.25
SUPER_24,14390000,89,4,4,97,48,41,4.25
SUPER_24,14400000,152,11,9,172,75,77,4.65
SUPER_24,14410000,128,5,9,142,59,69,3.142857
SUPER_24,14420000,126,12,10,148,66,60,3.5
SUPER_24,14430000,15,0,2,17,10,5,1
SUPER_24,14440000,115,11,10,136,65,50,13.428572
SUPER_24,14450000,113,7,8,128,56,57,3.0666666
SUPER_24,14460000,96,5,3,104,49,47,127.625
SUPER_24,14470000,76,10,5,91,37,39,4.8
SUPER_24,14480000,1,0,0,1,1,0,NaN
SUPER_24,14490000,5,1,1,7,2,3,3.5
SUPER_24,14500000,116,11,9,136,67,49,5.3
SUPER_24,14510000,161,11,13,185,99,62,34.375
SUPER_24,14520000,141,8,5,154,77,64,6.6923075
SUPER_24,14530000,57,4,3,64,29,28,1.8571428
SUPER_24,14540000,155,10,11,176,92,63,5.6666665
SUPER_24,14550000,15,0,0,15,7,8,NaN
SUPER_24,14560000,3,0,0,3,2,1,NaN
SUPER_24,14570000,13,0,1,14,6,7,1
SUPER_24,14580000,1,0,0,1,1,0,NaN
SUPER_24,14590000,9,3,1,13,3,6,3.5
SUPER_24,14600000,0,0,0,0,0,0,0
SUPER_24,14610000,0,0,0,0,0,0,0
SUPER_24,14620000,81,7,6,94,44,37,5.6923075
SUPER_24,14630000,194,8,7,209,114,80,6.6666665
SUPER_24,14640000,209,15,22,246,116,93,7.324324
SUPER_24,14650000,116,6,11,133,70,46,9.882353
SUPER_24,14660000,61,4,4,69,31,30,3.5
SUPER_24,14670000,115,7,10,132,61,54,12.823529
SUPER_24,14680000,144,10,10,164,75,69,5.45
SUPER_24,14690000,37,1,4,42,14,23,6.4
SUPER_24,14700000,175,7,18,200,80,95,17.36
SUPER_24,14710000,94,6,9,109,49,45,5.4
SUPER_24,14720000,153,13,6,172,69,84,4.3157897
SUPER_24,14730000,110,7,9,126,49,61,5.9375
SUPER_24,14740000,119,9,10,138,43,76,11.473684
SUPER_24,14750000,118,2,9,129,57,61,5.7272725
SUPER_24,14760000,4,0,1,5,3,1,1
SUPER_24,14770000,2,0,0,2,1,1,NaN
SUPER_24,14780000,1,0,0,1,1,0,NaN
SUPER_24,14790000,3,1,0,4,1,2,10
SUPER_24,14800000,128,6,14,148,63,65,9.7
SUPER_24,14810000,174,10,15,199,95,79,8.72
SUPER_24,14820000,42,5,3,50,18,24,108.625
SUPER_24,14830000,64,6,6,76,32,32,2.5833333
SUPER_24,14840000,82,3,6,91,37,45,13.222222
SUPER_24,14850000,39,2,3,44,18,21,5
SUPER_24,14860000,4,0,0,4,1,3,NaN
SUPER_24,14870000,3,0,0,3,2,1,NaN
SUPER_24,14880000,3,1,0,4,3,0,2
SUPER_24,14890000,2,1,0,3,0,2,1
SUPER_24,14900000,2,0,0,2,0,2,NaN
SUPER_24,14910000,1,0,0,1,1,0,NaN
SUPER_24,14920000,6,0,0,6,3,3,NaN
SUPER_24,14930000,1,0,0,1,0,1,NaN
SUPER_24,14940000,56,5,7,68,29,27,21.25
SUPER_24,14950000,80,9,9,98,46,34,3.7777777
SUPER_24,14960000,75,7,8,90,36,39,7.4
SUPER_24,14970000,106,10,12,128,52,54,6.409091
SUPER_24,14980000,21,2,1,24,7,14,4
SUPER_24,14990000,39,4,1,44,28,11,7.2
SUPER_24,15000000,197,12,12,221,97,100,3.9166667
SUPER_24,15010000,97,6,8,111,54,43,9.285714
SUPER_24,15020000,73,2,10,85,33,40,4.9166665
SUPER_24,15030000,9,1,0,10,4,5,6
SUPER_24,15040000,57,4,7,68,31,26,23.545454
SUPER_24,15050000,109,4,5,118,66,43,5.3333335
SUPER_24,15060000,51,1,3,55,32,19,3.5
SUPER_24,15070000,60,5,0,65,32,28,3
SUPER_24,15080000,17,2,1,20,13,4,14.666667
SUPER_24,15090000,84,7,10,101,46,38,2.4117646
SUPER_24,15100000,80,10,11,101,35,45,11.952381
SUPER_24,15110000,0,0,0,0,0,0,0
SUPER_24,15120000,0,0,0,0,0,0,0
SUPER_24,15130000,255,23,22,300,121,134,4.6222224
SUPER_24,15140000,30,1,0,31,14,16,2
SUPER_24,15150000,149,10,10,169,85,64,9.4
SUPER_24,15160000,96,3,12,111,58,38,13.933333
SUPER_24,15170000,67,6,2,75,33,34,2.375
SUPER_24,15180000,147,9,11,167,70,77,4.1
SUPER_24,15190000,80,5,4,89,43,37,4.3333335
SUPER_24,15200000,128,3,11,142,65,63,4.142857
SUPER_24,15210000,110,13,7,130,57,53,21.1
SUPER_24,15220000,54,5,6,65,27,27,5.181818
SUPER_24,15230000,66,6,2,74,31,35,5.375
SUPER_24,15240000,29,3,1,33,16,13,2.25
SUPER_24,15250000,131,7,10,148,72,59,3.7058823
SUPER_24,15260000,91,10,1,102,46,45,3.8181818
SUPER_24,15270000,24,3,3,30,13,11,10.333333
SUPER_24,15280000,92,7,11,110,45,47,3.7222223
SUPER_24,15290000,116,9,5,130,62,54,6.642857
SUPER_24,15300000,54,10,6,70,28,26,15.1875
SUPER_24,15310000,73,7,5,85,34,39,2.8333333
SUPER_24,15320000,70,8,5,83,28,42,14.076923
SUPER_24,15330000,36,4,0,40,24,12,1.5
SUPER_24,15340000,60,6,9,75,30,30,5.2
SUPER_24,15350000,97,12,3,112,49,48,8.533334
SUPER_24,15360000,62,8,2,72,37,25,5.5
SUPER_24,15370000,106,8,12,126,51,55,11.15
SUPER_24,15380000,110,11,7,128,58,52,6.4444447
SUPER_24,15390000,113,8,12,133,52,61,23.95
SUPER_24,15400000,4,0,0,4,2,2,NaN
SUPER_24,15410000,138,10,14,162,70,68,4.8333335
SUPER_24,15420000,77,4,9,90,36,41,24.153847
SUPER_24,15430000,2,0,0,2,1,1,NaN
SUPER_24,15440000,143,13,7,163,59,84,4.5
SUPER_24,15450000,36,6,5,47,21,15,3.8181818
SUPER_24,15460000,130,6,8,144,68,62,4
SUPER_24,15470000,25,1,3,29,10,15,1.75
SUPER_24,15480000,0,0,0,0,0,0,0
SUPER_24,15490000,0,0,0,0,0,0,0
SUPER_24,15500000,111,8,5,124,55,56,13.461538
SUPER_24,15510000,56,5,4,65,34,22,6
SUPER_24,15520000,21,1,4,26,13,8,10.4
SUPER_24,15530000,160,8,17,185,91,69,10.36
SUPER_24,15540000,58,2,4,64,34,24,41
SUPER_24,15550000,96,6,12,114,57,39,27.833334
SUPER_24,15560000,75,4,12,91,36,39,21.125
SUPER_24,15570000,22,3,2,27,11,11,6.6
SUPER_24,15580000,36,1,4,41,17,19,2.8
SUPER_24,15590000,95,5,4,104,54,41,1.4444444
SUPER_24,15600000,165,14,12,191,87,78,7.423077
SUPER_24,15610000,41,6,5,52,23,18,6.181818
SUPER_24,15620000,31,0,1,32,16,15,2
SUPER_24,15630000,135,5,5,145,81,54,8.9
SUPER_24,15640000,95,3,5,103,53,42,31.375
SUPER_24,15650000,124,11,10,145,49,75,14.476191
SUPER_24,15660000,103,6,2,111,40,63,6
SUPER_24,15670000,46,2,1,49,20,26,11.333333
SUPER_24,15680000,108,10,9,127,46,62,3.7368422
SUPER_24,15690000,86,11,6,103,44,42,7.1764708
SUPER_24,15700000,125,4,11,140,59,66,9.866667
SUPER_24,15710000,115,12,9,136,64,51,5.8095236
SUPER_24,15720000,40,7,5,52,23,17,9.833333
SUPER_24,15730000,4,1,1,6,4,0,2.5
SUPER_24,15740000,0,1,0,1,0,0,1
SUPER_24,15750000,1,0,0,1,1,0,NaN
SUPER_24,15760000,2,0,0,2,2,0,NaN
SUPER_24,15770000,111,5,9,125,61,50,3.357143
SUPER_24,15780000,96,10,10,116,60,36,4.9
SUPER_24,15790000,3,1,0,4,0,3,1
SUPER_24,15800000,2,2,0,4,1,1,5
SUPER_24,15810000,1,0,0,1,1,0,NaN
SUPER_24,15820000,1,0,1,2,0,1,1
SUPER_24,15830000,137,15,14,166,62,75,8.310345
SUPER_24,15840000,4,2,1,7,2,2,48
SUPER_24,15850000,89,7,3,99,40,49,8.5
SUPER_24,15860000,176,6,18,200,95,81,5.125
SUPER_24,15870000,52,0,7,59,20,32,4.571429
SUPER_24,15880000,189,16,15,220,97,92,5.709677
SUPER_24,15890000,151,15,7,173,74,77,11.272727
SUPER_24,15900000,17,0,0,17,9,8,NaN
SUPER_24,15910000,110,9,6,125,55,55,5.133333
SUPER_24,15920000,119,11,14,144,62,57,23.2
SUPER_24,15930000,8,0,0,8,5,3,NaN
SUPER_24,15940000,1,0,0,1,1,0,NaN
SUPER_24,15950000,1,1,1,3,0,1,16
SUPER_24,15960000,2,0,0,2,0,2,NaN
SUPER_24,15970000,4,0,1,5,2,2,8
SUPER_24,15980000,1,0,0,1,0,1,NaN
SUPER_24,15990000,1,0,0,1,0,1,NaN
SUPER_24,16000000,73,6,5,84,24,49,8.090909
SUPER_24,16010000,125,6,9,140,62,63,15.133333
SUPER_24,16020000,136,9,5,150,69,67,4
SUPER_24,16030000,16,1,1,18,6,10,6
SUPER_24,16040000,113,10,9,132,58,55,3.368421
SUPER_24,16050000,119,10,11,140,48,71,6.142857
SUPER_24,16060000,132,6,12,150,59,73,12.888889
SUPER_24,16070000,51,4,2,57,25,26,19.333334
SUPER_24,16080000,62,6,5,73,36,26,2.7272727
SUPER_24,16090000,31,2,0,33,15,16,3.5
SUPER_24,16100000,4,0,0,4,3,1,NaN
SUPER_24,16110000,40,4,5,49,16,24,4.5555553
SUPER_24,16120000,10,3,1,14,5,5,8.5
SUPER_24,16130000,63,4,5,72,33,30,7.111111
SUPER_24,16140000,54,1,2,57,24,30,1
SUPER_24,16150000,11,0,1,12,8,3,33
SUPER_24,16160000,2,1,0,3,1,1,3
SUPER_24,16170000,4,1,2,7,3,1,4
SUPER_24,16180000,9,1,0,10,5,4,1
SUPER_24,16190000,140,10,10,160,63,77,3
SUPER_24,16200000,157,15,16,188,71,86,23.67742
SUPER_24,16210000,96,8,7,111,46,50,11.266666
SUPER_24,16220000,91,2,7,100,56,35,2.3333333
SUPER_24,16230000,53,10,6,69,23,30,5.875
SUPER_24,16240000,52,2,2,56,28,24,49.25
SUPER_24,16250000,173,8,12,193,88,85,14.8
SUPER_24,16260000,120,4,2,126,52,68,1.3333334
SUPER_24,16270000,118,8,12,138,59,59,5.45
SUPER_24,16280000,1,0,1,2,0,1,2
SUPER_24,16290000,0,0,0,0,0,0,0
SUPER_24,16300000,0,0,0,0,0,0,0
SUPER_24,16310000,8,1,0,9,4,4,1
SUPER_24,16320000,1,0,0,1,0,1,NaN
SUPER_24,16330000,2,0,0,2,1,1,NaN
SUPER_24,16340000,0,1,0,1,0,0,6
SUPER_24,16350000,8,0,0,8,4,4,NaN
SUPER_24,16360000,86,6,6,98,37,49,5.8333335
SUPER_24,16370000,134,5,5,144,84,50,4.9
SUPER_24,16380000,8,0,1,9,6,2,15
SUPER_24,16390000,55,3,6,64,32,23,3.4444444
SUPER_24,16400000,10,0,1,11,6,4,23
SUPER_24,16410000,120,7,11,138,64,56,27.666666
SUPER_24,16420000,64,6,2,72,42,22,4
SUPER_24,16430000,15,1,1,17,7,8,1
SUPER_24,16440000,3,0,0,3,2,1,NaN
SUPER_24,16450000,3,2,0,5,1,2,1
SUPER_24,16460000,0,0,1,1,0,0,5
SUPER_24,16470000,4,1,0,5,2,2,2
SUPER_24,16480000,2,0,0,2,0,2,NaN
SUPER_24,16490000,0,0,0,0,0,0,0
SUPER_24,16500000,0,0,0,0,0,0,0
SUPER_24,16510000,0,0,0,0,0,0,0
SUPER_24,16520000,0,0,0,0,0,0,0
SUPER_24,16530000,3,1,1,5,0,3,1.5
SUPER_24,16540000,0,0,0,0,0,0,0
SUPER_24,16550000,0,0,0,0,0,0,0
SUPER_24,16560000,0,0,0,0,0,0,0
SUPER_24,16570000,0,0,0,0,0,0,0
SUPER_24,16580000,0,0,0,0,0,0,0
SUPER_24,16590000,0,0,0,0,0,0,0
SUPER_24,16600000,0,0,0,0,0,0,0
SUPER_24,16610000,0,0,0,0,0,0,0
SUPER_24,16620000,5,0,2,7,5,0,1.5
SUPER_24,16630000,2,0,1,3,1,1,1
SUPER_24,16640000,7,1,0,8,3,4,2
SUPER_24,16650000,1,0,1,2,1,0,6
SUPER_24,16660000,1,0,0,1,1,0,NaN
SUPER_24,16670000,0,0,1,1,0,0,4
SUPER_24,16680000,27,2,1,30,14,13,7
SUPER_24,16690000,14,1,0,15,11,3,3
SUPER_24,16700000,77,6,1,84,37,40,3.5714285
SUPER_24,16710000,15,3,0,18,10,5,8.666667
SUPER_24,16720000,52,1,5,58,26,26,4.5
SUPER_24,16730000,57,2,6,65,40,17,29
SUPER_24,16740000,0,0,0,0,0,0,0
SUPER_24,16750000,0,0,0,0,0,0,0
SUPER_24,16760000,0,0,0,0,0,0,0
SUPER_24,16770000,47,3,0,50,22,25,8
SUPER_24,16780000,4,1,0,5,2,2,12
SUPER_24,16790000,3,0,0,3,1,2,NaN
SUPER_24,16800000,124,6,4,134,65,59,11.3
SUPER_24,16810000,88,9,10,107,47,41,6.4210525
SUPER_24,16820000,115,9,5,129,62,53,4.142857
SUPER_24,16830000,43,2,6,51,19,24,49.875
SUPER_24,16840000,52,5,1,58,21,31,6.3333335
SUPER_24,16850000,27,4,3,34,20,7,5.428571
SUPER_24,16860000,86,3,8,97,48,38,10.181818
SUPER_24,16870000,91,4,6,101,47,44,8
SUPER_24,16880000,90,2,5,97,46,44,2
SUPER_24,16890000,43,5,5,53,20,23,5.8
SUPER_24,16900000,69,4,5,78,33,36,6.7777777
SUPER_24,16910000,207,15,7,229,118,89,11.954545
SUPER_24,16920000,134,14,6,154,83,51,14.85
SUPER_24,16930000,66,5,3,74,33,33,4.75
SUPER_24,16940000,19,1,3,23,8,11,11
SUPER_24,16950000,164,12,13,189,88,76,11.48
SUPER_24,16960000,87,10,3,100,47,40,2.8461537
SUPER_24,16970000,83,6,8,97,48,35,4.857143
SUPER_24,16980000,0,0,2,2,0,0,3
SUPER_24,16990000,1,1,0,2,1,0,14
SUPER_24,17000000,3,0,0,3,1,2,NaN
SUPER_24,17010000,91,2,9,102,52,39,9.090909
SUPER_24,17020000,43,5,4,52,19,24,4.4444447
SUPER_24,17030000,38,3,0,41,19,19,19
SUPER_24,17040000,5,1,2,8,1,4,4.6666665
SUPER_24,17050000,9,1,1,11,4,5,1.5
SUPER_24,17060000,20,2,3,25,10,10,3.2
SUPER_24,17070000,45,3,7,55,18,27,6
SUPER_24,17080000,74,4,4,82,41,33,6.5
SUPER_24,17090000,57,6,2,65,33,24,11
SUPER_24,17100000,37,1,2,40,17,20,4.3333335
SUPER_24,17110000,1,0,0,1,0,1,NaN
SUPER_24,17120000,1,0,1,2,1,0,11
SUPER_24,17130000,2,0,0,2,1,1,NaN
SUPER_24,17140000,0,0,0,0,0,0,0
SUPER_24,17150000,0,0,0,0,0,0,0
SUPER_24,17160000,8,1,1,10,4,4,3
SUPER_24,17170000,16,1,2,19,12,4,1
SUPER_24,17180000,13,2,0,15,8,5,1
SUPER_24,17190000,66,7,8,81,33,33,23.133333
SUPER_24,17200000,26,2,2,30,18,8,6.25
SUPER_24,17210000,11,0,0,11,5,6,NaN
SUPER_24,17220000,118,8,9,135,62,56,4.352941
SUPER_24,17230000,14,1,2,17,4,10,50
SUPER_24,17240000,44,6,4,54,18,26,4.4
SUPER_24,17250000,54,2,5,61,20,34,8
SUPER_24,17260000,12,0,3,15,5,7,3.3333333
SUPER_24,17270000,36,5,2,43,17,19,4
SUPER_24,17280000,86,5,6,97,47,39,14.363636
SUPER_24,17290000,141,9,11,161,66,75,4.65
SUPER_24,17300000,139,9,10,158,66,73,7.631579
SUPER_24,17310000,110,11,6,127,53,57,4.5882354
SUPER_24,17320000,115,7,8,130,58,57,5.2
SUPER_24,17330000,47,7,1,55,22,25,7.5
SUPER_24,17340000,1,1,0,2,1,0,1
SUPER_24,17350000,2,0,0,2,1,1,NaN
SUPER_24,17360000,3,0,0,3,2,1,NaN
SUPER_24,17370000,0,0,0,0,0,0,0
SUPER_24,17380000,0,0,0,0,0,0,0
SUPER_24,17390000,5,2,1,8,2,3,7
SUPER_24,17400000,2,1,0,3,1,1,1
SUPER_24,17410000,3,0,1,4,3,0,1
SUPER_24,17420000,2,0,0,2,2,0,NaN
SUPER_24,17430000,5,0,0,5,2,3,NaN
SUPER_24,17440000,2,0,0,2,2,0,NaN
SUPER_24,17450000,1,0,0,1,1,0,NaN
SUPER_24,17460000,1,1,0,2,0,1,2
SUPER_24,17470000,0,1,0,1,0,0,2
SUPER_24,17480000,4,0,1,5,1,3,56
SUPER_24,17490000,3,1,2,6,1,2,33.666668
SUPER_24,17500000,1,2,0,3,0,1,14.5
SUPER_24,17510000,11,2,0,13,8,3,2.5
SUPER_24,17520000,1,0,0,1,0,1,NaN
SUPER_24,17530000,3,0,0,3,1,2,NaN
SUPER_24,17540000,30,0,4,34,15,15,8
SUPER_24,17550000,4,0,0,4,3,1,NaN
SUPER_24,17560000,6,0,0,6,4,2,NaN
SUPER_24,17570000,3,2,0,5,1,2,3
SUPER_24,17580000,3,0,2,5,1,2,1.5
SUPER_24,17590000,7,0,1,8,3,4,8
SUPER_24,17600000,2,2,1,5,0,2,3
SUPER_24,17610000,1,0,0,1,0,1,NaN
SUPER_24,17620000,3,1,0,4,1,2,1
SUPER_24,17630000,16,4,1,21,7,9,3.8
SUPER_24,17640000,5,0,1,6,2,3,6
SUPER_24,17650000,74,11,5,90,33,41,8
SUPER_24,17660000,73,3,8,84,38,35,4.2727275
SUPER_24,17670000,122,9,11,142,60,62,8.55
SUPER_24,17680000,97,7,14,118,44,53,50.809525
SUPER_24,17690000,74,8,3,85,34,40,10.181818
SUPER_24,17700000,29,1,0,30,17,12,4
SUPER_24,17710000,21,3,1,25,7,14,6.75
SUPER_24,17720000,43,4,2,49,21,22,20
SUPER_24,17730000,25,3,2,30,13,12,3.4
SUPER_24,17740000,12,1,0,13,6,6,6
SUPER_24,17750000,2,1,0,3,0,2,1
SUPER_24,17760000,6,0,0,6,3,3,NaN
SUPER_24,17770000,139,11,13,163,67,72,16.791666
SUPER_24,17780000,172,9,10,191,80,92,8.684211
SUPER_24,17790000,88,4,12,104,50,38,5.5
SUPER_24,17800000,96,4,7,107,44,52,7.3636365
SUPER_24,17810000,85,5,9,99,41,44,32.714287
SUPER_24,17820000,77,5,7,89,34,43,8.083333
SUPER_24,17830000,106,8,11,125,54,52,8.842105
SUPER_24,17840000,105,11,9,125,56,49,3.5
SUPER_24,17850000,168,5,21,194,79,89,6.3461537
SUPER_24,17860000,61,9,5,75,30,31,6.428571
SUPER_24,17870000,30,4,10,44,15,15,4
SUPER_24,17880000,137,13,8,158,73,64,6.4761906
SUPER_24,17890000,42,17,14,73,18,24,2.3548386
SUPER_24,17900000,4,19,15,38,1,3,1.0882353
SUPER_24,17910000,120,5,5,130,70,50,10
SUPER_24,17920000,101,5,10,116,51,50,3.8666666
SUPER_24,17930000,83,3,4,90,33,50,1.8571428
SUPER_24,17940000,32,2,0,34,12,20,4.5
SUPER_24,17950000,1,0,0,1,1,0,NaN
SUPER_24,17960000,2,0,1,3,1,1,1
SUPER_24,17970000,1,2,0,3,1,0,4.5
SUPER_24,17980000,40,2,3,45,24,16,5
SUPER_24,17990000,44,2,4,50,22,22,6.5
SUPER_24,18000000,49,9,3,61,29,20,3.0833333
SUPER_24,18010000,2,0,0,2,1,1,NaN
SUPER_24,18020000,58,6,2,66,24,34,4.75
SUPER_24,18030000,74,7,2,83,34,40,4.6666665
SUPER_24,18040000,4,0,0,4,1,3,NaN
SUPER_24,18050000,6,1,0,7,3,3,1
SUPER_24,18060000,0,1,0,1,0,0,1
SUPER_24,18070000,114,8,10,132,53,61,6.3333335
SUPER_24,18080000,103,8,13,124,54,49,22.285715
SUPER_24,18090000,125,15,10,150,60,65,10.24
SUPER_24,18100000,103,10,9,122,56,47,12.368421
SUPER_24,18110000,112,9,6,127,60,52,6.6666665
SUPER_24,18120000,137,11,13,161,67,70,4.75
SUPER_24,18130000,79,10,7,96,41,38,6.0588236
SUPER_24,18140000,11,2,1,14,8,3,4.6666665
SUPER_24,18150000,56,8,4,68,22,34,3.25
SUPER_24,18160000,0,0,0,0,0,0,0
SUPER_24,18170000,0,0,0,0,0,0,0
SUPER_24,18180000,46,3,5,54,25,21,3.875
SUPER_24,18190000,100,5,11,116,49,51,5.3125
SUPER_24,18200000,59,3,6,68,30,29,4
SUPER_24,18210000,62,4,6,72,29,33,11
SUPER_24,18220000,39,5,1,45,21,18,5.3333335
SUPER_24,18230000,28,1,3,32,16,12,22
SUPER_24,18240000,1,0,0,1,1,0,NaN
SUPER_24,18250000,2,1,0,3,1,1,2
SUPER_24,18260000,2,0,0,2,2,0,NaN
SUPER_24,18270000,100,8,4,112,56,44,2.6666667
SUPER_24,18280000,0,0,0,0,0,0,0
SUPER_24,18290000,0,0,0,0,0,0,0
SUPER_24,18300000,177,18,17,212,96,81,4.9142857
SUPER_24,18310000,170,12,10,192,83,87,2.6363637
SUPER_24,18320000,136,7,7,150,56,80,3.5
SUPER_24,18330000,39,3,2,44,19,20,5.2
SUPER_24,18340000,102,12,12,126,53,49,5.5416665
SUPER_24,18350000,80,5,6,91,39,41,4.2727275
SUPER_24,18360000,101,5,7,113,63,38,22.5
SUPER_24,18370000,50,4,3,57,26,24,6.142857
SUPER_24,18380000,16,2,2,20,8,8,4.5
SUPER_24,18390000,96,7,14,117,47,49,7.904762
SUPER_24,18400000,115,0,8,123,54,61,7.625
SUPER_24,18410000,78,7,6,91,34,44,5.8461537
SUPER_24,18420000,33,1,2,36,18,15,4.3333335
SUPER_24,18430000,13,2,5,20,7,6,3.5714285
SUPER_24,18440000,47,8,13,68,22,25,9.190476
SUPER_24,18450000,166,8,11,185,93,73,6.1578946
SUPER_24,18460000,154,12,17,183,74,80,11.275862
SUPER_24,18470000,108,12,8,128,47,61,9.45
SUPER_24,18480000,27,5,1,33,15,12,2.6666667
SUPER_24,18490000,27,3,4,34,18,9,2.857143
SUPER_24,18500000,84,5,9,98,46,38,7.285714
SUPER_24,18510000,101,5,10,116,57,44,2.7333333
SUPER_24,18520000,60,4,1,65,35,25,11.2
SUPER_24,18530000,71,7,7,85,31,40,19.071428
SUPER_24,18540000,86,3,4,93,50,36,3.2857144
SUPER_24,18550000,72,7,7,86,35,37,7.642857
SUPER_24,18560000,44,8,5,57,26,18,4.6923075
SUPER_24,18570000,18,6,2,26,7,11,9.875
SUPER_24,18580000,67,8,2,77,31,36,17.2
SUPER_24,18590000,46,2,5,53,29,17,4.142857
SUPER_24,18600000,24,2,1,27,14,10,6.6666665
SUPER_24,18610000,60,4,7,71,31,29,5.4545455
SUPER_24,18620000,121,9,11,141,65,56,18.1
SUPER_24,18630000,46,5,6,57,21,25,10.636364
SUPER_24,18640000,128,10,11,149,66,62,16.809525
SUPER_24,18650000,89,11,3,103,43,46,6.785714
SUPER_24,18660000,84,6,9,99,42,42,4.3333335
SUPER_24,18670000,118,10,11,139,61,57,19.047619
SUPER_24,18680000,97,5,6,108,51,46,3.8181818
SUPER_24,18690000,64,6,3,73,35,29,6.5555553
SUPER_24,18700000,89,7,5,101,50,39,12
SUPER_24,18710000,120,7,9,136,54,66,4.5625
SUPER_24,18720000,64,3,3,70,29,35,14
SUPER_24,18730000,65,3,3,71,30,35,9.166667
SUPER_24,18740000,68,5,6,79,35,33,6.6363635
SUPER_24,18750000,28,3,2,33,13,15,3.8
SUPER_24,18760000,36,3,3,42,20,16,5.8333335
SUPER_24,18770000,39,5,2,46,16,23,1.4285715
SUPER_24,18780000,18,0,0,18,9,9,NaN
SUPER_24,18790000,10,0,0,10,6,4,NaN
SUPER_24,18800000,31,4,0,35,14,17,14.5
SUPER_24,18810000,15,0,3,18,8,7,3.3333333
SUPER_24,18820000,20,0,2,22,9,11,1
SUPER_24,18830000,35,2,2,39,19,16,5
SUPER_24,18840000,37,2,4,43,16,21,4.1666665
SUPER_24,18850000,13,1,1,15,6,7,1
SUPER_24,18860000,8,1,0,9,5,3,1
SUPER_24,18870000,7,0,1,8,5,2,1
SUPER_24,18880000,9,1,0,10,7,2,1
SUPER_24,18890000,10,2,0,12,8,2,1
SUPER_24,18900000,7,4,0,11,3,4,1.75
SUPER_24,18910000,15,2,1,18,10,5,3
SUPER_24,18920000,16,0,1,17,12,4,3
SUPER_24,18930000,0,0,0,0,0,0,0
SUPER_24,18940000,0,0,0,0,0,0,0
SUPER_24,18950000,0,0,0,0,0,0,0
SUPER_24,18960000,0,0,0,0,0,0,0
SUPER_24,18970000,0,0,0,0,0,0,0
SUPER_24,18980000,0,0,3,3,0,0,1
SUPER_24,18990000,40,5,0,45,24,16,6.8
SUPER_25,10000,6,3,1,10,4,2,1
SUPER_25,20000,16,0,0,16,10,6,NaN
SUPER_25,30000,65,0,0,65,46,19,NaN
SUPER_25,40000,27,0,1,28,24,3,1
SUPER_25,50000,1,4,0,5,1,0,1.5
SUPER_25,60000,0,0,0,0,0,0,0
SUPER_25,70000,0,0,0,0,0,0,0
SUPER_25,80000,0,0,0,0,0,0,0
SUPER_25,90000,0,0,0,0,0,0,0
SUPER_25,100000,6,1,0,7,5,1,1
SUPER_25,110000,33,0,0,33,21,12,NaN
SUPER_25,120000,35,4,3,42,25,10,6.714286
SUPER_25,130000,26,0,0,26,20,6,NaN
SUPER_25,140000,3,1,0,4,1,2,4
SUPER_25,150000,0,0,0,0,0,0,0
SUPER_25,160000,0,0,0,0,0,0,0
SUPER_25,170000,6,0,1,7,3,3,3
SUPER_25,180000,2,0,0,2,1,1,NaN
SUPER_25,190000,33,2,3,38,23,10,3.4
SUPER_25,200000,1,1,0,2,1,0,1
SUPER_25,210000,88,11,5,104,55,33,6.4375
SUPER_25,220000,123,12,11,146,69,54,22.956522
SUPER_25,230000,165,3,5,173,78,87,6.375
SUPER_25,240000,67,4,4,75,33,34,4.5
SUPER_25,250000,43,3,5,51,25,18,25.75
SUPER_25,260000,2,0,0,2,0,2,NaN
SUPER_25,270000,1,0,0,1,0,1,NaN
SUPER_25,280000,1,1,1,3,1,0,16
SUPER_25,290000,1,1,0,2,1,0,6
SUPER_25,300000,3,0,0,3,3,0,NaN
SUPER_25,310000,1,0,0,1,1,0,NaN
SUPER_25,320000,1,0,0,1,1,0,NaN
SUPER_25,330000,3,0,0,3,3,0,NaN
SUPER_25,340000,1,1,0,2,1,0,30
SUPER_25,350000,1,0,0,1,1,0,NaN
SUPER_25,360000,3,0,0,3,3,0,NaN
SUPER_25,370000,3,0,0,3,0,3,NaN
SUPER_25,380000,2,0,0,2,0,2,NaN
SUPER_25,390000,2,1,1,4,1,1,27
SUPER_25,400000,1,0,0,1,0,1,NaN
SUPER_25,410000,2,0,0,2,2,0,NaN
SUPER_25,420000,1,0,1,2,1,0,1
SUPER_25,430000,1,0,1,2,0,1,2
SUPER_25,440000,1,1,0,2,1,0,1
SUPER_25,450000,0,0,0,0,0,0,0
SUPER_25,460000,0,0,0,0,0,0,0
SUPER_25,470000,0,0,0,0,0,0,0
SUPER_25,480000,3,0,0,3,2,1,NaN
SUPER_25,490000,7,0,0,7,6,1,NaN
SUPER_25,500000,15,2,0,17,8,7,1
SUPER_25,510000,15,0,3,18,8,7,2
SUPER_25,520000,4,0,0,4,1,3,NaN
SUPER_25,530000,8,1,1,10,1,7,2
SUPER_25,540000,10,0,1,11,3,7,30
SUPER_25,550000,101,7,11,119,44,57,5.7222223
SUPER_25,560000,67,6,6,79,40,27,9.833333
SUPER_25,570000,101,15,8,124,50,51,7.521739
SUPER_25,580000,34,6,3,43,18,16,2.8888888
SUPER_25,590000,16,3,2,21,5,11,29.6
SUPER_25,600000,73,3,8,84,39,34,28.272728
SUPER_25,610000,66,2,7,75,30,36,3.3333333
SUPER_25,620000,81,10,7,98,51,30,5.2941175
SUPER_25,630000,133,11,12,156,71,62,7.130435
SUPER_25,640000,66,4,10,80,31,35,7.857143
SUPER_25,650000,194,15,20,229,103,91,10.457143
SUPER_25,660000,100,8,12,120,54,46,3.95
SUPER_25,670000,110,12,11,133,67,43,4.9565215
SUPER_25,680000,109,4,8,121,56,53,11.75
SUPER_25,690000,70,5,4,79,39,31,2.4444444
SUPER_25,700000,136,9,15,160,76,60,7.25
SUPER_25,710000,102,8,6,116,70,32,6.714286
SUPER_25,720000,123,6,12,141,59,64,3.4444444
SUPER_25,730000,103,5,6,114,54,49,44.545456
SUPER_25,740000,196,9,15,220,85,111,11.041667
SUPER_25,750000,84,4,4,92,40,44,14.25
SUPER_25,760000,165,8,8,181,85,80,2.3125
SUPER_25,770000,146,6,9,161,72,74,31.4
SUPER_25,780000,71,3,5,79,33,38,24.75
SUPER_25,790000,19,1,1,21,7,12,3
SUPER_25,800000,20,2,3,25,11,9,2
SUPER_25,810000,18,2,0,20,7,11,2
SUPER_25,820000,117,6,13,136,66,51,8.842105
SUPER_25,830000,32,0,5,37,17,15,3.8
SUPER_25,840000,89,5,7,101,46,43,2.75
SUPER_25,850000,2,0,0,2,1,1,NaN
SUPER_25,860000,1,1,1,3,1,0,8
SUPER_25,870000,16,0,1,17,11,5,1
SUPER_25,880000,185,18,12,215,104,81,5.1666665
SUPER_25,890000,105,4,13,122,53,52,26.705883
SUPER_25,900000,144,6,13,163,68,76,11.210526
SUPER_25,910000,96,6,8,110,60,36,2.4285715
SUPER_25,920000,16,1,2,19,9,7,1
SUPER_25,930000,48,2,5,55,28,20,4.142857
SUPER_25,940000,3,0,0,3,0,3,NaN
SUPER_25,950000,102,5,10,117,58,44,6.266667
SUPER_25,960000,118,5,9,132,68,50,3.357143
SUPER_25,970000,70,6,1,77,38,32,16.857143
SUPER_25,980000,86,7,4,97,47,39,8.727273
SUPER_25,990000,81,5,4,90,41,40,2.7777777
SUPER_25,1000000,210,11,15,236,104,106,12.346154
SUPER_25,1010000,173,7,9,189,108,65,15.5
SUPER_25,1020000,161,3,10,174,95,66,6.923077
SUPER_25,1030000,198,8,17,223,107,91,4.52
SUPER_25,1040000,206,8,10,224,105,101,3.3333333
SUPER_25,1050000,52,5,7,64,19,33,37.333332
SUPER_25,1060000,128,5,4,137,66,62,8
SUPER_25,1070000,140,10,13,163,72,68,11.043478
SUPER_25,1080000,196,11,16,223,97,99,14.962963
SUPER_25,1090000,44,2,2,48,21,23,5.25
SUPER_25,1100000,122,8,15,145,58,64,8
SUPER_25,1110000,94,4,4,102,48,46,5.375
SUPER_25,1120000,73,1,7,81,41,32,19
SUPER_25,1130000,123,8,8,139,61,62,7.875
SUPER_25,1140000,20,1,2,23,14,6,17
SUPER_25,1150000,13,1,2,16,6,7,4
SUPER_25,1160000,1,0,1,2,1,0,4
SUPER_25,1170000,1,0,0,1,0,1,NaN
SUPER_25,1180000,2,0,0,2,2,0,NaN
SUPER_25,1190000,1,0,1,2,0,1,1
SUPER_25,1200000,3,0,0,3,1,2,NaN
SUPER_25,1210000,2,0,1,3,1,1,1
SUPER_25,1220000,1,1,1,3,0,1,5
SUPER_25,1230000,1,1,1,3,1,0,1
SUPER_25,1240000,2,1,0,3,2,0,2
SUPER_25,1250000,18,1,0,19,12,6,4
SUPER_25,1260000,159,9,9,177,81,78,3.3888888
SUPER_25,1270000,118,7,8,133,74,44,6.9333334
SUPER_25,1280000,49,4,1,54,28,21,6
SUPER_25,1290000,117,7,8,132,60,57,13.333333
SUPER_25,1300000,2,0,0,2,1,1,NaN
SUPER_25,1310000,5,1,0,6,1,4,7
SUPER_25,1320000,4,0,0,4,2,2,NaN
SUPER_25,1330000,3,0,0,3,2,1,NaN
SUPER_25,1340000,1,0,0,1,1,0,NaN
SUPER_25,1350000,1,0,0,1,0,1,NaN
SUPER_25,1360000,0,1,0,1,0,0,4
SUPER_25,1370000,3,1,0,4,3,0,24
SUPER_25,1380000,16,1,1,18,9,7,6
SUPER_25,1390000,179,10,3,192,99,80,7.6923075
SUPER_25,1400000,128,7,13,148,66,62,5.4
SUPER_25,1410000,130,9,9,148,66,64,4.888889
SUPER_25,1420000,218,10,16,244,110,108,6.076923
SUPER_25,1430000,171,16,12,199,94,77,15.142858
SUPER_25,1440000,85,7,5,97,55,30,2.25
SUPER_25,1450000,93,5,4,102,56,37,29.11111
SUPER_25,1460000,126,6,9,141,63,63,5.866667
SUPER_25,1470000,126,11,6,143,65,61,4.7647057
SUPER_25,1480000,8,1,0,9,5,3,4
SUPER_25,1490000,2,0,1,3,1,1,1
SUPER_25,1500000,5,1,0,6,2,3,2
SUPER_25,1510000,2,0,0,2,2,0,NaN
SUPER_25,1520000,2,0,1,3,0,2,89
SUPER_25,1530000,4,0,0,4,2,2,NaN
SUPER_25,1540000,76,3,7,86,34,42,7.6
SUPER_25,1550000,104,9,13,126,50,54,26.863636
SUPER_25,1560000,96,13,7,116,43,53,6.95
SUPER_25,1570000,170,11,21,202,82,88,17.5625
SUPER_25,1580000,128,7,3,138,74,54,3.1
SUPER_25,1590000,71,7,3,81,37,34,5.6
SUPER_25,1600000,33,5,6,44,21,12,5
SUPER_25,1610000,2,0,0,2,2,0,NaN
SUPER_25,1620000,96,5,9,110,49,47,7.642857
SUPER_25,1630000,80,6,9,95,40,40,6.5333333
SUPER_25,1640000,2,0,0,2,2,0,NaN
SUPER_25,1650000,2,0,0,2,1,1,NaN
SUPER_25,1660000,1,0,1,2,0,1,1
SUPER_25,1670000,1,0,0,1,0,1,NaN
SUPER_25,1680000,4,1,2,7,2,2,1.6666666
SUPER_25,1690000,75,9,4,88,38,37,3.1538463
SUPER_25,1700000,6,1,1,8,3,3,17.5
SUPER_25,1710000,4,0,0,4,2,2,NaN
SUPER_25,1720000,17,0,0,17,10,7,NaN
SUPER_25,1730000,140,6,11,157,69,71,7
SUPER_25,1740000,134,14,14,162,81,53,4.964286
SUPER_25,1750000,107,6,16,129,51,56,8.090909
SUPER_25,1760000,163,14,14,191,82,81,5.535714
SUPER_25,1770000,65,8,5,78,39,26,11.692307
SUPER_25,1780000,110,8,7,125,67,43,5.266667
SUPER_25,1790000,25,2,1,28,9,16,2.3333333
SUPER_25,1800000,3,1,0,4,0,3,1
SUPER_25,1810000,1,1,0,2,0,1,8
SUPER_25,1820000,14,1,0,15,7,7,23
SUPER_25,1830000,92,5,7,104,43,49,1.75
SUPER_25,1840000,87,10,5,102,45,42,8.066667
SUPER_25,1850000,152,11,13,176,75,77,9.708333
SUPER_25,1860000,130,9,10,149,73,57,33.05263
SUPER_25,1870000,0,0,0,0,0,0,0
SUPER_25,1880000,0,0,0,0,0,0,0
SUPER_25,1890000,117,9,13,139,61,56,11.227273
SUPER_25,1900000,191,17,19,227,96,95,8.083333
SUPER_25,1910000,67,3,6,76,32,35,7
SUPER_25,1920000,21,2,4,27,10,11,4.5
SUPER_25,1930000,139,20,16,175,62,77,7.861111
SUPER_25,1940000,108,5,9,122,45,63,3.2857144
SUPER_25,1950000,107,9,2,118,58,49,5
SUPER_25,1960000,100,13,9,122,57,43,8
SUPER_25,1970000,0,0,0,0,0,0,0
SUPER_25,1980000,0,0,0,0,0,0,0
SUPER_25,1990000,141,13,11,165,81,60,8.166667
SUPER_25,2000000,209,12,13,234,125,84,28.6
SUPER_25,2010000,45,4,4,53,18,27,6.125
SUPER_25,2020000,61,3,1,65,30,31,6.75
SUPER_25,2030000,0,0,1,1,0,0,2
SUPER_25,2040000,23,1,0,24,10,13,1
SUPER_25,2050000,192,9,13,214,100,92,19.454546
SUPER_25,2060000,102,12,8,122,51,51,8.5
SUPER_25,2070000,68,3,4,75,40,28,7.714286
SUPER_25,2080000,99,7,5,111,61,38,4.75
SUPER_25,2090000,78,2,6,86,44,34,16.375
SUPER_25,2100000,16,4,2,22,6,10,7.8333335
SUPER_25,2110000,75,3,4,82,42,33,1.1428572
SUPER_25,2120000,113,10,12,135,56,57,3.8181818
SUPER_25,2130000,195,5,15,215,106,89,47.8
SUPER_25,2140000,29,4,0,33,16,13,1.25
SUPER_25,2150000,90,11,12,113,44,46,2.8695652
SUPER_25,2160000,133,6,7,146,66,67,30.692308
SUPER_25,2170000,31,3,1,35,15,16,10
SUPER_25,2180000,45,3,2,50,27,18,4
SUPER_25,2190000,193,14,18,225,97,96,13.40625
SUPER_25,2200000,22,4,2,28,14,8,3.8333333
SUPER_25,2210000,79,7,13,99,40,39,29.8
SUPER_25,2220000,30,2,3,35,15,15,3.4
SUPER_25,2230000,117,11,12,140,62,55,4
SUPER_25,2240000,84,5,7,96,48,36,3.3333333
SUPER_25,2250000,27,2,2,31,15,12,18.5
SUPER_25,2260000,1,0,1,2,0,1,69
SUPER_25,2270000,2,0,2,4,1,1,52
SUPER_25,2280000,203,16,16,235,102,101,5.4375
SUPER_25,2290000,90,2,7,99,48,42,3.4444444
SUPER_25,2300000,110,11,11,132,63,47,7.409091
SUPER_25,2310000,41,1,5,47,21,20,54.166668
SUPER_25,2320000,1,1,0,2,1,0,1
SUPER_25,2330000,1,0,0,1,0,1,NaN
SUPER_25,2340000,96,6,10,112,50,46,7.875
SUPER_25,2350000,86,8,2,96,42,44,7.6
SUPER_25,2360000,47,3,4,54,30,17,9.428572
SUPER_25,2370000,4,1,2,7,2,2,5.6666665
SUPER_25,2380000,4,0,0,4,2,2,NaN
SUPER_25,2390000,2,0,0,2,1,1,NaN
SUPER_25,2400000,152,16,15,183,75,77,8.806452
SUPER_25,2410000,182,11,15,208,111,71,9.615385
SUPER_25,2420000,133,9,6,148,74,59,5.2
SUPER_25,2430000,85,11,7,103,42,43,8.5
SUPER_25,2440000,166,8,9,183,82,84,3.8823528
SUPER_25,2450000,4,0,1,5,1,3,1
SUPER_25,2460000,58,3,3,64,35,23,5.5
SUPER_25,2470000,95,5,6,106,50,45,4.818182
SUPER_25,2480000,108,10,8,126,52,56,5.4444447
SUPER_25,2490000,130,7,9,146,68,62,5.25
SUPER_25,2500000,135,10,15,160,78,57,9.08
SUPER_25,2510000,174,11,14,199,96,78,8.64
SUPER_25,2520000,171,14,13,198,93,78,4.0740743
SUPER_25,2530000,0,0,0,0,0,0,0
SUPER_25,2540000,0,0,0,0,0,0,0
SUPER_25,2550000,31,2,4,37,14,17,4.5
SUPER_25,2560000,3,0,0,3,3,0,NaN
SUPER_25,2570000,49,6,5,60,24,25,10.181818
SUPER_25,2580000,123,8,10,141,64,59,9.944445
SUPER_25,2590000,3,0,0,3,0,3,NaN
SUPER_25,2600000,73,4,7,84,29,44,2.4545455
SUPER_25,2610000,23,2,2,27,11,12,3
SUPER_25,2620000,3,2,0,5,1,2,7
SUPER_25,2630000,56,3,9,68,25,31,7.4166665
SUPER_25,2640000,158,6,9,173,82,76,7.8
SUPER_25,2650000,49,2,0,51,21,28,1
SUPER_25,2660000,63,9,2,74,26,37,5.7272725
SUPER_25,2670000,113,4,14,131,56,57,6.1666665
SUPER_25,2680000,124,14,13,151,53,71,9.444445
SUPER_25,2690000,69,8,5,82,28,41,5.8461537
SUPER_25,2700000,121,1,6,128,60,61,4.285714
SUPER_25,2710000,196,13,10,219,99,97,5.173913
SUPER_25,2720000,124,11,9,144,61,63,22.45
SUPER_25,2730000,151,10,7,168,85,66,4.9411764
SUPER_25,2740000,6,0,1,7,2,4,26
SUPER_25,2750000,0,0,0,0,0,0,0
SUPER_25,2760000,0,0,0,0,0,0,0
SUPER_25,2770000,3,0,2,5,1,2,8.5
SUPER_25,2780000,11,0,1,12,3,8,2
SUPER_25,2790000,104,8,14,126,49,55,6.3636365
SUPER_25,2800000,68,4,5,77,33,35,4.6666665
SUPER_25,2810000,207,16,16,239,112,95,5.59375
SUPER_25,2820000,151,15,8,174,88,63,19.782608
SUPER_25,2830000,189,15,10,214,106,83,4.52
SUPER_25,2840000,89,7,4,100,46,43,3.909091
SUPER_25,2850000,66,3,9,78,34,32,4
SUPER_25,2860000,133,10,13,156,58,75,17.086956
SUPER_25,2870000,139,15,8,162,76,63,3.9565217
SUPER_25,2880000,55,2,7,64,27,28,3.7777777
SUPER_25,2890000,28,0,0,28,14,14,NaN
SUPER_25,2900000,7,1,0,8,4,3,3
SUPER_25,2910000,74,3,4,81,38,36,7.857143
SUPER_25,2920000,142,11,13,166,66,76,8.416667
SUPER_25,2930000,167,16,20,203,94,73,8.111111
SUPER_25,2940000,27,1,1,29,15,12,5.5
SUPER_25,2950000,114,6,9,129,54,60,4.9333334
SUPER_25,2960000,132,4,12,148,70,62,4
SUPER_25,2970000,19,2,1,22,12,7,1.6666666
SUPER_25,2980000,7,1,0,8,3,4,3
SUPER_25,2990000,34,4,4,42,18,16,10.25
SUPER_25,3000000,25,3,1,29,16,9,19.75
SUPER_25,3010000,71,4,11,86,34,37,32.533333
SUPER_25,3020000,114,9,8,131,66,48,3.8823528
SUPER_25,3030000,171,13,13,197,96,75,5.769231
SUPER_25,3040000,82,3,3,88,48,34,19.5
SUPER_25,3050000,0,0,0,0,0,0,0
SUPER_25,3060000,0,0,0,0,0,0,0
SUPER_25,3070000,162,19,12,193,75,87,6.290323
SUPER_25,3080000,12,0,2,14,4,8,2.5
SUPER_25,3090000,136,13,19,168,72,64,4.28125
SUPER_25,3100000,175,10,11,196,90,85,12.142858
SUPER_25,3110000,129,11,8,148,62,67,3.8421052
SUPER_25,3120000,96,5,9,110,45,51,6.857143
SUPER_25,3130000,20,0,1,21,7,13,119
SUPER_25,3140000,14,1,1,16,4,10,3
SUPER_25,3150000,3,0,0,3,1,2,NaN
SUPER_25,3160000,139,19,14,172,69,70,5.5757575
SUPER_25,3170000,150,12,10,172,73,77,3.8636363
SUPER_25,3180000,115,8,2,125,60,55,7
SUPER_25,3190000,86,13,5,104,45,41,9.222222
SUPER_25,3200000,56,7,5,68,30,26,6.8333335
SUPER_25,3210000,34,4,4,42,18,16,4.875
SUPER_25,3220000,65,6,5,76,31,34,4.909091
SUPER_25,3230000,1,0,0,1,1,0,NaN
SUPER_25,3240000,47,6,3,56,23,24,11.555555
SUPER_25,3250000,100,10,4,114,64,36,5.5
SUPER_25,3260000,84,5,6,95,40,44,51.090908
SUPER_25,3270000,88,8,5,101,52,36,2.6153846
SUPER_25,3280000,100,5,11,116,56,44,6.625
SUPER_25,3290000,70,5,6,81,37,33,6.7272725
SUPER_25,3300000,147,19,10,176,91,56,5
SUPER_25,3310000,48,6,8,62,23,25,6.928571
SUPER_25,3320000,68,6,8,82,30,38,10.071428
SUPER_25,3330000,19,3,2,24,7,12,1.8
SUPER_25,3340000,103,9,11,123,44,59,13.3
SUPER_25,3350000,113,9,13,135,54,59,6.2727275
SUPER_25,3360000,26,2,1,29,16,10,8
SUPER_25,3370000,4,0,2,6,2,2,10.5
SUPER_25,3380000,3,0,0,3,1,2,NaN
SUPER_25,3390000,81,4,4,89,41,40,2.25
SUPER_25,3400000,98,11,5,114,51,47,3.1875
SUPER_25,3410000,154,8,15,177,70,84,7.173913
SUPER_25,3420000,134,11,11,156,66,68,5.090909
SUPER_25,3430000,108,7,5,120,57,51,25.333334
SUPER_25,3440000,14,4,2,20,8,6,2.5
SUPER_25,3450000,0,0,1,1,0,0,1
SUPER_25,3460000,0,0,0,0,0,0,0
SUPER_25,3470000,0,0,0,0,0,0,0
SUPER_25,3480000,24,3,6,33,10,14,6.5555553
SUPER_25,3490000,75,12,10,97,31,44,14.863636
SUPER_25,3500000,121,5,10,136,62,59,3.8
SUPER_25,3510000,2,0,0,2,1,1,NaN
SUPER_25,3520000,2,1,0,3,1,1,1
SUPER_25,3530000,3,0,0,3,1,2,NaN
SUPER_25,3540000,2,0,0,2,1,1,NaN
SUPER_25,3550000,66,9,9,84,29,37,26
SUPER_25,3560000,61,11,4,76,28,33,6.8
SUPER_25,3570000,17,2,2,21,11,6,1.5
SUPER_25,3580000,210,16,23,249,110,100,18.461538
SUPER_25,3590000,120,9,12,141,67,53,4.285714
SUPER_25,3600000,25,3,0,28,16,9,12.666667
SUPER_25,3610000,2,0,0,2,0,2,NaN
SUPER_25,3620000,58,2,4,64,35,23,7.5
SUPER_25,3630000,94,5,8,107,46,48,9.538462
SUPER_25,3640000,11,2,0,13,3,8,1
SUPER_25,3650000,0,1,0,1,0,0,8
SUPER_25,3660000,10,0,2,12,7,3,6
SUPER_25,3670000,2,1,0,3,1,1,1
SUPER_25,3680000,1,0,0,1,1,0,NaN
SUPER_25,3690000,1,0,0,1,0,1,NaN
SUPER_25,3700000,0,1,0,1,0,0,1
SUPER_25,3710000,3,0,0,3,3,0,NaN
SUPER_25,3720000,3,1,1,5,0,3,4.5
SUPER_25,3730000,113,10,5,128,63,50,3.7333333
SUPER_25,3740000,57,2,4,63,33,24,2
SUPER_25,3750000,161,7,7,175,81,80,6.714286
SUPER_25,3760000,110,9,7,126,61,49,6.375
SUPER_25,3770000,71,6,7,84,30,41,17.923077
SUPER_25,3780000,78,9,8,95,41,37,8.470589
SUPER_25,3790000,1,1,0,2,1,0,4
SUPER_25,3800000,0,0,1,1,0,0,6
SUPER_25,3810000,0,0,0,0,0,0,0
SUPER_25,3820000,0,0,0,0,0,0,0
SUPER_25,3830000,62,7,6,75,34,28,37.846153
SUPER_25,3840000,139,10,12,161,65,74,9.727273
SUPER_25,3850000,36,1,4,41,14,22,55.2
SUPER_25,3860000,0,0,0,0,0,0,0
SUPER_25,3870000,0,0,0,0,0,0,0
SUPER_25,3880000,21,1,4,26,8,13,2.8
SUPER_25,3890000,51,3,5,59,28,23,2.375
SUPER_25,3900000,7,1,0,8,4,3,13
SUPER_25,3910000,92,5,10,107,51,41,65.86667
SUPER_25,3920000,163,8,10,181,74,89,5.2222223
SUPER_25,3930000,144,9,12,165,64,80,4.3333335
SUPER_25,3940000,136,11,11,158,78,58,5.1363635
SUPER_25,3950000,100,10,6,116,47,53,7.125
SUPER_25,3960000,80,5,7,92,33,47,15.916667
SUPER_25,3970000,163,16,12,191,82,81,5.357143
SUPER_25,3980000,6,1,1,8,5,1,1
SUPER_25,3990000,60,2,6,68,29,31,5.75
SUPER_25,4000000,80,3,5,88,38,42,29.5
SUPER_25,4010000,93,8,8,109,48,45,3.1875
SUPER_25,4020000,100,12,8,120,46,54,4.5
SUPER_25,4030000,153,11,14,178,69,84,12.88
SUPER_25,4040000,96,10,8,114,39,57,38.333332
SUPER_25,4050000,6,0,0,6,3,3,NaN
SUPER_25,4060000,24,1,2,27,13,11,5.6666665
SUPER_25,4070000,107,6,11,124,45,62,11.058824
SUPER_25,4080000,52,6,5,63,17,35,6.090909
SUPER_25,4090000,3,1,0,4,0,3,28
SUPER_25,4100000,2,2,0,4,0,2,2
SUPER_25,4110000,2,1,2,5,0,2,5.3333335
SUPER_25,4120000,21,4,1,26,14,7,3.6
SUPER_25,4130000,124,11,10,145,60,64,5.714286
SUPER_25,4140000,122,9,11,142,60,62,30.1
SUPER_25,4150000,131,14,16,161,61,70,12.1
SUPER_25,4160000,151,17,14,182,70,81,4.2580647
SUPER_25,4170000,109,10,13,132,44,65,4.9130435
SUPER_25,4180000,102,7,5,114,51,51,7.1666665
SUPER_25,4190000,2,0,0,2,2,0,NaN
SUPER_25,4200000,40,3,3,46,17,23,4.1666665
SUPER_25,4210000,100,6,22,128,45,55,28.821428
SUPER_25,4220000,94,11,13,118,45,49,4.9583335
SUPER_25,4230000,109,6,7,122,47,62,2.8461537
SUPER_25,4240000,51,3,4,58,29,22,7.428571
SUPER_25,4250000,139,10,11,160,70,69,9.952381
SUPER_25,4260000,35,4,3,42,13,22,4
SUPER_25,4270000,73,9,8,90,25,48,3.0588236
SUPER_25,4280000,189,11,15,215,90,99,6.230769
SUPER_25,4290000,145,5,9,159,78,67,8
SUPER_25,4300000,84,8,8,100,43,41,4.25
SUPER_25,4310000,94,7,8,109,50,44,5.4
SUPER_25,4320000,8,0,1,9,3,5,15
SUPER_25,4330000,73,5,3,81,34,39,4.75
SUPER_25,4340000,5,0,3,8,3,2,1.6666666
SUPER_25,4350000,11,1,0,12,6,5,4
SUPER_25,4360000,3,0,1,4,3,0,8
SUPER_25,4370000,33,4,4,41,19,14,3.375
SUPER_25,4380000,54,7,3,64,25,29,14.2
SUPER_25,4390000,142,8,13,163,69,73,6.952381
SUPER_25,4400000,6,0,0,6,1,5,NaN
SUPER_25,4410000,61,4,3,68,28,33,1.5714285
SUPER_25,4420000,104,9,12,125,53,51,8.190476
SUPER_25,4430000,173,14,19,206,86,87,4.7272725
SUPER_25,4440000,35,4,3,42,22,13,3.4285715
SUPER_25,4450000,3,0,0,3,1,2,NaN
SUPER_25,4460000,40,4,4,48,19,21,4.625
SUPER_25,4470000,109,10,6,125,72,37,8.5
SUPER_25,4480000,61,4,8,73,22,39,4.5
SUPER_25,4490000,86,8,8,102,44,42,9.8125
SUPER_25,4500000,180,11,4,195,97,83,4.6
SUPER_25,4510000,202,11,15,228,108,94,11.846154
SUPER_25,4520000,37,3,0,40,16,21,2.6666667
SUPER_25,4530000,1,0,0,1,1,0,NaN
SUPER_25,4540000,44,2,0,46,26,18,19
SUPER_25,4550000,100,10,9,119,55,45,4.5789475
SUPER_25,4560000,94,5,10,109,47,47,8.933333
SUPER_25,4570000,103,3,15,121,39,64,3.1666667
SUPER_25,4580000,33,3,2,38,15,18,3.6
SUPER_25,4590000,123,10,15,148,60,63,13.52
SUPER_25,4600000,100,7,10,117,57,43,6.117647
SUPER_25,4610000,114,3,8,125,60,54,8.090909
SUPER_25,4620000,64,1,1,66,33,31,2
SUPER_25,4630000,25,4,0,29,14,11,2.75
SUPER_25,4640000,6,2,1,9,5,1,1
SUPER_25,4650000,4,0,0,4,1,3,NaN
SUPER_25,4660000,28,1,1,30,18,10,4
SUPER_25,4670000,103,5,8,116,48,55,11
SUPER_25,4680000,147,8,10,165,60,87,6.3333335
SUPER_25,4690000,98,7,8,113,48,50,2.7333333
SUPER_25,4700000,51,6,4,61,29,22,6.6
SUPER_25,4710000,151,15,14,180,71,80,20.206896
SUPER_25,4720000,113,16,9,138,49,64,6.96
SUPER_25,4730000,51,4,5,60,33,18,26.555555
SUPER_25,4740000,45,2,7,54,22,23,4.6666665
SUPER_25,4750000,43,3,3,49,15,28,16.166666
SUPER_25,4760000,125,11,6,142,66,59,11.764706
SUPER_25,4770000,33,5,1,39,10,23,3.3333333
SUPER_25,4780000,79,10,5,94,46,33,5.4
SUPER_25,4790000,115,14,16,145,60,55,40.266666
SUPER_25,4800000,134,10,14,158,79,55,6.4583335
SUPER_25,4810000,170,11,11,192,76,94,5.590909
SUPER_25,4820000,148,8,11,167,63,85,5.7894735
SUPER_25,4830000,167,8,11,186,84,83,35.473682
SUPER_25,4840000,5,0,0,5,2,3,NaN
SUPER_25,4850000,46,6,5,57,29,17,11
SUPER_25,4860000,61,7,7,75,18,43,5.714286
SUPER_25,4870000,52,8,3,63,27,25,1.9090909
SUPER_25,4880000,62,10,6,78,31,31,5.875
SUPER_25,4890000,69,7,5,81,32,37,5.3333335
SUPER_25,4900000,139,15,15,169,75,64,5.3333335
SUPER_25,4910000,44,3,2,49,20,24,1.2
SUPER_25,4920000,66,6,7,79,32,34,6.076923
SUPER_25,4930000,87,4,9,100,39,48,8.615385
SUPER_25,4940000,80,5,6,91,41,39,3.4545455
SUPER_25,4950000,141,11,15,167,63,78,7.3846154
SUPER_25,4960000,156,20,9,185,84,72,6.1034484
SUPER_25,4970000,76,12,4,92,37,39,8.4375
SUPER_25,4980000,130,13,4,147,62,68,3.1176472
SUPER_25,4990000,153,13,16,182,78,75,6.793103
SUPER_25,5000000,156,16,8,180,81,75,10.333333
SUPER_25,5010000,37,3,3,43,15,22,6.1666665
SUPER_25,5020000,82,5,8,95,44,38,3.6153846
SUPER_25,5030000,71,5,4,80,29,42,8.666667
SUPER_25,5040000,4,1,0,5,1,3,2
SUPER_25,5050000,89,12,9,110,44,45,15.476191
SUPER_25,5060000,64,7,5,76,34,30,2.75
SUPER_25,5070000,21,2,2,25,11,10,36
SUPER_25,5080000,2,0,0,2,0,2,NaN
SUPER_25,5090000,2,0,0,2,1,1,NaN
SUPER_25,5100000,0,0,0,0,0,0,0
SUPER_25,5110000,0,0,0,0,0,0,0
SUPER_25,5120000,13,1,2,16,9,4,1.3333334
SUPER_25,5130000,43,2,2,47,22,21,2.75
SUPER_25,5140000,73,3,9,85,35,38,12.666667
SUPER_25,5150000,50,4,4,58,30,20,13.625
SUPER_25,5160000,1,2,1,4,1,0,7.3333335
SUPER_25,5170000,1,0,0,1,1,0,NaN
SUPER_25,5180000,2,0,1,3,1,1,6
SUPER_25,5190000,99,8,6,113,46,53,6.071429
SUPER_25,5200000,102,6,3,111,61,41,6.5555553
SUPER_25,5210000,107,6,5,118,45,62,50.363636
SUPER_25,5220000,98,6,6,110,52,46,19.583334
SUPER_25,5230000,20,2,6,28,11,9,13
SUPER_25,5240000,82,6,7,95,41,41,9.384615
SUPER_25,5250000,65,5,12,82,34,31,7.9411764
SUPER_25,5260000,64,3,6,73,35,29,6
SUPER_25,5270000,128,5,11,144,76,52,5.375
SUPER_25,5280000,190,8,18,216,90,100,18.576923
SUPER_25,5290000,76,10,2,88,38,38,9.75
SUPER_25,5300000,1,0,0,1,0,1,NaN
SUPER_25,5310000,1,0,1,2,0,1,1
SUPER_25,5320000,1,1,0,2,1,0,1
SUPER_25,5330000,1,0,1,2,1,0,1
SUPER_25,5340000,1,0,0,1,0,1,NaN
SUPER_25,5350000,28,1,1,30,11,17,5.5
SUPER_25,5360000,74,6,4,84,37,37,3.7
SUPER_25,5370000,103,12,8,123,55,48,6.7
SUPER_25,5380000,154,9,10,173,68,86,5.5263157
SUPER_25,5390000,180,10,15,205,101,79,5.52
SUPER_25,5400000,96,8,11,115,46,50,9.421053
SUPER_25,5410000,132,13,12,157,58,74,8
SUPER_25,5420000,0,0,0,0,0,0,0
SUPER_25,5430000,0,0,0,0,0,0,0
SUPER_25,5440000,294,26,26,346,168,126,9.942307
SUPER_25,5450000,93,8,3,104,52,41,3.7272727
SUPER_25,5460000,5,1,0,6,3,2,1
SUPER_25,5470000,61,5,3,69,31,30,2.875
SUPER_25,5480000,77,7,6,90,40,37,4.3076925
SUPER_25,5490000,115,1,9,125,58,57,13.5
SUPER_25,5500000,0,0,0,0,0,0,0
SUPER_25,5510000,0,0,0,0,0,0,0
SUPER_25,5520000,151,6,8,165,68,83,3.5714285
SUPER_25,5530000,117,9,12,138,63,54,7.285714
SUPER_25,5540000,78,6,6,90,43,35,4.6666665
SUPER_25,5550000,96,7,16,119,54,42,7.2608695
SUPER_25,5560000,57,2,2,61,31,26,1
SUPER_25,5570000,192,8,13,213,106,86,8.238095
SUPER_25,5580000,80,5,9,94,39,41,7.928571
SUPER_25,5590000,13,0,1,14,9,4,1
SUPER_25,5600000,67,6,4,77,40,27,36.7
SUPER_25,5610000,70,4,5,79,36,34,11.333333
SUPER_25,5620000,60,6,4,70,34,26,8.2
SUPER_25,5630000,147,15,11,173,86,61,3.7307692
SUPER_25,5640000,127,5,18,150,68,59,5
SUPER_25,5650000,29,0,2,31,11,18,226.5
SUPER_25,5660000,109,9,10,128,69,40,6.9473686
SUPER_25,5670000,133,6,8,147,69,64,2.5714285
SUPER_25,5680000,26,2,4,32,16,10,2.3333333
SUPER_25,5690000,1,0,0,1,0,1,NaN
SUPER_25,5700000,55,4,4,63,33,22,9.75
SUPER_25,5710000,90,5,4,99,50,40,10.111111
SUPER_25,5720000,9,1,1,11,0,9,20
SUPER_25,5730000,5,1,0,6,2,3,1
SUPER_25,5740000,3,1,1,5,3,0,1
SUPER_25,5750000,4,1,0,5,3,1,2
SUPER_25,5760000,2,1,1,4,1,1,32.5
SUPER_25,5770000,1,0,0,1,0,1,NaN
SUPER_25,5780000,1,0,1,2,1,0,6
SUPER_25,5790000,3,0,0,3,1,2,NaN
SUPER_25,5800000,4,0,0,4,1,3,NaN
SUPER_25,5810000,0,0,1,1,0,0,9
SUPER_25,5820000,11,0,2,13,6,5,3
SUPER_25,5830000,26,1,3,30,8,18,2.5
SUPER_25,5840000,1,2,1,4,0,1,1
SUPER_25,5850000,15,0,3,18,6,9,3.6666667
SUPER_25,5860000,3,1,0,4,0,3,1
SUPER_25,5870000,110,7,4,121,54,56,14.909091
SUPER_25,5880000,77,6,5,88,42,35,6
SUPER_25,5890000,130,10,7,147,68,62,39.882355
SUPER_25,5900000,35,2,4,41,19,16,6.1666665
SUPER_25,5910000,200,21,10,231,108,92,5.612903
SUPER_25,5920000,113,11,10,134,59,54,13.476191
SUPER_25,5930000,130,13,10,153,53,77,7.5652175
SUPER_25,5940000,16,0,0,16,8,8,NaN
SUPER_25,5950000,85,8,4,97,48,37,3.9166667
SUPER_25,5960000,23,3,5,31,14,9,5.875
SUPER_25,5970000,1,0,0,1,0,1,NaN
SUPER_25,5980000,74,8,2,84,42,32,5.4
SUPER_25,5990000,128,7,8,143,76,52,6.0666666
SUPER_25,6000000,195,12,12,219,99,96,4.2916665
SUPER_25,6010000,68,7,5,80,39,29,51.5
SUPER_25,6020000,62,1,7,70,29,33,4.75
SUPER_25,6030000,60,7,5,72,28,32,12.666667
SUPER_25,6040000,137,17,8,162,65,72,6.36
SUPER_25,6050000,21,1,1,23,7,14,26
SUPER_25,6060000,131,10,3,144,77,54,25.76923
SUPER_25,6070000,159,6,12,177,81,78,15.444445
SUPER_25,6080000,121,8,5,134,62,59,9.076923
SUPER_25,6090000,178,9,11,198,100,78,7.7
SUPER_25,6100000,44,2,7,53,15,29,9.666667
SUPER_25,6110000,12,3,2,17,5,7,4.4
SUPER_25,6120000,38,7,3,48,21,17,1.2
SUPER_25,6130000,127,10,9,146,72,55,29.210526
SUPER_25,6140000,89,9,8,106,46,43,8.6470585
SUPER_25,6150000,64,5,9,78,29,35,4.071429
SUPER_25,6160000,41,0,2,43,22,19,4.5
SUPER_25,6170000,61,3,6,70,34,27,2.6666667
SUPER_25,6180000,121,8,5,134,67,54,7.4615383
SUPER_25,6190000,0,0,0,0,0,0,0
SUPER_25,6200000,0,0,0,0,0,0,0
SUPER_25,6210000,152,15,12,179,73,79,8.37037
SUPER_25,6220000,55,10,5,70,32,23,6.733333
SUPER_25,6230000,87,11,7,105,31,56,4.1666665
SUPER_25,6240000,78,8,6,92,41,37,6.142857
SUPER_25,6250000,24,1,2,27,13,11,56.333332
SUPER_25,6260000,64,5,5,74,29,35,12.5
SUPER_25,6270000,105,9,9,123,51,54,3.2777777
SUPER_25,6280000,86,5,10,101,46,40,5.4
SUPER_25,6290000,32,3,1,36,10,22,5
SUPER_25,6300000,33,5,2,40,19,14,9.428572
SUPER_25,6310000,71,11,6,88,34,37,2.1176472
SUPER_25,6320000,99,2,6,107,50,49,7.875
SUPER_25,6330000,41,2,2,45,20,21,2.75
SUPER_25,6340000,46,5,1,52,21,25,4
SUPER_25,6350000,7,0,1,8,4,3,1
SUPER_25,6360000,1,0,0,1,1,0,NaN
SUPER_25,6370000,0,0,0,0,0,0,0
SUPER_25,6380000,0,0,0,0,0,0,0
SUPER_25,6390000,3,2,1,6,2,1,3.3333333
SUPER_25,6400000,0,0,1,1,0,0,2
SUPER_25,6410000,92,7,12,111,48,44,10.894737
SUPER_25,6420000,13,1,0,14,8,5,8
SUPER_25,6430000,87,10,8,105,40,47,5.2777777
SUPER_25,6440000,102,14,12,128,41,61,4.730769
SUPER_25,6450000,82,7,3,92,40,42,12.3
SUPER_25,6460000,2,0,0,2,0,2,NaN
SUPER_25,6470000,0,1,0,1,0,0,1
SUPER_25,6480000,0,0,0,0,0,0,0
SUPER_25,6490000,0,0,0,0,0,0,0
SUPER_25,6500000,7,2,3,12,4,3,19.2
SUPER_25,6510000,1,2,0,3,1,0,8
SUPER_25,6520000,5,2,1,8,2,3,4.6666665
SUPER_25,6530000,59,4,9,72,25,34,9.076923
SUPER_25,6540000,12,1,1,14,3,9,8
SUPER_25,6550000,55,5,5,65,28,27,8.5
SUPER_25,6560000,15,0,1,16,6,9,83
SUPER_25,6570000,3,0,0,3,2,1,NaN
SUPER_25,6580000,56,8,4,68,30,26,3.5833333
SUPER_25,6590000,82,12,11,105,36,46,2.9565217
SUPER_25,6600000,1,0,0,1,0,1,NaN
SUPER_25,6610000,69,3,8,80,37,32,3.7272727
SUPER_25,6620000,76,4,14,94,35,41,15
SUPER_25,6630000,68,6,7,81,31,37,9.615385
SUPER_25,6640000,84,8,12,104,45,39,4.65
SUPER_25,6650000,116,15,9,140,54,62,5.7083335
SUPER_25,6660000,26,2,1,29,8,18,2.3333333
SUPER_25,6670000,115,14,13,142,60,55,30.74074
SUPER_25,6680000,69,4,6,79,34,35,3.8
SUPER_25,6690000,81,15,8,104,47,34,8.391304
SUPER_25,6700000,117,8,7,132,53,64,3.1333334
SUPER_25,6710000,49,5,3,57,26,23,9.625
SUPER_25,6720000,1,2,1,4,1,0,6.6666665
SUPER_25,6730000,1,0,0,1,1,0,NaN
SUPER_25,6740000,3,0,1,4,0,3,1
SUPER_25,6750000,0,1,0,1,0,0,1
SUPER_25,6760000,2,1,0,3,1,1,20
SUPER_25,6770000,116,9,7,132,61,55,3.5
SUPER_25,6780000,33,1,2,36,15,18,1.6666666
SUPER_25,6790000,33,3,5,41,16,17,9.875
SUPER_25,6800000,123,11,7,141,63,60,3.1111112
SUPER_25,6810000,90,5,5,100,48,42,24.6
SUPER_25,6820000,6,1,1,8,4,2,1.5
SUPER_25,6830000,7,0,1,8,4,3,1
SUPER_25,6840000,183,17,11,211,88,95,13.035714
SUPER_25,6850000,101,5,6,112,48,53,5
SUPER_25,6860000,152,12,9,173,70,82,8.523809
SUPER_25,6870000,63,7,9,79,31,32,10.6875
SUPER_25,6880000,82,7,7,96,35,47,27.5
SUPER_25,6890000,185,13,15,213,99,86,3.2857144
SUPER_25,6900000,205,21,14,240,93,112,12.914286
SUPER_25,6910000,10,3,0,13,3,7,2.3333333
SUPER_25,6920000,90,4,6,100,45,45,3.8
SUPER_25,6930000,122,5,7,134,55,67,101.833336
SUPER_25,6940000,86,6,12,104,46,40,17.5
SUPER_25,6950000,109,8,7,124,54,55,5.733333
SUPER_25,6960000,22,2,1,25,14,8,3.3333333
SUPER_25,6970000,130,10,11,151,64,66,4.952381
SUPER_25,6980000,71,11,5,87,39,32,7.5
SUPER_25,6990000,1,0,0,1,0,1,NaN
SUPER_25,7000000,64,7,3,74,33,31,6.6
SUPER_25,7010000,8,0,1,9,5,3,5
SUPER_25,7020000,84,8,9,101,42,42,4.117647
SUPER_25,7030000,79,3,4,86,46,33,5.142857
SUPER_25,7040000,78,5,2,85,48,30,11.142858
SUPER_25,7050000,102,9,9,120,53,49,12.111111
SUPER_25,7060000,107,8,6,121,55,52,1.8571428
SUPER_25,7070000,78,1,4,83,39,39,4.2
SUPER_25,7080000,133,12,8,153,64,69,4.8
SUPER_25,7090000,51,6,3,60,19,32,11
SUPER_25,7100000,4,4,0,8,4,0,6
SUPER_25,7110000,1,0,2,3,1,0,5
SUPER_25,7120000,0,1,0,1,0,0,2
SUPER_25,7130000,1,1,0,2,0,1,4
SUPER_25,7140000,1,0,0,1,0,1,NaN
SUPER_25,7150000,0,0,0,0,0,0,0
SUPER_25,7160000,0,0,0,0,0,0,0
SUPER_25,7170000,3,0,2,5,2,1,2.5
SUPER_25,7180000,1,0,0,1,1,0,NaN
SUPER_25,7190000,53,4,2,59,29,24,6.8333335
SUPER_25,7200000,149,12,9,170,73,76,6.2380953
SUPER_25,7210000,32,6,4,42,14,18,4.6
SUPER_25,7220000,96,5,9,110,45,51,7.357143
SUPER_25,7230000,174,8,13,195,98,76,7.571429
SUPER_25,7240000,124,4,8,136,58,66,3.1666667
SUPER_25,7250000,108,9,8,125,38,70,9.470589
SUPER_25,7260000,45,3,2,50,24,21,8.8
SUPER_25,7270000,98,14,9,121,55,43,4.0869565
SUPER_25,7280000,157,7,4,168,79,78,22.545454
SUPER_25,7290000,15,1,1,17,7,8,18
SUPER_25,7300000,30,1,3,34,16,14,10
SUPER_25,7310000,114,3,7,124,55,59,14.6
SUPER_25,7320000,154,13,9,176,81,73,3.6818182
SUPER_25,7330000,87,8,9,104,29,58,30.941177
SUPER_25,7340000,115,14,14,143,69,46,8.214286
SUPER_25,7350000,153,17,11,181,76,77,6.035714
SUPER_25,7360000,122,10,14,146,68,54,3.75
SUPER_25,7370000,119,4,8,131,62,57,2.4166667
SUPER_25,7380000,184,13,16,213,74,110,2.6206896
SUPER_25,7390000,112,13,10,135,61,51,5.478261
SUPER_25,7400000,147,14,7,168,77,70,10.761905
SUPER_25,7410000,1,0,0,1,1,0,NaN
SUPER_25,7420000,116,12,11,139,55,61,5.0434785
SUPER_25,7430000,77,5,7,89,39,38,5.3333335
SUPER_25,7440000,150,15,12,177,69,81,8.518518
SUPER_25,7450000,177,10,7,194,87,90,4.5882354
SUPER_25,7460000,172,16,9,197,92,80,6.92
SUPER_25,7470000,190,12,12,214,104,86,7.5833335
SUPER_25,7480000,108,5,9,122,64,44,4.428571
SUPER_25,7490000,94,4,6,104,45,49,11.1
SUPER_25,7500000,3,0,0,3,2,1,NaN
SUPER_25,7510000,0,0,0,0,0,0,0
SUPER_25,7520000,0,0,0,0,0,0,0
SUPER_25,7530000,143,8,10,161,70,73,3.5555556
SUPER_25,7540000,160,6,8,174,76,84,11.928572
SUPER_25,7550000,92,8,3,103,51,41,7
SUPER_25,7560000,122,9,8,139,78,44,6.9411764
SUPER_25,7570000,105,2,6,113,64,41,3.625
SUPER_25,7580000,149,9,5,163,80,69,8.642858
SUPER_25,7590000,95,13,13,121,50,45,7.6153846
SUPER_25,7600000,147,8,9,164,72,75,4.470588
SUPER_25,7610000,102,11,9,122,48,54,4.85
SUPER_25,7620000,106,12,7,125,61,45,7.894737
SUPER_25,7630000,1,0,0,1,0,1,NaN
SUPER_25,7640000,3,0,0,3,1,2,NaN
SUPER_25,7650000,2,0,0,2,0,2,NaN
SUPER_25,7660000,0,0,0,0,0,0,0
SUPER_25,7670000,0,0,0,0,0,0,0
SUPER_25,7680000,0,0,0,0,0,0,0
SUPER_25,7690000,0,0,0,0,0,0,0
SUPER_25,7700000,16,2,1,19,10,6,16
SUPER_25,7710000,77,11,7,95,36,41,5.4444447
SUPER_25,7720000,147,11,11,169,86,61,10.5
SUPER_25,7730000,135,6,8,149,68,67,8.785714
SUPER_25,7740000,187,13,9,209,92,95,13.772727
SUPER_25,7750000,181,10,11,202,85,96,5.047619
SUPER_25,7760000,108,6,12,126,54,54,6
SUPER_25,7770000,79,7,3,89,47,32,4.6
SUPER_25,7780000,1,1,0,2,0,1,2
SUPER_25,7790000,2,0,0,2,2,0,NaN
SUPER_25,7800000,2,0,0,2,1,1,NaN
SUPER_25,7810000,36,3,4,43,11,25,10
SUPER_25,7820000,92,15,4,111,56,36,10.947369
SUPER_25,7830000,107,18,10,135,57,50,8.464286
SUPER_25,7840000,57,12,1,70,31,26,5.076923
SUPER_25,7850000,58,4,2,64,26,32,7
SUPER_25,7860000,77,7,4,88,41,36,7.181818
SUPER_25,7870000,159,13,15,187,95,64,5.214286
SUPER_25,7880000,20,7,0,27,7,13,1.8571428
SUPER_25,7890000,1,0,0,1,1,0,NaN
SUPER_25,7900000,77,7,10,94,33,44,5
SUPER_25,7910000,1,1,0,2,1,0,1
SUPER_25,7920000,64,0,2,66,35,29,1.5
SUPER_25,7930000,0,0,0,0,0,0,0
SUPER_25,7940000,0,0,0,0,0,0,0
SUPER_25,7950000,52,2,6,60,31,21,8.75
SUPER_25,7960000,72,3,8,83,42,30,7.090909
SUPER_25,7970000,152,14,7,173,96,56,6.6666665
SUPER_25,7980000,50,2,2,54,18,32,5
SUPER_25,7990000,97,4,5,106,50,47,7.2222223
SUPER_25,8000000,2,1,3,6,2,0,1.25
SUPER_25,8010000,1,0,0,1,0,1,NaN
SUPER_25,8020000,3,0,0,3,2,1,NaN
SUPER_25,8030000,2,0,1,3,1,1,11
SUPER_25,8040000,2,0,0,2,1,1,NaN
SUPER_25,8050000,6,0,0,6,3,3,NaN
SUPER_25,8060000,175,12,9,196,92,83,5.428571
SUPER_25,8070000,232,17,18,267,117,115,12.942857
SUPER_25,8080000,96,4,3,103,62,34,7.428571
SUPER_25,8090000,117,7,2,126,52,65,3.7777777
SUPER_25,8100000,107,4,9,120,54,53,3.6923077
SUPER_25,8110000,134,12,17,163,72,62,9.344828
SUPER_25,8120000,111,2,6,119,58,53,16.125
SUPER_25,8130000,46,7,3,56,23,23,66.2
SUPER_25,8140000,51,7,4,62,27,24,6.909091
SUPER_25,8150000,103,8,5,116,50,53,6.769231
SUPER_25,8160000,93,7,8,108,44,49,3
SUPER_25,8170000,18,1,0,19,8,10,46
SUPER_25,8180000,156,6,11,173,84,72,17.764706
SUPER_25,8190000,65,3,6,74,33,32,14.555555
SUPER_25,8200000,146,7,7,160,76,70,6.142857
SUPER_25,8210000,78,3,6,87,39,39,3.2222223
SUPER_25,8220000,55,2,1,58,29,26,2.6666667
SUPER_25,8230000,208,15,6,229,115,93,5.714286
SUPER_25,8240000,217,14,11,242,117,100,24.76
SUPER_25,8250000,22,3,1,26,7,15,2.25
SUPER_25,8260000,4,0,0,4,2,2,NaN
SUPER_25,8270000,1,0,0,1,0,1,NaN
SUPER_25,8280000,58,1,6,65,28,30,2.7142856
SUPER_25,8290000,33,1,3,37,14,19,1.25
SUPER_25,8300000,172,11,10,193,90,82,6.095238
SUPER_25,8310000,94,4,5,103,53,41,16.88889
SUPER_25,8320000,57,0,3,60,24,33,1
SUPER_25,8330000,16,0,0,16,4,12,NaN
SUPER_25,8340000,100,4,6,110,56,44,8
SUPER_25,8350000,55,2,3,60,31,24,3
SUPER_25,8360000,13,0,1,14,3,10,5
SUPER_25,8370000,90,8,5,103,49,41,16.384615
SUPER_25,8380000,147,6,11,164,82,65,13.176471
SUPER_25,8390000,18,2,2,22,8,10,1.25
SUPER_25,8400000,6,0,0,6,2,4,NaN
SUPER_25,8410000,6,1,0,7,4,2,1
SUPER_25,8420000,5,2,0,7,3,2,1
SUPER_25,8430000,96,7,6,109,52,44,24.846153
SUPER_25,8440000,40,3,1,44,19,21,5.5
SUPER_25,8450000,7,1,0,8,4,3,1
SUPER_25,8460000,75,5,5,85,41,34,4.9
SUPER_25,8470000,44,1,8,53,25,19,4.5555553
SUPER_25,8480000,121,11,7,139,61,60,5.1666665
SUPER_25,8490000,26,0,3,29,17,9,21
SUPER_25,8500000,175,7,18,200,93,82,7.96
SUPER_25,8510000,27,4,1,32,13,14,3.4
SUPER_25,8520000,113,10,10,133,64,49,17.6
SUPER_25,8530000,100,7,10,117,54,46,5
SUPER_25,8540000,101,9,7,117,55,46,6.9375
SUPER_25,8550000,107,5,5,117,55,52,5.5
SUPER_25,8560000,54,2,6,62,30,24,9.625
SUPER_25,8570000,133,12,7,152,65,68,5.4736843
SUPER_25,8580000,51,2,4,57,33,18,63.333332
SUPER_25,8590000,27,1,0,28,16,11,8
SUPER_25,8600000,216,20,16,252,107,109,26.25
SUPER_25,8610000,136,8,9,153,74,62,5.2352943
SUPER_25,8620000,149,14,5,168,87,62,6.368421
SUPER_25,8630000,46,1,1,48,18,28,4
SUPER_25,8640000,130,6,9,145,68,62,3.2666667
SUPER_25,8650000,176,10,12,198,84,92,14.363636
SUPER_25,8660000,114,9,9,132,64,50,5.1666665
SUPER_25,8670000,220,11,14,245,122,98,6.08
SUPER_25,8680000,208,11,13,232,104,104,2.8333333
SUPER_25,8690000,160,15,12,187,85,75,5.5925927
SUPER_25,8700000,46,5,2,53,23,23,3.7142856
SUPER_25,8710000,29,0,2,31,13,16,1
SUPER_25,8720000,80,9,2,91,44,36,11.181818
SUPER_25,8730000,37,8,1,46,24,13,5.5555553
SUPER_25,8740000,43,1,1,45,21,22,2.5
SUPER_25,8750000,107,10,8,125,57,50,13.055555
SUPER_25,8760000,127,10,8,145,69,58,6.1666665
SUPER_25,8770000,175,10,9,194,98,77,10.578947
SUPER_25,8780000,35,3,4,42,16,19,3.142857
SUPER_25,8790000,115,7,6,128,55,60,5.5384617
SUPER_25,8800000,10,1,2,13,4,6,6.6666665
SUPER_25,8810000,53,1,8,62,22,31,5
SUPER_25,8820000,124,8,6,138,78,46,4.785714
SUPER_25,8830000,76,7,4,87,40,36,8.818182
SUPER_25,8840000,140,9,9,158,70,70,37.61111
SUPER_25,8850000,91,8,6,105,46,45,6.714286
SUPER_25,8860000,0,0,0,0,0,0,0
SUPER_25,8870000,0,0,0,0,0,0,0
SUPER_25,8880000,102,4,12,118,48,54,14.1875
SUPER_25,8890000,116,10,8,134,57,59,2.6111112
SUPER_25,8900000,93,5,9,107,52,41,5.714286
SUPER_25,8910000,109,6,8,123,62,47,34.42857
SUPER_25,8920000,18,6,1,25,7,11,34.142857
SUPER_25,8930000,1,0,0,1,1,0,NaN
SUPER_25,8940000,9,1,0,10,2,7,9
SUPER_25,8950000,19,1,3,23,10,9,7.25
SUPER_25,8960000,110,8,7,125,55,55,3.9333334
SUPER_25,8970000,41,3,2,46,21,20,4.2
SUPER_25,8980000,189,17,16,222,99,90,4.818182
SUPER_25,8990000,125,4,10,139,81,44,5.5
SUPER_25,9000000,180,9,10,199,95,85,3.6842105
SUPER_25,9010000,92,7,6,105,36,56,10.692307
SUPER_25,9020000,0,1,1,2,0,0,1.5
SUPER_25,9030000,0,1,0,1,0,0,2
SUPER_25,9040000,7,0,0,7,4,3,NaN
SUPER_25,9050000,1,0,0,1,0,1,NaN
SUPER_25,9060000,1,0,0,1,1,0,NaN
SUPER_25,9070000,45,3,3,51,25,20,7.8333335
SUPER_25,9080000,88,10,9,107,42,46,7.8421054
SUPER_25,9090000,122,8,8,138,66,56,3.4375
SUPER_25,9100000,125,10,9,144,67,58,7.3157897
SUPER_25,9110000,58,4,5,67,31,27,2.5555556
SUPER_25,9120000,102,3,5,110,60,42,4
SUPER_25,9130000,106,7,5,118,48,58,5.5
SUPER_25,9140000,18,1,2,21,8,10,2.6666667
SUPER_25,9150000,73,6,2,81,36,37,15.5
SUPER_25,9160000,115,9,7,131,59,56,6.9375
SUPER_25,9170000,30,3,1,34,16,14,2.5
SUPER_25,9180000,96,5,5,106,56,40,27.9
SUPER_25,9190000,160,10,10,180,89,71,18.35
SUPER_25,9200000,141,11,11,163,71,70,17.5
SUPER_25,9210000,133,15,13,161,73,60,8.107142
SUPER_25,9220000,71,13,8,92,35,36,4.142857
SUPER_25,9230000,92,1,8,101,48,44,7.4444447
SUPER_25,9240000,168,10,12,190,80,88,29.454546
SUPER_25,9250000,129,12,10,151,77,52,10.090909
SUPER_25,9260000,180,12,6,198,81,99,5.7777777
SUPER_25,9270000,11,0,4,15,9,2,4.5
SUPER_25,9280000,135,9,11,155,73,62,6.05
SUPER_25,9290000,107,8,8,123,53,54,4.1875
SUPER_25,9300000,91,5,5,101,41,50,3.6
SUPER_25,9310000,57,2,7,66,29,28,9.444445
SUPER_25,9320000,31,3,0,34,20,11,3
SUPER_25,9330000,6,0,0,6,5,1,NaN
SUPER_25,9340000,76,2,1,79,42,34,10
SUPER_25,9350000,79,1,8,88,45,34,9.777778
SUPER_25,9360000,94,4,5,103,54,40,13.555555
SUPER_25,9370000,96,5,6,107,46,50,4
SUPER_25,9380000,4,0,1,5,1,3,3
SUPER_25,9390000,48,6,6,60,23,25,3.75
SUPER_25,9400000,111,11,12,134,59,52,14.826087
SUPER_25,9410000,88,5,8,101,60,28,4.769231
SUPER_25,9420000,184,13,8,205,100,84,9.714286
SUPER_25,9430000,85,6,4,95,36,49,8.4
SUPER_25,9440000,153,14,7,174,82,71,5.1904764
SUPER_25,9450000,92,6,7,105,52,40,9
SUPER_25,9460000,101,9,7,117,52,49,10.0625
SUPER_25,9470000,77,7,3,87,47,30,36.7
SUPER_25,9480000,88,10,10,108,46,42,9.75
SUPER_25,9490000,127,7,4,138,68,59,9.272727
SUPER_25,9500000,46,4,3,53,24,22,3.4285715
SUPER_25,9510000,2,0,1,3,1,1,62
SUPER_25,9520000,1,1,0,2,0,1,1
SUPER_25,9530000,1,1,0,2,0,1,12
SUPER_25,9540000,12,4,0,16,6,6,14.5
SUPER_25,9550000,2,0,0,2,2,0,NaN
SUPER_25,9560000,3,0,0,3,2,1,NaN
SUPER_25,9570000,2,0,1,3,0,2,76
SUPER_25,9580000,41,5,1,47,22,19,7
SUPER_25,9590000,3,0,1,4,2,1,2
SUPER_25,9600000,5,2,0,7,3,2,4.5
SUPER_25,9610000,1,1,0,2,1,0,3
SUPER_25,9620000,86,7,7,100,41,45,7.071429
SUPER_25,9630000,115,8,10,133,61,54,11.166667
SUPER_25,9640000,131,15,8,154,67,64,11.782609
SUPER_25,9650000,154,4,4,162,74,80,1.625
SUPER_25,9660000,112,8,7,127,72,40,6.9333334
SUPER_25,9670000,2,1,0,3,1,1,1
SUPER_25,9680000,102,5,3,110,51,51,12.5
SUPER_25,9690000,81,2,6,89,41,40,2.75
SUPER_25,9700000,62,5,3,70,28,34,1.25
SUPER_25,9710000,135,4,12,151,67,68,6.1875
SUPER_25,9720000,97,10,12,119,47,50,12.318182
SUPER_25,9730000,162,7,10,179,88,74,3
SUPER_25,9740000,253,14,21,288,147,106,10.342857
SUPER_25,9750000,141,6,7,154,85,56,9.076923
SUPER_25,9760000,90,7,5,102,47,43,45.25
SUPER_25,9770000,131,8,9,148,55,76,10.882353
SUPER_25,9780000,176,14,16,206,86,90,5.8
SUPER_25,9790000,132,8,15,155,71,61,6.173913
SUPER_25,9800000,181,11,12,204,98,83,9.347826
SUPER_25,9810000,109,10,9,128,63,46,6.7894735
SUPER_25,9820000,129,5,5,139,72,57,9.1
SUPER_25,9830000,90,2,8,100,39,51,6.4
SUPER_25,9840000,134,8,6,148,71,63,10.428572
SUPER_25,9850000,187,11,6,204,100,87,6.647059
SUPER_25,9860000,102,9,10,121,47,55,7.6842103
SUPER_25,9870000,135,11,7,153,63,72,6.4444447
SUPER_25,9880000,96,8,5,109,54,42,6.230769
SUPER_25,9890000,55,6,3,64,35,20,59
SUPER_25,9900000,0,0,0,0,0,0,0
SUPER_25,9910000,0,0,0,0,0,0,0
SUPER_25,9920000,0,0,0,0,0,0,0
SUPER_25,9930000,0,0,0,0,0,0,0
SUPER_25,9940000,0,0,0,0,0,0,0
SUPER_25,9950000,128,9,9,146,68,60,16.333334
SUPER_25,9960000,9,0,0,9,5,4,NaN
SUPER_25,9970000,51,4,3,58,21,30,6
SUPER_25,9980000,104,15,6,125,66,38,5.952381
SUPER_25,9990000,80,5,4,89,40,40,7.4444447
SUPER_25,10000000,145,10,9,164,79,66,4.368421
SUPER_25,10010000,108,9,8,125,65,43,4
SUPER_25,10020000,106,12,6,124,51,55,9.333333
SUPER_25,10030000,25,0,2,27,16,9,4.5
SUPER_25,10040000,57,6,2,65,36,21,66.875
SUPER_25,10050000,154,5,10,169,76,78,9.6
SUPER_25,10060000,150,7,11,168,84,66,3.3888888
SUPER_25,10070000,56,4,7,67,24,32,3
SUPER_25,10080000,15,1,1,17,8,7,1
SUPER_25,10090000,38,4,2,44,19,19,6
SUPER_25,10100000,60,2,3,65,24,36,8.2
SUPER_25,10110000,4,0,0,4,2,2,NaN
SUPER_25,10120000,147,6,9,162,79,68,5.8
SUPER_25,10130000,177,9,17,203,85,92,11
SUPER_25,10140000,87,7,8,102,53,34,18.866667
SUPER_25,10150000,219,14,18,251,126,93,4.625
SUPER_25,10160000,0,0,0,0,0,0,0
SUPER_25,10170000,0,0,0,0,0,0,0
SUPER_25,10180000,9,1,0,10,4,5,12
SUPER_25,10190000,9,1,0,10,6,3,7
SUPER_25,10200000,53,3,3,59,28,25,6.8333335
SUPER_25,10210000,63,0,6,69,28,35,3.6666667
SUPER_25,10220000,8,3,1,12,6,2,11.75
SUPER_25,10230000,25,3,6,34,16,9,9.666667
SUPER_25,10240000,50,6,4,60,30,20,3.3
SUPER_25,10250000,92,7,7,106,44,48,9.5
SUPER_25,10260000,82,9,7,98,39,43,3.8125
SUPER_25,10270000,44,7,2,53,21,23,3.8888888
SUPER_25,10280000,3,1,0,4,1,2,1
SUPER_25,10290000,62,4,4,70,29,33,3.75
SUPER_25,10300000,69,7,8,84,31,38,8.533334
SUPER_25,10310000,2,0,0,2,2,0,NaN
SUPER_25,10320000,129,7,17,153,67,62,48.5
SUPER_25,10330000,108,5,14,127,57,51,16.631578
SUPER_25,10340000,110,10,3,123,53,57,8.538462
SUPER_25,10350000,42,3,1,46,23,19,51.75
SUPER_25,10360000,7,1,0,8,3,4,1
SUPER_25,10370000,195,16,11,222,118,77,5.703704
SUPER_25,10380000,90,4,7,101,45,45,2.7272727
SUPER_25,10390000,157,10,7,174,73,84,4.9411764
SUPER_25,10400000,110,4,7,121,56,54,3.1818182
SUPER_25,10410000,95,9,7,111,53,42,32.875
SUPER_25,10420000,27,3,5,35,16,11,37
SUPER_25,10430000,1,0,0,1,1,0,NaN
SUPER_25,10440000,16,0,2,18,7,9,1.5
SUPER_25,10450000,60,4,6,70,33,27,7.2
SUPER_25,10460000,137,5,7,149,73,64,5.0833335
SUPER_25,10470000,91,6,4,101,50,41,5.6
SUPER_25,10480000,19,3,4,26,8,11,9.714286
SUPER_25,10490000,1,0,0,1,1,0,NaN
SUPER_25,10500000,1,1,1,3,1,0,2.5
SUPER_25,10510000,0,0,0,0,0,0,0
SUPER_25,10520000,0,0,0,0,0,0,0
SUPER_25,10530000,0,0,0,0,0,0,0
SUPER_25,10540000,0,0,0,0,0,0,0
SUPER_25,10550000,0,0,0,0,0,0,0
SUPER_25,10560000,7,0,0,7,2,5,NaN
SUPER_25,10570000,128,11,8,147,71,57,4.8421054
SUPER_25,10580000,116,11,8,135,64,52,10.157895
SUPER_25,10590000,56,5,6,67,34,22,17.181818
SUPER_25,10600000,67,7,4,78,25,42,20
SUPER_25,10610000,60,1,2,63,36,24,15.333333
SUPER_25,10620000,73,11,10,94,33,40,10.333333
SUPER_25,10630000,110,12,9,131,54,56,3.4285715
SUPER_25,10640000,166,15,14,195,78,88,37.03448
SUPER_25,10650000,119,9,8,136,57,62,69.117645
SUPER_25,10660000,91,11,10,112,55,36,9
SUPER_25,10670000,80,5,5,90,35,45,5.4
SUPER_25,10680000,180,12,6,198,84,96,9.944445
SUPER_25,10690000,36,7,2,45,19,17,10.888889
SUPER_25,10700000,6,0,1,7,6,0,42
SUPER_25,10710000,36,3,5,44,19,17,2.875
SUPER_25,10720000,9,1,1,11,7,2,1
SUPER_25,10730000,75,5,6,86,36,39,29.545454
SUPER_25,10740000,176,14,18,208,91,85,5.625
SUPER_25,10750000,9,1,3,13,5,4,2.5
SUPER_25,10760000,2,0,1,3,0,2,1
SUPER_25,10770000,4,0,1,5,2,2,1
SUPER_25,10780000,4,0,1,5,1,3,2
SUPER_25,10790000,5,0,2,7,3,2,3
SUPER_25,10800000,4,2,1,7,3,1,5.6666665
SUPER_25,10810000,68,6,2,76,37,31,2.875
SUPER_25,10820000,98,6,12,116,51,47,5
SUPER_25,10830000,7,2,0,9,4,3,1
SUPER_25,10840000,132,6,11,149,69,63,8.470589
SUPER_25,10850000,171,11,13,195,90,81,9.291667
SUPER_25,10860000,147,7,14,168,81,66,17.142857
SUPER_25,10870000,195,3,10,208,108,87,25.384615
SUPER_25,10880000,12,2,3,17,6,6,21.6
SUPER_25,10890000,113,11,14,138,51,62,6.48
SUPER_25,10900000,171,10,13,194,80,91,7.5652175
SUPER_25,10910000,71,6,5,82,26,45,8.909091
SUPER_25,10920000,47,3,2,52,26,21,4.2
SUPER_25,10930000,36,0,1,37,16,20,1
SUPER_25,10940000,39,1,4,44,22,17,5
SUPER_25,10950000,57,2,4,63,28,29,4.6666665
SUPER_25,10960000,88,9,7,104,47,41,17.9375
SUPER_25,10970000,84,6,11,101,40,44,6.882353
SUPER_25,10980000,111,9,10,130,53,58,3.5263157
SUPER_25,10990000,110,9,5,124,67,43,3.5
SUPER_25,11000000,55,3,4,62,25,30,9.142858
SUPER_25,11010000,88,6,3,97,52,36,7.6666665
SUPER_25,11020000,80,8,12,100,39,41,30.05
SUPER_25,11030000,126,10,19,155,60,66,12.310345
SUPER_25,11040000,27,3,1,31,16,11,24.75
SUPER_25,11050000,50,6,7,63,22,28,35.384617
SUPER_25,11060000,43,0,2,45,23,20,1.5
SUPER_25,11070000,57,8,7,72,28,29,8.666667
SUPER_25,11080000,30,1,4,35,19,11,4
SUPER_25,11090000,11,1,1,13,8,3,1
SUPER_25,11100000,2,0,0,2,2,0,NaN
SUPER_25,11110000,2,0,0,2,1,1,NaN
SUPER_25,11120000,78,3,9,90,42,36,14.083333
SUPER_25,11130000,27,3,3,33,15,12,10.333333
SUPER_25,11140000,76,3,8,87,35,41,18.181818
SUPER_25,11150000,91,5,6,102,51,40,5.6363635
SUPER_25,11160000,163,7,12,182,92,71,3.5263157
SUPER_25,11170000,193,17,14,224,97,96,7.387097
SUPER_25,11180000,0,0,0,0,0,0,0
SUPER_25,11190000,0,0,0,0,0,0,0
SUPER_25,11200000,76,10,6,92,40,36,10.8125
SUPER_25,11210000,112,11,6,129,46,66,5.117647
SUPER_25,11220000,129,11,10,150,67,62,3.4761906
SUPER_25,11230000,129,6,7,142,57,72,8.769231
SUPER_25,11240000,33,9,3,45,16,17,6.75
SUPER_25,11250000,137,10,9,156,63,74,6.0526314
SUPER_25,11260000,156,7,8,171,79,77,7.3333335
SUPER_25,11270000,116,10,15,141,67,49,5.48
SUPER_25,11280000,66,5,5,76,35,31,3.9
SUPER_25,11290000,108,11,5,124,53,55,5.875
SUPER_25,11300000,42,3,6,51,21,21,4.7777777
SUPER_25,11310000,23,1,0,24,12,11,32
SUPER_25,11320000,78,6,3,87,40,38,7.888889
SUPER_25,11330000,40,2,2,44,24,16,6.5
SUPER_25,11340000,191,13,13,217,97,94,5.5384617
SUPER_25,11350000,47,2,3,52,16,31,3.8
SUPER_25,11360000,123,14,8,145,67,56,20.954546
SUPER_25,11370000,171,16,13,200,87,84,5.0689654
SUPER_25,11380000,129,9,18,156,69,60,5.4814816
SUPER_25,11390000,54,5,6,65,26,28,3.8181818
SUPER_25,11400000,4,2,2,8,1,3,4.25
SUPER_25,11410000,90,2,11,103,37,53,3.2307692
SUPER_25,11420000,131,12,12,155,65,66,2.75
SUPER_25,11430000,11,0,1,12,6,5,2
SUPER_25,11440000,128,11,10,149,81,47,5
SUPER_25,11450000,93,7,9,109,45,48,10
SUPER_25,11460000,130,11,7,148,58,72,25.055555
SUPER_25,11470000,225,12,22,259,123,102,12.235294
SUPER_25,11480000,156,13,23,192,68,88,7.6944447
SUPER_25,11490000,1,0,1,2,0,1,2
SUPER_25,11500000,13,2,3,18,7,6,2
SUPER_25,11510000,242,13,25,280,116,126,12.473684
SUPER_25,11520000,113,11,3,127,52,61,4.571429
SUPER_25,11530000,11,2,0,13,4,7,1
SUPER_25,11540000,110,7,7,124,59,51,8.5
SUPER_25,11550000,100,7,4,111,50,50,1.3636364
SUPER_25,11560000,185,12,12,209,102,83,6.5416665
SUPER_25,11570000,70,6,6,82,36,34,37.583332
SUPER_25,11580000,82,8,4,94,37,45,10
SUPER_25,11590000,73,3,8,84,38,35,20.636364
SUPER_25,11600000,75,5,7,87,37,38,5.4166665
SUPER_25,11610000,31,1,1,33,19,12,9
SUPER_25,11620000,147,17,7,171,82,65,6.9166665
SUPER_25,11630000,202,14,18,234,98,104,7.03125
SUPER_25,11640000,227,18,9,254,108,119,12.925926
SUPER_25,11650000,2,0,0,2,2,0,NaN
SUPER_25,11660000,9,1,0,10,7,2,1
SUPER_25,11670000,2,2,0,4,2,0,5
SUPER_25,11680000,0,0,0,0,0,0,0
SUPER_25,11690000,0,0,0,0,0,0,0
SUPER_25,11700000,5,0,0,5,2,3,NaN
SUPER_25,11710000,23,5,2,30,14,9,9.285714
SUPER_25,11720000,160,16,8,184,75,85,3.3333333
SUPER_25,11730000,169,14,7,190,90,79,8.857142
SUPER_25,11740000,102,6,9,117,56,46,5.9333334
SUPER_25,11750000,104,9,6,119,48,56,11.6
SUPER_25,11760000,147,17,4,168,68,79,5.2380953
SUPER_25,11770000,96,3,5,104,58,38,19.5
SUPER_25,11780000,105,12,4,121,56,49,6.5
SUPER_25,11790000,70,5,4,79,31,39,23
SUPER_25,11800000,112,12,7,131,60,52,12.947369
SUPER_25,11810000,133,12,11,156,61,72,6.347826
SUPER_25,11820000,160,14,8,182,74,86,3.2272727
SUPER_25,11830000,47,5,2,54,19,28,2
SUPER_25,11840000,159,6,18,183,82,77,8.041667
SUPER_25,11850000,1,1,0,2,1,0,4
SUPER_25,11860000,110,11,3,124,63,47,3.0714285
SUPER_25,11870000,32,1,0,33,12,20,1
SUPER_25,11880000,31,4,1,36,15,16,3.6
SUPER_25,11890000,166,8,3,177,96,70,4
SUPER_25,11900000,113,6,4,123,53,60,10.2
SUPER_25,11910000,169,10,12,191,92,77,5.2727275
SUPER_25,11920000,142,12,11,165,66,76,3.0869565
SUPER_25,11930000,74,1,8,83,36,38,5.3333335
SUPER_25,11940000,84,3,6,93,46,38,6
SUPER_25,11950000,35,2,5,42,14,21,9.285714
SUPER_25,11960000,45,5,3,53,25,20,10.375
SUPER_25,11970000,1,1,2,4,1,0,1
SUPER_25,11980000,2,0,0,2,1,1,NaN
SUPER_25,11990000,3,0,0,3,2,1,NaN
SUPER_25,12000000,2,0,0,2,0,2,NaN
SUPER_25,12010000,79,8,7,94,40,39,14.533334
SUPER_25,12020000,2,1,1,4,2,0,2.5
SUPER_25,12030000,2,0,2,4,2,0,7.5
SUPER_25,12040000,0,0,1,1,0,0,6
SUPER_25,12050000,6,2,0,8,5,1,2.5
SUPER_25,12060000,123,8,5,136,62,61,21.076923
SUPER_25,12070000,92,5,11,108,48,44,13
SUPER_25,12080000,151,6,11,168,75,76,4.352941
SUPER_25,12090000,89,5,9,103,38,51,5.285714
SUPER_25,12100000,273,14,16,303,140,133,27.1
SUPER_25,12110000,151,10,7,168,82,69,9
SUPER_25,12120000,98,11,8,117,53,45,7.6842103
SUPER_25,12130000,44,6,5,55,26,18,5.818182
SUPER_25,12140000,98,7,6,111,55,43,7.1538463
SUPER_25,12150000,47,6,4,57,23,24,3.3
SUPER_25,12160000,95,10,11,116,43,52,8.285714
SUPER_25,12170000,81,7,3,91,43,38,12.2
SUPER_25,12180000,118,9,3,130,57,61,2.5
SUPER_25,12190000,123,11,9,143,69,54,6.15
SUPER_25,12200000,90,6,7,103,46,44,5.6923075
SUPER_25,12210000,59,3,2,64,32,27,1.6
SUPER_25,12220000,75,7,3,85,43,32,3.4
SUPER_25,12230000,110,9,6,125,60,50,19.666666
SUPER_25,12240000,76,6,6,88,37,39,4.1666665
SUPER_25,12250000,41,2,2,45,22,19,3.75
SUPER_25,12260000,88,8,7,103,38,50,3.8
SUPER_25,12270000,72,6,4,82,28,44,6.8
SUPER_25,12280000,60,3,3,66,30,30,10
SUPER_25,12290000,82,7,11,100,45,37,7.2222223
SUPER_25,12300000,109,8,9,126,59,50,6.470588
SUPER_25,12310000,27,5,1,33,11,16,9.5
SUPER_25,12320000,89,5,5,99,50,39,8.1
SUPER_25,12330000,157,9,20,186,81,76,10.75862
SUPER_25,12340000,115,3,7,125,58,57,7.5
SUPER_25,12350000,60,3,4,67,32,28,2.2857144
SUPER_25,12360000,117,9,3,129,51,66,5.8333335
SUPER_25,12370000,88,4,6,98,41,47,7.8
SUPER_25,12380000,137,13,16,166,71,66,5.586207
SUPER_25,12390000,101,12,10,123,47,54,6.909091
SUPER_25,12400000,45,6,2,53,17,28,1.5
SUPER_25,12410000,64,6,9,79,30,34,8.4
SUPER_25,12420000,77,4,3,84,36,41,7
SUPER_25,12430000,109,12,11,132,51,58,9.565217
SUPER_25,12440000,174,12,12,198,76,98,5.7083335
SUPER_25,12450000,102,5,4,111,55,47,9.333333
SUPER_25,12460000,9,2,2,13,4,5,1.25
SUPER_25,12470000,46,2,5,53,17,29,16.571428
SUPER_25,12480000,87,13,5,105,43,44,5.7222223
SUPER_25,12490000,116,13,11,140,61,55,10.25
SUPER_25,12500000,109,15,11,135,50,59,5.5384617
SUPER_25,12510000,99,2,11,112,47,52,8.153846
SUPER_25,12520000,154,15,11,180,80,74,5.3461537
SUPER_25,12530000,59,4,4,67,33,26,12
SUPER_25,12540000,22,1,1,24,13,9,1.5
SUPER_25,12550000,0,0,1,1,0,0,1
SUPER_25,12560000,0,0,1,1,0,0,7
SUPER_25,12570000,2,0,0,2,2,0,NaN
SUPER_25,12580000,32,3,4,39,14,18,14.142858
SUPER_25,12590000,0,0,0,0,0,0,0
SUPER_25,12600000,0,0,0,0,0,0,0
SUPER_25,12610000,100,4,8,112,57,43,6.75
SUPER_25,12620000,0,1,0,1,0,0,4
SUPER_25,12630000,26,3,3,32,13,13,6.8333335
SUPER_25,12640000,18,1,0,19,11,7,12
SUPER_25,12650000,27,4,2,33,13,14,2.6666667
SUPER_25,12660000,45,3,6,54,26,19,5.2222223
SUPER_25,12670000,103,6,10,119,51,52,1.625
SUPER_25,12680000,61,8,6,75,32,29,2.4285715
SUPER_25,12690000,3,1,1,5,2,1,1
SUPER_25,12700000,116,1,7,124,68,48,2.25
SUPER_25,12710000,82,5,1,88,53,29,3.3333333
SUPER_25,12720000,1,0,1,2,0,1,1
SUPER_25,12730000,102,3,3,108,45,57,10.5
SUPER_25,12740000,150,11,13,174,79,71,4.2083335
SUPER_25,12750000,81,5,8,94,42,39,42.846153
SUPER_25,12760000,80,8,5,93,42,38,16.461538
SUPER_25,12770000,1,1,0,2,0,1,1
SUPER_25,12780000,55,2,4,61,29,26,9.5
SUPER_25,12790000,133,8,12,153,71,62,16.95
SUPER_25,12800000,168,12,12,192,78,90,5.1666665
SUPER_25,12810000,105,6,17,128,49,56,6.4347825
SUPER_25,12820000,112,10,8,130,49,63,6.7777777
SUPER_25,12830000,3,0,1,4,3,0,2
SUPER_25,12840000,97,7,8,112,47,50,31.266666
SUPER_25,12850000,123,9,12,144,61,62,5.142857
SUPER_25,12860000,153,14,13,180,66,87,5.259259
SUPER_25,12870000,143,17,12,172,61,82,19.586206
SUPER_25,12880000,122,12,8,142,48,74,3.75
SUPER_25,12890000,2,0,0,2,1,1,NaN
SUPER_25,12900000,96,6,7,109,54,42,4.923077
SUPER_25,12910000,103,11,13,127,53,50,6.9166665
SUPER_25,12920000,53,7,3,63,26,27,5.3
SUPER_25,12930000,0,0,0,0,0,0,0
SUPER_25,12940000,0,0,0,0,0,0,0
SUPER_25,12950000,9,1,0,10,3,6,6
SUPER_25,12960000,18,1,2,21,8,10,3.3333333
SUPER_25,12970000,13,0,0,13,11,2,NaN
SUPER_25,12980000,97,6,9,112,58,39,7.133333
SUPER_25,12990000,27,3,2,32,9,18,8.2
SUPER_25,13000000,2,0,1,3,2,0,2
SUPER_25,13010000,1,0,0,1,0,1,NaN
SUPER_25,13020000,2,0,0,2,2,0,NaN
SUPER_25,13030000,3,1,0,4,2,1,2
SUPER_25,13040000,3,0,1,4,1,2,13
SUPER_25,13050000,1,0,0,1,1,0,NaN
SUPER_25,13060000,1,0,1,2,1,0,1
SUPER_25,13070000,2,0,0,2,2,0,NaN
SUPER_25,13080000,2,0,0,2,1,1,NaN
SUPER_25,13090000,1,0,0,1,1,0,NaN
SUPER_25,13100000,2,1,0,3,1,1,3
SUPER_25,13110000,3,0,0,3,0,3,NaN
SUPER_25,13120000,3,1,0,4,2,1,1
SUPER_25,13130000,3,1,1,5,3,0,10
SUPER_25,13140000,0,0,2,2,0,0,1.5
SUPER_25,13150000,0,0,0,0,0,0,0
SUPER_25,13160000,0,0,0,0,0,0,0
SUPER_25,13170000,5,0,4,9,3,2,3.5
SUPER_25,13180000,23,3,1,27,12,11,3.75
SUPER_25,13190000,6,1,0,7,3,3,42
SUPER_25,13200000,2,0,2,4,1,1,2.5
SUPER_25,13210000,2,0,1,3,0,2,18
SUPER_25,13220000,3,1,1,5,0,3,1.5
SUPER_25,13230000,2,0,0,2,1,1,NaN
SUPER_25,13240000,1,0,0,1,0,1,NaN
SUPER_25,13250000,1,0,0,1,0,1,NaN
SUPER_25,13260000,2,1,0,3,0,2,3
SUPER_25,13270000,0,0,0,0,0,0,0
SUPER_25,13280000,0,0,0,0,0,0,0
SUPER_25,13290000,3,1,0,4,1,2,6
SUPER_25,13300000,2,2,0,4,0,2,1
SUPER_25,13310000,1,0,0,1,0,1,NaN
SUPER_25,13320000,1,0,0,1,0,1,NaN
SUPER_25,13330000,5,0,0,5,1,4,NaN
SUPER_25,13340000,10,0,2,12,5,5,1
SUPER_25,13350000,4,0,0,4,1,3,NaN
SUPER_25,13360000,67,8,2,77,36,31,3.2
SUPER_25,13370000,55,5,0,60,24,31,1.2
SUPER_25,13380000,36,2,3,41,19,17,3.8
SUPER_25,13390000,18,1,1,20,7,11,18
SUPER_25,13400000,22,2,3,27,13,9,5
SUPER_25,13410000,4,0,1,5,2,2,5
SUPER_25,13420000,7,0,0,7,5,2,NaN
SUPER_25,13430000,4,0,1,5,2,2,1
SUPER_25,13440000,2,0,0,2,1,1,NaN
SUPER_25,13450000,2,0,0,2,2,0,NaN
SUPER_25,13460000,1,0,0,1,0,1,NaN
SUPER_25,13470000,2,1,0,3,0,2,1
SUPER_25,13480000,0,1,0,1,0,0,2
SUPER_25,13490000,0,0,0,0,0,0,0
SUPER_25,13500000,0,0,0,0,0,0,0
SUPER_25,13510000,5,0,1,6,3,2,1
SUPER_25,13520000,2,0,0,2,1,1,NaN
SUPER_25,13530000,2,0,0,2,0,2,NaN
SUPER_25,13540000,1,0,0,1,1,0,NaN
SUPER_25,13550000,5,0,0,5,5,0,NaN
SUPER_25,13560000,138,5,10,153,74,64,6.4666667
SUPER_25,13570000,179,10,9,198,102,77,8.105263
SUPER_25,13580000,71,4,4,79,40,31,30.375
SUPER_25,13590000,46,4,4,54,26,20,9.875
SUPER_25,13600000,64,5,6,75,34,30,2.909091
SUPER_25,13610000,41,1,3,45,24,17,4.75
SUPER_25,13620000,27,1,2,30,12,15,7.3333335
SUPER_25,13630000,97,9,13,119,65,32,6.6363635
SUPER_25,13640000,78,7,4,89,39,39,3.7272727
SUPER_25,13650000,98,4,5,107,57,41,4.2222223
SUPER_25,13660000,44,2,2,48,20,24,1.75
SUPER_25,13670000,72,8,7,87,30,42,16.066668
SUPER_25,13680000,107,8,6,121,57,50,35.357143
SUPER_25,13690000,0,0,0,0,0,0,0
SUPER_25,13700000,0,0,0,0,0,0,0
SUPER_25,13710000,0,0,0,0,0,0,0
SUPER_25,13720000,0,0,0,0,0,0,0
SUPER_25,13730000,152,12,5,169,86,66,5
SUPER_25,13740000,16,1,2,19,8,8,12
SUPER_25,13750000,40,2,2,44,21,19,16.75
SUPER_25,13760000,88,11,5,104,48,40,3.875
SUPER_25,13770000,77,3,3,83,45,32,4.3333335
SUPER_25,13780000,60,6,4,70,31,29,5.8
SUPER_25,13790000,75,7,2,84,41,34,5.888889
SUPER_25,13800000,150,9,13,172,96,54,5
SUPER_25,13810000,187,13,10,210,92,95,8.565217
SUPER_25,13820000,0,0,0,0,0,0,0
SUPER_25,13830000,0,0,0,0,0,0,0
SUPER_25,13840000,111,8,13,132,52,59,7.047619
SUPER_25,13850000,16,4,2,22,9,7,11.5
SUPER_25,13860000,0,0,0,0,0,0,0
SUPER_25,13870000,0,0,0,0,0,0,0
SUPER_25,13880000,0,0,0,0,0,0,0
SUPER_25,13890000,0,0,0,0,0,0,0
SUPER_25,13900000,110,5,8,123,60,50,9.384615
SUPER_25,13910000,0,0,0,0,0,0,0
SUPER_25,13920000,0,0,0,0,0,0,0
SUPER_25,13930000,77,6,6,89,41,36,4.5
SUPER_25,13940000,6,1,2,9,3,3,5.6666665
SUPER_25,13950000,100,3,7,110,52,48,19.7
SUPER_25,13960000,0,0,0,0,0,0,0
SUPER_25,13970000,0,0,0,0,0,0,0
SUPER_25,13980000,148,9,11,168,74,74,7.2
SUPER_25,13990000,153,10,9,172,80,73,5.7894735
SUPER_25,14000000,171,12,14,197,80,91,3.1153846
SUPER_25,14010000,138,13,17,168,67,71,8.1
SUPER_25,14020000,205,11,13,229,101,104,7.5833335
SUPER_25,14030000,121,9,6,136,63,58,16
SUPER_25,14040000,130,9,12,151,67,63,2.4285715
SUPER_25,14050000,71,4,6,81,37,34,12.1
SUPER_25,14060000,119,4,9,132,63,56,8.153846
SUPER_25,14070000,62,6,4,72,30,32,4.2
SUPER_25,14080000,30,1,7,38,15,15,2.625
SUPER_25,14090000,5,0,0,5,0,5,NaN
SUPER_25,14100000,2,0,0,2,1,1,NaN
SUPER_25,14110000,2,1,1,4,0,2,1
SUPER_25,14120000,6,0,0,6,3,3,NaN
SUPER_25,14130000,1,2,0,3,1,0,7
SUPER_25,14140000,4,0,0,4,3,1,NaN
SUPER_25,14150000,1,2,0,3,0,1,1
SUPER_25,14160000,81,4,2,87,46,35,19.5
SUPER_25,14170000,188,8,14,210,90,98,8.590909
SUPER_25,14180000,87,12,11,110,41,46,5.130435
SUPER_25,14190000,61,8,1,70,33,28,6
SUPER_25,14200000,0,0,0,0,0,0,0
SUPER_25,14210000,0,0,0,0,0,0,0
SUPER_25,14220000,0,0,0,0,0,0,0
SUPER_25,14230000,77,7,4,88,46,31,4.181818
SUPER_25,14240000,1,1,0,2,1,0,2
SUPER_25,14250000,48,4,9,61,24,24,6.769231
SUPER_25,14260000,89,7,16,112,49,40,5.5652175
SUPER_25,14270000,119,7,10,136,67,52,6.529412
SUPER_25,14280000,138,6,13,157,66,72,5.368421
SUPER_25,14290000,100,8,6,114,56,44,12.285714
SUPER_25,14300000,67,6,6,79,29,38,31.5
SUPER_25,14310000,154,9,9,172,83,71,9.833333
SUPER_25,14320000,145,7,10,162,75,70,6.0588236
SUPER_25,14330000,82,7,11,100,45,37,33.333332
SUPER_25,14340000,2,0,1,3,2,0,1
SUPER_25,14350000,0,1,0,1,0,0,4
SUPER_25,14360000,0,0,0,0,0,0,0
SUPER_25,14370000,0,0,0,0,0,0,0
SUPER_25,14380000,2,0,1,3,2,0,1
SUPER_25,14390000,9,0,1,10,6,3,2
SUPER_25,14400000,135,8,10,153,68,67,3.0555556
SUPER_25,14410000,158,11,13,182,84,74,5.7916665
SUPER_25,14420000,44,5,3,52,26,18,6.875
SUPER_25,14430000,2,1,1,4,1,1,1
SUPER_25,14440000,1,0,0,1,0,1,NaN
SUPER_25,14450000,65,5,6,76,38,27,8.545455
SUPER_25,14460000,186,11,21,218,83,103,23.375
SUPER_25,14470000,190,17,20,227,104,86,7.1621623
SUPER_25,14480000,63,9,4,76,27,36,8.153846
SUPER_25,14490000,92,2,9,103,47,45,8.636364
SUPER_25,14500000,134,11,13,158,64,70,3.9583333
SUPER_25,14510000,20,0,0,20,13,7,NaN
SUPER_25,14520000,127,8,11,146,67,60,13
SUPER_25,14530000,38,2,3,43,18,20,8
SUPER_25,14540000,46,5,3,54,21,25,11.25
SUPER_25,14550000,2,0,0,2,2,0,NaN
SUPER_25,14560000,2,0,0,2,0,2,NaN
SUPER_25,14570000,1,0,1,2,1,0,1
SUPER_25,14580000,10,2,5,17,2,8,2.7142856
SUPER_25,14590000,106,9,12,127,51,55,2.142857
SUPER_25,14600000,63,9,3,75,31,32,8
SUPER_25,14610000,65,7,4,76,41,24,2.8181818
SUPER_25,14620000,91,6,9,106,54,37,20.933332
SUPER_25,14630000,37,2,1,40,17,20,1.3333334
SUPER_25,14640000,13,2,2,17,8,5,3
SUPER_25,14650000,2,1,0,3,2,0,1
SUPER_25,14660000,1,1,1,3,1,0,5
SUPER_25,14670000,2,0,0,2,1,1,NaN
SUPER_25,14680000,48,3,4,55,23,25,4
SUPER_25,14690000,71,3,8,82,36,35,11.363636
SUPER_25,14700000,118,7,12,137,56,62,7.8421054
SUPER_25,14710000,90,4,11,105,51,39,31.6
SUPER_25,14720000,137,7,7,151,75,62,5
SUPER_25,14730000,10,0,0,10,7,3,NaN
SUPER_25,14740000,4,9,3,16,1,3,1.0833334
SUPER_25,14750000,1,0,1,2,0,1,1
SUPER_25,14760000,0,1,0,1,0,0,1
SUPER_25,14770000,3,0,0,3,2,1,NaN
SUPER_25,14780000,75,5,5,85,38,37,5.1
SUPER_25,14790000,1,0,0,1,1,0,NaN
SUPER_25,14800000,0,1,0,1,0,0,1
SUPER_25,14810000,1,0,0,1,1,0,NaN
SUPER_25,14820000,1,0,0,1,0,1,NaN
SUPER_25,14830000,129,6,3,138,71,58,4.888889
SUPER_25,14840000,93,12,8,113,55,38,7.5
SUPER_25,14850000,81,5,7,93,41,40,6
SUPER_25,14860000,150,8,9,167,83,67,49.882355
SUPER_25,14870000,123,6,7,136,64,59,8.230769
SUPER_25,14880000,12,1,1,14,7,5,1
SUPER_25,14890000,1,0,0,1,1,0,NaN
SUPER_25,14900000,94,4,5,103,45,49,4.6666665
SUPER_25,14910000,173,9,12,194,100,73,5.6190476
SUPER_25,14920000,249,13,12,274,132,117,4.52
SUPER_25,14930000,134,10,11,155,76,58,8
SUPER_25,14940000,134,12,4,150,68,66,5.125
SUPER_25,14950000,53,10,6,69,27,26,2.1875
SUPER_25,14960000,83,9,4,96,41,42,3.5384614
SUPER_25,14970000,13,0,1,14,4,9,4
SUPER_25,14980000,39,2,3,44,20,19,8.8
SUPER_25,14990000,0,0,0,0,0,0,0
SUPER_25,15000000,0,0,0,0,0,0,0
SUPER_25,15010000,0,0,0,0,0,0,0
SUPER_25,15020000,204,12,13,229,116,88,12.44
SUPER_25,15030000,96,5,11,112,54,42,36.9375
SUPER_25,15040000,4,0,0,4,3,1,NaN
SUPER_25,15050000,4,1,1,6,3,1,5
SUPER_25,15060000,63,6,4,73,29,34,4.9
SUPER_25,15070000,120,8,5,133,63,57,2.3076923
SUPER_25,15080000,95,7,6,108,52,43,5.3846154
SUPER_25,15090000,86,7,8,101,44,42,10.133333
SUPER_25,15100000,102,7,10,119,55,47,27.352942
SUPER_25,15110000,157,4,15,176,78,79,11.368421
SUPER_25,15120000,6,0,0,6,4,2,NaN
SUPER_25,15130000,14,1,0,15,10,4,1
SUPER_25,15140000,139,14,10,163,68,71,5.7916665
SUPER_25,15150000,166,6,11,183,83,83,5.529412
SUPER_25,15160000,67,2,4,73,36,31,8.5
SUPER_25,15170000,125,10,3,138,61,64,43.307693
SUPER_25,15180000,0,0,0,0,0,0,0
SUPER_25,15190000,0,0,0,0,0,0,0
SUPER_25,15200000,196,13,18,227,95,101,9.935484
SUPER_25,15210000,75,3,3,81,34,41,5.8333335
SUPER_25,15220000,94,2,7,103,54,40,7.3333335
SUPER_25,15230000,44,1,3,48,24,20,1.5
SUPER_25,15240000,4,1,0,5,2,2,12
SUPER_25,15250000,4,0,0,4,0,4,NaN
SUPER_25,15260000,2,1,0,3,1,1,1
SUPER_25,15270000,3,0,2,5,0,3,3
SUPER_25,15280000,4,0,0,4,1,3,NaN
SUPER_25,15290000,37,3,4,44,19,18,11.857142
SUPER_25,15300000,83,7,7,97,40,43,7.714286
SUPER_25,15310000,2,0,0,2,1,1,NaN
SUPER_25,15320000,1,0,1,2,1,0,6
SUPER_25,15330000,1,0,0,1,1,0,NaN
SUPER_25,15340000,3,2,1,6,0,3,11
SUPER_25,15350000,13,1,1,15,8,5,6
SUPER_25,15360000,54,1,3,58,27,27,1
SUPER_25,15370000,139,7,8,154,66,73,12.666667
SUPER_25,15380000,122,11,12,145,57,65,7.478261
SUPER_25,15390000,81,3,6,90,41,40,69
SUPER_25,15400000,70,6,1,77,40,30,2.4285715
SUPER_25,15410000,189,14,13,216,96,93,5.740741
SUPER_25,15420000,51,0,3,54,30,21,3
SUPER_25,15430000,141,15,7,163,72,69,6.0454545
SUPER_25,15440000,60,2,5,67,30,30,3
SUPER_25,15450000,1,0,0,1,0,1,NaN
SUPER_25,15460000,0,0,0,0,0,0,0
SUPER_25,15470000,0,0,0,0,0,0,0
SUPER_25,15480000,5,0,3,8,3,2,38
SUPER_25,15490000,1,1,0,2,0,1,1
SUPER_25,15500000,5,1,1,7,2,3,5.5
SUPER_25,15510000,2,1,0,3,1,1,1
SUPER_25,15520000,5,0,1,6,1,4,22
SUPER_25,15530000,2,1,0,3,0,2,1
SUPER_25,15540000,105,7,9,121,57,48,9.625
SUPER_25,15550000,49,1,0,50,27,22,3
SUPER_25,15560000,36,8,1,45,19,17,26.666666
SUPER_25,15570000,47,1,0,48,21,26,3
SUPER_25,15580000,96,7,9,112,52,44,8.8125
SUPER_25,15590000,160,12,11,183,86,74,9.478261
SUPER_25,15600000,70,3,2,75,44,26,10.4
SUPER_25,15610000,58,3,11,72,26,32,10.785714
SUPER_25,15620000,159,8,11,178,87,72,8.105263
SUPER_25,15630000,72,6,4,82,41,31,3.5
SUPER_25,15640000,195,11,11,217,89,106,7.4545455
SUPER_25,15650000,156,15,9,180,80,76,13.25
SUPER_25,15660000,182,14,17,213,94,88,13.193548
SUPER_25,15670000,144,10,12,166,67,77,6.4545455
SUPER_25,15680000,93,7,7,107,60,33,3.0714285
SUPER_25,15690000,74,8,3,85,37,37,3.2727273
SUPER_25,15700000,135,10,8,153,68,67,3.1666667
SUPER_25,15710000,170,8,12,190,87,83,8.05
SUPER_25,15720000,87,6,7,100,44,43,4.8461537
SUPER_25,15730000,137,10,13,160,66,71,9.043478
SUPER_25,15740000,26,0,1,27,16,10,8
SUPER_25,15750000,1,0,0,1,0,1,NaN
SUPER_25,15760000,1,0,0,1,0,1,NaN
SUPER_25,15770000,2,0,1,3,1,1,4
SUPER_25,15780000,136,9,7,152,79,57,4.875
SUPER_25,15790000,56,3,9,68,27,29,4.5833335
SUPER_25,15800000,71,2,4,77,38,33,6.5
SUPER_25,15810000,18,3,0,21,6,12,3.6666667
SUPER_25,15820000,176,10,9,195,77,99,4.1578946
SUPER_25,15830000,99,6,6,111,49,50,2.9166667
SUPER_25,15840000,197,16,12,225,91,106,4.178571
SUPER_25,15850000,121,4,14,139,68,53,7.5555553
SUPER_25,15860000,14,1,0,15,6,8,1
SUPER_25,15870000,179,6,13,198,87,92,10.315789
SUPER_25,15880000,120,10,6,136,50,70,3.625
SUPER_25,15890000,152,11,17,180,83,69,5.928571
SUPER_25,15900000,195,9,18,222,100,95,2.4444444
SUPER_25,15910000,100,11,11,122,51,49,7.1363635
SUPER_25,15920000,144,15,10,169,76,68,5.68
SUPER_25,15930000,135,8,7,150,65,70,11.266666
SUPER_25,15940000,192,14,11,217,93,99,5.48
SUPER_25,15950000,168,14,10,192,88,80,6.875
SUPER_25,15960000,69,5,6,80,35,34,3.8181818
SUPER_25,15970000,109,8,7,124,63,46,5.4666667
SUPER_25,15980000,88,6,8,102,44,44,5
SUPER_25,15990000,1,0,1,2,1,0,2
SUPER_25,16000000,2,0,0,2,1,1,NaN
SUPER_25,16010000,3,0,0,3,0,3,NaN
SUPER_25,16020000,18,0,0,18,9,9,NaN
SUPER_25,16030000,30,1,5,36,15,15,3.5
SUPER_25,16040000,2,0,0,2,2,0,NaN
SUPER_25,16050000,64,5,12,81,32,32,2.9411764
SUPER_25,16060000,129,13,14,156,62,67,14.185185
SUPER_25,16070000,111,12,8,131,62,49,9.55
SUPER_25,16080000,62,5,2,69,28,34,2.142857
SUPER_25,16090000,30,2,5,37,17,13,2.4285715
SUPER_25,16100000,53,4,6,63,20,33,18.7
SUPER_25,16110000,26,6,6,38,10,16,26.916666
SUPER_25,16120000,1,0,2,3,1,0,21
SUPER_25,16130000,1,0,1,2,0,1,20
SUPER_25,16140000,1,1,1,3,0,1,2
SUPER_25,16150000,142,8,15,165,75,67,11.130435
SUPER_25,16160000,39,7,2,48,20,19,2.8888888
SUPER_25,16170000,135,15,12,162,58,77,14.777778
SUPER_25,16180000,127,11,7,145,79,48,7.111111
SUPER_25,16190000,104,10,13,127,53,51,23.26087
SUPER_25,16200000,45,6,1,52,24,21,14.285714
SUPER_25,16210000,1,1,1,3,1,0,1
SUPER_25,16220000,55,4,4,63,23,32,5.5
SUPER_25,16230000,90,4,8,102,45,45,5.3333335
SUPER_25,16240000,5,0,1,6,4,1,2
SUPER_25,16250000,18,1,4,23,7,11,18.2
SUPER_25,16260000,88,6,5,99,44,44,7.7272725
SUPER_25,16270000,0,0,0,0,0,0,0
SUPER_25,16280000,0,0,0,0,0,0,0
SUPER_25,16290000,44,3,4,51,20,24,1.7142857
SUPER_25,16300000,1,1,0,2,0,1,3
SUPER_25,16310000,46,5,5,56,24,22,3.6
SUPER_25,16320000,52,6,6,64,22,30,14.583333
SUPER_25,16330000,84,4,13,101,40,44,4.470588
SUPER_25,16340000,86,7,9,102,46,40,16
SUPER_25,16350000,126,6,12,144,56,70,8.277778
SUPER_25,16360000,153,16,14,183,73,80,7.5
SUPER_25,16370000,134,9,16,159,71,63,4.4
SUPER_25,16380000,92,14,8,114,44,48,5.409091
SUPER_25,16390000,43,6,2,51,24,19,3.125
SUPER_25,16400000,64,9,6,79,31,33,8.6
SUPER_25,16410000,109,8,6,123,51,58,14.571428
SUPER_25,16420000,80,6,4,90,34,46,4.9
SUPER_25,16430000,117,11,6,134,59,58,9.470589
SUPER_25,16440000,76,4,6,86,44,32,3
SUPER_25,16450000,68,5,5,78,37,31,6.2
SUPER_25,16460000,163,15,10,188,88,75,8.92
SUPER_25,16470000,179,14,14,207,80,99,7.071429
SUPER_25,16480000,25,1,2,28,11,14,5
SUPER_25,16490000,2,0,0,2,1,1,NaN
SUPER_25,16500000,2,0,1,3,1,1,1
SUPER_25,16510000,2,0,0,2,2,0,NaN
SUPER_25,16520000,2,0,0,2,1,1,NaN
SUPER_25,16530000,1,0,0,1,0,1,NaN
SUPER_25,16540000,203,11,9,223,106,97,9.95
SUPER_25,16550000,21,0,2,23,12,9,6
SUPER_25,16560000,42,5,3,50,23,19,7.375
SUPER_25,16570000,142,16,13,171,72,70,4.1034484
SUPER_25,16580000,44,5,6,55,22,22,2.7272727
SUPER_25,16590000,0,0,0,0,0,0,0
SUPER_25,16600000,0,0,0,0,0,0,0
SUPER_25,16610000,42,2,5,49,18,24,4
SUPER_25,16620000,57,3,1,61,22,35,1.5
SUPER_25,16630000,7,0,0,7,4,3,NaN
SUPER_25,16640000,5,2,0,7,2,3,2.5
SUPER_25,16650000,161,14,6,181,86,75,8.85
SUPER_25,16660000,153,8,5,166,85,68,8.461538
SUPER_25,16670000,65,6,5,76,29,36,8.363636
SUPER_25,16680000,56,2,1,59,32,24,7.3333335
SUPER_25,16690000,81,6,9,96,34,47,6.6666665
SUPER_25,16700000,5,0,0,5,4,1,NaN
SUPER_25,16710000,6,0,2,8,2,4,15
SUPER_25,16720000,170,20,16,206,96,74,9.027778
SUPER_25,16730000,139,9,11,159,61,78,5.45
SUPER_25,16740000,88,4,6,98,47,41,4.2
SUPER_25,16750000,164,8,11,183,80,84,22.368422
SUPER_25,16760000,142,4,13,159,69,73,7.882353
SUPER_25,16770000,82,6,4,92,45,37,7.1
SUPER_25,16780000,102,15,8,125,49,53,13.26087
SUPER_25,16790000,33,3,0,36,16,17,5.3333335
SUPER_25,16800000,14,0,7,21,7,7,5.571429
SUPER_25,16810000,73,8,9,90,39,34,4.2941175
SUPER_25,16820000,19,0,3,22,10,9,29
SUPER_25,16830000,5,0,0,5,2,3,NaN
SUPER_25,16840000,3,0,0,3,1,2,NaN
SUPER_25,16850000,75,6,6,87,37,38,9.166667
SUPER_25,16860000,135,7,13,155,70,65,4.7
SUPER_25,16870000,61,3,4,68,31,30,11.285714
SUPER_25,16880000,54,3,4,61,30,24,1.5714285
SUPER_25,16890000,126,14,9,149,63,63,4.4347825
SUPER_25,16900000,48,0,6,54,26,22,19.333334
SUPER_25,16910000,99,8,5,112,42,57,7.8461537
SUPER_25,16920000,59,8,4,71,19,40,4.8333335
SUPER_25,16930000,54,6,2,62,27,27,2.25
SUPER_25,16940000,60,6,7,73,33,27,15.461538
SUPER_25,16950000,137,7,13,157,64,73,8.1
SUPER_25,16960000,110,4,11,125,60,50,18.933332
SUPER_25,16970000,91,5,5,101,54,37,7.3
SUPER_25,16980000,97,11,8,116,51,46,5.4210525
SUPER_25,16990000,48,7,6,61,24,24,11.538462
SUPER_25,17000000,73,4,9,86,39,34,9
SUPER_25,17010000,0,0,0,0,0,0,0
SUPER_25,17020000,0,0,0,0,0,0,0
SUPER_25,17030000,3,0,1,4,2,1,6
SUPER_25,17040000,6,0,0,6,3,3,NaN
SUPER_25,17050000,3,0,0,3,2,1,NaN
SUPER_25,17060000,3,0,0,3,3,0,NaN
SUPER_25,17070000,16,1,3,20,8,8,20.75
SUPER_25,17080000,144,9,9,162,73,71,3.7777777
SUPER_25,17090000,173,8,14,195,81,92,2.9545455
SUPER_25,17100000,58,5,5,68,27,31,21.2
SUPER_25,17110000,61,8,3,72,23,38,9.181818
SUPER_25,17120000,17,2,0,19,6,11,5
SUPER_25,17130000,24,1,0,25,13,11,4
SUPER_25,17140000,236,15,21,272,121,115,21.083334
SUPER_25,17150000,74,9,5,88,39,35,5.571429
SUPER_25,17160000,88,7,6,101,46,42,5.5384617
SUPER_25,17170000,95,7,9,111,49,46,5.5625
SUPER_25,17180000,7,0,1,8,2,5,3
SUPER_25,17190000,47,3,2,52,21,26,8.2
SUPER_25,17200000,110,9,11,130,70,40,5.95
SUPER_25,17210000,155,14,12,181,78,77,6.9615383
SUPER_25,17220000,154,10,9,173,75,79,18.052631
SUPER_25,17230000,147,11,10,168,87,60,5.3809524
SUPER_25,17240000,175,4,9,188,96,79,4.769231
SUPER_25,17250000,95,8,11,114,51,44,8.684211
SUPER_25,17260000,0,0,0,0,0,0,0
SUPER_25,17270000,0,0,0,0,0,0,0
SUPER_25,17280000,0,0,0,0,0,0,0
SUPER_25,17290000,96,6,8,110,57,39,43.357143
SUPER_25,17300000,147,10,16,173,71,76,5.8461537
SUPER_25,17310000,24,3,1,28,11,13,2
SUPER_25,17320000,77,4,8,89,33,44,21.666666
SUPER_25,17330000,75,6,9,90,35,40,12.8
SUPER_25,17340000,48,7,5,60,26,22,2.8333333
SUPER_25,17350000,19,1,2,22,10,9,2
SUPER_25,17360000,111,5,6,122,58,53,5.4545455
SUPER_25,17370000,85,9,11,105,39,46,14
SUPER_25,17380000,34,5,2,41,16,18,1.5714285
SUPER_25,17390000,100,5,7,112,59,41,31.916666
SUPER_25,17400000,56,3,3,62,27,29,1.8333334
SUPER_25,17410000,3,0,0,3,1,2,NaN
SUPER_25,17420000,0,0,1,1,0,0,3
SUPER_25,17430000,1,0,0,1,0,1,NaN
SUPER_25,17440000,1,0,0,1,0,1,NaN
SUPER_25,17450000,32,4,1,37,17,15,5.8
SUPER_25,17460000,80,7,9,96,33,47,12.75
SUPER_25,17470000,101,10,6,117,45,56,5
SUPER_25,17480000,104,3,5,112,57,47,19.375
SUPER_25,17490000,108,8,6,122,49,59,20.928572
SUPER_25,17500000,127,7,8,142,64,63,5.4
SUPER_25,17510000,109,9,3,121,53,56,2.6666667
SUPER_25,17520000,63,3,3,69,34,29,2.3333333
SUPER_25,17530000,81,3,4,88,41,40,5.571429
SUPER_25,17540000,55,5,7,67,32,23,4.0833335
SUPER_25,17550000,84,13,3,100,37,47,4.4375
SUPER_25,17560000,145,7,10,162,67,78,6.1764708
SUPER_25,17570000,143,10,16,169,75,68,8.846154
SUPER_25,17580000,64,8,6,78,30,34,6.714286
SUPER_25,17590000,64,8,6,78,30,34,12.214286
SUPER_25,17600000,46,2,6,54,24,22,5.375
SUPER_25,17610000,8,1,0,9,3,5,54
SUPER_25,17620000,11,2,3,16,6,5,8.8
SUPER_25,17630000,0,0,0,0,0,0,0
SUPER_25,17640000,0,0,0,0,0,0,0
SUPER_25,17650000,0,0,0,0,0,0,0
SUPER_25,17660000,145,14,12,171,77,68,34.03846
SUPER_25,17670000,88,8,4,100,46,42,3.25
SUPER_25,17680000,72,5,8,85,40,32,18.307692
SUPER_25,17690000,115,6,5,126,59,56,3.4545455
SUPER_25,17700000,39,4,6,49,18,21,4.3
SUPER_25,17710000,50,10,5,65,28,22,5
SUPER_25,17720000,44,3,3,50,21,23,7.8333335
SUPER_25,17730000,36,2,4,42,24,12,5.6666665
SUPER_25,17740000,60,4,4,68,38,22,5.125
SUPER_25,17750000,30,3,5,38,16,14,4.625
SUPER_25,17760000,1,1,1,3,1,0,40.5
SUPER_25,17770000,2,1,0,3,0,2,1
SUPER_25,17780000,0,0,1,1,0,0,33
SUPER_25,17790000,3,0,0,3,1,2,NaN
SUPER_25,17800000,7,0,0,7,3,4,NaN
SUPER_25,17810000,8,0,2,10,4,4,13.5
SUPER_25,17820000,3,0,0,3,0,3,NaN
SUPER_25,17830000,2,0,1,3,0,2,1
SUPER_25,17840000,2,0,0,2,1,1,NaN
SUPER_25,17850000,0,0,0,0,0,0,0
SUPER_25,17860000,0,0,0,0,0,0,0
SUPER_25,17870000,2,0,1,3,0,2,2
SUPER_25,17880000,2,0,0,2,0,2,NaN
SUPER_25,17890000,2,0,0,2,0,2,NaN
SUPER_25,17900000,2,0,0,2,1,1,NaN
SUPER_25,17910000,1,0,0,1,0,1,NaN
SUPER_25,17920000,1,0,0,1,1,0,NaN
SUPER_25,17930000,0,0,1,1,0,0,1
SUPER_25,17940000,1,0,0,1,0,1,NaN
SUPER_25,17950000,2,0,0,2,0,2,NaN
SUPER_25,17960000,0,0,1,1,0,0,6
SUPER_25,17970000,3,0,0,3,2,1,NaN
SUPER_25,17980000,0,0,1,1,0,0,1
SUPER_25,17990000,2,0,0,2,2,0,NaN
SUPER_25,18000000,2,0,0,2,0,2,NaN
SUPER_25,18010000,2,0,1,3,2,0,1
SUPER_25,18020000,1,0,0,1,0,1,NaN
SUPER_25,18030000,1,0,2,3,1,0,3.5
SUPER_25,18040000,1,0,1,2,1,0,1
SUPER_25,18050000,1,0,1,2,0,1,1
SUPER_25,18060000,0,0,0,0,0,0,0
SUPER_25,18070000,0,0,0,0,0,0,0
SUPER_25,18080000,5,0,0,5,1,4,NaN
SUPER_25,18090000,1,1,1,3,1,0,17
SUPER_25,18100000,2,0,0,2,2,0,NaN
SUPER_25,18110000,0,0,0,0,0,0,0
SUPER_25,18120000,0,0,0,0,0,0,0
SUPER_25,18130000,3,0,0,3,3,0,NaN
SUPER_25,18140000,2,0,0,2,1,1,NaN
SUPER_25,18150000,1,0,1,2,0,1,1
SUPER_25,18160000,2,0,3,5,0,2,4.3333335
SUPER_25,18170000,0,1,0,1,0,0,2
SUPER_25,18180000,0,0,0,0,0,0,0
SUPER_25,18190000,0,0,0,0,0,0,0
SUPER_25,18200000,3,0,2,5,1,2,1
SUPER_25,18210000,1,0,1,2,1,0,1
SUPER_25,18220000,1,1,0,2,1,0,14
SUPER_25,18230000,1,1,0,2,0,1,7
SUPER_25,18240000,5,0,1,6,4,1,1
SUPER_25,18250000,1,0,0,1,0,1,NaN
SUPER_25,18260000,1,1,0,2,1,0,1
SUPER_25,18270000,2,0,0,2,0,2,NaN
SUPER_25,18280000,2,0,0,2,2,0,NaN
SUPER_25,18290000,1,0,0,1,1,0,NaN
SUPER_25,18300000,1,0,0,1,0,1,NaN
SUPER_25,18310000,1,1,1,3,0,1,2.5
SUPER_25,18320000,16,2,3,21,8,8,9.8
SUPER_26,10000,0,0,0,0,0,0,0
SUPER_26,20000,0,0,0,0,0,0,0
SUPER_26,30000,92,6,0,98,68,24,1
SUPER_26,40000,2,0,0,2,1,1,NaN
SUPER_26,50000,1,0,0,1,0,1,NaN
SUPER_26,60000,1,0,0,1,1,0,NaN
SUPER_26,70000,0,0,0,0,0,0,0
SUPER_26,80000,0,0,0,0,0,0,0
SUPER_26,90000,3,0,0,3,2,1,NaN
SUPER_26,100000,2,0,0,2,0,2,NaN
SUPER_26,110000,1,0,0,1,0,1,NaN
SUPER_26,120000,3,0,0,3,1,2,NaN
SUPER_26,130000,6,0,0,6,3,3,NaN
SUPER_26,140000,1,2,0,3,0,1,1.5
SUPER_26,150000,0,0,0,0,0,0,0
SUPER_26,160000,0,0,0,0,0,0,0
SUPER_26,170000,3,2,0,5,2,1,11
SUPER_26,180000,0,1,0,1,0,0,1
SUPER_26,190000,47,1,0,48,32,15,1
SUPER_26,200000,75,3,2,80,49,26,6.2
SUPER_26,210000,1,0,0,1,1,0,NaN
SUPER_26,220000,8,1,0,9,5,3,1
SUPER_26,230000,6,0,0,6,4,2,NaN
SUPER_26,240000,1,1,0,2,1,0,1
SUPER_26,250000,23,0,0,23,11,12,NaN
SUPER_26,260000,4,0,0,4,1,3,NaN
SUPER_26,270000,0,0,0,0,0,0,0
SUPER_26,280000,0,0,0,0,0,0,0
SUPER_26,290000,4,3,1,8,1,3,2.5
SUPER_26,300000,19,1,0,20,12,7,4
SUPER_26,310000,21,0,4,25,7,14,6.75
SUPER_26,320000,15,4,2,21,5,10,6.6666665
SUPER_26,330000,24,8,2,34,11,13,17.5
SUPER_26,340000,91,6,9,106,37,54,8.733334
SUPER_26,350000,22,4,2,28,12,10,11.5
SUPER_26,360000,44,1,7,52,25,19,117.625
SUPER_26,370000,30,3,3,36,18,12,14.166667
SUPER_26,380000,80,3,10,93,38,42,2.7692308
SUPER_26,390000,102,8,9,119,58,44,9.6470585
SUPER_26,400000,124,10,7,141,61,63,25.470589
SUPER_26,410000,62,8,3,73,31,31,6.181818
SUPER_26,420000,3,0,0,3,2,1,NaN
SUPER_26,430000,2,0,0,2,0,2,NaN
SUPER_26,440000,2,0,1,3,0,2,48
SUPER_26,450000,2,0,0,2,1,1,NaN
SUPER_26,460000,2,0,1,3,0,2,4
SUPER_26,470000,1,0,1,2,0,1,1
SUPER_26,480000,2,0,0,2,1,1,NaN
SUPER_26,490000,0,0,0,0,0,0,0
SUPER_26,500000,0,0,0,0,0,0,0
SUPER_26,510000,3,0,1,4,1,2,1
SUPER_26,520000,0,1,1,2,0,0,13.5
SUPER_26,530000,1,0,0,1,0,1,NaN
SUPER_26,540000,0,0,0,0,0,0,0
SUPER_26,550000,0,0,0,0,0,0,0
SUPER_26,560000,9,3,2,14,3,6,3.4
SUPER_26,570000,1,1,0,2,0,1,2
SUPER_26,580000,1,0,0,1,1,0,NaN
SUPER_26,590000,1,0,0,1,1,0,NaN
SUPER_26,600000,1,0,0,1,0,1,NaN
SUPER_26,610000,3,0,1,4,0,3,2
SUPER_26,620000,5,0,0,5,4,1,NaN
SUPER_26,630000,2,0,1,3,0,2,1
SUPER_26,640000,4,0,0,4,2,2,NaN
SUPER_26,650000,1,0,1,2,0,1,10
SUPER_26,660000,2,0,0,2,2,0,NaN
SUPER_26,670000,2,0,0,2,1,1,NaN
SUPER_26,680000,0,1,0,1,0,0,1
SUPER_26,690000,2,0,0,2,0,2,NaN
SUPER_26,700000,3,0,1,4,1,2,6
SUPER_26,710000,2,0,0,2,1,1,NaN
SUPER_26,720000,4,0,0,4,2,2,NaN
SUPER_26,730000,3,0,0,3,2,1,NaN
SUPER_26,740000,1,0,1,2,0,1,2
SUPER_26,750000,2,1,0,3,2,0,5
SUPER_26,760000,0,1,0,1,0,0,56
SUPER_26,770000,4,1,1,6,2,2,2
SUPER_26,780000,20,1,2,23,12,8,1.3333334
SUPER_26,790000,157,12,12,181,80,77,5.5
SUPER_26,800000,130,14,10,154,62,68,4.3333335
SUPER_26,810000,267,10,17,294,134,133,15.925926
SUPER_26,820000,137,9,11,157,77,60,4.5
SUPER_26,830000,23,1,1,25,13,10,7.5
SUPER_26,840000,77,5,4,86,41,36,2.1111112
SUPER_26,850000,102,4,8,114,57,45,22.083334
SUPER_26,860000,70,0,2,72,38,32,1
SUPER_26,870000,72,2,5,79,39,33,4.142857
SUPER_26,880000,59,5,11,75,24,35,5.4375
SUPER_26,890000,162,15,9,186,82,80,5.5
SUPER_26,900000,70,3,4,77,36,34,13.428572
SUPER_26,910000,156,14,10,180,74,82,8.833333
SUPER_26,920000,70,8,2,80,31,39,3.1
SUPER_26,930000,92,9,11,112,56,36,4
SUPER_26,940000,32,5,4,41,16,16,11.222222
SUPER_26,950000,5,0,1,6,2,3,1
SUPER_26,960000,3,1,1,5,3,0,1.5
SUPER_26,970000,5,0,0,5,2,3,NaN
SUPER_26,980000,1,0,1,2,1,0,36
SUPER_26,990000,6,0,0,6,3,3,NaN
SUPER_26,1000000,143,9,7,159,75,68,12.25
SUPER_26,1010000,43,2,6,51,22,21,39.875
SUPER_26,1020000,30,1,2,33,20,10,4.6666665
SUPER_26,1030000,62,3,7,72,29,33,10.4
SUPER_26,1040000,14,0,2,16,7,7,7.5
SUPER_26,1050000,10,0,0,10,5,5,NaN
SUPER_26,1060000,14,0,0,14,5,9,NaN
SUPER_26,1070000,20,0,2,22,9,11,3.5
SUPER_26,1080000,1,0,0,1,1,0,NaN
SUPER_26,1090000,0,0,0,0,0,0,0
SUPER_26,1100000,0,0,0,0,0,0,0
SUPER_26,1110000,1,0,2,3,1,0,33.5
SUPER_26,1120000,7,2,3,12,3,4,3
SUPER_26,1130000,111,9,7,127,57,54,7.9375
SUPER_26,1140000,0,0,0,0,0,0,0
SUPER_26,1150000,0,0,0,0,0,0,0
SUPER_26,1160000,0,0,0,0,0,0,0
SUPER_26,1170000,107,3,5,115,58,49,2.5
SUPER_26,1180000,151,17,9,177,74,77,9.576923
SUPER_26,1190000,80,8,14,102,40,40,5.8636365
SUPER_26,1200000,0,0,0,0,0,0,0
SUPER_26,1210000,0,0,0,0,0,0,0
SUPER_26,1220000,43,1,2,46,27,16,20.333334
SUPER_26,1230000,63,3,6,72,35,28,27
SUPER_26,1240000,90,6,13,109,37,53,21.263159
SUPER_26,1250000,111,6,13,130,55,56,5.9473686
SUPER_26,1260000,48,1,3,52,29,19,3.25
SUPER_26,1270000,137,5,8,150,67,70,7
SUPER_26,1280000,23,1,1,25,13,10,5.5
SUPER_26,1290000,116,8,11,135,52,64,23.842106
SUPER_26,1300000,61,5,3,69,32,29,4.125
SUPER_26,1310000,187,21,13,221,95,92,5.529412
SUPER_26,1320000,186,9,12,207,97,89,2.3333333
SUPER_26,1330000,102,9,11,122,52,50,6.9
SUPER_26,1340000,51,4,4,59,31,20,6.75
SUPER_26,1350000,21,5,2,28,8,13,4.428571
SUPER_26,1360000,53,2,4,59,27,26,8
SUPER_26,1370000,166,12,14,192,80,86,2.8846154
SUPER_26,1380000,57,4,5,66,27,30,6.2222223
SUPER_26,1390000,112,8,8,128,58,54,7.75
SUPER_26,1400000,102,10,13,125,46,56,3.347826
SUPER_26,1410000,51,6,3,60,28,23,2.3333333
SUPER_26,1420000,71,5,13,89,34,37,3.2222223
SUPER_26,1430000,91,4,10,105,44,47,33.714287
SUPER_26,1440000,112,14,17,143,41,71,20.64516
SUPER_26,1450000,0,0,0,0,0,0,0
SUPER_26,1460000,0,0,0,0,0,0,0
SUPER_26,1470000,165,14,19,198,73,92,5.6969695
SUPER_26,1480000,137,7,8,152,75,62,7.4
SUPER_26,1490000,140,14,10,164,64,76,5.0416665
SUPER_26,1500000,154,12,15,181,74,80,5.3333335
SUPER_26,1510000,141,5,14,160,76,65,37.157894
SUPER_26,1520000,115,8,6,129,60,55,10.142858
SUPER_26,1530000,129,10,9,148,58,71,9.631579
SUPER_26,1540000,194,21,10,225,101,93,8.419354
SUPER_26,1550000,53,2,5,60,27,26,1.5714285
SUPER_26,1560000,33,3,4,40,19,14,5.142857
SUPER_26,1570000,44,7,5,56,25,19,4.8333335
SUPER_26,1580000,104,8,8,120,50,54,3.8125
SUPER_26,1590000,88,8,8,104,44,44,8.125
SUPER_26,1600000,98,6,7,111,49,49,27.76923
SUPER_26,1610000,20,1,1,22,12,8,13.5
SUPER_26,1620000,103,8,14,125,51,52,4.7727275
SUPER_26,1630000,154,9,13,176,68,86,6.6363635
SUPER_26,1640000,103,10,8,121,52,51,4.8333335
SUPER_26,1650000,159,13,9,181,73,86,29.727272
SUPER_26,1660000,166,16,8,190,85,81,7.4166665
SUPER_26,1670000,58,10,9,77,26,32,2.6842105
SUPER_26,1680000,91,9,6,106,42,49,7.4666667
SUPER_26,1690000,42,7,4,53,20,22,7.3636365
SUPER_26,1700000,5,1,0,6,1,4,6
SUPER_26,1710000,5,0,1,6,0,5,2
SUPER_26,1720000,3,0,0,3,0,3,NaN
SUPER_26,1730000,43,2,3,48,22,21,6.2
SUPER_26,1740000,102,9,13,124,45,57,15.954545
SUPER_26,1750000,91,14,7,112,43,48,6.7619047
SUPER_26,1760000,93,8,10,111,49,44,5.2777777
SUPER_26,1770000,104,11,10,125,55,49,6.904762
SUPER_26,1780000,143,19,16,178,70,73,8.285714
SUPER_26,1790000,66,4,7,77,29,37,2.1818182
SUPER_26,1800000,181,11,16,208,81,100,26.074074
SUPER_26,1810000,100,7,5,112,53,47,6.6666665
SUPER_26,1820000,114,13,11,138,55,59,6.25
SUPER_26,1830000,214,13,13,240,116,98,16.73077
SUPER_26,1840000,187,18,15,220,91,96,19.787878
SUPER_26,1850000,114,9,7,130,58,56,4.0625
SUPER_26,1860000,95,7,6,108,46,49,3.7692308
SUPER_26,1870000,76,8,6,90,40,36,6.857143
SUPER_26,1880000,46,8,3,57,18,28,3.909091
SUPER_26,1890000,29,3,2,34,16,13,5.4
SUPER_26,1900000,81,9,6,96,40,41,6.866667
SUPER_26,1910000,117,8,12,137,63,54,7.65
SUPER_26,1920000,68,3,5,76,28,40,6
SUPER_26,1930000,141,10,6,157,82,59,13.5
SUPER_26,1940000,151,9,15,175,86,65,4.8333335
SUPER_26,1950000,157,11,14,182,95,62,18.56
SUPER_26,1960000,61,9,3,73,29,32,4.5833335
SUPER_26,1970000,64,6,8,78,38,26,19.5
SUPER_26,1980000,96,5,9,110,51,45,13.857142
SUPER_26,1990000,117,16,13,146,57,60,11.275862
SUPER_26,2000000,104,10,14,128,44,60,14.416667
SUPER_26,2010000,81,8,9,98,43,38,4
SUPER_26,2020000,131,12,13,156,67,64,2.96
SUPER_26,2030000,111,6,9,126,57,54,10.733334
SUPER_26,2040000,97,9,8,114,43,54,4.647059
SUPER_26,2050000,109,9,12,130,59,50,6.142857
SUPER_26,2060000,67,3,3,73,32,35,4.1666665
SUPER_26,2070000,16,2,1,19,9,7,1.3333334
SUPER_26,2080000,100,7,9,116,51,49,13.6875
SUPER_26,2090000,57,7,6,70,36,21,3.8461537
SUPER_26,2100000,131,11,14,156,75,56,10.52
SUPER_26,2110000,115,10,9,134,66,49,12.210526
SUPER_26,2120000,41,4,5,50,25,16,6.6666665
SUPER_26,2130000,58,6,4,68,33,25,16.1
SUPER_26,2140000,181,11,15,207,99,82,27.461538
SUPER_26,2150000,45,5,2,52,23,22,1.5714285
SUPER_26,2160000,106,13,11,130,53,53,6.9583335
SUPER_26,2170000,7,1,1,9,5,2,1
SUPER_26,2180000,13,1,1,15,6,7,8
SUPER_26,2190000,99,8,13,120,48,51,5.7619047
SUPER_26,2200000,77,8,7,92,35,42,11.8
SUPER_26,2210000,125,9,12,146,68,57,4.4761906
SUPER_26,2220000,48,4,5,57,23,25,8.111111
SUPER_26,2230000,54,5,9,68,25,29,8.142858
SUPER_26,2240000,6,0,1,7,2,4,9
SUPER_26,2250000,61,2,7,70,28,33,3.1111112
SUPER_26,2260000,4,2,0,6,1,3,18.5
SUPER_26,2270000,1,0,0,1,0,1,NaN
SUPER_26,2280000,90,10,8,108,46,44,11.055555
SUPER_26,2290000,87,8,6,101,52,35,50.285713
SUPER_26,2300000,52,4,3,59,27,25,8.285714
SUPER_26,2310000,150,12,22,184,74,76,11.205882
SUPER_26,2320000,125,12,15,152,63,62,3.4074075
SUPER_26,2330000,83,8,10,101,34,49,6.388889
SUPER_26,2340000,21,3,3,27,11,10,2.1666667
SUPER_26,2350000,47,2,2,51,14,33,2
SUPER_26,2360000,135,7,19,161,65,70,3.7307692
SUPER_26,2370000,122,2,4,128,51,71,7.8333335
SUPER_26,2380000,91,7,6,104,49,42,12.692307
SUPER_26,2390000,79,5,6,90,44,35,3.3636363
SUPER_26,2400000,141,10,10,161,56,85,3.25
SUPER_26,2410000,108,7,4,119,58,50,8.636364
SUPER_26,2420000,95,5,9,109,53,42,18.785715
SUPER_26,2430000,7,1,2,10,3,4,2
SUPER_26,2440000,88,7,4,99,55,33,39.363636
SUPER_26,2450000,188,12,14,214,107,81,8.692307
SUPER_26,2460000,71,3,4,78,40,31,1.7142857
SUPER_26,2470000,0,0,2,2,0,0,4.5
SUPER_26,2480000,68,3,3,74,34,34,6.5
SUPER_26,2490000,157,11,11,179,80,77,8.227273
SUPER_26,2500000,126,7,11,144,62,64,10.944445
SUPER_26,2510000,170,14,16,200,85,85,24.766666
SUPER_26,2520000,3,0,0,3,1,2,NaN
SUPER_26,2530000,2,0,1,3,2,0,1
SUPER_26,2540000,55,5,1,61,37,18,7.6666665
SUPER_26,2550000,80,4,6,90,43,37,4.2
SUPER_26,2560000,116,6,8,130,66,50,11.142858
SUPER_26,2570000,52,3,6,61,24,28,2.4444444
SUPER_26,2580000,169,6,13,188,71,98,9.526316
SUPER_26,2590000,72,4,4,80,33,39,4
SUPER_26,2600000,65,1,5,71,36,29,1.1666666
SUPER_26,2610000,75,3,9,87,35,40,2.0833333
SUPER_26,2620000,128,11,12,151,60,68,4.7391305
SUPER_26,2630000,81,9,6,96,43,38,5.2
SUPER_26,2640000,85,5,7,97,45,40,10.583333
SUPER_26,2650000,185,9,9,203,98,87,20.5
SUPER_26,2660000,111,6,4,121,60,51,6.2
SUPER_26,2670000,139,13,11,163,68,71,3.0416667
SUPER_26,2680000,50,3,6,59,25,25,5.888889
SUPER_26,2690000,5,0,0,5,4,1,NaN
SUPER_26,2700000,109,5,8,122,61,48,4.076923
SUPER_26,2710000,182,12,15,209,93,89,4.5185184
SUPER_26,2720000,126,14,8,148,62,64,9.636364
SUPER_26,2730000,1,0,0,1,1,0,NaN
SUPER_26,2740000,5,2,0,7,3,2,3
SUPER_26,2750000,1,0,0,1,1,0,NaN
SUPER_26,2760000,1,0,0,1,1,0,NaN
SUPER_26,2770000,3,0,0,3,2,1,NaN
SUPER_26,2780000,27,3,3,33,16,11,10
SUPER_26,2790000,0,2,1,3,0,0,23.666666
SUPER_26,2800000,5,1,0,6,0,5,6
SUPER_26,2810000,1,0,0,1,0,1,NaN
SUPER_26,2820000,1,1,0,2,0,1,2
SUPER_26,2830000,1,0,1,2,1,0,24
SUPER_26,2840000,2,0,0,2,1,1,NaN
SUPER_26,2850000,0,1,0,1,0,0,25
SUPER_26,2860000,2,0,0,2,2,0,NaN
SUPER_26,2870000,147,8,10,165,67,80,4.2222223
SUPER_26,2880000,121,10,18,149,57,64,6.357143
SUPER_26,2890000,110,4,11,125,49,61,14.866667
SUPER_26,2900000,125,5,9,139,63,62,4.142857
SUPER_26,2910000,185,10,9,204,104,81,19.263159
SUPER_26,2920000,117,4,6,127,64,53,35
SUPER_26,2930000,233,10,15,258,131,102,10.16
SUPER_26,2940000,69,9,7,85,36,33,4.3125
SUPER_26,2950000,5,0,0,5,2,3,NaN
SUPER_26,2960000,73,3,5,81,38,35,3.375
SUPER_26,2970000,63,4,5,72,26,37,5.4444447
SUPER_26,2980000,45,5,3,53,23,22,137.5
SUPER_26,2990000,4,0,1,5,2,2,2
SUPER_26,3000000,2,0,1,3,0,2,4
SUPER_26,3010000,0,0,0,0,0,0,0
SUPER_26,3020000,0,0,0,0,0,0,0
SUPER_26,3030000,5,0,0,5,3,2,NaN
SUPER_26,3040000,0,0,0,0,0,0,0
SUPER_26,3050000,0,0,0,0,0,0,0
SUPER_26,3060000,2,0,0,2,0,2,NaN
SUPER_26,3070000,2,2,0,4,1,1,2.5
SUPER_26,3080000,2,0,0,2,2,0,NaN
SUPER_26,3090000,1,0,0,1,0,1,NaN
SUPER_26,3100000,69,7,7,83,45,24,5.428571
SUPER_26,3110000,154,20,12,186,70,84,27.03125
SUPER_26,3120000,102,11,9,122,59,43,28.1
SUPER_26,3130000,0,0,0,0,0,0,0
SUPER_26,3140000,0,0,0,0,0,0,0
SUPER_26,3150000,181,9,15,205,88,93,6.2083335
SUPER_26,3160000,45,6,4,55,22,23,26.1
SUPER_26,3170000,22,0,0,22,9,13,NaN
SUPER_26,3180000,17,2,1,20,9,8,9.333333
SUPER_26,3190000,113,12,8,133,54,59,25.6
SUPER_26,3200000,26,1,1,28,16,10,1.5
SUPER_26,3210000,28,4,6,38,14,14,29.1
SUPER_26,3220000,89,10,5,104,46,43,6.4666667
SUPER_26,3230000,179,12,17,208,95,84,7.1034484
SUPER_26,3240000,147,14,8,169,76,71,6.2727275
SUPER_26,3250000,34,5,4,43,14,20,3.7777777
SUPER_26,3260000,47,4,8,59,23,24,7.6666665
SUPER_26,3270000,73,8,8,89,40,33,10.3125
SUPER_26,3280000,128,7,16,151,69,59,8.217391
SUPER_26,3290000,146,10,13,169,73,73,7.347826
SUPER_26,3300000,48,4,2,54,29,19,2
SUPER_26,3310000,5,0,1,6,3,2,5
SUPER_26,3320000,56,1,2,59,32,24,4
SUPER_26,3330000,4,0,1,5,3,1,5
SUPER_26,3340000,56,2,4,62,31,25,3.5
SUPER_26,3350000,112,1,5,118,74,38,3.6666667
SUPER_26,3360000,6,0,0,6,3,3,NaN
SUPER_26,3370000,15,2,1,18,6,9,1.3333334
SUPER_26,3380000,100,8,13,121,53,47,14.952381
SUPER_26,3390000,98,10,6,114,48,50,7.1875
SUPER_26,3400000,58,3,5,66,36,22,4.125
SUPER_26,3410000,25,4,4,33,13,12,4.875
SUPER_26,3420000,154,5,9,168,75,79,5.142857
SUPER_26,3430000,108,10,13,131,43,65,14.956522
SUPER_26,3440000,131,16,10,157,73,58,5.076923
SUPER_26,3450000,108,7,8,123,61,47,8.933333
SUPER_26,3460000,112,9,7,128,52,60,8.5
SUPER_26,3470000,76,4,7,87,32,44,14.181818
SUPER_26,3480000,131,13,9,153,59,72,11.818182
SUPER_26,3490000,80,10,5,95,35,45,3.9333334
SUPER_26,3500000,62,2,3,67,41,21,3.6
SUPER_26,3510000,104,8,13,125,44,60,6.3809524
SUPER_26,3520000,123,7,8,138,64,59,8.2
SUPER_26,3530000,207,20,13,240,118,89,22.515152
SUPER_26,3540000,120,16,11,147,61,59,6.4074073
SUPER_26,3550000,97,9,7,113,49,48,6.0625
SUPER_26,3560000,121,14,13,148,49,72,3.1851852
SUPER_26,3570000,76,7,9,92,41,35,6.25
SUPER_26,3580000,3,0,0,3,2,1,NaN
SUPER_26,3590000,67,4,4,75,34,33,4.75
SUPER_26,3600000,39,7,2,48,20,19,4
SUPER_26,3610000,114,13,9,136,57,57,15.590909
SUPER_26,3620000,34,4,3,41,19,15,3.5714285
SUPER_26,3630000,78,5,6,89,40,38,7.2727275
SUPER_26,3640000,65,2,0,67,31,34,2.5
SUPER_26,3650000,147,10,13,170,66,81,5
SUPER_26,3660000,26,0,2,28,8,18,4
SUPER_26,3670000,49,6,4,59,27,22,6
SUPER_26,3680000,62,2,4,68,35,27,2.5
SUPER_26,3690000,109,8,12,129,57,52,13.9
SUPER_26,3700000,111,11,10,132,60,51,8.571428
SUPER_26,3710000,73,2,9,84,40,33,3.7272727
SUPER_26,3720000,181,11,17,209,91,90,35.357143
SUPER_26,3730000,97,7,6,110,53,44,8.615385
SUPER_26,3740000,95,10,7,112,47,48,2.8823528
SUPER_26,3750000,93,10,5,108,43,50,4.8
SUPER_26,3760000,107,6,5,118,60,47,30.272728
SUPER_26,3770000,24,2,2,28,17,7,1.25
SUPER_26,3780000,34,3,2,39,16,18,4.4
SUPER_26,3790000,3,2,0,5,3,0,1
SUPER_26,3800000,4,0,0,4,2,2,NaN
SUPER_26,3810000,12,1,0,13,8,4,3
SUPER_26,3820000,25,2,1,28,14,11,7
SUPER_26,3830000,2,0,0,2,1,1,NaN
SUPER_26,3840000,6,0,0,6,2,4,NaN
SUPER_26,3850000,32,5,3,40,15,17,21.25
SUPER_26,3860000,111,11,9,131,59,52,7.05
SUPER_26,3870000,143,9,13,165,74,69,4.7727275
SUPER_26,3880000,167,12,15,194,90,77,7.037037
SUPER_26,3890000,179,8,15,202,87,92,8.73913
SUPER_26,3900000,169,8,9,186,82,87,6.529412
SUPER_26,3910000,144,12,13,169,76,68,6.44
SUPER_26,3920000,151,6,6,163,81,70,15.416667
SUPER_26,3930000,92,4,8,104,56,36,3.6666667
SUPER_26,3940000,114,11,8,133,51,63,6.368421
SUPER_26,3950000,159,13,15,187,77,82,6.464286
SUPER_26,3960000,174,14,9,197,86,88,3.5217392
SUPER_26,3970000,155,11,12,178,72,83,19.869566
SUPER_26,3980000,85,7,10,102,44,41,3.9411764
SUPER_26,3990000,56,6,6,68,24,32,1.8333334
SUPER_26,4000000,2,0,0,2,2,0,NaN
SUPER_26,4010000,67,3,2,72,34,33,10.2
SUPER_26,4020000,35,1,2,38,25,10,37.333332
SUPER_26,4030000,28,2,2,32,13,15,16
SUPER_26,4040000,69,10,5,84,40,29,8.333333
SUPER_26,4050000,8,0,0,8,2,6,NaN
SUPER_26,4060000,2,0,2,4,1,1,2
SUPER_26,4070000,3,1,0,4,1,2,1
SUPER_26,4080000,1,0,1,2,1,0,6
SUPER_26,4090000,2,1,0,3,1,1,4
SUPER_26,4100000,1,0,0,1,0,1,NaN
SUPER_26,4110000,9,2,3,14,3,6,55
SUPER_26,4120000,107,3,7,117,62,45,7.6
SUPER_26,4130000,0,0,0,0,0,0,0
SUPER_26,4140000,0,0,0,0,0,0,0
SUPER_26,4150000,12,0,1,13,7,5,2
SUPER_26,4160000,12,0,1,13,7,5,2
SUPER_26,4170000,40,2,2,44,22,18,1.25
SUPER_26,4180000,54,2,4,60,38,16,5.3333335
SUPER_26,4190000,145,11,9,165,74,71,8.1
SUPER_26,4200000,2,0,0,2,0,2,NaN
SUPER_26,4210000,91,7,8,106,36,55,6.3333335
SUPER_26,4220000,167,8,5,180,92,75,4.1538463
SUPER_26,4230000,0,0,0,0,0,0,0
SUPER_26,4240000,0,0,0,0,0,0,0
SUPER_26,4250000,9,0,0,9,4,5,NaN
SUPER_26,4260000,1,0,0,1,1,0,NaN
SUPER_26,4270000,1,1,0,2,0,1,1
SUPER_26,4280000,2,0,0,2,1,1,NaN
SUPER_26,4290000,3,1,0,4,1,2,3
SUPER_26,4300000,42,2,4,48,25,17,4
SUPER_26,4310000,30,1,2,33,18,12,8
SUPER_26,4320000,5,0,0,5,4,1,NaN
SUPER_26,4330000,1,0,0,1,1,0,NaN
SUPER_26,4340000,0,0,1,1,0,0,2
SUPER_26,4350000,55,5,1,61,30,25,1.3333334
SUPER_26,4360000,238,12,11,261,125,113,15.782609
SUPER_26,4370000,137,11,8,156,78,59,6.1578946
SUPER_26,4380000,73,1,5,79,39,34,1.6666666
SUPER_26,4390000,115,7,2,124,61,54,4.3333335
SUPER_26,4400000,147,11,12,170,68,79,3.0434783
SUPER_26,4410000,2,0,0,2,1,1,NaN
SUPER_26,4420000,2,0,0,2,1,1,NaN
SUPER_26,4430000,53,5,3,61,24,29,7.5
SUPER_26,4440000,156,10,11,177,80,76,20.809525
SUPER_26,4450000,106,11,7,124,49,57,10.611111
SUPER_26,4460000,115,5,15,135,50,65,16.3
SUPER_26,4470000,38,4,5,47,22,16,4.7777777
SUPER_26,4480000,5,0,0,5,3,2,NaN
SUPER_26,4490000,120,9,9,138,56,64,8.055555
SUPER_26,4500000,170,19,18,207,87,83,24.324324
SUPER_26,4510000,22,1,3,26,8,14,6
SUPER_26,4520000,60,4,1,65,29,31,7.8
SUPER_26,4530000,46,1,3,50,20,26,7.5
SUPER_26,4540000,74,3,9,86,43,31,108.833336
SUPER_26,4550000,68,6,5,79,23,45,7.5454545
SUPER_26,4560000,117,6,8,131,52,65,10.071428
SUPER_26,4570000,89,7,4,100,46,43,2.909091
SUPER_26,4580000,189,7,6,202,100,89,7.3846154
SUPER_26,4590000,21,4,4,29,9,12,3.125
SUPER_26,4600000,13,0,0,13,7,6,NaN
SUPER_26,4610000,43,2,1,46,23,20,19.666666
SUPER_26,4620000,128,9,16,153,66,62,9.08
SUPER_26,4630000,165,6,4,175,92,73,12.9
SUPER_26,4640000,130,5,5,140,75,55,6.1
SUPER_26,4650000,159,10,9,178,73,86,6.631579
SUPER_26,4660000,156,12,18,186,87,69,18.466667
SUPER_26,4670000,192,11,17,220,97,95,5.642857
SUPER_26,4680000,133,14,6,153,73,60,19.15
SUPER_26,4690000,23,2,3,28,10,13,13.4
SUPER_26,4700000,66,3,12,81,34,32,10.866667
SUPER_26,4710000,36,3,2,41,13,23,11
SUPER_26,4720000,101,8,3,112,59,42,2.090909
SUPER_26,4730000,128,4,18,150,63,65,21.863636
SUPER_26,4740000,129,8,9,146,60,69,26.294117
SUPER_26,4750000,135,14,15,164,68,67,6.6551723
SUPER_26,4760000,150,10,13,173,82,68,3.7391305
SUPER_26,4770000,80,3,4,87,39,41,2.857143
SUPER_26,4780000,38,1,3,42,19,19,2
SUPER_26,4790000,131,5,15,151,78,53,12.65
SUPER_26,4800000,31,5,4,40,11,20,11.888889
SUPER_26,4810000,1,0,1,2,1,0,14
SUPER_26,4820000,0,0,1,1,0,0,1
SUPER_26,4830000,108,6,11,125,54,54,8.6470585
SUPER_26,4840000,92,7,8,107,54,38,7.866667
SUPER_26,4850000,136,11,6,153,71,65,7.0588236
SUPER_26,4860000,37,3,2,42,24,13,1.6
SUPER_26,4870000,26,1,2,29,12,14,4
SUPER_26,4880000,76,6,6,88,40,36,9
SUPER_26,4890000,91,9,8,108,57,34,6.7647057
SUPER_26,4900000,92,6,7,105,43,49,4.6923075
SUPER_26,4910000,138,5,6,149,74,64,6.6363635
SUPER_26,4920000,49,6,0,55,29,20,4.5
SUPER_26,4930000,193,12,21,226,103,90,7.151515
SUPER_26,4940000,39,5,4,48,19,20,2.5555556
SUPER_26,4950000,150,8,11,169,82,68,11.789474
SUPER_26,4960000,7,1,0,8,5,2,6
SUPER_26,4970000,74,8,7,89,42,32,5.4
SUPER_26,4980000,126,5,7,138,72,54,5.8333335
SUPER_26,4990000,69,6,8,83,34,35,5.071429
SUPER_26,5000000,162,6,11,179,85,77,5.470588
SUPER_26,5010000,82,5,8,95,43,39,8.076923
SUPER_26,5020000,105,7,5,117,55,50,4.1666665
SUPER_26,5030000,54,7,7,68,29,25,15.857142
SUPER_26,5040000,123,8,10,141,61,62,3.3333333
SUPER_26,5050000,88,11,9,108,47,41,12.9
SUPER_26,5060000,144,14,8,166,81,63,8.681818
SUPER_26,5070000,131,5,9,145,69,62,11.857142
SUPER_26,5080000,93,4,8,105,43,50,14.833333
SUPER_26,5090000,107,7,6,120,63,44,11.692307
SUPER_26,5100000,54,2,5,61,24,30,3.857143
SUPER_26,5110000,125,14,6,145,55,70,4.7
SUPER_26,5120000,79,3,6,88,37,42,4.111111
SUPER_26,5130000,61,5,4,70,35,26,5.2222223
SUPER_26,5140000,205,17,12,234,103,102,6.448276
SUPER_26,5150000,127,11,8,146,68,59,16.736841
SUPER_26,5160000,17,2,1,20,10,7,5.3333335
SUPER_26,5170000,6,1,2,9,2,4,1
SUPER_26,5180000,113,8,7,128,60,53,4.8
SUPER_26,5190000,109,13,10,132,56,53,8.043478
SUPER_26,5200000,130,6,7,143,70,60,4.3846154
SUPER_26,5210000,71,7,1,79,44,27,29.125
SUPER_26,5220000,69,4,8,81,32,37,26.25
SUPER_26,5230000,18,1,4,23,8,10,29.4
SUPER_26,5240000,5,1,0,6,4,1,7
SUPER_26,5250000,118,7,4,129,53,65,4.090909
SUPER_26,5260000,184,10,12,206,104,80,34.636364
SUPER_26,5270000,146,4,9,159,91,55,7.1538463
SUPER_26,5280000,173,19,6,198,81,92,4.84
SUPER_26,5290000,56,0,5,61,30,26,1.8
SUPER_26,5300000,44,2,2,48,20,24,2
SUPER_26,5310000,102,6,4,112,48,54,6.8
SUPER_26,5320000,90,11,4,105,44,46,4.6666665
SUPER_26,5330000,21,2,1,24,9,12,2.6666667
SUPER_26,5340000,2,0,1,3,2,0,3
SUPER_26,5350000,51,3,6,60,23,28,8.777778
SUPER_26,5360000,184,12,12,208,85,99,6.25
SUPER_26,5370000,25,4,2,31,13,12,11
SUPER_26,5380000,161,24,16,201,84,77,5.325
SUPER_26,5390000,48,3,3,54,27,21,5.6666665
SUPER_26,5400000,3,0,0,3,1,2,NaN
SUPER_26,5410000,1,2,0,3,1,0,14
SUPER_26,5420000,0,0,0,0,0,0,0
SUPER_26,5430000,0,0,0,0,0,0,0
SUPER_26,5440000,5,1,0,6,4,1,4
SUPER_26,5450000,2,0,0,2,1,1,NaN
SUPER_26,5460000,107,12,5,124,46,61,11.705882
SUPER_26,5470000,39,5,5,49,18,21,11.8
SUPER_26,5480000,80,5,4,89,39,41,10.111111
SUPER_26,5490000,143,12,11,166,72,71,5.652174
SUPER_26,5500000,206,18,14,238,102,104,9.15625
SUPER_26,5510000,67,8,2,77,40,27,3.4
SUPER_26,5520000,48,2,5,55,19,29,8.571428
SUPER_26,5530000,90,4,13,107,45,45,3.8235295
SUPER_26,5540000,1,2,1,4,1,0,1.6666666
SUPER_26,5550000,1,0,0,1,0,1,NaN
SUPER_26,5560000,1,0,0,1,1,0,NaN
SUPER_26,5570000,157,12,10,179,91,66,7.181818
SUPER_26,5580000,39,2,1,42,27,12,5.6666665
SUPER_26,5590000,207,15,17,239,112,95,15.25
SUPER_26,5600000,120,6,2,128,63,57,21.75
SUPER_26,5610000,0,0,0,0,0,0,0
SUPER_26,5620000,0,0,0,0,0,0,0
SUPER_26,5630000,0,0,0,0,0,0,0
SUPER_26,5640000,0,0,0,0,0,0,0
SUPER_26,5650000,0,0,0,0,0,0,0
SUPER_26,5660000,81,7,2,90,46,35,3.5555556
SUPER_26,5670000,62,6,5,73,31,31,7.7272725
SUPER_26,5680000,7,1,1,9,3,4,2
SUPER_26,5690000,54,9,2,65,22,32,6.7272725
SUPER_26,5700000,112,9,7,128,58,54,3.375
SUPER_26,5710000,157,16,17,190,78,79,19.757576
SUPER_26,5720000,110,6,7,123,57,53,6.3076925
SUPER_26,5730000,92,8,9,109,49,43,8.3529415
SUPER_26,5740000,141,12,10,163,71,70,9.636364
SUPER_26,5750000,160,9,14,183,90,70,6.9565215
SUPER_26,5760000,78,3,8,89,50,28,38.909092
SUPER_26,5770000,77,8,4,89,44,33,5.75
SUPER_26,5780000,153,9,8,170,84,69,11.235294
SUPER_26,5790000,142,9,10,161,72,70,7.263158
SUPER_26,5800000,37,2,4,43,15,22,7
SUPER_26,5810000,52,5,5,62,31,21,12.6
SUPER_26,5820000,130,10,7,147,64,66,5.1764708
SUPER_26,5830000,77,7,5,89,31,46,5.3333335
SUPER_26,5840000,113,7,11,131,60,53,11.833333
SUPER_26,5850000,13,2,0,15,6,7,9.5
SUPER_26,5860000,100,1,4,105,43,57,1.6
SUPER_26,5870000,31,3,3,37,19,12,2.6666667
SUPER_26,5880000,52,3,2,57,29,23,11.8
SUPER_26,5890000,95,4,7,106,56,39,23.09091
SUPER_26,5900000,94,13,9,116,38,56,20.90909
SUPER_26,5910000,35,2,2,39,14,21,7.5
SUPER_26,5920000,16,4,2,22,3,13,19.666666
SUPER_26,5930000,4,0,0,4,1,3,NaN
SUPER_26,5940000,109,8,9,126,46,63,4.8235292
SUPER_26,5950000,4,0,0,4,1,3,NaN
SUPER_26,5960000,0,0,0,0,0,0,0
SUPER_26,5970000,0,0,0,0,0,0,0
SUPER_26,5980000,12,0,1,13,6,6,1
SUPER_26,5990000,4,1,0,5,2,2,1
SUPER_26,6000000,3,1,0,4,1,2,2
SUPER_26,6010000,1,0,0,1,0,1,NaN
SUPER_26,6020000,4,0,0,4,1,3,NaN
SUPER_26,6030000,2,0,0,2,1,1,NaN
SUPER_26,6040000,84,8,10,102,41,43,10.444445
SUPER_26,6050000,170,13,13,196,78,92,22
SUPER_26,6060000,91,8,8,107,43,48,24.3125
SUPER_26,6070000,103,7,10,120,57,46,49.941177
SUPER_26,6080000,31,0,4,35,17,14,31.75
SUPER_26,6090000,3,1,0,4,0,3,1
SUPER_26,6100000,146,9,9,164,85,61,28.833334
SUPER_26,6110000,130,7,4,141,67,63,8.090909
SUPER_26,6120000,146,7,11,164,74,72,46.72222
SUPER_26,6130000,164,14,11,189,87,77,7.4
SUPER_26,6140000,9,1,1,11,5,4,1.5
SUPER_26,6150000,1,0,0,1,0,1,NaN
SUPER_26,6160000,2,1,0,3,1,1,2
SUPER_26,6170000,0,0,0,0,0,0,0
SUPER_26,6180000,0,0,0,0,0,0,0
SUPER_26,6190000,0,0,0,0,0,0,0
SUPER_26,6200000,0,0,0,0,0,0,0
SUPER_26,6210000,0,0,0,0,0,0,0
SUPER_26,6220000,0,0,0,0,0,0,0
SUPER_26,6230000,0,0,0,0,0,0,0
SUPER_26,6240000,3,3,2,8,2,1,12.4
SUPER_26,6250000,40,5,3,48,25,15,4
SUPER_26,6260000,105,7,5,117,55,50,4.5
SUPER_26,6270000,43,5,8,56,19,24,5.923077
SUPER_26,6280000,3,1,0,4,1,2,1
SUPER_26,6290000,84,7,5,96,38,46,3.0833333
SUPER_26,6300000,128,10,7,145,55,73,9.058824
SUPER_26,6310000,73,7,7,87,34,39,6.142857
SUPER_26,6320000,47,3,1,51,24,23,5
SUPER_26,6330000,50,6,6,62,24,26,2
SUPER_26,6340000,126,12,9,147,62,64,5.1904764
SUPER_26,6350000,70,8,7,85,31,39,21.733334
SUPER_26,6360000,28,3,5,36,16,12,6.875
SUPER_26,6370000,96,10,7,113,53,43,13.176471
SUPER_26,6380000,42,3,5,50,24,18,7.125
SUPER_26,6390000,108,5,8,121,53,55,6.076923
SUPER_26,6400000,111,10,15,136,64,47,5.52
SUPER_26,6410000,49,4,3,56,25,24,9.857142
SUPER_26,6420000,2,2,0,4,2,0,2
SUPER_26,6430000,3,1,0,4,1,2,38
SUPER_26,6440000,0,0,0,0,0,0,0
SUPER_26,6450000,0,0,0,0,0,0,0
SUPER_26,6460000,2,0,0,2,1,1,NaN
SUPER_26,6470000,64,4,9,77,36,28,3.0769231
SUPER_26,6480000,104,8,6,118,63,41,4.214286
SUPER_26,6490000,10,1,1,12,5,5,1
SUPER_26,6500000,131,11,18,160,60,71,5.37931
SUPER_26,6510000,104,5,7,116,50,54,4.9166665
SUPER_26,6520000,172,5,6,183,93,79,4.3636365
SUPER_26,6530000,58,3,4,65,38,20,25.285715
SUPER_26,6540000,62,4,7,73,34,28,13.363636
SUPER_26,6550000,123,13,9,145,47,76,13
SUPER_26,6560000,88,4,6,98,38,50,2.9
SUPER_26,6570000,0,0,1,1,0,0,1
SUPER_26,6580000,2,1,0,3,0,2,2
SUPER_26,6590000,13,3,5,21,6,7,3.375
SUPER_26,6600000,76,4,2,82,41,35,10.333333
SUPER_26,6610000,17,1,3,21,9,8,6.75
SUPER_26,6620000,16,1,2,19,9,7,13
SUPER_26,6630000,11,1,1,13,9,2,12.5
SUPER_26,6640000,27,4,0,31,13,14,3.25
SUPER_26,6650000,5,2,0,7,2,3,11.5
SUPER_26,6660000,3,0,0,3,3,0,NaN
SUPER_26,6670000,110,0,8,118,53,57,7
SUPER_26,6680000,39,5,0,44,20,19,3
SUPER_26,6690000,24,3,4,31,11,13,46.57143
SUPER_26,6700000,108,8,12,128,55,53,8.15
SUPER_26,6710000,0,0,2,2,0,0,1.5
SUPER_26,6720000,56,4,4,64,24,32,8.125
SUPER_26,6730000,60,15,4,79,32,28,3.0526316
SUPER_26,6740000,121,9,5,135,65,56,12.142858
SUPER_26,6750000,110,9,13,132,57,53,31.90909
SUPER_26,6760000,54,5,5,64,23,31,37.5
SUPER_26,6770000,4,1,0,5,1,3,1
SUPER_26,6780000,4,3,1,8,2,2,2.5
SUPER_26,6790000,35,2,1,38,19,16,6
SUPER_26,6800000,2,0,0,2,2,0,NaN
SUPER_26,6810000,1,0,0,1,0,1,NaN
SUPER_26,6820000,1,1,0,2,0,1,6
SUPER_26,6830000,4,0,0,4,1,3,NaN
SUPER_26,6840000,0,0,0,0,0,0,0
SUPER_26,6850000,0,0,0,0,0,0,0
SUPER_26,6860000,3,1,1,5,2,1,4.5
SUPER_26,6870000,61,6,5,72,37,24,27.818182
SUPER_26,6880000,4,0,0,4,2,2,NaN
SUPER_26,6890000,15,1,2,18,11,4,1.3333334
SUPER_26,6900000,11,0,1,12,6,5,10
SUPER_26,6910000,24,1,2,27,15,9,4.6666665
SUPER_26,6920000,178,11,12,201,93,85,7.2608695
SUPER_26,6930000,94,8,10,112,49,45,4.611111
SUPER_26,6940000,32,5,3,40,22,10,11.375
SUPER_26,6950000,27,3,4,34,13,14,7.857143
SUPER_26,6960000,173,16,15,204,96,77,4.064516
SUPER_26,6970000,16,0,3,19,8,8,3
SUPER_26,6980000,14,1,3,18,9,5,9.5
SUPER_26,6990000,1,0,0,1,1,0,NaN
SUPER_26,7000000,0,0,1,1,0,0,3
SUPER_26,7010000,3,0,0,3,0,3,NaN
SUPER_26,7020000,10,1,1,12,7,3,23
SUPER_26,7030000,91,17,8,116,44,47,7.08
SUPER_26,7040000,30,2,4,36,16,14,4.1666665
SUPER_26,7050000,100,10,8,118,55,45,5.611111
SUPER_26,7060000,149,17,16,182,69,80,7.212121
SUPER_26,7070000,71,11,12,94,41,30,7.695652
SUPER_26,7080000,187,15,13,215,95,92,6.642857
SUPER_26,7090000,79,7,6,92,39,40,10.230769
SUPER_26,7100000,85,8,7,100,44,41,5.4
SUPER_26,7110000,50,9,5,64,30,20,5.642857
SUPER_26,7120000,62,6,10,78,32,30,12.125
SUPER_26,7130000,50,6,6,62,23,27,3.5
SUPER_26,7140000,126,10,8,144,61,65,10
SUPER_26,7150000,109,3,6,118,64,45,27.777779
SUPER_26,7160000,131,7,8,146,63,68,16.666666
SUPER_26,7170000,47,5,1,53,18,29,3.1666667
SUPER_26,7180000,66,5,5,76,36,30,2
SUPER_26,7190000,52,4,6,62,28,24,4.2
SUPER_26,7200000,101,10,8,119,45,56,5.388889
SUPER_26,7210000,71,4,8,83,35,36,4.6666665
SUPER_26,7220000,101,5,6,112,42,59,23.818182
SUPER_26,7230000,19,3,1,23,12,7,1.75
SUPER_26,7240000,2,0,0,2,2,0,NaN
SUPER_26,7250000,0,0,0,0,0,0,0
SUPER_26,7260000,0,0,0,0,0,0,0
SUPER_26,7270000,59,3,5,67,28,31,7.625
SUPER_26,7280000,128,4,13,145,65,63,12
SUPER_26,7290000,31,4,4,39,16,15,5.75
SUPER_26,7300000,58,7,2,67,35,23,4.5555553
SUPER_26,7310000,3,0,0,3,1,2,NaN
SUPER_26,7320000,3,0,0,3,1,2,NaN
SUPER_26,7330000,11,1,1,13,4,7,7
SUPER_26,7340000,0,0,0,0,0,0,0
SUPER_26,7350000,0,0,0,0,0,0,0
SUPER_26,7360000,6,0,1,7,2,4,6
SUPER_26,7370000,1,0,0,1,1,0,NaN
SUPER_26,7380000,1,0,0,1,0,1,NaN
SUPER_26,7390000,19,4,1,24,12,7,1.4
SUPER_26,7400000,31,1,2,34,13,18,3.3333333
SUPER_26,7410000,25,0,3,28,10,15,3
SUPER_26,7420000,7,0,2,9,3,4,1.5
SUPER_26,7430000,6,5,0,11,3,3,5.6
SUPER_26,7440000,19,1,2,22,10,9,9
SUPER_26,7450000,94,5,4,103,46,48,42.666668
SUPER_26,7460000,146,15,6,167,72,74,6.7619047
SUPER_26,7470000,25,3,0,28,11,14,2
SUPER_26,7480000,16,0,4,20,8,8,11.25
SUPER_26,7490000,119,12,14,145,66,53,9.730769
SUPER_26,7500000,110,8,3,121,59,51,43.090908
SUPER_26,7510000,38,2,2,42,20,18,5.75
SUPER_26,7520000,84,6,9,99,40,44,8
SUPER_26,7530000,136,9,10,155,84,52,19.473684
SUPER_26,7540000,13,0,1,14,5,8,3
SUPER_26,7550000,170,16,9,195,96,74,18.08
SUPER_26,7560000,7,0,0,7,4,3,NaN
SUPER_26,7570000,2,0,0,2,2,0,NaN
SUPER_26,7580000,102,7,6,115,50,52,10.769231
SUPER_26,7590000,68,4,3,75,27,41,9
SUPER_26,7600000,151,9,5,165,80,71,4.142857
SUPER_26,7610000,87,9,4,100,42,45,16.461538
SUPER_26,7620000,129,6,12,147,60,69,8.833333
SUPER_26,7630000,158,12,7,177,80,78,8.315789
SUPER_26,7640000,97,11,7,115,46,51,6.2777777
SUPER_26,7650000,171,7,16,194,89,82,14.130435
SUPER_26,7660000,201,9,7,217,107,94,8.875
SUPER_26,7670000,133,8,8,149,67,66,3.4375
SUPER_26,7680000,195,8,5,208,112,83,3.7692308
SUPER_26,7690000,156,9,10,175,76,80,19.842106
SUPER_26,7700000,117,9,7,133,58,59,3.5625
SUPER_26,7710000,165,7,8,180,86,79,4.8
SUPER_26,7720000,173,18,10,201,95,78,4
SUPER_26,7730000,124,9,5,138,62,62,3.7142856
SUPER_26,7740000,44,4,0,48,22,22,2.75
SUPER_26,7750000,3,0,0,3,2,1,NaN
SUPER_26,7760000,0,1,1,2,0,0,2
SUPER_26,7770000,3,1,2,6,0,3,26.666666
SUPER_26,7780000,2,0,0,2,1,1,NaN
SUPER_26,7790000,5,2,1,8,1,4,1.6666666
SUPER_26,7800000,0,2,1,3,0,0,81.666664
SUPER_26,7810000,109,11,14,134,53,56,5.76
SUPER_26,7820000,136,9,10,155,73,63,6.736842
SUPER_26,7830000,20,0,2,22,11,9,1.5
SUPER_26,7840000,77,5,1,83,30,47,7.8333335
SUPER_26,7850000,58,8,2,68,35,23,5.4
SUPER_26,7860000,60,3,4,67,29,31,5.857143
SUPER_26,7870000,123,6,10,139,71,52,9.4375
SUPER_26,7880000,253,13,18,284,120,133,5.225806
SUPER_26,7890000,27,2,1,30,16,11,2.6666667
SUPER_26,7900000,0,0,1,1,0,0,1
SUPER_26,7910000,17,1,0,18,10,7,1
SUPER_26,7920000,2,0,1,3,2,0,1
SUPER_26,7930000,2,0,0,2,1,1,NaN
SUPER_26,7940000,1,1,1,3,1,0,1.5
SUPER_26,7950000,1,0,0,1,0,1,NaN
SUPER_26,7960000,1,0,0,1,0,1,NaN
SUPER_26,7970000,19,2,2,23,12,7,6.5
SUPER_26,7980000,41,2,5,48,17,24,3.7142856
SUPER_26,7990000,2,0,0,2,1,1,NaN
SUPER_26,8000000,61,4,5,70,31,30,2.7777777
SUPER_26,8010000,123,5,5,133,58,65,4.7
SUPER_26,8020000,8,0,3,11,3,5,7.3333335
SUPER_26,8030000,107,8,10,125,51,56,31.333334
SUPER_26,8040000,50,3,3,56,27,23,2.5
SUPER_26,8050000,172,10,12,194,87,85,15.318182
SUPER_26,8060000,99,4,9,112,55,44,4.1538463
SUPER_26,8070000,15,0,2,17,9,6,1.5
SUPER_26,8080000,10,0,1,11,4,6,1
SUPER_26,8090000,1,0,0,1,1,0,NaN
SUPER_26,8100000,8,2,0,10,1,7,11.5
SUPER_26,8110000,1,1,1,3,0,1,73
SUPER_26,8120000,2,0,1,3,0,2,1
SUPER_26,8130000,1,1,0,2,1,0,2
SUPER_26,8140000,5,0,0,5,3,2,NaN
SUPER_26,8150000,22,0,4,26,9,13,1.25
SUPER_26,8160000,82,9,7,98,37,45,7.1875
SUPER_26,8170000,2,0,1,3,2,0,2
SUPER_26,8180000,1,0,1,2,1,0,29
SUPER_26,8190000,5,0,2,7,2,3,2
SUPER_26,8200000,8,2,2,12,5,3,76
SUPER_26,8210000,1,1,0,2,0,1,7
SUPER_26,8220000,10,1,2,13,9,1,2.3333333
SUPER_26,8230000,0,3,0,3,0,0,1.3333334
SUPER_26,8240000,0,0,1,1,0,0,1
SUPER_26,8250000,88,9,4,101,41,47,6.076923
SUPER_26,8260000,78,8,6,92,39,39,10.714286
SUPER_26,8270000,20,4,2,26,12,8,1.8333334
SUPER_26,8280000,87,8,11,106,44,43,4.5263157
SUPER_26,8290000,20,3,1,24,14,6,11.5
SUPER_26,8300000,11,1,1,13,7,4,2.5
SUPER_26,8310000,46,6,4,56,31,15,5.9
SUPER_26,8320000,0,0,1,1,0,0,6
SUPER_26,8330000,64,5,6,75,31,33,7
SUPER_26,8340000,4,0,0,4,2,2,NaN
SUPER_26,8350000,4,1,0,5,1,3,1
SUPER_26,8360000,1,0,0,1,1,0,NaN
SUPER_26,8370000,20,2,1,23,12,8,3
SUPER_26,8380000,2,0,0,2,1,1,NaN
SUPER_26,8390000,27,3,1,31,9,18,11
SUPER_26,8400000,59,5,5,69,32,27,6.2
SUPER_26,8410000,32,4,4,40,15,17,8.75
SUPER_26,8420000,0,0,0,0,0,0,0
SUPER_26,8430000,0,0,0,0,0,0,0
SUPER_26,8440000,132,9,14,155,78,54,5.5652175
SUPER_26,8450000,68,9,2,79,38,30,4.6363635
SUPER_26,8460000,157,11,8,176,84,73,4.736842
SUPER_26,8470000,43,5,5,53,23,20,4.2
SUPER_26,8480000,1,0,0,1,1,0,NaN
SUPER_26,8490000,115,10,13,138,52,63,8.26087
SUPER_26,8500000,114,10,10,134,54,60,4.95
SUPER_26,8510000,8,2,1,11,4,4,3
SUPER_26,8520000,39,5,0,44,16,23,9.6
SUPER_26,8530000,129,9,5,143,64,65,2
SUPER_26,8540000,52,3,0,55,34,18,6
SUPER_26,8550000,115,5,12,132,52,63,9.411765
SUPER_26,8560000,111,12,7,130,55,56,7.8421054
SUPER_26,8570000,1,0,0,1,0,1,NaN
SUPER_26,8580000,3,1,1,5,1,2,18
SUPER_26,8590000,70,2,9,81,31,39,5.2727275
SUPER_26,8600000,53,9,5,67,21,32,7.214286
SUPER_26,8610000,45,2,3,50,23,22,3.8
SUPER_26,8620000,59,6,3,68,34,25,10.888889
SUPER_26,8630000,154,10,15,179,77,77,10.92
SUPER_26,8640000,107,11,7,125,58,49,4.5
SUPER_26,8650000,40,7,7,54,16,24,7.5
SUPER_26,8660000,87,3,8,98,42,45,5.818182
SUPER_26,8670000,132,9,11,152,80,52,8.95
SUPER_26,8680000,106,16,10,132,62,44,2.3076923
SUPER_26,8690000,178,11,12,201,90,88,30.608696
SUPER_26,8700000,144,7,8,159,67,77,33.4
SUPER_26,8710000,133,11,10,154,56,77,13.285714
SUPER_26,8720000,10,0,2,12,6,4,5
SUPER_26,8730000,49,4,3,56,22,27,2.4285715
SUPER_26,8740000,98,3,5,106,46,52,4.875
SUPER_26,8750000,9,0,0,9,3,6,NaN
SUPER_26,8760000,82,13,3,98,42,40,11.4375
SUPER_26,8770000,84,8,4,96,44,40,2.75
SUPER_26,8780000,61,6,4,71,37,24,4.7
SUPER_26,8790000,2,2,1,5,1,1,5.3333335
SUPER_26,8800000,88,4,5,97,44,44,5.888889
SUPER_26,8810000,47,5,4,56,23,24,8.666667
SUPER_26,8820000,4,1,0,5,1,3,2
SUPER_26,8830000,8,2,1,11,3,5,2.3333333
SUPER_26,8840000,91,10,11,112,53,38,6.3809524
SUPER_26,8850000,89,6,5,100,46,43,4.4545455
SUPER_26,8860000,115,10,8,133,58,57,4.3333335
SUPER_26,8870000,90,4,12,106,49,41,10.25
SUPER_26,8880000,74,4,7,85,42,32,66.36364
SUPER_26,8890000,121,16,13,150,66,55,4.0689654
SUPER_26,8900000,75,6,8,89,38,37,4.285714
SUPER_26,8910000,60,4,9,73,29,31,2.8461537
SUPER_26,8920000,42,1,4,47,27,15,10
SUPER_26,8930000,28,3,6,37,14,14,3.4444444
SUPER_26,8940000,125,10,8,143,67,58,6.3333335
SUPER_26,8950000,87,4,8,99,53,34,2.1666667
SUPER_26,8960000,140,12,16,168,77,63,7.535714
SUPER_26,8970000,167,17,22,206,93,74,4.820513
SUPER_26,8980000,83,4,9,96,43,40,8.307693
SUPER_26,8990000,132,7,10,149,72,60,4.4117646
SUPER_26,9000000,101,17,9,127,55,46,5.1923075
SUPER_26,9010000,110,7,9,126,62,48,7.8125
SUPER_26,9020000,50,2,6,58,21,29,5.125
SUPER_26,9030000,171,7,19,197,85,86,7.769231
SUPER_26,9040000,132,9,2,143,63,69,3.2727273
SUPER_26,9050000,45,2,7,54,28,17,5.4444447
SUPER_26,9060000,170,9,17,196,86,84,3.8461537
SUPER_26,9070000,85,3,6,94,46,39,15.111111
SUPER_26,9080000,6,3,4,13,4,2,9.714286
SUPER_26,9090000,2,1,0,3,1,1,1
SUPER_26,9100000,1,0,1,2,0,1,1
SUPER_26,9110000,75,5,4,84,38,37,3.5555556
SUPER_26,9120000,62,11,7,80,31,31,15.222222
SUPER_26,9130000,105,12,16,133,48,57,6.428571
SUPER_26,9140000,107,9,4,120,57,50,12.846154
SUPER_26,9150000,112,5,13,130,47,65,3.3888888
SUPER_26,9160000,69,11,5,85,37,32,26.25
SUPER_26,9170000,100,9,7,116,59,41,1.9375
SUPER_26,9180000,122,8,15,145,59,63,13.869565
SUPER_26,9190000,95,8,8,111,47,48,4.9375
SUPER_26,9200000,70,5,0,75,25,45,2.6
SUPER_26,9210000,170,10,14,194,72,98,11.291667
SUPER_26,9220000,30,2,1,33,18,12,7.6666665
SUPER_26,9230000,28,4,4,36,14,14,5.75
SUPER_26,9240000,0,0,0,0,0,0,0
SUPER_26,9250000,0,0,0,0,0,0,0
SUPER_26,9260000,2,0,0,2,1,1,NaN
SUPER_26,9270000,32,1,2,35,18,14,1
SUPER_26,9280000,99,7,13,119,50,49,6.15
SUPER_26,9290000,0,0,0,0,0,0,0
SUPER_26,9300000,0,0,0,0,0,0,0
SUPER_26,9310000,123,11,14,148,72,51,23.24
SUPER_26,9320000,34,3,7,44,16,18,9
SUPER_26,9330000,2,0,2,4,0,2,7
SUPER_26,9340000,0,1,1,2,0,0,2.5
SUPER_26,9350000,27,5,4,36,17,10,7.5555553
SUPER_26,9360000,114,13,6,133,62,52,5.736842
SUPER_26,9370000,87,8,8,103,37,50,6.9375
SUPER_26,9380000,67,2,6,75,37,30,3.25
SUPER_26,9390000,10,1,0,11,5,5,3
SUPER_26,9400000,19,1,1,21,13,6,3
SUPER_26,9410000,15,3,0,18,7,8,2
SUPER_26,9420000,101,7,4,112,55,46,3.3636363
SUPER_26,9430000,99,10,7,116,53,46,6.529412
SUPER_26,9440000,61,3,2,66,34,27,1.4
SUPER_26,9450000,93,7,7,107,50,43,4.714286
SUPER_26,9460000,0,0,0,0,0,0,0
SUPER_26,9470000,0,0,0,0,0,0,0
SUPER_26,9480000,96,6,4,106,51,45,7.7
SUPER_26,9490000,81,5,6,92,43,38,8.545455
SUPER_26,9500000,95,4,9,108,52,43,3.2307692
SUPER_26,9510000,137,11,7,155,72,65,4.8333335
SUPER_26,9520000,126,7,6,139,71,55,29.76923
SUPER_26,9530000,108,8,3,119,50,58,2.5454545
SUPER_26,9540000,134,11,11,156,73,61,3.9545455
SUPER_26,9550000,158,8,12,178,83,75,37.15
SUPER_26,9560000,67,5,3,75,35,32,5.375
SUPER_26,9570000,139,12,10,161,76,63,4.818182
SUPER_26,9580000,94,5,6,105,49,45,9.090909
SUPER_26,9590000,96,5,5,106,51,45,2.5
SUPER_26,9600000,61,4,5,70,34,27,7
SUPER_26,9610000,109,10,13,132,55,54,4.869565
SUPER_26,9620000,116,7,4,127,54,62,5.6363635
SUPER_26,9630000,116,12,10,138,62,54,3.909091
SUPER_26,9640000,82,7,11,100,41,41,13.166667
SUPER_26,9650000,1,1,0,2,1,0,1
SUPER_26,9660000,2,0,0,2,1,1,NaN
SUPER_26,9670000,2,2,1,5,2,0,4.6666665
SUPER_26,9680000,12,3,4,19,4,8,33.285713
SUPER_26,9690000,3,1,0,4,2,1,1
SUPER_26,9700000,109,11,12,132,52,57,10.73913
SUPER_26,9710000,99,4,4,107,45,54,2.625
SUPER_26,9720000,101,5,7,113,45,56,2.5
SUPER_26,9730000,112,5,6,123,54,58,1.7272727
SUPER_26,9740000,87,6,5,98,46,41,2.8181818
SUPER_26,9750000,92,5,8,105,47,45,18.23077
SUPER_26,9760000,67,3,2,72,34,33,6.2
SUPER_26,9770000,19,1,1,21,12,7,3
SUPER_26,9780000,127,11,10,148,76,51,6.3809524
SUPER_26,9790000,4,0,3,7,0,4,11.333333
SUPER_26,9800000,0,0,0,0,0,0,0
SUPER_26,9810000,0,0,0,0,0,0,0
SUPER_26,9820000,43,7,7,57,22,21,4.5
SUPER_26,9830000,133,6,15,154,58,75,6.8095236
SUPER_26,9840000,115,11,11,137,65,50,6.8636365
SUPER_26,9850000,134,6,10,150,73,61,48
SUPER_26,9860000,77,8,7,92,40,37,10.4
SUPER_26,9870000,125,11,9,145,68,57,10.2
SUPER_26,9880000,70,2,4,76,36,34,6.1666665
SUPER_26,9890000,5,0,0,5,3,2,NaN
SUPER_26,9900000,0,0,0,0,0,0,0
SUPER_26,9910000,0,0,0,0,0,0,0
SUPER_26,9920000,7,0,1,8,4,3,13
SUPER_26,9930000,2,0,1,3,0,2,1
SUPER_26,9940000,2,0,0,2,0,2,NaN
SUPER_26,9950000,3,2,0,5,1,2,1
SUPER_26,9960000,1,0,0,1,0,1,NaN
SUPER_26,9970000,78,4,5,87,41,37,5.4444447
SUPER_26,9980000,86,5,6,97,50,36,15
SUPER_26,9990000,0,0,0,0,0,0,0
SUPER_26,10000000,0,0,0,0,0,0,0
SUPER_26,10010000,0,0,0,0,0,0,0
SUPER_26,10020000,77,4,6,87,34,43,7.5
SUPER_26,10030000,99,12,6,117,52,47,5.8333335
SUPER_26,10040000,0,0,1,1,0,0,9
SUPER_26,10050000,0,0,0,0,0,0,0
SUPER_26,10060000,0,0,0,0,0,0,0
SUPER_26,10070000,8,0,4,12,3,5,3.5
SUPER_26,10080000,1,0,0,1,1,0,NaN
SUPER_26,10090000,1,0,2,3,0,1,5
SUPER_26,10100000,1,1,0,2,1,0,2
SUPER_26,10110000,2,0,0,2,1,1,NaN
SUPER_26,10120000,0,1,0,1,0,0,4
SUPER_26,10130000,3,2,0,5,2,1,9.5
SUPER_26,10140000,4,0,0,4,3,1,NaN
SUPER_26,10150000,3,0,0,3,1,2,NaN
SUPER_26,10160000,3,0,2,5,1,2,1.5
SUPER_26,10170000,1,0,1,2,1,0,3
SUPER_26,10180000,33,2,2,37,15,18,2.75
SUPER_26,10190000,125,14,6,145,61,64,10.75
SUPER_26,10200000,95,6,8,109,55,40,6.214286
SUPER_26,10210000,32,2,7,41,12,20,4.4444447
SUPER_26,10220000,90,4,5,99,59,31,31.222221
SUPER_26,10230000,113,5,10,128,54,59,3.9333334
SUPER_26,10240000,40,1,4,45,20,20,5
SUPER_26,10250000,92,3,3,98,43,49,1
SUPER_26,10260000,70,3,7,80,31,39,6.3
SUPER_26,10270000,36,3,5,44,22,14,6.5
SUPER_26,10280000,64,3,7,74,33,31,3.6
SUPER_26,10290000,55,5,2,62,22,33,6.142857
SUPER_26,10300000,124,8,14,146,57,67,3.7272727
SUPER_26,10310000,33,6,1,40,16,17,7.285714
SUPER_26,10320000,98,8,9,115,57,41,4.7058825
SUPER_26,10330000,18,1,8,27,8,10,15
SUPER_26,10340000,0,0,1,1,0,0,6
SUPER_26,10350000,0,0,0,0,0,0,0
SUPER_26,10360000,0,0,0,0,0,0,0
SUPER_26,10370000,14,2,0,16,7,7,6.5
SUPER_26,10380000,32,2,2,36,13,19,1
SUPER_26,10390000,69,1,6,76,35,34,2.2857144
SUPER_26,10400000,63,5,2,70,27,36,12
SUPER_26,10410000,84,5,4,93,41,43,2.8888888
SUPER_26,10420000,43,5,3,51,20,23,11.125
SUPER_26,10430000,104,8,7,119,60,44,7.3333335
SUPER_26,10440000,132,8,4,144,60,72,17.25
SUPER_26,10450000,116,11,11,138,54,62,9.545455
SUPER_26,10460000,73,2,6,81,35,38,33.125
SUPER_26,10470000,104,14,8,126,52,52,10.454545
SUPER_26,10480000,109,11,12,132,52,57,9.521739
SUPER_26,10490000,0,0,1,1,0,0,1
SUPER_26,10500000,1,0,0,1,1,0,NaN
SUPER_26,10510000,8,2,1,11,2,6,3.3333333
SUPER_26,10520000,153,7,13,173,83,70,5
SUPER_26,10530000,139,15,13,167,79,60,23.214285
SUPER_26,10540000,53,8,4,65,24,29,56.833332
SUPER_26,10550000,92,7,6,105,48,44,8.769231
SUPER_26,10560000,144,7,10,161,67,77,5.352941
SUPER_26,10570000,126,11,9,146,65,61,7.6
SUPER_26,10580000,139,7,16,162,61,78,12.086957
SUPER_26,10590000,60,2,3,65,30,30,7.8
SUPER_26,10600000,101,9,4,114,45,56,3.0769231
SUPER_26,10610000,92,6,9,107,45,47,3.4666667
SUPER_26,10620000,11,1,0,12,8,3,4
SUPER_26,10630000,0,1,0,1,0,0,3
SUPER_26,10640000,3,0,0,3,1,2,NaN
SUPER_26,10650000,3,0,0,3,2,1,NaN
SUPER_26,10660000,1,1,0,2,1,0,1
SUPER_26,10670000,3,1,1,5,1,2,2
SUPER_26,10680000,70,5,5,80,42,28,3.6
SUPER_26,10690000,44,0,0,44,25,19,NaN
SUPER_26,10700000,25,4,3,32,12,13,9
SUPER_26,10710000,10,0,2,12,3,7,5
SUPER_26,10720000,86,10,9,105,46,40,4.736842
SUPER_26,10730000,125,10,8,143,60,65,6.1666665
SUPER_26,10740000,0,0,0,0,0,0,0
SUPER_26,10750000,0,0,0,0,0,0,0
SUPER_26,10760000,154,12,12,178,75,79,6
SUPER_26,10770000,72,3,2,77,35,37,12
SUPER_26,10780000,0,0,0,0,0,0,0
SUPER_26,10790000,0,0,0,0,0,0,0
SUPER_26,10800000,0,0,0,0,0,0,0
SUPER_26,10810000,50,4,2,56,35,15,2.1666667
SUPER_26,10820000,5,1,1,7,1,4,2
SUPER_26,10830000,7,0,1,8,5,2,1
SUPER_26,10840000,31,2,1,34,13,18,2.3333333
SUPER_26,10850000,95,4,5,104,55,40,19.333334
SUPER_26,10860000,137,8,10,155,74,63,9.277778
SUPER_26,10870000,40,4,1,45,22,18,5.8
SUPER_26,10880000,56,6,6,68,32,24,16.916666
SUPER_26,10890000,0,0,0,0,0,0,0
SUPER_26,10900000,0,0,0,0,0,0,0
SUPER_26,10910000,0,0,0,0,0,0,0
SUPER_26,10920000,0,0,0,0,0,0,0
SUPER_26,10930000,0,0,0,0,0,0,0
SUPER_26,10940000,0,0,0,0,0,0,0
SUPER_26,10950000,46,2,2,50,23,23,3
SUPER_26,10960000,49,0,5,54,29,20,47.8
SUPER_26,10970000,121,4,6,131,66,55,30.4
SUPER_26,10980000,48,1,4,53,19,29,4.2
SUPER_26,10990000,122,8,8,138,65,57,10.0625
SUPER_26,11000000,96,9,5,110,40,56,5.714286
SUPER_26,11010000,115,10,11,136,53,62,5
SUPER_26,11020000,83,5,4,92,35,48,2.7777777
SUPER_26,11030000,15,2,0,17,12,3,5.5
SUPER_26,11040000,56,3,1,60,26,30,3.25
SUPER_26,11050000,34,3,7,44,16,18,4.1
SUPER_26,11060000,2,0,1,3,1,1,4
SUPER_26,11070000,4,0,0,4,2,2,NaN
SUPER_26,11080000,1,0,0,1,1,0,NaN
SUPER_26,11090000,2,1,0,3,2,0,4
SUPER_26,11100000,2,0,0,2,2,0,NaN
SUPER_26,11110000,1,1,1,3,1,0,2.5
SUPER_26,11120000,55,4,6,65,28,27,48.2
SUPER_26,11130000,63,6,11,80,38,25,7.529412
SUPER_26,11140000,0,0,0,0,0,0,0
SUPER_26,11150000,0,0,0,0,0,0,0
SUPER_26,11160000,11,0,3,14,7,4,5
SUPER_26,11170000,64,6,7,77,32,32,4.1538463
SUPER_26,11180000,63,4,5,72,38,25,8.333333
SUPER_26,11190000,157,17,12,186,85,72,5.827586
SUPER_26,11200000,31,2,3,36,16,15,3.8
SUPER_26,11210000,188,12,19,219,104,84,7.387097
SUPER_26,11220000,193,13,19,225,89,104,6.9375
SUPER_26,11230000,106,7,8,121,65,41,9.8
SUPER_26,11240000,103,6,8,117,46,57,2.7142856
SUPER_26,11250000,109,10,20,139,49,60,7.7
SUPER_26,11260000,78,8,6,92,35,43,14.785714
SUPER_26,11270000,2,1,0,3,1,1,1
SUPER_26,11280000,1,0,0,1,1,0,NaN
SUPER_26,11290000,2,1,1,4,2,0,26
SUPER_26,11300000,65,2,3,70,36,29,8.8
SUPER_26,11310000,156,5,15,176,64,92,6.8
SUPER_26,11320000,164,10,12,186,85,79,7.2272725
SUPER_26,11330000,131,9,10,150,63,68,17.789474
SUPER_26,11340000,120,12,11,143,63,57,8.73913
SUPER_26,11350000,117,9,8,134,57,60,14.6470585
SUPER_26,11360000,166,7,6,179,89,77,3.3076923
SUPER_26,11370000,82,9,5,96,40,42,6.142857
SUPER_26,11380000,119,5,8,132,55,64,8.384615
SUPER_26,11390000,156,13,15,184,75,81,12.821428
SUPER_26,11400000,102,5,10,117,52,50,14.133333
SUPER_26,11410000,92,8,12,112,45,47,7.85
SUPER_26,11420000,112,4,9,125,56,56,15.384615
SUPER_26,11430000,49,6,7,62,30,19,5.3076925
SUPER_26,11440000,0,0,0,0,0,0,0
SUPER_26,11450000,0,0,0,0,0,0,0
SUPER_26,11460000,140,10,9,159,76,64,15.157895
SUPER_26,11470000,4,1,1,6,2,2,4
SUPER_26,11480000,0,1,0,1,0,0,33
SUPER_26,11490000,0,0,1,1,0,0,1
SUPER_26,11500000,0,1,0,1,0,0,1
SUPER_26,11510000,2,0,0,2,1,1,NaN
SUPER_26,11520000,41,1,3,45,20,21,3.25
SUPER_26,11530000,96,4,7,107,54,42,2.909091
SUPER_26,11540000,95,1,5,101,42,53,5
SUPER_26,11550000,157,14,15,186,72,85,8.068966
SUPER_26,11560000,140,12,10,162,67,73,4.6363635
SUPER_26,11570000,42,11,5,58,20,22,6.9375
SUPER_26,11580000,27,2,4,33,11,16,8.166667
SUPER_26,11590000,66,4,3,73,33,33,5
SUPER_26,11600000,103,10,7,120,47,56,5.647059
SUPER_26,11610000,134,12,11,157,78,56,3.652174
SUPER_26,11620000,167,21,12,200,93,74,28.878788
SUPER_26,11630000,109,9,8,126,55,54,44.941177
SUPER_26,11640000,40,3,7,50,23,17,41
SUPER_26,11650000,85,4,4,93,51,34,7.625
SUPER_26,11660000,155,11,9,175,101,54,8
SUPER_26,11670000,156,11,19,186,83,73,18.666666
SUPER_26,11680000,91,9,8,108,57,34,20.647058
SUPER_26,11690000,0,0,0,0,0,0,0
SUPER_26,11700000,0,0,0,0,0,0,0
SUPER_26,11710000,0,0,0,0,0,0,0
SUPER_26,11720000,151,14,17,182,79,72,16.483871
SUPER_26,11730000,112,9,7,128,55,57,10.25
SUPER_26,11740000,122,4,10,136,72,50,22.714285
SUPER_26,11750000,25,2,1,28,15,10,74
SUPER_26,11760000,7,0,0,7,3,4,NaN
SUPER_26,11770000,3,0,0,3,2,1,NaN
SUPER_26,11780000,2,0,0,2,1,1,NaN
SUPER_26,11790000,2,0,1,3,0,2,1
SUPER_26,11800000,0,1,0,1,0,0,1
SUPER_26,11810000,1,1,1,3,0,1,1
SUPER_26,11820000,0,0,0,0,0,0,0
SUPER_26,11830000,0,0,0,0,0,0,0
SUPER_26,11840000,4,0,0,4,1,3,NaN
SUPER_26,11850000,1,0,0,1,1,0,NaN
SUPER_26,11860000,79,3,7,89,44,35,3.4
SUPER_26,11870000,8,0,2,10,2,6,1.5
SUPER_26,11880000,49,4,9,62,28,21,8.923077
SUPER_26,11890000,12,0,0,12,6,6,NaN
SUPER_26,11900000,1,0,0,1,1,0,NaN
SUPER_26,11910000,1,0,1,2,1,0,1
SUPER_26,11920000,0,1,0,1,0,0,1
SUPER_26,11930000,4,1,0,5,0,4,1
SUPER_26,11940000,4,0,1,5,1,3,1
SUPER_26,11950000,2,0,0,2,1,1,NaN
SUPER_26,11960000,61,4,1,66,30,31,1
SUPER_26,11970000,108,9,6,123,54,54,8.733334
SUPER_26,11980000,100,10,7,117,51,49,5.2941175
SUPER_26,11990000,38,6,2,46,18,20,8.5
SUPER_26,12000000,2,0,0,2,1,1,NaN
SUPER_26,12010000,1,2,1,4,1,0,12.666667
SUPER_26,12020000,44,4,5,53,18,26,8.111111
SUPER_26,12030000,1,0,1,2,1,0,12
SUPER_26,12040000,4,0,2,6,1,3,6
SUPER_26,12050000,1,0,0,1,1,0,NaN
SUPER_26,12060000,1,1,0,2,1,0,2
SUPER_26,12070000,2,0,0,2,2,0,NaN
SUPER_26,12080000,2,1,0,3,1,1,1
SUPER_26,12090000,2,0,0,2,2,0,NaN
SUPER_26,12100000,107,11,12,130,54,53,4.130435
SUPER_26,12110000,59,1,5,65,33,26,3.3333333
SUPER_26,12120000,24,2,2,28,14,10,10
SUPER_26,12130000,2,0,0,2,1,1,NaN
SUPER_26,12140000,4,1,0,5,3,1,2
SUPER_26,12150000,0,0,1,1,0,0,2
SUPER_26,12160000,2,0,1,3,2,0,1
SUPER_26,12170000,7,0,2,9,5,2,3
SUPER_26,12180000,2,1,1,4,0,2,5.5
SUPER_26,12190000,0,0,0,0,0,0,0
SUPER_26,12200000,0,0,0,0,0,0,0
SUPER_26,12210000,11,3,0,14,5,6,2.6666667
SUPER_26,12220000,23,1,3,27,9,14,5.5
SUPER_26,12230000,2,1,0,3,0,2,6
SUPER_26,12240000,51,1,2,54,33,18,9.666667
SUPER_26,12250000,76,7,4,87,40,36,5.090909
SUPER_26,12260000,87,10,9,106,51,36,19.789474
SUPER_26,12270000,116,10,8,134,57,59,3.9444444
SUPER_26,12280000,68,1,4,73,29,39,4.2
SUPER_26,12290000,123,10,7,140,66,57,6.4117646
SUPER_26,12300000,114,6,10,130,62,52,2.9375
SUPER_26,12310000,68,4,2,74,41,27,10.666667
SUPER_26,12320000,56,3,4,63,29,27,6.714286
SUPER_26,12330000,3,0,0,3,1,2,NaN
SUPER_26,12340000,147,10,13,170,75,72,43
SUPER_26,12350000,48,3,3,54,24,24,3.1666667
SUPER_26,12360000,48,2,1,51,26,22,6.6666665
SUPER_26,12370000,60,7,5,72,25,35,5.75
SUPER_26,12380000,42,0,1,43,19,23,1
SUPER_26,12390000,34,3,1,38,18,16,2.25
SUPER_26,12400000,0,0,0,0,0,0,0
SUPER_26,12410000,0,0,0,0,0,0,0
SUPER_26,12420000,37,1,1,39,21,16,4.5
SUPER_26,12430000,3,0,0,3,2,1,NaN
SUPER_26,12440000,3,0,1,4,2,1,1
SUPER_26,12450000,3,2,1,6,1,2,3.3333333
SUPER_26,12460000,55,2,0,57,26,29,6.5
SUPER_26,12470000,66,11,4,81,39,27,5.133333
SUPER_26,12480000,23,3,2,28,12,11,8
SUPER_26,12490000,47,2,2,51,30,17,2.75
SUPER_26,12500000,0,0,0,0,0,0,0
SUPER_26,12510000,0,0,0,0,0,0,0
SUPER_26,12520000,110,6,11,127,63,47,5.1764708
SUPER_26,12530000,75,9,10,94,34,41,5.631579
SUPER_26,12540000,0,0,0,0,0,0,0
SUPER_26,12550000,0,0,0,0,0,0,0
SUPER_26,12560000,0,0,0,0,0,0,0
SUPER_26,12570000,0,0,0,0,0,0,0
SUPER_26,12580000,0,0,0,0,0,0,0
SUPER_26,12590000,0,0,0,0,0,0,0
SUPER_26,12600000,0,0,0,0,0,0,0
SUPER_26,12610000,0,0,0,0,0,0,0
SUPER_26,12620000,0,0,0,0,0,0,0
SUPER_26,12630000,0,0,0,0,0,0,0
SUPER_26,12640000,0,0,0,0,0,0,0
SUPER_26,12650000,0,0,0,0,0,0,0
SUPER_26,12660000,5,0,2,7,3,2,1.5
SUPER_26,12670000,56,3,2,61,34,22,2.4
SUPER_26,12680000,0,0,0,0,0,0,0
SUPER_26,12690000,0,0,0,0,0,0,0
SUPER_26,12700000,18,1,2,21,10,8,17.333334
SUPER_26,12710000,4,0,0,4,1,3,NaN
SUPER_26,12720000,4,1,0,5,2,2,2
SUPER_26,12730000,5,2,0,7,2,3,7
SUPER_26,12740000,2,0,0,2,2,0,NaN
SUPER_26,12750000,2,0,0,2,1,1,NaN
SUPER_26,12760000,1,0,0,1,1,0,NaN
SUPER_26,12770000,1,0,0,1,1,0,NaN
SUPER_26,12780000,6,0,0,6,4,2,NaN
SUPER_26,12790000,1,1,0,2,0,1,1
SUPER_26,12800000,2,0,0,2,2,0,NaN
SUPER_26,12810000,0,0,0,0,0,0,0
SUPER_26,12820000,0,0,0,0,0,0,0
SUPER_26,12830000,0,0,0,0,0,0,0
SUPER_26,12840000,0,0,0,0,0,0,0
SUPER_26,12850000,3,0,0,3,2,1,NaN
SUPER_26,12860000,0,0,1,1,0,0,1
SUPER_26,12870000,1,0,0,1,0,1,NaN
SUPER_26,12880000,1,1,0,2,0,1,42
SUPER_26,12890000,5,0,0,5,4,1,NaN
SUPER_26,12900000,2,0,1,3,1,1,46
SUPER_26,12910000,11,1,3,15,7,4,48.25
SUPER_26,12920000,0,0,0,0,0,0,0
SUPER_26,12930000,0,0,0,0,0,0,0
SUPER_26,12940000,54,9,3,66,28,26,7
SUPER_26,12950000,16,1,0,17,10,6,1
SUPER_26,12960000,124,8,2,134,59,65,5.3
SUPER_26,12970000,205,10,12,227,102,103,4.681818
SUPER_26,12980000,76,1,2,79,39,37,15.666667
SUPER_26,12990000,40,4,5,49,19,21,8.222222
SUPER_26,13000000,119,9,12,140,67,52,4.2380953
SUPER_26,13010000,93,13,12,118,53,40,5.64
SUPER_26,13020000,17,3,2,22,10,7,5
SUPER_26,13030000,1,0,1,2,1,0,6
SUPER_26,13040000,0,1,0,1,0,0,4
SUPER_26,13050000,0,0,0,0,0,0,0
SUPER_26,13060000,0,0,0,0,0,0,0
SUPER_26,13070000,56,3,5,64,23,33,37.125
SUPER_26,13080000,84,2,9,95,48,36,4
SUPER_26,13090000,153,12,8,173,78,75,10.9
SUPER_26,13100000,206,19,10,235,96,110,8.793103
SUPER_26,13110000,105,10,13,128,61,44,67
SUPER_26,13120000,66,3,3,72,36,30,5.3333335
SUPER_26,13130000,106,7,7,120,57,49,8.071428
SUPER_26,13140000,134,15,16,165,73,61,18.290323
SUPER_26,13150000,80,5,4,89,47,33,3.3333333
SUPER_26,13160000,123,8,17,148,66,57,9.52
SUPER_26,13170000,86,9,6,101,46,40,3.4666667
SUPER_26,13180000,44,5,8,57,20,24,5.3076925
SUPER_26,13190000,63,3,5,71,34,29,5
SUPER_26,13200000,2,0,0,2,1,1,NaN
SUPER_26,13210000,7,0,2,9,2,5,18
SUPER_26,13220000,1,0,0,1,1,0,NaN
SUPER_26,13230000,4,1,1,6,2,2,24.5
SUPER_26,13240000,86,4,5,95,44,42,8.555555
SUPER_26,13250000,23,1,4,28,11,12,3.2
SUPER_26,13260000,1,0,0,1,0,1,NaN
SUPER_26,13270000,3,0,0,3,2,1,NaN
SUPER_26,13280000,4,0,0,4,3,1,NaN
SUPER_26,13290000,1,1,0,2,1,0,1
SUPER_26,13300000,1,0,0,1,0,1,NaN
SUPER_26,13310000,28,2,7,37,14,14,7.6666665
SUPER_26,13320000,96,12,9,117,47,49,3.952381
SUPER_26,13330000,99,5,4,108,51,48,14.666667
SUPER_26,13340000,48,4,2,54,19,29,3.3333333
SUPER_26,13350000,50,5,4,59,37,13,2.5555556
SUPER_26,13360000,37,3,3,43,17,20,8.833333
SUPER_26,13370000,14,3,1,18,7,7,5.5
SUPER_26,13380000,96,6,8,110,43,53,18.428572
SUPER_26,13390000,23,4,5,32,11,12,2.3333333
SUPER_26,13400000,101,14,10,125,50,51,4.75
SUPER_26,13410000,56,7,5,68,25,31,2.5
SUPER_26,13420000,128,5,12,145,69,59,7.529412
SUPER_26,13430000,125,10,15,150,60,65,6.84
SUPER_26,13440000,112,11,14,137,51,61,4.72
SUPER_26,13450000,71,11,7,89,36,35,4.1666665
SUPER_26,13460000,58,4,4,66,30,28,5.75
SUPER_26,13470000,83,2,2,87,43,40,2
SUPER_26,13480000,82,7,6,95,41,41,5.3076925
SUPER_26,13490000,117,10,13,140,56,61,5.652174
SUPER_26,13500000,17,5,1,23,13,4,1.3333334
SUPER_26,13510000,2,0,1,3,1,1,1
SUPER_26,13520000,1,3,0,4,0,1,1.6666666
SUPER_26,13530000,93,8,10,111,55,38,6.1666665
SUPER_26,13540000,96,5,5,106,53,43,23.5
SUPER_26,13550000,96,11,14,121,47,49,18.96
SUPER_26,13560000,83,8,5,96,42,41,9.615385
SUPER_26,13570000,37,2,5,44,15,22,2.5714285
SUPER_26,13580000,100,12,11,123,49,51,12.391304
SUPER_26,13590000,40,5,7,52,16,24,4.8333335
SUPER_26,13600000,79,8,11,98,31,48,23.68421
SUPER_26,13610000,63,3,4,70,30,33,12.714286
SUPER_26,13620000,169,9,13,191,96,73,14.181818
SUPER_26,13630000,185,16,22,223,89,96,10.447369
SUPER_26,13640000,145,14,13,172,74,71,6.4814816
SUPER_26,13650000,134,11,11,156,68,66,2.5
SUPER_26,13660000,105,4,12,121,57,48,24.0625
SUPER_26,13670000,30,3,5,38,14,16,5.125
SUPER_26,13680000,119,6,7,132,64,55,4.076923
SUPER_26,13690000,145,8,6,159,70,75,9.357142
SUPER_26,13700000,40,4,8,52,18,22,5
SUPER_26,13710000,72,8,4,84,37,35,3.1666667
SUPER_26,13720000,19,3,2,24,10,9,2.6
SUPER_26,13730000,4,0,2,6,3,1,8
SUPER_26,13740000,5,1,1,7,2,3,3.5
SUPER_26,13750000,5,1,0,6,3,2,14
SUPER_26,13760000,72,5,4,81,41,31,6.7777777
SUPER_26,13770000,27,1,5,33,14,13,1.8333334
SUPER_26,13780000,3,0,1,4,2,1,8
SUPER_26,13790000,94,5,4,103,47,47,26.444445
SUPER_26,13800000,64,6,8,78,26,38,6.857143
SUPER_26,13810000,2,0,0,2,2,0,NaN
SUPER_26,13820000,28,2,3,33,16,12,1.6
SUPER_26,13830000,16,3,1,20,5,11,5
SUPER_26,13840000,58,5,4,67,20,38,21.666666
SUPER_26,13850000,2,0,0,2,1,1,NaN
SUPER_26,13860000,70,9,6,85,36,34,9.933333
SUPER_26,13870000,44,8,4,56,22,22,9
SUPER_26,13880000,82,4,7,93,41,41,8.727273
SUPER_26,13890000,73,13,3,89,39,34,5.9375
SUPER_26,13900000,56,3,8,67,34,22,18.454546
SUPER_26,13910000,32,2,1,35,14,18,1.3333334
SUPER_26,13920000,102,8,9,119,57,45,3.0588236
SUPER_26,13930000,53,4,5,62,22,31,23.88889
SUPER_26,13940000,45,5,7,57,24,21,13.666667
SUPER_26,13950000,161,19,10,190,88,73,3.5172415
SUPER_26,13960000,94,10,4,108,48,46,5
SUPER_26,13970000,61,6,3,70,24,37,4.6666665
SUPER_26,13980000,88,12,7,107,45,43,7.5263157
SUPER_26,13990000,139,4,13,156,59,80,3.764706
SUPER_26,14000000,120,8,11,139,67,53,33.05263
SUPER_26,14010000,180,11,12,203,94,86,4.6086955
SUPER_26,14020000,143,18,14,175,68,75,10.375
SUPER_26,14030000,90,4,7,101,42,48,6.4545455
SUPER_26,14040000,83,5,10,98,47,36,15.2
SUPER_26,14050000,145,9,18,172,79,66,7.5555553
SUPER_26,14060000,127,8,12,147,61,66,10.5
SUPER_26,14070000,155,17,12,184,69,86,9.620689
SUPER_26,14080000,28,4,3,35,10,18,6.571429
SUPER_26,14090000,0,0,0,0,0,0,0
SUPER_26,14100000,0,0,0,0,0,0,0
SUPER_26,14110000,0,0,0,0,0,0,0
SUPER_26,14120000,0,0,0,0,0,0,0
SUPER_26,14130000,0,0,0,0,0,0,0
SUPER_26,14140000,77,7,7,91,44,33,3.9285715
SUPER_26,14150000,38,2,4,44,21,17,45.833332
SUPER_26,14160000,0,0,0,0,0,0,0
SUPER_26,14170000,0,0,0,0,0,0,0
SUPER_26,14180000,89,7,8,104,55,34,5.133333
SUPER_26,14190000,105,6,6,117,48,57,5.9166665
SUPER_26,14200000,51,2,4,57,31,20,53.833332
SUPER_26,14210000,34,3,3,40,19,15,1.3333334
SUPER_26,14220000,17,4,0,21,7,10,4.75
SUPER_26,14230000,15,2,1,18,8,7,10.333333
SUPER_26,14240000,15,3,2,20,10,5,1.2
SUPER_26,14250000,16,1,0,17,7,9,1
SUPER_26,14260000,11,1,0,12,5,6,12
SUPER_26,14270000,21,1,4,26,12,9,4.2
SUPER_26,14280000,20,0,3,23,10,10,14.333333
SUPER_26,14290000,31,2,2,35,15,16,4
SUPER_26,14300000,79,4,7,90,36,43,39.363636
SUPER_26,14310000,101,9,4,114,53,48,4.3076925
SUPER_26,14320000,111,11,9,131,50,61,6.65
SUPER_26,14330000,48,4,3,55,22,26,2
SUPER_26,14340000,21,0,2,23,12,9,2
SUPER_26,14350000,20,1,3,24,11,9,15.5
SUPER_26,14360000,40,3,3,46,23,17,10.666667
SUPER_26,14370000,37,3,5,45,18,19,4.375
SUPER_26,14380000,34,1,2,37,17,17,1.6666666
SUPER_26,14390000,15,1,2,18,8,7,5.3333335
SUPER_26,14400000,41,3,6,50,22,19,4.111111
SUPER_26,14410000,70,4,4,78,37,33,4.25
SUPER_26,14420000,68,6,5,79,37,31,8.090909
SUPER_26,14430000,38,0,3,41,14,24,3
SUPER_26,14440000,36,1,5,42,17,19,9.5
SUPER_26,14450000,46,5,5,56,24,22,4.4
SUPER_26,14460000,62,2,3,67,31,31,2.2
SUPER_26,14470000,57,4,5,66,28,29,5.888889
SUPER_26,14480000,2,0,0,2,1,1,NaN
SUPER_26,14490000,80,3,8,91,52,28,7.5454545
SUPER_26,14500000,99,5,7,111,58,41,7.25
SUPER_26,14510000,97,10,13,120,46,51,10.565217
SUPER_26,14520000,22,0,2,24,11,11,7.5
SUPER_26,14530000,14,1,0,15,6,8,1
SUPER_26,14540000,8,0,0,8,3,5,NaN
SUPER_26,14550000,0,2,0,2,0,0,2
SUPER_26,14560000,6,2,0,8,4,2,2
SUPER_26,14570000,0,0,0,0,0,0,0
SUPER_26,14580000,0,0,0,0,0,0,0
SUPER_26,14590000,0,0,0,0,0,0,0
SUPER_26,14600000,0,0,0,0,0,0,0
SUPER_26,14610000,0,0,0,0,0,0,0
SUPER_26,14620000,0,0,0,0,0,0,0
SUPER_26,14630000,0,0,0,0,0,0,0
SUPER_26,14640000,0,0,0,0,0,0,0
SUPER_26,14650000,39,3,1,43,26,13,3.25
SUPER_26,14660000,5,0,0,5,5,0,NaN
SUPER_26,14670000,4,0,0,4,3,1,NaN
SUPER_26,14680000,31,2,2,35,19,12,1
SUPER_26,14690000,0,0,0,0,0,0,0
SUPER_26,14700000,0,0,0,0,0,0,0
SUPER_26,14710000,0,0,0,0,0,0,0
SUPER_26,14720000,0,0,0,0,0,0,0
SUPER_26,14730000,0,0,0,0,0,0,0
SUPER_26,14740000,0,0,0,0,0,0,0
SUPER_26,14750000,0,0,0,0,0,0,0
SUPER_26,14760000,0,0,0,0,0,0,0
SUPER_26,14770000,0,0,0,0,0,0,0
SUPER_26,14780000,0,0,0,0,0,0,0
SUPER_26,14790000,0,0,0,0,0,0,0
SUPER_26,14800000,0,0,0,0,0,0,0
SUPER_26,14810000,0,0,0,0,0,0,0
SUPER_27,10000,72,2,1,75,50,22,4.6666665
SUPER_27,20000,0,0,0,0,0,0,0
SUPER_27,30000,0,0,0,0,0,0,0
SUPER_27,40000,11,1,0,12,5,6,2
SUPER_27,50000,94,2,3,99,61,33,3.6
SUPER_27,60000,26,1,2,29,21,5,1
SUPER_27,70000,14,0,0,14,10,4,NaN
SUPER_27,80000,112,1,0,113,73,39,1
SUPER_27,90000,22,0,0,22,15,7,NaN
SUPER_27,100000,4,1,0,5,1,3,1
SUPER_27,110000,15,1,1,17,11,4,9
SUPER_27,120000,2,1,0,3,0,2,1
SUPER_27,130000,2,5,1,8,0,2,2
SUPER_27,140000,2,0,10,12,1,1,2
SUPER_27,150000,45,0,0,45,29,16,NaN
SUPER_27,160000,36,2,2,40,24,12,3.75
SUPER_27,170000,20,0,2,22,12,8,2
SUPER_27,180000,30,3,0,33,18,12,1.3333334
SUPER_27,190000,8,1,0,9,7,1,1
SUPER_27,200000,20,0,0,20,11,9,NaN
SUPER_27,210000,57,2,2,61,29,28,1.75
SUPER_27,220000,69,11,7,87,40,29,3.1111112
SUPER_27,230000,61,1,0,62,53,8,1
SUPER_27,240000,20,1,1,22,15,5,9
SUPER_27,250000,1,0,0,1,0,1,NaN
SUPER_27,260000,6,2,1,9,2,4,6.6666665
SUPER_27,270000,26,3,1,30,17,9,12
SUPER_27,280000,28,1,5,34,16,12,4
SUPER_27,290000,47,3,0,50,19,28,1
SUPER_27,300000,65,3,6,74,43,22,2.1111112
SUPER_27,310000,58,6,3,67,34,24,8.555555
SUPER_27,320000,44,3,1,48,22,22,29.25
SUPER_27,330000,50,9,4,63,24,26,4.8461537
SUPER_27,340000,3,0,0,3,1,2,NaN
SUPER_27,350000,14,2,0,16,6,8,4
SUPER_27,360000,9,0,0,9,5,4,NaN
SUPER_27,370000,0,0,0,0,0,0,0
SUPER_27,380000,0,0,0,0,0,0,0
SUPER_27,390000,90,6,4,100,52,38,2.9
SUPER_27,400000,2,1,2,5,1,1,1.3333334
SUPER_27,410000,1,0,0,1,0,1,NaN
SUPER_27,420000,6,1,1,8,2,4,1.5
SUPER_27,430000,1,0,0,1,1,0,NaN
SUPER_27,440000,0,1,0,1,0,0,9
SUPER_27,450000,2,0,0,2,0,2,NaN
SUPER_27,460000,1,0,0,1,0,1,NaN
SUPER_27,470000,1,0,0,1,0,1,NaN
SUPER_27,480000,0,1,0,1,0,0,9
SUPER_27,490000,1,0,0,1,1,0,NaN
SUPER_27,500000,1,2,0,3,1,0,2.5
SUPER_27,510000,1,0,0,1,1,0,NaN
SUPER_27,520000,1,0,0,1,0,1,NaN
SUPER_27,530000,0,1,0,1,0,0,2
SUPER_27,540000,1,0,0,1,1,0,NaN
SUPER_27,550000,3,1,0,4,2,1,4
SUPER_27,560000,1,0,1,2,0,1,4
SUPER_27,570000,0,0,0,0,0,0,0
SUPER_27,580000,0,0,0,0,0,0,0
SUPER_27,590000,7,2,2,11,4,3,1.75
SUPER_27,600000,4,1,2,7,2,2,1.6666666
SUPER_27,610000,2,0,0,2,1,1,NaN
SUPER_27,620000,2,0,0,2,1,1,NaN
SUPER_27,630000,2,1,0,3,1,1,1
SUPER_27,640000,1,0,0,1,1,0,NaN
SUPER_27,650000,2,1,0,3,0,2,12
SUPER_27,660000,5,2,1,8,1,4,11.333333
SUPER_27,670000,25,2,1,28,13,12,3
SUPER_27,680000,88,7,9,104,44,44,8.875
SUPER_27,690000,112,5,8,125,56,56,4.076923
SUPER_27,700000,137,12,14,163,69,68,6.4615383
SUPER_27,710000,83,6,16,105,38,45,13.818182
SUPER_27,720000,43,1,3,47,23,20,8.5
SUPER_27,730000,112,10,9,131,62,50,3.7368422
SUPER_27,740000,112,9,11,132,64,48,4.65
SUPER_27,750000,42,8,1,51,18,24,14
SUPER_27,760000,90,8,11,109,48,42,6.5263157
SUPER_27,770000,76,6,3,85,39,37,6.2222223
SUPER_27,780000,33,2,1,36,14,19,37.333332
SUPER_27,790000,114,10,10,134,58,56,24.55
SUPER_27,800000,77,11,11,99,42,35,5.1363635
SUPER_27,810000,73,2,6,81,37,36,10.25
SUPER_27,820000,117,7,10,134,67,50,8.117647
SUPER_27,830000,85,7,6,98,49,36,2.8461537
SUPER_27,840000,67,6,9,82,26,41,8.333333
SUPER_27,850000,131,9,11,151,63,68,5.75
SUPER_27,860000,130,9,7,146,76,54,7.4375
SUPER_27,870000,121,6,7,134,45,76,5.769231
SUPER_27,880000,93,9,9,111,44,49,6.0555553
SUPER_27,890000,97,10,7,114,45,52,7.8235292
SUPER_27,900000,84,3,3,90,37,47,15.166667
SUPER_27,910000,134,8,6,148,62,72,3.857143
SUPER_27,920000,144,12,10,166,74,70,7.3636365
SUPER_27,930000,153,11,7,171,80,73,20.333334
SUPER_27,940000,116,14,7,137,48,68,7.2380953
SUPER_27,950000,137,10,12,159,56,81,8.909091
SUPER_27,960000,15,2,3,20,7,8,8.4
SUPER_27,970000,95,2,7,104,58,37,9.111111
SUPER_27,980000,5,0,1,6,3,2,1
SUPER_27,990000,22,2,2,26,14,8,1.75
SUPER_27,1000000,60,6,7,73,31,29,8.230769
SUPER_27,1010000,26,2,0,28,16,10,2.5
SUPER_27,1020000,22,2,1,25,12,10,1
SUPER_27,1030000,83,7,9,99,42,41,8.125
SUPER_27,1040000,64,4,2,70,38,26,3.5
SUPER_27,1050000,43,7,5,55,25,18,9.5
SUPER_27,1060000,36,1,4,41,20,16,1.4
SUPER_27,1070000,28,6,1,35,13,15,5.428571
SUPER_27,1080000,90,4,11,105,43,47,9.466666
SUPER_27,1090000,55,4,3,62,22,33,93.42857
SUPER_27,1100000,1,2,0,3,0,1,29
SUPER_27,1110000,0,0,0,0,0,0,0
SUPER_27,1120000,0,0,0,0,0,0,0
SUPER_27,1130000,3,0,0,3,1,2,NaN
SUPER_27,1140000,101,10,6,117,45,56,4.0625
SUPER_27,1150000,83,1,9,93,40,43,8.1
SUPER_27,1160000,1,0,0,1,1,0,NaN
SUPER_27,1170000,122,5,5,132,69,53,7.6
SUPER_27,1180000,52,1,4,57,25,27,4.6
SUPER_27,1190000,160,12,11,183,74,86,5.173913
SUPER_27,1200000,48,3,5,56,23,25,4.5
SUPER_27,1210000,45,3,7,55,19,26,3.6
SUPER_27,1220000,58,1,3,62,30,28,8.5
SUPER_27,1230000,145,10,8,163,78,67,6.2777777
SUPER_27,1240000,126,2,7,135,66,60,14.111111
SUPER_27,1250000,72,5,9,86,39,33,2.857143
SUPER_27,1260000,170,8,12,190,87,83,5.5
SUPER_27,1270000,143,10,7,160,72,71,26
SUPER_27,1280000,129,6,16,151,76,53,19.681818
SUPER_27,1290000,50,3,5,58,24,26,8.125
SUPER_27,1300000,2,0,1,3,1,1,1
SUPER_27,1310000,1,0,1,2,1,0,2
SUPER_27,1320000,2,0,1,3,1,1,2
SUPER_27,1330000,72,3,8,83,37,35,3.5454545
SUPER_27,1340000,144,11,11,166,67,77,4.2727275
SUPER_27,1350000,58,3,5,66,32,26,3.625
SUPER_27,1360000,3,0,1,4,1,2,10
SUPER_27,1370000,3,0,0,3,1,2,NaN
SUPER_27,1380000,2,0,0,2,1,1,NaN
SUPER_27,1390000,64,5,2,71,31,33,2.5714285
SUPER_27,1400000,154,8,7,169,75,79,16.133333
SUPER_27,1410000,19,1,3,23,10,9,5.25
SUPER_27,1420000,9,0,0,9,3,6,NaN
SUPER_27,1430000,197,15,15,227,100,97,6.1
SUPER_27,1440000,85,4,7,96,44,41,4.4545455
SUPER_27,1450000,107,6,7,120,51,56,7.4615383
SUPER_27,1460000,11,0,0,11,5,6,NaN
SUPER_27,1470000,163,4,17,184,78,85,38.285713
SUPER_27,1480000,118,13,12,143,58,60,4
SUPER_27,1490000,1,0,0,1,0,1,NaN
SUPER_27,1500000,1,0,1,2,1,0,1
SUPER_27,1510000,0,0,1,1,0,0,3
SUPER_27,1520000,4,0,0,4,4,0,NaN
SUPER_27,1530000,1,0,0,1,1,0,NaN
SUPER_27,1540000,1,0,1,2,1,0,3
SUPER_27,1550000,2,0,0,2,2,0,NaN
SUPER_27,1560000,4,0,0,4,3,1,NaN
SUPER_27,1570000,0,1,0,1,0,0,1
SUPER_27,1580000,0,1,0,1,0,0,1
SUPER_27,1590000,6,0,2,8,3,3,7.5
SUPER_27,1600000,73,8,2,83,47,26,1.5
SUPER_27,1610000,110,10,6,126,53,57,4.0625
SUPER_27,1620000,65,5,1,71,38,27,12.333333
SUPER_27,1630000,117,12,8,137,55,62,6.3
SUPER_27,1640000,70,6,8,84,40,30,5.5
SUPER_27,1650000,102,11,11,124,54,48,13.136364
SUPER_27,1660000,156,10,7,173,74,82,6.1764708
SUPER_27,1670000,151,10,8,169,89,62,9.833333
SUPER_27,1680000,39,2,5,46,23,16,14.285714
SUPER_27,1690000,137,11,11,159,64,73,5.1363635
SUPER_27,1700000,88,5,2,95,46,42,11
SUPER_27,1710000,44,2,3,49,24,20,12
SUPER_27,1720000,245,10,11,266,135,110,14.523809
SUPER_27,1730000,26,1,2,29,15,11,1
SUPER_27,1740000,52,3,7,62,29,23,6.1
SUPER_27,1750000,105,5,5,115,52,53,2.7
SUPER_27,1760000,122,8,10,140,65,57,5.7777777
SUPER_27,1770000,142,15,13,170,66,76,6.785714
SUPER_27,1780000,115,10,8,133,57,58,16.222221
SUPER_27,1790000,116,4,5,125,61,55,7
SUPER_27,1800000,123,9,7,139,55,68,6.6875
SUPER_27,1810000,2,0,0,2,2,0,NaN
SUPER_27,1820000,6,0,0,6,5,1,NaN
SUPER_27,1830000,41,7,1,49,25,16,9.75
SUPER_27,1840000,175,21,14,210,81,94,14.914286
SUPER_27,1850000,117,9,10,136,61,56,38.210526
SUPER_27,1860000,13,4,0,17,7,6,4.25
SUPER_27,1870000,132,13,15,160,62,70,6.214286
SUPER_27,1880000,113,9,10,132,60,53,6.631579
SUPER_27,1890000,94,4,12,110,48,46,4.75
SUPER_27,1900000,147,12,16,175,75,72,8.892858
SUPER_27,1910000,124,12,7,143,63,61,11.631579
SUPER_27,1920000,128,11,14,153,64,64,12.24
SUPER_27,1930000,111,7,10,128,58,53,8.117647
SUPER_27,1940000,105,5,8,118,48,57,3.3846154
SUPER_27,1950000,42,3,5,50,13,29,15.625
SUPER_27,1960000,108,4,11,123,58,50,3.5333333
SUPER_27,1970000,2,1,1,4,1,1,1
SUPER_27,1980000,4,0,0,4,1,3,NaN
SUPER_27,1990000,1,0,1,2,0,1,1
SUPER_27,2000000,5,0,0,5,3,2,NaN
SUPER_27,2010000,3,0,0,3,1,2,NaN
SUPER_27,2020000,0,0,0,0,0,0,0
SUPER_27,2030000,0,0,0,0,0,0,0
SUPER_27,2040000,43,9,6,58,20,23,4.266667
SUPER_27,2050000,65,3,3,71,32,33,14
SUPER_27,2060000,60,11,7,78,25,35,7.5
SUPER_27,2070000,171,7,22,200,89,82,13.068966
SUPER_27,2080000,50,4,6,60,31,19,38.6
SUPER_27,2090000,45,5,7,57,26,19,4.5
SUPER_27,2100000,147,12,14,173,76,71,3.5769231
SUPER_27,2110000,143,22,18,183,71,72,3.775
SUPER_27,2120000,102,6,5,113,48,54,9.090909
SUPER_27,2130000,127,14,15,156,54,73,5.413793
SUPER_27,2140000,115,11,13,139,62,53,13.375
SUPER_27,2150000,107,8,8,123,55,52,2.0625
SUPER_27,2160000,68,6,4,78,32,36,42.7
SUPER_27,2170000,74,6,3,83,34,40,9.222222
SUPER_27,2180000,189,16,14,219,85,104,7.1
SUPER_27,2190000,113,12,7,132,59,54,2.7368422
SUPER_27,2200000,94,3,6,103,44,50,13.777778
SUPER_27,2210000,31,0,0,31,15,16,NaN
SUPER_27,2220000,3,0,1,4,2,1,2
SUPER_27,2230000,5,0,0,5,0,5,NaN
SUPER_27,2240000,1,0,1,2,1,0,8
SUPER_27,2250000,2,1,0,3,2,0,16
SUPER_27,2260000,1,0,0,1,0,1,NaN
SUPER_27,2270000,1,0,0,1,1,0,NaN
SUPER_27,2280000,0,1,0,1,0,0,1
SUPER_27,2290000,83,3,6,92,39,44,8.444445
SUPER_27,2300000,50,4,7,61,25,25,3.5454545
SUPER_27,2310000,87,4,6,97,39,48,6.2
SUPER_27,2320000,177,14,20,211,83,94,16.67647
SUPER_27,2330000,183,13,13,209,91,92,13.307693
SUPER_27,2340000,12,2,2,16,6,6,5
SUPER_27,2350000,2,0,0,2,2,0,NaN
SUPER_27,2360000,20,2,6,28,8,12,10.375
SUPER_27,2370000,150,18,10,178,66,84,6.178571
SUPER_27,2380000,90,11,9,110,53,37,2.8
SUPER_27,2390000,2,0,0,2,1,1,NaN
SUPER_27,2400000,3,0,0,3,1,2,NaN
SUPER_27,2410000,5,0,0,5,3,2,NaN
SUPER_27,2420000,103,12,12,127,59,44,10.25
SUPER_27,2430000,108,7,5,120,44,64,7.1666665
SUPER_27,2440000,1,0,0,1,0,1,NaN
SUPER_27,2450000,2,1,0,3,2,0,1
SUPER_27,2460000,3,0,0,3,2,1,NaN
SUPER_27,2470000,0,0,0,0,0,0,0
SUPER_27,2480000,0,0,0,0,0,0,0
SUPER_27,2490000,189,9,11,209,100,89,3.8
SUPER_27,2500000,108,8,6,122,56,52,10.428572
SUPER_27,2510000,82,4,3,89,40,42,8.428572
SUPER_27,2520000,11,1,2,14,8,3,7.6666665
SUPER_27,2530000,128,10,6,144,61,67,9.6875
SUPER_27,2540000,48,5,4,57,25,23,12.888889
SUPER_27,2550000,91,7,5,103,40,51,2.9166667
SUPER_27,2560000,42,4,0,46,27,15,2.5
SUPER_27,2570000,0,0,0,0,0,0,0
SUPER_27,2580000,0,0,0,0,0,0,0
SUPER_27,2590000,84,5,8,97,29,55,5.769231
SUPER_27,2600000,37,2,2,41,16,21,2.25
SUPER_27,2610000,32,1,0,33,18,14,1
SUPER_27,2620000,157,10,12,179,78,79,22.636364
SUPER_27,2630000,166,8,10,184,83,83,9.833333
SUPER_27,2640000,46,8,2,56,26,20,2.5
SUPER_27,2650000,53,1,4,58,33,20,3.6
SUPER_27,2660000,1,0,0,1,1,0,NaN
SUPER_27,2670000,164,11,4,179,84,80,24.466667
SUPER_27,2680000,2,2,0,4,1,1,1
SUPER_27,2690000,0,0,2,2,0,0,1.5
SUPER_27,2700000,30,5,1,36,17,13,5.5
SUPER_27,2710000,23,0,0,23,14,9,NaN
SUPER_27,2720000,5,1,1,7,3,2,1
SUPER_27,2730000,0,0,0,0,0,0,0
SUPER_27,2740000,0,0,0,0,0,0,0
SUPER_27,2750000,12,2,3,17,5,7,10.6
SUPER_27,2760000,1,0,0,1,1,0,NaN
SUPER_27,2770000,2,1,1,4,1,1,1.5
SUPER_27,2780000,1,0,0,1,1,0,NaN
SUPER_27,2790000,1,0,1,2,1,0,2
SUPER_27,2800000,1,1,1,3,0,1,7.5
SUPER_27,2810000,165,9,13,187,89,76,4.5454545
SUPER_27,2820000,54,4,4,62,32,22,4.875
SUPER_27,2830000,52,3,2,57,24,28,7.4
SUPER_27,2840000,216,12,13,241,106,110,8.76
SUPER_27,2850000,78,3,9,90,43,35,14.25
SUPER_27,2860000,126,6,10,142,68,58,29.3125
SUPER_27,2870000,98,5,10,113,69,29,5.133333
SUPER_27,2880000,112,8,7,127,57,55,6.4
SUPER_27,2890000,62,8,2,72,29,33,7.9
SUPER_27,2900000,3,0,0,3,2,1,NaN
SUPER_27,2910000,1,1,1,3,1,0,2
SUPER_27,2920000,4,0,2,6,2,2,65
SUPER_27,2930000,2,1,0,3,2,0,3
SUPER_27,2940000,3,2,0,5,1,2,9.5
SUPER_27,2950000,0,0,1,1,0,0,8
SUPER_27,2960000,0,0,1,1,0,0,1
SUPER_27,2970000,0,2,1,3,0,0,2.3333333
SUPER_27,2980000,7,3,4,14,4,3,4.714286
SUPER_27,2990000,82,11,12,105,46,36,3.9565217
SUPER_27,3000000,143,13,15,171,62,81,5.714286
SUPER_27,3010000,89,9,10,108,46,43,21.157894
SUPER_27,3020000,3,0,0,3,1,2,NaN
SUPER_27,3030000,4,1,0,5,4,0,1
SUPER_27,3040000,60,6,8,74,28,32,9.785714
SUPER_27,3050000,117,7,14,138,56,61,37.38095
SUPER_27,3060000,0,0,0,0,0,0,0
SUPER_27,3070000,0,0,0,0,0,0,0
SUPER_27,3080000,1,3,0,4,0,1,9.333333
SUPER_27,3090000,2,1,2,5,1,1,1.3333334
SUPER_27,3100000,0,0,0,0,0,0,0
SUPER_27,3110000,0,0,0,0,0,0,0
SUPER_27,3120000,13,3,3,19,8,5,6
SUPER_27,3130000,93,11,6,110,43,50,5.647059
SUPER_27,3140000,35,3,4,42,14,21,6.285714
SUPER_27,3150000,3,2,0,5,3,0,7
SUPER_27,3160000,40,5,1,46,23,17,5
SUPER_27,3170000,36,1,1,38,23,13,4
SUPER_27,3180000,2,0,0,2,0,2,NaN
SUPER_27,3190000,0,0,0,0,0,0,0
SUPER_27,3200000,0,0,0,0,0,0,0
SUPER_27,3210000,11,1,3,15,6,5,1.75
SUPER_27,3220000,1,1,0,2,0,1,70
SUPER_27,3230000,38,5,3,46,21,17,4.125
SUPER_27,3240000,79,9,13,101,46,33,3.3636363
SUPER_27,3250000,59,7,2,68,29,30,9
SUPER_27,3260000,159,18,15,192,83,76,7.090909
SUPER_27,3270000,186,14,13,213,88,98,4.3333335
SUPER_27,3280000,119,11,14,144,58,61,4.44
SUPER_27,3290000,117,10,14,141,59,58,4.7916665
SUPER_27,3300000,145,5,10,160,74,71,32.533333
SUPER_27,3310000,144,8,9,161,68,76,4.1764708
SUPER_27,3320000,130,16,8,154,64,66,7.625
SUPER_27,3330000,37,6,5,48,19,18,4.090909
SUPER_27,3340000,62,8,3,73,28,34,6.090909
SUPER_27,3350000,93,8,8,109,47,46,6.875
SUPER_27,3360000,52,5,5,62,24,28,1.8
SUPER_27,3370000,17,0,0,17,8,9,NaN
SUPER_27,3380000,140,7,10,157,67,73,25.529411
SUPER_27,3390000,179,19,14,212,101,78,15.424242
SUPER_27,3400000,193,18,7,218,116,77,7.68
SUPER_27,3410000,12,1,1,14,8,4,1
SUPER_27,3420000,57,13,10,80,30,27,23.434782
SUPER_27,3430000,45,3,2,50,21,24,6.2
SUPER_27,3440000,181,8,7,196,98,83,14.4
SUPER_27,3450000,198,13,30,241,105,93,9.744186
SUPER_27,3460000,40,4,6,50,25,15,3.5
SUPER_27,3470000,44,5,0,49,25,19,14
SUPER_27,3480000,214,17,14,245,108,106,8.548388
SUPER_27,3490000,1,0,1,2,1,0,2
SUPER_27,3500000,2,0,0,2,1,1,NaN
SUPER_27,3510000,1,0,0,1,1,0,NaN
SUPER_27,3520000,4,0,2,6,0,4,3
SUPER_27,3530000,1,0,1,2,0,1,1
SUPER_27,3540000,1,0,0,1,0,1,NaN
SUPER_27,3550000,2,0,0,2,1,1,NaN
SUPER_27,3560000,5,0,1,6,3,2,1
SUPER_27,3570000,2,0,1,3,0,2,13
SUPER_27,3580000,1,0,0,1,1,0,NaN
SUPER_27,3590000,2,0,1,3,2,0,32
SUPER_27,3600000,2,0,0,2,1,1,NaN
SUPER_27,3610000,2,0,0,2,1,1,NaN
SUPER_27,3620000,0,0,0,0,0,0,0
SUPER_27,3630000,0,0,0,0,0,0,0
SUPER_27,3640000,96,8,14,118,40,56,4.8636365
SUPER_27,3650000,72,6,4,82,35,37,47.8
SUPER_27,3660000,4,1,0,5,1,3,9
SUPER_27,3670000,73,4,7,84,42,31,10.818182
SUPER_27,3680000,115,4,5,124,67,48,6.4444447
SUPER_27,3690000,8,0,0,8,3,5,NaN
SUPER_27,3700000,1,0,0,1,1,0,NaN
SUPER_27,3710000,1,0,0,1,0,1,NaN
SUPER_27,3720000,4,0,0,4,2,2,NaN
SUPER_27,3730000,2,0,0,2,0,2,NaN
SUPER_27,3740000,29,2,2,33,11,18,3.5
SUPER_27,3750000,2,0,1,3,1,1,1
SUPER_27,3760000,1,1,1,3,1,0,4.5
SUPER_27,3770000,1,0,0,1,1,0,NaN
SUPER_27,3780000,0,0,0,0,0,0,0
SUPER_27,3790000,0,0,0,0,0,0,0
SUPER_27,3800000,4,2,1,7,1,3,3
SUPER_27,3810000,1,0,0,1,0,1,NaN
SUPER_27,3820000,2,0,1,3,1,1,1
SUPER_27,3830000,1,1,0,2,0,1,17
SUPER_27,3840000,2,0,0,2,2,0,NaN
SUPER_27,3850000,1,0,0,1,0,1,NaN
SUPER_27,3860000,1,1,0,2,0,1,2
SUPER_27,3870000,3,0,0,3,1,2,NaN
SUPER_27,3880000,2,0,0,2,0,2,NaN
SUPER_27,3890000,2,1,0,3,0,2,1
SUPER_27,3900000,1,1,0,2,1,0,1
SUPER_27,3910000,112,4,5,121,55,57,16.88889
SUPER_27,3920000,91,7,7,105,55,36,11.857142
SUPER_27,3930000,36,3,3,42,20,16,5
SUPER_27,3940000,75,7,2,84,41,34,14.222222
SUPER_27,3950000,0,0,0,0,0,0,0
SUPER_27,3960000,0,0,0,0,0,0,0
SUPER_27,3970000,44,0,0,44,28,16,NaN
SUPER_27,3980000,140,6,8,154,71,69,10.214286
SUPER_27,3990000,100,1,5,106,41,59,82
SUPER_27,4000000,48,8,2,58,24,24,30.1
SUPER_27,4010000,64,3,3,70,35,29,3.6666667
SUPER_27,4020000,80,7,3,90,43,37,94.2
SUPER_27,4030000,68,6,1,75,37,31,4
SUPER_27,4040000,50,3,2,55,27,23,10.6
SUPER_27,4050000,49,5,2,56,28,21,8.428572
SUPER_27,4060000,109,8,9,126,59,50,4.352941
SUPER_27,4070000,87,4,9,100,53,34,7
SUPER_27,4080000,6,0,0,6,2,4,NaN
SUPER_27,4090000,2,1,0,3,1,1,1
SUPER_27,4100000,3,0,0,3,2,1,NaN
SUPER_27,4110000,20,1,1,22,13,7,3
SUPER_27,4120000,79,8,0,87,41,38,9.625
SUPER_27,4130000,89,1,7,97,51,38,9.5
SUPER_27,4140000,0,0,0,0,0,0,0
SUPER_27,4150000,0,0,0,0,0,0,0
SUPER_27,4160000,0,0,0,0,0,0,0
SUPER_27,4170000,0,0,0,0,0,0,0
SUPER_27,4180000,0,0,0,0,0,0,0
SUPER_27,4190000,54,4,7,65,35,19,8.636364
SUPER_27,4200000,144,11,4,159,70,74,3.2666667
SUPER_27,4210000,24,1,1,26,8,16,2
SUPER_27,4220000,122,5,7,134,72,50,11.583333
SUPER_27,4230000,93,7,7,107,49,44,11.785714
SUPER_27,4240000,104,7,4,115,58,46,5.2727275
SUPER_27,4250000,0,0,0,0,0,0,0
SUPER_27,4260000,0,0,0,0,0,0,0
SUPER_27,4270000,66,6,1,73,33,33,12.571428
SUPER_27,4280000,130,10,8,148,63,67,9.555555
SUPER_27,4290000,0,1,0,1,0,0,1
SUPER_27,4300000,20,8,2,30,11,9,5.6
SUPER_27,4310000,67,2,1,70,32,35,8.666667
SUPER_27,4320000,143,15,9,167,78,65,9.25
SUPER_27,4330000,7,0,1,8,3,4,1
SUPER_27,4340000,11,1,1,13,8,3,16
SUPER_27,4350000,88,5,6,99,44,44,11.636364
SUPER_27,4360000,126,11,6,143,66,60,3.9411764
SUPER_27,4370000,5,0,0,5,3,2,NaN
SUPER_27,4380000,5,0,0,5,4,1,NaN
SUPER_27,4390000,2,0,1,3,2,0,11
SUPER_27,4400000,3,0,0,3,2,1,NaN
SUPER_27,4410000,3,0,0,3,2,1,NaN
SUPER_27,4420000,116,2,4,122,60,56,6
SUPER_27,4430000,92,3,4,99,48,44,7.428571
SUPER_27,4440000,0,0,0,0,0,0,0
SUPER_27,4450000,0,0,0,0,0,0,0
SUPER_27,4460000,31,3,2,36,19,12,6
SUPER_27,4470000,51,6,3,60,27,24,3.5555556
SUPER_27,4480000,0,0,1,1,0,0,2
SUPER_27,4490000,8,0,0,8,2,6,NaN
SUPER_27,4500000,83,3,4,90,48,35,10.428572
SUPER_27,4510000,59,6,3,68,35,24,2.1111112
SUPER_27,4520000,44,4,1,49,22,22,1.4
SUPER_27,4530000,0,0,0,0,0,0,0
SUPER_27,4540000,0,0,0,0,0,0,0
SUPER_27,4550000,113,9,8,130,57,56,10
SUPER_27,4560000,136,8,3,147,66,70,11.454545
SUPER_27,4570000,4,3,0,7,2,2,3
SUPER_27,4580000,1,0,0,1,1,0,NaN
SUPER_27,4590000,2,0,0,2,2,0,NaN
SUPER_27,4600000,4,0,0,4,3,1,NaN
SUPER_27,4610000,6,0,1,7,3,3,2
SUPER_27,4620000,2,0,1,3,0,2,1
SUPER_27,4630000,2,0,1,3,1,1,2
SUPER_27,4640000,4,0,0,4,0,4,NaN
SUPER_27,4650000,2,0,1,3,1,1,2
SUPER_27,4660000,1,0,1,2,0,1,4
SUPER_27,4670000,36,3,2,41,19,17,7.8
SUPER_27,4680000,45,3,4,52,21,24,9.714286
SUPER_27,4690000,88,6,7,101,52,36,8.538462
SUPER_27,4700000,104,5,6,115,59,45,12
SUPER_27,4710000,29,3,0,32,10,19,5
SUPER_27,4720000,43,3,2,48,23,20,6
SUPER_27,4730000,168,8,11,187,91,77,13.210526
SUPER_27,4740000,175,10,10,195,97,78,5.95
SUPER_27,4750000,173,8,4,185,85,88,3.5833333
SUPER_27,4760000,46,1,3,50,26,20,10.25
SUPER_27,4770000,69,6,5,80,31,38,4.090909
SUPER_27,4780000,104,7,4,115,48,56,7.7272725
SUPER_27,4790000,73,8,2,83,42,31,26.1
SUPER_27,4800000,51,4,7,62,32,19,36.454544
SUPER_27,4810000,101,8,13,122,55,46,6.3333335
SUPER_27,4820000,0,0,0,0,0,0,0
SUPER_27,4830000,0,0,0,0,0,0,0
SUPER_27,4840000,123,5,6,134,70,53,3.8181818
SUPER_27,4850000,0,0,0,0,0,0,0
SUPER_27,4860000,0,0,0,0,0,0,0
SUPER_27,4870000,6,1,2,9,2,4,2.3333333
SUPER_27,4880000,28,3,7,38,11,17,3.8
SUPER_27,4890000,28,1,2,31,12,16,1.6666666
SUPER_27,4900000,128,7,9,144,68,60,5.6875
SUPER_27,4910000,100,9,6,115,58,42,10.933333
SUPER_27,4920000,100,3,2,105,56,44,4.4
SUPER_27,4930000,91,19,7,117,47,44,20.961538
SUPER_27,4940000,52,4,8,64,25,27,2.8333333
SUPER_27,4950000,148,6,10,164,81,67,28.0625
SUPER_27,4960000,1,0,1,2,0,1,1
SUPER_27,4970000,13,1,0,14,5,8,1
SUPER_27,4980000,89,7,9,105,43,46,27.6875
SUPER_27,4990000,66,7,2,75,43,23,7.6666665
SUPER_27,5000000,128,13,4,145,64,64,14.117647
SUPER_27,5010000,183,10,17,210,96,87,6.3333335
SUPER_27,5020000,3,1,1,5,3,0,1
SUPER_27,5030000,0,1,1,2,0,0,1.5
SUPER_27,5040000,8,1,1,10,7,1,1
SUPER_27,5050000,72,10,7,89,37,35,8.6470585
SUPER_27,5060000,105,8,4,117,52,53,11.916667
SUPER_27,5070000,52,6,3,61,29,23,5.7777777
SUPER_27,5080000,143,15,16,174,73,70,5.935484
SUPER_27,5090000,124,6,6,136,61,63,7.3333335
SUPER_27,5100000,86,5,4,95,41,45,30.11111
SUPER_27,5110000,149,11,6,166,75,74,6.7647057
SUPER_27,5120000,139,9,13,161,62,77,4.5
SUPER_27,5130000,3,0,0,3,1,2,NaN
SUPER_27,5140000,57,2,4,63,34,23,15
SUPER_27,5150000,94,11,10,115,51,43,8.285714
SUPER_27,5160000,171,13,11,195,91,80,4.9583335
SUPER_27,5170000,69,5,10,84,37,32,3.1333334
SUPER_27,5180000,158,12,20,190,74,84,8.40625
SUPER_27,5190000,81,5,4,90,42,39,16.88889
SUPER_27,5200000,114,7,12,133,68,46,4.263158
SUPER_27,5210000,100,8,7,115,53,47,2.0666666
SUPER_27,5220000,121,7,8,136,68,53,4.6666665
SUPER_27,5230000,1,0,0,1,0,1,NaN
SUPER_27,5240000,12,2,0,14,3,9,3.5
SUPER_27,5250000,131,2,7,140,73,58,4.6666665
SUPER_27,5260000,157,9,12,178,77,80,20.47619
SUPER_27,5270000,24,2,3,29,11,13,4
SUPER_27,5280000,1,0,0,1,0,1,NaN
SUPER_27,5290000,38,4,6,48,13,25,9
SUPER_27,5300000,1,0,0,1,0,1,NaN
SUPER_27,5310000,2,2,0,4,1,1,3
SUPER_27,5320000,0,1,1,2,0,0,3
SUPER_27,5330000,70,11,8,89,30,40,31.578947
SUPER_27,5340000,13,2,2,17,5,8,8.5
SUPER_27,5350000,16,5,3,24,8,8,1.5
SUPER_27,5360000,96,11,9,116,51,45,13
SUPER_27,5370000,37,1,5,43,18,19,10.333333
SUPER_27,5380000,54,2,6,62,24,30,6
SUPER_27,5390000,4,1,0,5,3,1,1
SUPER_27,5400000,143,12,5,160,77,66,3.1176472
SUPER_27,5410000,72,2,7,81,41,31,23.666666
SUPER_27,5420000,37,3,3,43,15,22,2.8333333
SUPER_27,5430000,20,1,0,21,14,6,3
SUPER_27,5440000,12,1,2,15,3,9,22.666666
SUPER_27,5450000,2,0,1,3,2,0,14
SUPER_27,5460000,2,0,0,2,1,1,NaN
SUPER_27,5470000,0,1,0,1,0,0,1
SUPER_27,5480000,82,4,10,96,34,48,15.214286
SUPER_27,5490000,79,7,9,95,44,35,39.4375
SUPER_27,5500000,70,3,2,75,31,39,1.6
SUPER_27,5510000,105,6,8,119,46,59,29.071428
SUPER_27,5520000,75,5,4,84,39,36,10.555555
SUPER_27,5530000,56,1,8,65,28,28,3.7777777
SUPER_27,5540000,114,3,2,119,60,54,9.8
SUPER_27,5550000,116,10,8,134,72,44,8.333333
SUPER_27,5560000,93,9,9,111,45,48,27.777779
SUPER_27,5570000,122,17,13,152,52,70,13.533334
SUPER_27,5580000,131,7,13,151,60,71,20.15
SUPER_27,5590000,139,16,1,156,66,73,6.7058825
SUPER_27,5600000,110,10,10,130,49,61,12.65
SUPER_27,5610000,167,14,11,192,88,79,5.68
SUPER_27,5620000,101,7,7,115,65,36,10.785714
SUPER_27,5630000,57,6,2,65,32,25,7
SUPER_27,5640000,163,20,21,204,72,91,9.04878
SUPER_27,5650000,75,6,8,89,37,38,5.5
SUPER_27,5660000,130,7,14,151,78,52,8.809524
SUPER_27,5670000,48,4,8,60,27,21,4.4166665
SUPER_27,5680000,41,6,6,53,24,17,4.9166665
SUPER_27,5690000,140,10,12,162,76,64,11.909091
SUPER_27,5700000,85,13,5,103,38,47,4.7777777
SUPER_27,5710000,165,18,6,189,84,81,10
SUPER_27,5720000,191,17,9,217,106,85,9.038462
SUPER_27,5730000,120,9,5,134,69,51,2.857143
SUPER_27,5740000,134,15,12,161,65,69,20.074074
SUPER_27,5750000,146,9,11,166,68,78,9.6
SUPER_27,5760000,152,12,9,173,76,76,9
SUPER_27,5770000,43,3,1,47,22,21,7
SUPER_27,5780000,91,6,11,108,50,41,43.058823
SUPER_27,5790000,6,1,1,8,1,5,10
SUPER_27,5800000,2,1,1,4,2,0,6.5
SUPER_27,5810000,2,0,1,3,2,0,1
SUPER_27,5820000,4,0,0,4,3,1,NaN
SUPER_27,5830000,5,3,1,9,1,4,6.25
SUPER_27,5840000,54,2,10,66,30,24,4.5
SUPER_27,5850000,12,4,1,17,3,9,6.6
SUPER_27,5860000,4,2,0,6,1,3,3.5
SUPER_27,5870000,86,8,12,106,50,36,5.1
SUPER_27,5880000,107,9,7,123,53,54,20.125
SUPER_27,5890000,72,6,8,86,41,31,4
SUPER_27,5900000,44,7,7,58,26,18,10.428572
SUPER_27,5910000,9,1,0,10,4,5,1
SUPER_27,5920000,178,8,24,210,86,92,11.5625
SUPER_27,5930000,96,4,11,111,42,54,6.4
SUPER_27,5940000,86,8,11,105,40,46,4.4210525
SUPER_27,5950000,3,0,0,3,1,2,NaN
SUPER_27,5960000,32,3,1,36,13,19,2.75
SUPER_27,5970000,0,1,1,2,0,0,1
SUPER_27,5980000,123,9,11,143,53,70,4.2
SUPER_27,5990000,67,7,9,83,34,33,3.625
SUPER_27,6000000,119,15,8,142,65,54,4.826087
SUPER_27,6010000,70,6,5,81,43,27,3.7272727
SUPER_27,6020000,49,2,4,55,25,24,3.6666667
SUPER_27,6030000,3,0,1,4,1,2,1
SUPER_27,6040000,1,0,0,1,0,1,NaN
SUPER_27,6050000,2,0,0,2,0,2,NaN
SUPER_27,6060000,103,1,1,105,64,39,178.5
SUPER_27,6070000,0,0,0,0,0,0,0
SUPER_27,6080000,0,0,0,0,0,0,0
SUPER_27,6090000,0,0,0,0,0,0,0
SUPER_27,6100000,131,4,8,143,72,59,4.1666665
SUPER_27,6110000,74,5,5,84,36,38,4.2
SUPER_27,6120000,1,0,0,1,0,1,NaN
SUPER_27,6130000,0,0,0,0,0,0,0
SUPER_27,6140000,0,0,0,0,0,0,0
SUPER_27,6150000,2,1,0,3,0,2,1
SUPER_27,6160000,15,2,1,18,5,10,4.3333335
SUPER_27,6170000,133,14,12,159,67,66,5.6538463
SUPER_27,6180000,211,15,16,242,105,106,13.419354
SUPER_27,6190000,161,15,17,193,87,74,8.03125
SUPER_27,6200000,112,6,5,123,67,45,9.909091
SUPER_27,6210000,79,5,7,91,40,39,3.4166667
SUPER_27,6220000,48,6,3,57,23,25,6.888889
SUPER_27,6230000,118,11,9,138,64,54,4.4
SUPER_27,6240000,123,9,7,139,65,58,6.0625
SUPER_27,6250000,134,20,10,164,63,71,6.9666667
SUPER_27,6260000,139,10,7,156,67,72,10.411765
SUPER_27,6270000,127,14,9,150,61,66,4.652174
SUPER_27,6280000,147,10,9,166,79,68,5.736842
SUPER_27,6290000,229,14,4,247,112,117,23.444445
SUPER_27,6300000,105,12,6,123,59,46,6.5555553
SUPER_27,6310000,180,7,8,195,104,76,87.86667
SUPER_27,6320000,76,5,6,87,40,36,3.2727273
SUPER_27,6330000,0,0,1,1,0,0,1
SUPER_27,6340000,3,0,0,3,3,0,NaN
SUPER_27,6350000,91,7,10,108,49,42,33.294117
SUPER_27,6360000,131,14,8,153,67,64,5.7727275
SUPER_27,6370000,159,8,12,179,87,72,6.45
SUPER_27,6380000,9,1,1,11,6,3,68.5
SUPER_27,6390000,95,7,5,107,52,43,6.4166665
SUPER_27,6400000,121,10,10,141,67,54,5.6
SUPER_27,6410000,94,3,9,106,49,45,9.416667
SUPER_27,6420000,46,2,7,55,22,24,3.5555556
SUPER_27,6430000,156,17,9,182,77,79,6.8846154
SUPER_27,6440000,81,5,7,93,42,39,2.5833333
SUPER_27,6450000,74,9,5,88,37,37,8
SUPER_27,6460000,1,0,0,1,1,0,NaN
SUPER_27,6470000,1,0,0,1,0,1,NaN
SUPER_27,6480000,0,1,0,1,0,0,1
SUPER_27,6490000,1,0,0,1,1,0,NaN
SUPER_27,6500000,2,0,1,3,1,1,4
SUPER_27,6510000,58,6,5,69,34,24,2.1818182
SUPER_27,6520000,187,4,13,204,104,83,20.529411
SUPER_27,6530000,67,4,4,75,35,32,3.625
SUPER_27,6540000,162,7,12,181,95,67,3.368421
SUPER_27,6550000,149,11,5,165,75,74,8.625
SUPER_27,6560000,110,8,7,125,62,48,5.133333
SUPER_27,6570000,146,8,10,164,80,66,6.9444447
SUPER_27,6580000,101,6,5,112,44,57,14.545455
SUPER_27,6590000,1,1,0,2,0,1,2
SUPER_27,6600000,3,0,1,4,0,3,1
SUPER_27,6610000,41,3,2,46,16,25,3
SUPER_27,6620000,82,12,7,101,31,51,14.526316
SUPER_27,6630000,3,0,1,4,1,2,2
SUPER_27,6640000,1,1,0,2,1,0,1
SUPER_27,6650000,1,0,0,1,1,0,NaN
SUPER_27,6660000,1,0,0,1,0,1,NaN
SUPER_27,6670000,45,3,2,50,19,26,7.6
SUPER_27,6680000,9,2,1,12,4,5,24.333334
SUPER_27,6690000,3,3,2,8,2,1,6.8
SUPER_27,6700000,39,2,1,42,20,19,1.6666666
SUPER_27,6710000,99,2,8,109,51,48,6.2
SUPER_27,6720000,101,3,10,114,55,46,37.307693
SUPER_27,6730000,172,11,10,193,93,79,7.3333335
SUPER_27,6740000,42,0,3,45,23,19,6.3333335
SUPER_27,6750000,1,0,1,2,1,0,4
SUPER_27,6760000,2,0,0,2,0,2,NaN
SUPER_27,6770000,1,0,0,1,1,0,NaN
SUPER_27,6780000,46,2,3,51,18,28,13.2
SUPER_27,6790000,89,6,12,107,45,44,9.222222
SUPER_27,6800000,100,3,7,110,51,49,12.2
SUPER_27,6810000,44,8,4,56,25,19,1.5833334
SUPER_27,6820000,56,6,5,67,29,27,3.4545455
SUPER_27,6830000,115,5,7,127,72,43,4.1666665
SUPER_27,6840000,30,2,2,34,16,14,4
SUPER_27,6850000,4,0,0,4,2,2,NaN
SUPER_27,6860000,44,3,8,55,18,26,2.909091
SUPER_27,6870000,58,1,5,64,29,29,52
SUPER_27,6880000,87,12,9,108,43,44,5.3333335
SUPER_27,6890000,2,0,0,2,1,1,NaN
SUPER_27,6900000,23,3,1,27,11,12,3.75
SUPER_27,6910000,35,5,1,41,17,18,1.6666666
SUPER_27,6920000,125,11,9,145,60,65,6.25
SUPER_27,6930000,0,0,0,0,0,0,0
SUPER_27,6940000,0,0,0,0,0,0,0
SUPER_27,6950000,42,3,1,46,24,18,16
SUPER_27,6960000,2,1,0,3,1,1,6
SUPER_27,6970000,0,0,3,3,0,0,1.6666666
SUPER_27,6980000,40,4,3,47,19,21,4.428571
SUPER_27,6990000,143,16,11,170,67,76,3.5555556
SUPER_27,7000000,125,12,9,146,71,54,7.6666665
SUPER_27,7010000,215,13,13,241,102,113,10.153846
SUPER_27,7020000,6,2,0,8,4,2,13
SUPER_27,7030000,125,6,7,138,62,63,6.6153846
SUPER_27,7040000,123,11,10,144,60,63,9.428572
SUPER_27,7050000,142,13,8,163,67,75,3.3809524
SUPER_27,7060000,80,4,5,89,40,40,48.11111
SUPER_27,7070000,47,7,7,61,18,29,22.642857
SUPER_27,7080000,98,7,2,107,46,52,6.6666665
SUPER_27,7090000,111,8,9,128,47,64,4.7058825
SUPER_27,7100000,167,11,11,189,87,80,13.363636
SUPER_27,7110000,197,13,12,222,88,109,3.52
SUPER_27,7120000,108,10,9,127,51,57,7.736842
SUPER_27,7130000,95,9,10,114,44,51,2.368421
SUPER_27,7140000,33,2,3,38,19,14,6.8
SUPER_27,7150000,2,0,0,2,0,2,NaN
SUPER_27,7160000,3,0,1,4,2,1,2
SUPER_27,7170000,70,10,10,90,32,38,8.35
SUPER_27,7180000,24,5,3,32,15,9,3.625
SUPER_27,7190000,12,1,1,14,4,8,6
SUPER_27,7200000,167,6,7,180,79,88,4.6923075
SUPER_27,7210000,108,6,12,126,51,57,7.2777777
SUPER_27,7220000,61,4,8,73,29,32,4.3333335
SUPER_27,7230000,137,6,12,155,57,80,4.7222223
SUPER_27,7240000,135,11,14,160,57,78,11.92
SUPER_27,7250000,124,10,6,140,66,58,11.125
SUPER_27,7260000,71,9,3,83,38,33,5
SUPER_27,7270000,35,2,3,40,14,21,5.2
SUPER_27,7280000,89,4,6,99,46,43,5.7
SUPER_27,7290000,57,8,2,67,29,28,5.5
SUPER_27,7300000,54,8,7,69,28,26,8.133333
SUPER_27,7310000,95,9,9,113,55,40,7.7222223
SUPER_27,7320000,45,9,2,56,20,25,11.272727
SUPER_27,7330000,98,12,3,113,58,40,5.6
SUPER_27,7340000,182,7,12,201,100,82,8.894737
SUPER_27,7350000,133,10,14,157,66,67,6.7916665
SUPER_27,7360000,142,11,12,165,63,79,22.52174
SUPER_27,7370000,161,9,9,179,83,78,6.8333335
SUPER_27,7380000,126,10,8,144,57,69,4.2777777
SUPER_27,7390000,133,7,10,150,59,74,12.941176
SUPER_27,7400000,97,12,12,121,45,52,6.875
SUPER_27,7410000,56,4,7,67,19,37,20.818182
SUPER_27,7420000,69,4,8,81,32,37,17.583334
SUPER_27,7430000,31,6,4,41,17,14,2.7
SUPER_27,7440000,110,9,10,129,56,54,7.5263157
SUPER_27,7450000,80,5,2,87,44,36,13.285714
SUPER_27,7460000,37,2,7,46,17,20,6.5555553
SUPER_27,7470000,3,1,0,4,2,1,1
SUPER_27,7480000,6,0,0,6,4,2,NaN
SUPER_27,7490000,97,12,9,118,46,51,12.142858
SUPER_27,7500000,25,3,3,31,7,18,8.5
SUPER_27,7510000,0,0,1,1,0,0,3
SUPER_27,7520000,78,5,4,87,36,42,2
SUPER_27,7530000,119,9,6,134,49,70,18.266666
SUPER_27,7540000,168,9,6,183,93,75,6
SUPER_27,7550000,146,12,6,164,78,68,7.111111
SUPER_27,7560000,0,0,0,0,0,0,0
SUPER_27,7570000,0,0,0,0,0,0,0
SUPER_27,7580000,45,2,4,51,28,17,8.833333
SUPER_27,7590000,4,2,0,6,1,3,6
SUPER_27,7600000,18,1,1,20,7,11,1.5
SUPER_27,7610000,189,13,20,222,100,89,5.6969695
SUPER_27,7620000,124,11,11,146,63,61,5.181818
SUPER_27,7630000,56,6,4,66,21,35,1.9
SUPER_27,7640000,88,4,6,98,46,42,3.2
SUPER_27,7650000,29,1,2,32,20,9,4
SUPER_27,7660000,101,12,12,125,45,56,5.8333335
SUPER_27,7670000,81,9,7,97,40,41,3.875
SUPER_27,7680000,51,6,8,65,23,28,6.214286
SUPER_27,7690000,90,6,9,105,49,41,8.4
SUPER_27,7700000,102,5,11,118,56,46,87.9375
SUPER_27,7710000,34,2,6,42,18,16,13.25
SUPER_27,7720000,81,6,4,91,42,39,3.6
SUPER_27,7730000,47,4,2,53,23,24,2.6666667
SUPER_27,7740000,36,2,3,41,20,16,8.8
SUPER_27,7750000,79,5,5,89,41,38,2.2
SUPER_27,7760000,133,7,4,144,77,56,5.2727275
SUPER_27,7770000,76,6,11,93,38,38,4.529412
SUPER_27,7780000,123,6,7,136,63,60,16.384615
SUPER_27,7790000,117,4,16,137,51,66,16.8
SUPER_27,7800000,0,0,0,0,0,0,0
SUPER_27,7810000,0,0,0,0,0,0,0
SUPER_27,7820000,0,0,0,0,0,0,0
SUPER_27,7830000,0,0,0,0,0,0,0
SUPER_27,7840000,0,0,0,0,0,0,0
SUPER_27,7850000,0,0,0,0,0,0,0
SUPER_27,7860000,0,0,0,0,0,0,0
SUPER_27,7870000,0,0,0,0,0,0,0
SUPER_27,7880000,0,0,0,0,0,0,0
SUPER_27,7890000,0,0,0,0,0,0,0
SUPER_27,7900000,0,0,0,0,0,0,0
SUPER_27,7910000,0,0,0,0,0,0,0
SUPER_27,7920000,0,0,0,0,0,0,0
SUPER_27,7930000,0,0,0,0,0,0,0
SUPER_27,7940000,0,0,0,0,0,0,0
SUPER_27,7950000,0,0,0,0,0,0,0
SUPER_27,7960000,0,0,0,0,0,0,0
SUPER_27,7970000,0,0,0,0,0,0,0
SUPER_27,7980000,0,0,0,0,0,0,0
SUPER_27,7990000,0,0,0,0,0,0,0
SUPER_27,8000000,0,0,0,0,0,0,0
SUPER_27,8010000,0,0,0,0,0,0,0
SUPER_27,8020000,50,2,2,54,23,27,2
SUPER_27,8030000,122,4,13,139,60,62,14.529411
SUPER_27,8040000,2,0,0,2,0,2,NaN
SUPER_27,8050000,3,0,1,4,2,1,188
SUPER_27,8060000,1,0,0,1,0,1,NaN
SUPER_27,8070000,2,0,0,2,2,0,NaN
SUPER_27,8080000,0,0,1,1,0,0,2
SUPER_27,8090000,59,5,2,66,30,29,4.714286
SUPER_27,8100000,160,12,13,185,92,68,6.2
SUPER_27,8110000,52,2,4,58,21,31,3.6666667
SUPER_27,8120000,2,0,0,2,1,1,NaN
SUPER_27,8130000,3,0,0,3,3,0,NaN
SUPER_27,8140000,140,6,11,157,66,74,11.235294
SUPER_27,8150000,211,5,17,233,104,107,7.909091
SUPER_27,8160000,126,6,7,139,68,58,15.384615
SUPER_27,8170000,78,2,5,85,44,34,5.857143
SUPER_27,8180000,39,6,2,47,22,17,2.625
SUPER_27,8190000,63,6,1,70,32,31,1.2857143
SUPER_27,8200000,1,1,0,2,0,1,2
SUPER_27,8210000,4,0,0,4,2,2,NaN
SUPER_27,8220000,2,0,0,2,0,2,NaN
SUPER_27,8230000,47,2,6,55,27,20,24.5
SUPER_27,8240000,2,0,0,2,1,1,NaN
SUPER_27,8250000,3,0,0,3,2,1,NaN
SUPER_27,8260000,7,3,0,10,5,2,3.3333333
SUPER_27,8270000,94,3,13,110,47,47,3.1875
SUPER_27,8280000,96,4,4,104,57,39,4.75
SUPER_27,8290000,71,7,3,81,30,41,4.1
SUPER_27,8300000,138,7,9,154,86,52,22.125
SUPER_27,8310000,138,6,14,158,68,70,10.05
SUPER_27,8320000,107,10,5,122,62,45,2.2666667
SUPER_27,8330000,0,0,0,0,0,0,0
SUPER_27,8340000,0,0,0,0,0,0,0
SUPER_27,8350000,8,3,1,12,5,3,5.75
SUPER_27,8360000,3,0,0,3,1,2,NaN
SUPER_27,8370000,1,5,0,6,1,0,16
SUPER_27,8380000,109,8,6,123,58,51,7
SUPER_27,8390000,91,8,8,107,43,48,2.75
SUPER_27,8400000,36,2,1,39,21,15,1.3333334
SUPER_27,8410000,134,12,13,159,68,66,5.08
SUPER_27,8420000,65,7,3,75,34,31,3.6
SUPER_27,8430000,53,0,7,60,28,25,3.857143
SUPER_27,8440000,39,3,1,43,18,21,3.5
SUPER_27,8450000,3,0,0,3,2,1,NaN
SUPER_27,8460000,80,4,3,87,42,38,7
SUPER_27,8470000,84,7,4,95,44,40,8.545455
SUPER_27,8480000,116,12,16,144,57,59,2.6785715
SUPER_27,8490000,58,3,4,65,27,31,13
SUPER_27,8500000,88,9,5,102,51,37,38.857143
SUPER_27,8510000,201,5,7,213,107,94,8.166667
SUPER_27,8520000,46,3,1,50,22,24,2
SUPER_27,8530000,187,10,13,210,109,78,8.130435
SUPER_27,8540000,83,9,3,95,39,44,5.1666665
SUPER_27,8550000,5,1,0,6,4,1,1
SUPER_27,8560000,1,0,0,1,0,1,NaN
SUPER_27,8570000,0,0,0,0,0,0,0
SUPER_27,8580000,0,0,0,0,0,0,0
SUPER_27,8590000,2,1,2,5,0,2,6.6666665
SUPER_27,8600000,2,0,3,5,1,1,2.3333333
SUPER_27,8610000,34,8,3,45,24,10,12.727273
SUPER_27,8620000,126,13,13,152,59,67,14.076923
SUPER_27,8630000,26,3,1,30,11,15,11.75
SUPER_27,8640000,72,11,7,90,34,38,5
SUPER_27,8650000,105,8,7,120,57,48,6.9333334
SUPER_27,8660000,107,7,9,123,56,51,3.9375
SUPER_27,8670000,162,6,12,180,87,75,6.2777777
SUPER_27,8680000,67,5,10,82,35,32,6.266667
SUPER_27,8690000,3,0,0,3,1,2,NaN
SUPER_27,8700000,4,1,0,5,3,1,12
SUPER_27,8710000,40,4,6,50,19,21,11.5
SUPER_27,8720000,103,9,12,124,61,42,8.047619
SUPER_27,8730000,151,12,10,173,89,62,9.136364
SUPER_27,8740000,62,6,7,75,42,20,13.461538
SUPER_27,8750000,144,7,11,162,75,69,10.388889
SUPER_27,8760000,38,2,2,42,18,20,6.5
SUPER_27,8770000,113,8,5,126,66,47,7.6153846
SUPER_27,8780000,118,13,4,135,62,56,9.882353
SUPER_27,8790000,190,17,13,220,101,89,7.5333333
SUPER_27,8800000,77,6,3,86,45,32,10.333333
SUPER_27,8810000,8,1,0,9,4,4,3
SUPER_27,8820000,78,6,9,93,36,42,4.2
SUPER_27,8830000,163,10,12,185,84,79,6.2272725
SUPER_27,8840000,8,0,1,9,3,5,4
SUPER_27,8850000,14,2,0,16,7,7,1
SUPER_27,8860000,2,1,0,3,1,1,2
SUPER_27,8870000,154,7,8,169,86,68,5.6
SUPER_27,8880000,124,11,11,146,77,47,4.4545455
SUPER_27,8890000,87,8,3,98,41,46,4.090909
SUPER_27,8900000,9,0,0,9,4,5,NaN
SUPER_27,8910000,122,6,9,137,67,55,36.8
SUPER_27,8920000,160,6,13,179,91,69,6.105263
SUPER_27,8930000,148,10,6,164,73,75,6.5
SUPER_27,8940000,117,8,14,139,52,65,8.227273
SUPER_27,8950000,128,8,8,144,48,80,5.1875
SUPER_27,8960000,101,5,14,120,60,41,16.157894
SUPER_27,8970000,177,16,17,210,87,90,16.242424
SUPER_27,8980000,152,13,2,167,78,74,4.3333335
SUPER_27,8990000,143,11,17,171,74,69,9.178572
SUPER_27,9000000,179,12,9,200,86,93,6.714286
SUPER_27,9010000,148,17,12,177,75,73,10.793103
SUPER_27,9020000,136,11,9,156,82,54,4
SUPER_27,9030000,25,0,2,27,8,17,2.5
SUPER_27,9040000,8,0,0,8,4,4,NaN
SUPER_27,9050000,9,1,1,11,7,2,1
SUPER_27,9060000,51,9,3,63,20,31,7.0833335
SUPER_27,9070000,150,14,7,171,76,74,5.571429
SUPER_27,9080000,159,15,15,189,76,83,17.4
SUPER_27,9090000,141,13,10,164,69,72,9.652174
SUPER_27,9100000,172,11,17,200,86,86,13.892858
SUPER_27,9110000,50,4,4,58,28,22,14.375
SUPER_27,9120000,23,1,1,25,15,8,1
SUPER_27,9130000,105,3,9,117,58,47,5.8333335
SUPER_27,9140000,117,3,9,129,61,56,6.9166665
SUPER_27,9150000,58,6,6,70,29,29,10.916667
SUPER_27,9160000,60,3,3,66,26,34,28
SUPER_27,9170000,88,2,5,95,48,40,13.714286
SUPER_27,9180000,88,3,7,98,41,47,5.4
SUPER_27,9190000,58,5,0,63,31,27,1.6
SUPER_27,9200000,68,7,4,79,35,33,4.3636365
SUPER_27,9210000,174,22,11,207,97,77,4.3939395
SUPER_27,9220000,195,11,8,214,95,100,3
SUPER_27,9230000,143,13,16,172,67,76,8.931034
SUPER_27,9240000,92,4,8,104,47,45,3.75
SUPER_27,9250000,69,4,3,76,31,38,3.4285715
SUPER_27,9260000,44,5,2,51,15,29,4.285714
SUPER_27,9270000,149,16,12,177,77,72,3.1785715
SUPER_27,9280000,99,12,11,122,41,58,18.391304
SUPER_27,9290000,116,12,8,136,59,57,9
SUPER_27,9300000,179,15,18,212,79,100,5.5151515
SUPER_27,9310000,14,3,1,18,9,5,4.75
SUPER_27,9320000,61,2,4,67,33,28,3.1666667
SUPER_27,9330000,49,4,0,53,24,25,2
SUPER_27,9340000,152,12,19,183,74,78,6.2580647
SUPER_27,9350000,84,7,8,99,39,45,3.6666667
SUPER_27,9360000,118,6,7,131,60,58,3.3076923
SUPER_27,9370000,45,2,3,50,22,23,5.8
SUPER_27,9380000,98,11,10,119,44,54,21.571428
SUPER_27,9390000,50,3,9,62,23,27,9.75
SUPER_27,9400000,147,13,15,175,69,78,6.821429
SUPER_27,9410000,42,0,4,46,20,22,5.25
SUPER_27,9420000,3,0,0,3,0,3,NaN
SUPER_27,9430000,3,0,0,3,1,2,NaN
SUPER_27,9440000,92,6,14,112,41,51,66.35
SUPER_27,9450000,108,9,9,126,52,56,4.7222223
SUPER_27,9460000,34,4,3,41,18,16,2.142857
SUPER_27,9470000,117,12,7,136,66,51,4.6842103
SUPER_27,9480000,169,9,16,194,81,88,5.08
SUPER_27,9490000,61,6,5,72,26,35,4.3636365
SUPER_27,9500000,74,10,5,89,40,34,6.4
SUPER_27,9510000,92,8,5,105,54,38,3.7692308
SUPER_27,9520000,1,0,0,1,0,1,NaN
SUPER_27,9530000,14,3,2,19,6,8,1.8
SUPER_27,9540000,104,5,10,119,49,55,6.266667
SUPER_27,9550000,142,11,9,162,68,74,8.3
SUPER_27,9560000,191,11,14,216,108,83,9.52
SUPER_27,9570000,136,9,11,156,69,67,42.5
SUPER_27,9580000,4,0,1,5,1,3,2
SUPER_27,9590000,7,0,1,8,3,4,8
SUPER_27,9600000,19,1,4,24,11,8,9.4
SUPER_27,9610000,123,4,9,136,55,68,8.230769
SUPER_27,9620000,87,3,13,103,38,49,14.4375
SUPER_27,9630000,39,4,3,46,20,19,25.142857
SUPER_27,9640000,4,2,0,6,1,3,3
SUPER_27,9650000,0,1,0,1,0,0,6
SUPER_27,9660000,122,8,11,141,58,64,28.631578
SUPER_27,9670000,116,18,16,150,56,60,8.676471
SUPER_27,9680000,115,11,11,137,50,65,5.681818
SUPER_27,9690000,29,1,2,32,17,12,14.333333
SUPER_27,9700000,90,8,5,103,45,45,6.6153846
SUPER_27,9710000,79,3,3,85,31,48,2.3333333
SUPER_27,9720000,34,4,7,45,17,17,5.909091
SUPER_27,9730000,31,5,4,40,15,16,7
SUPER_27,9740000,14,6,1,21,10,4,1.5714285
SUPER_27,9750000,113,12,10,135,56,57,10.045455
SUPER_27,9760000,2,0,1,3,2,0,9
SUPER_27,9770000,4,0,0,4,2,2,NaN
SUPER_27,9780000,2,0,0,2,1,1,NaN
SUPER_27,9790000,1,0,0,1,0,1,NaN
SUPER_27,9800000,1,0,0,1,1,0,NaN
SUPER_27,9810000,50,5,3,58,28,22,9.25
SUPER_27,9820000,18,0,0,18,6,12,NaN
SUPER_27,9830000,6,0,1,7,2,4,1
SUPER_27,9840000,60,8,9,77,25,35,4.117647
SUPER_27,9850000,0,2,0,2,0,0,12
SUPER_27,9860000,107,11,9,127,56,51,6.35
SUPER_27,9870000,86,5,6,97,49,37,5.4545455
SUPER_27,9880000,63,7,8,78,27,36,4.733333
SUPER_27,9890000,0,0,0,0,0,0,0
SUPER_27,9900000,0,0,0,0,0,0,0
SUPER_27,9910000,17,2,2,21,14,3,1.75
SUPER_27,9920000,2,0,0,2,0,2,NaN
SUPER_27,9930000,3,0,0,3,0,3,NaN
SUPER_27,9940000,31,3,3,37,17,14,6.3333335
SUPER_27,9950000,62,2,7,71,28,34,8
SUPER_27,9960000,84,7,11,102,45,39,10.166667
SUPER_27,9970000,80,6,12,98,45,35,11.555555
SUPER_27,9980000,141,11,5,157,76,65,1.75
SUPER_27,9990000,68,9,2,79,40,28,9.727273
SUPER_27,10000000,151,9,13,173,72,79,3.7727273
SUPER_27,10010000,116,4,8,128,55,61,11.75
SUPER_27,10020000,176,19,12,207,81,95,5.516129
SUPER_27,10030000,145,15,12,172,57,88,7.5185184
SUPER_27,10040000,123,8,8,139,65,58,5
SUPER_27,10050000,168,9,19,196,75,93,8.571428
SUPER_27,10060000,117,3,10,130,60,57,9
SUPER_27,10070000,135,9,7,151,68,67,35.0625
SUPER_27,10080000,140,9,11,160,71,69,9.65
SUPER_27,10090000,133,16,14,163,66,67,41.7
SUPER_27,10100000,107,12,14,133,61,46,8.538462
SUPER_27,10110000,122,5,8,135,64,58,46.76923
SUPER_27,10120000,90,3,5,98,50,40,5.375
SUPER_27,10130000,34,2,5,41,16,18,11.285714
SUPER_27,10140000,39,3,5,47,16,23,7.75
SUPER_27,10150000,19,1,0,20,10,9,16
SUPER_27,10160000,32,4,2,38,14,18,15.666667
SUPER_27,10170000,89,3,10,102,49,40,7.5384617
SUPER_27,10180000,37,4,4,45,16,21,3.75
SUPER_27,10190000,87,8,7,102,47,40,8.133333
SUPER_27,10200000,63,8,7,78,29,34,20.533333
SUPER_27,10210000,124,9,9,142,59,65,2.9444444
SUPER_27,10220000,10,0,1,11,5,5,1
SUPER_27,10230000,5,0,0,5,3,2,NaN
SUPER_27,10240000,168,14,13,195,87,81,10.148149
SUPER_27,10250000,73,6,8,87,37,36,4.857143
SUPER_27,10260000,46,3,5,54,24,22,5.25
SUPER_27,10270000,1,0,0,1,1,0,NaN
SUPER_27,10280000,1,0,0,1,1,0,NaN
SUPER_27,10290000,1,0,0,1,0,1,NaN
SUPER_27,10300000,1,0,4,5,0,1,4.25
SUPER_27,10310000,1,0,0,1,0,1,NaN
SUPER_27,10320000,128,8,12,148,62,66,3.95
SUPER_27,10330000,13,1,0,14,4,9,1
SUPER_27,10340000,4,0,0,4,0,4,NaN
SUPER_27,10350000,26,1,1,28,8,18,19.5
SUPER_27,10360000,70,1,2,73,41,29,13.666667
SUPER_27,10370000,103,5,6,114,52,51,5.090909
SUPER_27,10380000,135,11,6,152,77,58,4.1764708
SUPER_27,10390000,151,12,14,177,74,77,4.8076925
SUPER_27,10400000,125,6,7,138,64,61,6.3076925
SUPER_27,10410000,165,19,11,195,80,85,13.166667
SUPER_27,10420000,3,0,0,3,2,1,NaN
SUPER_27,10430000,5,1,0,6,3,2,1
SUPER_27,10440000,2,1,0,3,2,0,1
SUPER_27,10450000,2,0,0,2,1,1,NaN
SUPER_27,10460000,59,4,7,70,27,32,10.454545
SUPER_27,10470000,127,7,2,136,69,58,2.5555556
SUPER_27,10480000,94,7,6,107,48,46,3.5384614
SUPER_27,10490000,12,3,3,18,8,4,3.6666667
SUPER_27,10500000,88,8,6,102,41,47,5.285714
SUPER_27,10510000,95,3,3,101,46,49,1.1666666
SUPER_27,10520000,155,5,13,173,74,81,47.555557
SUPER_27,10530000,146,14,10,170,61,85,24.541666
SUPER_27,10540000,16,4,1,21,6,10,9
SUPER_27,10550000,5,2,1,8,5,0,6
SUPER_27,10560000,3,1,0,4,3,0,8
SUPER_27,10570000,35,3,5,43,15,20,52
SUPER_27,10580000,3,0,0,3,1,2,NaN
SUPER_27,10590000,1,1,0,2,0,1,1
SUPER_27,10600000,9,3,1,13,9,0,11
SUPER_27,10610000,29,2,2,33,10,19,5
SUPER_27,10620000,36,8,3,47,23,13,11.181818
SUPER_27,10630000,177,13,22,212,91,86,3.3714285
SUPER_27,10640000,116,12,6,134,71,45,6.388889
SUPER_27,10650000,189,12,17,218,96,93,15.620689
SUPER_27,10660000,151,12,17,180,64,87,11.310345
SUPER_27,10670000,116,9,9,134,51,65,3.8333333
SUPER_27,10680000,43,1,5,49,19,24,27.666666
SUPER_27,10690000,3,1,1,5,0,3,1.5
SUPER_27,10700000,101,4,7,112,53,48,4.3636365
SUPER_27,10710000,104,6,11,121,47,57,4.7647057
SUPER_27,10720000,79,5,6,90,34,45,9.272727
SUPER_27,10730000,97,8,7,112,47,50,8.666667
SUPER_27,10740000,15,0,0,15,9,6,NaN
SUPER_27,10750000,0,3,2,5,0,0,19
SUPER_27,10760000,0,0,0,0,0,0,0
SUPER_27,10770000,0,0,0,0,0,0,0
SUPER_27,10780000,16,1,6,23,8,8,3.2857144
SUPER_27,10790000,60,6,4,70,21,39,2.7
SUPER_27,10800000,88,8,4,100,50,38,23.25
SUPER_27,10810000,29,3,2,34,15,14,4.4
SUPER_27,10820000,86,4,4,94,50,36,3.125
SUPER_27,10830000,70,1,2,73,35,35,1.3333334
SUPER_27,10840000,37,3,3,43,16,21,5.5
SUPER_27,10850000,0,1,0,1,0,0,10
SUPER_27,10860000,0,0,1,1,0,0,1
SUPER_27,10870000,7,1,2,10,1,6,26.666666
SUPER_27,10880000,155,14,14,183,73,82,6.892857
SUPER_27,10890000,124,15,10,149,67,57,33.4
SUPER_27,10900000,161,10,14,185,67,94,5.0416665
SUPER_27,10910000,144,6,7,157,83,61,6.1538463
SUPER_27,10920000,88,4,10,102,44,44,40.214287
SUPER_27,10930000,76,3,7,86,44,32,10.5
SUPER_27,10940000,2,1,0,3,1,1,1
SUPER_27,10950000,61,5,6,72,25,36,5.181818
SUPER_27,10960000,73,4,5,82,39,34,24.11111
SUPER_27,10970000,2,0,1,3,0,2,1
SUPER_27,10980000,52,7,6,65,29,23,4.076923
SUPER_27,10990000,101,11,18,130,48,53,8.103448
SUPER_27,11000000,132,8,19,159,67,65,10.148149
SUPER_27,11010000,155,7,13,175,90,65,11.9
SUPER_27,11020000,147,13,11,171,86,61,10.375
SUPER_27,11030000,105,5,8,118,62,43,4.5384617
SUPER_27,11040000,104,10,15,129,46,58,10.84
SUPER_27,11050000,38,3,1,42,22,16,2.5
SUPER_27,11060000,83,9,8,100,45,38,17.705883
SUPER_27,11070000,41,5,1,47,19,22,2.5
SUPER_27,11080000,26,4,5,35,13,13,6.7777777
SUPER_27,11090000,1,0,0,1,1,0,NaN
SUPER_27,11100000,1,0,0,1,0,1,NaN
SUPER_27,11110000,22,0,4,26,8,14,3
SUPER_27,11120000,0,1,1,2,0,0,1
SUPER_27,11130000,46,3,4,53,21,25,6.285714
SUPER_27,11140000,53,4,9,66,25,28,4.1538463
SUPER_27,11150000,44,6,7,57,22,22,12.769231
SUPER_27,11160000,126,5,10,141,67,59,28.466667
SUPER_27,11170000,82,12,6,100,45,37,15.111111
SUPER_27,11180000,113,4,8,125,55,58,18.916666
SUPER_27,11190000,85,18,15,118,36,49,5.969697
SUPER_27,11200000,165,16,9,190,87,78,4.2
SUPER_27,11210000,43,3,3,49,21,22,5.3333335
SUPER_27,11220000,3,0,0,3,3,0,NaN
SUPER_27,11230000,41,2,8,51,16,25,27.7
SUPER_27,11240000,1,0,1,2,1,0,2
SUPER_27,11250000,59,5,4,68,28,31,9.111111
SUPER_27,11260000,136,7,11,154,68,68,3.8888888
SUPER_27,11270000,140,10,11,161,69,71,8.809524
SUPER_27,11280000,118,9,6,133,66,52,8.533334
SUPER_27,11290000,122,7,13,142,68,54,5.8
SUPER_27,11300000,152,9,15,176,73,79,56.166668
SUPER_27,11310000,105,7,8,120,54,51,2.6
SUPER_27,11320000,35,2,5,42,16,19,3.2857144
SUPER_27,11330000,93,9,16,118,51,42,8.36
SUPER_27,11340000,134,7,13,154,70,64,11.7
SUPER_27,11350000,109,6,9,124,56,53,2.4666667
SUPER_27,11360000,86,5,5,96,48,38,4.4
SUPER_27,11370000,141,7,7,155,63,78,7.714286
SUPER_27,11380000,104,14,3,121,53,51,11.411765
SUPER_27,11390000,92,6,6,104,54,38,13.583333
SUPER_27,11400000,40,4,4,48,23,17,2.875
SUPER_27,11410000,107,8,10,125,62,45,10.388889
SUPER_27,11420000,69,6,3,78,40,29,9.666667
SUPER_27,11430000,24,2,4,30,10,14,1.8333334
SUPER_27,11440000,1,0,0,1,1,0,NaN
SUPER_27,11450000,3,0,1,4,2,1,2
SUPER_27,11460000,58,6,3,67,27,31,3
SUPER_27,11470000,98,10,6,114,52,46,10.6875
SUPER_27,11480000,156,7,8,171,80,76,2.3333333
SUPER_27,11490000,23,4,1,28,12,11,10
SUPER_27,11500000,36,3,1,40,15,21,3
SUPER_27,11510000,108,5,8,121,52,56,3.1538463
SUPER_27,11520000,157,11,15,183,77,80,7.1923075
SUPER_27,11530000,201,14,10,225,105,96,4.0833335
SUPER_27,11540000,119,14,3,136,62,57,4.1764708
SUPER_27,11550000,107,6,8,121,57,50,7.357143
SUPER_27,11560000,118,10,11,139,57,61,6.571429
SUPER_27,11570000,155,10,15,180,78,77,9.44
SUPER_27,11580000,139,4,10,153,73,66,5.785714
SUPER_27,11590000,72,2,5,79,37,35,5.571429
SUPER_27,11600000,134,12,13,159,69,65,6.2
SUPER_27,11610000,112,8,10,130,59,53,17.444445
SUPER_27,11620000,0,0,0,0,0,0,0
SUPER_27,11630000,0,0,0,0,0,0,0
SUPER_27,11640000,30,4,2,36,17,13,2.1666667
SUPER_27,11650000,151,9,16,176,74,77,6.56
SUPER_27,11660000,90,11,2,103,49,41,7.4615383
SUPER_27,11670000,187,8,10,205,89,98,3.6666667
SUPER_27,11680000,176,10,15,201,97,79,10.16
SUPER_27,11690000,129,1,8,138,58,71,3.3333333
SUPER_27,11700000,68,5,8,81,29,39,3.3846154
SUPER_27,11710000,0,0,0,0,0,0,0
SUPER_27,11720000,0,0,0,0,0,0,0
SUPER_27,11730000,0,0,0,0,0,0,0
SUPER_27,11740000,80,8,3,91,48,32,13
SUPER_27,11750000,58,6,6,70,30,28,6.25
SUPER_27,11760000,72,6,8,86,34,38,5.357143
SUPER_27,11770000,114,7,2,123,60,54,2
SUPER_27,11780000,113,7,7,127,58,55,42.42857
SUPER_27,11790000,109,7,10,126,59,50,3.6470587
SUPER_27,11800000,15,2,1,18,8,7,25.666666
SUPER_27,11810000,44,0,3,47,18,26,3.3333333
SUPER_27,11820000,101,9,5,115,54,47,9.714286
SUPER_27,11830000,23,2,1,26,11,12,6
SUPER_27,11840000,147,11,11,169,81,66,18.636364
SUPER_27,11850000,62,5,7,74,24,38,16.166666
SUPER_27,11860000,127,18,10,155,72,55,16.214285
SUPER_27,11870000,163,6,8,177,87,76,23.214285
SUPER_27,11880000,10,3,1,14,6,4,7
SUPER_27,11890000,4,1,0,5,2,2,2
SUPER_27,11900000,1,0,0,1,1,0,NaN
SUPER_27,11910000,4,0,2,6,1,3,6
SUPER_27,11920000,9,5,0,14,6,3,5.8
SUPER_27,11930000,1,0,0,1,1,0,NaN
SUPER_27,11940000,1,0,0,1,0,1,NaN
SUPER_27,11950000,76,7,6,89,34,42,1.5384616
SUPER_27,11960000,78,8,6,92,39,39,4.428571
SUPER_27,11970000,23,5,3,31,11,12,3.625
SUPER_27,11980000,3,1,0,4,2,1,6
SUPER_27,11990000,0,0,0,0,0,0,0
SUPER_27,12000000,0,0,0,0,0,0,0
SUPER_27,12010000,4,2,0,6,3,1,7
SUPER_27,12020000,3,1,1,5,2,1,1
SUPER_27,12030000,3,0,1,4,1,2,1
SUPER_27,12040000,100,7,5,112,57,43,4.1666665
SUPER_27,12050000,148,18,10,176,70,78,6.178571
SUPER_27,12060000,90,8,8,106,44,46,8.875
SUPER_27,12070000,23,0,3,26,8,15,1.6666666
SUPER_27,12080000,99,8,7,114,53,46,5.5333333
SUPER_27,12090000,111,10,11,132,56,55,10.095238
SUPER_27,12100000,47,6,5,58,24,23,3.8181818
SUPER_27,12110000,0,0,0,0,0,0,0
SUPER_27,12120000,0,0,0,0,0,0,0
SUPER_27,12130000,0,0,0,0,0,0,0
SUPER_27,12140000,24,0,2,26,9,15,138
SUPER_27,12150000,0,0,0,0,0,0,0
SUPER_27,12160000,0,0,0,0,0,0,0
SUPER_27,12170000,2,0,0,2,0,2,NaN
SUPER_27,12180000,1,0,2,3,0,1,3
SUPER_27,12190000,0,1,0,1,0,0,8
SUPER_27,12200000,2,0,0,2,1,1,NaN
SUPER_27,12210000,0,0,0,0,0,0,0
SUPER_27,12220000,0,0,0,0,0,0,0
SUPER_27,12230000,3,0,0,3,0,3,NaN
SUPER_27,12240000,2,0,0,2,0,2,NaN
SUPER_27,12250000,49,2,2,53,18,31,2.75
SUPER_27,12260000,40,6,3,49,15,25,4.2222223
SUPER_27,12270000,109,7,6,122,55,54,5.230769
SUPER_27,12280000,73,7,3,83,32,41,8.1
SUPER_27,12290000,168,12,11,191,89,79,5.7826085
SUPER_27,12300000,186,14,13,213,92,94,5.037037
SUPER_27,12310000,125,15,13,153,75,50,5.785714
SUPER_27,12320000,50,1,2,53,22,28,4.6666665
SUPER_27,12330000,89,7,3,99,52,37,6.4
SUPER_27,12340000,3,0,1,4,3,0,1
SUPER_27,12350000,1,1,0,2,0,1,28
SUPER_27,12360000,2,0,0,2,2,0,NaN
SUPER_27,12370000,2,1,0,3,1,1,9
SUPER_27,12380000,0,0,0,0,0,0,0
SUPER_27,12390000,0,0,0,0,0,0,0
SUPER_27,12400000,0,0,0,0,0,0,0
SUPER_27,12410000,0,0,0,0,0,0,0
SUPER_27,12420000,0,0,0,0,0,0,0
SUPER_27,12430000,10,1,1,12,7,3,26.5
SUPER_27,12440000,0,0,0,0,0,0,0
SUPER_27,12450000,0,0,0,0,0,0,0
SUPER_27,12460000,2,0,0,2,1,1,NaN
SUPER_27,12470000,0,0,1,1,0,0,6
SUPER_27,12480000,3,0,0,3,1,2,NaN
SUPER_27,12490000,2,0,1,3,1,1,1
SUPER_27,12500000,20,2,2,24,12,8,1.75
SUPER_27,12510000,41,3,2,46,19,22,4.6
SUPER_27,12520000,17,0,0,17,9,8,NaN
SUPER_27,12530000,15,2,2,19,6,9,5.25
SUPER_27,12540000,48,8,4,60,28,20,3.75
SUPER_27,12550000,14,1,1,16,6,8,1.5
SUPER_27,12560000,42,1,1,44,26,16,2.5
SUPER_27,12570000,44,5,3,52,24,20,7.375
SUPER_27,12580000,171,15,9,195,84,87,6.7083335
SUPER_27,12590000,102,7,4,113,49,53,3.5454545
SUPER_27,12600000,57,5,6,68,25,32,5.181818
SUPER_27,12610000,8,2,0,10,4,4,6.5
SUPER_27,12620000,123,8,10,141,58,65,5.388889
SUPER_27,12630000,30,2,2,34,19,11,8.5
SUPER_27,12640000,5,0,0,5,3,2,NaN
SUPER_27,12650000,2,1,0,3,1,1,1
SUPER_27,12660000,2,0,0,2,1,1,NaN
SUPER_27,12670000,8,0,2,10,6,2,1
SUPER_27,12680000,72,4,8,84,39,33,4.4166665
SUPER_27,12690000,7,1,0,8,6,1,1
SUPER_27,12700000,11,2,0,13,6,5,1
SUPER_27,12710000,36,1,5,42,20,16,28.666666
SUPER_27,12720000,111,4,7,122,59,52,2
SUPER_27,12730000,118,6,3,127,59,59,11.777778
SUPER_27,12740000,158,4,5,167,88,70,8.222222
SUPER_27,12750000,167,7,11,185,91,76,8.388889
SUPER_27,12760000,92,5,7,104,54,38,9.083333
SUPER_27,12770000,91,5,6,102,48,43,3.909091
SUPER_27,12780000,69,5,10,84,39,30,4.6
SUPER_27,12790000,35,1,5,41,19,16,2.3333333
SUPER_27,12800000,55,2,8,65,27,28,17.6
SUPER_27,12810000,131,12,11,154,65,66,7.347826
SUPER_27,12820000,84,8,7,99,37,47,10.2
SUPER_27,12830000,40,3,4,47,18,22,8.571428
SUPER_27,12840000,117,4,5,126,66,51,6.3333335
SUPER_27,12850000,116,7,11,134,58,58,11.888889
SUPER_27,12860000,3,2,0,5,1,2,2
SUPER_27,12870000,2,1,0,3,1,1,1
SUPER_27,12880000,4,0,0,4,1,3,NaN
SUPER_27,12890000,7,0,2,9,3,4,1
SUPER_27,12900000,1,1,0,2,0,1,1
SUPER_27,12910000,2,0,0,2,2,0,NaN
SUPER_27,12920000,2,2,0,4,1,1,11
SUPER_27,12930000,120,11,11,142,63,57,6.5454545
SUPER_27,12940000,100,8,8,116,53,47,12.625
SUPER_27,12950000,128,6,10,144,63,65,9.25
SUPER_27,12960000,76,8,6,90,31,45,12.928572
SUPER_27,12970000,62,3,6,71,37,25,12.222222
SUPER_27,12980000,101,6,3,110,56,45,6.7777777
SUPER_27,12990000,132,11,7,150,74,58,4.4444447
SUPER_27,13000000,40,3,5,48,22,18,11
SUPER_27,13010000,107,7,11,125,48,59,3.5
SUPER_27,13020000,73,10,7,90,41,32,14.3529415
SUPER_27,13030000,71,1,6,78,30,41,4
SUPER_27,13040000,184,8,13,205,87,97,31.809525
SUPER_27,13050000,48,3,7,58,27,21,6.6
SUPER_27,13060000,2,0,1,3,0,2,1
SUPER_27,13070000,6,1,0,7,3,3,29
SUPER_27,13080000,3,1,0,4,0,3,27
SUPER_27,13090000,2,0,0,2,0,2,NaN
SUPER_27,13100000,13,2,3,18,6,7,1.8
SUPER_27,13110000,14,2,0,16,9,5,15.5
SUPER_27,13120000,78,8,6,92,41,37,12.5
SUPER_27,13130000,40,3,1,44,23,17,4.25
SUPER_27,13140000,139,17,11,167,74,65,19.035715
SUPER_27,13150000,90,5,7,102,40,50,7.6666665
SUPER_27,13160000,93,11,8,112,38,55,3
SUPER_27,13170000,107,6,6,119,41,66,16.5
SUPER_27,13180000,79,8,6,93,43,36,9.142858
SUPER_27,13190000,1,0,1,2,1,0,18
SUPER_27,13200000,1,0,0,1,1,0,NaN
SUPER_27,13210000,9,0,2,11,3,6,4.5
SUPER_27,13220000,0,0,0,0,0,0,0
SUPER_27,13230000,0,0,0,0,0,0,0
SUPER_27,13240000,2,0,1,3,0,2,2
SUPER_27,13250000,125,15,6,146,60,65,4.904762
SUPER_27,13260000,57,2,3,62,19,38,2.2
SUPER_27,13270000,126,8,7,141,56,70,16.2
SUPER_27,13280000,134,13,10,157,68,66,5.0869565
SUPER_27,13290000,167,11,7,185,87,80,16.444445
SUPER_27,13300000,70,0,0,70,34,36,NaN
SUPER_27,13310000,88,3,3,94,43,45,9.5
SUPER_27,13320000,93,6,9,108,56,37,4.9333334
SUPER_27,13330000,43,6,10,59,19,24,6.8125
SUPER_27,13340000,48,3,2,53,35,13,3.4
SUPER_27,13350000,31,3,1,35,15,16,4.5
SUPER_27,13360000,134,5,7,146,69,65,6.4166665
SUPER_27,13370000,65,7,3,75,44,21,9.2
SUPER_27,13380000,26,0,0,26,15,11,NaN
SUPER_27,13390000,53,2,5,60,32,21,4.142857
SUPER_27,13400000,104,8,8,120,46,58,7.1875
SUPER_27,13410000,67,6,8,81,34,33,4.857143
SUPER_27,13420000,97,7,14,118,47,50,4.714286
SUPER_27,13430000,79,6,10,95,41,38,16
SUPER_27,13440000,88,6,7,101,43,45,19.076923
SUPER_27,13450000,1,0,0,1,0,1,NaN
SUPER_27,13460000,0,0,3,3,0,0,6.3333335
SUPER_27,13470000,14,2,3,19,7,7,9
SUPER_27,13480000,132,12,14,158,57,75,4.8461537
SUPER_27,13490000,95,15,11,121,49,46,17.961538
SUPER_27,13500000,71,7,11,89,33,38,14.944445
SUPER_27,13510000,23,1,2,26,5,18,2.6666667
SUPER_27,13520000,148,11,16,175,55,93,4.4444447
SUPER_27,13530000,111,8,8,127,53,58,8.125
SUPER_27,13540000,2,1,0,3,1,1,48
SUPER_27,13550000,5,2,0,7,1,4,10
SUPER_27,13560000,6,0,0,6,1,5,NaN
SUPER_27,13570000,148,14,12,174,82,66,8.192307
SUPER_27,13580000,150,6,17,173,80,70,5.7391305
SUPER_27,13590000,0,0,0,0,0,0,0
SUPER_27,13600000,0,0,0,0,0,0,0
SUPER_27,13610000,34,1,2,37,23,11,24.333334
SUPER_27,13620000,5,0,0,5,4,1,NaN
SUPER_27,13630000,3,0,0,3,1,2,NaN
SUPER_27,13640000,2,0,0,2,2,0,NaN
SUPER_27,13650000,3,0,1,4,2,1,21
SUPER_27,13660000,99,11,11,121,49,50,3.6363637
SUPER_27,13670000,78,7,13,98,30,48,3.55
SUPER_27,13680000,11,0,0,11,5,6,NaN
SUPER_27,13690000,12,3,1,16,4,8,5
SUPER_27,13700000,2,0,0,2,1,1,NaN
SUPER_27,13710000,23,2,2,27,15,8,14
SUPER_27,13720000,170,15,12,197,76,94,4.814815
SUPER_27,13730000,118,6,8,132,66,52,11.071428
SUPER_27,13740000,123,13,5,141,59,64,4.4444447
SUPER_27,13750000,156,15,13,184,83,73,3.3214285
SUPER_27,13760000,104,7,7,118,47,57,4.285714
SUPER_27,13770000,73,4,9,86,38,35,20.538462
SUPER_27,13780000,116,9,8,133,54,62,3.7058823
SUPER_27,13790000,58,6,6,70,29,29,4.1666665
SUPER_27,13800000,1,1,1,3,0,1,1
SUPER_27,13810000,5,0,0,5,3,2,NaN
SUPER_27,13820000,45,7,3,55,30,15,16.7
SUPER_27,13830000,33,5,2,40,12,21,4.285714
SUPER_27,13840000,0,0,0,0,0,0,0
SUPER_27,13850000,0,0,0,0,0,0,0
SUPER_27,13860000,87,8,4,99,40,47,6.8333335
SUPER_27,13870000,0,0,0,0,0,0,0
SUPER_27,13880000,0,0,0,0,0,0,0
SUPER_27,13890000,7,0,1,8,4,3,2
SUPER_27,13900000,86,6,10,102,40,46,6.75
SUPER_27,13910000,3,1,0,4,2,1,1
SUPER_27,13920000,1,0,0,1,1,0,NaN
SUPER_27,13930000,3,2,0,5,2,1,3
SUPER_27,13940000,3,0,1,4,1,2,1
SUPER_27,13950000,13,3,0,16,7,6,1.6666666
SUPER_27,13960000,0,0,0,0,0,0,0
SUPER_27,13970000,0,0,0,0,0,0,0
SUPER_27,13980000,32,3,6,41,14,18,4
SUPER_27,13990000,1,0,0,1,1,0,NaN
SUPER_27,14000000,1,0,0,1,0,1,NaN
SUPER_27,14010000,57,5,5,67,25,32,10.8
SUPER_27,14020000,76,14,4,94,28,48,6.7777777
SUPER_27,14030000,4,2,0,6,1,3,1.5
SUPER_27,14040000,50,2,2,54,28,22,3.5
SUPER_27,14050000,123,12,10,145,62,61,6.090909
SUPER_27,14060000,79,9,3,91,46,33,4.5
SUPER_27,14070000,119,7,7,133,63,56,3.9285715
SUPER_27,14080000,6,4,0,10,4,2,12.75
SUPER_27,14090000,10,3,1,14,4,6,5.25
SUPER_27,14100000,0,2,0,2,0,0,1
SUPER_27,14110000,61,3,4,68,29,32,7
SUPER_27,14120000,151,9,9,169,80,71,10.666667
SUPER_27,14130000,135,12,12,159,62,73,5.2083335
SUPER_27,14140000,58,6,5,69,37,21,2.090909
SUPER_27,14150000,21,2,1,24,12,9,10.666667
SUPER_27,14160000,6,2,2,10,4,2,7.5
SUPER_27,14170000,3,0,1,4,0,3,1
SUPER_27,14180000,1,0,0,1,0,1,NaN
SUPER_27,14190000,45,3,6,54,23,22,6.6666665
SUPER_27,14200000,128,9,10,147,63,65,4.368421
SUPER_27,14210000,65,2,7,74,26,39,6.5555553
SUPER_27,14220000,37,5,4,46,18,19,11.222222
SUPER_27,14230000,20,1,3,24,12,8,1
SUPER_27,14240000,157,14,14,185,84,73,5.25
SUPER_27,14250000,99,8,3,110,56,43,6
SUPER_27,14260000,4,0,1,5,0,4,1
SUPER_27,14270000,1,0,2,3,0,1,8.5
SUPER_27,14280000,2,0,1,3,0,2,155
SUPER_27,14290000,4,0,0,4,2,2,NaN
SUPER_27,14300000,4,0,1,5,0,4,1
SUPER_27,14310000,3,0,0,3,3,0,NaN
SUPER_27,14320000,3,0,0,3,0,3,NaN
SUPER_27,14330000,6,1,0,7,3,3,33
SUPER_27,14340000,1,0,0,1,1,0,NaN
SUPER_27,14350000,1,0,1,2,0,1,1
SUPER_27,14360000,1,0,1,2,1,0,4
SUPER_27,14370000,2,0,1,3,1,1,2
SUPER_27,14380000,0,0,0,0,0,0,0
SUPER_27,14390000,0,0,0,0,0,0,0
SUPER_27,14400000,3,1,0,4,2,1,14
SUPER_27,14410000,1,0,0,1,0,1,NaN
SUPER_27,14420000,6,0,0,6,5,1,NaN
SUPER_27,14430000,5,0,0,5,2,3,NaN
SUPER_27,14440000,19,2,0,21,10,9,5
SUPER_27,14450000,3,0,0,3,3,0,NaN
SUPER_27,14460000,3,0,0,3,2,1,NaN
SUPER_27,14470000,6,0,0,6,3,3,NaN
SUPER_27,14480000,3,0,0,3,2,1,NaN
SUPER_27,14490000,7,0,1,8,5,2,1
SUPER_27,14500000,4,1,0,5,4,0,7
SUPER_27,14510000,20,0,2,22,16,4,4
SUPER_27,14520000,17,0,1,18,8,9,1
SUPER_27,14530000,2,0,0,2,1,1,NaN
SUPER_27,14540000,0,0,0,0,0,0,0
SUPER_27,14550000,0,0,0,0,0,0,0
SUPER_27,14560000,1,0,1,2,1,0,4
SUPER_28,10000,4,0,0,4,0,4,NaN
SUPER_28,20000,4,0,2,6,1,3,1
SUPER_28,30000,0,0,0,0,0,0,0
SUPER_28,40000,0,0,0,0,0,0,0
SUPER_28,50000,11,3,0,14,6,5,1.6666666
SUPER_28,60000,2,0,0,2,2,0,NaN
SUPER_28,70000,1,0,1,2,1,0,2
SUPER_28,80000,0,0,0,0,0,0,0
SUPER_28,90000,0,0,0,0,0,0,0
SUPER_28,100000,0,0,0,0,0,0,0
SUPER_28,110000,0,0,0,0,0,0,0
SUPER_28,120000,0,0,0,0,0,0,0
SUPER_28,130000,0,0,0,0,0,0,0
SUPER_28,140000,0,0,0,0,0,0,0
SUPER_28,150000,54,6,5,65,22,32,10.454545
SUPER_28,160000,41,5,3,49,21,20,6.875
SUPER_28,170000,98,5,2,105,49,49,4.142857
SUPER_28,180000,113,8,5,126,83,30,13.615385
SUPER_28,190000,10,2,3,15,5,5,2.4
SUPER_28,200000,43,7,2,52,28,15,4
SUPER_28,210000,21,0,5,26,11,10,5.4
SUPER_28,220000,14,4,1,19,8,6,4.4
SUPER_28,230000,23,3,4,30,9,14,9.571428
SUPER_28,240000,70,8,5,83,37,33,3.6923077
SUPER_28,250000,66,7,9,82,31,35,7.0625
SUPER_28,260000,0,0,0,0,0,0,0
SUPER_28,270000,0,0,0,0,0,0,0
SUPER_28,280000,83,8,9,100,50,33,22.882353
SUPER_28,290000,155,10,10,175,77,78,5.8
SUPER_28,300000,124,11,10,145,62,62,7.6190476
SUPER_28,310000,69,3,2,74,36,33,3.2
SUPER_28,320000,153,12,11,176,83,70,7.173913
SUPER_28,330000,145,10,22,177,80,65,9.75
SUPER_28,340000,105,8,11,124,59,46,15.842105
SUPER_28,350000,0,0,0,0,0,0,0
SUPER_28,360000,0,0,0,0,0,0,0
SUPER_28,370000,186,10,18,214,104,82,33.642857
SUPER_28,380000,81,8,8,97,42,39,5.0625
SUPER_28,390000,76,6,5,87,35,41,16.181818
SUPER_28,400000,44,2,3,49,23,21,12.8
SUPER_28,410000,131,0,1,132,109,22,25
SUPER_28,420000,160,10,11,181,97,63,39.714287
SUPER_28,430000,63,5,14,82,40,23,6.9473686
SUPER_28,440000,53,3,11,67,27,26,1.6428572
SUPER_28,450000,68,5,4,77,43,25,2.2222223
SUPER_28,460000,72,8,8,88,31,41,4.4375
SUPER_28,470000,84,5,4,93,47,37,7.4444447
SUPER_28,480000,97,10,6,113,41,56,8.125
SUPER_28,490000,98,6,2,106,58,40,11.25
SUPER_28,500000,88,13,9,110,45,43,7.409091
SUPER_28,510000,80,6,6,92,43,37,8
SUPER_28,520000,124,7,13,144,65,59,30.4
SUPER_28,530000,172,6,19,197,76,96,5.84
SUPER_28,540000,99,16,5,120,43,56,9.142858
SUPER_28,550000,135,11,16,162,60,75,11.814815
SUPER_28,560000,158,11,14,183,89,69,4.72
SUPER_28,570000,142,6,11,159,79,63,10
SUPER_28,580000,100,2,7,109,35,65,4
SUPER_28,590000,130,9,8,147,65,65,2.8235295
SUPER_28,600000,102,5,6,113,51,51,6
SUPER_28,610000,112,6,17,135,56,56,10.130435
SUPER_28,620000,31,2,2,35,13,18,10.75
SUPER_28,630000,132,8,8,148,73,59,5.3125
SUPER_28,640000,67,7,3,77,32,35,3.5
SUPER_28,650000,54,5,3,62,28,26,2.75
SUPER_28,660000,1,0,0,1,1,0,NaN
SUPER_28,670000,111,7,7,125,52,59,18.571428
SUPER_28,680000,119,10,9,138,57,62,2.3157895
SUPER_28,690000,184,13,10,207,93,91,22.565218
SUPER_28,700000,107,3,8,118,61,46,17.181818
SUPER_28,710000,10,1,0,11,7,3,16
SUPER_28,720000,12,3,3,18,10,2,9.333333
SUPER_28,730000,78,7,4,89,45,33,4.6363635
SUPER_28,740000,25,3,6,34,16,9,1.7777778
SUPER_28,750000,57,6,2,65,28,29,12.375
SUPER_28,760000,146,11,6,163,70,76,4.117647
SUPER_28,770000,62,5,1,68,35,27,14.166667
SUPER_28,780000,0,0,1,1,0,0,1
SUPER_28,790000,84,6,4,94,45,39,6
SUPER_28,800000,5,0,1,6,3,2,1
SUPER_28,810000,0,0,0,0,0,0,0
SUPER_28,820000,0,0,0,0,0,0,0
SUPER_28,830000,112,15,8,135,58,54,7
SUPER_28,840000,32,6,3,41,17,15,8.333333
SUPER_28,850000,87,3,11,101,45,42,6.357143
SUPER_28,860000,0,0,0,0,0,0,0
SUPER_28,870000,0,0,0,0,0,0,0
SUPER_28,880000,0,0,0,0,0,0,0
SUPER_28,890000,69,1,10,80,28,41,6.7272725
SUPER_28,900000,36,7,3,46,23,13,3
SUPER_28,910000,111,10,15,136,51,60,5.76
SUPER_28,920000,60,3,4,67,33,27,10.857142
SUPER_28,930000,100,12,15,127,46,54,5.148148
SUPER_28,940000,30,1,2,33,11,19,1.6666666
SUPER_28,950000,46,1,3,50,26,20,3
SUPER_28,960000,68,3,1,72,36,32,6
SUPER_28,970000,92,5,9,106,46,46,4
SUPER_28,980000,14,1,1,16,8,6,2.5
SUPER_28,990000,1,0,0,1,0,1,NaN
SUPER_28,1000000,85,5,5,95,42,43,12.2
SUPER_28,1010000,86,4,7,97,42,44,9.909091
SUPER_28,1020000,83,6,10,99,42,41,22.0625
SUPER_28,1030000,10,3,3,16,4,6,5.6666665
SUPER_28,1040000,12,1,2,15,8,4,9.333333
SUPER_28,1050000,53,11,6,70,22,31,9.882353
SUPER_28,1060000,1,0,0,1,1,0,NaN
SUPER_28,1070000,2,1,2,5,1,1,4
SUPER_28,1080000,1,0,0,1,0,1,NaN
SUPER_28,1090000,1,0,0,1,1,0,NaN
SUPER_28,1100000,2,2,2,6,1,1,7.5
SUPER_28,1110000,3,0,2,5,2,1,2
SUPER_28,1120000,0,0,1,1,0,0,12
SUPER_28,1130000,1,0,0,1,1,0,NaN
SUPER_28,1140000,3,0,1,4,2,1,2
SUPER_28,1150000,2,0,0,2,0,2,NaN
SUPER_28,1160000,1,0,1,2,1,0,3
SUPER_28,1170000,2,0,0,2,2,0,NaN
SUPER_28,1180000,1,1,0,2,1,0,2
SUPER_28,1190000,4,3,2,9,0,4,30.2
SUPER_28,1200000,1,1,0,2,0,1,1
SUPER_28,1210000,22,3,0,25,12,10,4
SUPER_28,1220000,45,2,4,51,20,25,4.1666665
SUPER_28,1230000,1,0,0,1,1,0,NaN
SUPER_28,1240000,3,1,1,5,1,2,2
SUPER_28,1250000,1,2,1,4,1,0,1
SUPER_28,1260000,0,0,0,0,0,0,0
SUPER_28,1270000,0,0,0,0,0,0,0
SUPER_28,1280000,77,5,9,91,33,44,5
SUPER_28,1290000,92,10,11,113,41,51,7.428571
SUPER_28,1300000,29,3,6,38,14,15,5.3333335
SUPER_28,1310000,33,2,5,40,16,17,2
SUPER_28,1320000,0,0,0,0,0,0,0
SUPER_28,1330000,0,0,0,0,0,0,0
SUPER_28,1340000,0,0,0,0,0,0,0
SUPER_28,1350000,23,3,2,28,13,10,12
SUPER_28,1360000,35,4,3,42,20,15,6.285714
SUPER_28,1370000,3,0,0,3,1,2,NaN
SUPER_28,1380000,1,1,0,2,0,1,1
SUPER_28,1390000,14,2,2,18,5,9,9.25
SUPER_28,1400000,60,2,7,69,28,32,7.5555553
SUPER_28,1410000,73,7,20,100,36,37,6.6666665
SUPER_28,1420000,93,10,13,116,47,46,17.26087
SUPER_28,1430000,28,2,3,33,17,11,9.4
SUPER_28,1440000,45,3,5,53,17,28,3.875
SUPER_28,1450000,4,4,2,10,3,1,9.833333
SUPER_28,1460000,0,0,0,0,0,0,0
SUPER_28,1470000,0,0,0,0,0,0,0
SUPER_28,1480000,7,0,2,9,2,5,4
SUPER_28,1490000,14,2,1,17,8,6,4.3333335
SUPER_28,1500000,10,2,1,13,6,4,2.6666667
SUPER_28,1510000,0,0,0,0,0,0,0
SUPER_28,1520000,0,0,0,0,0,0,0
SUPER_28,1530000,0,0,0,0,0,0,0
SUPER_28,1540000,10,4,0,14,8,2,4.25
SUPER_28,1550000,103,8,11,122,45,58,6.4210525
SUPER_28,1560000,98,11,8,117,52,46,3.3157895
SUPER_28,1570000,75,11,5,91,35,40,5.75
SUPER_28,1580000,79,2,10,91,44,35,3.0833333
SUPER_28,1590000,61,2,3,66,32,29,9.2
SUPER_28,1600000,49,7,5,61,25,23,5.5
SUPER_28,1610000,53,3,1,57,21,32,7.75
SUPER_28,1620000,81,3,10,94,43,38,7.769231
SUPER_28,1630000,0,0,2,2,0,0,8
SUPER_28,1640000,0,3,0,3,0,0,10
SUPER_28,1650000,3,0,0,3,2,1,NaN
SUPER_28,1660000,2,0,1,3,1,1,1
SUPER_28,1670000,2,0,0,2,2,0,NaN
SUPER_28,1680000,3,0,0,3,2,1,NaN
SUPER_28,1690000,1,0,0,1,1,0,NaN
SUPER_28,1700000,1,0,0,1,1,0,NaN
SUPER_28,1710000,2,0,0,2,0,2,NaN
SUPER_28,1720000,0,1,0,1,0,0,1
SUPER_28,1730000,66,7,8,81,33,33,4.733333
SUPER_28,1740000,121,8,14,143,62,59,24.136364
SUPER_28,1750000,110,7,6,123,57,53,7.769231
SUPER_28,1760000,92,4,7,103,48,44,6.2727275
SUPER_28,1770000,20,2,4,26,11,9,5.6666665
SUPER_28,1780000,7,4,5,16,5,2,1.2222222
SUPER_28,1790000,3,0,0,3,2,1,NaN
SUPER_28,1800000,75,6,9,90,39,36,30.133333
SUPER_28,1810000,129,13,14,156,75,54,4.037037
SUPER_28,1820000,82,4,2,88,39,43,2.6666667
SUPER_28,1830000,7,0,0,7,1,6,NaN
SUPER_28,1840000,90,5,8,103,51,39,5.5384617
SUPER_28,1850000,2,1,1,4,0,2,33
SUPER_28,1860000,47,4,5,56,25,22,6.111111
SUPER_28,1870000,126,13,7,146,73,53,8.75
SUPER_28,1880000,41,2,4,47,14,27,5.3333335
SUPER_28,1890000,5,0,1,6,2,3,411
SUPER_28,1900000,3,1,0,4,1,2,4
SUPER_28,1910000,9,0,1,10,3,6,2
SUPER_28,1920000,0,0,0,0,0,0,0
SUPER_28,1930000,0,0,0,0,0,0,0
SUPER_28,1940000,65,2,0,67,43,22,6.5
SUPER_28,1950000,80,6,5,91,35,45,10.909091
SUPER_28,1960000,34,1,3,38,22,12,1.75
SUPER_28,1970000,5,0,1,6,2,3,9
SUPER_28,1980000,2,0,1,3,2,0,3
SUPER_28,1990000,47,5,6,58,30,17,5.909091
SUPER_28,2000000,70,5,3,78,35,35,17.75
SUPER_28,2010000,130,10,9,149,76,54,9.315789
SUPER_28,2020000,99,11,12,122,54,45,7.4347825
SUPER_28,2030000,137,14,11,162,65,72,6.92
SUPER_28,2040000,4,0,1,5,1,3,7
SUPER_28,2050000,44,2,3,49,21,23,6.4
SUPER_28,2060000,118,14,8,140,58,60,36.090908
SUPER_28,2070000,5,0,0,5,2,3,NaN
SUPER_28,2080000,4,0,0,4,3,1,NaN
SUPER_28,2090000,124,7,7,138,66,58,4
SUPER_28,2100000,1,0,0,1,1,0,NaN
SUPER_28,2110000,116,13,10,139,59,57,4.304348
SUPER_28,2120000,56,5,7,68,32,24,27.666666
SUPER_28,2130000,129,7,10,146,73,56,8.411765
SUPER_28,2140000,1,0,0,1,1,0,NaN
SUPER_28,2150000,107,6,10,123,56,51,6.75
SUPER_28,2160000,174,10,16,200,96,78,2.9615386
SUPER_28,2170000,182,11,12,205,104,78,14.565217
SUPER_28,2180000,68,8,2,78,35,33,3.8
SUPER_28,2190000,65,3,4,72,41,24,8.571428
SUPER_28,2200000,159,11,10,180,84,75,3.3809524
SUPER_28,2210000,132,5,10,147,60,72,7.866667
SUPER_28,2220000,13,2,2,17,8,5,4.5
SUPER_28,2230000,185,14,19,218,84,101,7.3030305
SUPER_28,2240000,11,0,0,11,8,3,NaN
SUPER_28,2250000,63,6,3,72,35,28,2.5555556
SUPER_28,2260000,41,4,4,49,19,22,7.75
SUPER_28,2270000,3,0,0,3,3,0,NaN
SUPER_28,2280000,3,0,1,4,2,1,1
SUPER_28,2290000,3,0,0,3,1,2,NaN
SUPER_28,2300000,2,0,0,2,1,1,NaN
SUPER_28,2310000,2,0,1,3,0,2,1
SUPER_28,2320000,0,1,1,2,0,0,5.5
SUPER_28,2330000,4,1,2,7,1,3,28
SUPER_28,2340000,7,1,1,9,6,1,4.5
SUPER_28,2350000,84,7,2,93,49,35,3.1111112
SUPER_28,2360000,84,0,1,85,41,43,41
SUPER_28,2370000,26,2,1,29,9,17,14.333333
SUPER_28,2380000,4,0,0,4,2,2,NaN
SUPER_28,2390000,47,3,1,51,24,23,2.75
SUPER_28,2400000,6,1,2,9,4,2,1
SUPER_28,2410000,2,0,2,4,0,2,1.5
SUPER_28,2420000,3,0,0,3,3,0,NaN
SUPER_28,2430000,81,7,7,95,44,37,5.642857
SUPER_28,2440000,1,0,0,1,1,0,NaN
SUPER_28,2450000,58,2,2,62,29,29,4.5
SUPER_28,2460000,62,11,11,84,30,32,3.6363637
SUPER_28,2470000,48,4,5,57,26,22,22.444445
SUPER_28,2480000,8,0,0,8,2,6,NaN
SUPER_28,2490000,2,1,1,4,0,2,11.5
SUPER_28,2500000,5,1,0,6,2,3,1
SUPER_28,2510000,2,1,0,3,1,1,6
SUPER_28,2520000,1,0,0,1,1,0,NaN
SUPER_28,2530000,1,0,2,3,0,1,3
SUPER_28,2540000,2,0,0,2,1,1,NaN
SUPER_28,2550000,2,0,0,2,0,2,NaN
SUPER_28,2560000,2,1,0,3,1,1,10
SUPER_28,2570000,1,0,0,1,1,0,NaN
SUPER_28,2580000,14,1,1,16,9,5,1.5
SUPER_28,2590000,30,0,2,32,18,12,18.5
SUPER_28,2600000,27,3,1,31,12,15,7.75
SUPER_28,2610000,60,6,3,69,30,30,6.111111
SUPER_28,2620000,66,4,3,73,39,27,5.285714
SUPER_28,2630000,152,17,10,179,84,68,5.4444447
SUPER_28,2640000,97,10,5,112,51,46,6.4
SUPER_28,2650000,108,2,5,115,53,55,6.142857
SUPER_28,2660000,44,3,3,50,16,28,4
SUPER_28,2670000,68,5,4,77,40,28,8
SUPER_28,2680000,48,3,4,55,28,20,106.14286
SUPER_28,2690000,65,5,5,75,38,27,3.8
SUPER_28,2700000,4,0,0,4,1,3,NaN
SUPER_28,2710000,38,3,3,44,17,21,3.6666667
SUPER_28,2720000,152,8,11,171,75,77,6
SUPER_28,2730000,115,10,6,131,58,57,5.75
SUPER_28,2740000,40,2,2,44,25,15,15
SUPER_28,2750000,66,5,10,81,33,33,34.6
SUPER_28,2760000,115,4,7,126,62,53,7.3636365
SUPER_28,2770000,41,4,3,48,21,20,25.285715
SUPER_28,2780000,2,0,1,3,1,1,1
SUPER_28,2790000,3,1,0,4,2,1,2
SUPER_28,2800000,2,0,2,4,1,1,1.5
SUPER_28,2810000,1,0,1,2,1,0,2
SUPER_28,2820000,3,0,0,3,1,2,NaN
SUPER_28,2830000,2,0,1,3,2,0,4
SUPER_28,2840000,101,7,12,120,50,51,16.947369
SUPER_28,2850000,113,4,9,126,69,44,5.6153846
SUPER_28,2860000,139,10,12,161,80,59,5.818182
SUPER_28,2870000,32,3,1,36,12,20,12.75
SUPER_28,2880000,28,2,5,35,14,14,9.142858
SUPER_28,2890000,43,1,1,45,22,21,2.5
SUPER_28,2900000,89,5,3,97,46,43,3.125
SUPER_28,2910000,141,15,8,164,73,68,6.5652175
SUPER_28,2920000,162,19,11,192,89,73,6.6666665
SUPER_28,2930000,121,9,14,144,63,58,3.5652175
SUPER_28,2940000,85,6,10,101,41,44,4.75
SUPER_28,2950000,130,12,2,144,57,73,5.428571
SUPER_28,2960000,98,5,7,110,47,51,6.1666665
SUPER_28,2970000,143,9,8,160,73,70,7.7647057
SUPER_28,2980000,124,8,14,146,63,61,10.681818
SUPER_28,2990000,80,5,3,88,38,42,4
SUPER_28,3000000,69,2,5,76,33,36,1.7142857
SUPER_28,3010000,64,5,1,70,33,31,3
SUPER_28,3020000,84,4,8,96,41,43,31.833334
SUPER_28,3030000,13,0,1,14,7,6,5
SUPER_28,3040000,61,3,3,67,33,28,5.8333335
SUPER_28,3050000,80,2,1,83,44,36,2.6666667
SUPER_28,3060000,26,4,1,31,13,13,8.2
SUPER_28,3070000,38,2,4,44,15,23,6.5
SUPER_28,3080000,5,1,4,10,2,3,4.6
SUPER_28,3090000,0,0,1,1,0,0,1
SUPER_28,3100000,6,0,1,7,2,4,3
SUPER_28,3110000,88,5,10,103,49,39,10.333333
SUPER_28,3120000,15,0,1,16,7,8,2
SUPER_28,3130000,55,10,6,71,27,28,3.6875
SUPER_28,3140000,128,10,9,147,67,61,19.578947
SUPER_28,3150000,100,13,15,128,53,47,7.571429
SUPER_28,3160000,55,5,3,63,29,26,3.625
SUPER_28,3170000,114,6,5,125,63,51,21.727272
SUPER_28,3180000,24,1,2,27,12,12,23.333334
SUPER_28,3190000,160,10,9,179,95,65,2.3157895
SUPER_28,3200000,101,4,14,119,62,39,8.666667
SUPER_28,3210000,54,3,0,57,30,24,4
SUPER_28,3220000,5,0,1,6,1,4,1
SUPER_28,3230000,51,7,5,63,27,24,7.5
SUPER_28,3240000,58,4,3,65,28,30,2
SUPER_28,3250000,41,0,2,43,18,23,3.5
SUPER_28,3260000,117,8,7,132,69,48,14.6
SUPER_28,3270000,98,8,9,115,52,46,8.588235
SUPER_28,3280000,62,2,7,71,36,26,4.5555553
SUPER_28,3290000,97,8,11,116,45,52,16
SUPER_28,3300000,60,6,3,69,31,29,7.111111
SUPER_28,3310000,127,11,13,151,62,65,3.1666667
SUPER_28,3320000,5,1,1,7,3,2,1
SUPER_28,3330000,182,8,8,198,103,79,42.1875
SUPER_28,3340000,52,1,5,58,27,25,11.833333
SUPER_28,3350000,106,8,7,121,57,49,6.6666665
SUPER_28,3360000,98,13,10,121,53,45,3.0869565
SUPER_28,3370000,72,6,4,82,41,31,3.3
SUPER_28,3380000,63,5,6,74,20,43,9.545455
SUPER_28,3390000,118,14,11,143,62,56,4.44
SUPER_28,3400000,3,1,0,4,1,2,1
SUPER_28,3410000,3,1,1,5,2,1,7.5
SUPER_28,3420000,3,2,0,5,1,2,9
SUPER_28,3430000,2,0,0,2,1,1,NaN
SUPER_28,3440000,0,1,0,1,0,0,1
SUPER_28,3450000,1,0,0,1,1,0,NaN
SUPER_28,3460000,95,10,3,108,47,48,4.6923075
SUPER_28,3470000,6,1,2,9,2,4,3.6666667
SUPER_28,3480000,1,0,0,1,1,0,NaN
SUPER_28,3490000,0,0,0,0,0,0,0
SUPER_28,3500000,0,0,0,0,0,0,0
SUPER_28,3510000,34,4,4,42,14,20,112.875
SUPER_28,3520000,104,12,15,131,48,56,11
SUPER_28,3530000,28,4,4,36,19,9,28.625
SUPER_28,3540000,213,13,21,247,107,106,27.558823
SUPER_28,3550000,84,3,7,94,41,43,7.8
SUPER_28,3560000,151,14,14,179,69,82,14.25
SUPER_28,3570000,21,2,2,25,10,11,4.25
SUPER_28,3580000,1,0,0,1,1,0,NaN
SUPER_28,3590000,1,0,0,1,0,1,NaN
SUPER_28,3600000,46,2,1,49,26,20,8.666667
SUPER_28,3610000,47,5,4,56,21,26,3.3333333
SUPER_28,3620000,67,12,11,90,33,34,8.173913
SUPER_28,3630000,80,10,10,100,34,46,24.75
SUPER_28,3640000,93,10,11,114,48,45,7.952381
SUPER_28,3650000,41,5,3,49,18,23,11
SUPER_28,3660000,93,4,7,104,50,43,3.4545455
SUPER_28,3670000,42,2,3,47,19,23,16.8
SUPER_28,3680000,63,7,6,76,42,21,7.769231
SUPER_28,3690000,120,22,7,149,63,57,12.413794
SUPER_28,3700000,89,6,7,102,35,54,6
SUPER_28,3710000,33,5,1,39,20,13,7.8333335
SUPER_28,3720000,186,18,18,222,93,93,27.416666
SUPER_28,3730000,104,9,6,119,53,51,21.333334
SUPER_28,3740000,37,2,4,43,13,24,1.3333334
SUPER_28,3750000,56,4,6,66,23,33,2
SUPER_28,3760000,63,8,2,73,31,32,8
SUPER_28,3770000,104,10,9,123,40,64,7.0526314
SUPER_28,3780000,60,8,4,72,23,37,2.3333333
SUPER_28,3790000,171,14,11,196,89,82,8.6
SUPER_28,3800000,103,9,10,122,57,46,2.6842105
SUPER_28,3810000,43,2,3,48,24,19,2
SUPER_28,3820000,108,11,13,132,51,57,7.4583335
SUPER_28,3830000,101,19,13,133,45,56,6.09375
SUPER_28,3840000,126,8,7,141,63,63,3.4666667
SUPER_28,3850000,81,10,6,97,35,46,5.375
SUPER_28,3860000,121,16,13,150,61,60,6.2413793
SUPER_28,3870000,136,20,18,174,73,63,5.868421
SUPER_28,3880000,13,1,2,16,5,8,11
SUPER_28,3890000,22,3,1,26,11,11,6.5
SUPER_28,3900000,14,0,0,14,11,3,NaN
SUPER_28,3910000,105,11,11,127,58,47,32
SUPER_28,3920000,107,9,5,121,47,60,5.142857
SUPER_28,3930000,48,2,2,52,31,17,3
SUPER_28,3940000,82,3,6,91,45,37,19.666666
SUPER_28,3950000,22,1,0,23,9,13,20
SUPER_28,3960000,65,5,3,73,36,29,2.5
SUPER_28,3970000,38,3,6,47,12,26,6.7777777
SUPER_28,3980000,4,1,1,6,4,0,1
SUPER_28,3990000,0,0,0,0,0,0,0
SUPER_28,4000000,0,0,0,0,0,0,0
SUPER_28,4010000,110,10,4,124,62,48,3.0714285
SUPER_28,4020000,44,4,4,52,23,21,5.25
SUPER_28,4030000,26,2,2,30,15,11,4.5
SUPER_28,4040000,70,11,7,88,35,35,8.388889
SUPER_28,4050000,14,2,2,18,6,8,4.5
SUPER_28,4060000,88,7,9,104,42,46,7.6875
SUPER_28,4070000,38,1,5,44,14,24,3.1666667
SUPER_28,4080000,75,8,3,86,41,34,17.09091
SUPER_28,4090000,137,6,7,150,62,75,8.615385
SUPER_28,4100000,97,5,8,110,54,43,43.923077
SUPER_28,4110000,9,2,0,11,5,4,1
SUPER_28,4120000,121,5,12,138,51,70,10.6470585
SUPER_28,4130000,60,5,4,69,28,32,3.2222223
SUPER_28,4140000,195,10,11,216,94,101,12.142858
SUPER_28,4150000,3,0,0,3,1,2,NaN
SUPER_28,4160000,3,0,0,3,2,1,NaN
SUPER_28,4170000,74,10,2,86,34,40,3.5
SUPER_28,4180000,107,6,7,120,60,47,2.9230769
SUPER_28,4190000,53,3,6,62,33,20,1.8888888
SUPER_28,4200000,85,5,5,95,43,42,7.7
SUPER_28,4210000,7,1,0,8,5,2,2
SUPER_28,4220000,11,0,2,13,6,5,13
SUPER_28,4230000,130,15,10,155,62,68,8.92
SUPER_28,4240000,117,13,8,138,56,61,7.047619
SUPER_28,4250000,122,5,10,137,64,58,23.8
SUPER_28,4260000,112,7,10,129,59,53,7.8235292
SUPER_28,4270000,134,12,10,156,69,65,3.2272727
SUPER_28,4280000,150,15,6,171,79,71,5.428571
SUPER_28,4290000,53,2,1,56,34,19,3.3333333
SUPER_28,4300000,0,0,0,0,0,0,0
SUPER_28,4310000,0,0,0,0,0,0,0
SUPER_28,4320000,75,13,4,92,42,33,5.8235292
SUPER_28,4330000,0,0,1,1,0,0,8
SUPER_28,4340000,25,2,1,28,12,13,3.3333333
SUPER_28,4350000,100,8,8,116,58,42,3.125
SUPER_28,4360000,0,0,0,0,0,0,0
SUPER_28,4370000,0,0,0,0,0,0,0
SUPER_28,4380000,131,4,19,154,66,65,14.608696
SUPER_28,4390000,90,10,8,108,46,44,5.7222223
SUPER_28,4400000,48,4,6,58,26,22,2.8
SUPER_28,4410000,16,3,2,21,6,10,3.4
SUPER_28,4420000,19,2,3,24,14,5,2.6
SUPER_28,4430000,0,0,0,0,0,0,0
SUPER_28,4440000,0,0,0,0,0,0,0
SUPER_28,4450000,92,10,6,108,46,46,5.9375
SUPER_28,4460000,91,6,4,101,53,38,5.4
SUPER_28,4470000,83,3,5,91,34,49,9.125
SUPER_28,4480000,64,6,5,75,37,27,7.2727275
SUPER_28,4490000,157,9,15,181,91,66,9.833333
SUPER_28,4500000,92,5,6,103,55,37,11.454545
SUPER_28,4510000,57,9,4,70,26,31,5.923077
SUPER_28,4520000,101,5,8,114,46,55,4.230769
SUPER_28,4530000,135,11,9,155,72,63,8.35
SUPER_28,4540000,98,8,7,113,48,50,3.9333334
SUPER_28,4550000,131,6,12,149,63,68,7.1666665
SUPER_28,4560000,115,4,9,128,46,69,14.153846
SUPER_28,4570000,217,12,11,240,118,99,16.956522
SUPER_28,4580000,98,6,8,112,47,51,5
SUPER_28,4590000,61,3,3,67,30,31,11.333333
SUPER_28,4600000,108,6,5,119,45,63,13
SUPER_28,4610000,93,8,10,111,46,47,3.5
SUPER_28,4620000,21,3,2,26,9,12,29.2
SUPER_28,4630000,23,1,4,28,6,17,58
SUPER_28,4640000,23,0,0,23,7,16,NaN
SUPER_28,4650000,7,2,1,10,4,3,1
SUPER_28,4660000,19,1,1,21,6,13,5.5
SUPER_28,4670000,1,0,0,1,1,0,NaN
SUPER_28,4680000,5,0,1,6,2,3,2
SUPER_28,4690000,6,0,2,8,2,4,12.5
SUPER_28,4700000,5,0,0,5,2,3,NaN
SUPER_28,4710000,1,0,1,2,0,1,25
SUPER_28,4720000,1,0,0,1,1,0,NaN
SUPER_28,4730000,9,1,0,10,4,5,9
SUPER_28,4740000,77,7,4,88,41,36,4.4545455
SUPER_28,4750000,111,5,12,128,56,55,3.5882354
SUPER_28,4760000,30,1,5,36,15,15,1.6666666
SUPER_28,4770000,41,4,5,50,26,15,6.2222223
SUPER_28,4780000,31,4,2,37,13,18,3.5
SUPER_28,4790000,2,0,0,2,2,0,NaN
SUPER_28,4800000,0,0,0,0,0,0,0
SUPER_28,4810000,0,0,0,0,0,0,0
SUPER_28,4820000,56,4,6,66,30,26,5.1
SUPER_28,4830000,2,0,0,2,0,2,NaN
SUPER_28,4840000,6,2,0,8,5,1,2
SUPER_28,4850000,133,4,10,147,77,56,7.642857
SUPER_28,4860000,2,0,0,2,1,1,NaN
SUPER_28,4870000,25,1,3,29,16,9,18
SUPER_28,4880000,1,0,0,1,0,1,NaN
SUPER_28,4890000,0,1,0,1,0,0,2
SUPER_28,4900000,0,1,0,1,0,0,1
SUPER_28,4910000,4,0,0,4,2,2,NaN
SUPER_28,4920000,155,6,9,170,95,60,6.4666667
SUPER_28,4930000,41,2,5,48,15,26,22.571428
SUPER_28,4940000,54,7,10,71,19,35,5.7647057
SUPER_28,4950000,100,12,9,121,56,44,6
SUPER_28,4960000,96,5,4,105,53,43,27.222221
SUPER_28,4970000,3,0,0,3,0,3,NaN
SUPER_28,4980000,1,0,0,1,0,1,NaN
SUPER_28,4990000,53,5,2,60,36,17,4.285714
SUPER_28,5000000,50,5,0,55,21,29,6.4
SUPER_28,5010000,153,5,7,165,80,73,27.916666
SUPER_28,5020000,73,5,6,84,31,42,9.636364
SUPER_28,5030000,2,2,0,4,0,2,1
SUPER_28,5040000,3,2,1,6,0,3,94
SUPER_28,5050000,10,2,1,13,6,4,1.6666666
SUPER_28,5060000,6,0,0,6,4,2,NaN
SUPER_28,5070000,2,1,0,3,2,0,1
SUPER_28,5080000,2,0,0,2,1,1,NaN
SUPER_28,5090000,31,7,4,42,15,16,6.4545455
SUPER_28,5100000,105,6,9,120,49,56,5.3333335
SUPER_28,5110000,97,8,6,111,55,42,11.5
SUPER_28,5120000,12,0,1,13,6,6,4
SUPER_28,5130000,118,11,12,141,49,69,9.826087
SUPER_28,5140000,97,7,8,112,40,57,3.3333333
SUPER_28,5150000,20,2,2,24,6,14,3.5
SUPER_28,5160000,50,4,6,60,23,27,6.2
SUPER_28,5170000,49,6,7,62,26,23,6.076923
SUPER_28,5180000,78,4,3,85,46,32,4
SUPER_28,5190000,33,3,7,43,15,18,31.8
SUPER_28,5200000,128,8,6,142,64,64,5.785714
SUPER_28,5210000,127,12,16,155,66,61,6.071429
SUPER_28,5220000,83,5,5,93,34,49,9.1
SUPER_28,5230000,143,11,14,168,78,65,11.24
SUPER_28,5240000,119,8,7,134,67,52,5.2
SUPER_28,5250000,56,10,6,72,35,21,1.75
SUPER_28,5260000,78,7,4,89,39,39,6.7272725
SUPER_28,5270000,16,2,5,23,10,6,4.428571
SUPER_28,5280000,19,3,1,23,6,13,2.25
SUPER_28,5290000,151,9,14,174,86,65,7.521739
SUPER_28,5300000,39,5,5,49,25,14,6.2
SUPER_28,5310000,196,10,16,222,100,96,5.730769
SUPER_28,5320000,71,3,8,82,36,35,3.4545455
SUPER_28,5330000,75,5,5,85,41,34,25.7
SUPER_28,5340000,102,8,5,115,42,60,6.769231
SUPER_28,5350000,87,2,7,96,46,41,28.666666
SUPER_28,5360000,108,5,12,125,53,55,7.5882354
SUPER_28,5370000,74,10,4,88,41,33,4.571429
SUPER_28,5380000,32,3,3,38,14,18,7.5
SUPER_28,5390000,1,0,0,1,1,0,NaN
SUPER_28,5400000,1,0,1,2,1,0,1
SUPER_28,5410000,3,0,1,4,2,1,1
SUPER_28,5420000,4,0,1,5,3,1,6
SUPER_28,5430000,0,0,1,1,0,0,2
SUPER_28,5440000,6,1,2,9,2,4,5.6666665
SUPER_28,5450000,3,0,0,3,0,3,NaN
SUPER_28,5460000,34,2,2,38,10,24,2.5
SUPER_28,5470000,123,14,15,152,62,61,4.5172415
SUPER_28,5480000,57,7,3,67,32,25,3.9
SUPER_28,5490000,118,6,11,135,63,55,4.7058825
SUPER_28,5500000,0,0,0,0,0,0,0
SUPER_28,5510000,0,0,0,0,0,0,0
SUPER_28,5520000,87,5,4,96,44,43,2.2222223
SUPER_28,5530000,102,7,8,117,53,49,3.8666666
SUPER_28,5540000,0,0,0,0,0,0,0
SUPER_28,5550000,0,0,0,0,0,0,0
SUPER_28,5560000,0,0,0,0,0,0,0
SUPER_28,5570000,100,7,6,113,60,40,2.7692308
SUPER_28,5580000,34,2,0,36,22,12,21
SUPER_28,5590000,91,3,7,101,51,40,4.6
SUPER_28,5600000,67,5,3,75,34,33,3.75
SUPER_28,5610000,54,7,5,66,25,29,4.75
SUPER_28,5620000,70,6,6,82,31,39,3.6666667
SUPER_28,5630000,101,9,11,121,44,57,49.05
SUPER_28,5640000,44,6,10,60,23,21,6.9375
SUPER_28,5650000,13,0,3,16,6,7,11.666667
SUPER_28,5660000,48,3,5,56,22,26,7.125
SUPER_28,5670000,91,8,14,113,43,48,4.909091
SUPER_28,5680000,82,7,6,95,33,49,4.6923075
SUPER_28,5690000,52,6,6,64,21,31,2
SUPER_28,5700000,18,2,2,22,8,10,1.25
SUPER_28,5710000,37,3,6,46,16,21,3.6666667
SUPER_28,5720000,11,0,2,13,1,10,2.5
SUPER_28,5730000,4,0,0,4,1,3,NaN
SUPER_28,5740000,1,0,0,1,1,0,NaN
SUPER_28,5750000,0,0,1,1,0,0,7
SUPER_28,5760000,4,0,0,4,3,1,NaN
SUPER_28,5770000,0,0,0,0,0,0,0
SUPER_28,5780000,0,0,0,0,0,0,0
SUPER_28,5790000,8,0,1,9,4,4,5
SUPER_28,5800000,2,1,0,3,1,1,1
SUPER_28,5810000,9,1,0,10,4,5,1
SUPER_28,5820000,0,0,0,0,0,0,0
SUPER_28,5830000,0,0,0,0,0,0,0
SUPER_28,5840000,37,4,8,49,20,17,20.583334
SUPER_28,5850000,87,4,9,100,47,40,16.538462
SUPER_28,5860000,133,8,19,160,70,63,7.2222223
SUPER_28,5870000,102,5,14,121,56,46,8.684211
SUPER_28,5880000,54,5,7,66,25,29,7.75
SUPER_28,5890000,40,4,4,48,22,18,8
SUPER_28,5900000,52,3,4,59,27,25,7.857143
SUPER_28,5910000,3,0,0,3,1,2,NaN
SUPER_28,5920000,101,11,10,122,42,59,12.714286
SUPER_28,5930000,68,8,5,81,35,33,6.5384617
SUPER_28,5940000,151,8,11,170,82,69,6.894737
SUPER_28,5950000,153,7,9,169,83,70,13.4375
SUPER_28,5960000,106,10,14,130,54,52,7.5833335
SUPER_28,5970000,103,9,10,122,58,45,4.2105265
SUPER_28,5980000,0,0,0,0,0,0,0
SUPER_28,5990000,0,0,0,0,0,0,0
SUPER_28,6000000,0,0,0,0,0,0,0
SUPER_28,6010000,222,19,21,262,106,116,8.85
SUPER_28,6020000,42,3,3,48,20,22,5
SUPER_28,6030000,135,6,13,154,74,61,77.36842
SUPER_28,6040000,18,1,0,19,12,6,1
SUPER_28,6050000,4,0,0,4,3,1,NaN
SUPER_28,6060000,4,1,0,5,0,4,1
SUPER_28,6070000,4,0,1,5,3,1,1
SUPER_28,6080000,6,0,1,7,1,5,93
SUPER_28,6090000,3,0,0,3,2,1,NaN
SUPER_28,6100000,4,1,0,5,1,3,6
SUPER_28,6110000,1,1,0,2,0,1,1
SUPER_28,6120000,2,0,2,4,0,2,7.5
SUPER_28,6130000,83,6,9,98,48,35,4.733333
SUPER_28,6140000,130,7,4,141,61,69,3.3636363
SUPER_28,6150000,93,11,15,119,42,51,6.8076925
SUPER_28,6160000,50,6,5,61,24,26,3.7272727
SUPER_28,6170000,22,1,1,24,9,13,1.5
SUPER_28,6180000,1,0,0,1,0,1,NaN
SUPER_28,6190000,3,0,0,3,0,3,NaN
SUPER_28,6200000,2,0,0,2,2,0,NaN
SUPER_28,6210000,2,0,0,2,1,1,NaN
SUPER_28,6220000,1,1,0,2,1,0,4
SUPER_28,6230000,1,0,0,1,1,0,NaN
SUPER_28,6240000,54,6,3,63,31,23,3.5555556
SUPER_28,6250000,0,0,0,0,0,0,0
SUPER_28,6260000,0,0,0,0,0,0,0
SUPER_28,6270000,167,22,13,202,79,88,7.9714284
SUPER_28,6280000,23,0,3,26,9,14,1
SUPER_28,6290000,52,3,4,59,35,17,8.285714
SUPER_28,6300000,51,3,5,59,23,28,5.125
SUPER_28,6310000,68,7,7,82,39,29,3.5
SUPER_28,6320000,80,5,3,88,35,45,3.5
SUPER_28,6330000,28,2,2,32,20,8,1.5
SUPER_28,6340000,42,4,4,50,20,22,4.375
SUPER_28,6350000,22,0,4,26,7,15,4.5
SUPER_28,6360000,3,0,0,3,3,0,NaN
SUPER_28,6370000,8,1,0,9,5,3,1
SUPER_28,6380000,6,1,0,7,2,4,6
SUPER_28,6390000,4,0,0,4,2,2,NaN
SUPER_28,6400000,1,1,0,2,0,1,1
SUPER_28,6410000,1,0,0,1,0,1,NaN
SUPER_28,6420000,1,0,0,1,0,1,NaN
SUPER_28,6430000,15,5,1,21,5,10,6.6666665
SUPER_28,6440000,11,0,0,11,4,7,NaN
SUPER_28,6450000,6,2,1,9,4,2,7.3333335
SUPER_28,6460000,2,1,0,3,2,0,1
SUPER_28,6470000,0,1,0,1,0,0,7
SUPER_28,6480000,1,1,1,3,0,1,34
SUPER_28,6490000,1,0,0,1,0,1,NaN
SUPER_28,6500000,3,0,0,3,2,1,NaN
SUPER_28,6510000,11,0,4,15,7,4,5.75
SUPER_28,6520000,0,0,0,0,0,0,0
SUPER_28,6530000,0,0,0,0,0,0,0
SUPER_28,6540000,205,15,12,232,97,108,21.333334
SUPER_28,6550000,73,6,7,86,39,34,8.769231
SUPER_28,6560000,2,1,0,3,1,1,1
SUPER_28,6570000,8,0,1,9,3,5,5
SUPER_28,6580000,1,0,1,2,1,0,3
SUPER_28,6590000,22,1,2,25,8,14,3.6666667
SUPER_28,6600000,82,7,1,90,42,40,4.875
SUPER_28,6610000,119,3,7,129,64,55,2.6
SUPER_28,6620000,32,2,2,36,16,16,3.25
SUPER_28,6630000,94,8,1,103,53,41,12.444445
SUPER_28,6640000,0,0,0,0,0,0,0
SUPER_28,6650000,0,0,0,0,0,0,0
SUPER_28,6660000,129,14,14,157,61,68,11.107142
SUPER_28,6670000,70,7,4,81,33,37,6.818182
SUPER_28,6680000,5,3,1,9,2,3,4.75
SUPER_28,6690000,0,0,0,0,0,0,0
SUPER_28,6700000,0,0,0,0,0,0,0
SUPER_28,6710000,72,5,4,81,30,42,3.7777777
SUPER_28,6720000,0,1,2,3,0,0,2
SUPER_28,6730000,0,1,0,1,0,0,1
SUPER_28,6740000,4,0,0,4,3,1,NaN
SUPER_28,6750000,4,1,1,6,3,1,2
SUPER_28,6760000,82,9,11,102,44,38,13.25
SUPER_28,6770000,107,11,8,126,65,42,7.631579
SUPER_28,6780000,34,2,1,37,15,19,2.3333333
SUPER_28,6790000,3,0,0,3,2,1,NaN
SUPER_28,6800000,0,0,1,1,0,0,2
SUPER_28,6810000,1,0,0,1,1,0,NaN
SUPER_28,6820000,0,1,0,1,0,0,1
SUPER_28,6830000,3,0,0,3,1,2,NaN
SUPER_28,6840000,0,0,0,0,0,0,0
SUPER_28,6850000,0,0,0,0,0,0,0
SUPER_28,6860000,3,0,0,3,3,0,NaN
SUPER_28,6870000,53,1,6,60,24,29,22.142857
SUPER_28,6880000,80,6,9,95,40,40,5.866667
SUPER_28,6890000,175,12,11,198,90,85,4.5652175
SUPER_28,6900000,199,15,18,232,102,97,7.151515
SUPER_28,6910000,85,8,5,98,44,41,8.230769
SUPER_28,6920000,0,0,3,3,0,0,1
SUPER_28,6930000,5,0,0,5,4,1,NaN
SUPER_28,6940000,71,7,4,82,34,37,2.6363637
SUPER_28,6950000,108,12,14,134,52,56,4.1923075
SUPER_28,6960000,36,1,1,38,11,25,4.5
SUPER_28,6970000,0,3,0,3,0,0,1.3333334
SUPER_28,6980000,99,8,8,115,44,55,5.375
SUPER_28,6990000,142,12,11,165,66,76,19.391304
SUPER_28,7000000,3,0,0,3,2,1,NaN
SUPER_28,7010000,2,0,1,3,1,1,3
SUPER_28,7020000,0,1,2,3,0,0,2.6666667
SUPER_28,7030000,0,1,0,1,0,0,1
SUPER_28,7040000,24,4,1,29,9,15,4.4
SUPER_28,7050000,50,2,7,59,33,17,5.3333335
SUPER_28,7060000,77,5,4,86,36,41,6.5555553
SUPER_28,7070000,91,6,7,104,54,37,5.3076925
SUPER_28,7080000,68,3,7,78,32,36,63
SUPER_28,7090000,1,1,0,2,1,0,1
SUPER_28,7100000,0,1,0,1,0,0,1
SUPER_28,7110000,13,2,0,15,7,6,1.5
SUPER_28,7120000,99,13,6,118,48,51,5.631579
SUPER_28,7130000,92,6,6,104,46,46,38.833332
SUPER_28,7140000,3,2,1,6,1,2,4.6666665
SUPER_28,7150000,1,0,0,1,0,1,NaN
SUPER_28,7160000,2,1,0,3,2,0,1
SUPER_28,7170000,121,12,8,141,54,67,2.3
SUPER_28,7180000,58,3,3,64,32,26,2.3333333
SUPER_28,7190000,4,0,1,5,4,0,1
SUPER_28,7200000,25,3,2,30,15,10,7
SUPER_28,7210000,4,1,1,6,2,2,2
SUPER_28,7220000,13,4,1,18,8,5,5.2
SUPER_28,7230000,100,7,14,121,57,43,3.7619047
SUPER_28,7240000,174,9,14,197,89,85,34.391304
SUPER_28,7250000,113,7,11,131,52,61,20.11111
SUPER_28,7260000,118,6,9,133,65,53,11.8
SUPER_28,7270000,105,5,9,119,58,47,20.071428
SUPER_28,7280000,105,4,5,114,49,56,86.333336
SUPER_28,7290000,25,4,1,30,15,10,5.2
SUPER_28,7300000,97,6,4,107,55,42,22.3
SUPER_28,7310000,129,15,14,158,61,68,6.6551723
SUPER_28,7320000,112,7,4,123,66,46,7.2727275
SUPER_28,7330000,72,9,10,91,41,31,7
SUPER_28,7340000,69,8,2,79,32,37,5.6
SUPER_28,7350000,1,0,0,1,0,1,NaN
SUPER_28,7360000,4,0,0,4,1,3,NaN
SUPER_28,7370000,2,0,0,2,0,2,NaN
SUPER_28,7380000,1,0,0,1,1,0,NaN
SUPER_28,7390000,61,6,4,71,27,34,5.6
SUPER_28,7400000,165,8,7,180,90,75,4.6
SUPER_28,7410000,130,7,15,152,58,72,5.181818
SUPER_28,7420000,147,8,11,166,70,77,8.210526
SUPER_28,7430000,42,2,2,46,22,20,1.75
SUPER_28,7440000,39,2,1,42,16,23,2
SUPER_28,7450000,112,5,8,125,59,53,7.923077
SUPER_28,7460000,51,2,5,58,26,25,7.428571
SUPER_28,7470000,49,4,0,53,24,25,6.75
SUPER_28,7480000,161,8,14,183,81,80,17.681818
SUPER_28,7490000,159,9,8,176,79,80,22.117647
SUPER_28,7500000,73,4,10,87,39,34,5
SUPER_28,7510000,4,2,1,7,1,3,20.666666
SUPER_28,7520000,5,0,0,5,4,1,NaN
SUPER_28,7530000,21,2,3,26,12,9,9.8
SUPER_28,7540000,128,12,10,150,49,79,5.3636365
SUPER_28,7550000,30,2,5,37,15,15,3
SUPER_28,7560000,68,6,4,78,28,40,4
SUPER_28,7570000,164,7,14,185,89,75,19.238094
SUPER_28,7580000,117,9,9,135,63,54,5.2222223
SUPER_28,7590000,123,6,9,138,60,63,25.333334
SUPER_28,7600000,78,4,12,94,49,29,12.1875
SUPER_28,7610000,113,6,11,130,54,59,19.588236
SUPER_28,7620000,99,9,10,118,57,42,7.894737
SUPER_28,7630000,24,2,5,31,10,14,6
SUPER_28,7640000,38,3,4,45,21,17,3.4285715
SUPER_28,7650000,113,6,12,131,58,55,8.555555
SUPER_28,7660000,99,5,14,118,51,48,9.631579
SUPER_28,7670000,139,7,11,157,76,63,18.944445
SUPER_28,7680000,145,15,8,168,74,71,4.695652
SUPER_28,7690000,84,6,4,94,39,45,7.8
SUPER_28,7700000,224,11,15,250,121,103,5.769231
SUPER_28,7710000,153,20,9,182,75,78,5.275862
SUPER_28,7720000,109,11,4,124,49,60,3.5333333
SUPER_28,7730000,79,8,3,90,39,40,6.909091
SUPER_28,7740000,0,0,1,1,0,0,1
SUPER_28,7750000,105,10,9,124,55,50,15.736842
SUPER_28,7760000,3,1,0,4,1,2,11
SUPER_28,7770000,110,4,8,122,62,48,48.75
SUPER_28,7780000,168,9,15,192,83,85,30.791666
SUPER_28,7790000,189,20,13,222,106,83,8.424242
SUPER_28,7800000,66,6,7,79,26,40,21.692308
SUPER_28,7810000,87,8,7,102,50,37,8.866667
SUPER_28,7820000,40,7,5,52,21,19,4.25
SUPER_28,7830000,101,8,9,118,49,52,36.941177
SUPER_28,7840000,117,8,8,133,67,50,35.875
SUPER_28,7850000,66,8,9,83,22,44,26.882353
SUPER_28,7860000,134,16,5,155,73,61,5.6190476
SUPER_28,7870000,86,9,6,101,45,41,7.266667
SUPER_28,7880000,126,9,9,144,63,63,4.5
SUPER_28,7890000,73,3,5,81,39,34,12.125
SUPER_28,7900000,6,0,0,6,4,2,NaN
SUPER_28,7910000,177,18,12,207,88,89,6.266667
SUPER_28,7920000,132,7,14,153,68,64,9.761905
SUPER_28,7930000,107,5,3,115,50,57,1.75
SUPER_28,7940000,56,1,3,60,33,23,23.25
SUPER_28,7950000,75,9,5,89,39,36,6.071429
SUPER_28,7960000,155,15,12,182,83,72,5.888889
SUPER_28,7970000,122,9,11,142,60,62,6.2
SUPER_28,7980000,134,10,7,151,62,72,4.529412
SUPER_28,7990000,132,11,8,151,71,61,6.4736843
SUPER_28,8000000,109,11,10,130,50,59,10.714286
SUPER_28,8010000,24,0,2,26,9,15,6.5
SUPER_28,8020000,1,0,3,4,1,0,2
SUPER_28,8030000,3,1,2,6,0,3,5.6666665
SUPER_28,8040000,51,4,1,56,25,26,3.2
SUPER_28,8050000,122,4,6,132,65,57,19.1
SUPER_28,8060000,176,9,8,193,83,93,6
SUPER_28,8070000,132,3,12,147,64,68,5.133333
SUPER_28,8080000,17,4,2,23,9,8,7
SUPER_28,8090000,94,5,10,109,43,51,14.266666
SUPER_28,8100000,2,1,0,3,1,1,1
SUPER_28,8110000,3,1,0,4,0,3,16
SUPER_28,8120000,1,0,0,1,0,1,NaN
SUPER_28,8130000,4,2,0,6,4,0,18
SUPER_28,8140000,6,1,6,13,3,3,2.5714285
SUPER_28,8150000,10,1,1,12,4,6,1.5
SUPER_28,8160000,59,5,4,68,31,28,6.3333335
SUPER_28,8170000,117,9,12,138,56,61,6.571429
SUPER_28,8180000,0,1,0,1,0,0,1
SUPER_28,8190000,97,7,7,111,48,49,7.714286
SUPER_28,8200000,105,12,9,126,45,60,15.380953
SUPER_28,8210000,118,13,13,144,55,63,17.576923
SUPER_28,8220000,131,12,5,148,60,71,12.3529415
SUPER_28,8230000,115,10,11,136,53,62,5.8095236
SUPER_28,8240000,86,10,8,104,49,37,8.944445
SUPER_28,8250000,53,9,6,68,25,28,8.333333
SUPER_28,8260000,165,17,20,202,81,84,3.7837837
SUPER_28,8270000,131,9,10,150,64,67,5.2105265
SUPER_28,8280000,117,7,5,129,74,43,3.6666667
SUPER_28,8290000,122,6,11,139,59,63,6.470588
SUPER_28,8300000,3,0,0,3,2,1,NaN
SUPER_28,8310000,2,0,0,2,1,1,NaN
SUPER_28,8320000,0,0,0,0,0,0,0
SUPER_28,8330000,0,0,0,0,0,0,0
SUPER_28,8340000,3,1,1,5,1,2,8.5
SUPER_28,8350000,13,9,11,33,7,6,7.75
SUPER_28,8360000,2,0,0,2,1,1,NaN
SUPER_28,8370000,8,0,0,8,2,6,NaN
SUPER_28,8380000,2,0,0,2,1,1,NaN
SUPER_28,8390000,20,4,2,26,8,12,5.5
SUPER_28,8400000,79,4,4,87,31,48,13.875
SUPER_28,8410000,94,4,5,103,45,49,27.333334
SUPER_28,8420000,147,11,18,176,77,70,7.275862
SUPER_28,8430000,215,13,24,252,116,99,19.216217
SUPER_28,8440000,29,0,3,32,17,12,61
SUPER_28,8450000,4,0,0,4,4,0,NaN
SUPER_28,8460000,1,0,0,1,0,1,NaN
SUPER_28,8470000,0,1,0,1,0,0,19
SUPER_28,8480000,2,1,0,3,0,2,1
SUPER_28,8490000,6,1,0,7,2,4,29
SUPER_28,8500000,102,13,9,124,40,62,7.181818
SUPER_28,8510000,104,5,11,120,57,47,9.6875
SUPER_28,8520000,40,1,1,42,25,15,4.5
SUPER_28,8530000,111,5,3,119,60,51,7.375
SUPER_28,8540000,67,6,3,76,28,39,6.5555553
SUPER_28,8550000,102,7,5,114,48,54,5.8333335
SUPER_28,8560000,93,11,13,117,42,51,11.666667
SUPER_28,8570000,0,0,0,0,0,0,0
SUPER_28,8580000,0,0,0,0,0,0,0
SUPER_28,8590000,0,0,0,0,0,0,0
SUPER_28,8600000,8,3,1,12,4,4,7
SUPER_28,8610000,4,1,1,6,2,2,4
SUPER_28,8620000,3,0,1,4,2,1,1
SUPER_28,8630000,1,0,0,1,0,1,NaN
SUPER_28,8640000,1,0,1,2,1,0,10
SUPER_28,8650000,11,1,1,13,5,6,1
SUPER_28,8660000,2,0,0,2,1,1,NaN
SUPER_28,8670000,8,1,1,10,3,5,1
SUPER_28,8680000,77,7,9,93,41,36,20.125
SUPER_28,8690000,15,1,4,20,8,7,6
SUPER_28,8700000,6,0,0,6,3,3,NaN
SUPER_28,8710000,3,1,0,4,3,0,44
SUPER_28,8720000,2,0,1,3,1,1,1
SUPER_28,8730000,4,0,0,4,2,2,NaN
SUPER_28,8740000,1,0,0,1,0,1,NaN
SUPER_28,8750000,14,2,3,19,8,6,6
SUPER_28,8760000,68,8,4,80,36,32,8.583333
SUPER_28,8770000,150,12,9,171,74,76,7.6190476
SUPER_28,8780000,123,10,4,137,64,59,10.714286
SUPER_28,8790000,31,3,1,35,18,13,1.25
SUPER_28,8800000,3,0,0,3,1,2,NaN
SUPER_28,8810000,62,6,1,69,33,29,2
SUPER_28,8820000,89,1,3,93,45,44,10
SUPER_28,8830000,122,9,7,138,60,62,5.6875
SUPER_28,8840000,91,7,4,102,46,45,6.6363635
SUPER_28,8850000,4,1,0,5,1,3,2
SUPER_28,8860000,15,1,4,20,6,9,3.2
SUPER_28,8870000,1,0,0,1,0,1,NaN
SUPER_28,8880000,62,5,4,71,32,30,6
SUPER_28,8890000,135,8,14,157,56,79,5.590909
SUPER_28,8900000,58,4,2,64,30,28,7.5
SUPER_28,8910000,83,9,4,96,43,40,3.4615386
SUPER_28,8920000,77,9,10,96,49,28,5.9473686
SUPER_28,8930000,67,7,7,81,35,32,5.642857
SUPER_28,8940000,2,0,1,3,1,1,1
SUPER_28,8950000,1,0,0,1,0,1,NaN
SUPER_28,8960000,93,4,12,109,49,44,2.625
SUPER_28,8970000,32,7,1,40,24,8,6.5
SUPER_28,8980000,90,3,10,103,51,39,5.3076925
SUPER_28,8990000,106,12,7,125,51,55,3.4736843
SUPER_28,9000000,24,2,1,27,13,11,3.3333333
SUPER_28,9010000,115,12,2,129,64,51,10.642858
SUPER_28,9020000,140,7,9,156,76,64,4.125
SUPER_28,9030000,178,7,14,199,96,82,4.6666665
SUPER_28,9040000,100,3,4,107,53,47,39.857143
SUPER_28,9050000,3,0,0,3,1,2,NaN
SUPER_28,9060000,4,1,1,6,2,2,1
SUPER_28,9070000,49,4,1,54,24,25,3.6
SUPER_28,9080000,17,4,0,21,8,9,2.25
SUPER_28,9090000,30,6,4,40,14,16,2.5
SUPER_28,9100000,45,2,1,48,23,22,7.3333335
SUPER_28,9110000,45,4,3,52,23,22,4.571429
SUPER_28,9120000,136,8,7,151,65,71,56.733334
SUPER_28,9130000,6,2,0,8,4,2,14
SUPER_28,9140000,97,6,10,113,52,45,7.1875
SUPER_28,9150000,126,12,8,146,61,65,10.95
SUPER_28,9160000,144,10,17,171,56,88,5
SUPER_28,9170000,189,13,18,220,96,93,8
SUPER_28,9180000,127,10,11,148,62,65,56.761906
SUPER_28,9190000,92,8,9,109,45,47,25.941177
SUPER_28,9200000,141,10,6,157,61,80,10.1875
SUPER_28,9210000,150,12,7,169,73,77,9.473684
SUPER_28,9220000,15,1,0,16,9,6,1
SUPER_28,9230000,58,6,10,74,35,23,12.0625
SUPER_28,9240000,22,2,1,25,12,10,4
SUPER_28,9250000,24,1,0,25,10,14,1
SUPER_28,9260000,1,1,0,2,0,1,6
SUPER_28,9270000,6,1,2,9,3,3,2.3333333
SUPER_28,9280000,49,3,2,54,25,24,16.8
SUPER_28,9290000,31,2,4,37,17,14,6.8333335
SUPER_28,9300000,1,0,0,1,0,1,NaN
SUPER_28,9310000,0,1,0,1,0,0,13
SUPER_28,9320000,10,2,2,14,6,4,6
SUPER_28,9330000,99,5,8,112,50,49,6.923077
SUPER_28,9340000,177,21,18,216,93,84,8.102564
SUPER_28,9350000,149,9,9,167,82,67,14.111111
SUPER_28,9360000,180,13,12,205,87,93,2.2
SUPER_28,9370000,83,7,9,99,51,32,33.625
SUPER_28,9380000,128,11,12,151,54,74,27.217392
SUPER_28,9390000,83,4,8,95,45,38,5.25
SUPER_28,9400000,176,9,13,198,92,84,6.0454545
SUPER_28,9410000,120,9,12,141,64,56,4.1904764
SUPER_28,9420000,76,6,6,88,33,43,11.833333
SUPER_28,9430000,205,11,13,229,107,98,15.125
SUPER_28,9440000,150,13,13,176,64,86,9.884615
SUPER_28,9450000,115,6,7,128,60,55,4.3846154
SUPER_28,9460000,134,7,16,157,77,57,8.217391
SUPER_28,9470000,131,10,8,149,68,63,12.444445
SUPER_28,9480000,68,3,10,81,32,36,5.6153846
SUPER_28,9490000,163,10,14,187,81,82,2.9583333
SUPER_28,9500000,40,5,3,48,23,17,2.875
SUPER_28,9510000,104,4,14,122,55,49,9.666667
SUPER_28,9520000,77,11,4,92,36,41,5.2
SUPER_28,9530000,96,9,5,110,55,41,4.571429
SUPER_28,9540000,43,3,4,50,21,22,6.571429
SUPER_28,9550000,32,3,4,39,16,16,21.428572
SUPER_28,9560000,1,0,0,1,0,1,NaN
SUPER_28,9570000,69,6,3,78,36,33,25
SUPER_28,9580000,120,6,19,145,65,55,18.24
SUPER_28,9590000,115,11,9,135,51,64,7.05
SUPER_28,9600000,44,3,2,49,25,19,79.4
SUPER_28,9610000,4,0,2,6,3,1,3.5
SUPER_28,9620000,38,7,7,52,23,15,8.214286
SUPER_28,9630000,54,2,4,60,28,26,31.166666
SUPER_28,9640000,43,3,5,51,24,19,8.625
SUPER_28,9650000,1,0,1,2,1,0,8
SUPER_28,9660000,11,1,2,14,7,4,3.3333333
SUPER_28,9670000,98,10,3,111,58,40,16.23077
SUPER_28,9680000,25,3,2,30,9,16,9.4
SUPER_28,9690000,1,0,0,1,0,1,NaN
SUPER_28,9700000,1,1,0,2,0,1,3
SUPER_28,9710000,1,1,0,2,1,0,5
SUPER_28,9720000,6,0,3,9,2,4,4.6666665
SUPER_28,9730000,8,1,0,9,3,5,4
SUPER_28,9740000,10,2,1,13,4,6,18.666666
SUPER_28,9750000,70,6,4,80,33,37,10.7
SUPER_28,9760000,1,1,2,4,1,0,25
SUPER_28,9770000,54,6,5,65,27,27,8.909091
SUPER_28,9780000,118,13,11,142,63,55,3.375
SUPER_28,9790000,87,7,9,103,48,39,10.75
SUPER_28,9800000,141,10,14,165,71,70,13.958333
SUPER_28,9810000,173,8,16,197,94,79,12.958333
SUPER_28,9820000,149,9,12,170,66,83,6.285714
SUPER_28,9830000,167,14,13,194,79,88,13.814815
SUPER_28,9840000,118,8,5,131,63,55,9.692307
SUPER_28,9850000,89,4,3,96,58,31,40.714287
SUPER_28,9860000,124,3,4,131,66,58,40.285713
SUPER_28,9870000,187,12,12,211,89,98,8.041667
SUPER_28,9880000,85,4,1,90,46,39,14.6
SUPER_28,9890000,3,0,0,3,3,0,NaN
SUPER_28,9900000,1,0,0,1,1,0,NaN
SUPER_28,9910000,3,0,0,3,1,2,NaN
SUPER_28,9920000,3,0,2,5,2,1,1.5
SUPER_28,9930000,2,0,1,3,1,1,1
SUPER_28,9940000,1,0,1,2,1,0,1
SUPER_28,9950000,2,0,0,2,2,0,NaN
SUPER_28,9960000,42,4,9,55,24,18,5.923077
SUPER_28,9970000,6,0,0,6,6,0,NaN
SUPER_28,9980000,119,7,8,134,63,56,6.6
SUPER_28,9990000,96,7,7,110,51,45,15.285714
SUPER_28,10000000,60,7,8,75,27,33,6.8
SUPER_28,10010000,74,7,5,86,34,40,4.0833335
SUPER_28,10020000,102,9,5,116,38,64,13.285714
SUPER_28,10030000,114,7,7,128,65,49,5.5
SUPER_28,10040000,132,6,6,144,60,72,10.416667
SUPER_28,10050000,144,10,8,162,69,75,5.2777777
SUPER_28,10060000,3,0,1,4,3,0,4
SUPER_28,10070000,3,0,0,3,1,2,NaN
SUPER_28,10080000,0,0,0,0,0,0,0
SUPER_28,10090000,0,0,0,0,0,0,0
SUPER_28,10100000,7,2,1,10,2,5,15.333333
SUPER_28,10110000,4,2,0,6,2,2,3.5
SUPER_28,10120000,82,5,4,91,43,39,8.777778
SUPER_28,10130000,54,6,2,62,27,27,4
SUPER_28,10140000,48,3,4,55,25,23,5.857143
SUPER_28,10150000,84,8,4,96,43,41,6.1666665
SUPER_28,10160000,93,8,3,104,48,45,8.181818
SUPER_28,10170000,82,7,7,96,40,42,50.57143
SUPER_28,10180000,68,4,5,77,38,30,3.6666667
SUPER_28,10190000,148,16,11,175,83,65,4.5925927
SUPER_28,10200000,51,8,3,62,24,27,6.090909
SUPER_28,10210000,119,5,9,133,59,60,8.142858
SUPER_28,10220000,76,6,8,90,42,34,5.5
SUPER_28,10230000,22,0,2,24,14,8,5
SUPER_28,10240000,2,1,0,3,0,2,1
SUPER_28,10250000,7,1,0,8,4,3,2
SUPER_28,10260000,1,0,0,1,0,1,NaN
SUPER_28,10270000,2,0,0,2,1,1,NaN
SUPER_28,10280000,67,3,4,74,36,31,2.7142856
SUPER_28,10290000,72,10,2,84,37,35,3.9166667
SUPER_28,10300000,110,4,6,120,69,41,8.4
SUPER_28,10310000,109,8,10,127,51,58,10.777778
SUPER_28,10320000,136,12,19,167,66,70,8.4838705
SUPER_28,10330000,158,12,10,180,93,65,9.863636
SUPER_28,10340000,23,0,1,24,16,7,4
SUPER_28,10350000,0,1,0,1,0,0,2
SUPER_28,10360000,6,0,0,6,4,2,NaN
SUPER_28,10370000,1,0,1,2,1,0,7
SUPER_28,10380000,11,1,2,14,8,3,9.666667
SUPER_28,10390000,40,12,3,55,21,19,4.9333334
SUPER_28,10400000,6,1,2,9,4,2,92.666664
SUPER_28,10410000,2,0,1,3,1,1,1
SUPER_28,10420000,14,2,1,17,9,5,5
SUPER_28,10430000,1,0,1,2,1,0,3
SUPER_28,10440000,23,4,2,29,8,15,3.5
SUPER_28,10450000,28,5,2,35,10,18,4.428571
SUPER_28,10460000,4,0,1,5,1,3,1
SUPER_28,10470000,22,2,4,28,11,11,14.166667
SUPER_28,10480000,95,7,5,107,44,51,3.25
SUPER_28,10490000,103,11,10,124,54,49,17.190475
SUPER_28,10500000,141,12,10,163,66,75,4.090909
SUPER_28,10510000,149,14,18,181,77,72,5.125
SUPER_28,10520000,145,13,12,170,71,74,10.52
SUPER_28,10530000,118,7,14,139,61,57,22.380953
SUPER_28,10540000,60,6,3,69,33,27,6
SUPER_28,10550000,99,9,13,121,53,46,13.818182
SUPER_28,10560000,164,14,18,196,80,84,29.15625
SUPER_28,10570000,126,15,10,151,64,62,4.36
SUPER_28,10580000,53,4,7,64,28,25,9.090909
SUPER_28,10590000,92,4,4,100,50,42,3.375
SUPER_28,10600000,77,6,6,89,42,35,10
SUPER_28,10610000,101,2,7,110,58,43,12.777778
SUPER_28,10620000,88,6,7,101,46,42,47.384617
SUPER_28,10630000,96,2,7,105,53,43,8.333333
SUPER_28,10640000,88,3,4,95,43,45,3.7142856
SUPER_28,10650000,107,3,5,115,54,53,17.25
SUPER_28,10660000,71,8,7,86,33,38,7.2
SUPER_28,10670000,44,4,1,49,26,18,13
SUPER_28,10680000,92,9,3,104,51,41,9.416667
SUPER_28,10690000,141,12,5,158,83,58,7.7647057
SUPER_28,10700000,52,4,3,59,29,23,6
SUPER_28,10710000,69,4,6,79,38,31,15.1
SUPER_28,10720000,11,0,0,11,7,4,NaN
SUPER_28,10730000,85,10,8,103,44,41,4.5555553
SUPER_28,10740000,61,5,7,73,30,31,4.8333335
SUPER_28,10750000,103,10,8,121,63,40,11.666667
SUPER_28,10760000,0,1,1,2,0,0,3
SUPER_28,10770000,1,0,0,1,1,0,NaN
SUPER_28,10780000,90,10,3,103,45,45,7.230769
SUPER_28,10790000,1,0,0,1,1,0,NaN
SUPER_28,10800000,1,0,0,1,0,1,NaN
SUPER_28,10810000,36,4,3,43,19,17,4
SUPER_28,10820000,54,5,7,66,30,24,20.416666
SUPER_28,10830000,2,0,1,3,1,1,2
SUPER_28,10840000,78,4,8,90,45,33,11.583333
SUPER_28,10850000,121,14,6,141,51,70,7.55
SUPER_28,10860000,57,6,3,66,29,28,1.5555556
SUPER_28,10870000,124,8,12,144,67,57,8.95
SUPER_28,10880000,72,5,1,78,34,38,2.5
SUPER_28,10890000,113,9,9,131,51,62,6.9444447
SUPER_28,10900000,19,0,1,20,10,9,1
SUPER_28,10910000,120,11,11,142,55,65,5.5
SUPER_28,10920000,36,4,4,44,21,15,24.875
SUPER_28,10930000,29,3,1,33,17,12,12.5
SUPER_28,10940000,7,2,0,9,2,5,9.5
SUPER_28,10950000,1,0,0,1,1,0,NaN
SUPER_28,10960000,0,1,0,1,0,0,1
SUPER_28,10970000,2,0,0,2,1,1,NaN
SUPER_28,10980000,2,1,0,3,1,1,6
SUPER_28,10990000,1,0,0,1,0,1,NaN
SUPER_28,11000000,0,0,0,0,0,0,0
SUPER_28,11010000,0,0,0,0,0,0,0
SUPER_28,11020000,0,0,0,0,0,0,0
SUPER_28,11030000,3,0,2,5,2,1,3.5
SUPER_28,11040000,0,0,0,0,0,0,0
SUPER_28,11050000,0,0,0,0,0,0,0
SUPER_28,11060000,6,1,0,7,3,3,1
SUPER_28,11070000,2,0,0,2,2,0,NaN
SUPER_28,11080000,87,4,7,98,45,42,6.090909
SUPER_28,11090000,86,4,8,98,45,41,5
SUPER_28,11100000,19,3,3,25,10,9,1
SUPER_28,11110000,45,1,4,50,20,25,1.8
SUPER_28,11120000,1,0,0,1,1,0,NaN
SUPER_28,11130000,3,2,0,5,2,1,21
SUPER_28,11140000,3,2,0,5,1,2,4
SUPER_28,11150000,92,5,9,106,40,52,6.714286
SUPER_28,11160000,97,5,6,108,53,44,6.4545455
SUPER_28,11170000,163,7,10,180,85,78,5.1764708
SUPER_28,11180000,181,10,6,197,99,82,4.0625
SUPER_28,11190000,125,8,10,143,71,54,15.888889
SUPER_28,11200000,1,1,2,4,1,0,28.333334
SUPER_28,11210000,3,0,2,5,1,2,2.5
SUPER_28,11220000,4,0,1,5,2,2,26
SUPER_28,11230000,1,0,0,1,1,0,NaN
SUPER_28,11240000,95,8,5,108,56,39,7.3076925
SUPER_28,11250000,83,7,5,95,45,38,2.1666667
SUPER_28,11260000,85,8,6,99,42,43,4.714286
SUPER_28,11270000,55,3,7,65,29,26,5.5
SUPER_28,11280000,66,2,5,73,37,29,19
SUPER_28,11290000,48,4,5,57,24,24,3.3333333
SUPER_28,11300000,91,9,8,108,52,39,5.647059
SUPER_28,11310000,161,9,9,179,70,91,2.9444444
SUPER_28,11320000,14,1,0,15,7,7,1
SUPER_28,11330000,13,0,1,14,9,4,1
SUPER_28,11340000,0,1,0,1,0,0,40
SUPER_28,11350000,4,0,0,4,2,2,NaN
SUPER_28,11360000,2,2,1,5,1,1,13.666667
SUPER_28,11370000,0,1,0,1,0,0,6
SUPER_28,11380000,18,6,2,26,9,9,2.5
SUPER_28,11390000,29,2,5,36,17,12,4.285714
SUPER_28,11400000,62,1,7,70,31,31,151
SUPER_28,11410000,4,1,0,5,1,3,1
SUPER_28,11420000,55,4,4,63,30,25,24.375
SUPER_28,11430000,162,6,7,175,94,68,9.230769
SUPER_28,11440000,98,5,8,111,47,51,6.5384617
SUPER_28,11450000,116,4,8,128,60,56,17.666666
SUPER_28,11460000,135,8,9,152,60,75,13.117647
SUPER_28,11470000,134,7,13,154,72,62,59.9
SUPER_28,11480000,34,5,3,42,18,16,14.125
SUPER_28,11490000,38,5,5,48,20,18,6.4
SUPER_28,11500000,2,0,1,3,0,2,1
SUPER_28,11510000,2,0,0,2,1,1,NaN
SUPER_28,11520000,16,1,1,18,10,6,17
SUPER_28,11530000,1,0,0,1,1,0,NaN
SUPER_28,11540000,2,0,0,2,1,1,NaN
SUPER_28,11550000,3,0,0,3,1,2,NaN
SUPER_28,11560000,1,0,1,2,1,0,8
SUPER_28,11570000,46,2,5,53,28,18,1.4285715
SUPER_28,11580000,4,0,1,5,3,1,1
SUPER_28,11590000,15,0,2,17,8,7,1
SUPER_28,11600000,52,4,4,60,35,17,111.75
SUPER_28,11610000,83,8,7,98,37,46,4.0666666
SUPER_28,11620000,137,12,12,161,75,62,10.875
SUPER_28,11630000,5,0,1,6,3,2,2
SUPER_28,11640000,44,3,4,51,25,19,14.285714
SUPER_28,11650000,2,0,0,2,1,1,NaN
SUPER_28,11660000,3,1,0,4,2,1,1
SUPER_28,11670000,87,5,1,93,38,49,5.1666665
SUPER_28,11680000,85,6,4,95,50,35,1.7
SUPER_28,11690000,43,6,4,53,18,25,6.2
SUPER_28,11700000,80,9,7,96,40,40,5.3125
SUPER_28,11710000,213,20,18,251,101,112,15.552631
SUPER_28,11720000,111,6,5,122,60,51,3.3636363
SUPER_28,11730000,157,4,12,173,76,81,3.8125
SUPER_28,11740000,96,10,7,113,50,46,3.6470587
SUPER_28,11750000,137,15,5,157,73,64,5.95
SUPER_28,11760000,65,5,2,72,23,42,1.4285715
SUPER_28,11770000,95,4,6,105,43,52,11.9
SUPER_28,11780000,53,4,4,61,31,22,6.875
SUPER_28,11790000,5,0,1,6,2,3,1
SUPER_28,11800000,6,0,1,7,1,5,8
SUPER_28,11810000,149,7,9,165,82,67,4.5
SUPER_28,11820000,89,6,13,108,45,44,24.31579
SUPER_28,11830000,94,3,11,108,41,53,6.285714
SUPER_28,11840000,24,3,5,32,13,11,1.875
SUPER_28,11850000,137,12,14,163,70,67,12.961538
SUPER_28,11860000,132,10,9,151,59,73,13.315789
SUPER_28,11870000,135,14,13,162,61,74,7.4074073
SUPER_28,11880000,177,20,15,212,90,87,4.6857142
SUPER_28,11890000,9,0,2,11,5,4,1.5
SUPER_28,11900000,85,6,11,102,41,44,6.8235292
SUPER_28,11910000,0,0,1,1,0,0,5
SUPER_28,11920000,6,1,0,7,4,2,8
SUPER_28,11930000,120,12,10,142,64,56,15.181818
SUPER_28,11940000,114,9,9,132,62,52,6.8333335
SUPER_28,11950000,100,6,5,111,49,51,2.8181818
SUPER_28,11960000,122,5,13,140,66,56,62.61111
SUPER_28,11970000,57,6,1,64,23,34,3.5714285
SUPER_28,11980000,98,7,12,117,55,43,15.052631
SUPER_28,11990000,164,10,11,185,80,84,4.4761906
SUPER_28,12000000,118,5,9,132,55,63,5.642857
SUPER_28,12010000,111,6,5,122,55,56,8.727273
SUPER_28,12020000,122,14,17,153,56,66,13.258064
SUPER_28,12030000,71,4,4,79,38,33,14.375
SUPER_28,12040000,108,10,11,129,51,57,17.285715
SUPER_28,12050000,55,2,11,68,29,26,12.923077
SUPER_28,12060000,155,15,9,179,86,69,11.125
SUPER_28,12070000,81,9,9,99,37,44,22.222221
SUPER_28,12080000,42,5,3,50,24,18,5.625
SUPER_28,12090000,93,11,5,109,48,45,4.75
SUPER_28,12100000,119,4,14,137,58,61,7.388889
SUPER_28,12110000,123,18,12,153,59,64,5.9333334
SUPER_28,12120000,126,18,6,150,64,62,6.9583335
SUPER_28,12130000,119,7,8,134,58,61,34.8
SUPER_28,12140000,45,6,7,58,26,19,9.769231
SUPER_28,12150000,1,0,1,2,1,0,1
SUPER_28,12160000,96,6,7,109,52,44,3.0769231
SUPER_28,12170000,66,5,6,77,29,37,4.4545455
SUPER_28,12180000,108,7,8,123,50,58,6.266667
SUPER_28,12190000,117,13,13,143,50,67,4.6153846
SUPER_28,12200000,118,9,11,138,54,64,6.6
SUPER_28,12210000,109,6,13,128,53,56,12.578947
SUPER_28,12220000,79,15,6,100,34,45,4.6190476
SUPER_28,12230000,95,13,8,116,42,53,5.7619047
SUPER_28,12240000,88,6,10,104,49,39,40.5
SUPER_28,12250000,126,7,12,145,68,58,5.736842
SUPER_28,12260000,27,2,2,31,7,20,23.25
SUPER_28,12270000,19,2,2,23,10,9,1
SUPER_28,12280000,80,6,4,90,41,39,5.8
SUPER_28,12290000,99,10,9,118,48,51,12.578947
SUPER_28,12300000,76,2,4,82,36,40,21.333334
SUPER_28,12310000,59,4,5,68,25,34,2.6666667
SUPER_28,12320000,133,12,7,152,83,50,6.4736843
SUPER_28,12330000,62,3,2,67,23,39,2
SUPER_28,12340000,0,1,0,1,0,0,2
SUPER_28,12350000,3,0,1,4,2,1,3
SUPER_28,12360000,2,2,2,6,0,2,27.25
SUPER_28,12370000,16,0,0,16,11,5,NaN
SUPER_28,12380000,19,0,0,19,9,10,NaN
SUPER_28,12390000,100,8,6,114,51,49,13
SUPER_28,12400000,0,0,0,0,0,0,0
SUPER_28,12410000,0,0,0,0,0,0,0
SUPER_28,12420000,5,2,1,8,3,2,10.333333
SUPER_28,12430000,1,1,0,2,1,0,1
SUPER_28,12440000,1,0,0,1,1,0,NaN
SUPER_28,12450000,9,1,0,10,4,5,1
SUPER_28,12460000,2,1,0,3,1,1,1
SUPER_28,12470000,0,0,0,0,0,0,0
SUPER_28,12480000,0,0,0,0,0,0,0
SUPER_28,12490000,3,0,0,3,2,1,NaN
SUPER_28,12500000,21,1,3,25,11,10,8.75
SUPER_28,12510000,113,4,10,127,62,51,29
SUPER_28,12520000,93,7,10,110,39,54,22.882353
SUPER_28,12530000,76,6,4,86,38,38,4.5
SUPER_28,12540000,56,3,2,61,25,31,2.4
SUPER_28,12550000,28,2,3,33,15,13,8.4
SUPER_28,12560000,16,5,5,26,5,11,4.4
SUPER_28,12570000,7,6,4,17,3,4,3.9
SUPER_28,12580000,8,2,5,15,3,5,3
SUPER_28,12590000,13,6,6,25,4,9,3.3333333
SUPER_28,12600000,12,8,10,30,5,7,3.1111112
SUPER_28,12610000,6,2,3,11,3,3,7.8
SUPER_28,12620000,11,3,6,20,5,6,2.6666667
SUPER_28,12630000,12,6,10,28,4,8,12
SUPER_28,12640000,8,3,5,16,4,4,6.25
SUPER_28,12650000,12,2,9,23,6,6,4.3636365
SUPER_28,12660000,1,0,0,1,0,1,NaN
SUPER_28,12670000,2,0,1,3,0,2,16
SUPER_28,12680000,0,1,2,3,0,0,4.6666665
SUPER_28,12690000,4,1,1,6,3,1,3.5
SUPER_28,12700000,0,2,0,2,0,0,2
SUPER_28,12710000,6,2,1,9,4,2,3
SUPER_28,12720000,69,7,9,85,45,24,12.25
SUPER_28,12730000,13,0,3,16,5,8,3.3333333
SUPER_28,12740000,18,2,2,22,13,5,1.25
SUPER_28,12750000,106,9,5,120,50,56,5
SUPER_28,12760000,55,7,8,70,30,25,14.2
SUPER_28,12770000,81,5,6,92,55,26,5.818182
SUPER_28,12780000,45,4,9,58,24,21,9.230769
SUPER_28,12790000,81,2,3,86,44,37,5.8
SUPER_28,12800000,29,1,1,31,11,18,3.5
SUPER_28,12810000,33,5,4,42,16,17,8
SUPER_28,12820000,124,11,7,142,67,57,3.3888888
SUPER_28,12830000,24,4,4,32,7,17,29
SUPER_28,12840000,13,3,1,17,4,9,3
SUPER_28,12850000,8,2,0,10,4,4,5.5
SUPER_28,12860000,16,0,0,16,8,8,NaN
SUPER_28,12870000,11,3,3,17,2,9,2.1666667
SUPER_28,12880000,12,2,2,16,8,4,4
SUPER_28,12890000,7,1,0,8,6,1,1
SUPER_28,12900000,19,0,1,20,15,4,1
SUPER_28,12910000,17,2,0,19,12,5,5
SUPER_28,12920000,3,1,0,4,2,1,6
SUPER_28,12930000,0,0,0,0,0,0,0
SUPER_28,12940000,0,0,0,0,0,0,0
SUPER_28,12950000,1,7,3,11,1,0,2.5
SUPER_29,10000,74,12,11,97,35,39,10.391304
SUPER_29,20000,85,7,5,97,47,38,4.75
SUPER_29,30000,100,8,10,118,50,50,5.7777777
SUPER_29,40000,52,4,2,58,23,29,6.6666665
SUPER_29,50000,40,3,4,47,21,19,13.428572
SUPER_29,60000,5,0,0,5,1,4,NaN
SUPER_29,70000,54,3,8,65,23,31,5.909091
SUPER_29,80000,94,9,10,113,51,43,3.6842105
SUPER_29,90000,150,14,10,174,87,63,6.5833335
SUPER_29,100000,37,3,8,48,12,25,6
SUPER_29,110000,79,8,9,96,39,40,12.529411
SUPER_29,120000,3,0,0,3,0,3,NaN
SUPER_29,130000,120,11,12,143,62,58,5.7826085
SUPER_29,140000,106,4,6,116,53,53,28.6
SUPER_29,150000,73,6,3,82,44,29,6.6666665
SUPER_29,160000,104,18,14,136,49,55,7.125
SUPER_29,170000,41,7,1,49,25,16,13.75
SUPER_29,180000,4,2,1,7,2,2,1.3333334
SUPER_29,190000,0,0,0,0,0,0,0
SUPER_29,200000,0,0,0,0,0,0,0
SUPER_29,210000,52,7,6,65,25,27,35.615383
SUPER_29,220000,112,16,12,140,58,54,3.7142856
SUPER_29,230000,13,1,4,18,5,8,4
SUPER_29,240000,63,9,7,79,34,29,7.625
SUPER_29,250000,74,7,5,86,38,36,4.75
SUPER_29,260000,48,6,7,61,23,25,7.076923
SUPER_29,270000,1,0,1,2,0,1,1
SUPER_29,280000,1,0,0,1,1,0,NaN
SUPER_29,290000,2,1,0,3,0,2,13
SUPER_29,300000,33,1,0,34,22,11,1
SUPER_29,310000,2,0,1,3,1,1,3
SUPER_29,320000,70,3,8,81,35,35,7.909091
SUPER_29,330000,131,8,13,152,60,71,15.333333
SUPER_29,340000,2,0,0,2,2,0,NaN
SUPER_29,350000,2,0,0,2,1,1,NaN
SUPER_29,360000,1,0,0,1,0,1,NaN
SUPER_29,370000,2,1,0,3,1,1,2
SUPER_29,380000,9,1,0,10,5,4,8
SUPER_29,390000,44,0,2,46,27,17,3.5
SUPER_29,400000,93,5,5,103,40,53,6
SUPER_29,410000,100,6,9,115,45,55,8.333333
SUPER_29,420000,77,8,9,94,41,36,8.705882
SUPER_29,430000,75,3,10,88,35,40,5.923077
SUPER_29,440000,70,7,9,86,36,34,21.0625
SUPER_29,450000,32,1,7,40,20,12,12.25
SUPER_29,460000,72,5,12,89,33,39,6.7647057
SUPER_29,470000,106,6,12,124,56,50,3.4444444
SUPER_29,480000,104,10,16,130,45,59,30.115385
SUPER_29,490000,43,4,6,53,28,15,9.5
SUPER_29,500000,3,1,0,4,0,3,1
SUPER_29,510000,0,0,1,1,0,0,1
SUPER_29,520000,30,3,0,33,17,13,7
SUPER_29,530000,41,3,1,45,19,22,1
SUPER_29,540000,4,2,1,7,2,2,2
SUPER_29,550000,3,0,0,3,2,1,NaN
SUPER_29,560000,0,1,0,1,0,0,1
SUPER_29,570000,21,0,4,25,10,11,71.5
SUPER_29,580000,86,11,6,103,36,50,29.117647
SUPER_29,590000,129,8,7,144,68,61,4.9333334
SUPER_29,600000,163,16,16,195,83,80,12.375
SUPER_29,610000,116,12,4,132,57,59,7.0625
SUPER_29,620000,77,10,4,91,42,35,9.285714
SUPER_29,630000,118,7,10,135,52,66,12.705882
SUPER_29,640000,14,0,0,14,10,4,NaN
SUPER_29,650000,93,4,6,103,52,41,4.4
SUPER_29,660000,94,7,10,111,45,49,8.6470585
SUPER_29,670000,31,5,2,38,15,16,4
SUPER_29,680000,0,0,0,0,0,0,0
SUPER_29,690000,0,0,0,0,0,0,0
SUPER_29,700000,149,9,13,171,89,60,3.2727273
SUPER_29,710000,105,12,11,128,48,57,2.7826087
SUPER_29,720000,155,11,10,176,87,68,8.238095
SUPER_29,730000,19,2,1,22,8,11,16.333334
SUPER_29,740000,140,7,15,162,74,66,4.2727275
SUPER_29,750000,31,4,3,38,16,15,7
SUPER_29,760000,1,0,0,1,1,0,NaN
SUPER_29,770000,72,2,3,77,43,29,5.2
SUPER_29,780000,135,13,12,160,77,58,5.12
SUPER_29,790000,80,3,3,86,45,35,1.5
SUPER_29,800000,94,5,5,104,55,39,9.9
SUPER_29,810000,175,11,13,199,88,87,5.2083335
SUPER_29,820000,33,3,2,38,18,15,2
SUPER_29,830000,126,14,13,153,65,61,7.3333335
SUPER_29,840000,100,8,5,113,50,50,3.9230769
SUPER_29,850000,55,7,3,65,37,18,47.2
SUPER_29,860000,0,0,0,0,0,0,0
SUPER_29,870000,0,0,0,0,0,0,0
SUPER_29,880000,44,4,5,53,26,18,3.2222223
SUPER_29,890000,3,0,0,3,1,2,NaN
SUPER_29,900000,4,0,0,4,1,3,NaN
SUPER_29,910000,2,1,1,4,1,1,5.5
SUPER_29,920000,1,0,1,2,1,0,8
SUPER_29,930000,35,2,4,41,12,23,5.6666665
SUPER_29,940000,3,2,0,5,3,0,1
SUPER_29,950000,2,0,0,2,1,1,NaN
SUPER_29,960000,51,6,5,62,29,22,5.818182
SUPER_29,970000,15,2,3,20,8,7,7.6
SUPER_29,980000,129,4,6,139,77,52,7.4
SUPER_29,990000,39,3,1,43,16,23,9
SUPER_29,1000000,92,10,8,110,44,48,2.8333333
SUPER_29,1010000,39,4,7,50,29,10,8.636364
SUPER_29,1020000,53,4,5,62,31,22,2.4444444
SUPER_29,1030000,20,2,2,24,9,11,1
SUPER_29,1040000,82,5,12,99,33,49,10.705882
SUPER_29,1050000,151,17,12,180,62,89,10.068966
SUPER_29,1060000,144,6,14,164,68,76,25.25
SUPER_29,1070000,138,14,14,166,79,59,15.285714
SUPER_29,1080000,182,13,11,206,99,83,8.666667
SUPER_29,1090000,139,14,12,165,74,65,8.269231
SUPER_29,1100000,45,6,2,53,19,26,4.75
SUPER_29,1110000,52,9,5,66,34,18,5.357143
SUPER_29,1120000,79,9,5,93,46,33,4.785714
SUPER_29,1130000,120,9,9,138,56,64,8.777778
SUPER_29,1140000,127,7,9,143,63,64,4.25
SUPER_29,1150000,103,4,9,116,52,51,16.846153
SUPER_29,1160000,0,0,0,0,0,0,0
SUPER_29,1170000,0,0,0,0,0,0,0
SUPER_29,1180000,0,0,0,0,0,0,0
SUPER_29,1190000,92,15,9,116,51,41,6.7083335
SUPER_29,1200000,23,3,3,29,11,12,9.5
SUPER_29,1210000,65,6,7,78,37,28,9.692307
SUPER_29,1220000,192,16,16,224,93,99,6.71875
SUPER_29,1230000,128,4,9,141,54,74,8.384615
SUPER_29,1240000,71,2,4,77,40,31,8.833333
SUPER_29,1250000,74,4,8,86,37,37,10.166667
SUPER_29,1260000,100,6,5,111,56,44,12.363636
SUPER_29,1270000,40,2,3,45,18,22,16.4
SUPER_29,1280000,131,5,10,146,71,60,5.6666665
SUPER_29,1290000,133,17,17,167,67,66,7.617647
SUPER_29,1300000,0,0,0,0,0,0,0
SUPER_29,1310000,0,0,0,0,0,0,0
SUPER_29,1320000,278,15,25,318,142,136,15.75
SUPER_29,1330000,90,7,6,103,42,48,23.384615
SUPER_29,1340000,81,8,2,91,50,31,3.7
SUPER_29,1350000,1,1,1,3,0,1,5
SUPER_29,1360000,90,4,4,98,50,40,5.75
SUPER_29,1370000,76,9,6,91,48,28,5.2
SUPER_29,1380000,99,10,5,114,56,43,16.6
SUPER_29,1390000,110,9,8,127,58,52,7.529412
SUPER_29,1400000,137,19,11,167,64,73,4.4333334
SUPER_29,1410000,98,8,6,112,45,53,3
SUPER_29,1420000,117,5,6,128,62,55,6.2727275
SUPER_29,1430000,101,4,13,118,57,44,12.705882
SUPER_29,1440000,52,5,8,65,26,26,3.6923077
SUPER_29,1450000,49,0,3,52,24,25,2.6666667
SUPER_29,1460000,35,2,3,40,24,11,4.8
SUPER_29,1470000,53,4,4,61,31,22,5.875
SUPER_29,1480000,156,15,13,184,70,86,26.785715
SUPER_29,1490000,64,7,4,75,35,29,7.181818
SUPER_29,1500000,12,0,0,12,6,6,NaN
SUPER_29,1510000,64,0,6,70,28,36,3.6666667
SUPER_29,1520000,1,0,1,2,0,1,8
SUPER_29,1530000,90,12,13,115,48,42,15.16
SUPER_29,1540000,59,6,0,65,30,29,1.5
SUPER_29,1550000,25,3,6,34,12,13,16.666666
SUPER_29,1560000,123,3,12,138,79,44,10.8
SUPER_29,1570000,1,1,1,3,1,0,1.5
SUPER_29,1580000,41,1,2,44,15,26,4.6666665
SUPER_29,1590000,75,3,4,82,39,36,3.7142856
SUPER_29,1600000,26,3,1,30,11,15,9.75
SUPER_29,1610000,54,3,6,63,27,27,1.7777778
SUPER_29,1620000,83,7,3,93,49,34,3.4
SUPER_29,1630000,98,7,13,118,48,50,26.8
SUPER_29,1640000,59,5,4,68,29,30,27.444445
SUPER_29,1650000,60,3,4,67,31,29,5.142857
SUPER_29,1660000,38,2,2,42,18,20,2.25
SUPER_29,1670000,18,2,0,20,7,11,2
SUPER_29,1680000,18,2,0,20,8,10,7.5
SUPER_29,1690000,148,6,7,161,80,68,9.923077
SUPER_29,1700000,39,0,3,42,24,15,3
SUPER_29,1710000,121,10,11,142,55,66,5.428571
SUPER_29,1720000,150,13,11,174,73,77,4.3333335
SUPER_29,1730000,99,6,4,109,49,50,6.5
SUPER_29,1740000,0,1,1,2,0,0,1
SUPER_29,1750000,2,1,0,3,1,1,6
SUPER_29,1760000,79,2,7,88,43,36,2.4444444
SUPER_29,1770000,79,8,7,94,32,47,21.4
SUPER_29,1780000,44,4,4,52,18,26,3.625
SUPER_29,1790000,99,14,11,124,47,52,13.2
SUPER_29,1800000,61,6,3,70,31,30,5.111111
SUPER_29,1810000,53,3,7,63,32,21,26.2
SUPER_29,1820000,4,0,1,5,2,2,1
SUPER_29,1830000,1,0,0,1,0,1,NaN
SUPER_29,1840000,2,0,0,2,2,0,NaN
SUPER_29,1850000,97,5,10,112,61,36,6
SUPER_29,1860000,2,0,0,2,0,2,NaN
SUPER_29,1870000,44,3,12,59,19,25,72.666664
SUPER_29,1880000,2,0,0,2,1,1,NaN
SUPER_29,1890000,55,3,4,62,25,30,1.7142857
SUPER_29,1900000,63,5,10,78,34,29,10.266666
SUPER_29,1910000,154,12,18,184,76,78,4.9333334
SUPER_29,1920000,15,1,2,18,7,8,1.3333334
SUPER_29,1930000,16,0,3,19,7,9,2
SUPER_29,1940000,50,4,4,58,20,30,6.75
SUPER_29,1950000,1,0,0,1,0,1,NaN
SUPER_29,1960000,3,3,1,7,3,0,4.75
SUPER_29,1970000,0,1,0,1,0,0,11
SUPER_29,1980000,4,0,0,4,3,1,NaN
SUPER_29,1990000,3,1,0,4,2,1,1
SUPER_29,2000000,46,7,7,60,25,21,6.285714
SUPER_29,2010000,25,0,0,25,8,17,NaN
SUPER_29,2020000,0,0,1,1,0,0,1
SUPER_29,2030000,5,3,0,8,3,2,2.6666667
SUPER_29,2040000,14,2,3,19,3,11,3
SUPER_29,2050000,2,0,0,2,1,1,NaN
SUPER_29,2060000,104,6,4,114,50,54,2.8
SUPER_29,2070000,84,13,13,110,47,37,6.230769
SUPER_29,2080000,87,8,5,100,48,39,104.84615
SUPER_29,2090000,102,9,6,117,52,50,1.7333333
SUPER_29,2100000,83,9,8,100,43,40,38.52941
SUPER_29,2110000,35,4,3,42,23,12,3.5714285
SUPER_29,2120000,1,0,0,1,1,0,NaN
SUPER_29,2130000,23,3,2,28,12,11,3.4
SUPER_29,2140000,90,8,7,105,38,52,6.0666666
SUPER_29,2150000,190,12,12,214,106,84,14
SUPER_29,2160000,71,2,6,79,35,36,2.625
SUPER_29,2170000,126,13,12,151,45,81,6.36
SUPER_29,2180000,103,8,12,123,40,63,7.05
SUPER_29,2190000,95,3,8,106,47,48,9.636364
SUPER_29,2200000,135,10,8,153,63,72,8.055555
SUPER_29,2210000,162,6,13,181,67,95,41.42105
SUPER_29,2220000,120,9,7,136,68,52,6.6875
SUPER_29,2230000,113,13,20,146,56,57,5.4848485
SUPER_29,2240000,107,8,7,122,45,62,6.733333
SUPER_29,2250000,74,7,4,85,44,30,3.5454545
SUPER_29,2260000,53,6,8,67,22,31,7.642857
SUPER_29,2270000,36,1,5,42,22,14,3.6666667
SUPER_29,2280000,28,0,1,29,16,12,1
SUPER_29,2290000,65,5,0,70,35,30,13.4
SUPER_29,2300000,18,1,1,20,8,10,1
SUPER_29,2310000,96,8,6,110,56,40,18.142857
SUPER_29,2320000,152,6,14,172,71,81,10.3
SUPER_29,2330000,107,6,7,120,61,46,10.923077
SUPER_29,2340000,64,8,5,77,38,26,10.384615
SUPER_29,2350000,42,3,2,47,25,17,3.8
SUPER_29,2360000,163,8,10,181,81,82,6.3333335
SUPER_29,2370000,164,15,6,185,90,74,3.5238094
SUPER_29,2380000,200,13,21,234,102,98,4.470588
SUPER_29,2390000,99,8,6,113,52,47,4
SUPER_29,2400000,1,0,0,1,0,1,NaN
SUPER_29,2410000,33,6,6,45,17,16,5.1666665
SUPER_29,2420000,138,10,15,163,59,79,27.8
SUPER_29,2430000,153,8,12,173,82,71,4.55
SUPER_29,2440000,128,14,13,155,72,56,22.296297
SUPER_29,2450000,146,7,8,161,76,70,5.4
SUPER_29,2460000,182,15,7,204,103,79,18.59091
SUPER_29,2470000,127,14,9,150,62,65,5.173913
SUPER_29,2480000,6,0,0,6,2,4,NaN
SUPER_29,2490000,33,1,4,38,20,13,4.8
SUPER_29,2500000,176,13,17,206,91,85,7.4333334
SUPER_29,2510000,164,13,16,193,80,84,13.034483
SUPER_29,2520000,145,12,13,170,85,60,3.6
SUPER_29,2530000,108,10,9,127,55,53,5.736842
SUPER_29,2540000,105,7,12,124,56,49,3.3157895
SUPER_29,2550000,79,9,7,95,43,36,7.1875
SUPER_29,2560000,84,6,8,98,45,39,9.285714
SUPER_29,2570000,78,12,9,99,42,36,5.6190476
SUPER_29,2580000,1,0,0,1,1,0,NaN
SUPER_29,2590000,2,0,0,2,1,1,NaN
SUPER_29,2600000,1,0,0,1,1,0,NaN
SUPER_29,2610000,2,0,0,2,1,1,NaN
SUPER_29,2620000,2,0,0,2,1,1,NaN
SUPER_29,2630000,1,2,1,4,1,0,7
SUPER_29,2640000,4,1,0,5,3,1,2
SUPER_29,2650000,53,4,4,61,30,23,5.125
SUPER_29,2660000,91,9,6,106,50,41,9.466666
SUPER_29,2670000,26,3,0,29,11,15,1.3333334
SUPER_29,2680000,17,1,6,24,11,6,4.571429
SUPER_29,2690000,77,4,11,92,31,46,7.4666667
SUPER_29,2700000,99,4,6,109,52,47,2.3
SUPER_29,2710000,15,0,4,19,9,6,5
SUPER_29,2720000,34,3,1,38,12,22,11.5
SUPER_29,2730000,105,7,5,117,52,53,5.3333335
SUPER_29,2740000,142,9,19,170,74,68,9.428572
SUPER_29,2750000,99,10,9,118,45,54,23.421053
SUPER_29,2760000,29,2,1,32,18,11,7.3333335
SUPER_29,2770000,7,0,0,7,1,6,NaN
SUPER_29,2780000,71,4,8,83,35,36,7
SUPER_29,2790000,199,15,20,234,89,110,5.114286
SUPER_29,2800000,5,0,0,5,2,3,NaN
SUPER_29,2810000,4,0,0,4,2,2,NaN
SUPER_29,2820000,1,0,0,1,1,0,NaN
SUPER_29,2830000,75,8,6,89,24,51,4.142857
SUPER_29,2840000,157,8,17,182,80,77,4.84
SUPER_29,2850000,110,4,7,121,49,61,8.363636
SUPER_29,2860000,50,2,1,53,23,27,7
SUPER_29,2870000,117,8,11,136,57,60,11.315789
SUPER_29,2880000,146,13,10,169,69,77,6.347826
SUPER_29,2890000,176,11,11,198,80,96,4.5
SUPER_29,2900000,96,5,4,105,46,50,4.2222223
SUPER_29,2910000,136,8,10,154,71,65,10.888889
SUPER_29,2920000,124,6,11,141,61,63,14.411765
SUPER_29,2930000,81,3,11,95,36,45,6
SUPER_29,2940000,90,5,4,99,54,36,5.111111
SUPER_29,2950000,7,1,0,8,3,4,9
SUPER_29,2960000,65,2,2,69,32,33,7.25
SUPER_29,2970000,144,16,13,173,73,71,7.034483
SUPER_29,2980000,55,7,1,63,33,22,3
SUPER_29,2990000,109,9,11,129,53,56,8.15
SUPER_29,3000000,167,14,10,191,76,91,23.333334
SUPER_29,3010000,74,5,3,82,46,28,6.125
SUPER_29,3020000,38,2,3,43,18,20,2.2
SUPER_29,3030000,0,0,0,0,0,0,0
SUPER_29,3040000,0,0,0,0,0,0,0
SUPER_29,3050000,98,16,6,120,48,50,27.5
SUPER_29,3060000,154,9,4,167,80,74,5.3076925
SUPER_29,3070000,87,6,10,103,49,38,41.625
SUPER_29,3080000,18,1,3,22,11,7,1.25
SUPER_29,3090000,3,0,0,3,2,1,NaN
SUPER_29,3100000,71,4,4,79,36,35,5.375
SUPER_29,3110000,62,13,3,78,31,31,7.9375
SUPER_29,3120000,55,2,3,60,21,34,5
SUPER_29,3130000,31,0,5,36,16,15,26.4
SUPER_29,3140000,2,1,0,3,0,2,12
SUPER_29,3150000,0,1,1,2,0,0,2.5
SUPER_29,3160000,58,3,7,68,33,25,5.5
SUPER_29,3170000,98,7,12,117,50,48,4.105263
SUPER_29,3180000,129,17,10,156,62,67,5.5185184
SUPER_29,3190000,59,1,6,66,29,30,25.571428
SUPER_29,3200000,0,0,0,0,0,0,0
SUPER_29,3210000,0,0,0,0,0,0,0
SUPER_29,3220000,4,1,1,6,2,2,8
SUPER_29,3230000,3,0,0,3,0,3,NaN
SUPER_29,3240000,0,0,1,1,0,0,3
SUPER_29,3250000,53,3,5,61,26,27,6.5
SUPER_29,3260000,93,9,6,108,53,40,4.6666665
SUPER_29,3270000,109,11,8,128,57,52,15.473684
SUPER_29,3280000,94,10,8,112,54,40,6.0555553
SUPER_29,3290000,101,8,3,112,54,47,3.4545455
SUPER_29,3300000,19,1,2,22,14,5,1.3333334
SUPER_29,3310000,48,8,2,58,23,25,2.4
SUPER_29,3320000,73,9,5,87,36,37,23.714285
SUPER_29,3330000,106,7,9,122,47,59,4.4375
SUPER_29,3340000,87,8,6,101,42,45,9
SUPER_29,3350000,14,1,2,17,3,11,5.3333335
SUPER_29,3360000,17,1,2,20,13,4,2
SUPER_29,3370000,15,3,1,19,8,7,20.5
SUPER_29,3380000,17,5,0,22,6,11,3.8
SUPER_29,3390000,2,1,1,4,2,0,7
SUPER_29,3400000,2,0,0,2,0,2,NaN
SUPER_29,3410000,2,0,0,2,2,0,NaN
SUPER_29,3420000,4,0,0,4,1,3,NaN
SUPER_29,3430000,2,1,0,3,1,1,4
SUPER_29,3440000,0,0,0,0,0,0,0
SUPER_29,3450000,0,0,0,0,0,0,0
SUPER_29,3460000,6,0,1,7,3,3,8
SUPER_29,3470000,1,0,0,1,0,1,NaN
SUPER_29,3480000,6,0,0,6,3,3,NaN
SUPER_29,3490000,196,12,16,224,106,90,6.107143
SUPER_29,3500000,112,4,8,124,55,57,9.833333
SUPER_29,3510000,99,7,8,114,55,44,5.8
SUPER_29,3520000,108,9,10,127,61,47,10.263158
SUPER_29,3530000,8,0,0,8,5,3,NaN
SUPER_29,3540000,14,2,0,16,6,8,2
SUPER_29,3550000,148,4,3,155,79,69,7
SUPER_29,3560000,107,8,5,120,58,49,6
SUPER_29,3570000,76,8,3,87,44,32,65.27273
SUPER_29,3580000,15,1,1,17,7,8,4
SUPER_29,3590000,97,8,9,114,39,58,6.0588236
SUPER_29,3600000,129,9,10,148,58,71,96.947365
SUPER_29,3610000,45,4,2,51,23,22,5
SUPER_29,3620000,5,0,0,5,3,2,NaN
SUPER_29,3630000,13,2,4,19,7,6,7.1666665
SUPER_29,3640000,11,1,0,12,6,5,2
SUPER_29,3650000,55,5,5,65,30,25,26.9
SUPER_29,3660000,165,6,18,189,87,78,12.791667
SUPER_29,3670000,98,6,11,115,52,46,17.882353
SUPER_29,3680000,5,0,0,5,2,3,NaN
SUPER_29,3690000,13,0,1,14,9,4,141
SUPER_29,3700000,160,8,9,177,88,72,5.4117646
SUPER_29,3710000,29,1,2,32,19,10,62.333332
SUPER_29,3720000,90,7,5,102,52,38,7.8333335
SUPER_29,3730000,86,4,6,96,49,37,12.3
SUPER_29,3740000,100,3,5,108,46,54,8
SUPER_29,3750000,11,3,0,14,3,8,9
SUPER_29,3760000,4,0,2,6,4,0,22.5
SUPER_29,3770000,13,1,2,16,5,8,9.666667
SUPER_29,3780000,60,7,2,69,35,25,6.3333335
SUPER_29,3790000,95,5,10,110,49,46,18.733334
SUPER_29,3800000,0,1,1,2,0,0,15
SUPER_29,3810000,0,0,0,0,0,0,0
SUPER_29,3820000,0,0,0,0,0,0,0
SUPER_29,3830000,0,0,0,0,0,0,0
SUPER_29,3840000,9,1,0,10,6,3,1
SUPER_29,3850000,0,1,0,1,0,0,2
SUPER_29,3860000,1,1,0,2,0,1,2
SUPER_29,3870000,1,0,0,1,1,0,NaN
SUPER_29,3880000,3,0,0,3,2,1,NaN
SUPER_29,3890000,21,4,1,26,13,8,3.8
SUPER_29,3900000,127,7,6,140,69,58,11.384615
SUPER_29,3910000,59,1,1,61,38,21,1.5
SUPER_29,3920000,145,13,10,168,74,71,14.565217
SUPER_29,3930000,21,1,3,25,12,9,1.75
SUPER_29,3940000,79,8,2,89,43,36,10.4
SUPER_29,3950000,109,6,13,128,52,57,5.4736843
SUPER_29,3960000,131,7,11,149,81,50,34.61111
SUPER_29,3970000,51,2,2,55,19,32,4.5
SUPER_29,3980000,43,1,0,44,21,22,1
SUPER_29,3990000,1,0,1,2,1,0,3
SUPER_29,4000000,31,4,0,35,16,15,2.5
SUPER_29,4010000,9,0,0,9,1,8,NaN
SUPER_29,4020000,61,6,4,71,34,27,4.2
SUPER_29,4030000,2,1,0,3,2,0,1
SUPER_29,4040000,7,0,0,7,4,3,NaN
SUPER_29,4050000,2,1,1,4,1,1,20
SUPER_29,4060000,21,2,4,27,7,14,8.666667
SUPER_29,4070000,85,1,5,91,48,37,8.333333
SUPER_29,4080000,163,13,10,186,73,90,3.9130435
SUPER_29,4090000,77,5,9,91,47,30,10.785714
SUPER_29,4100000,19,2,1,22,11,8,11.666667
SUPER_29,4110000,52,1,8,61,34,18,9.444445
SUPER_29,4120000,19,6,1,26,12,7,9.142858
SUPER_29,4130000,92,6,11,109,52,40,5.7058825
SUPER_29,4140000,89,5,10,104,53,36,21.4
SUPER_29,4150000,12,0,0,12,6,6,NaN
SUPER_29,4160000,4,0,0,4,2,2,NaN
SUPER_29,4170000,68,8,5,81,29,39,12.153846
SUPER_29,4180000,91,10,4,105,44,47,5.714286
SUPER_29,4190000,156,11,11,178,86,70,16.045454
SUPER_29,4200000,122,10,7,139,63,59,3.8823528
SUPER_29,4210000,2,0,0,2,2,0,NaN
SUPER_29,4220000,2,0,0,2,2,0,NaN
SUPER_29,4230000,3,0,1,4,0,3,1
SUPER_29,4240000,2,1,1,4,2,0,5.5
SUPER_29,4250000,1,0,0,1,0,1,NaN
SUPER_29,4260000,1,0,0,1,0,1,NaN
SUPER_29,4270000,0,0,0,0,0,0,0
SUPER_29,4280000,0,0,0,0,0,0,0
SUPER_29,4290000,45,5,3,53,27,18,11.625
SUPER_29,4300000,9,1,2,12,5,4,1
SUPER_29,4310000,2,2,0,4,0,2,12
SUPER_29,4320000,1,0,1,2,0,1,1
SUPER_29,4330000,4,1,0,5,2,2,3
SUPER_29,4340000,51,4,4,59,24,27,3.75
SUPER_29,4350000,64,4,5,73,37,27,3.6666667
SUPER_29,4360000,101,7,4,112,55,46,11.272727
SUPER_29,4370000,18,0,1,19,7,11,39
SUPER_29,4380000,8,3,0,11,5,3,9.333333
SUPER_29,4390000,2,0,2,4,0,2,11
SUPER_29,4400000,3,1,0,4,1,2,1
SUPER_29,4410000,56,4,5,65,32,24,8.222222
SUPER_29,4420000,81,10,8,99,41,40,5.8333335
SUPER_29,4430000,151,9,11,171,68,83,5.85
SUPER_29,4440000,110,5,8,123,53,57,50.76923
SUPER_29,4450000,121,10,6,137,65,56,4.25
SUPER_29,4460000,102,14,8,124,59,43,6.8636365
SUPER_29,4470000,122,6,9,137,70,52,17
SUPER_29,4480000,75,6,10,91,34,41,4.1875
SUPER_29,4490000,186,14,19,219,93,93,16.939394
SUPER_29,4500000,78,4,9,91,41,37,22.076923
SUPER_29,4510000,133,13,18,164,67,66,5.516129
SUPER_29,4520000,143,10,18,171,75,68,7.25
SUPER_29,4530000,9,0,1,10,5,4,4
SUPER_29,4540000,35,3,4,42,19,16,5.857143
SUPER_29,4550000,128,14,13,155,63,65,7.5185184
SUPER_29,4560000,69,7,8,84,47,22,4.6666665
SUPER_29,4570000,91,7,7,105,53,38,3.642857
SUPER_29,4580000,31,2,3,36,18,13,4.2
SUPER_29,4590000,92,5,4,101,50,42,6.4444447
SUPER_29,4600000,138,6,14,158,78,60,4.75
SUPER_29,4610000,199,11,14,224,100,99,2.72
SUPER_29,4620000,12,3,0,15,4,8,17.333334
SUPER_29,4630000,31,6,0,37,16,15,3.5
SUPER_29,4640000,55,7,3,65,25,30,11
SUPER_29,4650000,99,13,10,122,48,51,6
SUPER_29,4660000,17,2,1,20,7,10,5.3333335
SUPER_29,4670000,3,0,1,4,3,0,1
SUPER_29,4680000,34,2,5,41,15,19,3.5714285
SUPER_29,4690000,132,12,15,159,60,72,28.407408
SUPER_29,4700000,145,15,8,168,83,62,4.826087
SUPER_29,4710000,103,8,8,119,49,54,8.4375
SUPER_29,4720000,170,11,14,195,90,80,5.04
SUPER_29,4730000,118,13,13,144,66,52,57.807693
SUPER_29,4740000,76,8,11,95,36,40,3.2105262
SUPER_29,4750000,114,8,12,134,54,60,72.6
SUPER_29,4760000,66,6,3,75,37,29,5.3333335
SUPER_29,4770000,99,3,5,107,46,53,2.625
SUPER_29,4780000,71,9,5,85,35,36,4.785714
SUPER_29,4790000,51,2,2,55,30,21,1
SUPER_29,4800000,46,4,6,56,25,21,7.3
SUPER_29,4810000,40,2,0,42,17,23,6.5
SUPER_29,4820000,67,4,4,75,40,27,2.875
SUPER_29,4830000,119,9,12,140,54,65,7.6666665
SUPER_29,4840000,160,15,9,184,78,82,10.041667
SUPER_29,4850000,10,1,0,11,3,7,2
SUPER_29,4860000,47,2,1,50,21,26,8.333333
SUPER_29,4870000,41,0,2,43,19,22,1.5
SUPER_29,4880000,55,4,6,65,31,24,23.2
SUPER_29,4890000,2,1,0,3,2,0,2
SUPER_29,4900000,3,0,0,3,0,3,NaN
SUPER_29,4910000,4,0,1,5,0,4,2
SUPER_29,4920000,0,3,0,3,0,0,1.6666666
SUPER_29,4930000,30,2,6,38,17,13,2.75
SUPER_29,4940000,58,7,5,70,29,29,16.25
SUPER_29,4950000,125,16,9,150,74,51,7.72
SUPER_29,4960000,128,12,11,151,52,76,5.304348
SUPER_29,4970000,1,1,0,2,1,0,3
SUPER_29,4980000,3,0,1,4,1,2,2
SUPER_29,4990000,2,0,1,3,0,2,5
SUPER_29,5000000,48,5,4,57,24,24,18.444445
SUPER_29,5010000,33,1,5,39,22,11,5.1666665
SUPER_29,5020000,1,0,0,1,0,1,NaN
SUPER_29,5030000,34,6,3,43,20,14,1.7777778
SUPER_29,5040000,9,0,1,10,4,5,7
SUPER_29,5050000,133,6,6,145,74,59,10.416667
SUPER_29,5060000,16,0,2,18,10,6,1
SUPER_29,5070000,162,14,11,187,75,87,3.6
SUPER_29,5080000,23,1,2,26,13,10,43.666668
SUPER_29,5090000,9,1,2,12,5,4,14.666667
SUPER_29,5100000,4,3,0,7,1,3,5.6666665
SUPER_29,5110000,1,0,0,1,1,0,NaN
SUPER_29,5120000,2,0,1,3,2,0,1
SUPER_29,5130000,8,2,2,12,3,5,3
SUPER_29,5140000,11,1,1,13,5,6,1.5
SUPER_29,5150000,4,1,0,5,2,2,6
SUPER_29,5160000,35,5,3,43,17,18,3.875
SUPER_29,5170000,28,2,4,34,7,21,4.5
SUPER_29,5180000,0,1,0,1,0,0,1
SUPER_29,5190000,1,0,0,1,0,1,NaN
SUPER_29,5200000,96,7,7,110,47,49,7.642857
SUPER_29,5210000,53,2,3,58,24,29,3.6
SUPER_29,5220000,95,5,1,101,50,45,4.3333335
SUPER_29,5230000,0,3,0,3,0,0,8.333333
SUPER_29,5240000,5,0,1,6,3,2,5
SUPER_29,5250000,1,0,0,1,0,1,NaN
SUPER_29,5260000,8,2,2,12,4,4,4.5
SUPER_29,5270000,63,3,12,78,30,33,28.666666
SUPER_29,5280000,92,5,7,104,60,32,6.25
SUPER_29,5290000,180,16,9,205,90,90,11.04
SUPER_29,5300000,0,0,1,1,0,0,1
SUPER_29,5310000,137,6,8,151,71,66,37.642857
SUPER_29,5320000,17,1,0,18,7,10,34
SUPER_29,5330000,0,1,0,1,0,0,8
SUPER_29,5340000,1,0,0,1,1,0,NaN
SUPER_29,5350000,4,0,0,4,3,1,NaN
SUPER_29,5360000,1,2,1,4,0,1,2.3333333
SUPER_29,5370000,2,1,0,3,1,1,8
SUPER_29,5380000,95,6,11,112,47,48,12.411765
SUPER_29,5390000,0,0,1,1,0,0,1
SUPER_29,5400000,45,4,5,54,23,22,2.2222223
SUPER_29,5410000,3,0,1,4,1,2,19
SUPER_29,5420000,1,1,0,2,1,0,1
SUPER_29,5430000,6,0,0,6,4,2,NaN
SUPER_29,5440000,73,4,2,79,43,30,3.5
SUPER_29,5450000,182,14,14,210,95,87,13.107142
SUPER_29,5460000,58,0,5,63,28,30,14
SUPER_29,5470000,128,11,14,153,58,70,10.72
SUPER_29,5480000,35,6,3,44,21,14,17.11111
SUPER_29,5490000,146,8,8,162,76,70,7.125
SUPER_29,5500000,117,9,3,129,57,60,5.1666665
SUPER_29,5510000,192,10,6,208,110,82,5
SUPER_29,5520000,136,4,8,148,76,60,7.75
SUPER_29,5530000,140,18,9,167,73,67,7.0740743
SUPER_29,5540000,147,7,10,164,77,70,4.1764708
SUPER_29,5550000,136,8,8,152,76,60,3.5
SUPER_29,5560000,45,3,3,51,18,27,5.3333335
SUPER_29,5570000,118,11,7,136,62,56,62
SUPER_29,5580000,35,4,3,42,17,18,39.42857
SUPER_29,5590000,2,3,0,5,2,0,4
SUPER_29,5600000,1,0,0,1,1,0,NaN
SUPER_29,5610000,3,0,1,4,0,3,1
SUPER_29,5620000,106,11,11,128,44,62,3.8181818
SUPER_29,5630000,64,2,6,72,30,34,2.125
SUPER_29,5640000,0,0,0,0,0,0,0
SUPER_29,5650000,0,0,0,0,0,0,0
SUPER_29,5660000,78,9,5,92,46,32,4.642857
SUPER_29,5670000,25,1,2,28,11,14,6
SUPER_29,5680000,142,11,17,170,62,80,17.535715
SUPER_29,5690000,44,5,6,55,17,27,3.090909
SUPER_29,5700000,17,2,4,23,9,8,2.5
SUPER_29,5710000,120,11,8,139,54,66,3.6842105
SUPER_29,5720000,37,2,1,40,20,17,2.6666667
SUPER_29,5730000,96,15,3,114,52,44,7.0555553
SUPER_29,5740000,104,4,14,122,58,46,26.444445
SUPER_29,5750000,73,8,3,84,22,51,5.6363635
SUPER_29,5760000,146,12,6,164,73,73,4.4444447
SUPER_29,5770000,112,8,13,133,56,56,15.809524
SUPER_29,5780000,103,7,9,119,51,52,6.9375
SUPER_29,5790000,151,10,11,172,76,75,4.952381
SUPER_29,5800000,48,2,6,56,26,22,18.375
SUPER_29,5810000,2,1,0,3,1,1,1
SUPER_29,5820000,2,0,0,2,2,0,NaN
SUPER_29,5830000,26,2,3,31,15,11,2.8
SUPER_29,5840000,1,0,0,1,0,1,NaN
SUPER_29,5850000,43,5,3,51,27,16,9.5
SUPER_29,5860000,30,2,2,34,15,15,3.25
SUPER_29,5870000,3,1,1,5,2,1,15
SUPER_29,5880000,3,1,1,5,1,2,59
SUPER_29,5890000,70,11,4,85,29,41,9.6
SUPER_29,5900000,55,5,4,64,29,26,8.333333
SUPER_29,5910000,111,4,7,122,50,61,38.909092
SUPER_29,5920000,151,11,7,169,83,68,3.4444444
SUPER_29,5930000,119,7,9,135,57,62,19.3125
SUPER_29,5940000,71,4,3,78,43,28,19
SUPER_29,5950000,28,0,1,29,18,10,3
SUPER_29,5960000,113,8,1,122,57,56,4
SUPER_29,5970000,178,14,10,202,101,77,13.375
SUPER_29,5980000,55,4,2,61,34,21,3.3333333
SUPER_29,5990000,98,7,4,109,48,50,35.18182
SUPER_29,6000000,101,15,7,123,53,48,4.8636365
SUPER_29,6010000,66,4,4,74,28,38,2.5
SUPER_29,6020000,46,3,6,55,19,27,5.3333335
SUPER_29,6030000,30,3,2,35,18,12,12.4
SUPER_29,6040000,20,3,0,23,14,6,6.3333335
SUPER_29,6050000,0,0,0,0,0,0,0
SUPER_29,6060000,0,0,0,0,0,0,0
SUPER_29,6070000,18,1,3,22,12,6,14.25
SUPER_29,6080000,1,1,0,2,1,0,2
SUPER_29,6090000,0,0,1,1,0,0,2
SUPER_29,6100000,11,1,0,12,5,6,1
SUPER_29,6110000,93,3,4,100,53,40,8.714286
SUPER_29,6120000,148,9,8,165,72,76,5.117647
SUPER_29,6130000,67,2,10,79,30,37,4.5833335
SUPER_29,6140000,57,4,6,67,33,24,4.8
SUPER_29,6150000,54,4,4,62,35,19,4.875
SUPER_29,6160000,65,8,11,84,33,32,4.9473686
SUPER_29,6170000,34,2,1,37,27,7,18.333334
SUPER_29,6180000,42,2,2,46,18,24,9.5
SUPER_29,6190000,119,11,13,143,63,56,6
SUPER_29,6200000,43,5,3,51,27,16,5.75
SUPER_29,6210000,15,3,0,18,6,9,3.6666667
SUPER_29,6220000,29,1,3,33,18,11,3.75
SUPER_29,6230000,3,0,1,4,1,2,1
SUPER_29,6240000,4,1,0,5,4,0,7
SUPER_29,6250000,19,2,4,25,13,6,40.833332
SUPER_29,6260000,175,15,14,204,91,84,5.034483
SUPER_29,6270000,74,5,12,91,31,43,3.8823528
SUPER_29,6280000,0,0,0,0,0,0,0
SUPER_29,6290000,0,0,0,0,0,0,0
SUPER_29,6300000,38,3,3,44,18,20,11
SUPER_29,6310000,126,9,9,144,70,56,11.444445
SUPER_29,6320000,97,8,13,118,56,41,29.52381
SUPER_29,6330000,5,0,0,5,2,3,NaN
SUPER_29,6340000,105,12,13,130,43,62,7.36
SUPER_29,6350000,102,7,6,115,54,48,4.3846154
SUPER_29,6360000,89,4,10,103,50,39,7.785714
SUPER_29,6370000,58,3,5,66,31,27,58.125
SUPER_29,6380000,0,0,0,0,0,0,0
SUPER_29,6390000,0,0,0,0,0,0,0
SUPER_29,6400000,106,6,12,124,55,51,4.8333335
SUPER_29,6410000,102,6,7,115,47,55,7.6923075
SUPER_29,6420000,98,5,5,108,56,42,5
SUPER_29,6430000,42,7,6,55,27,15,21.153847
SUPER_29,6440000,105,7,5,117,54,51,4.5833335
SUPER_29,6450000,70,3,6,79,34,36,14.333333
SUPER_29,6460000,2,0,1,3,1,1,19
SUPER_29,6470000,2,1,1,4,1,1,2
SUPER_29,6480000,48,5,7,60,29,19,7.9166665
SUPER_29,6490000,68,6,7,81,39,29,5.6923075
SUPER_29,6500000,136,5,15,156,52,84,5.25
SUPER_29,6510000,104,7,7,118,62,42,5.285714
SUPER_29,6520000,62,3,2,67,32,30,4.2
SUPER_29,6530000,16,2,2,20,7,9,7.5
SUPER_29,6540000,0,0,0,0,0,0,0
SUPER_29,6550000,0,0,0,0,0,0,0
SUPER_29,6560000,104,9,7,120,50,54,4.8125
SUPER_29,6570000,26,2,3,31,16,10,2
SUPER_29,6580000,2,0,1,3,1,1,1
SUPER_29,6590000,21,2,2,25,15,6,9
SUPER_29,6600000,123,16,10,149,65,58,9
SUPER_29,6610000,138,10,14,162,71,67,4.375
SUPER_29,6620000,144,9,7,160,70,74,6.25
SUPER_29,6630000,235,13,21,269,131,104,5.117647
SUPER_29,6640000,140,10,13,163,77,63,14.869565
SUPER_29,6650000,1,1,2,4,0,1,4.6666665
SUPER_29,6660000,2,0,0,2,0,2,NaN
SUPER_29,6670000,1,0,0,1,0,1,NaN
SUPER_29,6680000,41,1,4,46,23,18,6
SUPER_29,6690000,19,2,2,23,11,8,12
SUPER_29,6700000,148,12,7,167,72,76,7.8421054
SUPER_29,6710000,6,0,0,6,3,3,NaN
SUPER_29,6720000,77,8,7,92,42,35,13.866667
SUPER_29,6730000,154,15,11,180,78,76,5.269231
SUPER_29,6740000,58,4,3,65,30,28,4.571429
SUPER_29,6750000,62,1,6,69,30,32,4
SUPER_29,6760000,85,13,9,107,44,41,7.6363635
SUPER_29,6770000,118,14,9,141,65,53,16.347826
SUPER_29,6780000,153,14,13,180,72,81,7.185185
SUPER_29,6790000,74,12,8,94,34,40,2.45
SUPER_29,6800000,4,0,0,4,1,3,NaN
SUPER_29,6810000,72,1,8,81,36,36,14.777778
SUPER_29,6820000,73,5,7,85,35,38,6.1666665
SUPER_29,6830000,56,4,3,63,31,25,2.4285715
SUPER_29,6840000,54,4,5,63,28,26,24.444445
SUPER_29,6850000,34,2,2,38,18,16,15
SUPER_29,6860000,63,5,4,72,27,36,11.666667
SUPER_29,6870000,25,2,1,28,16,9,5.6666665
SUPER_29,6880000,61,12,2,75,29,32,5.714286
SUPER_29,6890000,0,0,0,0,0,0,0
SUPER_29,6900000,0,0,0,0,0,0,0
SUPER_29,6910000,221,17,19,257,114,107,3.8055556
SUPER_29,6920000,128,11,10,149,71,57,5.714286
SUPER_29,6930000,39,6,5,50,18,21,44.545456
SUPER_29,6940000,165,13,10,188,100,65,22.695652
SUPER_29,6950000,18,0,2,20,10,8,1
SUPER_29,6960000,2,0,0,2,2,0,NaN
SUPER_29,6970000,6,0,2,8,3,3,18.5
SUPER_29,6980000,15,3,1,19,7,8,8.25
SUPER_29,6990000,2,0,0,2,1,1,NaN
SUPER_29,7000000,8,1,0,9,5,3,6
SUPER_29,7010000,4,1,0,5,4,0,1
SUPER_29,7020000,0,2,0,2,0,0,10.5
SUPER_29,7030000,21,4,2,27,10,11,1.1666666
SUPER_29,7040000,66,6,8,80,26,40,13
SUPER_29,7050000,23,1,3,27,13,10,1
SUPER_29,7060000,2,0,0,2,1,1,NaN
SUPER_29,7070000,3,1,1,5,1,2,8.5
SUPER_29,7080000,3,0,0,3,2,1,NaN
SUPER_29,7090000,0,1,0,1,0,0,1
SUPER_29,7100000,10,2,4,16,5,5,3.6666667
SUPER_29,7110000,138,11,9,158,80,58,8.45
SUPER_29,7120000,89,8,5,102,40,49,2.1538463
SUPER_29,7130000,51,6,6,63,30,21,5.8333335
SUPER_29,7140000,129,6,14,149,54,75,7.35
SUPER_29,7150000,90,8,9,107,47,43,3.1176472
SUPER_29,7160000,48,5,8,61,22,26,7.230769
SUPER_29,7170000,151,11,7,169,84,67,9.111111
SUPER_29,7180000,87,7,5,99,47,40,1.75
SUPER_29,7190000,96,7,10,113,46,50,53.882355
SUPER_29,7200000,90,2,2,94,47,43,4
SUPER_29,7210000,110,7,5,122,60,50,4.3333335
SUPER_29,7220000,105,9,3,117,52,53,17.666666
SUPER_29,7230000,88,5,5,98,54,34,70.6
SUPER_29,7240000,64,6,4,74,30,34,3.9
SUPER_29,7250000,6,0,0,6,6,0,NaN
SUPER_29,7260000,96,3,5,104,42,54,6.625
SUPER_29,7270000,77,10,11,98,39,38,8.047619
SUPER_29,7280000,39,4,1,44,13,26,21
SUPER_29,7290000,59,4,2,65,35,24,5.8333335
SUPER_29,7300000,14,0,0,14,6,8,NaN
SUPER_29,7310000,44,5,2,51,24,20,14.142858
SUPER_29,7320000,102,8,4,114,60,42,11.083333
SUPER_29,7330000,34,4,2,40,13,21,6.6666665
SUPER_29,7340000,66,3,9,78,37,29,5.6666665
SUPER_29,7350000,67,4,3,74,40,27,8.285714
SUPER_29,7360000,51,5,5,61,30,21,10.4
SUPER_29,7370000,0,0,0,0,0,0,0
SUPER_29,7380000,0,0,0,0,0,0,0
SUPER_29,7390000,0,0,0,0,0,0,0
SUPER_29,7400000,0,0,0,0,0,0,0
SUPER_29,7410000,0,0,0,0,0,0,0
SUPER_29,7420000,0,0,0,0,0,0,0
SUPER_29,7430000,0,0,0,0,0,0,0
SUPER_29,7440000,0,0,0,0,0,0,0
SUPER_29,7450000,0,0,0,0,0,0,0
SUPER_29,7460000,0,0,0,0,0,0,0
SUPER_29,7470000,115,15,7,137,60,55,5.8636365
SUPER_29,7480000,12,0,1,13,6,6,1
SUPER_29,7490000,15,2,3,20,7,8,3.4
SUPER_29,7500000,5,1,0,6,4,1,4
SUPER_29,7510000,8,3,1,12,6,2,7
SUPER_29,7520000,21,2,3,26,10,11,9
SUPER_29,7530000,41,8,9,58,23,18,8.176471
SUPER_29,7540000,43,5,3,51,24,19,3.625
SUPER_29,7550000,10,0,1,11,5,5,1
SUPER_29,7560000,103,4,2,109,53,50,9
SUPER_29,7570000,60,2,6,68,22,38,1.75
SUPER_29,7580000,107,11,11,129,49,58,6.7272725
SUPER_29,7590000,104,10,9,123,53,51,4.6842103
SUPER_29,7600000,70,11,13,94,33,37,4.5
SUPER_29,7610000,88,13,11,112,37,51,8.583333
SUPER_29,7620000,93,9,16,118,43,50,5.24
SUPER_29,7630000,37,1,4,42,15,22,2.8
SUPER_29,7640000,80,3,2,85,43,37,5.2
SUPER_29,7650000,90,7,12,109,59,31,5
SUPER_29,7660000,78,5,7,90,39,39,5.5833335
SUPER_29,7670000,27,2,0,29,11,14,23.5
SUPER_29,7680000,41,4,3,48,21,20,2.5714285
SUPER_29,7690000,91,9,7,107,41,50,7.625
SUPER_29,7700000,106,5,10,121,60,46,2.8
SUPER_29,7710000,72,5,0,77,33,39,8.2
SUPER_29,7720000,0,0,0,0,0,0,0
SUPER_29,7730000,0,0,0,0,0,0,0
SUPER_29,7740000,104,12,8,124,54,50,6
SUPER_29,7750000,0,0,0,0,0,0,0
SUPER_29,7760000,0,0,0,0,0,0,0
SUPER_29,7770000,0,0,0,0,0,0,0
SUPER_29,7780000,0,0,0,0,0,0,0
SUPER_29,7790000,0,0,0,0,0,0,0
SUPER_29,7800000,0,0,0,0,0,0,0
SUPER_29,7810000,0,0,0,0,0,0,0
SUPER_29,7820000,74,9,6,89,32,42,13.066667
SUPER_29,7830000,102,8,11,121,49,53,5.8421054
SUPER_29,7840000,109,11,7,127,50,59,21.166666
SUPER_29,7850000,57,7,5,69,34,23,4.6666665
SUPER_29,7860000,1,0,1,2,1,0,1
SUPER_29,7870000,0,0,2,2,0,0,3.5
SUPER_29,7880000,2,0,1,3,2,0,1
SUPER_29,7890000,44,1,5,50,23,21,9
SUPER_29,7900000,137,9,9,155,77,60,7.888889
SUPER_29,7910000,52,8,1,61,26,26,8.333333
SUPER_29,7920000,70,9,7,86,42,28,5.0625
SUPER_29,7930000,24,1,2,27,12,12,6
SUPER_29,7940000,20,2,0,22,6,14,1
SUPER_29,7950000,54,2,4,60,22,32,6.3333335
SUPER_29,7960000,65,7,10,82,30,35,3.9411764
SUPER_29,7970000,15,1,1,17,7,8,3.5
SUPER_29,7980000,27,0,5,32,13,14,13.8
SUPER_29,7990000,0,0,0,0,0,0,0
SUPER_29,8000000,0,0,0,0,0,0,0
SUPER_29,8010000,8,0,1,9,3,5,25
SUPER_29,8020000,26,1,4,31,12,14,7.8
SUPER_29,8030000,37,1,3,41,17,20,2
SUPER_29,8040000,36,2,4,42,16,20,2.6666667
SUPER_29,8050000,58,3,4,65,27,31,9.285714
SUPER_29,8060000,34,2,4,40,20,14,2.6666667
SUPER_29,8070000,69,0,7,76,33,36,5.857143
SUPER_29,8080000,4,3,1,8,2,2,5.5
SUPER_29,8090000,0,0,1,1,0,0,8
SUPER_29,8100000,2,0,1,3,2,0,6
SUPER_29,8110000,16,0,2,18,10,6,2
SUPER_29,8120000,29,0,3,32,15,14,2.3333333
SUPER_29,8130000,12,0,2,14,6,6,1.5
SUPER_29,8140000,5,0,0,5,1,4,NaN
SUPER_29,8150000,45,14,5,64,18,27,3.2105262
SUPER_29,8160000,0,0,0,0,0,0,0
SUPER_29,8170000,0,0,0,0,0,0,0
SUPER_29,8180000,0,0,0,0,0,0,0
SUPER_29,8190000,0,0,0,0,0,0,0
SUPER_29,8200000,0,0,0,0,0,0,0
SUPER_29,8210000,0,0,0,0,0,0,0
SUPER_29,8220000,0,0,0,0,0,0,0
SUPER_29,8230000,0,0,0,0,0,0,0
SUPER_29,8240000,0,0,0,0,0,0,0
SUPER_29,8250000,77,8,16,101,45,32,8.541667
SUPER_29,8260000,1,0,1,2,1,0,1
SUPER_29,8270000,2,0,1,3,1,1,1
SUPER_29,8280000,60,8,2,70,38,22,2.8
SUPER_29,8290000,147,12,11,170,82,65,4.7826085
SUPER_29,8300000,105,9,10,124,55,50,9.473684
SUPER_29,8310000,53,8,2,63,22,31,5.6
SUPER_29,8320000,2,1,0,3,2,0,55
SUPER_29,8330000,75,8,8,91,42,33,5
SUPER_29,8340000,209,14,13,236,100,109,9.925926
SUPER_29,8350000,117,14,12,143,58,59,7.8846154
SUPER_29,8360000,131,8,18,157,59,72,7.8076925
SUPER_29,8370000,114,10,18,142,59,55,5
SUPER_29,8380000,150,15,15,180,71,79,4.6666665
SUPER_29,8390000,87,12,12,111,39,48,14.166667
SUPER_29,8400000,67,2,11,80,46,21,35.692307
SUPER_29,8410000,139,11,14,164,65,74,5.4
SUPER_29,8420000,147,15,16,178,82,65,28.741936
SUPER_29,8430000,69,8,8,85,33,36,6.375
SUPER_29,8440000,42,2,4,48,23,19,1.8333334
SUPER_29,8450000,127,13,11,151,67,60,2.5833333
SUPER_29,8460000,115,12,7,134,63,52,6.4210525
SUPER_29,8470000,3,0,1,4,2,1,8
SUPER_29,8480000,67,1,6,74,31,36,7.428571
SUPER_29,8490000,137,14,15,166,68,69,5.586207
SUPER_29,8500000,41,6,6,53,18,23,10.333333
SUPER_29,8510000,1,0,0,1,1,0,NaN
SUPER_29,8520000,2,0,1,3,2,0,6
SUPER_29,8530000,0,1,0,1,0,0,4
SUPER_29,8540000,1,0,0,1,1,0,NaN
SUPER_29,8550000,11,0,0,11,8,3,NaN
SUPER_29,8560000,57,5,5,67,35,22,5.2
SUPER_29,8570000,0,2,1,3,0,0,3.3333333
SUPER_29,8580000,1,0,0,1,0,1,NaN
SUPER_29,8590000,2,0,0,2,1,1,NaN
SUPER_29,8600000,3,1,1,5,3,0,1.5
SUPER_29,8610000,1,0,0,1,1,0,NaN
SUPER_29,8620000,59,6,7,72,28,31,141.76923
SUPER_29,8630000,116,8,10,134,52,64,8.277778
SUPER_29,8640000,57,4,2,63,29,28,4
SUPER_29,8650000,190,15,12,217,103,87,14.185185
SUPER_29,8660000,26,5,3,34,15,11,16.625
SUPER_29,8670000,4,1,0,5,2,2,1
SUPER_29,8680000,8,0,4,12,5,3,1
SUPER_29,8690000,145,10,12,167,71,74,16.181818
SUPER_29,8700000,0,0,0,0,0,0,0
SUPER_29,8710000,0,0,0,0,0,0,0
SUPER_29,8720000,35,4,2,41,17,18,2.3333333
SUPER_29,8730000,0,0,1,1,0,0,1
SUPER_29,8740000,5,0,0,5,3,2,NaN
SUPER_29,8750000,4,0,0,4,3,1,NaN
SUPER_29,8760000,11,1,0,12,6,5,1
SUPER_29,8770000,92,7,8,107,48,44,5.866667
SUPER_29,8780000,184,10,12,206,106,78,3.9545455
SUPER_29,8790000,93,7,7,107,63,30,5.071429
SUPER_29,8800000,110,9,10,129,57,53,7.736842
SUPER_29,8810000,177,11,22,210,104,73,40.666668
SUPER_29,8820000,138,10,15,163,81,57,7.24
SUPER_29,8830000,181,11,14,206,99,82,8.32
SUPER_29,8840000,65,2,5,72,38,27,50.57143
SUPER_29,8850000,38,4,5,47,20,18,7
SUPER_29,8860000,102,6,9,117,47,55,3.2666667
SUPER_29,8870000,222,15,29,266,113,109,14.227273
SUPER_29,8880000,127,10,9,146,69,58,9.578947
SUPER_29,8890000,72,11,3,86,35,37,7.642857
SUPER_29,8900000,138,12,16,166,71,67,4.5
SUPER_29,8910000,175,13,16,204,87,88,6.586207
SUPER_29,8920000,49,1,7,57,24,25,31.75
SUPER_29,8930000,162,12,11,185,88,74,6.3913045
SUPER_29,8940000,7,2,1,10,5,2,1
SUPER_29,8950000,15,4,0,19,8,7,2.25
SUPER_29,8960000,118,13,17,148,64,54,2.7333333
SUPER_29,8970000,187,18,25,230,90,97,11.023255
SUPER_29,8980000,8,1,1,10,3,5,4.5
SUPER_29,8990000,3,1,0,4,1,2,4
SUPER_29,9000000,15,2,1,18,10,5,1.3333334
SUPER_29,9010000,4,0,0,4,1,3,NaN
SUPER_29,9020000,2,0,0,2,0,2,NaN
SUPER_29,9030000,6,0,0,6,1,5,NaN
SUPER_29,9040000,2,0,4,6,2,0,12
SUPER_29,9050000,5,2,1,8,3,2,3
SUPER_29,9060000,37,5,1,43,20,17,9
SUPER_29,9070000,6,0,0,6,4,2,NaN
SUPER_29,9080000,2,1,0,3,1,1,8
SUPER_29,9090000,13,1,1,15,4,9,22
SUPER_29,9100000,56,3,4,63,29,27,3.4285715
SUPER_29,9110000,3,1,0,4,3,0,1
SUPER_29,9120000,2,1,0,3,2,0,12
SUPER_29,9130000,3,0,1,4,2,1,2
SUPER_29,9140000,2,1,0,3,1,1,2
SUPER_29,9150000,3,0,3,6,2,1,4
SUPER_29,9160000,1,2,0,3,1,0,15.5
SUPER_29,9170000,1,0,0,1,1,0,NaN
SUPER_29,9180000,30,1,5,36,18,12,16.666666
SUPER_29,9190000,122,12,6,140,63,59,4
SUPER_29,9200000,45,6,6,57,31,14,13.166667
SUPER_29,9210000,19,0,2,21,11,8,69
SUPER_29,9220000,16,1,1,18,8,8,7
SUPER_29,9230000,3,1,0,4,2,1,5
SUPER_29,9240000,87,9,8,104,46,41,2.235294
SUPER_29,9250000,0,0,0,0,0,0,0
SUPER_29,9260000,0,0,0,0,0,0,0
SUPER_29,9270000,40,1,4,45,14,26,18.8
SUPER_29,9280000,1,0,0,1,1,0,NaN
SUPER_29,9290000,33,2,3,38,21,12,9.4
SUPER_29,9300000,72,3,5,80,42,30,3.75
SUPER_29,9310000,109,11,4,124,57,52,8.466666
SUPER_29,9320000,4,1,2,7,2,2,8.666667
SUPER_29,9330000,8,2,1,11,4,4,3.6666667
SUPER_29,9340000,114,13,10,137,57,57,5.347826
SUPER_29,9350000,5,1,0,6,3,2,5
SUPER_29,9360000,82,7,5,94,40,42,3.9166667
SUPER_29,9370000,40,7,4,51,17,23,21.181818
SUPER_29,9380000,149,18,11,178,80,69,5.827586
SUPER_29,9390000,117,7,7,131,58,59,8.642858
SUPER_29,9400000,7,1,0,8,4,3,8
SUPER_29,9410000,7,3,0,10,4,3,16.333334
SUPER_29,9420000,5,0,0,5,4,1,NaN
SUPER_29,9430000,1,0,0,1,1,0,NaN
SUPER_29,9440000,17,0,0,17,10,7,NaN
SUPER_29,9450000,1,0,1,2,0,1,1
SUPER_29,9460000,0,0,0,0,0,0,0
SUPER_29,9470000,0,0,0,0,0,0,0
SUPER_29,9480000,1,0,1,2,1,0,11
SUPER_29,9490000,1,0,0,1,1,0,NaN
SUPER_29,9500000,2,0,0,2,2,0,NaN
SUPER_29,9510000,127,15,10,152,63,64,6.64
SUPER_29,9520000,82,2,2,86,49,33,10.25
SUPER_29,9530000,90,10,4,104,47,43,4.142857
SUPER_29,9540000,33,1,6,40,11,22,21.428572
SUPER_29,9550000,93,13,11,117,50,43,9.833333
SUPER_29,9560000,169,6,15,190,79,90,27.238094
SUPER_29,9570000,99,8,12,119,45,54,4.25
SUPER_29,9580000,2,0,0,2,0,2,NaN
SUPER_29,9590000,65,9,5,79,33,32,10.714286
SUPER_29,9600000,152,8,11,171,85,67,9.421053
SUPER_29,9610000,46,4,4,54,22,24,5.375
SUPER_29,9620000,2,0,1,3,2,0,2
SUPER_29,9630000,154,12,14,180,74,80,16.653847
SUPER_29,9640000,95,6,12,113,52,43,2.7222223
SUPER_29,9650000,74,8,5,87,30,44,4.076923
SUPER_29,9660000,51,5,3,59,26,25,5.125
SUPER_29,9670000,4,0,1,5,3,1,2
SUPER_29,9680000,37,2,2,41,19,18,2
SUPER_29,9690000,4,2,0,6,1,3,10.5
SUPER_29,9700000,1,1,3,5,1,0,7
SUPER_29,9710000,0,0,0,0,0,0,0
SUPER_29,9720000,0,0,0,0,0,0,0
SUPER_29,9730000,63,3,6,72,23,40,4.5555553
SUPER_29,9740000,0,1,0,1,0,0,1
SUPER_29,9750000,0,0,0,0,0,0,0
SUPER_29,9760000,0,0,0,0,0,0,0
SUPER_29,9770000,4,2,1,7,1,3,16
SUPER_29,9780000,2,1,0,3,1,1,1
SUPER_29,9790000,1,0,0,1,0,1,NaN
SUPER_29,9800000,72,2,8,82,46,26,6.2
SUPER_29,9810000,135,5,9,149,79,56,27.642857
SUPER_29,9820000,239,10,12,261,116,123,3.9545455
SUPER_29,9830000,122,11,9,142,66,56,4.6
SUPER_29,9840000,111,3,8,122,60,51,3.3636363
SUPER_29,9850000,110,14,12,136,48,62,12.884615
SUPER_29,9860000,94,8,10,112,50,44,7.5
SUPER_29,9870000,66,4,5,75,34,32,2.2222223
SUPER_29,9880000,116,9,11,136,53,63,15
SUPER_29,9890000,134,12,11,157,67,67,8.086957
SUPER_29,9900000,126,11,8,145,59,67,4.105263
SUPER_29,9910000,3,0,0,3,2,1,NaN
SUPER_29,9920000,3,1,1,5,2,1,3.5
SUPER_29,9930000,32,3,3,38,17,15,6.6666665
SUPER_29,9940000,9,1,1,11,2,7,1.5
SUPER_29,9950000,3,0,0,3,2,1,NaN
SUPER_29,9960000,2,0,0,2,1,1,NaN
SUPER_29,9970000,1,0,0,1,1,0,NaN
SUPER_29,9980000,2,1,0,3,0,2,2
SUPER_29,9990000,1,0,1,2,1,0,2
SUPER_29,10000000,0,1,0,1,0,0,2
SUPER_29,10010000,3,1,0,4,0,3,2
SUPER_29,10020000,64,4,4,72,32,32,3.75
SUPER_29,10030000,73,7,7,87,41,32,3.2142856
SUPER_29,10040000,22,4,5,31,11,11,4.111111
SUPER_29,10050000,35,1,3,39,19,16,20.75
SUPER_29,10060000,119,9,11,139,68,51,4.55
SUPER_29,10070000,168,10,12,190,88,80,4.318182
SUPER_29,10080000,58,2,4,64,33,25,6.8333335
SUPER_29,10090000,70,5,6,81,37,33,2.8181818
SUPER_29,10100000,51,6,6,63,22,29,7.0833335
SUPER_29,10110000,125,12,8,145,73,52,8.35
SUPER_29,10120000,151,5,5,161,73,78,5.9
SUPER_29,10130000,84,2,5,91,39,45,27.142857
SUPER_29,10140000,99,11,9,119,46,53,24.95
SUPER_29,10150000,128,10,5,143,66,62,4.6
SUPER_29,10160000,57,4,5,66,34,23,12.555555
SUPER_29,10170000,13,1,0,14,11,2,1
SUPER_29,10180000,24,2,0,26,11,13,2
SUPER_29,10190000,33,2,1,36,14,19,2.6666667
SUPER_29,10200000,109,16,8,133,51,58,6.75
SUPER_29,10210000,94,5,6,105,44,50,14.545455
SUPER_29,10220000,0,0,0,0,0,0,0
SUPER_29,10230000,0,0,0,0,0,0,0
SUPER_29,10240000,84,5,7,96,41,43,5.1666665
SUPER_29,10250000,70,3,5,78,35,35,5.625
SUPER_29,10260000,44,0,5,49,21,23,4.4
SUPER_29,10270000,50,2,3,55,24,26,18.8
SUPER_29,10280000,100,5,13,118,58,42,17.61111
SUPER_29,10290000,51,5,6,62,30,21,6.181818
SUPER_29,10300000,190,9,10,209,100,90,15.947369
SUPER_29,10310000,155,9,10,174,86,69,4.1578946
SUPER_29,10320000,47,5,0,52,25,22,2
SUPER_29,10330000,66,3,5,74,35,31,4.125
SUPER_29,10340000,150,10,11,171,74,76,20.190475
SUPER_29,10350000,136,9,16,161,76,60,4.32
SUPER_29,10360000,91,3,6,100,49,42,3.8888888
SUPER_29,10370000,65,5,6,76,33,32,24
SUPER_29,10380000,32,3,0,35,14,18,10.333333
SUPER_29,10390000,57,5,3,65,26,31,7.5
SUPER_29,10400000,177,12,11,200,95,82,10.869565
SUPER_29,10410000,128,10,7,145,73,55,4.647059
SUPER_29,10420000,6,2,1,9,4,2,4.6666665
SUPER_29,10430000,61,6,9,76,24,37,26.133333
SUPER_29,10440000,160,17,12,189,76,84,11.448276
SUPER_29,10450000,168,21,15,204,80,88,3.8055556
SUPER_29,10460000,49,1,6,56,19,30,18.571428
SUPER_29,10470000,0,0,0,0,0,0,0
SUPER_29,10480000,0,0,0,0,0,0,0
SUPER_29,10490000,0,0,0,0,0,0,0
SUPER_29,10500000,72,4,1,77,32,40,13.2
SUPER_29,10510000,0,0,0,0,0,0,0
SUPER_29,10520000,0,0,0,0,0,0,0
SUPER_29,10530000,40,0,1,41,14,26,7
SUPER_29,10540000,175,15,13,203,70,105,6.035714
SUPER_29,10550000,56,2,4,62,29,27,7.3333335
SUPER_29,10560000,172,8,16,196,83,89,9.458333
SUPER_29,10570000,73,4,6,83,43,30,6.9
SUPER_29,10580000,77,5,4,86,42,35,4
SUPER_29,10590000,50,1,0,51,23,27,1
SUPER_29,10600000,123,14,11,148,62,61,8.04
SUPER_29,10610000,71,6,7,84,27,44,4.3846154
SUPER_29,10620000,52,5,6,63,18,34,14.090909
SUPER_29,10630000,73,9,5,87,42,31,6
SUPER_29,10640000,123,14,13,150,64,59,7.148148
SUPER_29,10650000,56,4,6,66,19,37,2.2
SUPER_29,10660000,135,18,12,165,61,74,5.2
SUPER_29,10670000,56,8,2,66,27,29,3
SUPER_29,10680000,117,12,15,144,57,60,9.62963
SUPER_29,10690000,23,4,3,30,14,9,10.857142
SUPER_29,10700000,154,7,12,173,87,67,14.421053
SUPER_29,10710000,66,8,11,85,26,40,4.5263157
SUPER_29,10720000,74,8,2,84,41,33,6.9
SUPER_29,10730000,132,8,9,149,66,66,7.2352943
SUPER_29,10740000,20,0,1,21,15,5,2
SUPER_29,10750000,60,7,6,73,30,30,4.6923075
SUPER_29,10760000,133,8,10,151,72,61,4.0555553
SUPER_29,10770000,38,1,1,40,18,20,2
SUPER_29,10780000,61,8,5,74,30,31,7
SUPER_29,10790000,67,9,6,82,33,34,5
SUPER_29,10800000,147,8,16,171,71,76,15.833333
SUPER_29,10810000,28,4,2,34,15,13,3.3333333
SUPER_29,10820000,0,1,0,1,0,0,1
SUPER_29,10830000,2,0,1,3,1,1,3
SUPER_29,10840000,68,5,6,79,36,32,4
SUPER_29,10850000,125,7,10,142,63,62,4.647059
SUPER_29,10860000,83,7,6,96,41,42,5.6923075
SUPER_29,10870000,36,1,5,42,19,17,11.166667
SUPER_29,10880000,143,11,10,164,78,65,6.6190476
SUPER_29,10890000,0,0,0,0,0,0,0
SUPER_29,10900000,0,0,0,0,0,0,0
SUPER_29,10910000,119,6,9,134,64,55,5.3333335
SUPER_29,10920000,103,7,10,120,54,49,7.529412
SUPER_29,10930000,10,2,3,15,4,6,10.2
SUPER_29,10940000,113,9,9,131,64,49,4.7777777
SUPER_29,10950000,80,3,12,95,41,39,11
SUPER_29,10960000,93,13,5,111,45,48,4.388889
SUPER_29,10970000,117,5,7,129,53,64,34
SUPER_29,10980000,25,5,4,34,9,16,8
SUPER_29,10990000,111,11,8,130,56,55,4.263158
SUPER_29,11000000,35,3,1,39,18,17,2.75
SUPER_29,11010000,83,17,9,109,30,53,19.807692
SUPER_29,11020000,98,9,11,118,54,44,4.8
SUPER_29,11030000,144,11,9,164,68,76,9.1
SUPER_29,11040000,102,11,13,126,50,52,22.833334
SUPER_29,11050000,0,0,0,0,0,0,0
SUPER_29,11060000,0,0,0,0,0,0,0
SUPER_29,11070000,64,5,5,74,35,29,6.3
SUPER_29,11080000,55,5,3,63,31,24,6.625
SUPER_29,11090000,22,2,0,24,9,13,13
SUPER_29,11100000,148,10,16,174,66,82,9.230769
SUPER_29,11110000,0,0,2,2,0,0,7.5
SUPER_29,11120000,9,0,1,10,4,5,1
SUPER_29,11130000,1,0,0,1,1,0,NaN
SUPER_29,11140000,13,4,1,18,8,5,3.6
SUPER_29,11150000,175,18,18,211,81,94,47.166668
SUPER_29,11160000,3,1,1,5,2,1,5
SUPER_29,11170000,81,9,9,99,44,37,6.5
SUPER_29,11180000,34,4,2,40,17,17,12.333333
SUPER_29,11190000,56,5,6,67,34,22,5.090909
SUPER_29,11200000,93,6,11,110,40,53,3.1176472
SUPER_29,11210000,134,9,11,154,69,65,5
SUPER_29,11220000,109,10,8,127,47,62,6.111111
SUPER_29,11230000,129,11,6,146,54,75,7.352941
SUPER_29,11240000,85,4,11,100,43,42,3.5333333
SUPER_29,11250000,0,0,0,0,0,0,0
SUPER_29,11260000,0,0,0,0,0,0,0
SUPER_29,11270000,0,0,0,0,0,0,0
SUPER_29,11280000,121,7,8,136,59,62,62.066666
SUPER_29,11290000,123,11,8,142,48,75,14.947369
SUPER_29,11300000,14,4,2,20,7,7,2.1666667
SUPER_29,11310000,26,4,4,34,14,12,5
SUPER_29,11320000,128,8,9,145,68,60,2.9411764
SUPER_29,11330000,125,10,12,147,51,74,7.5454545
SUPER_29,11340000,69,8,6,83,34,35,20.785715
SUPER_29,11350000,11,1,0,12,3,8,1
SUPER_29,11360000,1,0,1,2,1,0,2
SUPER_29,11370000,76,1,4,81,39,37,87.4
SUPER_29,11380000,72,2,7,81,44,28,11.333333
SUPER_29,11390000,47,4,7,58,32,15,20.09091
SUPER_29,11400000,131,10,13,154,63,68,6.521739
SUPER_29,11410000,41,8,8,57,20,21,3.3125
SUPER_29,11420000,161,15,14,190,84,77,6.793103
SUPER_29,11430000,88,4,5,97,48,40,1.6666666
SUPER_29,11440000,116,6,8,130,55,61,4.214286
SUPER_29,11450000,96,7,12,115,47,49,26.31579
SUPER_29,11460000,164,12,22,198,82,82,7.5882354
SUPER_29,11470000,108,7,8,123,55,53,9.266666
SUPER_29,11480000,132,6,12,150,70,62,75.05556
SUPER_29,11490000,16,0,0,16,9,7,NaN
SUPER_29,11500000,80,4,9,93,36,44,9.615385
SUPER_29,11510000,127,7,15,149,59,68,7
SUPER_29,11520000,72,12,6,90,34,38,2.7222223
SUPER_29,11530000,14,2,1,17,7,7,82
SUPER_29,11540000,92,7,11,110,42,50,13.888889
SUPER_29,11550000,82,5,5,92,30,52,5.1
SUPER_29,11560000,102,5,13,120,49,53,12.944445
SUPER_29,11570000,68,8,5,81,41,27,6.6153846
SUPER_29,11580000,93,11,7,111,52,41,9.5
SUPER_29,11590000,56,4,12,72,24,32,24.5625
SUPER_29,11600000,18,0,0,18,10,8,NaN
SUPER_29,11610000,109,9,16,134,64,45,11.92
SUPER_29,11620000,109,9,10,128,58,51,4
SUPER_29,11630000,62,3,7,72,42,20,9.1
SUPER_29,11640000,159,12,11,182,70,89,2.3913043
SUPER_29,11650000,195,17,11,223,100,95,6.25
SUPER_29,11660000,52,6,8,66,28,24,9.357142
SUPER_29,11670000,1,0,1,2,1,0,1
SUPER_29,11680000,152,5,9,166,73,79,6.928571
SUPER_29,11690000,110,6,7,123,57,53,3.3846154
SUPER_29,11700000,125,9,15,149,77,48,15.25
SUPER_29,11710000,88,5,7,100,34,54,6.3333335
SUPER_29,11720000,108,6,8,122,59,49,7.071429
SUPER_29,11730000,65,8,3,76,34,31,6.7272725
SUPER_29,11740000,76,5,6,87,40,36,6.181818
SUPER_29,11750000,29,2,5,36,8,21,12.285714
SUPER_29,11760000,5,1,0,6,1,4,1
SUPER_29,11770000,34,2,3,39,27,7,3.6
SUPER_29,11780000,0,0,0,0,0,0,0
SUPER_29,11790000,0,0,0,0,0,0,0
SUPER_29,11800000,4,1,0,5,1,3,4
SUPER_29,11810000,3,0,0,3,1,2,NaN
SUPER_29,11820000,1,0,0,1,1,0,NaN
SUPER_29,11830000,0,0,0,0,0,0,0
SUPER_29,11840000,0,0,0,0,0,0,0
SUPER_29,11850000,3,0,0,3,2,1,NaN
SUPER_29,11860000,32,3,3,38,19,13,4.3333335
SUPER_29,11870000,133,8,7,148,62,71,8.2
SUPER_29,11880000,2,0,0,2,1,1,NaN
SUPER_29,11890000,1,0,0,1,1,0,NaN
SUPER_29,11900000,1,0,0,1,1,0,NaN
SUPER_29,11910000,3,1,0,4,1,2,1
SUPER_29,11920000,126,19,12,157,60,66,12.032258
SUPER_29,11930000,12,2,0,14,7,5,3.5
SUPER_29,11940000,5,2,0,7,4,1,5
SUPER_29,11950000,5,1,0,6,3,2,1
SUPER_29,11960000,126,10,14,150,64,62,16.5
SUPER_29,11970000,60,5,10,75,32,28,4.133333
SUPER_29,11980000,30,2,1,33,14,16,21
SUPER_29,11990000,82,8,17,107,41,41,4.76
SUPER_29,12000000,145,13,15,173,69,76,14.785714
SUPER_29,12010000,110,8,7,125,54,56,15
SUPER_29,12020000,55,5,4,64,28,27,4.2222223
SUPER_29,12030000,119,11,9,139,69,50,6.15
SUPER_29,12040000,102,7,8,117,54,48,7.133333
SUPER_29,12050000,137,11,6,154,66,71,4.352941
SUPER_29,12060000,61,10,6,77,28,33,4.9375
SUPER_29,12070000,43,2,5,50,22,21,8.857142
SUPER_29,12080000,105,9,12,126,45,60,6
SUPER_29,12090000,66,5,7,78,40,26,5.5833335
SUPER_29,12100000,21,3,4,28,11,10,1.1428572
SUPER_29,12110000,125,9,8,142,58,67,18.294117
SUPER_29,12120000,207,16,11,234,102,105,13.666667
SUPER_29,12130000,45,0,5,50,24,21,15
SUPER_29,12140000,56,3,5,64,28,28,67
SUPER_29,12150000,93,12,12,117,50,43,13.208333
SUPER_29,12160000,57,6,2,65,30,27,5.75
SUPER_29,12170000,148,12,11,171,68,80,8.869565
SUPER_29,12180000,100,13,6,119,47,53,2.8421052
SUPER_29,12190000,7,0,1,8,2,5,1
SUPER_29,12200000,3,0,2,5,1,2,1.5
SUPER_29,12210000,57,4,2,63,26,31,6.6666665
SUPER_29,12220000,43,3,2,48,17,26,13.4
SUPER_29,12230000,18,2,0,20,14,4,1
SUPER_29,12240000,84,4,11,99,41,43,19.4
SUPER_29,12250000,68,3,5,76,24,44,6
SUPER_29,12260000,69,7,10,86,30,39,16.82353
SUPER_29,12270000,68,9,5,82,38,30,5.714286
SUPER_29,12280000,131,11,15,157,65,66,33.23077
SUPER_29,12290000,160,8,11,179,78,82,3.8947368
SUPER_29,12300000,52,6,5,63,26,26,9.090909
SUPER_29,12310000,4,0,0,4,3,1,NaN
SUPER_29,12320000,44,1,4,49,19,25,2.6
SUPER_29,12330000,93,4,1,98,46,47,1.4
SUPER_29,12340000,1,0,0,1,1,0,NaN
SUPER_29,12350000,0,0,1,1,0,0,18
SUPER_29,12360000,69,10,8,87,34,35,10.611111
SUPER_29,12370000,84,8,8,100,35,49,10.3125
SUPER_29,12380000,129,13,5,147,69,60,10.388889
SUPER_29,12390000,29,1,2,32,17,12,1
SUPER_29,12400000,0,1,0,1,0,0,4
SUPER_29,12410000,1,1,1,3,0,1,1.5
SUPER_29,12420000,1,0,0,1,0,1,NaN
SUPER_29,12430000,2,0,0,2,1,1,NaN
SUPER_29,12440000,1,0,0,1,0,1,NaN
SUPER_29,12450000,1,0,0,1,0,1,NaN
SUPER_29,12460000,2,1,0,3,2,0,1
SUPER_29,12470000,0,1,0,1,0,0,1
SUPER_29,12480000,1,2,0,3,1,0,8.5
SUPER_29,12490000,2,0,0,2,2,0,NaN
SUPER_29,12500000,1,0,0,1,1,0,NaN
SUPER_29,12510000,0,0,1,1,0,0,1
SUPER_29,12520000,1,0,0,1,0,1,NaN
SUPER_29,12530000,34,1,1,36,20,14,2.5
SUPER_29,12540000,77,8,5,90,34,43,3.6923077
SUPER_29,12550000,174,13,11,198,85,89,6.3333335
SUPER_29,12560000,1,0,0,1,1,0,NaN
SUPER_29,12570000,3,1,0,4,1,2,8
SUPER_29,12580000,118,1,7,126,60,58,4.25
SUPER_29,12590000,133,11,7,151,66,67,6.3333335
SUPER_29,12600000,121,10,10,141,64,57,14.8
SUPER_29,12610000,114,7,9,130,60,54,9
SUPER_29,12620000,28,1,3,32,12,16,5.75
SUPER_29,12630000,65,7,4,76,34,31,17.09091
SUPER_29,12640000,46,5,3,54,21,25,13.5
SUPER_29,12650000,86,5,7,98,44,42,19.416666
SUPER_29,12660000,30,6,5,41,18,12,3.909091
SUPER_29,12670000,42,6,3,51,24,18,5.7777777
SUPER_29,12680000,199,13,19,231,91,108,7.34375
SUPER_29,12690000,90,5,5,100,50,40,3.5
SUPER_29,12700000,104,8,5,117,58,46,8.923077
SUPER_29,12710000,207,18,15,240,100,107,6.151515
SUPER_29,12720000,138,7,10,155,63,75,3.7058823
SUPER_29,12730000,128,16,8,152,58,70,10.041667
SUPER_29,12740000,32,2,4,38,16,16,2.8333333
SUPER_29,12750000,84,10,8,102,40,44,12.611111
SUPER_29,12760000,53,3,4,60,25,28,4.428571
SUPER_29,12770000,54,5,4,63,31,23,3.6666667
SUPER_29,12780000,164,13,11,188,84,80,6.2916665
SUPER_29,12790000,109,10,4,123,57,52,4.071429
SUPER_29,12800000,30,1,1,32,19,11,2
SUPER_W,10000,0,0,0,0,0,0,0
SUPER_W,20000,0,0,0,0,0,0,0
SUPER_W,30000,0,0,0,0,0,0,0
SUPER_W,40000,0,0,0,0,0,0,0
SUPER_W,50000,50,5,8,63,18,32,2.2307692
SUPER_W,60000,46,6,1,53,23,23,2.2857144
SUPER_W,70000,5,0,0,5,1,4,NaN
SUPER_W,80000,17,3,5,25,5,12,2.75
SUPER_W,90000,35,5,8,48,13,22,4.769231
SUPER_W,100000,41,6,9,56,20,21,3.2
SUPER_W,110000,0,0,0,0,0,0,0
SUPER_W,120000,0,0,0,0,0,0,0
SUPER_W,130000,0,0,0,0,0,0,0
SUPER_W,140000,0,0,0,0,0,0,0
SUPER_W,150000,0,0,0,0,0,0,0
SUPER_W,160000,0,0,0,0,0,0,0
SUPER_W,170000,0,0,0,0,0,0,0
SUPER_W,180000,0,0,0,0,0,0,0
SUPER_W,190000,0,0,0,0,0,0,0
SUPER_W,200000,0,0,0,0,0,0,0
SUPER_W,210000,0,0,0,0,0,0,0
SUPER_W,220000,0,0,0,0,0,0,0
SUPER_W,230000,0,0,0,0,0,0,0
SUPER_W,240000,0,0,0,0,0,0,0
SUPER_W,250000,13,5,5,23,7,6,1.5
SUPER_W,260000,2,0,0,2,1,1,NaN
SUPER_W,270000,5,0,2,7,1,4,2
SUPER_W,280000,1,0,0,1,0,1,NaN
SUPER_W,290000,5,1,1,7,4,1,2.5
SUPER_W,300000,0,0,0,0,0,0,0
SUPER_W,310000,0,0,0,0,0,0,0
SUPER_W,320000,0,0,0,0,0,0,0
SUPER_W,330000,0,0,0,0,0,0,0
SUPER_W,340000,0,0,0,0,0,0,0
SUPER_W,350000,0,0,0,0,0,0,0
SUPER_W,360000,45,3,3,51,25,20,4.8333335
SUPER_W,370000,0,1,0,1,0,0,1
SUPER_W,380000,0,0,0,0,0,0,0
SUPER_W,390000,0,0,0,0,0,0,0
SUPER_W,400000,0,0,0,0,0,0,0
SUPER_W,410000,0,0,0,0,0,0,0
SUPER_W,420000,0,0,0,0,0,0,0
SUPER_W,430000,0,0,0,0,0,0,0
SUPER_W,440000,0,0,0,0,0,0,0
SUPER_W,450000,0,0,0,0,0,0,0
SUPER_W,460000,0,0,0,0,0,0,0
SUPER_W,470000,0,0,0,0,0,0,0
SUPER_W,480000,7,1,0,8,3,4,1
SUPER_W,490000,0,0,0,0,0,0,0
SUPER_W,500000,0,0,0,0,0,0,0
SUPER_W,510000,0,0,0,0,0,0,0
SUPER_W,520000,0,0,0,0,0,0,0
SUPER_W,530000,15,1,0,16,6,9,1
SUPER_W,540000,0,0,0,0,0,0,0
SUPER_W,550000,0,0,0,0,0,0,0
SUPER_W,560000,0,0,0,0,0,0,0
SUPER_W,570000,0,0,0,0,0,0,0
SUPER_W,580000,0,0,0,0,0,0,0
SUPER_W,590000,28,4,1,33,13,15,4.6
SUPER_W,600000,0,0,0,0,0,0,0
SUPER_W,610000,0,0,0,0,0,0,0
SUPER_W,620000,0,0,0,0,0,0,0
SUPER_W,630000,0,0,0,0,0,0,0
SUPER_W,640000,0,0,0,0,0,0,0
SUPER_W,650000,0,0,0,0,0,0,0
SUPER_W,660000,0,0,0,0,0,0,0
SUPER_W,670000,0,0,0,0,0,0,0
SUPER_W,680000,0,0,0,0,0,0,0
SUPER_W,690000,0,0,0,0,0,0,0
SUPER_W,700000,0,0,0,0,0,0,0
SUPER_W,710000,0,0,0,0,0,0,0
SUPER_W,720000,0,0,0,0,0,0,0
SUPER_W,730000,0,0,0,0,0,0,0
SUPER_W,740000,9,1,2,12,4,5,1.3333334
SUPER_W,750000,0,0,0,0,0,0,0
SUPER_W,760000,0,0,0,0,0,0,0
SUPER_W,770000,0,0,0,0,0,0,0
SUPER_W,780000,0,0,0,0,0,0,0
SUPER_W,790000,0,0,0,0,0,0,0
SUPER_W,800000,44,1,5,50,23,21,7.5
SUPER_W,810000,0,0,0,0,0,0,0
SUPER_W,820000,0,0,0,0,0,0,0
SUPER_W,830000,0,0,0,0,0,0,0
SUPER_W,840000,0,0,0,0,0,0,0
SUPER_W,850000,0,0,0,0,0,0,0
SUPER_W,860000,0,0,0,0,0,0,0
SUPER_W,870000,0,0,0,0,0,0,0
SUPER_W,880000,0,0,0,0,0,0,0
SUPER_W,890000,0,0,0,0,0,0,0
SUPER_W,900000,0,0,0,0,0,0,0
SUPER_W,910000,0,0,0,0,0,0,0
SUPER_W,920000,0,0,0,0,0,0,0
SUPER_W,930000,0,0,0,0,0,0,0
SUPER_W,940000,0,0,0,0,0,0,0
SUPER_W,950000,0,0,0,0,0,0,0
SUPER_W,960000,0,0,0,0,0,0,0
SUPER_W,970000,0,0,0,0,0,0,0
SUPER_W,980000,0,0,0,0,0,0,0
SUPER_W,990000,0,0,0,0,0,0,0
SUPER_W,1000000,0,0,0,0,0,0,0
SUPER_W,1010000,0,0,0,0,0,0,0
SUPER_W,1020000,0,0,0,0,0,0,0
SUPER_W,1030000,0,0,0,0,0,0,0
SUPER_W,1040000,0,0,0,0,0,0,0
SUPER_W,1050000,0,0,0,0,0,0,0
SUPER_W,1060000,0,0,0,0,0,0,0
SUPER_W,1070000,0,0,0,0,0,0,0
SUPER_W,1080000,0,0,0,0,0,0,0
SUPER_W,1090000,0,0,0,0,0,0,0
SUPER_W,1100000,2,2,0,4,0,2,2
SUPER_W,1110000,0,0,0,0,0,0,0
SUPER_W,1120000,0,0,0,0,0,0,0
SUPER_W,1130000,0,0,0,0,0,0,0
SUPER_W,1140000,0,0,0,0,0,0,0
SUPER_W,1150000,0,0,0,0,0,0,0
SUPER_W,1160000,0,0,0,0,0,0,0
SUPER_W,1170000,0,0,0,0,0,0,0
SUPER_W,1180000,0,0,0,0,0,0,0
SUPER_W,1190000,0,0,0,0,0,0,0
SUPER_W,1200000,0,0,0,0,0,0,0
SUPER_W,1210000,0,0,0,0,0,0,0
SUPER_W,1220000,0,0,0,0,0,0,0
SUPER_W,1230000,2,3,2,7,1,1,1
SUPER_W,1240000,4,1,0,5,2,2,1
SUPER_W,1250000,0,0,0,0,0,0,0
SUPER_W,1260000,0,0,0,0,0,0,0
SUPER_W,1270000,0,0,0,0,0,0,0
SUPER_W,1280000,0,0,0,0,0,0,0
SUPER_W,1290000,0,0,0,0,0,0,0
SUPER_W,1300000,0,0,0,0,0,0,0
SUPER_W,1310000,0,0,0,0,0,0,0
SUPER_W,1320000,0,0,0,0,0,0,0
SUPER_W,1330000,0,0,0,0,0,0,0
SUPER_W,1340000,0,0,0,0,0,0,0
SUPER_W,1350000,0,0,0,0,0,0,0
SUPER_W,1360000,0,0,0,0,0,0,0
SUPER_W,1370000,0,0,0,0,0,0,0
SUPER_W,1380000,0,0,0,0,0,0,0
SUPER_W,1390000,0,0,0,0,0,0,0
SUPER_W,1400000,0,0,0,0,0,0,0
SUPER_W,1410000,0,0,0,0,0,0,0
SUPER_W,1420000,0,0,0,0,0,0,0
SUPER_W,1430000,0,0,0,0,0,0,0
SUPER_W,1440000,0,0,0,0,0,0,0
SUPER_W,1450000,0,0,0,0,0,0,0
SUPER_W,1460000,0,0,0,0,0,0,0
SUPER_W,1470000,0,0,0,0,0,0,0
SUPER_W,1480000,0,0,0,0,0,0,0
SUPER_W,1490000,0,0,0,0,0,0,0
SUPER_W,1500000,0,0,0,0,0,0,0
SUPER_W,1510000,0,0,0,0,0,0,0
SUPER_W,1520000,0,0,0,0,0,0,0
SUPER_W,1530000,0,0,0,0,0,0,0
SUPER_W,1540000,0,0,0,0,0,0,0
SUPER_W,1550000,0,0,0,0,0,0,0
SUPER_W,1560000,0,0,0,0,0,0,0
SUPER_W,1570000,0,0,0,0,0,0,0
SUPER_W,1580000,0,0,0,0,0,0,0
SUPER_W,1590000,0,0,0,0,0,0,0
SUPER_W,1600000,0,0,0,0,0,0,0
SUPER_W,1610000,0,0,0,0,0,0,0
SUPER_W,1620000,0,0,0,0,0,0,0
SUPER_W,1630000,0,0,0,0,0,0,0
SUPER_W,1640000,0,0,0,0,0,0,0
SUPER_W,1650000,0,0,0,0,0,0,0
SUPER_W,1660000,0,0,0,0,0,0,0
SUPER_W,1670000,0,0,0,0,0,0,0
SUPER_W,1680000,0,0,0,0,0,0,0
SUPER_W,1690000,0,0,0,0,0,0,0
SUPER_W,1700000,0,0,0,0,0,0,0
SUPER_W,1710000,0,0,0,0,0,0,0
SUPER_W,1720000,0,0,0,0,0,0,0
SUPER_W,1730000,0,0,0,0,0,0,0
SUPER_W,1740000,0,0,0,0,0,0,0
SUPER_W,1750000,0,0,0,0,0,0,0
SUPER_W,1760000,0,0,0,0,0,0,0
SUPER_W,1770000,0,0,0,0,0,0,0
SUPER_W,1780000,0,0,0,0,0,0,0
SUPER_W,1790000,0,0,0,0,0,0,0
SUPER_W,1800000,0,0,0,0,0,0,0
SUPER_W,1810000,0,0,0,0,0,0,0
SUPER_W,1820000,0,0,0,0,0,0,0
SUPER_W,1830000,0,0,0,0,0,0,0
SUPER_W,1840000,0,0,0,0,0,0,0
SUPER_W,1850000,0,0,0,0,0,0,0
SUPER_W,1860000,0,0,0,0,0,0,0
SUPER_W,1870000,0,0,0,0,0,0,0
SUPER_W,1880000,0,0,0,0,0,0,0
SUPER_W,1890000,0,0,0,0,0,0,0
SUPER_W,1900000,0,0,0,0,0,0,0
SUPER_W,1910000,0,0,0,0,0,0,0
SUPER_W,1920000,0,0,0,0,0,0,0
SUPER_W,1930000,0,0,0,0,0,0,0
SUPER_W,1940000,0,0,0,0,0,0,0
SUPER_W,1950000,0,0,0,0,0,0,0
SUPER_W,1960000,0,0,0,0,0,0,0
SUPER_W,1970000,0,0,0,0,0,0,0
SUPER_W,1980000,0,0,0,0,0,0,0
SUPER_W,1990000,0,0,0,0,0,0,0
SUPER_W,2000000,0,0,0,0,0,0,0
SUPER_W,2010000,0,0,0,0,0,0,0
SUPER_W,2020000,0,0,0,0,0,0,0
SUPER_W,2030000,0,0,0,0,0,0,0
SUPER_W,2040000,0,0,0,0,0,0,0
SUPER_W,2050000,0,0,0,0,0,0,0
SUPER_W,2060000,0,0,0,0,0,0,0
SUPER_W,2070000,0,0,0,0,0,0,0
SUPER_W,2080000,0,0,0,0,0,0,0
SUPER_W,2090000,0,0,0,0,0,0,0
SUPER_W,2100000,0,0,0,0,0,0,0
SUPER_W,2110000,0,0,0,0,0,0,0
SUPER_W,2120000,0,0,0,0,0,0,0
SUPER_W,2130000,5,7,7,19,1,4,1.7857143
SUPER_W,2140000,0,0,0,0,0,0,0
SUPER_W,2150000,0,0,0,0,0,0,0
SUPER_W,2160000,0,0,0,0,0,0,0
SUPER_W,2170000,0,0,0,0,0,0,0
SUPER_W,2180000,0,1,1,2,0,0,1.5
SUPER_W,2190000,0,1,0,1,0,0,2
SUPER_W,2200000,0,0,0,0,0,0,0
SUPER_W,2210000,0,0,0,0,0,0,0
SUPER_W,2220000,0,0,0,0,0,0,0
SUPER_W,2230000,0,0,0,0,0,0,0
SUPER_W,2240000,0,0,0,0,0,0,0
SUPER_W,2250000,0,0,0,0,0,0,0
SUPER_W,2260000,0,0,0,0,0,0,0
SUPER_W,2270000,0,0,0,0,0,0,0
SUPER_W,2280000,1,2,1,4,0,1,1.3333334
SUPER_W,2290000,0,1,0,1,0,0,1
SUPER_W,2300000,1,0,0,1,0,1,NaN
SUPER_W,2310000,1,0,0,1,1,0,NaN
SUPER_W,2320000,12,2,1,15,5,7,4
SUPER_W,2330000,32,2,4,38,17,15,10.666667
SUPER_W,2340000,14,0,1,15,9,5,4
SUPER_W,2350000,1,1,0,2,1,0,4
SUPER_W,2360000,0,0,0,0,0,0,0
SUPER_W,2370000,0,0,0,0,0,0,0
SUPER_W,2380000,0,0,0,0,0,0,0
SUPER_W,2390000,0,0,0,0,0,0,0
SUPER_W,2400000,0,0,0,0,0,0,0
SUPER_W,2410000,0,0,0,0,0,0,0
SUPER_W,2420000,7,1,9,17,4,3,1.8
SUPER_W,2430000,0,1,2,3,0,0,2
SUPER_W,2440000,1,1,1,3,0,1,1.5
SUPER_W,2450000,1,1,3,5,0,1,1.5
SUPER_W,2460000,3,1,3,7,1,2,1.5
SUPER_W,2470000,7,3,2,12,3,4,2.4
SUPER_W,2480000,1,0,1,2,0,1,1
SUPER_W,2490000,0,0,0,0,0,0,0
SUPER_W,2500000,0,0,0,0,0,0,0
SUPER_W,2510000,0,0,0,0,0,0,0
SUPER_W,2520000,1,1,3,5,1,0,2
SUPER_W,2530000,0,0,1,1,0,0,2
SUPER_W,2540000,1,2,2,5,0,1,1.75
SUPER_W,2550000,0,0,0,0,0,0,0
SUPER_W,2560000,0,0,0,0,0,0,0
SUPER_W,2570000,7,0,0,7,5,2,NaN
SUPER_W,2580000,1,1,0,2,0,1,2
SUPER_W,2590000,0,0,0,0,0,0,0
SUPER_W,2600000,0,0,0,0,0,0,0
SUPER_W,2610000,0,1,5,6,0,0,2
SUPER_W,2620000,0,1,2,3,0,0,1.3333334
SUPER_W,2630000,1,1,3,5,1,0,2
SUPER_W,2640000,0,0,0,0,0,0,0
SUPER_W,2650000,0,0,0,0,0,0,0
SUPER_W,2660000,0,0,0,0,0,0,0
SUPER_W,2670000,0,0,0,0,0,0,0
SUPER_W,2680000,1,0,2,3,0,1,2
SUPER_W,2690000,1,2,2,5,1,0,3
SUPER_W,2700000,1,0,1,2,0,1,147
SUPER_W,2710000,0,0,0,0,0,0,0
SUPER_W,2720000,0,0,0,0,0,0,0
SUPER_W,2730000,0,0,0,0,0,0,0
SUPER_W,2740000,17,2,1,20,11,6,3.3333333
SUPER_W,2750000,19,1,1,21,12,7,3.5
SUPER_W,2760000,25,2,2,29,13,12,4
SUPER_W,2770000,33,1,3,37,17,16,4.75
SUPER_W,2780000,15,1,2,18,9,6,5
SUPER_W,2790000,50,1,3,54,27,23,8.5
SUPER_W,2800000,25,2,4,31,15,10,9.666667
SUPER_W,2810000,11,0,3,14,7,4,28
SUPER_W,2820000,80,0,0,80,49,31,NaN
SUPER_W,2830000,75,0,0,75,53,22,NaN
SUPER_W,2840000,44,2,0,46,29,15,2.5
SUPER_W,2850000,34,0,0,34,19,15,NaN
SUPER_W,2860000,30,3,0,33,19,11,1
SUPER_W,2870000,59,1,0,60,38,21,1
SUPER_W,2880000,1,0,0,1,1,0,NaN
SUPER_W,2890000,10,0,2,12,5,5,4.5
SUPER_W,2900000,1,1,1,3,1,0,1
SUPER_W,2910000,8,0,0,8,6,2,NaN
SUPER_W,2920000,5,0,1,6,4,1,4
SUPER_W,2930000,18,1,2,21,11,7,4
SUPER_W,2940000,23,1,1,25,11,12,5
SUPER_W,2950000,3,0,1,4,2,1,28
SUPER_W,2960000,6,0,0,6,2,4,NaN
SUPER_W,2970000,76,1,4,81,33,43,189.8
SUPER_W,2980000,19,1,1,21,9,10,1
SUPER_W,2990000,30,1,0,31,15,15,2
SUPER_W,3000000,33,0,2,35,17,16,82.5
SUPER_W,3010000,35,0,0,35,21,14,NaN
SUPER_W,3020000,27,2,0,29,14,13,1
SUPER_W,3030000,14,0,0,14,8,6,NaN
SUPER_W,3040000,14,0,0,14,8,6,NaN
SUPER_W,3050000,16,0,0,16,7,9,NaN
SUPER_W,3060000,10,0,1,11,4,6,164
SUPER_W,3070000,4,0,0,4,3,1,NaN
SUPER_W,3080000,4,0,2,6,2,2,3
SUPER_W,3090000,4,4,1,9,3,1,5
SUPER_W,3100000,1,1,0,2,0,1,3
SUPER_W,3110000,2,1,3,6,1,1,4.75
SUPER_W,3120000,1,1,1,3,0,1,9
SUPER_W,3130000,0,0,0,0,0,0,0
SUPER_W,3140000,0,0,0,0,0,0,0
SUPER_W,3150000,0,0,0,0,0,0,0
SUPER_W,3160000,0,0,0,0,0,0,0
SUPER_W,3170000,8,4,7,19,3,5,2.4545455
SUPER_W,3180000,0,0,0,0,0,0,0
SUPER_W,3190000,0,0,0,0,0,0,0
SUPER_W,3200000,1,2,0,3,1,0,1.5
SUPER_W,3210000,3,0,1,4,0,3,1
SUPER_W,3220000,1,0,1,2,1,0,1
SUPER_W,3230000,2,1,2,5,0,2,1
SUPER_W,3240000,2,0,0,2,1,1,NaN
SUPER_W,3250000,0,0,0,0,0,0,0
SUPER_W,3260000,0,0,0,0,0,0,0
SUPER_W,3270000,2,1,1,4,1,1,1.5
SUPER_W,3280000,1,1,1,3,1,0,1
SUPER_W,3290000,0,1,0,1,0,0,1
SUPER_W,3300000,1,0,0,1,0,1,NaN
SUPER_W,3310000,1,0,0,1,0,1,NaN
SUPER_W,3320000,0,0,0,0,0,0,0
SUPER_W,3330000,0,0,0,0,0,0,0
SUPER_W,3340000,2,0,1,3,0,2,1
SUPER_W,3350000,0,0,0,0,0,0,0
SUPER_W,3360000,0,0,0,0,0,0,0
SUPER_W,3370000,0,0,0,0,0,0,0
SUPER_W,3380000,8,0,0,8,3,5,NaN
SUPER_W,3390000,1,0,0,1,0,1,NaN
SUPER_W,3400000,1,0,0,1,1,0,NaN
SUPER_W,3410000,0,0,0,0,0,0,0
SUPER_W,3420000,0,0,0,0,0,0,0
SUPER_W,3430000,7,2,0,9,3,4,1
SUPER_W,3440000,27,4,2,33,14,13,2.3333333
SUPER_W,3450000,2,0,0,2,2,0,NaN
SUPER_W,3460000,1,0,1,2,0,1,774
SUPER_W,3470000,2,0,0,2,1,1,NaN
SUPER_W,3480000,1,0,0,1,1,0,NaN
SUPER_W,3490000,0,0,0,0,0,0,0
SUPER_W,3500000,0,0,0,0,0,0,0
SUPER_W,3510000,3,2,1,6,0,3,1.3333334
SUPER_W,3520000,0,0,0,0,0,0,0
SUPER_W,3530000,0,0,0,0,0,0,0
SUPER_W,3540000,0,0,0,0,0,0,0
SUPER_W,3550000,0,0,0,0,0,0,0
SUPER_W,3560000,0,0,0,0,0,0,0
SUPER_W,3570000,0,0,0,0,0,0,0
SUPER_W,3580000,0,0,0,0,0,0,0
SUPER_W,3590000,0,0,0,0,0,0,0
SUPER_W,3600000,0,0,0,0,0,0,0
SUPER_W,3610000,0,0,0,0,0,0,0
SUPER_W,3620000,0,0,0,0,0,0,0
SUPER_W,3630000,0,0,0,0,0,0,0
SUPER_W,3640000,0,0,0,0,0,0,0
SUPER_W,3650000,0,0,0,0,0,0,0
SUPER_W,3660000,0,0,0,0,0,0,0
SUPER_W,3670000,17,2,1,20,10,7,5
SUPER_W,3680000,0,0,0,0,0,0,0
SUPER_W,3690000,0,0,0,0,0,0,0
SUPER_W,3700000,0,0,0,0,0,0,0
SUPER_W,3710000,0,0,0,0,0,0,0
SUPER_W,3720000,0,0,0,0,0,0,0
SUPER_W,3730000,0,0,0,0,0,0,0
SUPER_W,3740000,0,0,0,0,0,0,0
SUPER_W,3750000,0,0,0,0,0,0,0
SUPER_W,3760000,2,2,1,5,1,1,1.3333334
SUPER_W,3770000,0,0,0,0,0,0,0
SUPER_W,3780000,0,0,0,0,0,0,0
SUPER_W,3790000,0,0,0,0,0,0,0
SUPER_W,3800000,0,0,0,0,0,0,0
SUPER_W,3810000,0,0,0,0,0,0,0
SUPER_W,3820000,0,0,0,0,0,0,0
SUPER_W,3830000,0,0,0,0,0,0,0
SUPER_W,3840000,0,0,0,0,0,0,0
SUPER_W,3850000,0,0,0,0,0,0,0
SUPER_W,3860000,0,0,0,0,0,0,0
SUPER_W,3870000,0,1,2,3,0,0,1
SUPER_W,3880000,0,0,0,0,0,0,0
SUPER_W,3890000,0,0,0,0,0,0,0
SUPER_W,3900000,0,0,0,0,0,0,0
SUPER_W,3910000,0,0,0,0,0,0,0
SUPER_W,3920000,0,0,0,0,0,0,0
SUPER_W,3930000,0,0,0,0,0,0,0
SUPER_W,3940000,0,0,0,0,0,0,0
SUPER_W,3950000,0,0,0,0,0,0,0
SUPER_W,3960000,0,0,0,0,0,0,0
SUPER_W,3970000,0,0,0,0,0,0,0
SUPER_W,3980000,0,0,0,0,0,0,0
SUPER_W,3990000,0,0,0,0,0,0,0
SUPER_W,4000000,0,0,0,0,0,0,0
SUPER_W,4010000,0,0,0,0,0,0,0
SUPER_W,4020000,0,0,0,0,0,0,0
SUPER_W,4030000,0,0,0,0,0,0,0
SUPER_W,4040000,0,0,0,0,0,0,0
SUPER_W,4050000,0,0,0,0,0,0,0
SUPER_W,4060000,0,0,0,0,0,0,0
SUPER_W,4070000,0,0,0,0,0,0,0
SUPER_W,4080000,0,0,0,0,0,0,0
SUPER_W,4090000,0,0,0,0,0,0,0
SUPER_W,4100000,0,0,0,0,0,0,0
SUPER_W,4110000,0,0,0,0,0,0,0
SUPER_W,4120000,0,0,0,0,0,0,0
SUPER_W,4130000,0,0,0,0,0,0,0
SUPER_W,4140000,4,4,4,12,1,3,1.125
SUPER_W,4150000,0,0,0,0,0,0,0
SUPER_W,4160000,0,0,0,0,0,0,0
SUPER_W,4170000,0,0,0,0,0,0,0
SUPER_W,4180000,0,0,0,0,0,0,0
SUPER_W,4190000,0,0,0,0,0,0,0
SUPER_W,4200000,0,0,0,0,0,0,0
SUPER_W,4210000,0,0,0,0,0,0,0
SUPER_W,4220000,0,0,0,0,0,0,0
SUPER_W,4230000,0,0,0,0,0,0,0
SUPER_W,4240000,0,0,0,0,0,0,0
SUPER_W,4250000,0,0,0,0,0,0,0
SUPER_W,4260000,0,0,0,0,0,0,0
SUPER_W,4270000,0,0,0,0,0,0,0
SUPER_W,4280000,0,0,0,0,0,0,0
SUPER_W,4290000,0,0,0,0,0,0,0
SUPER_W,4300000,0,0,0,0,0,0,0
SUPER_W,4310000,4,1,3,8,2,2,2
SUPER_W,4320000,1,0,0,1,1,0,NaN
SUPER_W,4330000,0,0,0,0,0,0,0
SUPER_W,4340000,0,0,0,0,0,0,0
SUPER_W,4350000,1,1,1,3,1,0,1
SUPER_W,4360000,33,3,5,41,17,16,9.875
SUPER_W,4370000,0,0,0,0,0,0,0
SUPER_W,4380000,0,0,0,0,0,0,0
SUPER_W,4390000,0,0,0,0,0,0,0
SUPER_W,4400000,0,0,0,0,0,0,0
SUPER_W,4410000,0,0,0,0,0,0,0
SUPER_W,4420000,0,0,0,0,0,0,0
SUPER_W,4430000,0,0,0,0,0,0,0
SUPER_W,4440000,0,0,0,0,0,0,0
SUPER_W,4450000,0,0,0,0,0,0,0
SUPER_W,4460000,0,0,0,0,0,0,0
SUPER_W,4470000,0,0,0,0,0,0,0
SUPER_W,4480000,0,0,0,0,0,0,0
SUPER_W,4490000,0,0,0,0,0,0,0
SUPER_W,4500000,0,0,0,0,0,0,0
SUPER_W,4510000,0,0,0,0,0,0,0
SUPER_W,4520000,0,0,0,0,0,0,0
SUPER_W,4530000,0,0,0,0,0,0,0
SUPER_W,4540000,0,0,0,0,0,0,0
SUPER_W,4550000,18,1,2,21,10,8,1
SUPER_W,4560000,2,0,0,2,1,1,NaN
SUPER_W,4570000,0,0,0,0,0,0,0
SUPER_W,4580000,0,0,0,0,0,0,0
SUPER_W,4590000,0,0,0,0,0,0,0
SUPER_W,4600000,0,0,0,0,0,0,0
SUPER_W,4610000,0,0,0,0,0,0,0
SUPER_W,4620000,0,0,0,0,0,0,0
SUPER_W,4630000,0,0,0,0,0,0,0
SUPER_W,4640000,0,0,0,0,0,0,0
SUPER_W,4650000,0,0,0,0,0,0,0
SUPER_W,4660000,6,2,0,8,2,4,4.5
SUPER_W,4670000,0,1,0,1,0,0,2
SUPER_W,4680000,64,3,3,70,34,30,32.5
SUPER_W,4690000,59,5,7,71,28,31,9
SUPER_W,4700000,40,4,1,45,14,26,1.6
SUPER_W,4710000,66,5,5,76,32,34,3.1
SUPER_W,4720000,0,0,0,0,0,0,0
SUPER_W,4730000,0,0,0,0,0,0,0
SUPER_W,4740000,0,0,0,0,0,0,0
SUPER_W,4750000,0,0,0,0,0,0,0
SUPER_W,4760000,0,0,0,0,0,0,0
SUPER_W,4770000,0,0,0,0,0,0,0
SUPER_W,4780000,0,0,0,0,0,0,0
SUPER_W,4790000,133,10,7,150,62,71,7.8235292
SUPER_W,4800000,10,1,1,12,5,5,5
SUPER_W,4810000,6,0,0,6,4,2,NaN
SUPER_W,4820000,0,0,0,0,0,0,0
SUPER_W,4830000,0,0,0,0,0,0,0
SUPER_W,4840000,0,0,0,0,0,0,0
SUPER_W,4850000,0,0,0,0,0,0,0
SUPER_W,4860000,0,0,0,0,0,0,0
SUPER_W,4870000,0,0,0,0,0,0,0
SUPER_W,4880000,0,0,0,0,0,0,0
SUPER_W,4890000,0,0,0,0,0,0,0
SUPER_W,4900000,0,0,0,0,0,0,0
SUPER_W,4910000,0,0,0,0,0,0,0
SUPER_W,4920000,0,0,0,0,0,0,0
SUPER_W,4930000,0,0,0,0,0,0,0
SUPER_W,4940000,0,0,0,0,0,0,0
SUPER_W,4950000,21,3,0,24,11,10,1
SUPER_W,4960000,4,0,1,5,2,2,6
SUPER_W,4970000,45,2,2,49,21,24,4.75
SUPER_W,4980000,57,1,3,61,18,39,3.25
SUPER_W,4990000,3,0,0,3,0,3,NaN
SUPER_W,5000000,15,1,1,17,7,8,3.5
SUPER_W,5010000,9,1,0,10,6,3,7
SUPER_W,5020000,6,2,0,8,3,3,6.5
SUPER_W,5030000,3,1,0,4,1,2,1
SUPER_W,5040000,9,0,0,9,5,4,NaN
SUPER_W,5050000,27,1,1,29,20,7,4.5
SUPER_W,5060000,57,3,0,60,19,38,8
SUPER_W,5070000,67,0,0,67,22,45,NaN
SUPER_W,5080000,8,0,0,8,1,7,NaN
SUPER_W,5090000,77,2,0,79,31,46,8
SUPER_W,5100000,182,5,6,193,84,98,7.5454545
SUPER_W,5110000,57,5,2,64,24,33,4.714286
SUPER_W,5120000,0,0,0,0,0,0,0
SUPER_W,5130000,0,0,0,0,0,0,0
SUPER_W,5140000,0,0,0,0,0,0,0
SUPER_W,5150000,0,0,0,0,0,0,0
SUPER_W,5160000,0,0,0,0,0,0,0
SUPER_W,5170000,0,0,0,0,0,0,0
SUPER_W,5180000,0,0,0,0,0,0,0
SUPER_W,5190000,0,0,0,0,0,0,0
SUPER_W,5200000,0,0,0,0,0,0,0
SUPER_W,5210000,0,0,0,0,0,0,0
SUPER_W,5220000,0,0,0,0,0,0,0
SUPER_W,5230000,0,0,0,0,0,0,0
SUPER_W,5240000,0,0,0,0,0,0,0
SUPER_W,5250000,0,0,0,0,0,0,0
SUPER_W,5260000,0,0,0,0,0,0,0
SUPER_W,5270000,0,0,0,0,0,0,0
SUPER_W,5280000,0,0,0,0,0,0,0
SUPER_W,5290000,0,0,0,0,0,0,0
SUPER_W,5300000,0,0,0,0,0,0,0
SUPER_W,5310000,0,0,0,0,0,0,0
SUPER_W,5320000,0,0,0,0,0,0,0
SUPER_W,5330000,0,0,0,0,0,0,0
SUPER_W,5340000,0,0,0,0,0,0,0
SUPER_W,5350000,0,0,0,0,0,0,0
SUPER_W,5360000,0,0,0,0,0,0,0
SUPER_W,5370000,0,0,0,0,0,0,0
SUPER_W,5380000,0,0,0,0,0,0,0
SUPER_W,5390000,0,0,0,0,0,0,0
SUPER_W,5400000,0,0,0,0,0,0,0
SUPER_W,5410000,0,0,0,0,0,0,0
SUPER_W,5420000,0,0,0,0,0,0,0
SUPER_W,5430000,0,0,0,0,0,0,0
SUPER_W,5440000,0,0,0,0,0,0,0
SUPER_W,5450000,0,0,0,0,0,0,0
SUPER_W,5460000,0,0,0,0,0,0,0
SUPER_W,5470000,0,0,0,0,0,0,0
SUPER_W,5480000,0,0,0,0,0,0,0
SUPER_W,5490000,0,0,0,0,0,0,0
SUPER_W,5500000,0,0,0,0,0,0,0
SUPER_W,5510000,0,0,0,0,0,0,0
SUPER_W,5520000,0,0,0,0,0,0,0
SUPER_W,5530000,0,0,0,0,0,0,0
SUPER_W,5540000,0,0,0,0,0,0,0
SUPER_W,5550000,0,0,0,0,0,0,0
SUPER_W,5560000,0,0,0,0,0,0,0
SUPER_W,5570000,0,0,0,0,0,0,0
SUPER_W,5580000,0,0,0,0,0,0,0
SUPER_W,5590000,0,0,0,0,0,0,0
SUPER_W,5600000,0,0,0,0,0,0,0
SUPER_W,5610000,0,0,0,0,0,0,0
SUPER_W,5620000,0,0,0,0,0,0,0
SUPER_W,5630000,0,0,0,0,0,0,0
SUPER_W,5640000,0,0,0,0,0,0,0
SUPER_W,5650000,58,10,9,77,25,33,6.4736843
SUPER_W,5660000,0,0,0,0,0,0,0
SUPER_W,5670000,0,0,0,0,0,0,0
SUPER_W,5680000,0,0,0,0,0,0,0
SUPER_W,5690000,0,0,0,0,0,0,0
SUPER_W,5700000,0,0,0,0,0,0,0
SUPER_W,5710000,0,0,0,0,0,0,0
SUPER_W,5720000,0,0,0,0,0,0,0
SUPER_W,5730000,0,0,0,0,0,0,0
SUPER_W,5740000,0,0,0,0,0,0,0
SUPER_W,5750000,0,0,0,0,0,0,0
SUPER_W,5760000,0,1,2,3,0,0,3
SUPER_W,5770000,2,0,0,2,1,1,NaN
SUPER_W,5780000,0,0,0,0,0,0,0
SUPER_W,5790000,0,0,0,0,0,0,0
SUPER_W,5800000,0,0,0,0,0,0,0
SUPER_W,5810000,0,0,0,0,0,0,0
SUPER_W,5820000,0,0,0,0,0,0,0
SUPER_W,5830000,0,0,0,0,0,0,0
SUPER_W,5840000,0,0,0,0,0,0,0
SUPER_W,5850000,0,0,0,0,0,0,0
SUPER_W,5860000,0,0,0,0,0,0,0
SUPER_W,5870000,0,0,0,0,0,0,0
SUPER_W,5880000,3,0,2,5,2,1,2
SUPER_W,5890000,0,0,0,0,0,0,0
SUPER_W,5900000,0,0,0,0,0,0,0
SUPER_W,5910000,0,0,0,0,0,0,0
SUPER_W,5920000,0,0,0,0,0,0,0
SUPER_W,5930000,0,0,0,0,0,0,0
SUPER_W,5940000,0,0,0,0,0,0,0
SUPER_W,5950000,0,0,0,0,0,0,0
SUPER_W,5960000,0,0,0,0,0,0,0
SUPER_W,5970000,0,0,0,0,0,0,0
SUPER_W,5980000,0,0,0,0,0,0,0
SUPER_W,5990000,0,0,0,0,0,0,0
SUPER_W,6000000,0,0,0,0,0,0,0
SUPER_W,6010000,0,0,0,0,0,0,0
SUPER_W,6020000,0,0,0,0,0,0,0
SUPER_W,6030000,0,0,0,0,0,0,0
SUPER_W,6040000,0,0,0,0,0,0,0
SUPER_W,6050000,0,0,0,0,0,0,0
SUPER_W,6060000,0,0,0,0,0,0,0
SUPER_W,6070000,0,0,0,0,0,0,0
SUPER_W,6080000,0,0,0,0,0,0,0
SUPER_W,6090000,0,0,0,0,0,0,0
SUPER_W,6100000,0,0,0,0,0,0,0
SUPER_W,6110000,0,0,0,0,0,0,0
SUPER_W,6120000,15,5,7,27,6,9,2.8333333
SUPER_W,6130000,0,0,0,0,0,0,0
SUPER_W,6140000,0,0,0,0,0,0,0
SUPER_W,6150000,0,0,0,0,0,0,0
SUPER_W,6160000,0,0,0,0,0,0,0
SUPER_W,6170000,0,0,0,0,0,0,0
SUPER_W,6180000,0,0,0,0,0,0,0
SUPER_W,6190000,0,0,0,0,0,0,0
SUPER_W,6200000,2,1,2,5,2,0,1.6666666
SUPER_W,6210000,0,0,0,0,0,0,0
SUPER_W,6220000,0,0,0,0,0,0,0
SUPER_W,6230000,0,0,0,0,0,0,0
SUPER_W,6240000,0,0,0,0,0,0,0
SUPER_W,6250000,0,0,0,0,0,0,0
SUPER_W,6260000,0,0,0,0,0,0,0
SUPER_W,6270000,0,0,0,0,0,0,0
SUPER_W,6280000,0,0,0,0,0,0,0
SUPER_W,6290000,0,0,0,0,0,0,0
SUPER_W,6300000,0,0,0,0,0,0,0
SUPER_W,6310000,0,0,0,0,0,0,0
SUPER_W,6320000,0,0,0,0,0,0,0
SUPER_W,6330000,60,3,1,64,37,23,2
SUPER_W,6340000,3,0,1,4,1,2,12
SUPER_W,6350000,0,0,1,1,0,0,1
SUPER_W,6360000,0,0,0,0,0,0,0
SUPER_W,6370000,0,0,0,0,0,0,0
SUPER_W,6380000,0,0,0,0,0,0,0
SUPER_W,6390000,5,30,0,35,0,5,1.2333333
SUPER_W,6400000,2,0,0,2,2,0,NaN
SUPER_W,6410000,0,1,0,1,0,0,1
SUPER_W,6420000,11,1,2,14,7,4,11
SUPER_W,6430000,11,0,2,13,5,6,1.5
SUPER_W,6440000,20,2,2,24,9,11,11.75
SUPER_W,6450000,40,3,6,49,18,22,11.111111
SUPER_W,6460000,0,0,0,0,0,0,0
SUPER_W,6470000,0,0,0,0,0,0,0
SUPER_W,6480000,0,0,0,0,0,0,0
SUPER_W,6490000,0,0,0,0,0,0,0
SUPER_W,6500000,0,0,0,0,0,0,0
SUPER_W,6510000,10,2,6,18,6,4,4.375
SUPER_W,6520000,0,0,1,1,0,0,1
SUPER_W,6530000,19,5,5,29,12,7,9.4
SUPER_W,6540000,0,0,0,0,0,0,0
SUPER_W,6550000,0,0,0,0,0,0,0
SUPER_W,6560000,0,0,0,0,0,0,0
SUPER_W,6570000,0,0,0,0,0,0,0
SUPER_W,6580000,0,0,0,0,0,0,0
SUPER_W,6590000,0,0,0,0,0,0,0
SUPER_W,6600000,0,0,0,0,0,0,0
SUPER_W,6610000,0,0,0,0,0,0,0
SUPER_W,6620000,0,0,0,0,0,0,0
SUPER_W,6630000,2,0,2,4,0,2,1.5
SUPER_W,6640000,0,0,0,0,0,0,0
SUPER_W,6650000,0,0,0,0,0,0,0
SUPER_W,6660000,0,0,0,0,0,0,0
SUPER_W,6670000,0,0,0,0,0,0,0
SUPER_W,6680000,0,0,0,0,0,0,0
SUPER_W,6690000,0,0,0,0,0,0,0
SUPER_W,6700000,0,0,0,0,0,0,0
SUPER_W,6710000,8,2,0,10,5,3,2
SUPER_W,6720000,15,0,0,15,7,8,NaN
SUPER_W,6730000,26,0,0,26,17,9,NaN
SUPER_W,6740000,29,3,0,32,16,13,2
SUPER_W,6750000,75,45,4,124,31,44,1.3265306
SUPER_W,6760000,17,19,3,39,6,11,1.0909091
SUPER_W,6770000,49,4,4,57,19,30,3.375
SUPER_W,6780000,0,0,1,1,0,0,2
SUPER_W,6790000,0,0,1,1,0,0,2
SUPER_W,6800000,0,0,0,0,0,0,0
SUPER_W,6810000,0,0,0,0,0,0,0
SUPER_W,6820000,0,0,0,0,0,0,0
SUPER_W,6830000,0,0,0,0,0,0,0
SUPER_W,6840000,0,0,0,0,0,0,0
SUPER_W,6850000,0,0,0,0,0,0,0
SUPER_W,6860000,0,0,0,0,0,0,0
SUPER_W,6870000,0,0,0,0,0,0,0
SUPER_W,6880000,0,0,0,0,0,0,0
SUPER_W,6890000,0,0,0,0,0,0,0
SUPER_W,6900000,41,2,2,45,24,17,2.25
SUPER_W,6910000,29,3,0,32,13,16,3
SUPER_W,6920000,0,0,0,0,0,0,0
SUPER_W,6930000,0,0,0,0,0,0,0
SUPER_W,6940000,0,0,0,0,0,0,0
SUPER_W,6950000,0,0,0,0,0,0,0
SUPER_W,6960000,0,0,0,0,0,0,0
SUPER_W,6970000,0,0,0,0,0,0,0
SUPER_W,6980000,0,0,0,0,0,0,0
SUPER_W,6990000,0,0,0,0,0,0,0
SUPER_W,7000000,0,0,0,0,0,0,0
SUPER_W,7010000,0,0,0,0,0,0,0
SUPER_W,7020000,0,0,0,0,0,0,0
SUPER_W,7030000,0,0,0,0,0,0,0
SUPER_W,7040000,0,0,0,0,0,0,0
SUPER_W,7050000,0,0,0,0,0,0,0
SUPER_W,7060000,0,0,0,0,0,0,0
SUPER_W,7070000,0,0,0,0,0,0,0
SUPER_W,7080000,0,0,0,0,0,0,0
SUPER_W,7090000,0,0,0,0,0,0,0
SUPER_W,7100000,0,0,0,0,0,0,0
SUPER_W,7110000,0,0,0,0,0,0,0
SUPER_W,7120000,0,0,0,0,0,0,0
SUPER_W,7130000,0,0,0,0,0,0,0
SUPER_W,7140000,0,0,0,0,0,0,0
SUPER_W,7150000,0,0,0,0,0,0,0
SUPER_W,7160000,0,0,0,0,0,0,0
SUPER_W,7170000,0,0,0,0,0,0,0
SUPER_W,7180000,14,10,2,26,11,3,1.1666666
SUPER_W,7190000,0,1,0,1,0,0,2
SUPER_W,7200000,25,3,2,30,17,8,6.6
SUPER_W,7210000,0,0,0,0,0,0,0
SUPER_W,7220000,0,0,0,0,0,0,0
SUPER_W,7230000,0,0,0,0,0,0,0
SUPER_W,7240000,0,0,0,0,0,0,0
SUPER_W,7250000,0,0,0,0,0,0,0
SUPER_W,7260000,113,5,4,122,64,49,2
SUPER_W,7270000,0,0,0,0,0,0,0
SUPER_W,7280000,0,0,0,0,0,0,0
SUPER_W,7290000,0,0,0,0,0,0,0
SUPER_W,7300000,11,0,1,12,8,3,1
SUPER_W,7310000,0,0,0,0,0,0,0
SUPER_W,7320000,0,0,0,0,0,0,0
SUPER_W,7330000,0,0,0,0,0,0,0
SUPER_W_unloc_1,10000,3,1,2,6,2,1,1
SUPER_W_unloc_1,20000,2,1,0,3,0,2,2
SUPER_W_unloc_1,30000,1,1,0,2,1,0,1
SUPER_W_unloc_1,40000,0,0,0,0,0,0,0
SUPER_W_unloc_1,50000,0,0,0,0,0,0,0
SUPER_W_unloc_1,60000,3,0,0,3,1,2,NaN
SUPER_W_unloc_1,70000,7,0,0,7,3,4,NaN
SUPER_W_unloc_1,80000,12,2,0,14,7,5,1
SUPER_W_unloc_1,90000,0,0,0,0,0,0,0
SUPER_W_unloc_1,100000,0,0,0,0,0,0,0
SUPER_W_unloc_1,110000,0,0,0,0,0,0,0
SUPER_W_unloc_1,120000,0,0,0,0,0,0,0
SUPER_W_unloc_1,130000,0,0,0,0,0,0,0
SUPER_W_unloc_1,140000,0,0,0,0,0,0,0
SUPER_W_unloc_1,150000,0,0,0,0,0,0,0
SUPER_W_unloc_1,160000,0,0,0,0,0,0,0
SUPER_W_unloc_1,170000,0,0,0,0,0,0,0
SUPER_W_unloc_1,180000,0,0,0,0,0,0,0
SUPER_W_unloc_1,190000,0,0,0,0,0,0,0
SUPER_W_unloc_1,200000,0,0,0,0,0,0,0
SUPER_W_unloc_1,210000,0,0,0,0,0,0,0
SUPER_W_unloc_1,220000,0,0,0,0,0,0,0
SUPER_W_unloc_1,230000,0,0,0,0,0,0,0
SUPER_W_unloc_1,240000,0,0,0,0,0,0,0
SUPER_W_unloc_1,250000,0,0,0,0,0,0,0
SUPER_W_unloc_1,260000,0,0,0,0,0,0,0
SUPER_W_unloc_1,270000,0,0,0,0,0,0,0
SUPER_W_unloc_1,280000,0,0,0,0,0,0,0
SUPER_W_unloc_1,290000,0,0,0,0,0,0,0
SUPER_W_unloc_1,300000,0,0,0,0,0,0,0
SUPER_W_unloc_1,310000,0,0,0,0,0,0,0
SUPER_W_unloc_1,320000,0,0,0,0,0,0,0
SUPER_W_unloc_1,330000,0,0,0,0,0,0,0
SUPER_W_unloc_1,340000,0,0,0,0,0,0,0
SUPER_W_unloc_1,350000,0,0,0,0,0,0,0
SUPER_W_unloc_1,360000,0,0,0,0,0,0,0
SUPER_W_unloc_1,370000,0,0,0,0,0,0,0
SUPER_W_unloc_1,380000,0,0,0,0,0,0,0
SUPER_W_unloc_1,390000,0,0,0,0,0,0,0
SUPER_W_unloc_1,400000,0,0,0,0,0,0,0
SUPER_W_unloc_1,410000,0,0,0,0,0,0,0
SUPER_W_unloc_1,420000,0,0,0,0,0,0,0
SUPER_W_unloc_1,430000,0,0,0,0,0,0,0
SUPER_W_unloc_1,440000,0,0,0,0,0,0,0
SUPER_W_unloc_1,450000,0,0,0,0,0,0,0
SUPER_W_unloc_1,460000,0,0,0,0,0,0,0
SUPER_W_unloc_1,470000,0,0,0,0,0,0,0
SUPER_W_unloc_1,480000,0,0,0,0,0,0,0
SUPER_W_unloc_1,490000,0,0,0,0,0,0,0
SUPER_W_unloc_1,500000,0,0,0,0,0,0,0
SUPER_W_unloc_1,510000,0,0,0,0,0,0,0
SUPER_W_unloc_1,520000,0,0,0,0,0,0,0
SUPER_W_unloc_1,530000,0,0,0,0,0,0,0
SUPER_W_unloc_1,540000,0,0,0,0,0,0,0
SUPER_W_unloc_1,550000,0,0,0,0,0,0,0
SUPER_W_unloc_1,560000,0,0,0,0,0,0,0
SUPER_W_unloc_1,570000,0,0,0,0,0,0,0
SUPER_W_unloc_1,580000,0,0,0,0,0,0,0
SUPER_W_unloc_1,590000,0,0,0,0,0,0,0
SUPER_W_unloc_1,600000,0,0,0,0,0,0,0
SUPER_W_unloc_1,610000,8,7,6,21,3,5,1.9230769
SUPER_W_unloc_1,620000,1,0,0,1,0,1,NaN
SUPER_W_unloc_1,630000,0,0,0,0,0,0,0
SUPER_W_unloc_1,640000,0,0,0,0,0,0,0
SUPER_W_unloc_1,650000,0,0,0,0,0,0,0
SUPER_W_unloc_1,660000,0,0,0,0,0,0,0
SUPER_W_unloc_1,670000,0,0,0,0,0,0,0
SUPER_W_unloc_1,680000,0,0,0,0,0,0,0
SUPER_W_unloc_1,690000,0,0,0,0,0,0,0
SUPER_W_unloc_1,700000,0,0,0,0,0,0,0
SUPER_W_unloc_1,710000,0,0,0,0,0,0,0
SUPER_W_unloc_1,720000,0,0,0,0,0,0,0
SUPER_W_unloc_1,730000,0,0,0,0,0,0,0
SUPER_W_unloc_1,740000,0,0,0,0,0,0,0
SUPER_W_unloc_1,750000,0,0,0,0,0,0,0
SUPER_W_unloc_1,760000,0,0,0,0,0,0,0
SUPER_W_unloc_1,770000,0,0,0,0,0,0,0
SUPER_W_unloc_1,780000,0,0,0,0,0,0,0
SUPER_W_unloc_1,790000,0,0,0,0,0,0,0
SUPER_W_unloc_1,800000,0,0,0,0,0,0,0
SUPER_W_unloc_1,810000,0,0,0,0,0,0,0
SUPER_W_unloc_1,820000,0,0,0,0,0,0,0
SUPER_W_unloc_1,830000,0,0,0,0,0,0,0
SUPER_W_unloc_1,840000,0,0,0,0,0,0,0
SUPER_W_unloc_1,850000,0,0,0,0,0,0,0
SUPER_W_unloc_1,860000,0,0,0,0,0,0,0
SUPER_W_unloc_1,870000,0,0,0,0,0,0,0
SUPER_W_unloc_1,880000,0,0,0,0,0,0,0
SUPER_W_unloc_1,890000,0,0,0,0,0,0,0
SUPER_W_unloc_1,900000,0,0,0,0,0,0,0
SUPER_W_unloc_1,910000,0,0,0,0,0,0,0
SUPER_W_unloc_1,920000,0,0,0,0,0,0,0
SUPER_W_unloc_1,930000,0,0,0,0,0,0,0
SUPER_W_unloc_1,940000,0,0,0,0,0,0,0
SUPER_W_unloc_1,950000,0,0,0,0,0,0,0
SUPER_W_unloc_1,960000,0,0,0,0,0,0,0
SUPER_W_unloc_1,970000,0,0,0,0,0,0,0
SUPER_W_unloc_1,980000,0,0,0,0,0,0,0
SUPER_W_unloc_1,990000,0,0,0,0,0,0,0
SUPER_W_unloc_1,1000000,0,0,0,0,0,0,0
SUPER_W_unloc_1,1010000,0,0,0,0,0,0,0
SUPER_W_unloc_1,1020000,0,0,0,0,0,0,0
SUPER_W_unloc_1,1030000,0,0,0,0,0,0,0
SUPER_W_unloc_1,1040000,0,0,0,0,0,0,0
SUPER_W_unloc_1,1050000,45,4,2,51,29,16,1
SUPER_W_unloc_1,1060000,0,0,0,0,0,0,0
SUPER_W_unloc_1,1070000,0,0,0,0,0,0,0
SUPER_W_unloc_1,1080000,0,0,0,0,0,0,0
SUPER_W_unloc_1,1090000,0,0,0,0,0,0,0
SUPER_W_unloc_1,1100000,0,0,0,0,0,0,0
SUPER_W_unloc_1,1110000,0,0,0,0,0,0,0
SUPER_W_unloc_1,1120000,0,0,0,0,0,0,0
SUPER_W_unloc_1,1130000,0,0,0,0,0,0,0
SUPER_W_unloc_1,1140000,0,0,0,0,0,0,0
SUPER_W_unloc_1,1150000,0,0,0,0,0,0,0
SUPER_W_unloc_1,1160000,0,0,0,0,0,0,0
SUPER_W_unloc_1,1170000,1,1,1,3,0,1,2.5
SUPER_W_unloc_1,1180000,0,0,0,0,0,0,0
SUPER_W_unloc_1,1190000,0,0,0,0,0,0,0
SUPER_W_unloc_1,1200000,0,0,0,0,0,0,0
SUPER_W_unloc_1,1210000,0,0,0,0,0,0,0
SUPER_W_unloc_1,1220000,0,1,1,2,0,0,1
SUPER_W_unloc_1,1230000,0,0,0,0,0,0,0
SUPER_W_unloc_1,1240000,0,0,0,0,0,0,0
SUPER_W_unloc_1,1250000,0,0,0,0,0,0,0
SUPER_W_unloc_1,1260000,0,0,0,0,0,0,0
SUPER_W_unloc_1,1270000,0,0,0,0,0,0,0
SUPER_W_unloc_1,1280000,0,0,0,0,0,0,0
SUPER_W_unloc_1,1290000,0,0,0,0,0,0,0
SUPER_W_unloc_1,1300000,0,0,0,0,0,0,0
SUPER_W_unloc_1,1310000,0,0,0,0,0,0,0
SUPER_W_unloc_1,1320000,0,0,0,0,0,0,0
SUPER_W_unloc_1,1330000,0,0,0,0,0,0,0
SUPER_W_unloc_1,1340000,0,0,0,0,0,0,0
SUPER_W_unloc_1,1350000,0,0,0,0,0,0,0
SUPER_W_unloc_1,1360000,0,0,0,0,0,0,0
SUPER_W_unloc_1,1370000,0,0,0,0,0,0,0
SUPER_W_unloc_1,1380000,0,0,0,0,0,0,0
SUPER_W_unloc_1,1390000,0,0,0,0,0,0,0
SUPER_W_unloc_1,1400000,0,0,0,0,0,0,0
SUPER_W_unloc_1,1410000,0,0,0,0,0,0,0
SUPER_W_unloc_1,1420000,0,0,0,0,0,0,0
SUPER_W_unloc_1,1430000,0,0,0,0,0,0,0
SUPER_W_unloc_1,1440000,0,0,0,0,0,0,0
SUPER_W_unloc_1,1450000,0,0,0,0,0,0,0
SUPER_W_unloc_1,1460000,0,0,0,0,0,0,0
SUPER_W_unloc_1,1470000,0,0,0,0,0,0,0
SUPER_W_unloc_1,1480000,0,0,0,0,0,0,0
SUPER_W_unloc_1,1490000,0,0,0,0,0,0,0
SUPER_W_unloc_1,1500000,0,0,0,0,0,0,0
SUPER_W_unloc_1,1510000,0,0,0,0,0,0,0
SUPER_W_unloc_1,1520000,0,0,0,0,0,0,0
SUPER_W_unloc_1,1530000,0,0,0,0,0,0,0
SUPER_W_unloc_1,1540000,0,0,0,0,0,0,0
SUPER_W_unloc_1,1550000,0,0,0,0,0,0,0
SUPER_W_unloc_1,1560000,0,0,0,0,0,0,0
SUPER_W_unloc_1,1570000,0,0,0,0,0,0,0
SUPER_W_unloc_1,1580000,0,0,0,0,0,0,0
SUPER_W_unloc_1,1590000,0,0,0,0,0,0,0
SUPER_W_unloc_1,1600000,0,0,0,0,0,0,0
SUPER_W_unloc_1,1610000,0,0,0,0,0,0,0
SUPER_W_unloc_1,1620000,0,0,0,0,0,0,0
SUPER_W_unloc_1,1630000,0,0,0,0,0,0,0
SUPER_W_unloc_1,1640000,0,0,0,0,0,0,0
SUPER_W_unloc_1,1650000,0,0,0,0,0,0,0
SUPER_W_unloc_1,1660000,0,0,0,0,0,0,0
SUPER_W_unloc_1,1670000,0,0,0,0,0,0,0
SUPER_W_unloc_1,1680000,0,0,0,0,0,0,0
SUPER_W_unloc_1,1690000,0,0,0,0,0,0,0
SUPER_W_unloc_1,1700000,0,0,0,0,0,0,0
SUPER_W_unloc_1,1710000,23,6,4,33,13,10,1.8
SUPER_W_unloc_1,1720000,0,0,0,0,0,0,0
SUPER_W_unloc_1,1730000,0,0,0,0,0,0,0
SUPER_W_unloc_1,1740000,19,3,3,25,10,9,2
SUPER_W_unloc_1,1750000,0,0,0,0,0,0,0
SUPER_W_unloc_1,1760000,0,0,0,0,0,0,0
SUPER_W_unloc_1,1770000,0,0,0,0,0,0,0
SUPER_W_unloc_1,1780000,0,0,0,0,0,0,0
SUPER_W_unloc_1,1790000,0,0,0,0,0,0,0
SUPER_W_unloc_1,1800000,0,0,0,0,0,0,0
SUPER_W_unloc_1,1810000,0,0,0,0,0,0,0
SUPER_W_unloc_1,1820000,0,0,0,0,0,0,0
SUPER_W_unloc_1,1830000,0,0,0,0,0,0,0
SUPER_W_unloc_1,1840000,0,0,0,0,0,0,0
SUPER_W_unloc_1,1850000,0,0,0,0,0,0,0
SUPER_W_unloc_1,1860000,0,0,0,0,0,0,0
SUPER_W_unloc_1,1870000,0,0,0,0,0,0,0
SUPER_W_unloc_1,1880000,0,0,0,0,0,0,0
SUPER_W_unloc_1,1890000,0,0,0,0,0,0,0
SUPER_W_unloc_1,1900000,0,0,0,0,0,0,0
SUPER_W_unloc_1,1910000,0,0,0,0,0,0,0
SUPER_W_unloc_1,1920000,0,0,0,0,0,0,0
SUPER_W_unloc_1,1930000,0,0,0,0,0,0,0
SUPER_W_unloc_1,1940000,0,0,0,0,0,0,0
SUPER_W_unloc_1,1950000,0,0,0,0,0,0,0
SUPER_W_unloc_1,1960000,0,0,0,0,0,0,0
SUPER_W_unloc_1,1970000,0,0,0,0,0,0,0
SUPER_W_unloc_1,1980000,0,0,0,0,0,0,0
SUPER_W_unloc_1,1990000,0,0,0,0,0,0,0
SUPER_W_unloc_1,2000000,0,0,0,0,0,0,0
SUPER_W_unloc_1,2010000,0,0,0,0,0,0,0
SUPER_W_unloc_1,2020000,0,0,0,0,0,0,0
SUPER_W_unloc_1,2030000,0,0,0,0,0,0,0
SUPER_W_unloc_1,2040000,3,3,4,10,2,1,1.4285715
SUPER_W_unloc_1,2050000,0,0,0,0,0,0,0
SUPER_W_unloc_1,2060000,0,0,0,0,0,0,0
SUPER_W_unloc_1,2070000,0,0,0,0,0,0,0
SUPER_W_unloc_1,2080000,0,0,0,0,0,0,0
SUPER_W_unloc_1,2090000,0,0,0,0,0,0,0
SUPER_W_unloc_1,2100000,0,0,0,0,0,0,0
SUPER_W_unloc_1,2110000,16,1,1,18,11,5,11
SUPER_W_unloc_1,2120000,0,0,0,0,0,0,0
SUPER_W_unloc_1,2130000,0,0,0,0,0,0,0
SUPER_W_unloc_1,2140000,0,0,0,0,0,0,0
SUPER_W_unloc_1,2150000,0,0,0,0,0,0,0
SUPER_W_unloc_1,2160000,0,0,0,0,0,0,0
SUPER_W_unloc_1,2170000,0,0,0,0,0,0,0
SUPER_W_unloc_1,2180000,0,0,0,0,0,0,0
SUPER_W_unloc_1,2190000,0,0,0,0,0,0,0
SUPER_W_unloc_1,2200000,0,0,0,0,0,0,0
SUPER_W_unloc_1,2210000,0,0,0,0,0,0,0
SUPER_W_unloc_1,2220000,0,0,0,0,0,0,0
SUPER_W_unloc_1,2230000,0,0,0,0,0,0,0
SUPER_W_unloc_1,2240000,0,0,0,0,0,0,0
SUPER_W_unloc_1,2250000,0,0,0,0,0,0,0
SUPER_W_unloc_1,2260000,0,0,0,0,0,0,0
SUPER_W_unloc_1,2270000,0,0,0,0,0,0,0
SUPER_W_unloc_1,2280000,0,0,0,0,0,0,0
SUPER_W_unloc_1,2290000,0,0,0,0,0,0,0
SUPER_W_unloc_1,2300000,0,0,0,0,0,0,0
SUPER_W_unloc_1,2310000,0,0,0,0,0,0,0
SUPER_W_unloc_1,2320000,0,0,0,0,0,0,0
SUPER_W_unloc_1,2330000,0,0,0,0,0,0,0
SUPER_W_unloc_1,2340000,0,0,0,0,0,0,0
SUPER_W_unloc_1,2350000,0,0,0,0,0,0,0
SUPER_W_unloc_1,2360000,0,0,0,0,0,0,0
SUPER_W_unloc_1,2370000,0,0,0,0,0,0,0
SUPER_W_unloc_1,2380000,0,0,0,0,0,0,0
SUPER_W_unloc_1,2390000,0,0,0,0,0,0,0
SUPER_W_unloc_1,2400000,0,0,0,0,0,0,0
SUPER_W_unloc_1,2410000,0,0,0,0,0,0,0
SUPER_W_unloc_1,2420000,0,0,0,0,0,0,0
SUPER_W_unloc_1,2430000,0,0,0,0,0,0,0
SUPER_W_unloc_1,2440000,0,0,0,0,0,0,0
SUPER_W_unloc_1,2450000,0,0,0,0,0,0,0
SUPER_W_unloc_1,2460000,0,0,0,0,0,0,0
SUPER_W_unloc_1,2470000,11,2,3,16,9,2,3.4
SUPER_W_unloc_1,2480000,0,0,1,1,0,0,1
SUPER_W_unloc_1,2490000,0,0,0,0,0,0,0
SUPER_W_unloc_1,2500000,0,0,0,0,0,0,0
SUPER_W_unloc_1,2510000,0,0,0,0,0,0,0
SUPER_W_unloc_1,2520000,0,0,0,0,0,0,0
SUPER_W_unloc_1,2530000,0,0,0,0,0,0,0
SUPER_W_unloc_1,2540000,0,0,0,0,0,0,0
SUPER_W_unloc_1,2550000,0,0,0,0,0,0,0
SUPER_W_unloc_1,2560000,0,0,0,0,0,0,0
SUPER_W_unloc_1,2570000,0,1,2,3,0,0,1
SUPER_W_unloc_1,2580000,0,0,0,0,0,0,0
SUPER_W_unloc_1,2590000,0,0,0,0,0,0,0
SUPER_W_unloc_1,2600000,0,0,0,0,0,0,0
SUPER_W_unloc_1,2610000,0,0,0,0,0,0,0
SUPER_W_unloc_1,2620000,0,0,0,0,0,0,0
SUPER_W_unloc_1,2630000,0,0,0,0,0,0,0
SUPER_W_unloc_1,2640000,0,0,0,0,0,0,0
SUPER_W_unloc_1,2650000,0,0,0,0,0,0,0
SUPER_W_unloc_1,2660000,0,0,0,0,0,0,0
SUPER_W_unloc_1,2670000,0,0,0,0,0,0,0
SUPER_W_unloc_1,2680000,0,0,0,0,0,0,0
SUPER_W_unloc_1,2690000,0,0,0,0,0,0,0
SUPER_W_unloc_1,2700000,0,0,0,0,0,0,0
SUPER_W_unloc_1,2710000,0,0,0,0,0,0,0
SUPER_W_unloc_1,2720000,0,0,0,0,0,0,0
SUPER_W_unloc_1,2730000,0,0,0,0,0,0,0
SUPER_W_unloc_1,2740000,0,0,0,0,0,0,0
SUPER_W_unloc_1,2750000,0,0,0,0,0,0,0
SUPER_W_unloc_1,2760000,0,0,0,0,0,0,0
SUPER_W_unloc_1,2770000,0,0,0,0,0,0,0
SUPER_W_unloc_1,2780000,0,0,0,0,0,0,0
SUPER_W_unloc_1,2790000,0,0,0,0,0,0,0
SUPER_W_unloc_1,2800000,0,0,0,0,0,0,0
SUPER_W_unloc_1,2810000,0,0,0,0,0,0,0
SUPER_W_unloc_1,2820000,0,0,0,0,0,0,0
SUPER_W_unloc_1,2830000,0,0,0,0,0,0,0
SUPER_W_unloc_1,2840000,0,0,0,0,0,0,0
SUPER_W_unloc_1,2850000,0,0,0,0,0,0,0
SUPER_W_unloc_1,2860000,0,0,0,0,0,0,0
SUPER_W_unloc_1,2870000,0,0,0,0,0,0,0
SUPER_W_unloc_1,2880000,0,0,0,0,0,0,0
SUPER_W_unloc_1,2890000,0,0,0,0,0,0,0
SUPER_W_unloc_1,2900000,0,0,0,0,0,0,0
SUPER_W_unloc_1,2910000,0,0,0,0,0,0,0
SUPER_W_unloc_1,2920000,0,0,0,0,0,0,0
SUPER_W_unloc_1,2930000,0,0,0,0,0,0,0
SUPER_W_unloc_1,2940000,0,0,0,0,0,0,0
SUPER_W_unloc_1,2950000,0,0,0,0,0,0,0
SUPER_W_unloc_1,2960000,0,0,0,0,0,0,0
SUPER_W_unloc_1,2970000,0,0,0,0,0,0,0
SUPER_W_unloc_1,2980000,0,0,0,0,0,0,0
SUPER_W_unloc_1,2990000,0,0,0,0,0,0,0
SUPER_W_unloc_1,3000000,0,0,0,0,0,0,0
SUPER_W_unloc_1,3010000,0,0,0,0,0,0,0
SUPER_W_unloc_1,3020000,0,0,0,0,0,0,0
SUPER_W_unloc_1,3030000,0,0,0,0,0,0,0
SUPER_W_unloc_1,3040000,0,0,0,0,0,0,0
SUPER_W_unloc_1,3050000,0,0,0,0,0,0,0
SUPER_W_unloc_1,3060000,0,0,0,0,0,0,0
SUPER_W_unloc_1,3070000,0,0,0,0,0,0,0
SUPER_W_unloc_1,3080000,0,0,0,0,0,0,0
SUPER_W_unloc_1,3090000,6,2,3,11,4,2,2.2
SUPER_W_unloc_1,3100000,3,1,0,4,1,2,1
SUPER_W_unloc_1,3110000,0,1,1,2,0,0,1.5
SUPER_W_unloc_1,3120000,0,1,0,1,0,0,1
SUPER_W_unloc_1,3130000,2,3,0,5,0,2,1.3333334
SUPER_W_unloc_1,3140000,1,0,0,1,1,0,NaN
SUPER_W_unloc_1,3150000,2,3,0,5,0,2,1
SUPER_W_unloc_1,3160000,0,1,0,1,0,0,1
SUPER_W_unloc_1,3170000,0,0,0,0,0,0,0
SUPER_W_unloc_1,3180000,0,0,0,0,0,0,0
SUPER_W_unloc_1,3190000,0,0,0,0,0,0,0
SUPER_W_unloc_1,3200000,0,0,0,0,0,0,0
SUPER_W_unloc_1,3210000,0,0,0,0,0,0,0
SUPER_W_unloc_1,3220000,0,0,0,0,0,0,0
SUPER_W_unloc_1,3230000,0,0,0,0,0,0,0
SUPER_W_unloc_1,3240000,0,0,0,0,0,0,0
SUPER_W_unloc_1,3250000,0,0,0,0,0,0,0
SUPER_W_unloc_1,3260000,0,0,0,0,0,0,0
SUPER_W_unloc_1,3270000,0,0,0,0,0,0,0
SUPER_W_unloc_1,3280000,0,0,0,0,0,0,0
SUPER_W_unloc_1,3290000,0,0,0,0,0,0,0
SUPER_W_unloc_1,3300000,0,0,0,0,0,0,0
SUPER_W_unloc_1,3310000,0,0,0,0,0,0,0
SUPER_W_unloc_1,3320000,0,0,0,0,0,0,0
SUPER_W_unloc_1,3330000,0,0,0,0,0,0,0
SUPER_W_unloc_1,3340000,0,0,0,0,0,0,0
SUPER_W_unloc_1,3350000,0,0,0,0,0,0,0
SUPER_W_unloc_1,3360000,0,0,0,0,0,0,0
SUPER_W_unloc_1,3370000,0,0,0,0,0,0,0
SUPER_W_unloc_1,3380000,0,0,0,0,0,0,0
SUPER_W_unloc_1,3390000,0,0,0,0,0,0,0
SUPER_W_unloc_1,3400000,0,0,0,0,0,0,0
SUPER_W_unloc_1,3410000,0,0,0,0,0,0,0
SUPER_W_unloc_1,3420000,0,0,0,0,0,0,0
SUPER_W_unloc_1,3430000,0,0,0,0,0,0,0
SUPER_W_unloc_1,3440000,0,0,0,0,0,0,0
SUPER_W_unloc_1,3450000,0,0,0,0,0,0,0
SUPER_W_unloc_1,3460000,0,0,0,0,0,0,0
SUPER_W_unloc_1,3470000,0,0,0,0,0,0,0
SUPER_W_unloc_1,3480000,0,0,0,0,0,0,0
SUPER_W_unloc_1,3490000,0,0,0,0,0,0,0
SUPER_W_unloc_1,3500000,0,0,0,0,0,0,0
SUPER_W_unloc_1,3510000,0,0,0,0,0,0,0
SUPER_W_unloc_1,3520000,13,6,2,21,5,8,2.625
SUPER_W_unloc_1,3530000,1,0,0,1,0,1,NaN
SUPER_W_unloc_1,3540000,0,1,0,1,0,0,1
SUPER_W_unloc_1,3550000,0,0,2,2,0,0,2
SUPER_W_unloc_1,3560000,1,1,1,3,0,1,2
SUPER_W_unloc_1,3570000,0,2,0,2,0,0,2
SUPER_W_unloc_1,3580000,0,0,0,0,0,0,0
SUPER_W_unloc_1,3590000,0,0,0,0,0,0,0
SUPER_W_unloc_1,3600000,0,0,0,0,0,0,0
SUPER_W_unloc_1,3610000,0,0,0,0,0,0,0
SUPER_W_unloc_1,3620000,0,0,0,0,0,0,0
SUPER_W_unloc_1,3630000,0,0,0,0,0,0,0
SUPER_W_unloc_1,3640000,0,0,0,0,0,0,0
SUPER_W_unloc_1,3650000,0,0,0,0,0,0,0
SUPER_W_unloc_1,3660000,0,0,0,0,0,0,0
SUPER_W_unloc_1,3670000,0,0,0,0,0,0,0
SUPER_W_unloc_1,3680000,0,0,0,0,0,0,0
SUPER_W_unloc_1,3690000,0,0,0,0,0,0,0
SUPER_W_unloc_1,3700000,0,0,0,0,0,0,0
SUPER_W_unloc_1,3710000,0,0,0,0,0,0,0
SUPER_W_unloc_1,3720000,0,0,0,0,0,0,0
SUPER_W_unloc_1,3730000,0,0,0,0,0,0,0
SUPER_W_unloc_1,3740000,0,0,0,0,0,0,0
SUPER_W_unloc_1,3750000,0,0,0,0,0,0,0
SUPER_W_unloc_1,3760000,0,0,0,0,0,0,0
SUPER_W_unloc_1,3770000,0,0,0,0,0,0,0
SUPER_W_unloc_1,3780000,0,0,0,0,0,0,0
SUPER_W_unloc_1,3790000,0,0,0,0,0,0,0
SUPER_W_unloc_1,3800000,0,0,0,0,0,0,0
SUPER_W_unloc_1,3810000,0,0,0,0,0,0,0
SUPER_W_unloc_1,3820000,0,0,0,0,0,0,0
SUPER_W_unloc_1,3830000,0,0,0,0,0,0,0
SUPER_W_unloc_1,3840000,0,0,0,0,0,0,0
SUPER_W_unloc_1,3850000,0,0,0,0,0,0,0
SUPER_W_unloc_1,3860000,0,0,0,0,0,0,0
SUPER_W_unloc_1,3870000,0,0,0,0,0,0,0
SUPER_W_unloc_1,3880000,0,0,0,0,0,0,0
SUPER_W_unloc_1,3890000,0,0,0,0,0,0,0
SUPER_W_unloc_1,3900000,0,0,0,0,0,0,0
SUPER_W_unloc_1,3910000,0,0,0,0,0,0,0
SUPER_W_unloc_1,3920000,11,5,8,24,7,4,1.7692307
SUPER_W_unloc_1,3930000,4,1,5,10,1,3,1
SUPER_W_unloc_1,3940000,0,0,0,0,0,0,0
SUPER_W_unloc_1,3950000,0,0,0,0,0,0,0
SUPER_W_unloc_1,3960000,0,0,0,0,0,0,0
SUPER_W_unloc_1,3970000,6,0,0,6,3,3,NaN
SUPER_W_unloc_1,3980000,0,0,0,0,0,0,0
SUPER_W_unloc_1,3990000,0,0,0,0,0,0,0
SUPER_W_unloc_1,4000000,0,0,0,0,0,0,0
SUPER_W_unloc_1,4010000,0,0,0,0,0,0,0
SUPER_W_unloc_1,4020000,0,0,0,0,0,0,0
SUPER_W_unloc_1,4030000,0,0,0,0,0,0,0
SUPER_W_unloc_1,4040000,15,2,1,18,8,7,8.666667
SUPER_W_unloc_1,4050000,11,2,1,14,8,3,1.3333334
SUPER_W_unloc_1,4060000,27,2,3,32,13,14,6.8
SUPER_W_unloc_1,4070000,0,0,0,0,0,0,0
SUPER_W_unloc_1,4080000,0,0,0,0,0,0,0
SUPER_W_unloc_1,4090000,0,0,0,0,0,0,0
SUPER_W_unloc_1,4100000,0,0,0,0,0,0,0
SUPER_W_unloc_1,4110000,0,0,0,0,0,0,0
SUPER_W_unloc_1,4120000,0,0,0,0,0,0,0
SUPER_W_unloc_1,4130000,0,0,0,0,0,0,0
SUPER_W_unloc_1,4140000,0,0,0,0,0,0,0
SUPER_W_unloc_1,4150000,0,0,0,0,0,0,0
SUPER_W_unloc_1,4160000,0,0,0,0,0,0,0
SUPER_W_unloc_1,4170000,0,0,0,0,0,0,0
SUPER_W_unloc_1,4180000,0,0,0,0,0,0,0
SUPER_W_unloc_1,4190000,0,0,0,0,0,0,0
SUPER_W_unloc_1,4200000,0,0,0,0,0,0,0
SUPER_W_unloc_1,4210000,0,0,0,0,0,0,0
SUPER_W_unloc_1,4220000,0,0,0,0,0,0,0
SUPER_W_unloc_1,4230000,0,0,0,0,0,0,0
SUPER_W_unloc_1,4240000,0,0,0,0,0,0,0
SUPER_W_unloc_1,4250000,0,0,0,0,0,0,0
SUPER_W_unloc_1,4260000,0,0,0,0,0,0,0
SUPER_W_unloc_1,4270000,0,0,0,0,0,0,0
SUPER_W_unloc_1,4280000,0,0,0,0,0,0,0
SUPER_W_unloc_1,4290000,0,0,0,0,0,0,0
SUPER_W_unloc_1,4300000,0,0,0,0,0,0,0
SUPER_W_unloc_1,4310000,0,0,0,0,0,0,0
SUPER_W_unloc_1,4320000,0,0,0,0,0,0,0
SUPER_W_unloc_1,4330000,0,0,0,0,0,0,0
SUPER_W_unloc_1,4340000,0,0,0,0,0,0,0
SUPER_W_unloc_1,4350000,0,0,0,0,0,0,0
SUPER_W_unloc_1,4360000,0,0,0,0,0,0,0
SUPER_W_unloc_1,4370000,0,0,0,0,0,0,0
SUPER_W_unloc_1,4380000,0,0,0,0,0,0,0
SUPER_W_unloc_1,4390000,0,0,0,0,0,0,0
SUPER_W_unloc_1,4400000,0,0,0,0,0,0,0
SUPER_W_unloc_1,4410000,0,0,0,0,0,0,0
SUPER_W_unloc_1,4420000,0,0,0,0,0,0,0
SUPER_W_unloc_1,4430000,0,0,0,0,0,0,0
SUPER_W_unloc_1,4440000,0,0,0,0,0,0,0
SUPER_W_unloc_1,4450000,0,0,0,0,0,0,0
SUPER_W_unloc_1,4460000,0,0,0,0,0,0,0
SUPER_W_unloc_1,4470000,0,0,0,0,0,0,0
SUPER_W_unloc_1,4480000,0,0,0,0,0,0,0
SUPER_W_unloc_1,4490000,0,0,0,0,0,0,0
SUPER_W_unloc_1,4500000,0,0,0,0,0,0,0
SUPER_W_unloc_1,4510000,0,0,0,0,0,0,0
SUPER_W_unloc_1,4520000,0,0,0,0,0,0,0
SUPER_W_unloc_1,4530000,0,0,0,0,0,0,0
SUPER_W_unloc_1,4540000,0,0,0,0,0,0,0
SUPER_W_unloc_1,4550000,26,12,7,45,13,13,1.9473684
SUPER_W_unloc_1,4560000,0,0,0,0,0,0,0
SUPER_W_unloc_1,4570000,0,0,0,0,0,0,0
SUPER_W_unloc_1,4580000,0,0,0,0,0,0,0
SUPER_W_unloc_1,4590000,0,0,0,0,0,0,0
SUPER_W_unloc_1,4600000,0,0,0,0,0,0,0
SUPER_W_unloc_1,4610000,0,0,0,0,0,0,0
SUPER_W_unloc_1,4620000,0,0,0,0,0,0,0
SUPER_W_unloc_1,4630000,0,0,0,0,0,0,0
SUPER_W_unloc_1,4640000,0,0,0,0,0,0,0
SUPER_W_unloc_1,4650000,0,0,0,0,0,0,0
SUPER_W_unloc_1,4660000,0,0,0,0,0,0,0
SUPER_W_unloc_1,4670000,0,0,0,0,0,0,0
SUPER_W_unloc_1,4680000,0,0,0,0,0,0,0
SUPER_W_unloc_1,4690000,0,0,0,0,0,0,0
SUPER_W_unloc_1,4700000,0,0,0,0,0,0,0
SUPER_W_unloc_1,4710000,0,0,0,0,0,0,0
SUPER_W_unloc_1,4720000,0,0,0,0,0,0,0
SUPER_W_unloc_1,4730000,0,0,0,0,0,0,0
SUPER_W_unloc_1,4740000,58,4,6,68,36,22,6
SUPER_W_unloc_1,4750000,1,0,1,2,0,1,1
SUPER_W_unloc_1,4760000,0,0,0,0,0,0,0
SUPER_W_unloc_1,4770000,0,0,0,0,0,0,0
SUPER_W_unloc_1,4780000,0,0,0,0,0,0,0
SUPER_W_unloc_1,4790000,0,0,0,0,0,0,0
SUPER_W_unloc_1,4800000,0,0,0,0,0,0,0
SUPER_W_unloc_1,4810000,0,0,0,0,0,0,0
SUPER_W_unloc_1,4820000,0,0,0,0,0,0,0
SUPER_W_unloc_1,4830000,2,3,5,10,2,0,1
SUPER_W_unloc_1,4840000,0,0,0,0,0,0,0
SUPER_W_unloc_1,4850000,0,0,0,0,0,0,0
SUPER_W_unloc_1,4860000,0,0,0,0,0,0,0
SUPER_W_unloc_1,4870000,0,0,0,0,0,0,0
SUPER_W_unloc_1,4880000,0,0,0,0,0,0,0
SUPER_W_unloc_1,4890000,0,0,0,0,0,0,0
SUPER_W_unloc_1,4900000,0,0,0,0,0,0,0
SUPER_W_unloc_1,4910000,0,0,0,0,0,0,0
SUPER_W_unloc_1,4920000,0,0,0,0,0,0,0
SUPER_W_unloc_1,4930000,0,0,0,0,0,0,0
SUPER_W_unloc_1,4940000,0,0,0,0,0,0,0
SUPER_W_unloc_1,4950000,0,0,0,0,0,0,0
SUPER_W_unloc_1,4960000,0,0,0,0,0,0,0
SUPER_W_unloc_1,4970000,0,0,0,0,0,0,0
SUPER_W_unloc_1,4980000,0,0,0,0,0,0,0
SUPER_W_unloc_1,4990000,0,0,0,0,0,0,0
SUPER_W_unloc_1,5000000,0,0,0,0,0,0,0
SUPER_W_unloc_1,5010000,0,0,0,0,0,0,0
SUPER_W_unloc_1,5020000,0,0,0,0,0,0,0
SUPER_W_unloc_1,5030000,0,0,0,0,0,0,0
SUPER_W_unloc_1,5040000,0,0,0,0,0,0,0
SUPER_W_unloc_1,5050000,0,0,0,0,0,0,0
SUPER_W_unloc_1,5060000,0,0,0,0,0,0,0
SUPER_W_unloc_1,5070000,0,0,0,0,0,0,0
SUPER_W_unloc_1,5080000,0,0,0,0,0,0,0
SUPER_W_unloc_1,5090000,0,0,0,0,0,0,0
SUPER_W_unloc_1,5100000,0,0,0,0,0,0,0
SUPER_W_unloc_1,5110000,0,0,0,0,0,0,0
SUPER_W_unloc_1,5120000,0,0,0,0,0,0,0
SUPER_W_unloc_1,5130000,0,0,0,0,0,0,0
SUPER_W_unloc_1,5140000,0,0,0,0,0,0,0
SUPER_W_unloc_1,5150000,0,0,0,0,0,0,0
SUPER_W_unloc_1,5160000,0,0,0,0,0,0,0
SUPER_W_unloc_1,5170000,0,0,0,0,0,0,0
SUPER_W_unloc_1,5180000,0,0,0,0,0,0,0
SUPER_W_unloc_1,5190000,0,0,0,0,0,0,0
SUPER_W_unloc_1,5200000,0,0,0,0,0,0,0
SUPER_W_unloc_1,5210000,0,0,0,0,0,0,0
SUPER_W_unloc_1,5220000,6,5,1,12,3,3,1
SUPER_W_unloc_1,5230000,1,1,0,2,1,0,1
SUPER_W_unloc_1,5240000,0,0,0,0,0,0,0
SUPER_W_unloc_1,5250000,0,0,0,0,0,0,0
SUPER_W_unloc_1,5260000,0,0,0,0,0,0,0
SUPER_W_unloc_1,5270000,0,0,0,0,0,0,0
SUPER_W_unloc_1,5280000,0,0,0,0,0,0,0
SUPER_W_unloc_1,5290000,0,0,0,0,0,0,0
SUPER_W_unloc_1,5300000,87,1,1,89,60,27,10.5
SUPER_W_unloc_1,5310000,0,0,0,0,0,0,0
SUPER_W_unloc_1,5320000,0,0,0,0,0,0,0
SUPER_W_unloc_1,5330000,0,0,0,0,0,0,0
SUPER_W_unloc_1,5340000,0,0,0,0,0,0,0
SUPER_W_unloc_1,5350000,0,0,0,0,0,0,0
SUPER_W_unloc_1,5360000,0,0,0,0,0,0,0
SUPER_W_unloc_1,5370000,0,0,0,0,0,0,0
SUPER_W_unloc_1,5380000,0,0,0,0,0,0,0
SUPER_W_unloc_1,5390000,0,0,0,0,0,0,0
SUPER_W_unloc_1,5400000,0,0,0,0,0,0,0
SUPER_W_unloc_1,5410000,0,0,0,0,0,0,0
SUPER_W_unloc_1,5420000,0,0,0,0,0,0,0
SUPER_W_unloc_1,5430000,0,0,0,0,0,0,0
SUPER_W_unloc_1,5440000,0,0,0,0,0,0,0
SUPER_W_unloc_1,5450000,0,0,0,0,0,0,0
SUPER_W_unloc_1,5460000,0,0,0,0,0,0,0
SUPER_W_unloc_1,5470000,0,0,0,0,0,0,0
SUPER_W_unloc_1,5480000,23,5,0,28,14,9,3.8
SUPER_W_unloc_1,5490000,0,0,0,0,0,0,0
SUPER_W_unloc_1,5500000,0,0,0,0,0,0,0
SUPER_W_unloc_1,5510000,0,0,0,0,0,0,0
SUPER_W_unloc_1,5520000,0,0,0,0,0,0,0
SUPER_W_unloc_1,5530000,0,0,0,0,0,0,0
SUPER_W_unloc_1,5540000,0,0,0,0,0,0,0
SUPER_W_unloc_1,5550000,0,0,0,0,0,0,0
SUPER_W_unloc_1,5560000,0,0,0,0,0,0,0
SUPER_W_unloc_1,5570000,0,0,0,0,0,0,0
SUPER_W_unloc_1,5580000,0,0,0,0,0,0,0
SUPER_W_unloc_1,5590000,0,0,0,0,0,0,0
SUPER_W_unloc_1,5600000,0,0,0,0,0,0,0
SUPER_W_unloc_1,5610000,0,0,0,0,0,0,0
SUPER_W_unloc_1,5620000,0,0,0,0,0,0,0
SUPER_W_unloc_1,5630000,0,0,0,0,0,0,0
SUPER_W_unloc_1,5640000,0,0,0,0,0,0,0
SUPER_W_unloc_1,5650000,0,0,0,0,0,0,0
SUPER_W_unloc_1,5660000,0,0,0,0,0,0,0
SUPER_W_unloc_1,5670000,0,0,0,0,0,0,0
SUPER_W_unloc_1,5680000,0,0,0,0,0,0,0
SUPER_W_unloc_1,5690000,0,0,0,0,0,0,0
SUPER_W_unloc_1,5700000,0,0,0,0,0,0,0
SUPER_W_unloc_1,5710000,0,0,0,0,0,0,0
SUPER_W_unloc_1,5720000,27,10,9,46,8,19,1.5263158
SUPER_W_unloc_1,5730000,0,0,0,0,0,0,0
SUPER_W_unloc_1,5740000,0,0,0,0,0,0,0
SUPER_W_unloc_1,5750000,0,0,0,0,0,0,0
SUPER_W_unloc_1,5760000,0,0,0,0,0,0,0
SUPER_W_unloc_1,5770000,44,5,2,51,31,13,6.285714
SUPER_W_unloc_1,5780000,39,3,0,42,30,9,5.6666665
SUPER_W_unloc_1,5790000,0,1,0,1,0,0,1
SUPER_W_unloc_1,5800000,0,0,0,0,0,0,0
SUPER_W_unloc_1,5810000,0,0,0,0,0,0,0
SUPER_W_unloc_1,5820000,0,0,0,0,0,0,0
SUPER_W_unloc_1,5830000,0,0,0,0,0,0,0
SUPER_W_unloc_1,5840000,0,0,0,0,0,0,0
SUPER_W_unloc_1,5850000,0,0,0,0,0,0,0
SUPER_W_unloc_1,5860000,0,0,0,0,0,0,0
SUPER_W_unloc_1,5870000,0,0,0,0,0,0,0
SUPER_W_unloc_1,5880000,0,0,0,0,0,0,0
SUPER_W_unloc_1,5890000,0,0,0,0,0,0,0
SUPER_W_unloc_1,5900000,0,0,0,0,0,0,0
SUPER_W_unloc_1,5910000,0,0,0,0,0,0,0
SUPER_W_unloc_1,5920000,0,0,3,3,0,0,1.3333334
SUPER_W_unloc_1,5930000,0,0,0,0,0,0,0
SUPER_W_unloc_1,5940000,0,0,0,0,0,0,0
SUPER_W_unloc_1,5950000,0,0,0,0,0,0,0
SUPER_W_unloc_1,5960000,0,0,0,0,0,0,0
SUPER_W_unloc_1,5970000,0,0,0,0,0,0,0
SUPER_W_unloc_1,5980000,0,0,0,0,0,0,0
SUPER_W_unloc_1,5990000,0,0,0,0,0,0,0
SUPER_W_unloc_1,6000000,0,0,0,0,0,0,0
SUPER_W_unloc_1,6010000,9,4,2,15,6,3,2.3333333
SUPER_W_unloc_1,6020000,0,0,0,0,0,0,0
SUPER_W_unloc_1,6030000,0,0,0,0,0,0,0
SUPER_W_unloc_1,6040000,0,0,0,0,0,0,0
SUPER_W_unloc_1,6050000,0,0,0,0,0,0,0
SUPER_W_unloc_1,6060000,0,0,0,0,0,0,0
SUPER_W_unloc_1,6070000,0,0,0,0,0,0,0
SUPER_W_unloc_1,6080000,0,0,0,0,0,0,0
SUPER_W_unloc_1,6090000,0,0,0,0,0,0,0
SUPER_W_unloc_1,6100000,0,0,0,0,0,0,0
SUPER_W_unloc_1,6110000,0,0,0,0,0,0,0
SUPER_W_unloc_1,6120000,0,0,0,0,0,0,0
SUPER_W_unloc_1,6130000,0,0,0,0,0,0,0
SUPER_W_unloc_1,6140000,0,0,0,0,0,0,0
SUPER_W_unloc_1,6150000,0,0,0,0,0,0,0
SUPER_W_unloc_1,6160000,0,0,0,0,0,0,0
SUPER_W_unloc_1,6170000,0,0,0,0,0,0,0
SUPER_W_unloc_1,6180000,0,0,0,0,0,0,0
SUPER_W_unloc_1,6190000,0,0,0,0,0,0,0
SUPER_W_unloc_1,6200000,0,0,0,0,0,0,0
SUPER_W_unloc_1,6210000,0,0,0,0,0,0,0
SUPER_W_unloc_1,6220000,0,0,0,0,0,0,0
SUPER_W_unloc_1,6230000,0,0,0,0,0,0,0
SUPER_W_unloc_1,6240000,0,0,0,0,0,0,0
SUPER_W_unloc_1,6250000,0,0,0,0,0,0,0
SUPER_W_unloc_1,6260000,0,0,0,0,0,0,0
SUPER_W_unloc_1,6270000,0,0,0,0,0,0,0
SUPER_W_unloc_1,6280000,0,0,0,0,0,0,0
SUPER_W_unloc_1,6290000,0,0,0,0,0,0,0
SUPER_W_unloc_1,6300000,0,0,0,0,0,0,0
SUPER_W_unloc_1,6310000,0,0,0,0,0,0,0
SUPER_W_unloc_1,6320000,0,0,0,0,0,0,0
SUPER_W_unloc_1,6330000,0,0,0,0,0,0,0
SUPER_W_unloc_1,6340000,0,0,0,0,0,0,0
SUPER_W_unloc_1,6350000,0,0,0,0,0,0,0
SUPER_W_unloc_1,6360000,28,6,3,37,18,10,2.3333333
SUPER_W_unloc_1,6370000,0,0,0,0,0,0,0
SUPER_W_unloc_1,6380000,0,0,0,0,0,0,0
SUPER_W_unloc_1,6390000,77,4,2,83,43,34,5
SUPER_W_unloc_1,6400000,0,0,0,0,0,0,0
SUPER_W_unloc_1,6410000,0,0,0,0,0,0,0
SUPER_W_unloc_1,6420000,0,0,0,0,0,0,0
SUPER_W_unloc_1,6430000,0,0,0,0,0,0,0
SUPER_W_unloc_1,6440000,0,0,0,0,0,0,0
SUPER_W_unloc_1,6450000,0,0,0,0,0,0,0
SUPER_W_unloc_1,6460000,0,0,0,0,0,0,0
SUPER_W_unloc_1,6470000,0,0,0,0,0,0,0
SUPER_W_unloc_1,6480000,0,0,0,0,0,0,0
SUPER_W_unloc_1,6490000,0,0,0,0,0,0,0
SUPER_W_unloc_1,6500000,0,0,0,0,0,0,0
SUPER_W_unloc_1,6510000,0,0,0,0,0,0,0
SUPER_W_unloc_1,6520000,0,0,0,0,0,0,0
SUPER_W_unloc_1,6530000,0,0,0,0,0,0,0
SUPER_W_unloc_1,6540000,0,0,0,0,0,0,0
SUPER_W_unloc_1,6550000,0,0,0,0,0,0,0
SUPER_W_unloc_1,6560000,0,0,0,0,0,0,0
SUPER_W_unloc_1,6570000,0,0,0,0,0,0,0
SUPER_W_unloc_1,6580000,0,0,0,0,0,0,0
SUPER_W_unloc_1,6590000,0,0,0,0,0,0,0
SUPER_W_unloc_1,6600000,0,0,0,0,0,0,0
SUPER_W_unloc_1,6610000,0,0,0,0,0,0,0
SUPER_W_unloc_1,6620000,0,0,0,0,0,0,0
SUPER_W_unloc_1,6630000,0,0,0,0,0,0,0
SUPER_W_unloc_1,6640000,0,0,0,0,0,0,0
SUPER_W_unloc_1,6650000,0,0,0,0,0,0,0
SUPER_W_unloc_1,6660000,0,0,0,0,0,0,0
SUPER_W_unloc_1,6670000,7,3,4,14,6,1,1.2857143
SUPER_W_unloc_1,6680000,0,0,3,3,0,0,2
SUPER_W_unloc_1,6690000,0,1,3,4,0,0,2
SUPER_W_unloc_1,6700000,0,0,2,2,0,0,2
SUPER_W_unloc_1,6710000,0,0,0,0,0,0,0
SUPER_W_unloc_1,6720000,0,0,0,0,0,0,0
SUPER_W_unloc_1,6730000,0,0,0,0,0,0,0
SUPER_W_unloc_1,6740000,1,0,4,5,0,1,1.75
SUPER_W_unloc_1,6750000,7,0,1,8,4,3,2
SUPER_W_unloc_1,6760000,3,0,1,4,2,1,1
SUPER_W_unloc_1,6770000,0,0,0,0,0,0,0
SUPER_W_unloc_1,6780000,0,0,0,0,0,0,0
SUPER_W_unloc_1,6790000,0,0,0,0,0,0,0
SUPER_W_unloc_1,6800000,0,0,0,0,0,0,0
SUPER_W_unloc_1,6810000,0,0,0,0,0,0,0
SUPER_W_unloc_1,6820000,0,0,0,0,0,0,0
SUPER_W_unloc_1,6830000,0,0,0,0,0,0,0
SUPER_W_unloc_1,6840000,0,0,0,0,0,0,0
SUPER_W_unloc_1,6850000,0,0,0,0,0,0,0
SUPER_W_unloc_1,6860000,43,4,4,51,28,15,9.5
SUPER_W_unloc_1,6870000,45,4,6,55,21,24,14.9
SUPER_W_unloc_1,6880000,58,1,5,64,30,28,4.1666665
SUPER_W_unloc_1,6890000,6,0,0,6,3,3,NaN
SUPER_W_unloc_2,10000,111,0,0,111,51,60,NaN
SUPER_W_unloc_2,20000,76,0,0,76,40,36,NaN
SUPER_W_unloc_2,30000,123,2,1,126,58,65,1
SUPER_W_unloc_2,40000,60,1,1,62,33,27,1
SUPER_W_unloc_2,50000,7,1,0,8,5,2,1
SUPER_W_unloc_2,60000,29,0,0,29,14,15,NaN
SUPER_W_unloc_2,70000,53,1,0,54,33,20,1
SUPER_W_unloc_2,80000,35,0,1,36,18,17,164
SUPER_W_unloc_2,90000,59,1,0,60,30,29,1
SUPER_W_unloc_2,100000,33,0,1,34,17,16,2
SUPER_W_unloc_2,110000,10,0,1,11,6,4,1
SUPER_W_unloc_2,120000,9,1,0,10,3,6,13
SUPER_W_unloc_2,130000,13,2,0,15,9,4,10
SUPER_W_unloc_2,140000,10,0,0,10,4,6,NaN
SUPER_W_unloc_2,150000,15,1,3,19,7,8,2.75
SUPER_W_unloc_2,160000,54,4,3,61,35,19,8.857142
SUPER_W_unloc_2,170000,10,1,0,11,6,4,1
SUPER_W_unloc_2,180000,6,1,2,9,5,1,3
SUPER_W_unloc_2,190000,15,3,1,19,4,11,3.75
SUPER_W_unloc_2,200000,7,2,0,9,6,1,4
SUPER_W_unloc_2,210000,12,1,1,14,6,6,3
SUPER_W_unloc_2,220000,10,0,0,10,4,6,NaN
SUPER_W_unloc_2,230000,15,0,0,15,7,8,NaN
SUPER_W_unloc_2,240000,34,1,0,35,20,14,2
SUPER_W_unloc_2,250000,53,0,1,54,27,26,1
SUPER_W_unloc_2,260000,40,1,1,42,19,21,82.5
SUPER_W_unloc_2,270000,11,2,1,14,6,5,4
SUPER_W_unloc_2,280000,41,5,3,49,21,20,5.625
SUPER_W_unloc_2,290000,73,9,2,84,29,44,2.4545455
SUPER_W_unloc_2,300000,13,2,3,18,5,8,7.2
SUPER_W_unloc_2,310000,13,2,0,15,10,3,1.5
SUPER_W_unloc_2,320000,17,0,1,18,11,6,1
SUPER_W_unloc_2,330000,15,0,1,16,9,6,10
SUPER_W_unloc_2,340000,9,4,0,13,6,3,1.5
SUPER_W_unloc_2,350000,3,0,0,3,1,2,NaN
SUPER_W_unloc_2,360000,4,0,0,4,2,2,NaN
SUPER_W_unloc_2,370000,7,1,0,8,4,3,8
SUPER_W_unloc_2,380000,9,0,0,9,4,5,NaN
SUPER_W_unloc_2,390000,17,0,1,18,7,10,5
SUPER_W_unloc_2,400000,10,1,1,12,6,4,3.5
SUPER_W_unloc_2,410000,10,0,0,10,5,5,NaN
SUPER_W_unloc_2,420000,2,0,0,2,2,0,NaN
SUPER_W_unloc_2,430000,1,0,0,1,0,1,NaN
SUPER_W_unloc_2,440000,1,0,0,1,0,1,NaN
SUPER_W_unloc_2,450000,1,1,0,2,0,1,9
SUPER_W_unloc_2,460000,29,2,0,31,18,11,1.5
SUPER_W_unloc_2,470000,1,0,0,1,0,1,NaN
SUPER_W_unloc_2,480000,26,1,3,30,8,18,3.25
SUPER_W_unloc_2,490000,43,2,1,46,26,17,4.6666665
SUPER_W_unloc_2,500000,33,2,3,38,17,16,13
SUPER_W_unloc_2,510000,6,1,1,8,3,3,6
SUPER_W_unloc_2,520000,13,1,0,14,10,3,1
SUPER_W_unloc_2,530000,28,1,1,30,18,10,2
SUPER_W_unloc_2,540000,32,3,2,37,14,18,4.6
SUPER_W_unloc_2,550000,11,1,2,14,5,6,9.666667
SUPER_W_unloc_2,560000,6,2,1,9,3,3,10.333333
SUPER_W_unloc_2,570000,22,3,2,27,15,7,3.8
SUPER_W_unloc_2,580000,53,2,6,61,28,25,9.625
SUPER_W_unloc_2,590000,70,5,5,80,43,27,16.2
SUPER_W_unloc_2,600000,17,0,1,18,9,8,1
SUPER_W_unloc_2,610000,13,1,2,16,7,6,8.666667
SUPER_W_unloc_2,620000,0,0,0,0,0,0,0
SUPER_W_unloc_2,630000,0,0,0,0,0,0,0
SUPER_W_unloc_2,640000,9,2,2,13,4,5,3
SUPER_W_unloc_2,650000,18,0,0,18,8,10,NaN
SUPER_W_unloc_2,660000,18,0,3,21,10,8,4.6666665
SUPER_W_unloc_2,670000,15,0,1,16,6,9,1
SUPER_W_unloc_2,680000,19,1,1,21,8,11,1
SUPER_W_unloc_2,690000,16,1,1,18,13,3,15
SUPER_W_unloc_2,700000,19,3,2,24,6,13,2.8
SUPER_W_unloc_2,710000,32,1,1,34,22,10,17.5
SUPER_W_unloc_2,720000,10,2,0,12,9,1,2
SUPER_W_unloc_2,730000,34,3,4,41,14,20,4.428571
SUPER_W_unloc_2,740000,32,3,3,38,21,11,4.3333335
SUPER_W_unloc_2,750000,42,5,1,48,21,21,6.1666665
SUPER_W_unloc_2,760000,34,2,1,37,22,12,6.3333335
SUPER_W_unloc_2,770000,16,1,2,19,8,8,1
SUPER_W_unloc_2,780000,23,2,0,25,15,8,8.5
SUPER_W_unloc_2,790000,20,1,0,21,11,9,1
SUPER_W_unloc_2,800000,10,3,2,15,8,2,5.8
SUPER_W_unloc_2,810000,13,2,5,20,6,7,2.857143
SUPER_W_unloc_2,820000,21,0,5,26,10,11,5.4
SUPER_W_unloc_2,830000,32,5,3,40,14,18,4.25
SUPER_W_unloc_2,840000,22,0,0,22,13,9,NaN
SUPER_W_unloc_2,850000,41,3,2,46,23,18,3.8
SUPER_W_unloc_2,860000,58,1,5,64,37,21,8.833333
SUPER_W_unloc_2,870000,5,3,2,10,0,5,3.6
SUPER_W_unloc_2,880000,2,0,0,2,1,1,NaN
SUPER_W_unloc_2,890000,2,0,1,3,0,2,1
SUPER_W_unloc_2,900000,10,0,1,11,7,3,195
SUPER_W_unloc_2,910000,75,4,4,83,47,28,6.25
SUPER_W_unloc_2,920000,11,0,1,12,5,6,1
SUPER_W_unloc_2,930000,9,2,1,12,7,2,7.3333335
SUPER_W_unloc_2,940000,49,3,2,54,21,28,6
SUPER_W_unloc_2,950000,73,2,1,76,40,33,1
SUPER_W_unloc_2,960000,20,6,7,33,10,10,2.0769231
SUPER_W_unloc_2,970000,29,3,5,37,19,10,4.25
SUPER_W_unloc_2,980000,33,3,4,40,19,14,4.857143
SUPER_W_unloc_2,990000,29,4,4,37,14,15,8.375
SUPER_W_unloc_2,1000000,21,1,1,23,10,11,2
SUPER_W_unloc_2,1010000,17,5,2,24,6,11,4.142857
SUPER_W_unloc_2,1020000,12,0,0,12,7,5,NaN
SUPER_W_unloc_2,1030000,23,1,4,28,11,12,16.4
SUPER_W_unloc_2,1040000,16,1,3,20,8,8,2
SUPER_W_unloc_2,1050000,31,2,2,35,16,15,12.5
SUPER_W_unloc_2,1060000,19,3,0,22,11,8,2.3333333
SUPER_W_unloc_2,1070000,12,2,3,17,6,6,6.6
SUPER_W_unloc_2,1080000,12,0,0,12,5,7,NaN
SUPER_W_unloc_2,1090000,6,0,1,7,4,2,16
SUPER_W_unloc_2,1100000,8,0,0,8,6,2,NaN
SUPER_W_unloc_2,1110000,5,0,1,6,3,2,20
SUPER_W_unloc_2,1120000,18,0,4,22,13,5,4.5
SUPER_W_unloc_2,1130000,27,2,1,30,15,12,1.6666666
SUPER_W_unloc_2,1140000,59,6,5,70,36,23,5
SUPER_W_unloc_2,1150000,17,3,0,20,12,5,1.3333334
SUPER_W_unloc_2,1160000,17,2,0,19,7,10,5.5
SUPER_W_unloc_2,1170000,14,1,1,16,9,5,1
SUPER_W_unloc_2,1180000,22,4,4,30,11,11,5.125
SUPER_W_unloc_2,1190000,21,2,1,24,13,8,2
SUPER_W_unloc_2,1200000,28,0,3,31,21,7,2
SUPER_W_unloc_2,1210000,17,2,3,22,8,9,1.4
SUPER_W_unloc_2,1220000,9,1,0,10,5,4,22
SUPER_W_unloc_2,1230000,21,5,3,29,11,10,3.875
SUPER_W_unloc_2,1240000,19,3,1,23,10,9,2
SUPER_W_unloc_2,1250000,12,0,3,15,5,7,23
SUPER_W_unloc_2,1260000,25,1,0,26,15,10,1
SUPER_W_unloc_2,1270000,25,0,2,27,13,12,29
SUPER_W_unloc_2,1280000,18,2,1,21,8,10,2.6666667
SUPER_W_unloc_2,1290000,48,6,6,60,26,22,5.5
SUPER_W_unloc_2,1300000,11,1,3,15,4,7,10.75
SUPER_W_unloc_2,1310000,14,2,2,18,9,5,3.75
SUPER_W_unloc_2,1320000,12,1,3,16,5,7,3.25
SUPER_W_unloc_2,1330000,17,2,0,19,11,6,26
SUPER_W_unloc_2,1340000,16,1,3,20,9,7,5.75
SUPER_W_unloc_2,1350000,23,0,1,24,14,9,8
SUPER_W_unloc_2,1360000,11,1,0,12,8,3,12
SUPER_W_unloc_2,1370000,16,2,0,18,8,8,3.5
SUPER_W_unloc_2,1380000,13,3,0,16,6,7,8.333333
SUPER_W_unloc_2,1390000,8,1,0,9,4,4,1
SUPER_W_unloc_2,1400000,27,2,1,30,12,15,1
SUPER_W_unloc_2,1410000,32,1,0,33,18,14,1
SUPER_W_unloc_2,1420000,24,5,2,31,11,13,11.142858
SUPER_W_unloc_2,1430000,38,6,0,44,18,20,3.5
SUPER_W_unloc_2,1440000,25,1,0,26,15,10,3
SUPER_W_unloc_2,1450000,34,1,4,39,15,19,5.8
SUPER_W_unloc_2,1460000,56,3,1,60,25,31,3.5
SUPER_W_unloc_2,1470000,26,0,7,33,16,10,8.285714
SUPER_W_unloc_2,1480000,22,1,5,28,15,7,6.8333335
SUPER_W_unloc_2,1490000,5,0,2,7,4,1,1.5
SUPER_W_unloc_2,1500000,0,0,0,0,0,0,0
SUPER_W_unloc_2,1510000,0,0,0,0,0,0,0
SUPER_W_unloc_2,1520000,0,0,0,0,0,0,0
SUPER_W_unloc_2,1530000,0,0,0,0,0,0,0
SUPER_W_unloc_2,1540000,0,0,0,0,0,0,0
SUPER_W_unloc_2,1550000,11,2,2,15,4,7,1.5
SUPER_W_unloc_2,1560000,17,0,0,17,9,8,NaN
SUPER_W_unloc_2,1570000,13,1,0,14,9,4,1
SUPER_W_unloc_2,1580000,24,0,2,26,14,10,1
SUPER_W_unloc_2,1590000,5,1,1,7,3,2,1.5
SUPER_W_unloc_2,1600000,88,12,14,114,46,42,8.846154
SUPER_W_unloc_2,1610000,19,1,3,23,15,4,15.5
SUPER_W_unloc_2,1620000,25,1,2,28,15,10,2
SUPER_W_unloc_2,1630000,32,0,1,33,13,19,12
SUPER_W_unloc_2,1640000,34,5,0,39,18,16,10.6
SUPER_W_unloc_2,1650000,36,2,2,40,24,12,4.5
SUPER_W_unloc_2,1660000,36,2,6,44,22,14,9.125
SUPER_W_unloc_2,1670000,12,1,1,14,9,3,1.5
SUPER_W_unloc_2,1680000,110,1,0,111,54,56,2
SUPER_W_unloc_2,1690000,38,0,0,38,18,20,NaN
SUPER_W_unloc_2,1700000,12,0,1,13,7,5,17
SUPER_W_unloc_2,1710000,11,2,3,16,7,4,7.2
SUPER_W_unloc_2,1720000,7,2,0,9,4,3,1.5
SUPER_W_unloc_2,1730000,4,0,1,5,0,4,2
SUPER_W_unloc_2,1740000,15,0,1,16,9,6,2
SUPER_W_unloc_2,1750000,12,2,0,14,6,6,2.5
SUPER_W_unloc_2,1760000,9,0,1,10,5,4,17
SUPER_W_unloc_2,1770000,5,0,0,5,2,3,NaN
SUPER_W_unloc_2,1780000,0,0,0,0,0,0,0
SUPER_W_unloc_2,1790000,0,0,0,0,0,0,0
SUPER_W_unloc_2,1800000,0,0,0,0,0,0,0
SUPER_W_unloc_2,1810000,0,0,0,0,0,0,0
SUPER_W_unloc_2,1820000,0,0,0,0,0,0,0
SUPER_W_unloc_2,1830000,0,0,0,0,0,0,0
SUPER_W_unloc_2,1840000,0,0,0,0,0,0,0
SUPER_W_unloc_2,1850000,31,3,2,36,15,16,2.6
SUPER_W_unloc_2,1860000,3,3,0,6,2,1,1.3333334
SUPER_W_unloc_2,1870000,10,2,0,12,4,6,6.5
SUPER_W_unloc_2,1880000,0,0,0,0,0,0,0
SUPER_W_unloc_2,1890000,0,0,0,0,0,0,0
SUPER_W_unloc_2,1900000,0,0,0,0,0,0,0
SUPER_W_unloc_2,1910000,0,0,0,0,0,0,0
SUPER_W_unloc_2,1920000,0,0,0,0,0,0,0
SUPER_W_unloc_2,1930000,0,0,0,0,0,0,0
SUPER_W_unloc_2,1940000,47,3,2,52,23,24,1.8
SUPER_W_unloc_2,1950000,0,0,0,0,0,0,0
SUPER_W_unloc_2,1960000,0,0,0,0,0,0,0
SUPER_W_unloc_2,1970000,0,0,0,0,0,0,0
SUPER_W_unloc_2,1980000,0,0,0,0,0,0,0
SUPER_W_unloc_2,1990000,0,0,0,0,0,0,0
SUPER_W_unloc_2,2000000,0,0,0,0,0,0,0
SUPER_W_unloc_2,2010000,0,0,0,0,0,0,0
SUPER_W_unloc_2,2020000,0,0,0,0,0,0,0
SUPER_W_unloc_2,2030000,0,0,0,0,0,0,0
SUPER_W_unloc_2,2040000,0,0,0,0,0,0,0
SUPER_W_unloc_2,2050000,62,4,5,71,37,25,2.4444444
SUPER_W_unloc_2,2060000,38,2,2,42,21,17,2.25
SUPER_W_unloc_2,2070000,0,0,0,0,0,0,0
SUPER_W_unloc_2,2080000,0,0,0,0,0,0,0
SUPER_W_unloc_2,2090000,0,0,0,0,0,0,0
SUPER_W_unloc_2,2100000,0,0,0,0,0,0,0
SUPER_W_unloc_2,2110000,0,0,0,0,0,0,0
SUPER_W_unloc_2,2120000,31,6,2,39,17,14,6.25
SUPER_W_unloc_2,2130000,24,0,0,24,12,12,NaN
SUPER_W_unloc_2,2140000,0,0,0,0,0,0,0
SUPER_W_unloc_2,2150000,0,0,0,0,0,0,0
SUPER_W_unloc_2,2160000,0,0,0,0,0,0,0
SUPER_W_unloc_2,2170000,0,0,0,0,0,0,0
SUPER_W_unloc_2,2180000,0,0,0,0,0,0,0
SUPER_W_unloc_2,2190000,0,0,0,0,0,0,0
SUPER_W_unloc_2,2200000,0,0,0,0,0,0,0
SUPER_W_unloc_2,2210000,0,0,0,0,0,0,0
SUPER_W_unloc_2,2220000,0,0,0,0,0,0,0
SUPER_W_unloc_2,2230000,0,0,0,0,0,0,0
SUPER_W_unloc_2,2240000,0,0,0,0,0,0,0
SUPER_W_unloc_2,2250000,0,0,0,0,0,0,0
SUPER_W_unloc_2,2260000,0,0,0,0,0,0,0
SUPER_W_unloc_2,2270000,0,0,0,0,0,0,0
SUPER_W_unloc_2,2280000,0,0,0,0,0,0,0
SUPER_W_unloc_2,2290000,0,0,0,0,0,0,0
SUPER_W_unloc_2,2300000,0,0,0,0,0,0,0
SUPER_W_unloc_2,2310000,0,0,0,0,0,0,0
SUPER_W_unloc_2,2320000,0,0,0,0,0,0,0
SUPER_W_unloc_2,2330000,0,0,0,0,0,0,0
SUPER_W_unloc_2,2340000,0,0,0,0,0,0,0
SUPER_W_unloc_2,2350000,0,0,0,0,0,0,0
SUPER_W_unloc_2,2360000,0,0,0,0,0,0,0
SUPER_W_unloc_2,2370000,0,0,0,0,0,0,0
SUPER_W_unloc_2,2380000,0,0,0,0,0,0,0
SUPER_W_unloc_2,2390000,0,0,0,0,0,0,0
SUPER_W_unloc_2,2400000,6,1,3,10,5,1,1.75
SUPER_W_unloc_2,2410000,0,0,0,0,0,0,0
SUPER_W_unloc_2,2420000,0,0,0,0,0,0,0
SUPER_W_unloc_2,2430000,0,0,0,0,0,0,0
SUPER_W_unloc_2,2440000,0,0,0,0,0,0,0
SUPER_W_unloc_2,2450000,0,0,0,0,0,0,0
SUPER_W_unloc_2,2460000,0,0,0,0,0,0,0
SUPER_W_unloc_2,2470000,0,0,0,0,0,0,0
SUPER_W_unloc_2,2480000,0,0,0,0,0,0,0
SUPER_W_unloc_2,2490000,0,0,0,0,0,0,0
SUPER_W_unloc_2,2500000,0,0,0,0,0,0,0
SUPER_W_unloc_2,2510000,0,0,0,0,0,0,0
SUPER_W_unloc_2,2520000,0,0,0,0,0,0,0
SUPER_W_unloc_2,2530000,0,0,0,0,0,0,0
SUPER_W_unloc_2,2540000,0,0,0,0,0,0,0
SUPER_W_unloc_2,2550000,0,0,0,0,0,0,0
SUPER_W_unloc_2,2560000,0,0,0,0,0,0,0
SUPER_W_unloc_2,2570000,0,0,0,0,0,0,0
SUPER_W_unloc_2,2580000,0,0,0,0,0,0,0
SUPER_W_unloc_2,2590000,0,0,0,0,0,0,0
SUPER_W_unloc_2,2600000,0,0,0,0,0,0,0
SUPER_W_unloc_2,2610000,0,0,0,0,0,0,0
SUPER_W_unloc_2,2620000,0,0,0,0,0,0,0
SUPER_W_unloc_2,2630000,0,0,0,0,0,0,0
SUPER_W_unloc_2,2640000,0,0,0,0,0,0,0
SUPER_W_unloc_2,2650000,0,0,0,0,0,0,0
SUPER_W_unloc_2,2660000,0,0,0,0,0,0,0
SUPER_W_unloc_2,2670000,50,2,6,58,24,26,6
SUPER_W_unloc_2,2680000,43,1,3,47,27,16,5.5
SUPER_W_unloc_2,2690000,0,0,0,0,0,0,0
SUPER_W_unloc_2,2700000,0,0,0,0,0,0,0
SUPER_W_unloc_2,2710000,0,0,0,0,0,0,0
SUPER_W_unloc_2,2720000,0,0,0,0,0,0,0
SUPER_W_unloc_2,2730000,20,1,1,22,13,7,1
SUPER_W_unloc_2,2740000,36,0,1,37,27,9,148
SUPER_W_unloc_2,2750000,0,0,0,0,0,0,0
SUPER_W_unloc_2,2760000,0,0,0,0,0,0,0
SUPER_W_unloc_2,2770000,0,0,0,0,0,0,0
SUPER_W_unloc_2,2780000,0,0,0,0,0,0,0
SUPER_W_unloc_2,2790000,0,0,0,0,0,0,0
SUPER_W_unloc_2,2800000,0,0,0,0,0,0,0
SUPER_W_unloc_2,2810000,0,0,0,0,0,0,0
SUPER_W_unloc_2,2820000,0,0,0,0,0,0,0
SUPER_W_unloc_2,2830000,0,0,0,0,0,0,0
SUPER_W_unloc_2,2840000,0,0,0,0,0,0,0
SUPER_W_unloc_2,2850000,0,0,0,0,0,0,0
SUPER_W_unloc_2,2860000,0,0,0,0,0,0,0
SUPER_W_unloc_2,2870000,0,0,0,0,0,0,0
SUPER_W_unloc_2,2880000,0,0,0,0,0,0,0
SUPER_W_unloc_2,2890000,0,0,0,0,0,0,0
SUPER_W_unloc_2,2900000,0,0,0,0,0,0,0
SUPER_W_unloc_2,2910000,0,0,0,0,0,0,0
SUPER_W_unloc_2,2920000,0,0,0,0,0,0,0
SUPER_W_unloc_2,2930000,0,0,0,0,0,0,0
SUPER_W_unloc_2,2940000,0,0,0,0,0,0,0
SUPER_W_unloc_2,2950000,0,0,0,0,0,0,0
SUPER_W_unloc_2,2960000,0,0,0,0,0,0,0
SUPER_W_unloc_2,2970000,0,0,0,0,0,0,0
SUPER_W_unloc_2,2980000,0,0,0,0,0,0,0
SUPER_W_unloc_2,2990000,0,0,0,0,0,0,0
SUPER_W_unloc_2,3000000,0,0,0,0,0,0,0
SUPER_W_unloc_2,3010000,0,0,0,0,0,0,0
SUPER_W_unloc_2,3020000,0,0,0,0,0,0,0
SUPER_W_unloc_2,3030000,28,4,8,40,17,11,3.5
SUPER_W_unloc_2,3040000,54,3,1,58,29,25,15.5
SUPER_W_unloc_2,3050000,0,0,0,0,0,0,0
SUPER_W_unloc_2,3060000,0,0,0,0,0,0,0
SUPER_W_unloc_2,3070000,11,0,0,11,6,5,NaN
SUPER_W_unloc_2,3080000,0,0,0,0,0,0,0
SUPER_W_unloc_2,3090000,0,0,0,0,0,0,0
SUPER_W_unloc_2,3100000,3,1,0,4,3,0,2
SUPER_W_unloc_2,3110000,0,0,0,0,0,0,0
SUPER_W_unloc_2,3120000,0,0,0,0,0,0,0
SUPER_W_unloc_2,3130000,0,0,0,0,0,0,0
SUPER_W_unloc_2,3140000,0,0,0,0,0,0,0
SUPER_W_unloc_2,3150000,3,0,1,4,0,3,1
SUPER_W_unloc_2,3160000,0,0,0,0,0,0,0
SUPER_W_unloc_2,3170000,0,0,0,0,0,0,0
SUPER_W_unloc_2,3180000,1,1,1,3,0,1,1.5
SUPER_W_unloc_2,3190000,1,0,0,1,1,0,NaN
SUPER_W_unloc_2,3200000,2,0,0,2,2,0,NaN
SUPER_W_unloc_2,3210000,1,0,0,1,1,0,NaN
SUPER_W_unloc_2,3220000,2,0,0,2,0,2,NaN
SUPER_W_unloc_2,3230000,2,0,1,3,1,1,1
SUPER_W_unloc_2,3240000,3,0,0,3,2,1,NaN
SUPER_W_unloc_2,3250000,3,0,0,3,3,0,NaN
SUPER_W_unloc_2,3260000,0,0,1,1,0,0,1
SUPER_W_unloc_2,3270000,1,2,0,3,1,0,1
SUPER_W_unloc_2,3280000,0,0,0,0,0,0,0
SUPER_W_unloc_2,3290000,0,0,0,0,0,0,0
SUPER_W_unloc_2,3300000,6,1,2,9,4,2,1
SUPER_W_unloc_2,3310000,2,0,1,3,1,1,1
SUPER_W_unloc_2,3320000,1,1,0,2,1,0,2
SUPER_W_unloc_2,3330000,0,0,0,0,0,0,0
SUPER_W_unloc_2,3340000,0,0,0,0,0,0,0
SUPER_W_unloc_2,3350000,8,0,1,9,5,3,2
SUPER_W_unloc_2,3360000,7,0,0,7,3,4,NaN
SUPER_W_unloc_2,3370000,7,0,0,7,5,2,NaN
SUPER_W_unloc_2,3380000,14,0,0,14,11,3,NaN
SUPER_W_unloc_2,3390000,12,0,2,14,5,7,1
SUPER_W_unloc_2,3400000,55,6,1,62,31,24,8
SUPER_W_unloc_2,3410000,82,2,2,86,45,37,11
SUPER_W_unloc_2,3420000,80,2,2,84,46,34,8.5
SUPER_W_unloc_2,3430000,0,0,0,0,0,0,0
SUPER_W_unloc_2,3440000,0,0,0,0,0,0,0
SUPER_W_unloc_2,3450000,0,0,0,0,0,0,0
SUPER_W_unloc_2,3460000,0,0,0,0,0,0,0
SUPER_W_unloc_2,3470000,0,0,0,0,0,0,0
SUPER_W_unloc_2,3480000,0,0,0,0,0,0,0
SUPER_W_unloc_2,3490000,0,0,0,0,0,0,0
SUPER_W_unloc_2,3500000,0,0,0,0,0,0,0
SUPER_W_unloc_2,3510000,0,0,0,0,0,0,0
SUPER_W_unloc_2,3520000,0,0,0,0,0,0,0
SUPER_W_unloc_2,3530000,0,0,0,0,0,0,0
SUPER_W_unloc_2,3540000,0,0,0,0,0,0,0
SUPER_W_unloc_2,3550000,0,0,0,0,0,0,0
SUPER_W_unloc_2,3560000,0,0,0,0,0,0,0
SUPER_W_unloc_2,3570000,0,0,0,0,0,0,0
SUPER_W_unloc_2,3580000,0,0,0,0,0,0,0
SUPER_W_unloc_2,3590000,0,0,0,0,0,0,0
SUPER_W_unloc_2,3600000,0,0,0,0,0,0,0
SUPER_W_unloc_2,3610000,0,0,0,0,0,0,0
SUPER_W_unloc_2,3620000,0,0,0,0,0,0,0
SUPER_W_unloc_2,3630000,0,0,0,0,0,0,0
SUPER_W_unloc_2,3640000,0,0,0,0,0,0,0
SUPER_W_unloc_2,3650000,0,0,0,0,0,0,0
SUPER_W_unloc_2,3660000,76,4,5,85,42,34,2.8888888
SUPER_W_unloc_2,3670000,5,1,0,6,3,2,1
SUPER_W_unloc_2,3680000,0,0,0,0,0,0,0
SUPER_W_unloc_2,3690000,0,0,0,0,0,0,0
SUPER_W_unloc_2,3700000,0,0,0,0,0,0,0
SUPER_W_unloc_2,3710000,0,0,0,0,0,0,0
SUPER_W_unloc_2,3720000,0,0,0,0,0,0,0
SUPER_W_unloc_2,3730000,0,0,0,0,0,0,0
SUPER_W_unloc_2,3740000,0,0,0,0,0,0,0
SUPER_W_unloc_2,3750000,0,0,0,0,0,0,0
SUPER_W_unloc_2,3760000,0,0,0,0,0,0,0
SUPER_W_unloc_2,3770000,0,0,0,0,0,0,0
SUPER_W_unloc_2,3780000,0,0,0,0,0,0,0
SUPER_W_unloc_2,3790000,0,0,0,0,0,0,0
SUPER_W_unloc_2,3800000,0,0,0,0,0,0,0
SUPER_W_unloc_2,3810000,0,0,0,0,0,0,0
SUPER_W_unloc_2,3820000,0,0,0,0,0,0,0
SUPER_W_unloc_2,3830000,0,0,0,0,0,0,0
SUPER_W_unloc_2,3840000,0,0,0,0,0,0,0
SUPER_W_unloc_2,3850000,0,0,0,0,0,0,0
SUPER_W_unloc_2,3860000,0,0,0,0,0,0,0
SUPER_W_unloc_2,3870000,0,0,0,0,0,0,0
SUPER_W_unloc_2,3880000,0,0,0,0,0,0,0
SUPER_W_unloc_2,3890000,0,0,0,0,0,0,0
SUPER_W_unloc_2,3900000,0,0,0,0,0,0,0
SUPER_W_unloc_2,3910000,0,0,0,0,0,0,0
SUPER_W_unloc_2,3920000,0,0,0,0,0,0,0
SUPER_W_unloc_2,3930000,36,5,6,47,22,14,12.272727
SUPER_W_unloc_2,3940000,0,0,0,0,0,0,0
SUPER_W_unloc_2,3950000,0,0,0,0,0,0,0
SUPER_W_unloc_2,3960000,0,0,0,0,0,0,0
SUPER_W_unloc_2,3970000,0,0,0,0,0,0,0
SUPER_W_unloc_2,3980000,0,0,0,0,0,0,0
SUPER_W_unloc_2,3990000,10,1,2,13,3,7,1.3333334
SUPER_W_unloc_2,4000000,0,0,0,0,0,0,0
SUPER_W_unloc_2,4010000,0,0,0,0,0,0,0
SUPER_W_unloc_2,4020000,0,0,0,0,0,0,0
SUPER_W_unloc_2,4030000,0,0,0,0,0,0,0
SUPER_W_unloc_2,4040000,0,0,0,0,0,0,0
SUPER_W_unloc_2,4050000,0,0,0,0,0,0,0
SUPER_W_unloc_2,4060000,1,1,1,3,1,0,1.5
SUPER_W_unloc_2,4070000,0,0,0,0,0,0,0
SUPER_W_unloc_2,4080000,0,0,0,0,0,0,0
SUPER_W_unloc_2,4090000,0,0,0,0,0,0,0
SUPER_W_unloc_2,4100000,0,0,0,0,0,0,0
SUPER_W_unloc_2,4110000,0,0,0,0,0,0,0
SUPER_W_unloc_2,4120000,0,0,0,0,0,0,0
SUPER_W_unloc_2,4130000,0,0,0,0,0,0,0
SUPER_W_unloc_2,4140000,0,0,0,0,0,0,0
SUPER_W_unloc_2,4150000,0,0,0,0,0,0,0
SUPER_W_unloc_2,4160000,0,0,0,0,0,0,0
SUPER_W_unloc_2,4170000,0,0,0,0,0,0,0
SUPER_W_unloc_2,4180000,0,0,0,0,0,0,0
SUPER_W_unloc_2,4190000,0,0,0,0,0,0,0
SUPER_W_unloc_2,4200000,0,0,0,0,0,0,0
SUPER_W_unloc_2,4210000,0,0,0,0,0,0,0
SUPER_W_unloc_2,4220000,0,0,0,0,0,0,0
SUPER_W_unloc_2,4230000,0,0,0,0,0,0,0
SUPER_W_unloc_2,4240000,0,0,0,0,0,0,0
SUPER_W_unloc_2,4250000,0,0,0,0,0,0,0
SUPER_W_unloc_2,4260000,0,0,0,0,0,0,0
SUPER_W_unloc_2,4270000,0,0,0,0,0,0,0
SUPER_W_unloc_2,4280000,0,0,0,0,0,0,0
SUPER_W_unloc_2,4290000,0,0,0,0,0,0,0
SUPER_W_unloc_2,4300000,0,0,0,0,0,0,0
SUPER_W_unloc_2,4310000,0,0,0,0,0,0,0
SUPER_W_unloc_2,4320000,0,0,0,0,0,0,0
SUPER_W_unloc_2,4330000,0,0,0,0,0,0,0
SUPER_W_unloc_2,4340000,7,3,1,11,5,2,1.5
SUPER_W_unloc_2,4350000,0,0,0,0,0,0,0
SUPER_W_unloc_2,4360000,0,0,0,0,0,0,0
SUPER_W_unloc_2,4370000,0,0,0,0,0,0,0
SUPER_W_unloc_2,4380000,0,0,0,0,0,0,0
SUPER_W_unloc_2,4390000,0,0,0,0,0,0,0
SUPER_W_unloc_2,4400000,0,0,0,0,0,0,0
SUPER_W_unloc_2,4410000,0,0,0,0,0,0,0
SUPER_W_unloc_2,4420000,0,0,0,0,0,0,0
SUPER_W_unloc_2,4430000,0,0,0,0,0,0,0
SUPER_W_unloc_2,4440000,0,0,0,0,0,0,0
SUPER_W_unloc_2,4450000,0,0,0,0,0,0,0
SUPER_W_unloc_2,4460000,0,0,0,0,0,0,0
SUPER_W_unloc_2,4470000,51,5,6,62,29,22,8.545455
SUPER_W_unloc_2,4480000,4,4,0,8,1,3,2.75
SUPER_W_unloc_2,4490000,0,0,0,0,0,0,0
SUPER_W_unloc_2,4500000,0,0,0,0,0,0,0
SUPER_W_unloc_2,4510000,0,0,0,0,0,0,0
SUPER_W_unloc_2,4520000,0,0,0,0,0,0,0
SUPER_W_unloc_2,4530000,0,0,0,0,0,0,0
SUPER_W_unloc_2,4540000,0,0,0,0,0,0,0
SUPER_W_unloc_2,4550000,0,0,0,0,0,0,0
SUPER_W_unloc_2,4560000,0,0,0,0,0,0,0
SUPER_W_unloc_2,4570000,0,0,0,0,0,0,0
SUPER_W_unloc_2,4580000,0,0,0,0,0,0,0
SUPER_W_unloc_2,4590000,0,0,0,0,0,0,0
SUPER_W_unloc_2,4600000,0,0,0,0,0,0,0
SUPER_W_unloc_2,4610000,0,0,0,0,0,0,0
SUPER_W_unloc_2,4620000,0,0,0,0,0,0,0
SUPER_W_unloc_2,4630000,0,0,0,0,0,0,0
SUPER_W_unloc_2,4640000,0,3,4,7,0,0,1.7142857
SUPER_W_unloc_2,4650000,0,1,0,1,0,0,1
SUPER_W_unloc_2,4660000,8,1,0,9,5,3,1
SUPER_W_unloc_2,4670000,59,1,2,62,52,7,4.3333335
SUPER_W_unloc_2,4680000,163,4,3,170,103,60,2.142857
SUPER_W_unloc_2,4690000,18,1,2,21,8,10,1.3333334
SUPER_W_unloc_2,4700000,1,0,0,1,1,0,NaN
SUPER_W_unloc_2,4710000,2,0,0,2,2,0,NaN
SUPER_W_unloc_2,4720000,1,0,0,1,1,0,NaN
SUPER_W_unloc_2,4730000,6,0,0,6,2,4,NaN
SUPER_W_unloc_2,4740000,0,0,0,0,0,0,0
SUPER_W_unloc_2,4750000,0,0,0,0,0,0,0
SUPER_W_unloc_2,4760000,0,0,0,0,0,0,0
SUPER_W_unloc_2,4770000,0,0,0,0,0,0,0
SUPER_W_unloc_2,4780000,2,0,0,2,1,1,NaN
SUPER_W_unloc_2,4790000,6,1,2,9,2,4,9.666667
SUPER_W_unloc_2,4800000,3,2,0,5,2,1,3.5
SUPER_W_unloc_2,4810000,2,0,0,2,0,2,NaN
SUPER_W_unloc_2,4820000,0,0,0,0,0,0,0
SUPER_W_unloc_2,4830000,0,0,0,0,0,0,0
SUPER_W_unloc_2,4840000,0,0,0,0,0,0,0
SUPER_W_unloc_2,4850000,0,0,0,0,0,0,0
SUPER_W_unloc_2,4860000,0,0,0,0,0,0,0
SUPER_W_unloc_2,4870000,0,0,0,0,0,0,0
SUPER_W_unloc_2,4880000,0,0,0,0,0,0,0
SUPER_W_unloc_2,4890000,0,0,0,0,0,0,0
SUPER_W_unloc_2,4900000,0,0,0,0,0,0,0
SUPER_W_unloc_2,4910000,0,0,0,0,0,0,0
SUPER_W_unloc_2,4920000,0,0,0,0,0,0,0
SUPER_W_unloc_2,4930000,0,0,0,0,0,0,0
SUPER_W_unloc_2,4940000,2,1,2,5,2,0,1
SUPER_W_unloc_2,4950000,0,0,0,0,0,0,0
SUPER_W_unloc_2,4960000,0,0,0,0,0,0,0
SUPER_W_unloc_2,4970000,0,0,0,0,0,0,0
SUPER_W_unloc_2,4980000,0,0,0,0,0,0,0
SUPER_W_unloc_2,4990000,0,0,0,0,0,0,0
SUPER_W_unloc_2,5000000,0,0,0,0,0,0,0
SUPER_W_unloc_2,5010000,0,0,0,0,0,0,0
SUPER_W_unloc_2,5020000,0,0,0,0,0,0,0
SUPER_W_unloc_2,5030000,0,0,0,0,0,0,0
SUPER_W_unloc_2,5040000,0,0,0,0,0,0,0
SUPER_W_unloc_2,5050000,0,0,0,0,0,0,0
SUPER_W_unloc_2,5060000,0,0,0,0,0,0,0
SUPER_W_unloc_2,5070000,0,0,0,0,0,0,0
SUPER_W_unloc_2,5080000,0,0,0,0,0,0,0
SUPER_W_unloc_2,5090000,0,0,0,0,0,0,0
SUPER_W_unloc_2,5100000,0,0,0,0,0,0,0
SUPER_W_unloc_2,5110000,0,0,0,0,0,0,0
SUPER_W_unloc_2,5120000,0,0,0,0,0,0,0
SUPER_W_unloc_2,5130000,0,0,0,0,0,0,0
SUPER_W_unloc_2,5140000,0,0,0,0,0,0,0
SUPER_W_unloc_2,5150000,0,0,0,0,0,0,0
SUPER_W_unloc_2,5160000,0,0,0,0,0,0,0
SUPER_W_unloc_2,5170000,0,0,0,0,0,0,0
SUPER_W_unloc_2,5180000,0,0,0,0,0,0,0
SUPER_W_unloc_2,5190000,0,0,0,0,0,0,0
SUPER_W_unloc_2,5200000,0,0,0,0,0,0,0
SUPER_W_unloc_2,5210000,39,6,2,47,22,17,5.125
SUPER_W_unloc_2,5220000,23,3,2,28,12,11,8
SUPER_W_unloc_2,5230000,12,1,0,13,10,2,1
SUPER_W_unloc_2,5240000,71,5,3,79,32,39,5.5
SUPER_W_unloc_2,5250000,24,2,1,27,9,15,10.666667
SUPER_W_unloc_2,5260000,14,6,0,20,7,7,6
SUPER_W_unloc_2,5270000,43,2,2,47,14,29,5.5
SUPER_W_unloc_2,5280000,0,0,0,0,0,0,0
SUPER_W_unloc_2,5290000,0,0,0,0,0,0,0
SUPER_W_unloc_2,5300000,0,0,0,0,0,0,0
SUPER_W_unloc_2,5310000,24,4,4,32,12,12,4.125
SUPER_W_unloc_3,10000,0,0,0,0,0,0,0
SUPER_W_unloc_3,20000,0,0,0,0,0,0,0
SUPER_W_unloc_3,30000,0,0,0,0,0,0,0
SUPER_W_unloc_3,40000,0,0,0,0,0,0,0
SUPER_W_unloc_3,50000,0,2,0,2,0,0,1
SUPER_W_unloc_3,60000,0,0,1,1,0,0,1
SUPER_W_unloc_3,70000,0,0,0,0,0,0,0
SUPER_W_unloc_3,80000,0,0,0,0,0,0,0
SUPER_W_unloc_3,90000,0,0,0,0,0,0,0
SUPER_W_unloc_3,100000,0,0,0,0,0,0,0
SUPER_W_unloc_3,110000,0,0,0,0,0,0,0
SUPER_W_unloc_3,120000,0,0,0,0,0,0,0
SUPER_W_unloc_3,130000,0,0,0,0,0,0,0
SUPER_W_unloc_3,140000,0,0,0,0,0,0,0
SUPER_W_unloc_3,150000,11,2,3,16,6,5,1.2
SUPER_W_unloc_3,160000,0,0,0,0,0,0,0
SUPER_W_unloc_3,170000,0,0,0,0,0,0,0
SUPER_W_unloc_3,180000,0,0,0,0,0,0,0
SUPER_W_unloc_3,190000,11,1,0,12,8,3,5
SUPER_W_unloc_3,200000,0,0,0,0,0,0,0
SUPER_W_unloc_3,210000,0,0,0,0,0,0,0
SUPER_W_unloc_3,220000,5,0,0,5,2,3,NaN
SUPER_W_unloc_3,230000,0,0,0,0,0,0,0
SUPER_W_unloc_3,240000,0,0,0,0,0,0,0
SUPER_W_unloc_3,250000,6,0,1,7,2,4,16
SUPER_W_unloc_3,260000,81,4,3,88,36,45,5.428571
SUPER_W_unloc_3,270000,12,2,2,16,4,8,3
SUPER_W_unloc_3,280000,46,2,3,51,21,25,7.6
SUPER_W_unloc_3,290000,23,3,1,27,9,14,5.5
SUPER_W_unloc_3,300000,26,0,3,29,11,15,7
SUPER_W_unloc_3,310000,10,0,0,10,4,6,NaN
SUPER_W_unloc_3,320000,0,0,0,0,0,0,0
SUPER_W_unloc_3,330000,0,0,0,0,0,0,0
SUPER_W_unloc_3,340000,0,0,0,0,0,0,0
SUPER_W_unloc_3,350000,0,0,0,0,0,0,0
SUPER_W_unloc_3,360000,0,0,0,0,0,0,0
SUPER_W_unloc_3,370000,0,0,0,0,0,0,0
SUPER_W_unloc_3,380000,0,0,0,0,0,0,0
SUPER_W_unloc_3,390000,8,1,0,9,2,6,1
SUPER_W_unloc_3,400000,0,1,1,2,0,0,2
SUPER_W_unloc_3,410000,0,0,1,1,0,0,1
SUPER_W_unloc_3,420000,0,0,0,0,0,0,0
SUPER_W_unloc_3,430000,0,0,0,0,0,0,0
SUPER_W_unloc_3,440000,0,0,0,0,0,0,0
SUPER_W_unloc_3,450000,0,0,0,0,0,0,0
SUPER_W_unloc_3,460000,0,0,0,0,0,0,0
SUPER_W_unloc_3,470000,0,0,0,0,0,0,0
SUPER_W_unloc_3,480000,0,0,0,0,0,0,0
SUPER_W_unloc_3,490000,0,0,0,0,0,0,0
SUPER_W_unloc_3,500000,0,0,0,0,0,0,0
SUPER_W_unloc_3,510000,0,0,0,0,0,0,0
SUPER_W_unloc_3,520000,0,0,0,0,0,0,0
SUPER_W_unloc_3,530000,0,0,0,0,0,0,0
SUPER_W_unloc_3,540000,88,4,8,100,59,29,43
SUPER_W_unloc_3,550000,31,1,0,32,17,14,4
SUPER_W_unloc_3,560000,40,1,5,46,21,19,2.6666667
SUPER_W_unloc_3,570000,58,2,2,62,25,33,8.5
SUPER_W_unloc_3,580000,76,3,3,82,34,42,8.833333
SUPER_W_unloc_3,590000,48,4,1,53,26,22,4.8
SUPER_W_unloc_3,600000,27,1,0,28,16,11,12
SUPER_W_unloc_3,610000,28,2,0,30,16,12,7.5
SUPER_W_unloc_3,620000,7,0,1,8,3,4,8
SUPER_W_unloc_3,630000,2,0,1,3,1,1,4
SUPER_W_unloc_3,640000,10,0,0,10,7,3,NaN
SUPER_W_unloc_3,650000,15,1,1,17,9,6,32.5
SUPER_W_unloc_3,660000,7,3,1,11,4,3,13.25
SUPER_W_unloc_3,670000,20,0,0,20,16,4,NaN
SUPER_W_unloc_3,680000,15,2,1,18,7,8,1.6666666
SUPER_W_unloc_3,690000,15,5,1,21,4,11,19.166666
SUPER_W_unloc_3,700000,21,2,1,24,8,13,2
SUPER_W_unloc_3,710000,17,3,1,21,6,11,2.75
SUPER_W_unloc_3,720000,17,0,0,17,9,8,NaN
SUPER_W_unloc_3,730000,11,0,0,11,4,7,NaN
SUPER_W_unloc_3,740000,15,0,0,15,6,9,NaN
SUPER_W_unloc_3,750000,20,0,0,20,12,8,NaN
SUPER_W_unloc_3,760000,27,0,0,27,11,16,NaN
SUPER_W_unloc_3,770000,39,2,7,48,16,23,2.5555556
SUPER_W_unloc_3,780000,22,0,0,22,11,11,NaN
SUPER_W_unloc_3,790000,11,0,2,13,7,4,1.5
SUPER_W_unloc_3,800000,12,1,2,15,4,8,2
SUPER_W_unloc_3,810000,12,0,0,12,9,3,NaN
SUPER_W_unloc_3,820000,25,3,1,29,10,15,2
SUPER_W_unloc_3,830000,16,2,1,19,10,6,8.333333
SUPER_W_unloc_3,840000,12,1,1,14,7,5,4
SUPER_W_unloc_3,850000,18,1,1,20,10,8,1
SUPER_W_unloc_3,860000,27,2,2,31,16,11,11.75
SUPER_W_unloc_3,870000,30,2,5,37,16,14,3.5714285
SUPER_W_unloc_3,880000,18,3,1,22,9,9,5.5
SUPER_W_unloc_3,890000,0,0,0,0,0,0,0
SUPER_W_unloc_3,900000,0,0,0,0,0,0,0
SUPER_W_unloc_3,910000,19,0,2,21,9,10,11.5
SUPER_W_unloc_3,920000,0,0,0,0,0,0,0
SUPER_W_unloc_3,930000,0,0,0,0,0,0,0
SUPER_W_unloc_3,940000,0,0,0,0,0,0,0
SUPER_W_unloc_3,950000,0,0,0,0,0,0,0
SUPER_W_unloc_3,960000,0,0,0,0,0,0,0
SUPER_W_unloc_3,970000,0,0,0,0,0,0,0
SUPER_W_unloc_3,980000,11,1,3,15,7,4,5
SUPER_W_unloc_3,990000,0,0,0,0,0,0,0
SUPER_W_unloc_3,1000000,0,0,0,0,0,0,0
SUPER_W_unloc_3,1010000,0,0,0,0,0,0,0
SUPER_W_unloc_3,1020000,0,0,0,0,0,0,0
SUPER_W_unloc_3,1030000,21,1,0,22,8,13,1
SUPER_W_unloc_3,1040000,0,0,0,0,0,0,0
SUPER_W_unloc_3,1050000,0,0,0,0,0,0,0
SUPER_W_unloc_3,1060000,0,0,0,0,0,0,0
SUPER_W_unloc_3,1070000,0,0,0,0,0,0,0
SUPER_W_unloc_3,1080000,0,0,0,0,0,0,0
SUPER_W_unloc_3,1090000,0,0,0,0,0,0,0
SUPER_W_unloc_3,1100000,0,0,0,0,0,0,0
SUPER_W_unloc_3,1110000,0,0,0,0,0,0,0
SUPER_W_unloc_3,1120000,0,0,0,0,0,0,0
SUPER_W_unloc_3,1130000,0,0,0,0,0,0,0
SUPER_W_unloc_3,1140000,0,0,0,0,0,0,0
SUPER_W_unloc_3,1150000,0,0,0,0,0,0,0
SUPER_W_unloc_3,1160000,0,0,0,0,0,0,0
SUPER_W_unloc_3,1170000,0,0,0,0,0,0,0
SUPER_W_unloc_3,1180000,0,0,0,0,0,0,0
SUPER_W_unloc_3,1190000,12,1,3,16,4,8,2
SUPER_W_unloc_3,1200000,122,1,2,125,64,58,7.3333335
SUPER_W_unloc_3,1210000,127,3,0,130,74,53,1.3333334
SUPER_W_unloc_3,1220000,0,0,0,0,0,0,0
SUPER_W_unloc_3,1230000,0,0,0,0,0,0,0
SUPER_W_unloc_3,1240000,0,0,0,0,0,0,0
SUPER_W_unloc_3,1250000,0,0,0,0,0,0,0
SUPER_W_unloc_3,1260000,0,0,0,0,0,0,0
SUPER_W_unloc_3,1270000,0,0,0,0,0,0,0
SUPER_W_unloc_3,1280000,0,0,0,0,0,0,0
SUPER_W_unloc_3,1290000,0,0,0,0,0,0,0
SUPER_W_unloc_3,1300000,0,0,0,0,0,0,0
SUPER_W_unloc_3,1310000,10,6,1,17,8,2,34.285713
SUPER_W_unloc_3,1320000,5,4,3,12,4,1,8.714286
SUPER_W_unloc_3,1330000,17,10,7,34,10,7,4.647059
SUPER_W_unloc_3,1340000,13,11,5,29,7,6,6
SUPER_W_unloc_3,1350000,4,1,2,7,2,2,2
SUPER_W_unloc_3,1360000,1,0,3,4,1,0,1.6666666
SUPER_W_unloc_3,1370000,14,10,5,29,6,8,10.266666
SUPER_W_unloc_3,1380000,0,0,0,0,0,0,0
SUPER_W_unloc_3,1390000,0,0,0,0,0,0,0
SUPER_W_unloc_3,1400000,0,0,0,0,0,0,0
SUPER_W_unloc_3,1410000,0,0,0,0,0,0,0
SUPER_W_unloc_3,1420000,0,0,0,0,0,0,0
SUPER_W_unloc_3,1430000,0,0,0,0,0,0,0
SUPER_W_unloc_3,1440000,0,0,0,0,0,0,0
SUPER_W_unloc_3,1450000,4,6,3,13,3,1,4.3333335
SUPER_W_unloc_3,1460000,0,1,0,1,0,0,2
SUPER_W_unloc_3,1470000,0,3,0,3,0,0,1.6666666
SUPER_W_unloc_3,1480000,5,2,0,7,4,1,5.5
SUPER_W_unloc_3,1490000,65,3,2,70,42,23,4.4
SUPER_W_unloc_3,1500000,38,0,0,38,31,7,NaN
SUPER_W_unloc_3,1510000,0,0,0,0,0,0,0
SUPER_W_unloc_3,1520000,0,0,0,0,0,0,0
SUPER_W_unloc_3,1530000,0,0,0,0,0,0,0
SUPER_W_unloc_3,1540000,0,0,0,0,0,0,0
SUPER_W_unloc_3,1550000,0,0,0,0,0,0,0
SUPER_W_unloc_3,1560000,0,0,0,0,0,0,0
SUPER_W_unloc_3,1570000,3,4,0,7,1,2,3.75
SUPER_W_unloc_3,1580000,0,0,1,1,0,0,1
SUPER_W_unloc_3,1590000,5,0,0,5,5,0,NaN
SUPER_W_unloc_3,1600000,0,0,0,0,0,0,0
SUPER_W_unloc_3,1610000,0,0,0,0,0,0,0
SUPER_W_unloc_3,1620000,0,0,0,0,0,0,0
SUPER_W_unloc_3,1630000,0,0,0,0,0,0,0
SUPER_W_unloc_3,1640000,0,0,0,0,0,0,0
SUPER_W_unloc_3,1650000,0,0,0,0,0,0,0
SUPER_W_unloc_3,1660000,0,0,0,0,0,0,0
SUPER_W_unloc_3,1670000,0,0,0,0,0,0,0
SUPER_W_unloc_3,1680000,0,0,0,0,0,0,0
SUPER_W_unloc_3,1690000,0,0,0,0,0,0,0
SUPER_W_unloc_3,1700000,0,0,0,0,0,0,0
SUPER_W_unloc_3,1710000,0,0,0,0,0,0,0
SUPER_W_unloc_3,1720000,0,0,0,0,0,0,0
SUPER_W_unloc_3,1730000,0,0,0,0,0,0,0
SUPER_W_unloc_3,1740000,0,0,0,0,0,0,0
SUPER_W_unloc_3,1750000,0,0,0,0,0,0,0
SUPER_W_unloc_3,1760000,0,0,0,0,0,0,0
SUPER_W_unloc_3,1770000,0,0,0,0,0,0,0
SUPER_W_unloc_3,1780000,0,0,0,0,0,0,0
SUPER_W_unloc_3,1790000,0,0,0,0,0,0,0
SUPER_W_unloc_3,1800000,0,0,0,0,0,0,0
SUPER_W_unloc_3,1810000,0,0,0,0,0,0,0
SUPER_W_unloc_3,1820000,0,0,0,0,0,0,0
SUPER_W_unloc_3,1830000,0,0,0,0,0,0,0
SUPER_W_unloc_3,1840000,0,0,0,0,0,0,0
SUPER_W_unloc_3,1850000,0,0,0,0,0,0,0
SUPER_W_unloc_3,1860000,0,0,0,0,0,0,0
SUPER_W_unloc_3,1870000,0,0,0,0,0,0,0
SUPER_W_unloc_3,1880000,0,0,0,0,0,0,0
SUPER_W_unloc_3,1890000,0,0,0,0,0,0,0
SUPER_W_unloc_3,1900000,0,0,0,0,0,0,0
SUPER_W_unloc_3,1910000,0,0,0,0,0,0,0
SUPER_W_unloc_3,1920000,0,0,0,0,0,0,0
SUPER_W_unloc_3,1930000,0,0,0,0,0,0,0
SUPER_W_unloc_3,1940000,1,4,3,8,0,1,1.4285715
SUPER_W_unloc_3,1950000,0,0,0,0,0,0,0
SUPER_W_unloc_3,1960000,0,0,0,0,0,0,0
SUPER_W_unloc_3,1970000,0,0,0,0,0,0,0
SUPER_W_unloc_3,1980000,0,0,0,0,0,0,0
SUPER_W_unloc_3,1990000,0,0,0,0,0,0,0
SUPER_W_unloc_3,2000000,0,0,0,0,0,0,0
SUPER_W_unloc_3,2010000,0,0,0,0,0,0,0
SUPER_W_unloc_3,2020000,0,0,0,0,0,0,0
SUPER_W_unloc_3,2030000,0,0,0,0,0,0,0
SUPER_W_unloc_3,2040000,0,0,0,0,0,0,0
SUPER_W_unloc_3,2050000,0,0,0,0,0,0,0
SUPER_W_unloc_3,2060000,0,0,0,0,0,0,0
SUPER_W_unloc_3,2070000,0,0,0,0,0,0,0
SUPER_W_unloc_3,2080000,0,0,0,0,0,0,0
SUPER_W_unloc_3,2090000,0,0,0,0,0,0,0
SUPER_W_unloc_3,2100000,0,0,0,0,0,0,0
SUPER_W_unloc_3,2110000,0,0,0,0,0,0,0
SUPER_W_unloc_3,2120000,0,0,0,0,0,0,0
SUPER_W_unloc_3,2130000,0,0,0,0,0,0,0
SUPER_W_unloc_3,2140000,0,0,0,0,0,0,0
SUPER_W_unloc_3,2150000,0,0,0,0,0,0,0
SUPER_W_unloc_3,2160000,0,0,0,0,0,0,0
SUPER_W_unloc_3,2170000,0,0,0,0,0,0,0
SUPER_W_unloc_3,2180000,0,0,0,0,0,0,0
SUPER_W_unloc_3,2190000,0,0,0,0,0,0,0
SUPER_W_unloc_3,2200000,0,0,0,0,0,0,0
SUPER_W_unloc_3,2210000,0,0,0,0,0,0,0
SUPER_W_unloc_3,2220000,0,0,0,0,0,0,0
SUPER_W_unloc_3,2230000,0,0,0,0,0,0,0
SUPER_W_unloc_3,2240000,0,0,0,0,0,0,0
SUPER_W_unloc_3,2250000,2,2,1,5,1,1,2
SUPER_W_unloc_3,2260000,0,0,0,0,0,0,0
SUPER_W_unloc_3,2270000,0,0,0,0,0,0,0
SUPER_W_unloc_3,2280000,0,0,0,0,0,0,0
SUPER_W_unloc_3,2290000,0,0,0,0,0,0,0
SUPER_W_unloc_3,2300000,0,0,0,0,0,0,0
SUPER_W_unloc_3,2310000,0,0,0,0,0,0,0
SUPER_W_unloc_3,2320000,0,0,0,0,0,0,0
SUPER_W_unloc_3,2330000,0,0,0,0,0,0,0
SUPER_W_unloc_3,2340000,3,1,0,4,3,0,1
SUPER_W_unloc_3,2350000,0,0,0,0,0,0,0
SUPER_W_unloc_3,2360000,0,0,0,0,0,0,0
SUPER_W_unloc_3,2370000,0,0,0,0,0,0,0
SUPER_W_unloc_3,2380000,0,0,0,0,0,0,0
SUPER_W_unloc_3,2390000,0,0,0,0,0,0,0
SUPER_W_unloc_3,2400000,0,0,0,0,0,0,0
SUPER_W_unloc_3,2410000,0,0,0,0,0,0,0
SUPER_W_unloc_3,2420000,83,8,8,99,46,37,15.4375
SUPER_W_unloc_3,2430000,0,0,0,0,0,0,0
SUPER_W_unloc_3,2440000,0,0,0,0,0,0,0
SUPER_W_unloc_3,2450000,0,0,0,0,0,0,0
SUPER_W_unloc_3,2460000,0,0,0,0,0,0,0
SUPER_W_unloc_3,2470000,0,0,0,0,0,0,0
SUPER_W_unloc_3,2480000,0,0,0,0,0,0,0
SUPER_W_unloc_3,2490000,0,0,0,0,0,0,0
SUPER_W_unloc_3,2500000,0,0,0,0,0,0,0
SUPER_W_unloc_3,2510000,0,0,0,0,0,0,0
SUPER_W_unloc_3,2520000,0,0,0,0,0,0,0
SUPER_W_unloc_3,2530000,0,0,0,0,0,0,0
SUPER_W_unloc_3,2540000,0,0,0,0,0,0,0
SUPER_W_unloc_3,2550000,0,0,0,0,0,0,0
SUPER_W_unloc_3,2560000,0,0,0,0,0,0,0
SUPER_W_unloc_3,2570000,0,0,0,0,0,0,0
SUPER_W_unloc_3,2580000,0,0,0,0,0,0,0
SUPER_W_unloc_3,2590000,0,0,0,0,0,0,0
SUPER_W_unloc_3,2600000,0,0,0,0,0,0,0
SUPER_W_unloc_3,2610000,0,0,0,0,0,0,0
SUPER_W_unloc_3,2620000,0,0,0,0,0,0,0
SUPER_W_unloc_3,2630000,0,0,0,0,0,0,0
SUPER_W_unloc_3,2640000,0,0,0,0,0,0,0
SUPER_W_unloc_3,2650000,0,0,0,0,0,0,0
SUPER_W_unloc_3,2660000,0,0,0,0,0,0,0
SUPER_W_unloc_3,2670000,0,0,0,0,0,0,0
SUPER_W_unloc_3,2680000,0,0,0,0,0,0,0
SUPER_W_unloc_3,2690000,0,0,0,0,0,0,0
SUPER_W_unloc_3,2700000,0,0,0,0,0,0,0
SUPER_W_unloc_3,2710000,0,0,0,0,0,0,0
SUPER_W_unloc_3,2720000,0,0,0,0,0,0,0
SUPER_W_unloc_3,2730000,0,0,0,0,0,0,0
SUPER_W_unloc_3,2740000,0,0,0,0,0,0,0
SUPER_W_unloc_3,2750000,0,0,0,0,0,0,0
SUPER_W_unloc_3,2760000,0,0,0,0,0,0,0
SUPER_W_unloc_3,2770000,0,0,0,0,0,0,0
SUPER_W_unloc_3,2780000,0,0,0,0,0,0,0
SUPER_W_unloc_3,2790000,0,0,0,0,0,0,0
SUPER_W_unloc_3,2800000,0,0,0,0,0,0,0
SUPER_W_unloc_3,2810000,45,8,10,63,18,27,2.1111112
SUPER_W_unloc_3,2820000,0,0,0,0,0,0,0
SUPER_W_unloc_3,2830000,0,0,0,0,0,0,0
SUPER_W_unloc_3,2840000,0,0,0,0,0,0,0
SUPER_W_unloc_3,2850000,0,0,0,0,0,0,0
SUPER_W_unloc_3,2860000,0,0,0,0,0,0,0
SUPER_W_unloc_3,2870000,0,0,0,0,0,0,0
SUPER_W_unloc_3,2880000,0,0,0,0,0,0,0
SUPER_W_unloc_3,2890000,0,0,0,0,0,0,0
SUPER_W_unloc_3,2900000,0,0,0,0,0,0,0
SUPER_W_unloc_3,2910000,0,0,0,0,0,0,0
SUPER_W_unloc_3,2920000,0,0,0,0,0,0,0
SUPER_W_unloc_3,2930000,0,1,2,3,0,0,1
SUPER_W_unloc_3,2940000,7,1,1,9,4,3,5.5
SUPER_W_unloc_3,2950000,0,0,0,0,0,0,0
SUPER_W_unloc_3,2960000,0,0,0,0,0,0,0
SUPER_W_unloc_3,2970000,0,0,0,0,0,0,0
SUPER_W_unloc_3,2980000,0,0,0,0,0,0,0
SUPER_W_unloc_3,2990000,0,0,0,0,0,0,0
SUPER_W_unloc_3,3000000,0,0,0,0,0,0,0
SUPER_W_unloc_3,3010000,0,0,0,0,0,0,0
SUPER_W_unloc_3,3020000,0,0,0,0,0,0,0
SUPER_W_unloc_3,3030000,0,0,0,0,0,0,0
SUPER_W_unloc_3,3040000,0,0,0,0,0,0,0
SUPER_W_unloc_3,3050000,0,0,0,0,0,0,0
SUPER_W_unloc_3,3060000,0,0,0,0,0,0,0
SUPER_W_unloc_3,3070000,10,0,3,13,7,3,1
SUPER_W_unloc_3,3080000,0,0,0,0,0,0,0
SUPER_W_unloc_3,3090000,0,0,0,0,0,0,0
SUPER_W_unloc_3,3100000,0,0,0,0,0,0,0
SUPER_W_unloc_3,3110000,0,0,0,0,0,0,0
SUPER_W_unloc_3,3120000,0,0,0,0,0,0,0
SUPER_W_unloc_3,3130000,0,0,0,0,0,0,0
SUPER_W_unloc_3,3140000,0,0,0,0,0,0,0
SUPER_W_unloc_3,3150000,0,0,0,0,0,0,0
SUPER_W_unloc_3,3160000,0,0,0,0,0,0,0
SUPER_W_unloc_3,3170000,0,0,0,0,0,0,0
SUPER_W_unloc_3,3180000,0,0,0,0,0,0,0
SUPER_W_unloc_3,3190000,0,0,0,0,0,0,0
SUPER_W_unloc_3,3200000,0,0,0,0,0,0,0
SUPER_W_unloc_3,3210000,0,0,0,0,0,0,0
SUPER_W_unloc_3,3220000,0,0,0,0,0,0,0
SUPER_W_unloc_3,3230000,0,0,0,0,0,0,0
SUPER_W_unloc_3,3240000,0,0,0,0,0,0,0
SUPER_W_unloc_3,3250000,0,0,0,0,0,0,0
SUPER_W_unloc_3,3260000,0,0,0,0,0,0,0
SUPER_W_unloc_3,3270000,0,0,0,0,0,0,0
SUPER_W_unloc_3,3280000,0,0,0,0,0,0,0
SUPER_W_unloc_3,3290000,0,0,0,0,0,0,0
SUPER_W_unloc_3,3300000,0,0,0,0,0,0,0
SUPER_W_unloc_3,3310000,0,0,0,0,0,0,0
SUPER_W_unloc_3,3320000,0,4,1,5,0,0,1.4
SUPER_W_unloc_3,3330000,5,1,0,6,0,5,1
SUPER_W_unloc_3,3340000,10,0,1,11,5,5,164
SUPER_W_unloc_3,3350000,27,0,0,27,18,9,NaN
SUPER_W_unloc_3,3360000,5,0,0,5,3,2,NaN
SUPER_W_unloc_3,3370000,9,2,0,11,5,4,17.5
SUPER_W_unloc_3,3380000,0,0,0,0,0,0,0
SUPER_W_unloc_3,3390000,0,0,0,0,0,0,0
SUPER_W_unloc_3,3400000,0,0,0,0,0,0,0
SUPER_W_unloc_3,3410000,0,0,0,0,0,0,0
SUPER_W_unloc_3,3420000,0,0,0,0,0,0,0
SUPER_W_unloc_3,3430000,0,0,0,0,0,0,0
SUPER_W_unloc_3,3440000,0,0,0,0,0,0,0
SUPER_W_unloc_3,3450000,0,0,0,0,0,0,0
SUPER_W_unloc_3,3460000,0,0,0,0,0,0,0
SUPER_W_unloc_3,3470000,0,0,0,0,0,0,0
SUPER_W_unloc_3,3480000,0,0,0,0,0,0,0
SUPER_W_unloc_3,3490000,0,0,0,0,0,0,0
SUPER_W_unloc_3,3500000,0,0,0,0,0,0,0
SUPER_W_unloc_3,3510000,0,0,0,0,0,0,0
SUPER_W_unloc_3,3520000,0,0,0,0,0,0,0
SUPER_W_unloc_3,3530000,0,0,0,0,0,0,0
SUPER_W_unloc_3,3540000,0,0,0,0,0,0,0
SUPER_W_unloc_3,3550000,0,0,0,0,0,0,0
SUPER_W_unloc_3,3560000,0,0,0,0,0,0,0
SUPER_W_unloc_3,3570000,19,1,3,23,12,7,2
SUPER_W_unloc_3,3580000,0,0,0,0,0,0,0
SUPER_W_unloc_3,3590000,0,0,0,0,0,0,0
SUPER_W_unloc_3,3600000,0,0,0,0,0,0,0
SUPER_W_unloc_3,3610000,0,0,0,0,0,0,0
SUPER_W_unloc_3,3620000,2,1,1,4,2,0,1.5
SUPER_W_unloc_3,3630000,0,0,0,0,0,0,0
SUPER_W_unloc_3,3640000,0,0,0,0,0,0,0
SUPER_W_unloc_3,3650000,0,0,0,0,0,0,0
SUPER_W_unloc_3,3660000,0,0,0,0,0,0,0
SUPER_W_unloc_3,3670000,0,0,0,0,0,0,0
SUPER_W_unloc_3,3680000,0,0,0,0,0,0,0
SUPER_W_unloc_3,3690000,0,0,0,0,0,0,0
SUPER_W_unloc_3,3700000,0,0,0,0,0,0,0
SUPER_W_unloc_3,3710000,0,0,0,0,0,0,0
SUPER_W_unloc_3,3720000,0,0,0,0,0,0,0
SUPER_W_unloc_3,3730000,0,0,0,0,0,0,0
SUPER_W_unloc_3,3740000,0,0,0,0,0,0,0
SUPER_W_unloc_3,3750000,0,0,0,0,0,0,0
SUPER_W_unloc_3,3760000,0,0,0,0,0,0,0
SUPER_W_unloc_3,3770000,0,0,0,0,0,0,0
SUPER_W_unloc_3,3780000,0,0,0,0,0,0,0
SUPER_W_unloc_3,3790000,0,0,0,0,0,0,0
SUPER_W_unloc_3,3800000,0,0,0,0,0,0,0
SUPER_W_unloc_3,3810000,0,0,0,0,0,0,0
SUPER_W_unloc_3,3820000,0,0,0,0,0,0,0
SUPER_W_unloc_3,3830000,0,0,0,0,0,0,0
SUPER_W_unloc_3,3840000,0,0,0,0,0,0,0
SUPER_W_unloc_3,3850000,0,0,0,0,0,0,0
SUPER_W_unloc_3,3860000,0,0,0,0,0,0,0
SUPER_W_unloc_3,3870000,0,0,0,0,0,0,0
SUPER_W_unloc_3,3880000,0,0,0,0,0,0,0
SUPER_W_unloc_3,3890000,0,0,0,0,0,0,0
SUPER_W_unloc_3,3900000,0,0,0,0,0,0,0
SUPER_W_unloc_3,3910000,0,0,0,0,0,0,0
SUPER_W_unloc_3,3920000,0,0,0,0,0,0,0
SUPER_W_unloc_3,3930000,0,0,0,0,0,0,0
SUPER_W_unloc_3,3940000,0,0,0,0,0,0,0
SUPER_W_unloc_3,3950000,0,0,0,0,0,0,0
SUPER_W_unloc_3,3960000,0,0,0,0,0,0,0
SUPER_W_unloc_3,3970000,0,0,0,0,0,0,0
SUPER_W_unloc_3,3980000,0,0,0,0,0,0,0
SUPER_W_unloc_3,3990000,0,0,0,0,0,0,0
SUPER_W_unloc_3,4000000,0,0,0,0,0,0,0
SUPER_W_unloc_3,4010000,0,0,0,0,0,0,0
SUPER_W_unloc_3,4020000,0,0,0,0,0,0,0
SUPER_W_unloc_3,4030000,0,0,0,0,0,0,0
SUPER_W_unloc_3,4040000,0,0,0,0,0,0,0
SUPER_W_unloc_3,4050000,0,0,0,0,0,0,0
SUPER_W_unloc_3,4060000,0,0,0,0,0,0,0
SUPER_W_unloc_3,4070000,0,0,0,0,0,0,0
SUPER_W_unloc_3,4080000,0,0,0,0,0,0,0
SUPER_W_unloc_3,4090000,0,0,0,0,0,0,0
SUPER_W_unloc_3,4100000,0,0,0,0,0,0,0
SUPER_W_unloc_3,4110000,0,0,0,0,0,0,0
SUPER_W_unloc_3,4120000,0,0,0,0,0,0,0
SUPER_W_unloc_3,4130000,0,0,0,0,0,0,0
SUPER_W_unloc_3,4140000,0,0,0,0,0,0,0
SUPER_W_unloc_3,4150000,1,6,3,10,1,0,1.3333334
SUPER_W_unloc_3,4160000,0,0,1,1,0,0,2
SUPER_W_unloc_3,4170000,0,0,0,0,0,0,0
SUPER_W_unloc_3,4180000,0,0,0,0,0,0,0
SUPER_W_unloc_3,4190000,0,0,0,0,0,0,0
SUPER_W_unloc_3,4200000,0,0,0,0,0,0,0
SUPER_W_unloc_3,4210000,0,0,0,0,0,0,0
SUPER_W_unloc_3,4220000,0,0,0,0,0,0,0
SUPER_W_unloc_3,4230000,0,0,0,0,0,0,0
SUPER_W_unloc_3,4240000,0,0,0,0,0,0,0
SUPER_W_unloc_3,4250000,1,0,2,3,0,1,2
SUPER_W_unloc_3,4260000,0,0,0,0,0,0,0
SUPER_W_unloc_3,4270000,0,0,0,0,0,0,0
SUPER_W_unloc_3,4280000,0,0,0,0,0,0,0
SUPER_W_unloc_3,4290000,0,0,0,0,0,0,0
SUPER_W_unloc_3,4300000,0,0,4,4,0,0,1.75
SUPER_W_unloc_3,4310000,0,0,1,1,0,0,1
SUPER_W_unloc_3,4320000,0,0,0,0,0,0,0
SUPER_W_unloc_3,4330000,0,0,0,0,0,0,0
SUPER_W_unloc_3,4340000,0,0,0,0,0,0,0
SUPER_W_unloc_3,4350000,104,0,1,105,45,59,1
SUPER_W_unloc_3,4360000,496,2,2,500,239,257,2.5
SUPER_W_unloc_3,4370000,516,1,4,521,246,270,21.2
SUPER_W_unloc_4,10000,50,2,3,55,26,24,1.4
SUPER_W_unloc_4,20000,3,2,0,5,1,2,1
SUPER_W_unloc_4,30000,4,1,1,6,3,1,42
SUPER_W_unloc_4,40000,15,0,1,16,8,7,2
SUPER_W_unloc_4,50000,15,1,0,16,9,6,1
SUPER_W_unloc_4,60000,17,1,2,20,11,6,22.666666
SUPER_W_unloc_4,70000,0,0,0,0,0,0,0
SUPER_W_unloc_4,80000,0,0,0,0,0,0,0
SUPER_W_unloc_4,90000,0,0,0,0,0,0,0
SUPER_W_unloc_4,100000,0,0,0,0,0,0,0
SUPER_W_unloc_4,110000,0,0,0,0,0,0,0
SUPER_W_unloc_4,120000,0,0,0,0,0,0,0
SUPER_W_unloc_4,130000,0,0,0,0,0,0,0
SUPER_W_unloc_4,140000,0,0,0,0,0,0,0
SUPER_W_unloc_4,150000,0,0,0,0,0,0,0
SUPER_W_unloc_4,160000,0,0,0,0,0,0,0
SUPER_W_unloc_4,170000,0,0,0,0,0,0,0
SUPER_W_unloc_4,180000,0,0,0,0,0,0,0
SUPER_W_unloc_4,190000,0,0,0,0,0,0,0
SUPER_W_unloc_4,200000,0,0,0,0,0,0,0
SUPER_W_unloc_4,210000,0,0,0,0,0,0,0
SUPER_W_unloc_4,220000,0,0,0,0,0,0,0
SUPER_W_unloc_4,230000,0,0,0,0,0,0,0
SUPER_W_unloc_4,240000,0,0,0,0,0,0,0
SUPER_W_unloc_4,250000,0,0,0,0,0,0,0
SUPER_W_unloc_4,260000,0,0,0,0,0,0,0
SUPER_W_unloc_4,270000,0,0,0,0,0,0,0
SUPER_W_unloc_4,280000,0,0,0,0,0,0,0
SUPER_W_unloc_4,290000,0,0,0,0,0,0,0
SUPER_W_unloc_4,300000,0,0,0,0,0,0,0
SUPER_W_unloc_4,310000,0,0,0,0,0,0,0
SUPER_W_unloc_4,320000,0,0,0,0,0,0,0
SUPER_W_unloc_4,330000,0,0,0,0,0,0,0
SUPER_W_unloc_4,340000,0,0,0,0,0,0,0
SUPER_W_unloc_4,350000,0,0,0,0,0,0,0
SUPER_W_unloc_4,360000,0,0,0,0,0,0,0
SUPER_W_unloc_4,370000,0,0,0,0,0,0,0
SUPER_W_unloc_4,380000,0,0,0,0,0,0,0
SUPER_W_unloc_4,390000,0,0,0,0,0,0,0
SUPER_W_unloc_4,400000,0,0,0,0,0,0,0
SUPER_W_unloc_4,410000,0,0,0,0,0,0,0
SUPER_W_unloc_4,420000,7,3,4,14,5,2,1.4285715
SUPER_W_unloc_4,430000,0,0,0,0,0,0,0
SUPER_W_unloc_4,440000,0,0,0,0,0,0,0
SUPER_W_unloc_4,450000,0,0,0,0,0,0,0
SUPER_W_unloc_4,460000,0,0,0,0,0,0,0
SUPER_W_unloc_4,470000,0,0,0,0,0,0,0
SUPER_W_unloc_4,480000,0,0,0,0,0,0,0
SUPER_W_unloc_4,490000,0,0,0,0,0,0,0
SUPER_W_unloc_4,500000,0,0,0,0,0,0,0
SUPER_W_unloc_4,510000,0,0,0,0,0,0,0
SUPER_W_unloc_4,520000,0,0,0,0,0,0,0
SUPER_W_unloc_4,530000,0,0,0,0,0,0,0
SUPER_W_unloc_4,540000,0,0,0,0,0,0,0
SUPER_W_unloc_4,550000,0,0,0,0,0,0,0
SUPER_W_unloc_4,560000,12,2,1,15,9,3,6.3333335
SUPER_W_unloc_4,570000,0,0,0,0,0,0,0
SUPER_W_unloc_4,580000,0,0,0,0,0,0,0
SUPER_W_unloc_4,590000,0,0,0,0,0,0,0
SUPER_W_unloc_4,600000,0,0,0,0,0,0,0
SUPER_W_unloc_4,610000,0,0,0,0,0,0,0
SUPER_W_unloc_4,620000,0,0,0,0,0,0,0
SUPER_W_unloc_4,630000,2,3,1,6,1,0,1.75
SUPER_W_unloc_4,640000,0,0,0,0,0,0,0
SUPER_W_unloc_4,650000,0,0,0,0,0,0,0
SUPER_W_unloc_4,660000,0,0,0,0,0,0,0
SUPER_W_unloc_4,670000,0,0,0,0,0,0,0
SUPER_W_unloc_4,680000,0,0,0,0,0,0,0
SUPER_W_unloc_4,690000,0,0,4,4,0,0,1.75
SUPER_W_unloc_4,700000,6,0,0,6,4,2,NaN
SUPER_W_unloc_4,710000,9,0,0,9,6,3,NaN
SUPER_W_unloc_4,720000,18,0,0,18,12,6,NaN
SUPER_W_unloc_4,730000,12,1,0,13,6,6,1
SUPER_W_unloc_4,740000,89,2,1,92,43,46,1
SUPER_W_unloc_4,750000,40,0,0,40,22,18,NaN
SUPER_W_unloc_4,760000,8,1,0,9,5,3,2
SUPER_W_unloc_4,770000,46,3,4,53,18,28,47.42857
SUPER_W_unloc_4,780000,0,0,0,0,0,0,0
SUPER_W_unloc_4,790000,0,0,0,0,0,0,0
SUPER_W_unloc_4,800000,0,0,0,0,0,0,0
SUPER_W_unloc_4,810000,0,0,0,0,0,0,0
SUPER_W_unloc_4,820000,0,0,0,0,0,0,0
SUPER_W_unloc_4,830000,0,0,0,0,0,0,0
SUPER_W_unloc_4,840000,0,0,0,0,0,0,0
SUPER_W_unloc_4,850000,0,0,0,0,0,0,0
SUPER_W_unloc_4,860000,0,0,0,0,0,0,0
SUPER_W_unloc_4,870000,0,0,0,0,0,0,0
SUPER_W_unloc_4,880000,0,0,0,0,0,0,0
SUPER_W_unloc_4,890000,0,0,0,0,0,0,0
SUPER_W_unloc_4,900000,0,0,0,0,0,0,0
SUPER_W_unloc_4,910000,0,0,0,0,0,0,0
SUPER_W_unloc_4,920000,0,0,0,0,0,0,0
SUPER_W_unloc_4,930000,0,0,0,0,0,0,0
SUPER_W_unloc_4,940000,0,0,0,0,0,0,0
SUPER_W_unloc_4,950000,0,0,0,0,0,0,0
SUPER_W_unloc_4,960000,0,0,0,0,0,0,0
SUPER_W_unloc_4,970000,0,0,0,0,0,0,0
SUPER_W_unloc_4,980000,0,0,0,0,0,0,0
SUPER_W_unloc_4,990000,0,0,0,0,0,0,0
SUPER_W_unloc_4,1000000,0,0,0,0,0,0,0
SUPER_W_unloc_4,1010000,0,0,0,0,0,0,0
SUPER_W_unloc_4,1020000,0,0,0,0,0,0,0
SUPER_W_unloc_4,1030000,0,0,0,0,0,0,0
SUPER_W_unloc_4,1040000,0,0,0,0,0,0,0
SUPER_W_unloc_4,1050000,0,0,0,0,0,0,0
SUPER_W_unloc_4,1060000,0,0,0,0,0,0,0
SUPER_W_unloc_4,1070000,0,0,0,0,0,0,0
SUPER_W_unloc_4,1080000,0,0,0,0,0,0,0
SUPER_W_unloc_4,1090000,0,0,0,0,0,0,0
SUPER_W_unloc_4,1100000,0,0,0,0,0,0,0
SUPER_W_unloc_4,1110000,16,6,4,26,9,7,1.2
SUPER_W_unloc_4,1120000,0,0,0,0,0,0,0
SUPER_W_unloc_4,1130000,0,0,0,0,0,0,0
SUPER_W_unloc_4,1140000,0,0,0,0,0,0,0
SUPER_W_unloc_4,1150000,0,0,0,0,0,0,0
SUPER_W_unloc_4,1160000,0,0,0,0,0,0,0
SUPER_W_unloc_4,1170000,0,0,0,0,0,0,0
SUPER_W_unloc_4,1180000,0,0,0,0,0,0,0
SUPER_W_unloc_4,1190000,0,0,0,0,0,0,0
SUPER_W_unloc_4,1200000,0,0,0,0,0,0,0
SUPER_W_unloc_4,1210000,0,0,0,0,0,0,0
SUPER_W_unloc_4,1220000,0,0,0,0,0,0,0
SUPER_W_unloc_4,1230000,0,0,0,0,0,0,0
SUPER_W_unloc_4,1240000,0,0,0,0,0,0,0
SUPER_W_unloc_4,1250000,0,0,0,0,0,0,0
SUPER_W_unloc_4,1260000,0,0,0,0,0,0,0
SUPER_W_unloc_4,1270000,0,0,0,0,0,0,0
SUPER_W_unloc_4,1280000,0,0,0,0,0,0,0
SUPER_W_unloc_4,1290000,0,0,0,0,0,0,0
SUPER_W_unloc_4,1300000,0,0,0,0,0,0,0
SUPER_W_unloc_4,1310000,0,0,0,0,0,0,0
SUPER_W_unloc_4,1320000,0,0,0,0,0,0,0
SUPER_W_unloc_4,1330000,0,0,0,0,0,0,0
SUPER_W_unloc_4,1340000,0,0,0,0,0,0,0
SUPER_W_unloc_4,1350000,0,0,0,0,0,0,0
SUPER_W_unloc_4,1360000,0,0,0,0,0,0,0
SUPER_W_unloc_4,1370000,0,0,0,0,0,0,0
SUPER_W_unloc_4,1380000,0,0,0,0,0,0,0
SUPER_W_unloc_4,1390000,0,0,0,0,0,0,0
SUPER_W_unloc_4,1400000,0,0,0,0,0,0,0
SUPER_W_unloc_4,1410000,0,0,0,0,0,0,0
SUPER_W_unloc_4,1420000,0,0,0,0,0,0,0
SUPER_W_unloc_4,1430000,3,0,1,4,1,2,2
SUPER_W_unloc_4,1440000,1,0,0,1,0,1,NaN
SUPER_W_unloc_4,1450000,0,0,0,0,0,0,0
SUPER_W_unloc_4,1460000,0,0,0,0,0,0,0
SUPER_W_unloc_4,1470000,0,0,0,0,0,0,0
SUPER_W_unloc_4,1480000,0,0,0,0,0,0,0
SUPER_W_unloc_4,1490000,0,0,0,0,0,0,0
SUPER_W_unloc_4,1500000,0,0,0,0,0,0,0
SUPER_W_unloc_4,1510000,0,0,0,0,0,0,0
SUPER_W_unloc_4,1520000,0,0,0,0,0,0,0
SUPER_W_unloc_4,1530000,0,0,0,0,0,0,0
SUPER_W_unloc_4,1540000,0,0,0,0,0,0,0
SUPER_W_unloc_4,1550000,0,0,0,0,0,0,0
SUPER_W_unloc_4,1560000,0,0,0,0,0,0,0
SUPER_W_unloc_4,1570000,0,0,0,0,0,0,0
SUPER_W_unloc_4,1580000,0,0,0,0,0,0,0
SUPER_W_unloc_4,1590000,0,0,0,0,0,0,0
SUPER_W_unloc_4,1600000,0,0,0,0,0,0,0
SUPER_W_unloc_4,1610000,0,0,0,0,0,0,0
SUPER_W_unloc_4,1620000,0,0,0,0,0,0,0
SUPER_W_unloc_4,1630000,0,0,0,0,0,0,0
SUPER_W_unloc_4,1640000,0,0,0,0,0,0,0
SUPER_W_unloc_4,1650000,0,0,0,0,0,0,0
SUPER_W_unloc_4,1660000,0,0,0,0,0,0,0
SUPER_W_unloc_4,1670000,0,0,0,0,0,0,0
SUPER_W_unloc_4,1680000,0,0,0,0,0,0,0
SUPER_W_unloc_4,1690000,0,0,0,0,0,0,0
SUPER_W_unloc_4,1700000,0,0,0,0,0,0,0
SUPER_W_unloc_4,1710000,0,0,0,0,0,0,0
SUPER_W_unloc_4,1720000,0,0,0,0,0,0,0
SUPER_W_unloc_4,1730000,0,0,0,0,0,0,0
SUPER_W_unloc_4,1740000,0,0,0,0,0,0,0
SUPER_W_unloc_4,1750000,0,0,0,0,0,0,0
SUPER_W_unloc_4,1760000,0,0,0,0,0,0,0
SUPER_W_unloc_4,1770000,0,0,0,0,0,0,0
SUPER_W_unloc_4,1780000,0,0,0,0,0,0,0
SUPER_W_unloc_4,1790000,0,0,0,0,0,0,0
SUPER_W_unloc_4,1800000,0,0,0,0,0,0,0
SUPER_W_unloc_4,1810000,0,0,0,0,0,0,0
SUPER_W_unloc_4,1820000,0,0,0,0,0,0,0
SUPER_W_unloc_4,1830000,0,0,0,0,0,0,0
SUPER_W_unloc_4,1840000,0,0,0,0,0,0,0
SUPER_W_unloc_4,1850000,0,0,0,0,0,0,0
SUPER_W_unloc_4,1860000,0,0,0,0,0,0,0
SUPER_W_unloc_4,1870000,0,0,0,0,0,0,0
SUPER_W_unloc_4,1880000,2,2,5,9,2,0,1.7142857
SUPER_W_unloc_4,1890000,0,0,0,0,0,0,0
SUPER_W_unloc_4,1900000,0,0,0,0,0,0,0
SUPER_W_unloc_4,1910000,0,0,0,0,0,0,0
SUPER_W_unloc_4,1920000,0,0,0,0,0,0,0
SUPER_W_unloc_4,1930000,0,0,0,0,0,0,0
SUPER_W_unloc_4,1940000,0,0,0,0,0,0,0
SUPER_W_unloc_4,1950000,0,0,0,0,0,0,0
SUPER_W_unloc_4,1960000,0,0,0,0,0,0,0
SUPER_W_unloc_4,1970000,0,0,0,0,0,0,0
SUPER_W_unloc_4,1980000,0,0,0,0,0,0,0
SUPER_W_unloc_4,1990000,0,0,0,0,0,0,0
SUPER_W_unloc_4,2000000,0,0,0,0,0,0,0
SUPER_W_unloc_4,2010000,0,0,0,0,0,0,0
SUPER_W_unloc_4,2020000,0,0,0,0,0,0,0
SUPER_W_unloc_4,2030000,0,0,0,0,0,0,0
SUPER_W_unloc_4,2040000,0,0,0,0,0,0,0
SUPER_W_unloc_4,2050000,0,0,0,0,0,0,0
SUPER_W_unloc_4,2060000,0,0,0,0,0,0,0
SUPER_W_unloc_4,2070000,0,0,0,0,0,0,0
SUPER_W_unloc_4,2080000,0,0,0,0,0,0,0
SUPER_W_unloc_4,2090000,0,0,0,0,0,0,0
SUPER_W_unloc_4,2100000,0,0,0,0,0,0,0
SUPER_W_unloc_4,2110000,0,0,0,0,0,0,0
SUPER_W_unloc_4,2120000,0,0,0,0,0,0,0
SUPER_W_unloc_4,2130000,0,0,0,0,0,0,0
SUPER_W_unloc_4,2140000,0,0,0,0,0,0,0
SUPER_W_unloc_4,2150000,0,0,0,0,0,0,0
SUPER_W_unloc_4,2160000,0,0,0,0,0,0,0
SUPER_W_unloc_4,2170000,0,0,0,0,0,0,0
SUPER_W_unloc_4,2180000,0,0,0,0,0,0,0
SUPER_W_unloc_4,2190000,0,0,0,0,0,0,0
SUPER_W_unloc_4,2200000,0,0,0,0,0,0,0
SUPER_W_unloc_4,2210000,0,0,0,0,0,0,0
SUPER_W_unloc_4,2220000,18,3,3,24,10,8,1.5
SUPER_W_unloc_4,2230000,77,0,1,78,42,35,1
SUPER_W_unloc_4,2240000,98,32,5,135,42,56,1.081081
SUPER_W_unloc_4,2250000,237,35,1,273,100,137,1.0555556
SUPER_W_unloc_4,2260000,210,0,2,212,99,111,1
SUPER_W_unloc_4,2270000,38,0,1,39,10,28,1
SUPER_W_unloc_4,2280000,0,0,0,0,0,0,0
SUPER_W_unloc_4,2290000,0,0,0,0,0,0,0
SUPER_W_unloc_4,2300000,0,0,0,0,0,0,0
SUPER_W_unloc_4,2310000,0,0,0,0,0,0,0
SUPER_W_unloc_4,2320000,0,0,0,0,0,0,0
SUPER_W_unloc_4,2330000,0,0,0,0,0,0,0
SUPER_W_unloc_4,2340000,0,0,0,0,0,0,0
SUPER_W_unloc_4,2350000,0,0,0,0,0,0,0
SUPER_W_unloc_4,2360000,0,0,0,0,0,0,0
SUPER_W_unloc_4,2370000,0,0,0,0,0,0,0
SUPER_W_unloc_4,2380000,0,0,0,0,0,0,0
SUPER_W_unloc_4,2390000,0,0,0,0,0,0,0
SUPER_W_unloc_4,2400000,0,0,0,0,0,0,0
SUPER_W_unloc_4,2410000,0,0,0,0,0,0,0
SUPER_W_unloc_4,2420000,0,0,0,0,0,0,0
SUPER_W_unloc_4,2430000,0,0,0,0,0,0,0
SUPER_W_unloc_4,2440000,0,0,0,0,0,0,0
SUPER_W_unloc_4,2450000,0,0,0,0,0,0,0
SUPER_W_unloc_4,2460000,0,0,0,0,0,0,0
SUPER_W_unloc_4,2470000,0,0,0,0,0,0,0
SUPER_W_unloc_4,2480000,0,0,0,0,0,0,0
SUPER_W_unloc_4,2490000,0,0,0,0,0,0,0
SUPER_W_unloc_4,2500000,0,0,0,0,0,0,0
SUPER_W_unloc_4,2510000,0,0,0,0,0,0,0
SUPER_W_unloc_4,2520000,0,0,0,0,0,0,0
SUPER_W_unloc_4,2530000,0,0,0,0,0,0,0
SUPER_W_unloc_4,2540000,0,0,0,0,0,0,0
SUPER_W_unloc_4,2550000,0,0,0,0,0,0,0
SUPER_W_unloc_4,2560000,0,0,0,0,0,0,0
SUPER_W_unloc_4,2570000,0,0,0,0,0,0,0
SUPER_W_unloc_4,2580000,0,0,0,0,0,0,0
SUPER_W_unloc_4,2590000,0,0,0,0,0,0,0
SUPER_W_unloc_5,10000,0,0,0,0,0,0,0
SUPER_W_unloc_5,20000,0,0,0,0,0,0,0
SUPER_W_unloc_5,30000,0,0,0,0,0,0,0
SUPER_W_unloc_5,40000,0,0,0,0,0,0,0
SUPER_W_unloc_5,50000,0,0,0,0,0,0,0
SUPER_W_unloc_5,60000,0,0,0,0,0,0,0
SUPER_W_unloc_5,70000,17,4,1,22,10,7,2
SUPER_W_unloc_5,80000,1,0,0,1,1,0,NaN
SUPER_W_unloc_5,90000,1,0,1,2,1,0,1
SUPER_W_unloc_5,100000,1,0,0,1,1,0,NaN
SUPER_W_unloc_5,110000,53,1,2,56,26,27,1
SUPER_W_unloc_5,120000,1,0,0,1,0,1,NaN
SUPER_W_unloc_5,130000,2,0,1,3,0,2,1
SUPER_W_unloc_5,140000,41,1,1,43,23,18,1
SUPER_W_unloc_5,150000,47,0,1,48,18,29,1
SUPER_W_unloc_5,160000,41,1,1,43,29,12,1.5
SUPER_W_unloc_5,170000,13,0,1,14,5,8,1
SUPER_W_unloc_5,180000,9,0,0,9,2,7,NaN
SUPER_W_unloc_5,190000,0,0,0,0,0,0,0
SUPER_W_unloc_5,200000,0,0,0,0,0,0,0
SUPER_W_unloc_5,210000,0,0,0,0,0,0,0
SUPER_W_unloc_5,220000,0,0,0,0,0,0,0
SUPER_W_unloc_5,230000,0,0,0,0,0,0,0
SUPER_W_unloc_5,240000,0,0,0,0,0,0,0
SUPER_W_unloc_5,250000,0,0,0,0,0,0,0
SUPER_W_unloc_5,260000,0,0,0,0,0,0,0
SUPER_W_unloc_5,270000,0,0,0,0,0,0,0
SUPER_W_unloc_5,280000,0,0,0,0,0,0,0
SUPER_W_unloc_5,290000,0,0,0,0,0,0,0
SUPER_W_unloc_5,300000,102,2,5,109,47,55,1
SUPER_W_unloc_5,310000,108,3,6,117,39,69,1
SUPER_W_unloc_5,320000,12,1,0,13,8,4,1
SUPER_W_unloc_5,330000,9,0,1,10,3,6,1
SUPER_W_unloc_5,340000,5,4,0,9,2,3,1.75
SUPER_W_unloc_5,350000,30,9,3,42,16,14,4.4166665
SUPER_W_unloc_5,360000,3,0,0,3,2,1,NaN
SUPER_W_unloc_5,370000,0,0,0,0,0,0,0
SUPER_W_unloc_5,380000,0,0,0,0,0,0,0
SUPER_W_unloc_5,390000,2,0,0,2,1,1,NaN
SUPER_W_unloc_5,400000,2,1,0,3,0,2,8
SUPER_W_unloc_5,410000,0,0,0,0,0,0,0
SUPER_W_unloc_5,420000,0,0,0,0,0,0,0
SUPER_W_unloc_5,430000,0,0,0,0,0,0,0
SUPER_W_unloc_5,440000,0,0,0,0,0,0,0
SUPER_W_unloc_5,450000,0,0,0,0,0,0,0
SUPER_W_unloc_5,460000,0,0,0,0,0,0,0
SUPER_W_unloc_5,470000,0,0,0,0,0,0,0
SUPER_W_unloc_5,480000,0,0,0,0,0,0,0
SUPER_W_unloc_5,490000,7,4,0,11,0,7,2.5
SUPER_W_unloc_5,500000,2,0,0,2,1,1,NaN
SUPER_W_unloc_5,510000,0,0,0,0,0,0,0
SUPER_W_unloc_5,520000,0,0,0,0,0,0,0
SUPER_W_unloc_5,530000,0,0,0,0,0,0,0
SUPER_W_unloc_5,540000,0,0,0,0,0,0,0
SUPER_W_unloc_5,550000,0,0,0,0,0,0,0
SUPER_W_unloc_5,560000,0,0,0,0,0,0,0
SUPER_W_unloc_5,570000,3,0,1,4,3,0,1
SUPER_W_unloc_5,580000,1,0,0,1,0,1,NaN
SUPER_W_unloc_5,590000,0,0,0,0,0,0,0
SUPER_W_unloc_5,600000,0,0,0,0,0,0,0
SUPER_W_unloc_5,610000,4,1,0,5,1,3,2
SUPER_W_unloc_5,620000,0,0,0,0,0,0,0
SUPER_W_unloc_5,630000,0,0,0,0,0,0,0
SUPER_W_unloc_5,640000,0,0,0,0,0,0,0
SUPER_W_unloc_5,650000,0,0,0,0,0,0,0
SUPER_W_unloc_5,660000,0,0,0,0,0,0,0
SUPER_W_unloc_5,670000,0,0,0,0,0,0,0
SUPER_W_unloc_5,680000,0,0,0,0,0,0,0
SUPER_W_unloc_5,690000,0,0,0,0,0,0,0
SUPER_W_unloc_5,700000,0,0,0,0,0,0,0
SUPER_W_unloc_5,710000,0,0,0,0,0,0,0
SUPER_W_unloc_5,720000,5,0,0,5,1,4,NaN
SUPER_W_unloc_5,730000,1,0,0,1,1,0,NaN
SUPER_W_unloc_5,740000,0,0,0,0,0,0,0
SUPER_W_unloc_5,750000,0,0,0,0,0,0,0
SUPER_W_unloc_5,760000,0,0,0,0,0,0,0
SUPER_W_unloc_5,770000,3,0,0,3,2,1,NaN
SUPER_W_unloc_5,780000,2,1,0,3,1,1,1
SUPER_W_unloc_5,790000,0,0,0,0,0,0,0
SUPER_W_unloc_5,800000,0,0,0,0,0,0,0
SUPER_W_unloc_5,810000,2,0,0,2,2,0,NaN
SUPER_W_unloc_5,820000,2,0,1,3,0,2,288
SUPER_W_unloc_5,830000,3,0,0,3,1,2,NaN
SUPER_W_unloc_5,840000,0,0,0,0,0,0,0
SUPER_W_unloc_5,850000,0,0,0,0,0,0,0
SUPER_W_unloc_5,860000,0,0,0,0,0,0,0
SUPER_W_unloc_5,870000,0,0,0,0,0,0,0
SUPER_W_unloc_5,880000,0,0,0,0,0,0,0
SUPER_W_unloc_5,890000,0,0,0,0,0,0,0
SUPER_W_unloc_5,900000,0,0,0,0,0,0,0
SUPER_W_unloc_5,910000,0,0,0,0,0,0,0
SUPER_W_unloc_5,920000,0,0,0,0,0,0,0
SUPER_W_unloc_5,930000,0,0,0,0,0,0,0
SUPER_W_unloc_5,940000,0,0,0,0,0,0,0
SUPER_W_unloc_5,950000,0,0,0,0,0,0,0
SUPER_W_unloc_5,960000,6,1,0,7,3,3,1
SUPER_W_unloc_5,970000,1,1,0,2,1,0,1
SUPER_W_unloc_5,980000,2,0,0,2,0,2,NaN
SUPER_W_unloc_5,990000,1,0,0,1,1,0,NaN
SUPER_W_unloc_5,1000000,1,0,0,1,1,0,NaN
SUPER_W_unloc_5,1010000,2,0,0,2,1,1,NaN
SUPER_W_unloc_5,1020000,3,0,0,3,1,2,NaN
SUPER_W_unloc_5,1030000,16,0,0,16,10,6,NaN
SUPER_W_unloc_5,1040000,1,0,0,1,1,0,NaN
SUPER_W_unloc_5,1050000,0,0,0,0,0,0,0
SUPER_W_unloc_5,1060000,0,0,0,0,0,0,0
SUPER_W_unloc_5,1070000,4,0,0,4,1,3,NaN
SUPER_W_unloc_5,1080000,2,0,0,2,0,2,NaN
SUPER_W_unloc_5,1090000,1,0,0,1,1,0,NaN
SUPER_W_unloc_5,1100000,3,0,0,3,2,1,NaN
SUPER_W_unloc_5,1110000,0,0,0,0,0,0,0
SUPER_W_unloc_5,1120000,0,0,0,0,0,0,0
SUPER_W_unloc_5,1130000,0,0,0,0,0,0,0
SUPER_W_unloc_5,1140000,0,0,0,0,0,0,0
SUPER_W_unloc_5,1150000,0,0,0,0,0,0,0
SUPER_W_unloc_5,1160000,0,0,0,0,0,0,0
SUPER_W_unloc_5,1170000,0,0,0,0,0,0,0
SUPER_W_unloc_5,1180000,0,0,0,0,0,0,0
SUPER_W_unloc_5,1190000,0,0,0,0,0,0,0
SUPER_W_unloc_5,1200000,0,0,0,0,0,0,0
SUPER_W_unloc_5,1210000,0,0,0,0,0,0,0
SUPER_W_unloc_5,1220000,0,0,0,0,0,0,0
SUPER_W_unloc_5,1230000,0,0,0,0,0,0,0
SUPER_W_unloc_5,1240000,0,0,0,0,0,0,0
SUPER_W_unloc_5,1250000,18,1,2,21,11,7,3
SUPER_W_unloc_5,1260000,36,4,3,43,14,22,10.571428
SUPER_W_unloc_5,1270000,11,0,0,11,4,7,NaN
SUPER_W_unloc_5,1280000,8,0,0,8,3,5,NaN
SUPER_W_unloc_5,1290000,2,0,0,2,1,1,NaN
SUPER_W_unloc_5,1300000,3,0,0,3,3,0,NaN
SUPER_W_unloc_5,1310000,3,0,0,3,1,2,NaN
SUPER_W_unloc_5,1320000,1,0,0,1,0,1,NaN
SUPER_W_unloc_5,1330000,4,0,0,4,1,3,NaN
SUPER_W_unloc_5,1340000,16,0,1,17,11,5,1
SUPER_W_unloc_5,1350000,83,8,4,95,45,38,1.25
SUPER_W_unloc_5,1360000,8,0,0,8,3,5,NaN
SUPER_W_unloc_5,1370000,3,0,1,4,0,3,1
SUPER_W_unloc_5,1380000,0,0,0,0,0,0,0
SUPER_W_unloc_5,1390000,0,0,0,0,0,0,0
SUPER_W_unloc_5,1400000,50,4,0,54,25,25,1
SUPER_W_unloc_5,1410000,33,0,0,33,18,15,NaN
SUPER_W_unloc_5,1420000,28,2,2,32,14,14,1
SUPER_W_unloc_5,1430000,0,0,0,0,0,0,0
SUPER_W_unloc_5,1440000,0,0,0,0,0,0,0
SUPER_W_unloc_5,1450000,0,0,0,0,0,0,0
SUPER_W_unloc_5,1460000,0,0,0,0,0,0,0
SUPER_W_unloc_5,1470000,18,11,1,30,7,11,1.8333334
SUPER_W_unloc_5,1480000,23,1,2,26,12,11,4.6666665
SUPER_W_unloc_5,1490000,0,0,0,0,0,0,0
SUPER_W_unloc_5,1500000,0,0,0,0,0,0,0
SUPER_W_unloc_5,1510000,10,1,1,12,5,5,6
SUPER_W_unloc_5,1520000,0,0,0,0,0,0,0
SUPER_W_unloc_5,1530000,0,0,0,0,0,0,0
SUPER_W_unloc_5,1540000,55,9,6,70,28,27,21.6
SUPER_W_unloc_5,1550000,19,0,4,23,8,11,8.25
SUPER_W_unloc_5,1560000,4,1,2,7,2,2,5.3333335
SUPER_W_unloc_5,1570000,5,3,2,10,3,2,5.4
SUPER_W_unloc_5,1580000,4,0,2,6,3,1,1
SUPER_W_unloc_5,1590000,8,2,3,13,6,2,23.2
SUPER_W_unloc_5,1600000,11,0,1,12,6,5,1
SUPER_W_unloc_5,1610000,0,0,0,0,0,0,0
SUPER_W_unloc_5,1620000,0,0,0,0,0,0,0
SUPER_W_unloc_5,1630000,0,0,0,0,0,0,0
SUPER_W_unloc_5,1640000,0,0,0,0,0,0,0
SUPER_W_unloc_5,1650000,0,1,1,2,0,0,1
SUPER_W_unloc_5,1660000,0,0,0,0,0,0,0
SUPER_W_unloc_5,1670000,0,0,0,0,0,0,0
SUPER_W_unloc_5,1680000,0,0,0,0,0,0,0
SUPER_W_unloc_5,1690000,0,0,0,0,0,0,0
SUPER_W_unloc_5,1700000,0,0,0,0,0,0,0
SUPER_W_unloc_5,1710000,0,0,0,0,0,0,0
SUPER_W_unloc_5,1720000,0,0,0,0,0,0,0
SUPER_W_unloc_5,1730000,0,0,0,0,0,0,0
SUPER_W_unloc_5,1740000,0,0,0,0,0,0,0
SUPER_W_unloc_5,1750000,1,1,5,7,0,1,2
SUPER_W_unloc_5,1760000,1,3,5,9,1,0,6
SUPER_W_unloc_5,1770000,0,0,0,0,0,0,0
SUPER_W_unloc_5,1780000,0,0,0,0,0,0,0
SUPER_W_unloc_5,1790000,0,0,0,0,0,0,0
SUPER_W_unloc_5,1800000,0,0,0,0,0,0,0
SUPER_W_unloc_5,1810000,0,0,0,0,0,0,0
SUPER_W_unloc_5,1820000,0,0,0,0,0,0,0
SUPER_W_unloc_5,1830000,0,0,0,0,0,0,0
SUPER_W_unloc_5,1840000,0,0,0,0,0,0,0
SUPER_W_unloc_5,1850000,0,0,0,0,0,0,0
SUPER_W_unloc_5,1860000,0,0,0,0,0,0,0
SUPER_W_unloc_5,1870000,0,0,0,0,0,0,0
SUPER_W_unloc_5,1880000,0,0,0,0,0,0,0
SUPER_W_unloc_5,1890000,0,0,0,0,0,0,0
SUPER_W_unloc_5,1900000,0,0,0,0,0,0,0
SUPER_W_unloc_5,1910000,0,0,0,0,0,0,0
SUPER_W_unloc_5,1920000,0,0,0,0,0,0,0
SUPER_W_unloc_5,1930000,0,0,0,0,0,0,0
SUPER_W_unloc_5,1940000,0,0,0,0,0,0,0
SUPER_W_unloc_5,1950000,0,0,0,0,0,0,0
SUPER_W_unloc_5,1960000,0,0,0,0,0,0,0
SUPER_W_unloc_5,1970000,0,0,0,0,0,0,0
SUPER_W_unloc_5,1980000,0,0,0,0,0,0,0
SUPER_W_unloc_5,1990000,0,0,0,0,0,0,0
SUPER_W_unloc_5,2000000,0,0,0,0,0,0,0
SUPER_W_unloc_5,2010000,0,0,0,0,0,0,0
SUPER_W_unloc_5,2020000,0,0,0,0,0,0,0
SUPER_W_unloc_5,2030000,0,0,0,0,0,0,0
SUPER_W_unloc_5,2040000,0,0,0,0,0,0,0
SUPER_W_unloc_5,2050000,0,0,0,0,0,0,0
SUPER_W_unloc_5,2060000,0,0,0,0,0,0,0
SUPER_W_unloc_5,2070000,0,0,0,0,0,0,0
SUPER_W_unloc_5,2080000,0,0,0,0,0,0,0
SUPER_W_unloc_5,2090000,0,0,0,0,0,0,0
SUPER_W_unloc_5,2100000,0,0,0,0,0,0,0
SUPER_W_unloc_5,2110000,6,5,2,13,6,0,1.7142857
SUPER_W_unloc_5,2120000,20,0,2,22,14,6,2
SUPER_W_unloc_5,2130000,16,1,0,17,9,7,1
SUPER_W_unloc_5,2140000,0,0,0,0,0,0,0
SUPER_W_unloc_5,2150000,0,0,0,0,0,0,0
SUPER_W_unloc_5,2160000,0,0,0,0,0,0,0
SUPER_W_unloc_5,2170000,0,0,0,0,0,0,0
SUPER_W_unloc_5,2180000,0,0,0,0,0,0,0
SUPER_W_unloc_5,2190000,0,0,0,0,0,0,0
SUPER_W_unloc_5,2200000,0,0,0,0,0,0,0
SUPER_W_unloc_5,2210000,0,0,0,0,0,0,0
SUPER_W_unloc_5,2220000,0,0,0,0,0,0,0
SUPER_W_unloc_5,2230000,0,0,0,0,0,0,0
SUPER_W_unloc_5,2240000,0,0,0,0,0,0,0
SUPER_W_unloc_5,2250000,0,0,0,0,0,0,0
SUPER_W_unloc_5,2260000,0,0,0,0,0,0,0
SUPER_W_unloc_5,2270000,0,0,0,0,0,0,0
SUPER_W_unloc_5,2280000,0,0,0,0,0,0,0
SUPER_W_unloc_5,2290000,0,0,0,0,0,0,0
SUPER_W_unloc_5,2300000,0,0,0,0,0,0,0
SUPER_W_unloc_5,2310000,0,0,0,0,0,0,0
SUPER_W_unloc_5,2320000,0,0,0,0,0,0,0
SUPER_W_unloc_5,2330000,0,0,0,0,0,0,0
SUPER_W_unloc_5,2340000,0,0,0,0,0,0,0
SUPER_W_unloc_5,2350000,4,2,3,9,3,1,1.2
SUPER_W_unloc_5,2360000,0,0,0,0,0,0,0
SUPER_W_unloc_5,2370000,0,0,0,0,0,0,0
SUPER_W_unloc_5,2380000,0,1,1,2,0,0,1.5
SUPER_W_unloc_5,2390000,4,0,2,6,0,4,2.5
SUPER_W_unloc_6,10000,0,0,0,0,0,0,0
SUPER_W_unloc_6,20000,0,0,0,0,0,0,0
SUPER_W_unloc_6,30000,0,0,0,0,0,0,0
SUPER_W_unloc_6,40000,0,0,0,0,0,0,0
SUPER_W_unloc_6,50000,0,0,0,0,0,0,0
SUPER_W_unloc_6,60000,0,0,0,0,0,0,0
SUPER_W_unloc_6,70000,0,0,0,0,0,0,0
SUPER_W_unloc_6,80000,0,0,0,0,0,0,0
SUPER_W_unloc_6,90000,0,0,0,0,0,0,0
SUPER_W_unloc_6,100000,0,0,0,0,0,0,0
SUPER_W_unloc_6,110000,0,0,0,0,0,0,0
SUPER_W_unloc_6,120000,0,0,0,0,0,0,0
SUPER_W_unloc_6,130000,0,0,0,0,0,0,0
SUPER_W_unloc_6,140000,0,0,0,0,0,0,0
SUPER_W_unloc_6,150000,0,0,0,0,0,0,0
SUPER_W_unloc_6,160000,0,0,0,0,0,0,0
SUPER_W_unloc_6,170000,0,0,0,0,0,0,0
SUPER_W_unloc_6,180000,0,0,0,0,0,0,0
SUPER_W_unloc_6,190000,0,0,0,0,0,0,0
SUPER_W_unloc_6,200000,0,0,0,0,0,0,0
SUPER_W_unloc_6,210000,0,0,0,0,0,0,0
SUPER_W_unloc_6,220000,0,0,0,0,0,0,0
SUPER_W_unloc_6,230000,2,1,4,7,0,2,1
SUPER_W_unloc_6,240000,0,0,0,0,0,0,0
SUPER_W_unloc_6,250000,0,0,0,0,0,0,0
SUPER_W_unloc_6,260000,0,0,0,0,0,0,0
SUPER_W_unloc_6,270000,0,0,0,0,0,0,0
SUPER_W_unloc_6,280000,0,0,0,0,0,0,0
SUPER_W_unloc_6,290000,0,0,0,0,0,0,0
SUPER_W_unloc_6,300000,0,0,0,0,0,0,0
SUPER_W_unloc_6,310000,0,0,0,0,0,0,0
SUPER_W_unloc_6,320000,0,0,0,0,0,0,0
SUPER_W_unloc_6,330000,0,0,0,0,0,0,0
SUPER_W_unloc_6,340000,0,0,0,0,0,0,0
SUPER_W_unloc_6,350000,0,0,0,0,0,0,0
SUPER_W_unloc_6,360000,0,0,0,0,0,0,0
SUPER_W_unloc_6,370000,0,0,0,0,0,0,0
SUPER_W_unloc_6,380000,0,0,0,0,0,0,0
SUPER_W_unloc_6,390000,0,0,0,0,0,0,0
SUPER_W_unloc_6,400000,0,0,0,0,0,0,0
SUPER_W_unloc_6,410000,0,0,0,0,0,0,0
SUPER_W_unloc_6,420000,0,0,0,0,0,0,0
SUPER_W_unloc_6,430000,0,0,0,0,0,0,0
SUPER_W_unloc_6,440000,0,0,0,0,0,0,0
SUPER_W_unloc_6,450000,0,0,0,0,0,0,0
SUPER_W_unloc_6,460000,0,0,0,0,0,0,0
SUPER_W_unloc_6,470000,0,0,0,0,0,0,0
SUPER_W_unloc_6,480000,2,3,0,5,1,1,1
SUPER_W_unloc_6,490000,0,0,0,0,0,0,0
SUPER_W_unloc_6,500000,0,0,0,0,0,0,0
SUPER_W_unloc_6,510000,0,0,0,0,0,0,0
SUPER_W_unloc_6,520000,0,0,0,0,0,0,0
SUPER_W_unloc_6,530000,0,0,0,0,0,0,0
SUPER_W_unloc_6,540000,45,5,3,53,33,12,2.75
SUPER_W_unloc_6,550000,11,0,2,13,9,2,17
SUPER_W_unloc_6,560000,33,4,1,38,14,19,2.4
SUPER_W_unloc_6,570000,0,0,0,0,0,0,0
SUPER_W_unloc_6,580000,0,0,0,0,0,0,0
SUPER_W_unloc_6,590000,30,4,7,41,13,17,8.636364
SUPER_W_unloc_6,600000,85,6,8,99,46,39,10.214286
SUPER_W_unloc_6,610000,0,0,0,0,0,0,0
SUPER_W_unloc_6,620000,0,0,0,0,0,0,0
SUPER_W_unloc_6,630000,0,0,0,0,0,0,0
SUPER_W_unloc_6,640000,0,0,0,0,0,0,0
SUPER_W_unloc_6,650000,0,0,0,0,0,0,0
SUPER_W_unloc_6,660000,0,0,0,0,0,0,0
SUPER_W_unloc_6,670000,0,0,0,0,0,0,0
SUPER_W_unloc_6,680000,8,0,2,10,6,2,13
SUPER_W_unloc_6,690000,4,1,0,5,3,1,1
SUPER_W_unloc_6,700000,47,5,3,55,30,17,7
SUPER_W_unloc_6,710000,51,6,7,64,22,29,5.1538463
SUPER_W_unloc_6,720000,95,8,9,112,49,46,7.882353
SUPER_W_unloc_6,730000,102,8,9,119,49,53,7.5882354
SUPER_W_unloc_6,740000,0,0,0,0,0,0,0
SUPER_W_unloc_6,750000,0,0,0,0,0,0,0
SUPER_W_unloc_6,760000,0,0,0,0,0,0,0
SUPER_W_unloc_6,770000,77,12,4,93,43,34,8.5625
SUPER_W_unloc_6,780000,92,3,10,105,46,46,5
SUPER_W_unloc_6,790000,24,3,4,31,15,9,7
SUPER_W_unloc_6,800000,0,0,0,0,0,0,0
SUPER_W_unloc_6,810000,0,0,0,0,0,0,0
SUPER_W_unloc_6,820000,0,0,0,0,0,0,0
SUPER_W_unloc_6,830000,0,0,0,0,0,0,0
SUPER_W_unloc_6,840000,0,0,0,0,0,0,0
SUPER_W_unloc_6,850000,0,0,0,0,0,0,0
SUPER_W_unloc_6,860000,5,2,0,7,3,2,6.5
SUPER_W_unloc_6,870000,0,1,0,1,0,0,4
SUPER_W_unloc_6,880000,26,3,0,29,18,8,4
SUPER_W_unloc_6,890000,0,0,0,0,0,0,0
SUPER_W_unloc_6,900000,0,0,0,0,0,0,0
SUPER_W_unloc_6,910000,0,0,0,0,0,0,0
SUPER_W_unloc_6,920000,0,0,0,0,0,0,0
SUPER_W_unloc_6,930000,55,4,3,62,29,26,3.2857144
SUPER_W_unloc_6,940000,82,6,7,95,51,31,8.307693
SUPER_W_unloc_6,950000,0,0,0,0,0,0,0
SUPER_W_unloc_6,960000,0,0,0,0,0,0,0
SUPER_Z,10000,107,11,7,125,57,50,7.0555553
SUPER_Z,20000,50,2,0,52,35,15,3.5
SUPER_Z,30000,4,0,0,4,0,4,NaN
SUPER_Z,40000,0,0,0,0,0,0,0
SUPER_Z,50000,0,0,0,0,0,0,0
SUPER_Z,60000,0,0,0,0,0,0,0
SUPER_Z,70000,0,0,0,0,0,0,0
SUPER_Z,80000,0,0,0,0,0,0,0
SUPER_Z,90000,35,1,0,36,25,10,1
SUPER_Z,100000,0,0,0,0,0,0,0
SUPER_Z,110000,0,0,0,0,0,0,0
SUPER_Z,120000,138,2,3,143,103,35,2.4
SUPER_Z,130000,0,0,0,0,0,0,0
SUPER_Z,140000,0,0,0,0,0,0,0
SUPER_Z,150000,0,0,0,0,0,0,0
SUPER_Z,160000,0,0,0,0,0,0,0
SUPER_Z,170000,0,0,0,0,0,0,0
SUPER_Z,180000,0,0,0,0,0,0,0
SUPER_Z,190000,0,0,0,0,0,0,0
SUPER_Z,200000,0,0,0,0,0,0,0
SUPER_Z,210000,0,0,0,0,0,0,0
SUPER_Z,220000,0,0,0,0,0,0,0
SUPER_Z,230000,0,0,0,0,0,0,0
SUPER_Z,240000,0,0,0,0,0,0,0
SUPER_Z,250000,0,0,0,0,0,0,0
SUPER_Z,260000,0,0,0,0,0,0,0
SUPER_Z,270000,54,1,2,57,38,16,3.6666667
SUPER_Z,280000,0,0,1,1,0,0,2
SUPER_Z,290000,0,0,0,0,0,0,0
SUPER_Z,300000,0,0,0,0,0,0,0
SUPER_Z,310000,0,0,0,0,0,0,0
SUPER_Z,320000,0,0,0,0,0,0,0
SUPER_Z,330000,0,0,0,0,0,0,0
SUPER_Z,340000,0,0,0,0,0,0,0
SUPER_Z,350000,0,0,0,0,0,0,0
SUPER_Z,360000,0,0,0,0,0,0,0
SUPER_Z,370000,0,0,0,0,0,0,0
SUPER_Z,380000,0,0,0,0,0,0,0
SUPER_Z,390000,0,0,0,0,0,0,0
SUPER_Z,400000,0,0,0,0,0,0,0
SUPER_Z,410000,0,0,0,0,0,0,0
SUPER_Z,420000,0,0,0,0,0,0,0
SUPER_Z,430000,0,0,0,0,0,0,0
SUPER_Z,440000,0,0,0,0,0,0,0
SUPER_Z,450000,0,0,0,0,0,0,0
SUPER_Z,460000,0,0,0,0,0,0,0
SUPER_Z,470000,0,0,0,0,0,0,0
SUPER_Z,480000,0,1,3,4,0,0,1.25
SUPER_Z,490000,0,0,0,0,0,0,0
SUPER_Z,500000,0,0,0,0,0,0,0
SUPER_Z,510000,0,0,0,0,0,0,0
SUPER_Z,520000,0,0,0,0,0,0,0
SUPER_Z,530000,0,0,0,0,0,0,0
SUPER_Z,540000,0,0,0,0,0,0,0
SUPER_Z,550000,0,0,0,0,0,0,0
SUPER_Z,560000,0,0,0,0,0,0,0
SUPER_Z,570000,0,0,0,0,0,0,0
SUPER_Z,580000,0,0,0,0,0,0,0
SUPER_Z,590000,0,0,0,0,0,0,0
SUPER_Z,600000,0,0,0,0,0,0,0
SUPER_Z,610000,0,0,0,0,0,0,0
SUPER_Z,620000,0,0,0,0,0,0,0
SUPER_Z,630000,0,0,0,0,0,0,0
SUPER_Z,640000,0,0,0,0,0,0,0
SUPER_Z,650000,0,0,0,0,0,0,0
SUPER_Z,660000,0,0,0,0,0,0,0
SUPER_Z,670000,0,0,0,0,0,0,0
SUPER_Z,680000,0,0,0,0,0,0,0
SUPER_Z,690000,0,0,0,0,0,0,0
SUPER_Z,700000,0,0,0,0,0,0,0
SUPER_Z,710000,0,0,0,0,0,0,0
SUPER_Z,720000,0,0,0,0,0,0,0
SUPER_Z,730000,0,0,0,0,0,0,0
SUPER_Z,740000,0,0,0,0,0,0,0
SUPER_Z,750000,0,0,0,0,0,0,0
SUPER_Z,760000,0,0,0,0,0,0,0
SUPER_Z,770000,0,0,0,0,0,0,0
SUPER_Z,780000,0,0,0,0,0,0,0
SUPER_Z,790000,0,0,0,0,0,0,0
SUPER_Z,800000,0,0,0,0,0,0,0
SUPER_Z,810000,0,0,0,0,0,0,0
SUPER_Z,820000,0,0,0,0,0,0,0
SUPER_Z,830000,0,0,0,0,0,0,0
SUPER_Z,840000,0,0,0,0,0,0,0
SUPER_Z,850000,0,0,0,0,0,0,0
SUPER_Z,860000,0,0,0,0,0,0,0
SUPER_Z,870000,0,0,0,0,0,0,0
SUPER_Z,880000,0,0,0,0,0,0,0
SUPER_Z,890000,0,0,0,0,0,0,0
SUPER_Z,900000,0,0,0,0,0,0,0
SUPER_Z,910000,0,0,0,0,0,0,0
SUPER_Z,920000,0,0,0,0,0,0,0
SUPER_Z,930000,0,0,0,0,0,0,0
SUPER_Z,940000,0,0,0,0,0,0,0
SUPER_Z,950000,0,0,0,0,0,0,0
SUPER_Z,960000,0,0,0,0,0,0,0
SUPER_Z,970000,0,0,0,0,0,0,0
SUPER_Z,980000,0,0,0,0,0,0,0
SUPER_Z,990000,0,0,0,0,0,0,0
SUPER_Z,1000000,0,0,0,0,0,0,0
SUPER_Z,1010000,0,0,0,0,0,0,0
SUPER_Z,1020000,0,0,0,0,0,0,0
SUPER_Z,1030000,0,0,0,0,0,0,0
SUPER_Z,1040000,0,0,0,0,0,0,0
SUPER_Z,1050000,0,0,0,0,0,0,0
SUPER_Z,1060000,0,0,0,0,0,0,0
SUPER_Z,1070000,0,0,0,0,0,0,0
SUPER_Z,1080000,0,0,0,0,0,0,0
SUPER_Z,1090000,0,0,0,0,0,0,0
SUPER_Z,1100000,0,0,0,0,0,0,0
SUPER_Z,1110000,0,0,0,0,0,0,0
SUPER_Z,1120000,0,0,0,0,0,0,0
SUPER_Z,1130000,0,0,0,0,0,0,0
SUPER_Z,1140000,0,0,0,0,0,0,0
SUPER_Z,1150000,0,0,0,0,0,0,0
SUPER_Z,1160000,0,0,0,0,0,0,0
SUPER_Z,1170000,0,0,0,0,0,0,0
SUPER_Z,1180000,0,0,0,0,0,0,0
SUPER_Z,1190000,0,0,0,0,0,0,0
SUPER_Z,1200000,0,0,0,0,0,0,0
SUPER_Z,1210000,0,0,0,0,0,0,0
SUPER_Z,1220000,0,0,0,0,0,0,0
SUPER_Z,1230000,0,0,0,0,0,0,0
SUPER_Z,1240000,0,0,0,0,0,0,0
SUPER_Z,1250000,0,0,0,0,0,0,0
SUPER_Z,1260000,0,0,0,0,0,0,0
SUPER_Z,1270000,0,0,0,0,0,0,0
SUPER_Z,1280000,0,0,0,0,0,0,0
SUPER_Z,1290000,0,0,0,0,0,0,0
SUPER_Z,1300000,0,0,0,0,0,0,0
SUPER_Z,1310000,0,0,0,0,0,0,0
SUPER_Z,1320000,0,0,0,0,0,0,0
SUPER_Z,1330000,0,0,0,0,0,0,0
SUPER_Z,1340000,0,0,0,0,0,0,0
SUPER_Z,1350000,0,0,0,0,0,0,0
SUPER_Z,1360000,0,0,0,0,0,0,0
SUPER_Z,1370000,0,0,0,0,0,0,0
SUPER_Z,1380000,0,0,0,0,0,0,0
SUPER_Z,1390000,0,0,0,0,0,0,0
SUPER_Z,1400000,0,0,0,0,0,0,0
SUPER_Z,1410000,0,0,0,0,0,0,0
SUPER_Z,1420000,0,0,0,0,0,0,0
SUPER_Z,1430000,0,0,0,0,0,0,0
SUPER_Z,1440000,0,0,0,0,0,0,0
SUPER_Z,1450000,0,0,0,0,0,0,0
SUPER_Z,1460000,0,0,0,0,0,0,0
SUPER_Z,1470000,0,0,0,0,0,0,0
SUPER_Z,1480000,0,0,0,0,0,0,0
SUPER_Z,1490000,0,0,0,0,0,0,0
SUPER_Z,1500000,0,0,0,0,0,0,0
SUPER_Z,1510000,0,0,0,0,0,0,0
SUPER_Z,1520000,0,0,0,0,0,0,0
SUPER_Z,1530000,0,0,0,0,0,0,0
SUPER_Z,1540000,0,0,0,0,0,0,0
SUPER_Z,1550000,0,0,0,0,0,0,0
SUPER_Z,1560000,2,4,6,12,1,1,1.1
SUPER_Z,1570000,0,0,0,0,0,0,0
SUPER_Z,1580000,0,0,0,0,0,0,0
SUPER_Z,1590000,0,0,0,0,0,0,0
SUPER_Z,1600000,0,0,0,0,0,0,0
SUPER_Z,1610000,0,0,0,0,0,0,0
SUPER_Z,1620000,0,0,0,0,0,0,0
SUPER_Z,1630000,0,0,0,0,0,0,0
SUPER_Z,1640000,0,0,0,0,0,0,0
SUPER_Z,1650000,0,0,0,0,0,0,0
SUPER_Z,1660000,0,0,0,0,0,0,0
SUPER_Z,1670000,0,0,0,0,0,0,0
SUPER_Z,1680000,0,0,0,0,0,0,0
SUPER_Z,1690000,0,0,0,0,0,0,0
SUPER_Z,1700000,0,0,0,0,0,0,0
SUPER_Z,1710000,0,0,0,0,0,0,0
SUPER_Z,1720000,0,0,0,0,0,0,0
SUPER_Z,1730000,0,0,0,0,0,0,0
SUPER_Z,1740000,0,0,0,0,0,0,0
SUPER_Z,1750000,0,0,0,0,0,0,0
SUPER_Z,1760000,0,0,0,0,0,0,0
SUPER_Z,1770000,0,0,0,0,0,0,0
SUPER_Z,1780000,0,0,0,0,0,0,0
SUPER_Z,1790000,0,0,0,0,0,0,0
SUPER_Z,1800000,0,0,0,0,0,0,0
SUPER_Z,1810000,0,0,0,0,0,0,0
SUPER_Z,1820000,0,0,0,0,0,0,0
SUPER_Z,1830000,0,0,0,0,0,0,0
SUPER_Z,1840000,0,0,0,0,0,0,0
SUPER_Z,1850000,0,0,0,0,0,0,0
SUPER_Z,1860000,0,0,0,0,0,0,0
SUPER_Z,1870000,0,0,0,0,0,0,0
SUPER_Z,1880000,0,0,0,0,0,0,0
SUPER_Z,1890000,0,0,0,0,0,0,0
SUPER_Z,1900000,0,0,0,0,0,0,0
SUPER_Z,1910000,0,0,0,0,0,0,0
SUPER_Z,1920000,0,0,0,0,0,0,0
SUPER_Z,1930000,0,0,0,0,0,0,0
SUPER_Z,1940000,0,0,0,0,0,0,0
SUPER_Z,1950000,0,0,0,0,0,0,0
SUPER_Z,1960000,0,0,0,0,0,0,0
SUPER_Z,1970000,0,0,0,0,0,0,0
SUPER_Z,1980000,0,0,0,0,0,0,0
SUPER_Z,1990000,0,0,0,0,0,0,0
SUPER_Z,2000000,0,3,5,8,0,0,1.5
SUPER_Z,2010000,0,0,0,0,0,0,0
SUPER_Z,2020000,0,0,0,0,0,0,0
SUPER_Z,2030000,0,0,0,0,0,0,0
SUPER_Z,2040000,0,0,0,0,0,0,0
SUPER_Z,2050000,0,0,0,0,0,0,0
SUPER_Z,2060000,0,0,0,0,0,0,0
SUPER_Z,2070000,0,0,0,0,0,0,0
SUPER_Z,2080000,0,0,0,0,0,0,0
SUPER_Z,2090000,0,0,0,0,0,0,0
SUPER_Z,2100000,0,0,0,0,0,0,0
SUPER_Z,2110000,0,0,0,0,0,0,0
SUPER_Z,2120000,0,0,0,0,0,0,0
SUPER_Z,2130000,0,0,0,0,0,0,0
SUPER_Z,2140000,0,0,0,0,0,0,0
SUPER_Z,2150000,0,0,0,0,0,0,0
SUPER_Z,2160000,0,0,0,0,0,0,0
SUPER_Z,2170000,0,0,0,0,0,0,0
SUPER_Z,2180000,0,0,0,0,0,0,0
SUPER_Z,2190000,0,0,0,0,0,0,0
SUPER_Z,2200000,0,0,0,0,0,0,0
SUPER_Z,2210000,0,0,0,0,0,0,0
SUPER_Z,2220000,0,0,0,0,0,0,0
SUPER_Z,2230000,0,0,0,0,0,0,0
SUPER_Z,2240000,0,0,0,0,0,0,0
SUPER_Z,2250000,0,0,0,0,0,0,0
SUPER_Z,2260000,0,0,0,0,0,0,0
SUPER_Z,2270000,0,0,0,0,0,0,0
SUPER_Z,2280000,0,0,0,0,0,0,0
SUPER_Z,2290000,0,0,0,0,0,0,0
SUPER_Z,2300000,0,0,0,0,0,0,0
SUPER_Z,2310000,0,0,0,0,0,0,0
SUPER_Z,2320000,0,0,0,0,0,0,0
SUPER_Z,2330000,0,0,0,0,0,0,0
SUPER_Z,2340000,0,0,0,0,0,0,0
SUPER_Z,2350000,0,0,0,0,0,0,0
SUPER_Z,2360000,0,0,0,0,0,0,0
SUPER_Z,2370000,0,0,0,0,0,0,0
SUPER_Z,2380000,0,0,0,0,0,0,0
SUPER_Z,2390000,0,0,0,0,0,0,0
SUPER_Z,2400000,0,0,0,0,0,0,0
SUPER_Z,2410000,0,0,0,0,0,0,0
SUPER_Z,2420000,0,0,0,0,0,0,0
SUPER_Z,2430000,0,0,0,0,0,0,0
SUPER_Z,2440000,0,0,0,0,0,0,0
SUPER_Z,2450000,0,0,0,0,0,0,0
SUPER_Z,2460000,0,0,0,0,0,0,0
SUPER_Z,2470000,0,0,0,0,0,0,0
SUPER_Z,2480000,0,0,0,0,0,0,0
SUPER_Z,2490000,0,0,0,0,0,0,0
SUPER_Z,2500000,0,0,0,0,0,0,0
SUPER_Z,2510000,0,0,0,0,0,0,0
SUPER_Z,2520000,0,0,0,0,0,0,0
SUPER_Z,2530000,0,0,0,0,0,0,0
SUPER_Z,2540000,0,0,0,0,0,0,0
SUPER_Z,2550000,0,0,0,0,0,0,0
SUPER_Z,2560000,0,0,0,0,0,0,0
SUPER_Z,2570000,0,0,0,0,0,0,0
SUPER_Z,2580000,0,0,0,0,0,0,0
SUPER_Z,2590000,0,0,0,0,0,0,0
SUPER_Z,2600000,0,0,0,0,0,0,0
SUPER_Z,2610000,0,0,0,0,0,0,0
SUPER_Z,2620000,0,0,0,0,0,0,0
SUPER_Z,2630000,0,0,0,0,0,0,0
SUPER_Z,2640000,0,0,0,0,0,0,0
SUPER_Z,2650000,0,0,0,0,0,0,0
SUPER_Z,2660000,0,0,0,0,0,0,0
SUPER_Z,2670000,0,0,0,0,0,0,0
SUPER_Z,2680000,0,0,0,0,0,0,0
SUPER_Z,2690000,0,0,0,0,0,0,0
SUPER_Z,2700000,0,0,0,0,0,0,0
SUPER_Z,2710000,0,0,0,0,0,0,0
SUPER_Z,2720000,0,0,0,0,0,0,0
SUPER_Z,2730000,0,0,0,0,0,0,0
SUPER_Z,2740000,0,0,0,0,0,0,0
SUPER_Z,2750000,0,0,0,0,0,0,0
SUPER_Z,2760000,0,0,0,0,0,0,0
SUPER_Z,2770000,0,0,0,0,0,0,0
SUPER_Z,2780000,0,0,0,0,0,0,0
SUPER_Z,2790000,0,0,0,0,0,0,0
SUPER_Z,2800000,0,0,0,0,0,0,0
SUPER_Z,2810000,0,0,0,0,0,0,0
SUPER_Z,2820000,0,0,0,0,0,0,0
SUPER_Z,2830000,0,0,0,0,0,0,0
SUPER_Z,2840000,0,0,0,0,0,0,0
SUPER_Z,2850000,0,0,0,0,0,0,0
SUPER_Z,2860000,0,0,0,0,0,0,0
SUPER_Z,2870000,0,0,0,0,0,0,0
SUPER_Z,2880000,0,0,0,0,0,0,0
SUPER_Z,2890000,0,0,0,0,0,0,0
SUPER_Z,2900000,0,0,0,0,0,0,0
SUPER_Z,2910000,0,0,0,0,0,0,0
SUPER_Z,2920000,0,0,0,0,0,0,0
SUPER_Z,2930000,0,0,0,0,0,0,0
SUPER_Z,2940000,0,0,0,0,0,0,0
SUPER_Z,2950000,0,0,0,0,0,0,0
SUPER_Z,2960000,0,0,0,0,0,0,0
SUPER_Z,2970000,0,0,0,0,0,0,0
SUPER_Z,2980000,0,0,0,0,0,0,0
SUPER_Z,2990000,0,0,0,0,0,0,0
SUPER_Z,3000000,0,0,0,0,0,0,0
SUPER_Z,3010000,0,0,0,0,0,0,0
SUPER_Z,3020000,0,0,0,0,0,0,0
SUPER_Z,3030000,0,0,0,0,0,0,0
SUPER_Z,3040000,0,0,0,0,0,0,0
SUPER_Z,3050000,1,3,6,10,0,1,1.4444444
SUPER_Z,3060000,0,0,0,0,0,0,0
SUPER_Z,3070000,0,0,0,0,0,0,0
SUPER_Z,3080000,0,0,0,0,0,0,0
SUPER_Z,3090000,0,0,0,0,0,0,0
SUPER_Z,3100000,0,0,0,0,0,0,0
SUPER_Z,3110000,0,0,0,0,0,0,0
SUPER_Z,3120000,0,0,0,0,0,0,0
SUPER_Z,3130000,0,0,0,0,0,0,0
SUPER_Z,3140000,0,0,0,0,0,0,0
SUPER_Z,3150000,0,0,0,0,0,0,0
SUPER_Z,3160000,0,0,0,0,0,0,0
SUPER_Z,3170000,0,0,0,0,0,0,0
SUPER_Z,3180000,0,1,3,4,0,0,1.5
SUPER_Z,3190000,0,0,0,0,0,0,0
SUPER_Z,3200000,0,0,0,0,0,0,0
SUPER_Z,3210000,0,0,0,0,0,0,0
SUPER_Z,3220000,0,0,0,0,0,0,0
SUPER_Z,3230000,0,0,0,0,0,0,0
SUPER_Z,3240000,0,0,0,0,0,0,0
SUPER_Z,3250000,0,0,0,0,0,0,0
SUPER_Z,3260000,0,0,0,0,0,0,0
SUPER_Z,3270000,0,0,0,0,0,0,0
SUPER_Z,3280000,0,0,0,0,0,0,0
SUPER_Z,3290000,0,0,0,0,0,0,0
SUPER_Z,3300000,0,0,0,0,0,0,0
SUPER_Z,3310000,0,0,0,0,0,0,0
SUPER_Z,3320000,0,0,0,0,0,0,0
SUPER_Z,3330000,0,0,0,0,0,0,0
SUPER_Z,3340000,0,0,0,0,0,0,0
SUPER_Z,3350000,0,0,0,0,0,0,0
SUPER_Z,3360000,0,0,0,0,0,0,0
SUPER_Z,3370000,0,0,0,0,0,0,0
SUPER_Z,3380000,0,0,0,0,0,0,0
SUPER_Z,3390000,0,0,0,0,0,0,0
SUPER_Z,3400000,0,0,0,0,0,0,0
SUPER_Z,3410000,0,0,0,0,0,0,0
SUPER_Z,3420000,0,0,0,0,0,0,0
SUPER_Z,3430000,0,0,0,0,0,0,0
SUPER_Z,3440000,0,0,0,0,0,0,0
SUPER_Z,3450000,0,0,0,0,0,0,0
SUPER_Z,3460000,0,0,0,0,0,0,0
SUPER_Z,3470000,0,0,0,0,0,0,0
SUPER_Z,3480000,0,0,0,0,0,0,0
SUPER_Z,3490000,0,0,0,0,0,0,0
SUPER_Z,3500000,0,0,0,0,0,0,0
SUPER_Z,3510000,0,0,0,0,0,0,0
SUPER_Z,3520000,0,0,0,0,0,0,0
SUPER_Z,3530000,0,0,0,0,0,0,0
SUPER_Z,3540000,0,0,0,0,0,0,0
SUPER_Z,3550000,0,0,0,0,0,0,0
SUPER_Z,3560000,0,0,0,0,0,0,0
SUPER_Z,3570000,0,0,0,0,0,0,0
SUPER_Z,3580000,0,0,0,0,0,0,0
SUPER_Z,3590000,0,0,0,0,0,0,0
SUPER_Z,3600000,0,0,0,0,0,0,0
SUPER_Z,3610000,0,0,0,0,0,0,0
SUPER_Z,3620000,0,0,0,0,0,0,0
SUPER_Z,3630000,0,0,0,0,0,0,0
SUPER_Z,3640000,0,0,0,0,0,0,0
SUPER_Z,3650000,0,0,0,0,0,0,0
SUPER_Z,3660000,0,0,0,0,0,0,0
SUPER_Z,3670000,0,0,0,0,0,0,0
SUPER_Z,3680000,0,0,0,0,0,0,0
SUPER_Z,3690000,0,0,0,0,0,0,0
SUPER_Z,3700000,0,0,0,0,0,0,0
SUPER_Z,3710000,0,0,0,0,0,0,0
SUPER_Z,3720000,0,0,0,0,0,0,0
SUPER_Z,3730000,0,0,0,0,0,0,0
SUPER_Z,3740000,0,0,0,0,0,0,0
SUPER_Z,3750000,0,0,0,0,0,0,0
SUPER_Z,3760000,0,0,0,0,0,0,0
SUPER_Z,3770000,0,0,0,0,0,0,0
SUPER_Z,3780000,0,0,0,0,0,0,0
SUPER_Z,3790000,0,0,0,0,0,0,0
SUPER_Z,3800000,0,0,0,0,0,0,0
SUPER_Z,3810000,0,0,0,0,0,0,0
SUPER_Z,3820000,0,0,0,0,0,0,0
SUPER_Z,3830000,0,0,0,0,0,0,0
SUPER_Z,3840000,0,0,0,0,0,0,0
SUPER_Z,3850000,0,0,0,0,0,0,0
SUPER_Z,3860000,0,0,0,0,0,0,0
SUPER_Z,3870000,0,0,0,0,0,0,0
SUPER_Z,3880000,0,0,0,0,0,0,0
SUPER_Z,3890000,0,0,0,0,0,0,0
SUPER_Z,3900000,0,0,0,0,0,0,0
SUPER_Z,3910000,0,0,0,0,0,0,0
SUPER_Z,3920000,0,0,0,0,0,0,0
SUPER_Z,3930000,0,0,0,0,0,0,0
SUPER_Z,3940000,0,0,0,0,0,0,0
SUPER_Z,3950000,0,0,0,0,0,0,0
SUPER_Z,3960000,0,0,0,0,0,0,0
SUPER_Z,3970000,0,0,0,0,0,0,0
SUPER_Z,3980000,0,0,0,0,0,0,0
SUPER_Z,3990000,0,0,0,0,0,0,0
SUPER_Z,4000000,0,0,0,0,0,0,0
SUPER_Z,4010000,0,0,0,0,0,0,0
SUPER_Z,4020000,0,0,0,0,0,0,0
SUPER_Z,4030000,0,0,0,0,0,0,0
SUPER_Z,4040000,0,0,0,0,0,0,0
SUPER_Z,4050000,0,0,0,0,0,0,0
SUPER_Z,4060000,63,13,9,85,42,21,3.909091
SUPER_Z,4070000,0,0,0,0,0,0,0
SUPER_Z,4080000,0,0,0,0,0,0,0
SUPER_Z,4090000,0,0,0,0,0,0,0
SUPER_Z,4100000,0,0,0,0,0,0,0
SUPER_Z,4110000,0,2,1,3,0,0,1.3333334
SUPER_Z,4120000,0,0,0,0,0,0,0
SUPER_Z,4130000,0,0,0,0,0,0,0
SUPER_Z,4140000,0,0,0,0,0,0,0
SUPER_Z,4150000,0,0,0,0,0,0,0
SUPER_Z,4160000,0,0,0,0,0,0,0
SUPER_Z,4170000,0,0,0,0,0,0,0
SUPER_Z,4180000,0,0,0,0,0,0,0
SUPER_Z,4190000,0,0,0,0,0,0,0
SUPER_Z,4200000,0,0,0,0,0,0,0
SUPER_Z,4210000,0,0,0,0,0,0,0
SUPER_Z,4220000,0,0,0,0,0,0,0
SUPER_Z,4230000,0,0,0,0,0,0,0
SUPER_Z,4240000,0,0,0,0,0,0,0
SUPER_Z,4250000,0,0,0,0,0,0,0
SUPER_Z,4260000,0,0,0,0,0,0,0
SUPER_Z,4270000,0,0,0,0,0,0,0
SUPER_Z,4280000,0,0,0,0,0,0,0
SUPER_Z,4290000,0,0,0,0,0,0,0
SUPER_Z,4300000,0,0,0,0,0,0,0
SUPER_Z,4310000,0,0,0,0,0,0,0
SUPER_Z,4320000,0,0,0,0,0,0,0
SUPER_Z,4330000,0,0,0,0,0,0,0
SUPER_Z,4340000,0,0,0,0,0,0,0
SUPER_Z,4350000,0,0,0,0,0,0,0
SUPER_Z,4360000,0,0,0,0,0,0,0
SUPER_Z,4370000,0,0,0,0,0,0,0
SUPER_Z,4380000,0,0,0,0,0,0,0
SUPER_Z,4390000,0,0,0,0,0,0,0
SUPER_Z,4400000,0,0,0,0,0,0,0
SUPER_Z,4410000,0,0,0,0,0,0,0
SUPER_Z,4420000,0,0,0,0,0,0,0
SUPER_Z,4430000,0,0,0,0,0,0,0
SUPER_Z,4440000,0,0,0,0,0,0,0
SUPER_Z,4450000,0,0,0,0,0,0,0
SUPER_Z,4460000,0,0,0,0,0,0,0
SUPER_Z,4470000,0,0,0,0,0,0,0
SUPER_Z,4480000,0,0,0,0,0,0,0
SUPER_Z,4490000,0,0,0,0,0,0,0
SUPER_Z,4500000,0,0,0,0,0,0,0
SUPER_Z,4510000,0,0,0,0,0,0,0
SUPER_Z,4520000,0,0,0,0,0,0,0
SUPER_Z,4530000,0,0,0,0,0,0,0
SUPER_Z,4540000,0,0,0,0,0,0,0
SUPER_Z,4550000,0,0,0,0,0,0,0
SUPER_Z,4560000,0,0,0,0,0,0,0
SUPER_Z,4570000,0,0,0,0,0,0,0
SUPER_Z,4580000,0,0,0,0,0,0,0
SUPER_Z,4590000,0,0,0,0,0,0,0
SUPER_Z,4600000,0,0,0,0,0,0,0
SUPER_Z,4610000,0,0,0,0,0,0,0
SUPER_Z,4620000,0,0,0,0,0,0,0
SUPER_Z,4630000,0,0,0,0,0,0,0
SUPER_Z,4640000,0,0,0,0,0,0,0
SUPER_Z,4650000,0,0,0,0,0,0,0
SUPER_Z,4660000,0,0,0,0,0,0,0
SUPER_Z,4670000,0,0,0,0,0,0,0
SUPER_Z,4680000,0,0,0,0,0,0,0
SUPER_Z,4690000,0,0,0,0,0,0,0
SUPER_Z,4700000,0,0,0,0,0,0,0
SUPER_Z,4710000,0,0,0,0,0,0,0
SUPER_Z,4720000,0,0,0,0,0,0,0
SUPER_Z,4730000,0,0,0,0,0,0,0
SUPER_Z,4740000,0,0,0,0,0,0,0
SUPER_Z,4750000,0,0,0,0,0,0,0
SUPER_Z,4760000,0,0,0,0,0,0,0
SUPER_Z,4770000,0,0,0,0,0,0,0
SUPER_Z,4780000,0,0,0,0,0,0,0
SUPER_Z,4790000,0,0,0,0,0,0,0
SUPER_Z,4800000,0,0,0,0,0,0,0
SUPER_Z,4810000,0,0,0,0,0,0,0
SUPER_Z,4820000,1,1,5,7,0,1,1.3333334
SUPER_Z,4830000,0,0,0,0,0,0,0
SUPER_Z,4840000,0,0,0,0,0,0,0
SUPER_Z,4850000,0,0,0,0,0,0,0
SUPER_Z,4860000,0,0,0,0,0,0,0
SUPER_Z,4870000,0,0,0,0,0,0,0
SUPER_Z,4880000,0,0,0,0,0,0,0
SUPER_Z,4890000,0,0,0,0,0,0,0
SUPER_Z,4900000,0,0,0,0,0,0,0
SUPER_Z,4910000,0,0,0,0,0,0,0
SUPER_Z,4920000,0,0,0,0,0,0,0
SUPER_Z,4930000,0,0,0,0,0,0,0
SUPER_Z,4940000,0,0,0,0,0,0,0
SUPER_Z,4950000,0,0,0,0,0,0,0
SUPER_Z,4960000,0,0,0,0,0,0,0
SUPER_Z,4970000,0,0,0,0,0,0,0
SUPER_Z,4980000,0,0,0,0,0,0,0
SUPER_Z,4990000,0,0,0,0,0,0,0
SUPER_Z,5000000,0,0,0,0,0,0,0
SUPER_Z,5010000,0,0,0,0,0,0,0
SUPER_Z,5020000,0,0,0,0,0,0,0
SUPER_Z,5030000,0,0,0,0,0,0,0
SUPER_Z,5040000,0,0,0,0,0,0,0
SUPER_Z,5050000,0,0,0,0,0,0,0
SUPER_Z,5060000,0,0,0,0,0,0,0
SUPER_Z,5070000,0,0,0,0,0,0,0
SUPER_Z,5080000,0,0,0,0,0,0,0
SUPER_Z,5090000,0,0,0,0,0,0,0
SUPER_Z,5100000,0,0,0,0,0,0,0
SUPER_Z,5110000,0,0,0,0,0,0,0
SUPER_Z,5120000,0,0,0,0,0,0,0
SUPER_Z,5130000,0,0,0,0,0,0,0
SUPER_Z,5140000,0,0,0,0,0,0,0
SUPER_Z,5150000,0,0,0,0,0,0,0
SUPER_Z,5160000,0,0,0,0,0,0,0
SUPER_Z,5170000,0,0,0,0,0,0,0
SUPER_Z,5180000,0,0,0,0,0,0,0
SUPER_Z,5190000,0,0,0,0,0,0,0
SUPER_Z,5200000,0,0,0,0,0,0,0
SUPER_Z,5210000,0,0,0,0,0,0,0
SUPER_Z,5220000,0,0,0,0,0,0,0
SUPER_Z,5230000,2,4,1,7,0,2,1.4
SUPER_Z,5240000,0,0,0,0,0,0,0
SUPER_Z,5250000,0,0,0,0,0,0,0
SUPER_Z,5260000,0,0,0,0,0,0,0
SUPER_Z,5270000,0,0,0,0,0,0,0
SUPER_Z,5280000,0,0,0,0,0,0,0
SUPER_Z,5290000,0,0,0,0,0,0,0
SUPER_Z,5300000,0,0,0,0,0,0,0
SUPER_Z,5310000,0,0,0,0,0,0,0
SUPER_Z,5320000,0,0,0,0,0,0,0
SUPER_Z,5330000,0,0,0,0,0,0,0
SUPER_Z,5340000,0,0,0,0,0,0,0
SUPER_Z,5350000,0,0,0,0,0,0,0
SUPER_Z,5360000,0,0,0,0,0,0,0
SUPER_Z,5370000,0,0,0,0,0,0,0
SUPER_Z,5380000,0,0,0,0,0,0,0
SUPER_Z,5390000,0,0,0,0,0,0,0
SUPER_Z,5400000,0,0,0,0,0,0,0
SUPER_Z,5410000,0,0,0,0,0,0,0
SUPER_Z,5420000,0,0,0,0,0,0,0
SUPER_Z,5430000,0,0,0,0,0,0,0
SUPER_Z,5440000,0,0,0,0,0,0,0
SUPER_Z,5450000,0,0,0,0,0,0,0
SUPER_Z,5460000,0,0,0,0,0,0,0
SUPER_Z,5470000,0,0,0,0,0,0,0
SUPER_Z,5480000,0,0,0,0,0,0,0
SUPER_Z,5490000,0,0,0,0,0,0,0
SUPER_Z,5500000,0,0,0,0,0,0,0
SUPER_Z,5510000,0,0,0,0,0,0,0
SUPER_Z,5520000,0,0,0,0,0,0,0
SUPER_Z,5530000,0,0,0,0,0,0,0
SUPER_Z,5540000,0,0,0,0,0,0,0
SUPER_Z,5550000,0,0,0,0,0,0,0
SUPER_Z,5560000,0,0,0,0,0,0,0
SUPER_Z,5570000,0,0,0,0,0,0,0
SUPER_Z,5580000,0,0,0,0,0,0,0
SUPER_Z,5590000,0,0,0,0,0,0,0
SUPER_Z,5600000,0,0,0,0,0,0,0
SUPER_Z,5610000,0,0,0,0,0,0,0
SUPER_Z,5620000,0,0,0,0,0,0,0
SUPER_Z,5630000,0,0,0,0,0,0,0
SUPER_Z,5640000,0,0,0,0,0,0,0
SUPER_Z,5650000,0,0,0,0,0,0,0
SUPER_Z,5660000,0,0,0,0,0,0,0
SUPER_Z,5670000,0,0,0,0,0,0,0
SUPER_Z,5680000,0,0,0,0,0,0,0
SUPER_Z,5690000,0,1,5,6,0,0,1.3333334
SUPER_Z,5700000,0,0,0,0,0,0,0
SUPER_Z,5710000,0,0,0,0,0,0,0
SUPER_Z,5720000,2,1,1,4,1,1,7.5
SUPER_Z,5730000,0,0,0,0,0,0,0
SUPER_Z,5740000,0,0,0,0,0,0,0
SUPER_Z,5750000,0,0,0,0,0,0,0
SUPER_Z,5760000,0,0,0,0,0,0,0
SUPER_Z,5770000,0,0,0,0,0,0,0
SUPER_Z,5780000,0,0,0,0,0,0,0
SUPER_Z,5790000,0,0,0,0,0,0,0
SUPER_Z,5800000,0,0,0,0,0,0,0
SUPER_Z,5810000,0,0,0,0,0,0,0
SUPER_Z,5820000,0,0,0,0,0,0,0
SUPER_Z,5830000,0,0,0,0,0,0,0
SUPER_Z,5840000,0,0,0,0,0,0,0
SUPER_Z,5850000,0,0,0,0,0,0,0
SUPER_Z,5860000,0,0,0,0,0,0,0
SUPER_Z,5870000,0,0,0,0,0,0,0
SUPER_Z,5880000,0,0,0,0,0,0,0
SUPER_Z,5890000,0,0,0,0,0,0,0
SUPER_Z,5900000,0,0,0,0,0,0,0
SUPER_Z,5910000,0,0,0,0,0,0,0
SUPER_Z,5920000,0,0,0,0,0,0,0
SUPER_Z,5930000,0,0,0,0,0,0,0
SUPER_Z,5940000,0,0,0,0,0,0,0
SUPER_Z,5950000,0,0,0,0,0,0,0
SUPER_Z,5960000,0,0,0,0,0,0,0
SUPER_Z,5970000,0,0,0,0,0,0,0
SUPER_Z,5980000,0,0,0,0,0,0,0
SUPER_Z,5990000,0,0,0,0,0,0,0
SUPER_Z,6000000,0,0,0,0,0,0,0
SUPER_Z,6010000,0,0,0,0,0,0,0
SUPER_Z,6020000,0,0,0,0,0,0,0
SUPER_Z,6030000,0,0,0,0,0,0,0
SUPER_Z,6040000,0,0,0,0,0,0,0
SUPER_Z,6050000,0,0,0,0,0,0,0
SUPER_Z,6060000,0,0,0,0,0,0,0
SUPER_Z,6070000,0,0,0,0,0,0,0
SUPER_Z,6080000,0,0,0,0,0,0,0
SUPER_Z,6090000,0,0,0,0,0,0,0
SUPER_Z,6100000,0,0,0,0,0,0,0
SUPER_Z,6110000,0,0,0,0,0,0,0
SUPER_Z,6120000,0,0,0,0,0,0,0
SUPER_Z,6130000,0,0,0,0,0,0,0
SUPER_Z,6140000,0,0,0,0,0,0,0
SUPER_Z,6150000,0,0,0,0,0,0,0
SUPER_Z,6160000,0,0,0,0,0,0,0
SUPER_Z,6170000,0,0,0,0,0,0,0
SUPER_Z,6180000,0,0,0,0,0,0,0
SUPER_Z,6190000,0,0,0,0,0,0,0
SUPER_Z,6200000,0,0,0,0,0,0,0
SUPER_Z,6210000,0,0,0,0,0,0,0
SUPER_Z,6220000,0,0,0,0,0,0,0
SUPER_Z,6230000,0,0,0,0,0,0,0
SUPER_Z,6240000,0,0,0,0,0,0,0
SUPER_Z,6250000,0,0,0,0,0,0,0
SUPER_Z,6260000,0,0,0,0,0,0,0
SUPER_Z,6270000,0,0,0,0,0,0,0
SUPER_Z,6280000,0,0,0,0,0,0,0
SUPER_Z,6290000,0,0,0,0,0,0,0
SUPER_Z,6300000,0,0,0,0,0,0,0
SUPER_Z,6310000,0,0,0,0,0,0,0
SUPER_Z,6320000,0,0,0,0,0,0,0
SUPER_Z,6330000,0,0,0,0,0,0,0
SUPER_Z,6340000,0,0,0,0,0,0,0
SUPER_Z,6350000,0,0,0,0,0,0,0
SUPER_Z,6360000,0,0,0,0,0,0,0
SUPER_Z,6370000,0,0,0,0,0,0,0
SUPER_Z,6380000,0,0,0,0,0,0,0
SUPER_Z,6390000,0,0,0,0,0,0,0
SUPER_Z,6400000,0,0,0,0,0,0,0
SUPER_Z,6410000,0,0,0,0,0,0,0
SUPER_Z,6420000,0,0,0,0,0,0,0
SUPER_Z,6430000,0,0,0,0,0,0,0
SUPER_Z,6440000,0,0,0,0,0,0,0
SUPER_Z,6450000,0,0,0,0,0,0,0
SUPER_Z,6460000,0,0,0,0,0,0,0
SUPER_Z,6470000,0,0,0,0,0,0,0
SUPER_Z,6480000,0,0,0,0,0,0,0
SUPER_Z,6490000,0,0,0,0,0,0,0
SUPER_Z,6500000,0,0,0,0,0,0,0
SUPER_Z,6510000,0,0,0,0,0,0,0
SUPER_Z,6520000,0,0,0,0,0,0,0
SUPER_Z,6530000,0,0,0,0,0,0,0
SUPER_Z,6540000,0,0,0,0,0,0,0
SUPER_Z,6550000,0,0,0,0,0,0,0
SUPER_Z,6560000,0,0,0,0,0,0,0
SUPER_Z,6570000,0,0,0,0,0,0,0
SUPER_Z,6580000,0,0,0,0,0,0,0
SUPER_Z,6590000,0,0,0,0,0,0,0
SUPER_Z,6600000,0,0,0,0,0,0,0
SUPER_Z,6610000,0,0,0,0,0,0,0
SUPER_Z,6620000,0,0,0,0,0,0,0
SUPER_Z,6630000,0,0,0,0,0,0,0
SUPER_Z,6640000,0,0,0,0,0,0,0
SUPER_Z,6650000,0,0,0,0,0,0,0
SUPER_Z,6660000,0,0,0,0,0,0,0
SUPER_Z,6670000,0,0,0,0,0,0,0
SUPER_Z,6680000,0,0,0,0,0,0,0
SUPER_Z,6690000,0,0,0,0,0,0,0
SUPER_Z,6700000,0,0,0,0,0,0,0
SUPER_Z,6710000,0,0,0,0,0,0,0
SUPER_Z,6720000,0,0,0,0,0,0,0
SUPER_Z,6730000,0,0,0,0,0,0,0
SUPER_Z,6740000,0,0,0,0,0,0,0
SUPER_Z,6750000,0,0,0,0,0,0,0
SUPER_Z,6760000,0,0,0,0,0,0,0
SUPER_Z,6770000,0,0,0,0,0,0,0
SUPER_Z,6780000,0,0,0,0,0,0,0
SUPER_Z,6790000,0,0,0,0,0,0,0
SUPER_Z,6800000,0,0,0,0,0,0,0
SUPER_Z,6810000,0,0,0,0,0,0,0
SUPER_Z,6820000,0,0,0,0,0,0,0
SUPER_Z,6830000,0,0,0,0,0,0,0
SUPER_Z,6840000,0,0,0,0,0,0,0
SUPER_Z,6850000,15,6,14,35,12,3,1.85
SUPER_Z,6860000,0,0,0,0,0,0,0
SUPER_Z,6870000,0,0,0,0,0,0,0
SUPER_Z,6880000,0,0,0,0,0,0,0
SUPER_Z,6890000,0,0,0,0,0,0,0
SUPER_Z,6900000,0,0,0,0,0,0,0
SUPER_Z,6910000,0,0,0,0,0,0,0
SUPER_Z,6920000,0,0,0,0,0,0,0
SUPER_Z,6930000,0,0,0,0,0,0,0
SUPER_Z,6940000,0,0,0,0,0,0,0
SUPER_Z,6950000,0,0,0,0,0,0,0
SUPER_Z,6960000,0,0,0,0,0,0,0
SUPER_Z,6970000,0,0,0,0,0,0,0
SUPER_Z,6980000,0,0,0,0,0,0,0
SUPER_Z,6990000,0,0,0,0,0,0,0
SUPER_Z,7000000,0,0,0,0,0,0,0
SUPER_Z,7010000,0,0,0,0,0,0,0
SUPER_Z,7020000,0,0,0,0,0,0,0
SUPER_Z,7030000,0,0,0,0,0,0,0
SUPER_Z,7040000,0,0,0,0,0,0,0
SUPER_Z,7050000,0,0,0,0,0,0,0
SUPER_Z,7060000,0,0,0,0,0,0,0
SUPER_Z,7070000,0,0,0,0,0,0,0
SUPER_Z,7080000,0,0,0,0,0,0,0
SUPER_Z,7090000,2,2,2,6,2,0,1.25
SUPER_Z,7100000,0,0,1,1,0,0,2
SUPER_Z,7110000,0,0,0,0,0,0,0
SUPER_Z,7120000,0,0,0,0,0,0,0
SUPER_Z,7130000,0,0,0,0,0,0,0
SUPER_Z,7140000,0,0,0,0,0,0,0
SUPER_Z,7150000,0,0,0,0,0,0,0
SUPER_Z,7160000,0,0,0,0,0,0,0
SUPER_Z,7170000,0,0,0,0,0,0,0
SUPER_Z,7180000,0,0,0,0,0,0,0
SUPER_Z,7190000,0,0,0,0,0,0,0
SUPER_Z,7200000,0,0,0,0,0,0,0
SUPER_Z,7210000,0,0,0,0,0,0,0
SUPER_Z,7220000,0,0,0,0,0,0,0
SUPER_Z,7230000,0,0,0,0,0,0,0
SUPER_Z,7240000,0,0,0,0,0,0,0
SUPER_Z,7250000,0,0,0,0,0,0,0
SUPER_Z,7260000,0,0,0,0,0,0,0
SUPER_Z,7270000,0,0,0,0,0,0,0
SUPER_Z,7280000,0,0,0,0,0,0,0
SUPER_Z,7290000,0,0,0,0,0,0,0
SUPER_Z,7300000,0,0,0,0,0,0,0
SUPER_Z,7310000,0,0,0,0,0,0,0
SUPER_Z,7320000,0,0,0,0,0,0,0
SUPER_Z,7330000,0,0,0,0,0,0,0
SUPER_Z,7340000,0,0,0,0,0,0,0
SUPER_Z,7350000,0,0,0,0,0,0,0
SUPER_Z,7360000,0,0,0,0,0,0,0
SUPER_Z,7370000,0,0,0,0,0,0,0
SUPER_Z,7380000,0,0,0,0,0,0,0
SUPER_Z,7390000,0,0,0,0,0,0,0
SUPER_Z,7400000,0,0,0,0,0,0,0
SUPER_Z,7410000,0,0,0,0,0,0,0
SUPER_Z,7420000,0,0,0,0,0,0,0
SUPER_Z,7430000,0,0,0,0,0,0,0
SUPER_Z,7440000,0,0,0,0,0,0,0
SUPER_Z,7450000,0,0,0,0,0,0,0
SUPER_Z,7460000,0,0,0,0,0,0,0
SUPER_Z,7470000,0,0,0,0,0,0,0
SUPER_Z,7480000,0,0,0,0,0,0,0
SUPER_Z,7490000,0,0,0,0,0,0,0
SUPER_Z,7500000,0,0,0,0,0,0,0
SUPER_Z,7510000,0,0,0,0,0,0,0
SUPER_Z,7520000,0,0,0,0,0,0,0
SUPER_Z,7530000,0,0,0,0,0,0,0
SUPER_Z,7540000,0,0,0,0,0,0,0
SUPER_Z,7550000,0,0,0,0,0,0,0
SUPER_Z,7560000,0,0,0,0,0,0,0
SUPER_Z,7570000,0,0,0,0,0,0,0
SUPER_Z,7580000,0,0,0,0,0,0,0
SUPER_Z,7590000,0,0,0,0,0,0,0
SUPER_Z,7600000,0,0,0,0,0,0,0
SUPER_Z,7610000,0,0,0,0,0,0,0
SUPER_Z,7620000,0,0,0,0,0,0,0
SUPER_Z,7630000,0,0,0,0,0,0,0
SUPER_Z,7640000,0,0,0,0,0,0,0
SUPER_Z,7650000,0,0,0,0,0,0,0
SUPER_Z,7660000,0,0,0,0,0,0,0
SUPER_Z,7670000,0,0,0,0,0,0,0
SUPER_Z,7680000,0,0,0,0,0,0,0
SUPER_Z,7690000,0,0,0,0,0,0,0
SUPER_Z,7700000,0,0,0,0,0,0,0
SUPER_Z,7710000,0,0,0,0,0,0,0
SUPER_Z,7720000,0,0,0,0,0,0,0
SUPER_Z,7730000,0,0,0,0,0,0,0
SUPER_Z,7740000,0,0,0,0,0,0,0
SUPER_Z,7750000,0,0,0,0,0,0,0
SUPER_Z,7760000,0,0,0,0,0,0,0
SUPER_Z,7770000,0,0,0,0,0,0,0
SUPER_Z,7780000,0,0,0,0,0,0,0
SUPER_Z,7790000,0,0,0,0,0,0,0
SUPER_Z,7800000,0,0,0,0,0,0,0
SUPER_Z,7810000,0,0,0,0,0,0,0
SUPER_Z,7820000,0,0,0,0,0,0,0
SUPER_Z,7830000,0,0,0,0,0,0,0
SUPER_Z,7840000,0,0,0,0,0,0,0
SUPER_Z,7850000,0,0,0,0,0,0,0
SUPER_Z,7860000,0,0,0,0,0,0,0
SUPER_Z,7870000,0,0,0,0,0,0,0
SUPER_Z,7880000,0,0,0,0,0,0,0
SUPER_Z,7890000,0,0,0,0,0,0,0
SUPER_Z,7900000,0,0,0,0,0,0,0
SUPER_Z,7910000,0,0,0,0,0,0,0
SUPER_Z,7920000,0,0,0,0,0,0,0
SUPER_Z,7930000,0,0,0,0,0,0,0
SUPER_Z,7940000,0,0,0,0,0,0,0
SUPER_Z,7950000,0,0,0,0,0,0,0
SUPER_Z,7960000,0,0,0,0,0,0,0
SUPER_Z,7970000,0,0,0,0,0,0,0
SUPER_Z,7980000,0,0,0,0,0,0,0
SUPER_Z,7990000,0,0,0,0,0,0,0
SUPER_Z,8000000,0,0,0,0,0,0,0
SUPER_Z,8010000,0,0,0,0,0,0,0
SUPER_Z,8020000,0,0,0,0,0,0,0
SUPER_Z,8030000,0,0,0,0,0,0,0
SUPER_Z,8040000,0,0,0,0,0,0,0
SUPER_Z,8050000,0,0,0,0,0,0,0
SUPER_Z,8060000,0,0,0,0,0,0,0
SUPER_Z,8070000,0,0,0,0,0,0,0
SUPER_Z,8080000,0,0,0,0,0,0,0
SUPER_Z,8090000,0,0,0,0,0,0,0
SUPER_Z,8100000,0,0,0,0,0,0,0
SUPER_Z,8110000,0,0,0,0,0,0,0
SUPER_Z,8120000,0,0,0,0,0,0,0
SUPER_Z,8130000,0,0,0,0,0,0,0
SUPER_Z,8140000,0,0,0,0,0,0,0
SUPER_Z,8150000,0,0,0,0,0,0,0
SUPER_Z,8160000,0,4,6,10,0,0,1.3
SUPER_Z,8170000,0,0,0,0,0,0,0
SUPER_Z,8180000,0,0,0,0,0,0,0
SUPER_Z,8190000,0,0,0,0,0,0,0
SUPER_Z,8200000,0,0,0,0,0,0,0
SUPER_Z,8210000,0,0,0,0,0,0,0
SUPER_Z,8220000,0,0,3,3,0,0,1.6666666
SUPER_Z,8230000,0,0,0,0,0,0,0
SUPER_Z,8240000,0,0,0,0,0,0,0
SUPER_Z,8250000,0,0,0,0,0,0,0
SUPER_Z,8260000,0,0,0,0,0,0,0
SUPER_Z,8270000,0,0,0,0,0,0,0
SUPER_Z,8280000,0,0,0,0,0,0,0
SUPER_Z,8290000,0,0,0,0,0,0,0
SUPER_Z,8300000,0,0,0,0,0,0,0
SUPER_Z,8310000,0,0,0,0,0,0,0
SUPER_Z,8320000,0,0,0,0,0,0,0
SUPER_Z,8330000,0,0,0,0,0,0,0
SUPER_Z,8340000,0,0,0,0,0,0,0
SUPER_Z,8350000,0,0,0,0,0,0,0
SUPER_Z,8360000,0,0,0,0,0,0,0
SUPER_Z,8370000,0,0,0,0,0,0,0
SUPER_Z,8380000,0,0,0,0,0,0,0
SUPER_Z,8390000,0,0,0,0,0,0,0
SUPER_Z,8400000,0,0,0,0,0,0,0
SUPER_Z,8410000,0,0,0,0,0,0,0
SUPER_Z,8420000,0,0,0,0,0,0,0
SUPER_Z,8430000,0,0,0,0,0,0,0
SUPER_Z,8440000,0,0,0,0,0,0,0
SUPER_Z,8450000,0,0,0,0,0,0,0
SUPER_Z,8460000,0,0,0,0,0,0,0
SUPER_Z,8470000,0,0,0,0,0,0,0
SUPER_Z,8480000,0,0,0,0,0,0,0
SUPER_Z,8490000,0,0,0,0,0,0,0
SUPER_Z,8500000,0,0,0,0,0,0,0
SUPER_Z,8510000,0,0,0,0,0,0,0
SUPER_Z,8520000,0,0,0,0,0,0,0
SUPER_Z,8530000,0,0,0,0,0,0,0
SUPER_Z,8540000,0,0,0,0,0,0,0
SUPER_Z,8550000,0,0,0,0,0,0,0
SUPER_Z,8560000,0,0,0,0,0,0,0
SUPER_Z,8570000,0,0,0,0,0,0,0
SUPER_Z,8580000,0,0,0,0,0,0,0
SUPER_Z,8590000,0,0,0,0,0,0,0
SUPER_Z,8600000,0,0,0,0,0,0,0
SUPER_Z,8610000,0,0,0,0,0,0,0
SUPER_Z,8620000,0,0,0,0,0,0,0
SUPER_Z,8630000,0,0,0,0,0,0,0
SUPER_Z,8640000,0,0,0,0,0,0,0
SUPER_Z,8650000,0,0,0,0,0,0,0
SUPER_Z,8660000,0,0,0,0,0,0,0
SUPER_Z,8670000,0,0,0,0,0,0,0
SUPER_Z,8680000,0,0,0,0,0,0,0
SUPER_Z,8690000,0,0,0,0,0,0,0
SUPER_Z,8700000,0,0,0,0,0,0,0
SUPER_Z,8710000,0,0,0,0,0,0,0
SUPER_Z,8720000,0,0,0,0,0,0,0
SUPER_Z,8730000,0,0,0,0,0,0,0
SUPER_Z,8740000,0,0,0,0,0,0,0
SUPER_Z,8750000,0,0,0,0,0,0,0
SUPER_Z,8760000,0,0,0,0,0,0,0
SUPER_Z,8770000,0,0,0,0,0,0,0
SUPER_Z,8780000,0,0,0,0,0,0,0
SUPER_Z,8790000,0,0,0,0,0,0,0
SUPER_Z,8800000,0,0,0,0,0,0,0
SUPER_Z,8810000,0,0,0,0,0,0,0
SUPER_Z,8820000,0,0,0,0,0,0,0
SUPER_Z,8830000,8,6,5,19,3,5,1.6363636
SUPER_Z,8840000,0,0,0,0,0,0,0
SUPER_Z,8850000,0,0,0,0,0,0,0
SUPER_Z,8860000,0,0,0,0,0,0,0
SUPER_Z,8870000,0,0,0,0,0,0,0
SUPER_Z,8880000,0,0,0,0,0,0,0
SUPER_Z,8890000,0,0,0,0,0,0,0
SUPER_Z,8900000,0,0,0,0,0,0,0
SUPER_Z,8910000,0,0,0,0,0,0,0
SUPER_Z,8920000,0,0,0,0,0,0,0
SUPER_Z,8930000,0,0,0,0,0,0,0
SUPER_Z,8940000,0,0,0,0,0,0,0
SUPER_Z,8950000,0,0,0,0,0,0,0
SUPER_Z,8960000,0,0,0,0,0,0,0
SUPER_Z,8970000,0,0,0,0,0,0,0
SUPER_Z,8980000,0,0,0,0,0,0,0
SUPER_Z,8990000,0,0,0,0,0,0,0
SUPER_Z,9000000,0,0,0,0,0,0,0
SUPER_Z,9010000,0,0,0,0,0,0,0
SUPER_Z,9020000,0,0,0,0,0,0,0
SUPER_Z,9030000,0,0,0,0,0,0,0
SUPER_Z,9040000,0,0,3,3,0,0,1
SUPER_Z,9050000,0,0,0,0,0,0,0
SUPER_Z,9060000,0,0,0,0,0,0,0
SUPER_Z,9070000,0,0,0,0,0,0,0
SUPER_Z,9080000,0,0,0,0,0,0,0
SUPER_Z,9090000,0,0,0,0,0,0,0
SUPER_Z,9100000,0,0,0,0,0,0,0
SUPER_Z,9110000,0,0,0,0,0,0,0
SUPER_Z,9120000,0,0,0,0,0,0,0
SUPER_Z,9130000,0,0,0,0,0,0,0
SUPER_Z,9140000,0,0,0,0,0,0,0
SUPER_Z,9150000,0,0,0,0,0,0,0
SUPER_Z,9160000,0,0,0,0,0,0,0
SUPER_Z,9170000,0,0,0,0,0,0,0
SUPER_Z,9180000,0,0,0,0,0,0,0
SUPER_Z,9190000,0,0,0,0,0,0,0
SUPER_Z,9200000,0,0,0,0,0,0,0
SUPER_Z,9210000,0,0,0,0,0,0,0
SUPER_Z,9220000,0,0,0,0,0,0,0
SUPER_Z,9230000,0,0,0,0,0,0,0
SUPER_Z,9240000,0,0,0,0,0,0,0
SUPER_Z,9250000,0,0,0,0,0,0,0
SUPER_Z,9260000,0,0,0,0,0,0,0
SUPER_Z,9270000,0,0,0,0,0,0,0
SUPER_Z,9280000,0,0,0,0,0,0,0
SUPER_Z,9290000,0,0,0,0,0,0,0
SUPER_Z,9300000,0,0,0,0,0,0,0
SUPER_Z,9310000,0,0,0,0,0,0,0
SUPER_Z,9320000,0,0,0,0,0,0,0
SUPER_Z,9330000,0,0,0,0,0,0,0
SUPER_Z,9340000,0,2,0,2,0,0,1
SUPER_Z,9350000,0,0,0,0,0,0,0
SUPER_Z,9360000,0,0,0,0,0,0,0
SUPER_Z,9370000,0,0,0,0,0,0,0
SUPER_Z,9380000,0,0,0,0,0,0,0
SUPER_Z,9390000,0,0,0,0,0,0,0
SUPER_Z,9400000,0,0,0,0,0,0,0
SUPER_Z,9410000,0,0,0,0,0,0,0
SUPER_Z,9420000,0,0,0,0,0,0,0
SUPER_Z,9430000,0,0,0,0,0,0,0
SUPER_Z,9440000,0,0,0,0,0,0,0
SUPER_Z,9450000,0,0,0,0,0,0,0
SUPER_Z,9460000,0,0,0,0,0,0,0
SUPER_Z,9470000,0,0,0,0,0,0,0
SUPER_Z,9480000,0,0,0,0,0,0,0
SUPER_Z,9490000,0,0,0,0,0,0,0
SUPER_Z,9500000,0,0,0,0,0,0,0
SUPER_Z,9510000,0,0,0,0,0,0,0
SUPER_Z,9520000,0,0,0,0,0,0,0
SUPER_Z,9530000,0,0,0,0,0,0,0
SUPER_Z,9540000,0,0,0,0,0,0,0
SUPER_Z,9550000,0,0,0,0,0,0,0
SUPER_Z,9560000,0,0,0,0,0,0,0
SUPER_Z,9570000,0,0,0,0,0,0,0
SUPER_Z,9580000,0,0,0,0,0,0,0
SUPER_Z,9590000,0,0,0,0,0,0,0
SUPER_Z,9600000,0,0,0,0,0,0,0
SUPER_Z,9610000,0,0,0,0,0,0,0
SUPER_Z,9620000,0,0,0,0,0,0,0
SUPER_Z,9630000,0,0,0,0,0,0,0
SUPER_Z,9640000,0,0,0,0,0,0,0
SUPER_Z,9650000,0,0,0,0,0,0,0
SUPER_Z,9660000,0,0,0,0,0,0,0
SUPER_Z,9670000,0,0,0,0,0,0,0
SUPER_Z,9680000,0,0,0,0,0,0,0
SUPER_Z,9690000,0,0,0,0,0,0,0
SUPER_Z,9700000,0,0,0,0,0,0,0
SUPER_Z,9710000,0,0,0,0,0,0,0
SUPER_Z,9720000,0,0,0,0,0,0,0
SUPER_Z,9730000,0,0,0,0,0,0,0
SUPER_Z,9740000,0,0,0,0,0,0,0
SUPER_Z,9750000,0,0,0,0,0,0,0
SUPER_Z,9760000,0,0,0,0,0,0,0
SUPER_Z,9770000,0,0,0,0,0,0,0
SUPER_Z,9780000,0,0,0,0,0,0,0
SUPER_Z,9790000,0,0,0,0,0,0,0
SUPER_Z,9800000,0,0,0,0,0,0,0
SUPER_Z,9810000,0,0,0,0,0,0,0
SUPER_Z,9820000,0,0,0,0,0,0,0
SUPER_Z,9830000,0,0,0,0,0,0,0
SUPER_Z,9840000,0,0,0,0,0,0,0
SUPER_Z,9850000,0,0,0,0,0,0,0
SUPER_Z,9860000,0,0,0,0,0,0,0
SUPER_Z,9870000,0,0,0,0,0,0,0
SUPER_Z,9880000,1,2,4,7,1,0,1.6666666
SUPER_Z,9890000,0,0,1,1,0,0,4
SUPER_Z,9900000,0,0,0,0,0,0,0
SUPER_Z,9910000,0,0,0,0,0,0,0
SUPER_Z,9920000,0,0,0,0,0,0,0
SUPER_Z,9930000,0,0,0,0,0,0,0
SUPER_Z,9940000,0,0,0,0,0,0,0
SUPER_Z,9950000,0,0,0,0,0,0,0
SUPER_Z,9960000,0,0,0,0,0,0,0
SUPER_Z,9970000,0,0,0,0,0,0,0
SUPER_Z,9980000,0,0,0,0,0,0,0
SUPER_Z,9990000,0,2,0,2,0,0,1
SUPER_Z,10000000,0,0,0,0,0,0,0
SUPER_Z,10010000,0,0,0,0,0,0,0
SUPER_Z,10020000,0,0,0,0,0,0,0
SUPER_Z,10030000,0,0,0,0,0,0,0
SUPER_Z,10040000,0,0,0,0,0,0,0
SUPER_Z,10050000,0,0,0,0,0,0,0
SUPER_Z,10060000,0,0,0,0,0,0,0
SUPER_Z,10070000,0,0,0,0,0,0,0
SUPER_Z,10080000,0,0,0,0,0,0,0
SUPER_Z,10090000,0,0,0,0,0,0,0
SUPER_Z,10100000,0,0,0,0,0,0,0
SUPER_Z,10110000,0,0,0,0,0,0,0
SUPER_Z,10120000,0,0,0,0,0,0,0
SUPER_Z,10130000,0,0,0,0,0,0,0
SUPER_Z,10140000,0,0,0,0,0,0,0
SUPER_Z,10150000,0,0,0,0,0,0,0
SUPER_Z,10160000,0,0,0,0,0,0,0
SUPER_Z,10170000,0,0,0,0,0,0,0
SUPER_Z,10180000,0,0,0,0,0,0,0
SUPER_Z,10190000,0,0,0,0,0,0,0
SUPER_Z,10200000,0,0,0,0,0,0,0
SUPER_Z,10210000,0,0,0,0,0,0,0
SUPER_Z,10220000,0,0,0,0,0,0,0
SUPER_Z,10230000,0,0,0,0,0,0,0
SUPER_Z,10240000,0,0,0,0,0,0,0
SUPER_Z,10250000,0,0,0,0,0,0,0
SUPER_Z,10260000,0,0,0,0,0,0,0
SUPER_Z,10270000,0,0,0,0,0,0,0
SUPER_Z,10280000,0,0,0,0,0,0,0
SUPER_Z,10290000,0,0,0,0,0,0,0
SUPER_Z,10300000,0,0,0,0,0,0,0
SUPER_Z,10310000,0,0,0,0,0,0,0
SUPER_Z,10320000,0,0,0,0,0,0,0
SUPER_Z,10330000,0,0,0,0,0,0,0
SUPER_Z,10340000,0,0,0,0,0,0,0
SUPER_Z,10350000,0,0,0,0,0,0,0
SUPER_Z,10360000,0,0,0,0,0,0,0
SUPER_Z,10370000,0,0,0,0,0,0,0
SUPER_Z,10380000,0,0,0,0,0,0,0
SUPER_Z,10390000,0,0,0,0,0,0,0
SUPER_Z,10400000,0,0,0,0,0,0,0
SUPER_Z,10410000,0,0,0,0,0,0,0
SUPER_Z,10420000,0,0,0,0,0,0,0
SUPER_Z,10430000,5,2,1,8,1,4,1
SUPER_Z,10440000,0,0,0,0,0,0,0
SUPER_Z,10450000,0,0,0,0,0,0,0
SUPER_Z,10460000,0,0,0,0,0,0,0
SUPER_Z,10470000,11,2,2,15,8,3,1.75
SUPER_Z,10480000,0,0,1,1,0,0,1
SUPER_Z,10490000,0,0,0,0,0,0,0
SUPER_Z,10500000,0,0,0,0,0,0,0
SUPER_Z,10510000,0,0,0,0,0,0,0
SUPER_Z,10520000,0,0,0,0,0,0,0
SUPER_Z,10530000,0,0,0,0,0,0,0
SUPER_Z,10540000,0,0,0,0,0,0,0
SUPER_Z,10550000,0,0,0,0,0,0,0
SUPER_Z,10560000,0,0,0,0,0,0,0
SUPER_Z,10570000,0,0,0,0,0,0,0
SUPER_Z,10580000,0,0,0,0,0,0,0
SUPER_Z,10590000,0,0,0,0,0,0,0
SUPER_Z,10600000,0,0,0,0,0,0,0
SUPER_Z,10610000,0,0,0,0,0,0,0
SUPER_Z,10620000,0,0,0,0,0,0,0
SUPER_Z,10630000,0,0,0,0,0,0,0
SUPER_Z,10640000,0,0,0,0,0,0,0
SUPER_Z,10650000,0,0,0,0,0,0,0
SUPER_Z,10660000,0,0,0,0,0,0,0
SUPER_Z,10670000,0,2,2,4,0,0,1.25
SUPER_Z,10680000,0,0,0,0,0,0,0
SUPER_Z,10690000,0,0,0,0,0,0,0
SUPER_Z,10700000,0,0,0,0,0,0,0
SUPER_Z,10710000,0,0,0,0,0,0,0
SUPER_Z,10720000,0,0,0,0,0,0,0
SUPER_Z,10730000,0,0,0,0,0,0,0
SUPER_Z,10740000,0,0,0,0,0,0,0
SUPER_Z,10750000,0,0,0,0,0,0,0
SUPER_Z,10760000,0,0,0,0,0,0,0
SUPER_Z,10770000,0,0,0,0,0,0,0
SUPER_Z,10780000,0,1,2,3,0,0,1
SUPER_Z,10790000,0,0,0,0,0,0,0
SUPER_Z,10800000,0,0,0,0,0,0,0
SUPER_Z,10810000,0,0,0,0,0,0,0
SUPER_Z,10820000,0,0,0,0,0,0,0
SUPER_Z,10830000,0,0,0,0,0,0,0
SUPER_Z,10840000,0,0,0,0,0,0,0
SUPER_Z,10850000,0,0,0,0,0,0,0
SUPER_Z,10860000,0,0,0,0,0,0,0
SUPER_Z,10870000,0,0,0,0,0,0,0
SUPER_Z,10880000,0,0,0,0,0,0,0
SUPER_Z,10890000,0,0,0,0,0,0,0
SUPER_Z,10900000,0,0,0,0,0,0,0
SUPER_Z,10910000,14,3,6,23,7,7,17.222221
SUPER_Z,10920000,0,0,0,0,0,0,0
SUPER_Z,10930000,0,0,0,0,0,0,0
SUPER_Z,10940000,0,0,0,0,0,0,0
SUPER_Z,10950000,0,0,0,0,0,0,0
SUPER_Z,10960000,0,0,0,0,0,0,0
SUPER_Z,10970000,0,0,0,0,0,0,0
SUPER_Z,10980000,0,0,0,0,0,0,0
SUPER_Z,10990000,0,0,0,0,0,0,0
SUPER_Z,11000000,0,0,0,0,0,0,0
SUPER_Z,11010000,0,0,0,0,0,0,0
SUPER_Z,11020000,0,0,0,0,0,0,0
SUPER_Z,11030000,0,0,0,0,0,0,0
SUPER_Z,11040000,0,0,0,0,0,0,0
SUPER_Z,11050000,0,0,0,0,0,0,0
SUPER_Z,11060000,0,0,0,0,0,0,0
SUPER_Z,11070000,0,0,0,0,0,0,0
SUPER_Z,11080000,0,0,0,0,0,0,0
SUPER_Z,11090000,0,0,0,0,0,0,0
SUPER_Z,11100000,0,0,0,0,0,0,0
SUPER_Z,11110000,0,0,0,0,0,0,0
SUPER_Z,11120000,0,0,0,0,0,0,0
SUPER_Z,11130000,0,0,0,0,0,0,0
SUPER_Z,11140000,0,0,0,0,0,0,0
SUPER_Z,11150000,0,0,0,0,0,0,0
SUPER_Z,11160000,0,0,0,0,0,0,0
SUPER_Z,11170000,0,0,0,0,0,0,0
SUPER_Z,11180000,0,0,0,0,0,0,0
SUPER_Z,11190000,0,0,0,0,0,0,0
SUPER_Z,11200000,0,0,0,0,0,0,0
SUPER_Z,11210000,0,0,0,0,0,0,0
SUPER_Z,11220000,0,0,0,0,0,0,0
SUPER_Z,11230000,0,0,0,0,0,0,0
SUPER_Z,11240000,0,0,0,0,0,0,0
SUPER_Z,11250000,0,0,0,0,0,0,0
SUPER_Z,11260000,0,0,0,0,0,0,0
SUPER_Z,11270000,0,0,0,0,0,0,0
SUPER_Z,11280000,0,0,0,0,0,0,0
SUPER_Z,11290000,0,0,0,0,0,0,0
SUPER_Z,11300000,0,0,0,0,0,0,0
SUPER_Z,11310000,0,0,0,0,0,0,0
SUPER_Z,11320000,0,0,0,0,0,0,0
SUPER_Z,11330000,0,0,0,0,0,0,0
SUPER_Z,11340000,0,0,0,0,0,0,0
SUPER_Z,11350000,0,0,0,0,0,0,0
SUPER_Z,11360000,0,0,0,0,0,0,0
SUPER_Z,11370000,0,0,0,0,0,0,0
SUPER_Z,11380000,0,0,0,0,0,0,0
SUPER_Z,11390000,0,0,0,0,0,0,0
SUPER_Z,11400000,0,0,0,0,0,0,0
SUPER_Z,11410000,0,0,0,0,0,0,0
SUPER_Z,11420000,0,0,0,0,0,0,0
SUPER_Z,11430000,0,0,0,0,0,0,0
SUPER_Z,11440000,0,0,0,0,0,0,0
SUPER_Z,11450000,0,0,0,0,0,0,0
SUPER_Z,11460000,0,0,0,0,0,0,0
SUPER_Z,11470000,0,0,0,0,0,0,0
SUPER_Z,11480000,0,0,0,0,0,0,0
SUPER_Z,11490000,0,0,0,0,0,0,0
SUPER_Z,11500000,0,0,0,0,0,0,0
SUPER_Z,11510000,0,0,0,0,0,0,0
SUPER_Z,11520000,0,0,0,0,0,0,0
SUPER_Z,11530000,0,0,0,0,0,0,0
SUPER_Z,11540000,0,0,0,0,0,0,0
SUPER_Z,11550000,0,0,0,0,0,0,0
SUPER_Z,11560000,0,0,0,0,0,0,0
SUPER_Z,11570000,0,0,0,0,0,0,0
SUPER_Z,11580000,0,0,0,0,0,0,0
SUPER_Z,11590000,0,0,0,0,0,0,0
SUPER_Z,11600000,0,0,0,0,0,0,0
SUPER_Z,11610000,0,0,0,0,0,0,0
SUPER_Z,11620000,0,0,0,0,0,0,0
SUPER_Z,11630000,0,0,0,0,0,0,0
SUPER_Z,11640000,0,0,0,0,0,0,0
SUPER_Z,11650000,0,0,0,0,0,0,0
SUPER_Z,11660000,0,0,0,0,0,0,0
SUPER_Z,11670000,0,0,0,0,0,0,0
SUPER_Z,11680000,0,0,0,0,0,0,0
SUPER_Z,11690000,0,0,0,0,0,0,0
SUPER_Z,11700000,0,0,0,0,0,0,0
SUPER_Z,11710000,0,0,0,0,0,0,0
SUPER_Z,11720000,0,0,0,0,0,0,0
SUPER_Z,11730000,0,0,0,0,0,0,0
SUPER_Z,11740000,0,0,0,0,0,0,0
SUPER_Z,11750000,0,0,0,0,0,0,0
SUPER_Z,11760000,121,7,8,136,77,44,4.0666666
SUPER_Z,11770000,0,0,0,0,0,0,0
SUPER_Z,11780000,0,0,0,0,0,0,0
SUPER_Z,11790000,0,0,0,0,0,0,0
SUPER_Z,11800000,0,0,0,0,0,0,0
SUPER_Z,11810000,0,0,0,0,0,0,0
SUPER_Z,11820000,0,0,0,0,0,0,0
SUPER_Z,11830000,0,0,0,0,0,0,0
SUPER_Z,11840000,0,0,0,0,0,0,0
SUPER_Z,11850000,0,0,0,0,0,0,0
SUPER_Z,11860000,0,0,0,0,0,0,0
SUPER_Z,11870000,0,0,0,0,0,0,0
SUPER_Z,11880000,20,0,0,20,14,6,NaN
SUPER_Z,11890000,0,0,0,0,0,0,0
SUPER_Z,11900000,0,0,0,0,0,0,0
SUPER_Z,11910000,0,0,0,0,0,0,0
SUPER_Z,11920000,0,0,0,0,0,0,0
SUPER_Z,11930000,0,0,0,0,0,0,0
SUPER_Z,11940000,0,0,0,0,0,0,0
SUPER_Z,11950000,0,0,0,0,0,0,0
SUPER_Z,11960000,0,0,0,0,0,0,0
SUPER_Z,11970000,0,0,0,0,0,0,0
SUPER_Z,11980000,0,0,0,0,0,0,0
SUPER_Z,11990000,0,0,0,0,0,0,0
SUPER_Z,12000000,0,0,0,0,0,0,0
SUPER_Z,12010000,0,0,0,0,0,0,0
SUPER_Z,12020000,0,0,0,0,0,0,0
SUPER_Z,12030000,0,0,0,0,0,0,0
SUPER_Z,12040000,0,0,0,0,0,0,0
SUPER_Z,12050000,0,0,0,0,0,0,0
SUPER_Z,12060000,0,0,0,0,0,0,0
SUPER_Z,12070000,0,0,0,0,0,0,0
SUPER_Z,12080000,0,0,0,0,0,0,0
SUPER_Z,12090000,0,0,0,0,0,0,0
SUPER_Z,12100000,0,0,0,0,0,0,0
SUPER_Z,12110000,0,0,0,0,0,0,0
SUPER_Z,12120000,0,0,0,0,0,0,0
SUPER_Z,12130000,0,0,0,0,0,0,0
SUPER_Z,12140000,0,0,0,0,0,0,0
SUPER_Z,12150000,0,0,0,0,0,0,0
SUPER_Z,12160000,0,0,0,0,0,0,0
SUPER_Z,12170000,0,0,0,0,0,0,0
SUPER_Z,12180000,0,0,0,0,0,0,0
SUPER_Z,12190000,0,0,0,0,0,0,0
SUPER_Z,12200000,0,0,0,0,0,0,0
SUPER_Z,12210000,0,0,0,0,0,0,0
SUPER_Z,12220000,0,0,0,0,0,0,0
SUPER_Z,12230000,0,0,0,0,0,0,0
SUPER_Z,12240000,0,0,0,0,0,0,0
SUPER_Z,12250000,0,0,0,0,0,0,0
SUPER_Z,12260000,0,0,0,0,0,0,0
SUPER_Z,12270000,0,0,0,0,0,0,0
SUPER_Z,12280000,0,0,0,0,0,0,0
SUPER_Z,12290000,0,0,0,0,0,0,0
SUPER_Z,12300000,0,0,0,0,0,0,0
SUPER_Z,12310000,0,0,0,0,0,0,0
SUPER_Z,12320000,0,0,0,0,0,0,0
SUPER_Z,12330000,0,0,0,0,0,0,0
SUPER_Z,12340000,0,0,0,0,0,0,0
SUPER_Z,12350000,0,0,0,0,0,0,0
SUPER_Z,12360000,0,0,0,0,0,0,0
SUPER_Z,12370000,0,0,0,0,0,0,0
SUPER_Z,12380000,0,0,0,0,0,0,0
SUPER_Z,12390000,0,0,0,0,0,0,0
SUPER_Z,12400000,0,0,0,0,0,0,0
SUPER_Z,12410000,0,6,4,10,0,0,1.3
SUPER_Z,12420000,0,0,0,0,0,0,0
SUPER_Z,12430000,0,0,0,0,0,0,0
SUPER_Z,12440000,0,0,0,0,0,0,0
SUPER_Z,12450000,0,0,0,0,0,0,0
SUPER_Z,12460000,0,0,0,0,0,0,0
SUPER_Z,12470000,0,0,0,0,0,0,0
SUPER_Z,12480000,0,0,0,0,0,0,0
SUPER_Z,12490000,0,0,0,0,0,0,0
SUPER_Z,12500000,0,0,0,0,0,0,0
SUPER_Z,12510000,0,0,0,0,0,0,0
SUPER_Z,12520000,0,0,0,0,0,0,0
SUPER_Z,12530000,0,0,0,0,0,0,0
SUPER_Z,12540000,0,0,0,0,0,0,0
SUPER_Z,12550000,0,0,0,0,0,0,0
SUPER_Z,12560000,0,0,0,0,0,0,0
SUPER_Z,12570000,0,0,0,0,0,0,0
SUPER_Z,12580000,0,0,0,0,0,0,0
SUPER_Z,12590000,0,0,0,0,0,0,0
SUPER_Z,12600000,0,0,0,0,0,0,0
SUPER_Z,12610000,0,0,0,0,0,0,0
SUPER_Z,12620000,0,0,0,0,0,0,0
SUPER_Z,12630000,0,0,0,0,0,0,0
SUPER_Z,12640000,0,0,0,0,0,0,0
SUPER_Z,12650000,0,0,0,0,0,0,0
SUPER_Z,12660000,0,0,0,0,0,0,0
SUPER_Z,12670000,0,0,0,0,0,0,0
SUPER_Z,12680000,0,0,2,2,0,0,1
SUPER_Z,12690000,0,0,0,0,0,0,0
SUPER_Z,12700000,0,0,0,0,0,0,0
SUPER_Z,12710000,0,0,0,0,0,0,0
SUPER_Z,12720000,0,0,0,0,0,0,0
SUPER_Z,12730000,0,0,0,0,0,0,0
SUPER_Z,12740000,0,0,0,0,0,0,0
SUPER_Z,12750000,0,0,0,0,0,0,0
SUPER_Z,12760000,0,0,0,0,0,0,0
SUPER_Z,12770000,0,0,0,0,0,0,0
SUPER_Z,12780000,0,0,0,0,0,0,0
SUPER_Z,12790000,0,0,0,0,0,0,0
SUPER_Z,12800000,0,0,0,0,0,0,0
SUPER_Z,12810000,0,0,0,0,0,0,0
SUPER_Z,12820000,0,0,0,0,0,0,0
SUPER_Z,12830000,0,0,0,0,0,0,0
SUPER_Z,12840000,0,0,0,0,0,0,0
SUPER_Z,12850000,0,1,2,3,0,0,1.6666666
SUPER_Z,12860000,0,0,0,0,0,0,0
SUPER_Z,12870000,0,0,0,0,0,0,0
SUPER_Z,12880000,0,0,0,0,0,0,0
SUPER_Z,12890000,0,0,0,0,0,0,0
SUPER_Z,12900000,0,0,0,0,0,0,0
SUPER_Z,12910000,0,0,0,0,0,0,0
SUPER_Z,12920000,0,0,0,0,0,0,0
SUPER_Z,12930000,0,0,0,0,0,0,0
SUPER_Z,12940000,0,0,0,0,0,0,0
SUPER_Z,12950000,0,0,0,0,0,0,0
SUPER_Z,12960000,0,0,0,0,0,0,0
SUPER_Z,12970000,0,0,0,0,0,0,0
SUPER_Z,12980000,0,0,0,0,0,0,0
SUPER_Z,12990000,0,0,0,0,0,0,0
SUPER_Z,13000000,0,0,0,0,0,0,0
SUPER_Z,13010000,0,0,0,0,0,0,0
SUPER_Z,13020000,0,0,0,0,0,0,0
SUPER_Z,13030000,0,0,0,0,0,0,0
SUPER_Z,13040000,0,0,0,0,0,0,0
SUPER_Z,13050000,0,0,0,0,0,0,0
SUPER_Z,13060000,0,0,0,0,0,0,0
SUPER_Z,13070000,0,0,0,0,0,0,0
SUPER_Z,13080000,0,0,0,0,0,0,0
SUPER_Z,13090000,0,0,0,0,0,0,0
SUPER_Z,13100000,0,0,0,0,0,0,0
SUPER_Z,13110000,0,0,0,0,0,0,0
SUPER_Z,13120000,0,0,0,0,0,0,0
SUPER_Z,13130000,0,0,0,0,0,0,0
SUPER_Z,13140000,0,0,0,0,0,0,0
SUPER_Z,13150000,0,0,0,0,0,0,0
SUPER_Z,13160000,0,0,0,0,0,0,0
SUPER_Z,13170000,0,0,0,0,0,0,0
SUPER_Z,13180000,0,0,0,0,0,0,0
SUPER_Z,13190000,0,0,0,0,0,0,0
SUPER_Z,13200000,0,0,0,0,0,0,0
SUPER_Z,13210000,0,0,0,0,0,0,0
SUPER_Z,13220000,0,0,0,0,0,0,0
SUPER_Z,13230000,0,0,0,0,0,0,0
SUPER_Z,13240000,0,0,0,0,0,0,0
SUPER_Z,13250000,0,0,0,0,0,0,0
SUPER_Z,13260000,0,0,0,0,0,0,0
SUPER_Z,13270000,0,0,0,0,0,0,0
SUPER_Z,13280000,0,0,0,0,0,0,0
SUPER_Z,13290000,0,0,0,0,0,0,0
SUPER_Z,13300000,0,0,0,0,0,0,0
SUPER_Z,13310000,0,0,0,0,0,0,0
SUPER_Z,13320000,0,0,0,0,0,0,0
SUPER_Z,13330000,0,0,0,0,0,0,0
SUPER_Z,13340000,0,0,0,0,0,0,0
SUPER_Z,13350000,0,0,0,0,0,0,0
SUPER_Z,13360000,0,0,0,0,0,0,0
SUPER_Z,13370000,0,0,0,0,0,0,0
SUPER_Z,13380000,75,9,17,101,32,43,3.9230769
SUPER_Z,13390000,0,0,0,0,0,0,0
SUPER_Z,13400000,0,0,0,0,0,0,0
SUPER_Z,13410000,0,0,0,0,0,0,0
SUPER_Z,13420000,0,0,0,0,0,0,0
SUPER_Z,13430000,0,0,0,0,0,0,0
SUPER_Z,13440000,0,0,0,0,0,0,0
SUPER_Z,13450000,0,0,0,0,0,0,0
SUPER_Z,13460000,0,0,0,0,0,0,0
SUPER_Z,13470000,0,0,0,0,0,0,0
SUPER_Z,13480000,0,0,0,0,0,0,0
SUPER_Z,13490000,0,0,0,0,0,0,0
SUPER_Z,13500000,0,0,0,0,0,0,0
SUPER_Z,13510000,0,0,0,0,0,0,0
SUPER_Z,13520000,0,0,0,0,0,0,0
SUPER_Z,13530000,0,0,0,0,0,0,0
SUPER_Z,13540000,0,0,0,0,0,0,0
SUPER_Z,13550000,0,0,0,0,0,0,0
SUPER_Z,13560000,0,0,0,0,0,0,0
SUPER_Z,13570000,0,0,0,0,0,0,0
SUPER_Z,13580000,0,0,0,0,0,0,0
SUPER_Z,13590000,0,0,0,0,0,0,0
SUPER_Z,13600000,0,0,0,0,0,0,0
SUPER_Z,13610000,0,0,0,0,0,0,0
SUPER_Z,13620000,0,0,0,0,0,0,0
SUPER_Z,13630000,0,0,0,0,0,0,0
SUPER_Z,13640000,0,0,0,0,0,0,0
SUPER_Z,13650000,0,0,0,0,0,0,0
SUPER_Z,13660000,0,0,0,0,0,0,0
SUPER_Z,13670000,0,0,0,0,0,0,0
SUPER_Z,13680000,0,0,0,0,0,0,0
SUPER_Z,13690000,0,0,0,0,0,0,0
SUPER_Z,13700000,0,0,0,0,0,0,0
SUPER_Z,13710000,0,0,0,0,0,0,0
SUPER_Z,13720000,0,0,0,0,0,0,0
SUPER_Z,13730000,0,0,0,0,0,0,0
SUPER_Z,13740000,0,0,0,0,0,0,0
SUPER_Z,13750000,0,0,0,0,0,0,0
SUPER_Z,13760000,0,0,0,0,0,0,0
SUPER_Z,13770000,0,0,0,0,0,0,0
SUPER_Z,13780000,0,0,0,0,0,0,0
SUPER_Z,13790000,0,0,0,0,0,0,0
SUPER_Z,13800000,0,0,0,0,0,0,0
SUPER_Z,13810000,0,0,0,0,0,0,0
SUPER_Z,13820000,0,0,0,0,0,0,0
SUPER_Z,13830000,0,0,0,0,0,0,0
SUPER_Z,13840000,0,0,0,0,0,0,0
SUPER_Z,13850000,0,0,0,0,0,0,0
SUPER_Z,13860000,0,0,0,0,0,0,0
SUPER_Z,13870000,0,0,0,0,0,0,0
SUPER_Z,13880000,0,0,0,0,0,0,0
SUPER_Z,13890000,0,0,0,0,0,0,0
SUPER_Z,13900000,0,0,0,0,0,0,0
SUPER_Z,13910000,0,0,0,0,0,0,0
SUPER_Z,13920000,0,0,0,0,0,0,0
SUPER_Z,13930000,0,0,0,0,0,0,0
SUPER_Z,13940000,0,0,0,0,0,0,0
SUPER_Z,13950000,0,0,0,0,0,0,0
SUPER_Z,13960000,0,0,0,0,0,0,0
SUPER_Z,13970000,0,0,0,0,0,0,0
SUPER_Z,13980000,0,0,0,0,0,0,0
SUPER_Z,13990000,0,0,0,0,0,0,0
SUPER_Z,14000000,0,0,0,0,0,0,0
SUPER_Z,14010000,0,0,0,0,0,0,0
SUPER_Z,14020000,0,0,0,0,0,0,0
SUPER_Z,14030000,0,0,0,0,0,0,0
SUPER_Z,14040000,0,0,0,0,0,0,0
SUPER_Z,14050000,0,0,0,0,0,0,0
SUPER_Z,14060000,0,0,0,0,0,0,0
SUPER_Z,14070000,0,0,0,0,0,0,0
SUPER_Z,14080000,0,0,0,0,0,0,0
SUPER_Z,14090000,0,0,0,0,0,0,0
SUPER_Z,14100000,0,0,0,0,0,0,0
SUPER_Z,14110000,0,0,0,0,0,0,0
SUPER_Z,14120000,0,0,0,0,0,0,0
SUPER_Z,14130000,0,0,0,0,0,0,0
SUPER_Z,14140000,0,0,0,0,0,0,0
SUPER_Z,14150000,0,0,0,0,0,0,0
SUPER_Z,14160000,0,0,0,0,0,0,0
SUPER_Z,14170000,0,0,0,0,0,0,0
SUPER_Z,14180000,0,0,0,0,0,0,0
SUPER_Z,14190000,0,0,0,0,0,0,0
SUPER_Z,14200000,0,0,0,0,0,0,0
SUPER_Z,14210000,0,0,0,0,0,0,0
SUPER_Z,14220000,0,0,0,0,0,0,0
SUPER_Z,14230000,0,0,0,0,0,0,0
SUPER_Z,14240000,0,0,0,0,0,0,0
SUPER_Z,14250000,0,0,0,0,0,0,0
SUPER_Z,14260000,0,0,0,0,0,0,0
SUPER_Z,14270000,0,0,0,0,0,0,0
SUPER_Z,14280000,0,0,0,0,0,0,0
SUPER_Z,14290000,0,0,0,0,0,0,0
SUPER_Z,14300000,0,0,0,0,0,0,0
SUPER_Z,14310000,0,0,0,0,0,0,0
SUPER_Z,14320000,0,0,0,0,0,0,0
SUPER_Z,14330000,0,0,0,0,0,0,0
SUPER_Z,14340000,0,0,0,0,0,0,0
SUPER_Z,14350000,0,0,0,0,0,0,0
SUPER_Z,14360000,0,0,0,0,0,0,0
SUPER_Z,14370000,0,0,0,0,0,0,0
SUPER_Z,14380000,0,0,0,0,0,0,0
SUPER_Z,14390000,0,0,0,0,0,0,0
SUPER_Z,14400000,0,0,0,0,0,0,0
SUPER_Z,14410000,0,0,0,0,0,0,0
SUPER_Z,14420000,0,0,0,0,0,0,0
SUPER_Z,14430000,0,0,0,0,0,0,0
SUPER_Z,14440000,0,0,0,0,0,0,0
SUPER_Z,14450000,0,0,0,0,0,0,0
SUPER_Z,14460000,0,0,0,0,0,0,0
SUPER_Z,14470000,0,0,0,0,0,0,0
SUPER_Z,14480000,0,0,0,0,0,0,0
SUPER_Z,14490000,0,0,0,0,0,0,0
SUPER_Z,14500000,0,0,0,0,0,0,0
SUPER_Z,14510000,0,0,0,0,0,0,0
SUPER_Z,14520000,0,0,0,0,0,0,0
SUPER_Z,14530000,0,0,0,0,0,0,0
SUPER_Z,14540000,0,0,0,0,0,0,0
SUPER_Z,14550000,0,0,0,0,0,0,0
SUPER_Z,14560000,0,0,0,0,0,0,0
SUPER_Z,14570000,0,0,0,0,0,0,0
SUPER_Z,14580000,0,0,0,0,0,0,0
SUPER_Z,14590000,0,0,0,0,0,0,0
SUPER_Z,14600000,0,0,0,0,0,0,0
SUPER_Z,14610000,0,0,0,0,0,0,0
SUPER_Z,14620000,0,0,0,0,0,0,0
SUPER_Z,14630000,0,0,0,0,0,0,0
SUPER_Z,14640000,0,0,0,0,0,0,0
SUPER_Z,14650000,0,0,0,0,0,0,0
SUPER_Z,14660000,0,0,0,0,0,0,0
SUPER_Z,14670000,0,0,0,0,0,0,0
SUPER_Z,14680000,0,0,0,0,0,0,0
SUPER_Z,14690000,0,0,0,0,0,0,0
SUPER_Z,14700000,0,0,0,0,0,0,0
SUPER_Z,14710000,0,0,0,0,0,0,0
SUPER_Z,14720000,0,0,0,0,0,0,0
SUPER_Z,14730000,0,0,0,0,0,0,0
SUPER_Z,14740000,0,0,0,0,0,0,0
SUPER_Z,14750000,0,0,0,0,0,0,0
SUPER_Z,14760000,0,0,0,0,0,0,0
SUPER_Z,14770000,0,0,0,0,0,0,0
SUPER_Z,14780000,0,0,0,0,0,0,0
SUPER_Z,14790000,0,0,0,0,0,0,0
SUPER_Z,14800000,0,0,0,0,0,0,0
SUPER_Z,14810000,0,0,0,0,0,0,0
SUPER_Z,14820000,0,0,0,0,0,0,0
SUPER_Z,14830000,0,0,0,0,0,0,0
SUPER_Z,14840000,0,0,0,0,0,0,0
SUPER_Z,14850000,0,0,0,0,0,0,0
SUPER_Z,14860000,0,0,0,0,0,0,0
SUPER_Z,14870000,0,0,0,0,0,0,0
SUPER_Z,14880000,0,0,0,0,0,0,0
SUPER_Z,14890000,0,0,0,0,0,0,0
SUPER_Z,14900000,0,0,0,0,0,0,0
SUPER_Z,14910000,0,0,0,0,0,0,0
SUPER_Z,14920000,0,0,0,0,0,0,0
SUPER_Z,14930000,0,0,0,0,0,0,0
SUPER_Z,14940000,0,0,0,0,0,0,0
SUPER_Z,14950000,0,0,0,0,0,0,0
SUPER_Z,14960000,0,0,0,0,0,0,0
SUPER_Z,14970000,0,0,0,0,0,0,0
SUPER_Z,14980000,0,0,0,0,0,0,0
SUPER_Z,14990000,0,0,0,0,0,0,0
SUPER_Z,15000000,0,0,0,0,0,0,0
SUPER_Z,15010000,0,0,0,0,0,0,0
SUPER_Z,15020000,0,0,0,0,0,0,0
SUPER_Z,15030000,0,0,0,0,0,0,0
SUPER_Z,15040000,0,0,0,0,0,0,0
SUPER_Z,15050000,0,0,0,0,0,0,0
SUPER_Z,15060000,0,0,0,0,0,0,0
SUPER_Z,15070000,0,0,0,0,0,0,0
SUPER_Z,15080000,0,0,0,0,0,0,0
SUPER_Z,15090000,0,0,0,0,0,0,0
SUPER_Z,15100000,0,0,0,0,0,0,0
SUPER_Z,15110000,0,0,0,0,0,0,0
SUPER_Z,15120000,0,0,0,0,0,0,0
SUPER_Z,15130000,0,0,0,0,0,0,0
SUPER_Z,15140000,0,0,0,0,0,0,0
SUPER_Z,15150000,0,0,0,0,0,0,0
SUPER_Z,15160000,0,0,0,0,0,0,0
SUPER_Z,15170000,0,0,0,0,0,0,0
SUPER_Z,15180000,0,0,0,0,0,0,0
SUPER_Z,15190000,0,0,0,0,0,0,0
SUPER_Z,15200000,0,0,0,0,0,0,0
SUPER_Z,15210000,0,0,0,0,0,0,0
SUPER_Z,15220000,0,0,0,0,0,0,0
SUPER_Z,15230000,0,0,0,0,0,0,0
SUPER_Z,15240000,0,0,0,0,0,0,0
SUPER_Z,15250000,0,0,0,0,0,0,0
SUPER_Z,15260000,0,0,0,0,0,0,0
SUPER_Z,15270000,0,0,0,0,0,0,0
SUPER_Z,15280000,0,0,0,0,0,0,0
SUPER_Z,15290000,0,0,0,0,0,0,0
SUPER_Z,15300000,0,0,0,0,0,0,0
SUPER_Z,15310000,0,0,0,0,0,0,0
SUPER_Z,15320000,0,0,0,0,0,0,0
SUPER_Z,15330000,0,0,0,0,0,0,0
SUPER_Z,15340000,0,0,0,0,0,0,0
SUPER_Z,15350000,0,0,0,0,0,0,0
SUPER_Z,15360000,0,0,0,0,0,0,0
SUPER_Z,15370000,0,0,0,0,0,0,0
SUPER_Z,15380000,0,0,0,0,0,0,0
SUPER_Z,15390000,0,0,0,0,0,0,0
SUPER_Z,15400000,0,0,0,0,0,0,0
SUPER_Z,15410000,0,0,0,0,0,0,0
SUPER_Z,15420000,0,0,0,0,0,0,0
SUPER_Z,15430000,0,0,0,0,0,0,0
SUPER_Z,15440000,0,0,0,0,0,0,0
SUPER_Z,15450000,0,0,0,0,0,0,0
SUPER_Z,15460000,0,0,0,0,0,0,0
SUPER_Z,15470000,0,0,0,0,0,0,0
SUPER_Z,15480000,0,0,0,0,0,0,0
SUPER_Z,15490000,0,0,0,0,0,0,0
SUPER_Z,15500000,0,0,0,0,0,0,0
SUPER_Z,15510000,0,0,0,0,0,0,0
SUPER_Z,15520000,44,10,20,74,27,17,2.4
SUPER_Z,15530000,0,0,0,0,0,0,0
SUPER_Z,15540000,0,0,0,0,0,0,0
SUPER_Z,15550000,0,0,0,0,0,0,0
SUPER_Z,15560000,0,0,0,0,0,0,0
SUPER_Z,15570000,0,0,0,0,0,0,0
SUPER_Z,15580000,0,0,0,0,0,0,0
SUPER_Z,15590000,0,0,0,0,0,0,0
SUPER_Z,15600000,0,0,0,0,0,0,0
SUPER_Z,15610000,0,0,0,0,0,0,0
SUPER_Z,15620000,0,0,0,0,0,0,0
SUPER_Z,15630000,0,0,0,0,0,0,0
SUPER_Z,15640000,0,0,0,0,0,0,0
SUPER_Z,15650000,0,0,0,0,0,0,0
SUPER_Z,15660000,0,0,0,0,0,0,0
SUPER_Z,15670000,0,0,0,0,0,0,0
SUPER_Z,15680000,0,0,0,0,0,0,0
SUPER_Z,15690000,0,0,0,0,0,0,0
SUPER_Z,15700000,0,0,0,0,0,0,0
SUPER_Z,15710000,0,0,0,0,0,0,0
SUPER_Z,15720000,0,0,0,0,0,0,0
SUPER_Z,15730000,0,0,0,0,0,0,0
SUPER_Z,15740000,0,0,0,0,0,0,0
SUPER_Z,15750000,0,0,0,0,0,0,0
SUPER_Z,15760000,0,0,0,0,0,0,0
SUPER_Z,15770000,0,0,0,0,0,0,0
SUPER_Z,15780000,0,0,0,0,0,0,0
SUPER_Z,15790000,0,0,0,0,0,0,0
SUPER_Z,15800000,0,0,0,0,0,0,0
SUPER_Z,15810000,0,0,0,0,0,0,0
SUPER_Z,15820000,0,0,0,0,0,0,0
SUPER_Z,15830000,0,0,0,0,0,0,0
SUPER_Z,15840000,0,0,0,0,0,0,0
SUPER_Z,15850000,0,0,0,0,0,0,0
SUPER_Z,15860000,0,0,0,0,0,0,0
SUPER_Z,15870000,0,0,0,0,0,0,0
SUPER_Z,15880000,0,0,0,0,0,0,0
SUPER_Z,15890000,0,0,0,0,0,0,0
SUPER_Z,15900000,0,0,0,0,0,0,0
SUPER_Z,15910000,0,0,0,0,0,0,0
SUPER_Z,15920000,0,0,0,0,0,0,0
SUPER_Z,15930000,0,0,0,0,0,0,0
SUPER_Z,15940000,0,0,0,0,0,0,0
SUPER_Z,15950000,0,0,0,0,0,0,0
SUPER_Z,15960000,0,0,0,0,0,0,0
SUPER_Z,15970000,0,0,0,0,0,0,0
SUPER_Z,15980000,0,0,0,0,0,0,0
SUPER_Z,15990000,0,0,0,0,0,0,0
SUPER_Z,16000000,0,0,0,0,0,0,0
SUPER_Z,16010000,0,0,0,0,0,0,0
SUPER_Z,16020000,0,0,0,0,0,0,0
SUPER_Z,16030000,0,0,0,0,0,0,0
SUPER_Z,16040000,0,0,0,0,0,0,0
SUPER_Z,16050000,0,0,0,0,0,0,0
SUPER_Z,16060000,0,0,0,0,0,0,0
SUPER_Z,16070000,0,0,0,0,0,0,0
SUPER_Z,16080000,0,0,0,0,0,0,0
SUPER_Z,16090000,0,0,0,0,0,0,0
SUPER_Z,16100000,0,0,0,0,0,0,0
SUPER_Z,16110000,0,0,0,0,0,0,0
SUPER_Z,16120000,0,0,0,0,0,0,0
SUPER_Z,16130000,0,0,0,0,0,0,0
SUPER_Z,16140000,0,0,0,0,0,0,0
SUPER_Z,16150000,15,1,4,20,10,5,1.4
SUPER_Z,16160000,6,0,0,6,4,2,NaN
SUPER_Z,16170000,0,0,0,0,0,0,0
SUPER_Z,16180000,0,0,0,0,0,0,0
SUPER_Z,16190000,5,1,2,8,4,1,2.3333333
SUPER_Z,16200000,0,0,0,0,0,0,0
SUPER_Z,16210000,0,0,0,0,0,0,0
SUPER_Z,16220000,0,0,0,0,0,0,0
SUPER_Z,16230000,0,0,0,0,0,0,0
SUPER_Z,16240000,0,0,0,0,0,0,0
SUPER_Z,16250000,0,0,0,0,0,0,0
SUPER_Z,16260000,0,0,0,0,0,0,0
SUPER_Z,16270000,0,0,0,0,0,0,0
SUPER_Z,16280000,0,0,0,0,0,0,0
SUPER_Z,16290000,0,0,0,0,0,0,0
SUPER_Z,16300000,0,0,0,0,0,0,0
SUPER_Z,16310000,0,0,0,0,0,0,0
SUPER_Z,16320000,0,0,0,0,0,0,0
SUPER_Z,16330000,0,0,0,0,0,0,0
SUPER_Z,16340000,0,0,0,0,0,0,0
SUPER_Z,16350000,0,0,0,0,0,0,0
SUPER_Z,16360000,0,0,0,0,0,0,0
SUPER_Z,16370000,0,0,0,0,0,0,0
SUPER_Z,16380000,0,0,0,0,0,0,0
SUPER_Z,16390000,0,0,0,0,0,0,0
SUPER_Z,16400000,0,0,0,0,0,0,0
SUPER_Z,16410000,0,0,0,0,0,0,0
SUPER_Z,16420000,0,0,0,0,0,0,0
SUPER_Z,16430000,0,0,0,0,0,0,0
SUPER_Z,16440000,0,0,0,0,0,0,0
SUPER_Z,16450000,0,0,0,0,0,0,0
SUPER_Z,16460000,0,0,0,0,0,0,0
SUPER_Z,16470000,0,0,0,0,0,0,0
SUPER_Z,16480000,0,0,0,0,0,0,0
SUPER_Z,16490000,0,0,0,0,0,0,0
SUPER_Z,16500000,0,0,0,0,0,0,0
SUPER_Z,16510000,0,0,0,0,0,0,0
SUPER_Z,16520000,0,0,0,0,0,0,0
SUPER_Z,16530000,0,0,0,0,0,0,0
SUPER_Z,16540000,0,0,0,0,0,0,0
SUPER_Z,16550000,0,0,0,0,0,0,0
SUPER_Z,16560000,0,0,0,0,0,0,0
SUPER_Z,16570000,0,0,0,0,0,0,0
SUPER_Z,16580000,0,0,0,0,0,0,0
SUPER_Z,16590000,0,0,0,0,0,0,0
SUPER_Z,16600000,0,0,0,0,0,0,0
SUPER_Z,16610000,0,0,0,0,0,0,0
SUPER_Z,16620000,0,0,0,0,0,0,0
SUPER_Z,16630000,0,0,0,0,0,0,0
SUPER_Z,16640000,0,0,0,0,0,0,0
SUPER_Z,16650000,0,0,0,0,0,0,0
SUPER_Z,16660000,0,0,0,0,0,0,0
SUPER_Z,16670000,0,0,0,0,0,0,0
SUPER_Z,16680000,0,0,0,0,0,0,0
SUPER_Z,16690000,0,0,0,0,0,0,0
SUPER_Z,16700000,0,0,0,0,0,0,0
SUPER_Z,16710000,0,0,0,0,0,0,0
SUPER_Z,16720000,0,0,0,0,0,0,0
SUPER_Z,16730000,0,0,0,0,0,0,0
SUPER_Z,16740000,0,0,0,0,0,0,0
SUPER_Z,16750000,0,0,0,0,0,0,0
SUPER_Z,16760000,0,0,0,0,0,0,0
SUPER_Z,16770000,0,0,0,0,0,0,0
SUPER_Z,16780000,0,0,0,0,0,0,0
SUPER_Z,16790000,0,0,0,0,0,0,0
SUPER_Z,16800000,0,0,0,0,0,0,0
SUPER_Z,16810000,0,0,0,0,0,0,0
SUPER_Z,16820000,0,0,0,0,0,0,0
SUPER_Z,16830000,0,0,0,0,0,0,0
SUPER_Z,16840000,0,0,0,0,0,0,0
SUPER_Z,16850000,0,0,0,0,0,0,0
SUPER_Z,16860000,0,0,0,0,0,0,0
SUPER_Z,16870000,0,0,0,0,0,0,0
SUPER_Z,16880000,0,0,0,0,0,0,0
SUPER_Z,16890000,0,0,0,0,0,0,0
SUPER_Z,16900000,0,0,0,0,0,0,0
SUPER_Z,16910000,0,0,0,0,0,0,0
SUPER_Z,16920000,0,0,0,0,0,0,0
SUPER_Z,16930000,0,0,0,0,0,0,0
SUPER_Z,16940000,0,0,0,0,0,0,0
SUPER_Z,16950000,0,0,0,0,0,0,0
SUPER_Z,16960000,0,0,0,0,0,0,0
SUPER_Z,16970000,0,0,0,0,0,0,0
SUPER_Z,16980000,0,0,0,0,0,0,0
SUPER_Z,16990000,0,0,0,0,0,0,0
SUPER_Z,17000000,0,0,0,0,0,0,0
SUPER_Z,17010000,0,0,0,0,0,0,0
SUPER_Z,17020000,0,0,0,0,0,0,0
SUPER_Z,17030000,0,0,0,0,0,0,0
SUPER_Z,17040000,0,0,0,0,0,0,0
SUPER_Z,17050000,0,0,0,0,0,0,0
SUPER_Z,17060000,0,0,0,0,0,0,0
SUPER_Z,17070000,0,0,0,0,0,0,0
SUPER_Z,17080000,0,0,0,0,0,0,0
SUPER_Z,17090000,0,0,0,0,0,0,0
SUPER_Z,17100000,0,0,0,0,0,0,0
SUPER_Z,17110000,0,0,0,0,0,0,0
SUPER_Z,17120000,0,0,0,0,0,0,0
SUPER_Z,17130000,0,0,0,0,0,0,0
SUPER_Z,17140000,0,0,0,0,0,0,0
SUPER_Z,17150000,0,0,0,0,0,0,0
SUPER_Z,17160000,0,0,0,0,0,0,0
SUPER_Z,17170000,0,0,0,0,0,0,0
SUPER_Z,17180000,0,0,0,0,0,0,0
SUPER_Z,17190000,0,0,0,0,0,0,0
SUPER_Z,17200000,0,0,0,0,0,0,0
SUPER_Z,17210000,0,0,0,0,0,0,0
SUPER_Z,17220000,0,0,0,0,0,0,0
SUPER_Z,17230000,0,0,0,0,0,0,0
SUPER_Z,17240000,0,0,0,0,0,0,0
SUPER_Z,17250000,0,0,0,0,0,0,0
SUPER_Z,17260000,0,0,0,0,0,0,0
SUPER_Z,17270000,0,0,0,0,0,0,0
SUPER_Z,17280000,0,0,0,0,0,0,0
SUPER_Z,17290000,0,0,0,0,0,0,0
SUPER_Z,17300000,0,0,0,0,0,0,0
SUPER_Z,17310000,0,0,0,0,0,0,0
SUPER_Z,17320000,0,0,0,0,0,0,0
SUPER_Z,17330000,0,0,0,0,0,0,0
SUPER_Z,17340000,0,0,0,0,0,0,0
SUPER_Z,17350000,0,0,0,0,0,0,0
SUPER_Z,17360000,0,0,0,0,0,0,0
SUPER_Z,17370000,0,0,0,0,0,0,0
SUPER_Z,17380000,0,0,0,0,0,0,0
SUPER_Z,17390000,0,0,0,0,0,0,0
SUPER_Z,17400000,0,0,0,0,0,0,0
SUPER_Z,17410000,0,0,0,0,0,0,0
SUPER_Z,17420000,0,0,0,0,0,0,0
SUPER_Z,17430000,0,0,0,0,0,0,0
SUPER_Z,17440000,0,0,0,0,0,0,0
SUPER_Z,17450000,0,0,0,0,0,0,0
SUPER_Z,17460000,0,0,0,0,0,0,0
SUPER_Z,17470000,0,0,0,0,0,0,0
SUPER_Z,17480000,0,0,0,0,0,0,0
SUPER_Z,17490000,0,0,0,0,0,0,0
SUPER_Z,17500000,0,0,0,0,0,0,0
SUPER_Z,17510000,0,0,0,0,0,0,0
SUPER_Z,17520000,0,0,0,0,0,0,0
SUPER_Z,17530000,0,0,0,0,0,0,0
SUPER_Z,17540000,0,0,0,0,0,0,0
SUPER_Z,17550000,0,0,0,0,0,0,0
SUPER_Z,17560000,0,0,0,0,0,0,0
SUPER_Z,17570000,0,0,0,0,0,0,0
SUPER_Z,17580000,0,0,0,0,0,0,0
SUPER_Z,17590000,0,0,0,0,0,0,0
SUPER_Z,17600000,0,0,0,0,0,0,0
SUPER_Z,17610000,0,0,0,0,0,0,0
SUPER_Z,17620000,0,0,0,0,0,0,0
SUPER_Z,17630000,0,0,0,0,0,0,0
SUPER_Z,17640000,0,0,0,0,0,0,0
SUPER_Z,17650000,0,0,0,0,0,0,0
SUPER_Z,17660000,0,0,0,0,0,0,0
SUPER_Z,17670000,0,0,0,0,0,0,0
SUPER_Z,17680000,0,0,0,0,0,0,0
SUPER_Z,17690000,0,0,0,0,0,0,0
SUPER_Z,17700000,0,0,0,0,0,0,0
SUPER_Z,17710000,0,0,0,0,0,0,0
SUPER_Z,17720000,0,0,0,0,0,0,0
SUPER_Z,17730000,0,0,0,0,0,0,0
SUPER_Z,17740000,0,0,0,0,0,0,0
SUPER_Z,17750000,0,0,0,0,0,0,0
SUPER_Z,17760000,0,0,0,0,0,0,0
SUPER_Z,17770000,0,0,0,0,0,0,0
SUPER_Z,17780000,0,0,0,0,0,0,0
SUPER_Z,17790000,0,0,0,0,0,0,0
SUPER_Z,17800000,0,0,0,0,0,0,0
SUPER_Z,17810000,0,0,0,0,0,0,0
SUPER_Z,17820000,0,0,0,0,0,0,0
SUPER_Z,17830000,0,0,0,0,0,0,0
SUPER_Z,17840000,0,0,0,0,0,0,0
SUPER_Z,17850000,0,0,0,0,0,0,0
SUPER_Z,17860000,0,0,0,0,0,0,0
SUPER_Z,17870000,0,0,0,0,0,0,0
SUPER_Z,17880000,0,0,0,0,0,0,0
SUPER_Z,17890000,0,0,0,0,0,0,0
SUPER_Z,17900000,0,0,0,0,0,0,0
SUPER_Z,17910000,0,0,0,0,0,0,0
SUPER_Z,17920000,0,0,0,0,0,0,0
SUPER_Z,17930000,0,0,0,0,0,0,0
SUPER_Z,17940000,0,0,0,0,0,0,0
SUPER_Z,17950000,0,0,0,0,0,0,0
SUPER_Z,17960000,0,0,0,0,0,0,0
SUPER_Z,17970000,0,0,0,0,0,0,0
SUPER_Z,17980000,0,0,0,0,0,0,0
SUPER_Z,17990000,0,0,0,0,0,0,0
SUPER_Z,18000000,0,0,0,0,0,0,0
SUPER_Z,18010000,0,0,0,0,0,0,0
SUPER_Z,18020000,0,0,0,0,0,0,0
SUPER_Z,18030000,0,0,0,0,0,0,0
SUPER_Z,18040000,0,0,0,0,0,0,0
SUPER_Z,18050000,0,0,0,0,0,0,0
SUPER_Z,18060000,0,0,0,0,0,0,0
SUPER_Z,18070000,0,0,0,0,0,0,0
SUPER_Z,18080000,0,0,0,0,0,0,0
SUPER_Z,18090000,0,0,0,0,0,0,0
SUPER_Z,18100000,0,0,0,0,0,0,0
SUPER_Z,18110000,0,0,0,0,0,0,0
SUPER_Z,18120000,0,0,0,0,0,0,0
SUPER_Z,18130000,0,0,0,0,0,0,0
SUPER_Z,18140000,0,0,0,0,0,0,0
SUPER_Z,18150000,0,0,0,0,0,0,0
SUPER_Z,18160000,0,0,0,0,0,0,0
SUPER_Z,18170000,0,0,0,0,0,0,0
SUPER_Z,18180000,0,0,0,0,0,0,0
SUPER_Z,18190000,0,0,0,0,0,0,0
SUPER_Z,18200000,0,0,0,0,0,0,0
SUPER_Z,18210000,0,0,0,0,0,0,0
SUPER_Z,18220000,0,0,0,0,0,0,0
SUPER_Z,18230000,0,0,0,0,0,0,0
SUPER_Z,18240000,0,0,0,0,0,0,0
SUPER_Z,18250000,0,0,0,0,0,0,0
SUPER_Z,18260000,0,0,0,0,0,0,0
SUPER_Z,18270000,0,0,0,0,0,0,0
SUPER_Z,18280000,0,0,0,0,0,0,0
SUPER_Z,18290000,0,0,0,0,0,0,0
SUPER_Z,18300000,0,0,0,0,0,0,0
SUPER_Z,18310000,0,0,0,0,0,0,0
SUPER_Z,18320000,0,0,0,0,0,0,0
SUPER_Z,18330000,0,0,0,0,0,0,0
SUPER_Z,18340000,0,0,0,0,0,0,0
SUPER_Z,18350000,0,0,0,0,0,0,0
SUPER_Z,18360000,0,0,0,0,0,0,0
SUPER_Z,18370000,0,0,0,0,0,0,0
SUPER_Z,18380000,0,0,0,0,0,0,0
SUPER_Z,18390000,0,0,0,0,0,0,0
SUPER_Z,18400000,0,0,0,0,0,0,0
SUPER_Z,18410000,0,0,0,0,0,0,0
SUPER_Z,18420000,0,0,0,0,0,0,0
SUPER_Z,18430000,0,0,0,0,0,0,0
SUPER_Z,18440000,0,0,0,0,0,0,0
SUPER_Z,18450000,0,0,0,0,0,0,0
SUPER_Z,18460000,0,0,0,0,0,0,0
SUPER_Z,18470000,0,0,0,0,0,0,0
SUPER_Z,18480000,0,0,0,0,0,0,0
SUPER_Z,18490000,0,0,0,0,0,0,0
SUPER_Z,18500000,0,0,0,0,0,0,0
SUPER_Z,18510000,0,0,0,0,0,0,0
SUPER_Z,18520000,0,0,0,0,0,0,0
SUPER_Z,18530000,0,0,0,0,0,0,0
SUPER_Z,18540000,0,0,0,0,0,0,0
SUPER_Z,18550000,0,0,0,0,0,0,0
SUPER_Z,18560000,0,0,0,0,0,0,0
SUPER_Z,18570000,0,0,0,0,0,0,0
SUPER_Z,18580000,0,0,0,0,0,0,0
SUPER_Z,18590000,0,0,0,0,0,0,0
SUPER_Z,18600000,0,0,0,0,0,0,0
SUPER_Z,18610000,0,0,0,0,0,0,0
SUPER_Z,18620000,0,0,0,0,0,0,0
SUPER_Z,18630000,0,0,0,0,0,0,0
SUPER_Z,18640000,0,0,0,0,0,0,0
SUPER_Z,18650000,0,0,0,0,0,0,0
SUPER_Z,18660000,0,0,0,0,0,0,0
SUPER_Z,18670000,0,0,0,0,0,0,0
SUPER_Z,18680000,0,0,0,0,0,0,0
SUPER_Z,18690000,0,0,0,0,0,0,0
SUPER_Z,18700000,0,0,0,0,0,0,0
SUPER_Z,18710000,0,0,0,0,0,0,0
SUPER_Z,18720000,0,0,0,0,0,0,0
SUPER_Z,18730000,0,0,0,0,0,0,0
SUPER_Z,18740000,0,0,0,0,0,0,0
SUPER_Z,18750000,0,0,0,0,0,0,0
SUPER_Z,18760000,0,0,0,0,0,0,0
SUPER_Z,18770000,0,0,0,0,0,0,0
SUPER_Z,18780000,0,0,0,0,0,0,0
SUPER_Z,18790000,0,0,0,0,0,0,0
SUPER_Z,18800000,0,0,0,0,0,0,0
SUPER_Z,18810000,0,0,0,0,0,0,0
SUPER_Z,18820000,0,0,0,0,0,0,0
SUPER_Z,18830000,0,0,0,0,0,0,0
SUPER_Z,18840000,0,0,0,0,0,0,0
SUPER_Z,18850000,0,0,0,0,0,0,0
SUPER_Z,18860000,0,0,0,0,0,0,0
SUPER_Z,18870000,0,0,0,0,0,0,0
SUPER_Z,18880000,0,0,0,0,0,0,0
SUPER_Z,18890000,0,0,0,0,0,0,0
SUPER_Z,18900000,0,0,0,0,0,0,0
SUPER_Z,18910000,0,0,0,0,0,0,0
SUPER_Z,18920000,0,0,0,0,0,0,0
SUPER_Z,18930000,0,0,0,0,0,0,0
SUPER_Z,18940000,0,0,0,0,0,0,0
SUPER_Z,18950000,0,0,0,0,0,0,0
SUPER_Z,18960000,0,0,0,0,0,0,0
SUPER_Z,18970000,0,0,0,0,0,0,0
SUPER_Z,18980000,0,0,0,0,0,0,0
SUPER_Z,18990000,0,0,0,0,0,0,0
SUPER_Z,19000000,0,0,0,0,0,0,0
SUPER_Z,19010000,0,0,0,0,0,0,0
SUPER_Z,19020000,0,0,0,0,0,0,0
SUPER_Z,19030000,0,0,0,0,0,0,0
SUPER_Z,19040000,0,0,0,0,0,0,0
SUPER_Z,19050000,0,0,0,0,0,0,0
SUPER_Z,19060000,0,0,0,0,0,0,0
SUPER_Z,19070000,0,0,0,0,0,0,0
SUPER_Z,19080000,0,0,0,0,0,0,0
SUPER_Z,19090000,0,0,0,0,0,0,0
SUPER_Z,19100000,0,0,0,0,0,0,0
SUPER_Z,19110000,0,0,0,0,0,0,0
SUPER_Z,19120000,0,0,0,0,0,0,0
SUPER_Z,19130000,0,0,0,0,0,0,0
SUPER_Z,19140000,0,0,0,0,0,0,0
SUPER_Z,19150000,0,0,0,0,0,0,0
SUPER_Z,19160000,0,0,0,0,0,0,0
SUPER_Z,19170000,0,0,0,0,0,0,0
SUPER_Z,19180000,0,0,0,0,0,0,0
SUPER_Z,19190000,0,0,0,0,0,0,0
SUPER_Z,19200000,0,0,0,0,0,0,0
SUPER_Z,19210000,0,0,0,0,0,0,0
SUPER_Z,19220000,0,0,0,0,0,0,0
SUPER_Z,19230000,0,0,0,0,0,0,0
SUPER_Z,19240000,0,0,0,0,0,0,0
SUPER_Z,19250000,0,0,0,0,0,0,0
SUPER_Z,19260000,0,0,0,0,0,0,0
SUPER_Z,19270000,0,0,0,0,0,0,0
SUPER_Z,19280000,0,0,0,0,0,0,0
SUPER_Z,19290000,0,0,0,0,0,0,0
SUPER_Z,19300000,0,0,0,0,0,0,0
SUPER_Z,19310000,0,0,0,0,0,0,0
SUPER_Z,19320000,0,0,0,0,0,0,0
SUPER_Z,19330000,0,0,0,0,0,0,0
SUPER_Z,19340000,0,0,0,0,0,0,0
SUPER_Z,19350000,0,0,0,0,0,0,0
SUPER_Z,19360000,0,0,0,0,0,0,0
SUPER_Z,19370000,0,0,0,0,0,0,0
SUPER_Z,19380000,0,0,0,0,0,0,0
SUPER_Z,19390000,0,0,0,0,0,0,0
SUPER_Z,19400000,0,0,0,0,0,0,0
SUPER_Z,19410000,0,0,0,0,0,0,0
SUPER_Z,19420000,0,0,0,0,0,0,0
SUPER_Z,19430000,0,0,0,0,0,0,0
SUPER_Z,19440000,0,0,0,0,0,0,0
SUPER_Z,19450000,0,0,0,0,0,0,0
SUPER_Z,19460000,0,0,0,0,0,0,0
SUPER_Z,19470000,0,0,0,0,0,0,0
SUPER_Z,19480000,0,0,0,0,0,0,0
SUPER_Z,19490000,0,0,0,0,0,0,0
SUPER_Z,19500000,0,0,0,0,0,0,0
SUPER_Z,19510000,0,0,0,0,0,0,0
SUPER_Z,19520000,0,0,0,0,0,0,0
SUPER_Z,19530000,0,0,0,0,0,0,0
SUPER_Z,19540000,0,0,0,0,0,0,0
SUPER_Z,19550000,0,0,0,0,0,0,0
SUPER_Z,19560000,0,0,0,0,0,0,0
SUPER_Z,19570000,0,0,0,0,0,0,0
SUPER_Z,19580000,0,0,0,0,0,0,0
SUPER_Z,19590000,0,0,0,0,0,0,0
SUPER_Z,19600000,0,0,0,0,0,0,0
SUPER_Z,19610000,0,0,0,0,0,0,0
SUPER_Z,19620000,0,0,0,0,0,0,0
SUPER_Z,19630000,0,0,0,0,0,0,0
SUPER_Z,19640000,0,0,0,0,0,0,0
SUPER_Z,19650000,0,0,0,0,0,0,0
SUPER_Z,19660000,0,0,0,0,0,0,0
SUPER_Z,19670000,0,0,0,0,0,0,0
SUPER_Z,19680000,0,0,0,0,0,0,0
SUPER_Z,19690000,0,0,0,0,0,0,0
SUPER_Z,19700000,0,0,0,0,0,0,0
SUPER_Z,19710000,0,0,0,0,0,0,0
SUPER_Z,19720000,0,0,0,0,0,0,0
SUPER_Z,19730000,0,0,0,0,0,0,0
SUPER_Z,19740000,0,0,0,0,0,0,0
SUPER_Z,19750000,0,0,0,0,0,0,0
SUPER_Z,19760000,0,0,0,0,0,0,0
SUPER_Z,19770000,0,0,0,0,0,0,0
SUPER_Z,19780000,0,0,0,0,0,0,0
SUPER_Z,19790000,0,0,0,0,0,0,0
SUPER_Z,19800000,0,0,0,0,0,0,0
SUPER_Z,19810000,0,0,0,0,0,0,0
SUPER_Z,19820000,0,0,0,0,0,0,0
SUPER_Z,19830000,0,0,0,0,0,0,0
SUPER_Z,19840000,0,0,0,0,0,0,0
SUPER_Z,19850000,0,0,0,0,0,0,0
SUPER_Z,19860000,0,0,0,0,0,0,0
SUPER_Z,19870000,0,0,0,0,0,0,0
SUPER_Z,19880000,0,0,0,0,0,0,0
SUPER_Z,19890000,0,0,0,0,0,0,0
SUPER_Z,19900000,0,0,0,0,0,0,0
SUPER_Z,19910000,0,0,0,0,0,0,0
SUPER_Z,19920000,0,0,0,0,0,0,0
SUPER_Z,19930000,0,0,0,0,0,0,0
SUPER_Z,19940000,0,0,0,0,0,0,0
SUPER_Z,19950000,0,0,0,0,0,0,0
SUPER_Z,19960000,0,0,0,0,0,0,0
SUPER_Z,19970000,0,0,0,0,0,0,0
SUPER_Z,19980000,0,0,0,0,0,0,0
SUPER_Z,19990000,0,0,0,0,0,0,0
SUPER_Z,20000000,0,0,0,0,0,0,0
SUPER_Z,20010000,0,0,0,0,0,0,0
SUPER_Z,20020000,0,0,0,0,0,0,0
SUPER_Z,20030000,0,0,0,0,0,0,0
SUPER_Z,20040000,0,0,0,0,0,0,0
SUPER_Z,20050000,0,0,0,0,0,0,0
SUPER_Z,20060000,0,0,0,0,0,0,0
SUPER_Z,20070000,0,0,0,0,0,0,0
SUPER_Z,20080000,0,0,0,0,0,0,0
SUPER_Z,20090000,0,0,0,0,0,0,0
SUPER_Z,20100000,0,0,0,0,0,0,0
SUPER_Z,20110000,0,0,0,0,0,0,0
SUPER_Z,20120000,0,0,0,0,0,0,0
SUPER_Z,20130000,9,15,25,49,1,8,2.075
SUPER_Z,20140000,0,0,0,0,0,0,0
SUPER_Z,20150000,0,0,0,0,0,0,0
SUPER_Z,20160000,0,0,0,0,0,0,0
SUPER_Z,20170000,0,0,0,0,0,0,0
SUPER_Z,20180000,0,0,0,0,0,0,0
SUPER_Z,20190000,0,0,0,0,0,0,0
SUPER_Z,20200000,0,0,0,0,0,0,0
SUPER_Z,20210000,0,0,0,0,0,0,0
SUPER_Z,20220000,0,0,0,0,0,0,0
SUPER_Z,20230000,0,0,0,0,0,0,0
SUPER_Z,20240000,0,0,0,0,0,0,0
SUPER_Z,20250000,0,0,0,0,0,0,0
SUPER_Z,20260000,0,0,0,0,0,0,0
SUPER_Z,20270000,0,0,0,0,0,0,0
SUPER_Z,20280000,0,0,0,0,0,0,0
SUPER_Z,20290000,0,0,0,0,0,0,0
SUPER_Z,20300000,0,0,0,0,0,0,0
SUPER_Z,20310000,0,0,0,0,0,0,0
SUPER_Z,20320000,0,0,0,0,0,0,0
SUPER_Z,20330000,0,0,0,0,0,0,0
SUPER_Z,20340000,0,0,0,0,0,0,0
SUPER_Z,20350000,0,0,0,0,0,0,0
SUPER_Z,20360000,0,0,0,0,0,0,0
SUPER_Z,20370000,0,0,0,0,0,0,0
SUPER_Z,20380000,0,0,0,0,0,0,0
SUPER_Z,20390000,0,0,0,0,0,0,0
SUPER_Z,20400000,0,0,0,0,0,0,0
SUPER_Z,20410000,0,0,0,0,0,0,0
SUPER_Z,20420000,0,0,0,0,0,0,0
SUPER_Z,20430000,0,0,0,0,0,0,0
SUPER_Z,20440000,0,0,0,0,0,0,0
SUPER_Z,20450000,0,0,0,0,0,0,0
SUPER_Z,20460000,0,0,0,0,0,0,0
SUPER_Z,20470000,0,0,0,0,0,0,0
SUPER_Z,20480000,0,0,0,0,0,0,0
SUPER_Z,20490000,0,0,0,0,0,0,0
SUPER_Z,20500000,0,0,0,0,0,0,0
SUPER_Z,20510000,0,0,0,0,0,0,0
SUPER_Z,20520000,0,0,0,0,0,0,0
SUPER_Z,20530000,0,0,0,0,0,0,0
SUPER_Z,20540000,0,0,0,0,0,0,0
SUPER_Z,20550000,0,0,0,0,0,0,0
SUPER_Z,20560000,0,0,0,0,0,0,0
SUPER_Z,20570000,0,0,0,0,0,0,0
SUPER_Z,20580000,0,0,0,0,0,0,0
SUPER_Z,20590000,0,0,0,0,0,0,0
SUPER_Z,20600000,0,0,0,0,0,0,0
SUPER_Z,20610000,0,0,0,0,0,0,0
SUPER_Z,20620000,0,0,0,0,0,0,0
SUPER_Z,20630000,0,0,0,0,0,0,0
SUPER_Z,20640000,0,0,0,0,0,0,0
SUPER_Z,20650000,0,0,6,6,0,0,1.5
SUPER_Z,20660000,0,0,0,0,0,0,0
SUPER_Z,20670000,0,0,0,0,0,0,0
SUPER_Z,20680000,0,0,0,0,0,0,0
SUPER_Z,20690000,0,0,2,2,0,0,2
SUPER_Z,20700000,0,0,0,0,0,0,0
SUPER_Z,20710000,0,0,0,0,0,0,0
SUPER_Z,20720000,0,0,0,0,0,0,0
SUPER_Z,20730000,0,0,0,0,0,0,0
SUPER_Z,20740000,0,0,0,0,0,0,0
SUPER_Z,20750000,0,0,0,0,0,0,0
SUPER_Z,20760000,0,0,0,0,0,0,0
SUPER_Z,20770000,0,0,0,0,0,0,0
SUPER_Z,20780000,0,0,0,0,0,0,0
SUPER_Z,20790000,0,0,0,0,0,0,0
SUPER_Z,20800000,0,0,0,0,0,0,0
SUPER_Z,20810000,0,0,0,0,0,0,0
SUPER_Z,20820000,0,0,0,0,0,0,0
SUPER_Z,20830000,0,0,0,0,0,0,0
SUPER_Z,20840000,0,0,0,0,0,0,0
SUPER_Z,20850000,0,0,0,0,0,0,0
SUPER_Z,20860000,0,0,0,0,0,0,0
SUPER_Z,20870000,0,0,0,0,0,0,0
SUPER_Z,20880000,0,0,0,0,0,0,0
SUPER_Z,20890000,0,0,0,0,0,0,0
SUPER_Z,20900000,0,0,0,0,0,0,0
SUPER_Z,20910000,0,0,0,0,0,0,0
SUPER_Z,20920000,0,0,0,0,0,0,0
SUPER_Z,20930000,0,0,0,0,0,0,0
SUPER_Z,20940000,0,0,0,0,0,0,0
SUPER_Z,20950000,0,0,0,0,0,0,0
SUPER_Z,20960000,0,0,0,0,0,0,0
SUPER_Z,20970000,0,0,0,0,0,0,0
SUPER_Z,20980000,0,0,0,0,0,0,0
SUPER_Z,20990000,0,0,0,0,0,0,0
SUPER_Z,21000000,0,0,0,0,0,0,0
SUPER_Z,21010000,0,0,0,0,0,0,0
SUPER_Z,21020000,0,0,0,0,0,0,0
SUPER_Z,21030000,0,0,0,0,0,0,0
SUPER_Z,21040000,0,0,0,0,0,0,0
SUPER_Z,21050000,0,0,0,0,0,0,0
SUPER_Z,21060000,0,0,0,0,0,0,0
SUPER_Z,21070000,0,0,0,0,0,0,0
SUPER_Z,21080000,0,0,0,0,0,0,0
SUPER_Z,21090000,0,0,0,0,0,0,0
SUPER_Z,21100000,0,0,0,0,0,0,0
SUPER_Z,21110000,0,0,0,0,0,0,0
SUPER_Z,21120000,0,0,0,0,0,0,0
SUPER_Z,21130000,0,0,0,0,0,0,0
SUPER_Z,21140000,0,0,0,0,0,0,0
SUPER_Z,21150000,0,0,0,0,0,0,0
SUPER_Z,21160000,0,0,0,0,0,0,0
SUPER_Z,21170000,0,0,0,0,0,0,0
SUPER_Z,21180000,0,0,0,0,0,0,0
SUPER_Z,21190000,0,0,0,0,0,0,0
SUPER_Z,21200000,0,0,0,0,0,0,0
SUPER_Z,21210000,0,0,0,0,0,0,0
SUPER_Z,21220000,0,0,0,0,0,0,0
SUPER_Z,21230000,0,0,0,0,0,0,0
SUPER_Z,21240000,0,0,0,0,0,0,0
SUPER_Z,21250000,0,0,0,0,0,0,0
SUPER_Z,21260000,0,0,0,0,0,0,0
SUPER_Z,21270000,0,0,0,0,0,0,0
SUPER_Z,21280000,0,0,0,0,0,0,0
SUPER_Z,21290000,0,0,0,0,0,0,0
SUPER_Z,21300000,0,0,0,0,0,0,0
SUPER_Z,21310000,0,0,0,0,0,0,0
SUPER_Z,21320000,0,0,0,0,0,0,0
SUPER_Z,21330000,0,0,0,0,0,0,0
SUPER_Z,21340000,0,0,0,0,0,0,0
SUPER_Z,21350000,0,0,0,0,0,0,0
SUPER_Z,21360000,0,0,0,0,0,0,0
SUPER_Z,21370000,0,0,0,0,0,0,0
SUPER_Z,21380000,0,0,0,0,0,0,0
SUPER_Z,21390000,0,0,0,0,0,0,0
SUPER_Z,21400000,0,0,0,0,0,0,0
SUPER_Z,21410000,0,0,0,0,0,0,0
SUPER_Z,21420000,0,0,0,0,0,0,0
SUPER_Z,21430000,0,0,0,0,0,0,0
SUPER_Z,21440000,0,0,0,0,0,0,0
SUPER_Z,21450000,0,0,0,0,0,0,0
SUPER_Z,21460000,0,0,0,0,0,0,0
SUPER_Z,21470000,0,0,0,0,0,0,0
SUPER_Z,21480000,0,0,0,0,0,0,0
SUPER_Z,21490000,0,0,0,0,0,0,0
SUPER_Z,21500000,0,0,0,0,0,0,0
SUPER_Z,21510000,0,0,0,0,0,0,0
SUPER_Z,21520000,0,0,0,0,0,0,0
SUPER_Z,21530000,0,0,0,0,0,0,0
SUPER_Z,21540000,0,0,0,0,0,0,0
SUPER_Z,21550000,0,0,0,0,0,0,0
SUPER_Z,21560000,0,0,0,0,0,0,0
SUPER_Z,21570000,0,0,0,0,0,0,0
SUPER_Z,21580000,0,0,0,0,0,0,0
SUPER_Z,21590000,0,0,0,0,0,0,0
SUPER_Z,21600000,0,0,0,0,0,0,0
SUPER_Z,21610000,0,0,0,0,0,0,0
SUPER_Z,21620000,0,0,0,0,0,0,0
SUPER_Z,21630000,0,0,0,0,0,0,0
SUPER_Z,21640000,0,0,0,0,0,0,0
SUPER_Z,21650000,0,0,0,0,0,0,0
SUPER_Z,21660000,0,0,0,0,0,0,0
SUPER_Z,21670000,0,0,0,0,0,0,0
SUPER_Z,21680000,0,0,0,0,0,0,0
SUPER_Z,21690000,0,0,0,0,0,0,0
SUPER_Z,21700000,0,0,0,0,0,0,0
SUPER_Z,21710000,0,0,0,0,0,0,0
SUPER_Z,21720000,0,0,0,0,0,0,0
SUPER_Z,21730000,0,0,0,0,0,0,0
SUPER_Z,21740000,0,0,0,0,0,0,0
SUPER_Z,21750000,0,0,0,0,0,0,0
SUPER_Z,21760000,0,0,0,0,0,0,0
SUPER_Z,21770000,0,0,0,0,0,0,0
SUPER_Z,21780000,0,0,0,0,0,0,0
SUPER_Z,21790000,0,0,0,0,0,0,0
SUPER_Z,21800000,0,0,0,0,0,0,0
SUPER_Z,21810000,0,0,0,0,0,0,0
SUPER_Z,21820000,0,0,0,0,0,0,0
SUPER_Z,21830000,0,0,0,0,0,0,0
SUPER_Z,21840000,0,0,0,0,0,0,0
SUPER_Z,21850000,0,0,0,0,0,0,0
SUPER_Z,21860000,0,0,0,0,0,0,0
SUPER_Z,21870000,0,0,0,0,0,0,0
SUPER_Z,21880000,0,0,0,0,0,0,0
SUPER_Z,21890000,0,0,0,0,0,0,0
SUPER_Z,21900000,0,0,0,0,0,0,0
SUPER_Z,21910000,0,0,0,0,0,0,0
SUPER_Z,21920000,0,0,0,0,0,0,0
SUPER_Z,21930000,0,0,0,0,0,0,0
SUPER_Z,21940000,0,0,0,0,0,0,0
SUPER_Z,21950000,0,0,0,0,0,0,0
SUPER_Z,21960000,0,0,0,0,0,0,0
SUPER_Z,21970000,0,0,0,0,0,0,0
SUPER_Z,21980000,0,0,0,0,0,0,0
SUPER_Z,21990000,0,0,0,0,0,0,0
SUPER_Z,22000000,0,0,0,0,0,0,0
SUPER_Z,22010000,0,0,0,0,0,0,0
SUPER_Z,22020000,0,0,0,0,0,0,0
SUPER_Z,22030000,0,0,0,0,0,0,0
SUPER_Z,22040000,0,0,0,0,0,0,0
SUPER_Z,22050000,0,0,0,0,0,0,0
SUPER_Z,22060000,0,0,0,0,0,0,0
SUPER_Z,22070000,0,0,0,0,0,0,0
SUPER_Z,22080000,0,0,0,0,0,0,0
SUPER_Z,22090000,0,0,0,0,0,0,0
SUPER_Z,22100000,0,0,0,0,0,0,0
SUPER_Z,22110000,0,0,0,0,0,0,0
SUPER_Z,22120000,6,6,7,19,4,2,1.1538461
SUPER_Z,22130000,0,0,1,1,0,0,1
SUPER_Z,22140000,0,0,0,0,0,0,0
SUPER_Z,22150000,0,0,0,0,0,0,0
SUPER_Z,22160000,0,0,0,0,0,0,0
SUPER_Z,22170000,0,0,0,0,0,0,0
SUPER_Z,22180000,0,0,0,0,0,0,0
SUPER_Z,22190000,0,0,0,0,0,0,0
SUPER_Z,22200000,0,0,0,0,0,0,0
SUPER_Z,22210000,0,0,0,0,0,0,0
SUPER_Z,22220000,0,0,0,0,0,0,0
SUPER_Z,22230000,0,0,0,0,0,0,0
SUPER_Z,22240000,0,0,0,0,0,0,0
SUPER_Z,22250000,0,0,0,0,0,0,0
SUPER_Z,22260000,0,0,0,0,0,0,0
SUPER_Z,22270000,0,0,0,0,0,0,0
SUPER_Z,22280000,0,0,0,0,0,0,0
SUPER_Z,22290000,0,0,0,0,0,0,0
SUPER_Z,22300000,0,0,0,0,0,0,0
SUPER_Z,22310000,0,0,0,0,0,0,0
SUPER_Z,22320000,0,0,0,0,0,0,0
SUPER_Z,22330000,0,0,0,0,0,0,0
SUPER_Z,22340000,0,0,0,0,0,0,0
SUPER_Z,22350000,0,0,0,0,0,0,0
SUPER_Z,22360000,0,0,0,0,0,0,0
SUPER_Z,22370000,0,0,0,0,0,0,0
SUPER_Z,22380000,0,0,0,0,0,0,0
SUPER_Z,22390000,0,0,0,0,0,0,0
SUPER_Z,22400000,0,0,0,0,0,0,0
SUPER_Z,22410000,0,0,0,0,0,0,0
SUPER_Z,22420000,0,0,0,0,0,0,0
SUPER_Z,22430000,0,0,0,0,0,0,0
SUPER_Z,22440000,0,0,0,0,0,0,0
SUPER_Z,22450000,0,0,0,0,0,0,0
SUPER_Z,22460000,0,0,0,0,0,0,0
SUPER_Z,22470000,0,0,0,0,0,0,0
SUPER_Z,22480000,0,0,0,0,0,0,0
SUPER_Z,22490000,0,0,0,0,0,0,0
SUPER_Z,22500000,0,0,0,0,0,0,0
SUPER_Z,22510000,0,0,0,0,0,0,0
SUPER_Z,22520000,0,0,0,0,0,0,0
SUPER_Z,22530000,0,0,0,0,0,0,0
SUPER_Z,22540000,0,0,0,0,0,0,0
SUPER_Z,22550000,0,0,0,0,0,0,0
SUPER_Z,22560000,0,0,0,0,0,0,0
SUPER_Z,22570000,0,0,0,0,0,0,0
SUPER_Z,22580000,0,0,0,0,0,0,0
SUPER_Z,22590000,0,0,0,0,0,0,0
SUPER_Z,22600000,0,0,0,0,0,0,0
SUPER_Z,22610000,0,0,0,0,0,0,0
SUPER_Z,22620000,0,0,0,0,0,0,0
SUPER_Z,22630000,0,0,0,0,0,0,0
SUPER_Z,22640000,0,0,0,0,0,0,0
SUPER_Z,22650000,0,0,0,0,0,0,0
SUPER_Z,22660000,0,0,0,0,0,0,0
SUPER_Z,22670000,0,0,0,0,0,0,0
SUPER_Z,22680000,0,0,0,0,0,0,0
SUPER_Z,22690000,0,0,0,0,0,0,0
SUPER_Z,22700000,0,0,0,0,0,0,0
SUPER_Z,22710000,0,0,0,0,0,0,0
SUPER_Z,22720000,0,0,0,0,0,0,0
SUPER_Z,22730000,0,0,0,0,0,0,0
SUPER_Z,22740000,0,0,0,0,0,0,0
SUPER_Z,22750000,0,0,0,0,0,0,0
SUPER_Z,22760000,0,0,0,0,0,0,0
SUPER_Z,22770000,0,0,0,0,0,0,0
SUPER_Z,22780000,0,0,0,0,0,0,0
SUPER_Z,22790000,0,0,0,0,0,0,0
SUPER_Z,22800000,0,0,0,0,0,0,0
SUPER_Z,22810000,0,0,0,0,0,0,0
SUPER_Z,22820000,0,0,0,0,0,0,0
SUPER_Z,22830000,0,0,0,0,0,0,0
SUPER_Z,22840000,0,0,0,0,0,0,0
SUPER_Z,22850000,0,0,0,0,0,0,0
SUPER_Z,22860000,0,0,0,0,0,0,0
SUPER_Z,22870000,0,0,0,0,0,0,0
SUPER_Z,22880000,0,0,0,0,0,0,0
SUPER_Z,22890000,0,0,0,0,0,0,0
SUPER_Z,22900000,0,0,0,0,0,0,0
SUPER_Z,22910000,0,0,0,0,0,0,0
SUPER_Z,22920000,0,0,0,0,0,0,0
SUPER_Z,22930000,0,0,0,0,0,0,0
SUPER_Z,22940000,0,0,0,0,0,0,0
SUPER_Z,22950000,0,0,0,0,0,0,0
SUPER_Z,22960000,0,0,0,0,0,0,0
SUPER_Z,22970000,0,0,0,0,0,0,0
SUPER_Z,22980000,0,0,0,0,0,0,0
SUPER_Z,22990000,0,0,0,0,0,0,0
SUPER_Z,23000000,0,0,0,0,0,0,0
SUPER_Z,23010000,0,0,0,0,0,0,0
SUPER_Z,23020000,0,0,0,0,0,0,0
SUPER_Z,23030000,0,0,0,0,0,0,0
SUPER_Z,23040000,0,0,0,0,0,0,0
SUPER_Z,23050000,0,0,0,0,0,0,0
SUPER_Z,23060000,0,0,0,0,0,0,0
SUPER_Z,23070000,0,0,0,0,0,0,0
SUPER_Z,23080000,0,0,0,0,0,0,0
SUPER_Z,23090000,0,0,0,0,0,0,0
SUPER_Z,23100000,0,0,0,0,0,0,0
SUPER_Z,23110000,0,0,0,0,0,0,0
SUPER_Z,23120000,0,0,0,0,0,0,0
SUPER_Z,23130000,0,0,0,0,0,0,0
SUPER_Z,23140000,0,0,0,0,0,0,0
SUPER_Z,23150000,0,0,0,0,0,0,0
SUPER_Z,23160000,0,0,0,0,0,0,0
SUPER_Z,23170000,0,0,0,0,0,0,0
SUPER_Z,23180000,0,0,0,0,0,0,0
SUPER_Z,23190000,0,0,0,0,0,0,0
SUPER_Z,23200000,0,0,0,0,0,0,0
SUPER_Z,23210000,0,0,0,0,0,0,0
SUPER_Z,23220000,0,0,0,0,0,0,0
SUPER_Z,23230000,1,3,8,12,0,1,1.5454545
SUPER_Z,23240000,0,0,0,0,0,0,0
SUPER_Z,23250000,0,0,0,0,0,0,0
SUPER_Z,23260000,0,0,0,0,0,0,0
SUPER_Z,23270000,0,0,0,0,0,0,0
SUPER_Z,23280000,0,0,0,0,0,0,0
SUPER_Z,23290000,0,0,0,0,0,0,0
SUPER_Z,23300000,0,0,0,0,0,0,0
SUPER_Z,23310000,2,1,0,3,2,0,1
SUPER_Z,23320000,0,0,0,0,0,0,0
SUPER_Z,23330000,0,0,0,0,0,0,0
SUPER_Z,23340000,0,0,0,0,0,0,0
SUPER_Z,23350000,0,0,0,0,0,0,0
SUPER_Z,23360000,0,0,0,0,0,0,0
SUPER_Z,23370000,0,0,0,0,0,0,0
SUPER_Z,23380000,0,0,0,0,0,0,0
SUPER_Z,23390000,0,0,0,0,0,0,0
SUPER_Z,23400000,0,0,0,0,0,0,0
SUPER_Z,23410000,0,0,0,0,0,0,0
SUPER_Z,23420000,0,0,0,0,0,0,0
SUPER_Z,23430000,0,0,0,0,0,0,0
SUPER_Z,23440000,0,0,0,0,0,0,0
SUPER_Z,23450000,1,4,0,5,1,0,1.5
SUPER_Z,23460000,0,0,0,0,0,0,0
SUPER_Z,23470000,0,0,0,0,0,0,0
SUPER_Z,23480000,0,0,0,0,0,0,0
SUPER_Z,23490000,0,0,0,0,0,0,0
SUPER_Z,23500000,0,0,0,0,0,0,0
SUPER_Z,23510000,0,0,0,0,0,0,0
SUPER_Z,23520000,0,0,0,0,0,0,0
SUPER_Z,23530000,0,0,0,0,0,0,0
SUPER_Z,23540000,0,0,0,0,0,0,0
SUPER_Z,23550000,0,0,0,0,0,0,0
SUPER_Z,23560000,0,0,0,0,0,0,0
SUPER_Z,23570000,0,0,0,0,0,0,0
SUPER_Z,23580000,0,0,0,0,0,0,0
SUPER_Z,23590000,0,0,0,0,0,0,0
SUPER_Z,23600000,0,0,0,0,0,0,0
SUPER_Z,23610000,0,0,0,0,0,0,0
SUPER_Z,23620000,0,0,0,0,0,0,0
SUPER_Z,23630000,0,0,0,0,0,0,0
SUPER_Z,23640000,0,0,0,0,0,0,0
SUPER_Z,23650000,0,0,0,0,0,0,0
SUPER_Z,23660000,0,0,0,0,0,0,0
SUPER_Z,23670000,0,0,0,0,0,0,0
SUPER_Z,23680000,0,0,0,0,0,0,0
SUPER_Z,23690000,0,0,0,0,0,0,0
SUPER_Z,23700000,0,0,0,0,0,0,0
SUPER_Z,23710000,0,0,0,0,0,0,0
SUPER_Z,23720000,0,0,0,0,0,0,0
SUPER_Z,23730000,0,0,0,0,0,0,0
SUPER_Z,23740000,0,0,0,0,0,0,0
SUPER_Z,23750000,0,0,0,0,0,0,0
SUPER_Z,23760000,0,0,0,0,0,0,0
SUPER_Z,23770000,0,0,0,0,0,0,0
SUPER_Z,23780000,0,0,0,0,0,0,0
SUPER_Z,23790000,0,0,0,0,0,0,0
SUPER_Z,23800000,0,0,0,0,0,0,0
SUPER_Z,23810000,0,0,0,0,0,0,0
SUPER_Z,23820000,0,0,0,0,0,0,0
SUPER_Z,23830000,0,0,0,0,0,0,0
SUPER_Z,23840000,0,0,0,0,0,0,0
SUPER_Z,23850000,0,0,0,0,0,0,0
SUPER_Z,23860000,0,3,7,10,0,0,1.3
SUPER_Z,23870000,0,0,0,0,0,0,0
SUPER_Z,23880000,0,0,0,0,0,0,0
SUPER_Z,23890000,0,0,0,0,0,0,0
SUPER_Z,23900000,0,0,0,0,0,0,0
SUPER_Z,23910000,0,0,0,0,0,0,0
SUPER_Z,23920000,0,0,0,0,0,0,0
SUPER_Z,23930000,0,0,0,0,0,0,0
SUPER_Z,23940000,0,0,0,0,0,0,0
SUPER_Z,23950000,0,0,0,0,0,0,0
SUPER_Z,23960000,0,0,0,0,0,0,0
SUPER_Z,23970000,0,0,0,0,0,0,0
SUPER_Z,23980000,0,0,0,0,0,0,0
SUPER_Z,23990000,0,2,0,2,0,0,2
SUPER_Z,24000000,0,0,0,0,0,0,0
SUPER_Z,24010000,0,0,0,0,0,0,0
SUPER_Z,24020000,0,0,0,0,0,0,0
SUPER_Z,24030000,0,0,0,0,0,0,0
SUPER_Z,24040000,0,0,0,0,0,0,0
SUPER_Z,24050000,0,0,0,0,0,0,0
SUPER_Z,24060000,0,0,0,0,0,0,0
SUPER_Z,24070000,0,0,0,0,0,0,0
SUPER_Z,24080000,0,0,0,0,0,0,0
SUPER_Z,24090000,0,2,2,4,0,0,1.5
SUPER_Z,24100000,0,0,0,0,0,0,0
SUPER_Z,24110000,0,0,0,0,0,0,0
SUPER_Z,24120000,0,0,0,0,0,0,0
SUPER_Z,24130000,0,0,0,0,0,0,0
SUPER_Z,24140000,0,0,0,0,0,0,0
SUPER_Z,24150000,0,0,0,0,0,0,0
SUPER_Z,24160000,0,0,0,0,0,0,0
SUPER_Z,24170000,0,0,0,0,0,0,0
SUPER_Z,24180000,0,0,0,0,0,0,0
SUPER_Z,24190000,0,0,0,0,0,0,0
SUPER_Z,24200000,0,0,0,0,0,0,0
SUPER_Z,24210000,0,0,0,0,0,0,0
SUPER_Z,24220000,0,0,0,0,0,0,0
SUPER_Z,24230000,0,0,0,0,0,0,0
SUPER_Z,24240000,0,0,0,0,0,0,0
SUPER_Z,24250000,0,0,0,0,0,0,0
SUPER_Z,24260000,0,0,0,0,0,0,0
SUPER_Z,24270000,0,0,0,0,0,0,0
SUPER_Z,24280000,0,0,0,0,0,0,0
SUPER_Z,24290000,0,0,0,0,0,0,0
SUPER_Z,24300000,0,0,0,0,0,0,0
SUPER_Z,24310000,0,0,0,0,0,0,0
SUPER_Z,24320000,0,0,0,0,0,0,0
SUPER_Z,24330000,0,0,0,0,0,0,0
SUPER_Z,24340000,0,0,0,0,0,0,0
SUPER_Z,24350000,3,2,2,7,1,2,1.5
SUPER_Z,24360000,0,0,0,0,0,0,0
SUPER_Z,24370000,0,0,0,0,0,0,0
SUPER_Z,24380000,0,0,0,0,0,0,0
SUPER_Z,24390000,0,0,0,0,0,0,0
SUPER_Z,24400000,0,0,0,0,0,0,0
SUPER_Z,24410000,0,0,0,0,0,0,0
SUPER_Z,24420000,0,0,0,0,0,0,0
SUPER_Z,24430000,0,0,0,0,0,0,0
SUPER_Z,24440000,0,0,0,0,0,0,0
SUPER_Z,24450000,0,0,0,0,0,0,0
SUPER_Z,24460000,0,0,0,0,0,0,0
SUPER_Z,24470000,0,0,0,0,0,0,0
SUPER_Z,24480000,0,0,0,0,0,0,0
SUPER_Z,24490000,0,0,0,0,0,0,0
SUPER_Z,24500000,0,0,0,0,0,0,0
SUPER_Z,24510000,0,0,0,0,0,0,0
SUPER_Z,24520000,0,0,0,0,0,0,0
SUPER_Z,24530000,0,0,0,0,0,0,0
SUPER_Z,24540000,0,0,0,0,0,0,0
SUPER_Z,24550000,0,0,0,0,0,0,0
SUPER_Z,24560000,0,0,0,0,0,0,0
SUPER_Z,24570000,0,0,0,0,0,0,0
SUPER_Z,24580000,0,0,0,0,0,0,0
SUPER_Z,24590000,0,0,0,0,0,0,0
SUPER_Z,24600000,0,0,0,0,0,0,0
SUPER_Z,24610000,0,0,0,0,0,0,0
SUPER_Z,24620000,0,0,0,0,0,0,0
SUPER_Z,24630000,0,0,0,0,0,0,0
SUPER_Z,24640000,0,0,0,0,0,0,0
SUPER_Z,24650000,0,0,0,0,0,0,0
SUPER_Z,24660000,0,0,0,0,0,0,0
SUPER_Z,24670000,0,0,0,0,0,0,0
SUPER_Z,24680000,0,0,0,0,0,0,0
SUPER_Z,24690000,0,0,0,0,0,0,0
SUPER_Z,24700000,0,0,0,0,0,0,0
SUPER_Z,24710000,0,0,0,0,0,0,0
SUPER_Z,24720000,0,0,0,0,0,0,0
SUPER_Z,24730000,0,0,0,0,0,0,0
SUPER_Z,24740000,0,0,0,0,0,0,0
SUPER_Z,24750000,0,0,0,0,0,0,0
SUPER_Z,24760000,0,0,0,0,0,0,0
SUPER_Z,24770000,0,0,0,0,0,0,0
SUPER_Z,24780000,0,0,0,0,0,0,0
SUPER_Z,24790000,0,0,0,0,0,0,0
SUPER_Z,24800000,0,0,0,0,0,0,0
SUPER_Z,24810000,0,0,0,0,0,0,0
SUPER_Z,24820000,0,0,0,0,0,0,0
SUPER_Z,24830000,0,0,0,0,0,0,0
SUPER_Z,24840000,0,0,0,0,0,0,0
SUPER_Z,24850000,0,0,0,0,0,0,0
SUPER_Z,24860000,0,0,0,0,0,0,0
SUPER_Z,24870000,0,0,0,0,0,0,0
SUPER_Z,24880000,0,0,0,0,0,0,0
SUPER_Z,24890000,0,0,0,0,0,0,0
SUPER_Z,24900000,0,0,0,0,0,0,0
SUPER_Z,24910000,0,0,0,0,0,0,0
SUPER_Z,24920000,0,0,0,0,0,0,0
SUPER_Z,24930000,0,0,0,0,0,0,0
SUPER_Z,24940000,0,0,0,0,0,0,0
SUPER_Z,24950000,0,0,0,0,0,0,0
SUPER_Z,24960000,0,0,0,0,0,0,0
SUPER_Z,24970000,0,0,0,0,0,0,0
SUPER_Z,24980000,0,0,0,0,0,0,0
SUPER_Z,24990000,0,0,0,0,0,0,0
SUPER_Z,25000000,0,0,0,0,0,0,0
SUPER_Z,25010000,0,0,0,0,0,0,0
SUPER_Z,25020000,0,0,0,0,0,0,0
SUPER_Z,25030000,0,0,0,0,0,0,0
SUPER_Z,25040000,0,0,0,0,0,0,0
SUPER_Z,25050000,0,0,0,0,0,0,0
SUPER_Z,25060000,0,0,0,0,0,0,0
SUPER_Z,25070000,0,0,0,0,0,0,0
SUPER_Z,25080000,0,0,0,0,0,0,0
SUPER_Z,25090000,0,0,0,0,0,0,0
SUPER_Z,25100000,0,0,0,0,0,0,0
SUPER_Z,25110000,0,0,0,0,0,0,0
SUPER_Z,25120000,0,0,0,0,0,0,0
SUPER_Z,25130000,0,0,0,0,0,0,0
SUPER_Z,25140000,0,0,0,0,0,0,0
SUPER_Z,25150000,0,0,0,0,0,0,0
SUPER_Z,25160000,0,0,0,0,0,0,0
SUPER_Z,25170000,0,0,0,0,0,0,0
SUPER_Z,25180000,0,0,0,0,0,0,0
SUPER_Z,25190000,0,0,0,0,0,0,0
SUPER_Z,25200000,0,0,0,0,0,0,0
SUPER_Z,25210000,0,0,0,0,0,0,0
SUPER_Z,25220000,0,0,0,0,0,0,0
SUPER_Z,25230000,0,0,0,0,0,0,0
SUPER_Z,25240000,0,0,0,0,0,0,0
SUPER_Z,25250000,0,0,0,0,0,0,0
SUPER_Z,25260000,0,0,0,0,0,0,0
SUPER_Z,25270000,0,0,0,0,0,0,0
SUPER_Z,25280000,0,0,0,0,0,0,0
SUPER_Z,25290000,0,0,0,0,0,0,0
SUPER_Z,25300000,0,0,0,0,0,0,0
SUPER_Z,25310000,0,0,0,0,0,0,0
SUPER_Z,25320000,0,0,0,0,0,0,0
SUPER_Z,25330000,0,0,0,0,0,0,0
SUPER_Z,25340000,0,0,0,0,0,0,0
SUPER_Z,25350000,0,0,0,0,0,0,0
SUPER_Z,25360000,0,0,0,0,0,0,0
SUPER_Z,25370000,0,0,0,0,0,0,0
SUPER_Z,25380000,0,0,0,0,0,0,0
SUPER_Z,25390000,0,0,0,0,0,0,0
SUPER_Z,25400000,0,0,0,0,0,0,0
SUPER_Z,25410000,0,0,0,0,0,0,0
SUPER_Z,25420000,0,0,0,0,0,0,0
SUPER_Z,25430000,0,0,0,0,0,0,0
SUPER_Z,25440000,0,0,0,0,0,0,0
SUPER_Z,25450000,0,0,0,0,0,0,0
SUPER_Z,25460000,0,0,0,0,0,0,0
SUPER_Z,25470000,0,0,0,0,0,0,0
SUPER_Z,25480000,0,0,0,0,0,0,0
SUPER_Z,25490000,0,0,0,0,0,0,0
SUPER_Z,25500000,0,0,0,0,0,0,0
SUPER_Z,25510000,0,0,0,0,0,0,0
SUPER_Z,25520000,0,0,0,0,0,0,0
SUPER_Z,25530000,0,0,0,0,0,0,0
SUPER_Z,25540000,0,0,0,0,0,0,0
SUPER_Z,25550000,0,0,0,0,0,0,0
SUPER_Z,25560000,0,0,0,0,0,0,0
SUPER_Z,25570000,0,0,0,0,0,0,0
SUPER_Z,25580000,0,0,0,0,0,0,0
SUPER_Z,25590000,3,2,14,19,0,3,1.5
SUPER_Z,25600000,0,0,1,1,0,0,2
SUPER_Z,25610000,0,0,0,0,0,0,0
SUPER_Z,25620000,0,0,0,0,0,0,0
SUPER_Z,25630000,1,0,1,2,1,0,2
SUPER_Z,25640000,0,0,0,0,0,0,0
SUPER_Z,25650000,0,0,0,0,0,0,0
SUPER_Z,25660000,0,0,0,0,0,0,0
SUPER_Z,25670000,0,0,0,0,0,0,0
SUPER_Z,25680000,0,0,0,0,0,0,0
SUPER_Z,25690000,0,0,0,0,0,0,0
SUPER_Z,25700000,0,0,0,0,0,0,0
SUPER_Z,25710000,0,0,0,0,0,0,0
SUPER_Z,25720000,0,0,0,0,0,0,0
SUPER_Z,25730000,0,0,0,0,0,0,0
SUPER_Z,25740000,0,0,0,0,0,0,0
SUPER_Z,25750000,0,0,0,0,0,0,0
SUPER_Z,25760000,0,0,0,0,0,0,0
SUPER_Z,25770000,0,0,0,0,0,0,0
SUPER_Z,25780000,0,0,0,0,0,0,0
SUPER_Z,25790000,0,0,0,0,0,0,0
SUPER_Z,25800000,0,0,0,0,0,0,0
SUPER_Z,25810000,0,0,0,0,0,0,0
SUPER_Z,25820000,0,0,0,0,0,0,0
SUPER_Z,25830000,0,0,0,0,0,0,0
SUPER_Z,25840000,0,0,0,0,0,0,0
SUPER_Z,25850000,0,0,0,0,0,0,0
SUPER_Z,25860000,0,0,0,0,0,0,0
SUPER_Z,25870000,0,0,0,0,0,0,0
SUPER_Z,25880000,0,0,0,0,0,0,0
SUPER_Z,25890000,0,0,0,0,0,0,0
SUPER_Z,25900000,0,0,0,0,0,0,0
SUPER_Z,25910000,0,0,0,0,0,0,0
SUPER_Z,25920000,0,0,0,0,0,0,0
SUPER_Z,25930000,0,0,0,0,0,0,0
SUPER_Z,25940000,0,0,0,0,0,0,0
SUPER_Z,25950000,0,0,0,0,0,0,0
SUPER_Z,25960000,0,1,4,5,0,0,1.6
SUPER_Z,25970000,0,0,0,0,0,0,0
SUPER_Z,25980000,0,0,0,0,0,0,0
SUPER_Z,25990000,0,0,0,0,0,0,0
SUPER_Z,26000000,0,0,0,0,0,0,0
SUPER_Z,26010000,0,0,0,0,0,0,0
SUPER_Z,26020000,0,0,0,0,0,0,0
SUPER_Z,26030000,0,0,0,0,0,0,0
SUPER_Z,26040000,0,0,0,0,0,0,0
SUPER_Z,26050000,0,0,0,0,0,0,0
SUPER_Z,26060000,0,0,0,0,0,0,0
SUPER_Z,26070000,0,0,0,0,0,0,0
SUPER_Z,26080000,0,0,0,0,0,0,0
SUPER_Z,26090000,0,0,0,0,0,0,0
SUPER_Z,26100000,0,0,0,0,0,0,0
SUPER_Z,26110000,0,0,0,0,0,0,0
SUPER_Z,26120000,0,0,0,0,0,0,0
SUPER_Z,26130000,0,0,0,0,0,0,0
SUPER_Z,26140000,0,0,0,0,0,0,0
SUPER_Z,26150000,0,0,0,0,0,0,0
SUPER_Z,26160000,0,0,0,0,0,0,0
SUPER_Z,26170000,0,0,0,0,0,0,0
SUPER_Z,26180000,0,0,0,0,0,0,0
SUPER_Z,26190000,0,0,0,0,0,0,0
SUPER_Z,26200000,0,0,0,0,0,0,0
SUPER_Z,26210000,0,0,0,0,0,0,0
SUPER_Z,26220000,0,0,0,0,0,0,0
SUPER_Z,26230000,0,0,0,0,0,0,0
SUPER_Z,26240000,0,0,0,0,0,0,0
SUPER_Z,26250000,0,0,0,0,0,0,0
SUPER_Z,26260000,0,0,0,0,0,0,0
SUPER_Z,26270000,0,0,0,0,0,0,0
SUPER_Z,26280000,0,0,0,0,0,0,0
SUPER_Z,26290000,0,0,0,0,0,0,0
SUPER_Z,26300000,0,0,0,0,0,0,0
SUPER_Z,26310000,0,0,0,0,0,0,0
SUPER_Z,26320000,0,0,0,0,0,0,0
SUPER_Z,26330000,0,0,0,0,0,0,0
SUPER_Z,26340000,0,0,0,0,0,0,0
SUPER_Z,26350000,0,0,0,0,0,0,0
SUPER_Z,26360000,0,0,0,0,0,0,0
SUPER_Z,26370000,6,3,6,15,4,2,2
SUPER_Z,26380000,0,0,0,0,0,0,0
SUPER_Z,26390000,0,0,0,0,0,0,0
SUPER_Z,26400000,0,0,0,0,0,0,0
SUPER_Z,26410000,0,0,0,0,0,0,0
SUPER_Z,26420000,0,0,0,0,0,0,0
SUPER_Z,26430000,0,0,0,0,0,0,0
SUPER_Z,26440000,0,0,0,0,0,0,0
SUPER_Z,26450000,0,0,0,0,0,0,0
SUPER_Z,26460000,0,0,0,0,0,0,0
SUPER_Z,26470000,0,0,0,0,0,0,0
SUPER_Z,26480000,0,0,0,0,0,0,0
SUPER_Z,26490000,0,0,0,0,0,0,0
SUPER_Z,26500000,0,0,0,0,0,0,0
SUPER_Z,26510000,0,0,0,0,0,0,0
SUPER_Z,26520000,0,0,0,0,0,0,0
SUPER_Z,26530000,0,0,0,0,0,0,0
SUPER_Z,26540000,0,0,0,0,0,0,0
SUPER_Z,26550000,0,0,0,0,0,0,0
SUPER_Z,26560000,0,0,0,0,0,0,0
SUPER_Z,26570000,0,0,0,0,0,0,0
SUPER_Z,26580000,0,0,0,0,0,0,0
SUPER_Z,26590000,0,0,0,0,0,0,0
SUPER_Z,26600000,0,0,0,0,0,0,0
SUPER_Z,26610000,0,0,0,0,0,0,0
SUPER_Z,26620000,0,0,0,0,0,0,0
SUPER_Z,26630000,0,2,3,5,0,0,1.6
SUPER_Z,26640000,0,0,0,0,0,0,0
SUPER_Z,26650000,0,0,0,0,0,0,0
SUPER_Z,26660000,0,0,0,0,0,0,0
SUPER_Z,26670000,0,0,0,0,0,0,0
SUPER_Z,26680000,0,0,0,0,0,0,0
SUPER_Z,26690000,0,0,0,0,0,0,0
SUPER_Z,26700000,0,0,0,0,0,0,0
SUPER_Z,26710000,0,0,0,0,0,0,0
SUPER_Z,26720000,0,0,0,0,0,0,0
SUPER_Z,26730000,0,0,0,0,0,0,0
SUPER_Z,26740000,0,0,0,0,0,0,0
SUPER_Z,26750000,0,0,0,0,0,0,0
SUPER_Z,26760000,0,0,0,0,0,0,0
SUPER_Z,26770000,1,1,8,10,1,0,1.5555556
SUPER_Z,26780000,0,0,0,0,0,0,0
SUPER_Z,26790000,0,0,0,0,0,0,0
SUPER_Z,26800000,0,0,0,0,0,0,0
SUPER_Z,26810000,0,0,0,0,0,0,0
SUPER_Z,26820000,0,0,0,0,0,0,0
SUPER_Z,26830000,0,0,0,0,0,0,0
SUPER_Z,26840000,0,0,0,0,0,0,0
SUPER_Z,26850000,0,0,0,0,0,0,0
SUPER_Z,26860000,0,0,0,0,0,0,0
SUPER_Z,26870000,0,0,0,0,0,0,0
SUPER_Z,26880000,0,0,0,0,0,0,0
SUPER_Z,26890000,0,0,0,0,0,0,0
SUPER_Z,26900000,0,0,0,0,0,0,0
SUPER_Z,26910000,0,0,0,0,0,0,0
SUPER_Z,26920000,0,0,0,0,0,0,0
SUPER_Z,26930000,0,0,0,0,0,0,0
SUPER_Z,26940000,0,0,0,0,0,0,0
SUPER_Z,26950000,0,0,0,0,0,0,0
SUPER_Z,26960000,0,0,0,0,0,0,0
SUPER_Z,26970000,0,0,0,0,0,0,0
SUPER_Z,26980000,0,0,0,0,0,0,0
SUPER_Z,26990000,0,0,0,0,0,0,0
SUPER_Z,27000000,0,0,0,0,0,0,0
SUPER_Z,27010000,0,0,0,0,0,0,0
SUPER_Z,27020000,0,0,0,0,0,0,0
SUPER_Z,27030000,0,0,0,0,0,0,0
SUPER_Z,27040000,0,0,0,0,0,0,0
SUPER_Z,27050000,0,0,0,0,0,0,0
SUPER_Z,27060000,0,0,0,0,0,0,0
SUPER_Z,27070000,0,0,0,0,0,0,0
SUPER_Z,27080000,0,0,0,0,0,0,0
SUPER_Z,27090000,0,0,0,0,0,0,0
SUPER_Z,27100000,0,0,0,0,0,0,0
SUPER_Z,27110000,0,0,0,0,0,0,0
SUPER_Z,27120000,0,0,0,0,0,0,0
SUPER_Z,27130000,0,0,0,0,0,0,0
SUPER_Z,27140000,0,0,0,0,0,0,0
SUPER_Z,27150000,0,0,0,0,0,0,0
SUPER_Z,27160000,0,0,0,0,0,0,0
SUPER_Z,27170000,0,0,0,0,0,0,0
SUPER_Z,27180000,0,0,0,0,0,0,0
SUPER_Z,27190000,0,0,0,0,0,0,0
SUPER_Z,27200000,0,0,0,0,0,0,0
SUPER_Z,27210000,0,0,0,0,0,0,0
SUPER_Z,27220000,0,0,0,0,0,0,0
SUPER_Z,27230000,0,0,0,0,0,0,0
SUPER_Z,27240000,0,0,0,0,0,0,0
SUPER_Z,27250000,0,0,0,0,0,0,0
SUPER_Z,27260000,0,0,0,0,0,0,0
SUPER_Z,27270000,0,0,0,0,0,0,0
SUPER_Z,27280000,0,0,0,0,0,0,0
SUPER_Z,27290000,0,0,0,0,0,0,0
SUPER_Z,27300000,0,0,0,0,0,0,0
SUPER_Z,27310000,0,0,0,0,0,0,0
SUPER_Z,27320000,0,0,0,0,0,0,0
SUPER_Z,27330000,0,0,0,0,0,0,0
SUPER_Z,27340000,0,0,0,0,0,0,0
SUPER_Z,27350000,0,0,0,0,0,0,0
SUPER_Z,27360000,0,0,0,0,0,0,0
SUPER_Z,27370000,0,0,0,0,0,0,0
SUPER_Z,27380000,0,0,0,0,0,0,0
SUPER_Z,27390000,0,0,0,0,0,0,0
SUPER_Z,27400000,0,0,0,0,0,0,0
SUPER_Z,27410000,0,0,0,0,0,0,0
SUPER_Z,27420000,0,0,0,0,0,0,0
SUPER_Z,27430000,0,0,0,0,0,0,0
SUPER_Z,27440000,0,0,0,0,0,0,0
SUPER_Z,27450000,0,0,0,0,0,0,0
SUPER_Z,27460000,0,0,0,0,0,0,0
SUPER_Z,27470000,0,0,0,0,0,0,0
SUPER_Z,27480000,0,0,0,0,0,0,0
SUPER_Z,27490000,0,0,0,0,0,0,0
SUPER_Z,27500000,0,0,0,0,0,0,0
SUPER_Z,27510000,0,0,0,0,0,0,0
SUPER_Z,27520000,0,0,0,0,0,0,0
SUPER_Z,27530000,0,0,0,0,0,0,0
SUPER_Z,27540000,0,0,0,0,0,0,0
SUPER_Z,27550000,0,0,0,0,0,0,0
SUPER_Z,27560000,0,0,0,0,0,0,0
SUPER_Z,27570000,0,0,0,0,0,0,0
SUPER_Z,27580000,0,0,0,0,0,0,0
SUPER_Z,27590000,0,0,0,0,0,0,0
SUPER_Z,27600000,0,0,0,0,0,0,0
SUPER_Z,27610000,1,6,7,14,0,1,1.7692307
SUPER_Z,27620000,0,0,0,0,0,0,0
SUPER_Z,27630000,0,0,0,0,0,0,0
SUPER_Z,27640000,0,0,0,0,0,0,0
SUPER_Z,27650000,0,0,0,0,0,0,0
SUPER_Z,27660000,0,0,0,0,0,0,0
SUPER_Z,27670000,0,0,0,0,0,0,0
SUPER_Z,27680000,0,0,0,0,0,0,0
SUPER_Z,27690000,0,0,0,0,0,0,0
SUPER_Z,27700000,0,0,0,0,0,0,0
SUPER_Z,27710000,0,0,0,0,0,0,0
SUPER_Z,27720000,0,0,0,0,0,0,0
SUPER_Z,27730000,0,0,0,0,0,0,0
SUPER_Z,27740000,0,0,0,0,0,0,0
SUPER_Z,27750000,0,0,0,0,0,0,0
SUPER_Z,27760000,0,0,0,0,0,0,0
SUPER_Z,27770000,0,0,0,0,0,0,0
SUPER_Z,27780000,0,0,0,0,0,0,0
SUPER_Z,27790000,0,0,0,0,0,0,0
SUPER_Z,27800000,0,0,0,0,0,0,0
SUPER_Z,27810000,0,0,0,0,0,0,0
SUPER_Z,27820000,0,0,0,0,0,0,0
SUPER_Z,27830000,0,0,0,0,0,0,0
SUPER_Z,27840000,0,0,0,0,0,0,0
SUPER_Z,27850000,0,0,0,0,0,0,0
SUPER_Z,27860000,0,0,0,0,0,0,0
SUPER_Z,27870000,0,0,0,0,0,0,0
SUPER_Z,27880000,0,0,0,0,0,0,0
SUPER_Z,27890000,0,0,0,0,0,0,0
SUPER_Z,27900000,0,0,0,0,0,0,0
SUPER_Z,27910000,0,0,0,0,0,0,0
SUPER_Z,27920000,0,0,0,0,0,0,0
SUPER_Z,27930000,0,0,0,0,0,0,0
SUPER_Z,27940000,0,0,0,0,0,0,0
SUPER_Z,27950000,0,0,0,0,0,0,0
SUPER_Z,27960000,0,0,0,0,0,0,0
SUPER_Z,27970000,0,0,0,0,0,0,0
SUPER_Z,27980000,0,0,0,0,0,0,0
SUPER_Z,27990000,0,0,0,0,0,0,0
SUPER_Z,28000000,0,0,0,0,0,0,0
SUPER_Z,28010000,0,0,0,0,0,0,0
SUPER_Z,28020000,0,3,2,5,0,0,2.2
SUPER_Z,28030000,0,0,0,0,0,0,0
SUPER_Z,28040000,0,0,0,0,0,0,0
SUPER_Z,28050000,0,0,0,0,0,0,0
SUPER_Z,28060000,0,0,0,0,0,0,0
SUPER_Z,28070000,0,0,0,0,0,0,0
SUPER_Z,28080000,0,0,0,0,0,0,0
SUPER_Z,28090000,0,0,0,0,0,0,0
SUPER_Z,28100000,0,0,0,0,0,0,0
SUPER_Z,28110000,0,0,0,0,0,0,0
SUPER_Z,28120000,0,0,0,0,0,0,0
SUPER_Z,28130000,0,0,0,0,0,0,0
SUPER_Z,28140000,0,0,0,0,0,0,0
SUPER_Z,28150000,0,0,0,0,0,0,0
SUPER_Z,28160000,0,2,2,4,0,0,1.25
SUPER_Z,28170000,0,0,0,0,0,0,0
SUPER_Z,28180000,0,0,0,0,0,0,0
SUPER_Z,28190000,0,0,0,0,0,0,0
SUPER_Z,28200000,0,0,0,0,0,0,0
SUPER_Z,28210000,0,0,0,0,0,0,0
SUPER_Z,28220000,0,0,0,0,0,0,0
SUPER_Z,28230000,0,0,0,0,0,0,0
SUPER_Z,28240000,0,0,0,0,0,0,0
SUPER_Z,28250000,0,0,0,0,0,0,0
SUPER_Z,28260000,0,0,0,0,0,0,0
SUPER_Z,28270000,0,0,0,0,0,0,0
SUPER_Z,28280000,0,0,0,0,0,0,0
SUPER_Z,28290000,0,0,0,0,0,0,0
SUPER_Z,28300000,0,0,0,0,0,0,0
SUPER_Z,28310000,0,0,0,0,0,0,0
SUPER_Z,28320000,0,0,0,0,0,0,0
SUPER_Z,28330000,0,0,0,0,0,0,0
SUPER_Z,28340000,0,0,0,0,0,0,0
SUPER_Z,28350000,0,0,0,0,0,0,0
SUPER_Z,28360000,0,0,0,0,0,0,0
SUPER_Z,28370000,0,0,0,0,0,0,0
SUPER_Z,28380000,0,0,0,0,0,0,0
SUPER_Z,28390000,0,0,0,0,0,0,0
SUPER_Z,28400000,0,0,0,0,0,0,0
SUPER_Z,28410000,0,0,0,0,0,0,0
SUPER_Z,28420000,0,0,0,0,0,0,0
SUPER_Z,28430000,0,0,0,0,0,0,0
SUPER_Z,28440000,0,0,0,0,0,0,0
SUPER_Z,28450000,0,0,0,0,0,0,0
SUPER_Z,28460000,0,0,0,0,0,0,0
SUPER_Z,28470000,0,0,0,0,0,0,0
SUPER_Z,28480000,0,0,0,0,0,0,0
SUPER_Z,28490000,0,0,0,0,0,0,0
SUPER_Z,28500000,0,0,0,0,0,0,0
SUPER_Z,28510000,0,0,0,0,0,0,0
SUPER_Z,28520000,0,0,0,0,0,0,0
SUPER_Z,28530000,0,0,0,0,0,0,0
SUPER_Z,28540000,0,0,0,0,0,0,0
SUPER_Z,28550000,0,0,0,0,0,0,0
SUPER_Z,28560000,0,0,0,0,0,0,0
SUPER_Z,28570000,0,0,0,0,0,0,0
SUPER_Z,28580000,0,0,0,0,0,0,0
SUPER_Z,28590000,0,0,0,0,0,0,0
SUPER_Z,28600000,6,7,7,20,2,4,1.2857143
SUPER_Z,28610000,0,0,0,0,0,0,0
SUPER_Z,28620000,0,0,0,0,0,0,0
SUPER_Z,28630000,0,0,0,0,0,0,0
SUPER_Z,28640000,0,0,0,0,0,0,0
SUPER_Z,28650000,0,0,0,0,0,0,0
SUPER_Z,28660000,0,0,0,0,0,0,0
SUPER_Z,28670000,0,0,0,0,0,0,0
SUPER_Z,28680000,0,0,0,0,0,0,0
SUPER_Z,28690000,0,0,0,0,0,0,0
SUPER_Z,28700000,0,0,0,0,0,0,0
SUPER_Z,28710000,0,0,0,0,0,0,0
SUPER_Z,28720000,0,0,0,0,0,0,0
SUPER_Z,28730000,0,0,0,0,0,0,0
SUPER_Z,28740000,0,0,0,0,0,0,0
SUPER_Z,28750000,0,0,0,0,0,0,0
SUPER_Z,28760000,0,0,0,0,0,0,0
SUPER_Z,28770000,0,0,0,0,0,0,0
SUPER_Z,28780000,0,0,0,0,0,0,0
SUPER_Z,28790000,0,0,0,0,0,0,0
SUPER_Z,28800000,0,4,1,5,0,0,2
SUPER_Z,28810000,1,0,0,1,0,1,NaN
SUPER_Z,28820000,0,0,0,0,0,0,0
SUPER_Z,28830000,0,0,0,0,0,0,0
SUPER_Z,28840000,0,0,0,0,0,0,0
SUPER_Z,28850000,0,0,0,0,0,0,0
SUPER_Z,28860000,0,0,0,0,0,0,0
SUPER_Z,28870000,0,0,0,0,0,0,0
SUPER_Z,28880000,0,0,0,0,0,0,0
SUPER_Z,28890000,0,0,0,0,0,0,0
SUPER_Z,28900000,0,0,0,0,0,0,0
SUPER_Z,28910000,0,0,0,0,0,0,0
SUPER_Z,28920000,0,0,0,0,0,0,0
SUPER_Z,28930000,0,0,0,0,0,0,0
SUPER_Z,28940000,0,0,0,0,0,0,0
SUPER_Z,28950000,0,0,0,0,0,0,0
SUPER_Z,28960000,0,0,0,0,0,0,0
SUPER_Z,28970000,0,0,0,0,0,0,0
SUPER_Z,28980000,0,0,0,0,0,0,0
SUPER_Z,28990000,0,0,0,0,0,0,0
SUPER_Z,29000000,0,0,0,0,0,0,0
SUPER_Z,29010000,0,0,0,0,0,0,0
SUPER_Z,29020000,0,0,0,0,0,0,0
SUPER_Z,29030000,0,0,0,0,0,0,0
SUPER_Z,29040000,0,0,0,0,0,0,0
SUPER_Z,29050000,0,0,0,0,0,0,0
SUPER_Z,29060000,0,0,0,0,0,0,0
SUPER_Z,29070000,0,0,0,0,0,0,0
SUPER_Z,29080000,0,0,0,0,0,0,0
SUPER_Z,29090000,0,0,0,0,0,0,0
SUPER_Z,29100000,0,0,0,0,0,0,0
SUPER_Z,29110000,0,0,0,0,0,0,0
SUPER_Z,29120000,0,0,0,0,0,0,0
SUPER_Z,29130000,0,0,0,0,0,0,0
SUPER_Z,29140000,0,0,0,0,0,0,0
SUPER_Z,29150000,0,0,0,0,0,0,0
SUPER_Z,29160000,0,0,0,0,0,0,0
SUPER_Z,29170000,0,0,0,0,0,0,0
SUPER_Z,29180000,0,0,0,0,0,0,0
SUPER_Z,29190000,0,0,0,0,0,0,0
SUPER_Z,29200000,0,0,0,0,0,0,0
SUPER_Z,29210000,0,0,0,0,0,0,0
SUPER_Z,29220000,0,0,0,0,0,0,0
SUPER_Z,29230000,0,0,0,0,0,0,0
SUPER_Z,29240000,0,0,0,0,0,0,0
SUPER_Z,29250000,0,0,0,0,0,0,0
SUPER_Z,29260000,0,0,0,0,0,0,0
SUPER_Z,29270000,0,0,0,0,0,0,0
SUPER_Z,29280000,0,0,0,0,0,0,0
SUPER_Z,29290000,0,0,0,0,0,0,0
SUPER_Z,29300000,0,0,0,0,0,0,0
SUPER_Z,29310000,0,0,0,0,0,0,0
SUPER_Z,29320000,0,0,0,0,0,0,0
SUPER_Z,29330000,0,0,0,0,0,0,0
SUPER_Z,29340000,0,0,0,0,0,0,0
SUPER_Z,29350000,0,0,0,0,0,0,0
SUPER_Z,29360000,0,0,0,0,0,0,0
SUPER_Z,29370000,0,0,0,0,0,0,0
SUPER_Z,29380000,0,0,0,0,0,0,0
SUPER_Z,29390000,0,0,0,0,0,0,0
SUPER_Z,29400000,0,0,0,0,0,0,0
SUPER_Z,29410000,0,0,0,0,0,0,0
SUPER_Z,29420000,0,0,0,0,0,0,0
SUPER_Z,29430000,0,0,0,0,0,0,0
SUPER_Z,29440000,0,0,0,0,0,0,0
SUPER_Z,29450000,0,0,0,0,0,0,0
SUPER_Z,29460000,0,0,0,0,0,0,0
SUPER_Z,29470000,0,0,0,0,0,0,0
SUPER_Z,29480000,0,0,0,0,0,0,0
SUPER_Z,29490000,0,0,0,0,0,0,0
SUPER_Z,29500000,0,0,0,0,0,0,0
SUPER_Z,29510000,0,0,0,0,0,0,0
SUPER_Z,29520000,0,0,0,0,0,0,0
SUPER_Z,29530000,0,0,0,0,0,0,0
SUPER_Z,29540000,0,0,0,0,0,0,0
SUPER_Z,29550000,0,0,0,0,0,0,0
SUPER_Z,29560000,0,0,0,0,0,0,0
SUPER_Z,29570000,0,0,0,0,0,0,0
SUPER_Z,29580000,0,0,0,0,0,0,0
SUPER_Z,29590000,0,0,0,0,0,0,0
SUPER_Z,29600000,0,0,0,0,0,0,0
SUPER_Z,29610000,0,0,0,0,0,0,0
SUPER_Z,29620000,0,0,0,0,0,0,0
SUPER_Z,29630000,0,0,0,0,0,0,0
SUPER_Z,29640000,0,0,0,0,0,0,0
SUPER_Z,29650000,0,0,0,0,0,0,0
SUPER_Z,29660000,0,0,0,0,0,0,0
SUPER_Z,29670000,0,0,0,0,0,0,0
SUPER_Z,29680000,0,0,0,0,0,0,0
SUPER_Z,29690000,0,0,0,0,0,0,0
SUPER_Z,29700000,0,0,0,0,0,0,0
SUPER_Z,29710000,0,0,0,0,0,0,0
SUPER_Z,29720000,0,0,0,0,0,0,0
SUPER_Z,29730000,0,0,0,0,0,0,0
SUPER_Z,29740000,0,0,0,0,0,0,0
SUPER_Z,29750000,0,0,0,0,0,0,0
SUPER_Z,29760000,0,0,0,0,0,0,0
SUPER_Z,29770000,0,0,0,0,0,0,0
SUPER_Z,29780000,0,0,0,0,0,0,0
SUPER_Z,29790000,0,0,0,0,0,0,0
SUPER_Z,29800000,0,0,0,0,0,0,0
SUPER_Z,29810000,0,0,0,0,0,0,0
SUPER_Z,29820000,0,0,0,0,0,0,0
SUPER_Z,29830000,0,7,7,14,0,0,1.5714285
SUPER_Z,29840000,0,0,0,0,0,0,0
SUPER_Z,29850000,0,0,0,0,0,0,0
SUPER_Z,29860000,0,0,0,0,0,0,0
SUPER_Z,29870000,0,0,0,0,0,0,0
SUPER_Z,29880000,0,0,0,0,0,0,0
SUPER_Z,29890000,0,0,0,0,0,0,0
SUPER_Z,29900000,19,3,0,22,11,8,1
SUPER_Z,29910000,0,0,0,0,0,0,0
SUPER_Z,29920000,0,0,0,0,0,0,0
SUPER_Z,29930000,0,0,0,0,0,0,0
SUPER_Z,29940000,0,0,0,0,0,0,0
SUPER_Z,29950000,0,0,0,0,0,0,0
SUPER_Z,29960000,0,0,0,0,0,0,0
SUPER_Z,29970000,0,0,0,0,0,0,0
SUPER_Z,29980000,0,0,0,0,0,0,0
SUPER_Z,29990000,0,0,0,0,0,0,0
SUPER_Z,30000000,0,0,0,0,0,0,0
SUPER_Z,30010000,0,0,0,0,0,0,0
SUPER_Z,30020000,0,0,0,0,0,0,0
SUPER_Z,30030000,0,0,0,0,0,0,0
SUPER_Z,30040000,0,0,0,0,0,0,0
SUPER_Z,30050000,0,0,0,0,0,0,0
SUPER_Z,30060000,0,0,0,0,0,0,0
SUPER_Z,30070000,0,0,0,0,0,0,0
SUPER_Z,30080000,0,0,0,0,0,0,0
SUPER_Z,30090000,0,0,0,0,0,0,0
SUPER_Z,30100000,0,0,0,0,0,0,0
SUPER_Z,30110000,0,0,0,0,0,0,0
SUPER_Z,30120000,0,0,0,0,0,0,0
SUPER_Z,30130000,0,0,0,0,0,0,0
SUPER_Z,30140000,0,0,0,0,0,0,0
SUPER_Z,30150000,0,0,0,0,0,0,0
SUPER_Z,30160000,0,0,0,0,0,0,0
SUPER_Z,30170000,0,0,0,0,0,0,0
SUPER_Z,30180000,0,0,0,0,0,0,0
SUPER_Z,30190000,0,0,0,0,0,0,0
SUPER_Z,30200000,0,0,0,0,0,0,0
SUPER_Z,30210000,0,0,0,0,0,0,0
SUPER_Z,30220000,0,0,0,0,0,0,0
SUPER_Z,30230000,0,0,0,0,0,0,0
SUPER_Z,30240000,0,0,0,0,0,0,0
SUPER_Z,30250000,0,0,0,0,0,0,0
SUPER_Z,30260000,0,0,0,0,0,0,0
SUPER_Z,30270000,0,0,0,0,0,0,0
SUPER_Z,30280000,0,0,0,0,0,0,0
SUPER_Z,30290000,0,0,0,0,0,0,0
SUPER_Z,30300000,0,0,0,0,0,0,0
SUPER_Z,30310000,0,0,0,0,0,0,0
SUPER_Z,30320000,0,0,0,0,0,0,0
SUPER_Z,30330000,0,0,0,0,0,0,0
SUPER_Z,30340000,0,0,0,0,0,0,0
SUPER_Z,30350000,0,0,0,0,0,0,0
SUPER_Z,30360000,0,0,0,0,0,0,0
SUPER_Z,30370000,0,0,0,0,0,0,0
SUPER_Z,30380000,0,0,0,0,0,0,0
SUPER_Z,30390000,0,0,0,0,0,0,0
SUPER_Z,30400000,0,0,0,0,0,0,0
SUPER_Z,30410000,0,0,0,0,0,0,0
SUPER_Z,30420000,0,0,0,0,0,0,0
SUPER_Z,30430000,0,0,0,0,0,0,0
SUPER_Z,30440000,0,0,0,0,0,0,0
SUPER_Z,30450000,0,0,0,0,0,0,0
SUPER_Z,30460000,0,0,0,0,0,0,0
SUPER_Z,30470000,1,6,5,12,0,1,1.3636364
SUPER_Z,30480000,0,0,0,0,0,0,0
SUPER_Z,30490000,0,0,0,0,0,0,0
SUPER_Z,30500000,0,0,0,0,0,0,0
SUPER_Z,30510000,0,0,0,0,0,0,0
SUPER_Z,30520000,0,0,0,0,0,0,0
SUPER_Z,30530000,0,0,0,0,0,0,0
SUPER_Z,30540000,0,0,0,0,0,0,0
SUPER_Z,30550000,0,0,0,0,0,0,0
SUPER_Z,30560000,0,0,0,0,0,0,0
SUPER_Z,30570000,0,0,0,0,0,0,0
SUPER_Z,30580000,0,0,0,0,0,0,0
SUPER_Z,30590000,0,0,0,0,0,0,0
SUPER_Z,30600000,0,0,0,0,0,0,0
SUPER_Z,30610000,0,0,0,0,0,0,0
SUPER_Z,30620000,0,0,0,0,0,0,0
SUPER_Z,30630000,0,0,0,0,0,0,0
SUPER_Z,30640000,0,0,0,0,0,0,0
SUPER_Z,30650000,0,0,0,0,0,0,0
SUPER_Z,30660000,0,0,0,0,0,0,0
SUPER_Z,30670000,0,0,0,0,0,0,0
SUPER_Z,30680000,0,0,0,0,0,0,0
SUPER_Z,30690000,0,0,0,0,0,0,0
SUPER_Z,30700000,0,0,0,0,0,0,0
SUPER_Z,30710000,0,0,0,0,0,0,0
SUPER_Z,30720000,0,0,0,0,0,0,0
SUPER_Z,30730000,0,0,0,0,0,0,0
SUPER_Z,30740000,0,0,0,0,0,0,0
SUPER_Z,30750000,0,0,0,0,0,0,0
SUPER_Z,30760000,0,0,0,0,0,0,0
SUPER_Z,30770000,0,0,0,0,0,0,0
SUPER_Z,30780000,0,2,4,6,0,0,1.8333334
SUPER_Z,30790000,0,0,0,0,0,0,0
SUPER_Z,30800000,0,0,0,0,0,0,0
SUPER_Z,30810000,0,0,0,0,0,0,0
SUPER_Z,30820000,0,0,0,0,0,0,0
SUPER_Z,30830000,0,0,0,0,0,0,0
SUPER_Z,30840000,0,0,0,0,0,0,0
SUPER_Z,30850000,0,0,0,0,0,0,0
SUPER_Z,30860000,0,0,0,0,0,0,0
SUPER_Z,30870000,0,0,0,0,0,0,0
SUPER_Z,30880000,0,0,0,0,0,0,0
SUPER_Z,30890000,0,0,0,0,0,0,0
SUPER_Z,30900000,0,0,0,0,0,0,0
SUPER_Z,30910000,0,0,0,0,0,0,0
SUPER_Z,30920000,0,0,0,0,0,0,0
SUPER_Z,30930000,0,0,0,0,0,0,0
SUPER_Z,30940000,0,0,0,0,0,0,0
SUPER_Z,30950000,0,0,0,0,0,0,0
SUPER_Z,30960000,0,0,0,0,0,0,0
SUPER_Z,30970000,0,0,0,0,0,0,0
SUPER_Z,30980000,0,0,0,0,0,0,0
SUPER_Z,30990000,0,0,0,0,0,0,0
SUPER_Z,31000000,0,0,0,0,0,0,0
SUPER_Z,31010000,0,0,0,0,0,0,0
SUPER_Z,31020000,0,0,0,0,0,0,0
SUPER_Z,31030000,0,0,0,0,0,0,0
SUPER_Z,31040000,0,0,0,0,0,0,0
SUPER_Z,31050000,0,2,4,6,0,0,2
SUPER_Z,31060000,0,0,0,0,0,0,0
SUPER_Z,31070000,0,0,0,0,0,0,0
SUPER_Z,31080000,0,0,0,0,0,0,0
SUPER_Z,31090000,0,0,0,0,0,0,0
SUPER_Z,31100000,0,0,0,0,0,0,0
SUPER_Z,31110000,0,0,0,0,0,0,0
SUPER_Z,31120000,0,0,0,0,0,0,0
SUPER_Z,31130000,0,0,0,0,0,0,0
SUPER_Z,31140000,0,0,0,0,0,0,0
SUPER_Z,31150000,0,0,0,0,0,0,0
SUPER_Z,31160000,0,0,0,0,0,0,0
SUPER_Z,31170000,0,0,0,0,0,0,0
SUPER_Z,31180000,0,0,0,0,0,0,0
SUPER_Z,31190000,0,0,0,0,0,0,0
SUPER_Z,31200000,0,0,0,0,0,0,0
SUPER_Z,31210000,0,0,0,0,0,0,0
SUPER_Z,31220000,0,0,0,0,0,0,0
SUPER_Z,31230000,0,0,0,0,0,0,0
SUPER_Z,31240000,0,0,0,0,0,0,0
SUPER_Z,31250000,0,0,0,0,0,0,0
SUPER_Z,31260000,0,0,0,0,0,0,0
SUPER_Z,31270000,0,0,0,0,0,0,0
SUPER_Z,31280000,0,0,0,0,0,0,0
SUPER_Z,31290000,0,0,0,0,0,0,0
SUPER_Z,31300000,0,0,0,0,0,0,0
SUPER_Z,31310000,0,0,0,0,0,0,0
SUPER_Z,31320000,0,0,0,0,0,0,0
SUPER_Z,31330000,0,0,0,0,0,0,0
SUPER_Z,31340000,0,0,0,0,0,0,0
SUPER_Z,31350000,0,0,0,0,0,0,0
SUPER_Z,31360000,0,2,1,3,0,0,1.3333334
SUPER_Z,31370000,0,0,0,0,0,0,0
SUPER_Z,31380000,0,0,0,0,0,0,0
SUPER_Z,31390000,0,0,0,0,0,0,0
SUPER_Z,31400000,0,0,0,0,0,0,0
SUPER_Z,31410000,0,0,0,0,0,0,0
SUPER_Z,31420000,0,0,0,0,0,0,0
SUPER_Z,31430000,0,0,0,0,0,0,0
SUPER_Z,31440000,0,0,0,0,0,0,0
SUPER_Z,31450000,0,0,0,0,0,0,0
SUPER_Z,31460000,0,0,0,0,0,0,0
SUPER_Z,31470000,0,0,0,0,0,0,0
SUPER_Z,31480000,0,0,0,0,0,0,0
SUPER_Z,31490000,0,0,0,0,0,0,0
SUPER_Z,31500000,0,0,0,0,0,0,0
SUPER_Z,31510000,0,0,0,0,0,0,0
SUPER_Z,31520000,0,0,0,0,0,0,0
SUPER_Z,31530000,0,0,0,0,0,0,0
SUPER_Z,31540000,0,0,0,0,0,0,0
SUPER_Z,31550000,0,0,0,0,0,0,0
SUPER_Z,31560000,0,0,0,0,0,0,0
SUPER_Z,31570000,0,0,0,0,0,0,0
SUPER_Z,31580000,0,0,0,0,0,0,0
SUPER_Z,31590000,0,0,0,0,0,0,0
SUPER_Z,31600000,0,0,0,0,0,0,0
SUPER_Z,31610000,0,0,0,0,0,0,0
SUPER_Z,31620000,0,0,0,0,0,0,0
SUPER_Z,31630000,0,0,0,0,0,0,0
SUPER_Z,31640000,0,0,0,0,0,0,0
SUPER_Z,31650000,0,0,0,0,0,0,0
SUPER_Z,31660000,0,0,0,0,0,0,0
SUPER_Z,31670000,0,0,0,0,0,0,0
SUPER_Z,31680000,0,0,0,0,0,0,0
SUPER_Z,31690000,0,0,0,0,0,0,0
SUPER_Z,31700000,0,0,0,0,0,0,0
SUPER_Z,31710000,0,0,0,0,0,0,0
SUPER_Z,31720000,0,0,0,0,0,0,0
SUPER_Z,31730000,0,0,0,0,0,0,0
SUPER_Z,31740000,0,0,0,0,0,0,0
SUPER_Z,31750000,0,0,0,0,0,0,0
SUPER_Z,31760000,0,2,2,4,0,0,1.5
SUPER_Z,31770000,0,0,0,0,0,0,0
SUPER_Z,31780000,0,0,0,0,0,0,0
SUPER_Z,31790000,0,0,0,0,0,0,0
SUPER_Z,31800000,0,0,0,0,0,0,0
SUPER_Z,31810000,0,0,0,0,0,0,0
SUPER_Z,31820000,0,0,0,0,0,0,0
SUPER_Z,31830000,0,0,0,0,0,0,0
SUPER_Z,31840000,0,0,0,0,0,0,0
SUPER_Z,31850000,0,0,0,0,0,0,0
SUPER_Z,31860000,0,0,0,0,0,0,0
SUPER_Z,31870000,0,0,0,0,0,0,0
SUPER_Z,31880000,0,0,0,0,0,0,0
SUPER_Z,31890000,0,0,0,0,0,0,0
SUPER_Z,31900000,0,0,0,0,0,0,0
SUPER_Z,31910000,0,0,0,0,0,0,0
SUPER_Z,31920000,0,0,0,0,0,0,0
SUPER_Z,31930000,0,0,0,0,0,0,0
SUPER_Z,31940000,0,0,0,0,0,0,0
SUPER_Z,31950000,0,0,0,0,0,0,0
SUPER_Z,31960000,0,0,0,0,0,0,0
SUPER_Z,31970000,0,0,0,0,0,0,0
SUPER_Z,31980000,0,0,0,0,0,0,0
SUPER_Z,31990000,0,0,0,0,0,0,0
SUPER_Z,32000000,0,0,0,0,0,0,0
SUPER_Z,32010000,0,0,0,0,0,0,0
SUPER_Z,32020000,0,0,0,0,0,0,0
SUPER_Z,32030000,0,0,0,0,0,0,0
SUPER_Z,32040000,0,0,0,0,0,0,0
SUPER_Z,32050000,0,0,0,0,0,0,0
SUPER_Z,32060000,0,0,0,0,0,0,0
SUPER_Z,32070000,0,0,0,0,0,0,0
SUPER_Z,32080000,0,0,0,0,0,0,0
SUPER_Z,32090000,0,0,0,0,0,0,0
SUPER_Z,32100000,0,0,0,0,0,0,0
SUPER_Z,32110000,0,0,0,0,0,0,0
SUPER_Z,32120000,0,0,0,0,0,0,0
SUPER_Z,32130000,0,0,0,0,0,0,0
SUPER_Z,32140000,0,0,0,0,0,0,0
SUPER_Z,32150000,0,0,0,0,0,0,0
SUPER_Z,32160000,0,0,0,0,0,0,0
SUPER_Z,32170000,0,0,0,0,0,0,0
SUPER_Z,32180000,0,0,0,0,0,0,0
SUPER_Z,32190000,0,0,0,0,0,0,0
SUPER_Z,32200000,0,0,0,0,0,0,0
SUPER_Z,32210000,0,0,0,0,0,0,0
SUPER_Z,32220000,0,0,0,0,0,0,0
SUPER_Z,32230000,0,0,0,0,0,0,0
SUPER_Z,32240000,0,0,0,0,0,0,0
SUPER_Z,32250000,0,0,0,0,0,0,0
SUPER_Z,32260000,0,0,0,0,0,0,0
SUPER_Z,32270000,0,0,0,0,0,0,0
SUPER_Z,32280000,0,0,0,0,0,0,0
SUPER_Z,32290000,0,0,0,0,0,0,0
SUPER_Z,32300000,0,0,0,0,0,0,0
SUPER_Z,32310000,0,0,0,0,0,0,0
SUPER_Z,32320000,0,0,0,0,0,0,0
SUPER_Z,32330000,0,0,0,0,0,0,0
SUPER_Z,32340000,0,0,0,0,0,0,0
SUPER_Z,32350000,0,0,0,0,0,0,0
SUPER_Z,32360000,0,0,0,0,0,0,0
SUPER_Z,32370000,0,0,0,0,0,0,0
SUPER_Z,32380000,0,0,0,0,0,0,0
SUPER_Z,32390000,0,0,0,0,0,0,0
SUPER_Z,32400000,0,0,0,0,0,0,0
SUPER_Z,32410000,0,0,0,0,0,0,0
SUPER_Z,32420000,0,0,0,0,0,0,0
SUPER_Z,32430000,0,0,0,0,0,0,0
SUPER_Z,32440000,0,0,0,0,0,0,0
SUPER_Z,32450000,0,0,0,0,0,0,0
SUPER_Z,32460000,0,0,0,0,0,0,0
SUPER_Z,32470000,0,0,0,0,0,0,0
SUPER_Z,32480000,0,0,0,0,0,0,0
SUPER_Z,32490000,0,0,0,0,0,0,0
SUPER_Z,32500000,0,0,0,0,0,0,0
SUPER_Z,32510000,0,0,0,0,0,0,0
SUPER_Z,32520000,0,0,0,0,0,0,0
SUPER_Z,32530000,0,0,0,0,0,0,0
SUPER_Z,32540000,0,0,0,0,0,0,0
SUPER_Z,32550000,0,0,0,0,0,0,0
SUPER_Z,32560000,0,0,0,0,0,0,0
SUPER_Z,32570000,0,0,0,0,0,0,0
SUPER_Z,32580000,0,0,0,0,0,0,0
SUPER_Z,32590000,0,0,0,0,0,0,0
SUPER_Z,32600000,0,0,0,0,0,0,0
SUPER_Z,32610000,0,0,0,0,0,0,0
SUPER_Z,32620000,0,0,0,0,0,0,0
SUPER_Z,32630000,0,0,0,0,0,0,0
SUPER_Z,32640000,0,0,0,0,0,0,0
SUPER_Z,32650000,0,0,0,0,0,0,0
SUPER_Z,32660000,0,0,0,0,0,0,0
SUPER_Z,32670000,0,0,0,0,0,0,0
SUPER_Z,32680000,0,0,0,0,0,0,0
SUPER_Z,32690000,0,0,0,0,0,0,0
SUPER_Z,32700000,11,4,6,21,3,8,1.4
SUPER_Z,32710000,0,0,0,0,0,0,0
SUPER_Z,32720000,0,0,0,0,0,0,0
SUPER_Z,32730000,0,0,0,0,0,0,0
SUPER_Z,32740000,0,0,0,0,0,0,0
SUPER_Z,32750000,0,0,0,0,0,0,0
SUPER_Z,32760000,0,0,0,0,0,0,0
SUPER_Z,32770000,0,0,0,0,0,0,0
SUPER_Z,32780000,0,0,0,0,0,0,0
SUPER_Z,32790000,0,0,0,0,0,0,0
SUPER_Z,32800000,0,0,0,0,0,0,0
SUPER_Z,32810000,0,0,0,0,0,0,0
SUPER_Z,32820000,0,0,0,0,0,0,0
SUPER_Z,32830000,0,0,0,0,0,0,0
SUPER_Z,32840000,0,0,0,0,0,0,0
SUPER_Z,32850000,0,0,0,0,0,0,0
SUPER_Z,32860000,0,0,0,0,0,0,0
SUPER_Z,32870000,0,0,0,0,0,0,0
SUPER_Z,32880000,0,0,0,0,0,0,0
SUPER_Z,32890000,0,0,0,0,0,0,0
SUPER_Z,32900000,0,0,0,0,0,0,0
SUPER_Z,32910000,0,0,0,0,0,0,0
SUPER_Z,32920000,0,0,0,0,0,0,0
SUPER_Z,32930000,0,0,0,0,0,0,0
SUPER_Z,32940000,0,0,0,0,0,0,0
SUPER_Z,32950000,0,0,0,0,0,0,0
SUPER_Z,32960000,0,0,0,0,0,0,0
SUPER_Z,32970000,0,0,0,0,0,0,0
SUPER_Z,32980000,0,0,0,0,0,0,0
SUPER_Z,32990000,0,0,0,0,0,0,0
SUPER_Z,33000000,0,0,0,0,0,0,0
SUPER_Z,33010000,0,0,0,0,0,0,0
SUPER_Z,33020000,0,0,0,0,0,0,0
SUPER_Z,33030000,0,1,2,3,0,0,1
SUPER_Z,33040000,0,0,0,0,0,0,0
SUPER_Z,33050000,0,0,0,0,0,0,0
SUPER_Z,33060000,0,0,0,0,0,0,0
SUPER_Z,33070000,0,0,0,0,0,0,0
SUPER_Z,33080000,0,0,0,0,0,0,0
SUPER_Z,33090000,0,0,0,0,0,0,0
SUPER_Z,33100000,0,0,0,0,0,0,0
SUPER_Z,33110000,0,0,0,0,0,0,0
SUPER_Z,33120000,0,0,0,0,0,0,0
SUPER_Z,33130000,0,0,0,0,0,0,0
SUPER_Z,33140000,0,0,0,0,0,0,0
SUPER_Z,33150000,0,0,0,0,0,0,0
SUPER_Z,33160000,0,0,0,0,0,0,0
SUPER_Z,33170000,0,0,0,0,0,0,0
SUPER_Z,33180000,0,0,0,0,0,0,0
SUPER_Z,33190000,0,0,0,0,0,0,0
SUPER_Z,33200000,0,0,0,0,0,0,0
SUPER_Z,33210000,0,0,0,0,0,0,0
SUPER_Z,33220000,0,0,0,0,0,0,0
SUPER_Z,33230000,0,1,3,4,0,0,1.25
SUPER_Z,33240000,0,0,0,0,0,0,0
SUPER_Z,33250000,0,0,0,0,0,0,0
SUPER_Z,33260000,0,0,0,0,0,0,0
SUPER_Z,33270000,0,0,0,0,0,0,0
SUPER_Z,33280000,0,0,0,0,0,0,0
SUPER_Z,33290000,0,0,0,0,0,0,0
SUPER_Z,33300000,0,0,0,0,0,0,0
SUPER_Z,33310000,0,0,0,0,0,0,0
SUPER_Z,33320000,6,0,2,8,3,3,70.5
SUPER_Z,33330000,10,0,0,10,4,6,NaN
SUPER_Z,33340000,0,0,0,0,0,0,0
SUPER_Z,33350000,0,0,0,0,0,0,0
SUPER_Z,33360000,0,0,0,0,0,0,0
SUPER_Z,33370000,0,0,0,0,0,0,0
SUPER_Z,33380000,0,0,0,0,0,0,0
SUPER_Z,33390000,0,0,0,0,0,0,0
SUPER_Z,33400000,0,0,0,0,0,0,0
SUPER_Z,33410000,0,0,0,0,0,0,0
SUPER_Z,33420000,0,0,0,0,0,0,0
SUPER_Z,33430000,0,0,0,0,0,0,0
SUPER_Z,33440000,0,0,0,0,0,0,0
SUPER_Z,33450000,0,0,0,0,0,0,0
SUPER_Z,33460000,0,0,0,0,0,0,0
SUPER_Z,33470000,0,0,0,0,0,0,0
SUPER_Z,33480000,0,0,0,0,0,0,0
SUPER_Z,33490000,0,0,0,0,0,0,0
SUPER_Z,33500000,0,0,0,0,0,0,0
SUPER_Z,33510000,0,0,0,0,0,0,0
SUPER_Z,33520000,0,0,0,0,0,0,0
SUPER_Z,33530000,0,0,0,0,0,0,0
SUPER_Z,33540000,0,0,0,0,0,0,0
SUPER_Z,33550000,15,2,2,19,8,7,1.5
SUPER_Z,33560000,0,0,0,0,0,0,0
SUPER_Z,33570000,0,0,0,0,0,0,0
SUPER_Z,33580000,0,0,0,0,0,0,0
SUPER_Z,33590000,0,0,0,0,0,0,0
SUPER_Z,33600000,0,0,0,0,0,0,0
SUPER_Z,33610000,0,0,0,0,0,0,0
SUPER_Z,33620000,0,0,0,0,0,0,0
SUPER_Z,33630000,0,0,0,0,0,0,0
SUPER_Z,33640000,0,0,0,0,0,0,0
SUPER_Z,33650000,0,0,0,0,0,0,0
SUPER_Z,33660000,0,0,0,0,0,0,0
SUPER_Z,33670000,0,0,0,0,0,0,0
SUPER_Z,33680000,0,0,0,0,0,0,0
SUPER_Z,33690000,0,0,0,0,0,0,0
SUPER_Z,33700000,0,0,0,0,0,0,0
SUPER_Z,33710000,0,0,0,0,0,0,0
SUPER_Z,33720000,0,0,0,0,0,0,0
SUPER_Z,33730000,0,0,0,0,0,0,0
SUPER_Z,33740000,0,0,0,0,0,0,0
SUPER_Z,33750000,0,0,0,0,0,0,0
SUPER_Z,33760000,0,0,0,0,0,0,0
SUPER_Z,33770000,0,0,0,0,0,0,0
SUPER_Z,33780000,0,0,0,0,0,0,0
SUPER_Z,33790000,0,0,0,0,0,0,0
SUPER_Z,33800000,0,0,0,0,0,0,0
SUPER_Z,33810000,0,0,0,0,0,0,0
SUPER_Z,33820000,0,0,0,0,0,0,0
SUPER_Z,33830000,0,0,0,0,0,0,0
SUPER_Z,33840000,0,0,0,0,0,0,0
SUPER_Z,33850000,0,0,0,0,0,0,0
SUPER_Z,33860000,0,0,0,0,0,0,0
SUPER_Z,33870000,0,0,0,0,0,0,0
SUPER_Z,33880000,0,0,0,0,0,0,0
SUPER_Z,33890000,0,0,0,0,0,0,0
SUPER_Z,33900000,0,0,0,0,0,0,0
SUPER_Z,33910000,0,0,0,0,0,0,0
SUPER_Z,33920000,0,0,0,0,0,0,0
SUPER_Z,33930000,0,0,0,0,0,0,0
SUPER_Z,33940000,0,0,0,0,0,0,0
SUPER_Z,33950000,0,0,0,0,0,0,0
SUPER_Z,33960000,0,0,0,0,0,0,0
SUPER_Z,33970000,0,0,0,0,0,0,0
SUPER_Z,33980000,0,0,0,0,0,0,0
SUPER_Z,33990000,0,0,0,0,0,0,0
SUPER_Z,34000000,0,0,0,0,0,0,0
SUPER_Z,34010000,0,0,0,0,0,0,0
SUPER_Z,34020000,0,0,0,0,0,0,0
SUPER_Z,34030000,0,0,0,0,0,0,0
SUPER_Z,34040000,0,0,0,0,0,0,0
SUPER_Z,34050000,0,0,0,0,0,0,0
SUPER_Z,34060000,0,0,0,0,0,0,0
SUPER_Z,34070000,0,0,0,0,0,0,0
SUPER_Z,34080000,0,0,0,0,0,0,0
SUPER_Z,34090000,0,0,0,0,0,0,0
SUPER_Z,34100000,0,0,0,0,0,0,0
SUPER_Z,34110000,0,0,0,0,0,0,0
SUPER_Z,34120000,0,0,0,0,0,0,0
SUPER_Z,34130000,0,0,0,0,0,0,0
SUPER_Z,34140000,0,0,0,0,0,0,0
SUPER_Z,34150000,0,0,0,0,0,0,0
SUPER_Z,34160000,0,0,0,0,0,0,0
SUPER_Z,34170000,0,0,0,0,0,0,0
SUPER_Z,34180000,0,0,0,0,0,0,0
SUPER_Z,34190000,0,0,0,0,0,0,0
SUPER_Z,34200000,0,0,0,0,0,0,0
SUPER_Z,34210000,0,0,0,0,0,0,0
SUPER_Z,34220000,0,0,0,0,0,0,0
SUPER_Z,34230000,0,0,0,0,0,0,0
SUPER_Z,34240000,0,0,0,0,0,0,0
SUPER_Z,34250000,0,0,0,0,0,0,0
SUPER_Z,34260000,0,0,0,0,0,0,0
SUPER_Z,34270000,0,0,0,0,0,0,0
SUPER_Z,34280000,0,0,0,0,0,0,0
SUPER_Z,34290000,0,0,0,0,0,0,0
SUPER_Z,34300000,0,0,0,0,0,0,0
SUPER_Z,34310000,0,0,0,0,0,0,0
SUPER_Z,34320000,0,0,0,0,0,0,0
SUPER_Z,34330000,20,5,5,30,6,14,2.4
SUPER_Z,34340000,0,0,0,0,0,0,0
SUPER_Z,34350000,0,0,0,0,0,0,0
SUPER_Z,34360000,0,0,0,0,0,0,0
SUPER_Z,34370000,0,0,0,0,0,0,0
SUPER_Z,34380000,0,0,0,0,0,0,0
SUPER_Z,34390000,0,0,0,0,0,0,0
SUPER_Z,34400000,5,0,1,6,1,4,1
SUPER_Z,34410000,0,0,0,0,0,0,0
SUPER_Z,34420000,0,0,0,0,0,0,0
SUPER_Z,34430000,0,0,0,0,0,0,0
SUPER_Z,34440000,0,0,0,0,0,0,0
SUPER_Z,34450000,0,0,0,0,0,0,0
SUPER_Z,34460000,0,0,0,0,0,0,0
SUPER_Z,34470000,0,0,0,0,0,0,0
SUPER_Z,34480000,0,0,0,0,0,0,0
SUPER_Z,34490000,0,0,0,0,0,0,0
SUPER_Z,34500000,0,0,0,0,0,0,0
SUPER_Z,34510000,0,0,0,0,0,0,0
SUPER_Z,34520000,0,0,0,0,0,0,0
SUPER_Z,34530000,0,0,0,0,0,0,0
SUPER_Z,34540000,0,0,0,0,0,0,0
SUPER_Z,34550000,0,0,0,0,0,0,0
SUPER_Z,34560000,0,0,0,0,0,0,0
SUPER_Z,34570000,0,0,0,0,0,0,0
SUPER_Z,34580000,0,0,0,0,0,0,0
SUPER_Z,34590000,0,0,0,0,0,0,0
SUPER_Z,34600000,0,0,0,0,0,0,0
SUPER_Z,34610000,0,0,0,0,0,0,0
SUPER_Z,34620000,0,0,0,0,0,0,0
SUPER_Z,34630000,0,0,0,0,0,0,0
SUPER_Z,34640000,0,0,0,0,0,0,0
SUPER_Z,34650000,0,0,0,0,0,0,0
SUPER_Z,34660000,0,0,0,0,0,0,0
SUPER_Z,34670000,0,0,0,0,0,0,0
SUPER_Z,34680000,0,0,0,0,0,0,0
SUPER_Z,34690000,0,0,0,0,0,0,0
SUPER_Z,34700000,0,0,0,0,0,0,0
SUPER_Z,34710000,0,0,0,0,0,0,0
SUPER_Z,34720000,0,0,0,0,0,0,0
SUPER_Z,34730000,0,0,0,0,0,0,0
SUPER_Z,34740000,0,0,0,0,0,0,0
SUPER_Z,34750000,0,0,0,0,0,0,0
SUPER_Z,34760000,0,0,0,0,0,0,0
SUPER_Z,34770000,0,0,0,0,0,0,0
SUPER_Z,34780000,0,0,0,0,0,0,0
SUPER_Z,34790000,0,0,0,0,0,0,0
SUPER_Z,34800000,0,0,0,0,0,0,0
SUPER_Z,34810000,0,0,0,0,0,0,0
SUPER_Z,34820000,0,0,0,0,0,0,0
SUPER_Z,34830000,0,0,0,0,0,0,0
SUPER_Z,34840000,0,0,0,0,0,0,0
SUPER_Z,34850000,0,0,0,0,0,0,0
SUPER_Z,34860000,0,0,0,0,0,0,0
SUPER_Z,34870000,0,0,0,0,0,0,0
SUPER_Z,34880000,0,0,0,0,0,0,0
SUPER_Z,34890000,0,0,0,0,0,0,0
SUPER_Z,34900000,0,0,0,0,0,0,0
SUPER_Z,34910000,0,0,0,0,0,0,0
SUPER_Z,34920000,0,0,0,0,0,0,0
SUPER_Z,34930000,0,0,0,0,0,0,0
SUPER_Z,34940000,0,0,0,0,0,0,0
SUPER_Z,34950000,0,0,0,0,0,0,0
SUPER_Z,34960000,0,0,0,0,0,0,0
SUPER_Z,34970000,0,0,0,0,0,0,0
SUPER_Z,34980000,0,0,0,0,0,0,0
SUPER_Z,34990000,0,0,0,0,0,0,0
SUPER_Z,35000000,0,0,0,0,0,0,0
SUPER_Z,35010000,0,0,0,0,0,0,0
SUPER_Z,35020000,0,0,0,0,0,0,0
SUPER_Z,35030000,0,0,0,0,0,0,0
SUPER_Z,35040000,0,0,0,0,0,0,0
SUPER_Z,35050000,0,0,0,0,0,0,0
SUPER_Z,35060000,0,0,0,0,0,0,0
SUPER_Z,35070000,0,0,0,0,0,0,0
SUPER_Z,35080000,0,0,0,0,0,0,0
SUPER_Z,35090000,0,0,0,0,0,0,0
SUPER_Z,35100000,0,0,0,0,0,0,0
SUPER_Z,35110000,0,0,0,0,0,0,0
SUPER_Z,35120000,0,0,0,0,0,0,0
SUPER_Z,35130000,0,0,0,0,0,0,0
SUPER_Z,35140000,0,0,0,0,0,0,0
SUPER_Z,35150000,0,0,0,0,0,0,0
SUPER_Z,35160000,0,0,0,0,0,0,0
SUPER_Z,35170000,0,0,0,0,0,0,0
SUPER_Z,35180000,0,0,0,0,0,0,0
SUPER_Z,35190000,0,0,0,0,0,0,0
SUPER_Z,35200000,0,0,0,0,0,0,0
SUPER_Z,35210000,0,0,0,0,0,0,0
SUPER_Z,35220000,5,7,8,20,3,2,1.8
SUPER_Z,35230000,0,0,0,0,0,0,0
SUPER_Z,35240000,0,0,0,0,0,0,0
SUPER_Z,35250000,0,0,2,2,0,0,1
SUPER_Z,35260000,0,0,0,0,0,0,0
SUPER_Z,35270000,0,0,0,0,0,0,0
SUPER_Z,35280000,0,0,0,0,0,0,0
SUPER_Z,35290000,0,0,0,0,0,0,0
SUPER_Z,35300000,0,0,0,0,0,0,0
SUPER_Z,35310000,0,0,0,0,0,0,0
SUPER_Z,35320000,0,0,0,0,0,0,0
SUPER_Z,35330000,0,0,0,0,0,0,0
SUPER_Z,35340000,0,0,0,0,0,0,0
SUPER_Z,35350000,0,0,0,0,0,0,0
SUPER_Z,35360000,0,0,0,0,0,0,0
SUPER_Z,35370000,0,0,0,0,0,0,0
SUPER_Z,35380000,0,0,0,0,0,0,0
SUPER_Z,35390000,0,0,0,0,0,0,0
SUPER_Z,35400000,0,0,0,0,0,0,0
SUPER_Z,35410000,0,0,0,0,0,0,0
SUPER_Z,35420000,0,0,0,0,0,0,0
SUPER_Z,35430000,0,0,0,0,0,0,0
SUPER_Z,35440000,0,0,0,0,0,0,0
SUPER_Z,35450000,0,0,0,0,0,0,0
SUPER_Z,35460000,0,0,0,0,0,0,0
SUPER_Z,35470000,0,0,0,0,0,0,0
SUPER_Z,35480000,0,0,0,0,0,0,0
SUPER_Z,35490000,0,0,0,0,0,0,0
SUPER_Z,35500000,0,0,0,0,0,0,0
SUPER_Z,35510000,0,0,0,0,0,0,0
SUPER_Z,35520000,0,0,0,0,0,0,0
SUPER_Z,35530000,0,0,0,0,0,0,0
SUPER_Z,35540000,0,0,0,0,0,0,0
SUPER_Z,35550000,0,0,0,0,0,0,0
SUPER_Z,35560000,0,0,0,0,0,0,0
SUPER_Z,35570000,0,0,0,0,0,0,0
SUPER_Z,35580000,0,0,0,0,0,0,0
SUPER_Z,35590000,0,0,0,0,0,0,0
SUPER_Z,35600000,0,0,0,0,0,0,0
SUPER_Z,35610000,0,0,0,0,0,0,0
SUPER_Z,35620000,0,0,0,0,0,0,0
SUPER_Z,35630000,0,0,0,0,0,0,0
SUPER_Z,35640000,0,0,0,0,0,0,0
SUPER_Z,35650000,0,0,0,0,0,0,0
SUPER_Z,35660000,0,0,0,0,0,0,0
SUPER_Z,35670000,0,0,0,0,0,0,0
SUPER_Z,35680000,0,0,0,0,0,0,0
SUPER_Z,35690000,0,0,0,0,0,0,0
SUPER_Z,35700000,0,0,0,0,0,0,0
SUPER_Z,35710000,0,0,0,0,0,0,0
SUPER_Z,35720000,0,0,0,0,0,0,0
SUPER_Z,35730000,0,0,0,0,0,0,0
SUPER_Z,35740000,0,0,0,0,0,0,0
SUPER_Z,35750000,0,0,0,0,0,0,0
SUPER_Z,35760000,0,0,0,0,0,0,0
SUPER_Z,35770000,0,0,0,0,0,0,0
SUPER_Z,35780000,0,0,0,0,0,0,0
SUPER_Z,35790000,0,0,0,0,0,0,0
SUPER_Z,35800000,0,0,0,0,0,0,0
SUPER_Z,35810000,0,0,0,0,0,0,0
SUPER_Z,35820000,0,0,0,0,0,0,0
SUPER_Z,35830000,0,0,0,0,0,0,0
SUPER_Z,35840000,0,0,0,0,0,0,0
SUPER_Z,35850000,0,0,0,0,0,0,0
SUPER_Z,35860000,0,0,0,0,0,0,0
SUPER_Z,35870000,0,0,0,0,0,0,0
SUPER_Z,35880000,0,0,0,0,0,0,0
SUPER_Z,35890000,0,0,0,0,0,0,0
SUPER_Z,35900000,0,0,0,0,0,0,0
SUPER_Z,35910000,0,0,0,0,0,0,0
SUPER_Z,35920000,0,0,0,0,0,0,0
SUPER_Z,35930000,0,0,0,0,0,0,0
SUPER_Z,35940000,0,0,0,0,0,0,0
SUPER_Z,35950000,0,0,0,0,0,0,0
SUPER_Z,35960000,0,0,0,0,0,0,0
SUPER_Z,35970000,0,0,0,0,0,0,0
SUPER_Z,35980000,0,0,0,0,0,0,0
SUPER_Z,35990000,0,0,0,0,0,0,0
SUPER_Z,36000000,0,0,0,0,0,0,0
SUPER_Z,36010000,0,0,0,0,0,0,0
SUPER_Z,36020000,0,0,0,0,0,0,0
SUPER_Z,36030000,0,0,0,0,0,0,0
SUPER_Z,36040000,0,0,0,0,0,0,0
SUPER_Z,36050000,0,0,0,0,0,0,0
SUPER_Z,36060000,0,0,0,0,0,0,0
SUPER_Z,36070000,0,0,0,0,0,0,0
SUPER_Z,36080000,0,0,0,0,0,0,0
SUPER_Z,36090000,0,0,0,0,0,0,0
SUPER_Z,36100000,0,0,0,0,0,0,0
SUPER_Z,36110000,0,0,0,0,0,0,0
SUPER_Z,36120000,0,0,0,0,0,0,0
SUPER_Z,36130000,0,0,0,0,0,0,0
SUPER_Z,36140000,0,0,0,0,0,0,0
SUPER_Z,36150000,0,0,0,0,0,0,0
SUPER_Z,36160000,0,0,0,0,0,0,0
SUPER_Z,36170000,0,0,0,0,0,0,0
SUPER_Z,36180000,0,0,0,0,0,0,0
SUPER_Z,36190000,0,0,0,0,0,0,0
SUPER_Z,36200000,0,0,0,0,0,0,0
SUPER_Z,36210000,0,0,0,0,0,0,0
SUPER_Z,36220000,0,0,0,0,0,0,0
SUPER_Z,36230000,0,0,0,0,0,0,0
SUPER_Z,36240000,0,0,0,0,0,0,0
SUPER_Z,36250000,3,2,6,11,0,3,1.375
SUPER_Z,36260000,0,0,1,1,0,0,2
SUPER_Z,36270000,0,0,0,0,0,0,0
SUPER_Z,36280000,0,0,0,0,0,0,0
SUPER_Z,36290000,0,0,0,0,0,0,0
SUPER_Z,36300000,0,0,0,0,0,0,0
SUPER_Z,36310000,0,0,0,0,0,0,0
SUPER_Z,36320000,0,0,0,0,0,0,0
SUPER_Z,36330000,0,0,0,0,0,0,0
SUPER_Z,36340000,0,0,0,0,0,0,0
SUPER_Z,36350000,0,0,0,0,0,0,0
SUPER_Z,36360000,0,0,0,0,0,0,0
SUPER_Z,36370000,0,0,0,0,0,0,0
SUPER_Z,36380000,0,0,0,0,0,0,0
SUPER_Z,36390000,0,0,0,0,0,0,0
SUPER_Z,36400000,0,0,0,0,0,0,0
SUPER_Z,36410000,0,0,0,0,0,0,0
SUPER_Z,36420000,0,0,0,0,0,0,0
SUPER_Z,36430000,0,0,0,0,0,0,0
SUPER_Z,36440000,0,0,0,0,0,0,0
SUPER_Z,36450000,0,0,0,0,0,0,0
SUPER_Z,36460000,0,0,0,0,0,0,0
SUPER_Z,36470000,3,0,3,6,3,0,1.3333334
SUPER_Z,36480000,0,0,0,0,0,0,0
SUPER_Z,36490000,0,0,0,0,0,0,0
SUPER_Z,36500000,0,0,0,0,0,0,0
SUPER_Z,36510000,0,0,0,0,0,0,0
SUPER_Z,36520000,0,0,0,0,0,0,0
SUPER_Z,36530000,0,0,0,0,0,0,0
SUPER_Z,36540000,0,0,0,0,0,0,0
SUPER_Z,36550000,0,0,0,0,0,0,0
SUPER_Z,36560000,0,0,0,0,0,0,0
SUPER_Z,36570000,0,0,0,0,0,0,0
SUPER_Z,36580000,0,0,0,0,0,0,0
SUPER_Z,36590000,10,2,4,16,3,7,2
SUPER_Z,36600000,0,0,0,0,0,0,0
SUPER_Z,36610000,0,0,0,0,0,0,0
SUPER_Z,36620000,0,0,0,0,0,0,0
SUPER_Z,36630000,0,0,0,0,0,0,0
SUPER_Z,36640000,0,0,0,0,0,0,0
SUPER_Z,36650000,0,0,0,0,0,0,0
SUPER_Z,36660000,0,0,0,0,0,0,0
SUPER_Z,36670000,0,0,0,0,0,0,0
SUPER_Z,36680000,0,0,0,0,0,0,0
SUPER_Z,36690000,0,0,0,0,0,0,0
SUPER_Z,36700000,0,0,0,0,0,0,0
SUPER_Z,36710000,0,0,0,0,0,0,0
SUPER_Z,36720000,0,0,0,0,0,0,0
SUPER_Z,36730000,0,0,0,0,0,0,0
SUPER_Z,36740000,0,0,0,0,0,0,0
SUPER_Z,36750000,0,0,0,0,0,0,0
SUPER_Z,36760000,0,0,0,0,0,0,0
SUPER_Z,36770000,0,0,0,0,0,0,0
SUPER_Z,36780000,0,0,0,0,0,0,0
SUPER_Z,36790000,0,0,0,0,0,0,0
SUPER_Z,36800000,0,0,0,0,0,0,0
SUPER_Z,36810000,0,0,0,0,0,0,0
SUPER_Z,36820000,0,0,0,0,0,0,0
SUPER_Z,36830000,0,0,0,0,0,0,0
SUPER_Z,36840000,0,0,0,0,0,0,0
SUPER_Z,36850000,0,0,0,0,0,0,0
SUPER_Z,36860000,0,0,0,0,0,0,0
SUPER_Z,36870000,0,0,0,0,0,0,0
SUPER_Z,36880000,0,0,0,0,0,0,0
SUPER_Z,36890000,0,0,0,0,0,0,0
SUPER_Z,36900000,0,0,0,0,0,0,0
SUPER_Z,36910000,0,0,0,0,0,0,0
SUPER_Z,36920000,0,0,0,0,0,0,0
SUPER_Z,36930000,0,0,0,0,0,0,0
SUPER_Z,36940000,0,0,0,0,0,0,0
SUPER_Z,36950000,0,0,0,0,0,0,0
SUPER_Z,36960000,0,0,0,0,0,0,0
SUPER_Z,36970000,0,0,0,0,0,0,0
SUPER_Z,36980000,0,0,0,0,0,0,0
SUPER_Z,36990000,0,0,0,0,0,0,0
SUPER_Z,37000000,0,0,0,0,0,0,0
SUPER_Z,37010000,0,0,0,0,0,0,0
SUPER_Z,37020000,0,0,0,0,0,0,0
SUPER_Z,37030000,0,0,0,0,0,0,0
SUPER_Z,37040000,0,0,0,0,0,0,0
SUPER_Z,37050000,0,0,0,0,0,0,0
SUPER_Z,37060000,0,0,0,0,0,0,0
SUPER_Z,37070000,0,0,0,0,0,0,0
SUPER_Z,37080000,0,0,0,0,0,0,0
SUPER_Z,37090000,0,0,0,0,0,0,0
SUPER_Z,37100000,0,0,0,0,0,0,0
SUPER_Z,37110000,0,0,0,0,0,0,0
SUPER_Z,37120000,0,0,0,0,0,0,0
SUPER_Z,37130000,0,0,0,0,0,0,0
SUPER_Z,37140000,0,0,0,0,0,0,0
SUPER_Z,37150000,0,0,0,0,0,0,0
SUPER_Z,37160000,0,0,0,0,0,0,0
SUPER_Z,37170000,11,2,3,16,5,6,2.8
SUPER_Z,37180000,0,0,0,0,0,0,0
SUPER_Z,37190000,0,0,0,0,0,0,0
SUPER_Z,37200000,0,0,0,0,0,0,0
SUPER_Z,37210000,0,0,0,0,0,0,0
SUPER_Z,37220000,0,0,0,0,0,0,0
SUPER_Z,37230000,0,0,0,0,0,0,0
SUPER_Z,37240000,0,0,0,0,0,0,0
SUPER_Z,37250000,0,0,0,0,0,0,0
SUPER_Z,37260000,0,0,0,0,0,0,0
SUPER_Z,37270000,0,0,0,0,0,0,0
SUPER_Z,37280000,0,0,0,0,0,0,0
SUPER_Z,37290000,0,0,0,0,0,0,0
SUPER_Z,37300000,0,0,0,0,0,0,0
SUPER_Z,37310000,0,0,0,0,0,0,0
SUPER_Z,37320000,0,0,0,0,0,0,0
SUPER_Z,37330000,0,0,0,0,0,0,0
SUPER_Z,37340000,0,0,0,0,0,0,0
SUPER_Z,37350000,0,0,0,0,0,0,0
SUPER_Z,37360000,0,0,0,0,0,0,0
SUPER_Z,37370000,0,0,0,0,0,0,0
SUPER_Z,37380000,0,0,0,0,0,0,0
SUPER_Z,37390000,0,0,0,0,0,0,0
SUPER_Z,37400000,0,0,0,0,0,0,0
SUPER_Z,37410000,0,0,0,0,0,0,0
SUPER_Z,37420000,0,0,0,0,0,0,0
SUPER_Z,37430000,0,0,0,0,0,0,0
SUPER_Z,37440000,0,0,0,0,0,0,0
SUPER_Z,37450000,0,0,0,0,0,0,0
SUPER_Z,37460000,0,0,0,0,0,0,0
SUPER_Z,37470000,0,0,0,0,0,0,0
SUPER_Z,37480000,0,0,0,0,0,0,0
SUPER_Z,37490000,0,0,0,0,0,0,0
SUPER_Z,37500000,0,0,0,0,0,0,0
SUPER_Z,37510000,0,0,0,0,0,0,0
SUPER_Z,37520000,0,0,0,0,0,0,0
SUPER_Z,37530000,0,0,0,0,0,0,0
SUPER_Z,37540000,0,0,0,0,0,0,0
SUPER_Z,37550000,0,0,0,0,0,0,0
SUPER_Z,37560000,0,0,0,0,0,0,0
SUPER_Z,37570000,0,0,0,0,0,0,0
SUPER_Z,37580000,0,0,0,0,0,0,0
SUPER_Z,37590000,0,0,0,0,0,0,0
SUPER_Z,37600000,0,0,0,0,0,0,0
SUPER_Z,37610000,0,0,0,0,0,0,0
SUPER_Z,37620000,0,0,0,0,0,0,0
SUPER_Z,37630000,0,0,0,0,0,0,0
SUPER_Z,37640000,0,0,0,0,0,0,0
SUPER_Z,37650000,0,0,0,0,0,0,0
SUPER_Z,37660000,0,0,0,0,0,0,0
SUPER_Z,37670000,0,0,0,0,0,0,0
SUPER_Z,37680000,0,0,0,0,0,0,0
SUPER_Z,37690000,0,0,0,0,0,0,0
SUPER_Z,37700000,25,6,4,35,16,9,1.8
SUPER_Z,37710000,0,0,0,0,0,0,0
SUPER_Z,37720000,0,0,0,0,0,0,0
SUPER_Z,37730000,0,0,0,0,0,0,0
SUPER_Z,37740000,0,0,0,0,0,0,0
SUPER_Z,37750000,0,0,0,0,0,0,0
SUPER_Z,37760000,0,0,0,0,0,0,0
SUPER_Z,37770000,0,0,0,0,0,0,0
SUPER_Z,37780000,0,0,0,0,0,0,0
SUPER_Z,37790000,0,0,0,0,0,0,0
SUPER_Z,37800000,0,0,0,0,0,0,0
SUPER_Z,37810000,0,0,0,0,0,0,0
SUPER_Z,37820000,0,0,0,0,0,0,0
SUPER_Z,37830000,0,0,0,0,0,0,0
SUPER_Z,37840000,0,0,0,0,0,0,0
SUPER_Z,37850000,0,0,0,0,0,0,0
SUPER_Z,37860000,0,0,0,0,0,0,0
SUPER_Z,37870000,0,0,0,0,0,0,0
SUPER_Z,37880000,0,0,0,0,0,0,0
SUPER_Z,37890000,0,0,0,0,0,0,0
SUPER_Z,37900000,0,0,0,0,0,0,0
SUPER_Z,37910000,0,0,0,0,0,0,0
SUPER_Z,37920000,0,0,0,0,0,0,0
SUPER_Z,37930000,0,0,0,0,0,0,0
SUPER_Z,37940000,8,2,7,17,4,4,1.2222222
SUPER_Z,37950000,4,0,0,4,3,1,NaN
SUPER_Z,37960000,0,0,0,0,0,0,0
SUPER_Z,37970000,0,0,0,0,0,0,0
SUPER_Z,37980000,0,0,0,0,0,0,0
SUPER_Z,37990000,0,0,0,0,0,0,0
SUPER_Z,38000000,0,0,0,0,0,0,0
SUPER_Z,38010000,0,0,0,0,0,0,0
SUPER_Z,38020000,0,0,0,0,0,0,0
SUPER_Z,38030000,0,0,0,0,0,0,0
SUPER_Z,38040000,0,0,0,0,0,0,0
SUPER_Z,38050000,0,0,0,0,0,0,0
SUPER_Z,38060000,0,0,0,0,0,0,0
SUPER_Z,38070000,0,0,0,0,0,0,0
SUPER_Z,38080000,0,0,0,0,0,0,0
SUPER_Z,38090000,0,0,0,0,0,0,0
SUPER_Z,38100000,0,0,0,0,0,0,0
SUPER_Z,38110000,0,0,0,0,0,0,0
SUPER_Z,38120000,0,0,0,0,0,0,0
SUPER_Z,38130000,0,0,0,0,0,0,0
SUPER_Z,38140000,0,0,0,0,0,0,0
SUPER_Z,38150000,0,0,0,0,0,0,0
SUPER_Z,38160000,0,0,0,0,0,0,0
SUPER_Z,38170000,0,0,0,0,0,0,0
SUPER_Z,38180000,0,0,0,0,0,0,0
SUPER_Z,38190000,0,0,0,0,0,0,0
SUPER_Z,38200000,0,0,0,0,0,0,0
SUPER_Z,38210000,0,0,0,0,0,0,0
SUPER_Z,38220000,0,0,0,0,0,0,0
SUPER_Z,38230000,0,0,0,0,0,0,0
SUPER_Z,38240000,0,0,0,0,0,0,0
SUPER_Z,38250000,0,0,0,0,0,0,0
SUPER_Z,38260000,0,0,0,0,0,0,0
SUPER_Z,38270000,0,0,0,0,0,0,0
SUPER_Z,38280000,0,0,0,0,0,0,0
SUPER_Z,38290000,0,0,0,0,0,0,0
SUPER_Z,38300000,0,0,0,0,0,0,0
SUPER_Z,38310000,0,0,0,0,0,0,0
SUPER_Z,38320000,0,0,0,0,0,0,0
SUPER_Z,38330000,0,0,0,0,0,0,0
SUPER_Z,38340000,0,0,0,0,0,0,0
SUPER_Z,38350000,0,0,0,0,0,0,0
SUPER_Z,38360000,0,0,0,0,0,0,0
SUPER_Z,38370000,0,0,0,0,0,0,0
SUPER_Z,38380000,25,10,7,42,18,7,4.882353
SUPER_Z,38390000,0,0,0,0,0,0,0
SUPER_Z,38400000,0,0,0,0,0,0,0
SUPER_Z,38410000,0,0,0,0,0,0,0
SUPER_Z,38420000,0,0,0,0,0,0,0
SUPER_Z,38430000,0,0,0,0,0,0,0
SUPER_Z,38440000,0,0,0,0,0,0,0
SUPER_Z,38450000,0,0,0,0,0,0,0
SUPER_Z,38460000,0,0,0,0,0,0,0
SUPER_Z,38470000,0,0,0,0,0,0,0
SUPER_Z,38480000,0,0,0,0,0,0,0
SUPER_Z,38490000,0,0,0,0,0,0,0
SUPER_Z,38500000,0,0,0,0,0,0,0
SUPER_Z,38510000,0,0,0,0,0,0,0
SUPER_Z,38520000,0,0,0,0,0,0,0
SUPER_Z,38530000,0,0,0,0,0,0,0
SUPER_Z,38540000,0,0,0,0,0,0,0
SUPER_Z,38550000,0,0,0,0,0,0,0
SUPER_Z,38560000,0,0,0,0,0,0,0
SUPER_Z,38570000,0,0,0,0,0,0,0
SUPER_Z,38580000,0,0,0,0,0,0,0
SUPER_Z,38590000,0,0,0,0,0,0,0
SUPER_Z,38600000,0,0,0,0,0,0,0
SUPER_Z,38610000,0,0,0,0,0,0,0
SUPER_Z,38620000,0,0,0,0,0,0,0
SUPER_Z,38630000,0,0,0,0,0,0,0
SUPER_Z,38640000,0,0,0,0,0,0,0
SUPER_Z,38650000,0,0,0,0,0,0,0
SUPER_Z,38660000,0,0,0,0,0,0,0
SUPER_Z,38670000,0,0,0,0,0,0,0
SUPER_Z,38680000,0,0,0,0,0,0,0
SUPER_Z,38690000,0,0,0,0,0,0,0
SUPER_Z,38700000,0,0,0,0,0,0,0
SUPER_Z,38710000,0,0,0,0,0,0,0
SUPER_Z,38720000,0,0,0,0,0,0,0
SUPER_Z,38730000,0,0,0,0,0,0,0
SUPER_Z,38740000,0,0,0,0,0,0,0
SUPER_Z,38750000,0,2,2,4,0,0,1.25
SUPER_Z,38760000,0,1,0,1,0,0,2
SUPER_Z,38770000,0,0,0,0,0,0,0
SUPER_Z,38780000,0,0,0,0,0,0,0
SUPER_Z,38790000,0,0,0,0,0,0,0
SUPER_Z,38800000,0,0,0,0,0,0,0
SUPER_Z,38810000,0,0,0,0,0,0,0
SUPER_Z,38820000,0,0,0,0,0,0,0
SUPER_Z,38830000,0,0,0,0,0,0,0
SUPER_Z,38840000,0,0,0,0,0,0,0
SUPER_Z,38850000,0,0,0,0,0,0,0
SUPER_Z,38860000,0,0,0,0,0,0,0
SUPER_Z,38870000,0,0,0,0,0,0,0
SUPER_Z,38880000,0,0,0,0,0,0,0
SUPER_Z,38890000,0,0,0,0,0,0,0
SUPER_Z,38900000,0,0,0,0,0,0,0
SUPER_Z,38910000,0,0,0,0,0,0,0
SUPER_Z,38920000,0,0,0,0,0,0,0
SUPER_Z,38930000,0,0,0,0,0,0,0
SUPER_Z,38940000,0,0,0,0,0,0,0
SUPER_Z,38950000,0,0,0,0,0,0,0
SUPER_Z,38960000,0,0,0,0,0,0,0
SUPER_Z,38970000,0,0,0,0,0,0,0
SUPER_Z,38980000,0,0,0,0,0,0,0
SUPER_Z,38990000,0,0,0,0,0,0,0
SUPER_Z,39000000,0,0,0,0,0,0,0
SUPER_Z,39010000,0,0,0,0,0,0,0
SUPER_Z,39020000,0,0,0,0,0,0,0
SUPER_Z,39030000,0,4,3,7,0,0,1.5714285
SUPER_Z,39040000,0,0,0,0,0,0,0
SUPER_Z,39050000,0,0,0,0,0,0,0
SUPER_Z,39060000,0,0,0,0,0,0,0
SUPER_Z,39070000,0,0,0,0,0,0,0
SUPER_Z,39080000,0,0,0,0,0,0,0
SUPER_Z,39090000,0,0,0,0,0,0,0
SUPER_Z,39100000,0,0,0,0,0,0,0
SUPER_Z,39110000,0,0,0,0,0,0,0
SUPER_Z,39120000,0,0,0,0,0,0,0
SUPER_Z,39130000,0,0,0,0,0,0,0
SUPER_Z,39140000,0,0,0,0,0,0,0
SUPER_Z,39150000,0,0,0,0,0,0,0
SUPER_Z,39160000,0,0,0,0,0,0,0
SUPER_Z,39170000,0,0,0,0,0,0,0
SUPER_Z,39180000,0,0,0,0,0,0,0
SUPER_Z,39190000,0,0,0,0,0,0,0
SUPER_Z,39200000,0,0,0,0,0,0,0
SUPER_Z,39210000,0,0,0,0,0,0,0
SUPER_Z,39220000,0,0,0,0,0,0,0
SUPER_Z,39230000,0,0,0,0,0,0,0
SUPER_Z,39240000,0,0,0,0,0,0,0
SUPER_Z,39250000,0,0,0,0,0,0,0
SUPER_Z,39260000,0,0,0,0,0,0,0
SUPER_Z,39270000,0,0,0,0,0,0,0
SUPER_Z,39280000,0,0,0,0,0,0,0
SUPER_Z,39290000,0,0,0,0,0,0,0
SUPER_Z,39300000,0,0,0,0,0,0,0
SUPER_Z,39310000,0,0,0,0,0,0,0
SUPER_Z,39320000,0,0,0,0,0,0,0
SUPER_Z,39330000,0,0,0,0,0,0,0
SUPER_Z,39340000,0,0,0,0,0,0,0
SUPER_Z,39350000,0,0,0,0,0,0,0
SUPER_Z,39360000,0,0,0,0,0,0,0
SUPER_Z,39370000,0,0,0,0,0,0,0
SUPER_Z,39380000,0,0,0,0,0,0,0
SUPER_Z,39390000,0,0,0,0,0,0,0
SUPER_Z,39400000,0,0,0,0,0,0,0
SUPER_Z,39410000,0,0,0,0,0,0,0
SUPER_Z,39420000,0,0,0,0,0,0,0
SUPER_Z,39430000,0,0,0,0,0,0,0
SUPER_Z,39440000,0,0,0,0,0,0,0
SUPER_Z,39450000,0,0,0,0,0,0,0
SUPER_Z,39460000,0,0,0,0,0,0,0
SUPER_Z,39470000,0,0,0,0,0,0,0
SUPER_Z,39480000,0,0,0,0,0,0,0
SUPER_Z,39490000,0,0,0,0,0,0,0
SUPER_Z,39500000,0,0,0,0,0,0,0
SUPER_Z,39510000,0,0,0,0,0,0,0
SUPER_Z,39520000,0,0,0,0,0,0,0
SUPER_Z,39530000,0,0,0,0,0,0,0
SUPER_Z,39540000,0,0,0,0,0,0,0
SUPER_Z,39550000,0,0,0,0,0,0,0
SUPER_Z,39560000,0,0,0,0,0,0,0
SUPER_Z,39570000,0,0,0,0,0,0,0
SUPER_Z,39580000,0,0,0,0,0,0,0
SUPER_Z,39590000,0,0,0,0,0,0,0
SUPER_Z,39600000,0,0,0,0,0,0,0
SUPER_Z,39610000,0,0,0,0,0,0,0
SUPER_Z,39620000,0,0,0,0,0,0,0
SUPER_Z,39630000,0,0,0,0,0,0,0
SUPER_Z,39640000,0,0,0,0,0,0,0
SUPER_Z,39650000,0,0,0,0,0,0,0
SUPER_Z,39660000,0,0,0,0,0,0,0
SUPER_Z,39670000,0,0,0,0,0,0,0
SUPER_Z,39680000,0,0,0,0,0,0,0
SUPER_Z,39690000,0,0,0,0,0,0,0
SUPER_Z,39700000,0,0,0,0,0,0,0
SUPER_Z,39710000,0,0,0,0,0,0,0
SUPER_Z,39720000,0,0,0,0,0,0,0
SUPER_Z,39730000,0,0,0,0,0,0,0
SUPER_Z,39740000,0,0,0,0,0,0,0
SUPER_Z,39750000,0,0,0,0,0,0,0
SUPER_Z,39760000,0,0,0,0,0,0,0
SUPER_Z,39770000,0,0,0,0,0,0,0
SUPER_Z,39780000,0,0,0,0,0,0,0
SUPER_Z,39790000,0,0,0,0,0,0,0
SUPER_Z,39800000,0,0,0,0,0,0,0
SUPER_Z,39810000,0,0,0,0,0,0,0
SUPER_Z,39820000,0,0,0,0,0,0,0
SUPER_Z,39830000,0,0,0,0,0,0,0
SUPER_Z,39840000,0,0,0,0,0,0,0
SUPER_Z,39850000,0,0,0,0,0,0,0
SUPER_Z,39860000,0,0,0,0,0,0,0
SUPER_Z,39870000,0,0,0,0,0,0,0
SUPER_Z,39880000,0,0,0,0,0,0,0
SUPER_Z,39890000,0,0,0,0,0,0,0
SUPER_Z,39900000,0,0,0,0,0,0,0
SUPER_Z,39910000,0,0,0,0,0,0,0
SUPER_Z,39920000,0,0,0,0,0,0,0
SUPER_Z,39930000,0,0,0,0,0,0,0
SUPER_Z,39940000,0,0,0,0,0,0,0
SUPER_Z,39950000,0,0,0,0,0,0,0
SUPER_Z,39960000,0,0,0,0,0,0,0
SUPER_Z,39970000,0,0,0,0,0,0,0
SUPER_Z,39980000,0,0,0,0,0,0,0
SUPER_Z,39990000,0,0,0,0,0,0,0
SUPER_Z,40000000,0,0,0,0,0,0,0
SUPER_Z,40010000,0,0,0,0,0,0,0
SUPER_Z,40020000,0,0,0,0,0,0,0
SUPER_Z,40030000,0,0,0,0,0,0,0
SUPER_Z,40040000,0,0,0,0,0,0,0
SUPER_Z,40050000,0,0,0,0,0,0,0
SUPER_Z,40060000,0,0,0,0,0,0,0
SUPER_Z,40070000,0,0,0,0,0,0,0
SUPER_Z,40080000,0,0,0,0,0,0,0
SUPER_Z,40090000,0,0,0,0,0,0,0
SUPER_Z,40100000,0,0,0,0,0,0,0
SUPER_Z,40110000,0,0,0,0,0,0,0
SUPER_Z,40120000,0,0,0,0,0,0,0
SUPER_Z,40130000,0,0,0,0,0,0,0
SUPER_Z,40140000,0,0,0,0,0,0,0
SUPER_Z,40150000,0,0,0,0,0,0,0
SUPER_Z,40160000,0,0,0,0,0,0,0
SUPER_Z,40170000,0,0,0,0,0,0,0
SUPER_Z,40180000,0,0,0,0,0,0,0
SUPER_Z,40190000,0,0,0,0,0,0,0
SUPER_Z,40200000,0,0,0,0,0,0,0
SUPER_Z,40210000,0,0,0,0,0,0,0
SUPER_Z,40220000,0,0,0,0,0,0,0
SUPER_Z,40230000,0,0,0,0,0,0,0
SUPER_Z,40240000,0,0,0,0,0,0,0
SUPER_Z,40250000,0,0,0,0,0,0,0
SUPER_Z,40260000,0,0,0,0,0,0,0
SUPER_Z,40270000,0,0,0,0,0,0,0
SUPER_Z,40280000,0,0,0,0,0,0,0
SUPER_Z,40290000,0,0,0,0,0,0,0
SUPER_Z,40300000,0,0,0,0,0,0,0
SUPER_Z,40310000,0,0,0,0,0,0,0
SUPER_Z,40320000,0,0,0,0,0,0,0
SUPER_Z,40330000,0,0,0,0,0,0,0
SUPER_Z,40340000,0,0,0,0,0,0,0
SUPER_Z,40350000,0,0,0,0,0,0,0
SUPER_Z,40360000,0,0,0,0,0,0,0
SUPER_Z,40370000,0,0,0,0,0,0,0
SUPER_Z,40380000,0,0,0,0,0,0,0
SUPER_Z,40390000,0,0,0,0,0,0,0
SUPER_Z,40400000,0,0,0,0,0,0,0
SUPER_Z,40410000,0,0,0,0,0,0,0
SUPER_Z,40420000,0,0,0,0,0,0,0
SUPER_Z,40430000,0,0,0,0,0,0,0
SUPER_Z,40440000,0,0,0,0,0,0,0
SUPER_Z,40450000,0,0,0,0,0,0,0
SUPER_Z,40460000,0,0,0,0,0,0,0
SUPER_Z,40470000,0,0,0,0,0,0,0
SUPER_Z,40480000,0,0,0,0,0,0,0
SUPER_Z,40490000,0,0,0,0,0,0,0
SUPER_Z,40500000,0,0,0,0,0,0,0
SUPER_Z,40510000,0,0,0,0,0,0,0
SUPER_Z,40520000,0,0,0,0,0,0,0
SUPER_Z,40530000,0,0,0,0,0,0,0
SUPER_Z,40540000,0,0,0,0,0,0,0
SUPER_Z,40550000,0,0,0,0,0,0,0
SUPER_Z,40560000,0,0,0,0,0,0,0
SUPER_Z,40570000,0,0,0,0,0,0,0
SUPER_Z,40580000,0,0,0,0,0,0,0
SUPER_Z,40590000,0,0,0,0,0,0,0
SUPER_Z,40600000,0,0,0,0,0,0,0
SUPER_Z,40610000,0,0,0,0,0,0,0
SUPER_Z,40620000,0,0,0,0,0,0,0
SUPER_Z,40630000,0,0,0,0,0,0,0
SUPER_Z,40640000,0,0,0,0,0,0,0
SUPER_Z,40650000,0,0,0,0,0,0,0
SUPER_Z,40660000,0,0,0,0,0,0,0
SUPER_Z,40670000,0,0,0,0,0,0,0
SUPER_Z,40680000,0,0,0,0,0,0,0
SUPER_Z,40690000,0,0,0,0,0,0,0
SUPER_Z,40700000,0,0,0,0,0,0,0
SUPER_Z,40710000,0,0,0,0,0,0,0
SUPER_Z,40720000,0,0,0,0,0,0,0
SUPER_Z,40730000,0,0,0,0,0,0,0
SUPER_Z,40740000,0,0,0,0,0,0,0
SUPER_Z,40750000,0,0,0,0,0,0,0
SUPER_Z,40760000,0,0,0,0,0,0,0
SUPER_Z,40770000,0,0,0,0,0,0,0
SUPER_Z,40780000,0,0,0,0,0,0,0
SUPER_Z,40790000,0,0,0,0,0,0,0
SUPER_Z,40800000,0,0,0,0,0,0,0
SUPER_Z,40810000,0,0,0,0,0,0,0
SUPER_Z,40820000,0,0,0,0,0,0,0
SUPER_Z,40830000,0,0,0,0,0,0,0
SUPER_Z,40840000,0,0,0,0,0,0,0
SUPER_Z,40850000,0,0,0,0,0,0,0
SUPER_Z,40860000,0,0,0,0,0,0,0
SUPER_Z,40870000,0,0,0,0,0,0,0
SUPER_Z,40880000,0,0,0,0,0,0,0
SUPER_Z,40890000,0,0,0,0,0,0,0
SUPER_Z,40900000,0,0,0,0,0,0,0
SUPER_Z,40910000,0,0,0,0,0,0,0
SUPER_Z,40920000,0,0,0,0,0,0,0
SUPER_Z,40930000,0,0,0,0,0,0,0
SUPER_Z,40940000,0,0,0,0,0,0,0
SUPER_Z,40950000,0,0,0,0,0,0,0
SUPER_Z,40960000,0,0,0,0,0,0,0
SUPER_Z,40970000,0,0,0,0,0,0,0
SUPER_Z,40980000,0,0,0,0,0,0,0
SUPER_Z,40990000,0,0,0,0,0,0,0
SUPER_Z,41000000,0,0,0,0,0,0,0
SUPER_Z,41010000,0,0,0,0,0,0,0
SUPER_Z,41020000,0,0,0,0,0,0,0
SUPER_Z,41030000,0,0,0,0,0,0,0
SUPER_Z,41040000,0,0,0,0,0,0,0
SUPER_Z,41050000,0,0,0,0,0,0,0
SUPER_Z,41060000,0,0,0,0,0,0,0
SUPER_Z,41070000,0,0,0,0,0,0,0
SUPER_Z,41080000,0,0,0,0,0,0,0
SUPER_Z,41090000,0,0,0,0,0,0,0
SUPER_Z,41100000,0,0,0,0,0,0,0
SUPER_Z,41110000,0,0,0,0,0,0,0
SUPER_Z,41120000,0,0,0,0,0,0,0
SUPER_Z,41130000,0,0,0,0,0,0,0
SUPER_Z,41140000,0,0,0,0,0,0,0
SUPER_Z,41150000,0,0,0,0,0,0,0
SUPER_Z,41160000,0,0,0,0,0,0,0
SUPER_Z,41170000,0,0,0,0,0,0,0
SUPER_Z,41180000,0,0,0,0,0,0,0
SUPER_Z,41190000,0,0,0,0,0,0,0
SUPER_Z,41200000,0,0,0,0,0,0,0
SUPER_Z,41210000,0,0,0,0,0,0,0
SUPER_Z,41220000,0,0,0,0,0,0,0
SUPER_Z,41230000,0,0,0,0,0,0,0
SUPER_Z,41240000,0,0,0,0,0,0,0
SUPER_Z,41250000,0,0,0,0,0,0,0
SUPER_Z,41260000,0,0,0,0,0,0,0
SUPER_Z,41270000,0,0,0,0,0,0,0
SUPER_Z,41280000,0,0,0,0,0,0,0
SUPER_Z,41290000,0,0,0,0,0,0,0
SUPER_Z,41300000,0,0,0,0,0,0,0
SUPER_Z,41310000,0,0,0,0,0,0,0
SUPER_Z,41320000,0,0,0,0,0,0,0
SUPER_Z,41330000,0,0,0,0,0,0,0
SUPER_Z,41340000,0,0,0,0,0,0,0
SUPER_Z,41350000,0,0,0,0,0,0,0
SUPER_Z,41360000,0,0,0,0,0,0,0
SUPER_Z,41370000,0,0,0,0,0,0,0
SUPER_Z,41380000,0,0,0,0,0,0,0
SUPER_Z,41390000,0,0,0,0,0,0,0
SUPER_Z,41400000,0,0,0,0,0,0,0
SUPER_Z,41410000,0,0,0,0,0,0,0
SUPER_Z,41420000,0,0,0,0,0,0,0
SUPER_Z,41430000,0,0,0,0,0,0,0
SUPER_Z,41440000,0,0,0,0,0,0,0
SUPER_Z,41450000,0,0,0,0,0,0,0
SUPER_Z,41460000,0,0,0,0,0,0,0
SUPER_Z,41470000,8,8,24,40,5,3,1.46875
SUPER_Z,41480000,0,0,0,0,0,0,0
SUPER_Z,41490000,0,0,0,0,0,0,0
SUPER_Z,41500000,0,0,0,0,0,0,0
SUPER_Z,41510000,0,0,0,0,0,0,0
SUPER_Z,41520000,0,0,0,0,0,0,0
SUPER_Z,41530000,0,0,0,0,0,0,0
SUPER_Z,41540000,0,0,0,0,0,0,0
SUPER_Z,41550000,0,0,0,0,0,0,0
SUPER_Z,41560000,0,0,0,0,0,0,0
SUPER_Z,41570000,0,0,0,0,0,0,0
SUPER_Z,41580000,0,0,0,0,0,0,0
SUPER_Z,41590000,0,0,0,0,0,0,0
SUPER_Z,41600000,0,0,0,0,0,0,0
SUPER_Z,41610000,0,0,0,0,0,0,0
SUPER_Z,41620000,0,0,0,0,0,0,0
SUPER_Z,41630000,0,0,0,0,0,0,0
SUPER_Z,41640000,0,0,0,0,0,0,0
SUPER_Z,41650000,0,0,0,0,0,0,0
SUPER_Z,41660000,0,0,0,0,0,0,0
SUPER_Z,41670000,0,0,0,0,0,0,0
SUPER_Z,41680000,0,0,0,0,0,0,0
SUPER_Z,41690000,0,0,0,0,0,0,0
SUPER_Z,41700000,0,0,0,0,0,0,0
SUPER_Z,41710000,0,0,0,0,0,0,0
SUPER_Z,41720000,0,0,0,0,0,0,0
SUPER_Z,41730000,0,0,0,0,0,0,0
SUPER_Z,41740000,0,0,0,0,0,0,0
SUPER_Z,41750000,0,0,0,0,0,0,0
SUPER_Z,41760000,0,0,0,0,0,0,0
SUPER_Z,41770000,0,0,0,0,0,0,0
SUPER_Z,41780000,0,0,0,0,0,0,0
SUPER_Z,41790000,0,0,0,0,0,0,0
SUPER_Z,41800000,0,0,0,0,0,0,0
SUPER_Z,41810000,0,0,0,0,0,0,0
SUPER_Z,41820000,0,0,0,0,0,0,0
SUPER_Z,41830000,0,0,0,0,0,0,0
SUPER_Z,41840000,0,0,0,0,0,0,0
SUPER_Z,41850000,0,0,0,0,0,0,0
SUPER_Z,41860000,0,0,0,0,0,0,0
SUPER_Z,41870000,0,0,0,0,0,0,0
SUPER_Z,41880000,0,0,0,0,0,0,0
SUPER_Z,41890000,61,4,8,73,39,22,2.4166667
SUPER_Z,41900000,0,0,0,0,0,0,0
SUPER_Z,41910000,0,0,0,0,0,0,0
SUPER_Z,41920000,0,0,0,0,0,0,0
SUPER_Z,41930000,0,0,0,0,0,0,0
SUPER_Z,41940000,0,0,0,0,0,0,0
SUPER_Z,41950000,0,0,0,0,0,0,0
SUPER_Z,41960000,0,0,0,0,0,0,0
SUPER_Z,41970000,0,0,0,0,0,0,0
SUPER_Z,41980000,0,0,0,0,0,0,0
SUPER_Z,41990000,37,0,3,40,25,12,1.3333334
SUPER_Z,42000000,0,0,0,0,0,0,0
SUPER_Z,42010000,0,0,0,0,0,0,0
SUPER_Z,42020000,0,0,0,0,0,0,0
SUPER_Z,42030000,0,0,0,0,0,0,0
SUPER_Z,42040000,0,0,0,0,0,0,0
SUPER_Z,42050000,0,0,0,0,0,0,0
SUPER_Z,42060000,0,0,0,0,0,0,0
SUPER_Z,42070000,0,0,0,0,0,0,0
SUPER_Z,42080000,0,0,0,0,0,0,0
SUPER_Z,42090000,0,0,0,0,0,0,0
SUPER_Z,42100000,0,0,0,0,0,0,0
SUPER_Z,42110000,0,0,0,0,0,0,0
SUPER_Z,42120000,0,0,0,0,0,0,0
SUPER_Z,42130000,0,0,0,0,0,0,0
SUPER_Z,42140000,0,0,0,0,0,0,0
SUPER_Z,42150000,0,0,0,0,0,0,0
SUPER_Z,42160000,0,0,0,0,0,0,0
SUPER_Z,42170000,0,0,0,0,0,0,0
SUPER_Z,42180000,0,0,0,0,0,0,0
SUPER_Z,42190000,0,0,0,0,0,0,0
SUPER_Z,42200000,0,0,0,0,0,0,0
SUPER_Z,42210000,0,0,0,0,0,0,0
SUPER_Z,42220000,0,0,0,0,0,0,0
SUPER_Z,42230000,0,0,0,0,0,0,0
SUPER_Z,42240000,0,0,0,0,0,0,0
SUPER_Z,42250000,0,0,0,0,0,0,0
SUPER_Z,42260000,0,0,0,0,0,0,0
SUPER_Z,42270000,0,0,0,0,0,0,0
SUPER_Z,42280000,0,0,0,0,0,0,0
SUPER_Z,42290000,0,0,0,0,0,0,0
SUPER_Z,42300000,0,0,0,0,0,0,0
SUPER_Z,42310000,0,0,0,0,0,0,0
SUPER_Z,42320000,0,0,0,0,0,0,0
SUPER_Z,42330000,0,0,0,0,0,0,0
SUPER_Z,42340000,0,0,0,0,0,0,0
SUPER_Z,42350000,0,0,0,0,0,0,0
SUPER_Z,42360000,0,0,0,0,0,0,0
SUPER_Z,42370000,0,0,0,0,0,0,0
SUPER_Z,42380000,0,0,0,0,0,0,0
SUPER_Z,42390000,0,0,0,0,0,0,0
SUPER_Z,42400000,0,0,0,0,0,0,0
SUPER_Z,42410000,0,0,0,0,0,0,0
SUPER_Z,42420000,0,0,0,0,0,0,0
SUPER_Z,42430000,0,0,0,0,0,0,0
SUPER_Z,42440000,0,0,0,0,0,0,0
SUPER_Z,42450000,0,0,0,0,0,0,0
SUPER_Z,42460000,0,0,0,0,0,0,0
SUPER_Z,42470000,0,0,0,0,0,0,0
SUPER_Z,42480000,0,0,0,0,0,0,0
SUPER_Z,42490000,0,0,0,0,0,0,0
SUPER_Z,42500000,0,0,0,0,0,0,0
SUPER_Z,42510000,0,0,0,0,0,0,0
SUPER_Z,42520000,0,0,0,0,0,0,0
SUPER_Z,42530000,0,0,0,0,0,0,0
SUPER_Z,42540000,0,0,0,0,0,0,0
SUPER_Z,42550000,0,0,0,0,0,0,0
SUPER_Z,42560000,0,0,0,0,0,0,0
SUPER_Z,42570000,0,0,0,0,0,0,0
SUPER_Z,42580000,0,0,0,0,0,0,0
SUPER_Z,42590000,0,0,0,0,0,0,0
SUPER_Z,42600000,0,0,0,0,0,0,0
SUPER_Z,42610000,0,0,0,0,0,0,0
SUPER_Z,42620000,0,0,0,0,0,0,0
SUPER_Z,42630000,0,0,0,0,0,0,0
SUPER_Z,42640000,0,0,0,0,0,0,0
SUPER_Z,42650000,0,0,0,0,0,0,0
SUPER_Z,42660000,0,0,0,0,0,0,0
SUPER_Z,42670000,0,0,0,0,0,0,0
SUPER_Z,42680000,0,0,0,0,0,0,0
SUPER_Z,42690000,0,0,0,0,0,0,0
SUPER_Z,42700000,0,0,0,0,0,0,0
SUPER_Z,42710000,0,0,0,0,0,0,0
SUPER_Z,42720000,0,0,0,0,0,0,0
SUPER_Z,42730000,0,0,0,0,0,0,0
SUPER_Z,42740000,0,0,0,0,0,0,0
SUPER_Z,42750000,0,0,0,0,0,0,0
SUPER_Z,42760000,0,0,0,0,0,0,0
SUPER_Z,42770000,0,0,0,0,0,0,0
SUPER_Z,42780000,0,0,0,0,0,0,0
SUPER_Z,42790000,0,0,0,0,0,0,0
SUPER_Z,42800000,0,0,0,0,0,0,0
SUPER_Z,42810000,0,0,0,0,0,0,0
SUPER_Z,42820000,0,0,0,0,0,0,0
SUPER_Z,42830000,0,0,0,0,0,0,0
SUPER_Z,42840000,0,0,0,0,0,0,0
SUPER_Z,42850000,0,0,0,0,0,0,0
SUPER_Z,42860000,0,0,0,0,0,0,0
SUPER_Z,42870000,0,0,0,0,0,0,0
SUPER_Z,42880000,0,0,0,0,0,0,0
SUPER_Z,42890000,0,0,0,0,0,0,0
SUPER_Z,42900000,0,0,0,0,0,0,0
SUPER_Z,42910000,0,0,0,0,0,0,0
SUPER_Z,42920000,0,0,0,0,0,0,0
SUPER_Z,42930000,0,0,0,0,0,0,0
SUPER_Z,42940000,0,0,0,0,0,0,0
SUPER_Z,42950000,0,0,0,0,0,0,0
SUPER_Z,42960000,0,0,0,0,0,0,0
SUPER_Z,42970000,25,12,9,46,12,13,4.2380953
SUPER_Z,42980000,0,0,1,1,0,0,2
SUPER_Z,42990000,0,0,0,0,0,0,0
SUPER_Z,43000000,0,0,0,0,0,0,0
SUPER_Z,43010000,0,0,0,0,0,0,0
SUPER_Z,43020000,0,0,2,2,0,0,2
SUPER_Z,43030000,0,0,0,0,0,0,0
SUPER_Z,43040000,0,0,0,0,0,0,0
SUPER_Z,43050000,0,0,0,0,0,0,0
SUPER_Z,43060000,0,0,0,0,0,0,0
SUPER_Z,43070000,0,0,0,0,0,0,0
SUPER_Z,43080000,0,0,0,0,0,0,0
SUPER_Z,43090000,0,0,0,0,0,0,0
SUPER_Z,43100000,0,0,0,0,0,0,0
SUPER_Z,43110000,0,0,0,0,0,0,0
SUPER_Z,43120000,0,0,0,0,0,0,0
SUPER_Z,43130000,0,0,0,0,0,0,0
SUPER_Z,43140000,0,0,0,0,0,0,0
SUPER_Z,43150000,0,0,0,0,0,0,0
SUPER_Z,43160000,0,0,0,0,0,0,0
SUPER_Z,43170000,0,0,0,0,0,0,0
SUPER_Z,43180000,0,0,0,0,0,0,0
SUPER_Z,43190000,0,0,0,0,0,0,0
SUPER_Z,43200000,0,0,0,0,0,0,0
SUPER_Z,43210000,0,0,0,0,0,0,0
SUPER_Z,43220000,0,0,0,0,0,0,0
SUPER_Z,43230000,0,0,0,0,0,0,0
SUPER_Z,43240000,0,0,0,0,0,0,0
SUPER_Z,43250000,0,0,0,0,0,0,0
SUPER_Z,43260000,0,0,0,0,0,0,0
SUPER_Z,43270000,0,0,0,0,0,0,0
SUPER_Z,43280000,0,0,0,0,0,0,0
SUPER_Z,43290000,0,0,0,0,0,0,0
SUPER_Z,43300000,0,0,0,0,0,0,0
SUPER_Z,43310000,0,0,0,0,0,0,0
SUPER_Z,43320000,0,0,0,0,0,0,0
SUPER_Z,43330000,0,0,0,0,0,0,0
SUPER_Z,43340000,0,0,0,0,0,0,0
SUPER_Z,43350000,0,0,0,0,0,0,0
SUPER_Z,43360000,0,0,0,0,0,0,0
SUPER_Z,43370000,0,0,0,0,0,0,0
SUPER_Z,43380000,0,0,0,0,0,0,0
SUPER_Z,43390000,0,0,0,0,0,0,0
SUPER_Z,43400000,0,0,0,0,0,0,0
SUPER_Z,43410000,0,0,0,0,0,0,0
SUPER_Z,43420000,0,0,0,0,0,0,0
SUPER_Z,43430000,0,0,0,0,0,0,0
SUPER_Z,43440000,0,0,0,0,0,0,0
SUPER_Z,43450000,0,0,0,0,0,0,0
SUPER_Z,43460000,0,0,0,0,0,0,0
SUPER_Z,43470000,0,0,0,0,0,0,0
SUPER_Z,43480000,0,0,0,0,0,0,0
SUPER_Z,43490000,0,0,0,0,0,0,0
SUPER_Z,43500000,0,0,0,0,0,0,0
SUPER_Z,43510000,0,0,0,0,0,0,0
SUPER_Z,43520000,0,0,0,0,0,0,0
SUPER_Z,43530000,0,0,0,0,0,0,0
SUPER_Z,43540000,0,0,0,0,0,0,0
SUPER_Z,43550000,0,0,0,0,0,0,0
SUPER_Z,43560000,0,0,0,0,0,0,0
SUPER_Z,43570000,0,0,0,0,0,0,0
SUPER_Z,43580000,0,0,0,0,0,0,0
SUPER_Z,43590000,0,0,0,0,0,0,0
SUPER_Z,43600000,0,0,0,0,0,0,0
SUPER_Z,43610000,0,0,0,0,0,0,0
SUPER_Z,43620000,0,0,0,0,0,0,0
SUPER_Z,43630000,0,0,0,0,0,0,0
SUPER_Z,43640000,0,0,0,0,0,0,0
SUPER_Z,43650000,0,0,0,0,0,0,0
SUPER_Z,43660000,0,0,0,0,0,0,0
SUPER_Z,43670000,0,0,0,0,0,0,0
SUPER_Z,43680000,0,0,0,0,0,0,0
SUPER_Z,43690000,0,0,0,0,0,0,0
SUPER_Z,43700000,0,0,0,0,0,0,0
SUPER_Z,43710000,0,0,0,0,0,0,0
SUPER_Z,43720000,0,0,0,0,0,0,0
SUPER_Z,43730000,0,0,0,0,0,0,0
SUPER_Z,43740000,0,0,0,0,0,0,0
SUPER_Z,43750000,0,0,0,0,0,0,0
SUPER_Z,43760000,0,0,0,0,0,0,0
SUPER_Z,43770000,0,0,0,0,0,0,0
SUPER_Z,43780000,0,0,0,0,0,0,0
SUPER_Z,43790000,0,0,0,0,0,0,0
SUPER_Z,43800000,0,0,0,0,0,0,0
SUPER_Z,43810000,0,0,0,0,0,0,0
SUPER_Z,43820000,0,0,0,0,0,0,0
SUPER_Z,43830000,0,0,0,0,0,0,0
SUPER_Z,43840000,0,0,0,0,0,0,0
SUPER_Z,43850000,0,0,0,0,0,0,0
SUPER_Z,43860000,0,0,0,0,0,0,0
SUPER_Z,43870000,0,0,0,0,0,0,0
SUPER_Z,43880000,0,0,0,0,0,0,0
SUPER_Z,43890000,0,0,0,0,0,0,0
SUPER_Z,43900000,0,0,0,0,0,0,0
SUPER_Z,43910000,0,0,0,0,0,0,0
SUPER_Z,43920000,0,0,0,0,0,0,0
SUPER_Z,43930000,0,0,0,0,0,0,0
SUPER_Z,43940000,0,0,0,0,0,0,0
SUPER_Z,43950000,0,0,0,0,0,0,0
SUPER_Z,43960000,0,0,0,0,0,0,0
SUPER_Z,43970000,0,0,0,0,0,0,0
SUPER_Z,43980000,0,0,0,0,0,0,0
SUPER_Z,43990000,0,0,0,0,0,0,0
SUPER_Z,44000000,0,0,0,0,0,0,0
SUPER_Z,44010000,0,0,0,0,0,0,0
SUPER_Z,44020000,0,0,0,0,0,0,0
SUPER_Z,44030000,0,0,0,0,0,0,0
SUPER_Z,44040000,0,0,0,0,0,0,0
SUPER_Z,44050000,0,0,0,0,0,0,0
SUPER_Z,44060000,0,0,0,0,0,0,0
SUPER_Z,44070000,0,0,0,0,0,0,0
SUPER_Z,44080000,0,0,0,0,0,0,0
SUPER_Z,44090000,0,0,0,0,0,0,0
SUPER_Z,44100000,0,0,0,0,0,0,0
SUPER_Z,44110000,0,0,0,0,0,0,0
SUPER_Z,44120000,3,8,6,17,0,3,1.2857143
SUPER_Z,44130000,0,0,0,0,0,0,0
SUPER_Z,44140000,0,0,0,0,0,0,0
SUPER_Z,44150000,0,0,0,0,0,0,0
SUPER_Z,44160000,0,0,0,0,0,0,0
SUPER_Z,44170000,0,0,0,0,0,0,0
SUPER_Z,44180000,0,0,0,0,0,0,0
SUPER_Z,44190000,0,0,0,0,0,0,0
SUPER_Z,44200000,0,0,0,0,0,0,0
SUPER_Z,44210000,0,0,0,0,0,0,0
SUPER_Z,44220000,0,0,0,0,0,0,0
SUPER_Z,44230000,0,0,0,0,0,0,0
SUPER_Z,44240000,0,0,0,0,0,0,0
SUPER_Z,44250000,0,0,0,0,0,0,0
SUPER_Z,44260000,0,0,0,0,0,0,0
SUPER_Z,44270000,0,0,0,0,0,0,0
SUPER_Z,44280000,0,2,1,3,0,0,1.6666666
SUPER_Z,44290000,0,1,0,1,0,0,2
SUPER_Z,44300000,0,0,0,0,0,0,0
SUPER_Z,44310000,0,0,0,0,0,0,0
SUPER_Z,44320000,0,0,0,0,0,0,0
SUPER_Z,44330000,0,0,0,0,0,0,0
SUPER_Z,44340000,0,0,0,0,0,0,0
SUPER_Z,44350000,0,0,0,0,0,0,0
SUPER_Z,44360000,0,0,0,0,0,0,0
SUPER_Z,44370000,0,0,0,0,0,0,0
SUPER_Z,44380000,0,0,0,0,0,0,0
SUPER_Z,44390000,0,0,0,0,0,0,0
SUPER_Z,44400000,0,0,0,0,0,0,0
SUPER_Z,44410000,4,1,1,6,1,3,1.5
SUPER_Z,44420000,0,0,0,0,0,0,0
SUPER_Z,44430000,0,0,0,0,0,0,0
SUPER_Z,44440000,0,0,0,0,0,0,0
SUPER_Z,44450000,0,0,0,0,0,0,0
SUPER_Z,44460000,0,0,0,0,0,0,0
SUPER_Z,44470000,0,0,0,0,0,0,0
SUPER_Z,44480000,0,0,0,0,0,0,0
SUPER_Z,44490000,0,0,0,0,0,0,0
SUPER_Z,44500000,0,0,0,0,0,0,0
SUPER_Z,44510000,0,0,0,0,0,0,0
SUPER_Z,44520000,0,0,0,0,0,0,0
SUPER_Z,44530000,0,0,0,0,0,0,0
SUPER_Z,44540000,0,0,0,0,0,0,0
SUPER_Z,44550000,0,0,0,0,0,0,0
SUPER_Z,44560000,0,0,0,0,0,0,0
SUPER_Z,44570000,0,0,0,0,0,0,0
SUPER_Z,44580000,0,0,0,0,0,0,0
SUPER_Z,44590000,0,0,0,0,0,0,0
SUPER_Z,44600000,0,0,0,0,0,0,0
SUPER_Z,44610000,0,0,0,0,0,0,0
SUPER_Z,44620000,0,0,0,0,0,0,0
SUPER_Z,44630000,0,0,0,0,0,0,0
SUPER_Z,44640000,0,0,0,0,0,0,0
SUPER_Z,44650000,0,0,0,0,0,0,0
SUPER_Z,44660000,0,0,0,0,0,0,0
SUPER_Z,44670000,0,0,0,0,0,0,0
SUPER_Z,44680000,71,6,3,80,33,38,2.2222223
SUPER_Z,44690000,0,0,0,0,0,0,0
SUPER_Z,44700000,0,0,0,0,0,0,0
SUPER_Z,44710000,0,0,0,0,0,0,0
SUPER_Z,44720000,0,0,0,0,0,0,0
SUPER_Z,44730000,0,0,0,0,0,0,0
SUPER_Z,44740000,0,0,0,0,0,0,0
SUPER_Z,44750000,0,0,0,0,0,0,0
SUPER_Z,44760000,0,0,0,0,0,0,0
SUPER_Z,44770000,0,0,0,0,0,0,0
SUPER_Z,44780000,0,0,0,0,0,0,0
SUPER_Z,44790000,0,0,0,0,0,0,0
SUPER_Z,44800000,0,0,0,0,0,0,0
SUPER_Z,44810000,0,0,0,0,0,0,0
SUPER_Z,44820000,0,0,0,0,0,0,0
SUPER_Z,44830000,0,0,0,0,0,0,0
SUPER_Z,44840000,0,0,0,0,0,0,0
SUPER_Z,44850000,0,0,0,0,0,0,0
SUPER_Z,44860000,0,0,0,0,0,0,0
SUPER_Z,44870000,0,0,0,0,0,0,0
SUPER_Z,44880000,0,0,0,0,0,0,0
SUPER_Z,44890000,0,0,0,0,0,0,0
SUPER_Z,44900000,0,0,0,0,0,0,0
SUPER_Z,44910000,0,0,0,0,0,0,0
SUPER_Z,44920000,0,0,0,0,0,0,0
SUPER_Z,44930000,0,0,0,0,0,0,0
SUPER_Z,44940000,0,0,0,0,0,0,0
SUPER_Z,44950000,0,0,0,0,0,0,0
SUPER_Z,44960000,0,0,0,0,0,0,0
SUPER_Z,44970000,0,0,0,0,0,0,0
SUPER_Z,44980000,0,0,0,0,0,0,0
SUPER_Z,44990000,0,0,0,0,0,0,0
SUPER_Z,45000000,0,0,0,0,0,0,0
SUPER_Z,45010000,0,0,0,0,0,0,0
SUPER_Z,45020000,0,0,0,0,0,0,0
SUPER_Z,45030000,0,0,0,0,0,0,0
SUPER_Z,45040000,0,0,0,0,0,0,0
SUPER_Z,45050000,0,0,0,0,0,0,0
SUPER_Z,45060000,0,0,0,0,0,0,0
SUPER_Z,45070000,0,0,0,0,0,0,0
SUPER_Z,45080000,0,0,0,0,0,0,0
SUPER_Z,45090000,0,0,0,0,0,0,0
SUPER_Z,45100000,0,0,0,0,0,0,0
SUPER_Z,45110000,0,0,0,0,0,0,0
SUPER_Z,45120000,0,0,0,0,0,0,0
SUPER_Z,45130000,0,0,0,0,0,0,0
SUPER_Z,45140000,0,0,0,0,0,0,0
SUPER_Z,45150000,0,0,0,0,0,0,0
SUPER_Z,45160000,0,0,0,0,0,0,0
SUPER_Z,45170000,0,0,0,0,0,0,0
SUPER_Z,45180000,0,0,0,0,0,0,0
SUPER_Z,45190000,0,0,0,0,0,0,0
SUPER_Z,45200000,0,0,0,0,0,0,0
SUPER_Z,45210000,0,0,0,0,0,0,0
SUPER_Z,45220000,0,0,0,0,0,0,0
SUPER_Z,45230000,0,0,0,0,0,0,0
SUPER_Z,45240000,0,0,0,0,0,0,0
SUPER_Z,45250000,0,0,0,0,0,0,0
SUPER_Z,45260000,0,0,0,0,0,0,0
SUPER_Z,45270000,0,3,6,9,0,0,1.5555556
SUPER_Z,45280000,0,0,0,0,0,0,0
SUPER_Z,45290000,0,0,0,0,0,0,0
SUPER_Z,45300000,0,0,0,0,0,0,0
SUPER_Z,45310000,0,0,0,0,0,0,0
SUPER_Z,45320000,0,0,0,0,0,0,0
SUPER_Z,45330000,0,0,0,0,0,0,0
SUPER_Z,45340000,0,0,0,0,0,0,0
SUPER_Z,45350000,0,0,0,0,0,0,0
SUPER_Z,45360000,0,0,0,0,0,0,0
SUPER_Z,45370000,0,0,0,0,0,0,0
SUPER_Z,45380000,0,0,0,0,0,0,0
SUPER_Z,45390000,0,0,0,0,0,0,0
SUPER_Z,45400000,0,0,0,0,0,0,0
SUPER_Z,45410000,0,0,0,0,0,0,0
SUPER_Z,45420000,0,0,0,0,0,0,0
SUPER_Z,45430000,0,0,0,0,0,0,0
SUPER_Z,45440000,0,0,0,0,0,0,0
SUPER_Z,45450000,0,0,0,0,0,0,0
SUPER_Z,45460000,0,0,0,0,0,0,0
SUPER_Z,45470000,0,0,0,0,0,0,0
SUPER_Z,45480000,0,0,0,0,0,0,0
SUPER_Z,45490000,0,0,0,0,0,0,0
SUPER_Z,45500000,0,0,0,0,0,0,0
SUPER_Z,45510000,0,0,0,0,0,0,0
SUPER_Z,45520000,0,0,0,0,0,0,0
SUPER_Z,45530000,0,0,0,0,0,0,0
SUPER_Z,45540000,0,0,0,0,0,0,0
SUPER_Z,45550000,0,0,0,0,0,0,0
SUPER_Z,45560000,0,0,0,0,0,0,0
SUPER_Z,45570000,0,0,0,0,0,0,0
SUPER_Z,45580000,0,0,0,0,0,0,0
SUPER_Z,45590000,0,0,0,0,0,0,0
SUPER_Z,45600000,0,0,0,0,0,0,0
SUPER_Z,45610000,0,0,0,0,0,0,0
SUPER_Z,45620000,0,0,0,0,0,0,0
SUPER_Z,45630000,0,0,0,0,0,0,0
SUPER_Z,45640000,0,0,0,0,0,0,0
SUPER_Z,45650000,0,0,0,0,0,0,0
SUPER_Z,45660000,0,0,0,0,0,0,0
SUPER_Z,45670000,0,0,0,0,0,0,0
SUPER_Z,45680000,0,0,0,0,0,0,0
SUPER_Z,45690000,0,0,0,0,0,0,0
SUPER_Z,45700000,0,0,0,0,0,0,0
SUPER_Z,45710000,0,0,0,0,0,0,0
SUPER_Z,45720000,0,0,0,0,0,0,0
SUPER_Z,45730000,0,0,0,0,0,0,0
SUPER_Z,45740000,0,0,0,0,0,0,0
SUPER_Z,45750000,0,0,0,0,0,0,0
SUPER_Z,45760000,0,0,0,0,0,0,0
SUPER_Z,45770000,0,0,0,0,0,0,0
SUPER_Z,45780000,0,0,0,0,0,0,0
SUPER_Z,45790000,0,0,0,0,0,0,0
SUPER_Z,45800000,0,0,0,0,0,0,0
SUPER_Z,45810000,0,0,0,0,0,0,0
SUPER_Z,45820000,0,0,0,0,0,0,0
SUPER_Z,45830000,0,0,0,0,0,0,0
SUPER_Z,45840000,0,0,0,0,0,0,0
SUPER_Z,45850000,0,0,0,0,0,0,0
SUPER_Z,45860000,0,0,0,0,0,0,0
SUPER_Z,45870000,0,0,0,0,0,0,0
SUPER_Z,45880000,0,0,0,0,0,0,0
SUPER_Z,45890000,0,0,0,0,0,0,0
SUPER_Z,45900000,0,0,0,0,0,0,0
SUPER_Z,45910000,0,0,0,0,0,0,0
SUPER_Z,45920000,0,0,0,0,0,0,0
SUPER_Z,45930000,0,0,0,0,0,0,0
SUPER_Z,45940000,0,0,0,0,0,0,0
SUPER_Z,45950000,0,0,0,0,0,0,0
SUPER_Z,45960000,0,0,0,0,0,0,0
SUPER_Z,45970000,0,0,0,0,0,0,0
SUPER_Z,45980000,0,0,0,0,0,0,0
SUPER_Z,45990000,0,0,0,0,0,0,0
SUPER_Z,46000000,0,0,0,0,0,0,0
SUPER_Z,46010000,0,0,0,0,0,0,0
SUPER_Z,46020000,0,0,0,0,0,0,0
SUPER_Z,46030000,0,0,0,0,0,0,0
SUPER_Z,46040000,0,0,0,0,0,0,0
SUPER_Z,46050000,0,0,0,0,0,0,0
SUPER_Z,46060000,0,0,0,0,0,0,0
SUPER_Z,46070000,0,0,0,0,0,0,0
SUPER_Z,46080000,0,0,0,0,0,0,0
SUPER_Z,46090000,0,0,0,0,0,0,0
SUPER_Z,46100000,0,0,0,0,0,0,0
SUPER_Z,46110000,0,0,0,0,0,0,0
SUPER_Z,46120000,0,0,0,0,0,0,0
SUPER_Z,46130000,0,0,0,0,0,0,0
SUPER_Z,46140000,0,0,0,0,0,0,0
SUPER_Z,46150000,0,0,0,0,0,0,0
SUPER_Z,46160000,0,0,0,0,0,0,0
SUPER_Z,46170000,0,0,0,0,0,0,0
SUPER_Z,46180000,0,0,0,0,0,0,0
SUPER_Z,46190000,0,0,0,0,0,0,0
SUPER_Z,46200000,0,0,0,0,0,0,0
SUPER_Z,46210000,0,0,0,0,0,0,0
SUPER_Z,46220000,0,0,0,0,0,0,0
SUPER_Z,46230000,0,0,0,0,0,0,0
SUPER_Z,46240000,0,0,0,0,0,0,0
SUPER_Z,46250000,0,0,0,0,0,0,0
SUPER_Z,46260000,0,0,0,0,0,0,0
SUPER_Z,46270000,0,0,0,0,0,0,0
SUPER_Z,46280000,0,0,0,0,0,0,0
SUPER_Z,46290000,0,0,0,0,0,0,0
SUPER_Z,46300000,0,0,0,0,0,0,0
SUPER_Z,46310000,0,0,0,0,0,0,0
SUPER_Z,46320000,0,0,0,0,0,0,0
SUPER_Z,46330000,0,0,0,0,0,0,0
SUPER_Z,46340000,1,2,9,12,0,1,1.3636364
SUPER_Z,46350000,0,0,1,1,0,0,1
SUPER_Z,46360000,0,0,0,0,0,0,0
SUPER_Z,46370000,0,0,0,0,0,0,0
SUPER_Z,46380000,0,0,0,0,0,0,0
SUPER_Z,46390000,0,0,0,0,0,0,0
SUPER_Z,46400000,0,0,0,0,0,0,0
SUPER_Z,46410000,0,0,0,0,0,0,0
SUPER_Z,46420000,0,0,0,0,0,0,0
SUPER_Z,46430000,0,0,0,0,0,0,0
SUPER_Z,46440000,0,0,0,0,0,0,0
SUPER_Z,46450000,0,0,0,0,0,0,0
SUPER_Z,46460000,0,0,0,0,0,0,0
SUPER_Z,46470000,0,0,0,0,0,0,0
SUPER_Z,46480000,0,0,0,0,0,0,0
SUPER_Z,46490000,0,0,0,0,0,0,0
SUPER_Z,46500000,0,0,0,0,0,0,0
SUPER_Z,46510000,0,0,0,0,0,0,0
SUPER_Z,46520000,0,0,0,0,0,0,0
SUPER_Z,46530000,0,0,0,0,0,0,0
SUPER_Z,46540000,0,0,0,0,0,0,0
SUPER_Z,46550000,0,0,3,3,0,0,1.6666666
SUPER_Z,46560000,0,0,0,0,0,0,0
SUPER_Z,46570000,0,0,0,0,0,0,0
SUPER_Z,46580000,0,0,0,0,0,0,0
SUPER_Z,46590000,0,0,0,0,0,0,0
SUPER_Z,46600000,0,0,0,0,0,0,0
SUPER_Z,46610000,0,0,0,0,0,0,0
SUPER_Z,46620000,0,0,0,0,0,0,0
SUPER_Z,46630000,0,0,0,0,0,0,0
SUPER_Z,46640000,0,0,0,0,0,0,0
SUPER_Z,46650000,0,0,0,0,0,0,0
SUPER_Z,46660000,0,0,0,0,0,0,0
SUPER_Z,46670000,0,0,0,0,0,0,0
SUPER_Z,46680000,0,0,0,0,0,0,0
SUPER_Z,46690000,0,0,0,0,0,0,0
SUPER_Z,46700000,0,0,0,0,0,0,0
SUPER_Z,46710000,0,0,0,0,0,0,0
SUPER_Z,46720000,0,0,0,0,0,0,0
SUPER_Z,46730000,0,0,0,0,0,0,0
SUPER_Z,46740000,0,0,0,0,0,0,0
SUPER_Z,46750000,0,0,0,0,0,0,0
SUPER_Z,46760000,0,0,0,0,0,0,0
SUPER_Z,46770000,0,0,0,0,0,0,0
SUPER_Z,46780000,0,0,0,0,0,0,0
SUPER_Z,46790000,0,0,0,0,0,0,0
SUPER_Z,46800000,0,0,0,0,0,0,0
SUPER_Z,46810000,0,0,0,0,0,0,0
SUPER_Z,46820000,0,0,0,0,0,0,0
SUPER_Z,46830000,0,0,0,0,0,0,0
SUPER_Z,46840000,0,0,0,0,0,0,0
SUPER_Z,46850000,0,0,0,0,0,0,0
SUPER_Z,46860000,0,0,0,0,0,0,0
SUPER_Z,46870000,0,0,0,0,0,0,0
SUPER_Z,46880000,0,0,0,0,0,0,0
SUPER_Z,46890000,0,0,0,0,0,0,0
SUPER_Z,46900000,0,0,0,0,0,0,0
SUPER_Z,46910000,0,0,0,0,0,0,0
SUPER_Z,46920000,0,0,0,0,0,0,0
SUPER_Z,46930000,0,0,0,0,0,0,0
SUPER_Z,46940000,0,0,0,0,0,0,0
SUPER_Z,46950000,0,0,0,0,0,0,0
SUPER_Z,46960000,0,0,0,0,0,0,0
SUPER_Z,46970000,0,0,0,0,0,0,0
SUPER_Z,46980000,0,0,0,0,0,0,0
SUPER_Z,46990000,0,0,0,0,0,0,0
SUPER_Z,47000000,0,0,0,0,0,0,0
SUPER_Z,47010000,0,0,0,0,0,0,0
SUPER_Z,47020000,0,0,0,0,0,0,0
SUPER_Z,47030000,0,0,0,0,0,0,0
SUPER_Z,47040000,0,0,0,0,0,0,0
SUPER_Z,47050000,0,0,0,0,0,0,0
SUPER_Z,47060000,3,4,3,10,1,2,2.142857
SUPER_Z,47070000,0,0,0,0,0,0,0
SUPER_Z,47080000,0,0,0,0,0,0,0
SUPER_Z,47090000,0,0,0,0,0,0,0
SUPER_Z,47100000,0,0,0,0,0,0,0
SUPER_Z,47110000,0,0,0,0,0,0,0
SUPER_Z,47120000,0,0,0,0,0,0,0
SUPER_Z,47130000,0,0,0,0,0,0,0
SUPER_Z,47140000,0,0,0,0,0,0,0
SUPER_Z,47150000,0,0,0,0,0,0,0
SUPER_Z,47160000,0,0,0,0,0,0,0
SUPER_Z,47170000,0,0,0,0,0,0,0
SUPER_Z,47180000,0,0,0,0,0,0,0
SUPER_Z,47190000,0,0,0,0,0,0,0
SUPER_Z,47200000,0,0,0,0,0,0,0
SUPER_Z,47210000,0,0,0,0,0,0,0
SUPER_Z,47220000,0,0,0,0,0,0,0
SUPER_Z,47230000,0,0,0,0,0,0,0
SUPER_Z,47240000,0,0,0,0,0,0,0
SUPER_Z,47250000,0,0,0,0,0,0,0
SUPER_Z,47260000,0,0,0,0,0,0,0
SUPER_Z,47270000,0,0,0,0,0,0,0
SUPER_Z,47280000,0,0,0,0,0,0,0
SUPER_Z,47290000,0,0,0,0,0,0,0
SUPER_Z,47300000,0,0,0,0,0,0,0
SUPER_Z,47310000,0,0,0,0,0,0,0
SUPER_Z,47320000,0,0,0,0,0,0,0
SUPER_Z,47330000,0,0,0,0,0,0,0
SUPER_Z,47340000,0,0,0,0,0,0,0
SUPER_Z,47350000,0,0,0,0,0,0,0
SUPER_Z,47360000,0,0,0,0,0,0,0
SUPER_Z,47370000,0,3,1,4,0,0,2
SUPER_Z,47380000,0,0,0,0,0,0,0
SUPER_Z,47390000,0,0,0,0,0,0,0
SUPER_Z,47400000,0,0,0,0,0,0,0
SUPER_Z,47410000,0,0,0,0,0,0,0
SUPER_Z,47420000,0,0,0,0,0,0,0
SUPER_Z,47430000,0,0,0,0,0,0,0
SUPER_Z,47440000,0,0,0,0,0,0,0
SUPER_Z,47450000,0,0,0,0,0,0,0
SUPER_Z,47460000,0,0,0,0,0,0,0
SUPER_Z,47470000,0,0,0,0,0,0,0
SUPER_Z,47480000,0,0,0,0,0,0,0
SUPER_Z,47490000,0,0,0,0,0,0,0
SUPER_Z,47500000,0,0,0,0,0,0,0
SUPER_Z,47510000,0,0,0,0,0,0,0
SUPER_Z,47520000,0,0,0,0,0,0,0
SUPER_Z,47530000,0,0,0,0,0,0,0
SUPER_Z,47540000,0,0,0,0,0,0,0
SUPER_Z,47550000,0,0,0,0,0,0,0
SUPER_Z,47560000,0,0,0,0,0,0,0
SUPER_Z,47570000,0,0,0,0,0,0,0
SUPER_Z,47580000,0,0,0,0,0,0,0
SUPER_Z,47590000,2,1,2,5,2,0,1.6666666
SUPER_Z,47600000,0,0,0,0,0,0,0
SUPER_Z,47610000,0,0,0,0,0,0,0
SUPER_Z,47620000,0,0,0,0,0,0,0
SUPER_Z,47630000,0,0,0,0,0,0,0
SUPER_Z,47640000,0,0,0,0,0,0,0
SUPER_Z,47650000,0,0,0,0,0,0,0
SUPER_Z,47660000,0,0,0,0,0,0,0
SUPER_Z,47670000,0,0,0,0,0,0,0
SUPER_Z,47680000,0,0,0,0,0,0,0
SUPER_Z,47690000,0,0,0,0,0,0,0
SUPER_Z,47700000,0,0,0,0,0,0,0
SUPER_Z,47710000,0,0,0,0,0,0,0
SUPER_Z,47720000,0,0,0,0,0,0,0
SUPER_Z,47730000,0,0,0,0,0,0,0
SUPER_Z,47740000,0,0,0,0,0,0,0
SUPER_Z,47750000,0,0,0,0,0,0,0
SUPER_Z,47760000,0,0,0,0,0,0,0
SUPER_Z,47770000,0,0,0,0,0,0,0
SUPER_Z,47780000,0,0,0,0,0,0,0
SUPER_Z,47790000,0,0,0,0,0,0,0
SUPER_Z,47800000,0,0,0,0,0,0,0
SUPER_Z,47810000,0,0,0,0,0,0,0
SUPER_Z,47820000,0,0,0,0,0,0,0
SUPER_Z,47830000,0,0,0,0,0,0,0
SUPER_Z,47840000,0,0,0,0,0,0,0
SUPER_Z,47850000,0,0,0,0,0,0,0
SUPER_Z,47860000,0,0,0,0,0,0,0
SUPER_Z,47870000,0,0,0,0,0,0,0
SUPER_Z,47880000,0,0,0,0,0,0,0
SUPER_Z,47890000,0,0,0,0,0,0,0
SUPER_Z,47900000,0,0,0,0,0,0,0
SUPER_Z,47910000,0,0,0,0,0,0,0
SUPER_Z,47920000,0,0,0,0,0,0,0
SUPER_Z,47930000,0,0,0,0,0,0,0
SUPER_Z,47940000,0,0,0,0,0,0,0
SUPER_Z,47950000,0,0,0,0,0,0,0
SUPER_Z,47960000,0,0,0,0,0,0,0
SUPER_Z,47970000,0,0,0,0,0,0,0
SUPER_Z,47980000,0,0,0,0,0,0,0
SUPER_Z,47990000,0,0,0,0,0,0,0
SUPER_Z,48000000,0,0,0,0,0,0,0
SUPER_Z,48010000,0,0,0,0,0,0,0
SUPER_Z,48020000,0,0,0,0,0,0,0
SUPER_Z,48030000,0,0,0,0,0,0,0
SUPER_Z,48040000,0,0,0,0,0,0,0
SUPER_Z,48050000,0,0,0,0,0,0,0
SUPER_Z,48060000,0,0,0,0,0,0,0
SUPER_Z,48070000,0,0,0,0,0,0,0
SUPER_Z,48080000,0,0,0,0,0,0,0
SUPER_Z,48090000,0,0,0,0,0,0,0
SUPER_Z,48100000,0,0,0,0,0,0,0
SUPER_Z,48110000,0,0,0,0,0,0,0
SUPER_Z,48120000,0,0,0,0,0,0,0
SUPER_Z,48130000,0,0,0,0,0,0,0
SUPER_Z,48140000,0,0,0,0,0,0,0
SUPER_Z,48150000,0,0,0,0,0,0,0
SUPER_Z,48160000,0,0,0,0,0,0,0
SUPER_Z,48170000,0,0,0,0,0,0,0
SUPER_Z,48180000,0,0,0,0,0,0,0
SUPER_Z,48190000,0,0,0,0,0,0,0
SUPER_Z,48200000,0,0,0,0,0,0,0
SUPER_Z,48210000,0,0,0,0,0,0,0
SUPER_Z,48220000,0,0,0,0,0,0,0
SUPER_Z,48230000,0,0,0,0,0,0,0
SUPER_Z,48240000,0,0,0,0,0,0,0
SUPER_Z,48250000,0,0,0,0,0,0,0
SUPER_Z,48260000,0,0,0,0,0,0,0
SUPER_Z,48270000,0,0,0,0,0,0,0
SUPER_Z,48280000,0,0,0,0,0,0,0
SUPER_Z,48290000,0,0,0,0,0,0,0
SUPER_Z,48300000,0,0,0,0,0,0,0
SUPER_Z,48310000,0,0,0,0,0,0,0
SUPER_Z,48320000,0,0,0,0,0,0,0
SUPER_Z,48330000,0,0,0,0,0,0,0
SUPER_Z,48340000,0,0,0,0,0,0,0
SUPER_Z,48350000,0,0,0,0,0,0,0
SUPER_Z,48360000,0,0,0,0,0,0,0
SUPER_Z,48370000,0,0,0,0,0,0,0
SUPER_Z,48380000,0,0,0,0,0,0,0
SUPER_Z,48390000,0,0,0,0,0,0,0
SUPER_Z,48400000,0,0,0,0,0,0,0
SUPER_Z,48410000,0,0,0,0,0,0,0
SUPER_Z,48420000,0,0,0,0,0,0,0
SUPER_Z,48430000,0,0,0,0,0,0,0
SUPER_Z,48440000,0,0,0,0,0,0,0
SUPER_Z,48450000,0,0,0,0,0,0,0
SUPER_Z,48460000,0,0,0,0,0,0,0
SUPER_Z,48470000,0,0,0,0,0,0,0
SUPER_Z,48480000,0,0,0,0,0,0,0
SUPER_Z,48490000,0,0,0,0,0,0,0
SUPER_Z,48500000,0,0,0,0,0,0,0
SUPER_Z,48510000,0,0,0,0,0,0,0
SUPER_Z,48520000,0,0,0,0,0,0,0
SUPER_Z,48530000,0,0,0,0,0,0,0
SUPER_Z,48540000,0,0,0,0,0,0,0
SUPER_Z,48550000,0,0,0,0,0,0,0
SUPER_Z,48560000,0,0,0,0,0,0,0
SUPER_Z,48570000,0,0,0,0,0,0,0
SUPER_Z,48580000,0,0,0,0,0,0,0
SUPER_Z,48590000,0,0,0,0,0,0,0
SUPER_Z,48600000,0,0,0,0,0,0,0
SUPER_Z,48610000,0,0,0,0,0,0,0
SUPER_Z,48620000,0,0,0,0,0,0,0
SUPER_Z,48630000,0,0,0,0,0,0,0
SUPER_Z,48640000,0,0,0,0,0,0,0
SUPER_Z,48650000,0,0,0,0,0,0,0
SUPER_Z,48660000,0,0,0,0,0,0,0
SUPER_Z,48670000,0,0,0,0,0,0,0
SUPER_Z,48680000,0,0,0,0,0,0,0
SUPER_Z,48690000,0,0,0,0,0,0,0
SUPER_Z,48700000,0,0,0,0,0,0,0
SUPER_Z,48710000,0,0,0,0,0,0,0
SUPER_Z,48720000,0,0,0,0,0,0,0
SUPER_Z,48730000,0,0,0,0,0,0,0
SUPER_Z,48740000,0,0,0,0,0,0,0
SUPER_Z,48750000,0,0,0,0,0,0,0
SUPER_Z,48760000,0,0,0,0,0,0,0
SUPER_Z,48770000,0,0,0,0,0,0,0
SUPER_Z,48780000,0,0,0,0,0,0,0
SUPER_Z,48790000,0,0,0,0,0,0,0
SUPER_Z,48800000,11,4,10,25,4,7,1.6428572
SUPER_Z,48810000,0,0,0,0,0,0,0
SUPER_Z,48820000,0,0,0,0,0,0,0
SUPER_Z,48830000,0,0,0,0,0,0,0
SUPER_Z,48840000,0,0,0,0,0,0,0
SUPER_Z,48850000,0,0,0,0,0,0,0
SUPER_Z,48860000,0,0,0,0,0,0,0
SUPER_Z,48870000,0,0,0,0,0,0,0
SUPER_Z,48880000,0,0,0,0,0,0,0
SUPER_Z,48890000,0,0,0,0,0,0,0
SUPER_Z,48900000,0,0,0,0,0,0,0
SUPER_Z,48910000,0,0,0,0,0,0,0
SUPER_Z,48920000,0,0,0,0,0,0,0
SUPER_Z,48930000,0,0,0,0,0,0,0
SUPER_Z,48940000,0,0,0,0,0,0,0
SUPER_Z,48950000,0,0,0,0,0,0,0
SUPER_Z,48960000,0,0,0,0,0,0,0
SUPER_Z,48970000,0,1,3,4,0,0,1
SUPER_Z,48980000,0,0,0,0,0,0,0
SUPER_Z,48990000,0,0,0,0,0,0,0
SUPER_Z,49000000,0,0,0,0,0,0,0
SUPER_Z,49010000,0,0,0,0,0,0,0
SUPER_Z,49020000,0,0,0,0,0,0,0
SUPER_Z,49030000,0,0,0,0,0,0,0
SUPER_Z,49040000,0,0,0,0,0,0,0
SUPER_Z,49050000,0,0,0,0,0,0,0
SUPER_Z,49060000,0,0,0,0,0,0,0
SUPER_Z,49070000,0,0,0,0,0,0,0
SUPER_Z,49080000,0,0,0,0,0,0,0
SUPER_Z,49090000,0,0,0,0,0,0,0
SUPER_Z,49100000,0,0,0,0,0,0,0
SUPER_Z,49110000,0,0,0,0,0,0,0
SUPER_Z,49120000,0,0,0,0,0,0,0
SUPER_Z,49130000,0,0,0,0,0,0,0
SUPER_Z,49140000,0,0,0,0,0,0,0
SUPER_Z,49150000,0,0,0,0,0,0,0
SUPER_Z,49160000,0,0,0,0,0,0,0
SUPER_Z,49170000,0,0,0,0,0,0,0
SUPER_Z,49180000,0,0,0,0,0,0,0
SUPER_Z,49190000,0,0,0,0,0,0,0
SUPER_Z,49200000,0,0,0,0,0,0,0
SUPER_Z,49210000,0,0,0,0,0,0,0
SUPER_Z,49220000,0,0,0,0,0,0,0
SUPER_Z,49230000,0,0,0,0,0,0,0
SUPER_Z,49240000,0,0,0,0,0,0,0
SUPER_Z,49250000,0,0,0,0,0,0,0
SUPER_Z,49260000,0,0,0,0,0,0,0
SUPER_Z,49270000,0,0,0,0,0,0,0
SUPER_Z,49280000,0,0,0,0,0,0,0
SUPER_Z,49290000,0,0,0,0,0,0,0
SUPER_Z,49300000,0,0,0,0,0,0,0
SUPER_Z,49310000,0,0,0,0,0,0,0
SUPER_Z,49320000,0,0,0,0,0,0,0
SUPER_Z,49330000,0,0,0,0,0,0,0
SUPER_Z,49340000,0,0,0,0,0,0,0
SUPER_Z,49350000,0,0,0,0,0,0,0
SUPER_Z,49360000,0,0,0,0,0,0,0
SUPER_Z,49370000,0,0,0,0,0,0,0
SUPER_Z,49380000,0,0,0,0,0,0,0
SUPER_Z,49390000,0,0,0,0,0,0,0
SUPER_Z,49400000,0,0,0,0,0,0,0
SUPER_Z,49410000,0,0,0,0,0,0,0
SUPER_Z,49420000,0,0,0,0,0,0,0
SUPER_Z,49430000,0,0,0,0,0,0,0
SUPER_Z,49440000,0,0,0,0,0,0,0
SUPER_Z,49450000,0,0,0,0,0,0,0
SUPER_Z,49460000,0,0,0,0,0,0,0
SUPER_Z,49470000,0,0,0,0,0,0,0
SUPER_Z,49480000,0,0,0,0,0,0,0
SUPER_Z,49490000,0,0,0,0,0,0,0
SUPER_Z,49500000,0,0,0,0,0,0,0
SUPER_Z,49510000,0,0,0,0,0,0,0
SUPER_Z,49520000,0,0,0,0,0,0,0
SUPER_Z,49530000,0,0,0,0,0,0,0
SUPER_Z,49540000,0,0,0,0,0,0,0
SUPER_Z,49550000,0,0,0,0,0,0,0
SUPER_Z,49560000,0,0,0,0,0,0,0
SUPER_Z,49570000,0,3,6,9,0,0,1.2222222
SUPER_Z,49580000,0,0,0,0,0,0,0
SUPER_Z,49590000,0,0,0,0,0,0,0
SUPER_Z,49600000,0,0,0,0,0,0,0
SUPER_Z,49610000,0,0,0,0,0,0,0
SUPER_Z,49620000,0,0,0,0,0,0,0
SUPER_Z,49630000,0,0,0,0,0,0,0
SUPER_Z,49640000,0,0,0,0,0,0,0
SUPER_Z,49650000,0,0,0,0,0,0,0
SUPER_Z,49660000,0,0,3,3,0,0,1
SUPER_Z,49670000,0,0,0,0,0,0,0
SUPER_Z,49680000,0,0,0,0,0,0,0
SUPER_Z,49690000,0,0,0,0,0,0,0
SUPER_Z,49700000,0,0,0,0,0,0,0
SUPER_Z,49710000,0,0,0,0,0,0,0
SUPER_Z,49720000,0,0,0,0,0,0,0
SUPER_Z,49730000,0,0,0,0,0,0,0
SUPER_Z,49740000,0,0,0,0,0,0,0
SUPER_Z,49750000,0,0,0,0,0,0,0
SUPER_Z,49760000,0,0,0,0,0,0,0
SUPER_Z,49770000,0,0,0,0,0,0,0
SUPER_Z,49780000,0,0,0,0,0,0,0
SUPER_Z,49790000,0,0,0,0,0,0,0
SUPER_Z,49800000,0,0,0,0,0,0,0
SUPER_Z,49810000,0,0,0,0,0,0,0
SUPER_Z,49820000,0,0,0,0,0,0,0
SUPER_Z,49830000,0,0,0,0,0,0,0
SUPER_Z,49840000,0,0,0,0,0,0,0
SUPER_Z,49850000,0,0,0,0,0,0,0
SUPER_Z,49860000,0,0,0,0,0,0,0
SUPER_Z,49870000,0,0,0,0,0,0,0
SUPER_Z,49880000,0,0,0,0,0,0,0
SUPER_Z,49890000,0,0,0,0,0,0,0
SUPER_Z,49900000,0,0,0,0,0,0,0
SUPER_Z,49910000,0,0,0,0,0,0,0
SUPER_Z,49920000,0,0,0,0,0,0,0
SUPER_Z,49930000,0,0,0,0,0,0,0
SUPER_Z,49940000,0,0,0,0,0,0,0
SUPER_Z,49950000,0,0,0,0,0,0,0
SUPER_Z,49960000,0,0,0,0,0,0,0
SUPER_Z,49970000,0,0,0,0,0,0,0
SUPER_Z,49980000,0,0,0,0,0,0,0
SUPER_Z,49990000,0,0,0,0,0,0,0
SUPER_Z,50000000,0,0,0,0,0,0,0
SUPER_Z,50010000,0,0,0,0,0,0,0
SUPER_Z,50020000,0,0,0,0,0,0,0
SUPER_Z,50030000,0,0,0,0,0,0,0
SUPER_Z,50040000,0,0,0,0,0,0,0
SUPER_Z,50050000,0,0,0,0,0,0,0
SUPER_Z,50060000,0,0,0,0,0,0,0
SUPER_Z,50070000,0,0,0,0,0,0,0
SUPER_Z,50080000,0,0,0,0,0,0,0
SUPER_Z,50090000,0,0,0,0,0,0,0
SUPER_Z,50100000,0,0,0,0,0,0,0
SUPER_Z,50110000,0,0,0,0,0,0,0
SUPER_Z,50120000,0,0,0,0,0,0,0
SUPER_Z,50130000,0,0,0,0,0,0,0
SUPER_Z,50140000,0,0,0,0,0,0,0
SUPER_Z,50150000,0,0,0,0,0,0,0
SUPER_Z,50160000,0,0,0,0,0,0,0
SUPER_Z,50170000,0,0,0,0,0,0,0
SUPER_Z,50180000,0,0,0,0,0,0,0
SUPER_Z,50190000,0,0,0,0,0,0,0
SUPER_Z,50200000,0,0,0,0,0,0,0
SUPER_Z,50210000,0,0,0,0,0,0,0
SUPER_Z,50220000,0,0,0,0,0,0,0
SUPER_Z,50230000,0,0,0,0,0,0,0
SUPER_Z,50240000,0,0,0,0,0,0,0
SUPER_Z,50250000,0,0,0,0,0,0,0
SUPER_Z,50260000,0,0,0,0,0,0,0
SUPER_Z,50270000,0,0,0,0,0,0,0
SUPER_Z,50280000,0,0,0,0,0,0,0
SUPER_Z,50290000,0,0,0,0,0,0,0
SUPER_Z,50300000,0,0,0,0,0,0,0
SUPER_Z,50310000,0,0,0,0,0,0,0
SUPER_Z,50320000,0,0,0,0,0,0,0
SUPER_Z,50330000,0,0,0,0,0,0,0
SUPER_Z,50340000,0,0,0,0,0,0,0
SUPER_Z,50350000,0,0,0,0,0,0,0
SUPER_Z,50360000,0,0,0,0,0,0,0
SUPER_Z,50370000,0,0,0,0,0,0,0
SUPER_Z,50380000,0,0,0,0,0,0,0
SUPER_Z,50390000,0,0,0,0,0,0,0
SUPER_Z,50400000,0,0,0,0,0,0,0
SUPER_Z,50410000,0,0,0,0,0,0,0
SUPER_Z,50420000,0,0,0,0,0,0,0
SUPER_Z,50430000,0,0,0,0,0,0,0
SUPER_Z,50440000,0,0,0,0,0,0,0
SUPER_Z,50450000,0,0,0,0,0,0,0
SUPER_Z,50460000,0,0,0,0,0,0,0
SUPER_Z,50470000,0,0,0,0,0,0,0
SUPER_Z,50480000,0,0,0,0,0,0,0
SUPER_Z,50490000,0,0,0,0,0,0,0
SUPER_Z,50500000,0,0,0,0,0,0,0
SUPER_Z,50510000,0,0,0,0,0,0,0
SUPER_Z,50520000,0,0,0,0,0,0,0
SUPER_Z,50530000,0,0,0,0,0,0,0
SUPER_Z,50540000,0,0,0,0,0,0,0
SUPER_Z,50550000,0,0,0,0,0,0,0
SUPER_Z,50560000,0,0,0,0,0,0,0
SUPER_Z,50570000,0,0,0,0,0,0,0
SUPER_Z,50580000,0,0,0,0,0,0,0
SUPER_Z,50590000,1,8,7,16,0,1,1.3333334
SUPER_Z,50600000,0,0,0,0,0,0,0
SUPER_Z,50610000,0,0,0,0,0,0,0
SUPER_Z,50620000,0,0,0,0,0,0,0
SUPER_Z,50630000,0,0,0,0,0,0,0
SUPER_Z,50640000,0,0,0,0,0,0,0
SUPER_Z,50650000,0,0,0,0,0,0,0
SUPER_Z,50660000,0,0,0,0,0,0,0
SUPER_Z,50670000,0,0,0,0,0,0,0
SUPER_Z,50680000,0,0,0,0,0,0,0
SUPER_Z,50690000,0,0,0,0,0,0,0
SUPER_Z,50700000,0,0,0,0,0,0,0
SUPER_Z,50710000,0,0,0,0,0,0,0
SUPER_Z,50720000,0,0,0,0,0,0,0
SUPER_Z,50730000,0,0,0,0,0,0,0
SUPER_Z,50740000,1,2,0,3,0,1,1.5
SUPER_Z,50750000,0,1,0,1,0,0,1
SUPER_Z,50760000,0,0,0,0,0,0,0
SUPER_Z,50770000,0,0,0,0,0,0,0
SUPER_Z,50780000,0,0,0,0,0,0,0
SUPER_Z,50790000,0,0,0,0,0,0,0
SUPER_Z,50800000,0,0,0,0,0,0,0
SUPER_Z,50810000,0,0,0,0,0,0,0
SUPER_Z,50820000,0,0,0,0,0,0,0
SUPER_Z,50830000,0,0,0,0,0,0,0
SUPER_Z,50840000,0,0,0,0,0,0,0
SUPER_Z,50850000,0,0,0,0,0,0,0
SUPER_Z,50860000,0,0,0,0,0,0,0
SUPER_Z,50870000,0,0,0,0,0,0,0
SUPER_Z,50880000,0,0,0,0,0,0,0
SUPER_Z,50890000,0,0,0,0,0,0,0
SUPER_Z,50900000,0,0,0,0,0,0,0
SUPER_Z,50910000,0,0,0,0,0,0,0
SUPER_Z,50920000,0,0,0,0,0,0,0
SUPER_Z,50930000,0,0,0,0,0,0,0
SUPER_Z,50940000,0,1,2,3,0,0,1.3333334
SUPER_Z,50950000,0,0,0,0,0,0,0
SUPER_Z,50960000,0,0,0,0,0,0,0
SUPER_Z,50970000,0,0,0,0,0,0,0
SUPER_Z,50980000,0,0,0,0,0,0,0
SUPER_Z,50990000,0,0,0,0,0,0,0
SUPER_Z,51000000,0,0,0,0,0,0,0
SUPER_Z,51010000,0,0,0,0,0,0,0
SUPER_Z,51020000,0,0,0,0,0,0,0
SUPER_Z,51030000,0,0,0,0,0,0,0
SUPER_Z,51040000,0,0,0,0,0,0,0
SUPER_Z,51050000,0,0,0,0,0,0,0
SUPER_Z,51060000,0,0,0,0,0,0,0
SUPER_Z,51070000,0,0,0,0,0,0,0
SUPER_Z,51080000,0,0,0,0,0,0,0
SUPER_Z,51090000,0,0,0,0,0,0,0
SUPER_Z,51100000,0,0,0,0,0,0,0
SUPER_Z,51110000,0,0,0,0,0,0,0
SUPER_Z,51120000,0,0,0,0,0,0,0
SUPER_Z,51130000,0,0,0,0,0,0,0
SUPER_Z,51140000,0,0,0,0,0,0,0
SUPER_Z,51150000,0,0,0,0,0,0,0
SUPER_Z,51160000,0,0,0,0,0,0,0
SUPER_Z,51170000,0,0,0,0,0,0,0
SUPER_Z,51180000,0,0,0,0,0,0,0
SUPER_Z,51190000,0,0,0,0,0,0,0
SUPER_Z,51200000,0,0,0,0,0,0,0
SUPER_Z,51210000,0,0,0,0,0,0,0
SUPER_Z,51220000,0,0,0,0,0,0,0
SUPER_Z,51230000,0,0,0,0,0,0,0
SUPER_Z,51240000,0,0,0,0,0,0,0
SUPER_Z,51250000,0,0,0,0,0,0,0
SUPER_Z,51260000,0,0,0,0,0,0,0
SUPER_Z,51270000,0,0,0,0,0,0,0
SUPER_Z,51280000,0,0,0,0,0,0,0
SUPER_Z,51290000,0,0,0,0,0,0,0
SUPER_Z,51300000,0,0,0,0,0,0,0
SUPER_Z,51310000,0,0,0,0,0,0,0
SUPER_Z,51320000,0,0,0,0,0,0,0
SUPER_Z,51330000,0,0,0,0,0,0,0
SUPER_Z,51340000,0,0,0,0,0,0,0
SUPER_Z,51350000,0,0,0,0,0,0,0
SUPER_Z,51360000,0,0,0,0,0,0,0
SUPER_Z,51370000,0,0,0,0,0,0,0
SUPER_Z,51380000,0,0,0,0,0,0,0
SUPER_Z,51390000,0,0,0,0,0,0,0
SUPER_Z,51400000,0,0,0,0,0,0,0
SUPER_Z,51410000,0,0,0,0,0,0,0
SUPER_Z,51420000,0,0,0,0,0,0,0
SUPER_Z,51430000,0,0,0,0,0,0,0
SUPER_Z,51440000,0,0,0,0,0,0,0
SUPER_Z,51450000,0,0,0,0,0,0,0
SUPER_Z,51460000,0,0,0,0,0,0,0
SUPER_Z,51470000,0,0,0,0,0,0,0
SUPER_Z,51480000,0,0,0,0,0,0,0
SUPER_Z,51490000,0,0,0,0,0,0,0
SUPER_Z,51500000,0,0,0,0,0,0,0
SUPER_Z,51510000,0,0,0,0,0,0,0
SUPER_Z,51520000,0,0,0,0,0,0,0
SUPER_Z,51530000,0,0,0,0,0,0,0
SUPER_Z,51540000,0,0,0,0,0,0,0
SUPER_Z,51550000,0,0,0,0,0,0,0
SUPER_Z,51560000,0,0,0,0,0,0,0
SUPER_Z,51570000,0,0,0,0,0,0,0
SUPER_Z,51580000,0,0,0,0,0,0,0
SUPER_Z,51590000,0,0,0,0,0,0,0
SUPER_Z,51600000,0,0,0,0,0,0,0
SUPER_Z,51610000,0,0,0,0,0,0,0
SUPER_Z,51620000,0,0,0,0,0,0,0
SUPER_Z,51630000,0,0,0,0,0,0,0
SUPER_Z,51640000,0,0,0,0,0,0,0
SUPER_Z,51650000,0,0,0,0,0,0,0
SUPER_Z,51660000,0,0,0,0,0,0,0
SUPER_Z,51670000,0,0,0,0,0,0,0
SUPER_Z,51680000,0,0,0,0,0,0,0
SUPER_Z,51690000,0,0,0,0,0,0,0
SUPER_Z,51700000,0,0,0,0,0,0,0
SUPER_Z,51710000,0,0,0,0,0,0,0
SUPER_Z,51720000,0,0,0,0,0,0,0
SUPER_Z,51730000,0,0,0,0,0,0,0
SUPER_Z,51740000,0,0,0,0,0,0,0
SUPER_Z,51750000,0,0,0,0,0,0,0
SUPER_Z,51760000,0,0,0,0,0,0,0
SUPER_Z,51770000,0,0,0,0,0,0,0
SUPER_Z,51780000,0,0,0,0,0,0,0
SUPER_Z,51790000,0,0,0,0,0,0,0
SUPER_Z,51800000,0,0,0,0,0,0,0
SUPER_Z,51810000,0,0,0,0,0,0,0
SUPER_Z,51820000,0,0,0,0,0,0,0
SUPER_Z,51830000,0,0,0,0,0,0,0
SUPER_Z,51840000,0,0,0,0,0,0,0
SUPER_Z,51850000,0,0,0,0,0,0,0
SUPER_Z,51860000,0,0,0,0,0,0,0
SUPER_Z,51870000,0,0,0,0,0,0,0
SUPER_Z,51880000,0,0,0,0,0,0,0
SUPER_Z,51890000,0,0,0,0,0,0,0
SUPER_Z,51900000,0,0,0,0,0,0,0
SUPER_Z,51910000,0,0,0,0,0,0,0
SUPER_Z,51920000,0,0,0,0,0,0,0
SUPER_Z,51930000,0,0,0,0,0,0,0
SUPER_Z,51940000,0,0,0,0,0,0,0
SUPER_Z,51950000,0,0,0,0,0,0,0
SUPER_Z,51960000,0,0,0,0,0,0,0
SUPER_Z,51970000,0,0,0,0,0,0,0
SUPER_Z,51980000,0,0,0,0,0,0,0
SUPER_Z,51990000,0,0,0,0,0,0,0
SUPER_Z,52000000,0,0,0,0,0,0,0
SUPER_Z,52010000,0,0,0,0,0,0,0
SUPER_Z,52020000,0,0,0,0,0,0,0
SUPER_Z,52030000,1,2,6,9,0,1,1.25
SUPER_Z,52040000,0,0,0,0,0,0,0
SUPER_Z,52050000,0,0,0,0,0,0,0
SUPER_Z,52060000,0,0,0,0,0,0,0
SUPER_Z,52070000,0,0,0,0,0,0,0
SUPER_Z,52080000,0,0,0,0,0,0,0
SUPER_Z,52090000,0,0,0,0,0,0,0
SUPER_Z,52100000,0,0,0,0,0,0,0
SUPER_Z,52110000,0,0,0,0,0,0,0
SUPER_Z,52120000,0,0,0,0,0,0,0
SUPER_Z,52130000,0,0,0,0,0,0,0
SUPER_Z,52140000,0,0,0,0,0,0,0
SUPER_Z,52150000,0,0,0,0,0,0,0
SUPER_Z,52160000,0,0,0,0,0,0,0
SUPER_Z,52170000,0,0,0,0,0,0,0
SUPER_Z,52180000,0,0,0,0,0,0,0
SUPER_Z,52190000,0,0,0,0,0,0,0
SUPER_Z,52200000,0,0,0,0,0,0,0
SUPER_Z,52210000,0,0,0,0,0,0,0
SUPER_Z,52220000,0,0,0,0,0,0,0
SUPER_Z,52230000,0,0,0,0,0,0,0
SUPER_Z,52240000,0,0,0,0,0,0,0
SUPER_Z,52250000,0,0,0,0,0,0,0
SUPER_Z,52260000,0,0,0,0,0,0,0
SUPER_Z,52270000,0,0,0,0,0,0,0
SUPER_Z,52280000,0,0,0,0,0,0,0
SUPER_Z,52290000,0,0,0,0,0,0,0
SUPER_Z,52300000,0,0,0,0,0,0,0
SUPER_Z,52310000,0,0,0,0,0,0,0
SUPER_Z,52320000,0,0,0,0,0,0,0
SUPER_Z,52330000,0,0,0,0,0,0,0
SUPER_Z,52340000,0,0,0,0,0,0,0
SUPER_Z,52350000,0,0,0,0,0,0,0
SUPER_Z,52360000,0,0,0,0,0,0,0
SUPER_Z,52370000,0,0,0,0,0,0,0
SUPER_Z,52380000,0,0,0,0,0,0,0
SUPER_Z,52390000,0,0,0,0,0,0,0
SUPER_Z,52400000,0,0,0,0,0,0,0
SUPER_Z,52410000,0,0,0,0,0,0,0
SUPER_Z,52420000,0,0,0,0,0,0,0
SUPER_Z,52430000,0,0,0,0,0,0,0
SUPER_Z,52440000,0,0,0,0,0,0,0
SUPER_Z,52450000,0,2,4,6,0,0,1.3333334
SUPER_Z,52460000,0,0,0,0,0,0,0
SUPER_Z,52470000,0,0,0,0,0,0,0
SUPER_Z,52480000,0,0,0,0,0,0,0
SUPER_Z,52490000,0,0,0,0,0,0,0
SUPER_Z,52500000,0,0,0,0,0,0,0
SUPER_Z,52510000,0,0,0,0,0,0,0
SUPER_Z,52520000,0,0,0,0,0,0,0
SUPER_Z,52530000,0,0,0,0,0,0,0
SUPER_Z,52540000,0,0,0,0,0,0,0
SUPER_Z,52550000,0,0,0,0,0,0,0
SUPER_Z,52560000,0,0,0,0,0,0,0
SUPER_Z,52570000,0,0,0,0,0,0,0
SUPER_Z,52580000,0,0,0,0,0,0,0
SUPER_Z,52590000,0,0,0,0,0,0,0
SUPER_Z,52600000,0,0,0,0,0,0,0
SUPER_Z,52610000,0,0,0,0,0,0,0
SUPER_Z,52620000,0,0,0,0,0,0,0
SUPER_Z,52630000,0,0,0,0,0,0,0
SUPER_Z,52640000,0,0,0,0,0,0,0
SUPER_Z,52650000,0,0,0,0,0,0,0
SUPER_Z,52660000,1,4,3,8,0,1,1.1428572
SUPER_Z,52670000,0,0,0,0,0,0,0
SUPER_Z,52680000,0,0,0,0,0,0,0
SUPER_Z,52690000,0,0,0,0,0,0,0
SUPER_Z,52700000,0,0,0,0,0,0,0
SUPER_Z,52710000,0,0,0,0,0,0,0
SUPER_Z,52720000,0,0,0,0,0,0,0
SUPER_Z,52730000,0,0,0,0,0,0,0
SUPER_Z,52740000,0,0,0,0,0,0,0
SUPER_Z,52750000,0,0,0,0,0,0,0
SUPER_Z,52760000,0,0,0,0,0,0,0
SUPER_Z,52770000,0,0,0,0,0,0,0
SUPER_Z,52780000,0,0,0,0,0,0,0
SUPER_Z,52790000,0,0,0,0,0,0,0
SUPER_Z,52800000,0,0,0,0,0,0,0
SUPER_Z,52810000,0,0,0,0,0,0,0
SUPER_Z,52820000,0,0,0,0,0,0,0
SUPER_Z,52830000,0,0,0,0,0,0,0
SUPER_Z,52840000,0,0,0,0,0,0,0
SUPER_Z,52850000,0,0,0,0,0,0,0
SUPER_Z,52860000,0,0,0,0,0,0,0
SUPER_Z,52870000,0,0,0,0,0,0,0
SUPER_Z,52880000,0,0,0,0,0,0,0
SUPER_Z,52890000,0,0,0,0,0,0,0
SUPER_Z,52900000,0,0,0,0,0,0,0
SUPER_Z,52910000,0,0,0,0,0,0,0
SUPER_Z,52920000,0,0,0,0,0,0,0
SUPER_Z,52930000,0,0,0,0,0,0,0
SUPER_Z,52940000,0,0,0,0,0,0,0
SUPER_Z,52950000,0,0,0,0,0,0,0
SUPER_Z,52960000,0,0,0,0,0,0,0
SUPER_Z,52970000,0,0,0,0,0,0,0
SUPER_Z,52980000,0,0,0,0,0,0,0
SUPER_Z,52990000,0,0,0,0,0,0,0
SUPER_Z,53000000,0,0,0,0,0,0,0
SUPER_Z,53010000,0,0,0,0,0,0,0
SUPER_Z,53020000,0,0,0,0,0,0,0
SUPER_Z,53030000,0,0,0,0,0,0,0
SUPER_Z,53040000,0,0,0,0,0,0,0
SUPER_Z,53050000,0,0,0,0,0,0,0
SUPER_Z,53060000,0,0,0,0,0,0,0
SUPER_Z,53070000,0,0,0,0,0,0,0
SUPER_Z,53080000,0,0,0,0,0,0,0
SUPER_Z,53090000,0,0,0,0,0,0,0
SUPER_Z,53100000,0,0,0,0,0,0,0
SUPER_Z,53110000,0,0,0,0,0,0,0
SUPER_Z,53120000,0,0,0,0,0,0,0
SUPER_Z,53130000,0,0,0,0,0,0,0
SUPER_Z,53140000,0,0,0,0,0,0,0
SUPER_Z,53150000,0,0,0,0,0,0,0
SUPER_Z,53160000,0,0,0,0,0,0,0
SUPER_Z,53170000,0,0,0,0,0,0,0
SUPER_Z,53180000,0,0,0,0,0,0,0
SUPER_Z,53190000,0,0,0,0,0,0,0
SUPER_Z,53200000,0,0,0,0,0,0,0
SUPER_Z,53210000,0,0,0,0,0,0,0
SUPER_Z,53220000,0,0,0,0,0,0,0
SUPER_Z,53230000,0,0,0,0,0,0,0
SUPER_Z,53240000,0,0,0,0,0,0,0
SUPER_Z,53250000,0,0,0,0,0,0,0
SUPER_Z,53260000,0,0,0,0,0,0,0
SUPER_Z,53270000,0,0,0,0,0,0,0
SUPER_Z,53280000,0,0,0,0,0,0,0
SUPER_Z,53290000,0,0,0,0,0,0,0
SUPER_Z,53300000,0,0,0,0,0,0,0
SUPER_Z,53310000,0,0,0,0,0,0,0
SUPER_Z,53320000,0,0,0,0,0,0,0
SUPER_Z,53330000,0,0,0,0,0,0,0
SUPER_Z,53340000,0,0,0,0,0,0,0
SUPER_Z,53350000,0,0,0,0,0,0,0
SUPER_Z,53360000,0,0,0,0,0,0,0
SUPER_Z,53370000,0,0,0,0,0,0,0
SUPER_Z,53380000,0,0,0,0,0,0,0
SUPER_Z,53390000,0,0,0,0,0,0,0
SUPER_Z,53400000,0,0,0,0,0,0,0
SUPER_Z,53410000,0,0,0,0,0,0,0
SUPER_Z,53420000,0,0,0,0,0,0,0
SUPER_Z,53430000,0,0,0,0,0,0,0
SUPER_Z,53440000,0,0,0,0,0,0,0
SUPER_Z,53450000,0,0,0,0,0,0,0
SUPER_Z,53460000,0,0,0,0,0,0,0
SUPER_Z,53470000,0,0,0,0,0,0,0
SUPER_Z,53480000,0,0,0,0,0,0,0
SUPER_Z,53490000,0,0,0,0,0,0,0
SUPER_Z,53500000,0,0,0,0,0,0,0
SUPER_Z,53510000,0,0,0,0,0,0,0
SUPER_Z,53520000,0,0,0,0,0,0,0
SUPER_Z,53530000,0,0,0,0,0,0,0
SUPER_Z,53540000,0,0,0,0,0,0,0
SUPER_Z,53550000,0,0,0,0,0,0,0
SUPER_Z,53560000,0,0,0,0,0,0,0
SUPER_Z,53570000,0,0,0,0,0,0,0
SUPER_Z,53580000,0,0,0,0,0,0,0
SUPER_Z,53590000,0,0,0,0,0,0,0
SUPER_Z,53600000,0,0,0,0,0,0,0
SUPER_Z,53610000,0,0,0,0,0,0,0
SUPER_Z,53620000,0,0,0,0,0,0,0
SUPER_Z,53630000,0,0,0,0,0,0,0
SUPER_Z,53640000,0,0,0,0,0,0,0
SUPER_Z,53650000,0,0,0,0,0,0,0
SUPER_Z,53660000,0,0,0,0,0,0,0
SUPER_Z,53670000,0,0,0,0,0,0,0
SUPER_Z,53680000,0,0,0,0,0,0,0
SUPER_Z,53690000,0,0,0,0,0,0,0
SUPER_Z,53700000,0,0,0,0,0,0,0
SUPER_Z,53710000,0,0,0,0,0,0,0
SUPER_Z,53720000,0,0,0,0,0,0,0
SUPER_Z,53730000,0,0,0,0,0,0,0
SUPER_Z,53740000,0,0,0,0,0,0,0
SUPER_Z,53750000,0,0,0,0,0,0,0
SUPER_Z,53760000,0,0,0,0,0,0,0
SUPER_Z,53770000,0,0,0,0,0,0,0
SUPER_Z,53780000,0,0,0,0,0,0,0
SUPER_Z,53790000,0,0,0,0,0,0,0
SUPER_Z,53800000,0,0,0,0,0,0,0
SUPER_Z,53810000,0,0,0,0,0,0,0
SUPER_Z,53820000,0,0,0,0,0,0,0
SUPER_Z,53830000,0,0,0,0,0,0,0
SUPER_Z,53840000,0,0,0,0,0,0,0
SUPER_Z,53850000,0,0,0,0,0,0,0
SUPER_Z,53860000,0,0,0,0,0,0,0
SUPER_Z,53870000,0,0,0,0,0,0,0
SUPER_Z,53880000,0,0,0,0,0,0,0
SUPER_Z,53890000,0,0,0,0,0,0,0
SUPER_Z,53900000,0,0,0,0,0,0,0
SUPER_Z,53910000,0,0,0,0,0,0,0
SUPER_Z,53920000,0,0,0,0,0,0,0
SUPER_Z,53930000,0,0,0,0,0,0,0
SUPER_Z,53940000,0,0,0,0,0,0,0
SUPER_Z,53950000,0,0,0,0,0,0,0
SUPER_Z,53960000,0,0,0,0,0,0,0
SUPER_Z,53970000,0,0,0,0,0,0,0
SUPER_Z,53980000,0,0,0,0,0,0,0
SUPER_Z,53990000,0,0,0,0,0,0,0
SUPER_Z,54000000,0,0,0,0,0,0,0
SUPER_Z,54010000,0,0,0,0,0,0,0
SUPER_Z,54020000,0,0,0,0,0,0,0
SUPER_Z,54030000,0,0,0,0,0,0,0
SUPER_Z,54040000,0,0,0,0,0,0,0
SUPER_Z,54050000,11,3,14,28,6,5,1.4117647
SUPER_Z,54060000,3,0,0,3,3,0,NaN
SUPER_Z,54070000,0,0,0,0,0,0,0
SUPER_Z,54080000,0,0,0,0,0,0,0
SUPER_Z,54090000,0,0,0,0,0,0,0
SUPER_Z,54100000,0,0,0,0,0,0,0
SUPER_Z,54110000,0,0,0,0,0,0,0
SUPER_Z,54120000,0,0,0,0,0,0,0
SUPER_Z,54130000,0,0,0,0,0,0,0
SUPER_Z,54140000,0,0,0,0,0,0,0
SUPER_Z,54150000,0,0,0,0,0,0,0
SUPER_Z,54160000,0,0,0,0,0,0,0
SUPER_Z,54170000,0,0,0,0,0,0,0
SUPER_Z,54180000,0,0,0,0,0,0,0
SUPER_Z,54190000,0,0,0,0,0,0,0
SUPER_Z,54200000,0,0,0,0,0,0,0
SUPER_Z,54210000,0,0,0,0,0,0,0
SUPER_Z,54220000,0,0,0,0,0,0,0
SUPER_Z,54230000,0,0,0,0,0,0,0
SUPER_Z,54240000,0,0,0,0,0,0,0
SUPER_Z,54250000,0,0,0,0,0,0,0
SUPER_Z,54260000,0,0,0,0,0,0,0
SUPER_Z,54270000,0,0,0,0,0,0,0
SUPER_Z,54280000,0,0,0,0,0,0,0
SUPER_Z,54290000,0,0,0,0,0,0,0
SUPER_Z,54300000,0,0,0,0,0,0,0
SUPER_Z,54310000,0,0,0,0,0,0,0
SUPER_Z,54320000,0,0,0,0,0,0,0
SUPER_Z,54330000,0,0,0,0,0,0,0
SUPER_Z,54340000,0,0,0,0,0,0,0
SUPER_Z,54350000,0,0,0,0,0,0,0
SUPER_Z,54360000,0,0,0,0,0,0,0
SUPER_Z,54370000,0,0,0,0,0,0,0
SUPER_Z,54380000,0,0,0,0,0,0,0
SUPER_Z,54390000,0,0,0,0,0,0,0
SUPER_Z,54400000,0,0,0,0,0,0,0
SUPER_Z,54410000,0,0,0,0,0,0,0
SUPER_Z,54420000,0,0,0,0,0,0,0
SUPER_Z,54430000,0,0,0,0,0,0,0
SUPER_Z,54440000,0,0,0,0,0,0,0
SUPER_Z,54450000,0,0,0,0,0,0,0
SUPER_Z,54460000,0,0,0,0,0,0,0
SUPER_Z,54470000,0,0,0,0,0,0,0
SUPER_Z,54480000,0,0,0,0,0,0,0
SUPER_Z,54490000,0,0,0,0,0,0,0
SUPER_Z,54500000,0,0,0,0,0,0,0
SUPER_Z,54510000,0,0,0,0,0,0,0
SUPER_Z,54520000,0,0,0,0,0,0,0
SUPER_Z,54530000,0,0,0,0,0,0,0
SUPER_Z,54540000,0,0,0,0,0,0,0
SUPER_Z,54550000,0,0,0,0,0,0,0
SUPER_Z,54560000,0,0,0,0,0,0,0
SUPER_Z,54570000,9,0,6,15,2,7,1.1666666
SUPER_Z,54580000,0,0,0,0,0,0,0
SUPER_Z,54590000,0,0,0,0,0,0,0
SUPER_Z,54600000,0,0,0,0,0,0,0
SUPER_Z,54610000,0,0,0,0,0,0,0
SUPER_Z,54620000,0,0,0,0,0,0,0
SUPER_Z,54630000,0,0,0,0,0,0,0
SUPER_Z,54640000,0,0,0,0,0,0,0
SUPER_Z,54650000,0,0,0,0,0,0,0
SUPER_Z,54660000,0,0,0,0,0,0,0
SUPER_Z,54670000,0,0,0,0,0,0,0
SUPER_Z,54680000,0,0,0,0,0,0,0
SUPER_Z,54690000,0,0,0,0,0,0,0
SUPER_Z,54700000,0,0,0,0,0,0,0
SUPER_Z,54710000,0,0,0,0,0,0,0
SUPER_Z,54720000,0,0,0,0,0,0,0
SUPER_Z,54730000,0,0,0,0,0,0,0
SUPER_Z,54740000,0,0,0,0,0,0,0
SUPER_Z,54750000,0,0,0,0,0,0,0
SUPER_Z,54760000,0,0,0,0,0,0,0
SUPER_Z,54770000,0,0,0,0,0,0,0
SUPER_Z,54780000,0,0,0,0,0,0,0
SUPER_Z,54790000,0,0,0,0,0,0,0
SUPER_Z,54800000,0,0,0,0,0,0,0
SUPER_Z,54810000,0,0,0,0,0,0,0
SUPER_Z,54820000,0,0,0,0,0,0,0
SUPER_Z,54830000,0,0,0,0,0,0,0
SUPER_Z,54840000,0,0,0,0,0,0,0
SUPER_Z,54850000,0,0,0,0,0,0,0
SUPER_Z,54860000,0,0,0,0,0,0,0
SUPER_Z,54870000,0,0,0,0,0,0,0
SUPER_Z,54880000,0,0,0,0,0,0,0
SUPER_Z,54890000,0,0,0,0,0,0,0
SUPER_Z,54900000,0,0,0,0,0,0,0
SUPER_Z,54910000,0,0,0,0,0,0,0
SUPER_Z,54920000,0,0,0,0,0,0,0
SUPER_Z,54930000,3,0,7,10,0,3,1.4285715
SUPER_Z,54940000,0,0,0,0,0,0,0
SUPER_Z,54950000,0,0,0,0,0,0,0
SUPER_Z,54960000,0,0,0,0,0,0,0
SUPER_Z,54970000,0,0,0,0,0,0,0
SUPER_Z,54980000,0,0,0,0,0,0,0
SUPER_Z,54990000,0,0,0,0,0,0,0
SUPER_Z,55000000,0,0,0,0,0,0,0
SUPER_Z,55010000,0,0,0,0,0,0,0
SUPER_Z,55020000,0,0,0,0,0,0,0
SUPER_Z,55030000,0,0,0,0,0,0,0
SUPER_Z,55040000,0,0,0,0,0,0,0
SUPER_Z,55050000,0,0,0,0,0,0,0
SUPER_Z,55060000,0,0,0,0,0,0,0
SUPER_Z,55070000,0,0,0,0,0,0,0
SUPER_Z,55080000,0,0,0,0,0,0,0
SUPER_Z,55090000,0,0,0,0,0,0,0
SUPER_Z,55100000,0,0,0,0,0,0,0
SUPER_Z,55110000,0,0,0,0,0,0,0
SUPER_Z,55120000,0,0,0,0,0,0,0
SUPER_Z,55130000,0,0,0,0,0,0,0
SUPER_Z,55140000,0,0,0,0,0,0,0
SUPER_Z,55150000,0,0,0,0,0,0,0
SUPER_Z,55160000,0,0,0,0,0,0,0
SUPER_Z,55170000,0,0,0,0,0,0,0
SUPER_Z,55180000,0,0,0,0,0,0,0
SUPER_Z,55190000,0,0,0,0,0,0,0
SUPER_Z,55200000,0,0,0,0,0,0,0
SUPER_Z,55210000,0,0,0,0,0,0,0
SUPER_Z,55220000,0,0,0,0,0,0,0
SUPER_Z,55230000,0,0,0,0,0,0,0
SUPER_Z,55240000,0,0,0,0,0,0,0
SUPER_Z,55250000,0,0,0,0,0,0,0
SUPER_Z,55260000,0,0,0,0,0,0,0
SUPER_Z,55270000,0,0,0,0,0,0,0
SUPER_Z,55280000,0,0,0,0,0,0,0
SUPER_Z,55290000,0,0,0,0,0,0,0
SUPER_Z,55300000,0,0,0,0,0,0,0
SUPER_Z,55310000,0,0,0,0,0,0,0
SUPER_Z,55320000,0,0,0,0,0,0,0
SUPER_Z,55330000,0,0,0,0,0,0,0
SUPER_Z,55340000,0,0,0,0,0,0,0
SUPER_Z,55350000,0,0,0,0,0,0,0
SUPER_Z,55360000,0,0,0,0,0,0,0
SUPER_Z,55370000,0,0,0,0,0,0,0
SUPER_Z,55380000,0,0,0,0,0,0,0
SUPER_Z,55390000,0,0,0,0,0,0,0
SUPER_Z,55400000,0,0,0,0,0,0,0
SUPER_Z,55410000,0,0,0,0,0,0,0
SUPER_Z,55420000,0,0,0,0,0,0,0
SUPER_Z,55430000,0,0,0,0,0,0,0
SUPER_Z,55440000,0,0,0,0,0,0,0
SUPER_Z,55450000,0,0,0,0,0,0,0
SUPER_Z,55460000,0,0,0,0,0,0,0
SUPER_Z,55470000,0,0,0,0,0,0,0
SUPER_Z,55480000,0,0,0,0,0,0,0
SUPER_Z,55490000,0,0,0,0,0,0,0
SUPER_Z,55500000,0,0,0,0,0,0,0
SUPER_Z,55510000,0,0,0,0,0,0,0
SUPER_Z,55520000,0,0,0,0,0,0,0
SUPER_Z,55530000,0,0,0,0,0,0,0
SUPER_Z,55540000,0,0,0,0,0,0,0
SUPER_Z,55550000,0,0,0,0,0,0,0
SUPER_Z,55560000,0,0,0,0,0,0,0
SUPER_Z,55570000,0,0,0,0,0,0,0
SUPER_Z,55580000,0,0,0,0,0,0,0
SUPER_Z,55590000,0,0,0,0,0,0,0
SUPER_Z,55600000,0,0,0,0,0,0,0
SUPER_Z,55610000,0,0,0,0,0,0,0
SUPER_Z,55620000,0,0,0,0,0,0,0
SUPER_Z,55630000,0,0,0,0,0,0,0
SUPER_Z,55640000,0,0,0,0,0,0,0
SUPER_Z,55650000,0,0,0,0,0,0,0
SUPER_Z,55660000,0,0,0,0,0,0,0
SUPER_Z,55670000,0,0,0,0,0,0,0
SUPER_Z,55680000,0,0,0,0,0,0,0
SUPER_Z,55690000,0,0,0,0,0,0,0
SUPER_Z,55700000,0,0,0,0,0,0,0
SUPER_Z,55710000,0,0,0,0,0,0,0
SUPER_Z,55720000,0,0,0,0,0,0,0
SUPER_Z,55730000,0,0,0,0,0,0,0
SUPER_Z,55740000,0,0,0,0,0,0,0
SUPER_Z,55750000,0,0,0,0,0,0,0
SUPER_Z,55760000,0,0,0,0,0,0,0
SUPER_Z,55770000,0,0,0,0,0,0,0
SUPER_Z,55780000,0,0,0,0,0,0,0
SUPER_Z,55790000,0,0,0,0,0,0,0
SUPER_Z,55800000,0,0,0,0,0,0,0
SUPER_Z,55810000,0,0,0,0,0,0,0
SUPER_Z,55820000,0,0,0,0,0,0,0
SUPER_Z,55830000,0,0,0,0,0,0,0
SUPER_Z,55840000,0,0,0,0,0,0,0
SUPER_Z,55850000,0,0,0,0,0,0,0
SUPER_Z,55860000,0,0,0,0,0,0,0
SUPER_Z,55870000,0,0,0,0,0,0,0
SUPER_Z,55880000,0,0,0,0,0,0,0
SUPER_Z,55890000,0,0,0,0,0,0,0
SUPER_Z,55900000,0,0,0,0,0,0,0
SUPER_Z,55910000,0,0,0,0,0,0,0
SUPER_Z,55920000,0,0,0,0,0,0,0
SUPER_Z,55930000,0,0,0,0,0,0,0
SUPER_Z,55940000,0,0,0,0,0,0,0
SUPER_Z,55950000,0,0,0,0,0,0,0
SUPER_Z,55960000,0,0,0,0,0,0,0
SUPER_Z,55970000,0,0,0,0,0,0,0
SUPER_Z,55980000,0,0,0,0,0,0,0
SUPER_Z,55990000,0,0,0,0,0,0,0
SUPER_Z,56000000,0,0,0,0,0,0,0
SUPER_Z,56010000,0,0,0,0,0,0,0
SUPER_Z,56020000,0,0,0,0,0,0,0
SUPER_Z,56030000,0,0,0,0,0,0,0
SUPER_Z,56040000,0,0,0,0,0,0,0
SUPER_Z,56050000,0,0,0,0,0,0,0
SUPER_Z,56060000,0,0,0,0,0,0,0
SUPER_Z,56070000,0,0,0,0,0,0,0
SUPER_Z,56080000,0,0,0,0,0,0,0
SUPER_Z,56090000,0,0,0,0,0,0,0
SUPER_Z,56100000,0,0,0,0,0,0,0
SUPER_Z,56110000,0,0,0,0,0,0,0
SUPER_Z,56120000,0,0,0,0,0,0,0
SUPER_Z,56130000,0,0,0,0,0,0,0
SUPER_Z,56140000,0,0,0,0,0,0,0
SUPER_Z,56150000,0,0,0,0,0,0,0
SUPER_Z,56160000,0,0,0,0,0,0,0
SUPER_Z,56170000,0,0,0,0,0,0,0
SUPER_Z,56180000,0,0,0,0,0,0,0
SUPER_Z,56190000,0,0,0,0,0,0,0
SUPER_Z,56200000,0,0,0,0,0,0,0
SUPER_Z,56210000,0,0,0,0,0,0,0
SUPER_Z,56220000,0,0,0,0,0,0,0
SUPER_Z,56230000,0,0,0,0,0,0,0
SUPER_Z,56240000,0,0,0,0,0,0,0
SUPER_Z,56250000,0,0,0,0,0,0,0
SUPER_Z,56260000,0,0,0,0,0,0,0
SUPER_Z,56270000,0,0,0,0,0,0,0
SUPER_Z,56280000,0,0,0,0,0,0,0
SUPER_Z,56290000,0,0,0,0,0,0,0
SUPER_Z,56300000,0,0,0,0,0,0,0
SUPER_Z,56310000,0,0,0,0,0,0,0
SUPER_Z,56320000,0,0,0,0,0,0,0
SUPER_Z,56330000,0,0,0,0,0,0,0
SUPER_Z,56340000,0,0,0,0,0,0,0
SUPER_Z,56350000,0,0,0,0,0,0,0
SUPER_Z,56360000,0,0,0,0,0,0,0
SUPER_Z,56370000,0,0,0,0,0,0,0
SUPER_Z,56380000,0,0,0,0,0,0,0
SUPER_Z,56390000,0,0,0,0,0,0,0
SUPER_Z,56400000,0,0,0,0,0,0,0
SUPER_Z,56410000,0,0,0,0,0,0,0
SUPER_Z,56420000,0,0,0,0,0,0,0
SUPER_Z,56430000,0,0,0,0,0,0,0
SUPER_Z,56440000,0,0,0,0,0,0,0
SUPER_Z,56450000,0,0,0,0,0,0,0
SUPER_Z,56460000,0,0,0,0,0,0,0
SUPER_Z,56470000,0,0,0,0,0,0,0
SUPER_Z,56480000,0,0,0,0,0,0,0
SUPER_Z,56490000,0,0,0,0,0,0,0
SUPER_Z,56500000,0,0,0,0,0,0,0
SUPER_Z,56510000,0,0,0,0,0,0,0
SUPER_Z,56520000,0,0,0,0,0,0,0
SUPER_Z,56530000,0,0,0,0,0,0,0
SUPER_Z,56540000,0,0,0,0,0,0,0
SUPER_Z,56550000,0,0,0,0,0,0,0
SUPER_Z,56560000,0,0,0,0,0,0,0
SUPER_Z,56570000,0,0,0,0,0,0,0
SUPER_Z,56580000,19,6,12,37,11,8,1.3888888
SUPER_Z,56590000,2,1,0,3,1,1,2
SUPER_Z,56600000,0,0,0,0,0,0,0
SUPER_Z,56610000,0,0,0,0,0,0,0
SUPER_Z,56620000,0,0,0,0,0,0,0
SUPER_Z,56630000,0,0,0,0,0,0,0
SUPER_Z,56640000,0,0,0,0,0,0,0
SUPER_Z,56650000,0,0,0,0,0,0,0
SUPER_Z,56660000,0,0,0,0,0,0,0
SUPER_Z,56670000,0,0,0,0,0,0,0
SUPER_Z,56680000,0,0,0,0,0,0,0
SUPER_Z,56690000,0,0,0,0,0,0,0
SUPER_Z,56700000,0,0,0,0,0,0,0
SUPER_Z,56710000,0,0,0,0,0,0,0
SUPER_Z,56720000,0,0,0,0,0,0,0
SUPER_Z,56730000,0,0,0,0,0,0,0
SUPER_Z,56740000,0,0,0,0,0,0,0
SUPER_Z,56750000,0,0,0,0,0,0,0
SUPER_Z,56760000,0,0,0,0,0,0,0
SUPER_Z,56770000,0,0,0,0,0,0,0
SUPER_Z,56780000,0,0,0,0,0,0,0
SUPER_Z,56790000,0,0,0,0,0,0,0
SUPER_Z,56800000,0,0,0,0,0,0,0
SUPER_Z,56810000,0,0,0,0,0,0,0
SUPER_Z,56820000,0,0,0,0,0,0,0
SUPER_Z,56830000,0,0,0,0,0,0,0
SUPER_Z,56840000,0,0,0,0,0,0,0
SUPER_Z,56850000,0,0,0,0,0,0,0
SUPER_Z,56860000,0,0,0,0,0,0,0
SUPER_Z,56870000,0,0,0,0,0,0,0
SUPER_Z,56880000,0,0,0,0,0,0,0
SUPER_Z,56890000,0,0,0,0,0,0,0
SUPER_Z,56900000,0,0,0,0,0,0,0
SUPER_Z,56910000,0,0,0,0,0,0,0
SUPER_Z,56920000,0,0,0,0,0,0,0
SUPER_Z,56930000,0,0,0,0,0,0,0
SUPER_Z,56940000,0,0,0,0,0,0,0
SUPER_Z,56950000,0,0,0,0,0,0,0
SUPER_Z,56960000,0,0,0,0,0,0,0
SUPER_Z,56970000,0,0,0,0,0,0,0
SUPER_Z,56980000,0,0,0,0,0,0,0
SUPER_Z,56990000,0,0,0,0,0,0,0
SUPER_Z,57000000,0,0,0,0,0,0,0
SUPER_Z,57010000,0,0,0,0,0,0,0
SUPER_Z,57020000,0,0,0,0,0,0,0
SUPER_Z,57030000,0,0,0,0,0,0,0
SUPER_Z,57040000,0,0,0,0,0,0,0
SUPER_Z,57050000,0,0,0,0,0,0,0
SUPER_Z,57060000,0,0,0,0,0,0,0
SUPER_Z,57070000,0,0,0,0,0,0,0
SUPER_Z,57080000,0,0,0,0,0,0,0
SUPER_Z,57090000,0,0,0,0,0,0,0
SUPER_Z,57100000,0,0,0,0,0,0,0
SUPER_Z,57110000,0,0,0,0,0,0,0
SUPER_Z,57120000,0,0,0,0,0,0,0
SUPER_Z,57130000,0,0,0,0,0,0,0
SUPER_Z,57140000,0,0,0,0,0,0,0
SUPER_Z,57150000,0,0,0,0,0,0,0
SUPER_Z,57160000,0,0,0,0,0,0,0
SUPER_Z,57170000,0,0,0,0,0,0,0
SUPER_Z,57180000,0,0,0,0,0,0,0
SUPER_Z,57190000,0,0,0,0,0,0,0
SUPER_Z,57200000,0,0,0,0,0,0,0
SUPER_Z,57210000,0,0,0,0,0,0,0
SUPER_Z,57220000,0,0,0,0,0,0,0
SUPER_Z,57230000,0,0,0,0,0,0,0
SUPER_Z,57240000,0,0,0,0,0,0,0
SUPER_Z,57250000,0,0,0,0,0,0,0
SUPER_Z,57260000,0,0,0,0,0,0,0
SUPER_Z,57270000,0,0,0,0,0,0,0
SUPER_Z,57280000,0,0,0,0,0,0,0
SUPER_Z,57290000,0,0,0,0,0,0,0
SUPER_Z,57300000,0,0,0,0,0,0,0
SUPER_Z,57310000,0,0,0,0,0,0,0
SUPER_Z,57320000,0,0,0,0,0,0,0
SUPER_Z,57330000,0,0,0,0,0,0,0
SUPER_Z,57340000,0,0,0,0,0,0,0
SUPER_Z,57350000,0,0,0,0,0,0,0
SUPER_Z,57360000,0,0,0,0,0,0,0
SUPER_Z,57370000,0,0,0,0,0,0,0
SUPER_Z,57380000,0,0,0,0,0,0,0
SUPER_Z,57390000,0,0,0,0,0,0,0
SUPER_Z,57400000,0,0,0,0,0,0,0
SUPER_Z,57410000,0,0,0,0,0,0,0
SUPER_Z,57420000,0,0,0,0,0,0,0
SUPER_Z,57430000,0,0,0,0,0,0,0
SUPER_Z,57440000,0,0,0,0,0,0,0
SUPER_Z,57450000,0,0,0,0,0,0,0
SUPER_Z,57460000,0,0,0,0,0,0,0
SUPER_Z,57470000,0,0,0,0,0,0,0
SUPER_Z,57480000,0,0,0,0,0,0,0
SUPER_Z,57490000,0,0,0,0,0,0,0
SUPER_Z,57500000,0,0,0,0,0,0,0
SUPER_Z,57510000,0,0,0,0,0,0,0
SUPER_Z,57520000,0,0,0,0,0,0,0
SUPER_Z,57530000,0,0,0,0,0,0,0
SUPER_Z,57540000,0,0,0,0,0,0,0
SUPER_Z,57550000,0,0,0,0,0,0,0
SUPER_Z,57560000,0,0,0,0,0,0,0
SUPER_Z,57570000,0,0,0,0,0,0,0
SUPER_Z,57580000,0,0,0,0,0,0,0
SUPER_Z,57590000,0,0,0,0,0,0,0
SUPER_Z,57600000,0,0,0,0,0,0,0
SUPER_Z,57610000,0,0,0,0,0,0,0
SUPER_Z,57620000,0,0,0,0,0,0,0
SUPER_Z,57630000,0,0,0,0,0,0,0
SUPER_Z,57640000,0,0,0,0,0,0,0
SUPER_Z,57650000,0,0,0,0,0,0,0
SUPER_Z,57660000,0,0,0,0,0,0,0
SUPER_Z,57670000,0,0,0,0,0,0,0
SUPER_Z,57680000,0,0,0,0,0,0,0
SUPER_Z,57690000,0,0,0,0,0,0,0
SUPER_Z,57700000,0,0,0,0,0,0,0
SUPER_Z,57710000,0,0,0,0,0,0,0
SUPER_Z,57720000,0,0,0,0,0,0,0
SUPER_Z,57730000,0,0,0,0,0,0,0
SUPER_Z,57740000,0,0,0,0,0,0,0
SUPER_Z,57750000,0,0,0,0,0,0,0
SUPER_Z,57760000,0,0,0,0,0,0,0
SUPER_Z,57770000,0,0,0,0,0,0,0
SUPER_Z,57780000,0,0,0,0,0,0,0
SUPER_Z,57790000,0,0,0,0,0,0,0
SUPER_Z,57800000,0,0,0,0,0,0,0
SUPER_Z,57810000,0,0,0,0,0,0,0
SUPER_Z,57820000,0,0,0,0,0,0,0
SUPER_Z,57830000,0,0,0,0,0,0,0
SUPER_Z,57840000,0,0,0,0,0,0,0
SUPER_Z,57850000,0,0,0,0,0,0,0
SUPER_Z,57860000,0,0,0,0,0,0,0
SUPER_Z,57870000,0,0,0,0,0,0,0
SUPER_Z,57880000,0,0,0,0,0,0,0
SUPER_Z,57890000,0,0,0,0,0,0,0
SUPER_Z,57900000,0,0,0,0,0,0,0
SUPER_Z,57910000,0,0,0,0,0,0,0
SUPER_Z,57920000,0,0,0,0,0,0,0
SUPER_Z,57930000,0,0,0,0,0,0,0
SUPER_Z,57940000,0,0,0,0,0,0,0
SUPER_Z,57950000,0,0,0,0,0,0,0
SUPER_Z,57960000,0,0,0,0,0,0,0
SUPER_Z,57970000,0,0,0,0,0,0,0
SUPER_Z,57980000,0,0,0,0,0,0,0
SUPER_Z,57990000,0,0,0,0,0,0,0
SUPER_Z,58000000,0,0,0,0,0,0,0
SUPER_Z,58010000,0,0,0,0,0,0,0
SUPER_Z,58020000,0,0,0,0,0,0,0
SUPER_Z,58030000,0,0,0,0,0,0,0
SUPER_Z,58040000,0,0,0,0,0,0,0
SUPER_Z,58050000,0,0,0,0,0,0,0
SUPER_Z,58060000,0,0,0,0,0,0,0
SUPER_Z,58070000,0,0,0,0,0,0,0
SUPER_Z,58080000,0,0,0,0,0,0,0
SUPER_Z,58090000,0,0,0,0,0,0,0
SUPER_Z,58100000,0,0,0,0,0,0,0
SUPER_Z,58110000,0,0,0,0,0,0,0
SUPER_Z,58120000,0,0,0,0,0,0,0
SUPER_Z,58130000,0,0,0,0,0,0,0
SUPER_Z,58140000,0,0,0,0,0,0,0
SUPER_Z,58150000,0,0,0,0,0,0,0
SUPER_Z,58160000,0,0,0,0,0,0,0
SUPER_Z,58170000,0,0,0,0,0,0,0
SUPER_Z,58180000,0,0,0,0,0,0,0
SUPER_Z,58190000,0,0,0,0,0,0,0
SUPER_Z,58200000,0,0,0,0,0,0,0
SUPER_Z,58210000,0,0,0,0,0,0,0
SUPER_Z,58220000,0,0,0,0,0,0,0
SUPER_Z,58230000,0,0,0,0,0,0,0
SUPER_Z,58240000,0,0,0,0,0,0,0
SUPER_Z,58250000,0,0,0,0,0,0,0
SUPER_Z,58260000,0,0,0,0,0,0,0
SUPER_Z,58270000,0,0,0,0,0,0,0
SUPER_Z,58280000,0,0,0,0,0,0,0
SUPER_Z,58290000,0,0,0,0,0,0,0
SUPER_Z,58300000,0,0,0,0,0,0,0
SUPER_Z,58310000,0,0,0,0,0,0,0
SUPER_Z,58320000,0,0,0,0,0,0,0
SUPER_Z,58330000,0,0,0,0,0,0,0
SUPER_Z,58340000,0,0,0,0,0,0,0
SUPER_Z,58350000,0,0,0,0,0,0,0
SUPER_Z,58360000,0,0,0,0,0,0,0
SUPER_Z,58370000,0,0,0,0,0,0,0
SUPER_Z,58380000,0,0,0,0,0,0,0
SUPER_Z,58390000,0,0,0,0,0,0,0
SUPER_Z,58400000,0,0,0,0,0,0,0
SUPER_Z,58410000,0,0,0,0,0,0,0
SUPER_Z,58420000,0,0,0,0,0,0,0
SUPER_Z,58430000,0,0,0,0,0,0,0
SUPER_Z,58440000,0,0,0,0,0,0,0
SUPER_Z,58450000,0,0,0,0,0,0,0
SUPER_Z,58460000,0,0,0,0,0,0,0
SUPER_Z,58470000,1,9,11,21,0,1,1.45
SUPER_Z,58480000,0,0,0,0,0,0,0
SUPER_Z,58490000,0,0,0,0,0,0,0
SUPER_Z,58500000,0,0,0,0,0,0,0
SUPER_Z,58510000,0,0,0,0,0,0,0
SUPER_Z,58520000,0,0,0,0,0,0,0
SUPER_Z,58530000,0,0,0,0,0,0,0
SUPER_Z,58540000,0,0,0,0,0,0,0
SUPER_Z,58550000,0,0,0,0,0,0,0
SUPER_Z,58560000,0,0,0,0,0,0,0
SUPER_Z,58570000,0,0,0,0,0,0,0
SUPER_Z,58580000,0,0,0,0,0,0,0
SUPER_Z,58590000,0,0,0,0,0,0,0
SUPER_Z,58600000,0,0,0,0,0,0,0
SUPER_Z,58610000,0,0,0,0,0,0,0
SUPER_Z,58620000,0,0,0,0,0,0,0
SUPER_Z,58630000,0,0,0,0,0,0,0
SUPER_Z,58640000,0,0,0,0,0,0,0
SUPER_Z,58650000,0,0,0,0,0,0,0
SUPER_Z,58660000,0,0,0,0,0,0,0
SUPER_Z,58670000,0,0,0,0,0,0,0
SUPER_Z,58680000,0,0,0,0,0,0,0
SUPER_Z,58690000,0,0,0,0,0,0,0
SUPER_Z,58700000,0,0,0,0,0,0,0
SUPER_Z,58710000,0,0,0,0,0,0,0
SUPER_Z,58720000,0,0,0,0,0,0,0
SUPER_Z,58730000,0,0,0,0,0,0,0
SUPER_Z,58740000,0,0,0,0,0,0,0
SUPER_Z,58750000,0,0,0,0,0,0,0
SUPER_Z,58760000,0,0,0,0,0,0,0
SUPER_Z,58770000,0,0,0,0,0,0,0
SUPER_Z,58780000,0,0,0,0,0,0,0
SUPER_Z,58790000,0,0,0,0,0,0,0
SUPER_Z,58800000,0,0,0,0,0,0,0
SUPER_Z,58810000,0,0,0,0,0,0,0
SUPER_Z,58820000,0,0,0,0,0,0,0
SUPER_Z,58830000,0,0,0,0,0,0,0
SUPER_Z,58840000,0,0,0,0,0,0,0
SUPER_Z,58850000,0,0,0,0,0,0,0
SUPER_Z,58860000,0,0,0,0,0,0,0
SUPER_Z,58870000,0,0,0,0,0,0,0
SUPER_Z,58880000,0,0,0,0,0,0,0
SUPER_Z,58890000,0,0,0,0,0,0,0
SUPER_Z,58900000,0,0,0,0,0,0,0
SUPER_Z,58910000,0,0,0,0,0,0,0
SUPER_Z,58920000,0,0,0,0,0,0,0
SUPER_Z,58930000,0,0,0,0,0,0,0
SUPER_Z,58940000,0,0,0,0,0,0,0
SUPER_Z,58950000,0,0,0,0,0,0,0
SUPER_Z,58960000,0,0,0,0,0,0,0
SUPER_Z,58970000,0,0,0,0,0,0,0
SUPER_Z,58980000,0,0,0,0,0,0,0
SUPER_Z,58990000,3,4,4,11,1,2,1.75
SUPER_Z,59000000,2,0,0,2,0,2,NaN
SUPER_Z,59010000,9,0,0,9,3,6,NaN
scaffold_88_ctg1,10000,12,0,0,12,0,12,NaN
scaffold_88_ctg1,20000,5,0,1,6,1,4,4
scaffold_88_ctg1,30000,9,0,0,9,5,4,NaN
scaffold_88_ctg1,40000,10,1,1,12,5,5,14
scaffold_88_ctg1,50000,30,7,3,40,12,18,10.7
scaffold_88_ctg1,60000,21,0,0,21,8,13,NaN
scaffold_88_ctg1,70000,15,1,1,17,5,10,1
scaffold_88_ctg1,80000,11,0,0,11,6,5,NaN
scaffold_88_ctg1,90000,23,0,0,23,6,17,NaN
scaffold_88_ctg1,100000,39,0,0,39,15,24,NaN
scaffold_88_ctg1,110000,10,0,0,10,5,5,NaN
scaffold_88_ctg1,120000,23,2,0,25,12,11,12
scaffold_88_ctg1,130000,9,0,0,9,3,6,NaN
scaffold_88_ctg1,140000,43,2,0,45,18,25,1
scaffold_88_ctg1,150000,11,2,0,13,7,4,14
scaffold_88_ctg1,160000,30,3,0,33,15,15,8.333333
scaffold_88_ctg1,170000,14,0,0,14,4,10,NaN
scaffold_88_ctg1,180000,32,0,0,32,14,18,NaN
scaffold_88_ctg1,190000,10,0,0,10,4,6,NaN
scaffold_88_ctg1,200000,18,2,2,22,9,9,3.5
scaffold_88_ctg1,210000,6,1,0,7,3,3,1
scaffold_88_ctg1,220000,9,1,0,10,4,5,11
scaffold_88_ctg1,230000,14,0,0,14,5,9,NaN
scaffold_88_ctg1,240000,7,1,0,8,2,5,1
scaffold_88_ctg1,250000,12,0,0,12,8,4,NaN
scaffold_88_ctg1,260000,8,0,0,8,3,5,NaN
scaffold_88_ctg1,270000,18,1,0,19,6,12,2
scaffold_88_ctg1,280000,6,0,0,6,3,3,NaN
scaffold_88_ctg1,290000,16,3,0,19,6,10,8.333333
scaffold_88_ctg1,300000,3,0,1,4,1,2,1
scaffold_88_ctg1,310000,4,0,2,6,1,3,5.5
scaffold_88_ctg1,320000,13,1,0,14,8,5,1
scaffold_88_ctg1,330000,27,3,2,32,15,12,8.6
scaffold_88_ctg1,340000,16,0,1,17,9,7,4
scaffold_88_ctg1,350000,4,1,0,5,3,1,1
scaffold_88_ctg1,360000,10,0,0,10,5,5,NaN
scaffold_88_ctg1,370000,13,0,2,15,9,4,8
scaffold_88_ctg1,380000,4,0,0,4,3,1,NaN
scaffold_88_ctg1,390000,8,1,0,9,4,4,11
scaffold_88_ctg1,400000,4,0,1,5,2,2,431
scaffold_88_ctg1,410000,7,3,0,10,2,5,11.333333
scaffold_88_ctg1,420000,6,0,1,7,2,4,4
scaffold_88_ctg1,430000,19,0,3,22,9,10,21.666666
scaffold_88_ctg1,440000,3,0,0,3,1,2,NaN
scaffold_88_ctg1,450000,11,0,0,11,9,2,NaN
scaffold_88_ctg1,460000,5,0,1,6,3,2,4
scaffold_88_ctg1,470000,8,1,1,10,6,2,4
scaffold_88_ctg1,480000,0,0,0,0,0,0,0
scaffold_88_ctg1,490000,0,0,0,0,0,0,0
scaffold_88_ctg1,500000,6,0,2,8,3,3,8
scaffold_88_ctg1,510000,2,2,0,4,1,1,6
scaffold_88_ctg1,520000,0,0,0,0,0,0,0
scaffold_88_ctg1,530000,0,0,0,0,0,0,0
scaffold_88_ctg1,540000,0,0,0,0,0,0,0
scaffold_88_ctg1,550000,0,0,0,0,0,0,0
scaffold_88_ctg1,560000,0,0,0,0,0,0,0
scaffold_88_ctg1,570000,0,0,0,0,0,0,0
scaffold_88_ctg1,580000,0,0,0,0,0,0,0
scaffold_88_ctg1,590000,0,0,0,0,0,0,0
scaffold_88_ctg1,600000,0,0,0,0,0,0,0
scaffold_88_ctg1,610000,0,0,0,0,0,0,0
scaffold_88_ctg1,620000,0,0,0,0,0,0,0
scaffold_88_ctg1,630000,0,0,0,0,0,0,0
scaffold_88_ctg1,640000,0,0,0,0,0,0,0
scaffold_88_ctg1,650000,0,0,0,0,0,0,0
scaffold_88_ctg1,660000,8,1,1,10,4,4,9
scaffold_88_ctg1,670000,1,0,0,1,0,1,NaN
scaffold_88_ctg1,680000,0,0,1,1,0,0,1
scaffold_88_ctg1,690000,2,0,0,2,1,1,NaN
scaffold_88_ctg1,700000,8,0,1,9,4,4,1
scaffold_88_ctg1,710000,51,1,0,52,24,27,1
scaffold_88_ctg1,720000,13,0,0,13,4,9,NaN
scaffold_88_ctg1,730000,1,0,0,1,0,1,NaN
scaffold_88_ctg1,740000,0,0,0,0,0,0,0
scaffold_88_ctg1,750000,0,0,0,0,0,0,0
scaffold_88_ctg1,760000,0,0,0,0,0,0,0
scaffold_88_ctg1,770000,0,0,0,0,0,0,0
scaffold_88_ctg1,780000,0,0,0,0,0,0,0
scaffold_88_ctg1,790000,0,0,0,0,0,0,0
scaffold_88_ctg1,800000,0,0,0,0,0,0,0
scaffold_88_ctg1,810000,0,0,0,0,0,0,0
scaffold_88_ctg1,820000,0,0,0,0,0,0,0
scaffold_88_ctg1,830000,0,0,0,0,0,0,0
scaffold_88_ctg1,840000,0,0,0,0,0,0,0
scaffold_88_ctg1,850000,0,0,0,0,0,0,0
scaffold_88_ctg1,860000,2,1,2,5,0,2,1.6666666
scaffold_88_ctg1,870000,0,0,0,0,0,0,0
scaffold_88_ctg1,880000,0,0,0,0,0,0,0
scaffold_88_ctg1,890000,0,0,2,2,0,0,2
scaffold_88_ctg1,900000,0,0,0,0,0,0,0
scaffold_88_ctg1,910000,0,0,0,0,0,0,0
scaffold_88_ctg1,920000,0,0,0,0,0,0,0
scaffold_88_ctg1,930000,4,0,0,4,2,2,NaN
scaffold_88_ctg1,940000,0,1,0,1,0,0,1
scaffold_108_ctg1,10000,60,3,0,63,31,29,1
scaffold_108_ctg1,20000,0,0,0,0,0,0,0
scaffold_108_ctg1,30000,0,0,0,0,0,0,0
scaffold_108_ctg1,40000,0,0,0,0,0,0,0
scaffold_108_ctg1,50000,0,0,0,0,0,0,0
scaffold_108_ctg1,60000,0,0,0,0,0,0,0
scaffold_108_ctg1,70000,0,0,0,0,0,0,0
scaffold_108_ctg1,80000,0,0,0,0,0,0,0
scaffold_108_ctg1,90000,0,0,0,0,0,0,0
scaffold_108_ctg1,100000,0,0,0,0,0,0,0
scaffold_108_ctg1,110000,0,0,0,0,0,0,0
scaffold_108_ctg1,120000,0,0,0,0,0,0,0
scaffold_108_ctg1,130000,0,0,0,0,0,0,0
scaffold_108_ctg1,140000,0,0,0,0,0,0,0
scaffold_108_ctg1,150000,0,0,0,0,0,0,0
scaffold_108_ctg1,160000,0,0,0,0,0,0,0
scaffold_108_ctg1,170000,0,0,0,0,0,0,0
scaffold_108_ctg1,180000,0,0,0,0,0,0,0
scaffold_108_ctg1,190000,45,6,8,59,27,18,9.571428
scaffold_108_ctg1,200000,34,3,5,42,14,20,9.5
scaffold_108_ctg1,210000,69,9,11,89,33,36,6.25
scaffold_108_ctg1,220000,57,6,7,70,33,24,15.307693
scaffold_108_ctg1,230000,0,0,0,0,0,0,0
scaffold_108_ctg1,240000,0,0,0,0,0,0,0
scaffold_108_ctg1,250000,34,3,3,40,17,17,5.1666665
scaffold_108_ctg1,260000,82,6,3,91,47,35,12
scaffold_108_ctg1,270000,119,10,8,137,53,66,6.8333335
scaffold_108_ctg1,280000,127,21,7,155,62,65,3.4285715
scaffold_108_ctg1,290000,3,0,0,3,2,1,NaN
scaffold_108_ctg1,300000,3,0,0,3,1,2,NaN
scaffold_108_ctg1,310000,3,0,1,4,3,0,1
scaffold_108_ctg1,320000,1,0,0,1,1,0,NaN
scaffold_108_ctg1,330000,3,0,0,3,3,0,NaN
scaffold_108_ctg1,340000,3,0,0,3,0,3,NaN
scaffold_108_ctg1,350000,0,0,0,0,0,0,0
scaffold_108_ctg1,360000,0,0,0,0,0,0,0
scaffold_108_ctg1,370000,10,0,0,10,7,3,NaN
scaffold_108_ctg1,380000,15,0,0,15,9,6,NaN
scaffold_108_ctg1,390000,68,4,3,75,42,26,7.714286
scaffold_108_ctg1,400000,8,0,0,8,5,3,NaN
scaffold_108_ctg1,410000,8,2,0,10,5,3,3.5
scaffold_108_ctg1,420000,6,0,0,6,4,2,NaN
scaffold_108_ctg1,430000,7,0,0,7,5,2,NaN
scaffold_108_ctg1,440000,2,0,0,2,0,2,NaN
scaffold_108_ctg1,450000,4,0,0,4,2,2,NaN
scaffold_108_ctg1,460000,0,0,0,0,0,0,0
scaffold_108_ctg1,470000,0,0,0,0,0,0,0
scaffold_108_ctg1,480000,35,0,2,37,27,8,2
scaffold_108_ctg1,490000,17,2,0,19,15,2,2
scaffold_108_ctg1,500000,0,0,0,0,0,0,0
scaffold_108_ctg1,510000,0,0,0,0,0,0,0
scaffold_108_ctg1,520000,2,0,0,2,2,0,NaN
scaffold_108_ctg1,530000,0,0,0,0,0,0,0
scaffold_108_ctg1,540000,0,0,0,0,0,0,0
scaffold_108_ctg1,550000,4,0,0,4,2,2,NaN
scaffold_108_ctg1,560000,4,1,0,5,2,2,4
scaffold_108_ctg1,570000,6,0,0,6,2,4,NaN
scaffold_110_ctg1,10000,10,0,1,11,4,6,1
scaffold_110_ctg1,20000,2,0,0,2,1,1,NaN
scaffold_110_ctg1,30000,17,1,0,18,4,13,6
scaffold_110_ctg1,40000,9,0,1,10,3,6,1
scaffold_110_ctg1,50000,34,4,2,40,19,15,7.5
scaffold_110_ctg1,60000,6,4,0,10,4,2,1.5
scaffold_110_ctg1,70000,16,3,3,22,7,9,4.6666665
scaffold_110_ctg1,80000,10,0,0,10,7,3,NaN
scaffold_110_ctg1,90000,12,1,1,14,7,5,383
scaffold_110_ctg1,100000,1,0,1,2,0,1,1
scaffold_110_ctg1,110000,0,0,0,0,0,0,0
scaffold_110_ctg1,120000,0,0,0,0,0,0,0
scaffold_110_ctg1,130000,0,0,0,0,0,0,0
scaffold_110_ctg1,140000,0,0,0,0,0,0,0
scaffold_110_ctg1,150000,0,0,0,0,0,0,0
scaffold_110_ctg1,160000,1,1,1,3,1,0,1
scaffold_110_ctg1,170000,10,1,3,14,7,3,2.5
scaffold_110_ctg1,180000,16,0,2,18,11,5,1
scaffold_110_ctg1,190000,0,0,0,0,0,0,0
scaffold_110_ctg1,200000,0,0,0,0,0,0,0
scaffold_110_ctg1,210000,34,2,2,38,25,9,14.5
scaffold_110_ctg1,220000,0,0,0,0,0,0,0
scaffold_110_ctg1,230000,0,0,0,0,0,0,0
scaffold_110_ctg1,240000,0,0,0,0,0,0,0
scaffold_110_ctg1,250000,0,0,0,0,0,0,0
scaffold_110_ctg1,260000,0,0,0,0,0,0,0
scaffold_110_ctg1,270000,0,0,0,0,0,0,0
scaffold_110_ctg1,280000,0,0,0,0,0,0,0
scaffold_110_ctg1,290000,12,5,4,21,5,7,2
scaffold_110_ctg1,300000,0,0,0,0,0,0,0
scaffold_110_ctg1,310000,0,0,0,0,0,0,0
scaffold_110_ctg1,320000,0,0,4,4,0,0,2
scaffold_110_ctg1,330000,0,1,0,1,0,0,1
scaffold_110_ctg1,340000,0,0,0,0,0,0,0
scaffold_110_ctg1,350000,0,0,0,0,0,0,0
scaffold_110_ctg1,360000,0,0,0,0,0,0,0
scaffold_110_ctg1,370000,0,1,3,4,0,0,2
scaffold_110_ctg1,380000,0,0,0,0,0,0,0
scaffold_110_ctg1,390000,0,0,0,0,0,0,0
scaffold_110_ctg1,400000,0,0,0,0,0,0,0
scaffold_110_ctg1,410000,0,0,0,0,0,0,0
scaffold_110_ctg1,420000,0,0,0,0,0,0,0
scaffold_110_ctg1,430000,0,0,0,0,0,0,0
scaffold_110_ctg1,440000,0,0,0,0,0,0,0
scaffold_110_ctg1,450000,0,0,0,0,0,0,0
scaffold_110_ctg1,460000,0,0,0,0,0,0,0
scaffold_110_ctg1,470000,0,0,0,0,0,0,0
scaffold_110_ctg1,480000,0,0,0,0,0,0,0
scaffold_110_ctg1,490000,0,0,0,0,0,0,0
scaffold_110_ctg1,500000,0,0,0,0,0,0,0
scaffold_110_ctg1,510000,10,2,2,14,7,3,1.5
scaffold_110_ctg1,520000,1,0,0,1,1,0,NaN
scaffold_110_ctg1,530000,6,0,0,6,1,5,NaN
scaffold_110_ctg1,540000,54,5,2,61,12,42,1.1428572
scaffold_114_ctg1,10000,9,1,0,10,3,6,1
scaffold_114_ctg1,20000,0,0,0,0,0,0,0
scaffold_114_ctg1,30000,0,0,0,0,0,0,0
scaffold_114_ctg1,40000,0,0,0,0,0,0,0
scaffold_114_ctg1,50000,0,0,0,0,0,0,0
scaffold_114_ctg1,60000,0,0,0,0,0,0,0
scaffold_114_ctg1,70000,0,0,0,0,0,0,0
scaffold_114_ctg1,80000,0,0,0,0,0,0,0
scaffold_114_ctg1,90000,0,0,0,0,0,0,0
scaffold_114_ctg1,100000,0,0,0,0,0,0,0
scaffold_114_ctg1,110000,0,0,0,0,0,0,0
scaffold_114_ctg1,120000,0,0,0,0,0,0,0
scaffold_114_ctg1,130000,0,0,0,0,0,0,0
scaffold_114_ctg1,140000,0,0,0,0,0,0,0
scaffold_114_ctg1,150000,0,0,0,0,0,0,0
scaffold_114_ctg1,160000,0,0,0,0,0,0,0
scaffold_114_ctg1,170000,0,0,0,0,0,0,0
scaffold_114_ctg1,180000,0,0,0,0,0,0,0
scaffold_114_ctg1,190000,0,0,0,0,0,0,0
scaffold_114_ctg1,200000,0,0,0,0,0,0,0
scaffold_114_ctg1,210000,0,0,0,0,0,0,0
scaffold_114_ctg1,220000,0,0,0,0,0,0,0
scaffold_114_ctg1,230000,0,0,0,0,0,0,0
scaffold_114_ctg1,240000,0,0,0,0,0,0,0
scaffold_114_ctg1,250000,0,0,0,0,0,0,0
scaffold_114_ctg1,260000,0,0,0,0,0,0,0
scaffold_114_ctg1,270000,0,0,0,0,0,0,0
scaffold_114_ctg1,280000,0,0,0,0,0,0,0
scaffold_114_ctg1,290000,0,0,0,0,0,0,0
scaffold_114_ctg1,300000,0,0,0,0,0,0,0
scaffold_114_ctg1,310000,0,0,0,0,0,0,0
scaffold_114_ctg1,320000,0,0,0,0,0,0,0
scaffold_114_ctg1,330000,0,0,0,0,0,0,0
scaffold_114_ctg1,340000,0,0,0,0,0,0,0
scaffold_114_ctg1,350000,0,0,0,0,0,0,0
scaffold_114_ctg1,360000,0,0,0,0,0,0,0
scaffold_114_ctg1,370000,0,0,0,0,0,0,0
scaffold_114_ctg1,380000,0,0,0,0,0,0,0
scaffold_114_ctg1,390000,0,0,0,0,0,0,0
scaffold_114_ctg1,400000,0,0,0,0,0,0,0
scaffold_114_ctg1,410000,0,0,0,0,0,0,0
scaffold_114_ctg1,420000,0,0,0,0,0,0,0
scaffold_114_ctg1,430000,0,0,0,0,0,0,0
scaffold_121_ctg1,10000,0,0,0,0,0,0,0
scaffold_121_ctg1,20000,0,0,0,0,0,0,0
scaffold_121_ctg1,30000,52,6,13,71,28,24,2.5263157
scaffold_121_ctg1,40000,0,0,0,0,0,0,0
scaffold_121_ctg1,50000,0,0,0,0,0,0,0
scaffold_121_ctg1,60000,0,0,0,0,0,0,0
scaffold_121_ctg1,70000,0,0,0,0,0,0,0
scaffold_121_ctg1,80000,0,0,0,0,0,0,0
scaffold_121_ctg1,90000,0,0,0,0,0,0,0
scaffold_121_ctg1,100000,0,0,0,0,0,0,0
scaffold_121_ctg1,110000,0,0,0,0,0,0,0
scaffold_121_ctg1,120000,0,0,0,0,0,0,0
scaffold_121_ctg1,130000,0,0,0,0,0,0,0
scaffold_121_ctg1,140000,0,0,0,0,0,0,0
scaffold_121_ctg1,150000,0,0,0,0,0,0,0
scaffold_121_ctg1,160000,0,0,0,0,0,0,0
scaffold_121_ctg1,170000,0,0,0,0,0,0,0
scaffold_121_ctg1,180000,0,0,0,0,0,0,0
scaffold_121_ctg1,190000,0,0,0,0,0,0,0
scaffold_121_ctg1,200000,0,0,0,0,0,0,0
scaffold_121_ctg1,210000,0,0,0,0,0,0,0
scaffold_121_ctg1,220000,0,0,0,0,0,0,0
scaffold_121_ctg1,230000,0,0,0,0,0,0,0
scaffold_121_ctg1,240000,0,0,0,0,0,0,0
scaffold_121_ctg1,250000,0,0,0,0,0,0,0
scaffold_121_ctg1,260000,0,0,0,0,0,0,0
scaffold_121_ctg1,270000,0,0,0,0,0,0,0
scaffold_121_ctg1,280000,0,0,0,0,0,0,0
scaffold_121_ctg1,290000,0,0,0,0,0,0,0
scaffold_121_ctg1,300000,0,0,0,0,0,0,0
scaffold_121_ctg1,310000,0,0,0,0,0,0,0
scaffold_121_ctg1,320000,0,0,0,0,0,0,0
scaffold_121_ctg1,330000,0,0,0,0,0,0,0
scaffold_121_ctg1,340000,17,5,1,23,10,7,1.6666666
scaffold_121_ctg1,350000,0,0,0,0,0,0,0
scaffold_121_ctg1,360000,0,0,0,0,0,0,0
scaffold_121_ctg1,370000,13,6,3,22,2,11,1.6666666
scaffold_134_ctg1,10000,0,1,0,1,0,0,1
scaffold_134_ctg1,20000,3,0,0,3,2,1,NaN
scaffold_134_ctg1,30000,1,0,0,1,1,0,NaN
scaffold_134_ctg1,40000,4,1,0,5,1,3,1
scaffold_134_ctg1,50000,0,0,0,0,0,0,0
scaffold_134_ctg1,60000,0,0,0,0,0,0,0
scaffold_134_ctg1,70000,0,0,0,0,0,0,0
scaffold_134_ctg1,80000,3,0,0,3,1,2,NaN
scaffold_134_ctg1,90000,1,0,0,1,0,1,NaN
scaffold_134_ctg1,100000,0,0,0,0,0,0,0
scaffold_134_ctg1,110000,0,0,0,0,0,0,0
scaffold_134_ctg1,120000,0,0,0,0,0,0,0
scaffold_134_ctg1,130000,18,13,32,63,11,7,4.6666665
scaffold_134_ctg1,140000,20,2,3,25,13,7,6.4
scaffold_134_ctg1,150000,37,3,2,42,23,14,12.8
scaffold_134_ctg1,160000,16,0,2,18,9,7,4
scaffold_134_ctg1,170000,3,0,0,3,0,3,NaN
scaffold_134_ctg1,180000,0,1,0,1,0,0,1
scaffold_134_ctg1,190000,21,1,1,23,18,3,1.5
scaffold_135_ctg1,10000,56,3,6,65,41,15,2.8888888
scaffold_135_ctg1,20000,106,11,5,122,56,50,14.375
scaffold_135_ctg1,30000,87,10,11,108,35,51,6.714286
scaffold_135_ctg1,40000,15,2,11,28,9,6,8
scaffold_135_ctg1,50000,10,4,5,19,4,6,14.888889
scaffold_135_ctg1,60000,14,3,6,23,6,8,4.888889
scaffold_135_ctg1,70000,2,0,1,3,1,1,1
scaffold_135_ctg1,80000,21,0,3,24,16,5,3.6666667
scaffold_135_ctg1,90000,34,3,2,39,14,20,5.2
scaffold_135_ctg1,100000,39,3,3,45,23,16,6
scaffold_135_ctg1,110000,1,0,0,1,1,0,NaN
scaffold_135_ctg1,120000,2,0,4,6,2,0,2.25
scaffold_135_ctg1,130000,12,8,5,25,6,6,4.769231
scaffold_135_ctg1,140000,22,3,4,29,10,12,4.571429
scaffold_135_ctg1,150000,62,11,5,78,26,36,7.375
scaffold_135_ctg1,160000,25,3,4,32,16,9,22
scaffold_135_ctg1,170000,24,1,0,25,15,9,16
scaffold_135_ctg1,180000,117,6,4,127,54,63,8.3
scaffold_135_ctg1,190000,19,1,2,22,6,13,2
scaffold_137_ctg1,10000,0,0,0,0,0,0,0
scaffold_137_ctg1,20000,0,0,0,0,0,0,0
scaffold_137_ctg1,30000,0,0,0,0,0,0,0
scaffold_137_ctg1,40000,0,0,0,0,0,0,0
scaffold_137_ctg1,50000,0,0,0,0,0,0,0
scaffold_137_ctg1,60000,0,0,0,0,0,0,0
scaffold_137_ctg1,70000,0,0,0,0,0,0,0
scaffold_137_ctg1,80000,0,0,0,0,0,0,0
scaffold_137_ctg1,90000,0,0,0,0,0,0,0
scaffold_137_ctg1,100000,53,7,7,67,29,24,17.142857
scaffold_137_ctg1,110000,0,0,0,0,0,0,0
scaffold_137_ctg1,120000,0,0,0,0,0,0,0
scaffold_137_ctg1,130000,0,0,0,0,0,0,0
scaffold_137_ctg1,140000,0,0,0,0,0,0,0
scaffold_137_ctg1,150000,0,0,0,0,0,0,0
scaffold_137_ctg1,160000,0,0,0,0,0,0,0
scaffold_137_ctg1,170000,0,0,0,0,0,0,0
scaffold_137_ctg1,180000,0,0,0,0,0,0,0
scaffold_138_ctg1,10000,1,2,1,4,0,1,1.3333334
scaffold_138_ctg1,20000,1,2,1,4,0,0,1.3333334
scaffold_138_ctg1,30000,6,0,1,7,2,4,1
scaffold_138_ctg1,40000,4,2,2,8,2,2,4
scaffold_138_ctg1,50000,3,2,1,6,1,2,2
scaffold_138_ctg1,60000,0,0,0,0,0,0,0
scaffold_138_ctg1,70000,0,0,0,0,0,0,0
scaffold_138_ctg1,80000,0,0,0,0,0,0,0
scaffold_138_ctg1,90000,3,0,1,4,3,0,3
scaffold_138_ctg1,100000,14,1,0,15,8,6,1
scaffold_138_ctg1,110000,57,2,0,59,41,16,6.5
scaffold_138_ctg1,120000,7,1,0,8,4,3,1
scaffold_138_ctg1,130000,5,0,0,5,3,2,NaN
scaffold_138_ctg1,140000,9,0,0,9,8,1,NaN
scaffold_138_ctg1,150000,14,0,0,14,10,4,NaN
scaffold_140_ctg1,10000,7,1,2,10,6,1,4.3333335
scaffold_140_ctg1,20000,9,2,1,12,9,0,1
scaffold_140_ctg1,30000,4,0,0,4,3,1,NaN
scaffold_140_ctg1,40000,119,1,1,121,91,28,1
scaffold_140_ctg1,50000,91,0,0,91,64,27,NaN
scaffold_140_ctg1,60000,0,0,0,0,0,0,0
scaffold_140_ctg1,70000,0,0,0,0,0,0,0
scaffold_140_ctg1,80000,2,2,0,4,1,1,1.5
scaffold_140_ctg1,90000,0,1,0,1,0,0,2
scaffold_140_ctg1,100000,3,0,1,4,1,2,1
scaffold_140_ctg1,110000,17,1,0,18,11,6,1
scaffold_140_ctg1,120000,0,1,1,2,0,0,1
scaffold_140_ctg1,130000,12,3,1,16,3,9,10.75
scaffold_140_ctg1,140000,33,0,3,36,21,12,7.6666665
scaffold_140_ctg1,150000,23,0,1,24,14,9,2
scaffold_142_ctg1,10000,0,0,0,0,0,0,0
scaffold_142_ctg1,20000,0,0,0,0,0,0,0
scaffold_142_ctg1,30000,0,0,0,0,0,0,0
scaffold_142_ctg1,40000,0,0,0,0,0,0,0
scaffold_142_ctg1,50000,0,0,0,0,0,0,0
scaffold_142_ctg1,60000,0,0,0,0,0,0,0
scaffold_142_ctg1,70000,0,0,0,0,0,0,0
scaffold_143_ctg1,10000,0,0,0,0,0,0,0
scaffold_143_ctg1,20000,0,0,0,0,0,0,0
scaffold_143_ctg1,30000,0,0,0,0,0,0,0
scaffold_145_ctg1,10000,0,0,0,0,0,0,0
scaffold_145_ctg1,20000,0,0,0,0,0,0,0
scaffold_145_ctg1,30000,25,9,3,37,15,10,1
scaffold_145_ctg1,40000,8,2,0,10,5,3,1.5
scaffold_145_ctg1,50000,33,1,0,34,27,6,1
scaffold_145_ctg1,60000,11,3,0,14,8,3,3.6666667
scaffold_145_ctg1,70000,36,0,1,37,21,15,3
scaffold_145_ctg1,80000,22,1,0,23,16,6,1
scaffold_145_ctg1,90000,67,3,1,71,38,29,6
scaffold_146_ctg1,10000,0,0,0,0,0,0,0
scaffold_146_ctg1,20000,0,0,0,0,0,0,0
scaffold_146_ctg1,30000,0,0,0,0,0,0,0
scaffold_146_ctg1,40000,0,0,0,0,0,0,0
scaffold_146_ctg1,50000,0,0,0,0,0,0,0
scaffold_146_ctg1,60000,0,0,0,0,0,0,0
scaffold_146_ctg1,70000,0,0,0,0,0,0,0
scaffold_146_ctg1,80000,0,0,0,0,0,0,0
scaffold_146_ctg1,90000,0,0,0,0,0,0,0
scaffold_146_ctg1,100000,0,0,0,0,0,0,0
scaffold_146_ctg1,110000,7,2,1,10,6,1,1
scaffold_147_ctg1,10000,0,0,1,1,0,0,4
scaffold_147_ctg1,20000,2,1,1,4,2,0,2
scaffold_147_ctg1,30000,23,11,7,41,0,23,2
scaffold_147_ctg1,40000,1,0,0,1,0,1,NaN
scaffold_147_ctg1,50000,0,1,1,2,0,0,2
scaffold_147_ctg1,60000,2,0,0,2,0,2,NaN
scaffold_147_ctg1,70000,0,2,3,5,0,0,2
scaffold_147_ctg1,80000,1,0,0,1,0,1,NaN
scaffold_147_ctg1,90000,32,4,2,38,21,11,1.1666666
scaffold_148_ctg1,10000,0,0,0,0,0,0,0
scaffold_148_ctg1,20000,0,0,0,0,0,0,0
scaffold_148_ctg1,30000,0,0,0,0,0,0,0
scaffold_148_ctg1,40000,24,6,3,33,18,6,3.4444444
scaffold_148_ctg1,50000,4,0,1,5,1,3,22
scaffold_148_ctg1,60000,1,0,0,1,1,0,NaN
scaffold_148_ctg1,70000,1,0,0,1,1,0,NaN
scaffold_148_ctg1,80000,21,3,5,29,9,12,9.625
scaffold_149_ctg1,10000,0,0,0,0,0,0,0
scaffold_149_ctg1,20000,0,0,0,0,0,0,0
scaffold_149_ctg1,30000,0,0,0,0,0,0,0
scaffold_149_ctg1,40000,0,0,0,0,0,0,0
scaffold_149_ctg1,50000,8,0,3,11,2,6,1
scaffold_149_ctg1,60000,0,0,0,0,0,0,0
scaffold_149_ctg1,70000,0,0,0,0,0,0,0
scaffold_149_ctg1,80000,0,0,0,0,0,0,0
scaffold_150_ctg1,10000,2,0,3,5,1,1,1.3333334
scaffold_150_ctg1,20000,8,4,0,12,0,8,1
scaffold_150_ctg1,30000,1,1,0,2,0,1,2
scaffold_150_ctg1,40000,65,0,0,65,55,10,NaN
scaffold_150_ctg1,50000,0,0,0,0,0,0,0
scaffold_150_ctg1,60000,0,0,0,0,0,0,0
scaffold_150_ctg1,70000,0,0,0,0,0,0,0
scaffold_150_ctg1,80000,88,2,1,91,74,14,2.6666667
scaffold_150_ctg1,90000,20,2,4,26,8,12,1
scaffold_151_ctg1,10000,0,0,0,0,0,0,0
scaffold_151_ctg1,20000,0,0,0,0,0,0,0
scaffold_151_ctg1,30000,0,0,0,0,0,0,0
scaffold_151_ctg1,40000,0,0,0,0,0,0,0
scaffold_151_ctg1,50000,0,0,0,0,0,0,0
scaffold_151_ctg1,60000,0,0,0,0,0,0,0
scaffold_151_ctg1,70000,0,0,0,0,0,0,0
scaffold_151_ctg1,80000,0,0,0,0,0,0,0
scaffold_152_ctg1,10000,33,18,23,74,16,17,2.682927
scaffold_152_ctg1,20000,23,3,1,27,15,8,1.25
scaffold_152_ctg1,30000,17,4,0,21,12,5,3.5
scaffold_152_ctg1,40000,14,0,1,15,9,5,1
scaffold_152_ctg1,50000,6,2,0,8,4,2,22
scaffold_152_ctg1,60000,22,2,0,24,10,12,2.5
scaffold_152_ctg1,70000,31,1,3,35,18,13,13.5
scaffold_153_ctg1,10000,0,0,0,0,0,0,0
scaffold_153_ctg1,20000,0,0,0,0,0,0,0
scaffold_153_ctg1,30000,6,0,0,6,5,1,NaN
scaffold_153_ctg1,40000,53,4,0,57,36,17,1.75
scaffold_153_ctg1,50000,18,1,0,19,11,7,1
scaffold_155_ctg1,10000,3,1,1,5,0,3,1
scaffold_155_ctg1,20000,0,0,0,0,0,0,0
scaffold_155_ctg1,30000,0,0,0,0,0,0,0
scaffold_155_ctg1,40000,0,0,0,0,0,0,0
scaffold_156_ctg1,10000,19,2,2,23,10,9,2.25
scaffold_156_ctg1,20000,1,0,0,1,1,0,NaN
scaffold_156_ctg1,30000,35,0,1,36,20,15,1
scaffold_156_ctg1,40000,200,3,1,204,109,91,41.75
scaffold_156_ctg1,50000,167,1,1,169,109,58,1
scaffold_156_ctg1,60000,181,1,1,183,103,78,82.5
scaffold_158_ctg1,10000,47,4,5,56,25,22,20.88889
scaffold_158_ctg1,20000,6,2,5,13,4,2,4.714286
scaffold_158_ctg1,30000,15,5,4,24,5,10,7.3333335
scaffold_158_ctg1,40000,5,1,3,9,0,5,2
scaffold_158_ctg1,50000,78,6,6,90,36,42,23.583334
scaffold_159_ctg1,10000,0,0,0,0,0,0,0
scaffold_159_ctg1,20000,0,0,0,0,0,0,0
scaffold_159_ctg1,30000,21,3,1,25,7,14,4
scaffold_159_ctg1,40000,20,0,1,21,4,16,2
scaffold_160_ctg1,10000,19,1,1,21,8,11,1
scaffold_160_ctg1,20000,6,0,0,6,1,5,NaN
scaffold_160_ctg1,30000,0,0,0,0,0,0,0
scaffold_160_ctg1,40000,0,0,0,0,0,0,0
scaffold_160_ctg1,50000,17,2,2,21,14,3,1
scaffold_162_ctg1,10000,0,0,0,0,0,0,0
scaffold_162_ctg1,20000,0,0,0,0,0,0,0
scaffold_162_ctg1,30000,0,0,0,0,0,0,0
scaffold_162_ctg1,40000,3,11,1,15,1,2,1.5833334
scaffold_165_ctg1,10000,125,28,25,178,52,73,1.018868
scaffold_165_ctg1,20000,50,2,0,52,37,13,2
scaffold_165_ctg1,30000,22,8,7,37,14,8,2.2666667
scaffold_165_ctg1,40000,64,0,0,64,35,29,NaN
scaffold_166_ctg1,10000,22,2,0,24,10,12,1
scaffold_167_ctg1,10000,11,2,1,14,4,7,2.6666667
scaffold_167_ctg1,20000,7,5,3,15,6,1,1.75
scaffold_167_ctg1,30000,11,0,0,11,5,6,NaN
scaffold_168_ctg1,10000,0,0,0,0,0,0,0
scaffold_168_ctg1,20000,0,0,0,0,0,0,0
scaffold_168_ctg1,30000,34,5,2,41,19,15,2.2857144
scaffold_169_ctg1,10000,7,6,2,15,4,3,1
scaffold_170_ctg1,10000,0,0,0,0,0,0,0
scaffold_170_ctg1,20000,0,0,0,0,0,0,0
scaffold_170_ctg1,30000,3,7,3,13,2,1,1.1
scaffold_171_ctg1,10000,3,21,18,42,1,2,1.0256411
scaffold_171_ctg1,20000,3,1,0,4,0,3,2
scaffold_171_ctg1,30000,8,3,1,12,4,4,1
scaffold_173_ctg1,10000,13,1,7,21,3,10,2.25
scaffold_173_ctg1,20000,48,2,1,51,32,16,4
scaffold_174_ctg1,10000,66,0,0,66,48,18,NaN
scaffold_174_ctg1,20000,0,0,0,0,0,0,0
scaffold_174_ctg1,30000,0,0,0,0,0,0,0
scaffold_176_ctg1,10000,6,2,1,9,2,4,1.6666666
scaffold_177_ctg1,10000,0,0,0,0,0,0,0
scaffold_177_ctg1,20000,0,0,0,0,0,0,0
scaffold_177_ctg1,30000,3,0,4,7,0,3,1
scaffold_178_ctg1,10000,13,11,7,31,5,8,1.3333334
scaffold_178_ctg1,20000,0,0,0,0,0,0,0
scaffold_178_ctg1,30000,0,0,0,0,0,0,0
scaffold_181_ctg1,10000,17,6,1,24,12,5,1.2857143
scaffold_185_ctg1,10000,14,0,1,15,11,3,1
scaffold_185_ctg1,20000,0,2,0,2,0,0,1.5
scaffold_186_ctg1,10000,0,0,0,0,0,0,0
scaffold_186_ctg1,20000,0,0,0,0,0,0,0
scaffold_187_ctg1,10000,76,35,9,120,39,37,1.2954545
scaffold_187_ctg1,20000,13,0,0,13,7,6,NaN
scaffold_190_ctg1,10000,5,4,0,9,0,5,2.5
scaffold_191_ctg1,10000,0,0,1,1,0,0,1
scaffold_191_ctg1,20000,1,3,2,6,1,0,1.2
scaffold_192_ctg1,10000,5,2,4,11,3,2,1
scaffold_192_ctg1,20000,6,0,0,6,4,2,NaN
scaffold_194_ctg1,10000,32,9,15,56,18,14,1.1666666
scaffold_196_ctg1,10000,3,7,0,10,1,2,4.142857
scaffold_198_ctg1,10000,0,0,0,0,0,0,0
scaffold_198_ctg1,20000,0,0,0,0,0,0,0
scaffold_202_ctg1,10000,6,10,7,23,0,6,1.1764706
scaffold_203_ctg1,10000,0,0,0,0,0,0,0
scaffold_203_ctg1,20000,0,0,0,0,0,0,0
scaffold_204_ctg1,10000,1,3,1,5,0,1,1.25
scaffold_206_ctg1,10000,1,1,1,3,0,1,1.5
scaffold_208_ctg1,10000,29,1,4,34,12,17,1.2
scaffold_208_ctg1,20000,42,17,0,59,25,17,1.117647
scaffold_212_ctg1,10000,4,1,0,5,3,1,1
scaffold_219_ctg1,10000,13,6,2,21,1,12,1.875
scaffold_221_ctg1,10000,14,23,11,48,10,4,1.5588236
