ID,window,no_snps,no_insertions,no_deletions,snp_density,transitions,transversions
SUPER_1,10000,34,3,5,42,18,16
SUPER_1,20000,28,2,3,33,17,11
SUPER_1,30000,51,2,1,54,26,25
SUPER_1,40000,175,9,12,196,91,84
SUPER_1,50000,206,22,18,246,116,90
SUPER_1,60000,131,15,13,159,59,72
SUPER_1,70000,62,7,6,75,28,34
SUPER_1,80000,195,20,11,226,109,86
SUPER_1,90000,176,19,8,203,102,74
SUPER_1,100000,281,22,23,326,136,145
SUPER_1,110000,177,15,5,197,96,81
SUPER_1,120000,146,13,14,173,70,76
SUPER_1,130000,239,21,21,281,127,112
SUPER_1,140000,306,28,35,369,155,151
SUPER_1,150000,188,16,12,216,81,107
SUPER_1,160000,142,4,18,164,62,80
SUPER_1,170000,228,21,23,272,122,106
SUPER_1,180000,246,16,18,280,132,114
SUPER_1,190000,150,18,16,184,68,82
SUPER_1,200000,148,13,13,174,79,69
SUPER_1,210000,51,4,6,61,27,24
SUPER_1,220000,233,32,19,284,127,106
SUPER_1,230000,207,16,7,230,107,100
SUPER_1,240000,186,25,23,234,97,89
SUPER_1,250000,236,20,22,278,113,123
SUPER_1,260000,20,1,0,21,9,11
SUPER_1,270000,209,23,19,251,99,110
SUPER_1,280000,268,19,11,298,140,128
SUPER_1,290000,301,22,17,340,151,150
SUPER_1,300000,70,10,3,83,35,35
SUPER_1,310000,273,27,19,319,132,141
SUPER_1,320000,43,2,1,46,18,25
SUPER_1,330000,249,22,17,288,133,116
SUPER_1,340000,145,15,12,172,70,75
SUPER_1,350000,315,20,19,354,153,162
SUPER_1,360000,207,20,17,244,105,102
SUPER_1,370000,327,25,24,376,175,152
SUPER_1,380000,280,26,30,336,141,139
SUPER_1,390000,239,27,15,281,125,114
SUPER_1,400000,313,26,33,372,155,158
SUPER_1,410000,165,9,15,189,79,86
SUPER_1,420000,246,27,21,294,134,112
SUPER_1,430000,388,31,25,444,208,180
SUPER_1,440000,333,27,29,389,151,182
SUPER_1,450000,345,40,41,426,163,182
SUPER_1,460000,327,37,30,394,155,172
SUPER_1,470000,407,46,35,488,211,196
SUPER_1,480000,206,16,12,234,107,99
SUPER_1,490000,151,13,15,179,74,77
SUPER_1,500000,123,6,14,143,60,63
SUPER_1,510000,187,25,20,232,104,83
SUPER_1,520000,167,8,19,194,92,75
SUPER_1,530000,156,15,21,192,72,84
SUPER_1,540000,280,27,30,337,148,132
SUPER_1,550000,305,24,41,370,149,156
SUPER_1,560000,238,25,20,283,133,105
SUPER_1,570000,233,22,24,279,141,92
SUPER_1,580000,87,12,4,103,39,48
SUPER_1,590000,255,27,20,302,113,142
SUPER_1,600000,132,11,8,151,58,74
SUPER_1,610000,341,34,32,407,162,179
SUPER_1,620000,299,29,32,360,162,137
SUPER_1,630000,384,26,38,448,195,189
SUPER_1,640000,224,21,18,263,110,114
SUPER_1,650000,112,3,10,125,50,62
SUPER_1,660000,102,9,8,119,57,45
SUPER_1,670000,300,30,27,357,164,136
SUPER_1,680000,345,33,19,397,178,167
SUPER_1,690000,331,43,30,404,157,174
SUPER_1,700000,263,17,14,294,107,156
SUPER_1,710000,288,24,23,335,156,132
SUPER_1,720000,80,3,3,86,40,40
SUPER_1,730000,259,18,18,295,117,142
SUPER_1,740000,366,46,28,440,171,195
SUPER_1,750000,222,17,24,263,111,111
SUPER_1,760000,439,38,34,511,206,233
SUPER_1,770000,354,32,32,418,175,179
SUPER_1,780000,147,13,10,170,68,79
SUPER_1,790000,217,17,23,257,102,115
SUPER_1,800000,235,25,14,274,117,118
SUPER_1,810000,221,28,26,275,100,121
SUPER_1,820000,421,42,29,492,189,232
SUPER_1,830000,197,24,15,236,115,82
SUPER_1,840000,28,3,1,32,8,20
SUPER_1,850000,357,41,27,425,197,160
SUPER_1,860000,408,43,37,488,197,211
SUPER_1,870000,327,34,38,399,160,167
SUPER_1,880000,334,31,22,387,165,169
SUPER_1,890000,318,33,29,380,162,156
SUPER_1,900000,342,25,37,404,169,173
SUPER_1,910000,354,42,39,435,159,195
SUPER_1,920000,364,36,38,438,178,186
SUPER_1,930000,357,23,32,412,205,152
SUPER_1,940000,290,11,16,317,147,143
SUPER_1,950000,160,11,15,186,68,92
SUPER_1,960000,1,1,2,4,1,0
SUPER_1,970000,78,6,6,90,45,33
SUPER_1,980000,382,42,34,458,190,192
SUPER_1,990000,0,0,0,0,0,0
SUPER_1,1000000,0,0,0,0,0,0
SUPER_1,1010000,348,19,38,405,170,178
SUPER_1,1020000,297,29,24,350,151,146
SUPER_1,1030000,170,16,9,195,99,71
SUPER_1,1040000,331,22,24,377,169,162
SUPER_1,1050000,187,18,12,217,92,95
SUPER_1,1060000,156,16,13,185,84,72
SUPER_1,1070000,334,25,33,392,161,173
SUPER_1,1080000,164,20,12,196,89,75
SUPER_1,1090000,186,8,17,211,87,99
SUPER_1,1100000,265,30,18,313,135,130
SUPER_1,1110000,448,46,36,530,210,238
SUPER_1,1120000,306,32,33,371,166,140
SUPER_1,1130000,293,30,26,349,149,144
SUPER_1,1140000,0,0,0,0,0,0
SUPER_1,1150000,0,0,0,0,0,0
SUPER_1,1160000,335,30,22,387,176,159
SUPER_1,1170000,168,12,14,194,84,84
SUPER_1,1180000,289,26,15,330,147,142
SUPER_1,1190000,211,14,17,242,101,110
SUPER_1,1200000,198,20,18,236,103,95
SUPER_1,1210000,223,20,21,264,103,120
SUPER_1,1220000,346,35,42,423,166,180
SUPER_1,1230000,366,26,21,413,184,182
SUPER_1,1240000,279,18,20,317,151,128
SUPER_1,1250000,302,28,24,354,142,160
SUPER_1,1260000,224,29,21,274,105,119
SUPER_1,1270000,223,17,24,264,129,94
SUPER_1,1280000,206,16,18,240,99,107
SUPER_1,1290000,1,1,1,3,0,1
SUPER_1,1300000,151,21,16,188,76,75
SUPER_1,1310000,216,18,19,253,109,107
SUPER_1,1320000,186,20,10,216,94,92
SUPER_1,1330000,303,26,23,352,148,155
SUPER_1,1340000,366,49,29,444,184,182
SUPER_1,1350000,382,38,30,450,195,187
SUPER_1,1360000,198,12,16,226,99,99
SUPER_1,1370000,57,5,5,67,32,25
SUPER_1,1380000,382,40,37,459,180,202
SUPER_1,1390000,374,29,39,442,187,187
SUPER_1,1400000,296,27,30,353,146,150
SUPER_1,1410000,244,28,27,299,118,126
SUPER_1,1420000,199,18,22,239,95,104
SUPER_1,1430000,129,10,13,152,65,64
SUPER_1,1440000,271,21,20,312,148,123
SUPER_1,1450000,75,5,6,86,40,35
SUPER_1,1460000,1,0,1,2,0,1
SUPER_1,1470000,144,13,8,165,76,68
SUPER_1,1480000,200,21,11,232,91,109
SUPER_1,1490000,95,12,9,116,49,46
SUPER_1,1500000,355,31,31,417,184,171
SUPER_1,1510000,381,35,35,451,185,196
SUPER_1,1520000,344,33,40,417,166,178
SUPER_1,1530000,192,20,14,226,86,106
SUPER_1,1540000,47,3,0,50,23,24
SUPER_1,1550000,156,9,6,171,90,66
SUPER_1,1560000,216,21,25,262,99,117
SUPER_1,1570000,254,17,22,293,127,127
SUPER_1,1580000,318,31,32,381,152,166
SUPER_1,1590000,96,9,14,119,43,53
SUPER_1,1600000,207,25,11,243,104,103
SUPER_1,1610000,204,22,20,246,106,98
SUPER_1,1620000,241,33,28,302,127,114
SUPER_1,1630000,353,36,42,431,161,191
SUPER_1,1640000,103,9,8,120,48,55
SUPER_1,1650000,380,34,33,447,174,206
SUPER_1,1660000,206,23,23,252,99,107
SUPER_1,1670000,128,12,16,156,72,56
SUPER_1,1680000,176,16,14,206,85,91
SUPER_1,1690000,222,24,22,268,104,118
SUPER_1,1700000,103,10,7,120,50,53
SUPER_1,1710000,373,31,28,432,182,191
SUPER_1,1720000,298,27,20,345,145,153
SUPER_1,1730000,286,35,19,340,134,152
SUPER_1,1740000,283,24,25,332,131,152
SUPER_1,1750000,107,11,5,123,48,59
SUPER_1,1760000,110,9,5,124,59,51
SUPER_1,1770000,56,6,2,64,31,25
SUPER_1,1780000,254,14,22,290,137,117
SUPER_1,1790000,333,22,37,392,158,175
SUPER_1,1800000,283,29,22,334,133,150
SUPER_1,1810000,213,18,14,245,104,109
SUPER_1,1820000,238,22,19,279,108,130
SUPER_1,1830000,91,13,10,114,50,41
SUPER_1,1840000,10,2,0,12,9,1
SUPER_1,1850000,148,12,14,174,68,80
SUPER_1,1860000,207,26,26,259,108,99
SUPER_1,1870000,187,16,17,220,86,101
SUPER_1,1880000,0,0,0,0,0,0
SUPER_1,1890000,0,0,0,0,0,0
SUPER_1,1900000,200,15,17,232,115,85
SUPER_1,1910000,73,13,8,94,27,46
SUPER_1,1920000,110,6,12,128,59,51
SUPER_1,1930000,28,3,3,34,20,8
SUPER_1,1940000,174,21,7,202,86,88
SUPER_1,1950000,305,23,31,359,164,141
SUPER_1,1960000,35,5,1,41,12,23
SUPER_1,1970000,277,33,18,328,141,136
SUPER_1,1980000,181,12,16,209,97,84
SUPER_1,1990000,95,2,7,104,49,46
SUPER_1,2000000,186,18,9,213,92,94
SUPER_1,2010000,155,12,14,181,78,77
SUPER_1,2020000,225,22,20,267,119,106
SUPER_1,2030000,247,24,22,293,132,115
SUPER_1,2040000,110,12,13,135,54,56
SUPER_1,2050000,64,10,7,81,30,34
SUPER_1,2060000,202,17,23,242,105,97
SUPER_1,2070000,154,18,18,190,71,83
SUPER_1,2080000,258,28,27,313,123,135
SUPER_1,2090000,203,16,15,234,99,104
SUPER_1,2100000,188,18,19,225,92,96
SUPER_1,2110000,177,12,20,209,95,82
SUPER_1,2120000,156,17,18,191,78,78
SUPER_1,2130000,142,10,9,161,76,66
SUPER_1,2140000,307,22,27,356,165,142
SUPER_1,2150000,217,32,23,272,104,113
SUPER_1,2160000,144,10,19,173,76,68
SUPER_1,2170000,57,6,2,65,39,18
SUPER_1,2180000,54,5,3,62,31,23
SUPER_1,2190000,252,26,21,299,119,133
SUPER_1,2200000,178,33,15,226,90,88
SUPER_1,2210000,196,22,10,228,91,105
SUPER_1,2220000,212,30,14,256,105,107
SUPER_1,2230000,336,36,34,406,172,164
SUPER_1,2240000,291,26,31,348,131,160
SUPER_1,2250000,201,14,12,227,103,98
SUPER_1,2260000,113,16,10,139,59,54
SUPER_1,2270000,333,31,31,395,180,153
SUPER_1,2280000,55,5,8,68,33,22
SUPER_1,2290000,251,24,21,296,131,120
SUPER_1,2300000,205,35,23,263,91,114
SUPER_1,2310000,14,3,1,18,4,10
SUPER_1,2320000,376,45,40,461,174,202
SUPER_1,2330000,175,19,15,209,79,96
SUPER_1,2340000,129,18,19,166,57,72
SUPER_1,2350000,270,22,25,317,149,121
SUPER_1,2360000,143,17,5,165,63,80
SUPER_1,2370000,103,6,11,120,50,53
SUPER_1,2380000,306,29,27,362,161,145
SUPER_1,2390000,271,20,39,330,125,146
SUPER_1,2400000,153,16,15,184,77,76
SUPER_1,2410000,106,4,4,114,49,57
SUPER_1,2420000,10,3,2,15,3,7
SUPER_1,2430000,90,9,8,107,47,43
SUPER_1,2440000,266,46,21,333,109,157
SUPER_1,2450000,24,5,4,33,11,13
SUPER_1,2460000,216,17,21,254,104,112
SUPER_1,2470000,105,11,6,122,48,57
SUPER_1,2480000,83,11,7,101,42,41
SUPER_1,2490000,282,27,25,334,141,141
SUPER_1,2500000,289,32,18,339,150,139
SUPER_1,2510000,390,35,34,459,170,220
SUPER_1,2520000,237,19,15,271,111,126
SUPER_1,2530000,120,8,10,138,58,62
SUPER_1,2540000,168,11,11,190,73,95
SUPER_1,2550000,245,27,31,303,109,136
SUPER_1,2560000,202,17,19,238,102,100
SUPER_1,2570000,166,16,19,201,86,80
SUPER_1,2580000,137,22,12,171,61,76
SUPER_1,2590000,196,14,13,223,112,84
SUPER_1,2600000,135,9,17,161,65,70
SUPER_1,2610000,66,11,10,87,36,30
SUPER_1,2620000,105,13,12,130,56,49
SUPER_1,2630000,129,9,6,144,74,55
SUPER_1,2640000,150,19,19,188,71,79
SUPER_1,2650000,175,17,11,203,90,85
SUPER_1,2660000,277,25,22,324,149,128
SUPER_1,2670000,193,20,14,227,83,110
SUPER_1,2680000,241,25,31,297,104,137
SUPER_1,2690000,123,13,12,148,52,71
SUPER_1,2700000,211,22,29,262,106,105
SUPER_1,2710000,261,17,17,295,133,128
SUPER_1,2720000,377,30,41,448,164,213
SUPER_1,2730000,166,10,12,188,82,84
SUPER_1,2740000,230,30,15,275,109,121
SUPER_1,2750000,144,14,9,167,85,59
SUPER_1,2760000,49,4,4,57,26,23
SUPER_1,2770000,37,6,2,45,22,15
SUPER_1,2780000,259,16,26,301,136,123
SUPER_1,2790000,143,11,14,168,75,68
SUPER_1,2800000,71,13,7,91,39,32
SUPER_1,2810000,167,18,15,200,66,101
SUPER_1,2820000,266,13,34,313,131,135
SUPER_1,2830000,291,18,29,338,143,148
SUPER_1,2840000,256,20,28,304,126,130
SUPER_1,2850000,108,8,11,127,52,56
SUPER_1,2860000,20,1,1,22,10,10
SUPER_1,2870000,28,3,3,34,11,17
SUPER_1,2880000,226,20,26,272,99,127
SUPER_1,2890000,110,16,6,132,54,56
SUPER_1,2900000,219,18,14,251,102,117
SUPER_1,2910000,384,45,27,456,174,210
SUPER_1,2920000,148,13,10,171,72,76
SUPER_1,2930000,227,22,18,267,116,111
SUPER_1,2940000,230,25,24,279,103,127
SUPER_1,2950000,274,30,23,327,109,165
SUPER_1,2960000,261,21,20,302,117,144
SUPER_1,2970000,238,29,17,284,124,114
SUPER_1,2980000,222,24,23,269,98,124
SUPER_1,2990000,40,9,4,53,20,20
SUPER_1,3000000,162,17,19,198,90,72
SUPER_1,3010000,182,20,25,227,78,104
SUPER_1,3020000,370,25,42,437,178,192
SUPER_1,3030000,216,20,25,261,107,109
SUPER_1,3040000,143,18,18,179,70,73
SUPER_1,3050000,113,7,11,131,60,53
SUPER_1,3060000,242,24,17,283,116,126
SUPER_1,3070000,201,21,24,246,109,92
SUPER_1,3080000,274,29,20,323,141,133
SUPER_1,3090000,110,6,7,123,62,48
SUPER_1,3100000,101,8,7,116,57,44
SUPER_1,3110000,220,20,14,254,120,100
SUPER_1,3120000,166,14,18,198,77,89
SUPER_1,3130000,278,27,18,323,140,138
SUPER_1,3140000,121,14,7,142,51,70
SUPER_1,3150000,307,34,26,367,159,148
SUPER_1,3160000,260,28,20,308,120,140
SUPER_1,3170000,226,22,10,258,112,114
SUPER_1,3180000,184,18,9,211,90,94
SUPER_1,3190000,217,15,20,252,122,95
SUPER_1,3200000,129,7,12,148,70,59
SUPER_1,3210000,112,16,10,138,51,61
SUPER_1,3220000,344,35,37,416,162,182
SUPER_1,3230000,3,1,0,4,1,2
SUPER_1,3240000,263,16,25,304,124,139
SUPER_1,3250000,19,3,2,24,10,9
SUPER_1,3260000,13,1,0,14,5,8
SUPER_1,3270000,9,3,0,12,3,6
SUPER_1,3280000,2,1,0,3,1,1
SUPER_1,3290000,131,8,16,155,81,50
SUPER_1,3300000,194,10,11,215,97,97
SUPER_1,3310000,140,16,12,168,63,77
SUPER_1,3320000,0,0,0,0,0,0
SUPER_1,3330000,0,0,0,0,0,0
SUPER_1,3340000,248,21,19,288,115,133
SUPER_1,3350000,137,20,13,170,68,69
SUPER_1,3360000,46,5,4,55,26,20
SUPER_1,3370000,28,5,1,34,12,16
SUPER_1,3380000,236,11,21,268,117,119
SUPER_1,3390000,245,25,22,292,126,119
SUPER_1,3400000,51,7,3,61,22,29
SUPER_1,3410000,138,9,8,155,63,75
SUPER_1,3420000,256,23,24,303,121,135
SUPER_1,3430000,39,2,6,47,19,20
SUPER_1,3440000,145,16,12,173,72,73
SUPER_1,3450000,8,1,1,10,5,3
SUPER_1,3460000,186,19,11,216,88,98
SUPER_1,3470000,126,11,11,148,58,68
SUPER_1,3480000,209,24,13,246,101,108
SUPER_1,3490000,129,12,11,152,64,65
SUPER_1,3500000,191,20,16,227,98,93
SUPER_1,3510000,0,0,2,2,0,0
SUPER_1,3520000,2,2,0,4,1,1
SUPER_1,3530000,1,0,0,1,1,0
SUPER_1,3540000,0,1,0,1,0,0
SUPER_1,3550000,6,1,0,7,0,6
SUPER_1,3560000,182,17,18,217,88,94
SUPER_1,3570000,82,7,7,96,42,40
SUPER_1,3580000,0,1,1,2,0,0
SUPER_1,3590000,6,1,0,7,0,6
SUPER_1,3600000,3,1,1,5,2,1
SUPER_1,3610000,4,2,1,7,3,1
SUPER_1,3620000,6,1,5,12,3,3
SUPER_1,3630000,4,0,0,4,2,2
SUPER_1,3640000,7,1,0,8,3,4
SUPER_1,3650000,1,2,1,4,1,0
SUPER_1,3660000,5,0,1,6,2,3
SUPER_1,3670000,0,0,0,0,0,0
SUPER_1,3680000,0,0,0,0,0,0
SUPER_1,3690000,0,0,0,0,0,0
SUPER_1,3700000,0,0,0,0,0,0
SUPER_1,3710000,12,1,2,15,3,9
SUPER_1,3720000,3,0,0,3,1,2
SUPER_1,3730000,0,0,0,0,0,0
SUPER_1,3740000,0,0,0,0,0,0
SUPER_1,3750000,247,15,12,274,121,126
SUPER_1,3760000,0,0,0,0,0,0
SUPER_1,3770000,0,0,0,0,0,0
SUPER_1,3780000,300,24,27,351,147,153
SUPER_1,3790000,46,5,4,55,23,23
SUPER_1,3800000,191,16,18,225,92,99
SUPER_1,3810000,111,5,8,124,47,64
SUPER_1,3820000,102,25,8,135,53,49
SUPER_1,3830000,324,37,30,391,168,156
SUPER_1,3840000,190,19,16,225,91,99
SUPER_1,3850000,339,37,26,402,159,180
SUPER_1,3860000,6,1,1,8,2,4
SUPER_1,3870000,298,27,22,347,152,146
SUPER_1,3880000,292,28,26,346,136,156
SUPER_1,3890000,0,0,0,0,0,0
SUPER_1,3900000,0,0,0,0,0,0
SUPER_1,3910000,5,3,1,9,4,1
SUPER_1,3920000,159,21,17,197,73,86
SUPER_1,3930000,161,6,12,179,87,74
SUPER_1,3940000,145,11,9,165,77,68
SUPER_1,3950000,131,9,7,147,50,81
SUPER_1,3960000,256,31,26,313,125,131
SUPER_1,3970000,12,1,3,16,4,8
SUPER_1,3980000,6,2,4,12,2,4
SUPER_1,3990000,4,0,0,4,0,4
SUPER_1,4000000,8,3,1,12,6,2
SUPER_1,4010000,8,2,4,14,4,4
SUPER_1,4020000,57,4,4,65,28,29
SUPER_1,4030000,427,56,38,521,195,232
SUPER_1,4040000,360,42,37,439,189,171
SUPER_1,4050000,480,58,44,582,227,253
SUPER_1,4060000,302,28,34,364,144,158
SUPER_1,4070000,290,20,21,331,147,143
SUPER_1,4080000,348,39,31,418,173,175
SUPER_1,4090000,224,23,11,258,108,116
SUPER_1,4100000,390,38,28,456,190,200
SUPER_1,4110000,77,6,10,93,35,42
SUPER_1,4120000,0,0,0,0,0,0
SUPER_1,4130000,0,0,0,0,0,0
SUPER_1,4140000,21,1,1,23,14,7
SUPER_1,4150000,27,5,3,35,18,9
SUPER_1,4160000,3,0,0,3,1,2
SUPER_1,4170000,66,8,12,86,29,37
SUPER_1,4180000,214,25,16,255,95,119
SUPER_1,4190000,194,21,16,231,102,92
SUPER_1,4200000,48,8,3,59,28,20
SUPER_1,4210000,0,1,0,1,0,0
SUPER_1,4220000,172,12,13,197,91,81
SUPER_1,4230000,38,6,2,46,18,20
SUPER_1,4240000,5,1,2,8,2,3
SUPER_1,4250000,118,16,6,140,50,68
SUPER_1,4260000,59,10,6,75,32,27
SUPER_1,4270000,127,7,18,152,64,63
SUPER_1,4280000,130,9,17,156,62,68
SUPER_1,4290000,133,13,13,159,65,68
SUPER_1,4300000,155,8,19,182,67,88
SUPER_1,4310000,17,4,3,24,10,7
SUPER_1,4320000,117,15,7,139,54,63
SUPER_1,4330000,142,19,19,180,62,80
SUPER_1,4340000,150,18,13,181,73,77
SUPER_1,4350000,133,10,17,160,72,61
SUPER_1,4360000,139,10,7,156,65,74
SUPER_1,4370000,0,0,0,0,0,0
SUPER_1,4380000,0,0,0,0,0,0
SUPER_1,4390000,446,46,39,531,196,250
SUPER_1,4400000,79,5,7,91,37,42
SUPER_1,4410000,81,2,1,84,46,35
SUPER_1,4420000,137,13,20,170,69,68
SUPER_1,4430000,8,0,2,10,2,6
SUPER_1,4440000,9,3,2,14,6,3
SUPER_1,4450000,36,7,3,46,18,18
SUPER_1,4460000,13,3,2,18,8,5
SUPER_1,4470000,15,1,1,17,9,6
SUPER_1,4480000,73,7,4,84,37,36
SUPER_1,4490000,80,9,8,97,37,43
SUPER_1,4500000,0,0,0,0,0,0
SUPER_1,4510000,0,0,0,0,0,0
SUPER_1,4520000,4,2,1,7,2,2
SUPER_1,4530000,9,3,0,12,6,3
SUPER_1,4540000,197,22,21,240,94,103
SUPER_1,4550000,158,13,13,184,79,79
SUPER_1,4560000,124,13,10,147,55,69
SUPER_1,4570000,232,26,19,277,126,106
SUPER_1,4580000,132,13,16,161,66,66
SUPER_1,4590000,60,8,9,77,32,28
SUPER_1,4600000,7,1,0,8,3,4
SUPER_1,4610000,12,2,2,16,8,4
SUPER_1,4620000,144,11,9,164,75,69
SUPER_1,4630000,76,9,5,90,29,47
SUPER_1,4640000,309,31,24,364,156,153
SUPER_1,4650000,294,32,25,351,150,144
SUPER_1,4660000,227,17,19,263,116,111
SUPER_1,4670000,313,29,29,371,153,160
SUPER_1,4680000,45,4,2,51,18,27
SUPER_1,4690000,7,2,3,12,4,3
SUPER_1,4700000,2,0,0,2,0,2
SUPER_1,4710000,84,7,9,100,38,46
SUPER_1,4720000,278,30,30,338,136,142
SUPER_1,4730000,285,26,27,338,140,145
SUPER_1,4740000,313,32,36,381,144,169
SUPER_1,4750000,331,41,33,405,136,195
SUPER_1,4760000,53,7,7,67,25,28
SUPER_1,4770000,2,1,0,3,1,1
SUPER_1,4780000,28,3,13,44,14,14
SUPER_1,4790000,34,1,1,36,13,21
SUPER_1,4800000,64,8,2,74,25,39
SUPER_1,4810000,166,18,20,204,84,82
SUPER_1,4820000,126,16,16,158,73,53
SUPER_1,4830000,145,16,17,178,85,60
SUPER_1,4840000,222,23,20,265,108,114
SUPER_1,4850000,10,2,1,13,2,8
SUPER_1,4860000,104,11,13,128,66,38
SUPER_1,4870000,95,12,9,116,47,48
SUPER_1,4880000,287,34,20,341,134,153
SUPER_1,4890000,140,12,9,161,69,71
SUPER_1,4900000,54,4,7,65,24,30
SUPER_1,4910000,210,21,22,253,116,94
SUPER_1,4920000,203,13,14,230,93,110
SUPER_1,4930000,49,3,5,57,26,23
SUPER_1,4940000,75,13,3,91,38,37
SUPER_1,4950000,30,1,10,41,9,21
SUPER_1,4960000,28,4,1,33,10,18
SUPER_1,4970000,75,6,7,88,40,35
SUPER_1,4980000,145,16,22,183,74,71
SUPER_1,4990000,148,10,12,170,66,82
SUPER_1,5000000,134,13,11,158,60,74
SUPER_1,5010000,69,8,16,93,37,32
SUPER_1,5020000,366,33,48,447,174,192
SUPER_1,5030000,45,6,4,55,21,24
SUPER_1,5040000,25,4,7,36,10,15
SUPER_1,5050000,64,3,7,74,30,34
SUPER_1,5060000,0,0,0,0,0,0
SUPER_1,5070000,0,0,0,0,0,0
SUPER_1,5080000,629,56,39,724,311,318
SUPER_1,5090000,41,3,0,44,19,22
SUPER_1,5100000,129,12,11,152,58,71
SUPER_1,5110000,112,14,4,130,54,58
SUPER_1,5120000,200,23,16,239,87,113
SUPER_1,5130000,328,38,26,392,160,168
SUPER_1,5140000,29,5,5,39,8,21
SUPER_1,5150000,33,4,4,41,13,20
SUPER_1,5160000,169,16,17,202,88,81
SUPER_1,5170000,147,16,20,183,73,74
SUPER_1,5180000,10,0,1,11,4,6
SUPER_1,5190000,10,0,3,13,3,7
SUPER_1,5200000,109,12,12,133,46,63
SUPER_1,5210000,243,18,19,280,125,118
SUPER_1,5220000,122,17,11,150,55,67
SUPER_1,5230000,43,4,4,51,26,17
SUPER_1,5240000,208,21,10,239,99,109
SUPER_1,5250000,96,14,5,115,44,52
SUPER_1,5260000,143,19,16,178,80,63
SUPER_1,5270000,55,4,10,69,23,32
SUPER_1,5280000,169,18,14,201,90,79
SUPER_1,5290000,209,24,27,260,102,107
SUPER_1,5300000,65,8,5,78,34,31
SUPER_1,5310000,116,20,12,148,58,58
SUPER_1,5320000,66,8,5,79,30,36
SUPER_1,5330000,184,12,21,217,89,95
SUPER_1,5340000,220,38,30,288,103,117
SUPER_1,5350000,219,37,19,275,103,116
SUPER_1,5360000,136,15,11,162,68,68
SUPER_1,5370000,27,5,5,37,15,12
SUPER_1,5380000,63,8,10,81,34,29
SUPER_1,5390000,159,16,14,189,85,74
SUPER_1,5400000,308,16,26,350,156,152
SUPER_1,5410000,335,29,33,397,154,181
SUPER_1,5420000,59,8,9,76,25,34
SUPER_1,5430000,96,12,10,118,52,44
SUPER_1,5440000,199,26,10,235,89,110
SUPER_1,5450000,16,4,2,22,5,11
SUPER_1,5460000,124,10,15,149,53,71
SUPER_1,5470000,152,14,15,181,67,85
SUPER_1,5480000,58,5,8,71,28,30
SUPER_1,5490000,140,13,13,166,70,70
SUPER_1,5500000,26,2,3,31,16,10
SUPER_1,5510000,77,8,7,92,37,40
SUPER_1,5520000,163,17,13,193,80,83
SUPER_1,5530000,0,1,0,1,0,0
SUPER_1,5540000,40,2,5,47,23,17
SUPER_1,5550000,268,28,32,328,139,129
SUPER_1,5560000,104,6,14,124,57,47
SUPER_1,5570000,105,6,13,124,58,47
SUPER_1,5580000,201,19,19,239,102,99
SUPER_1,5590000,7,3,2,12,5,2
SUPER_1,5600000,12,0,0,12,5,7
SUPER_1,5610000,2,0,1,3,1,1
SUPER_1,5620000,4,0,0,4,2,2
SUPER_1,5630000,112,18,13,143,53,59
SUPER_1,5640000,147,11,9,167,72,75
SUPER_1,5650000,80,6,10,96,31,49
SUPER_1,5660000,185,13,22,220,89,96
SUPER_1,5670000,107,11,10,128,46,61
SUPER_1,5680000,59,4,6,69,24,35
SUPER_1,5690000,183,17,14,214,83,100
SUPER_1,5700000,243,24,27,294,131,112
SUPER_1,5710000,120,16,9,145,46,74
SUPER_1,5720000,222,25,25,272,107,115
SUPER_1,5730000,226,23,24,273,103,123
SUPER_1,5740000,91,9,9,109,40,51
SUPER_1,5750000,81,9,16,106,37,44
SUPER_1,5760000,152,16,12,180,70,82
SUPER_1,5770000,148,23,15,186,64,84
SUPER_1,5780000,152,11,17,180,70,82
SUPER_1,5790000,61,6,1,68,28,33
SUPER_1,5800000,143,6,15,164,77,66
SUPER_1,5810000,109,14,9,132,66,43
SUPER_1,5820000,36,4,6,46,15,21
SUPER_1,5830000,103,13,9,125,51,52
SUPER_1,5840000,75,12,8,95,36,39
SUPER_1,5850000,251,28,24,303,121,130
SUPER_1,5860000,149,11,14,174,71,78
SUPER_1,5870000,103,17,13,133,58,45
SUPER_1,5880000,18,0,1,19,8,10
SUPER_1,5890000,13,0,2,15,10,3
SUPER_1,5900000,51,2,4,57,27,24
SUPER_1,5910000,176,27,20,223,84,92
SUPER_1,5920000,32,5,6,43,16,16
SUPER_1,5930000,128,17,14,159,59,69
SUPER_1,5940000,100,18,14,132,45,55
SUPER_1,5950000,203,11,10,224,103,100
SUPER_1,5960000,2,0,0,2,1,1
SUPER_1,5970000,1,1,0,2,1,0
SUPER_1,5980000,0,0,0,0,0,0
SUPER_1,5990000,0,0,0,0,0,0
SUPER_1,6000000,2,1,1,4,1,1
SUPER_1,6010000,0,0,0,0,0,0
SUPER_1,6020000,0,0,0,0,0,0
SUPER_1,6030000,0,0,0,0,0,0
SUPER_1,6040000,1,2,1,4,0,1
SUPER_1,6050000,122,8,12,142,56,66
SUPER_1,6060000,102,12,14,128,50,52
SUPER_1,6070000,2,1,0,3,1,1
SUPER_1,6080000,2,0,2,4,0,2
SUPER_1,6090000,0,0,0,0,0,0
SUPER_1,6100000,0,0,0,0,0,0
SUPER_1,6110000,5,5,0,10,4,1
SUPER_1,6120000,5,0,0,5,3,2
SUPER_1,6130000,2,2,0,4,2,0
SUPER_1,6140000,0,1,2,3,0,0
SUPER_1,6150000,26,5,2,33,15,11
SUPER_1,6160000,72,6,5,83,40,32
SUPER_1,6170000,98,16,15,129,52,46
SUPER_1,6180000,149,8,10,167,77,72
SUPER_1,6190000,25,3,3,31,10,15
SUPER_1,6200000,196,25,30,251,90,106
SUPER_1,6210000,134,14,14,162,72,62
SUPER_1,6220000,127,10,15,152,58,69
SUPER_1,6230000,184,14,16,214,93,91
SUPER_1,6240000,178,9,14,201,79,99
SUPER_1,6250000,74,4,12,90,27,47
SUPER_1,6260000,166,13,16,195,77,89
SUPER_1,6270000,47,4,3,54,26,21
SUPER_1,6280000,1,0,0,1,1,0
SUPER_1,6290000,62,7,3,72,27,35
SUPER_1,6300000,100,5,6,111,42,58
SUPER_1,6310000,0,0,0,0,0,0
SUPER_1,6320000,0,0,0,0,0,0
SUPER_1,6330000,234,18,20,272,122,112
SUPER_1,6340000,261,21,37,319,120,141
SUPER_1,6350000,171,16,18,205,65,106
SUPER_1,6360000,127,9,15,151,56,71
SUPER_1,6370000,110,8,15,133,50,60
SUPER_1,6380000,123,16,4,143,51,72
SUPER_1,6390000,118,11,16,145,54,64
SUPER_1,6400000,8,1,1,10,4,4
SUPER_1,6410000,12,0,1,13,7,5
SUPER_1,6420000,50,4,5,59,27,23
SUPER_1,6430000,66,5,3,74,29,37
SUPER_1,6440000,168,15,19,202,84,84
SUPER_1,6450000,81,5,8,94,35,46
SUPER_1,6460000,151,17,19,187,58,93
SUPER_1,6470000,47,4,10,61,26,21
SUPER_1,6480000,204,23,17,244,104,100
SUPER_1,6490000,168,14,24,206,74,94
SUPER_1,6500000,56,8,4,68,28,28
SUPER_1,6510000,3,1,0,4,1,2
SUPER_1,6520000,224,27,15,266,120,104
SUPER_1,6530000,178,13,11,202,88,90
SUPER_1,6540000,304,20,26,350,144,160
SUPER_1,6550000,231,27,20,278,101,130
SUPER_1,6560000,204,19,18,241,102,102
SUPER_1,6570000,30,0,4,34,17,13
SUPER_1,6580000,36,8,4,48,19,17
SUPER_1,6590000,199,19,19,237,93,106
SUPER_1,6600000,246,18,18,282,115,131
SUPER_1,6610000,5,2,2,9,1,4
SUPER_1,6620000,2,0,0,2,1,1
SUPER_1,6630000,2,0,2,4,1,1
SUPER_1,6640000,4,1,1,6,2,2
SUPER_1,6650000,2,1,0,3,1,1
SUPER_1,6660000,71,6,5,82,31,40
SUPER_1,6670000,225,25,25,275,120,105
SUPER_1,6680000,84,4,6,94,45,39
SUPER_1,6690000,254,33,16,303,120,134
SUPER_1,6700000,192,21,13,226,96,96
SUPER_1,6710000,129,17,14,160,49,80
SUPER_1,6720000,35,7,4,46,17,18
SUPER_1,6730000,44,5,8,57,19,25
SUPER_1,6740000,105,12,12,129,57,48
SUPER_1,6750000,0,0,0,0,0,0
SUPER_1,6760000,0,0,0,0,0,0
SUPER_1,6770000,272,25,21,318,138,134
SUPER_1,6780000,0,0,0,0,0,0
SUPER_1,6790000,0,0,0,0,0,0
SUPER_1,6800000,0,0,0,0,0,0
SUPER_1,6810000,0,0,0,0,0,0
SUPER_1,6820000,0,0,0,0,0,0
SUPER_1,6830000,0,0,0,0,0,0
SUPER_1,6840000,0,0,0,0,0,0
SUPER_1,6850000,0,0,0,0,0,0
SUPER_1,6860000,0,2,0,2,0,0
SUPER_1,6870000,332,36,27,395,171,161
SUPER_1,6880000,404,45,31,480,188,216
SUPER_1,6890000,294,23,34,351,142,152
SUPER_1,6900000,38,2,8,48,18,20
SUPER_1,6910000,80,7,7,94,44,36
SUPER_1,6920000,138,18,16,172,62,76
SUPER_1,6930000,196,12,17,225,91,105
SUPER_1,6940000,82,7,13,102,42,40
SUPER_1,6950000,100,9,12,121,42,58
SUPER_1,6960000,228,23,24,275,112,116
SUPER_1,6970000,127,20,9,156,73,54
SUPER_1,6980000,207,21,31,259,103,104
SUPER_1,6990000,6,1,2,9,1,5
SUPER_1,7000000,7,2,0,9,4,3
SUPER_1,7010000,29,6,6,41,14,15
SUPER_1,7020000,6,3,1,10,3,3
SUPER_1,7030000,62,8,9,79,28,34
SUPER_1,7040000,156,18,19,193,86,70
SUPER_1,7050000,10,0,3,13,5,5
SUPER_1,7060000,157,9,14,180,86,71
SUPER_1,7070000,133,10,20,163,71,62
SUPER_1,7080000,0,1,0,1,0,0
SUPER_1,7090000,4,1,0,5,1,3
SUPER_1,7100000,92,12,5,109,44,48
SUPER_1,7110000,303,43,33,379,144,159
SUPER_1,7120000,0,0,0,0,0,0
SUPER_1,7130000,0,0,0,0,0,0
SUPER_1,7140000,0,0,0,0,0,0
SUPER_1,7150000,0,0,0,0,0,0
SUPER_1,7160000,0,0,0,0,0,0
SUPER_1,7170000,0,0,0,0,0,0
SUPER_1,7180000,328,32,35,395,152,176
SUPER_1,7190000,17,3,4,24,7,10
SUPER_1,7200000,60,6,4,70,25,35
SUPER_1,7210000,94,12,9,115,52,42
SUPER_1,7220000,79,17,8,104,41,38
SUPER_1,7230000,52,5,7,64,24,28
SUPER_1,7240000,38,1,6,45,13,25
SUPER_1,7250000,40,2,7,49,14,26
SUPER_1,7260000,27,1,4,32,11,16
SUPER_1,7270000,15,2,0,17,8,7
SUPER_1,7280000,16,4,3,23,8,8
SUPER_1,7290000,14,5,3,22,5,9
SUPER_1,7300000,12,3,2,17,6,6
SUPER_1,7310000,20,2,1,23,12,8
SUPER_1,7320000,1,0,0,1,0,1
SUPER_1,7330000,1,0,0,1,1,0
SUPER_1,7340000,0,0,0,0,0,0
SUPER_1,7350000,0,0,0,0,0,0
SUPER_1,7360000,0,2,0,2,0,0
SUPER_1,7370000,0,0,1,1,0,0
SUPER_1,7380000,4,0,1,5,0,4
SUPER_1,7390000,2,1,0,3,1,1
SUPER_1,7400000,24,0,3,27,1,23
SUPER_1,7410000,2,0,0,2,0,2
SUPER_1,7420000,3,0,0,3,2,1
SUPER_1,7430000,11,2,2,15,7,4
SUPER_1,7440000,18,1,2,21,7,11
SUPER_1,7450000,21,5,1,27,7,14
SUPER_1,7460000,6,0,0,6,3,3
SUPER_1,7470000,0,0,0,0,0,0
SUPER_1,7480000,0,0,0,0,0,0
SUPER_1,7490000,3,0,0,3,1,2
SUPER_1,7500000,1,0,0,1,0,1
SUPER_1,7510000,0,0,0,0,0,0
SUPER_1,7520000,0,0,0,0,0,0
SUPER_1,7530000,2,0,0,2,1,1
SUPER_1,7540000,1,0,0,1,1,0
SUPER_1,7550000,1,0,0,1,0,1
SUPER_1,7560000,1,1,0,2,1,0
SUPER_1,7570000,0,0,0,0,0,0
SUPER_1,7580000,0,0,0,0,0,0
SUPER_1,7590000,0,0,0,0,0,0
SUPER_1,7600000,0,0,0,0,0,0
SUPER_1,7610000,8,0,0,8,4,4
SUPER_1,7620000,1,0,0,1,0,1
SUPER_1,7630000,2,1,0,3,1,1
SUPER_1,7640000,1,0,0,1,0,1
SUPER_1,7650000,39,2,7,48,17,22
SUPER_1,7660000,253,29,26,308,120,133
SUPER_1,7670000,0,0,0,0,0,0
SUPER_1,7680000,0,0,0,0,0,0
SUPER_1,7690000,5,1,1,7,3,2
SUPER_1,7700000,0,1,0,1,0,0
SUPER_1,7710000,57,4,5,66,28,29
SUPER_1,7720000,142,12,23,177,71,71
SUPER_1,7730000,53,4,5,62,20,33
SUPER_1,7740000,142,20,12,174,63,79
SUPER_1,7750000,50,8,8,66,28,22
SUPER_1,7760000,7,5,1,13,2,5
SUPER_1,7770000,5,2,0,7,1,4
SUPER_1,7780000,18,1,2,21,9,9
SUPER_1,7790000,10,3,0,13,3,7
SUPER_1,7800000,8,2,1,11,3,5
SUPER_1,7810000,14,2,1,17,6,8
SUPER_1,7820000,7,5,2,14,3,4
SUPER_1,7830000,8,4,1,13,6,2
SUPER_1,7840000,1,2,0,3,1,0
SUPER_1,7850000,55,7,7,69,31,24
SUPER_1,7860000,6,1,0,7,4,2
SUPER_1,7870000,49,5,2,56,25,24
SUPER_1,7880000,47,5,5,57,27,20
SUPER_1,7890000,29,3,3,35,10,19
SUPER_1,7900000,18,0,2,20,7,11
SUPER_1,7910000,2,0,0,2,1,1
SUPER_1,7920000,0,0,0,0,0,0
SUPER_1,7930000,0,0,0,0,0,0
SUPER_1,7940000,2,0,0,2,1,1
SUPER_1,7950000,1,1,0,2,0,1
SUPER_1,7960000,1,0,0,1,1,0
SUPER_1,7970000,26,1,1,28,11,15
SUPER_1,7980000,103,8,11,122,44,59
SUPER_1,7990000,25,6,3,34,13,12
SUPER_1,8000000,48,6,7,61,25,23
SUPER_1,8010000,34,4,4,42,13,21
SUPER_1,8020000,69,10,4,83,39,30
SUPER_1,8030000,50,6,4,60,24,26
SUPER_1,8040000,60,9,9,78,31,29
SUPER_1,8050000,55,5,9,69,23,32
SUPER_1,8060000,232,13,21,266,109,123
SUPER_1,8070000,75,8,4,87,32,43
SUPER_1,8080000,121,13,11,145,57,64
SUPER_1,8090000,70,11,4,85,39,31
SUPER_1,8100000,167,14,9,190,83,84
SUPER_1,8110000,96,13,12,121,59,37
SUPER_1,8120000,81,9,16,106,37,44
SUPER_1,8130000,155,13,17,185,69,86
SUPER_1,8140000,238,24,17,279,108,130
SUPER_1,8150000,6,2,2,10,0,6
SUPER_1,8160000,3,0,2,5,2,1
SUPER_1,8170000,12,4,0,16,5,7
SUPER_1,8180000,1,1,0,2,1,0
SUPER_1,8190000,6,0,1,7,2,4
SUPER_1,8200000,133,11,14,158,65,68
SUPER_1,8210000,46,8,4,58,20,26
SUPER_1,8220000,0,0,0,0,0,0
SUPER_1,8230000,0,0,0,0,0,0
SUPER_1,8240000,27,4,1,32,15,12
SUPER_1,8250000,19,4,1,24,10,9
SUPER_1,8260000,7,3,0,10,4,3
SUPER_1,8270000,144,14,11,169,74,70
SUPER_1,8280000,177,16,23,216,84,93
SUPER_1,8290000,200,26,17,243,98,102
SUPER_1,8300000,163,22,21,206,80,83
SUPER_1,8310000,0,0,0,0,0,0
SUPER_1,8320000,0,0,0,0,0,0
SUPER_1,8330000,590,70,47,707,265,325
SUPER_1,8340000,161,18,13,192,76,85
SUPER_1,8350000,194,24,25,243,98,96
SUPER_1,8360000,152,14,19,185,74,78
SUPER_1,8370000,111,9,12,132,48,63
SUPER_1,8380000,225,18,19,262,101,124
SUPER_1,8390000,128,6,18,152,55,73
SUPER_1,8400000,168,16,10,194,80,88
SUPER_1,8410000,127,14,22,163,49,78
SUPER_1,8420000,90,5,8,103,40,50
SUPER_1,8430000,110,16,14,140,51,59
SUPER_1,8440000,75,3,11,89,36,39
SUPER_1,8450000,199,19,14,232,97,102
SUPER_1,8460000,151,13,7,171,76,75
SUPER_1,8470000,207,22,19,248,96,111
SUPER_1,8480000,243,29,27,299,104,139
SUPER_1,8490000,102,11,21,134,51,51
SUPER_1,8500000,106,9,18,133,52,54
SUPER_1,8510000,141,17,10,168,58,83
SUPER_1,8520000,165,14,10,189,74,91
SUPER_1,8530000,136,14,21,171,55,81
SUPER_1,8540000,67,8,4,79,34,33
SUPER_1,8550000,12,3,0,15,3,9
SUPER_1,8560000,169,22,14,205,84,85
SUPER_1,8570000,170,14,17,201,84,86
SUPER_1,8580000,110,9,11,130,45,65
SUPER_1,8590000,60,4,4,68,31,29
SUPER_1,8600000,113,15,14,142,58,55
SUPER_1,8610000,97,7,15,119,43,54
SUPER_1,8620000,326,34,36,396,148,178
SUPER_1,8630000,194,13,13,220,86,108
SUPER_1,8640000,149,22,18,189,62,87
SUPER_1,8650000,221,24,24,269,91,130
SUPER_1,8660000,224,34,20,278,104,120
SUPER_1,8670000,262,20,25,307,117,145
SUPER_1,8680000,151,10,15,176,64,87
SUPER_1,8690000,139,17,9,165,81,58
SUPER_1,8700000,260,23,24,307,115,145
SUPER_1,8710000,128,16,14,158,61,67
SUPER_1,8720000,137,24,16,177,61,76
SUPER_1,8730000,109,10,10,129,49,60
SUPER_1,8740000,19,2,4,25,7,12
SUPER_1,8750000,0,0,0,0,0,0
SUPER_1,8760000,0,0,0,0,0,0
SUPER_1,8770000,250,27,30,307,117,133
SUPER_1,8780000,178,18,16,212,89,89
SUPER_1,8790000,244,14,25,283,129,115
SUPER_1,8800000,291,26,31,348,153,138
SUPER_1,8810000,227,17,25,269,109,118
SUPER_1,8820000,210,14,15,239,110,100
SUPER_1,8830000,239,20,21,280,120,119
SUPER_1,8840000,212,27,11,250,105,107
SUPER_1,8850000,306,20,32,358,155,151
SUPER_1,8860000,201,20,26,247,91,110
SUPER_1,8870000,190,22,23,235,86,104
SUPER_1,8880000,193,24,23,240,78,115
SUPER_1,8890000,224,18,22,264,119,105
SUPER_1,8900000,148,18,16,182,72,76
SUPER_1,8910000,3,0,0,3,1,2
SUPER_1,8920000,2,2,0,4,1,1
SUPER_1,8930000,1,0,0,1,0,1
SUPER_1,8940000,3,0,0,3,2,1
SUPER_1,8950000,155,21,15,191,71,84
SUPER_1,8960000,225,11,25,261,97,128
SUPER_1,8970000,73,9,6,88,37,36
SUPER_1,8980000,3,0,0,3,2,1
SUPER_1,8990000,39,3,4,46,19,20
SUPER_1,9000000,69,11,7,87,36,33
SUPER_1,9010000,341,31,26,398,171,170
SUPER_1,9020000,65,5,3,73,34,31
SUPER_1,9030000,211,18,25,254,105,106
SUPER_1,9040000,208,20,20,248,105,103
SUPER_1,9050000,194,24,26,244,89,105
SUPER_1,9060000,239,28,17,284,102,136
SUPER_1,9070000,156,25,9,190,59,97
SUPER_1,9080000,173,10,8,191,99,74
SUPER_1,9090000,225,19,14,258,122,103
SUPER_1,9100000,21,1,0,22,12,9
SUPER_1,9110000,143,8,11,162,58,85
SUPER_1,9120000,158,21,8,187,76,82
SUPER_1,9130000,147,14,11,172,81,66
SUPER_1,9140000,47,6,9,62,23,24
SUPER_1,9150000,10,1,1,12,3,7
SUPER_1,9160000,2,1,0,3,0,2
SUPER_1,9170000,37,0,0,37,27,10
SUPER_1,9180000,4,0,0,4,3,1
SUPER_1,9190000,65,12,6,83,24,41
SUPER_1,9200000,11,1,1,13,8,3
SUPER_1,9210000,20,5,6,31,7,13
SUPER_1,9220000,24,2,6,32,11,13
SUPER_1,9230000,83,12,7,102,45,38
SUPER_1,9240000,27,2,5,34,14,13
SUPER_1,9250000,72,7,12,91,32,40
SUPER_1,9260000,167,16,12,195,74,93
SUPER_1,9270000,67,7,4,78,35,32
SUPER_1,9280000,71,9,4,84,32,39
SUPER_1,9290000,130,11,15,156,58,72
SUPER_1,9300000,79,21,5,105,41,38
SUPER_1,9310000,53,6,8,67,30,23
SUPER_1,9320000,52,8,10,70,25,27
SUPER_1,9330000,78,6,8,92,44,34
SUPER_1,9340000,245,21,24,290,114,131
SUPER_1,9350000,116,9,16,141,57,59
SUPER_1,9360000,92,14,9,115,48,44
SUPER_1,9370000,142,11,7,160,64,78
SUPER_1,9380000,67,5,4,76,36,31
SUPER_1,9390000,58,6,8,72,26,32
SUPER_1,9400000,0,0,0,0,0,0
SUPER_1,9410000,0,0,0,0,0,0
SUPER_1,9420000,0,0,0,0,0,0
SUPER_1,9430000,0,0,0,0,0,0
SUPER_1,9440000,0,0,0,0,0,0
SUPER_1,9450000,0,0,0,0,0,0
SUPER_1,9460000,0,0,0,0,0,0
SUPER_1,9470000,0,0,0,0,0,0
SUPER_1,9480000,0,0,0,0,0,0
SUPER_1,9490000,0,0,0,0,0,0
SUPER_1,9500000,0,0,0,0,0,0
SUPER_1,9510000,0,0,0,0,0,0
SUPER_1,9520000,0,0,0,0,0,0
SUPER_1,9530000,0,0,0,0,0,0
SUPER_1,9540000,0,0,0,0,0,0
SUPER_1,9550000,0,0,0,0,0,0
SUPER_1,9560000,0,0,0,0,0,0
SUPER_1,9570000,0,0,0,0,0,0
SUPER_1,9580000,0,0,0,0,0,0
SUPER_1,9590000,38,2,8,48,23,15
SUPER_1,9600000,0,0,0,0,0,0
SUPER_1,9610000,0,0,0,0,0,0
SUPER_1,9620000,0,0,0,0,0,0
SUPER_1,9630000,0,0,0,0,0,0
SUPER_1,9640000,0,0,0,0,0,0
SUPER_1,9650000,0,0,0,0,0,0
SUPER_1,9660000,0,0,0,0,0,0
SUPER_1,9670000,0,0,0,0,0,0
SUPER_1,9680000,0,1,3,4,0,0
SUPER_1,9690000,44,2,4,50,24,20
SUPER_1,9700000,0,1,0,1,0,0
SUPER_1,9710000,0,0,0,0,0,0
SUPER_1,9720000,0,0,0,0,0,0
SUPER_1,9730000,0,0,0,0,0,0
SUPER_1,9740000,0,0,0,0,0,0
SUPER_1,9750000,0,0,0,0,0,0
SUPER_1,9760000,0,0,0,0,0,0
SUPER_1,9770000,0,0,0,0,0,0
SUPER_1,9780000,0,0,0,0,0,0
SUPER_1,9790000,0,0,0,0,0,0
SUPER_1,9800000,0,0,0,0,0,0
SUPER_1,9810000,0,0,0,0,0,0
SUPER_1,9820000,0,0,0,0,0,0
SUPER_1,9830000,0,0,0,0,0,0
SUPER_1,9840000,0,0,0,0,0,0
SUPER_1,9850000,0,0,0,0,0,0
SUPER_1,9860000,0,0,0,0,0,0
SUPER_1,9870000,0,0,0,0,0,0
SUPER_1,9880000,0,0,0,0,0,0
SUPER_1,9890000,0,0,0,0,0,0
SUPER_1,9900000,0,0,0,0,0,0
SUPER_1,9910000,0,0,0,0,0,0
SUPER_1,9920000,0,0,0,0,0,0
SUPER_1,9930000,0,0,0,0,0,0
SUPER_1,9940000,0,0,0,0,0,0
SUPER_1,9950000,0,0,0,0,0,0
SUPER_1,9960000,0,0,0,0,0,0
SUPER_1,9970000,0,0,0,0,0,0
SUPER_1,9980000,0,0,0,0,0,0
SUPER_1,9990000,0,0,0,0,0,0
SUPER_1,10000000,18,9,3,30,9,9
SUPER_1,10010000,0,0,0,0,0,0
SUPER_1,10020000,0,0,0,0,0,0
SUPER_1,10030000,27,4,5,36,15,12
SUPER_1,10040000,0,0,0,0,0,0
SUPER_1,10050000,0,0,0,0,0,0
SUPER_1,10060000,0,0,0,0,0,0
SUPER_1,10070000,0,0,0,0,0,0
SUPER_1,10080000,0,0,0,0,0,0
SUPER_1,10090000,0,0,0,0,0,0
SUPER_1,10100000,0,0,0,0,0,0
SUPER_1,10110000,0,0,0,0,0,0
SUPER_1,10120000,0,0,0,0,0,0
SUPER_1,10130000,0,0,0,0,0,0
SUPER_1,10140000,27,4,1,32,15,12
SUPER_1,10150000,24,1,0,25,10,14
SUPER_1,10160000,14,2,2,18,3,11
SUPER_1,10170000,0,0,0,0,0,0
SUPER_1,10180000,0,0,0,0,0,0
SUPER_1,10190000,89,11,7,107,51,38
SUPER_1,10200000,146,20,17,183,76,70
SUPER_1,10210000,0,0,0,0,0,0
SUPER_1,10220000,0,0,0,0,0,0
SUPER_1,10230000,0,0,0,0,0,0
SUPER_1,10240000,0,0,0,0,0,0
SUPER_1,10250000,0,0,0,0,0,0
SUPER_1,10260000,0,0,0,0,0,0
SUPER_1,10270000,0,0,0,0,0,0
SUPER_1,10280000,0,0,0,0,0,0
SUPER_1,10290000,0,0,0,0,0,0
SUPER_1,10300000,0,0,0,0,0,0
SUPER_1,10310000,0,0,0,0,0,0
SUPER_1,10320000,0,0,0,0,0,0
SUPER_1,10330000,0,0,0,0,0,0
SUPER_1,10340000,0,0,0,0,0,0
SUPER_1,10350000,0,0,0,0,0,0
SUPER_1,10360000,0,0,0,0,0,0
SUPER_1,10370000,0,0,0,0,0,0
SUPER_1,10380000,0,0,0,0,0,0
SUPER_1,10390000,0,0,0,0,0,0
SUPER_1,10400000,0,0,0,0,0,0
SUPER_1,10410000,0,0,0,0,0,0
SUPER_1,10420000,0,0,0,0,0,0
SUPER_1,10430000,0,0,0,0,0,0
SUPER_1,10440000,0,0,0,0,0,0
SUPER_1,10450000,0,0,0,0,0,0
SUPER_1,10460000,0,0,0,0,0,0
SUPER_1,10470000,0,0,0,0,0,0
SUPER_1,10480000,259,24,19,302,128,131
SUPER_1,10490000,0,0,1,1,0,0
SUPER_1,10500000,0,0,1,1,0,0
SUPER_1,10510000,0,1,0,1,0,0
SUPER_1,10520000,0,0,4,4,0,0
SUPER_1,10530000,0,0,0,0,0,0
SUPER_1,10540000,0,0,0,0,0,0
SUPER_1,10550000,0,0,0,0,0,0
SUPER_1,10560000,0,0,0,0,0,0
SUPER_1,10570000,0,0,0,0,0,0
SUPER_1,10580000,0,2,1,3,0,0
SUPER_1,10590000,0,0,0,0,0,0
SUPER_1,10600000,0,0,0,0,0,0
SUPER_1,10610000,0,0,0,0,0,0
SUPER_1,10620000,0,0,0,0,0,0
SUPER_1,10630000,0,0,0,0,0,0
SUPER_1,10640000,0,0,0,0,0,0
SUPER_1,10650000,0,0,0,0,0,0
SUPER_1,10660000,0,0,0,0,0,0
SUPER_1,10670000,0,0,0,0,0,0
SUPER_1,10680000,0,0,0,0,0,0
SUPER_1,10690000,10,3,2,15,6,4
SUPER_1,10700000,98,13,2,113,42,56
SUPER_1,10710000,0,0,0,0,0,0
SUPER_1,10720000,0,0,0,0,0,0
SUPER_1,10730000,0,0,0,0,0,0
SUPER_1,10740000,0,0,0,0,0,0
SUPER_1,10750000,0,0,0,0,0,0
SUPER_1,10760000,0,0,0,0,0,0
SUPER_1,10770000,0,0,0,0,0,0
SUPER_1,10780000,0,0,0,0,0,0
SUPER_1,10790000,0,0,0,0,0,0
SUPER_1,10800000,0,0,0,0,0,0
SUPER_1,10810000,0,0,0,0,0,0
SUPER_1,10820000,0,0,0,0,0,0
SUPER_1,10830000,0,0,0,0,0,0
SUPER_1,10840000,0,0,0,0,0,0
SUPER_1,10850000,0,0,0,0,0,0
SUPER_1,10860000,0,0,0,0,0,0
SUPER_1,10870000,0,0,0,0,0,0
SUPER_1,10880000,0,0,0,0,0,0
SUPER_1,10890000,0,0,0,0,0,0
SUPER_1,10900000,0,0,0,0,0,0
SUPER_1,10910000,0,0,0,0,0,0
SUPER_1,10920000,0,0,0,0,0,0
SUPER_1,10930000,0,0,0,0,0,0
SUPER_1,10940000,0,0,0,0,0,0
SUPER_1,10950000,0,0,0,0,0,0
SUPER_1,10960000,0,0,0,0,0,0
SUPER_1,10970000,0,0,0,0,0,0
SUPER_1,10980000,0,0,0,0,0,0
SUPER_1,10990000,0,0,0,0,0,0
SUPER_1,11000000,0,0,0,0,0,0
SUPER_1,11010000,0,0,0,0,0,0
SUPER_1,11020000,0,0,0,0,0,0
SUPER_1,11030000,0,0,0,0,0,0
SUPER_1,11040000,0,0,0,0,0,0
SUPER_1,11050000,0,0,0,0,0,0
SUPER_1,11060000,0,0,0,0,0,0
SUPER_1,11070000,0,0,0,0,0,0
SUPER_1,11080000,0,0,0,0,0,0
SUPER_1,11090000,0,0,0,0,0,0
SUPER_1,11100000,0,0,0,0,0,0
SUPER_1,11110000,0,0,0,0,0,0
SUPER_1,11120000,0,0,0,0,0,0
SUPER_1,11130000,0,0,0,0,0,0
SUPER_1,11140000,0,0,0,0,0,0
SUPER_1,11150000,0,0,0,0,0,0
SUPER_1,11160000,0,0,0,0,0,0
SUPER_1,11170000,0,0,0,0,0,0
SUPER_1,11180000,0,0,0,0,0,0
SUPER_1,11190000,0,0,0,0,0,0
SUPER_1,11200000,0,0,0,0,0,0
SUPER_1,11210000,0,0,0,0,0,0
SUPER_1,11220000,0,0,0,0,0,0
SUPER_1,11230000,62,13,6,81,33,29
SUPER_1,11240000,0,0,0,0,0,0
SUPER_1,11250000,0,0,0,0,0,0
SUPER_1,11260000,0,0,0,0,0,0
SUPER_1,11270000,0,2,1,3,0,0
SUPER_1,11280000,0,0,0,0,0,0
SUPER_1,11290000,0,0,0,0,0,0
SUPER_1,11300000,0,3,0,3,0,0
SUPER_1,11310000,0,0,0,0,0,0
SUPER_1,11320000,0,0,0,0,0,0
SUPER_1,11330000,18,3,5,26,11,7
SUPER_1,11340000,22,0,1,23,11,11
SUPER_1,11350000,20,3,2,25,13,7
SUPER_1,11360000,0,0,0,0,0,0
SUPER_1,11370000,0,0,0,0,0,0
SUPER_1,11380000,3,1,0,4,1,2
SUPER_1,11390000,0,0,0,0,0,0
SUPER_1,11400000,0,0,0,0,0,0
SUPER_1,11410000,0,0,0,0,0,0
SUPER_1,11420000,0,0,0,0,0,0
SUPER_1,11430000,0,0,0,0,0,0
SUPER_1,11440000,0,0,0,0,0,0
SUPER_1,11450000,0,0,0,0,0,0
SUPER_1,11460000,0,0,0,0,0,0
SUPER_1,11470000,0,0,0,0,0,0
SUPER_1,11480000,0,0,0,0,0,0
SUPER_1,11490000,0,3,6,9,0,0
SUPER_1,11500000,0,1,0,1,0,0
SUPER_1,11510000,0,0,0,0,0,0
SUPER_1,11520000,0,0,0,0,0,0
SUPER_1,11530000,27,3,6,36,15,12
SUPER_1,11540000,0,0,0,0,0,0
SUPER_1,11550000,0,0,0,0,0,0
SUPER_1,11560000,11,2,2,15,4,7
SUPER_1,11570000,0,4,0,4,0,0
SUPER_1,11580000,0,2,4,6,0,0
SUPER_1,11590000,41,1,4,46,22,19
SUPER_1,11600000,0,0,0,0,0,0
SUPER_1,11610000,0,0,0,0,0,0
SUPER_1,11620000,38,2,7,47,20,18
SUPER_1,11630000,34,3,1,38,23,11
SUPER_1,11640000,3,3,1,7,2,1
SUPER_1,11650000,2,1,1,4,1,1
SUPER_1,11660000,7,2,2,11,6,1
SUPER_1,11670000,7,5,1,13,5,2
SUPER_1,11680000,1,1,1,3,0,1
SUPER_1,11690000,0,4,0,4,0,0
SUPER_1,11700000,17,1,6,24,15,2
SUPER_1,11710000,19,3,5,27,9,10
SUPER_1,11720000,0,0,0,0,0,0
SUPER_1,11730000,0,0,0,0,0,0
SUPER_1,11740000,11,2,0,13,3,8
SUPER_1,11750000,7,0,0,7,5,2
SUPER_1,11760000,0,0,0,0,0,0
SUPER_1,11770000,0,0,0,0,0,0
SUPER_1,11780000,0,4,2,6,0,0
SUPER_1,11790000,0,0,5,5,0,0
SUPER_1,11800000,3,0,1,4,1,2
SUPER_1,11810000,0,0,0,0,0,0
SUPER_1,11820000,0,0,0,0,0,0
SUPER_1,11830000,0,0,0,0,0,0
SUPER_1,11840000,0,0,0,0,0,0
SUPER_1,11850000,0,0,0,0,0,0
SUPER_1,11860000,0,0,0,0,0,0
SUPER_1,11870000,63,7,8,78,32,31
SUPER_1,11880000,148,14,12,174,80,68
SUPER_1,11890000,24,3,4,31,9,15
SUPER_1,11900000,108,11,7,126,61,47
SUPER_1,11910000,19,4,3,26,11,8
SUPER_1,11920000,36,1,2,39,21,15
SUPER_1,11930000,70,7,2,79,34,36
SUPER_1,11940000,77,7,6,90,43,34
SUPER_1,11950000,40,7,4,51,25,15
SUPER_1,11960000,37,7,9,53,18,19
SUPER_1,11970000,22,5,4,31,13,9
SUPER_1,11980000,160,16,17,193,84,76
SUPER_1,11990000,243,27,24,294,113,130
SUPER_1,12000000,207,17,14,238,92,115
SUPER_1,12010000,164,14,14,192,83,81
SUPER_1,12020000,274,22,25,321,120,154
SUPER_1,12030000,53,2,4,59,23,30
SUPER_1,12040000,144,9,13,166,78,66
SUPER_1,12050000,105,17,9,131,54,51
SUPER_1,12060000,181,17,16,214,88,93
SUPER_1,12070000,113,13,14,140,41,72
SUPER_1,12080000,142,19,14,175,70,72
SUPER_1,12090000,451,55,59,565,219,232
SUPER_1,12100000,245,18,17,280,129,116
SUPER_1,12110000,281,41,33,355,117,164
SUPER_1,12120000,282,27,23,332,128,154
SUPER_1,12130000,270,44,11,325,115,155
SUPER_1,12140000,71,6,3,80,40,31
SUPER_1,12150000,300,24,30,354,147,153
SUPER_1,12160000,130,15,11,156,56,74
SUPER_1,12170000,329,36,30,395,163,166
SUPER_1,12180000,2,0,0,2,2,0
SUPER_1,12190000,39,8,4,51,19,20
SUPER_1,12200000,94,7,7,108,51,43
SUPER_1,12210000,254,28,37,319,138,116
SUPER_1,12220000,246,31,21,298,106,140
SUPER_1,12230000,70,5,7,82,49,21
SUPER_1,12240000,119,8,17,144,58,61
SUPER_1,12250000,73,10,10,93,45,28
SUPER_1,12260000,225,27,18,270,113,112
SUPER_1,12270000,170,20,19,209,79,91
SUPER_1,12280000,324,36,50,410,154,170
SUPER_1,12290000,206,23,15,244,107,99
SUPER_1,12300000,295,28,24,347,140,155
SUPER_1,12310000,219,27,30,276,114,105
SUPER_1,12320000,163,28,15,206,87,76
SUPER_1,12330000,244,20,33,297,112,132
SUPER_1,12340000,208,20,25,253,106,102
SUPER_1,12350000,176,28,18,222,80,96
SUPER_1,12360000,183,16,19,218,101,82
SUPER_1,12370000,267,16,24,307,121,146
SUPER_1,12380000,105,13,7,125,54,51
SUPER_1,12390000,242,26,26,294,106,136
SUPER_1,12400000,0,0,0,0,0,0
SUPER_1,12410000,0,0,0,0,0,0
SUPER_1,12420000,176,19,18,213,76,100
SUPER_1,12430000,201,20,29,250,79,122
SUPER_1,12440000,335,39,25,399,158,177
SUPER_1,12450000,230,35,34,299,122,108
SUPER_1,12460000,198,22,23,243,87,111
SUPER_1,12470000,188,19,17,224,83,105
SUPER_1,12480000,297,30,23,350,143,154
SUPER_1,12490000,176,18,13,207,95,81
SUPER_1,12500000,215,17,14,246,124,91
SUPER_1,12510000,93,11,6,110,49,44
SUPER_1,12520000,265,18,28,311,126,139
SUPER_1,12530000,71,11,6,88,34,37
SUPER_1,12540000,164,15,18,197,79,85
SUPER_1,12550000,149,21,16,186,77,72
SUPER_1,12560000,139,19,9,167,66,73
SUPER_1,12570000,0,0,1,1,0,0
SUPER_1,12580000,78,15,12,105,29,49
SUPER_1,12590000,88,9,10,107,38,50
SUPER_1,12600000,29,3,6,38,16,13
SUPER_1,12610000,128,9,10,147,61,67
SUPER_1,12620000,62,14,5,81,26,36
SUPER_1,12630000,9,1,1,11,2,7
SUPER_1,12640000,4,1,1,6,2,2
SUPER_1,12650000,0,1,2,3,0,0
SUPER_1,12660000,23,1,4,28,16,7
SUPER_1,12670000,133,16,12,161,67,66
SUPER_1,12680000,284,29,17,330,146,138
SUPER_1,12690000,158,15,7,180,80,78
SUPER_1,12700000,277,17,19,313,128,149
SUPER_1,12710000,130,7,12,149,63,67
SUPER_1,12720000,174,26,14,214,73,101
SUPER_1,12730000,245,15,18,278,122,123
SUPER_1,12740000,170,16,23,209,78,92
SUPER_1,12750000,146,13,14,173,75,71
SUPER_1,12760000,348,26,28,402,185,163
SUPER_1,12770000,293,30,17,340,142,151
SUPER_1,12780000,188,16,18,222,99,89
SUPER_1,12790000,195,13,16,224,105,90
SUPER_1,12800000,1,0,0,1,0,1
SUPER_1,12810000,5,1,1,7,3,2
SUPER_1,12820000,86,6,8,100,48,38
SUPER_1,12830000,117,16,18,151,47,70
SUPER_1,12840000,207,13,23,243,87,120
SUPER_1,12850000,252,28,27,307,125,127
SUPER_1,12860000,278,27,27,332,136,142
SUPER_1,12870000,300,25,24,349,146,154
SUPER_1,12880000,243,18,18,279,114,129
SUPER_1,12890000,254,28,30,312,122,132
SUPER_1,12900000,306,35,31,372,129,177
SUPER_1,12910000,316,36,31,383,151,165
SUPER_1,12920000,151,10,13,174,78,73
SUPER_1,12930000,0,1,0,1,0,0
SUPER_1,12940000,232,22,16,270,110,122
SUPER_1,12950000,242,27,11,280,120,122
SUPER_1,12960000,196,15,17,228,89,107
SUPER_1,12970000,341,27,27,395,173,168
SUPER_1,12980000,277,24,29,330,128,149
SUPER_1,12990000,222,23,17,262,108,114
SUPER_1,13000000,103,13,11,127,56,47
SUPER_1,13010000,51,4,7,62,21,30
SUPER_1,13020000,55,8,7,70,31,24
SUPER_1,13030000,110,12,6,128,52,58
SUPER_1,13040000,270,27,35,332,123,147
SUPER_1,13050000,148,21,7,176,87,61
SUPER_1,13060000,32,4,0,36,21,11
SUPER_1,13070000,162,15,12,189,87,75
SUPER_1,13080000,71,4,10,85,22,49
SUPER_1,13090000,168,15,13,196,72,96
SUPER_1,13100000,233,22,16,271,111,122
SUPER_1,13110000,117,9,10,136,51,66
SUPER_1,13120000,276,20,29,325,143,133
SUPER_1,13130000,119,7,11,137,55,64
SUPER_1,13140000,88,16,8,112,31,57
SUPER_1,13150000,265,25,28,318,125,140
SUPER_1,13160000,232,22,21,275,133,99
SUPER_1,13170000,273,17,23,313,132,141
SUPER_1,13180000,213,23,22,258,96,117
SUPER_1,13190000,216,19,21,256,98,118
SUPER_1,13200000,280,27,22,329,128,152
SUPER_1,13210000,334,30,27,391,147,187
SUPER_1,13220000,249,22,20,291,114,135
SUPER_1,13230000,194,15,13,222,108,86
SUPER_1,13240000,120,17,6,143,60,60
SUPER_1,13250000,213,22,25,260,108,105
SUPER_1,13260000,182,21,18,221,93,89
SUPER_1,13270000,294,28,36,358,141,153
SUPER_1,13280000,247,20,21,288,130,117
SUPER_1,13290000,152,15,13,180,83,69
SUPER_1,13300000,217,18,34,269,101,116
SUPER_1,13310000,145,11,7,163,76,69
SUPER_1,13320000,97,12,11,120,46,51
SUPER_1,13330000,249,16,29,294,147,102
SUPER_1,13340000,214,22,30,266,112,102
SUPER_1,13350000,246,27,33,306,116,130
SUPER_1,13360000,193,24,14,231,88,105
SUPER_1,13370000,201,28,21,250,103,98
SUPER_1,13380000,252,35,19,306,125,127
SUPER_1,13390000,170,20,15,205,80,90
SUPER_1,13400000,107,14,4,125,53,54
SUPER_1,13410000,140,18,19,177,66,74
SUPER_1,13420000,65,5,4,74,35,30
SUPER_1,13430000,177,23,19,219,88,89
SUPER_1,13440000,138,8,15,161,62,76
SUPER_1,13450000,296,26,26,348,163,133
SUPER_1,13460000,204,27,25,256,98,106
SUPER_1,13470000,52,4,8,64,26,26
SUPER_1,13480000,180,16,17,213,87,93
SUPER_1,13490000,218,15,21,254,108,110
SUPER_1,13500000,244,17,35,296,131,113
SUPER_1,13510000,32,2,2,36,19,13
SUPER_1,13520000,88,7,1,96,45,43
SUPER_1,13530000,325,33,25,383,159,166
SUPER_1,13540000,215,26,17,258,101,114
SUPER_1,13550000,289,24,30,343,147,142
SUPER_1,13560000,271,28,19,318,159,112
SUPER_1,13570000,261,28,16,305,136,125
SUPER_1,13580000,223,20,14,257,118,105
SUPER_1,13590000,266,22,18,306,134,132
SUPER_1,13600000,240,15,29,284,124,116
SUPER_1,13610000,293,29,25,347,147,146
SUPER_1,13620000,243,26,23,292,110,133
SUPER_1,13630000,17,1,1,19,12,5
SUPER_1,13640000,109,8,7,124,50,59
SUPER_1,13650000,154,12,8,174,75,79
SUPER_1,13660000,343,34,35,412,168,175
SUPER_1,13670000,194,14,18,226,104,90
SUPER_1,13680000,0,0,0,0,0,0
SUPER_1,13690000,0,0,0,0,0,0
SUPER_1,13700000,312,39,37,388,128,184
SUPER_1,13710000,315,20,21,356,155,160
SUPER_1,13720000,393,25,35,453,195,198
SUPER_1,13730000,255,31,31,317,118,137
SUPER_1,13740000,330,36,35,401,168,162
SUPER_1,13750000,217,21,15,253,103,114
SUPER_1,13760000,119,9,10,138,55,64
SUPER_1,13770000,0,0,0,0,0,0
SUPER_1,13780000,0,0,0,0,0,0
SUPER_1,13790000,0,0,0,0,0,0
SUPER_1,13800000,0,0,0,0,0,0
SUPER_1,13810000,0,0,0,0,0,0
SUPER_1,13820000,0,0,0,0,0,0
SUPER_1,13830000,0,0,0,0,0,0
SUPER_1,13840000,209,31,11,251,101,108
SUPER_1,13850000,268,18,26,312,127,141
SUPER_1,13860000,264,24,26,314,136,128
SUPER_1,13870000,216,29,21,266,114,102
SUPER_1,13880000,326,34,29,389,149,177
SUPER_1,13890000,312,34,31,377,161,151
SUPER_1,13900000,254,24,32,310,126,128
SUPER_1,13910000,159,16,11,186,80,79
SUPER_1,13920000,374,40,36,450,183,191
SUPER_1,13930000,361,32,36,429,173,188
SUPER_1,13940000,323,24,30,377,154,169
SUPER_1,13950000,280,30,29,339,154,126
SUPER_1,13960000,367,39,29,435,180,187
SUPER_1,13970000,344,38,32,414,150,194
SUPER_1,13980000,345,29,36,410,171,174
SUPER_1,13990000,292,34,27,353,134,158
SUPER_1,14000000,28,2,1,31,11,17
SUPER_1,14010000,196,28,20,244,90,106
SUPER_1,14020000,260,21,23,304,128,132
SUPER_1,14030000,288,36,36,360,144,144
SUPER_1,14040000,56,8,8,72,28,28
SUPER_1,14050000,137,18,15,170,58,79
SUPER_1,14060000,77,10,8,95,37,40
SUPER_1,14070000,302,32,26,360,151,151
SUPER_1,14080000,227,21,23,271,105,122
SUPER_1,14090000,267,29,23,319,127,140
SUPER_1,14100000,289,28,35,352,128,161
SUPER_1,14110000,77,10,10,97,43,34
SUPER_1,14120000,142,6,15,163,62,80
SUPER_1,14130000,292,29,29,350,150,142
SUPER_1,14140000,280,19,20,319,134,146
SUPER_1,14150000,337,25,37,399,170,167
SUPER_1,14160000,160,10,11,181,77,83
SUPER_1,14170000,257,24,26,307,112,145
SUPER_1,14180000,232,14,25,271,118,114
SUPER_1,14190000,321,28,27,376,162,159
SUPER_1,14200000,127,14,10,151,70,57
SUPER_1,14210000,339,41,38,418,162,177
SUPER_1,14220000,297,30,40,367,144,153
SUPER_1,14230000,372,24,37,433,195,177
SUPER_1,14240000,253,22,25,300,119,134
SUPER_1,14250000,307,29,29,365,156,151
SUPER_1,14260000,71,11,3,85,44,27
SUPER_1,14270000,245,38,35,318,119,126
SUPER_1,14280000,231,21,20,272,109,122
SUPER_1,14290000,71,8,6,85,35,36
SUPER_1,14300000,170,24,14,208,82,88
SUPER_1,14310000,400,27,36,463,163,237
SUPER_1,14320000,347,42,31,420,161,186
SUPER_1,14330000,161,17,15,193,81,80
SUPER_1,14340000,257,21,22,300,124,133
SUPER_1,14350000,170,17,10,197,82,88
SUPER_1,14360000,207,22,16,245,112,95
SUPER_1,14370000,138,15,16,169,69,69
SUPER_1,14380000,406,31,35,472,205,201
SUPER_1,14390000,214,20,21,255,112,102
SUPER_1,14400000,215,18,16,249,124,91
SUPER_1,14410000,333,29,32,394,160,173
SUPER_1,14420000,234,32,24,290,116,118
SUPER_1,14430000,237,24,26,287,105,132
SUPER_1,14440000,217,30,21,268,91,126
SUPER_1,14450000,330,21,19,370,185,145
SUPER_1,14460000,185,16,16,217,100,85
SUPER_1,14470000,346,32,26,404,170,176
SUPER_1,14480000,289,28,27,344,146,143
SUPER_1,14490000,261,25,13,299,143,118
SUPER_1,14500000,278,29,34,341,154,124
SUPER_1,14510000,243,15,25,283,126,117
SUPER_1,14520000,229,23,16,268,121,108
SUPER_1,14530000,238,20,30,288,126,112
SUPER_1,14540000,222,24,15,261,110,112
SUPER_1,14550000,425,47,31,503,212,213
SUPER_1,14560000,274,22,23,319,130,144
SUPER_1,14570000,24,4,1,29,10,14
SUPER_1,14580000,53,3,2,58,27,26
SUPER_1,14590000,318,19,25,362,160,158
SUPER_1,14600000,391,38,34,463,202,189
SUPER_1,14610000,320,10,25,355,164,156
SUPER_1,14620000,293,31,40,364,143,150
SUPER_1,14630000,175,13,17,205,94,81
SUPER_1,14640000,59,9,9,77,30,29
SUPER_1,14650000,159,11,12,182,85,74
SUPER_1,14660000,2,0,0,2,1,1
SUPER_1,14670000,308,25,25,358,150,158
SUPER_1,14680000,240,27,24,291,107,133
SUPER_1,14690000,106,8,3,117,58,48
SUPER_1,14700000,251,22,22,295,114,137
SUPER_1,14710000,283,24,29,336,150,133
SUPER_1,14720000,365,28,34,427,181,184
SUPER_1,14730000,0,0,0,0,0,0
SUPER_1,14740000,0,0,0,0,0,0
SUPER_1,14750000,101,9,10,120,50,51
SUPER_1,14760000,0,0,0,0,0,0
SUPER_1,14770000,0,0,0,0,0,0
SUPER_1,14780000,49,5,7,61,28,21
SUPER_1,14790000,268,17,22,307,137,131
SUPER_1,14800000,302,18,26,346,135,167
SUPER_1,14810000,344,28,28,400,170,174
SUPER_1,14820000,129,12,12,153,70,59
SUPER_1,14830000,264,13,29,306,142,122
SUPER_1,14840000,329,32,35,396,146,183
SUPER_1,14850000,395,28,43,466,184,211
SUPER_1,14860000,113,5,6,124,49,64
SUPER_1,14870000,286,19,27,332,140,146
SUPER_1,14880000,394,29,40,463,198,196
SUPER_1,14890000,231,20,13,264,114,117
SUPER_1,14900000,437,35,41,513,211,226
SUPER_1,14910000,271,25,18,314,135,136
SUPER_1,14920000,323,25,23,371,175,148
SUPER_1,14930000,282,18,28,328,143,139
SUPER_1,14940000,343,36,30,409,151,192
SUPER_1,14950000,0,0,0,0,0,0
SUPER_1,14960000,0,0,0,0,0,0
SUPER_1,14970000,612,55,55,722,295,317
SUPER_1,14980000,436,38,46,520,205,231
SUPER_1,14990000,319,39,29,387,157,162
SUPER_1,15000000,430,46,37,513,207,223
SUPER_1,15010000,318,23,20,361,168,150
SUPER_1,15020000,305,30,22,357,154,151
SUPER_1,15030000,377,41,34,452,169,208
SUPER_1,15040000,290,29,24,343,138,152
SUPER_1,15050000,92,10,10,112,50,42
SUPER_1,15060000,332,27,28,387,161,171
SUPER_1,15070000,338,33,30,401,160,178
SUPER_1,15080000,276,28,25,329,148,128
SUPER_1,15090000,206,16,25,247,112,94
SUPER_1,15100000,262,28,26,316,118,144
SUPER_1,15110000,400,48,43,491,183,217
SUPER_1,15120000,269,23,15,307,141,128
SUPER_1,15130000,353,41,28,422,195,158
SUPER_1,15140000,211,30,17,258,107,104
SUPER_1,15150000,285,29,21,335,134,151
SUPER_1,15160000,327,26,27,380,169,158
SUPER_1,15170000,234,23,14,271,110,124
SUPER_1,15180000,363,46,28,437,183,180
SUPER_1,15190000,358,33,22,413,167,191
SUPER_1,15200000,282,25,27,334,145,137
SUPER_1,15210000,288,27,38,353,156,132
SUPER_1,15220000,394,33,54,481,198,196
SUPER_1,15230000,241,22,29,292,121,120
SUPER_1,15240000,217,21,21,259,108,109
SUPER_1,15250000,236,22,19,277,113,123
SUPER_1,15260000,394,30,25,449,189,205
SUPER_1,15270000,380,28,34,442,182,198
SUPER_1,15280000,318,27,21,366,140,178
SUPER_1,15290000,285,30,26,341,137,148
SUPER_1,15300000,350,30,23,403,172,178
SUPER_1,15310000,306,26,26,358,143,163
SUPER_1,15320000,294,22,21,337,159,135
SUPER_1,15330000,382,37,29,448,185,197
SUPER_1,15340000,316,30,23,369,146,170
SUPER_1,15350000,331,42,39,412,165,166
SUPER_1,15360000,261,24,29,314,132,129
SUPER_1,15370000,108,4,9,121,56,52
SUPER_1,15380000,350,40,32,422,186,164
SUPER_1,15390000,230,21,15,266,120,110
SUPER_1,15400000,322,26,31,379,163,159
SUPER_1,15410000,241,24,19,284,117,124
SUPER_1,15420000,132,14,14,160,66,66
SUPER_1,15430000,269,20,17,306,122,147
SUPER_1,15440000,368,32,38,438,191,177
SUPER_1,15450000,419,33,26,478,192,227
SUPER_1,15460000,422,50,34,506,202,220
SUPER_1,15470000,359,36,28,423,174,185
SUPER_1,15480000,378,28,37,443,177,201
SUPER_1,15490000,473,33,26,532,226,247
SUPER_1,15500000,270,29,27,326,126,144
SUPER_1,15510000,364,33,32,429,181,183
SUPER_1,15520000,391,32,34,457,179,212
SUPER_1,15530000,264,22,25,311,133,131
SUPER_1,15540000,367,39,24,430,185,182
SUPER_1,15550000,307,27,42,376,141,166
SUPER_1,15560000,342,32,42,416,166,176
SUPER_1,15570000,388,44,34,466,180,208
SUPER_1,15580000,142,13,22,177,55,87
SUPER_1,15590000,419,40,34,493,185,234
SUPER_1,15600000,452,46,42,540,210,242
SUPER_1,15610000,302,32,20,354,133,169
SUPER_1,15620000,308,36,26,370,150,158
SUPER_1,15630000,214,19,22,255,106,108
SUPER_1,15640000,218,20,17,255,103,115
SUPER_1,15650000,320,26,22,368,153,167
SUPER_1,15660000,260,16,34,310,131,129
SUPER_1,15670000,318,33,26,377,156,162
SUPER_1,15680000,89,3,7,99,50,39
SUPER_1,15690000,280,31,31,342,136,144
SUPER_1,15700000,354,32,33,419,179,175
SUPER_1,15710000,167,20,20,207,84,83
SUPER_1,15720000,96,12,6,114,50,46
SUPER_1,15730000,2,0,0,2,1,1
SUPER_1,15740000,1,0,0,1,1,0
SUPER_1,15750000,1,0,0,1,0,1
SUPER_1,15760000,194,21,14,229,86,108
SUPER_1,15770000,321,37,37,395,144,177
SUPER_1,15780000,396,52,38,486,187,209
SUPER_1,15790000,218,29,15,262,94,124
SUPER_1,15800000,135,8,13,156,68,67
SUPER_1,15810000,194,16,18,228,101,93
SUPER_1,15820000,92,11,8,111,55,37
SUPER_1,15830000,345,36,36,417,167,178
SUPER_1,15840000,218,25,32,275,99,119
SUPER_1,15850000,225,20,20,265,109,116
SUPER_1,15860000,425,34,37,496,205,220
SUPER_1,15870000,492,53,50,595,245,247
SUPER_1,15880000,466,48,32,546,229,237
SUPER_1,15890000,407,40,47,494,200,207
SUPER_1,15900000,393,27,46,466,187,206
SUPER_1,15910000,235,19,28,282,106,129
SUPER_1,15920000,274,25,27,326,141,133
SUPER_1,15930000,281,21,25,327,133,148
SUPER_1,15940000,179,14,17,210,93,86
SUPER_1,15950000,207,21,21,249,88,119
SUPER_1,15960000,70,9,14,93,30,40
SUPER_1,15970000,161,16,7,184,86,75
SUPER_1,15980000,167,25,25,217,65,102
SUPER_1,15990000,212,28,13,253,115,97
SUPER_1,16000000,279,36,25,340,136,143
SUPER_1,16010000,349,34,36,419,172,177
SUPER_1,16020000,114,9,10,133,61,53
SUPER_1,16030000,261,21,30,312,131,130
SUPER_1,16040000,388,42,44,474,177,211
SUPER_1,16050000,295,22,33,350,158,137
SUPER_1,16060000,202,17,10,229,108,94
SUPER_1,16070000,153,20,18,191,64,89
SUPER_1,16080000,200,19,9,228,102,98
SUPER_1,16090000,252,16,13,281,120,132
SUPER_1,16100000,392,45,35,472,200,192
SUPER_1,16110000,329,21,22,372,169,160
SUPER_1,16120000,409,42,29,480,199,210
SUPER_1,16130000,381,34,47,462,191,190
SUPER_1,16140000,97,10,7,114,50,47
SUPER_1,16150000,333,22,36,391,163,170
SUPER_1,16160000,105,4,10,119,49,56
SUPER_1,16170000,272,23,29,324,130,142
SUPER_1,16180000,275,19,23,317,128,147
SUPER_1,16190000,222,32,20,274,110,112
SUPER_1,16200000,288,30,21,339,139,149
SUPER_1,16210000,254,28,22,304,127,127
SUPER_1,16220000,338,43,30,411,158,180
SUPER_1,16230000,202,19,19,240,98,104
SUPER_1,16240000,353,28,17,398,179,174
SUPER_1,16250000,328,21,31,380,160,168
SUPER_1,16260000,364,36,34,434,180,184
SUPER_1,16270000,272,14,15,301,138,134
SUPER_1,16280000,298,38,27,363,162,136
SUPER_1,16290000,291,32,32,355,152,139
SUPER_1,16300000,429,34,30,493,221,208
SUPER_1,16310000,171,10,8,189,87,84
SUPER_1,16320000,285,30,22,337,139,146
SUPER_1,16330000,291,26,26,343,166,125
SUPER_1,16340000,342,22,26,390,165,177
SUPER_1,16350000,12,6,1,19,3,9
SUPER_1,16360000,300,31,21,352,165,135
SUPER_1,16370000,382,39,27,448,197,185
SUPER_1,16380000,178,18,13,209,90,88
SUPER_1,16390000,254,34,23,311,123,131
SUPER_1,16400000,225,20,19,264,119,106
SUPER_1,16410000,401,39,39,479,196,205
SUPER_1,16420000,257,22,18,297,142,115
SUPER_1,16430000,289,20,28,337,143,146
SUPER_1,16440000,355,26,30,411,178,177
SUPER_1,16450000,328,28,37,393,147,181
SUPER_1,16460000,285,22,36,343,129,156
SUPER_1,16470000,289,26,25,340,159,130
SUPER_1,16480000,122,13,18,153,61,61
SUPER_1,16490000,276,31,28,335,120,156
SUPER_1,16500000,333,33,23,389,169,164
SUPER_1,16510000,426,35,27,488,223,203
SUPER_1,16520000,356,26,27,409,177,179
SUPER_1,16530000,283,23,33,339,137,146
SUPER_1,16540000,397,26,37,460,199,198
SUPER_1,16550000,292,23,26,341,141,151
SUPER_1,16560000,226,29,14,269,128,98
SUPER_1,16570000,223,22,16,261,98,125
SUPER_1,16580000,124,8,9,141,68,56
SUPER_1,16590000,188,15,23,226,90,98
SUPER_1,16600000,220,14,17,251,114,106
SUPER_1,16610000,196,19,28,243,97,99
SUPER_1,16620000,156,14,16,186,83,73
SUPER_1,16630000,296,36,34,366,154,142
SUPER_1,16640000,283,29,27,339,133,150
SUPER_1,16650000,163,17,17,197,73,90
SUPER_1,16660000,209,16,16,241,112,97
SUPER_1,16670000,183,19,9,211,85,98
SUPER_1,16680000,164,11,13,188,81,83
SUPER_1,16690000,264,18,29,311,145,119
SUPER_1,16700000,377,31,30,438,175,202
SUPER_1,16710000,195,20,11,226,94,101
SUPER_1,16720000,253,24,13,290,141,112
SUPER_1,16730000,146,7,19,172,81,65
SUPER_1,16740000,186,12,17,215,88,98
SUPER_1,16750000,308,24,34,366,158,150
SUPER_1,16760000,217,22,13,252,114,103
SUPER_1,16770000,305,21,27,353,152,153
SUPER_1,16780000,248,26,25,299,133,115
SUPER_1,16790000,95,9,7,111,43,52
SUPER_1,16800000,244,21,16,281,130,114
SUPER_1,16810000,117,9,14,140,58,59
SUPER_1,16820000,156,14,15,185,82,74
SUPER_1,16830000,127,10,9,146,81,46
SUPER_1,16840000,269,16,17,302,144,125
SUPER_1,16850000,202,23,18,243,109,93
SUPER_1,16860000,172,14,19,205,82,90
SUPER_1,16870000,175,16,13,204,89,86
SUPER_1,16880000,243,30,19,292,123,120
SUPER_1,16890000,42,4,5,51,19,23
SUPER_1,16900000,3,3,0,6,2,1
SUPER_1,16910000,159,7,5,171,94,65
SUPER_1,16920000,100,6,7,113,61,39
SUPER_1,16930000,36,6,1,43,26,10
SUPER_1,16940000,9,1,0,10,9,0
SUPER_1,16950000,38,1,1,40,25,13
SUPER_2,10000,20,10,3,33,13,7
SUPER_2,20000,0,0,0,0,0,0
SUPER_2,30000,0,0,0,0,0,0
SUPER_2,40000,86,7,9,102,49,37
SUPER_2,50000,154,11,12,177,70,84
SUPER_2,60000,180,19,14,213,92,88
SUPER_2,70000,196,22,23,241,98,98
SUPER_2,80000,211,25,10,246,110,101
SUPER_2,90000,242,24,20,286,123,119
SUPER_2,100000,258,28,16,302,133,125
SUPER_2,110000,292,20,34,346,172,120
SUPER_2,120000,296,33,26,355,151,145
SUPER_2,130000,228,21,20,269,116,112
SUPER_2,140000,237,21,21,279,120,117
SUPER_2,150000,148,9,8,165,78,70
SUPER_2,160000,233,23,30,286,109,124
SUPER_2,170000,256,21,19,296,128,128
SUPER_2,180000,301,35,18,354,155,146
SUPER_2,190000,278,24,14,316,143,135
SUPER_2,200000,275,22,14,311,142,133
SUPER_2,210000,105,13,9,127,36,69
SUPER_2,220000,258,18,26,302,136,122
SUPER_2,230000,236,29,19,284,128,108
SUPER_2,240000,212,18,21,251,105,107
SUPER_2,250000,43,3,6,52,24,19
SUPER_2,260000,2,1,0,3,1,1
SUPER_2,270000,313,22,23,358,159,154
SUPER_2,280000,303,31,26,360,159,144
SUPER_2,290000,209,16,15,240,115,94
SUPER_2,300000,299,16,23,338,142,157
SUPER_2,310000,242,13,26,281,118,124
SUPER_2,320000,274,28,34,336,134,140
SUPER_2,330000,247,29,21,297,125,122
SUPER_2,340000,280,22,18,320,142,138
SUPER_2,350000,323,31,24,378,142,181
SUPER_2,360000,172,20,17,209,91,81
SUPER_2,370000,227,20,13,260,112,115
SUPER_2,380000,274,21,30,325,142,132
SUPER_2,390000,187,17,16,220,93,94
SUPER_2,400000,286,21,25,332,154,132
SUPER_2,410000,274,25,22,321,129,145
SUPER_2,420000,258,19,22,299,131,127
SUPER_2,430000,266,30,23,319,134,132
SUPER_2,440000,327,33,38,398,165,162
SUPER_2,450000,257,21,31,309,118,139
SUPER_2,460000,211,21,20,252,86,125
SUPER_2,470000,291,17,24,332,150,141
SUPER_2,480000,249,21,20,290,128,121
SUPER_2,490000,275,24,26,325,140,135
SUPER_2,500000,143,10,12,165,71,72
SUPER_2,510000,272,20,32,324,142,130
SUPER_2,520000,250,22,18,290,136,114
SUPER_2,530000,244,18,26,288,126,118
SUPER_2,540000,313,26,17,356,162,151
SUPER_2,550000,198,23,27,248,91,107
SUPER_2,560000,94,12,13,119,44,50
SUPER_2,570000,189,17,14,220,100,89
SUPER_2,580000,98,7,13,118,52,46
SUPER_2,590000,310,31,26,367,136,174
SUPER_2,600000,177,25,25,227,111,66
SUPER_2,610000,306,31,31,368,156,150
SUPER_2,620000,370,33,50,453,187,183
SUPER_2,630000,333,31,35,399,160,173
SUPER_2,640000,326,23,37,386,176,150
SUPER_2,650000,301,25,29,355,134,167
SUPER_2,660000,338,29,38,405,173,165
SUPER_2,670000,237,11,23,271,117,120
SUPER_2,680000,312,29,27,368,136,176
SUPER_2,690000,297,37,31,365,151,146
SUPER_2,700000,360,34,35,429,145,215
SUPER_2,710000,327,30,27,384,167,160
SUPER_2,720000,378,33,29,440,173,205
SUPER_2,730000,375,29,29,433,160,215
SUPER_2,740000,266,18,26,310,135,131
SUPER_2,750000,351,26,27,404,162,189
SUPER_2,760000,412,44,35,491,199,213
SUPER_2,770000,294,28,15,337,161,133
SUPER_2,780000,391,35,38,464,169,222
SUPER_2,790000,381,34,44,459,179,202
SUPER_2,800000,352,38,26,416,167,185
SUPER_2,810000,28,5,1,34,20,8
SUPER_2,820000,156,17,19,192,89,67
SUPER_2,830000,250,25,29,304,106,144
SUPER_2,840000,312,37,25,374,158,154
SUPER_2,850000,261,20,23,304,131,130
SUPER_2,860000,277,37,28,342,140,137
SUPER_2,870000,177,12,24,213,84,93
SUPER_2,880000,418,33,51,502,216,202
SUPER_2,890000,352,37,39,428,175,177
SUPER_2,900000,204,22,19,245,105,99
SUPER_2,910000,318,26,18,362,151,167
SUPER_2,920000,18,2,2,22,8,10
SUPER_2,930000,326,29,27,382,151,175
SUPER_2,940000,324,39,30,393,164,160
SUPER_2,950000,328,32,44,404,131,197
SUPER_2,960000,138,13,10,161,60,78
SUPER_2,970000,306,44,26,376,154,152
SUPER_2,980000,311,34,25,370,165,146
SUPER_2,990000,210,21,16,247,108,102
SUPER_2,1000000,223,21,25,269,117,106
SUPER_2,1010000,198,11,14,223,106,92
SUPER_2,1020000,255,21,21,297,121,134
SUPER_2,1030000,276,22,26,324,133,143
SUPER_2,1040000,382,34,18,434,193,189
SUPER_2,1050000,250,19,20,289,134,116
SUPER_2,1060000,183,12,18,213,100,83
SUPER_2,1070000,349,36,35,420,170,179
SUPER_2,1080000,11,0,1,12,6,5
SUPER_2,1090000,165,17,10,192,95,70
SUPER_2,1100000,0,0,1,1,0,0
SUPER_2,1110000,279,16,20,315,147,132
SUPER_2,1120000,270,20,29,319,123,147
SUPER_2,1130000,364,26,36,426,168,196
SUPER_2,1140000,137,13,16,166,62,75
SUPER_2,1150000,314,33,36,383,155,159
SUPER_2,1160000,305,26,42,373,168,137
SUPER_2,1170000,305,30,28,363,141,164
SUPER_2,1180000,362,37,45,444,182,180
SUPER_2,1190000,362,36,24,422,180,182
SUPER_2,1200000,320,28,22,370,137,183
SUPER_2,1210000,344,23,38,405,184,160
SUPER_2,1220000,380,30,35,445,186,194
SUPER_2,1230000,351,37,40,428,147,204
SUPER_2,1240000,186,18,16,220,88,98
SUPER_2,1250000,368,32,43,443,169,199
SUPER_2,1260000,345,30,36,411,159,186
SUPER_2,1270000,379,38,54,471,175,204
SUPER_2,1280000,393,36,41,470,196,197
SUPER_2,1290000,230,19,11,260,120,110
SUPER_2,1300000,186,22,16,224,100,86
SUPER_2,1310000,351,22,30,403,173,178
SUPER_2,1320000,299,27,36,362,156,143
SUPER_2,1330000,328,40,36,404,149,179
SUPER_2,1340000,309,30,30,369,154,155
SUPER_2,1350000,237,20,22,279,102,135
SUPER_2,1360000,215,20,26,261,101,114
SUPER_2,1370000,317,28,28,373,143,174
SUPER_2,1380000,216,23,21,260,106,110
SUPER_2,1390000,321,29,21,371,149,172
SUPER_2,1400000,260,22,25,307,128,132
SUPER_2,1410000,285,25,19,329,129,156
SUPER_2,1420000,233,14,28,275,107,126
SUPER_2,1430000,221,20,22,263,115,106
SUPER_2,1440000,43,0,4,47,25,18
SUPER_2,1450000,316,22,30,368,154,162
SUPER_2,1460000,282,19,30,331,132,150
SUPER_2,1470000,193,16,21,230,98,95
SUPER_2,1480000,7,1,1,9,6,1
SUPER_2,1490000,67,9,8,84,36,31
SUPER_2,1500000,198,26,22,246,108,90
SUPER_2,1510000,237,21,18,276,117,120
SUPER_2,1520000,101,4,7,112,54,47
SUPER_2,1530000,57,5,12,74,22,35
SUPER_2,1540000,73,8,5,86,30,43
SUPER_2,1550000,112,10,17,139,62,50
SUPER_2,1560000,234,16,24,274,108,126
SUPER_2,1570000,143,13,11,167,69,74
SUPER_2,1580000,182,11,16,209,100,82
SUPER_2,1590000,185,21,25,231,98,87
SUPER_2,1600000,241,11,25,277,117,124
SUPER_2,1610000,149,19,8,176,71,78
SUPER_2,1620000,23,2,4,29,12,11
SUPER_2,1630000,5,0,1,6,4,1
SUPER_2,1640000,38,3,4,45,23,15
SUPER_2,1650000,131,20,13,164,62,69
SUPER_2,1660000,195,14,14,223,89,106
SUPER_2,1670000,219,26,21,266,109,110
SUPER_2,1680000,296,18,24,338,162,134
SUPER_2,1690000,174,14,25,213,78,96
SUPER_2,1700000,262,26,28,316,122,140
SUPER_2,1710000,113,16,6,135,53,60
SUPER_2,1720000,221,12,29,262,99,122
SUPER_2,1730000,298,23,28,349,137,161
SUPER_2,1740000,215,22,21,258,110,105
SUPER_2,1750000,216,27,24,267,92,124
SUPER_2,1760000,132,17,14,163,63,69
SUPER_2,1770000,231,19,15,265,129,102
SUPER_2,1780000,255,25,17,297,117,138
SUPER_2,1790000,184,16,22,222,101,83
SUPER_2,1800000,188,16,19,223,91,97
SUPER_2,1810000,182,28,15,225,78,104
SUPER_2,1820000,260,30,27,317,131,129
SUPER_2,1830000,238,27,24,289,123,115
SUPER_2,1840000,291,28,42,361,145,146
SUPER_2,1850000,227,23,24,274,117,110
SUPER_2,1860000,256,31,20,307,139,117
SUPER_2,1870000,173,23,26,222,82,91
SUPER_2,1880000,244,20,19,283,131,113
SUPER_2,1890000,250,26,27,303,130,120
SUPER_2,1900000,288,35,23,346,136,152
SUPER_2,1910000,214,30,18,262,115,99
SUPER_2,1920000,291,27,34,352,137,154
SUPER_2,1930000,257,20,25,302,126,131
SUPER_2,1940000,241,25,17,283,108,133
SUPER_2,1950000,389,36,45,470,176,213
SUPER_2,1960000,305,42,27,374,154,151
SUPER_2,1970000,253,35,23,311,127,126
SUPER_2,1980000,214,22,20,256,94,120
SUPER_2,1990000,302,25,32,359,155,147
SUPER_2,2000000,280,22,22,324,143,137
SUPER_2,2010000,151,20,9,180,75,76
SUPER_2,2020000,259,31,28,318,124,135
SUPER_2,2030000,217,22,19,258,110,107
SUPER_2,2040000,0,0,0,0,0,0
SUPER_2,2050000,0,0,0,0,0,0
SUPER_2,2060000,202,17,9,228,101,101
SUPER_2,2070000,250,32,23,305,104,146
SUPER_2,2080000,222,23,21,266,121,101
SUPER_2,2090000,274,20,26,320,131,143
SUPER_2,2100000,239,25,19,283,107,132
SUPER_2,2110000,171,18,16,205,79,92
SUPER_2,2120000,226,22,20,268,109,117
SUPER_2,2130000,302,30,24,356,129,173
SUPER_2,2140000,278,19,20,317,134,144
SUPER_2,2150000,243,31,18,292,110,133
SUPER_2,2160000,254,20,24,298,125,129
SUPER_2,2170000,247,26,26,299,114,133
SUPER_2,2180000,148,18,9,175,73,75
SUPER_2,2190000,225,16,28,269,117,108
SUPER_2,2200000,301,26,23,350,144,157
SUPER_2,2210000,295,21,27,343,141,154
SUPER_2,2220000,253,18,28,299,121,132
SUPER_2,2230000,335,32,36,403,164,171
SUPER_2,2240000,229,22,21,272,120,109
SUPER_2,2250000,186,26,20,232,84,102
SUPER_2,2260000,319,32,31,382,146,173
SUPER_2,2270000,188,19,21,228,91,97
SUPER_2,2280000,326,25,25,376,155,171
SUPER_2,2290000,118,16,17,151,56,62
SUPER_2,2300000,325,37,40,402,148,177
SUPER_2,2310000,228,28,26,282,112,116
SUPER_2,2320000,352,39,15,406,187,165
SUPER_2,2330000,1,0,0,1,1,0
SUPER_2,2340000,125,13,8,146,60,65
SUPER_2,2350000,138,30,23,191,76,62
SUPER_2,2360000,0,2,0,2,0,0
SUPER_2,2370000,108,6,10,124,58,50
SUPER_2,2380000,198,25,14,237,100,98
SUPER_2,2390000,131,13,10,154,61,70
SUPER_2,2400000,312,25,24,361,137,175
SUPER_2,2410000,274,27,35,336,132,142
SUPER_2,2420000,125,20,12,157,62,63
SUPER_2,2430000,267,40,26,333,125,142
SUPER_2,2440000,312,34,23,369,148,164
SUPER_2,2450000,274,24,26,324,140,134
SUPER_2,2460000,170,16,9,195,88,82
SUPER_2,2470000,275,15,11,301,152,123
SUPER_2,2480000,235,26,23,284,121,114
SUPER_2,2490000,273,29,27,329,124,149
SUPER_2,2500000,185,13,21,219,93,92
SUPER_2,2510000,294,25,15,334,142,152
SUPER_2,2520000,288,26,36,350,148,140
SUPER_2,2530000,206,13,17,236,96,110
SUPER_2,2540000,202,18,24,244,110,92
SUPER_2,2550000,149,16,15,180,77,72
SUPER_2,2560000,301,30,21,352,157,144
SUPER_2,2570000,303,39,23,365,139,164
SUPER_2,2580000,246,18,21,285,119,127
SUPER_2,2590000,4,1,0,5,1,3
SUPER_2,2600000,1,1,0,2,1,0
SUPER_2,2610000,165,20,16,201,92,73
SUPER_2,2620000,196,14,17,227,105,91
SUPER_2,2630000,275,34,21,330,154,121
SUPER_2,2640000,248,22,18,288,116,132
SUPER_2,2650000,321,28,22,371,162,159
SUPER_2,2660000,338,38,23,399,162,176
SUPER_2,2670000,307,32,25,364,161,146
SUPER_2,2680000,327,22,32,381,157,170
SUPER_2,2690000,363,35,47,445,160,203
SUPER_2,2700000,353,31,29,413,190,163
SUPER_2,2710000,368,35,24,427,162,206
SUPER_2,2720000,266,35,24,325,133,133
SUPER_2,2730000,235,21,18,274,116,119
SUPER_2,2740000,215,10,15,240,103,112
SUPER_2,2750000,208,16,17,241,112,96
SUPER_2,2760000,380,31,32,443,200,180
SUPER_2,2770000,248,31,20,299,127,121
SUPER_2,2780000,243,21,24,288,121,122
SUPER_2,2790000,323,25,25,373,146,177
SUPER_2,2800000,262,25,32,319,136,126
SUPER_2,2810000,198,19,20,237,98,100
SUPER_2,2820000,259,20,18,297,135,124
SUPER_2,2830000,322,33,28,383,155,167
SUPER_2,2840000,211,15,19,245,97,114
SUPER_2,2850000,209,22,20,251,109,100
SUPER_2,2860000,299,33,26,358,147,152
SUPER_2,2870000,271,14,27,312,130,141
SUPER_2,2880000,312,37,34,383,144,168
SUPER_2,2890000,264,26,18,308,131,133
SUPER_2,2900000,302,24,24,350,135,167
SUPER_2,2910000,269,35,21,325,120,149
SUPER_2,2920000,97,5,8,110,47,50
SUPER_2,2930000,311,41,27,379,150,161
SUPER_2,2940000,220,22,26,268,118,102
SUPER_2,2950000,424,42,35,501,196,228
SUPER_2,2960000,216,21,24,261,99,117
SUPER_2,2970000,170,21,13,204,79,91
SUPER_2,2980000,219,35,22,276,102,117
SUPER_2,2990000,315,28,26,369,140,175
SUPER_2,3000000,162,14,16,192,96,66
SUPER_2,3010000,295,24,37,356,150,145
SUPER_2,3020000,100,17,12,129,52,48
SUPER_2,3030000,273,24,25,322,139,134
SUPER_2,3040000,317,30,27,374,145,172
SUPER_2,3050000,236,21,28,285,105,131
SUPER_2,3060000,283,18,23,324,138,145
SUPER_2,3070000,11,0,1,12,6,5
SUPER_2,3080000,244,17,17,278,114,130
SUPER_2,3090000,180,17,12,209,88,92
SUPER_2,3100000,272,30,24,326,115,157
SUPER_2,3110000,356,37,34,427,168,188
SUPER_2,3120000,146,17,11,174,73,73
SUPER_2,3130000,358,29,32,419,164,194
SUPER_2,3140000,247,24,21,292,123,124
SUPER_2,3150000,296,24,23,343,144,152
SUPER_2,3160000,300,22,36,358,158,142
SUPER_2,3170000,247,28,24,299,125,122
SUPER_2,3180000,358,42,30,430,180,178
SUPER_2,3190000,291,27,29,347,140,151
SUPER_2,3200000,278,27,30,335,137,141
SUPER_2,3210000,342,25,41,408,140,202
SUPER_2,3220000,205,19,22,246,106,99
SUPER_2,3230000,246,21,24,291,116,130
SUPER_2,3240000,259,21,29,309,127,132
SUPER_2,3250000,256,27,13,296,114,142
SUPER_2,3260000,159,20,13,192,74,85
SUPER_2,3270000,70,9,8,87,28,42
SUPER_2,3280000,0,0,0,0,0,0
SUPER_2,3290000,0,0,0,0,0,0
SUPER_2,3300000,0,0,0,0,0,0
SUPER_2,3310000,104,11,10,125,47,57
SUPER_2,3320000,155,15,17,187,82,73
SUPER_2,3330000,256,32,28,316,129,127
SUPER_2,3340000,236,33,25,294,113,123
SUPER_2,3350000,203,23,22,248,110,93
SUPER_2,3360000,96,8,13,117,48,48
SUPER_2,3370000,190,24,18,232,94,96
SUPER_2,3380000,172,20,16,208,76,96
SUPER_2,3390000,112,6,6,124,57,55
SUPER_2,3400000,178,9,14,201,76,102
SUPER_2,3410000,138,7,9,154,69,69
SUPER_2,3420000,211,21,16,248,94,117
SUPER_2,3430000,288,35,37,360,135,153
SUPER_2,3440000,210,22,25,257,113,97
SUPER_2,3450000,336,24,22,382,166,170
SUPER_2,3460000,298,22,26,346,148,150
SUPER_2,3470000,266,26,35,327,122,144
SUPER_2,3480000,64,5,10,79,35,29
SUPER_2,3490000,277,28,31,336,134,143
SUPER_2,3500000,201,22,21,244,103,98
SUPER_2,3510000,170,8,12,190,81,89
SUPER_2,3520000,176,18,18,212,82,94
SUPER_2,3530000,111,8,13,132,57,54
SUPER_2,3540000,241,34,23,298,114,127
SUPER_2,3550000,168,16,22,206,88,80
SUPER_2,3560000,149,15,16,180,83,66
SUPER_2,3570000,124,17,15,156,70,54
SUPER_2,3580000,106,11,11,128,51,55
SUPER_2,3590000,194,16,21,231,90,104
SUPER_2,3600000,336,31,30,397,159,177
SUPER_2,3610000,237,22,20,279,122,115
SUPER_2,3620000,195,16,20,231,85,110
SUPER_2,3630000,256,35,18,309,120,136
SUPER_2,3640000,155,13,13,181,72,83
SUPER_2,3650000,131,14,7,152,58,73
SUPER_2,3660000,382,37,39,458,182,200
SUPER_2,3670000,134,19,9,162,71,63
SUPER_2,3680000,246,21,25,292,118,128
SUPER_2,3690000,310,27,19,356,147,163
SUPER_2,3700000,237,25,22,284,99,138
SUPER_2,3710000,194,23,19,236,84,110
SUPER_2,3720000,160,17,14,191,69,91
SUPER_2,3730000,112,7,9,128,50,62
SUPER_2,3740000,290,26,21,337,153,137
SUPER_2,3750000,225,32,23,280,95,130
SUPER_2,3760000,225,25,12,262,130,95
SUPER_2,3770000,249,23,29,301,112,137
SUPER_2,3780000,218,14,20,252,99,119
SUPER_2,3790000,272,34,31,337,138,134
SUPER_2,3800000,331,31,23,385,164,167
SUPER_2,3810000,339,32,34,405,171,168
SUPER_2,3820000,253,24,16,293,115,138
SUPER_2,3830000,159,21,22,202,80,79
SUPER_2,3840000,262,21,28,311,116,146
SUPER_2,3850000,235,20,17,272,136,99
SUPER_2,3860000,200,29,17,246,100,100
SUPER_2,3870000,100,9,12,121,46,54
SUPER_2,3880000,187,14,12,213,80,107
SUPER_2,3890000,213,16,24,253,99,114
SUPER_2,3900000,291,31,24,346,153,138
SUPER_2,3910000,245,29,26,300,120,125
SUPER_2,3920000,300,37,25,362,150,150
SUPER_2,3930000,248,33,24,305,107,141
SUPER_2,3940000,248,22,17,287,127,121
SUPER_2,3950000,251,31,34,316,116,135
SUPER_2,3960000,210,22,20,252,98,112
SUPER_2,3970000,92,13,11,116,42,50
SUPER_2,3980000,262,25,18,305,132,130
SUPER_2,3990000,298,34,26,358,156,142
SUPER_2,4000000,244,17,24,285,127,117
SUPER_2,4010000,336,37,38,411,167,169
SUPER_2,4020000,270,27,24,321,132,138
SUPER_2,4030000,246,16,19,281,134,112
SUPER_2,4040000,289,25,23,337,153,136
SUPER_2,4050000,278,28,29,335,131,147
SUPER_2,4060000,248,28,32,308,130,118
SUPER_2,4070000,298,31,22,351,143,155
SUPER_2,4080000,300,17,30,347,138,162
SUPER_2,4090000,319,33,27,379,165,154
SUPER_2,4100000,202,26,19,247,88,114
SUPER_2,4110000,231,23,25,279,104,127
SUPER_2,4120000,370,39,37,446,148,222
SUPER_2,4130000,270,23,31,324,133,137
SUPER_2,4140000,91,12,6,109,46,45
SUPER_2,4150000,263,17,24,304,126,137
SUPER_2,4160000,205,26,17,248,97,108
SUPER_2,4170000,294,28,20,342,160,134
SUPER_2,4180000,256,32,26,314,110,146
SUPER_2,4190000,290,21,27,338,144,146
SUPER_2,4200000,286,31,21,338,143,143
SUPER_2,4210000,332,27,25,384,180,152
SUPER_2,4220000,323,24,31,378,158,165
SUPER_2,4230000,212,22,23,257,112,100
SUPER_2,4240000,416,42,31,489,189,227
SUPER_2,4250000,298,29,25,352,145,153
SUPER_2,4260000,173,22,21,216,83,90
SUPER_2,4270000,278,25,39,342,130,148
SUPER_2,4280000,262,25,26,313,130,132
SUPER_2,4290000,211,15,20,246,120,91
SUPER_2,4300000,205,26,17,248,91,114
SUPER_2,4310000,82,3,9,94,53,29
SUPER_2,4320000,152,10,15,177,76,76
SUPER_2,4330000,289,37,25,351,131,158
SUPER_2,4340000,0,0,0,0,0,0
SUPER_2,4350000,0,0,0,0,0,0
SUPER_2,4360000,297,24,35,356,150,147
SUPER_2,4370000,351,35,31,417,158,193
SUPER_2,4380000,288,22,22,332,148,140
SUPER_2,4390000,292,34,24,350,134,158
SUPER_2,4400000,235,14,10,259,120,115
SUPER_2,4410000,294,33,26,353,140,154
SUPER_2,4420000,220,22,23,265,105,115
SUPER_2,4430000,272,26,29,327,127,145
SUPER_2,4440000,179,26,21,226,84,95
SUPER_2,4450000,428,36,33,497,211,217
SUPER_2,4460000,366,40,22,428,177,189
SUPER_2,4470000,191,20,13,224,104,87
SUPER_2,4480000,271,25,31,327,139,132
SUPER_2,4490000,85,7,10,102,43,42
SUPER_2,4500000,150,15,13,178,75,75
SUPER_2,4510000,131,16,19,166,72,59
SUPER_2,4520000,256,19,27,302,137,119
SUPER_2,4530000,246,27,26,299,118,128
SUPER_2,4540000,209,19,27,255,84,125
SUPER_2,4550000,140,11,9,160,73,67
SUPER_2,4560000,231,31,21,283,94,137
SUPER_2,4570000,316,32,44,392,148,168
SUPER_2,4580000,320,39,28,387,161,159
SUPER_2,4590000,272,21,33,326,121,151
SUPER_2,4600000,259,25,29,313,113,146
SUPER_2,4610000,216,23,26,265,99,117
SUPER_2,4620000,46,8,8,62,16,30
SUPER_2,4630000,260,25,25,310,145,115
SUPER_2,4640000,344,32,36,412,159,185
SUPER_2,4650000,276,19,30,325,122,154
SUPER_2,4660000,126,12,12,150,61,65
SUPER_2,4670000,365,32,36,433,190,175
SUPER_2,4680000,346,27,43,416,173,173
SUPER_2,4690000,202,24,17,243,89,113
SUPER_2,4700000,257,24,16,297,128,129
SUPER_2,4710000,397,37,36,470,183,214
SUPER_2,4720000,341,24,34,399,175,166
SUPER_2,4730000,157,10,16,183,87,70
SUPER_2,4740000,299,36,30,365,139,160
SUPER_2,4750000,365,36,41,442,180,185
SUPER_2,4760000,271,29,34,334,140,131
SUPER_2,4770000,0,0,0,0,0,0
SUPER_2,4780000,0,0,0,0,0,0
SUPER_2,4790000,0,0,0,0,0,0
SUPER_2,4800000,0,0,0,0,0,0
SUPER_2,4810000,538,46,51,635,275,263
SUPER_2,4820000,391,32,50,473,176,215
SUPER_2,4830000,148,18,10,176,81,67
SUPER_2,4840000,206,23,12,241,109,97
SUPER_2,4850000,181,14,15,210,91,90
SUPER_2,4860000,169,16,21,206,85,84
SUPER_2,4870000,172,13,15,200,92,80
SUPER_2,4880000,274,32,37,343,135,139
SUPER_2,4890000,180,13,21,214,95,85
SUPER_2,4900000,158,17,18,193,81,77
SUPER_2,4910000,267,26,33,326,125,142
SUPER_2,4920000,310,30,15,355,135,175
SUPER_2,4930000,219,16,20,255,115,104
SUPER_2,4940000,304,29,23,356,151,153
SUPER_2,4950000,235,24,23,282,111,124
SUPER_2,4960000,183,17,16,216,88,95
SUPER_2,4970000,235,30,26,291,122,113
SUPER_2,4980000,267,17,33,317,124,143
SUPER_2,4990000,358,38,28,424,172,186
SUPER_2,5000000,296,40,42,378,138,158
SUPER_2,5010000,271,32,27,330,125,146
SUPER_2,5020000,256,26,37,319,126,130
SUPER_2,5030000,238,21,20,279,129,109
SUPER_2,5040000,323,43,24,390,162,161
SUPER_2,5050000,323,28,27,378,165,158
SUPER_2,5060000,197,15,16,228,110,87
SUPER_2,5070000,256,14,24,294,115,141
SUPER_2,5080000,118,7,7,132,69,49
SUPER_2,5090000,379,36,42,457,168,211
SUPER_2,5100000,353,30,32,415,175,178
SUPER_2,5110000,370,40,34,444,169,201
SUPER_2,5120000,305,23,31,359,146,159
SUPER_2,5130000,102,5,5,112,46,56
SUPER_2,5140000,181,16,16,213,86,95
SUPER_2,5150000,122,15,12,149,59,63
SUPER_2,5160000,146,17,11,174,84,62
SUPER_2,5170000,146,8,11,165,83,63
SUPER_2,5180000,237,15,21,273,112,125
SUPER_2,5190000,133,13,9,155,61,72
SUPER_2,5200000,177,20,22,219,72,105
SUPER_2,5210000,181,20,17,218,81,100
SUPER_2,5220000,273,25,28,326,131,142
SUPER_2,5230000,157,15,21,193,65,92
SUPER_2,5240000,115,13,10,138,59,56
SUPER_2,5250000,297,27,30,354,150,147
SUPER_2,5260000,194,29,14,237,94,100
SUPER_2,5270000,387,39,43,469,189,198
SUPER_2,5280000,235,28,31,294,124,111
SUPER_2,5290000,201,21,17,239,97,104
SUPER_2,5300000,406,45,49,500,201,205
SUPER_2,5310000,158,15,17,190,81,77
SUPER_2,5320000,271,30,24,325,123,148
SUPER_2,5330000,330,21,26,377,157,173
SUPER_2,5340000,276,25,28,329,122,154
SUPER_2,5350000,281,27,33,341,144,137
SUPER_2,5360000,419,29,38,486,223,196
SUPER_2,5370000,245,14,31,290,97,148
SUPER_2,5380000,293,30,35,358,148,145
SUPER_2,5390000,297,21,26,344,128,169
SUPER_2,5400000,359,25,36,420,156,203
SUPER_2,5410000,343,25,28,396,173,170
SUPER_2,5420000,267,29,26,322,126,141
SUPER_2,5430000,295,28,35,358,138,157
SUPER_2,5440000,193,14,24,231,95,98
SUPER_2,5450000,223,25,22,270,121,102
SUPER_2,5460000,153,20,7,180,84,69
SUPER_2,5470000,129,6,19,154,54,75
SUPER_2,5480000,157,13,14,184,73,84
SUPER_2,5490000,153,13,13,179,74,79
SUPER_2,5500000,296,33,35,364,124,172
SUPER_2,5510000,268,22,18,308,126,142
SUPER_2,5520000,264,36,24,324,123,141
SUPER_2,5530000,204,27,10,241,95,109
SUPER_2,5540000,224,20,20,264,104,120
SUPER_2,5550000,154,17,10,181,70,84
SUPER_2,5560000,140,12,9,161,72,68
SUPER_2,5570000,274,21,29,324,134,140
SUPER_2,5580000,164,16,18,198,73,91
SUPER_2,5590000,186,24,25,235,91,95
SUPER_2,5600000,211,27,16,254,117,94
SUPER_2,5610000,210,14,20,244,105,105
SUPER_2,5620000,256,29,30,315,116,140
SUPER_2,5630000,322,28,35,385,160,162
SUPER_2,5640000,270,34,27,331,151,119
SUPER_2,5650000,375,49,28,452,178,197
SUPER_2,5660000,349,46,35,430,171,178
SUPER_2,5670000,283,30,25,338,129,154
SUPER_2,5680000,363,40,31,434,166,197
SUPER_2,5690000,320,31,28,379,167,153
SUPER_2,5700000,268,24,19,311,140,128
SUPER_2,5710000,325,35,27,387,153,172
SUPER_2,5720000,362,32,29,423,173,189
SUPER_2,5730000,76,11,6,93,34,42
SUPER_2,5740000,70,6,7,83,38,32
SUPER_2,5750000,138,11,21,170,85,53
SUPER_2,5760000,210,34,20,264,101,109
SUPER_2,5770000,164,22,19,205,82,82
SUPER_2,5780000,191,15,27,233,100,91
SUPER_2,5790000,278,27,21,326,128,150
SUPER_2,5800000,140,10,15,165,65,75
SUPER_2,5810000,264,34,25,323,134,130
SUPER_2,5820000,283,30,21,334,134,149
SUPER_2,5830000,270,33,22,325,134,136
SUPER_2,5840000,231,19,20,270,106,125
SUPER_2,5850000,368,31,40,439,169,199
SUPER_2,5860000,308,21,26,355,138,170
SUPER_2,5870000,277,39,24,340,137,140
SUPER_2,5880000,162,18,16,196,88,74
SUPER_2,5890000,240,27,24,291,117,123
SUPER_2,5900000,303,33,39,375,129,174
SUPER_2,5910000,278,25,30,333,127,151
SUPER_2,5920000,252,33,16,301,125,127
SUPER_2,5930000,268,23,32,323,133,135
SUPER_2,5940000,197,17,21,235,93,104
SUPER_2,5950000,315,28,25,368,161,154
SUPER_2,5960000,143,18,11,172,68,75
SUPER_2,5970000,220,15,18,253,97,123
SUPER_2,5980000,212,18,16,246,115,97
SUPER_2,5990000,341,35,27,403,148,193
SUPER_2,6000000,321,23,22,366,145,176
SUPER_2,6010000,277,20,27,324,137,140
SUPER_2,6020000,322,34,37,393,159,163
SUPER_2,6030000,253,28,27,308,110,143
SUPER_2,6040000,235,17,23,275,105,130
SUPER_2,6050000,259,16,20,295,122,137
SUPER_2,6060000,298,33,30,361,158,140
SUPER_2,6070000,340,33,13,386,169,171
SUPER_2,6080000,273,26,31,330,148,125
SUPER_2,6090000,325,23,28,376,157,168
SUPER_2,6100000,85,9,5,99,40,45
SUPER_2,6110000,205,13,22,240,98,107
SUPER_2,6120000,351,26,30,407,180,171
SUPER_2,6130000,266,16,25,307,134,132
SUPER_2,6140000,274,39,25,338,128,146
SUPER_2,6150000,62,13,4,79,31,31
SUPER_2,6160000,290,28,26,344,140,150
SUPER_2,6170000,347,44,30,421,173,174
SUPER_2,6180000,299,34,28,361,134,165
SUPER_2,6190000,221,17,26,264,111,110
SUPER_2,6200000,369,39,35,443,171,198
SUPER_2,6210000,327,32,22,381,171,156
SUPER_2,6220000,328,36,33,397,166,162
SUPER_2,6230000,290,38,28,356,129,161
SUPER_2,6240000,248,12,19,279,127,121
SUPER_2,6250000,246,27,18,291,146,100
SUPER_2,6260000,254,21,24,299,122,132
SUPER_2,6270000,232,36,10,278,96,136
SUPER_2,6280000,319,35,24,378,167,152
SUPER_2,6290000,346,30,29,405,162,184
SUPER_2,6300000,317,34,21,372,148,169
SUPER_2,6310000,258,21,23,302,127,131
SUPER_2,6320000,202,25,20,247,99,103
SUPER_2,6330000,113,12,14,139,53,60
SUPER_2,6340000,141,15,14,170,73,68
SUPER_2,6350000,156,10,16,182,84,72
SUPER_2,6360000,207,22,17,246,86,121
SUPER_2,6370000,203,20,17,240,86,117
SUPER_2,6380000,216,23,21,260,104,112
SUPER_2,6390000,98,8,6,112,39,59
SUPER_2,6400000,240,21,23,284,117,123
SUPER_2,6410000,185,25,13,223,88,97
SUPER_2,6420000,223,23,23,269,103,120
SUPER_2,6430000,232,25,24,281,111,121
SUPER_2,6440000,129,17,16,162,63,66
SUPER_2,6450000,128,14,16,158,73,55
SUPER_2,6460000,116,12,9,137,59,57
SUPER_2,6470000,155,15,12,182,81,74
SUPER_2,6480000,170,12,19,201,81,89
SUPER_2,6490000,173,23,17,213,76,97
SUPER_2,6500000,159,19,16,194,69,90
SUPER_2,6510000,187,18,17,222,105,82
SUPER_2,6520000,167,19,18,204,88,79
SUPER_2,6530000,166,11,21,198,84,82
SUPER_2,6540000,169,22,19,210,76,93
SUPER_2,6550000,3,0,0,3,2,1
SUPER_2,6560000,0,0,0,0,0,0
SUPER_2,6570000,0,0,0,0,0,0
SUPER_2,6580000,1,2,0,3,0,1
SUPER_2,6590000,2,0,0,2,1,1
SUPER_2,6600000,0,1,0,1,0,0
SUPER_2,6610000,0,0,0,0,0,0
SUPER_2,6620000,0,0,0,0,0,0
SUPER_2,6630000,0,0,0,0,0,0
SUPER_2,6640000,0,0,0,0,0,0
SUPER_2,6650000,0,0,0,0,0,0
SUPER_2,6660000,2,2,1,5,0,2
SUPER_2,6670000,2,1,0,3,2,0
SUPER_2,6680000,49,2,5,56,23,26
SUPER_2,6690000,217,21,25,263,110,107
SUPER_2,6700000,205,17,17,239,98,107
SUPER_2,6710000,127,18,15,160,60,67
SUPER_2,6720000,204,22,26,252,94,110
SUPER_2,6730000,259,23,32,314,127,132
SUPER_2,6740000,228,34,21,283,112,116
SUPER_2,6750000,234,19,21,274,123,111
SUPER_2,6760000,99,7,6,112,43,56
SUPER_2,6770000,124,10,8,142,59,65
SUPER_2,6780000,379,40,29,448,179,200
SUPER_2,6790000,246,19,29,294,127,119
SUPER_2,6800000,268,39,16,323,132,136
SUPER_2,6810000,312,22,29,363,147,165
SUPER_2,6820000,262,21,25,308,121,141
SUPER_2,6830000,193,19,28,240,100,93
SUPER_2,6840000,189,23,21,233,82,107
SUPER_2,6850000,262,28,25,315,129,133
SUPER_2,6860000,3,0,0,3,2,1
SUPER_2,6870000,9,0,1,10,5,4
SUPER_2,6880000,242,19,24,285,120,122
SUPER_2,6890000,127,10,9,146,70,57
SUPER_2,6900000,201,21,25,247,106,95
SUPER_2,6910000,297,32,20,349,149,148
SUPER_2,6920000,247,15,26,288,118,129
SUPER_2,6930000,204,28,20,252,94,110
SUPER_2,6940000,320,33,40,393,167,153
SUPER_2,6950000,270,30,29,329,118,152
SUPER_2,6960000,311,37,27,375,148,163
SUPER_2,6970000,110,11,12,133,47,63
SUPER_2,6980000,254,24,28,306,135,119
SUPER_2,6990000,100,10,18,128,48,52
SUPER_2,7000000,159,20,13,192,73,86
SUPER_2,7010000,185,24,15,224,89,96
SUPER_2,7020000,177,17,16,210,77,100
SUPER_2,7030000,148,12,14,174,74,74
SUPER_2,7040000,177,20,18,215,86,91
SUPER_2,7050000,161,20,19,200,78,83
SUPER_2,7060000,216,23,21,260,101,115
SUPER_2,7070000,157,15,12,184,73,84
SUPER_2,7080000,179,16,20,215,80,99
SUPER_2,7090000,159,27,24,210,78,81
SUPER_2,7100000,172,24,17,213,77,95
SUPER_2,7110000,133,22,16,171,59,74
SUPER_2,7120000,158,16,18,192,81,77
SUPER_2,7130000,229,24,11,264,106,123
SUPER_2,7140000,258,12,32,302,130,128
SUPER_2,7150000,122,12,20,154,57,65
SUPER_2,7160000,47,6,8,61,31,16
SUPER_2,7170000,84,7,4,95,35,49
SUPER_2,7180000,143,14,19,176,66,77
SUPER_2,7190000,266,33,23,322,134,132
SUPER_2,7200000,126,12,13,151,57,69
SUPER_2,7210000,2,0,0,2,0,2
SUPER_2,7220000,1,1,0,2,0,1
SUPER_2,7230000,185,18,20,223,87,98
SUPER_2,7240000,262,21,27,310,140,122
SUPER_2,7250000,240,22,23,285,110,130
SUPER_2,7260000,203,25,17,245,96,107
SUPER_2,7270000,209,21,19,249,109,100
SUPER_2,7280000,242,23,25,290,121,121
SUPER_2,7290000,131,19,11,161,58,73
SUPER_2,7300000,157,23,13,193,71,86
SUPER_2,7310000,183,24,23,230,95,88
SUPER_2,7320000,196,13,32,241,83,113
SUPER_2,7330000,260,26,21,307,112,148
SUPER_2,7340000,307,18,26,351,159,148
SUPER_2,7350000,272,19,26,317,123,149
SUPER_2,7360000,184,17,25,226,92,92
SUPER_2,7370000,166,8,11,185,81,85
SUPER_2,7380000,187,13,17,217,96,91
SUPER_2,7390000,167,9,9,185,79,88
SUPER_2,7400000,120,8,11,139,50,70
SUPER_2,7410000,157,19,15,191,76,81
SUPER_2,7420000,121,15,16,152,61,60
SUPER_2,7430000,142,15,13,170,67,75
SUPER_2,7440000,134,8,13,155,65,69
SUPER_2,7450000,171,24,19,214,72,99
SUPER_2,7460000,204,18,20,242,104,100
SUPER_2,7470000,152,16,13,181,70,82
SUPER_2,7480000,238,27,14,279,128,110
SUPER_2,7490000,176,17,14,207,97,79
SUPER_2,7500000,282,14,32,328,149,133
SUPER_2,7510000,116,17,14,147,61,55
SUPER_2,7520000,70,10,4,84,30,40
SUPER_2,7530000,85,8,10,103,43,42
SUPER_2,7540000,68,7,6,81,38,30
SUPER_2,7550000,132,15,10,157,64,68
SUPER_2,7560000,104,11,12,127,45,59
SUPER_2,7570000,235,25,16,276,106,129
SUPER_2,7580000,155,20,15,190,60,95
SUPER_2,7590000,158,16,15,189,86,72
SUPER_2,7600000,80,12,7,99,34,46
SUPER_2,7610000,128,13,9,150,69,59
SUPER_2,7620000,75,7,11,93,32,43
SUPER_2,7630000,128,14,17,159,50,78
SUPER_2,7640000,75,10,8,93,38,37
SUPER_2,7650000,57,5,8,70,26,31
SUPER_2,7660000,54,4,8,66,23,31
SUPER_2,7670000,6,1,1,8,2,4
SUPER_2,7680000,114,10,7,131,52,62
SUPER_2,7690000,91,13,5,109,49,42
SUPER_2,7700000,91,5,10,106,48,43
SUPER_2,7710000,179,10,22,211,98,81
SUPER_2,7720000,95,17,6,118,42,53
SUPER_2,7730000,72,9,10,91,38,34
SUPER_2,7740000,129,11,11,151,67,62
SUPER_2,7750000,124,18,16,158,60,64
SUPER_2,7760000,87,8,11,106,45,42
SUPER_2,7770000,92,19,9,120,51,41
SUPER_2,7780000,112,10,8,130,51,61
SUPER_2,7790000,147,17,14,178,74,73
SUPER_2,7800000,182,23,21,226,81,101
SUPER_2,7810000,184,15,16,215,97,87
SUPER_2,7820000,57,5,6,68,26,31
SUPER_2,7830000,8,0,0,8,5,3
SUPER_2,7840000,128,20,18,166,68,60
SUPER_2,7850000,118,7,7,132,53,65
SUPER_2,7860000,131,7,9,147,67,64
SUPER_2,7870000,144,17,11,172,68,76
SUPER_2,7880000,151,9,18,178,63,88
SUPER_2,7890000,222,19,20,261,121,101
SUPER_2,7900000,166,22,13,201,81,85
SUPER_2,7910000,241,29,22,292,116,125
SUPER_2,7920000,148,21,22,191,77,71
SUPER_2,7930000,313,36,23,372,150,163
SUPER_2,7940000,208,17,15,240,103,105
SUPER_2,7950000,181,16,21,218,94,87
SUPER_2,7960000,192,22,23,237,96,96
SUPER_2,7970000,195,17,20,232,95,100
SUPER_2,7980000,138,17,12,167,61,77
SUPER_2,7990000,240,23,22,285,111,129
SUPER_2,8000000,208,15,23,246,92,116
SUPER_2,8010000,306,35,32,373,141,165
SUPER_2,8020000,208,12,18,238,100,108
SUPER_2,8030000,207,20,18,245,103,104
SUPER_2,8040000,124,18,12,154,57,67
SUPER_2,8050000,89,10,10,109,48,41
SUPER_2,8060000,117,5,11,133,55,62
SUPER_2,8070000,95,12,13,120,43,52
SUPER_2,8080000,275,25,41,341,117,158
SUPER_2,8090000,239,34,19,292,109,130
SUPER_2,8100000,213,30,13,256,104,109
SUPER_2,8110000,263,29,29,321,140,123
SUPER_2,8120000,168,19,17,204,79,89
SUPER_2,8130000,222,19,26,267,116,106
SUPER_2,8140000,223,31,22,276,104,119
SUPER_2,8150000,57,9,5,71,25,32
SUPER_2,8160000,76,10,4,90,36,40
SUPER_2,8170000,67,6,4,77,31,36
SUPER_2,8180000,234,24,21,279,119,115
SUPER_2,8190000,221,27,29,277,102,119
SUPER_2,8200000,363,48,31,442,179,184
SUPER_2,8210000,257,24,24,305,137,120
SUPER_2,8220000,223,23,23,269,105,118
SUPER_2,8230000,262,30,21,313,123,139
SUPER_2,8240000,159,19,22,200,70,89
SUPER_2,8250000,120,14,11,145,63,57
SUPER_2,8260000,208,18,26,252,101,107
SUPER_2,8270000,243,15,17,275,133,110
SUPER_2,8280000,274,23,26,323,137,137
SUPER_2,8290000,98,15,10,123,50,48
SUPER_2,8300000,137,8,14,159,59,78
SUPER_2,8310000,183,16,16,215,83,100
SUPER_2,8320000,141,19,17,177,67,74
SUPER_2,8330000,175,20,18,213,75,100
SUPER_2,8340000,130,8,6,144,73,57
SUPER_2,8350000,163,17,14,194,95,68
SUPER_2,8360000,152,12,19,183,70,82
SUPER_2,8370000,215,23,12,250,115,100
SUPER_2,8380000,191,22,23,236,100,91
SUPER_2,8390000,174,18,17,209,80,94
SUPER_2,8400000,200,21,15,236,79,121
SUPER_2,8410000,189,15,8,212,104,85
SUPER_2,8420000,233,26,26,285,117,116
SUPER_2,8430000,188,15,20,223,90,98
SUPER_2,8440000,185,16,12,213,99,86
SUPER_2,8450000,247,24,26,297,105,142
SUPER_2,8460000,184,17,17,218,99,85
SUPER_2,8470000,239,21,15,275,119,120
SUPER_2,8480000,63,1,7,71,32,31
SUPER_2,8490000,181,22,17,220,83,98
SUPER_2,8500000,105,12,19,136,45,60
SUPER_2,8510000,228,26,22,276,103,125
SUPER_2,8520000,172,15,19,206,77,95
SUPER_2,8530000,172,14,20,206,90,82
SUPER_2,8540000,111,11,17,139,49,62
SUPER_2,8550000,76,5,9,90,29,47
SUPER_2,8560000,194,18,22,234,105,89
SUPER_2,8570000,268,15,28,311,129,139
SUPER_2,8580000,196,18,21,235,103,93
SUPER_2,8590000,202,15,14,231,105,97
SUPER_2,8600000,227,24,18,269,113,114
SUPER_2,8610000,212,22,11,245,126,86
SUPER_2,8620000,203,19,18,240,96,107
SUPER_2,8630000,128,13,15,156,69,59
SUPER_2,8640000,190,12,16,218,104,86
SUPER_2,8650000,185,17,17,219,87,98
SUPER_2,8660000,219,16,18,253,105,114
SUPER_2,8670000,211,26,17,254,101,110
SUPER_2,8680000,193,21,14,228,93,100
SUPER_2,8690000,211,17,25,253,114,97
SUPER_2,8700000,218,15,24,257,102,116
SUPER_2,8710000,202,18,10,230,99,103
SUPER_2,8720000,250,18,23,291,117,133
SUPER_2,8730000,266,14,26,306,140,126
SUPER_2,8740000,173,12,10,195,93,80
SUPER_2,8750000,78,11,5,94,39,39
SUPER_2,8760000,107,15,6,128,52,55
SUPER_2,8770000,175,18,20,213,89,86
SUPER_2,8780000,201,21,16,238,103,98
SUPER_2,8790000,176,16,13,205,83,93
SUPER_2,8800000,204,21,16,241,100,104
SUPER_2,8810000,229,25,22,276,108,121
SUPER_2,8820000,340,32,33,405,155,185
SUPER_2,8830000,245,40,18,303,136,109
SUPER_2,8840000,165,15,18,198,91,74
SUPER_2,8850000,40,5,8,53,24,16
SUPER_2,8860000,200,14,17,231,100,100
SUPER_2,8870000,190,16,18,224,92,98
SUPER_2,8880000,269,27,15,311,130,139
SUPER_2,8890000,281,29,17,327,143,138
SUPER_2,8900000,217,20,17,254,110,107
SUPER_2,8910000,271,20,26,317,133,138
SUPER_2,8920000,240,22,19,281,107,133
SUPER_2,8930000,249,22,27,298,128,121
SUPER_2,8940000,277,29,25,331,135,142
SUPER_2,8950000,77,5,3,85,39,38
SUPER_2,8960000,311,24,28,363,138,173
SUPER_2,8970000,342,39,28,409,183,159
SUPER_2,8980000,112,5,8,125,61,51
SUPER_2,8990000,285,29,23,337,141,144
SUPER_2,9000000,296,23,26,345,140,156
SUPER_2,9010000,278,24,21,323,119,159
SUPER_2,9020000,239,29,25,293,118,121
SUPER_2,9030000,20,4,4,28,8,12
SUPER_2,9040000,242,30,24,296,128,114
SUPER_2,9050000,267,23,23,313,132,135
SUPER_2,9060000,284,30,24,338,149,135
SUPER_2,9070000,219,28,14,261,96,123
SUPER_2,9080000,247,25,32,304,122,125
SUPER_2,9090000,166,17,10,193,97,69
SUPER_2,9100000,163,18,9,190,80,83
SUPER_2,9110000,197,18,16,231,98,99
SUPER_2,9120000,197,7,22,226,99,98
SUPER_2,9130000,304,23,17,344,159,145
SUPER_2,9140000,305,24,25,354,146,159
SUPER_2,9150000,301,32,31,364,156,145
SUPER_2,9160000,326,24,19,369,156,170
SUPER_2,9170000,96,7,4,107,53,43
SUPER_2,9180000,161,10,17,188,83,78
SUPER_2,9190000,161,20,12,193,78,83
SUPER_2,9200000,291,31,23,345,140,151
SUPER_2,9210000,266,22,33,321,135,131
SUPER_2,9220000,216,22,23,261,112,104
SUPER_2,9230000,198,18,23,239,82,116
SUPER_2,9240000,165,17,19,201,69,96
SUPER_2,9250000,113,13,12,138,59,54
SUPER_2,9260000,203,26,25,254,103,100
SUPER_2,9270000,186,17,16,219,83,103
SUPER_2,9280000,164,16,11,191,84,80
SUPER_2,9290000,48,5,3,56,30,18
SUPER_2,9300000,52,8,9,69,25,27
SUPER_2,9310000,42,3,2,47,24,18
SUPER_2,9320000,30,5,3,38,13,17
SUPER_2,9330000,187,23,10,220,107,80
SUPER_2,9340000,44,4,3,51,20,24
SUPER_2,9350000,142,12,13,167,71,71
SUPER_2,9360000,109,16,14,139,48,61
SUPER_2,9370000,94,6,12,112,48,46
SUPER_2,9380000,170,22,15,207,85,85
SUPER_2,9390000,152,10,14,176,65,87
SUPER_2,9400000,0,0,0,0,0,0
SUPER_2,9410000,0,0,0,0,0,0
SUPER_2,9420000,0,0,0,0,0,0
SUPER_2,9430000,79,4,10,93,37,42
SUPER_2,9440000,165,19,19,203,84,81
SUPER_2,9450000,99,7,13,119,45,54
SUPER_2,9460000,180,15,19,214,96,84
SUPER_2,9470000,118,18,12,148,58,60
SUPER_2,9480000,101,15,9,125,48,53
SUPER_2,9490000,200,21,26,247,103,97
SUPER_2,9500000,255,26,27,308,115,140
SUPER_2,9510000,238,24,19,281,103,135
SUPER_2,9520000,296,25,23,344,140,156
SUPER_2,9530000,241,38,25,304,125,116
SUPER_2,9540000,285,32,23,340,153,132
SUPER_2,9550000,145,12,9,166,76,69
SUPER_2,9560000,247,21,25,293,114,133
SUPER_2,9570000,209,27,21,257,116,93
SUPER_2,9580000,223,22,23,268,102,121
SUPER_2,9590000,235,26,24,285,111,124
SUPER_2,9600000,345,30,29,404,144,201
SUPER_2,9610000,163,17,15,195,88,75
SUPER_2,9620000,101,12,10,123,55,46
SUPER_2,9630000,119,10,9,138,63,56
SUPER_2,9640000,69,4,7,80,31,38
SUPER_2,9650000,84,8,6,98,40,44
SUPER_2,9660000,45,6,4,55,19,26
SUPER_2,9670000,105,14,12,131,50,55
SUPER_2,9680000,114,9,11,134,52,62
SUPER_2,9690000,213,27,19,259,104,109
SUPER_2,9700000,153,18,16,187,82,71
SUPER_2,9710000,172,15,11,198,86,86
SUPER_2,9720000,113,15,9,137,55,58
SUPER_2,9730000,75,11,5,91,42,33
SUPER_2,9740000,146,17,10,173,75,71
SUPER_2,9750000,236,35,12,283,115,121
SUPER_2,9760000,174,20,18,212,85,89
SUPER_2,9770000,185,12,17,214,93,92
SUPER_2,9780000,201,25,18,244,100,101
SUPER_2,9790000,248,33,21,302,121,127
SUPER_2,9800000,294,30,46,370,147,147
SUPER_2,9810000,202,22,16,240,73,129
SUPER_2,9820000,245,22,20,287,110,135
SUPER_2,9830000,214,13,13,240,103,111
SUPER_2,9840000,210,18,26,254,108,102
SUPER_2,9850000,203,21,24,248,103,100
SUPER_2,9860000,237,10,18,265,115,122
SUPER_2,9870000,159,20,13,192,88,71
SUPER_2,9880000,0,0,0,0,0,0
SUPER_2,9890000,0,0,0,0,0,0
SUPER_2,9900000,0,0,0,0,0,0
SUPER_2,9910000,0,0,0,0,0,0
SUPER_2,9920000,276,28,24,328,130,146
SUPER_2,9930000,201,11,18,230,98,103
SUPER_2,9940000,277,27,22,326,138,139
SUPER_2,9950000,131,12,15,158,69,62
SUPER_2,9960000,135,11,23,169,72,63
SUPER_2,9970000,56,9,3,68,30,26
SUPER_2,9980000,215,18,13,246,113,102
SUPER_2,9990000,318,26,33,377,159,159
SUPER_2,10000000,208,20,25,253,92,116
SUPER_2,10010000,162,9,21,192,91,71
SUPER_2,10020000,90,10,5,105,54,36
SUPER_2,10030000,282,26,28,336,123,159
SUPER_2,10040000,230,25,17,272,133,97
SUPER_2,10050000,187,13,12,212,85,102
SUPER_2,10060000,133,19,6,158,55,78
SUPER_2,10070000,217,23,27,267,107,110
SUPER_2,10080000,197,18,22,237,92,105
SUPER_2,10090000,197,16,17,230,97,100
SUPER_2,10100000,127,12,13,152,66,61
SUPER_2,10110000,202,28,22,252,108,94
SUPER_2,10120000,291,26,29,346,150,141
SUPER_2,10130000,295,23,27,345,145,150
SUPER_2,10140000,312,34,33,379,151,161
SUPER_2,10150000,65,8,7,80,30,35
SUPER_2,10160000,236,19,19,274,112,124
SUPER_2,10170000,201,30,18,249,95,106
SUPER_2,10180000,292,32,17,341,165,127
SUPER_2,10190000,155,14,9,178,82,73
SUPER_2,10200000,140,15,15,170,74,66
SUPER_2,10210000,152,17,10,179,70,82
SUPER_2,10220000,183,17,12,212,88,95
SUPER_2,10230000,276,33,24,333,139,137
SUPER_2,10240000,170,10,19,199,93,77
SUPER_2,10250000,271,28,28,327,137,134
SUPER_2,10260000,250,26,21,297,133,117
SUPER_2,10270000,283,23,25,331,130,153
SUPER_2,10280000,41,1,6,48,26,15
SUPER_2,10290000,229,22,28,279,119,110
SUPER_2,10300000,226,18,14,258,109,117
SUPER_2,10310000,317,24,28,369,150,167
SUPER_2,10320000,262,23,31,316,110,152
SUPER_2,10330000,116,5,5,126,63,53
SUPER_2,10340000,16,2,4,22,11,5
SUPER_2,10350000,112,11,10,133,69,43
SUPER_2,10360000,141,6,7,154,71,70
SUPER_2,10370000,46,7,6,59,23,23
SUPER_2,10380000,214,17,21,252,100,114
SUPER_2,10390000,125,9,11,145,49,76
SUPER_2,10400000,154,16,15,185,84,70
SUPER_2,10410000,211,20,13,244,109,102
SUPER_2,10420000,134,12,23,169,56,78
SUPER_2,10430000,48,4,3,55,21,27
SUPER_2,10440000,90,10,12,112,47,43
SUPER_2,10450000,244,29,28,301,117,127
SUPER_2,10460000,225,34,24,283,115,110
SUPER_2,10470000,271,29,27,327,160,111
SUPER_2,10480000,187,21,28,236,92,95
SUPER_2,10490000,314,30,21,365,143,171
SUPER_2,10500000,0,0,0,0,0,0
SUPER_2,10510000,0,0,0,0,0,0
SUPER_2,10520000,404,44,40,488,191,213
SUPER_2,10530000,90,16,12,118,40,50
SUPER_2,10540000,1,0,0,1,1,0
SUPER_2,10550000,0,0,1,1,0,0
SUPER_2,10560000,1,0,0,1,1,0
SUPER_2,10570000,103,12,9,124,56,47
SUPER_2,10580000,238,31,28,297,111,127
SUPER_2,10590000,205,22,14,241,96,109
SUPER_2,10600000,271,27,18,316,124,147
SUPER_2,10610000,129,19,9,157,62,67
SUPER_2,10620000,244,18,24,286,114,130
SUPER_2,10630000,242,24,25,291,116,126
SUPER_2,10640000,52,6,1,59,24,28
SUPER_2,10650000,145,15,15,175,66,79
SUPER_2,10660000,354,34,28,416,155,199
SUPER_2,10670000,199,13,25,237,89,110
SUPER_2,10680000,166,20,26,212,79,87
SUPER_2,10690000,223,15,9,247,122,101
SUPER_2,10700000,200,18,14,232,91,109
SUPER_2,10710000,244,30,25,299,116,128
SUPER_2,10720000,212,17,18,247,99,113
SUPER_2,10730000,256,18,26,300,129,127
SUPER_2,10740000,244,22,24,290,124,120
SUPER_2,10750000,74,8,8,90,37,37
SUPER_2,10760000,247,29,22,298,125,122
SUPER_2,10770000,147,15,13,175,78,69
SUPER_2,10780000,213,26,20,259,94,119
SUPER_2,10790000,231,17,22,270,101,130
SUPER_2,10800000,304,31,25,360,138,166
SUPER_2,10810000,264,30,24,318,121,143
SUPER_2,10820000,263,24,33,320,126,137
SUPER_2,10830000,196,25,24,245,90,106
SUPER_2,10840000,350,36,36,422,163,187
SUPER_2,10850000,313,35,31,379,145,168
SUPER_2,10860000,245,24,22,291,106,139
SUPER_2,10870000,274,39,17,330,125,149
SUPER_2,10880000,235,24,13,272,109,126
SUPER_2,10890000,255,39,18,312,125,130
SUPER_2,10900000,257,24,26,307,123,134
SUPER_2,10910000,316,26,34,376,140,176
SUPER_2,10920000,189,11,16,216,111,78
SUPER_2,10930000,204,17,18,239,84,120
SUPER_2,10940000,263,34,31,328,126,137
SUPER_2,10950000,400,32,37,469,191,209
SUPER_2,10960000,222,23,16,261,117,105
SUPER_2,10970000,241,20,14,275,112,129
SUPER_2,10980000,189,15,17,221,104,85
SUPER_2,10990000,145,9,7,161,70,75
SUPER_2,11000000,169,17,24,210,79,90
SUPER_2,11010000,134,9,19,162,75,59
SUPER_2,11020000,124,12,14,150,63,61
SUPER_2,11030000,187,10,10,207,102,85
SUPER_2,11040000,259,26,31,316,125,134
SUPER_2,11050000,231,33,21,285,97,134
SUPER_2,11060000,257,29,29,315,131,126
SUPER_2,11070000,258,23,24,305,115,143
SUPER_2,11080000,242,35,21,298,109,133
SUPER_2,11090000,256,20,15,291,120,136
SUPER_2,11100000,223,27,15,265,106,117
SUPER_2,11110000,145,25,15,185,78,67
SUPER_2,11120000,143,16,21,180,86,57
SUPER_2,11130000,38,8,4,50,18,20
SUPER_2,11140000,138,21,15,174,66,72
SUPER_2,11150000,137,17,7,161,66,71
SUPER_2,11160000,368,40,31,439,172,196
SUPER_2,11170000,179,20,17,216,96,83
SUPER_2,11180000,157,11,25,193,75,82
SUPER_2,11190000,118,12,15,145,59,59
SUPER_2,11200000,229,30,16,275,120,109
SUPER_2,11210000,129,9,11,149,57,72
SUPER_2,11220000,207,20,17,244,106,101
SUPER_2,11230000,194,16,21,231,99,95
SUPER_2,11240000,96,18,7,121,43,53
SUPER_2,11250000,105,14,9,128,56,49
SUPER_2,11260000,147,11,15,173,63,84
SUPER_2,11270000,46,6,7,59,27,19
SUPER_2,11280000,205,14,17,236,90,115
SUPER_2,11290000,182,13,18,213,104,78
SUPER_2,11300000,238,26,27,291,129,109
SUPER_2,11310000,200,22,29,251,79,121
SUPER_2,11320000,188,27,18,233,87,101
SUPER_2,11330000,149,15,15,179,81,68
SUPER_2,11340000,44,6,6,56,23,21
SUPER_2,11350000,71,3,3,77,34,37
SUPER_2,11360000,103,6,4,113,56,47
SUPER_2,11370000,136,15,15,166,69,67
SUPER_2,11380000,150,11,9,170,71,79
SUPER_2,11390000,36,5,2,43,17,19
SUPER_2,11400000,216,24,18,258,119,97
SUPER_2,11410000,166,23,7,196,74,92
SUPER_2,11420000,254,25,29,308,143,111
SUPER_2,11430000,241,22,29,292,111,130
SUPER_2,11440000,265,27,25,317,125,140
SUPER_2,11450000,128,14,18,160,62,66
SUPER_2,11460000,254,23,21,298,111,143
SUPER_2,11470000,244,31,25,300,104,140
SUPER_2,11480000,181,29,27,237,88,93
SUPER_2,11490000,182,15,13,210,93,89
SUPER_2,11500000,278,28,21,327,130,148
SUPER_2,11510000,355,40,35,430,170,185
SUPER_2,11520000,463,44,37,544,212,251
SUPER_2,11530000,40,6,2,48,17,23
SUPER_2,11540000,288,21,20,329,129,159
SUPER_2,11550000,80,7,11,98,43,37
SUPER_2,11560000,252,13,30,295,110,142
SUPER_2,11570000,250,21,24,295,126,124
SUPER_2,11580000,163,7,12,182,91,72
SUPER_2,11590000,390,42,31,463,193,197
SUPER_2,11600000,267,20,25,312,140,127
SUPER_2,11610000,167,23,17,207,86,81
SUPER_2,11620000,253,25,23,301,114,139
SUPER_2,11630000,294,32,32,358,146,148
SUPER_2,11640000,277,26,38,341,130,147
SUPER_2,11650000,300,25,33,358,136,164
SUPER_2,11660000,200,17,20,237,84,116
SUPER_2,11670000,245,23,29,297,104,141
SUPER_2,11680000,275,24,36,335,139,136
SUPER_2,11690000,122,13,16,151,63,59
SUPER_2,11700000,182,26,17,225,92,90
SUPER_2,11710000,220,21,20,261,121,99
SUPER_2,11720000,309,28,30,367,158,151
SUPER_2,11730000,309,30,28,367,165,144
SUPER_2,11740000,210,19,23,252,94,116
SUPER_2,11750000,259,32,24,315,111,148
SUPER_2,11760000,256,18,27,301,113,143
SUPER_2,11770000,136,8,8,152,64,72
SUPER_2,11780000,194,15,28,237,98,96
SUPER_2,11790000,321,25,37,383,166,155
SUPER_2,11800000,347,37,33,417,153,194
SUPER_2,11810000,195,26,15,236,80,115
SUPER_2,11820000,260,21,28,309,117,143
SUPER_2,11830000,270,20,23,313,117,153
SUPER_2,11840000,40,2,3,45,19,21
SUPER_2,11850000,310,20,37,367,156,154
SUPER_2,11860000,323,29,27,379,178,145
SUPER_2,11870000,547,43,50,640,278,269
SUPER_2,11880000,229,15,24,268,110,119
SUPER_2,11890000,287,23,22,332,137,150
SUPER_2,11900000,206,24,22,252,99,107
SUPER_2,11910000,214,24,23,261,119,95
SUPER_2,11920000,325,22,18,365,164,161
SUPER_2,11930000,227,20,21,268,100,127
SUPER_2,11940000,207,24,21,252,94,113
SUPER_2,11950000,121,14,9,144,57,64
SUPER_2,11960000,267,20,41,328,124,143
SUPER_2,11970000,306,33,28,367,159,147
SUPER_2,11980000,264,17,21,302,124,140
SUPER_2,11990000,344,37,35,416,161,183
SUPER_2,12000000,311,26,27,364,146,165
SUPER_2,12010000,213,32,18,263,99,114
SUPER_2,12020000,182,24,17,223,95,87
SUPER_2,12030000,179,25,13,217,94,85
SUPER_2,12040000,244,19,31,294,130,114
SUPER_2,12050000,293,33,26,352,135,158
SUPER_2,12060000,297,23,29,349,140,157
SUPER_2,12070000,214,17,12,243,119,95
SUPER_2,12080000,206,22,17,245,103,103
SUPER_2,12090000,185,16,24,225,106,79
SUPER_2,12100000,273,19,31,323,136,137
SUPER_2,12110000,244,17,24,285,129,115
SUPER_2,12120000,173,19,16,208,90,83
SUPER_2,12130000,109,20,10,139,43,66
SUPER_2,12140000,205,25,31,261,97,108
SUPER_2,12150000,134,11,16,161,62,72
SUPER_2,12160000,232,18,23,273,121,111
SUPER_2,12170000,256,35,19,310,121,135
SUPER_2,12180000,262,19,25,306,124,138
SUPER_2,12190000,237,23,15,275,101,136
SUPER_2,12200000,129,16,13,158,59,70
SUPER_2,12210000,187,30,19,236,86,101
SUPER_2,12220000,119,13,8,140,64,55
SUPER_2,12230000,200,15,23,238,94,106
SUPER_2,12240000,197,17,14,228,82,115
SUPER_2,12250000,220,17,13,250,116,104
SUPER_2,12260000,91,2,11,104,48,43
SUPER_2,12270000,267,20,19,306,130,137
SUPER_2,12280000,120,5,12,137,55,65
SUPER_2,12290000,221,23,16,260,96,125
SUPER_2,12300000,194,24,17,235,94,100
SUPER_2,12310000,131,11,15,157,75,56
SUPER_2,12320000,187,18,23,228,82,105
SUPER_2,12330000,343,40,24,407,161,182
SUPER_2,12340000,294,26,27,347,128,166
SUPER_2,12350000,301,28,28,357,157,144
SUPER_2,12360000,291,23,31,345,148,143
SUPER_2,12370000,247,27,17,291,124,123
SUPER_2,12380000,256,24,26,306,130,126
SUPER_2,12390000,370,30,32,432,171,199
SUPER_2,12400000,309,29,41,379,169,140
SUPER_2,12410000,320,29,34,383,154,166
SUPER_2,12420000,353,32,33,418,173,180
SUPER_2,12430000,279,29,22,330,142,137
SUPER_2,12440000,250,25,29,304,141,109
SUPER_2,12450000,296,21,36,353,137,159
SUPER_2,12460000,210,23,15,248,116,94
SUPER_2,12470000,346,29,37,412,171,175
SUPER_2,12480000,292,34,30,356,134,158
SUPER_2,12490000,240,29,19,288,118,122
SUPER_2,12500000,265,28,17,310,132,133
SUPER_2,12510000,310,26,23,359,138,172
SUPER_2,12520000,227,25,27,279,105,122
SUPER_2,12530000,288,28,24,340,139,149
SUPER_2,12540000,202,30,22,254,95,107
SUPER_2,12550000,250,23,27,300,116,134
SUPER_2,12560000,162,17,13,192,79,83
SUPER_2,12570000,236,15,18,269,117,119
SUPER_2,12580000,212,19,10,241,98,114
SUPER_2,12590000,262,23,12,297,117,145
SUPER_2,12600000,289,31,25,345,145,144
SUPER_2,12610000,325,41,20,386,171,154
SUPER_2,12620000,317,28,25,370,148,169
SUPER_2,12630000,256,18,33,307,127,129
SUPER_2,12640000,210,21,23,254,98,112
SUPER_2,12650000,413,45,25,483,185,228
SUPER_2,12660000,334,36,37,407,175,159
SUPER_2,12670000,88,6,10,104,49,39
SUPER_2,12680000,0,0,0,0,0,0
SUPER_2,12690000,0,0,0,0,0,0
SUPER_2,12700000,312,21,23,356,145,167
SUPER_2,12710000,261,28,27,316,128,133
SUPER_2,12720000,108,15,17,140,56,52
SUPER_2,12730000,299,29,28,356,161,138
SUPER_2,12740000,334,22,45,401,137,197
SUPER_2,12750000,338,30,34,402,171,167
SUPER_2,12760000,322,38,27,387,162,160
SUPER_2,12770000,122,16,19,157,54,68
SUPER_2,12780000,261,24,27,312,139,122
SUPER_2,12790000,387,36,32,455,198,189
SUPER_2,12800000,324,34,41,399,151,173
SUPER_2,12810000,324,29,27,380,159,165
SUPER_2,12820000,329,28,36,393,163,166
SUPER_2,12830000,190,18,14,222,90,100
SUPER_2,12840000,288,31,22,341,140,148
SUPER_2,12850000,300,33,35,368,156,144
SUPER_2,12860000,402,33,44,479,190,212
SUPER_2,12870000,289,16,23,328,144,145
SUPER_2,12880000,378,37,15,430,171,207
SUPER_2,12890000,319,24,39,382,158,161
SUPER_2,12900000,176,23,17,216,92,84
SUPER_2,12910000,217,28,16,261,112,105
SUPER_2,12920000,299,34,34,367,130,169
SUPER_2,12930000,292,31,29,352,129,163
SUPER_2,12940000,384,40,30,454,172,212
SUPER_2,12950000,363,37,37,437,176,187
SUPER_2,12960000,282,31,27,340,152,130
SUPER_2,12970000,276,25,16,317,141,135
SUPER_2,12980000,253,19,37,309,121,132
SUPER_2,12990000,328,30,34,392,164,164
SUPER_2,13000000,359,44,26,429,168,191
SUPER_2,13010000,341,31,30,402,157,184
SUPER_2,13020000,207,22,16,245,104,103
SUPER_2,13030000,147,13,20,180,78,69
SUPER_2,13040000,115,13,12,140,62,53
SUPER_2,13050000,134,11,11,156,58,76
SUPER_2,13060000,306,30,23,359,150,156
SUPER_2,13070000,239,14,21,274,115,124
SUPER_2,13080000,264,33,17,314,128,136
SUPER_2,13090000,323,26,33,382,162,161
SUPER_2,13100000,352,24,26,402,187,165
SUPER_2,13110000,298,26,24,348,151,147
SUPER_2,13120000,312,26,25,363,158,154
SUPER_2,13130000,241,17,22,280,104,137
SUPER_2,13140000,434,37,36,507,202,232
SUPER_2,13150000,296,40,19,355,165,131
SUPER_2,13160000,251,25,18,294,121,130
SUPER_2,13170000,434,34,31,499,216,218
SUPER_2,13180000,236,16,22,274,125,111
SUPER_2,13190000,287,36,23,346,124,163
SUPER_2,13200000,354,32,26,412,176,178
SUPER_2,13210000,324,34,29,387,162,162
SUPER_2,13220000,232,21,23,276,108,124
SUPER_2,13230000,305,34,24,363,154,151
SUPER_2,13240000,243,16,26,285,128,115
SUPER_2,13250000,147,12,16,175,71,76
SUPER_2,13260000,0,0,0,0,0,0
SUPER_2,13270000,0,0,0,0,0,0
SUPER_2,13280000,295,34,26,355,147,148
SUPER_2,13290000,344,41,24,409,166,178
SUPER_2,13300000,342,43,37,422,153,189
SUPER_2,13310000,217,20,28,265,113,104
SUPER_2,13320000,218,29,19,266,116,102
SUPER_2,13330000,97,8,13,118,51,46
SUPER_2,13340000,310,20,17,347,149,161
SUPER_2,13350000,292,29,30,351,131,161
SUPER_2,13360000,176,19,12,207,92,84
SUPER_2,13370000,226,19,36,281,107,119
SUPER_2,13380000,117,10,10,137,51,66
SUPER_2,13390000,143,6,13,162,77,66
SUPER_2,13400000,210,22,22,254,94,116
SUPER_2,13410000,380,35,30,445,183,197
SUPER_2,13420000,264,20,19,303,142,122
SUPER_2,13430000,194,14,27,235,92,102
SUPER_2,13440000,352,30,50,432,163,189
SUPER_2,13450000,364,39,36,439,154,210
SUPER_2,13460000,299,32,33,364,137,162
SUPER_2,13470000,229,17,29,275,112,117
SUPER_2,13480000,261,29,27,317,130,131
SUPER_2,13490000,240,30,21,291,121,119
SUPER_2,13500000,261,22,28,311,135,126
SUPER_2,13510000,290,28,27,345,129,161
SUPER_2,13520000,289,37,38,364,140,149
SUPER_2,13530000,240,21,17,278,118,122
SUPER_2,13540000,350,30,22,402,163,187
SUPER_2,13550000,371,28,40,439,171,200
SUPER_2,13560000,358,48,30,436,163,195
SUPER_2,13570000,393,36,34,463,185,208
SUPER_2,13580000,245,13,18,276,125,120
SUPER_2,13590000,226,17,18,261,95,131
SUPER_2,13600000,345,34,28,407,163,182
SUPER_2,13610000,305,19,29,353,157,148
SUPER_2,13620000,359,30,24,413,177,182
SUPER_2,13630000,387,33,35,455,173,214
SUPER_2,13640000,204,18,22,244,97,107
SUPER_2,13650000,315,35,21,371,151,164
SUPER_2,13660000,240,21,24,285,113,127
SUPER_2,13670000,0,0,0,0,0,0
SUPER_2,13680000,0,0,0,0,0,0
SUPER_2,13690000,0,0,0,0,0,0
SUPER_2,13700000,0,0,0,0,0,0
SUPER_2,13710000,0,0,0,0,0,0
SUPER_2,13720000,0,0,0,0,0,0
SUPER_2,13730000,0,0,0,0,0,0
SUPER_2,13740000,0,0,0,0,0,0
SUPER_2,13750000,0,0,0,0,0,0
SUPER_2,13760000,0,0,0,0,0,0
SUPER_2,13770000,136,7,7,150,76,60
SUPER_2,13780000,237,24,7,268,129,108
SUPER_2,13790000,56,4,5,65,29,27
SUPER_2,13800000,23,1,0,24,17,6
SUPER_2,13810000,0,0,0,0,0,0
SUPER_2,13820000,0,0,0,0,0,0
SUPER_2,13830000,0,0,0,0,0,0
SUPER_2,13840000,0,0,0,0,0,0
SUPER_2,13850000,0,0,0,0,0,0
SUPER_2,13860000,117,11,17,145,57,60
SUPER_2,13870000,187,26,20,233,95,92
SUPER_2,13880000,143,16,16,175,79,64
SUPER_2,13890000,202,19,16,237,110,92
SUPER_2,13900000,381,31,30,442,181,200
SUPER_2,13910000,335,30,34,399,164,171
SUPER_2,13920000,344,36,32,412,186,158
SUPER_2,13930000,244,23,23,290,122,122
SUPER_2,13940000,132,14,12,158,65,67
SUPER_2,13950000,350,36,24,410,157,193
SUPER_2,13960000,238,27,28,293,104,134
SUPER_2,13970000,253,25,24,302,123,130
SUPER_2,13980000,315,28,32,375,155,160
SUPER_2,13990000,369,23,22,414,173,196
SUPER_2,14000000,287,27,23,337,145,142
SUPER_2,14010000,228,25,13,266,109,119
SUPER_2,14020000,42,2,5,49,23,19
SUPER_2,14030000,191,17,17,225,98,93
SUPER_2,14040000,226,25,25,276,109,117
SUPER_2,14050000,406,41,39,486,204,202
SUPER_2,14060000,0,0,0,0,0,0
SUPER_2,14070000,0,0,0,0,0,0
SUPER_2,14080000,121,7,19,147,53,68
SUPER_2,14090000,188,17,14,219,85,103
SUPER_2,14100000,258,28,17,303,142,116
SUPER_2,14110000,346,37,24,407,163,183
SUPER_2,14120000,367,37,25,429,173,194
SUPER_2,14130000,283,31,24,338,128,155
SUPER_2,14140000,377,25,37,439,187,190
SUPER_2,14150000,206,14,17,237,98,108
SUPER_2,14160000,309,34,22,365,153,156
SUPER_2,14170000,362,46,37,445,184,178
SUPER_2,14180000,190,17,14,221,88,102
SUPER_2,14190000,28,0,1,29,16,12
SUPER_2,14200000,253,23,20,296,135,118
SUPER_2,14210000,263,28,24,315,130,133
SUPER_2,14220000,244,15,18,277,120,124
SUPER_2,14230000,278,25,21,324,135,143
SUPER_2,14240000,301,24,31,356,142,159
SUPER_2,14250000,193,24,11,228,79,114
SUPER_2,14260000,360,31,36,427,176,184
SUPER_2,14270000,319,28,28,375,149,170
SUPER_2,14280000,375,29,29,433,175,200
SUPER_2,14290000,87,4,3,94,34,53
SUPER_2,14300000,381,42,29,452,179,202
SUPER_2,14310000,305,29,20,354,154,151
SUPER_2,14320000,404,32,41,477,212,192
SUPER_2,14330000,379,51,33,463,168,211
SUPER_2,14340000,335,32,44,411,153,182
SUPER_2,14350000,397,34,36,467,200,197
SUPER_2,14360000,314,49,25,388,159,155
SUPER_2,14370000,181,20,9,210,90,91
SUPER_2,14380000,295,23,28,346,142,153
SUPER_2,14390000,151,9,14,174,80,71
SUPER_2,14400000,9,2,3,14,3,6
SUPER_2,14410000,247,15,17,279,132,115
SUPER_2,14420000,57,6,4,67,29,28
SUPER_2,14430000,252,14,9,275,131,121
SUPER_2,14440000,108,11,12,131,52,56
SUPER_2,14450000,291,29,27,347,161,130
SUPER_2,14460000,317,37,29,383,162,155
SUPER_2,14470000,303,27,32,362,155,148
SUPER_2,14480000,389,34,39,462,165,224
SUPER_2,14490000,370,35,46,451,180,190
SUPER_2,14500000,240,16,27,283,121,119
SUPER_2,14510000,279,27,22,328,127,152
SUPER_2,14520000,343,33,21,397,174,169
SUPER_2,14530000,336,23,33,392,181,155
SUPER_2,14540000,292,22,21,335,148,144
SUPER_2,14550000,152,16,7,175,86,66
SUPER_2,14560000,233,24,22,279,87,146
SUPER_2,14570000,258,24,24,306,126,132
SUPER_2,14580000,398,35,37,470,207,191
SUPER_2,14590000,250,21,18,289,131,119
SUPER_2,14600000,293,33,36,362,163,130
SUPER_2,14610000,27,1,0,28,10,17
SUPER_2,14620000,354,33,21,408,171,183
SUPER_2,14630000,228,24,37,289,98,130
SUPER_2,14640000,323,32,31,386,173,150
SUPER_2,14650000,309,21,27,357,165,144
SUPER_2,14660000,341,34,20,395,172,169
SUPER_2,14670000,304,30,22,356,165,139
SUPER_2,14680000,221,24,17,262,102,119
SUPER_2,14690000,214,20,16,250,111,103
SUPER_2,14700000,261,25,23,309,138,123
SUPER_2,14710000,322,34,29,385,154,168
SUPER_2,14720000,222,9,21,252,99,123
SUPER_2,14730000,456,34,32,522,232,224
SUPER_2,14740000,256,19,27,302,124,132
SUPER_2,14750000,319,24,29,372,177,142
SUPER_2,14760000,434,40,32,506,197,237
SUPER_2,14770000,398,33,39,470,196,202
SUPER_2,14780000,210,16,16,242,114,96
SUPER_2,14790000,247,23,23,293,123,124
SUPER_2,14800000,214,16,21,251,108,106
SUPER_2,14810000,310,22,16,348,166,144
SUPER_2,14820000,312,26,39,377,156,156
SUPER_2,14830000,294,24,20,338,165,129
SUPER_2,14840000,253,31,24,308,131,122
SUPER_2,14850000,242,28,14,284,121,121
SUPER_2,14860000,357,30,33,420,184,173
SUPER_2,14870000,344,26,36,406,175,169
SUPER_2,14880000,371,29,30,430,189,182
SUPER_2,14890000,229,22,30,281,105,124
SUPER_2,14900000,270,21,19,310,135,135
SUPER_2,14910000,354,38,26,418,160,194
SUPER_2,14920000,324,23,21,368,171,153
SUPER_2,14930000,341,47,20,408,177,164
SUPER_2,14940000,154,10,14,178,83,71
SUPER_2,14950000,323,23,19,365,159,164
SUPER_2,14960000,53,5,5,63,24,29
SUPER_2,14970000,484,47,46,577,262,222
SUPER_2,14980000,366,34,29,429,175,191
SUPER_2,14990000,315,27,22,364,144,171
SUPER_2,15000000,374,29,29,432,193,181
SUPER_2,15010000,337,25,40,402,154,183
SUPER_2,15020000,355,26,31,412,161,194
SUPER_2,15030000,292,27,20,339,136,156
SUPER_2,15040000,359,37,35,431,173,186
SUPER_2,15050000,311,29,29,369,147,164
SUPER_2,15060000,314,23,17,354,154,160
SUPER_2,15070000,246,20,15,281,121,125
SUPER_2,15080000,180,20,18,218,96,84
SUPER_2,15090000,155,13,17,185,74,81
SUPER_2,15100000,308,30,25,363,158,150
SUPER_2,15110000,47,1,6,54,26,21
SUPER_2,15120000,215,24,29,268,109,106
SUPER_2,15130000,150,12,9,171,82,68
SUPER_2,15140000,54,3,3,60,22,32
SUPER_2,15150000,35,3,6,44,17,18
SUPER_2,15160000,258,16,12,286,150,108
SUPER_2,15170000,95,4,9,108,52,43
SUPER_2,15180000,69,6,6,81,39,30
SUPER_2,15190000,67,7,2,76,38,29
SUPER_2,15200000,0,1,0,1,0,0
SUPER_2,15210000,58,4,10,72,25,33
SUPER_2,15220000,28,4,2,34,15,13
SUPER_2,15230000,28,8,2,38,12,16
SUPER_2,15240000,0,0,0,0,0,0
SUPER_2,15250000,0,0,0,0,0,0
SUPER_2,15260000,114,12,8,134,54,60
SUPER_2,15270000,93,11,4,108,43,50
SUPER_2,15280000,100,5,6,111,50,50
SUPER_2,15290000,155,17,14,186,78,77
SUPER_2,15300000,306,20,33,359,134,172
SUPER_2,15310000,97,10,10,117,52,45
SUPER_2,15320000,273,24,15,312,143,130
SUPER_2,15330000,219,17,25,261,113,106
SUPER_2,15340000,159,13,19,191,99,60
SUPER_2,15350000,221,19,17,257,140,81
SUPER_2,15360000,149,9,14,172,74,75
SUPER_2,15370000,158,10,14,182,100,58
SUPER_2,15380000,240,25,14,279,121,119
SUPER_2,15390000,178,17,13,208,93,85
SUPER_2,15400000,0,1,0,1,0,0
SUPER_2,15410000,24,3,2,29,15,9
SUPER_2,15420000,15,1,1,17,10,5
SUPER_2,15430000,0,0,0,0,0,0
SUPER_2,15440000,0,0,0,0,0,0
SUPER_3,10000,5,14,6,25,2,3
SUPER_3,20000,1,0,2,3,1,0
SUPER_3,30000,0,1,0,1,0,0
SUPER_3,40000,65,8,5,78,41,24
SUPER_3,50000,110,8,11,129,56,54
SUPER_3,60000,118,10,11,139,60,58
SUPER_3,70000,153,13,11,177,81,72
SUPER_3,80000,154,20,11,185,69,85
SUPER_3,90000,184,18,13,215,96,88
SUPER_3,100000,97,8,8,113,56,41
SUPER_3,110000,207,27,12,246,104,103
SUPER_3,120000,183,10,9,202,93,90
SUPER_3,130000,196,29,18,243,108,88
SUPER_3,140000,286,28,20,334,138,148
SUPER_3,150000,174,16,19,209,88,86
SUPER_3,160000,186,12,16,214,94,92
SUPER_3,170000,238,23,26,287,127,111
SUPER_3,180000,189,11,18,218,97,92
SUPER_3,190000,271,21,27,319,145,126
SUPER_3,200000,230,18,26,274,122,108
SUPER_3,210000,176,17,22,215,109,67
SUPER_3,220000,207,22,28,257,117,90
SUPER_3,230000,206,19,19,244,102,104
SUPER_3,240000,299,23,28,350,148,151
SUPER_3,250000,150,10,12,172,74,76
SUPER_3,260000,124,15,11,150,65,59
SUPER_3,270000,430,38,43,511,212,218
SUPER_3,280000,201,10,16,227,103,98
SUPER_3,290000,332,32,28,392,164,168
SUPER_3,300000,157,22,16,195,80,77
SUPER_3,310000,203,26,15,244,103,100
SUPER_3,320000,329,36,33,398,156,173
SUPER_3,330000,270,37,18,325,137,133
SUPER_3,340000,238,15,21,274,119,119
SUPER_3,350000,174,22,14,210,84,90
SUPER_3,360000,337,26,30,393,150,187
SUPER_3,370000,210,23,24,257,104,106
SUPER_3,380000,260,28,31,319,134,126
SUPER_3,390000,401,26,35,462,196,205
SUPER_3,400000,193,17,20,230,106,87
SUPER_3,410000,290,16,29,335,155,135
SUPER_3,420000,379,38,34,451,186,193
SUPER_3,430000,392,33,36,461,190,202
SUPER_3,440000,272,27,22,321,128,144
SUPER_3,450000,344,34,24,402,157,187
SUPER_3,460000,360,34,41,435,171,189
SUPER_3,470000,254,23,23,300,133,121
SUPER_3,480000,229,24,15,268,117,112
SUPER_3,490000,173,16,16,205,85,88
SUPER_3,500000,372,34,35,441,184,188
SUPER_3,510000,343,39,22,404,179,164
SUPER_3,520000,328,28,31,387,153,175
SUPER_3,530000,327,38,33,398,140,187
SUPER_3,540000,184,16,25,225,97,87
SUPER_3,550000,394,43,39,476,208,186
SUPER_3,560000,220,24,14,258,120,100
SUPER_3,570000,350,30,28,408,188,162
SUPER_3,580000,294,23,23,340,137,157
SUPER_3,590000,342,31,26,399,178,164
SUPER_3,600000,361,30,36,427,174,187
SUPER_3,610000,191,32,19,242,91,100
SUPER_3,620000,252,26,26,304,131,121
SUPER_3,630000,24,3,3,30,15,9
SUPER_3,640000,204,13,11,228,103,101
SUPER_3,650000,375,33,30,438,192,183
SUPER_3,660000,336,28,25,389,159,177
SUPER_3,670000,0,0,0,0,0,0
SUPER_3,680000,0,0,0,0,0,0
SUPER_3,690000,315,28,27,370,181,134
SUPER_3,700000,305,28,33,366,151,154
SUPER_3,710000,307,29,31,367,148,159
SUPER_3,720000,342,32,30,404,167,175
SUPER_3,730000,125,12,7,144,68,57
SUPER_3,740000,339,37,24,400,173,166
SUPER_3,750000,343,36,24,403,182,161
SUPER_3,760000,398,38,32,468,191,207
SUPER_3,770000,189,12,15,216,83,106
SUPER_3,780000,182,13,20,215,95,87
SUPER_3,790000,62,5,7,74,32,30
SUPER_3,800000,254,20,23,297,116,138
SUPER_3,810000,376,30,29,435,181,195
SUPER_3,820000,320,23,34,377,153,167
SUPER_3,830000,255,26,25,306,126,129
SUPER_3,840000,366,30,36,432,192,174
SUPER_3,850000,297,28,23,348,145,152
SUPER_3,860000,329,32,33,394,163,166
SUPER_3,870000,233,17,19,269,117,116
SUPER_3,880000,235,14,19,268,116,119
SUPER_3,890000,293,25,28,346,161,132
SUPER_3,900000,281,30,29,340,141,140
SUPER_3,910000,269,16,25,310,142,127
SUPER_3,920000,281,31,16,328,141,140
SUPER_3,930000,221,16,21,258,104,117
SUPER_3,940000,330,36,20,386,172,158
SUPER_3,950000,320,27,27,374,159,161
SUPER_3,960000,417,36,26,479,222,195
SUPER_3,970000,340,32,29,401,152,188
SUPER_3,980000,305,22,22,349,149,156
SUPER_3,990000,357,42,30,429,182,175
SUPER_3,1000000,387,27,27,441,195,192
SUPER_3,1010000,70,5,3,78,32,38
SUPER_3,1020000,115,16,7,138,60,55
SUPER_3,1030000,244,10,31,285,126,118
SUPER_3,1040000,294,26,18,338,146,148
SUPER_3,1050000,395,35,34,464,202,193
SUPER_3,1060000,254,26,22,302,130,124
SUPER_3,1070000,356,30,35,421,182,174
SUPER_3,1080000,204,12,10,226,98,106
SUPER_3,1090000,182,19,17,218,89,93
SUPER_3,1100000,359,28,29,416,194,165
SUPER_3,1110000,187,20,13,220,91,96
SUPER_3,1120000,300,22,23,345,149,151
SUPER_3,1130000,188,21,21,230,93,95
SUPER_3,1140000,196,19,17,232,108,88
SUPER_3,1150000,0,0,0,0,0,0
SUPER_3,1160000,0,0,0,0,0,0
SUPER_3,1170000,202,13,22,237,95,107
SUPER_3,1180000,179,13,12,204,94,85
SUPER_3,1190000,284,18,26,328,143,141
SUPER_3,1200000,0,0,0,0,0,0
SUPER_3,1210000,0,0,0,0,0,0
SUPER_3,1220000,452,48,39,539,244,208
SUPER_3,1230000,221,16,21,258,117,104
SUPER_3,1240000,311,23,34,368,144,167
SUPER_3,1250000,370,23,26,419,177,193
SUPER_3,1260000,0,0,0,0,0,0
SUPER_3,1270000,0,0,0,0,0,0
SUPER_3,1280000,156,19,9,184,76,80
SUPER_3,1290000,272,28,27,327,117,155
SUPER_3,1300000,162,10,13,185,98,64
SUPER_3,1310000,0,0,0,0,0,0
SUPER_3,1320000,0,0,0,0,0,0
SUPER_3,1330000,400,25,40,465,201,199
SUPER_3,1340000,247,24,27,298,126,121
SUPER_3,1350000,367,34,44,445,166,201
SUPER_3,1360000,271,19,16,306,134,137
SUPER_3,1370000,120,12,11,143,49,71
SUPER_3,1380000,207,14,6,227,108,99
SUPER_3,1390000,73,3,6,82,35,38
SUPER_3,1400000,332,29,29,390,166,166
SUPER_3,1410000,267,29,26,322,138,129
SUPER_3,1420000,332,23,27,382,174,158
SUPER_3,1430000,311,28,31,370,150,161
SUPER_3,1440000,296,26,19,341,142,154
SUPER_3,1450000,184,12,13,209,94,90
SUPER_3,1460000,363,32,27,422,185,178
SUPER_3,1470000,364,34,27,425,165,199
SUPER_3,1480000,295,19,26,340,149,146
SUPER_3,1490000,516,51,42,609,241,275
SUPER_3,1500000,335,24,29,388,172,163
SUPER_3,1510000,268,29,33,330,134,134
SUPER_3,1520000,377,37,22,436,172,205
SUPER_3,1530000,254,22,29,305,119,135
SUPER_3,1540000,136,13,7,156,65,71
SUPER_3,1550000,276,14,22,312,144,132
SUPER_3,1560000,341,26,32,399,173,168
SUPER_3,1570000,359,32,31,422,187,172
SUPER_3,1580000,294,27,26,347,141,153
SUPER_3,1590000,351,44,40,435,182,169
SUPER_3,1600000,284,34,28,346,129,155
SUPER_3,1610000,100,10,3,113,46,54
SUPER_3,1620000,0,0,0,0,0,0
SUPER_3,1630000,0,0,0,0,0,0
SUPER_3,1640000,499,28,53,580,275,224
SUPER_3,1650000,241,17,13,271,117,124
SUPER_3,1660000,33,2,2,37,17,16
SUPER_3,1670000,136,5,9,150,69,67
SUPER_3,1680000,298,21,21,340,145,153
SUPER_3,1690000,390,26,38,454,195,195
SUPER_3,1700000,348,32,26,406,164,184
SUPER_3,1710000,369,38,32,439,165,204
SUPER_3,1720000,243,23,21,287,130,113
SUPER_3,1730000,336,23,28,387,148,188
SUPER_3,1740000,255,24,22,301,112,143
SUPER_3,1750000,406,31,26,463,195,211
SUPER_3,1760000,321,26,28,375,156,165
SUPER_3,1770000,389,26,32,447,204,185
SUPER_3,1780000,262,22,17,301,142,120
SUPER_3,1790000,95,5,5,105,48,47
SUPER_3,1800000,188,10,15,213,102,86
SUPER_3,1810000,228,15,17,260,107,121
SUPER_3,1820000,9,0,0,9,5,4
SUPER_3,1830000,7,1,1,9,4,3
SUPER_3,1840000,250,17,19,286,130,120
SUPER_3,1850000,392,37,25,454,188,204
SUPER_3,1860000,119,9,7,135,51,68
SUPER_3,1870000,432,27,32,491,218,214
SUPER_3,1880000,404,43,42,489,210,194
SUPER_3,1890000,402,36,36,474,185,217
SUPER_3,1900000,184,21,13,218,88,96
SUPER_3,1910000,168,14,8,190,89,79
SUPER_3,1920000,253,21,26,300,138,115
SUPER_3,1930000,276,27,18,321,139,137
SUPER_3,1940000,36,2,3,41,19,17
SUPER_3,1950000,244,26,25,295,110,134
SUPER_3,1960000,352,30,31,413,175,177
SUPER_3,1970000,296,20,20,336,160,136
SUPER_3,1980000,409,35,35,479,197,212
SUPER_3,1990000,313,25,22,360,144,169
SUPER_3,2000000,283,14,30,327,135,148
SUPER_3,2010000,215,12,17,244,110,105
SUPER_3,2020000,171,12,13,196,77,94
SUPER_3,2030000,190,18,20,228,95,95
SUPER_3,2040000,355,25,27,407,186,169
SUPER_3,2050000,376,27,37,440,169,207
SUPER_3,2060000,302,32,24,358,156,146
SUPER_3,2070000,326,29,15,370,149,177
SUPER_3,2080000,0,0,0,0,0,0
SUPER_3,2090000,0,0,0,0,0,0
SUPER_3,2100000,263,18,21,302,124,139
SUPER_3,2110000,341,41,24,406,178,163
SUPER_3,2120000,234,23,19,276,112,122
SUPER_3,2130000,175,13,9,197,97,78
SUPER_3,2140000,219,21,22,262,114,105
SUPER_3,2150000,287,34,29,350,146,141
SUPER_3,2160000,119,13,11,143,58,61
SUPER_3,2170000,371,43,32,446,190,181
SUPER_3,2180000,329,29,37,395,159,170
SUPER_3,2190000,403,33,33,469,207,196
SUPER_3,2200000,73,3,4,80,36,37
SUPER_3,2210000,267,19,22,308,124,143
SUPER_3,2220000,251,26,15,292,131,120
SUPER_3,2230000,319,28,36,383,141,178
SUPER_3,2240000,406,24,40,470,233,173
SUPER_3,2250000,305,25,32,362,155,150
SUPER_3,2260000,273,9,22,304,143,130
SUPER_3,2270000,12,1,2,15,8,4
SUPER_3,2280000,151,17,15,183,78,73
SUPER_3,2290000,266,17,18,301,147,119
SUPER_3,2300000,385,38,40,463,191,194
SUPER_3,2310000,219,17,23,259,103,116
SUPER_3,2320000,129,9,8,146,65,64
SUPER_3,2330000,1,0,3,4,1,0
SUPER_3,2340000,288,21,21,330,131,157
SUPER_3,2350000,389,36,40,465,204,185
SUPER_3,2360000,278,21,28,327,144,134
SUPER_3,2370000,201,12,14,227,96,105
SUPER_3,2380000,187,15,18,220,89,98
SUPER_3,2390000,168,16,13,197,93,75
SUPER_3,2400000,334,31,33,398,165,169
SUPER_3,2410000,351,36,35,422,180,171
SUPER_3,2420000,351,28,33,412,174,177
SUPER_3,2430000,230,16,32,278,130,100
SUPER_3,2440000,249,22,15,286,138,111
SUPER_3,2450000,278,26,19,323,138,140
SUPER_3,2460000,294,23,27,344,146,148
SUPER_3,2470000,385,36,30,451,198,187
SUPER_3,2480000,385,19,43,447,209,176
SUPER_3,2490000,379,44,29,452,190,189
SUPER_3,2500000,318,22,23,363,167,151
SUPER_3,2510000,105,7,6,118,54,51
SUPER_3,2520000,248,24,20,292,122,126
SUPER_3,2530000,41,8,1,50,19,22
SUPER_3,2540000,352,29,35,416,163,189
SUPER_3,2550000,347,28,31,406,178,169
SUPER_3,2560000,372,31,30,433,214,158
SUPER_3,2570000,386,31,27,444,163,223
SUPER_3,2580000,349,31,32,412,184,165
SUPER_3,2590000,242,21,19,282,123,119
SUPER_3,2600000,242,25,17,284,137,105
SUPER_3,2610000,121,16,7,144,51,70
SUPER_3,2620000,188,25,13,226,89,99
SUPER_3,2630000,185,19,14,218,95,90
SUPER_3,2640000,153,16,16,185,71,82
SUPER_3,2650000,136,14,9,159,60,76
SUPER_3,2660000,232,22,21,275,118,114
SUPER_3,2670000,322,37,34,393,149,173
SUPER_3,2680000,201,22,24,247,94,107
SUPER_3,2690000,278,25,19,322,137,141
SUPER_3,2700000,279,30,33,342,146,133
SUPER_3,2710000,245,22,19,286,124,121
SUPER_3,2720000,238,22,32,292,109,129
SUPER_3,2730000,274,22,26,322,126,148
SUPER_3,2740000,235,18,17,270,109,126
SUPER_3,2750000,431,39,53,523,212,219
SUPER_3,2760000,340,28,24,392,172,168
SUPER_3,2770000,145,15,13,173,68,77
SUPER_3,2780000,204,18,23,245,98,106
SUPER_3,2790000,308,30,24,362,154,154
SUPER_3,2800000,282,17,29,328,125,157
SUPER_3,2810000,316,30,28,374,133,183
SUPER_3,2820000,420,35,43,498,207,213
SUPER_3,2830000,257,26,22,305,122,135
SUPER_3,2840000,205,22,25,252,102,103
SUPER_3,2850000,228,21,16,265,123,105
SUPER_3,2860000,175,16,15,206,95,80
SUPER_3,2870000,289,21,32,342,143,146
SUPER_3,2880000,184,24,25,233,80,104
SUPER_3,2890000,220,18,15,253,103,117
SUPER_3,2900000,66,2,5,73,34,32
SUPER_3,2910000,190,13,12,215,102,88
SUPER_3,2920000,254,21,21,296,126,128
SUPER_3,2930000,231,24,22,277,108,123
SUPER_3,2940000,357,37,44,438,170,187
SUPER_3,2950000,283,29,24,336,151,132
SUPER_3,2960000,249,22,33,304,114,135
SUPER_3,2970000,283,25,20,328,132,151
SUPER_3,2980000,225,17,13,255,107,118
SUPER_3,2990000,335,29,29,393,176,159
SUPER_3,3000000,269,19,20,308,131,138
SUPER_3,3010000,291,36,24,351,134,157
SUPER_3,3020000,343,36,35,414,170,173
SUPER_3,3030000,258,23,34,315,124,134
SUPER_3,3040000,306,30,23,359,154,152
SUPER_3,3050000,289,27,28,344,152,137
SUPER_3,3060000,293,19,35,347,145,148
SUPER_3,3070000,62,1,0,63,39,23
SUPER_3,3080000,262,29,34,325,122,140
SUPER_3,3090000,301,23,34,358,156,145
SUPER_3,3100000,256,31,22,309,128,128
SUPER_3,3110000,213,9,19,241,107,106
SUPER_3,3120000,317,30,28,375,159,158
SUPER_3,3130000,239,19,22,280,124,115
SUPER_3,3140000,293,42,19,354,140,153
SUPER_3,3150000,291,22,24,337,139,152
SUPER_3,3160000,164,13,12,189,80,84
SUPER_3,3170000,158,25,10,193,86,72
SUPER_3,3180000,98,13,5,116,47,51
SUPER_3,3190000,38,4,5,47,24,14
SUPER_3,3200000,82,5,5,92,34,48
SUPER_3,3210000,260,23,23,306,118,142
SUPER_3,3220000,290,17,28,335,159,131
SUPER_3,3230000,149,20,14,183,69,80
SUPER_3,3240000,286,22,21,329,179,107
SUPER_3,3250000,284,38,21,343,126,158
SUPER_3,3260000,348,32,20,400,184,164
SUPER_3,3270000,0,1,0,1,0,0
SUPER_3,3280000,54,2,2,58,29,25
SUPER_3,3290000,0,0,0,0,0,0
SUPER_3,3300000,0,0,0,0,0,0
SUPER_3,3310000,280,26,22,328,117,163
SUPER_3,3320000,388,26,24,438,191,197
SUPER_3,3330000,229,18,8,255,109,120
SUPER_3,3340000,294,19,21,334,142,152
SUPER_3,3350000,20,0,3,23,9,11
SUPER_3,3360000,240,29,20,289,115,125
SUPER_3,3370000,239,15,11,265,128,111
SUPER_3,3380000,379,28,31,438,187,192
SUPER_3,3390000,345,33,42,420,154,191
SUPER_3,3400000,419,33,41,493,216,203
SUPER_3,3410000,362,29,28,419,187,175
SUPER_3,3420000,320,28,34,382,162,158
SUPER_3,3430000,243,26,21,290,107,136
SUPER_3,3440000,370,33,30,433,180,190
SUPER_3,3450000,190,18,17,225,111,79
SUPER_3,3460000,299,25,18,342,129,170
SUPER_3,3470000,318,31,25,374,161,157
SUPER_3,3480000,110,9,8,127,56,54
SUPER_3,3490000,401,28,38,467,179,222
SUPER_3,3500000,331,35,22,388,142,189
SUPER_3,3510000,249,21,26,296,112,137
SUPER_3,3520000,253,19,17,289,135,118
SUPER_3,3530000,289,25,14,328,153,136
SUPER_3,3540000,42,2,4,48,22,20
SUPER_3,3550000,152,11,13,176,70,82
SUPER_3,3560000,159,10,20,189,83,76
SUPER_3,3570000,153,13,8,174,86,67
SUPER_3,3580000,52,1,5,58,25,27
SUPER_3,3590000,200,25,18,243,109,91
SUPER_3,3600000,410,42,44,496,192,218
SUPER_3,3610000,261,30,29,320,120,141
SUPER_3,3620000,242,18,13,273,119,123
SUPER_3,3630000,407,39,44,490,194,213
SUPER_3,3640000,35,8,6,49,13,22
SUPER_3,3650000,30,2,2,34,13,17
SUPER_3,3660000,35,7,5,47,20,15
SUPER_3,3670000,92,14,12,118,47,45
SUPER_3,3680000,275,31,25,331,157,118
SUPER_3,3690000,169,12,14,195,86,83
SUPER_3,3700000,274,17,18,309,139,135
SUPER_3,3710000,117,12,6,135,57,60
SUPER_3,3720000,6,2,0,8,2,4
SUPER_3,3730000,170,15,24,209,57,113
SUPER_3,3740000,269,19,17,305,142,127
SUPER_3,3750000,58,1,6,65,29,29
SUPER_3,3760000,288,20,18,326,126,162
SUPER_3,3770000,84,9,7,100,44,40
SUPER_3,3780000,66,2,5,73,37,29
SUPER_3,3790000,0,0,0,0,0,0
SUPER_3,3800000,0,0,0,0,0,0
SUPER_3,3810000,0,0,0,0,0,0
SUPER_3,3820000,77,3,7,87,47,30
SUPER_3,3830000,159,17,6,182,83,76
SUPER_3,3840000,0,0,0,0,0,0
SUPER_3,3850000,0,0,0,0,0,0
SUPER_3,3860000,0,0,0,0,0,0
SUPER_3,3870000,0,0,0,0,0,0
SUPER_3,3880000,170,8,15,193,84,86
SUPER_3,3890000,98,6,2,106,52,46
SUPER_3,3900000,0,1,0,1,0,0
SUPER_3,3910000,0,0,0,0,0,0
SUPER_3,3920000,0,0,0,0,0,0
SUPER_3,3930000,0,1,1,2,0,0
SUPER_3,3940000,0,0,1,1,0,0
SUPER_3,3950000,0,0,0,0,0,0
SUPER_3,3960000,0,0,0,0,0,0
SUPER_3,3970000,0,1,1,2,0,0
SUPER_3,3980000,120,12,3,135,47,73
SUPER_3,3990000,0,0,0,0,0,0
SUPER_3,4000000,0,0,0,0,0,0
SUPER_3,4010000,0,0,0,0,0,0
SUPER_3,4020000,491,28,31,550,232,259
SUPER_3,4030000,52,3,1,56,23,29
SUPER_3,4040000,198,14,18,230,99,99
SUPER_3,4050000,0,0,0,0,0,0
SUPER_3,4060000,0,0,0,0,0,0
SUPER_3,4070000,191,12,14,217,83,108
SUPER_3,4080000,323,36,29,388,170,153
SUPER_3,4090000,241,25,25,291,112,129
SUPER_3,4100000,418,35,31,484,219,199
SUPER_3,4110000,401,26,43,470,207,194
SUPER_3,4120000,387,37,34,458,163,224
SUPER_3,4130000,300,21,32,353,142,158
SUPER_3,4140000,233,24,15,272,111,122
SUPER_3,4150000,200,14,11,225,92,108
SUPER_3,4160000,252,28,15,295,132,120
SUPER_3,4170000,323,32,17,372,161,162
SUPER_3,4180000,428,41,44,513,207,221
SUPER_3,4190000,193,20,11,224,102,91
SUPER_3,4200000,369,27,45,441,185,184
SUPER_3,4210000,251,25,25,301,131,120
SUPER_3,4220000,374,32,37,443,175,199
SUPER_3,4230000,274,18,27,319,129,145
SUPER_3,4240000,355,30,32,417,185,170
SUPER_3,4250000,440,40,50,530,220,220
SUPER_3,4260000,247,24,23,294,114,133
SUPER_3,4270000,0,0,0,0,0,0
SUPER_3,4280000,0,0,0,0,0,0
SUPER_3,4290000,339,32,35,406,162,177
SUPER_3,4300000,150,14,21,185,72,78
SUPER_3,4310000,415,34,38,487,205,210
SUPER_3,4320000,256,25,27,308,127,129
SUPER_3,4330000,337,29,28,394,182,155
SUPER_3,4340000,230,25,24,279,111,119
SUPER_3,4350000,323,33,31,387,157,166
SUPER_3,4360000,284,15,27,326,139,145
SUPER_3,4370000,130,13,6,149,65,65
SUPER_3,4380000,254,29,23,306,132,122
SUPER_3,4390000,346,24,36,406,198,148
SUPER_3,4400000,188,28,13,229,97,91
SUPER_3,4410000,296,23,23,342,154,142
SUPER_3,4420000,83,7,9,99,45,38
SUPER_3,4430000,187,12,18,217,87,100
SUPER_3,4440000,187,17,24,228,93,94
SUPER_3,4450000,411,44,47,502,210,201
SUPER_3,4460000,198,13,25,236,83,115
SUPER_3,4470000,266,20,22,308,114,152
SUPER_3,4480000,273,25,26,324,125,148
SUPER_3,4490000,307,30,27,364,133,174
SUPER_3,4500000,295,30,28,353,129,166
SUPER_3,4510000,158,18,16,192,77,81
SUPER_3,4520000,238,30,20,288,117,121
SUPER_3,4530000,305,27,20,352,147,158
SUPER_3,4540000,273,37,29,339,137,136
SUPER_3,4550000,282,31,26,339,136,146
SUPER_3,4560000,336,35,36,407,142,194
SUPER_3,4570000,347,33,23,403,175,172
SUPER_3,4580000,170,13,14,197,92,78
SUPER_3,4590000,270,22,29,321,122,148
SUPER_3,4600000,384,40,40,464,197,187
SUPER_3,4610000,253,22,30,305,123,130
SUPER_3,4620000,173,16,14,203,94,79
SUPER_3,4630000,306,30,33,369,151,155
SUPER_3,4640000,221,25,18,264,103,118
SUPER_3,4650000,206,16,26,248,108,98
SUPER_3,4660000,204,17,18,239,97,107
SUPER_3,4670000,319,15,31,365,138,181
SUPER_3,4680000,280,27,42,349,144,136
SUPER_3,4690000,211,28,21,260,105,106
SUPER_3,4700000,201,16,29,246,95,106
SUPER_3,4710000,146,17,21,184,72,74
SUPER_3,4720000,143,9,14,166,70,73
SUPER_3,4730000,96,15,15,126,53,43
SUPER_3,4740000,84,10,10,104,48,36
SUPER_3,4750000,85,6,19,110,38,47
SUPER_3,4760000,146,20,17,183,78,68
SUPER_3,4770000,289,35,34,358,127,162
SUPER_3,4780000,171,19,13,203,78,93
SUPER_3,4790000,135,12,16,163,62,73
SUPER_3,4800000,196,17,15,228,107,89
SUPER_3,4810000,194,25,20,239,107,87
SUPER_3,4820000,118,11,10,139,60,58
SUPER_3,4830000,206,9,23,238,98,108
SUPER_3,4840000,101,8,9,118,42,59
SUPER_3,4850000,206,21,20,247,104,102
SUPER_3,4860000,0,0,1,1,0,0
SUPER_3,4870000,194,20,24,238,97,97
SUPER_3,4880000,244,31,17,292,122,122
SUPER_3,4890000,336,27,37,400,172,164
SUPER_3,4900000,292,31,24,347,127,165
SUPER_3,4910000,232,26,18,276,107,125
SUPER_3,4920000,306,24,27,357,142,164
SUPER_3,4930000,334,32,24,390,164,170
SUPER_3,4940000,272,23,23,318,122,150
SUPER_3,4950000,262,24,35,321,131,131
SUPER_3,4960000,249,28,23,300,106,143
SUPER_3,4970000,396,38,34,468,201,195
SUPER_3,4980000,197,18,24,239,104,93
SUPER_3,4990000,238,20,17,275,113,125
SUPER_3,5000000,202,23,17,242,97,105
SUPER_3,5010000,267,27,23,317,122,145
SUPER_3,5020000,296,22,35,353,138,158
SUPER_3,5030000,151,12,10,173,76,75
SUPER_3,5040000,153,18,13,184,86,67
SUPER_3,5050000,217,23,15,255,111,106
SUPER_3,5060000,212,15,19,246,108,104
SUPER_3,5070000,232,27,17,276,120,112
SUPER_3,5080000,139,19,12,170,66,73
SUPER_3,5090000,145,14,30,189,67,78
SUPER_3,5100000,288,36,29,353,133,155
SUPER_3,5110000,235,20,33,288,88,147
SUPER_3,5120000,58,8,4,70,27,31
SUPER_3,5130000,70,7,8,85,29,41
SUPER_3,5140000,109,10,9,128,51,58
SUPER_3,5150000,348,31,33,412,192,156
SUPER_3,5160000,206,21,23,250,104,102
SUPER_3,5170000,270,27,28,325,126,144
SUPER_3,5180000,162,13,12,187,74,88
SUPER_3,5190000,101,7,9,117,54,47
SUPER_3,5200000,315,24,27,366,162,153
SUPER_3,5210000,452,48,43,543,211,241
SUPER_3,5220000,275,15,25,315,138,137
SUPER_3,5230000,195,28,20,243,91,104
SUPER_3,5240000,225,24,23,272,113,112
SUPER_3,5250000,232,19,17,268,104,128
SUPER_3,5260000,246,26,22,294,121,125
SUPER_3,5270000,388,36,32,456,185,203
SUPER_3,5280000,236,15,14,265,119,117
SUPER_3,5290000,182,18,14,214,102,80
SUPER_3,5300000,280,22,21,323,139,141
SUPER_3,5310000,348,24,39,411,152,196
SUPER_3,5320000,303,34,30,367,142,161
SUPER_3,5330000,239,23,26,288,123,116
SUPER_3,5340000,292,20,28,340,161,131
SUPER_3,5350000,145,19,20,184,56,89
SUPER_3,5360000,357,23,32,412,169,188
SUPER_3,5370000,275,33,20,328,140,135
SUPER_3,5380000,169,15,14,198,97,72
SUPER_3,5390000,421,41,33,495,213,208
SUPER_3,5400000,192,27,31,250,93,99
SUPER_3,5410000,288,34,25,347,145,143
SUPER_3,5420000,284,38,30,352,121,163
SUPER_3,5430000,273,21,31,325,126,147
SUPER_3,5440000,368,29,42,439,170,198
SUPER_3,5450000,240,25,25,290,110,130
SUPER_3,5460000,329,43,29,401,173,156
SUPER_3,5470000,141,15,13,169,82,59
SUPER_3,5480000,404,54,31,489,175,229
SUPER_3,5490000,172,24,23,219,70,102
SUPER_3,5500000,271,33,23,327,131,140
SUPER_3,5510000,275,29,36,340,141,134
SUPER_3,5520000,141,21,13,175,81,60
SUPER_3,5530000,263,25,29,317,120,143
SUPER_3,5540000,213,29,25,267,101,112
SUPER_3,5550000,319,28,23,370,163,156
SUPER_3,5560000,200,24,30,254,93,107
SUPER_3,5570000,326,36,35,397,167,159
SUPER_3,5580000,186,19,18,223,95,91
SUPER_3,5590000,363,34,37,434,153,210
SUPER_3,5600000,343,39,27,409,170,173
SUPER_3,5610000,347,24,37,408,152,195
SUPER_3,5620000,320,34,28,382,161,159
SUPER_3,5630000,129,9,16,154,59,70
SUPER_3,5640000,55,8,5,68,23,32
SUPER_3,5650000,0,0,0,0,0,0
SUPER_3,5660000,0,0,0,0,0,0
SUPER_3,5670000,328,25,23,376,163,165
SUPER_3,5680000,0,0,0,0,0,0
SUPER_3,5690000,0,0,0,0,0,0
SUPER_3,5700000,0,0,0,0,0,0
SUPER_3,5710000,0,0,0,0,0,0
SUPER_3,5720000,305,31,28,364,140,165
SUPER_3,5730000,175,24,16,215,93,82
SUPER_3,5740000,225,16,25,266,102,123
SUPER_3,5750000,216,19,20,255,111,105
SUPER_3,5760000,209,24,26,259,97,112
SUPER_3,5770000,242,16,17,275,119,123
SUPER_3,5780000,364,39,36,439,167,197
SUPER_3,5790000,270,26,22,318,130,140
SUPER_3,5800000,130,13,17,160,74,56
SUPER_3,5810000,156,19,11,186,76,80
SUPER_3,5820000,233,23,20,276,127,106
SUPER_3,5830000,169,19,15,203,80,89
SUPER_3,5840000,203,20,18,241,87,116
SUPER_3,5850000,222,16,14,252,128,94
SUPER_3,5860000,225,23,21,269,119,106
SUPER_3,5870000,84,7,7,98,42,42
SUPER_3,5880000,120,16,8,144,65,55
SUPER_3,5890000,142,27,17,186,74,68
SUPER_3,5900000,220,17,27,264,98,122
SUPER_3,5910000,160,14,16,190,78,82
SUPER_3,5920000,262,20,24,306,137,125
SUPER_3,5930000,150,18,14,182,78,72
SUPER_3,5940000,176,10,15,201,92,84
SUPER_3,5950000,312,23,25,360,169,143
SUPER_3,5960000,203,25,13,241,99,104
SUPER_3,5970000,174,13,14,201,86,88
SUPER_3,5980000,225,33,25,283,116,109
SUPER_3,5990000,255,18,18,291,122,133
SUPER_3,6000000,314,25,30,369,132,182
SUPER_3,6010000,366,30,40,436,174,192
SUPER_3,6020000,186,14,17,217,87,99
SUPER_3,6030000,202,29,17,248,95,107
SUPER_3,6040000,193,30,16,239,97,96
SUPER_3,6050000,186,26,11,223,87,99
SUPER_3,6060000,294,28,31,353,152,142
SUPER_3,6070000,276,34,18,328,141,135
SUPER_3,6080000,312,23,20,355,148,164
SUPER_3,6090000,233,18,23,274,109,124
SUPER_3,6100000,227,15,18,260,115,112
SUPER_3,6110000,231,24,31,286,102,129
SUPER_3,6120000,334,24,42,400,162,172
SUPER_3,6130000,87,11,5,103,45,42
SUPER_3,6140000,220,28,16,264,99,121
SUPER_3,6150000,215,13,25,253,102,113
SUPER_3,6160000,28,10,6,44,15,13
SUPER_3,6170000,212,27,17,256,84,128
SUPER_3,6180000,245,31,28,304,111,134
SUPER_3,6190000,261,23,22,306,139,122
SUPER_3,6200000,169,27,13,209,82,87
SUPER_3,6210000,207,29,29,265,83,124
SUPER_3,6220000,253,23,23,299,128,125
SUPER_3,6230000,109,13,12,134,47,62
SUPER_3,6240000,121,11,13,145,60,61
SUPER_3,6250000,182,18,21,221,80,102
SUPER_3,6260000,262,36,20,318,118,144
SUPER_3,6270000,206,28,15,249,102,104
SUPER_3,6280000,174,26,26,226,96,78
SUPER_3,6290000,292,37,26,355,147,145
SUPER_3,6300000,180,16,14,210,91,89
SUPER_3,6310000,231,29,20,280,109,122
SUPER_3,6320000,86,13,8,107,39,47
SUPER_3,6330000,163,11,15,189,77,86
SUPER_3,6340000,88,9,12,109,45,43
SUPER_3,6350000,161,17,16,194,87,74
SUPER_3,6360000,95,13,8,116,43,52
SUPER_3,6370000,143,18,19,180,55,88
SUPER_3,6380000,101,10,10,121,43,58
SUPER_3,6390000,163,26,13,202,80,83
SUPER_3,6400000,182,15,14,211,85,97
SUPER_3,6410000,101,11,16,128,44,57
SUPER_3,6420000,107,9,16,132,49,58
SUPER_3,6430000,167,21,16,204,69,98
SUPER_3,6440000,138,18,16,172,73,65
SUPER_3,6450000,6,3,2,11,2,4
SUPER_3,6460000,142,17,3,162,69,73
SUPER_3,6470000,181,12,16,209,80,101
SUPER_3,6480000,221,23,16,260,99,122
SUPER_3,6490000,266,25,18,309,122,144
SUPER_3,6500000,175,14,13,202,80,95
SUPER_3,6510000,132,16,14,162,70,62
SUPER_3,6520000,162,17,16,195,75,87
SUPER_3,6530000,154,16,14,184,84,70
SUPER_3,6540000,209,23,18,250,110,99
SUPER_3,6550000,235,11,9,255,126,109
SUPER_3,6560000,220,20,20,260,104,116
SUPER_3,6570000,307,23,23,353,149,158
SUPER_3,6580000,221,22,19,262,115,106
SUPER_3,6590000,224,13,15,252,107,117
SUPER_3,6600000,171,23,18,212,87,84
SUPER_3,6610000,248,31,21,300,128,120
SUPER_3,6620000,149,27,11,187,82,67
SUPER_3,6630000,74,16,5,95,36,38
SUPER_3,6640000,137,15,12,164,74,63
SUPER_3,6650000,383,41,33,457,159,224
SUPER_3,6660000,321,29,31,381,144,177
SUPER_3,6670000,272,31,29,332,132,140
SUPER_3,6680000,192,26,25,243,92,100
SUPER_3,6690000,205,24,18,247,102,103
SUPER_3,6700000,106,14,12,132,47,59
SUPER_3,6710000,110,8,5,123,56,54
SUPER_3,6720000,182,12,24,218,87,95
SUPER_3,6730000,113,15,8,136,59,54
SUPER_3,6740000,96,9,9,114,46,50
SUPER_3,6750000,237,21,24,282,118,119
SUPER_3,6760000,363,33,28,424,167,196
SUPER_3,6770000,148,9,13,170,75,73
SUPER_3,6780000,1,0,0,1,1,0
SUPER_3,6790000,1,0,2,3,1,0
SUPER_3,6800000,2,0,0,2,2,0
SUPER_3,6810000,1,0,0,1,0,1
SUPER_3,6820000,204,15,16,235,108,96
SUPER_3,6830000,311,22,22,355,136,175
SUPER_3,6840000,115,15,6,136,57,58
SUPER_3,6850000,228,23,27,278,105,123
SUPER_3,6860000,225,13,12,250,110,115
SUPER_3,6870000,259,24,21,304,118,141
SUPER_3,6880000,142,12,17,171,75,67
SUPER_3,6890000,277,18,28,323,135,142
SUPER_3,6900000,190,11,13,214,96,94
SUPER_3,6910000,248,14,19,281,114,134
SUPER_3,6920000,261,26,27,314,136,125
SUPER_3,6930000,245,42,17,304,104,141
SUPER_3,6940000,253,20,18,291,128,125
SUPER_3,6950000,234,17,14,265,121,113
SUPER_3,6960000,296,28,28,352,145,151
SUPER_3,6970000,237,20,17,274,107,130
SUPER_3,6980000,247,23,28,298,115,132
SUPER_3,6990000,227,22,14,263,111,116
SUPER_3,7000000,340,26,32,398,161,179
SUPER_3,7010000,238,29,35,302,119,119
SUPER_3,7020000,268,23,29,320,117,151
SUPER_3,7030000,411,35,21,467,222,189
SUPER_3,7040000,341,34,23,398,153,188
SUPER_3,7050000,186,19,18,223,88,98
SUPER_3,7060000,193,18,15,226,110,83
SUPER_3,7070000,215,21,22,258,117,98
SUPER_3,7080000,247,32,26,305,120,127
SUPER_3,7090000,256,14,17,287,126,130
SUPER_3,7100000,421,38,35,494,192,229
SUPER_3,7110000,296,26,20,342,146,150
SUPER_3,7120000,240,30,23,293,111,129
SUPER_3,7130000,57,7,6,70,27,30
SUPER_3,7140000,206,26,17,249,100,106
SUPER_3,7150000,331,33,40,404,151,180
SUPER_3,7160000,199,35,18,252,92,107
SUPER_3,7170000,262,12,27,301,117,145
SUPER_3,7180000,222,27,26,275,108,114
SUPER_3,7190000,159,16,12,187,87,72
SUPER_3,7200000,311,46,41,398,152,159
SUPER_3,7210000,333,40,36,409,159,174
SUPER_3,7220000,255,28,25,308,122,133
SUPER_3,7230000,144,18,12,174,68,76
SUPER_3,7240000,231,22,26,279,112,119
SUPER_3,7250000,206,17,19,242,100,106
SUPER_3,7260000,293,27,33,353,123,170
SUPER_3,7270000,214,19,26,259,111,103
SUPER_3,7280000,141,22,13,176,72,69
SUPER_3,7290000,211,15,27,253,94,117
SUPER_3,7300000,266,25,21,312,136,130
SUPER_3,7310000,237,21,26,284,120,117
SUPER_3,7320000,265,31,16,312,127,138
SUPER_3,7330000,226,16,13,255,101,125
SUPER_3,7340000,132,14,9,155,64,68
SUPER_3,7350000,180,25,16,221,89,91
SUPER_3,7360000,246,23,22,291,130,116
SUPER_3,7370000,151,23,15,189,50,101
SUPER_3,7380000,52,8,5,65,21,31
SUPER_3,7390000,153,14,15,182,92,61
SUPER_3,7400000,153,11,14,178,83,70
SUPER_3,7410000,135,12,14,161,68,67
SUPER_3,7420000,280,24,32,336,135,145
SUPER_3,7430000,230,29,21,280,115,115
SUPER_3,7440000,295,29,27,351,143,152
SUPER_3,7450000,300,25,30,355,157,143
SUPER_3,7460000,240,23,17,280,121,119
SUPER_3,7470000,254,27,18,299,127,127
SUPER_3,7480000,281,20,23,324,145,136
SUPER_3,7490000,320,34,35,389,157,163
SUPER_3,7500000,252,30,25,307,105,147
SUPER_3,7510000,259,28,30,317,136,123
SUPER_3,7520000,268,28,20,316,131,137
SUPER_3,7530000,169,27,10,206,85,84
SUPER_3,7540000,104,11,5,120,53,51
SUPER_3,7550000,251,19,23,293,128,123
SUPER_3,7560000,269,33,23,325,135,134
SUPER_3,7570000,323,32,35,390,166,157
SUPER_3,7580000,268,13,25,306,110,158
SUPER_3,7590000,148,13,17,178,69,79
SUPER_3,7600000,230,24,25,279,119,111
SUPER_3,7610000,270,26,28,324,133,137
SUPER_3,7620000,257,20,18,295,136,121
SUPER_3,7630000,4,0,0,4,2,2
SUPER_3,7640000,303,23,25,351,149,154
SUPER_3,7650000,237,25,26,288,117,120
SUPER_3,7660000,241,25,22,288,111,130
SUPER_3,7670000,238,21,20,279,112,126
SUPER_3,7680000,278,39,24,341,132,146
SUPER_3,7690000,234,29,23,286,119,115
SUPER_3,7700000,247,21,31,299,116,131
SUPER_3,7710000,215,16,19,250,116,99
SUPER_3,7720000,275,32,30,337,150,125
SUPER_3,7730000,112,10,13,135,55,57
SUPER_3,7740000,154,15,15,184,79,75
SUPER_3,7750000,200,25,21,246,83,117
SUPER_3,7760000,185,18,21,224,81,104
SUPER_3,7770000,111,9,10,130,62,49
SUPER_3,7780000,195,17,29,241,107,88
SUPER_3,7790000,132,26,9,167,64,68
SUPER_3,7800000,170,11,18,199,96,74
SUPER_3,7810000,254,19,35,308,131,123
SUPER_3,7820000,169,14,18,201,82,87
SUPER_3,7830000,198,15,16,229,96,102
SUPER_3,7840000,161,16,20,197,74,87
SUPER_3,7850000,74,9,4,87,45,29
SUPER_3,7860000,102,9,11,122,53,49
SUPER_3,7870000,155,15,20,190,78,77
SUPER_3,7880000,157,8,10,175,86,71
SUPER_3,7890000,182,25,13,220,78,104
SUPER_3,7900000,129,8,15,152,64,65
SUPER_3,7910000,105,6,11,122,61,44
SUPER_3,7920000,209,18,13,240,108,101
SUPER_3,7930000,266,26,26,318,131,135
SUPER_3,7940000,190,21,28,239,97,93
SUPER_3,7950000,123,10,7,140,64,59
SUPER_3,7960000,80,5,12,97,35,45
SUPER_3,7970000,126,9,14,149,66,60
SUPER_3,7980000,283,19,32,334,150,133
SUPER_3,7990000,250,33,16,299,117,133
SUPER_3,8000000,246,28,21,295,129,117
SUPER_3,8010000,211,18,22,251,104,107
SUPER_3,8020000,155,14,12,181,82,73
SUPER_3,8030000,196,22,17,235,94,102
SUPER_3,8040000,145,19,11,175,61,84
SUPER_3,8050000,105,13,5,123,48,57
SUPER_3,8060000,122,9,16,147,61,61
SUPER_3,8070000,137,19,13,169,64,73
SUPER_3,8080000,218,23,25,266,110,108
SUPER_3,8090000,0,1,0,1,0,0
SUPER_3,8100000,76,10,8,94,44,32
SUPER_3,8110000,251,17,21,289,131,120
SUPER_3,8120000,204,15,16,235,103,101
SUPER_3,8130000,124,15,14,153,66,58
SUPER_3,8140000,129,21,11,161,62,67
SUPER_3,8150000,213,19,21,253,94,119
SUPER_3,8160000,47,4,9,60,23,24
SUPER_3,8170000,138,16,16,170,75,63
SUPER_3,8180000,87,8,16,111,38,49
SUPER_3,8190000,200,14,18,232,103,97
SUPER_3,8200000,92,4,14,110,48,44
SUPER_3,8210000,90,10,11,111,45,45
SUPER_3,8220000,97,14,14,125,51,46
SUPER_3,8230000,105,14,8,127,50,55
SUPER_3,8240000,70,3,7,80,36,34
SUPER_3,8250000,89,8,6,103,40,49
SUPER_3,8260000,176,23,19,218,79,97
SUPER_3,8270000,157,14,19,190,70,87
SUPER_3,8280000,177,15,12,204,77,100
SUPER_3,8290000,113,16,14,143,59,54
SUPER_3,8300000,162,15,10,187,85,77
SUPER_3,8310000,96,8,15,119,38,58
SUPER_3,8320000,201,11,13,225,105,96
SUPER_3,8330000,325,35,29,389,153,172
SUPER_3,8340000,214,26,26,266,106,108
SUPER_3,8350000,285,34,32,351,140,145
SUPER_3,8360000,274,27,24,325,149,125
SUPER_3,8370000,110,21,21,152,53,57
SUPER_3,8380000,174,18,19,211,76,98
SUPER_3,8390000,113,9,13,135,46,67
SUPER_3,8400000,204,15,20,239,94,110
SUPER_3,8410000,256,27,29,312,130,126
SUPER_3,8420000,95,8,5,108,44,51
SUPER_3,8430000,174,11,25,210,93,81
SUPER_3,8440000,132,16,10,158,70,62
SUPER_3,8450000,42,7,8,57,22,20
SUPER_3,8460000,3,0,0,3,1,2
SUPER_3,8470000,93,10,9,112,35,58
SUPER_3,8480000,251,28,15,294,128,123
SUPER_3,8490000,231,19,20,270,108,123
SUPER_3,8500000,155,24,24,203,74,81
SUPER_3,8510000,173,21,14,208,91,82
SUPER_3,8520000,143,21,17,181,63,80
SUPER_3,8530000,69,11,5,85,28,41
SUPER_3,8540000,44,11,6,61,22,22
SUPER_3,8550000,242,27,26,295,137,105
SUPER_3,8560000,149,23,5,177,63,86
SUPER_3,8570000,296,34,31,361,156,140
SUPER_3,8580000,124,10,11,145,64,60
SUPER_3,8590000,66,13,5,84,32,34
SUPER_3,8600000,135,10,17,162,63,72
SUPER_3,8610000,210,22,29,261,86,124
SUPER_3,8620000,146,23,26,195,61,85
SUPER_3,8630000,110,11,9,130,49,61
SUPER_3,8640000,254,23,29,306,121,133
SUPER_3,8650000,215,23,9,247,95,120
SUPER_3,8660000,252,23,27,302,115,137
SUPER_3,8670000,251,28,18,297,121,130
SUPER_3,8680000,285,26,39,350,145,140
SUPER_3,8690000,201,20,23,244,96,105
SUPER_3,8700000,147,13,17,177,75,72
SUPER_3,8710000,126,15,11,152,61,65
SUPER_3,8720000,100,17,8,125,48,52
SUPER_3,8730000,268,23,26,317,125,143
SUPER_3,8740000,250,28,17,295,131,119
SUPER_3,8750000,166,17,15,198,81,85
SUPER_3,8760000,46,4,7,57,23,23
SUPER_3,8770000,229,29,20,278,114,115
SUPER_3,8780000,205,14,24,243,98,107
SUPER_3,8790000,90,12,6,108,54,36
SUPER_3,8800000,196,20,22,238,100,96
SUPER_3,8810000,206,21,20,247,117,89
SUPER_3,8820000,96,8,11,115,56,40
SUPER_3,8830000,285,25,21,331,129,156
SUPER_3,8840000,61,3,3,67,32,29
SUPER_3,8850000,98,13,10,121,43,55
SUPER_3,8860000,10,0,1,11,7,3
SUPER_3,8870000,188,25,12,225,92,96
SUPER_3,8880000,222,18,22,262,113,109
SUPER_3,8890000,224,16,23,263,110,114
SUPER_3,8900000,232,16,20,268,117,115
SUPER_3,8910000,197,26,16,239,98,99
SUPER_3,8920000,216,22,15,253,112,104
SUPER_3,8930000,252,24,14,290,105,147
SUPER_3,8940000,208,17,14,239,112,96
SUPER_3,8950000,176,23,15,214,89,87
SUPER_3,8960000,279,31,25,335,135,144
SUPER_3,8970000,234,16,25,275,106,128
SUPER_3,8980000,223,17,19,259,113,110
SUPER_3,8990000,164,25,16,205,78,86
SUPER_3,9000000,219,21,27,267,105,114
SUPER_3,9010000,286,28,30,344,134,152
SUPER_3,9020000,297,30,37,364,149,148
SUPER_3,9030000,229,24,20,273,123,106
SUPER_3,9040000,211,23,27,261,103,108
SUPER_3,9050000,110,13,6,129,67,43
SUPER_3,9060000,180,21,17,218,96,84
SUPER_3,9070000,121,10,6,137,60,61
SUPER_3,9080000,206,24,22,252,106,100
SUPER_3,9090000,178,22,18,218,87,91
SUPER_3,9100000,260,19,22,301,125,135
SUPER_3,9110000,109,9,10,128,48,61
SUPER_3,9120000,183,21,17,221,92,91
SUPER_3,9130000,263,26,27,316,132,131
SUPER_3,9140000,123,12,10,145,59,64
SUPER_3,9150000,130,10,12,152,71,59
SUPER_3,9160000,98,10,13,121,44,54
SUPER_3,9170000,78,8,5,91,40,38
SUPER_3,9180000,127,9,7,143,55,72
SUPER_3,9190000,112,7,10,129,60,52
SUPER_3,9200000,136,18,11,165,68,68
SUPER_3,9210000,98,14,9,121,53,45
SUPER_3,9220000,180,13,25,218,100,80
SUPER_3,9230000,249,14,27,290,122,127
SUPER_3,9240000,180,22,15,217,89,91
SUPER_3,9250000,242,21,17,280,115,127
SUPER_3,9260000,268,30,19,317,113,155
SUPER_3,9270000,307,30,29,366,154,153
SUPER_3,9280000,126,12,10,148,62,64
SUPER_3,9290000,419,35,42,496,185,234
SUPER_3,9300000,301,29,21,351,148,153
SUPER_3,9310000,170,12,14,196,77,93
SUPER_3,9320000,167,14,10,191,86,81
SUPER_3,9330000,186,18,18,222,84,102
SUPER_3,9340000,234,27,21,282,109,125
SUPER_3,9350000,351,31,32,414,165,186
SUPER_3,9360000,303,27,40,370,138,165
SUPER_3,9370000,312,31,25,368,136,176
SUPER_3,9380000,346,26,29,401,168,178
SUPER_3,9390000,106,9,9,124,44,62
SUPER_3,9400000,29,2,3,34,10,19
SUPER_3,9410000,272,22,24,318,121,151
SUPER_3,9420000,242,28,32,302,112,130
SUPER_3,9430000,293,36,14,343,144,149
SUPER_3,9440000,248,19,22,289,114,134
SUPER_3,9450000,246,29,25,300,125,121
SUPER_3,9460000,150,16,9,175,80,70
SUPER_3,9470000,285,26,33,344,139,146
SUPER_3,9480000,378,30,32,440,175,203
SUPER_3,9490000,198,18,21,237,95,103
SUPER_3,9500000,243,25,25,293,108,135
SUPER_3,9510000,223,23,21,267,119,104
SUPER_3,9520000,224,17,23,264,116,108
SUPER_3,9530000,132,13,8,153,69,63
SUPER_3,9540000,226,13,21,260,98,128
SUPER_3,9550000,194,11,16,221,90,104
SUPER_3,9560000,231,34,18,283,103,128
SUPER_3,9570000,257,34,23,314,122,135
SUPER_3,9580000,215,23,27,265,100,115
SUPER_3,9590000,182,15,19,216,95,87
SUPER_3,9600000,199,20,27,246,99,100
SUPER_3,9610000,234,21,18,273,128,106
SUPER_3,9620000,277,29,31,337,127,150
SUPER_3,9630000,238,22,24,284,119,119
SUPER_3,9640000,305,21,53,379,138,167
SUPER_3,9650000,160,14,12,186,81,79
SUPER_3,9660000,281,30,28,339,146,135
SUPER_3,9670000,367,23,32,422,184,183
SUPER_3,9680000,70,3,1,74,40,30
SUPER_3,9690000,261,34,23,318,123,138
SUPER_3,9700000,255,26,18,299,126,129
SUPER_3,9710000,256,26,27,309,105,151
SUPER_3,9720000,302,36,26,364,125,177
SUPER_3,9730000,196,14,19,229,120,76
SUPER_3,9740000,244,19,19,282,117,127
SUPER_3,9750000,260,20,30,310,127,133
SUPER_3,9760000,209,16,18,243,109,100
SUPER_3,9770000,267,33,22,322,120,147
SUPER_3,9780000,159,23,17,199,83,76
SUPER_3,9790000,254,19,18,291,131,123
SUPER_3,9800000,284,28,23,335,134,150
SUPER_3,9810000,208,21,25,254,104,104
SUPER_3,9820000,184,12,25,221,81,103
SUPER_3,9830000,189,22,20,231,86,103
SUPER_3,9840000,59,4,5,68,23,36
SUPER_3,9850000,50,6,9,65,21,29
SUPER_3,9860000,49,8,7,64,17,32
SUPER_3,9870000,25,5,4,34,11,14
SUPER_3,9880000,31,1,9,41,15,16
SUPER_3,9890000,108,15,11,134,58,50
SUPER_3,9900000,190,22,15,227,80,110
SUPER_3,9910000,262,31,32,325,133,129
SUPER_3,9920000,252,36,21,309,130,122
SUPER_3,9930000,141,10,9,160,72,69
SUPER_3,9940000,193,13,23,229,96,97
SUPER_3,9950000,293,35,26,354,146,147
SUPER_3,9960000,256,29,31,316,133,123
SUPER_3,9970000,240,21,21,282,127,113
SUPER_3,9980000,226,25,17,268,116,110
SUPER_3,9990000,0,1,2,3,0,0
SUPER_3,10000000,26,1,3,30,10,16
SUPER_3,10010000,316,43,17,376,143,173
SUPER_3,10020000,281,32,27,340,138,143
SUPER_3,10030000,195,17,14,226,107,88
SUPER_3,10040000,233,17,13,263,111,122
SUPER_3,10050000,266,28,19,313,138,128
SUPER_3,10060000,203,7,20,230,109,94
SUPER_3,10070000,205,17,12,234,105,100
SUPER_3,10080000,287,38,30,355,139,148
SUPER_3,10090000,253,30,21,304,124,129
SUPER_3,10100000,172,20,19,211,89,83
SUPER_3,10110000,0,0,0,0,0,0
SUPER_3,10120000,0,0,0,0,0,0
SUPER_3,10130000,134,11,15,160,73,61
SUPER_3,10140000,285,29,25,339,157,128
SUPER_3,10150000,162,17,32,211,80,82
SUPER_3,10160000,117,13,6,136,60,57
SUPER_3,10170000,212,16,20,248,96,116
SUPER_3,10180000,227,16,21,264,102,125
SUPER_3,10190000,239,21,21,281,109,130
SUPER_3,10200000,289,29,28,346,136,153
SUPER_3,10210000,171,18,21,210,69,102
SUPER_3,10220000,191,21,23,235,82,109
SUPER_3,10230000,221,21,30,272,95,126
SUPER_3,10240000,255,19,30,304,126,129
SUPER_3,10250000,179,20,18,217,94,85
SUPER_3,10260000,233,33,24,290,103,130
SUPER_3,10270000,327,29,18,374,159,168
SUPER_3,10280000,190,17,18,225,91,99
SUPER_3,10290000,129,12,18,159,62,67
SUPER_3,10300000,209,25,29,263,93,116
SUPER_3,10310000,253,26,24,303,119,134
SUPER_3,10320000,250,28,27,305,122,128
SUPER_3,10330000,170,19,18,207,88,82
SUPER_3,10340000,195,21,19,235,99,96
SUPER_3,10350000,210,11,29,250,92,118
SUPER_3,10360000,136,15,11,162,63,73
SUPER_3,10370000,203,27,18,248,99,104
SUPER_3,10380000,274,28,21,323,131,143
SUPER_3,10390000,302,27,34,363,155,147
SUPER_3,10400000,276,21,29,326,142,134
SUPER_3,10410000,180,17,17,214,91,89
SUPER_3,10420000,306,25,26,357,147,159
SUPER_3,10430000,160,14,14,188,90,70
SUPER_3,10440000,72,7,8,87,38,34
SUPER_3,10450000,139,18,19,176,69,70
SUPER_3,10460000,180,22,21,223,86,94
SUPER_3,10470000,139,12,20,171,68,71
SUPER_3,10480000,196,25,28,249,100,96
SUPER_3,10490000,130,11,13,154,61,69
SUPER_3,10500000,100,10,12,122,57,43
SUPER_3,10510000,29,0,3,32,17,12
SUPER_3,10520000,66,10,10,86,26,40
SUPER_3,10530000,187,15,28,230,89,98
SUPER_3,10540000,145,24,14,183,63,82
SUPER_3,10550000,197,23,23,243,89,108
SUPER_3,10560000,307,31,44,382,142,165
SUPER_3,10570000,213,16,23,252,104,109
SUPER_3,10580000,214,27,26,267,98,116
SUPER_3,10590000,110,16,15,141,65,45
SUPER_3,10600000,193,15,16,224,88,105
SUPER_3,10610000,140,17,19,176,65,75
SUPER_3,10620000,163,12,10,185,80,83
SUPER_3,10630000,190,28,17,235,83,107
SUPER_3,10640000,180,31,22,233,87,93
SUPER_3,10650000,158,12,15,185,87,71
SUPER_3,10660000,233,17,18,268,101,132
SUPER_3,10670000,120,17,12,149,52,68
SUPER_3,10680000,139,20,15,174,68,71
SUPER_3,10690000,188,19,15,222,87,101
SUPER_3,10700000,88,7,9,104,42,46
SUPER_3,10710000,25,1,5,31,16,9
SUPER_3,10720000,123,16,13,152,62,61
SUPER_3,10730000,238,24,24,286,107,131
SUPER_3,10740000,166,16,11,193,77,89
SUPER_3,10750000,140,13,14,167,69,71
SUPER_3,10760000,132,19,8,159,52,80
SUPER_3,10770000,95,16,9,120,49,46
SUPER_3,10780000,92,11,9,112,45,47
SUPER_3,10790000,115,12,10,137,55,60
SUPER_3,10800000,46,8,8,62,19,27
SUPER_3,10810000,91,9,7,107,54,37
SUPER_3,10820000,84,11,10,105,35,49
SUPER_3,10830000,99,8,14,121,52,47
SUPER_3,10840000,232,23,22,277,121,111
SUPER_3,10850000,75,8,6,89,35,40
SUPER_3,10860000,110,16,11,137,60,50
SUPER_3,10870000,221,34,29,284,99,122
SUPER_3,10880000,192,21,21,234,88,104
SUPER_3,10890000,337,25,32,394,166,171
SUPER_3,10900000,87,4,11,102,42,45
SUPER_3,10910000,207,24,22,253,88,119
SUPER_3,10920000,233,18,20,271,117,116
SUPER_3,10930000,293,33,28,354,137,156
SUPER_3,10940000,254,28,23,305,107,147
SUPER_3,10950000,146,18,21,185,72,74
SUPER_3,10960000,230,17,17,264,104,126
SUPER_3,10970000,218,16,22,256,101,117
SUPER_3,10980000,137,14,9,160,64,73
SUPER_3,10990000,285,27,23,335,130,155
SUPER_3,11000000,135,11,10,156,77,58
SUPER_3,11010000,105,7,7,119,63,42
SUPER_3,11020000,253,33,24,310,114,139
SUPER_3,11030000,163,16,11,190,81,82
SUPER_3,11040000,191,15,17,223,95,96
SUPER_3,11050000,179,17,23,219,89,90
SUPER_3,11060000,122,13,19,154,62,60
SUPER_3,11070000,119,12,14,145,54,65
SUPER_3,11080000,157,21,14,192,57,100
SUPER_3,11090000,141,7,9,157,66,75
SUPER_3,11100000,80,9,3,92,48,32
SUPER_3,11110000,134,9,12,155,66,68
SUPER_3,11120000,48,2,2,52,25,23
SUPER_3,11130000,91,21,13,125,35,56
SUPER_3,11140000,95,11,13,119,41,54
SUPER_3,11150000,96,10,11,117,36,60
SUPER_3,11160000,147,18,14,179,59,88
SUPER_3,11170000,179,16,19,214,91,88
SUPER_3,11180000,83,9,4,96,40,43
SUPER_3,11190000,303,26,28,357,133,170
SUPER_3,11200000,91,8,10,109,48,43
SUPER_3,11210000,78,13,2,93,44,34
SUPER_3,11220000,2,0,0,2,1,1
SUPER_3,11230000,3,1,0,4,0,3
SUPER_3,11240000,211,18,18,247,108,103
SUPER_3,11250000,236,34,32,302,127,109
SUPER_3,11260000,152,10,21,183,88,64
SUPER_3,11270000,293,31,32,356,141,152
SUPER_3,11280000,95,10,13,118,51,44
SUPER_3,11290000,276,24,32,332,142,134
SUPER_3,11300000,104,13,3,120,48,56
SUPER_3,11310000,49,5,4,58,27,22
SUPER_3,11320000,68,4,2,74,40,28
SUPER_3,11330000,211,16,23,250,106,105
SUPER_3,11340000,220,17,21,258,95,125
SUPER_3,11350000,264,29,16,309,131,133
SUPER_3,11360000,204,25,14,243,92,112
SUPER_3,11370000,135,10,7,152,64,71
SUPER_3,11380000,116,9,9,134,58,58
SUPER_3,11390000,255,23,17,295,134,121
SUPER_3,11400000,210,23,18,251,106,104
SUPER_3,11410000,286,29,22,337,131,155
SUPER_3,11420000,192,15,26,233,100,92
SUPER_3,11430000,248,28,24,300,116,132
SUPER_3,11440000,165,15,16,196,84,81
SUPER_3,11450000,282,40,26,348,140,142
SUPER_3,11460000,210,18,21,249,107,103
SUPER_3,11470000,192,15,21,228,94,98
SUPER_3,11480000,108,10,12,130,55,53
SUPER_3,11490000,202,14,14,230,97,105
SUPER_3,11500000,255,20,35,310,127,128
SUPER_3,11510000,318,35,28,381,175,143
SUPER_3,11520000,222,24,20,266,106,116
SUPER_3,11530000,212,18,23,253,96,116
SUPER_3,11540000,287,25,21,333,143,144
SUPER_3,11550000,178,26,11,215,96,82
SUPER_3,11560000,100,7,12,119,49,51
SUPER_3,11570000,220,18,13,251,101,119
SUPER_3,11580000,266,27,32,325,141,125
SUPER_3,11590000,202,21,19,242,106,96
SUPER_3,11600000,385,35,43,463,207,178
SUPER_3,11610000,305,32,28,365,143,162
SUPER_3,11620000,249,22,20,291,115,134
SUPER_3,11630000,298,23,19,340,143,155
SUPER_3,11640000,254,31,25,310,124,130
SUPER_3,11650000,241,23,18,282,115,126
SUPER_3,11660000,229,22,26,277,110,119
SUPER_3,11670000,123,9,13,145,62,61
SUPER_3,11680000,93,7,8,108,43,50
SUPER_3,11690000,33,3,7,43,17,16
SUPER_3,11700000,314,25,32,371,154,160
SUPER_3,11710000,257,30,23,310,118,139
SUPER_3,11720000,227,25,21,273,114,113
SUPER_3,11730000,231,27,30,288,113,118
SUPER_3,11740000,277,27,32,336,151,126
SUPER_3,11750000,239,27,29,295,114,125
SUPER_3,11760000,278,46,20,344,123,155
SUPER_3,11770000,361,34,31,426,180,181
SUPER_3,11780000,263,19,21,303,125,138
SUPER_3,11790000,218,22,19,259,107,111
SUPER_3,11800000,119,11,14,144,54,65
SUPER_3,11810000,264,42,26,332,124,140
SUPER_3,11820000,227,13,23,263,136,91
SUPER_3,11830000,217,25,22,264,113,104
SUPER_3,11840000,223,18,22,263,100,123
SUPER_3,11850000,392,41,25,458,200,192
SUPER_3,11860000,110,7,10,127,58,52
SUPER_3,11870000,137,9,14,160,63,74
SUPER_3,11880000,123,12,10,145,60,63
SUPER_3,11890000,160,11,15,186,75,85
SUPER_3,11900000,162,9,14,185,81,81
SUPER_3,11910000,264,29,22,315,132,132
SUPER_3,11920000,310,39,21,370,174,136
SUPER_3,11930000,267,16,25,308,130,137
SUPER_3,11940000,267,35,27,329,124,143
SUPER_3,11950000,261,34,24,319,120,141
SUPER_3,11960000,302,32,35,369,141,161
SUPER_3,11970000,284,28,32,344,132,152
SUPER_3,11980000,285,29,21,335,129,156
SUPER_3,11990000,337,31,23,391,181,156
SUPER_3,12000000,258,16,34,308,131,127
SUPER_3,12010000,269,21,24,314,136,133
SUPER_3,12020000,101,14,11,126,46,55
SUPER_3,12030000,218,18,22,258,108,110
SUPER_3,12040000,282,34,17,333,124,158
SUPER_3,12050000,311,35,31,377,150,161
SUPER_3,12060000,300,34,30,364,133,167
SUPER_3,12070000,348,37,35,420,165,183
SUPER_3,12080000,255,22,15,292,132,123
SUPER_3,12090000,229,24,21,274,117,112
SUPER_3,12100000,240,38,30,308,120,120
SUPER_3,12110000,124,15,12,151,61,63
SUPER_3,12120000,377,39,33,449,173,204
SUPER_3,12130000,313,32,32,377,154,159
SUPER_3,12140000,145,10,13,168,84,61
SUPER_3,12150000,228,23,28,279,106,122
SUPER_3,12160000,411,54,29,494,201,210
SUPER_3,12170000,238,25,22,285,117,121
SUPER_3,12180000,96,17,10,123,45,51
SUPER_3,12190000,82,7,14,103,41,41
SUPER_3,12200000,243,32,23,298,116,127
SUPER_3,12210000,162,16,25,203,68,94
SUPER_3,12220000,221,28,21,270,102,119
SUPER_3,12230000,243,36,31,310,122,121
SUPER_3,12240000,239,31,25,295,87,152
SUPER_3,12250000,86,11,16,113,44,42
SUPER_3,12260000,278,26,21,325,152,126
SUPER_3,12270000,328,35,55,418,169,159
SUPER_3,12280000,316,27,31,374,158,158
SUPER_3,12290000,202,28,19,249,96,106
SUPER_3,12300000,162,14,16,192,69,93
SUPER_3,12310000,412,40,39,491,216,196
SUPER_3,12320000,329,21,30,380,143,186
SUPER_3,12330000,324,26,24,374,174,150
SUPER_3,12340000,325,33,27,385,163,162
SUPER_3,12350000,351,35,38,424,163,188
SUPER_3,12360000,309,32,31,372,140,169
SUPER_3,12370000,270,27,22,319,127,143
SUPER_3,12380000,201,27,26,254,98,103
SUPER_3,12390000,1,1,0,2,1,0
SUPER_3,12400000,161,16,11,188,74,87
SUPER_3,12410000,297,25,24,346,156,141
SUPER_3,12420000,244,22,19,285,117,127
SUPER_3,12430000,404,39,27,470,178,226
SUPER_3,12440000,244,16,18,278,111,133
SUPER_3,12450000,1,1,0,2,1,0
SUPER_3,12460000,210,26,17,253,109,101
SUPER_3,12470000,355,38,28,421,178,177
SUPER_3,12480000,396,45,39,480,196,200
SUPER_3,12490000,279,29,46,354,133,146
SUPER_3,12500000,366,24,22,412,179,187
SUPER_3,12510000,342,26,27,395,177,165
SUPER_3,12520000,204,24,27,255,94,110
SUPER_3,12530000,236,27,24,287,118,118
SUPER_3,12540000,385,50,28,463,194,191
SUPER_3,12550000,357,31,35,423,165,192
SUPER_3,12560000,226,15,24,265,118,108
SUPER_3,12570000,239,27,20,286,116,123
SUPER_3,12580000,305,21,25,351,148,157
SUPER_3,12590000,334,22,42,398,150,184
SUPER_3,12600000,379,45,44,468,180,199
SUPER_3,12610000,112,11,13,136,62,50
SUPER_3,12620000,241,19,16,276,121,120
SUPER_3,12630000,227,27,26,280,113,114
SUPER_3,12640000,134,21,16,171,65,69
SUPER_3,12650000,128,15,19,162,57,71
SUPER_3,12660000,197,25,27,249,95,102
SUPER_3,12670000,213,25,16,254,106,107
SUPER_3,12680000,307,32,26,365,157,150
SUPER_3,12690000,337,20,32,389,166,171
SUPER_3,12700000,390,36,40,466,201,189
SUPER_3,12710000,298,20,21,339,165,133
SUPER_3,12720000,38,5,6,49,22,16
SUPER_3,12730000,229,16,14,259,131,98
SUPER_3,12740000,404,54,38,496,192,212
SUPER_3,12750000,345,29,31,405,181,164
SUPER_3,12760000,342,31,23,396,179,163
SUPER_3,12770000,427,35,35,497,204,223
SUPER_3,12780000,184,20,13,217,88,96
SUPER_3,12790000,180,12,13,205,85,95
SUPER_3,12800000,325,39,23,387,145,180
SUPER_3,12810000,294,26,26,346,149,145
SUPER_3,12820000,311,21,34,366,170,141
SUPER_3,12830000,267,21,33,321,117,150
SUPER_3,12840000,324,34,26,384,162,162
SUPER_3,12850000,214,21,21,256,104,110
SUPER_3,12860000,79,8,3,90,34,45
SUPER_3,12870000,150,10,17,177,77,73
SUPER_3,12880000,205,16,25,246,94,111
SUPER_3,12890000,281,22,28,331,140,141
SUPER_3,12900000,185,17,18,220,96,89
SUPER_3,12910000,248,19,13,280,134,114
SUPER_3,12920000,383,52,38,473,183,200
SUPER_3,12930000,360,37,35,432,175,185
SUPER_3,12940000,451,46,46,543,213,238
SUPER_3,12950000,266,30,29,325,140,126
SUPER_3,12960000,380,45,42,467,171,209
SUPER_3,12970000,409,36,44,489,194,215
SUPER_3,12980000,353,19,25,397,147,206
SUPER_3,12990000,415,35,36,486,195,220
SUPER_3,13000000,433,43,48,524,206,227
SUPER_3,13010000,276,32,23,331,144,132
SUPER_3,13020000,338,29,23,390,168,170
SUPER_3,13030000,231,15,16,262,103,128
SUPER_3,13040000,338,40,34,412,157,181
SUPER_3,13050000,31,2,1,34,22,9
SUPER_3,13060000,118,12,11,141,62,56
SUPER_3,13070000,164,22,16,202,89,75
SUPER_3,13080000,351,23,39,413,190,161
SUPER_3,13090000,324,31,23,378,156,168
SUPER_3,13100000,301,24,17,342,154,147
SUPER_3,13110000,314,35,27,376,156,158
SUPER_3,13120000,251,25,25,301,123,128
SUPER_3,13130000,249,25,26,300,119,130
SUPER_3,13140000,0,1,0,1,0,0
SUPER_3,13150000,318,25,25,368,138,180
SUPER_3,13160000,227,20,20,267,118,109
SUPER_3,13170000,406,37,33,476,201,205
SUPER_3,13180000,256,23,16,295,143,113
SUPER_3,13190000,298,32,28,358,142,156
SUPER_3,13200000,210,37,20,267,99,111
SUPER_3,13210000,250,24,30,304,122,128
SUPER_3,13220000,299,38,29,366,145,154
SUPER_3,13230000,195,17,19,231,93,102
SUPER_3,13240000,225,28,19,272,98,127
SUPER_3,13250000,302,28,17,347,154,148
SUPER_3,13260000,314,37,13,364,153,161
SUPER_3,13270000,315,21,21,357,160,155
SUPER_3,13280000,314,29,28,371,146,168
SUPER_3,13290000,131,15,13,159,71,60
SUPER_3,13300000,227,19,15,261,97,130
SUPER_3,13310000,379,30,30,439,187,192
SUPER_3,13320000,9,2,3,14,5,4
SUPER_3,13330000,280,22,23,325,131,149
SUPER_3,13340000,216,19,17,252,101,115
SUPER_3,13350000,352,20,37,409,153,199
SUPER_3,13360000,373,40,34,447,190,183
SUPER_3,13370000,354,32,35,421,176,178
SUPER_3,13380000,354,53,48,455,177,177
SUPER_3,13390000,244,17,19,280,120,124
SUPER_3,13400000,402,28,34,464,207,195
SUPER_3,13410000,166,18,18,202,80,86
SUPER_3,13420000,296,24,22,342,139,157
SUPER_3,13430000,291,26,24,341,156,135
SUPER_3,13440000,350,33,35,418,178,172
SUPER_3,13450000,268,25,22,315,136,132
SUPER_3,13460000,192,10,10,212,94,98
SUPER_3,13470000,199,16,22,237,98,101
SUPER_3,13480000,325,28,31,384,175,150
SUPER_3,13490000,362,40,31,433,168,194
SUPER_3,13500000,494,52,57,603,209,285
SUPER_3,13510000,338,22,33,393,155,183
SUPER_3,13520000,337,32,25,394,161,176
SUPER_3,13530000,206,22,24,252,88,118
SUPER_3,13540000,245,20,22,287,106,139
SUPER_3,13550000,442,41,36,519,206,236
SUPER_3,13560000,123,18,15,156,61,62
SUPER_3,13570000,239,15,12,266,114,125
SUPER_3,13580000,230,23,17,270,113,117
SUPER_3,13590000,331,34,30,395,180,151
SUPER_3,13600000,322,41,46,409,147,175
SUPER_3,13610000,199,25,31,255,107,92
SUPER_3,13620000,258,24,14,296,125,133
SUPER_3,13630000,236,21,19,276,110,126
SUPER_3,13640000,336,31,30,397,165,171
SUPER_3,13650000,238,36,24,298,110,128
SUPER_3,13660000,348,32,39,419,159,189
SUPER_3,13670000,372,38,38,448,170,202
SUPER_3,13680000,247,25,29,301,101,146
SUPER_3,13690000,204,19,11,234,110,94
SUPER_3,13700000,222,18,18,258,132,90
SUPER_3,13710000,63,8,9,80,28,35
SUPER_3,13720000,159,18,13,190,76,83
SUPER_3,13730000,197,20,15,232,96,101
SUPER_3,13740000,377,35,32,444,170,207
SUPER_3,13750000,185,18,12,215,90,95
SUPER_3,13760000,121,7,19,147,60,61
SUPER_3,13770000,287,30,28,345,138,149
SUPER_3,13780000,248,28,28,304,121,127
SUPER_3,13790000,323,27,29,379,178,145
SUPER_3,13800000,267,24,21,312,140,127
SUPER_3,13810000,281,27,23,331,144,137
SUPER_3,13820000,229,16,26,271,119,110
SUPER_3,13830000,135,12,26,173,66,69
SUPER_3,13840000,201,16,9,226,104,97
SUPER_3,13850000,201,18,15,234,82,119
SUPER_3,13860000,255,24,22,301,121,134
SUPER_3,13870000,229,29,24,282,115,114
SUPER_3,13880000,156,15,13,184,67,89
SUPER_3,13890000,32,7,1,40,13,19
SUPER_3,13900000,117,17,13,147,58,59
SUPER_3,13910000,299,23,29,351,120,179
SUPER_3,13920000,134,18,11,163,62,72
SUPER_3,13930000,198,24,18,240,101,97
SUPER_3,13940000,198,18,11,227,94,104
SUPER_3,13950000,194,15,14,223,96,98
SUPER_3,13960000,157,16,22,195,74,83
SUPER_3,13970000,214,24,27,265,115,99
SUPER_3,13980000,261,20,27,308,132,129
SUPER_3,13990000,238,18,21,277,117,121
SUPER_3,14000000,122,10,14,146,63,59
SUPER_3,14010000,212,24,15,251,116,96
SUPER_3,14020000,196,23,23,242,88,108
SUPER_3,14030000,30,2,4,36,17,13
SUPER_3,14040000,0,1,0,1,0,0
SUPER_3,14050000,45,3,7,55,16,29
SUPER_3,14060000,0,0,0,0,0,0
SUPER_3,14070000,0,0,0,0,0,0
SUPER_3,14080000,0,0,0,0,0,0
SUPER_3,14090000,0,0,0,0,0,0
SUPER_3,14100000,0,0,0,0,0,0
SUPER_3,14110000,0,0,0,0,0,0
SUPER_3,14120000,180,12,11,203,95,85
SUPER_3,14130000,80,5,6,91,42,38
SUPER_3,14140000,234,30,29,293,109,125
SUPER_3,14150000,324,31,28,383,139,185
SUPER_3,14160000,360,28,33,421,195,165
SUPER_3,14170000,283,32,27,342,148,135
SUPER_3,14180000,340,22,27,389,162,178
SUPER_3,14190000,383,36,28,447,197,186
SUPER_3,14200000,248,20,21,289,126,122
SUPER_3,14210000,276,32,28,336,140,136
SUPER_3,14220000,412,36,33,481,206,206
SUPER_3,14230000,292,25,30,347,160,132
SUPER_3,14240000,375,33,38,446,184,191
SUPER_3,14250000,335,37,35,407,156,179
SUPER_3,14260000,350,27,38,415,162,188
SUPER_3,14270000,354,31,31,416,179,175
SUPER_3,14280000,382,36,39,457,178,204
SUPER_3,14290000,245,23,23,291,113,132
SUPER_3,14300000,180,18,12,210,88,92
SUPER_3,14310000,49,4,2,55,26,23
SUPER_3,14320000,168,16,19,203,80,88
SUPER_3,14330000,83,7,7,97,39,44
SUPER_3,14340000,84,5,8,97,50,34
SUPER_3,14350000,314,34,39,387,153,161
SUPER_3,14360000,226,21,16,263,112,114
SUPER_3,14370000,228,12,16,256,109,119
SUPER_3,14380000,257,32,18,307,135,122
SUPER_3,14390000,136,8,20,164,67,69
SUPER_3,14400000,200,17,15,232,101,99
SUPER_3,14410000,191,20,24,235,95,96
SUPER_3,14420000,317,33,34,384,146,171
SUPER_3,14430000,149,10,11,170,65,84
SUPER_3,14440000,331,42,27,400,162,169
SUPER_3,14450000,281,26,27,334,141,140
SUPER_3,14460000,346,33,29,408,172,174
SUPER_3,14470000,265,25,24,314,138,127
SUPER_3,14480000,148,12,13,173,62,86
SUPER_3,14490000,391,35,35,461,171,220
SUPER_3,14500000,303,28,26,357,159,144
SUPER_3,14510000,127,16,8,151,76,51
SUPER_3,14520000,345,23,32,400,178,167
SUPER_3,14530000,283,23,20,326,148,135
SUPER_3,14540000,230,26,28,284,123,107
SUPER_3,14550000,406,38,49,493,213,193
SUPER_3,14560000,274,24,28,326,123,151
SUPER_3,14570000,201,20,28,249,85,116
SUPER_3,14580000,213,25,26,264,106,107
SUPER_3,14590000,281,31,30,342,154,127
SUPER_3,14600000,213,21,17,251,104,109
SUPER_3,14610000,232,18,22,272,104,128
SUPER_3,14620000,239,18,33,290,116,123
SUPER_3,14630000,338,30,23,391,170,168
SUPER_3,14640000,231,19,25,275,105,126
SUPER_3,14650000,147,11,3,161,81,66
SUPER_3,14660000,228,24,16,268,125,103
SUPER_3,14670000,190,21,18,229,88,102
SUPER_3,14680000,208,15,12,235,116,92
SUPER_3,14690000,228,25,12,265,113,115
SUPER_3,14700000,171,17,14,202,91,80
SUPER_3,14710000,144,17,8,169,72,72
SUPER_3,14720000,84,8,6,98,46,38
SUPER_3,14730000,120,13,9,142,56,64
SUPER_3,14740000,251,27,18,296,119,132
SUPER_3,14750000,286,33,28,347,140,146
SUPER_3,14760000,202,27,19,248,102,100
SUPER_3,14770000,373,24,31,428,177,196
SUPER_3,14780000,285,32,23,340,125,160
SUPER_3,14790000,323,42,36,401,147,176
SUPER_3,14800000,251,25,18,294,123,128
SUPER_3,14810000,195,28,22,245,96,99
SUPER_3,14820000,166,19,12,197,83,83
SUPER_3,14830000,263,23,16,302,137,126
SUPER_3,14840000,243,26,25,294,129,114
SUPER_3,14850000,121,9,12,142,66,55
SUPER_3,14860000,98,10,6,114,50,48
SUPER_3,14870000,165,11,17,193,80,85
SUPER_3,14880000,185,13,19,217,89,96
SUPER_3,14890000,177,21,15,213,76,101
SUPER_3,14900000,128,12,13,153,60,68
SUPER_3,14910000,255,27,36,318,127,128
SUPER_3,14920000,301,32,22,355,169,132
SUPER_3,14930000,179,14,19,212,99,80
SUPER_3,14940000,269,20,27,316,122,147
SUPER_3,14950000,314,26,25,365,166,148
SUPER_3,14960000,256,24,16,296,134,122
SUPER_3,14970000,114,7,15,136,53,61
SUPER_3,14980000,303,33,24,360,145,158
SUPER_3,14990000,298,26,24,348,154,144
SUPER_3,15000000,239,24,13,276,126,113
SUPER_3,15010000,195,19,11,225,102,93
SUPER_3,15020000,297,37,33,367,151,146
SUPER_3,15030000,250,18,19,287,120,130
SUPER_3,15040000,252,21,21,294,121,131
SUPER_3,15050000,211,17,24,252,107,104
SUPER_3,15060000,4,0,0,4,1,3
SUPER_3,15070000,170,4,16,190,90,80
SUPER_3,15080000,262,26,19,307,132,130
SUPER_3,15090000,8,0,0,8,4,4
SUPER_3,15100000,114,12,10,136,52,62
SUPER_3,15110000,281,27,30,338,140,141
SUPER_3,15120000,315,23,25,363,157,158
SUPER_3,15130000,271,24,33,328,149,122
SUPER_3,15140000,206,12,16,234,117,89
SUPER_3,15150000,183,9,11,203,99,84
SUPER_3,15160000,0,0,0,0,0,0
SUPER_3,15170000,0,0,0,0,0,0
SUPER_3,15180000,0,0,0,0,0,0
SUPER_3,15190000,0,0,0,0,0,0
SUPER_3,15200000,59,6,6,71,36,23
SUPER_3,15210000,44,2,5,51,24,20
SUPER_3,15220000,77,5,7,89,41,36
SUPER_3,15230000,2,1,1,4,2,0
SUPER_4,10000,0,0,0,0,0,0
SUPER_4,20000,0,0,0,0,0,0
SUPER_4,30000,0,0,0,0,0,0
SUPER_4,40000,0,0,0,0,0,0
SUPER_4,50000,0,0,0,0,0,0
SUPER_4,60000,0,0,0,0,0,0
SUPER_4,70000,0,0,0,0,0,0
SUPER_4,80000,0,0,0,0,0,0
SUPER_4,90000,0,0,0,0,0,0
SUPER_4,100000,0,0,0,0,0,0
SUPER_4,110000,71,16,9,96,35,36
SUPER_4,120000,111,10,9,130,53,58
SUPER_4,130000,73,1,7,81,43,30
SUPER_4,140000,220,28,16,264,121,99
SUPER_4,150000,189,15,17,221,93,96
SUPER_4,160000,176,12,7,195,95,81
SUPER_4,170000,205,36,14,255,87,118
SUPER_4,180000,139,18,8,165,71,68
SUPER_4,190000,144,15,13,172,74,70
SUPER_4,200000,181,17,12,210,98,83
SUPER_4,210000,266,16,14,296,147,119
SUPER_4,220000,119,4,12,135,52,67
SUPER_4,230000,185,22,17,224,88,97
SUPER_4,240000,191,20,15,226,98,93
SUPER_4,250000,218,23,9,250,111,107
SUPER_4,260000,283,23,25,331,137,146
SUPER_4,270000,82,5,9,96,42,40
SUPER_4,280000,271,18,23,312,163,108
SUPER_4,290000,0,0,0,0,0,0
SUPER_4,300000,0,0,0,0,0,0
SUPER_4,310000,375,31,24,430,181,194
SUPER_4,320000,91,11,13,115,41,50
SUPER_4,330000,326,22,21,369,174,152
SUPER_4,340000,300,27,33,360,142,158
SUPER_4,350000,280,26,19,325,134,146
SUPER_4,360000,174,15,16,205,94,80
SUPER_4,370000,194,22,14,230,91,103
SUPER_4,380000,241,32,20,293,109,132
SUPER_4,390000,225,22,24,271,126,99
SUPER_4,400000,376,28,28,432,189,187
SUPER_4,410000,119,7,17,143,56,63
SUPER_4,420000,296,16,23,335,158,138
SUPER_4,430000,284,23,24,331,135,149
SUPER_4,440000,49,5,2,56,23,26
SUPER_4,450000,132,21,7,160,64,68
SUPER_4,460000,279,27,23,329,140,139
SUPER_4,470000,158,20,4,182,83,75
SUPER_4,480000,326,23,26,375,147,179
SUPER_4,490000,235,26,19,280,107,128
SUPER_4,500000,171,12,16,199,82,89
SUPER_4,510000,0,0,0,0,0,0
SUPER_4,520000,0,0,0,0,0,0
SUPER_4,530000,259,14,17,290,125,134
SUPER_4,540000,205,22,17,244,97,108
SUPER_4,550000,261,24,19,304,124,137
SUPER_4,560000,303,22,32,357,150,153
SUPER_4,570000,235,24,19,278,131,104
SUPER_4,580000,221,8,13,242,132,89
SUPER_4,590000,163,17,10,190,85,78
SUPER_4,600000,196,25,16,237,109,87
SUPER_4,610000,136,11,9,156,78,58
SUPER_4,620000,176,12,6,194,87,89
SUPER_4,630000,210,22,21,253,122,88
SUPER_4,640000,361,32,28,421,170,191
SUPER_4,650000,303,24,19,346,162,141
SUPER_4,660000,387,32,37,456,196,191
SUPER_4,670000,305,32,30,367,153,152
SUPER_4,680000,157,10,17,184,80,77
SUPER_4,690000,380,36,21,437,187,193
SUPER_4,700000,277,30,12,319,137,140
SUPER_4,710000,270,24,17,311,139,131
SUPER_4,720000,155,19,8,182,78,77
SUPER_4,730000,362,35,32,429,185,177
SUPER_4,740000,220,26,19,265,100,120
SUPER_4,750000,337,29,36,402,160,177
SUPER_4,760000,336,29,25,390,159,177
SUPER_4,770000,178,12,10,200,91,87
SUPER_4,780000,266,16,19,301,122,144
SUPER_4,790000,316,32,25,373,142,174
SUPER_4,800000,342,38,20,400,170,172
SUPER_4,810000,298,28,24,350,159,139
SUPER_4,820000,246,14,31,291,130,116
SUPER_4,830000,326,26,32,384,162,164
SUPER_4,840000,409,46,24,479,163,246
SUPER_4,850000,344,23,35,402,182,162
SUPER_4,860000,115,17,8,140,63,52
SUPER_4,870000,160,16,20,196,74,86
SUPER_4,880000,205,15,13,233,125,80
SUPER_4,890000,285,21,18,324,145,140
SUPER_4,900000,158,11,21,190,78,80
SUPER_4,910000,145,10,17,172,82,63
SUPER_4,920000,1,1,0,2,0,1
SUPER_4,930000,177,14,22,213,97,80
SUPER_4,940000,14,1,0,15,3,11
SUPER_4,950000,212,4,2,218,71,141
SUPER_4,960000,181,13,13,207,90,91
SUPER_4,970000,277,29,13,319,147,130
SUPER_4,980000,275,26,29,330,121,154
SUPER_4,990000,289,25,23,337,148,141
SUPER_4,1000000,216,19,10,245,127,89
SUPER_4,1010000,302,27,21,350,141,161
SUPER_4,1020000,298,27,23,348,145,153
SUPER_4,1030000,196,18,14,228,105,91
SUPER_4,1040000,369,39,22,430,152,217
SUPER_4,1050000,331,26,27,384,172,159
SUPER_4,1060000,333,33,25,391,174,159
SUPER_4,1070000,383,37,34,454,200,183
SUPER_4,1080000,504,46,29,579,241,263
SUPER_4,1090000,384,36,36,456,186,198
SUPER_4,1100000,218,33,21,272,114,104
SUPER_4,1110000,134,11,7,152,68,66
SUPER_4,1120000,277,31,31,339,140,137
SUPER_4,1130000,323,31,37,391,155,168
SUPER_4,1140000,281,23,28,332,146,135
SUPER_4,1150000,244,25,15,284,113,131
SUPER_4,1160000,52,6,3,61,28,24
SUPER_4,1170000,41,4,6,51,21,20
SUPER_4,1180000,353,38,19,410,190,163
SUPER_4,1190000,1,0,0,1,1,0
SUPER_4,1200000,321,38,33,392,158,163
SUPER_4,1210000,198,16,16,230,103,95
SUPER_4,1220000,356,43,33,432,161,195
SUPER_4,1230000,403,37,32,472,197,206
SUPER_4,1240000,329,28,31,388,158,171
SUPER_4,1250000,382,29,28,439,190,192
SUPER_4,1260000,230,17,15,262,130,100
SUPER_4,1270000,340,37,27,404,183,157
SUPER_4,1280000,383,34,30,447,183,200
SUPER_4,1290000,283,28,22,333,130,153
SUPER_4,1300000,120,15,16,151,57,63
SUPER_4,1310000,221,16,19,256,112,109
SUPER_4,1320000,230,23,24,277,131,99
SUPER_4,1330000,362,34,22,418,176,186
SUPER_4,1340000,287,25,14,326,139,148
SUPER_4,1350000,324,20,23,367,160,164
SUPER_4,1360000,316,36,27,379,143,173
SUPER_4,1370000,346,29,33,408,173,173
SUPER_4,1380000,306,14,30,350,143,163
SUPER_4,1390000,326,19,27,372,153,173
SUPER_4,1400000,283,28,17,328,135,148
SUPER_4,1410000,184,17,10,211,95,89
SUPER_4,1420000,286,22,30,338,130,156
SUPER_4,1430000,282,20,22,324,145,137
SUPER_4,1440000,301,19,25,345,149,152
SUPER_4,1450000,313,35,34,382,162,151
SUPER_4,1460000,102,0,11,113,67,35
SUPER_4,1470000,53,4,3,60,31,22
SUPER_4,1480000,225,11,25,261,116,109
SUPER_4,1490000,253,17,24,294,129,124
SUPER_4,1500000,338,28,36,402,165,173
SUPER_4,1510000,337,39,24,400,156,181
SUPER_4,1520000,313,42,27,382,157,156
SUPER_4,1530000,303,29,27,359,145,158
SUPER_4,1540000,262,26,17,305,139,123
SUPER_4,1550000,384,35,29,448,211,173
SUPER_4,1560000,290,20,30,340,155,135
SUPER_4,1570000,293,26,37,356,163,130
SUPER_4,1580000,233,21,19,273,120,113
SUPER_4,1590000,236,21,17,274,118,118
SUPER_4,1600000,0,0,0,0,0,0
SUPER_4,1610000,0,0,0,0,0,0
SUPER_4,1620000,537,57,40,634,278,259
SUPER_4,1630000,267,22,34,323,137,130
SUPER_4,1640000,158,11,12,181,76,82
SUPER_4,1650000,343,30,33,406,164,179
SUPER_4,1660000,334,32,31,397,179,155
SUPER_4,1670000,254,25,23,302,125,129
SUPER_4,1680000,283,20,16,319,145,138
SUPER_4,1690000,307,34,22,363,150,157
SUPER_4,1700000,190,13,9,212,95,95
SUPER_4,1710000,244,20,21,285,142,102
SUPER_4,1720000,96,13,14,123,42,54
SUPER_4,1730000,378,41,26,445,179,199
SUPER_4,1740000,404,41,32,477,188,216
SUPER_4,1750000,316,30,28,374,165,151
SUPER_4,1760000,385,33,41,459,201,184
SUPER_4,1770000,348,35,27,410,183,165
SUPER_4,1780000,276,18,26,320,145,131
SUPER_4,1790000,369,25,28,422,187,182
SUPER_4,1800000,155,8,14,177,71,84
SUPER_4,1810000,291,20,32,343,149,142
SUPER_4,1820000,148,20,12,180,62,86
SUPER_4,1830000,92,9,5,106,42,50
SUPER_4,1840000,422,41,44,507,198,224
SUPER_4,1850000,274,30,20,324,146,128
SUPER_4,1860000,217,18,20,255,116,101
SUPER_4,1870000,331,38,28,397,171,160
SUPER_4,1880000,367,30,24,421,185,182
SUPER_4,1890000,331,32,26,389,152,179
SUPER_4,1900000,289,29,15,333,147,142
SUPER_4,1910000,264,27,16,307,120,144
SUPER_4,1920000,300,29,25,354,143,157
SUPER_4,1930000,334,29,22,385,164,170
SUPER_4,1940000,289,32,21,342,122,167
SUPER_4,1950000,294,21,25,340,142,152
SUPER_4,1960000,356,34,47,437,177,179
SUPER_4,1970000,193,18,18,229,95,98
SUPER_4,1980000,0,0,0,0,0,0
SUPER_4,1990000,0,0,0,0,0,0
SUPER_4,2000000,438,42,37,517,216,222
SUPER_4,2010000,241,25,13,279,120,121
SUPER_4,2020000,109,11,10,130,56,53
SUPER_4,2030000,201,20,17,238,99,102
SUPER_4,2040000,196,10,13,219,95,101
SUPER_4,2050000,165,11,17,193,84,81
SUPER_4,2060000,0,0,0,0,0,0
SUPER_4,2070000,0,0,0,0,0,0
SUPER_4,2080000,274,27,21,322,135,139
SUPER_4,2090000,143,25,10,178,62,81
SUPER_4,2100000,25,2,3,30,17,8
SUPER_4,2110000,105,21,17,143,54,51
SUPER_4,2120000,110,20,4,134,48,62
SUPER_4,2130000,268,8,35,311,139,129
SUPER_4,2140000,248,31,17,296,107,141
SUPER_4,2150000,123,13,14,150,56,67
SUPER_4,2160000,232,20,26,278,114,118
SUPER_4,2170000,212,24,15,251,111,101
SUPER_4,2180000,0,0,0,0,0,0
SUPER_4,2190000,0,0,0,0,0,0
SUPER_4,2200000,404,40,26,470,200,204
SUPER_4,2210000,333,25,30,388,161,172
SUPER_4,2220000,278,31,32,341,149,129
SUPER_4,2230000,145,13,16,174,83,62
SUPER_4,2240000,192,7,24,223,89,103
SUPER_4,2250000,300,23,31,354,143,157
SUPER_4,2260000,281,18,26,325,131,150
SUPER_4,2270000,251,22,26,299,110,141
SUPER_4,2280000,411,56,32,499,207,204
SUPER_4,2290000,15,2,1,18,6,9
SUPER_4,2300000,198,12,28,238,92,106
SUPER_4,2310000,272,29,15,316,144,128
SUPER_4,2320000,257,26,24,307,113,144
SUPER_4,2330000,248,22,25,295,126,122
SUPER_4,2340000,244,32,21,297,119,125
SUPER_4,2350000,213,20,8,241,97,116
SUPER_4,2360000,173,6,20,199,94,79
SUPER_4,2370000,356,25,27,408,164,192
SUPER_4,2380000,278,33,22,333,135,143
SUPER_4,2390000,390,39,38,467,196,194
SUPER_4,2400000,195,20,12,227,94,101
SUPER_4,2410000,213,19,12,244,99,114
SUPER_4,2420000,329,44,19,392,159,170
SUPER_4,2430000,335,37,28,400,160,175
SUPER_4,2440000,268,28,20,316,133,135
SUPER_4,2450000,0,0,0,0,0,0
SUPER_4,2460000,0,0,0,0,0,0
SUPER_4,2470000,449,44,45,538,210,239
SUPER_4,2480000,340,27,27,394,166,174
SUPER_4,2490000,194,31,18,243,98,96
SUPER_4,2500000,250,24,22,296,110,140
SUPER_4,2510000,199,22,17,238,103,96
SUPER_4,2520000,254,23,26,303,126,128
SUPER_4,2530000,237,19,13,269,115,122
SUPER_4,2540000,219,20,27,266,115,104
SUPER_4,2550000,258,28,20,306,125,133
SUPER_4,2560000,206,17,16,239,92,114
SUPER_4,2570000,265,25,33,323,132,133
SUPER_4,2580000,230,18,26,274,115,115
SUPER_4,2590000,141,7,7,155,69,72
SUPER_4,2600000,82,11,9,102,37,45
SUPER_4,2610000,453,42,43,538,199,254
SUPER_4,2620000,355,28,30,413,191,164
SUPER_4,2630000,173,13,10,196,90,83
SUPER_4,2640000,113,6,20,139,58,55
SUPER_4,2650000,208,25,22,255,102,106
SUPER_4,2660000,183,11,13,207,94,89
SUPER_4,2670000,317,24,27,368,157,160
SUPER_4,2680000,371,27,40,438,185,186
SUPER_4,2690000,316,36,33,385,171,145
SUPER_4,2700000,206,20,24,250,115,91
SUPER_4,2710000,255,26,25,306,119,136
SUPER_4,2720000,306,37,29,372,130,176
SUPER_4,2730000,331,34,34,399,159,172
SUPER_4,2740000,300,20,30,350,132,168
SUPER_4,2750000,75,8,5,88,38,37
SUPER_4,2760000,283,18,21,322,138,145
SUPER_4,2770000,355,33,35,423,178,177
SUPER_4,2780000,65,11,9,85,32,33
SUPER_4,2790000,321,24,21,366,162,159
SUPER_4,2800000,253,16,28,297,115,138
SUPER_4,2810000,338,39,35,412,167,171
SUPER_4,2820000,306,25,37,368,149,157
SUPER_4,2830000,269,24,19,312,133,136
SUPER_4,2840000,245,24,27,296,138,107
SUPER_4,2850000,260,24,22,306,124,136
SUPER_4,2860000,131,13,22,166,75,56
SUPER_4,2870000,126,19,12,157,76,50
SUPER_4,2880000,165,18,11,194,76,89
SUPER_4,2890000,234,26,20,280,111,123
SUPER_4,2900000,190,33,26,249,82,108
SUPER_4,2910000,229,26,17,272,117,112
SUPER_4,2920000,116,11,11,138,55,61
SUPER_4,2930000,339,28,22,389,186,153
SUPER_4,2940000,360,50,31,441,165,195
SUPER_4,2950000,377,31,31,439,179,198
SUPER_4,2960000,282,26,27,335,139,143
SUPER_4,2970000,247,17,29,293,127,120
SUPER_4,2980000,311,24,32,367,141,170
SUPER_4,2990000,271,23,24,318,131,140
SUPER_4,3000000,342,30,28,400,155,187
SUPER_4,3010000,109,17,7,133,61,48
SUPER_4,3020000,236,23,18,277,128,108
SUPER_4,3030000,288,28,21,337,146,142
SUPER_4,3040000,202,20,14,236,96,106
SUPER_4,3050000,115,11,11,137,61,54
SUPER_4,3060000,341,37,30,408,164,177
SUPER_4,3070000,204,23,20,247,105,99
SUPER_4,3080000,410,43,58,511,204,206
SUPER_4,3090000,279,28,38,345,139,140
SUPER_4,3100000,391,41,22,454,183,208
SUPER_4,3110000,290,26,29,345,151,139
SUPER_4,3120000,334,35,31,400,177,157
SUPER_4,3130000,332,28,22,382,153,179
SUPER_4,3140000,315,32,19,366,151,164
SUPER_4,3150000,285,28,19,332,142,143
SUPER_4,3160000,207,14,12,233,102,105
SUPER_4,3170000,248,17,15,280,126,122
SUPER_4,3180000,136,16,11,163,62,74
SUPER_4,3190000,81,8,5,94,40,41
SUPER_4,3200000,240,12,20,272,116,124
SUPER_4,3210000,318,26,35,379,151,167
SUPER_4,3220000,300,25,27,352,139,161
SUPER_4,3230000,325,41,31,397,144,181
SUPER_4,3240000,298,27,30,355,144,154
SUPER_4,3250000,288,19,31,338,130,158
SUPER_4,3260000,178,17,26,221,82,96
SUPER_4,3270000,223,15,20,258,124,99
SUPER_4,3280000,116,12,8,136,70,46
SUPER_4,3290000,204,22,14,240,115,89
SUPER_4,3300000,333,23,17,373,174,159
SUPER_4,3310000,263,20,31,314,144,119
SUPER_4,3320000,109,10,14,133,51,58
SUPER_4,3330000,155,19,14,188,80,75
SUPER_4,3340000,130,12,6,148,58,72
SUPER_4,3350000,295,36,28,359,143,152
SUPER_4,3360000,287,24,18,329,137,150
SUPER_4,3370000,288,25,18,331,150,138
SUPER_4,3380000,61,4,6,71,26,35
SUPER_4,3390000,265,29,26,320,125,140
SUPER_4,3400000,177,12,13,202,94,83
SUPER_4,3410000,202,21,11,234,89,113
SUPER_4,3420000,231,25,15,271,120,111
SUPER_4,3430000,209,13,24,246,113,96
SUPER_4,3440000,183,17,12,212,88,95
SUPER_4,3450000,108,14,14,136,41,67
SUPER_4,3460000,468,50,41,559,238,230
SUPER_4,3470000,321,27,27,375,159,162
SUPER_4,3480000,203,16,22,241,96,107
SUPER_4,3490000,214,17,15,246,92,122
SUPER_4,3500000,392,41,19,452,196,196
SUPER_4,3510000,287,25,21,333,135,152
SUPER_4,3520000,221,30,22,273,133,88
SUPER_4,3530000,205,18,19,242,93,112
SUPER_4,3540000,382,36,29,447,201,181
SUPER_4,3550000,364,23,28,415,189,175
SUPER_4,3560000,238,17,27,282,127,111
SUPER_4,3570000,169,15,17,201,77,92
SUPER_4,3580000,323,33,31,387,160,163
SUPER_4,3590000,321,35,24,380,150,171
SUPER_4,3600000,227,16,21,264,111,116
SUPER_4,3610000,131,15,9,155,65,66
SUPER_4,3620000,11,3,1,15,5,6
SUPER_4,3630000,289,27,31,347,135,154
SUPER_4,3640000,184,32,12,228,82,102
SUPER_4,3650000,147,16,9,172,75,72
SUPER_4,3660000,279,15,20,314,142,137
SUPER_4,3670000,36,4,2,42,21,15
SUPER_4,3680000,186,19,14,219,87,99
SUPER_4,3690000,497,42,44,583,243,254
SUPER_4,3700000,118,7,5,130,61,57
SUPER_4,3710000,30,1,4,35,11,19
SUPER_4,3720000,0,0,1,1,0,0
SUPER_4,3730000,424,27,35,486,219,205
SUPER_4,3740000,247,22,37,306,137,110
SUPER_4,3750000,98,8,13,119,52,46
SUPER_4,3760000,150,17,12,179,80,70
SUPER_4,3770000,218,18,17,253,117,101
SUPER_4,3780000,0,0,0,0,0,0
SUPER_4,3790000,0,0,0,0,0,0
SUPER_4,3800000,0,0,0,0,0,0
SUPER_4,3810000,0,0,0,0,0,0
SUPER_4,3820000,0,0,0,0,0,0
SUPER_4,3830000,0,0,0,0,0,0
SUPER_4,3840000,687,60,59,806,327,360
SUPER_4,3850000,82,5,4,91,41,41
SUPER_4,3860000,0,0,1,1,0,0
SUPER_4,3870000,3,1,1,5,1,2
SUPER_4,3880000,248,17,14,279,135,113
SUPER_4,3890000,273,21,20,314,143,130
SUPER_4,3900000,264,30,23,317,128,136
SUPER_4,3910000,249,32,20,301,115,134
SUPER_4,3920000,311,23,26,360,153,158
SUPER_4,3930000,154,10,16,180,71,83
SUPER_4,3940000,221,21,21,263,127,94
SUPER_4,3950000,214,26,28,268,115,99
SUPER_4,3960000,248,20,25,293,124,124
SUPER_4,3970000,224,19,20,263,101,123
SUPER_4,3980000,222,28,18,268,107,115
SUPER_4,3990000,168,6,13,187,78,90
SUPER_4,4000000,183,21,16,220,85,98
SUPER_4,4010000,236,20,26,282,95,141
SUPER_4,4020000,93,7,12,112,50,43
SUPER_4,4030000,164,14,21,199,87,77
SUPER_4,4040000,246,16,20,282,115,131
SUPER_4,4050000,133,23,14,170,66,67
SUPER_4,4060000,252,27,22,301,120,132
SUPER_4,4070000,305,25,21,351,161,144
SUPER_4,4080000,24,8,0,32,14,10
SUPER_4,4090000,178,27,20,225,88,90
SUPER_4,4100000,228,23,26,277,113,115
SUPER_4,4110000,268,22,25,315,147,121
SUPER_4,4120000,221,25,19,265,126,95
SUPER_4,4130000,172,16,13,201,88,84
SUPER_4,4140000,127,14,11,152,60,67
SUPER_4,4150000,241,25,18,284,127,114
SUPER_4,4160000,139,18,16,173,67,72
SUPER_4,4170000,261,27,24,312,127,134
SUPER_4,4180000,327,28,25,380,147,180
SUPER_4,4190000,280,25,19,324,148,132
SUPER_4,4200000,262,22,29,313,125,137
SUPER_4,4210000,0,0,0,0,0,0
SUPER_4,4220000,0,0,0,0,0,0
SUPER_4,4230000,328,36,25,389,171,157
SUPER_4,4240000,311,28,22,361,145,166
SUPER_4,4250000,137,11,10,158,68,69
SUPER_4,4260000,411,36,46,493,175,236
SUPER_4,4270000,357,35,28,420,169,188
SUPER_4,4280000,204,18,16,238,91,113
SUPER_4,4290000,421,25,46,492,198,223
SUPER_4,4300000,349,30,30,409,168,181
SUPER_4,4310000,228,16,7,251,101,127
SUPER_4,4320000,216,23,14,253,114,102
SUPER_4,4330000,274,18,20,312,154,120
SUPER_4,4340000,309,33,23,365,151,158
SUPER_4,4350000,349,25,47,421,180,169
SUPER_4,4360000,202,16,21,239,97,105
SUPER_4,4370000,0,0,1,1,0,0
SUPER_4,4380000,113,6,11,130,54,59
SUPER_4,4390000,311,28,26,365,133,178
SUPER_4,4400000,421,45,40,506,201,220
SUPER_4,4410000,397,43,48,488,184,213
SUPER_4,4420000,366,37,28,431,184,182
SUPER_4,4430000,297,30,10,337,128,169
SUPER_4,4440000,110,14,10,134,44,66
SUPER_4,4450000,0,0,1,1,0,0
SUPER_4,4460000,3,0,0,3,3,0
SUPER_4,4470000,53,4,5,62,26,27
SUPER_4,4480000,284,28,24,336,139,145
SUPER_4,4490000,204,18,24,246,96,108
SUPER_4,4500000,295,38,16,349,158,137
SUPER_4,4510000,209,20,26,255,95,114
SUPER_4,4520000,253,25,26,304,121,132
SUPER_4,4530000,443,42,46,531,210,233
SUPER_4,4540000,228,35,21,284,103,125
SUPER_4,4550000,275,22,33,330,131,144
SUPER_4,4560000,237,20,28,285,112,125
SUPER_4,4570000,244,29,21,294,105,139
SUPER_4,4580000,291,32,36,359,125,166
SUPER_4,4590000,290,28,30,348,137,153
SUPER_4,4600000,285,29,27,341,134,151
SUPER_4,4610000,276,37,14,327,143,133
SUPER_4,4620000,279,18,16,313,142,137
SUPER_4,4630000,192,14,19,225,97,95
SUPER_4,4640000,119,13,16,148,60,59
SUPER_4,4650000,256,18,16,290,128,128
SUPER_4,4660000,362,37,34,433,166,196
SUPER_4,4670000,221,25,26,272,106,115
SUPER_4,4680000,118,6,7,131,74,44
SUPER_4,4690000,278,29,31,338,125,153
SUPER_4,4700000,270,20,30,320,133,137
SUPER_4,4710000,294,24,36,354,147,147
SUPER_4,4720000,187,16,16,219,90,97
SUPER_4,4730000,289,22,27,338,129,160
SUPER_4,4740000,155,16,14,185,70,85
SUPER_4,4750000,1,0,0,1,1,0
SUPER_4,4760000,12,1,1,14,4,8
SUPER_4,4770000,145,15,20,180,67,78
SUPER_4,4780000,252,29,19,300,108,144
SUPER_4,4790000,287,26,22,335,131,156
SUPER_4,4800000,318,30,33,381,140,178
SUPER_4,4810000,225,27,20,272,95,130
SUPER_4,4820000,404,25,48,477,206,198
SUPER_4,4830000,0,0,0,0,0,0
SUPER_4,4840000,0,0,0,0,0,0
SUPER_4,4850000,479,30,41,550,222,257
SUPER_4,4860000,103,12,12,127,57,46
SUPER_4,4870000,239,14,27,280,118,121
SUPER_4,4880000,274,28,32,334,128,146
SUPER_4,4890000,246,19,21,286,118,128
SUPER_4,4900000,330,35,20,385,153,177
SUPER_4,4910000,302,20,27,349,152,150
SUPER_4,4920000,381,32,48,461,178,203
SUPER_4,4930000,318,31,30,379,160,158
SUPER_4,4940000,343,43,21,407,174,169
SUPER_4,4950000,299,31,24,354,141,158
SUPER_4,4960000,278,26,20,324,135,143
SUPER_4,4970000,307,27,23,357,156,151
SUPER_4,4980000,295,34,39,368,146,149
SUPER_4,4990000,411,43,44,498,182,229
SUPER_4,5000000,240,26,25,291,122,118
SUPER_4,5010000,263,26,22,311,139,124
SUPER_4,5020000,289,20,32,341,137,152
SUPER_4,5030000,173,14,18,205,72,101
SUPER_4,5040000,268,28,19,315,122,146
SUPER_4,5050000,225,19,21,265,139,86
SUPER_4,5060000,229,12,21,262,102,127
SUPER_4,5070000,347,33,33,413,163,184
SUPER_4,5080000,199,17,26,242,103,96
SUPER_4,5090000,291,32,20,343,155,136
SUPER_4,5100000,172,18,11,201,97,75
SUPER_4,5110000,215,25,23,263,97,118
SUPER_4,5120000,143,12,16,171,75,68
SUPER_4,5130000,1,0,0,1,0,1
SUPER_4,5140000,200,17,13,230,111,89
SUPER_4,5150000,269,27,27,323,131,138
SUPER_4,5160000,294,29,34,357,138,156
SUPER_4,5170000,374,39,36,449,178,196
SUPER_4,5180000,265,24,27,316,139,126
SUPER_4,5190000,313,28,23,364,157,156
SUPER_4,5200000,263,27,19,309,114,149
SUPER_4,5210000,298,22,31,351,129,169
SUPER_4,5220000,356,29,26,411,173,183
SUPER_4,5230000,253,25,15,293,131,122
SUPER_4,5240000,257,21,26,304,115,142
SUPER_4,5250000,355,30,37,422,176,179
SUPER_4,5260000,136,16,15,167,79,57
SUPER_4,5270000,174,16,13,203,84,90
SUPER_4,5280000,156,9,9,174,73,83
SUPER_4,5290000,284,19,32,335,143,141
SUPER_4,5300000,319,46,36,401,147,172
SUPER_4,5310000,322,22,26,370,141,181
SUPER_4,5320000,290,29,17,336,134,156
SUPER_4,5330000,213,22,19,254,96,117
SUPER_4,5340000,310,23,22,355,148,162
SUPER_4,5350000,302,25,24,351,146,156
SUPER_4,5360000,270,28,24,322,137,133
SUPER_4,5370000,164,20,15,199,81,83
SUPER_4,5380000,266,30,27,323,136,130
SUPER_4,5390000,177,24,20,221,87,90
SUPER_4,5400000,200,19,20,239,87,113
SUPER_4,5410000,183,20,20,223,92,91
SUPER_4,5420000,171,15,10,196,85,86
SUPER_4,5430000,118,14,12,144,64,54
SUPER_4,5440000,176,12,13,201,90,86
SUPER_4,5450000,235,28,14,277,118,117
SUPER_4,5460000,315,37,25,377,162,153
SUPER_4,5470000,217,17,21,255,119,98
SUPER_4,5480000,166,15,20,201,93,73
SUPER_4,5490000,192,16,22,230,104,88
SUPER_4,5500000,171,10,7,188,100,71
SUPER_4,5510000,139,18,14,171,61,78
SUPER_4,5520000,150,11,10,171,68,82
SUPER_4,5530000,38,2,2,42,22,16
SUPER_4,5540000,92,6,2,100,47,45
SUPER_4,5550000,59,5,5,69,25,34
SUPER_4,5560000,194,33,26,253,89,105
SUPER_4,5570000,176,18,21,215,89,87
SUPER_4,5580000,105,12,13,130,52,53
SUPER_4,5590000,204,20,18,242,109,95
SUPER_4,5600000,314,31,11,356,147,167
SUPER_4,5610000,229,22,32,283,112,117
SUPER_4,5620000,72,10,2,84,39,33
SUPER_4,5630000,262,21,26,309,135,127
SUPER_4,5640000,325,31,41,397,135,190
SUPER_4,5650000,218,25,22,265,125,93
SUPER_4,5660000,158,18,14,190,74,84
SUPER_4,5670000,340,20,30,390,167,173
SUPER_4,5680000,202,17,22,241,94,108
SUPER_4,5690000,143,13,12,168,79,64
SUPER_4,5700000,158,22,17,197,74,84
SUPER_4,5710000,142,15,14,171,68,74
SUPER_4,5720000,236,29,17,282,111,125
SUPER_4,5730000,210,26,18,254,93,117
SUPER_4,5740000,142,11,10,163,79,63
SUPER_4,5750000,98,8,14,120,54,44
SUPER_4,5760000,217,16,21,254,105,112
SUPER_4,5770000,172,24,16,212,75,97
SUPER_4,5780000,298,31,17,346,144,154
SUPER_4,5790000,193,16,20,229,111,82
SUPER_4,5800000,113,11,14,138,57,56
SUPER_4,5810000,181,8,16,205,88,93
SUPER_4,5820000,180,34,19,233,78,102
SUPER_4,5830000,135,10,20,165,76,59
SUPER_4,5840000,177,16,21,214,85,92
SUPER_4,5850000,179,18,11,208,92,87
SUPER_4,5860000,266,31,32,329,128,138
SUPER_4,5870000,200,17,14,231,102,98
SUPER_4,5880000,301,26,26,353,161,140
SUPER_4,5890000,244,33,18,295,111,133
SUPER_4,5900000,125,20,13,158,66,59
SUPER_4,5910000,318,33,17,368,160,158
SUPER_4,5920000,256,26,20,302,135,121
SUPER_4,5930000,133,8,6,147,66,67
SUPER_4,5940000,132,14,17,163,72,60
SUPER_4,5950000,267,28,28,323,133,134
SUPER_4,5960000,110,10,14,134,56,54
SUPER_4,5970000,70,8,9,87,31,39
SUPER_4,5980000,134,21,18,173,58,76
SUPER_4,5990000,110,13,10,133,42,68
SUPER_4,6000000,183,16,11,210,99,84
SUPER_4,6010000,155,10,15,180,73,82
SUPER_4,6020000,378,35,24,437,214,164
SUPER_4,6030000,168,14,15,197,67,101
SUPER_4,6040000,147,11,10,168,72,75
SUPER_4,6050000,72,7,4,83,42,30
SUPER_4,6060000,45,1,1,47,22,23
SUPER_4,6070000,217,20,19,256,111,106
SUPER_4,6080000,138,9,14,161,77,61
SUPER_4,6090000,102,9,6,117,49,53
SUPER_4,6100000,128,9,17,154,60,68
SUPER_4,6110000,154,9,13,176,69,85
SUPER_4,6120000,169,14,15,198,81,88
SUPER_4,6130000,150,12,15,177,71,79
SUPER_4,6140000,257,26,24,307,119,138
SUPER_4,6150000,258,25,31,314,112,146
SUPER_4,6160000,214,15,21,250,92,122
SUPER_4,6170000,160,20,16,196,64,96
SUPER_4,6180000,166,15,11,192,83,83
SUPER_4,6190000,140,14,14,168,76,64
SUPER_4,6200000,133,12,14,159,54,79
SUPER_4,6210000,179,11,26,216,87,92
SUPER_4,6220000,122,17,20,159,54,68
SUPER_4,6230000,193,20,23,236,92,101
SUPER_4,6240000,43,5,8,56,21,22
SUPER_4,6250000,24,4,4,32,9,15
SUPER_4,6260000,71,5,6,82,35,36
SUPER_4,6270000,119,8,1,128,64,55
SUPER_4,6280000,61,7,9,77,29,32
SUPER_4,6290000,46,7,8,61,25,21
SUPER_4,6300000,82,9,8,99,43,39
SUPER_4,6310000,85,4,9,98,39,46
SUPER_4,6320000,116,12,7,135,57,59
SUPER_4,6330000,113,14,15,142,51,62
SUPER_4,6340000,122,12,13,147,68,54
SUPER_4,6350000,153,16,15,184,63,90
SUPER_4,6360000,52,3,14,69,37,15
SUPER_4,6370000,107,14,10,131,66,41
SUPER_4,6380000,149,13,9,171,79,70
SUPER_4,6390000,152,16,16,184,66,86
SUPER_4,6400000,177,20,14,211,90,87
SUPER_4,6410000,193,24,21,238,83,110
SUPER_4,6420000,207,24,20,251,96,111
SUPER_4,6430000,247,25,20,292,119,128
SUPER_4,6440000,173,14,20,207,86,87
SUPER_4,6450000,160,21,17,198,80,80
SUPER_4,6460000,155,13,16,184,76,79
SUPER_4,6470000,245,25,28,298,107,138
SUPER_4,6480000,347,43,34,424,161,186
SUPER_4,6490000,335,32,29,396,150,185
SUPER_4,6500000,220,14,26,260,101,119
SUPER_4,6510000,65,9,8,82,35,30
SUPER_4,6520000,263,22,26,311,124,139
SUPER_4,6530000,178,18,15,211,87,91
SUPER_4,6540000,97,6,13,116,49,48
SUPER_4,6550000,196,15,21,232,91,105
SUPER_4,6560000,254,29,31,314,118,136
SUPER_4,6570000,147,19,14,180,71,76
SUPER_4,6580000,220,20,26,266,113,107
SUPER_4,6590000,134,9,11,154,66,68
SUPER_4,6600000,95,9,9,113,56,39
SUPER_4,6610000,211,21,23,255,109,102
SUPER_4,6620000,327,28,27,382,157,170
SUPER_4,6630000,198,24,14,236,89,109
SUPER_4,6640000,71,8,7,86,29,42
SUPER_4,6650000,36,6,4,46,19,17
SUPER_4,6660000,159,17,17,193,75,84
SUPER_4,6670000,264,36,25,325,141,123
SUPER_4,6680000,182,14,25,221,89,93
SUPER_4,6690000,99,17,12,128,40,59
SUPER_4,6700000,188,19,11,218,92,96
SUPER_4,6710000,198,14,16,228,89,109
SUPER_4,6720000,173,11,20,204,81,92
SUPER_4,6730000,137,18,13,168,79,58
SUPER_4,6740000,116,21,10,147,62,54
SUPER_4,6750000,173,15,18,206,95,78
SUPER_4,6760000,249,25,24,298,118,131
SUPER_4,6770000,262,31,19,312,139,123
SUPER_4,6780000,318,21,34,373,158,160
SUPER_4,6790000,182,20,19,221,90,92
SUPER_4,6800000,140,10,15,165,54,86
SUPER_4,6810000,126,24,12,162,61,65
SUPER_4,6820000,174,21,15,210,73,101
SUPER_4,6830000,172,17,12,201,84,88
SUPER_4,6840000,141,10,7,158,61,80
SUPER_4,6850000,141,18,6,165,79,62
SUPER_4,6860000,40,6,7,53,24,16
SUPER_4,6870000,52,4,7,63,25,27
SUPER_4,6880000,220,17,18,255,113,107
SUPER_4,6890000,169,20,13,202,90,79
SUPER_4,6900000,84,9,16,109,46,38
SUPER_4,6910000,126,9,10,145,57,69
SUPER_4,6920000,172,14,26,212,72,100
SUPER_4,6930000,203,20,16,239,114,89
SUPER_4,6940000,223,12,20,255,104,119
SUPER_4,6950000,183,21,15,219,76,107
SUPER_4,6960000,97,7,12,116,48,49
SUPER_4,6970000,190,21,21,232,96,94
SUPER_4,6980000,284,27,18,329,138,146
SUPER_4,6990000,284,34,21,339,135,149
SUPER_4,7000000,166,20,15,201,72,94
SUPER_4,7010000,159,15,13,187,89,70
SUPER_4,7020000,234,22,35,291,118,116
SUPER_4,7030000,272,22,34,328,132,140
SUPER_4,7040000,201,21,24,246,106,95
SUPER_4,7050000,260,26,27,313,132,128
SUPER_4,7060000,205,18,19,242,109,96
SUPER_4,7070000,132,11,11,154,57,75
SUPER_4,7080000,211,22,17,250,105,106
SUPER_4,7090000,208,19,28,255,108,100
SUPER_4,7100000,68,6,10,84,32,36
SUPER_4,7110000,116,11,8,135,59,57
SUPER_4,7120000,192,12,15,219,88,104
SUPER_4,7130000,217,24,14,255,106,111
SUPER_4,7140000,68,6,16,90,32,36
SUPER_4,7150000,126,11,9,146,52,74
SUPER_4,7160000,86,12,11,109,45,41
SUPER_4,7170000,77,6,9,92,31,46
SUPER_4,7180000,187,14,15,216,85,102
SUPER_4,7190000,105,14,9,128,54,51
SUPER_4,7200000,115,18,10,143,52,63
SUPER_4,7210000,198,17,33,248,86,112
SUPER_4,7220000,142,11,9,162,77,65
SUPER_4,7230000,200,16,18,234,105,95
SUPER_4,7240000,280,26,23,329,121,159
SUPER_4,7250000,229,18,19,266,112,117
SUPER_4,7260000,233,20,33,286,94,139
SUPER_4,7270000,239,22,31,292,128,111
SUPER_4,7280000,107,20,17,144,47,60
SUPER_4,7290000,155,21,12,188,82,73
SUPER_4,7300000,123,14,11,148,58,65
SUPER_4,7310000,148,19,22,189,59,89
SUPER_4,7320000,123,17,22,162,61,62
SUPER_4,7330000,129,13,9,151,67,62
SUPER_4,7340000,3,0,0,3,1,2
SUPER_4,7350000,0,1,0,1,0,0
SUPER_4,7360000,0,0,0,0,0,0
SUPER_4,7370000,0,0,0,0,0,0
SUPER_4,7380000,1,1,2,4,0,1
SUPER_4,7390000,0,0,2,2,0,0
SUPER_4,7400000,2,1,1,4,0,2
SUPER_4,7410000,94,15,15,124,55,39
SUPER_4,7420000,211,15,21,247,94,117
SUPER_4,7430000,242,22,23,287,117,125
SUPER_4,7440000,194,19,20,233,100,94
SUPER_4,7450000,153,22,21,196,67,86
SUPER_4,7460000,87,12,9,108,44,43
SUPER_4,7470000,285,33,26,344,138,147
SUPER_4,7480000,278,27,25,330,130,148
SUPER_4,7490000,205,18,20,243,91,114
SUPER_4,7500000,79,14,8,101,47,32
SUPER_4,7510000,100,9,9,118,44,56
SUPER_4,7520000,130,22,12,164,55,75
SUPER_4,7530000,221,27,18,266,100,121
SUPER_4,7540000,177,16,16,209,90,87
SUPER_4,7550000,276,37,35,348,133,143
SUPER_4,7560000,153,15,16,184,61,92
SUPER_4,7570000,92,12,14,118,43,49
SUPER_4,7580000,127,7,14,148,62,65
SUPER_4,7590000,256,14,22,292,126,130
SUPER_4,7600000,196,15,18,229,93,103
SUPER_4,7610000,250,29,23,302,111,139
SUPER_4,7620000,106,9,8,123,55,51
SUPER_4,7630000,157,14,11,182,69,88
SUPER_4,7640000,187,20,28,235,93,94
SUPER_4,7650000,232,25,16,273,101,131
SUPER_4,7660000,159,11,16,186,102,57
SUPER_4,7670000,224,26,24,274,105,119
SUPER_4,7680000,216,17,17,250,106,110
SUPER_4,7690000,214,25,25,264,98,116
SUPER_4,7700000,207,21,18,246,102,105
SUPER_4,7710000,113,18,14,145,46,67
SUPER_4,7720000,152,15,11,178,77,75
SUPER_4,7730000,153,15,13,181,84,69
SUPER_4,7740000,167,13,15,195,94,73
SUPER_4,7750000,213,22,14,249,112,101
SUPER_4,7760000,139,6,7,152,72,67
SUPER_4,7770000,135,10,9,154,75,60
SUPER_4,7780000,179,15,14,208,85,94
SUPER_4,7790000,211,16,23,250,109,102
SUPER_4,7800000,153,11,16,180,84,69
SUPER_4,7810000,150,14,8,172,70,80
SUPER_4,7820000,58,8,2,68,30,28
SUPER_4,7830000,0,1,0,1,0,0
SUPER_4,7840000,1,0,0,1,1,0
SUPER_4,7850000,256,44,19,319,131,125
SUPER_4,7860000,86,15,8,109,41,45
SUPER_4,7870000,60,8,6,74,30,30
SUPER_4,7880000,25,3,3,31,10,15
SUPER_4,7890000,222,24,26,272,108,114
SUPER_4,7900000,120,19,14,153,68,52
SUPER_4,7910000,141,18,16,175,73,68
SUPER_4,7920000,130,14,15,159,64,66
SUPER_4,7930000,205,20,19,244,112,93
SUPER_4,7940000,200,18,24,242,87,113
SUPER_4,7950000,276,19,18,313,153,123
SUPER_4,7960000,244,28,21,293,115,129
SUPER_4,7970000,68,14,9,91,33,35
SUPER_4,7980000,213,16,17,246,101,112
SUPER_4,7990000,274,30,20,324,139,135
SUPER_4,8000000,237,18,19,274,114,123
SUPER_4,8010000,88,7,14,109,38,50
SUPER_4,8020000,324,30,37,391,156,168
SUPER_4,8030000,260,32,19,311,116,144
SUPER_4,8040000,55,5,5,65,23,32
SUPER_4,8050000,142,16,11,169,75,67
SUPER_4,8060000,248,23,14,285,116,132
SUPER_4,8070000,150,29,17,196,80,70
SUPER_4,8080000,153,12,14,179,79,74
SUPER_4,8090000,192,14,15,221,96,96
SUPER_4,8100000,49,7,5,61,26,23
SUPER_4,8110000,124,17,9,150,71,53
SUPER_4,8120000,103,14,15,132,51,52
SUPER_4,8130000,95,13,9,117,54,41
SUPER_4,8140000,150,14,16,180,78,72
SUPER_4,8150000,171,14,18,203,75,96
SUPER_4,8160000,174,16,16,206,85,89
SUPER_4,8170000,263,33,22,318,129,134
SUPER_4,8180000,275,30,24,329,140,135
SUPER_4,8190000,208,20,19,247,111,97
SUPER_4,8200000,102,20,10,132,55,47
SUPER_4,8210000,129,19,17,165,67,62
SUPER_4,8220000,71,4,9,84,35,36
SUPER_4,8230000,169,23,11,203,76,93
SUPER_4,8240000,69,12,6,87,33,36
SUPER_4,8250000,160,21,13,194,82,78
SUPER_4,8260000,149,15,13,177,71,78
SUPER_4,8270000,168,10,16,194,69,99
SUPER_4,8280000,125,14,12,151,56,69
SUPER_4,8290000,64,8,8,80,31,33
SUPER_4,8300000,90,6,9,105,43,47
SUPER_4,8310000,194,22,12,228,97,97
SUPER_4,8320000,145,15,16,176,77,68
SUPER_4,8330000,186,16,18,220,82,104
SUPER_4,8340000,260,22,28,310,121,139
SUPER_4,8350000,240,31,27,298,105,135
SUPER_4,8360000,295,32,38,365,146,149
SUPER_4,8370000,292,18,29,339,134,158
SUPER_4,8380000,240,26,32,298,121,119
SUPER_4,8390000,129,11,7,147,62,67
SUPER_4,8400000,196,24,13,233,109,87
SUPER_4,8410000,279,32,25,336,129,150
SUPER_4,8420000,317,20,35,372,144,173
SUPER_4,8430000,232,29,25,286,118,114
SUPER_4,8440000,146,15,16,177,80,66
SUPER_4,8450000,209,23,16,248,92,117
SUPER_4,8460000,144,16,22,182,72,72
SUPER_4,8470000,144,19,15,178,72,72
SUPER_4,8480000,96,8,13,117,48,48
SUPER_4,8490000,229,23,23,275,118,111
SUPER_4,8500000,147,13,18,178,66,81
SUPER_4,8510000,91,17,11,119,47,44
SUPER_4,8520000,139,18,16,173,69,70
SUPER_4,8530000,83,10,10,103,38,45
SUPER_4,8540000,156,13,9,178,84,72
SUPER_4,8550000,159,12,9,180,75,84
SUPER_4,8560000,175,20,22,217,89,86
SUPER_4,8570000,174,22,17,213,95,79
SUPER_4,8580000,203,17,12,232,98,105
SUPER_4,8590000,310,27,31,368,155,155
SUPER_4,8600000,203,19,21,243,91,112
SUPER_4,8610000,259,30,24,313,133,126
SUPER_4,8620000,279,25,20,324,123,156
SUPER_4,8630000,71,11,5,87,39,32
SUPER_4,8640000,223,27,23,273,115,108
SUPER_4,8650000,226,29,22,277,111,115
SUPER_4,8660000,141,21,12,174,62,79
SUPER_4,8670000,124,10,16,150,62,62
SUPER_4,8680000,74,6,11,91,40,34
SUPER_4,8690000,182,22,14,218,88,94
SUPER_4,8700000,106,7,16,129,56,50
SUPER_4,8710000,138,12,11,161,76,62
SUPER_4,8720000,314,27,24,365,152,162
SUPER_4,8730000,124,15,15,154,59,65
SUPER_4,8740000,104,13,11,128,53,51
SUPER_4,8750000,229,22,20,271,124,105
SUPER_4,8760000,273,25,30,328,131,142
SUPER_4,8770000,154,12,15,181,69,85
SUPER_4,8780000,242,21,17,280,115,127
SUPER_4,8790000,221,18,19,258,102,119
SUPER_4,8800000,220,32,25,277,102,118
SUPER_4,8810000,213,28,22,263,107,106
SUPER_4,8820000,183,13,26,222,91,92
SUPER_4,8830000,133,11,14,158,66,67
SUPER_4,8840000,83,12,10,105,37,46
SUPER_4,8850000,102,6,7,115,45,57
SUPER_4,8860000,133,12,13,158,62,71
SUPER_4,8870000,287,26,20,333,133,154
SUPER_4,8880000,202,16,12,230,94,108
SUPER_4,8890000,91,12,11,114,35,56
SUPER_4,8900000,275,21,18,314,139,136
SUPER_4,8910000,276,27,25,328,125,151
SUPER_4,8920000,318,34,35,387,146,172
SUPER_4,8930000,300,21,31,352,140,160
SUPER_4,8940000,362,20,35,417,176,186
SUPER_4,8950000,323,32,36,391,144,179
SUPER_4,8960000,265,31,18,314,129,136
SUPER_4,8970000,317,27,30,374,152,165
SUPER_4,8980000,286,24,29,339,140,146
SUPER_4,8990000,257,23,29,309,116,141
SUPER_4,9000000,358,35,25,418,162,196
SUPER_4,9010000,316,31,34,381,162,154
SUPER_4,9020000,154,19,17,190,75,79
SUPER_4,9030000,141,13,22,176,69,72
SUPER_4,9040000,144,9,12,165,79,65
SUPER_4,9050000,181,14,20,215,92,89
SUPER_4,9060000,143,12,15,170,59,84
SUPER_4,9070000,144,8,14,166,68,76
SUPER_4,9080000,182,20,21,223,93,89
SUPER_4,9090000,252,29,30,311,110,142
SUPER_4,9100000,287,27,29,343,147,140
SUPER_4,9110000,285,15,34,334,142,143
SUPER_4,9120000,42,5,7,54,19,23
SUPER_4,9130000,79,10,3,92,36,43
SUPER_4,9140000,117,15,10,142,55,62
SUPER_4,9150000,118,9,10,137,56,62
SUPER_4,9160000,95,2,4,101,59,36
SUPER_4,9170000,148,19,10,177,71,77
SUPER_4,9180000,132,21,11,164,62,70
SUPER_4,9190000,242,22,30,294,131,111
SUPER_4,9200000,261,28,16,305,135,126
SUPER_4,9210000,187,12,18,217,91,96
SUPER_4,9220000,226,27,21,274,105,121
SUPER_4,9230000,243,18,20,281,139,104
SUPER_4,9240000,239,20,17,276,119,120
SUPER_4,9250000,291,29,35,355,133,158
SUPER_4,9260000,181,17,9,207,89,92
SUPER_4,9270000,294,25,27,346,164,130
SUPER_4,9280000,331,40,37,408,162,169
SUPER_4,9290000,265,15,32,312,128,137
SUPER_4,9300000,191,18,11,220,93,98
SUPER_4,9310000,339,14,33,386,152,187
SUPER_4,9320000,130,14,13,157,49,81
SUPER_4,9330000,300,25,24,349,154,146
SUPER_4,9340000,140,20,12,172,64,76
SUPER_4,9350000,243,24,31,298,134,109
SUPER_4,9360000,317,31,32,380,145,172
SUPER_4,9370000,265,26,20,311,127,138
SUPER_4,9380000,294,23,20,337,144,150
SUPER_4,9390000,343,34,20,397,168,175
SUPER_4,9400000,280,32,29,341,127,153
SUPER_4,9410000,300,31,41,372,141,159
SUPER_4,9420000,292,29,25,346,152,140
SUPER_4,9430000,188,13,23,224,90,98
SUPER_4,9440000,380,35,34,449,192,188
SUPER_4,9450000,287,25,19,331,146,141
SUPER_4,9460000,211,18,20,249,107,104
SUPER_4,9470000,207,18,20,245,115,92
SUPER_4,9480000,282,25,26,333,130,152
SUPER_4,9490000,204,25,19,248,98,106
SUPER_4,9500000,313,24,33,370,162,151
SUPER_4,9510000,249,30,20,299,123,126
SUPER_4,9520000,145,17,15,177,62,83
SUPER_4,9530000,9,4,0,13,8,1
SUPER_4,9540000,295,21,21,337,149,146
SUPER_4,9550000,395,29,44,468,192,203
SUPER_4,9560000,297,27,39,363,155,142
SUPER_4,9570000,130,14,15,159,64,66
SUPER_4,9580000,206,19,20,245,105,101
SUPER_4,9590000,282,24,25,331,134,148
SUPER_4,9600000,73,9,8,90,37,36
SUPER_4,9610000,281,27,28,336,135,146
SUPER_4,9620000,43,2,1,46,25,18
SUPER_4,9630000,135,11,16,162,71,64
SUPER_4,9640000,263,31,24,318,118,145
SUPER_4,9650000,334,34,43,411,160,174
SUPER_4,9660000,285,17,22,324,148,137
SUPER_4,9670000,284,25,22,331,149,135
SUPER_4,9680000,179,18,13,210,97,82
SUPER_4,9690000,316,27,27,370,153,163
SUPER_4,9700000,304,22,34,360,153,151
SUPER_4,9710000,285,34,21,340,141,144
SUPER_4,9720000,321,25,29,375,159,162
SUPER_4,9730000,307,35,24,366,142,165
SUPER_4,9740000,241,25,23,289,111,130
SUPER_4,9750000,214,22,24,260,105,109
SUPER_4,9760000,227,26,19,272,116,111
SUPER_4,9770000,275,28,33,336,143,132
SUPER_4,9780000,231,18,20,269,119,112
SUPER_4,9790000,255,32,19,306,121,134
SUPER_4,9800000,183,16,12,211,80,103
SUPER_4,9810000,233,17,24,274,108,125
SUPER_4,9820000,238,28,22,288,122,116
SUPER_4,9830000,271,31,34,336,128,143
SUPER_4,9840000,294,26,15,335,160,134
SUPER_4,9850000,189,16,12,217,82,107
SUPER_4,9860000,223,29,15,267,117,106
SUPER_4,9870000,141,12,15,168,67,74
SUPER_4,9880000,115,18,11,144,63,52
SUPER_4,9890000,175,16,19,210,73,102
SUPER_4,9900000,218,18,21,257,101,117
SUPER_4,9910000,256,19,26,301,118,138
SUPER_4,9920000,259,17,21,297,146,113
SUPER_4,9930000,266,15,23,304,122,144
SUPER_4,9940000,198,14,10,222,96,102
SUPER_4,9950000,111,13,14,138,54,57
SUPER_4,9960000,277,28,29,334,130,147
SUPER_4,9970000,124,9,11,144,67,57
SUPER_4,9980000,350,27,27,404,160,190
SUPER_4,9990000,315,22,24,361,163,152
SUPER_4,10000000,260,26,22,308,134,126
SUPER_4,10010000,283,28,31,342,142,141
SUPER_4,10020000,235,20,31,286,113,122
SUPER_4,10030000,188,17,23,228,97,91
SUPER_4,10040000,68,1,13,82,38,30
SUPER_4,10050000,76,7,9,92,42,34
SUPER_4,10060000,77,2,4,83,37,40
SUPER_4,10070000,230,22,22,274,97,133
SUPER_4,10080000,139,15,11,165,52,87
SUPER_4,10090000,275,29,35,339,116,159
SUPER_4,10100000,217,18,21,256,106,111
SUPER_4,10110000,194,21,18,233,106,88
SUPER_4,10120000,194,15,26,235,99,95
SUPER_4,10130000,252,21,14,287,115,137
SUPER_4,10140000,222,14,26,262,117,105
SUPER_4,10150000,157,12,24,193,70,87
SUPER_4,10160000,243,29,30,302,123,120
SUPER_4,10170000,299,33,27,359,159,140
SUPER_4,10180000,171,18,13,202,87,84
SUPER_4,10190000,198,16,16,230,102,96
SUPER_4,10200000,203,21,20,244,93,110
SUPER_4,10210000,107,11,12,130,56,51
SUPER_4,10220000,135,6,6,147,83,52
SUPER_4,10230000,248,20,16,284,104,144
SUPER_4,10240000,293,39,29,361,140,153
SUPER_4,10250000,265,27,24,316,139,126
SUPER_4,10260000,296,28,25,349,130,166
SUPER_4,10270000,182,8,13,203,104,78
SUPER_4,10280000,259,28,24,311,145,114
SUPER_4,10290000,206,23,18,247,92,114
SUPER_4,10300000,280,33,23,336,138,142
SUPER_4,10310000,205,21,21,247,91,114
SUPER_4,10320000,264,33,26,323,118,146
SUPER_4,10330000,132,10,18,160,63,69
SUPER_4,10340000,245,24,16,285,136,109
SUPER_4,10350000,367,30,41,438,166,201
SUPER_4,10360000,281,14,16,311,143,138
SUPER_4,10370000,256,17,28,301,116,140
SUPER_4,10380000,201,20,10,231,114,87
SUPER_4,10390000,245,26,20,291,123,122
SUPER_4,10400000,251,25,25,301,127,124
SUPER_4,10410000,137,15,17,169,75,62
SUPER_4,10420000,229,17,23,269,114,115
SUPER_4,10430000,148,18,15,181,65,83
SUPER_4,10440000,286,35,18,339,152,134
SUPER_4,10450000,146,19,14,179,69,77
SUPER_4,10460000,0,0,0,0,0,0
SUPER_4,10470000,0,0,0,0,0,0
SUPER_4,10480000,0,0,0,0,0,0
SUPER_4,10490000,0,2,3,5,0,0
SUPER_4,10500000,1,0,0,1,0,1
SUPER_4,10510000,0,0,0,0,0,0
SUPER_4,10520000,0,0,0,0,0,0
SUPER_4,10530000,1,1,0,2,1,0
SUPER_4,10540000,0,0,1,1,0,0
SUPER_4,10550000,146,17,12,175,60,86
SUPER_4,10560000,200,17,27,244,93,107
SUPER_4,10570000,185,15,7,207,103,82
SUPER_4,10580000,240,19,19,278,120,120
SUPER_4,10590000,179,13,17,209,94,85
SUPER_4,10600000,333,34,18,385,165,168
SUPER_4,10610000,256,22,22,300,119,137
SUPER_4,10620000,237,13,22,272,102,135
SUPER_4,10630000,245,21,24,290,107,138
SUPER_4,10640000,268,22,29,319,140,128
SUPER_4,10650000,187,16,19,222,91,96
SUPER_4,10660000,192,17,14,223,92,100
SUPER_4,10670000,311,32,26,369,159,152
SUPER_4,10680000,279,23,23,325,144,135
SUPER_4,10690000,174,18,22,214,83,91
SUPER_4,10700000,323,26,28,377,152,171
SUPER_4,10710000,169,13,19,201,94,75
SUPER_4,10720000,139,16,19,174,72,67
SUPER_4,10730000,269,20,26,315,131,138
SUPER_4,10740000,158,12,12,182,77,81
SUPER_4,10750000,207,18,15,240,97,110
SUPER_4,10760000,313,28,25,366,158,155
SUPER_4,10770000,209,21,19,249,107,102
SUPER_4,10780000,179,8,12,199,100,79
SUPER_4,10790000,259,22,22,303,126,133
SUPER_4,10800000,189,15,13,217,95,94
SUPER_4,10810000,240,20,23,283,120,120
SUPER_4,10820000,206,24,17,247,91,115
SUPER_4,10830000,203,20,11,234,112,91
SUPER_4,10840000,250,18,18,286,122,128
SUPER_4,10850000,129,5,5,139,82,47
SUPER_4,10860000,72,5,3,80,47,25
SUPER_4,10870000,118,20,11,149,56,62
SUPER_4,10880000,0,0,0,0,0,0
SUPER_4,10890000,0,0,0,0,0,0
SUPER_4,10900000,481,43,45,569,229,252
SUPER_4,10910000,276,25,36,337,126,150
SUPER_4,10920000,312,27,23,362,159,153
SUPER_4,10930000,263,29,25,317,132,131
SUPER_4,10940000,77,8,4,89,42,35
SUPER_4,10950000,75,11,6,92,41,34
SUPER_4,10960000,209,21,15,245,104,105
SUPER_4,10970000,142,17,19,178,77,65
SUPER_4,10980000,103,9,8,120,54,49
SUPER_4,10990000,189,23,15,227,86,103
SUPER_4,11000000,220,38,19,277,96,124
SUPER_4,11010000,292,20,20,332,141,151
SUPER_4,11020000,236,21,24,281,121,115
SUPER_4,11030000,230,20,24,274,126,104
SUPER_4,11040000,350,26,34,410,165,185
SUPER_4,11050000,208,20,21,249,94,114
SUPER_4,11060000,128,7,16,151,64,64
SUPER_4,11070000,234,22,11,267,103,131
SUPER_4,11080000,170,12,21,203,90,80
SUPER_4,11090000,146,14,9,169,84,62
SUPER_4,11100000,240,17,24,281,119,121
SUPER_4,11110000,192,24,22,238,87,105
SUPER_4,11120000,175,14,21,210,92,83
SUPER_4,11130000,192,23,15,230,100,92
SUPER_4,11140000,126,10,7,143,74,52
SUPER_4,11150000,145,12,16,173,80,65
SUPER_4,11160000,118,8,12,138,73,45
SUPER_4,11170000,122,20,13,155,66,56
SUPER_4,11180000,184,16,16,216,112,72
SUPER_4,11190000,111,11,14,136,45,66
SUPER_4,11200000,67,8,6,81,32,35
SUPER_4,11210000,256,26,26,308,122,134
SUPER_4,11220000,228,19,19,266,108,120
SUPER_4,11230000,157,14,13,184,93,64
SUPER_4,11240000,309,32,33,374,150,159
SUPER_4,11250000,101,2,8,111,52,49
SUPER_4,11260000,190,15,12,217,101,89
SUPER_4,11270000,173,17,18,208,86,87
SUPER_4,11280000,128,15,9,152,65,63
SUPER_4,11290000,192,22,15,229,93,99
SUPER_4,11300000,10,1,1,12,4,6
SUPER_4,11310000,78,9,7,94,41,37
SUPER_4,11320000,145,16,12,173,74,71
SUPER_4,11330000,142,11,14,167,71,71
SUPER_4,11340000,198,28,21,247,95,103
SUPER_4,11350000,176,15,18,209,84,92
SUPER_4,11360000,291,21,16,328,129,162
SUPER_4,11370000,223,22,25,270,112,111
SUPER_4,11380000,188,24,15,227,82,106
SUPER_4,11390000,230,22,20,272,105,125
SUPER_4,11400000,180,13,14,207,88,92
SUPER_4,11410000,181,14,16,211,74,107
SUPER_4,11420000,150,14,20,184,78,72
SUPER_4,11430000,185,17,22,224,86,99
SUPER_4,11440000,286,28,21,335,126,160
SUPER_4,11450000,215,20,16,251,115,100
SUPER_4,11460000,160,11,16,187,80,80
SUPER_4,11470000,235,19,15,269,106,129
SUPER_4,11480000,261,15,25,301,140,121
SUPER_4,11490000,310,31,26,367,145,165
SUPER_4,11500000,214,21,24,259,86,128
SUPER_4,11510000,187,14,19,220,90,97
SUPER_4,11520000,189,20,15,224,92,97
SUPER_4,11530000,243,18,25,286,130,113
SUPER_4,11540000,121,12,14,147,50,71
SUPER_4,11550000,125,18,10,153,73,52
SUPER_4,11560000,211,24,16,251,107,104
SUPER_4,11570000,140,10,10,160,64,76
SUPER_4,11580000,0,0,0,0,0,0
SUPER_4,11590000,0,0,0,0,0,0
SUPER_4,11600000,21,3,1,25,9,12
SUPER_4,11610000,69,5,8,82,28,41
SUPER_4,11620000,45,1,1,47,23,22
SUPER_4,11630000,32,2,4,38,12,20
SUPER_4,11640000,1,1,1,3,0,1
SUPER_4,11650000,52,2,2,56,25,27
SUPER_4,11660000,98,8,8,114,48,50
SUPER_4,11670000,213,24,18,255,89,124
SUPER_4,11680000,310,24,28,362,135,175
SUPER_4,11690000,227,30,12,269,114,113
SUPER_4,11700000,199,23,19,241,82,117
SUPER_4,11710000,210,19,16,245,95,115
SUPER_4,11720000,196,16,12,224,96,100
SUPER_4,11730000,176,16,21,213,92,84
SUPER_4,11740000,251,37,25,313,104,147
SUPER_4,11750000,68,6,4,78,39,29
SUPER_4,11760000,156,17,9,182,81,75
SUPER_4,11770000,174,21,20,215,80,94
SUPER_4,11780000,161,13,13,187,88,73
SUPER_4,11790000,198,26,18,242,89,109
SUPER_4,11800000,249,31,26,306,126,123
SUPER_4,11810000,260,25,24,309,122,138
SUPER_4,11820000,303,33,21,357,150,153
SUPER_4,11830000,221,17,11,249,113,108
SUPER_4,11840000,240,11,22,273,111,129
SUPER_4,11850000,274,23,24,321,150,124
SUPER_4,11860000,321,29,28,378,156,165
SUPER_4,11870000,229,21,13,263,107,122
SUPER_4,11880000,206,21,13,240,102,104
SUPER_4,11890000,192,16,18,226,84,108
SUPER_4,11900000,43,8,12,63,18,25
SUPER_4,11910000,207,23,23,253,90,117
SUPER_4,11920000,215,24,25,264,106,109
SUPER_4,11930000,170,17,10,197,82,88
SUPER_4,11940000,128,10,16,154,58,70
SUPER_4,11950000,243,27,16,286,128,115
SUPER_4,11960000,238,24,17,279,113,125
SUPER_4,11970000,210,16,18,244,96,114
SUPER_4,11980000,202,22,20,244,106,96
SUPER_4,11990000,161,17,14,192,71,90
SUPER_4,12000000,172,13,16,201,84,88
SUPER_4,12010000,271,20,27,318,117,154
SUPER_4,12020000,159,17,12,188,90,69
SUPER_4,12030000,243,19,23,285,131,112
SUPER_4,12040000,181,19,12,212,96,85
SUPER_4,12050000,170,16,12,198,89,81
SUPER_4,12060000,142,7,12,161,70,72
SUPER_4,12070000,238,22,30,290,124,114
SUPER_4,12080000,243,21,29,293,120,123
SUPER_4,12090000,289,24,21,334,162,127
SUPER_4,12100000,267,27,18,312,141,126
SUPER_4,12110000,257,21,21,299,128,129
SUPER_4,12120000,113,14,13,140,58,55
SUPER_4,12130000,238,19,18,275,109,129
SUPER_4,12140000,149,8,12,169,86,63
SUPER_4,12150000,56,6,8,70,23,33
SUPER_4,12160000,136,13,13,162,66,70
SUPER_4,12170000,247,26,22,295,129,118
SUPER_4,12180000,237,20,28,285,122,115
SUPER_4,12190000,202,12,17,231,97,105
SUPER_4,12200000,251,17,21,289,122,129
SUPER_4,12210000,289,29,32,350,143,146
SUPER_4,12220000,222,21,28,271,114,108
SUPER_4,12230000,208,15,15,238,114,94
SUPER_4,12240000,251,21,23,295,122,129
SUPER_4,12250000,279,22,21,322,138,141
SUPER_4,12260000,151,11,16,178,73,78
SUPER_4,12270000,258,22,22,302,128,130
SUPER_4,12280000,234,27,23,284,118,116
SUPER_4,12290000,275,30,24,329,125,150
SUPER_4,12300000,224,23,21,268,121,103
SUPER_4,12310000,123,4,13,140,66,57
SUPER_4,12320000,44,0,0,44,31,13
SUPER_4,12330000,17,1,1,19,8,9
SUPER_4,12340000,15,0,2,17,7,8
SUPER_4,12350000,18,2,4,24,6,12
SUPER_4,12360000,18,0,0,18,5,13
SUPER_4,12370000,57,5,3,65,28,29
SUPER_4,12380000,84,9,10,103,43,41
SUPER_4,12390000,310,31,29,370,137,173
SUPER_4,12400000,169,18,13,200,76,93
SUPER_4,12410000,290,22,19,331,133,157
SUPER_4,12420000,198,20,17,235,96,102
SUPER_4,12430000,279,27,27,333,138,141
SUPER_4,12440000,259,25,18,302,128,131
SUPER_4,12450000,267,22,21,310,126,141
SUPER_4,12460000,304,28,27,359,159,145
SUPER_4,12470000,189,25,14,228,85,104
SUPER_4,12480000,217,16,23,256,108,109
SUPER_4,12490000,276,31,25,332,126,150
SUPER_4,12500000,217,27,14,258,115,102
SUPER_4,12510000,259,22,22,303,148,111
SUPER_4,12520000,162,17,12,191,72,90
SUPER_4,12530000,143,11,9,163,73,70
SUPER_4,12540000,56,9,1,66,29,27
SUPER_4,12550000,85,9,6,100,40,45
SUPER_4,12560000,106,12,13,131,53,53
SUPER_4,12570000,108,10,9,127,56,52
SUPER_4,12580000,104,10,10,124,50,54
SUPER_4,12590000,191,15,23,229,95,96
SUPER_4,12600000,90,7,4,101,51,39
SUPER_4,12610000,37,7,4,48,17,20
SUPER_4,12620000,165,12,16,193,74,91
SUPER_4,12630000,167,21,19,207,87,80
SUPER_4,12640000,190,17,16,223,116,74
SUPER_4,12650000,257,24,16,297,133,124
SUPER_4,12660000,240,25,25,290,122,118
SUPER_4,12670000,207,22,27,256,108,99
SUPER_4,12680000,230,25,16,271,112,118
SUPER_4,12690000,365,35,28,428,165,200
SUPER_4,12700000,234,20,15,269,113,121
SUPER_4,12710000,384,36,43,463,187,197
SUPER_4,12720000,340,28,36,404,199,141
SUPER_4,12730000,233,23,24,280,123,110
SUPER_4,12740000,312,14,28,354,160,152
SUPER_4,12750000,1,0,0,1,0,1
SUPER_4,12760000,217,24,23,264,120,97
SUPER_4,12770000,0,0,0,0,0,0
SUPER_4,12780000,0,0,0,0,0,0
SUPER_4,12790000,355,32,27,414,172,183
SUPER_4,12800000,57,8,8,73,27,30
SUPER_4,12810000,207,15,16,238,117,90
SUPER_4,12820000,223,24,20,267,113,110
SUPER_4,12830000,331,24,20,375,174,157
SUPER_4,12840000,38,5,3,46,23,15
SUPER_4,12850000,280,24,26,330,133,147
SUPER_4,12860000,90,8,10,108,44,46
SUPER_4,12870000,220,22,18,260,116,104
SUPER_4,12880000,387,34,38,459,199,188
SUPER_4,12890000,456,37,37,530,215,241
SUPER_4,12900000,298,26,30,354,157,141
SUPER_4,12910000,304,32,35,371,158,146
SUPER_4,12920000,123,15,8,146,61,62
SUPER_4,12930000,188,19,9,216,91,97
SUPER_4,12940000,110,9,8,127,69,41
SUPER_4,12950000,420,34,24,478,218,202
SUPER_4,12960000,272,27,23,322,146,126
SUPER_4,12970000,281,32,36,349,139,142
SUPER_4,12980000,359,22,36,417,181,178
SUPER_4,12990000,241,21,20,282,118,123
SUPER_4,13000000,168,19,14,201,87,81
SUPER_4,13010000,233,28,30,291,105,128
SUPER_4,13020000,179,12,13,204,84,95
SUPER_4,13030000,228,20,29,277,122,106
SUPER_4,13040000,220,22,28,270,106,114
SUPER_4,13050000,323,30,26,379,159,164
SUPER_4,13060000,265,23,23,311,125,140
SUPER_4,13070000,242,19,13,274,141,101
SUPER_4,13080000,305,32,34,371,165,140
SUPER_4,13090000,333,29,29,391,165,168
SUPER_4,13100000,325,32,29,386,155,170
SUPER_4,13110000,103,7,8,118,48,55
SUPER_4,13120000,306,33,28,367,163,143
SUPER_4,13130000,280,40,28,348,141,139
SUPER_4,13140000,225,26,20,271,113,112
SUPER_4,13150000,220,31,21,272,114,106
SUPER_4,13160000,248,28,16,292,129,119
SUPER_4,13170000,144,16,30,190,67,77
SUPER_4,13180000,244,28,25,297,122,122
SUPER_4,13190000,324,30,24,378,161,163
SUPER_4,13200000,322,36,26,384,174,148
SUPER_4,13210000,280,28,26,334,144,136
SUPER_4,13220000,225,25,21,271,116,109
SUPER_4,13230000,269,26,24,319,137,132
SUPER_4,13240000,286,26,27,339,117,169
SUPER_4,13250000,337,39,27,403,171,166
SUPER_4,13260000,284,20,23,327,148,136
SUPER_4,13270000,310,33,17,360,151,159
SUPER_4,13280000,210,17,19,246,109,101
SUPER_4,13290000,297,28,26,351,146,151
SUPER_4,13300000,108,11,10,129,45,63
SUPER_4,13310000,254,23,25,302,134,120
SUPER_4,13320000,284,29,18,331,137,147
SUPER_4,13330000,265,26,19,310,135,130
SUPER_4,13340000,113,9,8,130,55,58
SUPER_4,13350000,28,0,4,32,15,13
SUPER_4,13360000,302,22,21,345,147,155
SUPER_4,13370000,387,29,29,445,198,189
SUPER_4,13380000,201,17,11,229,89,112
SUPER_4,13390000,237,15,18,270,110,127
SUPER_4,13400000,229,30,24,283,122,107
SUPER_4,13410000,366,34,37,437,200,166
SUPER_4,13420000,321,24,21,366,158,163
SUPER_4,13430000,376,22,39,437,186,190
SUPER_4,13440000,302,30,21,353,126,176
SUPER_4,13450000,9,1,1,11,3,6
SUPER_4,13460000,330,32,24,386,165,165
SUPER_4,13470000,248,21,19,288,119,129
SUPER_4,13480000,190,20,13,223,99,91
SUPER_4,13490000,205,14,15,234,91,114
SUPER_4,13500000,330,31,21,382,180,150
SUPER_4,13510000,325,32,39,396,154,171
SUPER_4,13520000,132,15,12,159,55,77
SUPER_4,13530000,226,11,23,260,113,113
SUPER_4,13540000,306,23,26,355,143,163
SUPER_4,13550000,232,18,19,269,114,118
SUPER_4,13560000,427,45,49,521,230,197
SUPER_4,13570000,354,27,29,410,161,193
SUPER_4,13580000,276,24,20,320,135,141
SUPER_4,13590000,416,42,39,497,216,200
SUPER_4,13600000,285,25,18,328,146,139
SUPER_4,13610000,280,16,28,324,157,123
SUPER_4,13620000,352,24,37,413,158,194
SUPER_4,13630000,318,24,28,370,135,183
SUPER_4,13640000,370,25,24,419,172,198
SUPER_4,13650000,400,36,34,470,208,192
SUPER_4,13660000,325,36,23,384,166,159
SUPER_4,13670000,307,23,18,348,141,166
SUPER_4,13680000,341,43,41,425,159,182
SUPER_4,13690000,226,21,23,270,118,108
SUPER_4,13700000,362,37,31,430,182,180
SUPER_4,13710000,331,30,23,384,168,163
SUPER_4,13720000,215,18,14,247,104,111
SUPER_4,13730000,290,26,22,338,134,156
SUPER_4,13740000,329,39,28,396,172,157
SUPER_4,13750000,120,8,7,135,61,59
SUPER_4,13760000,236,25,24,285,100,136
SUPER_4,13770000,296,17,22,335,160,136
SUPER_4,13780000,385,33,34,452,175,210
SUPER_4,13790000,160,13,18,191,73,87
SUPER_4,13800000,295,24,29,348,151,144
SUPER_4,13810000,306,23,33,362,157,149
SUPER_4,13820000,318,28,30,376,151,167
SUPER_4,13830000,323,26,26,375,161,162
SUPER_4,13840000,236,26,15,277,123,113
SUPER_4,13850000,262,24,19,305,127,135
SUPER_4,13860000,316,33,27,376,159,157
SUPER_4,13870000,262,25,23,310,130,132
SUPER_4,13880000,316,25,25,366,164,152
SUPER_4,13890000,362,26,40,428,176,186
SUPER_4,13900000,264,16,28,308,138,126
SUPER_4,13910000,273,27,28,328,137,136
SUPER_4,13920000,250,23,24,297,124,126
SUPER_4,13930000,222,25,21,268,110,112
SUPER_4,13940000,177,25,23,225,79,98
SUPER_4,13950000,243,24,22,289,110,133
SUPER_4,13960000,260,26,23,309,125,135
SUPER_4,13970000,179,18,17,214,108,71
SUPER_4,13980000,284,29,31,344,143,141
SUPER_4,13990000,179,23,16,218,99,80
SUPER_4,14000000,275,30,28,333,112,163
SUPER_4,14010000,333,28,31,392,163,170
SUPER_4,14020000,296,27,27,350,136,160
SUPER_4,14030000,315,23,32,370,146,169
SUPER_4,14040000,136,14,12,162,69,67
SUPER_4,14050000,248,18,21,287,114,134
SUPER_4,14060000,145,7,6,158,78,67
SUPER_4,14070000,215,29,22,266,95,120
SUPER_4,14080000,315,31,36,382,145,170
SUPER_4,14090000,250,36,18,304,127,123
SUPER_4,14100000,179,14,15,208,84,95
SUPER_4,14110000,281,15,19,315,146,135
SUPER_4,14120000,311,25,27,363,160,151
SUPER_4,14130000,115,7,6,128,62,53
SUPER_4,14140000,288,32,25,345,126,162
SUPER_4,14150000,393,48,35,476,193,200
SUPER_4,14160000,224,16,22,262,119,105
SUPER_4,14170000,255,22,19,296,116,139
SUPER_4,14180000,323,27,30,380,171,152
SUPER_4,14190000,254,18,15,287,128,126
SUPER_4,14200000,331,31,25,387,156,175
SUPER_4,14210000,367,27,22,416,196,171
SUPER_4,14220000,406,42,32,480,188,218
SUPER_4,14230000,217,23,18,258,90,127
SUPER_4,14240000,272,19,23,314,152,120
SUPER_4,14250000,212,14,23,249,106,106
SUPER_4,14260000,233,15,23,271,112,121
SUPER_4,14270000,220,16,26,262,114,106
SUPER_4,14280000,247,25,35,307,108,139
SUPER_4,14290000,247,18,18,283,119,128
SUPER_4,14300000,289,23,20,332,135,154
SUPER_4,14310000,330,30,31,391,168,162
SUPER_4,14320000,261,21,18,300,121,140
SUPER_4,14330000,95,8,11,114,42,53
SUPER_4,14340000,141,14,13,168,66,75
SUPER_4,14350000,259,35,18,312,149,110
SUPER_4,14360000,194,27,16,237,94,100
SUPER_4,14370000,171,17,10,198,101,70
SUPER_4,14380000,162,12,15,189,81,81
SUPER_4,14390000,181,23,10,214,85,96
SUPER_4,14400000,195,11,23,229,96,99
SUPER_4,14410000,292,25,22,339,157,135
SUPER_4,14420000,254,35,19,308,129,125
SUPER_4,14430000,272,21,22,315,141,131
SUPER_4,14440000,246,16,21,283,125,121
SUPER_4,14450000,183,15,10,208,101,82
SUPER_4,14460000,198,16,20,234,96,102
SUPER_4,14470000,185,17,15,217,103,82
SUPER_4,14480000,229,11,19,259,116,113
SUPER_4,14490000,225,29,11,265,122,103
SUPER_4,14500000,249,30,29,308,113,136
SUPER_4,14510000,239,25,15,279,113,126
SUPER_4,14520000,224,14,17,255,127,97
SUPER_4,14530000,163,16,15,194,86,77
SUPER_4,14540000,244,30,14,288,133,111
SUPER_4,14550000,221,17,14,252,107,114
SUPER_4,14560000,246,25,34,305,107,139
SUPER_4,14570000,280,22,22,324,138,142
SUPER_4,14580000,374,26,28,428,192,182
SUPER_4,14590000,283,20,17,320,150,133
SUPER_4,14600000,239,26,16,281,122,117
SUPER_4,14610000,291,25,17,333,147,144
SUPER_4,14620000,307,39,22,368,137,170
SUPER_4,14630000,193,19,25,237,92,101
SUPER_4,14640000,116,11,14,141,60,56
SUPER_4,14650000,116,12,11,139,56,60
SUPER_4,14660000,170,18,22,210,92,78
SUPER_4,14670000,0,0,0,0,0,0
SUPER_4,14680000,0,0,0,0,0,0
SUPER_4,14690000,95,9,11,115,46,49
SUPER_4,14700000,146,20,19,185,82,64
SUPER_4,14710000,130,15,15,160,62,68
SUPER_4,14720000,198,19,24,241,97,101
SUPER_4,14730000,201,33,19,253,98,103
SUPER_4,14740000,131,17,19,167,66,65
SUPER_4,14750000,140,18,11,169,68,72
SUPER_4,14760000,0,1,0,1,0,0
SUPER_5,10000,34,20,11,65,15,19
SUPER_5,20000,3,4,2,9,2,1
SUPER_5,30000,0,0,0,0,0,0
SUPER_5,40000,0,0,0,0,0,0
SUPER_5,50000,38,3,0,41,21,17
SUPER_5,60000,84,10,1,95,48,36
SUPER_5,70000,69,11,2,82,38,31
SUPER_5,80000,147,15,11,173,71,76
SUPER_5,90000,118,14,12,144,64,54
SUPER_5,100000,120,7,16,143,59,61
SUPER_5,110000,117,16,8,141,51,66
SUPER_5,120000,76,13,9,98,37,39
SUPER_5,130000,142,17,21,180,76,66
SUPER_5,140000,284,31,32,347,134,150
SUPER_5,150000,221,23,14,258,128,93
SUPER_5,160000,212,24,22,258,105,107
SUPER_5,170000,169,16,20,205,85,84
SUPER_5,180000,217,28,29,274,117,100
SUPER_5,190000,174,22,16,212,94,80
SUPER_5,200000,219,18,17,254,115,104
SUPER_5,210000,158,12,13,183,93,65
SUPER_5,220000,212,25,20,257,108,104
SUPER_5,230000,249,21,28,298,124,125
SUPER_5,240000,295,33,23,351,173,122
SUPER_5,250000,251,21,21,293,127,124
SUPER_5,260000,240,27,23,290,131,109
SUPER_5,270000,144,12,11,167,77,67
SUPER_5,280000,316,21,34,371,153,163
SUPER_5,290000,71,4,6,81,43,28
SUPER_5,300000,306,21,27,354,158,148
SUPER_5,310000,300,27,28,355,151,149
SUPER_5,320000,245,28,20,293,130,115
SUPER_5,330000,192,9,13,214,110,82
SUPER_5,340000,165,14,20,199,81,84
SUPER_5,350000,412,39,26,477,194,218
SUPER_5,360000,98,12,10,120,49,49
SUPER_5,370000,188,14,16,218,89,99
SUPER_5,380000,122,5,10,137,73,49
SUPER_5,390000,87,4,7,98,40,47
SUPER_5,400000,178,18,20,216,84,94
SUPER_5,410000,151,10,24,185,68,83
SUPER_5,420000,93,6,9,108,40,53
SUPER_5,430000,51,10,2,63,23,28
SUPER_5,440000,197,29,17,243,97,100
SUPER_5,450000,271,23,22,316,153,118
SUPER_5,460000,198,13,11,222,108,90
SUPER_5,470000,257,31,24,312,138,119
SUPER_5,480000,297,25,24,346,149,148
SUPER_5,490000,395,32,38,465,189,206
SUPER_5,500000,338,38,30,406,166,172
SUPER_5,510000,245,35,26,306,118,127
SUPER_5,520000,216,20,17,253,116,100
SUPER_5,530000,288,34,32,354,155,133
SUPER_5,540000,203,13,21,237,120,83
SUPER_5,550000,80,10,12,102,44,36
SUPER_5,560000,221,20,18,259,127,94
SUPER_5,570000,416,40,39,495,203,213
SUPER_5,580000,289,27,22,338,146,143
SUPER_5,590000,272,14,24,310,134,138
SUPER_5,600000,341,24,34,399,185,156
SUPER_5,610000,244,20,21,285,127,117
SUPER_5,620000,214,12,12,238,121,93
SUPER_5,630000,291,26,22,339,145,146
SUPER_5,640000,150,13,11,174,69,81
SUPER_5,650000,207,22,13,242,113,94
SUPER_5,660000,327,27,31,385,156,171
SUPER_5,670000,356,34,24,414,172,184
SUPER_5,680000,202,30,18,250,101,101
SUPER_5,690000,232,18,26,276,104,128
SUPER_5,700000,175,9,25,209,81,94
SUPER_5,710000,589,49,40,678,294,295
SUPER_5,720000,0,0,0,0,0,0
SUPER_5,730000,0,0,0,0,0,0
SUPER_5,740000,365,45,33,443,152,213
SUPER_5,750000,198,16,13,227,101,97
SUPER_5,760000,19,1,0,20,9,10
SUPER_5,770000,72,4,5,81,41,31
SUPER_5,780000,0,1,0,1,0,0
SUPER_5,790000,84,10,4,98,32,52
SUPER_5,800000,215,22,17,254,106,109
SUPER_5,810000,2,1,0,3,2,0
SUPER_5,820000,195,17,11,223,97,98
SUPER_5,830000,6,1,0,7,2,4
SUPER_5,840000,54,9,6,69,28,26
SUPER_5,850000,85,3,1,89,40,45
SUPER_5,860000,80,5,5,90,44,36
SUPER_5,870000,214,16,22,252,91,123
SUPER_5,880000,100,4,4,108,56,44
SUPER_5,890000,1,1,0,2,0,1
SUPER_5,900000,1,0,0,1,0,1
SUPER_5,910000,5,0,1,6,0,5
SUPER_5,920000,2,0,0,2,1,1
SUPER_5,930000,180,21,21,222,77,103
SUPER_5,940000,248,21,29,298,129,119
SUPER_5,950000,56,5,3,64,30,26
SUPER_5,960000,38,3,1,42,18,20
SUPER_5,970000,21,1,0,22,5,16
SUPER_5,980000,0,0,0,0,0,0
SUPER_5,990000,0,0,0,0,0,0
SUPER_5,1000000,341,27,28,396,180,161
SUPER_5,1010000,483,43,42,568,221,262
SUPER_5,1020000,122,11,8,141,55,67
SUPER_5,1030000,1,0,2,3,1,0
SUPER_5,1040000,115,11,9,135,48,67
SUPER_5,1050000,98,9,9,116,51,47
SUPER_5,1060000,38,5,3,46,24,14
SUPER_5,1070000,95,10,4,109,57,38
SUPER_5,1080000,279,24,21,324,153,126
SUPER_5,1090000,337,20,28,385,168,169
SUPER_5,1100000,115,10,11,136,63,52
SUPER_5,1110000,189,28,21,238,90,99
SUPER_5,1120000,242,31,19,292,127,115
SUPER_5,1130000,53,7,4,64,27,26
SUPER_5,1140000,110,17,11,138,58,52
SUPER_5,1150000,202,15,19,236,102,100
SUPER_5,1160000,184,22,12,218,104,80
SUPER_5,1170000,288,26,16,330,147,141
SUPER_5,1180000,204,22,14,240,107,97
SUPER_5,1190000,241,24,14,279,127,114
SUPER_5,1200000,365,33,34,432,182,183
SUPER_5,1210000,323,26,21,370,158,165
SUPER_5,1220000,450,31,40,521,218,232
SUPER_5,1230000,271,18,39,328,116,155
SUPER_5,1240000,159,14,12,185,83,76
SUPER_5,1250000,256,20,25,301,136,120
SUPER_5,1260000,228,25,24,277,103,125
SUPER_5,1270000,224,28,28,280,128,96
SUPER_5,1280000,382,34,35,451,210,172
SUPER_5,1290000,319,33,36,388,155,164
SUPER_5,1300000,167,19,18,204,81,86
SUPER_5,1310000,137,17,19,173,83,54
SUPER_5,1320000,227,11,21,259,118,109
SUPER_5,1330000,376,42,27,445,184,192
SUPER_5,1340000,313,26,25,364,153,160
SUPER_5,1350000,373,31,33,437,189,184
SUPER_5,1360000,410,26,38,474,191,219
SUPER_5,1370000,216,18,23,257,98,118
SUPER_5,1380000,251,29,25,305,123,128
SUPER_5,1390000,272,26,24,322,131,141
SUPER_5,1400000,319,33,29,381,149,170
SUPER_5,1410000,419,32,30,481,222,197
SUPER_5,1420000,369,34,31,434,190,179
SUPER_5,1430000,432,28,36,496,216,216
SUPER_5,1440000,449,44,39,532,226,223
SUPER_5,1450000,382,34,27,443,193,189
SUPER_5,1460000,250,23,25,298,117,133
SUPER_5,1470000,379,41,39,459,197,182
SUPER_5,1480000,457,35,36,528,242,215
SUPER_5,1490000,299,26,24,349,136,163
SUPER_5,1500000,424,30,39,493,205,219
SUPER_5,1510000,334,22,36,392,168,166
SUPER_5,1520000,478,56,37,571,240,238
SUPER_5,1530000,370,41,25,436,188,182
SUPER_5,1540000,436,31,36,503,212,224
SUPER_5,1550000,270,25,18,313,148,122
SUPER_5,1560000,349,31,32,412,196,153
SUPER_5,1570000,195,13,13,221,85,110
SUPER_5,1580000,111,8,13,132,51,60
SUPER_5,1590000,337,41,33,411,151,186
SUPER_5,1600000,323,33,26,382,168,155
SUPER_5,1610000,219,14,17,250,111,108
SUPER_5,1620000,301,35,41,377,156,145
SUPER_5,1630000,375,41,36,452,170,205
SUPER_5,1640000,250,26,31,307,123,127
SUPER_5,1650000,224,24,12,260,111,113
SUPER_5,1660000,297,18,33,348,145,152
SUPER_5,1670000,338,30,25,393,162,176
SUPER_5,1680000,250,19,24,293,124,126
SUPER_5,1690000,323,33,16,372,166,157
SUPER_5,1700000,358,26,33,417,194,164
SUPER_5,1710000,336,23,35,394,186,150
SUPER_5,1720000,308,40,27,375,153,155
SUPER_5,1730000,261,22,20,303,137,124
SUPER_5,1740000,312,26,38,376,147,165
SUPER_5,1750000,270,21,30,321,147,123
SUPER_5,1760000,289,33,26,348,142,147
SUPER_5,1770000,163,18,17,198,74,89
SUPER_5,1780000,329,27,27,383,160,169
SUPER_5,1790000,365,27,32,424,180,185
SUPER_5,1800000,244,20,21,285,103,141
SUPER_5,1810000,248,20,25,293,122,126
SUPER_5,1820000,349,42,39,430,175,174
SUPER_5,1830000,237,11,16,264,120,117
SUPER_5,1840000,260,28,21,309,149,111
SUPER_5,1850000,278,29,14,321,154,124
SUPER_5,1860000,430,34,31,495,203,227
SUPER_5,1870000,325,34,17,376,166,159
SUPER_5,1880000,222,23,26,271,119,103
SUPER_5,1890000,289,22,17,328,159,130
SUPER_5,1900000,186,11,21,218,88,98
SUPER_5,1910000,296,22,27,345,150,146
SUPER_5,1920000,289,27,30,346,134,155
SUPER_5,1930000,161,23,13,197,72,89
SUPER_5,1940000,332,35,30,397,165,167
SUPER_5,1950000,210,15,19,244,99,111
SUPER_5,1960000,222,24,16,262,104,118
SUPER_5,1970000,77,11,5,93,32,45
SUPER_5,1980000,52,5,3,60,25,27
SUPER_5,1990000,345,29,33,407,178,167
SUPER_5,2000000,322,34,40,396,156,166
SUPER_5,2010000,177,11,10,198,92,85
SUPER_5,2020000,198,18,22,238,96,102
SUPER_5,2030000,290,27,24,341,147,143
SUPER_5,2040000,0,1,0,1,0,0
SUPER_5,2050000,160,17,15,192,81,79
SUPER_5,2060000,386,32,43,461,177,209
SUPER_5,2070000,431,42,41,514,209,222
SUPER_5,2080000,347,34,30,411,172,175
SUPER_5,2090000,255,18,20,293,131,124
SUPER_5,2100000,243,25,23,291,117,126
SUPER_5,2110000,216,22,18,256,99,117
SUPER_5,2120000,162,20,13,195,79,83
SUPER_5,2130000,52,6,8,66,28,24
SUPER_5,2140000,135,22,13,170,67,68
SUPER_5,2150000,186,28,15,229,89,97
SUPER_5,2160000,177,23,16,216,86,91
SUPER_5,2170000,295,31,29,355,137,158
SUPER_5,2180000,238,16,19,273,116,122
SUPER_5,2190000,224,13,19,256,111,113
SUPER_5,2200000,251,27,21,299,133,118
SUPER_5,2210000,295,34,20,349,137,158
SUPER_5,2220000,119,11,9,139,55,64
SUPER_5,2230000,192,17,18,227,87,105
SUPER_5,2240000,273,22,29,324,134,139
SUPER_5,2250000,269,30,28,327,136,133
SUPER_5,2260000,297,24,24,345,148,149
SUPER_5,2270000,300,25,28,353,147,153
SUPER_5,2280000,238,26,23,287,105,133
SUPER_5,2290000,278,19,14,311,138,140
SUPER_5,2300000,233,30,28,291,99,134
SUPER_5,2310000,348,41,31,420,158,190
SUPER_5,2320000,372,35,37,444,183,189
SUPER_5,2330000,327,26,38,391,159,168
SUPER_5,2340000,273,42,24,339,147,126
SUPER_5,2350000,332,39,27,398,163,169
SUPER_5,2360000,65,4,3,72,35,30
SUPER_5,2370000,2,1,1,4,1,1
SUPER_5,2380000,243,30,21,294,99,144
SUPER_5,2390000,265,25,29,319,142,123
SUPER_5,2400000,345,31,32,408,162,183
SUPER_5,2410000,266,25,26,317,132,134
SUPER_5,2420000,216,20,30,266,106,110
SUPER_5,2430000,310,39,29,378,140,170
SUPER_5,2440000,284,33,31,348,117,167
SUPER_5,2450000,322,25,42,389,124,198
SUPER_5,2460000,335,31,34,400,166,169
SUPER_5,2470000,231,16,31,278,108,123
SUPER_5,2480000,232,18,17,267,112,120
SUPER_5,2490000,250,22,23,295,121,129
SUPER_5,2500000,203,26,17,246,102,101
SUPER_5,2510000,197,23,23,243,94,103
SUPER_5,2520000,335,42,43,420,164,171
SUPER_5,2530000,176,24,23,223,77,99
SUPER_5,2540000,178,13,14,205,89,89
SUPER_5,2550000,296,29,29,354,139,157
SUPER_5,2560000,206,25,22,253,106,100
SUPER_5,2570000,235,17,23,275,112,123
SUPER_5,2580000,240,19,21,280,112,128
SUPER_5,2590000,281,32,18,331,127,154
SUPER_5,2600000,308,34,25,367,122,186
SUPER_5,2610000,363,28,35,426,183,180
SUPER_5,2620000,150,16,10,176,76,74
SUPER_5,2630000,171,11,11,193,84,87
SUPER_5,2640000,247,19,26,292,118,129
SUPER_5,2650000,287,27,31,345,150,137
SUPER_5,2660000,242,18,21,281,122,120
SUPER_5,2670000,279,21,25,325,155,124
SUPER_5,2680000,195,27,22,244,89,106
SUPER_5,2690000,212,32,21,265,102,110
SUPER_5,2700000,203,23,22,248,97,106
SUPER_5,2710000,155,14,12,181,68,87
SUPER_5,2720000,215,22,15,252,97,118
SUPER_5,2730000,337,35,34,406,145,192
SUPER_5,2740000,327,31,34,392,154,173
SUPER_5,2750000,322,32,29,383,163,159
SUPER_5,2760000,257,29,28,314,138,119
SUPER_5,2770000,350,37,44,431,176,174
SUPER_5,2780000,155,10,13,178,73,82
SUPER_5,2790000,278,30,46,354,120,158
SUPER_5,2800000,235,16,18,269,110,125
SUPER_5,2810000,234,27,16,277,133,101
SUPER_5,2820000,221,20,15,256,118,103
SUPER_5,2830000,306,35,36,377,142,164
SUPER_5,2840000,368,37,31,436,163,205
SUPER_5,2850000,358,22,29,409,163,195
SUPER_5,2860000,360,38,28,426,188,172
SUPER_5,2870000,337,16,26,379,160,177
SUPER_5,2880000,313,25,32,370,148,165
SUPER_5,2890000,257,29,17,303,125,132
SUPER_5,2900000,242,27,16,285,122,120
SUPER_5,2910000,274,18,32,324,143,131
SUPER_5,2920000,251,31,25,307,125,126
SUPER_5,2930000,224,22,22,268,103,121
SUPER_5,2940000,385,33,37,455,186,199
SUPER_5,2950000,359,32,31,422,185,174
SUPER_5,2960000,253,26,23,302,115,138
SUPER_5,2970000,254,20,24,298,136,118
SUPER_5,2980000,249,20,19,288,123,126
SUPER_5,2990000,209,9,26,244,107,102
SUPER_5,3000000,178,17,19,214,96,82
SUPER_5,3010000,59,9,2,70,26,33
SUPER_5,3020000,291,31,31,353,141,150
SUPER_5,3030000,214,33,24,271,99,115
SUPER_5,3040000,45,10,6,61,21,24
SUPER_5,3050000,454,27,43,524,280,174
SUPER_5,3060000,92,22,16,130,46,46
SUPER_5,3070000,97,6,18,121,49,48
SUPER_5,3080000,262,23,16,301,132,130
SUPER_5,3090000,271,39,27,337,127,144
SUPER_5,3100000,212,18,19,249,102,110
SUPER_5,3110000,249,22,30,301,125,124
SUPER_5,3120000,315,31,25,371,142,173
SUPER_5,3130000,188,16,19,223,77,111
SUPER_5,3140000,237,27,30,294,120,117
SUPER_5,3150000,230,24,34,288,92,138
SUPER_5,3160000,239,24,27,290,112,127
SUPER_5,3170000,321,33,22,376,154,167
SUPER_5,3180000,278,34,25,337,136,142
SUPER_5,3190000,312,29,38,379,144,168
SUPER_5,3200000,311,31,35,377,154,157
SUPER_5,3210000,112,13,15,140,62,50
SUPER_5,3220000,130,12,15,157,56,74
SUPER_5,3230000,180,21,20,221,77,103
SUPER_5,3240000,287,18,24,329,135,152
SUPER_5,3250000,297,45,29,371,137,160
SUPER_5,3260000,244,15,22,281,129,115
SUPER_5,3270000,158,12,14,184,86,72
SUPER_5,3280000,184,12,22,218,83,101
SUPER_5,3290000,270,28,21,319,137,133
SUPER_5,3300000,160,10,20,190,80,80
SUPER_5,3310000,341,33,38,412,153,188
SUPER_5,3320000,153,17,14,184,75,78
SUPER_5,3330000,285,25,29,339,137,148
SUPER_5,3340000,390,32,34,456,182,208
SUPER_5,3350000,247,27,20,294,131,116
SUPER_5,3360000,208,19,16,243,114,94
SUPER_5,3370000,343,38,29,410,166,177
SUPER_5,3380000,405,37,37,479,185,220
SUPER_5,3390000,360,24,33,417,171,189
SUPER_5,3400000,366,23,35,424,188,178
SUPER_5,3410000,163,17,30,210,87,76
SUPER_5,3420000,309,46,28,383,145,164
SUPER_5,3430000,272,26,29,327,145,127
SUPER_5,3440000,273,34,22,329,131,142
SUPER_5,3450000,320,35,32,387,164,156
SUPER_5,3460000,308,36,23,367,153,155
SUPER_5,3470000,360,34,32,426,152,208
SUPER_5,3480000,312,29,34,375,153,159
SUPER_5,3490000,329,36,28,393,170,159
SUPER_5,3500000,391,33,34,458,184,207
SUPER_5,3510000,185,20,17,222,99,86
SUPER_5,3520000,202,15,15,232,100,102
SUPER_5,3530000,362,39,28,429,167,195
SUPER_5,3540000,303,39,29,371,155,148
SUPER_5,3550000,152,13,14,179,78,74
SUPER_5,3560000,208,20,22,250,89,119
SUPER_5,3570000,155,16,9,180,75,80
SUPER_5,3580000,130,14,14,158,55,75
SUPER_5,3590000,377,27,35,439,185,192
SUPER_5,3600000,137,14,11,162,64,73
SUPER_5,3610000,255,23,19,297,129,126
SUPER_5,3620000,319,32,29,380,179,140
SUPER_5,3630000,330,35,24,389,168,162
SUPER_5,3640000,263,31,30,324,139,124
SUPER_5,3650000,268,25,17,310,121,147
SUPER_5,3660000,271,23,16,310,136,135
SUPER_5,3670000,313,33,36,382,140,173
SUPER_5,3680000,487,47,44,578,213,274
SUPER_5,3690000,203,17,16,236,95,108
SUPER_5,3700000,262,17,16,295,139,123
SUPER_5,3710000,256,24,20,300,128,128
SUPER_5,3720000,399,38,34,471,173,226
SUPER_5,3730000,298,20,32,350,148,150
SUPER_5,3740000,339,39,33,411,154,185
SUPER_5,3750000,119,6,9,134,64,55
SUPER_5,3760000,167,15,18,200,79,88
SUPER_5,3770000,272,31,27,330,136,136
SUPER_5,3780000,272,19,27,318,135,137
SUPER_5,3790000,89,7,7,103,45,44
SUPER_5,3800000,362,42,32,436,173,189
SUPER_5,3810000,297,21,22,340,137,160
SUPER_5,3820000,245,29,20,294,129,116
SUPER_5,3830000,151,11,12,174,66,85
SUPER_5,3840000,7,1,0,8,5,2
SUPER_5,3850000,98,6,5,109,49,49
SUPER_5,3860000,235,27,21,283,121,114
SUPER_5,3870000,258,25,32,315,138,120
SUPER_5,3880000,371,43,30,444,162,209
SUPER_5,3890000,278,27,36,341,145,133
SUPER_5,3900000,263,28,24,315,139,124
SUPER_5,3910000,239,32,23,294,124,115
SUPER_5,3920000,330,40,42,412,161,169
SUPER_5,3930000,313,27,21,361,145,168
SUPER_5,3940000,287,28,25,340,136,151
SUPER_5,3950000,358,25,31,414,189,169
SUPER_5,3960000,260,23,24,307,122,138
SUPER_5,3970000,355,35,36,426,178,177
SUPER_5,3980000,198,18,14,230,93,105
SUPER_5,3990000,313,23,23,359,150,163
SUPER_5,4000000,326,29,45,400,147,179
SUPER_5,4010000,245,22,18,285,110,135
SUPER_5,4020000,311,30,24,365,162,149
SUPER_5,4030000,263,18,42,323,138,125
SUPER_5,4040000,339,43,27,409,158,181
SUPER_5,4050000,307,26,33,366,158,149
SUPER_5,4060000,165,11,15,191,84,81
SUPER_5,4070000,311,40,26,377,148,163
SUPER_5,4080000,302,30,31,363,158,144
SUPER_5,4090000,349,37,31,417,165,184
SUPER_5,4100000,281,28,21,330,132,149
SUPER_5,4110000,309,31,31,371,163,146
SUPER_5,4120000,141,10,12,163,73,68
SUPER_5,4130000,196,14,17,227,96,100
SUPER_5,4140000,124,11,5,140,59,65
SUPER_5,4150000,312,22,26,360,157,155
SUPER_5,4160000,195,17,13,225,96,99
SUPER_5,4170000,198,23,19,240,80,118
SUPER_5,4180000,308,31,31,370,143,165
SUPER_5,4190000,266,23,21,310,134,132
SUPER_5,4200000,145,21,22,188,66,79
SUPER_5,4210000,274,36,33,343,133,141
SUPER_5,4220000,194,16,23,233,77,117
SUPER_5,4230000,224,21,22,267,116,108
SUPER_5,4240000,272,28,24,324,129,143
SUPER_5,4250000,316,27,29,372,161,155
SUPER_5,4260000,207,23,28,258,91,116
SUPER_5,4270000,225,13,22,260,114,111
SUPER_5,4280000,312,29,26,367,145,167
SUPER_5,4290000,350,33,28,411,174,176
SUPER_5,4300000,335,35,26,396,139,196
SUPER_5,4310000,226,23,18,267,109,117
SUPER_5,4320000,265,33,22,320,136,129
SUPER_5,4330000,273,20,25,318,125,148
SUPER_5,4340000,136,8,8,152,67,69
SUPER_5,4350000,218,13,15,246,102,116
SUPER_5,4360000,186,12,18,216,90,96
SUPER_5,4370000,161,9,16,186,96,65
SUPER_5,4380000,160,20,18,198,74,86
SUPER_5,4390000,170,17,16,203,71,99
SUPER_5,4400000,130,12,18,160,63,67
SUPER_5,4410000,138,15,18,171,62,76
SUPER_5,4420000,283,31,30,344,140,143
SUPER_5,4430000,221,24,16,261,100,121
SUPER_5,4440000,191,17,21,229,90,101
SUPER_5,4450000,234,32,22,288,117,117
SUPER_5,4460000,175,23,12,210,91,84
SUPER_5,4470000,91,4,12,107,50,41
SUPER_5,4480000,107,19,8,134,48,59
SUPER_5,4490000,118,9,13,140,64,54
SUPER_5,4500000,224,21,20,265,112,112
SUPER_5,4510000,153,19,17,189,79,74
SUPER_5,4520000,137,10,14,161,68,69
SUPER_5,4530000,261,17,25,303,142,119
SUPER_5,4540000,0,0,1,1,0,0
SUPER_5,4550000,79,6,7,92,42,37
SUPER_5,4560000,268,31,25,324,158,110
SUPER_5,4570000,72,8,4,84,32,40
SUPER_5,4580000,269,18,30,317,133,136
SUPER_5,4590000,238,16,27,281,116,122
SUPER_5,4600000,87,10,6,103,42,45
SUPER_5,4610000,166,16,22,204,80,86
SUPER_5,4620000,339,32,38,409,175,164
SUPER_5,4630000,270,27,11,308,128,142
SUPER_5,4640000,324,24,32,380,141,183
SUPER_5,4650000,340,28,23,391,166,174
SUPER_5,4660000,296,24,32,352,149,147
SUPER_5,4670000,193,16,17,226,81,112
SUPER_5,4680000,220,26,16,262,98,122
SUPER_5,4690000,232,29,21,282,116,116
SUPER_5,4700000,307,34,26,367,144,163
SUPER_5,4710000,162,20,5,187,86,76
SUPER_5,4720000,185,15,13,213,80,105
SUPER_5,4730000,190,19,23,232,87,103
SUPER_5,4740000,232,21,15,268,111,121
SUPER_5,4750000,273,26,24,323,123,150
SUPER_5,4760000,202,18,30,250,103,99
SUPER_5,4770000,163,19,18,200,82,81
SUPER_5,4780000,78,11,8,97,38,40
SUPER_5,4790000,74,16,11,101,28,46
SUPER_5,4800000,109,9,14,132,48,61
SUPER_5,4810000,249,20,19,288,125,124
SUPER_5,4820000,193,19,15,227,92,101
SUPER_5,4830000,246,29,22,297,109,137
SUPER_5,4840000,390,41,35,466,185,205
SUPER_5,4850000,155,13,12,180,78,77
SUPER_5,4860000,346,23,41,410,152,194
SUPER_5,4870000,200,16,10,226,108,92
SUPER_5,4880000,246,18,27,291,126,120
SUPER_5,4890000,243,24,24,291,114,129
SUPER_5,4900000,311,28,28,367,156,155
SUPER_5,4910000,216,28,28,272,106,110
SUPER_5,4920000,279,25,25,329,120,159
SUPER_5,4930000,340,27,37,404,159,181
SUPER_5,4940000,208,15,21,244,107,101
SUPER_5,4950000,50,2,6,58,24,26
SUPER_5,4960000,195,15,12,222,95,100
SUPER_5,4970000,277,22,23,322,127,150
SUPER_5,4980000,165,15,14,194,87,78
SUPER_5,4990000,266,22,28,316,116,150
SUPER_5,5000000,242,26,24,292,119,123
SUPER_5,5010000,271,35,21,327,133,138
SUPER_5,5020000,340,38,24,402,161,179
SUPER_5,5030000,178,19,10,207,86,92
SUPER_5,5040000,360,29,24,413,192,168
SUPER_5,5050000,280,37,27,344,115,165
SUPER_5,5060000,240,22,16,278,114,126
SUPER_5,5070000,247,27,22,296,124,123
SUPER_5,5080000,240,19,24,283,124,116
SUPER_5,5090000,225,14,16,255,112,113
SUPER_5,5100000,152,13,13,178,71,81
SUPER_5,5110000,181,10,17,208,82,99
SUPER_5,5120000,177,17,9,203,96,81
SUPER_5,5130000,147,13,14,174,79,68
SUPER_5,5140000,267,27,29,323,131,136
SUPER_5,5150000,290,21,18,329,144,146
SUPER_5,5160000,194,16,16,226,104,90
SUPER_5,5170000,195,12,20,227,95,100
SUPER_5,5180000,174,19,24,217,89,85
SUPER_5,5190000,165,14,10,189,85,80
SUPER_5,5200000,131,11,12,154,68,63
SUPER_5,5210000,96,8,7,111,50,46
SUPER_5,5220000,261,17,35,313,134,127
SUPER_5,5230000,205,25,16,246,92,113
SUPER_5,5240000,162,20,16,198,66,96
SUPER_5,5250000,189,14,12,215,109,80
SUPER_5,5260000,108,8,11,127,57,51
SUPER_5,5270000,159,16,11,186,82,77
SUPER_5,5280000,269,27,33,329,130,139
SUPER_5,5290000,145,11,15,171,67,78
SUPER_5,5300000,156,22,17,195,77,79
SUPER_5,5310000,95,12,15,122,52,43
SUPER_5,5320000,136,7,16,159,52,84
SUPER_5,5330000,80,9,9,98,36,44
SUPER_5,5340000,147,19,14,180,70,77
SUPER_5,5350000,112,7,6,125,59,53
SUPER_5,5360000,165,22,24,211,75,90
SUPER_5,5370000,178,20,17,215,85,93
SUPER_5,5380000,114,14,8,136,52,62
SUPER_5,5390000,129,19,16,164,60,69
SUPER_5,5400000,110,12,16,138,53,57
SUPER_5,5410000,148,16,11,175,66,82
SUPER_5,5420000,239,19,29,287,107,132
SUPER_5,5430000,151,17,13,181,65,86
SUPER_5,5440000,95,15,17,127,42,53
SUPER_5,5450000,158,13,10,181,85,73
SUPER_5,5460000,275,30,39,344,111,164
SUPER_5,5470000,188,21,16,225,99,89
SUPER_5,5480000,197,25,21,243,106,91
SUPER_5,5490000,233,18,15,266,126,107
SUPER_5,5500000,209,27,27,263,104,105
SUPER_5,5510000,253,28,30,311,118,135
SUPER_5,5520000,177,19,17,213,90,87
SUPER_5,5530000,330,27,37,394,151,179
SUPER_5,5540000,66,6,4,76,39,27
SUPER_5,5550000,106,10,7,123,50,56
SUPER_5,5560000,225,26,23,274,103,122
SUPER_5,5570000,170,19,13,202,75,95
SUPER_5,5580000,51,8,4,63,26,25
SUPER_5,5590000,199,18,17,234,92,107
SUPER_5,5600000,148,17,14,179,74,74
SUPER_5,5610000,119,8,16,143,52,67
SUPER_5,5620000,186,20,20,226,103,83
SUPER_5,5630000,227,23,14,264,119,108
SUPER_5,5640000,130,12,11,153,70,60
SUPER_5,5650000,112,18,4,134,54,58
SUPER_5,5660000,121,14,8,143,65,56
SUPER_5,5670000,109,12,7,128,56,53
SUPER_5,5680000,225,18,24,267,113,112
SUPER_5,5690000,196,20,17,233,102,94
SUPER_5,5700000,167,14,18,199,77,90
SUPER_5,5710000,145,20,14,179,63,82
SUPER_5,5720000,273,37,17,327,144,129
SUPER_5,5730000,139,14,13,166,65,74
SUPER_5,5740000,218,26,22,266,122,96
SUPER_5,5750000,82,6,10,98,50,32
SUPER_5,5760000,72,7,9,88,28,44
SUPER_5,5770000,179,17,14,210,98,81
SUPER_5,5780000,84,4,14,102,36,48
SUPER_5,5790000,1,0,0,1,1,0
SUPER_5,5800000,202,22,19,243,91,111
SUPER_5,5810000,48,4,7,59,20,28
SUPER_5,5820000,96,10,6,112,42,54
SUPER_5,5830000,182,23,22,227,79,103
SUPER_5,5840000,304,29,15,348,144,160
SUPER_5,5850000,248,30,27,305,126,122
SUPER_5,5860000,219,24,23,266,119,100
SUPER_5,5870000,229,25,17,271,107,122
SUPER_5,5880000,167,14,22,203,69,98
SUPER_5,5890000,157,10,13,180,87,70
SUPER_5,5900000,192,18,13,223,91,101
SUPER_5,5910000,170,15,7,192,93,77
SUPER_5,5920000,241,31,20,292,124,117
SUPER_5,5930000,125,16,9,150,53,72
SUPER_5,5940000,262,27,23,312,127,135
SUPER_5,5950000,242,18,21,281,106,136
SUPER_5,5960000,275,18,21,314,137,138
SUPER_5,5970000,345,31,30,406,173,172
SUPER_5,5980000,227,25,23,275,120,107
SUPER_5,5990000,179,23,24,226,85,94
SUPER_5,6000000,48,5,2,55,23,25
SUPER_5,6010000,63,6,4,73,31,32
SUPER_5,6020000,238,25,20,283,128,110
SUPER_5,6030000,267,19,20,306,132,135
SUPER_5,6040000,142,8,14,164,69,73
SUPER_5,6050000,222,19,12,253,112,110
SUPER_5,6060000,193,15,18,226,102,91
SUPER_5,6070000,205,23,14,242,88,117
SUPER_5,6080000,232,31,21,284,118,114
SUPER_5,6090000,39,5,5,49,18,21
SUPER_5,6100000,142,12,17,171,69,73
SUPER_5,6110000,135,6,15,156,73,62
SUPER_5,6120000,142,12,8,162,69,73
SUPER_5,6130000,92,13,8,113,48,44
SUPER_5,6140000,180,12,25,217,96,84
SUPER_5,6150000,241,13,29,283,115,126
SUPER_5,6160000,181,12,24,217,83,98
SUPER_5,6170000,119,11,10,140,54,65
SUPER_5,6180000,211,22,21,254,101,110
SUPER_5,6190000,219,27,19,265,102,117
SUPER_5,6200000,177,22,12,211,90,87
SUPER_5,6210000,220,27,21,268,112,108
SUPER_5,6220000,261,16,28,305,133,128
SUPER_5,6230000,187,19,21,227,96,91
SUPER_5,6240000,164,14,18,196,82,82
SUPER_5,6250000,187,21,19,227,85,102
SUPER_5,6260000,143,15,18,176,79,64
SUPER_5,6270000,266,27,23,316,139,127
SUPER_5,6280000,178,20,9,207,85,93
SUPER_5,6290000,84,8,10,102,36,48
SUPER_5,6300000,102,5,5,112,53,49
SUPER_5,6310000,267,37,26,330,132,135
SUPER_5,6320000,206,14,16,236,102,104
SUPER_5,6330000,249,28,17,294,119,130
SUPER_5,6340000,201,19,17,237,101,100
SUPER_5,6350000,299,36,26,361,141,158
SUPER_5,6360000,53,13,9,75,25,28
SUPER_5,6370000,224,30,19,273,119,105
SUPER_5,6380000,134,5,9,148,71,63
SUPER_5,6390000,48,5,6,59,27,21
SUPER_5,6400000,50,14,5,69,21,29
SUPER_5,6410000,77,10,4,91,35,42
SUPER_5,6420000,229,21,26,276,112,117
SUPER_5,6430000,160,18,14,192,65,95
SUPER_5,6440000,257,28,21,306,116,141
SUPER_5,6450000,378,36,35,449,210,168
SUPER_5,6460000,323,28,34,385,162,161
SUPER_5,6470000,214,19,20,253,106,108
SUPER_5,6480000,212,24,24,260,95,117
SUPER_5,6490000,294,28,38,360,131,163
SUPER_5,6500000,134,18,11,163,60,74
SUPER_5,6510000,216,14,20,250,104,112
SUPER_5,6520000,37,11,4,52,23,14
SUPER_5,6530000,179,27,15,221,85,94
SUPER_5,6540000,142,15,13,170,76,66
SUPER_5,6550000,149,7,15,171,70,79
SUPER_5,6560000,93,1,7,101,45,48
SUPER_5,6570000,211,28,19,258,100,111
SUPER_5,6580000,20,2,4,26,11,9
SUPER_5,6590000,64,5,11,80,29,35
SUPER_5,6600000,45,7,5,57,23,22
SUPER_5,6610000,60,3,8,71,28,32
SUPER_5,6620000,221,19,16,256,103,118
SUPER_5,6630000,331,23,26,380,158,173
SUPER_5,6640000,237,18,27,282,119,118
SUPER_5,6650000,210,16,19,245,113,97
SUPER_5,6660000,175,16,18,209,99,76
SUPER_5,6670000,232,22,14,268,122,110
SUPER_5,6680000,213,19,16,248,103,110
SUPER_5,6690000,226,16,17,259,107,119
SUPER_5,6700000,248,28,18,294,131,117
SUPER_5,6710000,449,48,38,535,218,231
SUPER_5,6720000,282,26,32,340,140,142
SUPER_5,6730000,237,19,18,274,118,119
SUPER_5,6740000,303,21,21,345,150,153
SUPER_5,6750000,206,16,24,246,93,113
SUPER_5,6760000,241,20,26,287,127,114
SUPER_5,6770000,0,0,0,0,0,0
SUPER_5,6780000,0,0,0,0,0,0
SUPER_5,6790000,428,36,37,501,214,214
SUPER_5,6800000,302,18,22,342,160,142
SUPER_5,6810000,110,17,15,142,52,58
SUPER_5,6820000,239,29,26,294,101,138
SUPER_5,6830000,203,16,16,235,103,100
SUPER_5,6840000,269,27,47,343,128,141
SUPER_5,6850000,197,15,14,226,113,84
SUPER_5,6860000,215,20,13,248,96,119
SUPER_5,6870000,58,6,5,69,27,31
SUPER_5,6880000,1,1,0,2,0,1
SUPER_5,6890000,99,5,12,116,41,58
SUPER_5,6900000,134,16,14,164,73,61
SUPER_5,6910000,107,15,6,128,61,46
SUPER_5,6920000,96,7,8,111,55,41
SUPER_5,6930000,105,4,11,120,58,47
SUPER_5,6940000,132,12,9,153,69,63
SUPER_5,6950000,148,16,16,180,68,80
SUPER_5,6960000,161,14,16,191,79,82
SUPER_5,6970000,289,33,39,361,145,144
SUPER_5,6980000,180,16,16,212,90,90
SUPER_5,6990000,190,16,17,223,84,106
SUPER_5,7000000,136,13,18,167,63,73
SUPER_5,7010000,113,14,12,139,53,60
SUPER_5,7020000,296,40,34,370,122,174
SUPER_5,7030000,130,13,21,164,67,63
SUPER_5,7040000,96,8,13,117,49,47
SUPER_5,7050000,99,12,7,118,49,50
SUPER_5,7060000,66,13,12,91,35,31
SUPER_5,7070000,92,12,13,117,44,48
SUPER_5,7080000,73,11,8,92,43,30
SUPER_5,7090000,142,19,15,176,76,66
SUPER_5,7100000,127,17,15,159,62,65
SUPER_5,7110000,168,18,11,197,95,73
SUPER_5,7120000,89,9,7,105,43,46
SUPER_5,7130000,116,13,9,138,60,56
SUPER_5,7140000,142,18,18,178,70,72
SUPER_5,7150000,247,23,28,298,122,125
SUPER_5,7160000,19,3,0,22,8,11
SUPER_5,7170000,177,14,20,211,78,99
SUPER_5,7180000,145,17,14,176,62,83
SUPER_5,7190000,124,19,19,162,54,70
SUPER_5,7200000,102,5,16,123,47,55
SUPER_5,7210000,114,11,14,139,52,62
SUPER_5,7220000,146,17,20,183,68,78
SUPER_5,7230000,125,23,12,160,60,65
SUPER_5,7240000,204,21,26,251,98,106
SUPER_5,7250000,117,10,15,142,57,60
SUPER_5,7260000,197,20,18,235,88,109
SUPER_5,7270000,135,13,12,160,68,67
SUPER_5,7280000,139,16,15,170,71,68
SUPER_5,7290000,83,13,7,103,40,43
SUPER_5,7300000,63,8,3,74,29,34
SUPER_5,7310000,150,13,14,177,70,80
SUPER_5,7320000,118,12,13,143,55,63
SUPER_5,7330000,286,26,20,332,124,162
SUPER_5,7340000,230,18,19,267,129,101
SUPER_5,7350000,147,17,19,183,66,81
SUPER_5,7360000,195,15,19,229,97,98
SUPER_5,7370000,94,10,11,115,41,53
SUPER_5,7380000,117,12,2,131,55,62
SUPER_5,7390000,111,24,10,145,40,71
SUPER_5,7400000,57,9,7,73,33,24
SUPER_5,7410000,5,2,1,8,2,3
SUPER_5,7420000,146,16,15,177,66,80
SUPER_5,7430000,54,9,3,66,25,29
SUPER_5,7440000,23,4,2,29,10,13
SUPER_5,7450000,46,6,6,58,21,25
SUPER_5,7460000,96,6,3,105,58,38
SUPER_5,7470000,166,14,19,199,85,81
SUPER_5,7480000,202,18,20,240,98,104
SUPER_5,7490000,140,13,13,166,78,62
SUPER_5,7500000,185,14,7,206,101,84
SUPER_5,7510000,274,20,23,317,123,151
SUPER_5,7520000,217,31,19,267,102,115
SUPER_5,7530000,215,18,28,261,97,118
SUPER_5,7540000,241,25,18,284,112,129
SUPER_5,7550000,125,14,16,155,62,63
SUPER_5,7560000,202,23,10,235,99,103
SUPER_5,7570000,183,25,15,223,84,99
SUPER_5,7580000,92,8,8,108,55,37
SUPER_5,7590000,84,5,5,94,36,48
SUPER_5,7600000,10,0,1,11,3,7
SUPER_5,7610000,136,12,13,161,78,58
SUPER_5,7620000,87,12,3,102,35,52
SUPER_5,7630000,205,22,14,241,91,114
SUPER_5,7640000,223,27,16,266,108,115
SUPER_5,7650000,124,12,15,151,61,63
SUPER_5,7660000,92,12,8,112,50,42
SUPER_5,7670000,177,15,16,208,85,92
SUPER_5,7680000,233,21,21,275,102,131
SUPER_5,7690000,301,42,26,369,139,162
SUPER_5,7700000,205,23,19,247,98,107
SUPER_5,7710000,187,11,14,212,98,89
SUPER_5,7720000,114,13,16,143,61,53
SUPER_5,7730000,172,20,22,214,84,88
SUPER_5,7740000,112,7,9,128,62,50
SUPER_5,7750000,252,29,23,304,123,129
SUPER_5,7760000,211,21,17,249,111,100
SUPER_5,7770000,150,19,12,181,61,89
SUPER_5,7780000,124,8,14,146,63,61
SUPER_5,7790000,113,9,8,130,57,56
SUPER_5,7800000,164,17,16,197,79,85
SUPER_5,7810000,157,14,18,189,79,78
SUPER_5,7820000,221,28,20,269,112,109
SUPER_5,7830000,172,16,20,208,85,87
SUPER_5,7840000,130,16,14,160,67,63
SUPER_5,7850000,184,29,18,231,98,86
SUPER_5,7860000,139,11,15,165,81,58
SUPER_5,7870000,172,18,15,205,80,92
SUPER_5,7880000,101,12,10,123,50,51
SUPER_5,7890000,123,4,11,138,61,62
SUPER_5,7900000,295,27,21,343,136,159
SUPER_5,7910000,152,16,22,190,77,75
SUPER_5,7920000,61,8,6,75,21,40
SUPER_5,7930000,65,4,3,72,32,33
SUPER_5,7940000,110,13,16,139,56,54
SUPER_5,7950000,107,7,11,125,60,47
SUPER_5,7960000,42,7,3,52,23,19
SUPER_5,7970000,32,3,4,39,16,16
SUPER_5,7980000,29,3,5,37,11,18
SUPER_5,7990000,221,26,10,257,114,107
SUPER_5,8000000,120,16,11,147,71,49
SUPER_5,8010000,84,8,10,102,36,48
SUPER_5,8020000,115,12,13,140,58,57
SUPER_5,8030000,163,22,16,201,80,83
SUPER_5,8040000,247,21,27,295,125,122
SUPER_5,8050000,191,14,14,219,93,98
SUPER_5,8060000,106,14,12,132,45,61
SUPER_5,8070000,223,23,22,268,112,111
SUPER_5,8080000,106,15,8,129,55,51
SUPER_5,8090000,31,3,2,36,14,17
SUPER_5,8100000,176,20,22,218,83,93
SUPER_5,8110000,269,22,26,317,137,132
SUPER_5,8120000,229,23,22,274,110,119
SUPER_5,8130000,120,12,11,143,63,57
SUPER_5,8140000,155,20,18,193,83,72
SUPER_5,8150000,114,13,10,137,54,60
SUPER_5,8160000,159,12,6,177,70,89
SUPER_5,8170000,154,17,12,183,76,78
SUPER_5,8180000,222,10,20,252,117,105
SUPER_5,8190000,148,18,22,188,68,80
SUPER_5,8200000,113,9,9,131,70,43
SUPER_5,8210000,202,19,25,246,100,102
SUPER_5,8220000,0,0,0,0,0,0
SUPER_5,8230000,0,0,0,0,0,0
SUPER_5,8240000,0,0,0,0,0,0
SUPER_5,8250000,0,0,0,0,0,0
SUPER_5,8260000,105,11,11,127,39,66
SUPER_5,8270000,0,0,0,0,0,0
SUPER_5,8280000,0,0,0,0,0,0
SUPER_5,8290000,3,1,0,4,2,1
SUPER_5,8300000,1,0,0,1,0,1
SUPER_5,8310000,0,0,0,0,0,0
SUPER_5,8320000,0,0,0,0,0,0
SUPER_5,8330000,3,0,1,4,2,1
SUPER_5,8340000,0,0,0,0,0,0
SUPER_5,8350000,0,0,0,0,0,0
SUPER_5,8360000,3,1,0,4,3,0
SUPER_5,8370000,0,0,0,0,0,0
SUPER_5,8380000,0,0,0,0,0,0
SUPER_5,8390000,144,18,11,173,79,65
SUPER_5,8400000,302,38,22,362,154,148
SUPER_5,8410000,260,26,26,312,120,140
SUPER_5,8420000,157,19,23,199,84,73
SUPER_5,8430000,81,12,8,101,36,45
SUPER_5,8440000,138,10,13,161,72,66
SUPER_5,8450000,247,27,24,298,100,147
SUPER_5,8460000,159,16,17,192,66,93
SUPER_5,8470000,76,10,2,88,31,45
SUPER_5,8480000,53,11,5,69,20,33
SUPER_5,8490000,192,20,17,229,85,107
SUPER_5,8500000,130,20,9,159,57,73
SUPER_5,8510000,224,14,20,258,92,132
SUPER_5,8520000,277,26,27,330,124,153
SUPER_5,8530000,202,25,26,253,99,103
SUPER_5,8540000,299,22,25,346,157,142
SUPER_5,8550000,180,23,13,216,101,79
SUPER_5,8560000,253,18,27,298,131,122
SUPER_5,8570000,219,24,22,265,112,107
SUPER_5,8580000,357,45,25,427,166,191
SUPER_5,8590000,205,22,21,248,96,109
SUPER_5,8600000,269,31,25,325,133,136
SUPER_5,8610000,213,27,32,272,106,107
SUPER_5,8620000,226,17,22,265,115,111
SUPER_5,8630000,285,27,29,341,135,150
SUPER_5,8640000,247,17,17,281,121,126
SUPER_5,8650000,308,26,29,363,163,145
SUPER_5,8660000,218,15,14,247,110,108
SUPER_5,8670000,113,7,7,127,60,53
SUPER_5,8680000,328,30,25,383,153,175
SUPER_5,8690000,183,15,20,218,92,91
SUPER_5,8700000,125,13,13,151,54,71
SUPER_5,8710000,218,22,21,261,126,92
SUPER_5,8720000,277,26,18,321,156,121
SUPER_5,8730000,276,32,26,334,128,148
SUPER_5,8740000,165,19,17,201,85,80
SUPER_5,8750000,109,10,16,135,54,55
SUPER_5,8760000,199,28,18,245,94,105
SUPER_5,8770000,212,20,27,259,93,119
SUPER_5,8780000,222,26,29,277,105,117
SUPER_5,8790000,209,24,20,253,103,106
SUPER_5,8800000,246,18,25,289,115,131
SUPER_5,8810000,271,21,21,313,128,143
SUPER_5,8820000,231,24,26,281,111,120
SUPER_5,8830000,189,22,18,229,90,99
SUPER_5,8840000,234,24,20,278,96,138
SUPER_5,8850000,239,20,19,278,126,113
SUPER_5,8860000,156,17,19,192,76,80
SUPER_5,8870000,177,18,20,215,89,88
SUPER_5,8880000,251,20,23,294,115,136
SUPER_5,8890000,272,37,26,335,119,153
SUPER_5,8900000,277,25,36,338,134,143
SUPER_5,8910000,402,37,36,475,181,221
SUPER_5,8920000,163,14,14,191,77,86
SUPER_5,8930000,238,23,15,276,123,115
SUPER_5,8940000,302,31,23,356,149,153
SUPER_5,8950000,255,20,25,300,125,130
SUPER_5,8960000,328,27,24,379,144,184
SUPER_5,8970000,338,35,38,411,146,192
SUPER_5,8980000,269,28,18,315,115,154
SUPER_5,8990000,187,15,19,221,83,104
SUPER_5,9000000,135,22,8,165,64,71
SUPER_5,9010000,64,6,5,75,26,38
SUPER_5,9020000,104,15,5,124,45,59
SUPER_5,9030000,104,11,16,131,49,55
SUPER_5,9040000,324,32,37,393,152,172
SUPER_5,9050000,197,17,8,222,96,101
SUPER_5,9060000,303,21,30,354,150,153
SUPER_5,9070000,324,31,31,386,172,152
SUPER_5,9080000,295,26,43,364,135,160
SUPER_5,9090000,328,30,24,382,155,173
SUPER_5,9100000,309,25,23,357,153,156
SUPER_5,9110000,329,19,50,398,153,176
SUPER_5,9120000,303,32,26,361,135,168
SUPER_5,9130000,232,26,16,274,108,124
SUPER_5,9140000,229,17,16,262,99,130
SUPER_5,9150000,232,23,17,272,106,126
SUPER_5,9160000,166,11,14,191,75,91
SUPER_5,9170000,198,18,17,233,107,91
SUPER_5,9180000,142,13,22,177,69,73
SUPER_5,9190000,57,9,8,74,30,27
SUPER_5,9200000,211,16,24,251,109,102
SUPER_5,9210000,168,9,20,197,90,78
SUPER_5,9220000,90,15,7,112,46,44
SUPER_5,9230000,190,19,19,228,95,95
SUPER_5,9240000,47,3,4,54,23,24
SUPER_5,9250000,163,12,15,190,68,95
SUPER_5,9260000,300,29,38,367,136,164
SUPER_5,9270000,103,8,11,122,52,51
SUPER_5,9280000,167,17,13,197,87,80
SUPER_5,9290000,272,34,20,326,117,155
SUPER_5,9300000,204,15,18,237,100,104
SUPER_5,9310000,242,28,24,294,128,114
SUPER_5,9320000,125,20,11,156,54,71
SUPER_5,9330000,263,25,28,316,117,146
SUPER_5,9340000,307,22,32,361,148,159
SUPER_5,9350000,375,31,31,437,186,189
SUPER_5,9360000,157,24,13,194,72,85
SUPER_5,9370000,186,10,12,208,95,91
SUPER_5,9380000,0,1,0,1,0,0
SUPER_5,9390000,86,14,12,112,38,48
SUPER_5,9400000,227,28,16,271,113,114
SUPER_5,9410000,192,26,30,248,83,109
SUPER_5,9420000,236,18,16,270,106,130
SUPER_5,9430000,258,30,21,309,127,131
SUPER_5,9440000,316,20,22,358,145,171
SUPER_5,9450000,83,3,11,97,42,41
SUPER_5,9460000,38,3,5,46,17,21
SUPER_5,9470000,74,3,3,80,41,33
SUPER_5,9480000,112,8,6,126,54,58
SUPER_5,9490000,108,9,7,124,37,71
SUPER_5,9500000,38,1,5,44,13,25
SUPER_5,9510000,92,7,5,104,54,38
SUPER_5,9520000,142,10,10,162,62,80
SUPER_5,9530000,67,8,4,79,29,38
SUPER_5,9540000,103,7,9,119,48,55
SUPER_5,9550000,129,17,13,159,60,69
SUPER_5,9560000,80,13,5,98,29,51
SUPER_5,9570000,137,17,8,162,72,65
SUPER_5,9580000,83,9,5,97,41,42
SUPER_5,9590000,160,16,11,187,65,95
SUPER_5,9600000,190,14,15,219,100,90
SUPER_5,9610000,54,4,2,60,35,19
SUPER_5,9620000,111,11,7,129,66,45
SUPER_5,9630000,389,37,48,474,196,193
SUPER_5,9640000,236,30,24,290,105,131
SUPER_5,9650000,45,4,2,51,25,20
SUPER_5,9660000,245,24,24,293,129,116
SUPER_5,9670000,265,37,9,311,118,147
SUPER_5,9680000,112,7,8,127,65,47
SUPER_5,9690000,295,36,33,364,146,149
SUPER_5,9700000,396,37,34,467,183,213
SUPER_5,9710000,274,27,23,324,130,144
SUPER_5,9720000,344,27,23,394,159,185
SUPER_5,9730000,332,29,34,395,167,165
SUPER_5,9740000,301,25,27,353,141,160
SUPER_5,9750000,276,21,20,317,137,139
SUPER_5,9760000,98,14,9,121,43,55
SUPER_5,9770000,43,3,5,51,26,17
SUPER_5,9780000,0,0,0,0,0,0
SUPER_5,9790000,0,0,0,0,0,0
SUPER_5,9800000,226,19,24,269,114,112
SUPER_5,9810000,261,24,21,306,127,134
SUPER_5,9820000,251,18,15,284,124,127
SUPER_5,9830000,266,21,25,312,139,127
SUPER_5,9840000,223,19,18,260,109,114
SUPER_5,9850000,277,32,25,334,139,138
SUPER_5,9860000,256,28,21,305,123,133
SUPER_5,9870000,184,17,19,220,97,87
SUPER_5,9880000,63,7,10,80,31,32
SUPER_5,9890000,89,5,7,101,41,48
SUPER_5,9900000,184,14,11,209,101,83
SUPER_5,9910000,245,23,16,284,139,106
SUPER_5,9920000,275,24,34,333,126,149
SUPER_5,9930000,253,15,24,292,135,118
SUPER_5,9940000,169,18,13,200,84,85
SUPER_5,9950000,230,11,14,255,125,105
SUPER_5,9960000,213,15,15,243,105,108
SUPER_5,9970000,221,16,22,259,122,99
SUPER_5,9980000,220,25,24,269,117,103
SUPER_5,9990000,203,24,17,244,103,100
SUPER_5,10000000,202,21,14,237,87,115
SUPER_5,10010000,288,29,25,342,154,134
SUPER_5,10020000,267,29,35,331,123,144
SUPER_5,10030000,274,25,21,320,128,146
SUPER_5,10040000,201,14,17,232,99,102
SUPER_5,10050000,202,16,12,230,95,107
SUPER_5,10060000,141,14,11,166,65,76
SUPER_5,10070000,319,25,29,373,169,150
SUPER_5,10080000,203,16,21,240,103,100
SUPER_5,10090000,220,17,13,250,107,113
SUPER_5,10100000,253,17,19,289,125,128
SUPER_5,10110000,237,24,18,279,116,121
SUPER_5,10120000,344,36,28,408,160,184
SUPER_5,10130000,152,13,7,172,71,81
SUPER_5,10140000,262,23,19,304,136,126
SUPER_5,10150000,247,30,15,292,119,128
SUPER_5,10160000,225,17,18,260,114,111
SUPER_5,10170000,4,0,0,4,1,3
SUPER_5,10180000,1,1,0,2,0,1
SUPER_5,10190000,1,0,0,1,1,0
SUPER_5,10200000,203,21,30,254,89,114
SUPER_5,10210000,229,22,18,269,105,124
SUPER_5,10220000,134,12,9,155,65,69
SUPER_5,10230000,141,14,14,169,65,76
SUPER_5,10240000,321,34,28,383,149,172
SUPER_5,10250000,214,18,26,258,107,107
SUPER_5,10260000,269,17,31,317,146,123
SUPER_5,10270000,108,16,12,136,66,42
SUPER_5,10280000,278,37,17,332,126,152
SUPER_5,10290000,344,36,35,415,151,193
SUPER_5,10300000,344,32,24,400,165,179
SUPER_5,10310000,301,33,20,354,155,146
SUPER_5,10320000,378,34,33,445,178,200
SUPER_5,10330000,358,42,41,441,171,187
SUPER_5,10340000,257,29,28,314,140,117
SUPER_5,10350000,252,23,8,283,122,130
SUPER_5,10360000,329,36,49,414,162,167
SUPER_5,10370000,326,35,25,386,157,169
SUPER_5,10380000,348,31,36,415,160,188
SUPER_5,10390000,278,27,21,326,148,130
SUPER_5,10400000,308,28,28,364,153,155
SUPER_5,10410000,312,39,41,392,162,150
SUPER_5,10420000,116,13,4,133,57,59
SUPER_5,10430000,279,30,19,328,134,145
SUPER_5,10440000,302,22,22,346,137,165
SUPER_5,10450000,268,30,20,318,130,138
SUPER_5,10460000,301,27,31,359,154,147
SUPER_5,10470000,306,30,28,364,169,137
SUPER_5,10480000,274,21,30,325,137,137
SUPER_5,10490000,271,28,25,324,127,144
SUPER_5,10500000,171,16,22,209,88,83
SUPER_5,10510000,251,16,21,288,137,114
SUPER_5,10520000,331,34,47,412,163,168
SUPER_5,10530000,274,29,25,328,133,141
SUPER_5,10540000,222,16,17,255,113,109
SUPER_5,10550000,180,26,21,227,94,86
SUPER_5,10560000,230,21,19,270,118,112
SUPER_5,10570000,177,19,21,217,83,94
SUPER_5,10580000,187,18,20,225,104,83
SUPER_5,10590000,342,30,33,405,164,178
SUPER_5,10600000,255,23,20,298,137,118
SUPER_5,10610000,140,10,9,159,76,64
SUPER_5,10620000,73,3,6,82,50,23
SUPER_5,10630000,198,18,20,236,90,108
SUPER_5,10640000,117,11,12,140,51,66
SUPER_5,10650000,435,36,53,524,192,243
SUPER_5,10660000,252,15,15,282,129,123
SUPER_5,10670000,99,8,13,120,53,46
SUPER_5,10680000,226,15,25,266,108,118
SUPER_5,10690000,250,28,29,307,121,129
SUPER_5,10700000,353,28,23,404,166,187
SUPER_5,10710000,102,16,9,127,50,52
SUPER_5,10720000,213,21,20,254,105,108
SUPER_5,10730000,98,10,4,112,36,62
SUPER_5,10740000,290,29,21,340,134,156
SUPER_5,10750000,284,30,23,337,167,117
SUPER_5,10760000,5,1,1,7,2,3
SUPER_5,10770000,141,10,16,167,66,75
SUPER_5,10780000,228,20,18,266,104,124
SUPER_5,10790000,320,37,30,387,151,169
SUPER_5,10800000,308,19,33,360,142,166
SUPER_5,10810000,143,11,12,166,74,69
SUPER_5,10820000,277,22,20,319,142,135
SUPER_5,10830000,307,25,29,361,146,161
SUPER_5,10840000,280,16,14,310,146,134
SUPER_5,10850000,328,34,32,394,157,171
SUPER_5,10860000,356,38,35,429,174,182
SUPER_5,10870000,309,35,32,376,160,149
SUPER_5,10880000,307,25,23,355,148,159
SUPER_5,10890000,247,21,18,286,131,116
SUPER_5,10900000,235,14,19,268,110,125
SUPER_5,10910000,172,14,11,197,88,84
SUPER_5,10920000,364,22,34,420,187,177
SUPER_5,10930000,288,24,20,332,131,157
SUPER_5,10940000,306,29,29,364,151,155
SUPER_5,10950000,324,21,25,370,160,164
SUPER_5,10960000,308,26,38,372,143,165
SUPER_5,10970000,361,29,20,410,191,170
SUPER_5,10980000,337,32,23,392,160,177
SUPER_5,10990000,275,21,15,311,144,131
SUPER_5,11000000,310,33,25,368,144,166
SUPER_5,11010000,245,13,44,302,122,123
SUPER_5,11020000,303,40,26,369,158,145
SUPER_5,11030000,360,37,40,437,165,195
SUPER_5,11040000,309,28,34,371,144,165
SUPER_5,11050000,165,15,9,189,95,70
SUPER_5,11060000,105,13,10,128,54,51
SUPER_5,11070000,109,14,14,137,57,52
SUPER_5,11080000,98,9,9,116,43,55
SUPER_5,11090000,46,4,3,53,20,26
SUPER_5,11100000,0,0,0,0,0,0
SUPER_5,11110000,0,0,0,0,0,0
SUPER_5,11120000,169,9,18,196,85,84
SUPER_5,11130000,93,8,10,111,43,50
SUPER_5,11140000,28,2,5,35,19,9
SUPER_5,11150000,49,9,1,59,19,30
SUPER_5,11160000,96,9,8,113,37,59
SUPER_5,11170000,214,25,22,261,109,105
SUPER_5,11180000,368,30,28,426,182,186
SUPER_5,11190000,0,0,0,0,0,0
SUPER_5,11200000,0,0,0,0,0,0
SUPER_5,11210000,43,3,1,47,22,21
SUPER_5,11220000,232,26,21,279,109,123
SUPER_5,11230000,273,24,26,323,139,134
SUPER_5,11240000,297,26,20,343,151,146
SUPER_5,11250000,296,23,37,356,160,136
SUPER_5,11260000,232,24,17,273,122,110
SUPER_5,11270000,289,18,27,334,160,129
SUPER_5,11280000,274,27,29,330,126,148
SUPER_5,11290000,236,23,25,284,125,111
SUPER_5,11300000,240,30,24,294,118,122
SUPER_5,11310000,137,15,17,169,70,67
SUPER_5,11320000,369,24,40,433,174,195
SUPER_5,11330000,229,22,15,266,85,144
SUPER_5,11340000,291,34,33,358,145,146
SUPER_5,11350000,237,26,27,290,106,131
SUPER_5,11360000,232,32,18,282,117,115
SUPER_5,11370000,230,19,14,263,119,111
SUPER_5,11380000,274,28,29,331,126,148
SUPER_5,11390000,336,28,27,391,168,168
SUPER_5,11400000,426,32,41,499,203,223
SUPER_5,11410000,377,29,33,439,176,201
SUPER_5,11420000,329,24,38,391,162,167
SUPER_5,11430000,294,27,31,352,147,147
SUPER_5,11440000,211,17,23,251,113,98
SUPER_5,11450000,313,46,27,386,162,151
SUPER_5,11460000,207,21,17,245,96,111
SUPER_5,11470000,242,19,18,279,116,126
SUPER_5,11480000,260,18,22,300,125,135
SUPER_5,11490000,306,27,33,366,153,153
SUPER_5,11500000,171,19,16,206,87,84
SUPER_5,11510000,114,10,11,135,54,60
SUPER_5,11520000,271,24,24,319,133,138
SUPER_5,11530000,333,28,29,390,153,180
SUPER_5,11540000,260,19,25,304,135,125
SUPER_5,11550000,407,43,26,476,195,212
SUPER_5,11560000,386,32,43,461,185,201
SUPER_5,11570000,371,31,33,435,193,178
SUPER_5,11580000,295,31,20,346,140,155
SUPER_5,11590000,375,33,32,440,196,179
SUPER_5,11600000,253,27,19,299,126,127
SUPER_5,11610000,146,8,18,172,71,75
SUPER_5,11620000,427,38,33,498,201,226
SUPER_5,11630000,176,15,15,206,80,96
SUPER_5,11640000,415,50,27,492,200,215
SUPER_5,11650000,427,38,39,504,193,234
SUPER_5,11660000,215,19,22,256,106,109
SUPER_5,11670000,328,33,19,380,177,151
SUPER_5,11680000,409,39,45,493,202,207
SUPER_5,11690000,171,13,12,196,91,80
SUPER_5,11700000,276,22,19,317,143,133
SUPER_5,11710000,346,45,32,423,171,175
SUPER_5,11720000,311,23,30,364,138,173
SUPER_5,11730000,441,46,35,522,215,226
SUPER_5,11740000,286,28,30,344,135,151
SUPER_5,11750000,431,55,41,527,189,242
SUPER_5,11760000,331,25,29,385,168,163
SUPER_5,11770000,401,43,34,478,210,191
SUPER_5,11780000,417,33,27,477,215,202
SUPER_5,11790000,370,36,30,436,184,186
SUPER_5,11800000,27,3,4,34,11,16
SUPER_5,11810000,382,39,27,448,195,187
SUPER_5,11820000,398,35,38,471,214,184
SUPER_5,11830000,336,37,28,401,163,173
SUPER_5,11840000,498,50,41,589,237,261
SUPER_5,11850000,346,36,20,402,175,171
SUPER_5,11860000,410,37,32,479,207,203
SUPER_5,11870000,389,33,31,453,170,219
SUPER_5,11880000,203,26,20,249,97,106
SUPER_5,11890000,208,31,14,253,87,121
SUPER_5,11900000,323,19,32,374,164,159
SUPER_5,11910000,403,44,45,492,190,213
SUPER_5,11920000,172,18,16,206,96,76
SUPER_5,11930000,479,49,46,574,219,260
SUPER_5,11940000,297,35,22,354,148,149
SUPER_5,11950000,223,29,16,268,101,122
SUPER_5,11960000,342,29,24,395,168,174
SUPER_5,11970000,371,34,38,443,176,195
SUPER_5,11980000,374,31,30,435,189,185
SUPER_5,11990000,213,14,10,237,115,98
SUPER_5,12000000,306,22,28,356,165,141
SUPER_5,12010000,277,25,27,329,150,127
SUPER_5,12020000,142,10,15,167,55,87
SUPER_5,12030000,386,37,34,457,202,184
SUPER_5,12040000,384,34,25,443,166,218
SUPER_5,12050000,260,20,17,297,125,135
SUPER_5,12060000,352,28,33,413,160,192
SUPER_5,12070000,304,34,18,356,138,166
SUPER_5,12080000,93,9,10,112,56,37
SUPER_5,12090000,216,26,15,257,110,106
SUPER_5,12100000,387,42,39,468,193,194
SUPER_5,12110000,18,3,2,23,9,9
SUPER_5,12120000,348,32,39,419,170,178
SUPER_5,12130000,275,23,23,321,132,143
SUPER_5,12140000,237,26,13,276,111,126
SUPER_5,12150000,251,25,20,296,134,117
SUPER_5,12160000,238,19,26,283,120,118
SUPER_5,12170000,206,31,20,257,91,115
SUPER_5,12180000,264,26,20,310,138,126
SUPER_5,12190000,219,22,26,267,114,105
SUPER_5,12200000,348,32,25,405,179,169
SUPER_5,12210000,315,26,27,368,154,161
SUPER_5,12220000,141,12,7,160,66,75
SUPER_5,12230000,326,30,37,393,160,166
SUPER_5,12240000,249,39,23,311,123,126
SUPER_5,12250000,188,24,19,231,95,93
SUPER_5,12260000,355,28,44,427,173,182
SUPER_5,12270000,383,34,30,447,200,183
SUPER_5,12280000,237,21,18,276,115,122
SUPER_5,12290000,287,34,26,347,152,135
SUPER_5,12300000,214,22,25,261,122,92
SUPER_5,12310000,328,33,23,384,175,153
SUPER_5,12320000,52,1,1,54,31,21
SUPER_5,12330000,44,4,1,49,20,24
SUPER_5,12340000,305,30,25,360,159,146
SUPER_5,12350000,215,22,18,255,104,111
SUPER_5,12360000,122,13,7,142,58,64
SUPER_5,12370000,301,17,32,350,153,148
SUPER_5,12380000,157,11,19,187,80,77
SUPER_5,12390000,242,19,29,290,112,130
SUPER_5,12400000,320,31,26,377,159,161
SUPER_5,12410000,480,42,43,565,227,253
SUPER_5,12420000,291,25,29,345,128,163
SUPER_5,12430000,194,16,19,229,106,88
SUPER_5,12440000,306,25,24,355,151,155
SUPER_5,12450000,169,19,19,207,82,87
SUPER_5,12460000,340,31,22,393,166,174
SUPER_5,12470000,112,11,7,130,61,51
SUPER_5,12480000,114,10,12,136,55,59
SUPER_5,12490000,138,15,16,169,79,59
SUPER_5,12500000,244,15,22,281,112,132
SUPER_5,12510000,306,21,40,367,169,137
SUPER_5,12520000,314,23,24,361,178,136
SUPER_5,12530000,308,31,19,358,144,164
SUPER_5,12540000,293,31,14,338,140,153
SUPER_5,12550000,340,25,34,399,182,158
SUPER_5,12560000,304,41,20,365,142,162
SUPER_5,12570000,403,23,32,458,187,216
SUPER_5,12580000,193,16,17,226,96,97
SUPER_5,12590000,440,41,35,516,198,242
SUPER_5,12600000,295,26,31,352,124,171
SUPER_5,12610000,183,12,14,209,95,88
SUPER_5,12620000,190,22,18,230,101,89
SUPER_5,12630000,202,22,18,242,103,99
SUPER_5,12640000,169,22,19,210,74,95
SUPER_5,12650000,217,10,16,243,115,102
SUPER_5,12660000,344,28,30,402,162,182
SUPER_5,12670000,286,27,26,339,132,154
SUPER_5,12680000,180,24,18,222,95,85
SUPER_5,12690000,332,20,27,379,159,173
SUPER_5,12700000,154,17,9,180,71,83
SUPER_5,12710000,191,16,15,222,99,92
SUPER_5,12720000,278,41,17,336,132,146
SUPER_5,12730000,282,33,31,346,126,156
SUPER_5,12740000,275,17,17,309,146,129
SUPER_5,12750000,270,25,20,315,130,140
SUPER_5,12760000,229,23,31,283,123,106
SUPER_5,12770000,255,35,30,320,130,125
SUPER_5,12780000,273,40,16,329,129,144
SUPER_5,12790000,281,27,25,333,147,134
SUPER_5,12800000,271,15,29,315,145,126
SUPER_5,12810000,274,27,21,322,142,132
SUPER_5,12820000,228,20,13,261,118,110
SUPER_5,12830000,252,25,27,304,120,132
SUPER_5,12840000,252,28,16,296,128,124
SUPER_5,12850000,312,27,30,369,144,168
SUPER_5,12860000,380,33,32,445,172,208
SUPER_5,12870000,106,9,12,127,49,57
SUPER_5,12880000,48,3,6,57,32,16
SUPER_5,12890000,232,22,14,268,117,115
SUPER_5,12900000,131,13,12,156,77,54
SUPER_5,12910000,169,16,18,203,88,81
SUPER_5,12920000,290,26,26,342,127,163
SUPER_5,12930000,202,16,12,230,115,87
SUPER_5,12940000,192,17,24,233,85,107
SUPER_5,12950000,80,3,4,87,45,35
SUPER_5,12960000,135,13,9,157,67,68
SUPER_5,12970000,288,31,28,347,153,135
SUPER_5,12980000,265,27,16,308,128,137
SUPER_5,12990000,149,22,11,182,81,68
SUPER_5,13000000,290,33,22,345,157,133
SUPER_5,13010000,380,35,40,455,183,197
SUPER_5,13020000,311,29,36,376,158,153
SUPER_5,13030000,259,30,16,305,129,130
SUPER_5,13040000,26,4,1,31,14,12
SUPER_5,13050000,330,29,30,389,171,159
SUPER_5,13060000,335,24,26,385,156,179
SUPER_5,13070000,215,19,20,254,106,109
SUPER_5,13080000,395,38,58,491,186,209
SUPER_5,13090000,285,41,27,353,152,133
SUPER_5,13100000,318,20,29,367,152,166
SUPER_5,13110000,327,37,39,403,156,171
SUPER_5,13120000,311,29,32,372,147,164
SUPER_5,13130000,245,21,29,295,126,119
SUPER_5,13140000,300,30,32,362,152,148
SUPER_5,13150000,306,34,26,366,136,170
SUPER_5,13160000,169,21,13,203,77,92
SUPER_5,13170000,385,32,33,450,179,206
SUPER_5,13180000,289,26,29,344,131,158
SUPER_5,13190000,320,28,25,373,156,164
SUPER_5,13200000,168,10,21,199,86,82
SUPER_5,13210000,340,36,36,412,150,190
SUPER_5,13220000,326,34,29,389,150,176
SUPER_5,13230000,169,11,14,194,81,88
SUPER_5,13240000,193,20,18,231,97,96
SUPER_5,13250000,267,33,30,330,123,144
SUPER_5,13260000,262,25,24,311,121,141
SUPER_5,13270000,124,12,12,148,66,58
SUPER_5,13280000,274,26,32,332,137,137
SUPER_5,13290000,286,18,24,328,144,142
SUPER_5,13300000,146,11,15,172,69,77
SUPER_5,13310000,158,15,14,187,68,90
SUPER_5,13320000,283,22,19,324,142,141
SUPER_5,13330000,262,22,22,306,139,123
SUPER_5,13340000,270,28,28,326,148,122
SUPER_5,13350000,296,38,24,358,130,166
SUPER_5,13360000,230,20,21,271,123,107
SUPER_5,13370000,247,22,31,300,115,132
SUPER_5,13380000,267,26,20,313,130,137
SUPER_5,13390000,339,22,37,398,168,171
SUPER_5,13400000,293,44,26,363,154,139
SUPER_5,13410000,195,16,20,231,104,91
SUPER_5,13420000,193,16,28,237,94,99
SUPER_5,13430000,197,17,15,229,78,119
SUPER_5,13440000,276,18,15,309,141,135
SUPER_5,13450000,308,21,27,356,158,150
SUPER_5,13460000,289,24,30,343,151,138
SUPER_5,13470000,291,25,36,352,143,148
SUPER_5,13480000,316,27,25,368,152,164
SUPER_5,13490000,279,28,20,327,141,138
SUPER_5,13500000,168,10,11,189,83,85
SUPER_5,13510000,183,17,18,218,102,81
SUPER_5,13520000,425,46,34,505,202,223
SUPER_5,13530000,218,16,20,254,95,123
SUPER_5,13540000,384,48,43,475,175,209
SUPER_5,13550000,310,27,31,368,148,162
SUPER_5,13560000,394,37,30,461,175,219
SUPER_5,13570000,176,12,10,198,96,80
SUPER_5,13580000,265,22,17,304,152,113
SUPER_5,13590000,327,26,37,390,165,162
SUPER_5,13600000,206,19,15,240,106,100
SUPER_5,13610000,250,20,19,289,131,119
SUPER_5,13620000,242,21,17,280,112,130
SUPER_5,13630000,318,22,20,360,164,154
SUPER_5,13640000,338,28,27,393,170,168
SUPER_5,13650000,340,32,23,395,191,149
SUPER_5,13660000,355,23,41,419,164,191
SUPER_5,13670000,307,21,33,361,160,147
SUPER_5,13680000,254,19,17,290,137,117
SUPER_5,13690000,19,6,0,25,15,4
SUPER_5,13700000,0,1,1,2,0,0
SUPER_5,13710000,0,2,0,2,0,0
SUPER_5,13720000,1,0,0,1,0,1
SUPER_5,13730000,258,30,19,307,136,122
SUPER_5,13740000,292,34,27,353,149,143
SUPER_5,13750000,298,29,17,344,153,145
SUPER_5,13760000,172,16,15,203,77,95
SUPER_5,13770000,115,11,7,133,53,62
SUPER_5,13780000,227,12,23,262,117,110
SUPER_5,13790000,257,31,22,310,129,128
SUPER_5,13800000,147,22,10,179,70,77
SUPER_5,13810000,364,29,33,426,191,173
SUPER_5,13820000,338,21,30,389,177,161
SUPER_5,13830000,192,20,13,225,84,108
SUPER_5,13840000,104,9,8,121,59,45
SUPER_5,13850000,246,22,12,280,125,121
SUPER_5,13860000,321,18,16,355,158,163
SUPER_5,13870000,282,35,26,343,139,143
SUPER_5,13880000,15,3,3,21,5,10
SUPER_5,13890000,387,38,29,454,183,204
SUPER_5,13900000,314,41,25,380,164,150
SUPER_5,13910000,56,5,2,63,28,28
SUPER_5,13920000,246,26,14,286,114,132
SUPER_5,13930000,168,8,12,188,83,85
SUPER_5,13940000,252,22,18,292,127,125
SUPER_5,13950000,150,16,16,182,77,73
SUPER_5,13960000,67,7,4,78,34,33
SUPER_5,13970000,372,18,29,419,189,183
SUPER_5,13980000,236,21,15,272,127,109
SUPER_5,13990000,1,1,1,3,1,0
SUPER_5,14000000,50,8,2,60,25,25
SUPER_5,14010000,370,27,29,426,176,194
SUPER_5,14020000,366,27,28,421,176,190
SUPER_5,14030000,415,38,41,494,217,198
SUPER_5,14040000,225,24,18,267,118,107
SUPER_5,14050000,187,22,11,220,89,98
SUPER_5,14060000,207,19,16,242,115,92
SUPER_5,14070000,262,18,18,298,138,124
SUPER_5,14080000,364,39,32,435,184,180
SUPER_5,14090000,307,25,22,354,150,157
SUPER_5,14100000,208,16,16,240,86,122
SUPER_5,14110000,174,15,11,200,93,81
SUPER_5,14120000,202,20,20,242,104,98
SUPER_5,14130000,45,3,7,55,29,16
SUPER_5,14140000,14,3,0,17,6,8
SUPER_5,14150000,205,20,17,242,103,102
SUPER_5,14160000,453,35,34,522,227,226
SUPER_5,14170000,265,21,21,307,144,121
SUPER_5,14180000,189,17,20,226,93,96
SUPER_5,14190000,63,2,6,71,35,28
SUPER_5,14200000,233,18,19,270,106,127
SUPER_5,14210000,176,15,7,198,101,75
SUPER_5,14220000,172,12,12,196,95,77
SUPER_5,14230000,67,4,5,76,33,34
SUPER_5,14240000,158,15,10,183,72,86
SUPER_5,14250000,292,26,29,347,138,154
SUPER_5,14260000,278,28,35,341,151,127
SUPER_5,14270000,259,31,16,306,118,141
SUPER_5,14280000,320,24,35,379,159,161
SUPER_5,14290000,217,22,14,253,113,104
SUPER_5,14300000,321,33,31,385,166,155
SUPER_5,14310000,324,32,37,393,160,164
SUPER_5,14320000,314,18,26,358,148,166
SUPER_5,14330000,250,21,30,301,122,128
SUPER_5,14340000,125,15,9,149,62,63
SUPER_5,14350000,109,10,10,129,59,50
SUPER_5,14360000,190,15,10,215,110,80
SUPER_5,14370000,226,17,25,268,120,106
SUPER_5,14380000,166,18,16,200,90,76
SUPER_5,14390000,206,28,24,258,107,99
SUPER_5,14400000,195,24,14,233,111,84
SUPER_5,14410000,139,17,11,167,70,69
SUPER_5,14420000,182,19,15,216,91,91
SUPER_5,14430000,225,16,24,265,112,113
SUPER_5,14440000,200,24,14,238,101,99
SUPER_5,14450000,224,27,28,279,124,100
SUPER_5,14460000,279,37,30,346,142,137
SUPER_5,14470000,220,19,23,262,123,97
SUPER_5,14480000,288,23,31,342,141,147
SUPER_5,14490000,223,20,13,256,115,108
SUPER_5,14500000,75,4,7,86,34,41
SUPER_5,14510000,0,0,1,1,0,0
SUPER_5,14520000,104,6,2,112,59,45
SUPER_5,14530000,25,0,2,27,15,10
SUPER_5,14540000,9,0,0,9,2,7
SUPER_5,14550000,48,7,4,59,16,32
SUPER_5,14560000,4,1,0,5,0,4
SUPER_5,14570000,162,4,5,171,94,68
SUPER_5,14580000,40,2,1,43,25,15
SUPER_6,10000,23,7,4,34,17,6
SUPER_6,20000,28,5,4,37,13,15
SUPER_6,30000,23,2,1,26,18,5
SUPER_6,40000,26,3,4,33,15,11
SUPER_6,50000,0,1,0,1,0,0
SUPER_6,60000,0,4,0,4,0,0
SUPER_6,70000,0,2,0,2,0,0
SUPER_6,80000,0,0,2,2,0,0
SUPER_6,90000,155,17,11,183,70,85
SUPER_6,100000,62,7,10,79,30,32
SUPER_6,110000,66,6,10,82,33,33
SUPER_6,120000,71,7,8,86,32,39
SUPER_6,130000,133,10,16,159,61,72
SUPER_6,140000,78,6,8,92,41,37
SUPER_6,150000,165,16,21,202,67,98
SUPER_6,160000,194,20,21,235,91,103
SUPER_6,170000,65,6,1,72,32,33
SUPER_6,180000,241,19,25,285,131,110
SUPER_6,190000,218,17,18,253,123,95
SUPER_6,200000,202,14,7,223,112,90
SUPER_6,210000,235,17,25,277,146,89
SUPER_6,220000,219,21,15,255,117,102
SUPER_6,230000,265,30,10,305,139,126
SUPER_6,240000,228,19,20,267,126,102
SUPER_6,250000,216,19,22,257,113,103
SUPER_6,260000,183,19,16,218,97,86
SUPER_6,270000,136,8,13,157,71,65
SUPER_6,280000,332,27,32,391,171,161
SUPER_6,290000,244,9,21,274,139,105
SUPER_6,300000,236,20,19,275,123,113
SUPER_6,310000,208,21,23,252,95,113
SUPER_6,320000,269,27,23,319,136,133
SUPER_6,330000,248,23,17,288,114,134
SUPER_6,340000,269,21,19,309,129,140
SUPER_6,350000,216,19,19,254,112,104
SUPER_6,360000,209,22,22,253,101,108
SUPER_6,370000,110,11,11,132,54,56
SUPER_6,380000,294,21,23,338,133,161
SUPER_6,390000,186,23,24,233,92,94
SUPER_6,400000,237,15,21,273,106,131
SUPER_6,410000,335,28,20,383,165,170
SUPER_6,420000,185,14,12,211,104,81
SUPER_6,430000,250,22,21,293,121,129
SUPER_6,440000,245,23,23,291,126,119
SUPER_6,450000,264,25,26,315,142,122
SUPER_6,460000,285,19,22,326,139,146
SUPER_6,470000,251,25,16,292,125,126
SUPER_6,480000,314,28,23,365,140,174
SUPER_6,490000,179,15,24,218,91,88
SUPER_6,500000,93,10,4,107,48,45
SUPER_6,510000,256,26,33,315,122,134
SUPER_6,520000,363,32,25,420,164,199
SUPER_6,530000,171,22,11,204,103,68
SUPER_6,540000,199,17,16,232,110,89
SUPER_6,550000,366,32,31,429,192,174
SUPER_6,560000,331,12,31,374,171,160
SUPER_6,570000,364,34,42,440,193,171
SUPER_6,580000,225,17,17,259,105,120
SUPER_6,590000,256,28,17,301,126,130
SUPER_6,600000,272,13,28,313,127,145
SUPER_6,610000,345,28,28,401,186,159
SUPER_6,620000,275,30,25,330,120,155
SUPER_6,630000,338,33,30,401,175,163
SUPER_6,640000,347,25,19,391,173,174
SUPER_6,650000,0,0,0,0,0,0
SUPER_6,660000,0,0,0,0,0,0
SUPER_6,670000,0,0,0,0,0,0
SUPER_6,680000,0,0,0,0,0,0
SUPER_6,690000,0,0,0,0,0,0
SUPER_6,700000,190,17,8,215,95,95
SUPER_6,710000,62,7,8,77,22,40
SUPER_6,720000,212,17,27,256,103,109
SUPER_6,730000,227,23,14,264,113,114
SUPER_6,740000,159,10,14,183,74,85
SUPER_6,750000,379,38,24,441,172,207
SUPER_6,760000,271,18,27,316,139,132
SUPER_6,770000,272,44,28,344,129,143
SUPER_6,780000,287,31,21,339,153,134
SUPER_6,790000,300,25,29,354,144,156
SUPER_6,800000,76,8,2,86,46,30
SUPER_6,810000,361,28,30,419,192,169
SUPER_6,820000,293,27,28,348,150,143
SUPER_6,830000,347,29,31,407,171,176
SUPER_6,840000,401,35,29,465,190,211
SUPER_6,850000,270,29,31,330,132,138
SUPER_6,860000,344,29,22,395,174,170
SUPER_6,870000,331,33,23,387,148,183
SUPER_6,880000,144,14,12,170,57,87
SUPER_6,890000,94,11,13,118,49,45
SUPER_6,900000,198,29,28,255,85,113
SUPER_6,910000,184,20,17,221,93,91
SUPER_6,920000,165,19,12,196,85,80
SUPER_6,930000,368,40,37,445,173,195
SUPER_6,940000,330,28,34,392,144,186
SUPER_6,950000,171,15,14,200,85,86
SUPER_6,960000,262,27,16,305,116,146
SUPER_6,970000,219,14,19,252,106,113
SUPER_6,980000,156,16,9,181,69,87
SUPER_6,990000,117,7,11,135,51,66
SUPER_6,1000000,267,23,24,314,140,127
SUPER_6,1010000,326,19,32,377,169,157
SUPER_6,1020000,408,33,34,475,208,200
SUPER_6,1030000,336,30,26,392,142,194
SUPER_6,1040000,351,25,23,399,171,180
SUPER_6,1050000,334,21,24,379,168,166
SUPER_6,1060000,369,28,39,436,187,182
SUPER_6,1070000,340,36,34,410,170,170
SUPER_6,1080000,364,27,29,420,181,183
SUPER_6,1090000,168,18,16,202,71,97
SUPER_6,1100000,302,28,21,351,136,166
SUPER_6,1110000,352,42,23,417,164,188
SUPER_6,1120000,170,12,10,192,103,67
SUPER_6,1130000,314,26,22,362,154,160
SUPER_6,1140000,379,33,42,454,181,198
SUPER_6,1150000,319,30,30,379,162,157
SUPER_6,1160000,295,29,14,338,138,157
SUPER_6,1170000,282,18,25,325,160,122
SUPER_6,1180000,56,3,3,62,31,25
SUPER_6,1190000,319,26,30,375,158,161
SUPER_6,1200000,320,35,29,384,165,155
SUPER_6,1210000,290,18,25,333,162,128
SUPER_6,1220000,294,26,24,344,137,157
SUPER_6,1230000,353,28,30,411,202,151
SUPER_6,1240000,291,33,25,349,141,150
SUPER_6,1250000,366,25,35,426,181,185
SUPER_6,1260000,354,41,41,436,164,190
SUPER_6,1270000,308,27,38,373,154,154
SUPER_6,1280000,278,41,27,346,125,153
SUPER_6,1290000,190,23,16,229,84,106
SUPER_6,1300000,76,6,11,93,37,39
SUPER_6,1310000,142,8,12,162,71,71
SUPER_6,1320000,132,19,19,170,62,70
SUPER_6,1330000,205,18,13,236,121,84
SUPER_6,1340000,131,14,2,147,70,61
SUPER_6,1350000,293,20,20,333,156,137
SUPER_6,1360000,248,24,21,293,123,125
SUPER_6,1370000,240,27,20,287,108,132
SUPER_6,1380000,89,9,6,104,40,49
SUPER_6,1390000,183,22,21,226,100,83
SUPER_6,1400000,360,23,34,417,163,197
SUPER_6,1410000,370,29,29,428,186,184
SUPER_6,1420000,226,18,19,263,112,114
SUPER_6,1430000,210,17,20,247,103,107
SUPER_6,1440000,197,12,22,231,104,93
SUPER_6,1450000,237,18,20,275,128,109
SUPER_6,1460000,91,15,14,120,39,52
SUPER_6,1470000,144,13,13,170,61,83
SUPER_6,1480000,249,32,30,311,117,132
SUPER_6,1490000,288,30,23,341,134,154
SUPER_6,1500000,426,55,42,523,194,232
SUPER_6,1510000,472,40,44,556,244,228
SUPER_6,1520000,261,27,15,303,135,126
SUPER_6,1530000,255,19,14,288,138,117
SUPER_6,1540000,346,44,30,420,166,180
SUPER_6,1550000,318,32,29,379,161,157
SUPER_6,1560000,347,29,35,411,157,190
SUPER_6,1570000,279,21,22,322,132,147
SUPER_6,1580000,287,20,26,333,143,144
SUPER_6,1590000,309,35,26,370,137,172
SUPER_6,1600000,283,27,16,326,131,152
SUPER_6,1610000,343,37,23,403,158,185
SUPER_6,1620000,255,22,30,307,120,135
SUPER_6,1630000,332,27,28,387,176,156
SUPER_6,1640000,365,35,37,437,203,162
SUPER_6,1650000,279,20,21,320,143,136
SUPER_6,1660000,342,24,33,399,154,188
SUPER_6,1670000,271,24,23,318,136,135
SUPER_6,1680000,282,30,16,328,128,154
SUPER_6,1690000,272,34,24,330,125,147
SUPER_6,1700000,133,5,15,153,69,64
SUPER_6,1710000,282,30,27,339,154,128
SUPER_6,1720000,326,35,38,399,146,180
SUPER_6,1730000,318,37,37,392,154,164
SUPER_6,1740000,347,34,21,402,164,183
SUPER_6,1750000,305,24,34,363,168,137
SUPER_6,1760000,348,21,34,403,183,165
SUPER_6,1770000,315,30,35,380,146,169
SUPER_6,1780000,369,37,38,444,171,198
SUPER_6,1790000,376,34,34,444,198,178
SUPER_6,1800000,364,39,39,442,191,173
SUPER_6,1810000,287,29,20,336,155,132
SUPER_6,1820000,342,28,29,399,174,168
SUPER_6,1830000,281,24,29,334,121,160
SUPER_6,1840000,59,8,1,68,34,25
SUPER_6,1850000,246,28,21,295,122,124
SUPER_6,1860000,130,12,15,157,63,67
SUPER_6,1870000,130,10,10,150,53,77
SUPER_6,1880000,239,20,17,276,120,119
SUPER_6,1890000,0,0,1,1,0,0
SUPER_6,1900000,325,30,33,388,158,167
SUPER_6,1910000,273,22,28,323,136,137
SUPER_6,1920000,324,33,25,382,153,171
SUPER_6,1930000,391,41,29,461,208,183
SUPER_6,1940000,315,27,30,372,153,162
SUPER_6,1950000,267,22,18,307,140,127
SUPER_6,1960000,301,38,23,362,143,158
SUPER_6,1970000,355,35,33,423,160,195
SUPER_6,1980000,322,30,26,378,165,157
SUPER_6,1990000,317,22,33,372,168,149
SUPER_6,2000000,398,24,28,450,198,200
SUPER_6,2010000,375,38,26,439,179,196
SUPER_6,2020000,296,32,33,361,136,160
SUPER_6,2030000,327,33,28,388,148,179
SUPER_6,2040000,190,18,10,218,104,86
SUPER_6,2050000,321,26,26,373,147,174
SUPER_6,2060000,176,16,8,200,94,82
SUPER_6,2070000,165,7,12,184,80,85
SUPER_6,2080000,191,21,21,233,97,94
SUPER_6,2090000,363,30,28,421,166,197
SUPER_6,2100000,341,25,35,401,164,177
SUPER_6,2110000,382,32,41,455,192,190
SUPER_6,2120000,272,23,23,318,133,139
SUPER_6,2130000,248,26,29,303,109,139
SUPER_6,2140000,126,10,10,146,64,62
SUPER_6,2150000,375,35,37,447,175,200
SUPER_6,2160000,360,35,31,426,188,172
SUPER_6,2170000,278,28,27,333,118,160
SUPER_6,2180000,253,24,20,297,123,130
SUPER_6,2190000,256,30,17,303,132,124
SUPER_6,2200000,190,14,21,225,85,105
SUPER_6,2210000,274,26,22,322,141,133
SUPER_6,2220000,297,38,21,356,141,156
SUPER_6,2230000,267,28,24,319,136,131
SUPER_6,2240000,222,23,14,259,105,117
SUPER_6,2250000,269,19,15,303,142,127
SUPER_6,2260000,159,18,12,189,87,72
SUPER_6,2270000,247,26,23,296,122,125
SUPER_6,2280000,235,20,31,286,104,131
SUPER_6,2290000,364,32,28,424,176,188
SUPER_6,2300000,182,20,29,231,86,96
SUPER_6,2310000,298,31,19,348,149,149
SUPER_6,2320000,200,22,16,238,109,91
SUPER_6,2330000,263,21,33,317,124,139
SUPER_6,2340000,282,26,31,339,147,135
SUPER_6,2350000,288,26,22,336,143,145
SUPER_6,2360000,233,14,25,272,114,119
SUPER_6,2370000,189,15,21,225,95,94
SUPER_6,2380000,291,29,27,347,126,165
SUPER_6,2390000,274,19,16,309,109,165
SUPER_6,2400000,144,17,16,177,63,81
SUPER_6,2410000,335,34,31,400,149,186
SUPER_6,2420000,185,26,14,225,92,93
SUPER_6,2430000,129,9,14,152,64,65
SUPER_6,2440000,232,25,17,274,108,124
SUPER_6,2450000,223,27,20,270,118,105
SUPER_6,2460000,123,11,14,148,57,66
SUPER_6,2470000,294,28,29,351,147,147
SUPER_6,2480000,228,20,20,268,112,116
SUPER_6,2490000,272,20,28,320,139,133
SUPER_6,2500000,0,0,0,0,0,0
SUPER_6,2510000,0,0,0,0,0,0
SUPER_6,2520000,450,32,36,518,230,220
SUPER_6,2530000,211,16,10,237,112,99
SUPER_6,2540000,236,25,29,290,126,110
SUPER_6,2550000,298,23,26,347,145,153
SUPER_6,2560000,324,28,29,381,154,170
SUPER_6,2570000,321,30,35,386,173,148
SUPER_6,2580000,243,21,27,291,116,127
SUPER_6,2590000,197,23,26,246,86,111
SUPER_6,2600000,335,29,38,402,160,175
SUPER_6,2610000,416,35,49,500,199,217
SUPER_6,2620000,263,26,28,317,128,135
SUPER_6,2630000,314,25,25,364,168,146
SUPER_6,2640000,345,44,36,425,170,175
SUPER_6,2650000,351,30,41,422,165,186
SUPER_6,2660000,286,30,30,346,137,149
SUPER_6,2670000,381,29,34,444,173,208
SUPER_6,2680000,278,42,24,344,137,141
SUPER_6,2690000,293,33,34,360,129,164
SUPER_6,2700000,247,22,23,292,118,129
SUPER_6,2710000,326,29,37,392,158,168
SUPER_6,2720000,317,25,30,372,140,177
SUPER_6,2730000,299,24,23,346,136,163
SUPER_6,2740000,354,31,22,407,175,179
SUPER_6,2750000,142,10,8,160,54,88
SUPER_6,2760000,234,11,18,263,109,125
SUPER_6,2770000,80,14,5,99,38,42
SUPER_6,2780000,324,35,26,385,152,172
SUPER_6,2790000,354,24,37,415,174,180
SUPER_6,2800000,123,20,19,162,50,73
SUPER_6,2810000,343,19,31,393,169,174
SUPER_6,2820000,328,27,24,379,165,163
SUPER_6,2830000,303,15,24,342,150,153
SUPER_6,2840000,317,31,24,372,166,151
SUPER_6,2850000,208,24,20,252,106,102
SUPER_6,2860000,306,28,30,364,144,162
SUPER_6,2870000,319,29,41,389,153,166
SUPER_6,2880000,301,26,29,356,137,164
SUPER_6,2890000,383,25,30,438,179,204
SUPER_6,2900000,254,20,19,293,132,122
SUPER_6,2910000,352,35,34,421,173,179
SUPER_6,2920000,73,4,2,79,32,41
SUPER_6,2930000,342,24,30,396,160,182
SUPER_6,2940000,145,16,11,172,70,75
SUPER_6,2950000,329,28,27,384,166,163
SUPER_6,2960000,333,28,26,387,158,175
SUPER_6,2970000,273,22,18,313,143,130
SUPER_6,2980000,420,42,31,493,200,220
SUPER_6,2990000,430,47,34,511,202,228
SUPER_6,3000000,230,22,16,268,125,105
SUPER_6,3010000,329,31,28,388,159,170
SUPER_6,3020000,232,21,24,277,109,123
SUPER_6,3030000,317,24,20,361,158,159
SUPER_6,3040000,346,33,29,408,166,180
SUPER_6,3050000,215,24,21,260,108,107
SUPER_6,3060000,416,35,42,493,198,218
SUPER_6,3070000,216,17,13,246,97,119
SUPER_6,3080000,204,18,16,238,99,105
SUPER_6,3090000,255,31,26,312,123,132
SUPER_6,3100000,342,41,30,413,165,177
SUPER_6,3110000,250,22,23,295,106,144
SUPER_6,3120000,313,34,38,385,145,168
SUPER_6,3130000,423,34,32,489,209,214
SUPER_6,3140000,377,23,40,440,199,178
SUPER_6,3150000,261,15,24,300,138,123
SUPER_6,3160000,322,28,32,382,173,149
SUPER_6,3170000,247,25,22,294,115,132
SUPER_6,3180000,266,32,18,316,139,127
SUPER_6,3190000,328,20,30,378,171,157
SUPER_6,3200000,353,36,23,412,186,167
SUPER_6,3210000,399,43,31,473,190,209
SUPER_6,3220000,215,16,18,249,112,103
SUPER_6,3230000,286,30,27,343,141,145
SUPER_6,3240000,291,21,24,336,161,130
SUPER_6,3250000,150,11,7,168,75,75
SUPER_6,3260000,183,17,22,222,97,86
SUPER_6,3270000,170,23,10,203,63,107
SUPER_6,3280000,277,27,29,333,145,132
SUPER_6,3290000,292,26,25,343,148,144
SUPER_6,3300000,211,14,17,242,112,99
SUPER_6,3310000,253,34,26,313,114,139
SUPER_6,3320000,281,39,29,349,145,136
SUPER_6,3330000,397,39,40,476,197,200
SUPER_6,3340000,311,36,24,371,148,163
SUPER_6,3350000,277,36,38,351,130,147
SUPER_6,3360000,246,28,20,294,127,119
SUPER_6,3370000,141,13,18,172,65,76
SUPER_6,3380000,245,26,24,295,117,128
SUPER_6,3390000,255,25,31,311,120,135
SUPER_6,3400000,239,21,28,288,110,129
SUPER_6,3410000,225,16,25,266,99,126
SUPER_6,3420000,329,42,34,405,162,167
SUPER_6,3430000,244,29,28,301,118,126
SUPER_6,3440000,306,29,28,363,148,158
SUPER_6,3450000,267,34,20,321,141,126
SUPER_6,3460000,242,33,19,294,128,114
SUPER_6,3470000,123,15,10,148,52,71
SUPER_6,3480000,79,15,7,101,38,41
SUPER_6,3490000,137,16,9,162,72,65
SUPER_6,3500000,205,19,20,244,97,108
SUPER_6,3510000,234,32,23,289,110,124
SUPER_6,3520000,217,14,23,254,114,103
SUPER_6,3530000,197,19,24,240,93,104
SUPER_6,3540000,179,17,20,216,84,95
SUPER_6,3550000,317,25,31,373,149,168
SUPER_6,3560000,363,31,41,435,167,196
SUPER_6,3570000,267,27,25,319,129,138
SUPER_6,3580000,176,17,16,209,105,71
SUPER_6,3590000,95,8,4,107,48,47
SUPER_6,3600000,293,24,29,346,126,167
SUPER_6,3610000,168,20,13,201,78,90
SUPER_6,3620000,132,9,6,147,83,49
SUPER_6,3630000,253,19,33,305,124,129
SUPER_6,3640000,216,27,23,266,95,121
SUPER_6,3650000,241,14,19,274,131,110
SUPER_6,3660000,253,28,28,309,119,134
SUPER_6,3670000,348,24,32,404,157,191
SUPER_6,3680000,255,20,23,298,122,133
SUPER_6,3690000,83,9,5,97,48,35
SUPER_6,3700000,185,28,31,244,94,91
SUPER_6,3710000,228,19,34,281,114,114
SUPER_6,3720000,280,16,23,319,140,140
SUPER_6,3730000,151,12,13,176,80,71
SUPER_6,3740000,185,13,16,214,86,99
SUPER_6,3750000,171,15,21,207,81,90
SUPER_6,3760000,146,19,12,177,70,76
SUPER_6,3770000,109,9,8,126,50,59
SUPER_6,3780000,173,20,9,202,74,99
SUPER_6,3790000,123,10,10,143,54,69
SUPER_6,3800000,109,16,17,142,47,62
SUPER_6,3810000,118,13,10,141,55,63
SUPER_6,3820000,134,13,12,159,70,64
SUPER_6,3830000,242,31,21,294,122,120
SUPER_6,3840000,200,18,17,235,89,111
SUPER_6,3850000,100,6,13,119,54,46
SUPER_6,3860000,129,14,11,154,75,54
SUPER_6,3870000,2,0,1,3,1,1
SUPER_6,3880000,25,4,1,30,14,11
SUPER_6,3890000,200,20,24,244,92,108
SUPER_6,3900000,190,19,28,237,87,103
SUPER_6,3910000,270,28,15,313,140,130
SUPER_6,3920000,131,12,13,156,61,70
SUPER_6,3930000,224,17,29,270,111,113
SUPER_6,3940000,211,28,18,257,99,112
SUPER_6,3950000,262,21,39,322,124,138
SUPER_6,3960000,175,13,15,203,83,92
SUPER_6,3970000,173,16,11,200,81,92
SUPER_6,3980000,195,23,12,230,87,108
SUPER_6,3990000,208,17,18,243,92,116
SUPER_6,4000000,113,21,6,140,55,58
SUPER_6,4010000,155,12,4,171,70,85
SUPER_6,4020000,208,19,17,244,92,116
SUPER_6,4030000,172,16,12,200,89,83
SUPER_6,4040000,165,17,14,196,76,89
SUPER_6,4050000,102,14,6,122,45,57
SUPER_6,4060000,283,33,26,342,118,165
SUPER_6,4070000,212,19,18,249,101,111
SUPER_6,4080000,218,26,18,262,114,104
SUPER_6,4090000,226,28,22,276,112,114
SUPER_6,4100000,151,18,16,185,71,80
SUPER_6,4110000,244,34,23,301,128,116
SUPER_6,4120000,177,11,14,202,93,84
SUPER_6,4130000,159,12,21,192,69,90
SUPER_6,4140000,189,24,22,235,75,114
SUPER_6,4150000,179,11,19,209,89,90
SUPER_6,4160000,109,7,9,125,53,56
SUPER_6,4170000,37,4,3,44,17,20
SUPER_6,4180000,145,13,19,177,70,75
SUPER_6,4190000,207,20,23,250,102,105
SUPER_6,4200000,149,10,13,172,75,74
SUPER_6,4210000,169,17,13,199,81,88
SUPER_6,4220000,186,18,14,218,88,98
SUPER_6,4230000,210,30,14,254,94,116
SUPER_6,4240000,175,15,20,210,86,89
SUPER_6,4250000,284,20,35,339,127,157
SUPER_6,4260000,158,12,14,184,86,72
SUPER_6,4270000,191,19,17,227,94,97
SUPER_6,4280000,133,7,16,156,64,69
SUPER_6,4290000,252,32,28,312,128,124
SUPER_6,4300000,207,13,23,243,91,116
SUPER_6,4310000,125,16,14,155,67,58
SUPER_6,4320000,249,27,19,295,114,135
SUPER_6,4330000,198,33,16,247,89,109
SUPER_6,4340000,175,23,25,223,76,99
SUPER_6,4350000,161,12,12,185,92,69
SUPER_6,4360000,248,25,26,299,119,129
SUPER_6,4370000,154,14,12,180,68,86
SUPER_6,4380000,209,14,31,254,112,97
SUPER_6,4390000,197,25,22,244,107,90
SUPER_6,4400000,125,14,13,152,59,66
SUPER_6,4410000,162,16,20,198,75,87
SUPER_6,4420000,232,27,24,283,113,119
SUPER_6,4430000,134,9,10,153,59,75
SUPER_6,4440000,260,20,26,306,139,121
SUPER_6,4450000,282,27,23,332,138,144
SUPER_6,4460000,158,21,24,203,71,87
SUPER_6,4470000,94,11,10,115,42,52
SUPER_6,4480000,200,22,28,250,92,108
SUPER_6,4490000,152,16,16,184,61,91
SUPER_6,4500000,177,27,25,229,83,94
SUPER_6,4510000,68,15,3,86,31,37
SUPER_6,4520000,147,10,7,164,75,72
SUPER_6,4530000,204,21,21,246,99,105
SUPER_6,4540000,150,16,21,187,86,64
SUPER_6,4550000,193,21,12,226,112,81
SUPER_6,4560000,185,14,15,214,90,95
SUPER_6,4570000,55,4,9,68,32,23
SUPER_6,4580000,153,9,11,173,84,69
SUPER_6,4590000,93,19,8,120,42,51
SUPER_6,4600000,247,22,28,297,130,117
SUPER_6,4610000,214,20,22,256,103,111
SUPER_6,4620000,174,9,17,200,94,80
SUPER_6,4630000,128,11,10,149,63,65
SUPER_6,4640000,228,21,13,262,130,98
SUPER_6,4650000,64,5,6,75,28,36
SUPER_6,4660000,118,13,14,145,60,58
SUPER_6,4670000,129,7,15,151,73,56
SUPER_6,4680000,182,15,17,214,95,87
SUPER_6,4690000,156,18,18,192,73,83
SUPER_6,4700000,141,12,18,171,68,73
SUPER_6,4710000,141,10,11,162,75,66
SUPER_6,4720000,200,17,23,240,102,98
SUPER_6,4730000,160,19,22,201,82,78
SUPER_6,4740000,126,14,14,154,57,69
SUPER_6,4750000,117,17,17,151,61,56
SUPER_6,4760000,160,13,11,184,75,85
SUPER_6,4770000,173,15,16,204,100,73
SUPER_6,4780000,139,23,19,181,66,73
SUPER_6,4790000,149,7,15,171,77,72
SUPER_6,4800000,29,7,0,36,21,8
SUPER_6,4810000,156,11,19,186,75,81
SUPER_6,4820000,186,20,22,228,86,100
SUPER_6,4830000,197,16,12,225,92,105
SUPER_6,4840000,228,16,19,263,106,122
SUPER_6,4850000,196,18,17,231,100,96
SUPER_6,4860000,124,14,11,149,67,57
SUPER_6,4870000,135,19,20,174,61,74
SUPER_6,4880000,196,17,25,238,79,117
SUPER_6,4890000,171,21,18,210,89,82
SUPER_6,4900000,264,26,19,309,137,127
SUPER_6,4910000,166,12,15,193,77,89
SUPER_6,4920000,260,23,19,302,136,124
SUPER_6,4930000,178,16,10,204,85,93
SUPER_6,4940000,292,21,32,345,136,156
SUPER_6,4950000,198,25,19,242,105,93
SUPER_6,4960000,147,17,12,176,66,81
SUPER_6,4970000,174,13,13,200,82,92
SUPER_6,4980000,223,20,15,258,105,118
SUPER_6,4990000,164,17,16,197,86,78
SUPER_6,5000000,180,13,13,206,85,95
SUPER_6,5010000,236,17,20,273,107,129
SUPER_6,5020000,159,11,26,196,90,69
SUPER_6,5030000,139,13,17,169,76,63
SUPER_6,5040000,234,21,26,281,112,122
SUPER_6,5050000,180,12,18,210,77,103
SUPER_6,5060000,259,35,16,310,101,158
SUPER_6,5070000,154,22,15,191,81,73
SUPER_6,5080000,152,14,13,179,73,79
SUPER_6,5090000,162,17,11,190,78,84
SUPER_6,5100000,138,14,14,166,52,86
SUPER_6,5110000,209,17,19,245,101,108
SUPER_6,5120000,157,7,14,178,65,92
SUPER_6,5130000,117,11,14,142,58,59
SUPER_6,5140000,180,10,16,206,93,87
SUPER_6,5150000,256,26,25,307,118,138
SUPER_6,5160000,200,17,23,240,98,102
SUPER_6,5170000,203,21,20,244,102,101
SUPER_6,5180000,188,15,19,222,88,100
SUPER_6,5190000,197,23,23,243,100,97
SUPER_6,5200000,134,12,12,158,60,74
SUPER_6,5210000,124,12,9,145,58,66
SUPER_6,5220000,159,21,17,197,74,85
SUPER_6,5230000,145,12,22,179,72,73
SUPER_6,5240000,84,5,5,94,40,44
SUPER_6,5250000,137,15,14,166,68,69
SUPER_6,5260000,123,9,7,139,66,57
SUPER_6,5270000,163,17,15,195,98,65
SUPER_6,5280000,117,11,7,135,60,57
SUPER_6,5290000,143,24,10,177,59,84
SUPER_6,5300000,240,32,23,295,115,125
SUPER_6,5310000,202,20,30,252,82,120
SUPER_6,5320000,129,9,17,155,68,61
SUPER_6,5330000,205,19,21,245,88,117
SUPER_6,5340000,235,20,25,280,114,121
SUPER_6,5350000,258,31,37,326,113,145
SUPER_6,5360000,203,23,13,239,88,115
SUPER_6,5370000,182,31,17,230,94,88
SUPER_6,5380000,262,22,24,308,127,135
SUPER_6,5390000,214,7,17,238,111,103
SUPER_6,5400000,295,23,37,355,142,153
SUPER_6,5410000,152,8,18,178,76,76
SUPER_6,5420000,262,38,20,320,127,135
SUPER_6,5430000,150,19,21,190,65,85
SUPER_6,5440000,145,17,19,181,61,84
SUPER_6,5450000,68,16,2,86,27,41
SUPER_6,5460000,53,1,1,55,38,15
SUPER_6,5470000,196,26,9,231,105,91
SUPER_6,5480000,220,22,21,263,105,115
SUPER_6,5490000,220,28,12,260,108,112
SUPER_6,5500000,335,32,20,387,182,153
SUPER_6,5510000,181,16,15,212,90,91
SUPER_6,5520000,258,20,23,301,108,150
SUPER_6,5530000,130,17,12,159,63,67
SUPER_6,5540000,174,19,11,204,75,99
SUPER_6,5550000,170,8,16,194,78,92
SUPER_6,5560000,72,11,7,90,28,44
SUPER_6,5570000,71,10,5,86,34,37
SUPER_6,5580000,74,11,11,96,48,26
SUPER_6,5590000,182,16,17,215,103,79
SUPER_6,5600000,256,31,22,309,138,118
SUPER_6,5610000,202,22,18,242,94,108
SUPER_6,5620000,103,7,11,121,56,47
SUPER_6,5630000,81,8,10,99,35,46
SUPER_6,5640000,67,11,7,85,26,41
SUPER_6,5650000,47,6,4,57,27,20
SUPER_6,5660000,138,10,18,166,70,68
SUPER_6,5670000,119,13,11,143,53,66
SUPER_6,5680000,158,7,25,190,84,74
SUPER_6,5690000,75,9,6,90,31,44
SUPER_6,5700000,126,11,17,154,49,77
SUPER_6,5710000,106,12,12,130,52,54
SUPER_6,5720000,88,11,12,111,49,39
SUPER_6,5730000,231,23,14,268,113,118
SUPER_6,5740000,76,6,8,90,30,46
SUPER_6,5750000,136,13,18,167,68,68
SUPER_6,5760000,30,0,2,32,21,9
SUPER_6,5770000,61,4,8,73,33,28
SUPER_6,5780000,90,5,7,102,41,49
SUPER_6,5790000,107,11,11,129,56,51
SUPER_6,5800000,76,11,5,92,41,35
SUPER_6,5810000,133,14,12,159,61,72
SUPER_6,5820000,218,33,22,273,110,108
SUPER_6,5830000,65,10,6,81,25,40
SUPER_6,5840000,128,12,12,152,72,56
SUPER_6,5850000,98,12,7,117,53,45
SUPER_6,5860000,143,19,19,181,77,66
SUPER_6,5870000,79,8,7,94,44,35
SUPER_6,5880000,62,10,7,79,27,35
SUPER_6,5890000,47,6,3,56,23,24
SUPER_6,5900000,138,24,14,176,53,85
SUPER_6,5910000,110,10,16,136,45,65
SUPER_6,5920000,107,8,14,129,53,54
SUPER_6,5930000,282,31,20,333,110,172
SUPER_6,5940000,244,28,16,288,117,127
SUPER_6,5950000,116,14,19,149,58,58
SUPER_6,5960000,143,10,9,162,70,73
SUPER_6,5970000,137,10,13,160,66,71
SUPER_6,5980000,157,22,13,192,82,75
SUPER_6,5990000,201,26,21,248,94,107
SUPER_6,6000000,130,10,11,151,73,57
SUPER_6,6010000,166,11,12,189,89,77
SUPER_6,6020000,172,16,17,205,82,90
SUPER_6,6030000,135,6,14,155,66,69
SUPER_6,6040000,147,23,17,187,71,76
SUPER_6,6050000,269,27,14,310,131,138
SUPER_6,6060000,269,23,16,308,139,130
SUPER_6,6070000,279,24,29,332,113,166
SUPER_6,6080000,80,7,5,92,38,42
SUPER_6,6090000,183,20,17,220,103,80
SUPER_6,6100000,147,13,8,168,73,74
SUPER_6,6110000,369,29,34,432,180,189
SUPER_6,6120000,185,21,11,217,82,103
SUPER_6,6130000,149,15,10,174,81,68
SUPER_6,6140000,218,29,21,268,106,112
SUPER_6,6150000,158,18,13,189,90,68
SUPER_6,6160000,183,13,17,213,88,95
SUPER_6,6170000,214,24,16,254,99,115
SUPER_6,6180000,167,14,17,198,83,84
SUPER_6,6190000,115,15,6,136,57,58
SUPER_6,6200000,68,4,8,80,33,35
SUPER_6,6210000,231,26,21,278,115,116
SUPER_6,6220000,145,16,10,171,77,68
SUPER_6,6230000,2,0,1,3,0,2
SUPER_6,6240000,104,8,10,122,55,49
SUPER_6,6250000,134,15,15,164,52,82
SUPER_6,6260000,87,5,13,105,42,45
SUPER_6,6270000,170,19,18,207,86,84
SUPER_6,6280000,132,6,17,155,68,64
SUPER_6,6290000,145,18,15,178,66,79
SUPER_6,6300000,208,16,18,242,102,106
SUPER_6,6310000,237,32,21,290,122,115
SUPER_6,6320000,208,21,17,246,104,104
SUPER_6,6330000,204,24,16,244,101,103
SUPER_6,6340000,287,22,22,331,137,150
SUPER_6,6350000,159,14,8,181,78,81
SUPER_6,6360000,243,26,18,287,117,126
SUPER_6,6370000,174,10,14,198,87,87
SUPER_6,6380000,1,1,0,2,0,1
SUPER_6,6390000,111,13,11,135,53,58
SUPER_6,6400000,176,20,14,210,82,94
SUPER_6,6410000,297,17,42,356,135,162
SUPER_6,6420000,181,19,11,211,92,89
SUPER_6,6430000,125,13,8,146,71,54
SUPER_6,6440000,280,17,25,322,143,137
SUPER_6,6450000,238,23,25,286,124,114
SUPER_6,6460000,242,19,19,280,136,106
SUPER_6,6470000,255,28,28,311,137,118
SUPER_6,6480000,224,20,25,269,95,129
SUPER_6,6490000,302,35,27,364,136,166
SUPER_6,6500000,274,23,30,327,137,137
SUPER_6,6510000,191,24,23,238,92,99
SUPER_6,6520000,205,16,26,247,92,113
SUPER_6,6530000,81,4,4,89,40,41
SUPER_6,6540000,129,13,17,159,72,57
SUPER_6,6550000,156,12,15,183,80,76
SUPER_6,6560000,68,4,5,77,34,34
SUPER_6,6570000,10,0,1,11,6,4
SUPER_6,6580000,201,24,21,246,104,97
SUPER_6,6590000,152,14,14,180,78,74
SUPER_6,6600000,127,20,14,161,64,63
SUPER_6,6610000,202,19,28,249,99,103
SUPER_6,6620000,262,25,28,315,129,133
SUPER_6,6630000,201,20,16,237,99,102
SUPER_6,6640000,208,21,16,245,104,104
SUPER_6,6650000,247,20,21,288,109,138
SUPER_6,6660000,151,9,8,168,81,70
SUPER_6,6670000,261,31,28,320,135,126
SUPER_6,6680000,150,12,18,180,79,71
SUPER_6,6690000,167,17,12,196,90,77
SUPER_6,6700000,239,15,18,272,102,137
SUPER_6,6710000,140,13,6,159,72,68
SUPER_6,6720000,177,15,17,209,85,92
SUPER_6,6730000,142,19,12,173,75,67
SUPER_6,6740000,135,18,9,162,64,71
SUPER_6,6750000,278,34,21,333,130,148
SUPER_6,6760000,161,17,10,188,76,85
SUPER_6,6770000,233,24,13,270,125,108
SUPER_6,6780000,93,8,9,110,50,43
SUPER_6,6790000,172,13,15,200,81,91
SUPER_6,6800000,169,17,14,200,73,96
SUPER_6,6810000,150,17,17,184,81,69
SUPER_6,6820000,151,14,15,180,89,62
SUPER_6,6830000,344,34,30,408,159,185
SUPER_6,6840000,121,14,12,147,49,72
SUPER_6,6850000,87,12,10,109,40,47
SUPER_6,6860000,239,24,20,283,126,113
SUPER_6,6870000,242,21,18,281,104,138
SUPER_6,6880000,292,23,25,340,129,163
SUPER_6,6890000,290,27,24,341,125,165
SUPER_6,6900000,252,29,16,297,113,139
SUPER_6,6910000,225,24,21,270,125,100
SUPER_6,6920000,199,18,11,228,96,103
SUPER_6,6930000,209,16,17,242,110,99
SUPER_6,6940000,204,30,18,252,98,106
SUPER_6,6950000,142,10,10,162,87,55
SUPER_6,6960000,286,28,23,337,134,152
SUPER_6,6970000,237,20,16,273,123,114
SUPER_6,6980000,214,20,22,256,99,115
SUPER_6,6990000,322,33,36,391,157,165
SUPER_6,7000000,216,34,22,272,114,102
SUPER_6,7010000,224,28,22,274,120,104
SUPER_6,7020000,183,16,27,226,94,89
SUPER_6,7030000,193,18,17,228,89,104
SUPER_6,7040000,111,13,10,134,50,61
SUPER_6,7050000,207,26,25,258,101,106
SUPER_6,7060000,141,16,10,167,73,68
SUPER_6,7070000,93,9,16,118,39,54
SUPER_6,7080000,149,11,24,184,70,79
SUPER_6,7090000,114,13,12,139,58,56
SUPER_6,7100000,211,18,24,253,100,111
SUPER_6,7110000,75,10,5,90,37,38
SUPER_6,7120000,165,14,12,191,97,68
SUPER_6,7130000,8,0,0,8,5,3
SUPER_6,7140000,104,10,5,119,47,57
SUPER_6,7150000,122,15,11,148,59,63
SUPER_6,7160000,244,27,19,290,110,134
SUPER_6,7170000,241,14,20,275,110,131
SUPER_6,7180000,269,33,18,320,130,139
SUPER_6,7190000,219,22,20,261,122,97
SUPER_6,7200000,223,26,13,262,99,124
SUPER_6,7210000,250,25,20,295,137,113
SUPER_6,7220000,250,17,36,303,128,122
SUPER_6,7230000,150,20,13,183,75,75
SUPER_6,7240000,154,19,15,188,90,64
SUPER_6,7250000,153,15,19,187,78,75
SUPER_6,7260000,297,32,33,362,137,160
SUPER_6,7270000,20,2,4,26,10,10
SUPER_6,7280000,193,23,24,240,86,107
SUPER_6,7290000,196,24,18,238,106,90
SUPER_6,7300000,274,18,24,316,125,149
SUPER_6,7310000,110,12,13,135,54,56
SUPER_6,7320000,88,7,5,100,45,43
SUPER_6,7330000,100,17,6,123,48,52
SUPER_6,7340000,168,17,13,198,77,91
SUPER_6,7350000,206,17,15,238,93,113
SUPER_6,7360000,167,11,26,204,81,86
SUPER_6,7370000,117,15,9,141,56,61
SUPER_6,7380000,36,2,4,42,16,20
SUPER_6,7390000,115,7,9,131,55,60
SUPER_6,7400000,208,26,23,257,96,112
SUPER_6,7410000,133,14,15,162,57,76
SUPER_6,7420000,172,16,25,213,95,77
SUPER_6,7430000,153,17,14,184,71,82
SUPER_6,7440000,72,10,13,95,24,48
SUPER_6,7450000,111,8,7,126,47,64
SUPER_6,7460000,118,13,5,136,48,70
SUPER_6,7470000,105,9,5,119,55,50
SUPER_6,7480000,69,8,3,80,34,35
SUPER_6,7490000,33,4,4,41,11,22
SUPER_6,7500000,85,6,5,96,28,57
SUPER_6,7510000,112,12,9,133,51,61
SUPER_6,7520000,58,4,7,69,28,30
SUPER_6,7530000,85,6,9,100,38,47
SUPER_6,7540000,179,24,33,236,92,87
SUPER_6,7550000,123,11,11,145,72,51
SUPER_6,7560000,220,18,20,258,126,94
SUPER_6,7570000,215,24,24,263,104,111
SUPER_6,7580000,166,21,15,202,74,92
SUPER_6,7590000,183,18,18,219,73,110
SUPER_6,7600000,184,17,25,226,90,94
SUPER_6,7610000,126,19,17,162,67,59
SUPER_6,7620000,160,20,15,195,76,84
SUPER_6,7630000,149,7,19,175,71,78
SUPER_6,7640000,158,21,19,198,73,85
SUPER_6,7650000,118,17,6,141,60,58
SUPER_6,7660000,168,16,12,196,76,92
SUPER_6,7670000,173,27,17,217,78,95
SUPER_6,7680000,133,10,14,157,64,69
SUPER_6,7690000,131,14,13,158,60,71
SUPER_6,7700000,119,7,5,131,53,66
SUPER_6,7710000,96,12,10,118,42,54
SUPER_6,7720000,119,9,11,139,46,73
SUPER_6,7730000,117,8,9,134,62,55
SUPER_6,7740000,242,34,20,296,111,131
SUPER_6,7750000,109,13,16,138,49,60
SUPER_6,7760000,134,18,17,169,66,68
SUPER_6,7770000,113,18,14,145,51,62
SUPER_6,7780000,110,9,17,136,53,57
SUPER_6,7790000,136,17,15,168,59,77
SUPER_6,7800000,181,21,21,223,77,104
SUPER_6,7810000,45,4,3,52,20,25
SUPER_6,7820000,60,6,8,74,29,31
SUPER_6,7830000,126,9,10,145,56,70
SUPER_6,7840000,107,11,12,130,55,52
SUPER_6,7850000,132,8,10,150,57,75
SUPER_6,7860000,86,7,7,100,42,44
SUPER_6,7870000,56,3,12,71,29,27
SUPER_6,7880000,44,4,5,53,19,25
SUPER_6,7890000,51,4,6,61,30,21
SUPER_6,7900000,186,30,14,230,92,94
SUPER_6,7910000,95,11,10,116,50,45
SUPER_6,7920000,122,6,11,139,48,74
SUPER_6,7930000,87,11,8,106,35,52
SUPER_6,7940000,68,4,11,83,35,33
SUPER_6,7950000,49,9,3,61,31,18
SUPER_6,7960000,62,2,4,68,29,33
SUPER_6,7970000,160,19,11,190,86,74
SUPER_6,7980000,77,7,9,93,37,40
SUPER_6,7990000,104,11,7,122,54,50
SUPER_6,8000000,41,6,5,52,23,18
SUPER_6,8010000,79,5,13,97,36,43
SUPER_6,8020000,67,9,8,84,30,37
SUPER_6,8030000,65,13,7,85,34,31
SUPER_6,8040000,20,4,3,27,9,11
SUPER_6,8050000,57,6,9,72,26,31
SUPER_6,8060000,129,10,12,151,72,57
SUPER_6,8070000,92,13,8,113,42,50
SUPER_6,8080000,82,10,8,100,42,40
SUPER_6,8090000,128,9,8,145,58,70
SUPER_6,8100000,238,27,28,293,113,125
SUPER_6,8110000,176,18,19,213,69,107
SUPER_6,8120000,132,15,9,156,65,67
SUPER_6,8130000,161,14,14,189,78,83
SUPER_6,8140000,139,15,11,165,62,77
SUPER_6,8150000,191,23,16,230,87,104
SUPER_6,8160000,92,7,12,111,44,48
SUPER_6,8170000,73,6,6,85,35,38
SUPER_6,8180000,198,22,10,230,83,115
SUPER_6,8190000,154,17,13,184,72,82
SUPER_6,8200000,129,15,9,153,53,76
SUPER_6,8210000,116,13,14,143,55,61
SUPER_6,8220000,267,15,25,307,137,130
SUPER_6,8230000,182,24,19,225,87,95
SUPER_6,8240000,108,18,9,135,54,54
SUPER_6,8250000,85,10,12,107,37,48
SUPER_6,8260000,223,24,21,268,107,116
SUPER_6,8270000,161,11,20,192,83,78
SUPER_6,8280000,132,14,9,155,69,63
SUPER_6,8290000,121,15,10,146,69,52
SUPER_6,8300000,175,19,15,209,84,91
SUPER_6,8310000,163,14,16,193,77,86
SUPER_6,8320000,52,11,8,71,23,29
SUPER_6,8330000,118,13,18,149,57,61
SUPER_6,8340000,204,10,24,238,106,98
SUPER_6,8350000,145,6,10,161,65,80
SUPER_6,8360000,121,15,10,146,69,52
SUPER_6,8370000,146,13,14,173,66,80
SUPER_6,8380000,252,32,24,308,125,127
SUPER_6,8390000,102,20,14,136,44,58
SUPER_6,8400000,118,20,21,159,45,73
SUPER_6,8410000,40,4,5,49,17,23
SUPER_6,8420000,9,1,2,12,5,4
SUPER_6,8430000,56,6,0,62,25,31
SUPER_6,8440000,150,9,12,171,68,82
SUPER_6,8450000,104,10,8,122,53,51
SUPER_6,8460000,146,19,15,180,77,69
SUPER_6,8470000,67,10,9,86,37,30
SUPER_6,8480000,53,5,6,64,23,30
SUPER_6,8490000,106,16,7,129,55,51
SUPER_6,8500000,75,9,6,90,32,43
SUPER_6,8510000,96,6,10,112,50,46
SUPER_6,8520000,75,14,7,96,40,35
SUPER_6,8530000,130,10,6,146,66,64
SUPER_6,8540000,134,18,10,162,69,65
SUPER_6,8550000,224,30,22,276,113,111
SUPER_6,8560000,194,19,14,227,94,100
SUPER_6,8570000,275,18,30,323,138,137
SUPER_6,8580000,227,25,22,274,108,119
SUPER_6,8590000,136,18,16,170,61,75
SUPER_6,8600000,153,29,14,196,67,86
SUPER_6,8610000,199,24,18,241,110,89
SUPER_6,8620000,196,11,31,238,95,101
SUPER_6,8630000,293,30,29,352,151,142
SUPER_6,8640000,262,23,20,305,130,132
SUPER_6,8650000,273,17,24,314,130,143
SUPER_6,8660000,200,16,12,228,96,104
SUPER_6,8670000,269,21,21,311,127,142
SUPER_6,8680000,285,26,21,332,148,137
SUPER_6,8690000,176,12,15,203,89,87
SUPER_6,8700000,133,15,16,164,67,66
SUPER_6,8710000,199,33,12,244,107,92
SUPER_6,8720000,269,30,31,330,133,136
SUPER_6,8730000,243,21,15,279,123,120
SUPER_6,8740000,212,27,19,258,104,108
SUPER_6,8750000,190,19,20,229,95,95
SUPER_6,8760000,155,16,15,186,79,76
SUPER_6,8770000,15,1,1,17,8,7
SUPER_6,8780000,250,23,17,290,120,130
SUPER_6,8790000,236,26,20,282,105,131
SUPER_6,8800000,124,12,12,148,62,62
SUPER_6,8810000,252,27,12,291,137,115
SUPER_6,8820000,146,8,12,166,68,78
SUPER_6,8830000,168,13,7,188,88,80
SUPER_6,8840000,140,12,11,163,71,69
SUPER_6,8850000,133,17,11,161,69,64
SUPER_6,8860000,64,5,3,72,31,33
SUPER_6,8870000,145,14,10,169,71,74
SUPER_6,8880000,195,23,26,244,88,107
SUPER_6,8890000,132,10,16,158,68,64
SUPER_6,8900000,162,17,21,200,73,89
SUPER_6,8910000,165,12,21,198,86,79
SUPER_6,8920000,207,12,22,241,101,106
SUPER_6,8930000,190,22,11,223,86,104
SUPER_6,8940000,146,17,10,173,72,74
SUPER_6,8950000,132,15,8,155,63,69
SUPER_6,8960000,129,8,11,148,57,72
SUPER_6,8970000,68,5,6,79,39,29
SUPER_6,8980000,111,8,12,131,57,54
SUPER_6,8990000,194,14,19,227,92,102
SUPER_6,9000000,134,10,19,163,61,73
SUPER_6,9010000,81,2,11,94,39,42
SUPER_6,9020000,89,5,10,104,50,39
SUPER_6,9030000,99,14,6,119,57,42
SUPER_6,9040000,282,16,30,328,131,151
SUPER_6,9050000,294,36,27,357,145,149
SUPER_6,9060000,74,8,7,89,36,38
SUPER_6,9070000,302,27,31,360,157,145
SUPER_6,9080000,244,23,29,296,110,134
SUPER_6,9090000,39,3,7,49,18,21
SUPER_6,9100000,240,23,24,287,115,125
SUPER_6,9110000,224,26,28,278,112,112
SUPER_6,9120000,83,8,12,103,38,45
SUPER_6,9130000,227,21,16,264,113,114
SUPER_6,9140000,252,21,22,295,132,120
SUPER_6,9150000,194,23,21,238,91,103
SUPER_6,9160000,250,27,20,297,123,127
SUPER_6,9170000,277,26,25,328,128,149
SUPER_6,9180000,246,16,31,293,116,130
SUPER_6,9190000,245,30,14,289,135,110
SUPER_6,9200000,251,26,27,304,125,126
SUPER_6,9210000,229,21,13,263,106,123
SUPER_6,9220000,181,20,25,226,87,94
SUPER_6,9230000,275,24,29,328,129,146
SUPER_6,9240000,244,27,17,288,116,128
SUPER_6,9250000,177,12,10,199,84,93
SUPER_6,9260000,124,13,21,158,56,68
SUPER_6,9270000,257,30,25,312,127,130
SUPER_6,9280000,234,14,25,273,122,112
SUPER_6,9290000,187,11,16,214,100,87
SUPER_6,9300000,133,14,13,160,64,69
SUPER_6,9310000,252,20,26,298,113,139
SUPER_6,9320000,221,25,21,267,125,96
SUPER_6,9330000,301,32,31,364,134,167
SUPER_6,9340000,156,13,17,186,79,77
SUPER_6,9350000,338,32,25,395,158,180
SUPER_6,9360000,191,15,23,229,103,88
SUPER_6,9370000,215,13,21,249,118,97
SUPER_6,9380000,49,6,3,58,24,25
SUPER_6,9390000,316,34,29,379,153,163
SUPER_6,9400000,123,13,8,144,65,58
SUPER_6,9410000,119,13,10,142,57,62
SUPER_6,9420000,185,21,15,221,83,102
SUPER_6,9430000,295,31,23,349,145,150
SUPER_6,9440000,263,31,24,318,118,145
SUPER_6,9450000,217,15,24,256,108,109
SUPER_6,9460000,200,20,26,246,107,93
SUPER_6,9470000,161,12,7,180,70,91
SUPER_6,9480000,255,26,28,309,138,117
SUPER_6,9490000,298,24,22,344,140,158
SUPER_6,9500000,308,29,39,376,150,158
SUPER_6,9510000,148,17,12,177,61,87
SUPER_6,9520000,169,13,15,197,85,84
SUPER_6,9530000,229,22,22,273,110,119
SUPER_6,9540000,167,16,17,200,82,85
SUPER_6,9550000,127,5,18,150,57,70
SUPER_6,9560000,227,26,16,269,130,97
SUPER_6,9570000,178,15,20,213,92,86
SUPER_6,9580000,111,13,9,133,56,55
SUPER_6,9590000,71,2,9,82,40,31
SUPER_6,9600000,216,33,18,267,113,103
SUPER_6,9610000,148,15,12,175,72,76
SUPER_6,9620000,158,9,15,182,91,67
SUPER_6,9630000,101,13,4,118,47,54
SUPER_6,9640000,109,13,8,130,59,50
SUPER_6,9650000,165,24,15,204,76,89
SUPER_6,9660000,143,9,7,159,64,79
SUPER_6,9670000,124,13,8,145,68,56
SUPER_6,9680000,187,12,19,218,95,92
SUPER_6,9690000,99,5,8,112,50,49
SUPER_6,9700000,24,1,1,26,17,7
SUPER_6,9710000,251,23,23,297,106,145
SUPER_6,9720000,178,18,17,213,74,104
SUPER_6,9730000,51,5,9,65,27,24
SUPER_6,9740000,47,4,7,58,22,25
SUPER_6,9750000,149,17,13,179,74,75
SUPER_6,9760000,200,24,13,237,96,104
SUPER_6,9770000,73,11,5,89,33,40
SUPER_6,9780000,234,24,25,283,106,128
SUPER_6,9790000,282,36,21,339,141,141
SUPER_6,9800000,262,30,30,322,119,143
SUPER_6,9810000,242,24,22,288,109,133
SUPER_6,9820000,349,40,37,426,170,179
SUPER_6,9830000,222,21,21,264,88,134
SUPER_6,9840000,295,37,29,361,134,161
SUPER_6,9850000,256,24,32,312,112,144
SUPER_6,9860000,225,20,27,272,104,121
SUPER_6,9870000,183,9,21,213,96,87
SUPER_6,9880000,126,7,10,143,68,58
SUPER_6,9890000,267,20,24,311,123,144
SUPER_6,9900000,229,22,25,276,116,113
SUPER_6,9910000,182,15,18,215,89,93
SUPER_6,9920000,146,14,13,173,70,76
SUPER_6,9930000,194,18,26,238,81,113
SUPER_6,9940000,127,15,15,157,54,73
SUPER_6,9950000,175,9,12,196,87,88
SUPER_6,9960000,186,20,18,224,74,112
SUPER_6,9970000,181,17,23,221,83,98
SUPER_6,9980000,189,22,14,225,94,95
SUPER_6,9990000,131,17,9,157,68,63
SUPER_6,10000000,128,20,15,163,56,72
SUPER_6,10010000,254,35,34,323,119,135
SUPER_6,10020000,103,13,10,126,61,42
SUPER_6,10030000,125,17,15,157,60,65
SUPER_6,10040000,268,21,32,321,128,140
SUPER_6,10050000,235,23,13,271,126,109
SUPER_6,10060000,95,5,9,109,50,45
SUPER_6,10070000,164,20,14,198,80,84
SUPER_6,10080000,264,30,24,318,118,146
SUPER_6,10090000,326,37,35,398,149,177
SUPER_6,10100000,239,29,23,291,102,137
SUPER_6,10110000,187,14,7,208,106,81
SUPER_6,10120000,274,30,29,333,134,140
SUPER_6,10130000,327,32,27,386,181,146
SUPER_6,10140000,246,21,22,289,124,122
SUPER_6,10150000,242,27,19,288,101,141
SUPER_6,10160000,217,23,25,265,105,112
SUPER_6,10170000,200,16,13,229,106,94
SUPER_6,10180000,49,9,2,60,20,29
SUPER_6,10190000,65,7,7,79,35,30
SUPER_6,10200000,159,13,16,188,88,71
SUPER_6,10210000,315,26,27,368,144,171
SUPER_6,10220000,162,19,17,198,77,85
SUPER_6,10230000,144,10,23,177,69,75
SUPER_6,10240000,228,24,23,275,106,122
SUPER_6,10250000,274,32,23,329,130,144
SUPER_6,10260000,210,19,21,250,97,113
SUPER_6,10270000,295,24,29,348,153,142
SUPER_6,10280000,209,15,21,245,94,115
SUPER_6,10290000,167,12,9,188,89,78
SUPER_6,10300000,181,16,22,219,81,100
SUPER_6,10310000,272,25,26,323,132,140
SUPER_6,10320000,184,25,16,225,89,95
SUPER_6,10330000,184,17,15,216,82,102
SUPER_6,10340000,196,18,9,223,102,94
SUPER_6,10350000,221,16,20,257,108,113
SUPER_6,10360000,138,16,21,175,74,64
SUPER_6,10370000,85,11,13,109,41,44
SUPER_6,10380000,73,14,10,97,42,31
SUPER_6,10390000,124,14,8,146,69,55
SUPER_6,10400000,145,18,10,173,67,78
SUPER_6,10410000,308,30,19,357,145,163
SUPER_6,10420000,253,19,27,299,118,135
SUPER_6,10430000,278,32,37,347,141,137
SUPER_6,10440000,224,31,16,271,104,120
SUPER_6,10450000,164,18,16,198,85,79
SUPER_6,10460000,212,13,23,248,111,101
SUPER_6,10470000,291,25,26,342,136,155
SUPER_6,10480000,370,32,37,439,176,194
SUPER_6,10490000,284,26,25,335,150,134
SUPER_6,10500000,275,24,27,326,135,140
SUPER_6,10510000,340,38,25,403,186,154
SUPER_6,10520000,298,25,25,348,150,148
SUPER_6,10530000,256,23,24,303,140,116
SUPER_6,10540000,199,17,16,232,98,101
SUPER_6,10550000,171,13,11,195,94,77
SUPER_6,10560000,267,22,26,315,135,132
SUPER_6,10570000,143,15,15,173,65,78
SUPER_6,10580000,213,15,23,251,101,112
SUPER_6,10590000,218,23,29,270,101,117
SUPER_6,10600000,248,26,21,295,112,136
SUPER_6,10610000,132,15,10,157,66,66
SUPER_6,10620000,358,39,41,438,152,206
SUPER_6,10630000,367,37,30,434,161,206
SUPER_6,10640000,399,36,32,467,201,198
SUPER_6,10650000,209,17,22,248,94,115
SUPER_6,10660000,313,33,22,368,148,165
SUPER_6,10670000,349,20,25,394,185,164
SUPER_6,10680000,255,26,29,310,124,131
SUPER_6,10690000,166,16,13,195,78,88
SUPER_6,10700000,186,18,10,214,92,94
SUPER_6,10710000,60,6,4,70,29,31
SUPER_6,10720000,138,14,17,169,62,76
SUPER_6,10730000,160,13,16,189,94,66
SUPER_6,10740000,143,15,7,165,77,66
SUPER_6,10750000,129,13,10,152,65,64
SUPER_6,10760000,324,29,24,377,170,154
SUPER_6,10770000,163,20,18,201,94,69
SUPER_6,10780000,255,28,27,310,134,121
SUPER_6,10790000,312,31,25,368,142,170
SUPER_6,10800000,430,31,42,503,229,201
SUPER_6,10810000,300,23,26,349,146,154
SUPER_6,10820000,442,36,35,513,209,233
SUPER_6,10830000,160,15,9,184,70,90
SUPER_6,10840000,274,23,18,315,138,136
SUPER_6,10850000,182,16,12,210,95,87
SUPER_6,10860000,84,6,8,98,35,49
SUPER_6,10870000,302,25,28,355,143,159
SUPER_6,10880000,150,17,16,183,64,86
SUPER_6,10890000,298,25,35,358,138,160
SUPER_6,10900000,264,32,30,326,122,142
SUPER_6,10910000,358,33,26,417,182,176
SUPER_6,10920000,184,14,14,212,97,87
SUPER_6,10930000,296,32,21,349,147,149
SUPER_6,10940000,332,29,33,394,179,153
SUPER_6,10950000,123,6,12,141,64,59
SUPER_6,10960000,293,29,40,362,141,152
SUPER_6,10970000,202,21,24,247,107,95
SUPER_6,10980000,256,23,20,299,122,134
SUPER_6,10990000,277,27,28,332,142,135
SUPER_6,11000000,333,26,33,392,154,179
SUPER_6,11010000,388,37,29,454,193,195
SUPER_6,11020000,354,35,31,420,191,163
SUPER_6,11030000,307,28,36,371,151,156
SUPER_6,11040000,181,19,18,218,92,89
SUPER_6,11050000,222,21,30,273,98,124
SUPER_6,11060000,325,29,21,375,155,170
SUPER_6,11070000,291,28,19,338,128,163
SUPER_6,11080000,261,19,24,304,141,120
SUPER_6,11090000,271,41,27,339,127,144
SUPER_6,11100000,249,33,22,304,125,124
SUPER_6,11110000,228,20,22,270,105,123
SUPER_6,11120000,259,22,31,312,128,131
SUPER_6,11130000,114,12,12,138,62,52
SUPER_6,11140000,189,25,24,238,94,95
SUPER_6,11150000,127,14,10,151,65,62
SUPER_6,11160000,50,7,7,64,33,17
SUPER_6,11170000,130,10,11,151,80,50
SUPER_6,11180000,72,4,7,83,34,38
SUPER_6,11190000,102,4,9,115,58,44
SUPER_6,11200000,82,8,7,97,40,42
SUPER_6,11210000,190,24,16,230,91,99
SUPER_6,11220000,250,23,26,299,127,123
SUPER_6,11230000,351,22,38,411,153,198
SUPER_6,11240000,251,30,29,310,122,129
SUPER_6,11250000,251,22,27,300,105,146
SUPER_6,11260000,402,39,34,475,183,219
SUPER_6,11270000,352,32,25,409,191,161
SUPER_6,11280000,365,42,40,447,194,171
SUPER_6,11290000,170,19,19,208,84,86
SUPER_6,11300000,360,44,37,441,183,177
SUPER_6,11310000,317,30,28,375,164,153
SUPER_6,11320000,451,35,43,529,227,224
SUPER_6,11330000,302,34,32,368,162,140
SUPER_6,11340000,322,24,42,388,156,166
SUPER_6,11350000,344,29,25,398,150,194
SUPER_6,11360000,7,1,3,11,6,1
SUPER_6,11370000,168,24,14,206,81,87
SUPER_6,11380000,369,51,36,456,187,182
SUPER_6,11390000,127,16,9,152,59,68
SUPER_6,11400000,298,32,29,359,134,164
SUPER_6,11410000,167,19,22,208,82,85
SUPER_6,11420000,78,12,6,96,31,47
SUPER_6,11430000,231,21,13,265,112,119
SUPER_6,11440000,319,30,28,377,152,167
SUPER_6,11450000,386,32,33,451,193,193
SUPER_6,11460000,287,28,22,337,143,144
SUPER_6,11470000,261,22,18,301,122,139
SUPER_6,11480000,336,35,35,406,152,184
SUPER_6,11490000,293,31,30,354,151,142
SUPER_6,11500000,319,29,24,372,155,164
SUPER_6,11510000,267,26,24,317,129,138
SUPER_6,11520000,355,42,30,427,161,194
SUPER_6,11530000,85,4,5,94,42,43
SUPER_6,11540000,41,7,3,51,20,21
SUPER_6,11550000,37,2,3,42,21,16
SUPER_6,11560000,36,4,0,40,18,18
SUPER_6,11570000,0,0,0,0,0,0
SUPER_6,11580000,0,0,0,0,0,0
SUPER_6,11590000,129,9,8,146,63,66
SUPER_6,11600000,61,8,3,72,32,29
SUPER_6,11610000,265,30,27,322,107,158
SUPER_6,11620000,330,22,33,385,151,179
SUPER_6,11630000,247,26,20,293,120,127
SUPER_6,11640000,442,37,50,529,226,216
SUPER_6,11650000,337,36,30,403,157,180
SUPER_6,11660000,387,43,34,464,207,180
SUPER_6,11670000,234,18,26,278,122,112
SUPER_6,11680000,351,32,39,422,164,187
SUPER_6,11690000,278,31,28,337,128,150
SUPER_6,11700000,275,23,35,333,128,147
SUPER_6,11710000,242,28,17,287,122,120
SUPER_6,11720000,351,28,33,412,174,177
SUPER_6,11730000,326,27,24,377,175,151
SUPER_6,11740000,198,23,17,238,97,101
SUPER_6,11750000,321,28,29,378,141,180
SUPER_6,11760000,191,25,25,241,90,101
SUPER_6,11770000,320,24,36,380,153,167
SUPER_6,11780000,158,5,14,177,75,83
SUPER_6,11790000,281,30,15,326,129,152
SUPER_6,11800000,308,39,28,375,143,165
SUPER_6,11810000,350,25,31,406,185,165
SUPER_6,11820000,316,35,51,402,139,177
SUPER_6,11830000,223,15,17,255,118,105
SUPER_6,11840000,429,32,32,493,202,227
SUPER_6,11850000,228,21,28,277,112,116
SUPER_6,11860000,264,20,16,300,142,122
SUPER_6,11870000,287,34,26,347,152,135
SUPER_6,11880000,280,32,26,338,137,143
SUPER_6,11890000,194,23,12,229,95,99
SUPER_6,11900000,276,23,24,323,122,154
SUPER_6,11910000,254,27,16,297,112,142
SUPER_6,11920000,205,16,21,242,104,101
SUPER_6,11930000,292,23,28,343,150,141
SUPER_6,11940000,427,41,32,500,206,221
SUPER_6,11950000,277,16,28,321,128,149
SUPER_6,11960000,356,26,34,416,175,181
SUPER_6,11970000,368,41,30,439,161,207
SUPER_6,11980000,313,33,32,378,149,164
SUPER_6,11990000,377,33,40,450,192,185
SUPER_6,12000000,335,29,32,396,170,165
SUPER_6,12010000,353,38,32,423,165,188
SUPER_6,12020000,303,28,30,361,136,167
SUPER_6,12030000,249,20,34,303,128,121
SUPER_6,12040000,248,21,17,286,130,118
SUPER_6,12050000,282,27,20,329,128,154
SUPER_6,12060000,311,28,28,367,142,169
SUPER_6,12070000,301,24,25,350,141,160
SUPER_6,12080000,263,15,31,309,128,135
SUPER_6,12090000,315,42,36,393,136,179
SUPER_6,12100000,286,27,34,347,132,154
SUPER_6,12110000,359,38,35,432,164,195
SUPER_6,12120000,347,38,19,404,181,166
SUPER_6,12130000,304,22,30,356,136,168
SUPER_6,12140000,200,20,19,239,106,94
SUPER_6,12150000,232,22,21,275,124,108
SUPER_6,12160000,393,32,30,455,195,198
SUPER_6,12170000,296,21,20,337,159,137
SUPER_6,12180000,321,26,30,377,166,155
SUPER_6,12190000,387,36,52,475,185,202
SUPER_6,12200000,350,23,38,411,190,160
SUPER_6,12210000,210,21,27,258,97,113
SUPER_6,12220000,202,22,16,240,96,106
SUPER_6,12230000,145,13,19,177,61,84
SUPER_6,12240000,217,19,16,252,108,109
SUPER_6,12250000,105,13,9,127,49,56
SUPER_6,12260000,228,18,19,265,105,123
SUPER_6,12270000,204,20,23,247,96,108
SUPER_6,12280000,190,16,19,225,105,85
SUPER_6,12290000,160,17,15,192,80,80
SUPER_6,12300000,15,0,0,15,3,12
SUPER_6,12310000,42,7,8,57,17,25
SUPER_6,12320000,3,1,1,5,1,2
SUPER_6,12330000,71,10,7,88,36,35
SUPER_6,12340000,274,40,23,337,125,149
SUPER_6,12350000,165,15,16,196,75,90
SUPER_6,12360000,249,31,22,302,130,119
SUPER_6,12370000,304,27,21,352,165,139
SUPER_6,12380000,327,20,32,379,152,175
SUPER_6,12390000,368,36,42,446,178,190
SUPER_6,12400000,359,43,35,437,168,191
SUPER_6,12410000,31,1,0,32,13,18
SUPER_6,12420000,311,28,41,380,139,172
SUPER_6,12430000,228,16,18,262,113,115
SUPER_6,12440000,378,38,31,447,185,193
SUPER_6,12450000,318,35,21,374,156,162
SUPER_6,12460000,217,18,18,253,101,116
SUPER_6,12470000,337,31,45,413,149,188
SUPER_6,12480000,422,44,52,518,209,213
SUPER_6,12490000,331,27,23,381,166,165
SUPER_6,12500000,302,22,25,349,144,158
SUPER_6,12510000,305,32,24,361,144,161
SUPER_6,12520000,360,34,40,434,183,177
SUPER_6,12530000,189,19,22,230,93,96
SUPER_6,12540000,213,14,28,255,96,117
SUPER_6,12550000,366,37,33,436,172,194
SUPER_6,12560000,289,18,30,337,168,121
SUPER_6,12570000,414,35,28,477,207,207
SUPER_6,12580000,281,25,28,334,143,138
SUPER_6,12590000,278,31,37,346,143,135
SUPER_6,12600000,334,21,32,387,166,168
SUPER_6,12610000,305,40,23,368,137,168
SUPER_6,12620000,297,30,23,350,153,144
SUPER_6,12630000,338,28,23,389,146,192
SUPER_6,12640000,147,14,12,173,70,77
SUPER_6,12650000,323,37,25,385,158,165
SUPER_6,12660000,249,23,21,293,127,122
SUPER_6,12670000,199,19,11,229,91,108
SUPER_6,12680000,216,24,20,260,95,121
SUPER_6,12690000,210,30,19,259,110,100
SUPER_6,12700000,197,24,18,239,93,104
SUPER_6,12710000,245,31,24,300,120,125
SUPER_6,12720000,273,20,26,319,143,130
SUPER_6,12730000,433,39,34,506,183,250
SUPER_6,12740000,448,44,44,536,222,226
SUPER_6,12750000,307,30,39,376,143,164
SUPER_6,12760000,6,0,1,7,3,3
SUPER_6,12770000,160,16,19,195,72,88
SUPER_6,12780000,406,49,31,486,212,194
SUPER_6,12790000,182,16,13,211,84,98
SUPER_6,12800000,255,31,17,303,135,120
SUPER_6,12810000,286,40,33,359,139,147
SUPER_6,12820000,177,14,24,215,93,84
SUPER_6,12830000,248,22,20,290,118,130
SUPER_6,12840000,280,28,21,329,154,126
SUPER_6,12850000,352,27,30,409,177,175
SUPER_6,12860000,192,16,27,235,96,96
SUPER_6,12870000,315,39,30,384,160,155
SUPER_6,12880000,291,20,29,340,140,151
SUPER_6,12890000,191,13,12,216,103,88
SUPER_6,12900000,442,36,39,517,194,248
SUPER_6,12910000,399,45,35,479,169,230
SUPER_6,12920000,455,53,43,551,232,223
SUPER_6,12930000,318,22,34,374,173,145
SUPER_6,12940000,238,19,20,277,130,108
SUPER_6,12950000,328,26,15,369,161,167
SUPER_6,12960000,209,22,21,252,101,108
SUPER_6,12970000,309,35,27,371,148,161
SUPER_6,12980000,395,27,28,450,187,208
SUPER_6,12990000,349,35,27,411,185,164
SUPER_6,13000000,278,29,22,329,156,122
SUPER_6,13010000,185,12,16,213,84,101
SUPER_6,13020000,254,28,26,308,100,154
SUPER_6,13030000,290,33,33,356,129,161
SUPER_6,13040000,335,29,29,393,145,190
SUPER_6,13050000,258,22,21,301,121,137
SUPER_6,13060000,312,23,39,374,148,164
SUPER_6,13070000,303,31,26,360,157,146
SUPER_6,13080000,198,24,19,241,95,103
SUPER_6,13090000,200,25,12,237,97,103
SUPER_6,13100000,299,22,25,346,128,171
SUPER_6,13110000,262,29,19,310,137,125
SUPER_6,13120000,196,15,27,238,91,105
SUPER_6,13130000,290,35,26,351,132,158
SUPER_6,13140000,230,18,27,275,107,123
SUPER_6,13150000,141,21,14,176,74,67
SUPER_6,13160000,306,22,26,354,155,151
SUPER_6,13170000,325,36,37,398,158,167
SUPER_6,13180000,227,31,23,281,128,99
SUPER_6,13190000,183,17,27,227,88,95
SUPER_6,13200000,236,20,18,274,124,112
SUPER_6,13210000,240,22,21,283,122,118
SUPER_6,13220000,3,0,0,3,2,1
SUPER_6,13230000,62,5,4,71,29,33
SUPER_6,13240000,92,8,12,112,49,43
SUPER_6,13250000,293,20,25,338,133,160
SUPER_6,13260000,300,20,35,355,156,144
SUPER_6,13270000,436,35,32,503,207,229
SUPER_6,13280000,249,24,25,298,137,112
SUPER_6,13290000,189,22,17,228,86,103
SUPER_6,13300000,252,23,34,309,119,133
SUPER_6,13310000,372,24,43,439,201,171
SUPER_6,13320000,332,22,27,381,188,144
SUPER_6,13330000,187,18,23,228,88,99
SUPER_6,13340000,227,22,22,271,91,136
SUPER_6,13350000,336,34,37,407,159,177
SUPER_6,13360000,293,25,23,341,156,137
SUPER_6,13370000,392,41,44,477,192,200
SUPER_6,13380000,191,15,15,221,95,96
SUPER_6,13390000,332,29,35,396,171,161
SUPER_6,13400000,285,29,23,337,149,136
SUPER_6,13410000,358,26,39,423,168,190
SUPER_6,13420000,396,23,43,462,196,200
SUPER_6,13430000,401,34,22,457,198,203
SUPER_6,13440000,299,28,30,357,162,137
SUPER_6,13450000,342,39,37,418,165,177
SUPER_6,13460000,251,14,25,290,131,120
SUPER_6,13470000,120,14,11,145,55,65
SUPER_6,13480000,328,27,20,375,171,157
SUPER_6,13490000,455,37,38,530,229,226
SUPER_6,13500000,282,23,24,329,146,136
SUPER_6,13510000,196,26,19,241,109,87
SUPER_6,13520000,228,25,11,264,108,120
SUPER_6,13530000,273,21,26,320,148,125
SUPER_6,13540000,404,33,29,466,188,216
SUPER_6,13550000,380,42,21,443,191,189
SUPER_6,13560000,301,32,26,359,148,153
SUPER_6,13570000,378,37,41,456,186,192
SUPER_6,13580000,156,12,17,185,75,81
SUPER_6,13590000,313,27,18,358,162,151
SUPER_6,13600000,420,20,29,469,231,189
SUPER_6,13610000,223,18,13,254,110,113
SUPER_6,13620000,324,20,31,375,171,153
SUPER_6,13630000,395,30,25,450,187,208
SUPER_6,13640000,293,33,28,354,150,143
SUPER_6,13650000,280,34,16,330,138,142
SUPER_6,13660000,330,29,29,388,180,150
SUPER_6,13670000,357,27,33,417,176,181
SUPER_6,13680000,297,25,21,343,152,145
SUPER_6,13690000,258,23,21,302,129,129
SUPER_6,13700000,266,19,21,306,130,136
SUPER_6,13710000,140,12,19,171,57,83
SUPER_6,13720000,315,25,20,360,170,145
SUPER_6,13730000,317,27,19,363,161,156
SUPER_6,13740000,319,26,32,377,158,161
SUPER_6,13750000,226,15,18,259,121,105
SUPER_6,13760000,177,19,8,204,87,90
SUPER_6,13770000,182,14,19,215,87,95
SUPER_6,13780000,262,30,19,311,136,126
SUPER_6,13790000,297,21,42,360,144,153
SUPER_6,13800000,341,26,22,389,179,162
SUPER_6,13810000,305,29,46,380,157,148
SUPER_6,13820000,147,20,8,175,65,82
SUPER_6,13830000,385,34,34,453,194,191
SUPER_6,13840000,185,17,17,219,86,99
SUPER_6,13850000,213,22,15,250,101,112
SUPER_6,13860000,324,27,27,378,180,144
SUPER_6,13870000,314,43,36,393,164,150
SUPER_6,13880000,194,18,17,229,101,93
SUPER_6,13890000,113,9,3,125,64,49
SUPER_6,13900000,216,24,13,253,96,120
SUPER_6,13910000,278,29,29,336,139,139
SUPER_6,13920000,277,37,25,339,137,140
SUPER_6,13930000,184,11,17,212,95,89
SUPER_6,13940000,130,9,7,146,70,60
SUPER_6,13950000,264,25,30,319,130,134
SUPER_6,13960000,385,31,27,443,202,183
SUPER_6,13970000,347,28,25,400,187,160
SUPER_6,13980000,163,16,12,191,75,88
SUPER_6,13990000,264,23,21,308,123,141
SUPER_6,14000000,258,21,21,300,129,129
SUPER_6,14010000,265,18,18,301,143,122
SUPER_6,14020000,191,25,19,235,89,102
SUPER_6,14030000,392,41,22,455,201,191
SUPER_6,14040000,300,27,23,350,146,154
SUPER_6,14050000,90,13,13,116,49,41
SUPER_6,14060000,309,30,25,364,162,147
SUPER_6,14070000,315,35,23,373,148,167
SUPER_6,14080000,342,29,26,397,144,198
SUPER_6,14090000,355,32,32,419,180,175
SUPER_6,14100000,308,23,28,359,163,145
SUPER_6,14110000,185,14,7,206,97,88
SUPER_6,14120000,276,37,20,333,127,149
SUPER_6,14130000,263,21,14,298,128,135
SUPER_6,14140000,317,26,21,364,141,176
SUPER_6,14150000,240,21,20,281,110,130
SUPER_6,14160000,262,25,18,305,122,140
SUPER_6,14170000,311,23,22,356,168,143
SUPER_6,14180000,249,22,26,297,117,132
SUPER_6,14190000,229,22,21,272,124,105
SUPER_6,14200000,265,17,18,300,144,121
SUPER_6,14210000,244,25,17,286,121,123
SUPER_6,14220000,289,22,22,333,150,139
SUPER_6,14230000,312,25,26,363,172,140
SUPER_6,14240000,86,8,9,103,48,38
SUPER_6,14250000,219,25,20,264,123,96
SUPER_6,14260000,233,17,11,261,118,115
SUPER_6,14270000,219,30,18,267,113,106
SUPER_6,14280000,302,32,24,358,157,145
SUPER_6,14290000,181,13,12,206,98,83
SUPER_6,14300000,142,25,14,181,81,61
SUPER_6,14310000,0,0,0,0,0,0
SUPER_6,14320000,0,0,0,0,0,0
SUPER_6,14330000,400,25,32,457,199,201
SUPER_6,14340000,177,20,15,212,81,96
SUPER_6,14350000,115,15,9,139,60,55
SUPER_6,14360000,131,13,15,159,71,60
SUPER_6,14370000,158,16,18,192,86,72
SUPER_6,14380000,137,13,10,160,84,53
SUPER_6,14390000,67,4,3,74,36,31
SUPER_6,14400000,49,5,3,57,28,21
SUPER_6,14410000,202,17,10,229,112,90
SUPER_6,14420000,170,13,5,188,99,71
SUPER_6,14430000,31,0,1,32,22,9
SUPER_7,10000,45,3,0,48,28,17
SUPER_7,20000,0,4,1,5,0,0
SUPER_7,30000,0,2,0,2,0,0
SUPER_7,40000,0,0,0,0,0,0
SUPER_7,50000,0,0,0,0,0,0
SUPER_7,60000,0,0,0,0,0,0
SUPER_7,70000,0,0,0,0,0,0
SUPER_7,80000,0,0,0,0,0,0
SUPER_7,90000,0,0,0,0,0,0
SUPER_7,100000,0,0,0,0,0,0
SUPER_7,110000,0,0,0,0,0,0
SUPER_7,120000,0,0,0,0,0,0
SUPER_7,130000,80,7,6,93,44,36
SUPER_7,140000,166,17,19,202,74,92
SUPER_7,150000,287,27,21,335,139,148
SUPER_7,160000,281,21,35,337,148,133
SUPER_7,170000,132,13,15,160,60,72
SUPER_7,180000,259,31,26,316,125,134
SUPER_7,190000,153,15,13,181,81,72
SUPER_7,200000,315,24,25,364,159,156
SUPER_7,210000,292,23,25,340,161,131
SUPER_7,220000,350,22,21,393,186,164
SUPER_7,230000,309,35,30,374,161,148
SUPER_7,240000,68,4,8,80,29,39
SUPER_7,250000,190,18,14,222,91,99
SUPER_7,260000,225,15,27,267,113,112
SUPER_7,270000,112,8,7,127,55,57
SUPER_7,280000,62,6,3,71,34,28
SUPER_7,290000,263,19,22,304,146,117
SUPER_7,300000,335,37,33,405,163,172
SUPER_7,310000,332,34,31,397,162,170
SUPER_7,320000,355,33,25,413,161,194
SUPER_7,330000,125,13,9,147,71,54
SUPER_7,340000,144,13,16,173,69,75
SUPER_7,350000,284,31,29,344,147,137
SUPER_7,360000,219,15,19,253,111,108
SUPER_7,370000,293,25,24,342,161,132
SUPER_7,380000,411,28,33,472,214,197
SUPER_7,390000,222,13,17,252,106,116
SUPER_7,400000,238,26,24,288,121,117
SUPER_7,410000,229,30,9,268,107,122
SUPER_7,420000,311,23,37,371,161,150
SUPER_7,430000,242,19,23,284,119,123
SUPER_7,440000,294,20,30,344,127,167
SUPER_7,450000,0,0,0,0,0,0
SUPER_7,460000,0,0,0,0,0,0
SUPER_7,470000,235,23,23,281,115,120
SUPER_7,480000,173,15,11,199,93,80
SUPER_7,490000,225,18,23,266,126,99
SUPER_7,500000,234,26,19,279,119,115
SUPER_7,510000,363,35,25,423,178,185
SUPER_7,520000,240,16,24,280,118,122
SUPER_7,530000,204,20,4,228,108,96
SUPER_7,540000,161,16,20,197,82,79
SUPER_7,550000,347,30,40,417,165,182
SUPER_7,560000,159,16,11,186,81,78
SUPER_7,570000,255,27,20,302,115,140
SUPER_7,580000,233,15,20,268,122,111
SUPER_7,590000,167,21,11,199,96,71
SUPER_7,600000,253,12,21,286,134,119
SUPER_7,610000,321,36,34,391,164,157
SUPER_7,620000,249,26,26,301,132,117
SUPER_7,630000,247,23,22,292,134,113
SUPER_7,640000,312,26,25,363,163,149
SUPER_7,650000,289,25,28,342,146,143
SUPER_7,660000,234,13,15,262,108,126
SUPER_7,670000,263,26,23,312,135,128
SUPER_7,680000,145,9,20,174,70,75
SUPER_7,690000,217,26,18,261,125,92
SUPER_7,700000,306,27,30,363,150,156
SUPER_7,710000,324,35,31,390,157,167
SUPER_7,720000,292,30,24,346,157,135
SUPER_7,730000,204,24,11,239,98,106
SUPER_7,740000,229,18,8,255,113,116
SUPER_7,750000,329,37,20,386,147,182
SUPER_7,760000,238,24,17,279,118,120
SUPER_7,770000,313,28,36,377,157,156
SUPER_7,780000,321,31,26,378,148,173
SUPER_7,790000,322,26,17,365,175,147
SUPER_7,800000,312,31,15,358,155,157
SUPER_7,810000,282,37,31,350,129,153
SUPER_7,820000,300,32,30,362,138,162
SUPER_7,830000,303,28,28,359,157,146
SUPER_7,840000,283,16,23,322,132,151
SUPER_7,850000,250,21,32,303,133,117
SUPER_7,860000,244,18,21,283,128,116
SUPER_7,870000,317,33,32,382,167,150
SUPER_7,880000,291,30,25,346,131,160
SUPER_7,890000,297,20,15,332,141,156
SUPER_7,900000,192,15,11,218,91,101
SUPER_7,910000,301,27,25,353,150,151
SUPER_7,920000,274,33,10,317,148,126
SUPER_7,930000,271,23,21,315,130,141
SUPER_7,940000,335,28,33,396,156,179
SUPER_7,950000,227,18,14,259,115,112
SUPER_7,960000,261,27,33,321,133,128
SUPER_7,970000,348,22,30,400,159,189
SUPER_7,980000,193,11,23,227,103,90
SUPER_7,990000,273,21,31,325,138,135
SUPER_7,1000000,256,22,19,297,124,132
SUPER_7,1010000,272,36,19,327,133,139
SUPER_7,1020000,292,38,25,355,132,160
SUPER_7,1030000,245,24,20,289,126,119
SUPER_7,1040000,224,23,19,266,105,119
SUPER_7,1050000,370,30,16,416,182,188
SUPER_7,1060000,271,18,20,309,161,110
SUPER_7,1070000,308,29,22,359,154,154
SUPER_7,1080000,219,22,15,256,99,120
SUPER_7,1090000,334,29,30,393,157,177
SUPER_7,1100000,344,24,29,397,148,196
SUPER_7,1110000,415,44,35,494,195,220
SUPER_7,1120000,355,31,40,426,162,193
SUPER_7,1130000,279,32,25,336,144,135
SUPER_7,1140000,353,37,33,423,175,178
SUPER_7,1150000,286,26,23,335,138,148
SUPER_7,1160000,395,34,31,460,205,190
SUPER_7,1170000,247,21,22,290,112,135
SUPER_7,1180000,355,27,35,417,184,171
SUPER_7,1190000,408,33,44,485,189,219
SUPER_7,1200000,380,25,29,434,173,207
SUPER_7,1210000,189,21,14,224,83,106
SUPER_7,1220000,346,37,25,408,158,188
SUPER_7,1230000,313,23,32,368,147,166
SUPER_7,1240000,359,24,33,416,182,177
SUPER_7,1250000,359,30,31,420,171,188
SUPER_7,1260000,430,37,39,506,203,227
SUPER_7,1270000,388,30,43,461,178,210
SUPER_7,1280000,333,34,33,400,167,166
SUPER_7,1290000,438,34,42,514,208,230
SUPER_7,1300000,350,32,36,418,175,175
SUPER_7,1310000,268,27,24,319,128,140
SUPER_7,1320000,326,26,28,380,158,168
SUPER_7,1330000,254,31,21,306,107,147
SUPER_7,1340000,243,22,25,290,124,119
SUPER_7,1350000,356,40,32,428,170,186
SUPER_7,1360000,239,28,28,295,114,125
SUPER_7,1370000,289,31,30,350,142,147
SUPER_7,1380000,333,39,30,402,170,163
SUPER_7,1390000,329,26,33,388,156,173
SUPER_7,1400000,188,22,23,233,111,77
SUPER_7,1410000,113,17,11,141,57,56
SUPER_7,1420000,358,27,61,446,179,179
SUPER_7,1430000,324,27,37,388,185,139
SUPER_7,1440000,256,22,37,315,124,132
SUPER_7,1450000,305,28,14,347,147,158
SUPER_7,1460000,364,34,41,439,202,162
SUPER_7,1470000,271,44,25,340,128,143
SUPER_7,1480000,239,22,26,287,105,134
SUPER_7,1490000,346,36,52,434,138,208
SUPER_7,1500000,379,31,30,440,193,186
SUPER_7,1510000,347,30,35,412,178,169
SUPER_7,1520000,205,21,33,259,106,99
SUPER_7,1530000,252,23,30,305,126,126
SUPER_7,1540000,241,28,28,297,141,100
SUPER_7,1550000,291,29,25,345,149,142
SUPER_7,1560000,387,41,41,469,195,192
SUPER_7,1570000,292,21,17,330,123,169
SUPER_7,1580000,369,24,43,436,190,179
SUPER_7,1590000,336,25,29,390,167,169
SUPER_7,1600000,309,30,30,369,135,174
SUPER_7,1610000,356,30,34,420,184,172
SUPER_7,1620000,305,25,23,353,172,133
SUPER_7,1630000,126,9,13,148,63,63
SUPER_7,1640000,115,3,10,128,59,56
SUPER_7,1650000,114,8,13,135,61,53
SUPER_7,1660000,179,15,13,207,92,87
SUPER_7,1670000,254,31,24,309,114,140
SUPER_7,1680000,205,24,19,248,104,101
SUPER_7,1690000,259,15,21,295,141,118
SUPER_7,1700000,194,25,17,236,92,102
SUPER_7,1710000,188,24,17,229,94,94
SUPER_7,1720000,116,12,7,135,59,57
SUPER_7,1730000,273,35,22,330,124,149
SUPER_7,1740000,168,16,17,201,84,84
SUPER_7,1750000,194,18,17,229,93,101
SUPER_7,1760000,207,23,20,250,106,101
SUPER_7,1770000,295,31,25,351,154,141
SUPER_7,1780000,310,34,30,374,165,145
SUPER_7,1790000,307,29,27,363,146,161
SUPER_7,1800000,297,23,25,345,138,159
SUPER_7,1810000,273,24,28,325,129,144
SUPER_7,1820000,184,16,8,208,98,86
SUPER_7,1830000,331,32,30,393,150,181
SUPER_7,1840000,289,25,23,337,152,137
SUPER_7,1850000,237,25,25,287,111,126
SUPER_7,1860000,363,36,25,424,166,197
SUPER_7,1870000,369,39,25,433,187,182
SUPER_7,1880000,269,28,36,333,125,144
SUPER_7,1890000,269,18,22,309,140,129
SUPER_7,1900000,257,17,24,298,120,137
SUPER_7,1910000,297,23,32,352,148,149
SUPER_7,1920000,320,31,19,370,167,153
SUPER_7,1930000,234,19,19,272,120,114
SUPER_7,1940000,338,38,23,399,160,178
SUPER_7,1950000,213,20,28,261,100,113
SUPER_7,1960000,108,11,8,127,56,52
SUPER_7,1970000,243,29,18,290,119,124
SUPER_7,1980000,339,33,24,396,178,161
SUPER_7,1990000,377,30,33,440,149,228
SUPER_7,2000000,418,43,47,508,201,217
SUPER_7,2010000,231,19,24,274,104,127
SUPER_7,2020000,136,16,14,166,69,67
SUPER_7,2030000,355,34,46,435,166,189
SUPER_7,2040000,412,42,46,500,191,221
SUPER_7,2050000,365,36,42,443,178,187
SUPER_7,2060000,364,42,24,430,182,182
SUPER_7,2070000,215,16,17,248,118,97
SUPER_7,2080000,277,29,21,327,127,150
SUPER_7,2090000,288,27,36,351,143,145
SUPER_7,2100000,326,34,31,391,159,167
SUPER_7,2110000,227,22,27,276,124,103
SUPER_7,2120000,155,11,15,181,81,74
SUPER_7,2130000,164,9,12,185,94,70
SUPER_7,2140000,165,14,15,194,93,72
SUPER_7,2150000,211,16,16,243,105,106
SUPER_7,2160000,113,11,5,129,61,52
SUPER_7,2170000,217,24,23,264,101,116
SUPER_7,2180000,284,33,31,348,139,145
SUPER_7,2190000,138,16,12,166,61,77
SUPER_7,2200000,230,22,17,269,121,109
SUPER_7,2210000,97,7,9,113,51,46
SUPER_7,2220000,265,31,11,307,139,126
SUPER_7,2230000,139,19,14,172,63,76
SUPER_7,2240000,279,29,20,328,127,152
SUPER_7,2250000,297,27,28,352,144,153
SUPER_7,2260000,407,43,34,484,191,216
SUPER_7,2270000,263,31,25,319,124,139
SUPER_7,2280000,337,27,31,395,166,171
SUPER_7,2290000,287,28,29,344,135,152
SUPER_7,2300000,52,7,2,61,26,26
SUPER_7,2310000,263,29,26,318,137,126
SUPER_7,2320000,339,43,29,411,159,180
SUPER_7,2330000,328,25,24,377,177,151
SUPER_7,2340000,239,31,20,290,125,114
SUPER_7,2350000,325,33,28,386,156,169
SUPER_7,2360000,180,19,11,210,91,89
SUPER_7,2370000,197,23,25,245,93,104
SUPER_7,2380000,211,18,18,247,100,111
SUPER_7,2390000,246,23,19,288,125,121
SUPER_7,2400000,322,28,23,373,160,162
SUPER_7,2410000,304,35,26,365,152,152
SUPER_7,2420000,215,21,22,258,117,98
SUPER_7,2430000,174,17,19,210,76,98
SUPER_7,2440000,252,33,34,319,115,137
SUPER_7,2450000,104,6,4,114,49,55
SUPER_7,2460000,231,24,17,272,111,120
SUPER_7,2470000,241,16,34,291,111,130
SUPER_7,2480000,371,36,30,437,188,183
SUPER_7,2490000,347,30,34,411,154,193
SUPER_7,2500000,507,51,38,596,246,261
SUPER_7,2510000,300,23,32,355,144,156
SUPER_7,2520000,317,33,21,371,149,168
SUPER_7,2530000,219,12,26,257,114,105
SUPER_7,2540000,243,15,24,282,121,122
SUPER_7,2550000,256,17,21,294,133,123
SUPER_7,2560000,145,15,7,167,69,76
SUPER_7,2570000,268,27,15,310,146,122
SUPER_7,2580000,201,22,18,241,92,109
SUPER_7,2590000,118,5,16,139,64,54
SUPER_7,2600000,235,21,18,274,113,122
SUPER_7,2610000,273,35,32,340,120,153
SUPER_7,2620000,177,16,21,214,86,91
SUPER_7,2630000,164,19,17,200,87,77
SUPER_7,2640000,295,33,28,356,147,148
SUPER_7,2650000,214,28,19,261,108,106
SUPER_7,2660000,284,31,28,343,151,133
SUPER_7,2670000,201,31,16,248,91,110
SUPER_7,2680000,140,9,18,167,65,75
SUPER_7,2690000,154,17,13,184,73,81
SUPER_7,2700000,338,36,28,402,171,167
SUPER_7,2710000,186,11,19,216,95,91
SUPER_7,2720000,310,36,29,375,133,177
SUPER_7,2730000,199,20,14,233,91,108
SUPER_7,2740000,40,4,5,49,19,21
SUPER_7,2750000,192,14,13,219,109,83
SUPER_7,2760000,137,17,12,166,76,61
SUPER_7,2770000,280,42,26,348,144,136
SUPER_7,2780000,357,45,38,440,183,174
SUPER_7,2790000,406,39,54,499,211,195
SUPER_7,2800000,88,8,6,102,51,37
SUPER_7,2810000,98,8,16,122,43,55
SUPER_7,2820000,199,17,13,229,98,101
SUPER_7,2830000,56,2,3,61,29,27
SUPER_7,2840000,0,1,0,1,0,0
SUPER_7,2850000,236,17,28,281,116,120
SUPER_7,2860000,306,25,30,361,148,158
SUPER_7,2870000,33,2,1,36,20,13
SUPER_7,2880000,254,21,14,289,124,130
SUPER_7,2890000,286,23,22,331,134,152
SUPER_7,2900000,227,26,16,269,108,119
SUPER_7,2910000,87,6,5,98,40,47
SUPER_7,2920000,128,9,14,151,63,65
SUPER_7,2930000,41,5,2,48,21,20
SUPER_7,2940000,280,22,16,318,126,154
SUPER_7,2950000,210,14,24,248,108,102
SUPER_7,2960000,261,23,19,303,140,121
SUPER_7,2970000,121,9,11,141,58,63
SUPER_7,2980000,94,5,10,109,39,55
SUPER_7,2990000,253,28,15,296,122,131
SUPER_7,3000000,378,38,29,445,178,200
SUPER_7,3010000,268,22,24,314,145,123
SUPER_7,3020000,424,33,37,494,200,224
SUPER_7,3030000,237,27,18,282,108,129
SUPER_7,3040000,162,14,15,191,79,83
SUPER_7,3050000,265,30,22,317,130,135
SUPER_7,3060000,351,23,28,402,187,164
SUPER_7,3070000,123,13,14,150,73,50
SUPER_7,3080000,111,14,9,134,50,61
SUPER_7,3090000,122,12,13,147,58,64
SUPER_7,3100000,263,17,26,306,132,131
SUPER_7,3110000,0,0,0,0,0,0
SUPER_7,3120000,0,0,0,0,0,0
SUPER_7,3130000,0,0,0,0,0,0
SUPER_7,3140000,0,0,0,0,0,0
SUPER_7,3150000,0,0,0,0,0,0
SUPER_7,3160000,0,0,0,0,0,0
SUPER_7,3170000,0,0,0,0,0,0
SUPER_7,3180000,0,0,0,0,0,0
SUPER_7,3190000,0,0,0,0,0,0
SUPER_7,3200000,0,0,0,0,0,0
SUPER_7,3210000,264,25,25,314,133,131
SUPER_7,3220000,0,0,0,0,0,0
SUPER_7,3230000,0,0,0,0,0,0
SUPER_7,3240000,0,0,0,0,0,0
SUPER_7,3250000,0,0,0,0,0,0
SUPER_7,3260000,0,0,0,0,0,0
SUPER_7,3270000,0,0,0,0,0,0
SUPER_7,3280000,0,0,0,0,0,0
SUPER_7,3290000,164,15,18,197,62,102
SUPER_7,3300000,225,24,19,268,120,105
SUPER_7,3310000,209,17,20,246,102,107
SUPER_7,3320000,243,25,34,302,113,130
SUPER_7,3330000,290,23,22,335,149,141
SUPER_7,3340000,317,35,25,377,135,182
SUPER_7,3350000,262,31,28,321,124,138
SUPER_7,3360000,298,24,29,351,150,148
SUPER_7,3370000,225,22,26,273,112,113
SUPER_7,3380000,212,24,31,267,100,112
SUPER_7,3390000,252,20,19,291,122,130
SUPER_7,3400000,236,42,21,299,104,132
SUPER_7,3410000,280,27,26,333,112,168
SUPER_7,3420000,280,38,22,340,139,141
SUPER_7,3430000,199,14,30,243,93,106
SUPER_7,3440000,192,14,19,225,81,111
SUPER_7,3450000,147,18,11,176,83,64
SUPER_7,3460000,187,19,20,226,95,92
SUPER_7,3470000,289,21,31,341,134,155
SUPER_7,3480000,325,30,31,386,150,175
SUPER_7,3490000,429,41,46,516,193,236
SUPER_7,3500000,273,24,15,312,130,143
SUPER_7,3510000,207,17,27,251,95,112
SUPER_7,3520000,211,20,15,246,101,110
SUPER_7,3530000,284,27,23,334,143,141
SUPER_7,3540000,311,30,40,381,155,156
SUPER_7,3550000,278,30,21,329,123,155
SUPER_7,3560000,329,43,30,402,155,174
SUPER_7,3570000,301,31,41,373,159,142
SUPER_7,3580000,0,0,0,0,0,0
SUPER_7,3590000,0,0,0,0,0,0
SUPER_7,3600000,330,35,34,399,146,184
SUPER_7,3610000,307,37,30,374,126,181
SUPER_7,3620000,175,11,9,195,92,83
SUPER_7,3630000,171,15,22,208,82,89
SUPER_7,3640000,254,12,28,294,119,135
SUPER_7,3650000,380,34,49,463,198,182
SUPER_7,3660000,243,23,20,286,123,120
SUPER_7,3670000,91,14,13,118,41,50
SUPER_7,3680000,221,28,21,270,114,107
SUPER_7,3690000,115,17,8,140,58,57
SUPER_7,3700000,300,38,23,361,136,164
SUPER_7,3710000,349,34,26,409,177,172
SUPER_7,3720000,275,27,29,331,137,138
SUPER_7,3730000,235,26,26,287,118,117
SUPER_7,3740000,237,20,25,282,106,131
SUPER_7,3750000,210,25,31,266,102,108
SUPER_7,3760000,217,33,27,277,104,113
SUPER_7,3770000,234,30,24,288,104,130
SUPER_7,3780000,158,8,19,185,82,76
SUPER_7,3790000,0,0,1,1,0,0
SUPER_7,3800000,25,3,2,30,16,9
SUPER_7,3810000,165,15,16,196,78,87
SUPER_7,3820000,216,19,14,249,89,127
SUPER_7,3830000,178,23,18,219,83,95
SUPER_7,3840000,347,30,39,416,157,190
SUPER_7,3850000,273,30,38,341,141,132
SUPER_7,3860000,158,14,16,188,78,80
SUPER_7,3870000,305,32,37,374,142,163
SUPER_7,3880000,225,14,30,269,116,109
SUPER_7,3890000,1,0,0,1,0,1
SUPER_7,3900000,46,2,6,54,25,21
SUPER_7,3910000,75,5,14,94,35,40
SUPER_7,3920000,74,12,5,91,29,45
SUPER_7,3930000,79,12,2,93,36,43
SUPER_7,3940000,236,27,26,289,115,121
SUPER_7,3950000,197,13,12,222,85,112
SUPER_7,3960000,242,21,24,287,131,111
SUPER_7,3970000,315,34,33,382,161,154
SUPER_7,3980000,181,14,8,203,93,88
SUPER_7,3990000,268,20,25,313,130,138
SUPER_7,4000000,241,30,19,290,113,128
SUPER_7,4010000,273,25,25,323,144,129
SUPER_7,4020000,282,19,30,331,146,136
SUPER_7,4030000,322,31,32,385,152,170
SUPER_7,4040000,188,20,8,216,99,89
SUPER_7,4050000,199,24,8,231,91,108
SUPER_7,4060000,169,16,23,208,82,87
SUPER_7,4070000,279,28,27,334,149,130
SUPER_7,4080000,224,8,14,246,111,113
SUPER_7,4090000,200,14,17,231,100,100
SUPER_7,4100000,254,24,17,295,117,137
SUPER_7,4110000,342,33,24,399,167,175
SUPER_7,4120000,380,32,37,449,174,206
SUPER_7,4130000,304,24,27,355,149,155
SUPER_7,4140000,267,21,20,308,118,149
SUPER_7,4150000,174,14,8,196,82,92
SUPER_7,4160000,150,14,12,176,74,76
SUPER_7,4170000,220,20,19,259,106,114
SUPER_7,4180000,53,5,8,66,26,27
SUPER_7,4190000,363,40,41,444,166,197
SUPER_7,4200000,363,32,33,428,176,187
SUPER_7,4210000,292,22,29,343,135,157
SUPER_7,4220000,280,35,18,333,144,136
SUPER_7,4230000,176,12,14,202,82,94
SUPER_7,4240000,0,0,0,0,0,0
SUPER_7,4250000,0,0,0,0,0,0
SUPER_7,4260000,509,42,50,601,253,256
SUPER_7,4270000,143,19,8,170,70,73
SUPER_7,4280000,84,6,4,94,44,40
SUPER_7,4290000,337,28,38,403,160,177
SUPER_7,4300000,322,21,18,361,171,151
SUPER_7,4310000,119,14,10,143,61,58
SUPER_7,4320000,223,14,17,254,119,104
SUPER_7,4330000,214,19,20,253,111,103
SUPER_7,4340000,316,29,25,370,165,151
SUPER_7,4350000,152,13,15,180,65,87
SUPER_7,4360000,189,16,16,221,105,84
SUPER_7,4370000,302,30,22,354,133,169
SUPER_7,4380000,161,12,10,183,84,77
SUPER_7,4390000,306,38,32,376,157,149
SUPER_7,4400000,323,43,33,399,153,170
SUPER_7,4410000,271,24,27,322,131,140
SUPER_7,4420000,262,28,34,324,117,145
SUPER_7,4430000,168,15,15,198,75,93
SUPER_7,4440000,106,16,9,131,44,62
SUPER_7,4450000,278,27,16,321,148,130
SUPER_7,4460000,319,22,28,369,157,162
SUPER_7,4470000,226,25,23,274,117,109
SUPER_7,4480000,182,21,15,218,88,94
SUPER_7,4490000,204,20,20,244,104,100
SUPER_7,4500000,287,40,29,356,143,144
SUPER_7,4510000,336,25,35,396,170,166
SUPER_7,4520000,318,35,33,386,159,159
SUPER_7,4530000,271,26,21,318,120,151
SUPER_7,4540000,127,14,14,155,49,78
SUPER_7,4550000,87,11,4,102,39,48
SUPER_7,4560000,211,19,19,249,102,109
SUPER_7,4570000,274,28,27,329,126,148
SUPER_7,4580000,278,29,29,336,124,154
SUPER_7,4590000,221,23,24,268,115,106
SUPER_7,4600000,104,22,15,141,57,47
SUPER_7,4610000,155,14,16,185,87,68
SUPER_7,4620000,185,21,17,223,103,82
SUPER_7,4630000,164,20,9,193,94,70
SUPER_7,4640000,197,24,22,243,111,86
SUPER_7,4650000,268,28,30,326,123,145
SUPER_7,4660000,167,14,11,192,81,86
SUPER_7,4670000,122,9,13,144,65,57
SUPER_7,4680000,201,13,22,236,99,102
SUPER_7,4690000,161,16,11,188,72,89
SUPER_7,4700000,291,33,34,358,153,138
SUPER_7,4710000,379,20,43,442,178,201
SUPER_7,4720000,209,24,32,265,107,102
SUPER_7,4730000,292,24,39,355,140,152
SUPER_7,4740000,87,7,5,99,39,48
SUPER_7,4750000,194,23,28,245,97,97
SUPER_7,4760000,81,11,8,100,38,43
SUPER_7,4770000,248,22,22,292,138,110
SUPER_7,4780000,260,26,35,321,133,127
SUPER_7,4790000,219,20,22,261,97,122
SUPER_7,4800000,382,39,30,451,202,180
SUPER_7,4810000,283,23,23,329,146,137
SUPER_7,4820000,94,4,7,105,46,48
SUPER_7,4830000,211,17,19,247,112,99
SUPER_7,4840000,195,17,11,223,96,99
SUPER_7,4850000,332,35,36,403,147,185
SUPER_7,4860000,327,30,30,387,152,175
SUPER_7,4870000,158,16,15,189,71,87
SUPER_7,4880000,273,30,30,333,138,135
SUPER_7,4890000,61,6,3,70,35,26
SUPER_7,4900000,208,21,18,247,89,119
SUPER_7,4910000,0,1,0,1,0,0
SUPER_7,4920000,104,8,12,124,53,51
SUPER_7,4930000,185,29,22,236,89,96
SUPER_7,4940000,263,31,14,308,131,132
SUPER_7,4950000,331,26,31,388,166,165
SUPER_7,4960000,226,20,26,272,116,110
SUPER_7,4970000,59,9,4,72,34,25
SUPER_7,4980000,246,24,19,289,136,110
SUPER_7,4990000,294,17,22,333,141,153
SUPER_7,5000000,301,31,28,360,147,154
SUPER_7,5010000,25,2,4,31,16,9
SUPER_7,5020000,133,13,15,161,66,67
SUPER_7,5030000,151,18,6,175,82,69
SUPER_7,5040000,80,5,2,87,47,33
SUPER_7,5050000,157,10,11,178,83,74
SUPER_7,5060000,304,26,23,353,153,151
SUPER_7,5070000,310,23,26,359,165,145
SUPER_7,5080000,72,7,4,83,36,36
SUPER_7,5090000,281,35,21,337,137,144
SUPER_7,5100000,301,21,20,342,141,160
SUPER_7,5110000,152,25,18,195,79,73
SUPER_7,5120000,332,38,34,404,151,181
SUPER_7,5130000,131,14,11,156,74,57
SUPER_7,5140000,190,9,19,218,109,81
SUPER_7,5150000,302,28,22,352,150,152
SUPER_7,5160000,359,33,35,427,180,179
SUPER_7,5170000,323,34,33,390,145,178
SUPER_7,5180000,239,28,25,292,110,129
SUPER_7,5190000,288,31,24,343,141,147
SUPER_7,5200000,198,21,19,238,88,110
SUPER_7,5210000,283,31,23,337,142,141
SUPER_7,5220000,272,27,26,325,127,145
SUPER_7,5230000,266,22,22,310,116,150
SUPER_7,5240000,328,28,28,384,174,154
SUPER_7,5250000,252,28,28,308,117,135
SUPER_7,5260000,160,21,27,208,78,82
SUPER_7,5270000,242,21,30,293,124,118
SUPER_7,5280000,335,18,21,374,189,146
SUPER_7,5290000,302,30,25,357,146,156
SUPER_7,5300000,226,14,24,264,118,108
SUPER_7,5310000,188,17,13,218,92,96
SUPER_7,5320000,197,16,20,233,95,102
SUPER_7,5330000,247,22,21,290,120,127
SUPER_7,5340000,291,22,16,329,140,151
SUPER_7,5350000,290,21,28,339,139,151
SUPER_7,5360000,270,26,22,318,118,152
SUPER_7,5370000,338,50,43,431,168,170
SUPER_7,5380000,291,27,26,344,149,142
SUPER_7,5390000,157,11,14,182,73,84
SUPER_7,5400000,167,15,20,202,89,78
SUPER_7,5410000,180,21,18,219,85,95
SUPER_7,5420000,154,17,14,185,74,80
SUPER_7,5430000,156,19,13,188,76,80
SUPER_7,5440000,111,11,13,135,57,54
SUPER_7,5450000,222,23,27,272,104,118
SUPER_7,5460000,223,26,30,279,95,128
SUPER_7,5470000,278,28,21,327,120,158
SUPER_7,5480000,279,21,25,325,122,157
SUPER_7,5490000,358,31,25,414,158,200
SUPER_7,5500000,191,14,20,225,100,91
SUPER_7,5510000,401,33,30,464,186,215
SUPER_7,5520000,199,18,20,237,98,101
SUPER_7,5530000,313,28,32,373,161,152
SUPER_7,5540000,236,24,27,287,121,115
SUPER_7,5550000,256,29,18,303,125,131
SUPER_7,5560000,162,13,10,185,81,81
SUPER_7,5570000,170,12,9,191,98,72
SUPER_7,5580000,290,22,26,338,137,153
SUPER_7,5590000,310,31,33,374,151,159
SUPER_7,5600000,303,40,21,364,136,167
SUPER_7,5610000,312,32,18,362,156,156
SUPER_7,5620000,271,28,45,344,135,136
SUPER_7,5630000,226,15,29,270,110,116
SUPER_7,5640000,336,31,34,401,164,172
SUPER_7,5650000,229,19,24,272,116,113
SUPER_7,5660000,303,26,21,350,143,160
SUPER_7,5670000,209,18,19,246,116,93
SUPER_7,5680000,63,6,7,76,27,36
SUPER_7,5690000,259,31,23,313,135,124
SUPER_7,5700000,377,41,50,468,159,218
SUPER_7,5710000,370,26,44,440,173,197
SUPER_7,5720000,154,15,12,181,62,92
SUPER_7,5730000,120,14,12,146,61,59
SUPER_7,5740000,358,26,43,427,157,201
SUPER_7,5750000,228,23,15,266,97,131
SUPER_7,5760000,254,27,20,301,115,139
SUPER_7,5770000,275,26,25,326,136,139
SUPER_7,5780000,309,26,30,365,132,177
SUPER_7,5790000,180,16,10,206,82,98
SUPER_7,5800000,264,36,30,330,140,124
SUPER_7,5810000,81,5,7,93,41,40
SUPER_7,5820000,79,6,9,94,44,35
SUPER_7,5830000,97,16,6,119,47,50
SUPER_7,5840000,143,11,12,166,82,61
SUPER_7,5850000,195,21,14,230,109,86
SUPER_7,5860000,309,40,28,377,146,163
SUPER_7,5870000,212,31,20,263,105,107
SUPER_7,5880000,259,28,16,303,132,127
SUPER_7,5890000,195,25,10,230,89,106
SUPER_7,5900000,159,11,17,187,90,69
SUPER_7,5910000,296,26,23,345,146,150
SUPER_7,5920000,196,20,25,241,82,114
SUPER_7,5930000,259,33,34,326,146,113
SUPER_7,5940000,290,32,28,350,147,143
SUPER_7,5950000,279,28,27,334,118,161
SUPER_7,5960000,330,25,38,393,168,162
SUPER_7,5970000,292,26,29,347,144,148
SUPER_7,5980000,196,16,17,229,112,84
SUPER_7,5990000,163,30,24,217,84,79
SUPER_7,6000000,95,13,11,119,45,50
SUPER_7,6010000,230,26,19,275,115,115
SUPER_7,6020000,267,29,33,329,127,140
SUPER_7,6030000,345,42,42,429,154,191
SUPER_7,6040000,322,30,34,386,147,175
SUPER_7,6050000,258,25,28,311,136,122
SUPER_7,6060000,248,28,28,304,124,124
SUPER_7,6070000,303,32,27,362,151,152
SUPER_7,6080000,226,28,21,275,97,129
SUPER_7,6090000,224,29,13,266,108,116
SUPER_7,6100000,104,9,15,128,59,45
SUPER_7,6110000,160,16,15,191,72,88
SUPER_7,6120000,140,16,13,169,66,74
SUPER_7,6130000,155,12,9,176,73,82
SUPER_7,6140000,205,18,14,237,110,95
SUPER_7,6150000,247,20,27,294,113,134
SUPER_7,6160000,26,4,5,35,9,17
SUPER_7,6170000,245,25,20,290,116,129
SUPER_7,6180000,245,22,26,293,122,123
SUPER_7,6190000,129,11,16,156,62,67
SUPER_7,6200000,303,25,21,349,158,145
SUPER_7,6210000,176,17,11,204,86,90
SUPER_7,6220000,255,25,27,307,128,127
SUPER_7,6230000,211,25,23,259,101,110
SUPER_7,6240000,208,13,21,242,98,110
SUPER_7,6250000,199,21,27,247,86,113
SUPER_7,6260000,230,25,24,279,97,133
SUPER_7,6270000,217,19,15,251,110,107
SUPER_7,6280000,139,6,11,156,76,63
SUPER_7,6290000,135,7,10,152,64,71
SUPER_7,6300000,186,20,23,229,96,90
SUPER_7,6310000,140,13,16,169,66,74
SUPER_7,6320000,312,31,40,383,145,167
SUPER_7,6330000,259,25,35,319,120,139
SUPER_7,6340000,159,23,12,194,65,94
SUPER_7,6350000,64,9,6,79,29,35
SUPER_7,6360000,215,18,24,257,102,113
SUPER_7,6370000,197,27,18,242,94,103
SUPER_7,6380000,253,33,23,309,128,125
SUPER_7,6390000,248,28,25,301,125,123
SUPER_7,6400000,156,22,13,191,81,75
SUPER_7,6410000,103,13,16,132,48,55
SUPER_7,6420000,212,21,17,250,117,95
SUPER_7,6430000,250,29,28,307,114,136
SUPER_7,6440000,140,14,10,164,68,72
SUPER_7,6450000,105,10,13,128,57,48
SUPER_7,6460000,173,13,13,199,75,98
SUPER_7,6470000,208,24,23,255,111,97
SUPER_7,6480000,172,19,18,209,82,90
SUPER_7,6490000,177,15,21,213,87,90
SUPER_7,6500000,135,13,7,155,69,66
SUPER_7,6510000,175,19,12,206,87,88
SUPER_7,6520000,65,17,7,89,29,36
SUPER_7,6530000,66,9,11,86,31,35
SUPER_7,6540000,119,11,7,137,63,56
SUPER_7,6550000,108,13,8,129,54,54
SUPER_7,6560000,130,20,16,166,66,64
SUPER_7,6570000,104,11,7,122,56,48
SUPER_7,6580000,97,11,9,117,53,44
SUPER_7,6590000,119,4,9,132,64,55
SUPER_7,6600000,100,10,4,114,49,51
SUPER_7,6610000,33,2,2,37,22,11
SUPER_7,6620000,79,7,6,92,35,44
SUPER_7,6630000,95,6,14,115,39,56
SUPER_7,6640000,124,9,10,143,51,73
SUPER_7,6650000,132,16,11,159,53,79
SUPER_7,6660000,123,12,15,150,60,63
SUPER_7,6670000,79,4,11,94,30,49
SUPER_7,6680000,109,13,10,132,53,56
SUPER_7,6690000,91,2,10,103,49,42
SUPER_7,6700000,60,6,8,74,31,29
SUPER_7,6710000,85,9,6,100,47,38
SUPER_7,6720000,109,10,12,131,46,63
SUPER_7,6730000,169,21,19,209,81,88
SUPER_7,6740000,83,12,10,105,44,39
SUPER_7,6750000,121,11,14,146,59,62
SUPER_7,6760000,148,16,17,181,67,81
SUPER_7,6770000,165,20,19,204,79,86
SUPER_7,6780000,119,8,15,142,69,50
SUPER_7,6790000,78,11,10,99,38,40
SUPER_7,6800000,70,12,11,93,44,26
SUPER_7,6810000,149,19,14,182,55,94
SUPER_7,6820000,203,20,19,242,97,106
SUPER_7,6830000,104,12,7,123,58,46
SUPER_7,6840000,70,8,12,90,32,38
SUPER_7,6850000,87,5,9,101,51,36
SUPER_7,6860000,59,6,5,70,33,26
SUPER_7,6870000,156,14,12,182,81,75
SUPER_7,6880000,195,18,16,229,94,101
SUPER_7,6890000,97,15,11,123,36,61
SUPER_7,6900000,135,18,13,166,59,76
SUPER_7,6910000,198,14,21,233,102,96
SUPER_7,6920000,139,13,14,166,64,75
SUPER_7,6930000,122,7,9,138,72,50
SUPER_7,6940000,100,6,9,115,52,48
SUPER_7,6950000,101,12,17,130,50,51
SUPER_7,6960000,64,7,4,75,34,30
SUPER_7,6970000,97,12,10,119,44,53
SUPER_7,6980000,138,14,16,168,55,83
SUPER_7,6990000,103,14,10,127,40,63
SUPER_7,7000000,126,15,13,154,53,73
SUPER_7,7010000,3,0,0,3,2,1
SUPER_7,7020000,1,0,0,1,1,0
SUPER_7,7030000,1,0,0,1,0,1
SUPER_7,7040000,47,5,7,59,21,26
SUPER_7,7050000,78,16,11,105,42,36
SUPER_7,7060000,46,4,11,61,27,19
SUPER_7,7070000,60,5,3,68,29,31
SUPER_7,7080000,45,5,6,56,25,20
SUPER_7,7090000,39,3,1,43,17,22
SUPER_7,7100000,173,16,18,207,88,85
SUPER_7,7110000,140,13,12,165,64,76
SUPER_7,7120000,180,11,11,202,86,94
SUPER_7,7130000,277,19,21,317,140,137
SUPER_7,7140000,97,8,8,113,57,40
SUPER_7,7150000,98,8,10,116,44,54
SUPER_7,7160000,102,11,11,124,49,53
SUPER_7,7170000,105,12,18,135,48,57
SUPER_7,7180000,29,4,4,37,18,11
SUPER_7,7190000,17,1,2,20,12,5
SUPER_7,7200000,29,0,2,31,16,13
SUPER_7,7210000,28,5,2,35,12,16
SUPER_7,7220000,27,2,1,30,13,14
SUPER_7,7230000,47,3,2,52,30,17
SUPER_7,7240000,61,8,6,75,29,32
SUPER_7,7250000,39,3,3,45,20,19
SUPER_7,7260000,43,5,5,53,22,21
SUPER_7,7270000,103,13,19,135,47,56
SUPER_7,7280000,105,8,8,121,47,58
SUPER_7,7290000,45,4,5,54,23,22
SUPER_7,7300000,122,10,11,143,52,70
SUPER_7,7310000,112,7,13,132,65,47
SUPER_7,7320000,144,17,18,179,71,73
SUPER_7,7330000,109,14,8,131,63,46
SUPER_7,7340000,199,21,21,241,96,103
SUPER_7,7350000,86,8,8,102,43,43
SUPER_7,7360000,76,8,12,96,40,36
SUPER_7,7370000,100,13,12,125,48,52
SUPER_7,7380000,153,6,15,174,74,79
SUPER_7,7390000,54,11,7,72,20,34
SUPER_7,7400000,58,7,7,72,27,31
SUPER_7,7410000,81,11,10,102,38,43
SUPER_7,7420000,37,5,5,47,19,18
SUPER_7,7430000,178,13,23,214,80,98
SUPER_7,7440000,156,12,12,180,81,75
SUPER_7,7450000,112,11,8,131,47,65
SUPER_7,7460000,251,26,21,298,120,131
SUPER_7,7470000,176,23,25,224,85,91
SUPER_7,7480000,206,12,15,233,94,112
SUPER_7,7490000,266,28,27,321,115,151
SUPER_7,7500000,189,25,22,236,96,93
SUPER_7,7510000,191,20,18,229,100,91
SUPER_7,7520000,170,18,25,213,92,78
SUPER_7,7530000,125,4,10,139,72,53
SUPER_7,7540000,194,10,11,215,107,87
SUPER_7,7550000,160,14,21,195,74,86
SUPER_7,7560000,134,13,11,158,56,78
SUPER_7,7570000,211,22,14,247,102,109
SUPER_7,7580000,203,26,31,260,111,92
SUPER_7,7590000,180,19,19,218,88,92
SUPER_7,7600000,290,29,25,344,136,154
SUPER_7,7610000,100,8,11,119,50,50
SUPER_7,7620000,172,25,14,211,83,89
SUPER_7,7630000,121,8,13,142,50,71
SUPER_7,7640000,114,11,17,142,57,57
SUPER_7,7650000,193,19,20,232,104,89
SUPER_7,7660000,153,13,8,174,77,76
SUPER_7,7670000,172,14,15,201,90,82
SUPER_7,7680000,180,15,28,223,80,100
SUPER_7,7690000,139,12,19,170,61,78
SUPER_7,7700000,181,18,22,221,86,95
SUPER_7,7710000,213,31,21,265,98,115
SUPER_7,7720000,130,8,13,151,59,71
SUPER_7,7730000,184,36,28,248,82,102
SUPER_7,7740000,229,12,18,259,123,106
SUPER_7,7750000,164,14,12,190,75,89
SUPER_7,7760000,209,25,17,251,100,109
SUPER_7,7770000,42,4,3,49,21,21
SUPER_7,7780000,71,12,10,93,34,37
SUPER_7,7790000,139,13,12,164,68,71
SUPER_7,7800000,204,25,17,246,103,101
SUPER_7,7810000,124,15,10,149,73,51
SUPER_7,7820000,268,31,20,319,143,125
SUPER_7,7830000,45,0,1,46,24,21
SUPER_7,7840000,1,0,0,1,0,1
SUPER_7,7850000,14,2,5,21,4,10
SUPER_7,7860000,86,10,13,109,36,50
SUPER_7,7870000,254,22,30,306,112,142
SUPER_7,7880000,195,31,21,247,85,110
SUPER_7,7890000,127,11,14,152,66,61
SUPER_7,7900000,183,23,19,225,98,85
SUPER_7,7910000,185,28,14,227,96,89
SUPER_7,7920000,35,4,2,41,22,13
SUPER_7,7930000,158,8,13,179,79,79
SUPER_7,7940000,152,16,20,188,72,80
SUPER_7,7950000,162,21,7,190,71,91
SUPER_7,7960000,167,19,17,203,84,83
SUPER_7,7970000,204,24,17,245,104,100
SUPER_7,7980000,181,13,18,212,90,91
SUPER_7,7990000,258,33,16,307,138,120
SUPER_7,8000000,117,10,6,133,56,61
SUPER_7,8010000,272,22,24,318,139,133
SUPER_7,8020000,276,20,18,314,143,133
SUPER_7,8030000,254,19,29,302,107,147
SUPER_7,8040000,229,31,25,285,120,109
SUPER_7,8050000,104,13,11,128,54,50
SUPER_7,8060000,137,8,12,157,67,70
SUPER_7,8070000,127,10,13,150,50,77
SUPER_7,8080000,109,21,8,138,53,56
SUPER_7,8090000,106,11,10,127,55,51
SUPER_7,8100000,230,17,24,271,139,91
SUPER_7,8110000,253,23,30,306,120,133
SUPER_7,8120000,162,18,16,196,75,87
SUPER_7,8130000,231,28,17,276,102,129
SUPER_7,8140000,195,19,26,240,106,89
SUPER_7,8150000,106,12,9,127,47,59
SUPER_7,8160000,145,16,14,175,65,80
SUPER_7,8170000,206,16,16,238,98,108
SUPER_7,8180000,168,19,16,203,89,79
SUPER_7,8190000,0,0,0,0,0,0
SUPER_7,8200000,0,0,0,0,0,0
SUPER_7,8210000,0,0,0,0,0,0
SUPER_7,8220000,0,0,0,0,0,0
SUPER_7,8230000,104,9,11,124,55,49
SUPER_7,8240000,0,0,0,0,0,0
SUPER_7,8250000,0,0,0,0,0,0
SUPER_7,8260000,14,1,4,19,10,4
SUPER_7,8270000,149,21,12,182,65,84
SUPER_7,8280000,169,16,17,202,87,82
SUPER_7,8290000,199,22,21,242,91,108
SUPER_7,8300000,177,18,15,210,89,88
SUPER_7,8310000,14,3,2,19,6,8
SUPER_7,8320000,87,8,12,107,43,44
SUPER_7,8330000,185,14,25,224,89,96
SUPER_7,8340000,96,5,10,111,46,50
SUPER_7,8350000,243,26,25,294,111,132
SUPER_7,8360000,167,15,15,197,78,89
SUPER_7,8370000,62,8,4,74,35,27
SUPER_7,8380000,206,19,8,233,101,105
SUPER_7,8390000,260,19,24,303,122,138
SUPER_7,8400000,145,17,16,178,74,71
SUPER_7,8410000,182,15,18,215,82,100
SUPER_7,8420000,176,26,8,210,86,90
SUPER_7,8430000,80,15,8,103,40,40
SUPER_7,8440000,157,11,5,173,87,70
SUPER_7,8450000,166,19,21,206,81,85
SUPER_7,8460000,223,19,22,264,105,118
SUPER_7,8470000,264,16,21,301,135,129
SUPER_7,8480000,292,29,33,354,139,153
SUPER_7,8490000,138,10,8,156,71,67
SUPER_7,8500000,155,14,14,183,77,78
SUPER_7,8510000,123,7,11,141,62,61
SUPER_7,8520000,107,12,9,128,56,51
SUPER_7,8530000,138,19,17,174,66,72
SUPER_7,8540000,119,8,11,138,54,65
SUPER_7,8550000,102,6,10,118,52,50
SUPER_7,8560000,65,2,10,77,41,24
SUPER_7,8570000,208,34,24,266,103,105
SUPER_7,8580000,114,14,9,137,45,69
SUPER_7,8590000,164,16,19,199,79,85
SUPER_7,8600000,145,15,12,172,81,64
SUPER_7,8610000,94,9,13,116,48,46
SUPER_7,8620000,122,13,14,149,74,48
SUPER_7,8630000,164,13,18,195,78,86
SUPER_7,8640000,67,9,7,83,33,34
SUPER_7,8650000,226,19,25,270,115,111
SUPER_7,8660000,183,26,18,227,75,108
SUPER_7,8670000,179,8,22,209,96,83
SUPER_7,8680000,165,13,13,191,80,85
SUPER_7,8690000,206,19,15,240,94,112
SUPER_7,8700000,338,31,30,399,166,172
SUPER_7,8710000,202,21,14,237,113,89
SUPER_7,8720000,183,18,16,217,96,87
SUPER_7,8730000,70,2,6,78,45,25
SUPER_7,8740000,195,15,22,232,103,92
SUPER_7,8750000,209,17,17,243,96,113
SUPER_7,8760000,246,24,33,303,102,144
SUPER_7,8770000,267,24,26,317,130,137
SUPER_7,8780000,223,18,24,265,103,120
SUPER_7,8790000,220,23,21,264,108,112
SUPER_7,8800000,233,25,19,277,117,116
SUPER_7,8810000,225,20,15,260,113,112
SUPER_7,8820000,197,19,17,233,92,105
SUPER_7,8830000,337,32,26,395,163,174
SUPER_7,8840000,258,33,14,305,120,138
SUPER_7,8850000,331,24,32,387,166,165
SUPER_7,8860000,50,10,3,63,24,26
SUPER_7,8870000,24,2,4,30,8,16
SUPER_7,8880000,166,12,14,192,85,81
SUPER_7,8890000,132,11,8,151,75,57
SUPER_7,8900000,309,23,31,363,154,155
SUPER_7,8910000,256,27,20,303,128,128
SUPER_7,8920000,160,27,14,201,84,76
SUPER_7,8930000,159,15,15,189,82,77
SUPER_7,8940000,327,31,24,382,166,161
SUPER_7,8950000,213,29,20,262,104,109
SUPER_7,8960000,280,25,23,328,134,146
SUPER_7,8970000,205,21,23,249,89,116
SUPER_7,8980000,256,26,26,308,121,135
SUPER_7,8990000,102,13,10,125,53,49
SUPER_7,9000000,257,37,24,318,120,137
SUPER_7,9010000,207,21,19,247,98,109
SUPER_7,9020000,236,21,19,276,108,128
SUPER_7,9030000,195,23,15,233,96,99
SUPER_7,9040000,224,19,19,262,113,111
SUPER_7,9050000,319,22,36,377,139,180
SUPER_7,9060000,270,23,28,321,122,148
SUPER_7,9070000,344,26,36,406,175,169
SUPER_7,9080000,320,21,35,376,157,163
SUPER_7,9090000,134,13,12,159,69,65
SUPER_7,9100000,187,16,16,219,103,84
SUPER_7,9110000,1,0,0,1,1,0
SUPER_7,9120000,94,12,7,113,48,46
SUPER_7,9130000,104,12,3,119,46,58
SUPER_7,9140000,238,21,21,280,125,113
SUPER_7,9150000,191,15,22,228,100,91
SUPER_7,9160000,236,18,21,275,117,119
SUPER_7,9170000,219,29,21,269,103,116
SUPER_7,9180000,143,26,13,182,49,94
SUPER_7,9190000,137,17,13,167,69,68
SUPER_7,9200000,143,15,12,170,59,84
SUPER_7,9210000,190,25,16,231,91,99
SUPER_7,9220000,220,19,19,258,116,104
SUPER_7,9230000,256,19,18,293,120,136
SUPER_7,9240000,201,17,18,236,98,103
SUPER_7,9250000,145,8,14,167,61,84
SUPER_7,9260000,172,20,16,208,77,95
SUPER_7,9270000,109,11,6,126,54,55
SUPER_7,9280000,102,9,9,120,46,56
SUPER_7,9290000,119,13,18,150,64,55
SUPER_7,9300000,127,12,11,150,63,64
SUPER_7,9310000,144,11,11,166,75,69
SUPER_7,9320000,89,12,7,108,39,50
SUPER_7,9330000,97,8,16,121,53,44
SUPER_7,9340000,130,11,4,145,74,56
SUPER_7,9350000,79,6,6,91,35,44
SUPER_7,9360000,88,3,6,97,44,44
SUPER_7,9370000,128,12,9,149,64,64
SUPER_7,9380000,95,10,8,113,45,50
SUPER_7,9390000,94,8,10,112,46,48
SUPER_7,9400000,150,10,14,174,72,78
SUPER_7,9410000,114,11,5,130,62,52
SUPER_7,9420000,119,7,13,139,50,69
SUPER_7,9430000,114,18,14,146,64,50
SUPER_7,9440000,108,11,8,127,62,46
SUPER_7,9450000,59,9,6,74,26,33
SUPER_7,9460000,49,11,8,68,31,18
SUPER_7,9470000,161,20,17,198,77,84
SUPER_7,9480000,265,27,20,312,138,127
SUPER_7,9490000,267,20,21,308,144,123
SUPER_7,9500000,228,19,23,270,111,117
SUPER_7,9510000,301,24,27,352,133,168
SUPER_7,9520000,181,20,25,226,89,92
SUPER_7,9530000,197,14,26,237,84,113
SUPER_7,9540000,212,21,19,252,98,114
SUPER_7,9550000,141,17,17,175,71,70
SUPER_7,9560000,163,17,13,193,72,91
SUPER_7,9570000,451,45,50,546,221,230
SUPER_7,9580000,281,31,25,337,122,159
SUPER_7,9590000,239,19,24,282,120,119
SUPER_7,9600000,70,12,7,89,41,29
SUPER_7,9610000,212,28,26,266,111,101
SUPER_7,9620000,167,14,18,199,83,84
SUPER_7,9630000,238,27,12,277,128,110
SUPER_7,9640000,160,14,12,186,73,87
SUPER_7,9650000,216,27,17,260,104,112
SUPER_7,9660000,347,26,29,402,137,210
SUPER_7,9670000,301,34,23,358,159,142
SUPER_7,9680000,320,30,39,389,169,151
SUPER_7,9690000,313,30,31,374,154,159
SUPER_7,9700000,311,17,30,358,156,155
SUPER_7,9710000,373,23,27,423,187,186
SUPER_7,9720000,295,36,19,350,154,141
SUPER_7,9730000,245,33,38,316,116,129
SUPER_7,9740000,224,19,20,263,103,121
SUPER_7,9750000,191,17,23,231,110,81
SUPER_7,9760000,113,9,8,130,48,65
SUPER_7,9770000,186,22,18,226,104,82
SUPER_7,9780000,271,24,28,323,145,126
SUPER_7,9790000,207,29,23,259,100,107
SUPER_7,9800000,263,31,24,318,113,150
SUPER_7,9810000,327,24,34,385,142,185
SUPER_7,9820000,352,32,29,413,179,173
SUPER_7,9830000,327,36,42,405,158,169
SUPER_7,9840000,262,21,23,306,129,133
SUPER_7,9850000,274,24,24,322,127,147
SUPER_7,9860000,149,18,13,180,72,77
SUPER_7,9870000,496,44,47,587,253,243
SUPER_7,9880000,166,17,19,202,75,91
SUPER_7,9890000,276,23,35,334,135,141
SUPER_7,9900000,340,30,28,398,170,170
SUPER_7,9910000,207,8,19,234,100,107
SUPER_7,9920000,77,9,4,90,50,27
SUPER_7,9930000,203,25,23,251,86,117
SUPER_7,9940000,386,36,48,470,181,205
SUPER_7,9950000,295,26,21,342,163,132
SUPER_7,9960000,295,25,30,350,146,149
SUPER_7,9970000,300,23,18,341,129,171
SUPER_7,9980000,382,32,28,442,189,193
SUPER_7,9990000,253,25,23,301,119,134
SUPER_7,10000000,299,34,17,350,154,145
SUPER_7,10010000,127,11,7,145,68,59
SUPER_7,10020000,230,30,18,278,116,114
SUPER_7,10030000,291,28,24,343,152,139
SUPER_7,10040000,241,27,24,292,109,132
SUPER_7,10050000,322,23,24,369,172,150
SUPER_7,10060000,184,16,18,218,91,93
SUPER_7,10070000,24,2,4,30,10,14
SUPER_7,10080000,358,28,36,422,192,166
SUPER_7,10090000,237,27,12,276,126,111
SUPER_7,10100000,268,22,28,318,146,122
SUPER_7,10110000,256,26,30,312,137,119
SUPER_7,10120000,293,23,30,346,163,130
SUPER_7,10130000,148,13,17,178,75,73
SUPER_7,10140000,260,33,18,311,140,120
SUPER_7,10150000,185,15,12,212,95,90
SUPER_7,10160000,204,16,12,232,105,99
SUPER_7,10170000,320,34,29,383,151,169
SUPER_7,10180000,321,31,23,375,155,166
SUPER_7,10190000,269,21,27,317,141,128
SUPER_7,10200000,264,29,21,314,134,130
SUPER_7,10210000,284,22,28,334,146,138
SUPER_7,10220000,276,38,23,337,144,132
SUPER_7,10230000,224,15,21,260,108,116
SUPER_7,10240000,249,22,22,293,112,137
SUPER_7,10250000,249,24,29,302,118,131
SUPER_7,10260000,312,21,33,366,165,147
SUPER_7,10270000,238,15,16,269,110,128
SUPER_7,10280000,264,23,26,313,132,132
SUPER_7,10290000,181,26,12,219,98,83
SUPER_7,10300000,282,24,27,333,142,140
SUPER_7,10310000,183,20,17,220,88,95
SUPER_7,10320000,229,25,18,272,116,113
SUPER_7,10330000,158,18,15,191,69,89
SUPER_7,10340000,283,25,25,333,150,133
SUPER_7,10350000,283,23,34,340,157,126
SUPER_7,10360000,218,23,26,267,101,117
SUPER_7,10370000,127,8,11,146,57,70
SUPER_7,10380000,163,10,15,188,90,73
SUPER_7,10390000,133,13,6,152,66,67
SUPER_7,10400000,262,21,24,307,123,139
SUPER_7,10410000,148,18,19,185,60,88
SUPER_7,10420000,247,24,24,295,120,127
SUPER_7,10430000,231,25,23,279,106,125
SUPER_7,10440000,298,30,33,361,144,154
SUPER_7,10450000,215,19,26,260,102,113
SUPER_7,10460000,350,38,25,413,155,195
SUPER_7,10470000,183,11,18,212,92,91
SUPER_7,10480000,306,27,22,355,135,171
SUPER_7,10490000,209,30,16,255,102,107
SUPER_7,10500000,289,28,30,347,127,162
SUPER_7,10510000,355,32,34,421,181,174
SUPER_7,10520000,295,25,29,349,134,161
SUPER_7,10530000,316,22,21,359,171,145
SUPER_7,10540000,147,13,17,177,71,76
SUPER_7,10550000,95,9,9,113,51,44
SUPER_7,10560000,212,15,14,241,99,113
SUPER_7,10570000,193,10,10,213,99,94
SUPER_7,10580000,239,24,20,283,126,113
SUPER_7,10590000,151,13,21,185,78,73
SUPER_7,10600000,330,34,27,391,158,172
SUPER_7,10610000,290,25,29,344,146,144
SUPER_7,10620000,262,26,32,320,119,143
SUPER_7,10630000,287,25,25,337,147,140
SUPER_7,10640000,303,36,23,362,140,163
SUPER_7,10650000,266,31,15,312,140,126
SUPER_7,10660000,285,25,14,324,133,152
SUPER_7,10670000,343,38,33,414,173,170
SUPER_7,10680000,296,32,30,358,144,152
SUPER_7,10690000,251,24,28,303,115,136
SUPER_7,10700000,164,20,12,196,83,81
SUPER_7,10710000,262,27,33,322,139,123
SUPER_7,10720000,212,21,11,244,113,99
SUPER_7,10730000,278,38,29,345,131,147
SUPER_7,10740000,246,32,15,293,123,123
SUPER_7,10750000,305,18,31,354,172,133
SUPER_7,10760000,297,39,27,363,139,158
SUPER_7,10770000,181,13,13,207,85,96
SUPER_7,10780000,270,18,28,316,140,130
SUPER_7,10790000,281,26,21,328,147,134
SUPER_7,10800000,310,22,20,352,157,153
SUPER_7,10810000,125,17,13,155,60,65
SUPER_7,10820000,266,27,20,313,148,118
SUPER_7,10830000,214,16,15,245,98,116
SUPER_7,10840000,116,10,15,141,63,53
SUPER_7,10850000,249,18,30,297,124,125
SUPER_7,10860000,341,19,25,385,174,167
SUPER_7,10870000,159,17,20,196,80,79
SUPER_7,10880000,213,28,25,266,96,117
SUPER_7,10890000,146,17,11,174,67,79
SUPER_7,10900000,260,29,29,318,110,150
SUPER_7,10910000,342,43,35,420,171,171
SUPER_7,10920000,314,33,25,372,157,157
SUPER_7,10930000,107,7,13,127,54,53
SUPER_7,10940000,0,0,0,0,0,0
SUPER_7,10950000,0,0,0,0,0,0
SUPER_7,10960000,7,1,2,10,2,5
SUPER_7,10970000,123,15,10,148,70,53
SUPER_7,10980000,294,20,29,343,150,144
SUPER_7,10990000,46,5,4,55,21,25
SUPER_7,11000000,306,31,22,359,151,155
SUPER_7,11010000,363,36,35,434,183,180
SUPER_7,11020000,327,33,38,398,146,181
SUPER_7,11030000,248,25,23,296,114,134
SUPER_7,11040000,348,30,34,412,164,184
SUPER_7,11050000,313,34,20,367,131,182
SUPER_7,11060000,205,15,22,242,80,125
SUPER_7,11070000,317,32,27,376,171,146
SUPER_7,11080000,365,32,35,432,179,186
SUPER_7,11090000,133,13,5,151,62,71
SUPER_7,11100000,233,22,17,272,118,115
SUPER_7,11110000,320,33,31,384,150,170
SUPER_7,11120000,284,33,24,341,142,142
SUPER_7,11130000,231,35,28,294,104,127
SUPER_7,11140000,337,27,29,393,167,170
SUPER_7,11150000,324,20,44,388,168,156
SUPER_7,11160000,295,17,29,341,155,140
SUPER_7,11170000,314,33,30,377,139,175
SUPER_7,11180000,327,36,29,392,160,167
SUPER_7,11190000,351,38,36,425,168,183
SUPER_7,11200000,271,21,24,316,130,141
SUPER_7,11210000,139,17,14,170,76,63
SUPER_7,11220000,266,25,35,326,132,134
SUPER_7,11230000,307,33,23,363,135,172
SUPER_7,11240000,308,24,26,358,148,160
SUPER_7,11250000,221,23,17,261,108,113
SUPER_7,11260000,74,5,7,86,40,34
SUPER_7,11270000,255,16,26,297,122,133
SUPER_7,11280000,205,22,26,253,94,111
SUPER_7,11290000,213,25,21,259,97,116
SUPER_7,11300000,67,6,8,81,37,30
SUPER_7,11310000,225,25,16,266,107,118
SUPER_7,11320000,251,29,30,310,110,141
SUPER_7,11330000,174,16,22,212,91,83
SUPER_7,11340000,151,6,14,171,87,64
SUPER_7,11350000,207,21,15,243,98,109
SUPER_7,11360000,251,23,26,300,124,127
SUPER_7,11370000,256,21,18,295,149,107
SUPER_7,11380000,276,25,26,327,132,144
SUPER_7,11390000,256,20,24,300,130,126
SUPER_7,11400000,245,30,18,293,135,110
SUPER_7,11410000,212,20,21,253,107,105
SUPER_7,11420000,322,26,22,370,156,166
SUPER_7,11430000,195,14,19,228,103,92
SUPER_7,11440000,276,35,21,332,142,134
SUPER_7,11450000,237,15,33,285,117,120
SUPER_7,11460000,238,19,26,283,122,116
SUPER_7,11470000,315,30,39,384,166,149
SUPER_7,11480000,194,13,20,227,91,103
SUPER_7,11490000,169,19,18,206,87,82
SUPER_7,11500000,254,23,19,296,128,126
SUPER_7,11510000,275,21,19,315,130,145
SUPER_7,11520000,115,6,8,129,59,56
SUPER_7,11530000,277,34,31,342,141,136
SUPER_7,11540000,251,16,23,290,125,126
SUPER_7,11550000,328,33,24,385,151,177
SUPER_7,11560000,338,25,27,390,160,178
SUPER_7,11570000,345,30,33,408,161,184
SUPER_7,11580000,269,29,23,321,138,131
SUPER_7,11590000,266,20,26,312,125,141
SUPER_7,11600000,49,3,4,56,24,25
SUPER_7,11610000,323,31,24,378,170,153
SUPER_7,11620000,343,38,28,409,152,191
SUPER_7,11630000,40,3,4,47,20,20
SUPER_7,11640000,59,3,3,65,36,23
SUPER_7,11650000,180,13,16,209,89,91
SUPER_7,11660000,273,31,25,329,111,162
SUPER_7,11670000,279,33,28,340,144,135
SUPER_7,11680000,98,13,9,120,53,45
SUPER_7,11690000,85,12,6,103,42,43
SUPER_7,11700000,310,25,23,358,142,168
SUPER_7,11710000,431,51,33,515,206,225
SUPER_7,11720000,287,41,34,362,152,135
SUPER_7,11730000,243,32,24,299,109,134
SUPER_7,11740000,163,14,23,200,68,95
SUPER_7,11750000,178,16,16,210,96,82
SUPER_7,11760000,223,17,17,257,117,106
SUPER_7,11770000,246,29,23,298,137,109
SUPER_7,11780000,241,31,24,296,119,122
SUPER_7,11790000,206,22,26,254,103,103
SUPER_7,11800000,246,26,16,288,125,121
SUPER_7,11810000,12,1,2,15,5,7
SUPER_7,11820000,158,17,20,195,72,86
SUPER_7,11830000,280,16,21,317,128,152
SUPER_7,11840000,276,29,24,329,134,142
SUPER_7,11850000,434,49,56,539,196,238
SUPER_7,11860000,182,26,16,224,83,99
SUPER_7,11870000,320,32,36,388,152,168
SUPER_7,11880000,286,21,28,335,132,154
SUPER_7,11890000,355,34,38,427,180,175
SUPER_7,11900000,126,12,14,152,57,69
SUPER_7,11910000,281,29,33,343,142,139
SUPER_7,11920000,367,36,35,438,176,191
SUPER_7,11930000,269,26,26,321,122,147
SUPER_7,11940000,279,21,31,331,145,134
SUPER_7,11950000,399,35,35,469,202,197
SUPER_7,11960000,354,31,41,426,170,184
SUPER_7,11970000,274,28,26,328,142,132
SUPER_7,11980000,156,17,14,187,85,71
SUPER_7,11990000,378,36,24,438,174,204
SUPER_7,12000000,287,28,33,348,150,137
SUPER_7,12010000,301,37,37,375,141,160
SUPER_7,12020000,251,27,22,300,139,112
SUPER_7,12030000,324,35,45,404,140,184
SUPER_7,12040000,205,22,26,253,100,105
SUPER_7,12050000,288,34,24,346,135,153
SUPER_7,12060000,190,24,17,231,99,91
SUPER_7,12070000,334,29,35,398,158,176
SUPER_7,12080000,317,30,35,382,148,169
SUPER_7,12090000,290,26,24,340,147,143
SUPER_7,12100000,239,21,20,280,107,132
SUPER_7,12110000,162,13,18,193,75,87
SUPER_7,12120000,367,36,38,441,183,184
SUPER_7,12130000,294,30,26,350,135,159
SUPER_7,12140000,91,8,9,108,49,42
SUPER_7,12150000,251,18,27,296,122,129
SUPER_7,12160000,376,31,36,443,166,210
SUPER_7,12170000,386,35,40,461,185,201
SUPER_7,12180000,375,26,41,442,168,207
SUPER_7,12190000,266,27,24,317,135,131
SUPER_7,12200000,311,19,28,358,145,166
SUPER_7,12210000,319,32,26,377,169,150
SUPER_7,12220000,129,14,8,151,57,72
SUPER_7,12230000,353,30,25,408,154,199
SUPER_7,12240000,335,27,27,389,167,168
SUPER_7,12250000,461,50,44,555,209,252
SUPER_7,12260000,374,41,33,448,169,205
SUPER_7,12270000,333,35,23,391,156,177
SUPER_7,12280000,230,25,21,276,100,130
SUPER_7,12290000,429,45,43,517,210,219
SUPER_7,12300000,309,26,28,363,149,160
SUPER_7,12310000,314,28,27,369,154,160
SUPER_7,12320000,355,20,32,407,176,179
SUPER_7,12330000,316,24,25,365,150,166
SUPER_7,12340000,261,21,36,318,114,147
SUPER_7,12350000,205,22,24,251,97,108
SUPER_7,12360000,317,31,38,386,153,164
SUPER_7,12370000,303,36,36,375,148,155
SUPER_7,12380000,357,37,32,426,179,178
SUPER_7,12390000,197,23,11,231,90,107
SUPER_7,12400000,211,29,24,264,90,121
SUPER_7,12410000,304,26,35,365,144,160
SUPER_7,12420000,265,27,22,314,113,152
SUPER_7,12430000,367,33,37,437,162,205
SUPER_7,12440000,313,22,22,357,145,168
SUPER_7,12450000,349,19,35,403,179,170
SUPER_7,12460000,400,44,29,473,202,198
SUPER_7,12470000,268,20,22,310,123,145
SUPER_7,12480000,259,27,22,308,110,149
SUPER_7,12490000,400,32,31,463,200,200
SUPER_7,12500000,401,44,38,483,181,220
SUPER_7,12510000,415,43,37,495,185,230
SUPER_7,12520000,395,37,50,482,181,214
SUPER_7,12530000,315,33,34,382,135,180
SUPER_7,12540000,343,37,33,413,168,175
SUPER_7,12550000,342,34,21,397,161,181
SUPER_7,12560000,387,39,43,469,168,219
SUPER_7,12570000,389,42,29,460,191,198
SUPER_7,12580000,292,18,23,333,144,148
SUPER_7,12590000,178,11,11,200,88,90
SUPER_7,12600000,242,26,18,286,123,119
SUPER_7,12610000,385,40,38,463,178,207
SUPER_7,12620000,285,22,21,328,139,146
SUPER_7,12630000,369,24,44,437,173,196
SUPER_7,12640000,245,28,18,291,135,110
SUPER_7,12650000,313,24,21,358,176,137
SUPER_7,12660000,308,33,37,378,134,174
SUPER_7,12670000,340,29,33,402,165,175
SUPER_7,12680000,227,12,24,263,127,100
SUPER_7,12690000,216,16,15,247,111,105
SUPER_7,12700000,163,16,13,192,86,77
SUPER_7,12710000,277,21,19,317,142,135
SUPER_7,12720000,233,24,18,275,123,110
SUPER_7,12730000,226,19,21,266,119,107
SUPER_7,12740000,244,15,25,284,129,115
SUPER_7,12750000,162,6,14,182,94,68
SUPER_7,12760000,219,29,22,270,97,122
SUPER_7,12770000,308,32,32,372,141,167
SUPER_7,12780000,235,25,24,284,126,109
SUPER_7,12790000,274,37,21,332,145,129
SUPER_7,12800000,260,19,23,302,128,132
SUPER_7,12810000,283,17,33,333,144,139
SUPER_7,12820000,263,22,20,305,134,129
SUPER_7,12830000,67,5,5,77,40,27
SUPER_7,12840000,255,35,33,323,129,126
SUPER_7,12850000,134,14,9,157,71,63
SUPER_7,12860000,48,6,7,61,31,17
SUPER_7,12870000,51,11,6,68,24,27
SUPER_7,12880000,270,15,19,304,132,138
SUPER_7,12890000,263,27,18,308,134,129
SUPER_7,12900000,205,28,15,248,105,100
SUPER_7,12910000,150,11,15,176,69,81
SUPER_7,12920000,278,23,25,326,147,131
SUPER_7,12930000,167,14,16,197,78,89
SUPER_7,12940000,218,15,21,254,97,121
SUPER_7,12950000,234,14,15,263,132,102
SUPER_7,12960000,322,42,35,399,144,178
SUPER_7,12970000,253,18,21,292,125,128
SUPER_7,12980000,273,22,30,325,118,155
SUPER_7,12990000,201,28,16,245,112,89
SUPER_7,13000000,195,16,21,232,102,93
SUPER_7,13010000,129,15,13,157,55,74
SUPER_7,13020000,177,15,12,204,96,81
SUPER_7,13030000,323,28,22,373,144,179
SUPER_7,13040000,301,26,31,358,129,172
SUPER_7,13050000,254,31,21,306,124,130
SUPER_7,13060000,352,45,30,427,172,180
SUPER_7,13070000,344,25,25,394,173,171
SUPER_7,13080000,251,24,19,294,142,109
SUPER_7,13090000,262,24,29,315,142,120
SUPER_7,13100000,361,24,36,421,200,161
SUPER_7,13110000,241,24,13,278,103,138
SUPER_7,13120000,362,28,36,426,196,166
SUPER_7,13130000,294,21,21,336,148,146
SUPER_7,13140000,284,28,26,338,146,138
SUPER_7,13150000,257,24,28,309,140,117
SUPER_7,13160000,292,25,19,336,143,149
SUPER_7,13170000,275,31,18,324,143,132
SUPER_7,13180000,389,37,33,459,185,204
SUPER_7,13190000,262,29,23,314,131,131
SUPER_7,13200000,216,23,21,260,111,105
SUPER_7,13210000,277,29,23,329,138,139
SUPER_7,13220000,355,25,38,418,167,188
SUPER_7,13230000,288,26,23,337,143,145
SUPER_7,13240000,265,25,25,315,145,120
SUPER_7,13250000,318,25,23,366,145,173
SUPER_7,13260000,257,25,31,313,122,135
SUPER_7,13270000,262,18,25,305,140,122
SUPER_7,13280000,202,18,21,241,93,109
SUPER_7,13290000,261,24,23,308,149,112
SUPER_7,13300000,346,37,17,400,202,144
SUPER_7,13310000,212,25,11,248,121,91
SUPER_7,13320000,287,20,32,339,137,150
SUPER_7,13330000,299,34,24,357,144,155
SUPER_7,13340000,316,30,17,363,162,154
SUPER_7,13350000,281,31,28,340,115,166
SUPER_7,13360000,227,18,23,268,109,118
SUPER_7,13370000,237,34,23,294,121,116
SUPER_7,13380000,236,25,28,289,110,126
SUPER_7,13390000,328,22,38,388,154,174
SUPER_7,13400000,157,13,5,175,84,73
SUPER_7,13410000,308,24,33,365,159,149
SUPER_7,13420000,279,20,17,316,151,128
SUPER_7,13430000,277,24,25,326,140,137
SUPER_7,13440000,287,24,22,333,150,137
SUPER_7,13450000,263,16,32,311,131,132
SUPER_7,13460000,196,27,16,239,96,100
SUPER_7,13470000,327,30,39,396,161,166
SUPER_7,13480000,159,14,14,187,82,77
SUPER_7,13490000,77,3,3,83,45,32
SUPER_7,13500000,122,11,6,139,56,66
SUPER_7,13510000,252,20,17,289,102,150
SUPER_7,13520000,139,11,17,167,69,70
SUPER_7,13530000,263,28,18,309,129,134
SUPER_7,13540000,161,21,15,197,76,85
SUPER_7,13550000,279,24,23,326,135,144
SUPER_7,13560000,184,12,22,218,99,85
SUPER_7,13570000,186,20,12,218,87,99
SUPER_7,13580000,128,7,10,145,65,63
SUPER_7,13590000,228,19,18,265,112,116
SUPER_7,13600000,126,10,12,148,58,68
SUPER_7,13610000,224,22,22,268,116,108
SUPER_7,13620000,139,11,12,162,76,63
SUPER_7,13630000,183,28,12,223,86,97
SUPER_7,13640000,224,29,18,271,112,112
SUPER_7,13650000,327,36,23,386,158,169
SUPER_7,13660000,273,35,30,338,139,134
SUPER_7,13670000,225,20,18,263,122,103
SUPER_7,13680000,285,35,27,347,146,139
SUPER_7,13690000,176,11,16,203,85,91
SUPER_7,13700000,30,4,0,34,16,14
SUPER_7,13710000,159,13,15,187,83,76
SUPER_7,13720000,7,2,1,10,3,4
SUPER_7,13730000,189,14,18,221,105,84
SUPER_7,13740000,246,27,22,295,127,119
SUPER_7,13750000,182,15,8,205,99,83
SUPER_7,13760000,70,4,3,77,35,35
SUPER_7,13770000,131,10,9,150,75,56
SUPER_7,13780000,76,7,7,90,39,37
SUPER_7,13790000,203,16,17,236,93,110
SUPER_7,13800000,275,13,26,314,135,140
SUPER_7,13810000,232,22,25,279,128,104
SUPER_7,13820000,231,24,21,276,112,119
SUPER_7,13830000,174,17,13,204,80,94
SUPER_7,13840000,247,21,22,290,120,127
SUPER_7,13850000,238,33,23,294,116,122
SUPER_7,13860000,106,15,7,128,51,55
SUPER_7,13870000,262,19,22,303,146,116
SUPER_7,13880000,126,9,10,145,62,64
SUPER_7,13890000,314,19,35,368,159,155
SUPER_7,13900000,283,26,22,331,163,120
SUPER_7,13910000,219,19,22,260,102,117
SUPER_7,13920000,195,12,18,225,109,86
SUPER_7,13930000,217,17,14,248,109,108
SUPER_7,13940000,113,12,12,137,66,47
SUPER_7,13950000,209,16,28,253,108,101
SUPER_7,13960000,184,18,14,216,94,90
SUPER_7,13970000,334,20,43,397,176,158
SUPER_7,13980000,339,28,33,400,179,160
SUPER_7,13990000,91,9,5,105,48,43
SUPER_7,14000000,234,16,19,269,141,93
SUPER_7,14010000,340,33,21,394,164,176
SUPER_7,14020000,239,18,13,270,133,106
SUPER_7,14030000,313,24,25,362,152,161
SUPER_7,14040000,313,25,26,364,153,160
SUPER_7,14050000,156,15,11,182,68,88
SUPER_7,14060000,181,16,8,205,86,95
SUPER_7,14070000,220,20,34,274,112,108
SUPER_7,14080000,266,20,23,309,156,110
SUPER_7,14090000,295,28,34,357,145,150
SUPER_7,14100000,226,19,15,260,120,106
SUPER_7,14110000,231,19,17,267,120,111
SUPER_7,14120000,178,15,17,210,94,84
SUPER_7,14130000,118,12,9,139,74,44
SUPER_7,14140000,44,8,5,57,28,16
SUPER_7,14150000,19,2,2,23,11,8
SUPER_7,14160000,109,14,4,127,58,51
SUPER_7,14170000,60,7,5,72,34,26
SUPER_7,14180000,0,0,0,0,0,0
SUPER_7,14190000,0,0,0,0,0,0
SUPER_7,14200000,0,0,0,0,0,0
SUPER_7,14210000,0,0,0,0,0,0
SUPER_7,14220000,54,8,6,68,34,20
SUPER_7,14230000,4,0,2,6,1,3
SUPER_7,14240000,4,2,1,7,0,4
SUPER_7,14250000,1,3,1,5,0,1
SUPER_7,14260000,2,1,0,3,0,2
SUPER_7,14270000,2,0,0,2,0,2
SUPER_7,14280000,2,2,0,4,0,2
SUPER_7,14290000,3,3,1,7,0,3
SUPER_7,14300000,1,0,0,1,1,0
SUPER_7,14310000,0,2,0,2,0,0
SUPER_7,14320000,3,4,1,8,0,3
SUPER_7,14330000,2,3,0,5,0,2
SUPER_7,14340000,0,2,1,3,0,0
SUPER_7,14350000,0,1,0,1,0,0
SUPER_8,10000,257,23,23,303,134,123
SUPER_8,20000,287,23,22,332,159,128
SUPER_8,30000,345,31,46,422,171,174
SUPER_8,40000,218,26,20,264,114,104
SUPER_8,50000,369,22,38,429,205,164
SUPER_8,60000,76,5,15,96,37,39
SUPER_8,70000,322,28,27,377,166,156
SUPER_8,80000,172,17,21,210,88,84
SUPER_8,90000,373,42,24,439,190,183
SUPER_8,100000,140,8,9,157,64,76
SUPER_8,110000,181,19,12,212,82,99
SUPER_8,120000,0,0,0,0,0,0
SUPER_8,130000,0,0,0,0,0,0
SUPER_8,140000,302,25,28,355,159,143
SUPER_8,150000,256,26,24,306,114,142
SUPER_8,160000,213,15,20,248,114,99
SUPER_8,170000,246,16,23,285,131,115
SUPER_8,180000,214,14,13,241,104,110
SUPER_8,190000,381,30,22,433,174,207
SUPER_8,200000,241,30,12,283,129,112
SUPER_8,210000,222,14,16,252,114,108
SUPER_8,220000,331,35,22,388,174,157
SUPER_8,230000,268,33,34,335,125,143
SUPER_8,240000,285,29,28,342,144,141
SUPER_8,250000,305,26,24,355,151,154
SUPER_8,260000,175,22,17,214,85,90
SUPER_8,270000,296,28,22,346,148,148
SUPER_8,280000,203,15,18,236,100,103
SUPER_8,290000,261,29,24,314,137,124
SUPER_8,300000,270,21,29,320,122,148
SUPER_8,310000,352,41,43,436,164,188
SUPER_8,320000,316,40,30,386,159,157
SUPER_8,330000,369,34,24,427,197,172
SUPER_8,340000,448,30,34,512,219,229
SUPER_8,350000,149,9,19,177,81,68
SUPER_8,360000,267,21,23,311,131,136
SUPER_8,370000,331,23,25,379,174,157
SUPER_8,380000,352,28,41,421,190,162
SUPER_8,390000,445,33,42,520,242,203
SUPER_8,400000,337,21,34,392,181,156
SUPER_8,410000,222,24,25,271,117,105
SUPER_8,420000,329,35,24,388,160,169
SUPER_8,430000,143,13,12,168,71,72
SUPER_8,440000,341,31,29,401,163,178
SUPER_8,450000,436,52,27,515,219,217
SUPER_8,460000,212,21,20,253,112,100
SUPER_8,470000,421,38,25,484,218,203
SUPER_8,480000,255,40,24,319,134,121
SUPER_8,490000,424,39,32,495,185,239
SUPER_8,500000,415,33,30,478,239,176
SUPER_8,510000,345,31,35,411,169,176
SUPER_8,520000,302,26,28,356,161,141
SUPER_8,530000,224,18,13,255,123,101
SUPER_8,540000,363,26,37,426,189,174
SUPER_8,550000,413,51,39,503,211,202
SUPER_8,560000,102,10,8,120,43,59
SUPER_8,570000,276,40,25,341,147,129
SUPER_8,580000,115,11,23,149,56,59
SUPER_8,590000,299,29,27,355,153,146
SUPER_8,600000,316,44,29,389,140,176
SUPER_8,610000,248,22,19,289,120,128
SUPER_8,620000,150,20,14,184,70,80
SUPER_8,630000,275,33,24,332,133,142
SUPER_8,640000,350,31,43,424,149,201
SUPER_8,650000,244,28,27,299,127,117
SUPER_8,660000,172,17,16,205,96,76
SUPER_8,670000,219,33,20,272,102,117
SUPER_8,680000,233,23,18,274,97,136
SUPER_8,690000,322,24,36,382,150,172
SUPER_8,700000,275,26,36,337,124,151
SUPER_8,710000,151,14,20,185,65,86
SUPER_8,720000,275,27,30,332,120,155
SUPER_8,730000,213,25,29,267,107,106
SUPER_8,740000,118,10,15,143,66,52
SUPER_8,750000,294,30,28,352,142,152
SUPER_8,760000,365,33,35,433,177,188
SUPER_8,770000,215,22,24,261,98,117
SUPER_8,780000,181,19,14,214,92,89
SUPER_8,790000,360,28,32,420,185,175
SUPER_8,800000,281,24,42,347,119,162
SUPER_8,810000,403,51,34,488,208,195
SUPER_8,820000,272,29,22,323,135,137
SUPER_8,830000,312,40,30,382,153,159
SUPER_8,840000,326,33,34,393,155,171
SUPER_8,850000,260,34,29,323,128,132
SUPER_8,860000,295,26,22,343,156,139
SUPER_8,870000,252,26,16,294,128,124
SUPER_8,880000,167,18,16,201,92,75
SUPER_8,890000,324,34,18,376,164,160
SUPER_8,900000,166,24,17,207,99,67
SUPER_8,910000,336,42,32,410,159,177
SUPER_8,920000,282,26,33,341,146,136
SUPER_8,930000,288,33,22,343,147,141
SUPER_8,940000,215,21,20,256,105,110
SUPER_8,950000,286,28,28,342,141,145
SUPER_8,960000,266,34,16,316,133,133
SUPER_8,970000,292,23,32,347,139,153
SUPER_8,980000,348,47,39,434,174,174
SUPER_8,990000,364,29,34,427,176,188
SUPER_8,1000000,210,13,22,245,105,105
SUPER_8,1010000,353,39,36,428,172,181
SUPER_8,1020000,256,21,22,299,147,109
SUPER_8,1030000,205,16,32,253,81,124
SUPER_8,1040000,406,42,42,490,189,217
SUPER_8,1050000,268,27,21,316,138,130
SUPER_8,1060000,223,21,16,260,126,97
SUPER_8,1070000,278,24,31,333,136,142
SUPER_8,1080000,148,15,10,173,79,69
SUPER_8,1090000,261,29,26,316,137,124
SUPER_8,1100000,422,32,54,508,213,209
SUPER_8,1110000,166,9,32,207,87,79
SUPER_8,1120000,279,30,17,326,144,135
SUPER_8,1130000,345,27,28,400,174,171
SUPER_8,1140000,335,38,27,400,149,186
SUPER_8,1150000,409,27,41,477,193,216
SUPER_8,1160000,51,9,5,65,22,29
SUPER_8,1170000,80,7,2,89,50,30
SUPER_8,1180000,375,33,35,443,192,183
SUPER_8,1190000,307,20,34,361,149,158
SUPER_8,1200000,313,27,21,361,158,155
SUPER_8,1210000,333,31,26,390,152,181
SUPER_8,1220000,366,32,24,422,185,181
SUPER_8,1230000,310,18,24,352,158,152
SUPER_8,1240000,183,13,17,213,87,96
SUPER_8,1250000,230,19,17,266,111,119
SUPER_8,1260000,392,31,36,459,197,195
SUPER_8,1270000,180,25,18,223,90,90
SUPER_8,1280000,242,31,28,301,113,129
SUPER_8,1290000,148,15,10,173,80,68
SUPER_8,1300000,261,28,18,307,139,122
SUPER_8,1310000,282,28,28,338,133,149
SUPER_8,1320000,77,4,6,87,47,30
SUPER_8,1330000,286,30,21,337,158,128
SUPER_8,1340000,218,20,19,257,112,106
SUPER_8,1350000,370,42,26,438,190,180
SUPER_8,1360000,325,26,30,381,174,151
SUPER_8,1370000,45,1,2,48,33,12
SUPER_8,1380000,241,17,25,283,108,133
SUPER_8,1390000,277,31,21,329,156,121
SUPER_8,1400000,152,8,16,176,74,78
SUPER_8,1410000,433,26,45,504,192,241
SUPER_8,1420000,334,36,21,391,170,164
SUPER_8,1430000,348,34,29,411,180,168
SUPER_8,1440000,239,20,20,279,113,126
SUPER_8,1450000,234,19,23,276,109,125
SUPER_8,1460000,342,27,33,402,162,180
SUPER_8,1470000,211,22,18,251,107,104
SUPER_8,1480000,153,19,12,184,71,82
SUPER_8,1490000,298,40,28,366,156,142
SUPER_8,1500000,230,22,16,268,99,131
SUPER_8,1510000,290,33,35,358,141,149
SUPER_8,1520000,266,28,26,320,154,112
SUPER_8,1530000,227,22,26,275,123,104
SUPER_8,1540000,273,31,22,326,141,132
SUPER_8,1550000,102,12,7,121,47,55
SUPER_8,1560000,254,23,24,301,138,116
SUPER_8,1570000,81,7,9,97,41,40
SUPER_8,1580000,364,49,38,451,150,214
SUPER_8,1590000,244,28,26,298,118,126
SUPER_8,1600000,95,8,9,112,44,51
SUPER_8,1610000,164,14,16,194,97,67
SUPER_8,1620000,268,34,25,327,124,144
SUPER_8,1630000,350,42,34,426,164,186
SUPER_8,1640000,152,9,8,169,80,72
SUPER_8,1650000,358,28,30,416,179,179
SUPER_8,1660000,277,24,25,326,137,140
SUPER_8,1670000,0,0,0,0,0,0
SUPER_8,1680000,0,0,0,0,0,0
SUPER_8,1690000,346,41,19,406,176,170
SUPER_8,1700000,245,22,17,284,111,134
SUPER_8,1710000,109,6,5,120,62,47
SUPER_8,1720000,315,20,23,358,156,159
SUPER_8,1730000,265,20,24,309,136,129
SUPER_8,1740000,147,15,11,173,63,84
SUPER_8,1750000,32,3,2,37,18,14
SUPER_8,1760000,177,19,18,214,90,87
SUPER_8,1770000,415,26,32,473,212,203
SUPER_8,1780000,180,23,18,221,100,80
SUPER_8,1790000,0,0,0,0,0,0
SUPER_8,1800000,0,0,0,0,0,0
SUPER_8,1810000,430,35,34,499,212,218
SUPER_8,1820000,190,15,13,218,86,104
SUPER_8,1830000,400,46,37,483,194,206
SUPER_8,1840000,320,19,29,368,169,151
SUPER_8,1850000,279,31,30,340,120,159
SUPER_8,1860000,315,32,35,382,151,164
SUPER_8,1870000,407,33,30,470,217,190
SUPER_8,1880000,357,40,26,423,164,193
SUPER_8,1890000,345,48,37,430,162,183
SUPER_8,1900000,288,31,21,340,131,157
SUPER_8,1910000,233,21,24,278,122,111
SUPER_8,1920000,306,22,34,362,155,151
SUPER_8,1930000,214,22,21,257,99,115
SUPER_8,1940000,284,24,35,343,128,156
SUPER_8,1950000,206,24,14,244,96,110
SUPER_8,1960000,331,33,24,388,159,172
SUPER_8,1970000,307,32,33,372,151,156
SUPER_8,1980000,308,35,29,372,147,161
SUPER_8,1990000,90,8,12,110,41,49
SUPER_8,2000000,178,23,16,217,84,94
SUPER_8,2010000,320,22,23,365,167,153
SUPER_8,2020000,295,27,24,346,149,146
SUPER_8,2030000,245,22,21,288,128,117
SUPER_8,2040000,208,19,18,245,104,104
SUPER_8,2050000,187,23,17,227,98,89
SUPER_8,2060000,224,31,18,273,116,108
SUPER_8,2070000,203,25,19,247,100,103
SUPER_8,2080000,346,32,31,409,166,180
SUPER_8,2090000,65,5,3,73,38,27
SUPER_8,2100000,135,16,16,167,77,58
SUPER_8,2110000,262,18,21,301,133,129
SUPER_8,2120000,176,23,20,219,81,95
SUPER_8,2130000,349,34,28,411,171,178
SUPER_8,2140000,442,27,38,507,230,212
SUPER_8,2150000,348,40,31,419,170,178
SUPER_8,2160000,401,27,34,462,183,218
SUPER_8,2170000,250,30,27,307,135,115
SUPER_8,2180000,369,43,51,463,179,190
SUPER_8,2190000,139,21,13,173,71,68
SUPER_8,2200000,287,33,33,353,140,147
SUPER_8,2210000,285,40,43,368,126,159
SUPER_8,2220000,311,40,35,386,151,160
SUPER_8,2230000,301,36,31,368,151,150
SUPER_8,2240000,378,25,32,435,196,182
SUPER_8,2250000,251,36,20,307,127,124
SUPER_8,2260000,253,31,32,316,116,137
SUPER_8,2270000,258,20,24,302,134,124
SUPER_8,2280000,265,18,22,305,128,137
SUPER_8,2290000,356,35,27,418,174,182
SUPER_8,2300000,224,20,20,264,111,113
SUPER_8,2310000,257,21,27,305,132,125
SUPER_8,2320000,258,25,24,307,126,132
SUPER_8,2330000,252,20,24,296,127,125
SUPER_8,2340000,211,19,13,243,112,99
SUPER_8,2350000,326,30,18,374,165,161
SUPER_8,2360000,304,26,22,352,155,149
SUPER_8,2370000,247,26,22,295,127,120
SUPER_8,2380000,324,42,26,392,163,161
SUPER_8,2390000,379,29,24,432,171,208
SUPER_8,2400000,168,17,17,202,89,79
SUPER_8,2410000,310,24,35,369,166,144
SUPER_8,2420000,250,27,25,302,103,147
SUPER_8,2430000,224,30,21,275,107,117
SUPER_8,2440000,225,24,18,267,125,100
SUPER_8,2450000,263,25,27,315,131,132
SUPER_8,2460000,278,36,29,343,136,142
SUPER_8,2470000,203,16,22,241,92,111
SUPER_8,2480000,267,18,22,307,124,143
SUPER_8,2490000,240,26,19,285,119,121
SUPER_8,2500000,267,23,27,317,116,151
SUPER_8,2510000,311,35,33,379,140,171
SUPER_8,2520000,320,26,29,375,156,164
SUPER_8,2530000,363,31,33,427,189,174
SUPER_8,2540000,259,9,21,289,127,132
SUPER_8,2550000,239,30,19,288,116,123
SUPER_8,2560000,311,24,28,363,174,137
SUPER_8,2570000,176,18,9,203,102,74
SUPER_8,2580000,212,19,14,245,112,100
SUPER_8,2590000,214,20,21,255,106,108
SUPER_8,2600000,208,18,25,251,103,105
SUPER_8,2610000,153,23,23,199,68,85
SUPER_8,2620000,262,25,19,306,112,150
SUPER_8,2630000,270,32,29,331,131,139
SUPER_8,2640000,259,14,30,303,112,147
SUPER_8,2650000,262,23,28,313,134,128
SUPER_8,2660000,368,30,35,433,171,197
SUPER_8,2670000,255,29,23,307,127,128
SUPER_8,2680000,282,25,18,325,134,148
SUPER_8,2690000,273,24,18,315,130,143
SUPER_8,2700000,209,24,21,254,109,100
SUPER_8,2710000,111,14,11,136,61,50
SUPER_8,2720000,348,34,26,408,149,199
SUPER_8,2730000,256,25,30,311,136,120
SUPER_8,2740000,243,28,15,286,116,127
SUPER_8,2750000,117,12,8,137,65,52
SUPER_8,2760000,183,24,13,220,77,106
SUPER_8,2770000,301,19,33,353,147,154
SUPER_8,2780000,222,25,18,265,93,129
SUPER_8,2790000,276,31,26,333,131,145
SUPER_8,2800000,88,8,10,106,41,47
SUPER_8,2810000,158,22,11,191,88,70
SUPER_8,2820000,121,11,11,143,55,66
SUPER_8,2830000,182,24,19,225,80,102
SUPER_8,2840000,323,22,34,379,155,168
SUPER_8,2850000,413,26,33,472,190,223
SUPER_8,2860000,234,23,13,270,130,104
SUPER_8,2870000,189,27,13,229,92,97
SUPER_8,2880000,221,29,15,265,111,110
SUPER_8,2890000,208,13,16,237,94,114
SUPER_8,2900000,253,26,14,293,121,132
SUPER_8,2910000,138,17,18,173,61,77
SUPER_8,2920000,137,20,21,178,65,72
SUPER_8,2930000,0,0,0,0,0,0
SUPER_8,2940000,0,0,0,0,0,0
SUPER_8,2950000,455,42,43,540,209,246
SUPER_8,2960000,288,27,29,344,116,172
SUPER_8,2970000,96,6,9,111,43,53
SUPER_8,2980000,138,11,12,161,77,61
SUPER_8,2990000,239,20,23,282,124,115
SUPER_8,3000000,377,18,24,419,205,172
SUPER_8,3010000,337,27,36,400,153,184
SUPER_8,3020000,255,34,30,319,111,144
SUPER_8,3030000,335,34,27,396,135,200
SUPER_8,3040000,222,23,22,267,107,115
SUPER_8,3050000,165,20,13,198,76,89
SUPER_8,3060000,260,33,28,321,138,122
SUPER_8,3070000,78,6,10,94,38,40
SUPER_8,3080000,18,4,1,23,9,9
SUPER_8,3090000,372,41,31,444,201,171
SUPER_8,3100000,298,25,21,344,160,138
SUPER_8,3110000,299,29,33,361,140,159
SUPER_8,3120000,388,40,49,477,184,204
SUPER_8,3130000,193,15,20,228,93,100
SUPER_8,3140000,199,24,26,249,100,99
SUPER_8,3150000,297,23,26,346,161,136
SUPER_8,3160000,290,26,27,343,144,146
SUPER_8,3170000,320,32,26,378,163,157
SUPER_8,3180000,310,32,26,368,162,148
SUPER_8,3190000,360,45,24,429,189,171
SUPER_8,3200000,322,30,31,383,159,163
SUPER_8,3210000,441,48,35,524,210,231
SUPER_8,3220000,244,20,22,286,121,123
SUPER_8,3230000,230,17,22,269,115,115
SUPER_8,3240000,236,25,30,291,114,122
SUPER_8,3250000,237,25,19,281,119,118
SUPER_8,3260000,191,11,15,217,89,102
SUPER_8,3270000,288,24,16,328,147,141
SUPER_8,3280000,297,33,32,362,143,154
SUPER_8,3290000,247,17,26,290,116,131
SUPER_8,3300000,289,35,35,359,138,151
SUPER_8,3310000,237,25,25,287,129,108
SUPER_8,3320000,263,17,29,309,128,135
SUPER_8,3330000,366,35,40,441,181,185
SUPER_8,3340000,249,33,28,310,98,151
SUPER_8,3350000,320,41,41,402,155,165
SUPER_8,3360000,230,26,27,283,99,131
SUPER_8,3370000,353,36,36,425,160,193
SUPER_8,3380000,206,17,24,247,107,99
SUPER_8,3390000,114,10,4,128,57,57
SUPER_8,3400000,55,4,3,62,20,35
SUPER_8,3410000,225,21,21,267,120,105
SUPER_8,3420000,203,21,11,235,99,104
SUPER_8,3430000,243,21,12,276,125,118
SUPER_8,3440000,195,23,19,237,87,108
SUPER_8,3450000,247,21,30,298,113,134
SUPER_8,3460000,280,20,26,326,155,125
SUPER_8,3470000,262,20,15,297,149,113
SUPER_8,3480000,312,27,33,372,150,162
SUPER_8,3490000,278,29,18,325,131,147
SUPER_8,3500000,247,30,24,301,120,127
SUPER_8,3510000,278,29,33,340,139,139
SUPER_8,3520000,244,27,28,299,117,127
SUPER_8,3530000,232,17,21,270,122,110
SUPER_8,3540000,196,15,27,238,93,103
SUPER_8,3550000,286,33,29,348,128,158
SUPER_8,3560000,278,29,22,329,127,151
SUPER_8,3570000,218,30,21,269,103,115
SUPER_8,3580000,305,24,29,358,166,139
SUPER_8,3590000,289,27,26,342,139,150
SUPER_8,3600000,347,31,25,403,166,181
SUPER_8,3610000,291,33,44,368,147,144
SUPER_8,3620000,273,22,30,325,117,156
SUPER_8,3630000,315,34,29,378,151,164
SUPER_8,3640000,215,31,33,279,94,121
SUPER_8,3650000,377,29,48,454,180,197
SUPER_8,3660000,169,16,15,200,70,99
SUPER_8,3670000,208,22,17,247,94,114
SUPER_8,3680000,146,12,17,175,78,68
SUPER_8,3690000,264,19,16,299,136,128
SUPER_8,3700000,243,15,30,288,118,125
SUPER_8,3710000,331,30,27,388,145,186
SUPER_8,3720000,364,30,42,436,165,199
SUPER_8,3730000,205,20,20,245,106,99
SUPER_8,3740000,213,22,21,256,87,126
SUPER_8,3750000,256,21,21,298,119,137
SUPER_8,3760000,161,16,16,193,88,73
SUPER_8,3770000,63,9,4,76,25,38
SUPER_8,3780000,121,19,12,152,58,63
SUPER_8,3790000,245,27,28,300,112,133
SUPER_8,3800000,334,23,25,382,164,170
SUPER_8,3810000,281,28,29,338,130,151
SUPER_8,3820000,276,38,34,348,130,146
SUPER_8,3830000,377,32,34,443,181,196
SUPER_8,3840000,278,28,20,326,126,152
SUPER_8,3850000,322,26,39,387,163,159
SUPER_8,3860000,276,21,24,321,142,134
SUPER_8,3870000,255,19,18,292,115,140
SUPER_8,3880000,322,37,30,389,151,171
SUPER_8,3890000,276,20,36,332,139,137
SUPER_8,3900000,265,31,26,322,122,143
SUPER_8,3910000,299,26,27,352,129,170
SUPER_8,3920000,237,26,18,281,121,116
SUPER_8,3930000,146,19,10,175,71,75
SUPER_8,3940000,267,26,25,318,133,134
SUPER_8,3950000,151,22,14,187,68,83
SUPER_8,3960000,170,19,18,207,94,76
SUPER_8,3970000,277,25,21,323,150,127
SUPER_8,3980000,287,23,32,342,142,145
SUPER_8,3990000,235,16,19,270,122,113
SUPER_8,4000000,403,29,30,462,206,197
SUPER_8,4010000,263,28,35,326,135,128
SUPER_8,4020000,372,40,25,437,193,179
SUPER_8,4030000,340,28,31,399,172,168
SUPER_8,4040000,251,23,30,304,130,121
SUPER_8,4050000,249,27,33,309,120,129
SUPER_8,4060000,308,34,38,380,135,173
SUPER_8,4070000,320,34,24,378,160,160
SUPER_8,4080000,345,33,30,408,148,197
SUPER_8,4090000,267,32,28,327,137,130
SUPER_8,4100000,360,43,38,441,195,165
SUPER_8,4110000,220,30,19,269,97,123
SUPER_8,4120000,49,6,1,56,32,17
SUPER_8,4130000,4,0,0,4,2,2
SUPER_8,4140000,3,1,1,5,3,0
SUPER_8,4150000,272,25,21,318,136,136
SUPER_8,4160000,78,9,8,95,35,43
SUPER_8,4170000,238,13,9,260,129,109
SUPER_8,4180000,419,40,28,487,219,200
SUPER_8,4190000,430,50,33,513,206,224
SUPER_8,4200000,130,15,10,155,66,64
SUPER_8,4210000,383,41,35,459,186,197
SUPER_8,4220000,347,34,36,417,188,159
SUPER_8,4230000,315,29,28,372,152,163
SUPER_8,4240000,285,31,30,346,142,143
SUPER_8,4250000,349,33,22,404,162,187
SUPER_8,4260000,332,32,35,399,159,173
SUPER_8,4270000,244,21,26,291,119,125
SUPER_8,4280000,299,27,24,350,151,148
SUPER_8,4290000,296,19,40,355,139,157
SUPER_8,4300000,291,32,21,344,127,164
SUPER_8,4310000,123,17,13,153,53,70
SUPER_8,4320000,267,16,16,299,145,122
SUPER_8,4330000,211,21,20,252,110,101
SUPER_8,4340000,91,7,6,104,40,51
SUPER_8,4350000,147,17,11,175,82,65
SUPER_8,4360000,245,26,25,296,116,129
SUPER_8,4370000,270,23,30,323,140,130
SUPER_8,4380000,122,12,10,144,61,61
SUPER_8,4390000,250,34,18,302,134,116
SUPER_8,4400000,241,23,25,289,129,112
SUPER_8,4410000,273,25,21,319,137,136
SUPER_8,4420000,91,15,9,115,40,51
SUPER_8,4430000,56,8,7,71,33,23
SUPER_8,4440000,73,8,10,91,35,38
SUPER_8,4450000,61,8,9,78,25,36
SUPER_8,4460000,221,23,19,263,104,117
SUPER_8,4470000,271,22,26,319,139,132
SUPER_8,4480000,246,19,28,293,117,129
SUPER_8,4490000,187,18,24,229,75,112
SUPER_8,4500000,233,22,24,279,120,113
SUPER_8,4510000,201,12,15,228,94,107
SUPER_8,4520000,304,29,36,369,140,164
SUPER_8,4530000,115,12,10,137,59,56
SUPER_8,4540000,190,19,23,232,75,115
SUPER_8,4550000,0,0,0,0,0,0
SUPER_8,4560000,0,0,0,0,0,0
SUPER_8,4570000,0,0,0,0,0,0
SUPER_8,4580000,244,17,24,285,109,135
SUPER_8,4590000,270,22,23,315,160,110
SUPER_8,4600000,183,12,20,215,98,85
SUPER_8,4610000,205,24,23,252,94,111
SUPER_8,4620000,200,22,18,240,91,109
SUPER_8,4630000,234,20,23,277,108,126
SUPER_8,4640000,228,16,25,269,110,118
SUPER_8,4650000,52,5,10,67,22,30
SUPER_8,4660000,134,8,17,159,67,67
SUPER_8,4670000,219,21,21,261,106,113
SUPER_8,4680000,139,19,16,174,68,71
SUPER_8,4690000,135,8,18,161,69,66
SUPER_8,4700000,200,34,25,259,104,96
SUPER_8,4710000,144,17,12,173,68,76
SUPER_8,4720000,180,9,12,201,95,85
SUPER_8,4730000,209,20,27,256,103,106
SUPER_8,4740000,195,18,11,224,81,114
SUPER_8,4750000,191,14,24,229,100,91
SUPER_8,4760000,221,8,17,246,95,126
SUPER_8,4770000,325,30,29,384,180,145
SUPER_8,4780000,329,25,24,378,165,164
SUPER_8,4790000,195,23,18,236,97,98
SUPER_8,4800000,283,24,24,331,150,133
SUPER_8,4810000,256,28,19,303,134,122
SUPER_8,4820000,255,27,27,309,124,131
SUPER_8,4830000,172,24,13,209,85,87
SUPER_8,4840000,254,19,25,298,129,125
SUPER_8,4850000,244,19,25,288,116,128
SUPER_8,4860000,315,27,26,368,147,168
SUPER_8,4870000,0,0,0,0,0,0
SUPER_8,4880000,0,0,0,0,0,0
SUPER_8,4890000,151,13,14,178,80,71
SUPER_8,4900000,3,1,0,4,2,1
SUPER_8,4910000,110,12,17,139,48,62
SUPER_8,4920000,317,32,30,379,147,170
SUPER_8,4930000,170,20,14,204,72,98
SUPER_8,4940000,88,7,7,102,41,47
SUPER_8,4950000,163,18,8,189,85,78
SUPER_8,4960000,297,27,29,353,158,139
SUPER_8,4970000,315,30,32,377,141,174
SUPER_8,4980000,139,16,19,174,60,79
SUPER_8,4990000,243,22,22,287,121,122
SUPER_8,5000000,214,18,24,256,96,118
SUPER_8,5010000,83,7,12,102,42,41
SUPER_8,5020000,179,14,9,202,84,95
SUPER_8,5030000,216,23,17,256,97,119
SUPER_8,5040000,170,23,14,207,78,92
SUPER_8,5050000,268,24,28,320,138,130
SUPER_8,5060000,193,27,22,242,87,106
SUPER_8,5070000,141,10,13,164,68,73
SUPER_8,5080000,194,21,25,240,88,106
SUPER_8,5090000,377,42,33,452,182,195
SUPER_8,5100000,202,16,8,226,106,96
SUPER_8,5110000,204,13,28,245,98,106
SUPER_8,5120000,216,21,22,259,114,102
SUPER_8,5130000,214,20,18,252,99,115
SUPER_8,5140000,180,18,11,209,88,92
SUPER_8,5150000,277,34,32,343,132,145
SUPER_8,5160000,143,9,14,166,68,75
SUPER_8,5170000,136,10,22,168,55,81
SUPER_8,5180000,21,2,3,26,10,11
SUPER_8,5190000,16,2,2,20,6,10
SUPER_8,5200000,0,0,0,0,0,0
SUPER_8,5210000,0,0,0,0,0,0
SUPER_8,5220000,1,0,2,3,1,0
SUPER_8,5230000,0,0,0,0,0,0
SUPER_8,5240000,0,0,0,0,0,0
SUPER_8,5250000,0,0,0,0,0,0
SUPER_8,5260000,9,0,3,12,3,6
SUPER_8,5270000,24,1,4,29,17,7
SUPER_8,5280000,239,27,30,296,117,122
SUPER_8,5290000,0,0,0,0,0,0
SUPER_8,5300000,0,0,0,0,0,0
SUPER_8,5310000,349,40,30,419,170,179
SUPER_8,5320000,200,16,27,243,95,105
SUPER_8,5330000,410,31,49,490,195,215
SUPER_8,5340000,294,29,24,347,147,147
SUPER_8,5350000,171,15,14,200,98,73
SUPER_8,5360000,163,13,14,190,91,72
SUPER_8,5370000,317,30,32,379,144,173
SUPER_8,5380000,352,31,35,418,180,172
SUPER_8,5390000,89,9,10,108,39,50
SUPER_8,5400000,272,29,25,326,128,144
SUPER_8,5410000,329,33,23,385,177,152
SUPER_8,5420000,251,31,16,298,137,114
SUPER_8,5430000,341,33,31,405,171,170
SUPER_8,5440000,263,24,20,307,127,136
SUPER_8,5450000,83,5,4,92,40,43
SUPER_8,5460000,91,2,15,108,43,48
SUPER_8,5470000,247,28,22,297,120,127
SUPER_8,5480000,72,3,3,78,35,37
SUPER_8,5490000,0,0,2,2,0,0
SUPER_8,5500000,7,1,3,11,2,5
SUPER_8,5510000,150,11,13,174,64,86
SUPER_8,5520000,100,7,10,117,42,58
SUPER_8,5530000,120,9,10,139,63,57
SUPER_8,5540000,149,19,18,186,75,74
SUPER_8,5550000,99,6,8,113,42,57
SUPER_8,5560000,147,13,6,166,76,71
SUPER_8,5570000,242,29,25,296,118,124
SUPER_8,5580000,268,30,22,320,137,131
SUPER_8,5590000,265,14,24,303,137,128
SUPER_8,5600000,82,9,7,98,39,43
SUPER_8,5610000,370,23,31,424,185,185
SUPER_8,5620000,290,15,26,331,131,159
SUPER_8,5630000,157,15,12,184,79,78
SUPER_8,5640000,349,32,23,404,179,170
SUPER_8,5650000,197,13,9,219,104,93
SUPER_8,5660000,197,17,21,235,102,95
SUPER_8,5670000,181,25,17,223,90,91
SUPER_8,5680000,112,6,9,127,58,54
SUPER_8,5690000,78,7,7,92,48,30
SUPER_8,5700000,288,21,34,343,143,145
SUPER_8,5710000,132,10,10,152,57,75
SUPER_8,5720000,173,20,15,208,84,89
SUPER_8,5730000,337,28,34,399,175,162
SUPER_8,5740000,124,17,18,159,59,65
SUPER_8,5750000,157,11,8,176,82,75
SUPER_8,5760000,211,17,18,246,97,114
SUPER_8,5770000,72,5,4,81,36,36
SUPER_8,5780000,295,25,31,351,147,148
SUPER_8,5790000,204,27,25,256,99,105
SUPER_8,5800000,261,18,21,300,140,121
SUPER_8,5810000,291,29,18,338,130,161
SUPER_8,5820000,119,13,12,144,50,69
SUPER_8,5830000,198,12,25,235,96,102
SUPER_8,5840000,115,10,15,140,59,56
SUPER_8,5850000,229,23,23,275,100,129
SUPER_8,5860000,197,16,20,233,89,108
SUPER_8,5870000,225,27,19,271,116,109
SUPER_8,5880000,120,8,7,135,65,55
SUPER_8,5890000,368,38,25,431,189,179
SUPER_8,5900000,81,10,8,99,39,42
SUPER_8,5910000,162,10,21,193,70,92
SUPER_8,5920000,248,30,34,312,129,119
SUPER_8,5930000,149,10,17,176,74,75
SUPER_8,5940000,191,16,16,223,85,106
SUPER_8,5950000,258,15,28,301,120,138
SUPER_8,5960000,284,18,16,318,153,131
SUPER_8,5970000,234,21,12,267,120,114
SUPER_8,5980000,193,15,17,225,84,109
SUPER_8,5990000,233,23,18,274,116,117
SUPER_8,6000000,308,29,33,370,137,171
SUPER_8,6010000,364,44,35,443,188,176
SUPER_8,6020000,113,13,14,140,49,64
SUPER_8,6030000,242,32,22,296,122,120
SUPER_8,6040000,268,19,19,306,124,144
SUPER_8,6050000,316,33,31,380,166,150
SUPER_8,6060000,159,11,20,190,84,75
SUPER_8,6070000,268,28,34,330,147,121
SUPER_8,6080000,290,32,46,368,135,155
SUPER_8,6090000,255,25,19,299,127,128
SUPER_8,6100000,253,21,16,290,123,130
SUPER_8,6110000,171,18,16,205,90,81
SUPER_8,6120000,213,19,28,260,107,106
SUPER_8,6130000,210,21,18,249,103,107
SUPER_8,6140000,255,20,19,294,129,126
SUPER_8,6150000,188,21,26,235,104,84
SUPER_8,6160000,280,36,22,338,124,156
SUPER_8,6170000,298,22,23,343,147,151
SUPER_8,6180000,216,19,21,256,103,113
SUPER_8,6190000,173,17,10,200,83,90
SUPER_8,6200000,249,25,30,304,126,123
SUPER_8,6210000,208,13,17,238,111,97
SUPER_8,6220000,271,28,19,318,133,138
SUPER_8,6230000,284,26,28,338,136,148
SUPER_8,6240000,256,32,20,308,123,133
SUPER_8,6250000,237,25,21,283,128,109
SUPER_8,6260000,281,29,22,332,128,153
SUPER_8,6270000,409,41,44,494,164,245
SUPER_8,6280000,322,26,22,370,156,166
SUPER_8,6290000,200,21,27,248,80,120
SUPER_8,6300000,274,25,29,328,124,150
SUPER_8,6310000,200,17,21,238,90,110
SUPER_8,6320000,321,26,34,381,162,159
SUPER_8,6330000,230,18,22,270,120,110
SUPER_8,6340000,174,14,14,202,87,87
SUPER_8,6350000,241,20,21,282,128,113
SUPER_8,6360000,405,36,33,474,187,218
SUPER_8,6370000,237,27,21,285,112,125
SUPER_8,6380000,255,22,23,300,133,122
SUPER_8,6390000,312,28,33,373,142,170
SUPER_8,6400000,342,36,23,401,163,179
SUPER_8,6410000,198,18,12,228,87,111
SUPER_8,6420000,199,15,15,229,74,125
SUPER_8,6430000,327,30,27,384,163,164
SUPER_8,6440000,199,27,18,244,97,102
SUPER_8,6450000,91,9,19,119,47,44
SUPER_8,6460000,211,20,22,253,116,95
SUPER_8,6470000,206,18,22,246,94,112
SUPER_8,6480000,202,22,17,241,88,114
SUPER_8,6490000,2,2,0,4,2,0
SUPER_8,6500000,145,25,12,182,69,76
SUPER_8,6510000,317,22,23,362,154,163
SUPER_8,6520000,303,30,38,371,136,167
SUPER_8,6530000,88,11,8,107,42,46
SUPER_8,6540000,331,33,32,396,152,179
SUPER_8,6550000,225,19,25,269,111,114
SUPER_8,6560000,78,2,3,83,35,43
SUPER_8,6570000,441,44,47,532,195,246
SUPER_8,6580000,322,36,35,393,150,172
SUPER_8,6590000,364,27,24,415,186,178
SUPER_8,6600000,257,16,21,294,125,132
SUPER_8,6610000,305,22,29,356,154,151
SUPER_8,6620000,172,20,19,211,80,92
SUPER_8,6630000,344,28,34,406,188,156
SUPER_8,6640000,215,17,18,250,113,102
SUPER_8,6650000,209,22,21,252,105,104
SUPER_8,6660000,227,21,21,269,108,119
SUPER_8,6670000,292,21,16,329,149,143
SUPER_8,6680000,72,4,5,81,39,33
SUPER_8,6690000,278,37,32,347,139,139
SUPER_8,6700000,249,18,29,296,135,114
SUPER_8,6710000,154,14,12,180,87,67
SUPER_8,6720000,210,18,14,242,99,111
SUPER_8,6730000,193,17,18,228,96,97
SUPER_8,6740000,154,10,15,179,82,72
SUPER_8,6750000,197,24,7,228,103,94
SUPER_8,6760000,128,11,22,161,60,68
SUPER_8,6770000,316,26,19,361,148,168
SUPER_8,6780000,162,13,14,189,78,84
SUPER_8,6790000,267,13,13,293,125,142
SUPER_8,6800000,270,28,21,319,121,149
SUPER_8,6810000,49,8,1,58,25,24
SUPER_8,6820000,261,24,25,310,136,125
SUPER_8,6830000,268,21,29,318,135,133
SUPER_8,6840000,167,13,16,196,84,83
SUPER_8,6850000,172,11,6,189,90,82
SUPER_8,6860000,81,6,9,96,42,39
SUPER_8,6870000,110,11,15,136,66,44
SUPER_8,6880000,159,11,17,187,67,92
SUPER_8,6890000,105,7,5,117,67,38
SUPER_8,6900000,196,25,19,240,97,99
SUPER_8,6910000,212,15,19,246,98,114
SUPER_8,6920000,279,28,24,331,142,137
SUPER_8,6930000,216,21,21,258,88,128
SUPER_8,6940000,178,20,6,204,95,83
SUPER_8,6950000,304,23,37,364,159,145
SUPER_8,6960000,280,35,28,343,138,142
SUPER_8,6970000,257,24,25,306,134,123
SUPER_8,6980000,187,14,23,224,71,116
SUPER_8,6990000,185,21,18,224,89,96
SUPER_8,7000000,191,19,16,226,102,89
SUPER_8,7010000,269,20,23,312,129,140
SUPER_8,7020000,178,19,19,216,103,75
SUPER_8,7030000,199,22,22,243,93,106
SUPER_8,7040000,165,24,18,207,78,87
SUPER_8,7050000,219,30,20,269,111,108
SUPER_8,7060000,259,23,18,300,125,134
SUPER_8,7070000,186,14,12,212,99,87
SUPER_8,7080000,194,23,18,235,95,99
SUPER_8,7090000,243,30,15,288,120,123
SUPER_8,7100000,98,9,11,118,41,57
SUPER_8,7110000,123,13,13,149,50,73
SUPER_8,7120000,174,13,19,206,82,92
SUPER_8,7130000,187,19,26,232,92,95
SUPER_8,7140000,145,11,18,174,69,76
SUPER_8,7150000,102,14,9,125,56,46
SUPER_8,7160000,181,18,21,220,80,101
SUPER_8,7170000,39,6,5,50,22,17
SUPER_8,7180000,163,14,20,197,67,96
SUPER_8,7190000,171,25,18,214,87,84
SUPER_8,7200000,136,18,22,176,65,71
SUPER_8,7210000,79,14,11,104,37,42
SUPER_8,7220000,54,10,10,74,22,32
SUPER_8,7230000,2,0,0,2,1,1
SUPER_8,7240000,69,3,6,78,28,41
SUPER_8,7250000,163,13,18,194,82,81
SUPER_8,7260000,226,22,24,272,113,113
SUPER_8,7270000,351,31,32,414,183,168
SUPER_8,7280000,161,16,20,197,90,71
SUPER_8,7290000,176,17,17,210,76,100
SUPER_8,7300000,99,10,9,118,51,48
SUPER_8,7310000,12,6,1,19,7,5
SUPER_8,7320000,58,6,1,65,21,37
SUPER_8,7330000,200,20,16,236,95,105
SUPER_8,7340000,180,16,14,210,96,84
SUPER_8,7350000,218,24,20,262,113,105
SUPER_8,7360000,259,26,29,314,129,130
SUPER_8,7370000,267,27,34,328,120,147
SUPER_8,7380000,140,15,11,166,81,59
SUPER_8,7390000,190,25,23,238,89,101
SUPER_8,7400000,61,12,6,79,30,31
SUPER_8,7410000,144,17,11,172,63,81
SUPER_8,7420000,172,16,13,201,82,90
SUPER_8,7430000,208,32,24,264,99,109
SUPER_8,7440000,228,32,23,283,113,115
SUPER_8,7450000,79,7,6,92,33,46
SUPER_8,7460000,181,19,13,213,88,93
SUPER_8,7470000,376,27,47,450,176,200
SUPER_8,7480000,158,12,8,178,88,70
SUPER_8,7490000,331,26,31,388,164,167
SUPER_8,7500000,59,7,4,70,29,30
SUPER_8,7510000,127,20,13,160,64,63
SUPER_8,7520000,96,11,14,121,38,58
SUPER_8,7530000,169,12,19,200,77,92
SUPER_8,7540000,196,15,17,228,88,108
SUPER_8,7550000,109,8,14,131,54,55
SUPER_8,7560000,114,10,12,136,56,58
SUPER_8,7570000,85,10,15,110,29,56
SUPER_8,7580000,79,12,10,101,40,39
SUPER_8,7590000,128,13,8,149,64,64
SUPER_8,7600000,150,15,13,178,82,68
SUPER_8,7610000,167,21,13,201,90,77
SUPER_8,7620000,141,14,16,171,66,75
SUPER_8,7630000,220,18,13,251,95,125
SUPER_8,7640000,209,15,17,241,109,100
SUPER_8,7650000,190,16,21,227,104,86
SUPER_8,7660000,121,12,10,143,59,62
SUPER_8,7670000,127,12,11,150,58,69
SUPER_8,7680000,63,4,10,77,35,28
SUPER_8,7690000,122,12,17,151,68,54
SUPER_8,7700000,190,27,23,240,92,98
SUPER_8,7710000,84,10,16,110,41,43
SUPER_8,7720000,60,1,9,70,30,30
SUPER_8,7730000,223,29,18,270,121,102
SUPER_8,7740000,241,21,27,289,116,125
SUPER_8,7750000,198,23,23,244,103,95
SUPER_8,7760000,168,16,11,195,89,79
SUPER_8,7770000,228,23,26,277,92,136
SUPER_8,7780000,219,16,18,253,110,109
SUPER_8,7790000,253,30,23,306,116,137
SUPER_8,7800000,218,29,24,271,104,114
SUPER_8,7810000,123,13,10,146,58,65
SUPER_8,7820000,345,46,18,409,160,185
SUPER_8,7830000,327,17,31,375,156,171
SUPER_8,7840000,278,31,19,328,136,142
SUPER_8,7850000,75,9,6,90,40,35
SUPER_8,7860000,2,0,0,2,1,1
SUPER_8,7870000,55,5,5,65,23,32
SUPER_8,7880000,234,31,22,287,116,118
SUPER_8,7890000,162,17,19,198,77,85
SUPER_8,7900000,258,30,22,310,109,149
SUPER_8,7910000,157,11,17,185,78,79
SUPER_8,7920000,241,30,21,292,115,126
SUPER_8,7930000,263,14,26,303,116,147
SUPER_8,7940000,186,22,17,225,87,99
SUPER_8,7950000,68,3,7,78,30,38
SUPER_8,7960000,271,25,24,320,118,153
SUPER_8,7970000,268,28,18,314,130,138
SUPER_8,7980000,345,24,36,405,162,183
SUPER_8,7990000,281,18,23,322,137,144
SUPER_8,8000000,315,34,24,373,154,161
SUPER_8,8010000,317,36,27,380,159,158
SUPER_8,8020000,265,25,30,320,132,133
SUPER_8,8030000,217,22,14,253,102,115
SUPER_8,8040000,144,13,14,171,64,80
SUPER_8,8050000,211,14,29,254,106,105
SUPER_8,8060000,256,31,21,308,123,133
SUPER_8,8070000,315,29,45,389,150,165
SUPER_8,8080000,231,19,19,269,122,109
SUPER_8,8090000,207,14,20,241,98,109
SUPER_8,8100000,213,12,16,241,103,110
SUPER_8,8110000,92,8,3,103,49,43
SUPER_8,8120000,227,20,16,263,116,111
SUPER_8,8130000,148,24,26,198,82,66
SUPER_8,8140000,188,16,10,214,93,95
SUPER_8,8150000,275,26,28,329,132,143
SUPER_8,8160000,199,27,18,244,85,114
SUPER_8,8170000,74,14,8,96,44,30
SUPER_8,8180000,222,25,20,267,112,110
SUPER_8,8190000,91,7,6,104,47,44
SUPER_8,8200000,216,9,18,243,133,83
SUPER_8,8210000,1,0,0,1,0,1
SUPER_8,8220000,107,11,12,130,52,55
SUPER_8,8230000,290,20,29,339,129,161
SUPER_8,8240000,347,39,34,420,173,174
SUPER_8,8250000,233,39,28,300,111,122
SUPER_8,8260000,160,18,13,191,76,84
SUPER_8,8270000,291,30,20,341,140,151
SUPER_8,8280000,114,7,7,128,63,51
SUPER_8,8290000,267,28,28,323,127,140
SUPER_8,8300000,293,27,37,357,137,156
SUPER_8,8310000,0,0,0,0,0,0
SUPER_8,8320000,0,0,0,0,0,0
SUPER_8,8330000,527,40,40,607,263,264
SUPER_8,8340000,279,19,15,313,134,145
SUPER_8,8350000,140,17,16,173,68,72
SUPER_8,8360000,276,34,20,330,127,149
SUPER_8,8370000,189,18,12,219,99,90
SUPER_8,8380000,358,24,52,434,178,180
SUPER_8,8390000,296,16,36,348,147,149
SUPER_8,8400000,322,36,29,387,149,173
SUPER_8,8410000,311,28,27,366,141,170
SUPER_8,8420000,237,25,18,280,113,124
SUPER_8,8430000,248,19,18,285,120,128
SUPER_8,8440000,434,43,40,517,208,226
SUPER_8,8450000,310,29,30,369,140,170
SUPER_8,8460000,364,29,34,427,177,187
SUPER_8,8470000,203,25,26,254,85,118
SUPER_8,8480000,266,32,36,334,124,142
SUPER_8,8490000,151,11,15,177,70,81
SUPER_8,8500000,171,21,15,207,84,87
SUPER_8,8510000,321,42,29,392,148,173
SUPER_8,8520000,238,24,20,282,106,132
SUPER_8,8530000,344,29,29,402,184,160
SUPER_8,8540000,86,8,5,99,40,46
SUPER_8,8550000,219,18,25,262,112,107
SUPER_8,8560000,228,23,26,277,114,114
SUPER_8,8570000,234,22,20,276,116,118
SUPER_8,8580000,106,12,10,128,44,62
SUPER_8,8590000,385,42,26,453,195,190
SUPER_8,8600000,277,36,28,341,141,136
SUPER_8,8610000,312,32,27,371,151,161
SUPER_8,8620000,184,18,18,220,93,91
SUPER_8,8630000,299,31,33,363,153,146
SUPER_8,8640000,246,22,23,291,111,135
SUPER_8,8650000,246,24,19,289,112,134
SUPER_8,8660000,310,34,31,375,170,140
SUPER_8,8670000,181,22,24,227,87,94
SUPER_8,8680000,346,29,19,394,172,174
SUPER_8,8690000,212,17,33,262,97,115
SUPER_8,8700000,281,24,31,336,133,148
SUPER_8,8710000,216,29,19,264,91,125
SUPER_8,8720000,178,14,22,214,89,89
SUPER_8,8730000,152,9,14,175,72,80
SUPER_8,8740000,212,21,12,245,105,107
SUPER_8,8750000,318,21,29,368,163,155
SUPER_8,8760000,89,6,14,109,53,36
SUPER_8,8770000,121,8,6,135,71,50
SUPER_8,8780000,79,7,7,93,33,46
SUPER_8,8790000,321,33,18,372,146,175
SUPER_8,8800000,265,22,14,301,135,130
SUPER_8,8810000,280,20,20,320,139,141
SUPER_8,8820000,174,21,12,207,94,80
SUPER_8,8830000,276,24,23,323,140,136
SUPER_8,8840000,240,22,18,280,127,113
SUPER_8,8850000,249,21,16,286,133,116
SUPER_8,8860000,349,35,30,414,161,188
SUPER_8,8870000,278,32,26,336,120,158
SUPER_8,8880000,260,25,19,304,127,133
SUPER_8,8890000,329,23,42,394,159,170
SUPER_8,8900000,310,31,37,378,160,150
SUPER_8,8910000,243,30,24,297,99,144
SUPER_8,8920000,250,20,14,284,122,128
SUPER_8,8930000,0,0,0,0,0,0
SUPER_8,8940000,0,0,0,0,0,0
SUPER_8,8950000,316,31,22,369,158,158
SUPER_8,8960000,160,12,9,181,82,78
SUPER_8,8970000,129,12,10,151,64,65
SUPER_8,8980000,165,23,19,207,86,79
SUPER_8,8990000,187,26,20,233,96,91
SUPER_8,9000000,252,30,25,307,109,143
SUPER_8,9010000,363,27,26,416,174,189
SUPER_8,9020000,123,10,12,145,62,61
SUPER_8,9030000,207,17,26,250,110,97
SUPER_8,9040000,235,21,18,274,108,127
SUPER_8,9050000,277,30,23,330,141,136
SUPER_8,9060000,336,28,36,400,164,172
SUPER_8,9070000,194,13,23,230,103,91
SUPER_8,9080000,148,8,15,171,65,83
SUPER_8,9090000,208,28,16,252,96,112
SUPER_8,9100000,45,2,0,47,21,24
SUPER_8,9110000,210,17,25,252,78,132
SUPER_8,9120000,0,0,0,0,0,0
SUPER_8,9130000,0,0,0,0,0,0
SUPER_8,9140000,104,11,12,127,35,69
SUPER_8,9150000,127,11,11,149,65,62
SUPER_8,9160000,161,14,16,191,82,79
SUPER_8,9170000,137,12,9,158,72,65
SUPER_8,9180000,0,0,1,1,0,0
SUPER_8,9190000,0,1,0,1,0,0
SUPER_8,9200000,0,1,0,1,0,0
SUPER_8,9210000,150,14,13,177,78,72
SUPER_8,9220000,301,23,35,359,157,144
SUPER_8,9230000,267,33,23,323,131,136
SUPER_8,9240000,320,27,34,381,160,160
SUPER_8,9250000,311,27,28,366,155,156
SUPER_8,9260000,199,17,16,232,107,92
SUPER_8,9270000,292,26,28,346,137,155
SUPER_8,9280000,381,26,35,442,207,174
SUPER_8,9290000,300,41,27,368,122,178
SUPER_8,9300000,259,26,17,302,121,138
SUPER_8,9310000,262,17,20,299,120,142
SUPER_8,9320000,257,13,25,295,130,127
SUPER_8,9330000,324,29,24,377,144,180
SUPER_8,9340000,364,29,45,438,186,178
SUPER_8,9350000,196,23,12,231,96,100
SUPER_8,9360000,253,25,20,298,130,123
SUPER_8,9370000,264,20,32,316,118,146
SUPER_8,9380000,376,33,36,445,178,198
SUPER_8,9390000,406,40,32,478,211,195
SUPER_8,9400000,207,23,23,253,89,118
SUPER_8,9410000,182,16,23,221,95,87
SUPER_8,9420000,227,15,21,263,105,122
SUPER_8,9430000,185,20,24,229,89,96
SUPER_8,9440000,285,24,34,343,142,143
SUPER_8,9450000,302,33,30,365,135,167
SUPER_8,9460000,125,15,22,162,53,72
SUPER_8,9470000,63,8,4,75,30,33
SUPER_8,9480000,84,7,6,97,40,44
SUPER_8,9490000,277,23,20,320,158,119
SUPER_8,9500000,233,22,17,272,127,106
SUPER_8,9510000,283,24,27,334,145,138
SUPER_8,9520000,150,19,12,181,73,77
SUPER_8,9530000,156,11,6,173,76,80
SUPER_8,9540000,180,7,13,200,101,79
SUPER_8,9550000,216,19,16,251,112,104
SUPER_8,9560000,267,23,25,315,137,130
SUPER_8,9570000,336,30,41,407,165,171
SUPER_8,9580000,316,42,21,379,163,153
SUPER_8,9590000,364,27,33,424,170,194
SUPER_8,9600000,310,28,29,367,136,174
SUPER_8,9610000,166,17,12,195,85,81
SUPER_8,9620000,290,16,13,319,134,156
SUPER_8,9630000,255,27,21,303,109,146
SUPER_8,9640000,385,32,37,454,181,204
SUPER_8,9650000,331,41,36,408,154,177
SUPER_8,9660000,213,12,23,248,99,114
SUPER_8,9670000,129,12,13,154,63,66
SUPER_8,9680000,62,8,4,74,34,28
SUPER_8,9690000,323,26,36,385,176,147
SUPER_8,9700000,289,28,35,352,149,140
SUPER_8,9710000,205,34,16,255,98,107
SUPER_8,9720000,58,4,8,70,29,29
SUPER_8,9730000,252,30,22,304,145,107
SUPER_8,9740000,159,16,10,185,83,76
SUPER_8,9750000,78,8,11,97,38,40
SUPER_8,9760000,300,35,17,352,147,153
SUPER_8,9770000,145,18,10,173,88,57
SUPER_8,9780000,282,31,24,337,133,149
SUPER_8,9790000,361,29,30,420,177,184
SUPER_8,9800000,344,35,21,400,162,182
SUPER_8,9810000,167,12,15,194,89,78
SUPER_8,9820000,204,19,18,241,107,97
SUPER_8,9830000,255,19,27,301,118,137
SUPER_8,9840000,195,13,15,223,101,94
SUPER_8,9850000,340,23,30,393,167,173
SUPER_8,9860000,356,26,37,419,170,186
SUPER_8,9870000,56,3,6,65,23,33
SUPER_8,9880000,266,31,19,316,131,135
SUPER_8,9890000,292,23,20,335,140,152
SUPER_8,9900000,0,0,0,0,0,0
SUPER_8,9910000,0,0,0,0,0,0
SUPER_8,9920000,329,25,22,376,174,155
SUPER_8,9930000,291,37,17,345,145,146
SUPER_8,9940000,299,30,33,362,154,145
SUPER_8,9950000,316,33,27,376,156,160
SUPER_8,9960000,332,22,29,383,179,153
SUPER_8,9970000,264,21,25,310,123,141
SUPER_8,9980000,258,22,23,303,141,117
SUPER_8,9990000,299,21,25,345,148,151
SUPER_8,10000000,348,30,34,412,168,180
SUPER_8,10010000,279,19,20,318,127,152
SUPER_8,10020000,201,10,18,229,115,86
SUPER_8,10030000,196,13,24,233,102,94
SUPER_8,10040000,242,29,28,299,109,133
SUPER_8,10050000,356,28,28,412,171,185
SUPER_8,10060000,224,18,25,267,110,114
SUPER_8,10070000,349,33,28,410,166,183
SUPER_8,10080000,390,31,38,459,195,195
SUPER_8,10090000,150,21,25,196,83,67
SUPER_8,10100000,275,16,26,317,143,132
SUPER_8,10110000,197,24,23,244,95,102
SUPER_8,10120000,312,31,27,370,141,171
SUPER_8,10130000,354,32,22,408,174,180
SUPER_8,10140000,120,11,4,135,65,55
SUPER_8,10150000,290,22,24,336,133,157
SUPER_8,10160000,235,23,22,280,119,116
SUPER_8,10170000,404,41,34,479,189,215
SUPER_8,10180000,259,25,27,311,128,131
SUPER_8,10190000,179,20,16,215,81,98
SUPER_8,10200000,329,29,31,389,167,162
SUPER_8,10210000,87,4,12,103,51,36
SUPER_8,10220000,178,20,10,208,94,84
SUPER_8,10230000,75,8,6,89,44,31
SUPER_8,10240000,268,25,29,322,129,139
SUPER_8,10250000,238,26,24,288,120,118
SUPER_8,10260000,267,24,13,304,134,133
SUPER_8,10270000,102,4,4,110,62,40
SUPER_8,10280000,288,31,33,352,123,165
SUPER_8,10290000,302,30,32,364,145,157
SUPER_8,10300000,344,37,29,410,163,181
SUPER_8,10310000,335,32,29,396,166,169
SUPER_8,10320000,106,15,9,130,39,67
SUPER_8,10330000,114,10,9,133,60,54
SUPER_8,10340000,182,22,23,227,77,105
SUPER_8,10350000,340,40,35,415,164,176
SUPER_8,10360000,324,28,28,380,136,188
SUPER_8,10370000,319,21,20,360,174,145
SUPER_8,10380000,243,25,21,289,131,112
SUPER_8,10390000,319,35,32,386,160,159
SUPER_8,10400000,312,36,29,377,140,172
SUPER_8,10410000,312,36,27,375,146,166
SUPER_8,10420000,302,31,25,358,137,165
SUPER_8,10430000,392,33,38,463,177,215
SUPER_8,10440000,237,25,31,293,122,115
SUPER_8,10450000,339,43,34,416,177,162
SUPER_8,10460000,349,45,28,422,181,168
SUPER_8,10470000,325,25,35,385,154,171
SUPER_8,10480000,265,22,21,308,131,134
SUPER_8,10490000,329,41,35,405,151,178
SUPER_8,10500000,291,22,42,355,129,162
SUPER_8,10510000,314,31,25,370,151,163
SUPER_8,10520000,169,16,14,199,99,70
SUPER_8,10530000,299,20,33,352,134,165
SUPER_8,10540000,331,26,36,393,152,179
SUPER_8,10550000,365,32,35,432,162,203
SUPER_8,10560000,231,12,21,264,119,112
SUPER_8,10570000,319,17,32,368,164,155
SUPER_8,10580000,383,33,45,461,179,204
SUPER_8,10590000,377,36,43,456,197,180
SUPER_8,10600000,43,1,7,51,20,23
SUPER_8,10610000,97,8,9,114,57,40
SUPER_8,10620000,211,27,12,250,97,114
SUPER_8,10630000,321,29,28,378,142,179
SUPER_8,10640000,225,18,23,266,108,117
SUPER_8,10650000,298,19,37,354,147,151
SUPER_8,10660000,278,30,23,331,130,148
SUPER_8,10670000,224,23,19,266,106,118
SUPER_8,10680000,328,31,27,386,153,175
SUPER_8,10690000,308,22,31,361,155,153
SUPER_8,10700000,266,41,27,334,137,129
SUPER_8,10710000,371,46,32,449,173,198
SUPER_8,10720000,314,38,45,397,147,167
SUPER_8,10730000,300,19,29,348,118,182
SUPER_8,10740000,296,27,20,343,161,135
SUPER_8,10750000,137,14,14,165,62,75
SUPER_8,10760000,231,21,17,269,103,128
SUPER_8,10770000,249,19,37,305,124,125
SUPER_8,10780000,238,27,24,289,118,120
SUPER_8,10790000,253,17,28,298,133,120
SUPER_8,10800000,331,24,29,384,171,160
SUPER_8,10810000,234,28,17,279,109,125
SUPER_8,10820000,420,41,38,499,206,214
SUPER_8,10830000,198,16,24,238,113,85
SUPER_8,10840000,296,29,30,355,135,161
SUPER_8,10850000,304,27,38,369,166,138
SUPER_8,10860000,154,21,19,194,82,72
SUPER_8,10870000,229,27,24,280,103,126
SUPER_8,10880000,232,18,30,280,108,124
SUPER_8,10890000,270,32,22,324,134,136
SUPER_8,10900000,280,21,33,334,131,149
SUPER_8,10910000,269,28,27,324,139,130
SUPER_8,10920000,255,30,19,304,134,121
SUPER_8,10930000,291,29,34,354,135,156
SUPER_8,10940000,163,21,13,197,81,82
SUPER_8,10950000,315,28,30,373,159,156
SUPER_8,10960000,332,24,22,378,152,180
SUPER_8,10970000,309,26,13,348,148,161
SUPER_8,10980000,0,0,0,0,0,0
SUPER_8,10990000,0,0,0,0,0,0
SUPER_8,11000000,165,18,13,196,89,76
SUPER_8,11010000,0,1,0,1,0,0
SUPER_8,11020000,235,25,21,281,113,122
SUPER_8,11030000,198,19,13,230,100,98
SUPER_8,11040000,116,13,18,147,55,61
SUPER_8,11050000,86,9,9,104,41,45
SUPER_8,11060000,192,21,19,232,89,103
SUPER_8,11070000,188,20,17,225,82,106
SUPER_8,11080000,300,31,26,357,148,152
SUPER_8,11090000,115,9,4,128,66,49
SUPER_8,11100000,216,24,25,265,103,113
SUPER_8,11110000,207,16,21,244,101,106
SUPER_8,11120000,235,20,15,270,113,122
SUPER_8,11130000,185,22,17,224,91,94
SUPER_8,11140000,113,13,7,133,59,54
SUPER_8,11150000,228,24,18,270,113,115
SUPER_8,11160000,263,21,28,312,139,124
SUPER_8,11170000,127,8,7,142,68,59
SUPER_8,11180000,147,13,15,175,71,76
SUPER_8,11190000,70,5,5,80,40,30
SUPER_8,11200000,256,30,22,308,123,133
SUPER_8,11210000,148,7,16,171,73,75
SUPER_8,11220000,263,19,34,316,134,129
SUPER_8,11230000,276,37,27,340,145,131
SUPER_8,11240000,192,15,11,218,87,105
SUPER_8,11250000,207,25,18,250,111,96
SUPER_8,11260000,287,21,27,335,135,152
SUPER_8,11270000,261,21,23,305,145,116
SUPER_8,11280000,315,27,32,374,152,163
SUPER_8,11290000,280,30,32,342,134,146
SUPER_8,11300000,0,1,0,1,0,0
SUPER_8,11310000,222,17,15,254,112,110
SUPER_8,11320000,263,25,22,310,121,142
SUPER_8,11330000,261,24,18,303,127,134
SUPER_8,11340000,299,23,25,347,129,170
SUPER_8,11350000,304,39,34,377,150,154
SUPER_8,11360000,212,22,17,251,106,106
SUPER_8,11370000,184,15,17,216,83,101
SUPER_8,11380000,287,23,31,341,155,132
SUPER_8,11390000,269,20,29,318,128,141
SUPER_8,11400000,278,27,25,330,129,149
SUPER_8,11410000,258,28,28,314,120,138
SUPER_8,11420000,213,20,24,257,94,119
SUPER_8,11430000,223,24,16,263,101,122
SUPER_8,11440000,212,21,19,252,103,109
SUPER_8,11450000,230,28,12,270,107,123
SUPER_8,11460000,315,29,39,383,146,169
SUPER_8,11470000,247,20,22,289,116,131
SUPER_8,11480000,329,34,34,397,163,166
SUPER_8,11490000,177,23,11,211,85,92
SUPER_8,11500000,270,20,29,319,139,131
SUPER_8,11510000,266,21,22,309,131,135
SUPER_8,11520000,181,14,11,206,95,86
SUPER_8,11530000,338,34,30,402,164,174
SUPER_8,11540000,337,26,30,393,176,161
SUPER_8,11550000,164,15,17,196,83,81
SUPER_8,11560000,266,36,33,335,131,135
SUPER_8,11570000,106,10,12,128,49,57
SUPER_8,11580000,318,32,25,375,155,163
SUPER_8,11590000,304,43,20,367,153,151
SUPER_8,11600000,139,15,18,172,73,66
SUPER_8,11610000,315,34,37,386,146,169
SUPER_8,11620000,204,22,20,246,109,95
SUPER_8,11630000,263,32,30,325,116,147
SUPER_8,11640000,178,24,18,220,82,96
SUPER_8,11650000,170,22,23,215,96,74
SUPER_8,11660000,222,23,24,269,120,102
SUPER_8,11670000,216,14,22,252,96,120
SUPER_8,11680000,238,29,18,285,129,109
SUPER_8,11690000,118,18,7,143,52,66
SUPER_8,11700000,230,15,16,261,102,128
SUPER_8,11710000,362,32,38,432,160,202
SUPER_8,11720000,350,40,28,418,162,188
SUPER_8,11730000,191,10,18,219,97,94
SUPER_8,11740000,357,29,31,417,167,190
SUPER_8,11750000,101,11,17,129,40,61
SUPER_8,11760000,168,19,12,199,83,85
SUPER_8,11770000,346,31,25,402,185,161
SUPER_8,11780000,0,0,0,0,0,0
SUPER_8,11790000,0,0,0,0,0,0
SUPER_8,11800000,92,8,18,118,57,35
SUPER_8,11810000,289,21,15,325,153,136
SUPER_8,11820000,3,1,0,4,0,3
SUPER_8,11830000,0,0,0,0,0,0
SUPER_8,11840000,0,0,0,0,0,0
SUPER_8,11850000,0,0,0,0,0,0
SUPER_8,11860000,443,47,33,523,211,232
SUPER_8,11870000,67,3,3,73,35,32
SUPER_8,11880000,292,25,28,345,148,144
SUPER_8,11890000,285,24,32,341,133,152
SUPER_8,11900000,201,15,28,244,111,90
SUPER_8,11910000,343,32,22,397,172,171
SUPER_8,11920000,352,20,41,413,167,185
SUPER_8,11930000,334,25,22,381,176,158
SUPER_8,11940000,52,6,6,64,30,22
SUPER_8,11950000,353,26,31,410,192,161
SUPER_8,11960000,383,38,25,446,180,203
SUPER_8,11970000,266,29,33,328,119,147
SUPER_8,11980000,443,48,42,533,211,232
SUPER_8,11990000,366,36,34,436,188,178
SUPER_8,12000000,371,24,33,428,182,189
SUPER_8,12010000,385,43,33,461,185,200
SUPER_8,12020000,366,45,28,439,182,184
SUPER_8,12030000,382,30,30,442,214,168
SUPER_8,12040000,416,36,42,494,205,211
SUPER_8,12050000,281,20,23,324,156,125
SUPER_8,12060000,215,21,25,261,100,115
SUPER_8,12070000,312,27,26,365,158,154
SUPER_8,12080000,219,22,10,251,112,107
SUPER_8,12090000,341,24,38,403,163,178
SUPER_8,12100000,439,32,35,506,208,231
SUPER_8,12110000,383,35,37,455,194,189
SUPER_8,12120000,364,36,35,435,191,173
SUPER_8,12130000,280,25,28,333,148,132
SUPER_8,12140000,308,15,15,338,172,136
SUPER_8,12150000,308,26,25,359,149,159
SUPER_8,12160000,230,15,19,264,112,118
SUPER_8,12170000,188,12,20,220,87,101
SUPER_8,12180000,152,11,13,176,71,81
SUPER_8,12190000,213,25,22,260,100,113
SUPER_8,12200000,153,14,11,178,70,83
SUPER_8,12210000,211,17,19,247,106,105
SUPER_8,12220000,0,2,1,3,0,0
SUPER_8,12230000,203,23,14,240,98,105
SUPER_8,12240000,314,24,25,363,164,150
SUPER_8,12250000,396,36,31,463,206,190
SUPER_8,12260000,291,15,32,338,158,133
SUPER_8,12270000,309,19,16,344,163,146
SUPER_8,12280000,121,15,10,146,63,58
SUPER_8,12290000,137,20,17,174,67,70
SUPER_8,12300000,64,10,5,79,38,26
SUPER_8,12310000,226,18,20,264,94,132
SUPER_8,12320000,179,26,12,217,83,96
SUPER_8,12330000,303,24,30,357,168,135
SUPER_8,12340000,68,4,4,76,31,37
SUPER_8,12350000,298,33,24,355,143,155
SUPER_8,12360000,525,44,39,608,244,281
SUPER_8,12370000,384,31,45,460,179,205
SUPER_8,12380000,261,22,30,313,140,121
SUPER_8,12390000,303,39,26,368,142,161
SUPER_8,12400000,340,23,23,386,164,176
SUPER_8,12410000,331,31,23,385,161,170
SUPER_8,12420000,334,43,27,404,173,161
SUPER_8,12430000,202,14,12,228,116,86
SUPER_8,12440000,153,18,12,183,76,77
SUPER_8,12450000,377,41,28,446,187,190
SUPER_8,12460000,272,29,28,329,127,145
SUPER_8,12470000,350,40,27,417,161,189
SUPER_8,12480000,239,17,25,281,112,127
SUPER_8,12490000,217,27,24,268,108,109
SUPER_8,12500000,266,26,24,316,136,130
SUPER_8,12510000,403,42,50,495,189,214
SUPER_8,12520000,323,28,32,383,161,162
SUPER_8,12530000,339,32,24,395,162,177
SUPER_8,12540000,203,22,20,245,105,98
SUPER_8,12550000,204,14,15,233,96,108
SUPER_8,12560000,0,0,0,0,0,0
SUPER_8,12570000,0,0,0,0,0,0
SUPER_8,12580000,487,44,41,572,258,229
SUPER_8,12590000,337,23,15,375,174,163
SUPER_8,12600000,378,29,31,438,187,191
SUPER_8,12610000,299,22,32,353,145,154
SUPER_8,12620000,252,34,31,317,128,124
SUPER_8,12630000,264,31,12,307,130,134
SUPER_8,12640000,160,19,16,195,86,74
SUPER_8,12650000,296,42,25,363,160,136
SUPER_8,12660000,314,23,33,370,142,172
SUPER_8,12670000,379,36,40,455,181,198
SUPER_8,12680000,356,23,27,406,185,171
SUPER_8,12690000,201,19,28,248,88,113
SUPER_8,12700000,320,25,32,377,149,171
SUPER_8,12710000,212,27,28,267,111,101
SUPER_8,12720000,101,11,8,120,53,48
SUPER_8,12730000,342,33,29,404,158,184
SUPER_8,12740000,440,41,31,512,217,223
SUPER_8,12750000,64,5,3,72,36,28
SUPER_8,12760000,284,22,18,324,139,145
SUPER_8,12770000,285,25,14,324,148,137
SUPER_8,12780000,54,5,4,63,22,32
SUPER_8,12790000,0,0,0,0,0,0
SUPER_8,12800000,0,0,0,0,0,0
SUPER_8,12810000,181,25,14,220,90,91
SUPER_8,12820000,196,18,14,228,90,106
SUPER_8,12830000,61,7,7,75,29,32
SUPER_8,12840000,356,30,25,411,179,177
SUPER_8,12850000,0,0,1,1,0,0
SUPER_8,12860000,345,40,30,415,168,177
SUPER_8,12870000,410,52,46,508,199,211
SUPER_8,12880000,281,27,20,328,144,137
SUPER_8,12890000,331,32,33,396,177,154
SUPER_8,12900000,330,35,30,395,165,165
SUPER_8,12910000,308,26,20,354,137,171
SUPER_8,12920000,361,28,27,416,181,180
SUPER_8,12930000,330,28,24,382,162,168
SUPER_8,12940000,268,19,19,306,123,145
SUPER_8,12950000,301,16,11,328,160,141
SUPER_8,12960000,191,14,17,222,107,84
SUPER_8,12970000,238,23,13,274,142,96
SUPER_8,12980000,235,17,22,274,134,101
SUPER_8,12990000,227,24,31,282,107,120
SUPER_8,13000000,253,31,21,305,121,132
SUPER_8,13010000,330,38,26,394,155,175
SUPER_8,13020000,356,29,29,414,180,176
SUPER_8,13030000,380,38,31,449,179,201
SUPER_8,13040000,303,23,24,350,164,139
SUPER_8,13050000,300,33,26,359,166,134
SUPER_8,13060000,151,16,9,176,81,70
SUPER_8,13070000,252,22,27,301,130,122
SUPER_8,13080000,323,22,31,376,176,147
SUPER_8,13090000,320,30,33,383,168,152
SUPER_8,13100000,13,0,1,14,7,6
SUPER_8,13110000,108,6,9,123,47,61
SUPER_8,13120000,68,1,0,69,41,27
SUPER_8,13130000,207,21,10,238,105,102
SUPER_8,13140000,367,26,17,410,162,205
SUPER_8,13150000,0,0,0,0,0,0
SUPER_8,13160000,0,0,0,0,0,0
SUPER_8,13170000,6,0,0,6,3,3
SUPER_8,13180000,176,16,7,199,99,77
SUPER_8,13190000,342,29,27,398,185,157
SUPER_8,13200000,264,25,26,315,126,138
SUPER_8,13210000,341,35,35,411,167,174
SUPER_8,13220000,316,30,26,372,136,180
SUPER_8,13230000,137,10,22,169,70,67
SUPER_8,13240000,201,20,19,240,113,88
SUPER_8,13250000,317,39,26,382,145,172
SUPER_8,13260000,331,30,21,382,159,172
SUPER_8,13270000,322,35,42,399,166,156
SUPER_8,13280000,379,27,32,438,168,211
SUPER_8,13290000,331,31,40,402,186,145
SUPER_8,13300000,298,32,28,358,146,152
SUPER_8,13310000,324,29,35,388,169,155
SUPER_8,13320000,324,27,36,387,143,181
SUPER_8,13330000,109,8,9,126,57,52
SUPER_8,13340000,124,14,5,143,63,61
SUPER_8,13350000,260,22,17,299,122,138
SUPER_8,13360000,393,34,39,466,207,186
SUPER_8,13370000,200,23,17,240,88,112
SUPER_8,13380000,354,23,29,406,174,180
SUPER_8,13390000,306,32,35,373,150,156
SUPER_8,13400000,243,14,18,275,135,108
SUPER_8,13410000,128,7,10,145,67,61
SUPER_8,13420000,221,21,16,258,118,103
SUPER_8,13430000,66,7,6,79,41,25
SUPER_8,13440000,204,25,22,251,108,96
SUPER_8,13450000,164,18,20,202,90,74
SUPER_8,13460000,200,10,19,229,107,93
SUPER_8,13470000,0,0,0,0,0,0
SUPER_8,13480000,0,0,0,0,0,0
SUPER_8,13490000,0,0,0,0,0,0
SUPER_8,13500000,307,25,29,361,141,166
SUPER_8,13510000,274,18,26,318,146,128
SUPER_8,13520000,291,25,32,348,141,150
SUPER_8,13530000,203,21,16,240,96,107
SUPER_8,13540000,171,11,7,189,93,78
SUPER_8,13550000,219,14,23,256,104,115
SUPER_8,13560000,33,6,2,41,15,18
SUPER_8,13570000,215,20,22,257,114,101
SUPER_8,13580000,100,17,7,124,58,42
SUPER_8,13590000,148,10,15,173,86,62
SUPER_8,13600000,243,25,13,281,131,112
SUPER_8,13610000,20,2,2,24,12,8
SUPER_8,13620000,266,30,24,320,129,137
SUPER_8,13630000,344,33,31,408,165,179
SUPER_8,13640000,223,15,19,257,109,114
SUPER_8,13650000,351,29,33,413,161,190
SUPER_8,13660000,338,21,24,383,168,170
SUPER_8,13670000,324,21,33,378,178,146
SUPER_8,13680000,57,3,6,66,27,30
SUPER_8,13690000,255,20,28,303,130,125
SUPER_8,13700000,176,25,18,219,84,92
SUPER_8,13710000,107,9,9,125,57,50
SUPER_8,13720000,243,24,22,289,132,111
SUPER_8,13730000,210,19,12,241,113,97
SUPER_8,13740000,232,27,25,284,119,113
SUPER_8,13750000,0,0,0,0,0,0
SUPER_8,13760000,0,0,0,0,0,0
SUPER_8,13770000,104,8,7,119,61,43
SUPER_8,13780000,1,0,0,1,0,1
SUPER_8,13790000,74,4,2,80,38,36
SUPER_9,10000,32,6,7,45,16,16
SUPER_9,20000,0,2,3,5,0,0
SUPER_9,30000,0,0,0,0,0,0
SUPER_9,40000,0,0,0,0,0,0
SUPER_9,50000,0,0,0,0,0,0
SUPER_9,60000,0,0,0,0,0,0
SUPER_9,70000,295,27,28,350,133,162
SUPER_9,80000,174,21,15,210,77,97
SUPER_9,90000,177,19,16,212,96,81
SUPER_9,100000,122,14,8,144,74,48
SUPER_9,110000,159,17,12,188,86,73
SUPER_9,120000,167,17,17,201,83,84
SUPER_9,130000,119,5,8,132,63,56
SUPER_9,140000,201,20,24,245,111,90
SUPER_9,150000,234,21,18,273,122,112
SUPER_9,160000,144,20,7,171,73,71
SUPER_9,170000,260,32,28,320,137,123
SUPER_9,180000,171,18,20,209,89,82
SUPER_9,190000,213,16,20,249,116,97
SUPER_9,200000,183,15,13,211,96,87
SUPER_9,210000,250,26,20,296,132,118
SUPER_9,220000,320,32,24,376,177,143
SUPER_9,230000,63,5,3,71,27,36
SUPER_9,240000,204,17,12,233,107,97
SUPER_9,250000,199,19,14,232,107,92
SUPER_9,260000,154,17,13,184,72,82
SUPER_9,270000,118,9,9,136,64,54
SUPER_9,280000,218,23,19,260,113,105
SUPER_9,290000,145,20,14,179,74,71
SUPER_9,300000,205,16,20,241,100,105
SUPER_9,310000,224,16,35,275,106,118
SUPER_9,320000,154,17,15,186,77,77
SUPER_9,330000,137,16,16,169,67,70
SUPER_9,340000,240,16,29,285,116,124
SUPER_9,350000,292,23,21,336,173,119
SUPER_9,360000,275,23,24,322,140,135
SUPER_9,370000,154,20,16,190,72,82
SUPER_9,380000,286,23,26,335,146,140
SUPER_9,390000,287,27,20,334,143,144
SUPER_9,400000,292,20,23,335,131,161
SUPER_9,410000,345,31,36,412,169,176
SUPER_9,420000,62,7,6,75,33,29
SUPER_9,430000,179,11,11,201,90,89
SUPER_9,440000,270,15,25,310,127,143
SUPER_9,450000,338,31,33,402,158,180
SUPER_9,460000,243,25,26,294,122,121
SUPER_9,470000,287,20,16,323,136,151
SUPER_9,480000,349,27,31,407,182,167
SUPER_9,490000,293,28,23,344,153,140
SUPER_9,500000,221,23,21,265,115,106
SUPER_9,510000,296,26,23,345,141,155
SUPER_9,520000,214,23,17,254,105,109
SUPER_9,530000,193,14,13,220,103,90
SUPER_9,540000,168,16,8,192,87,81
SUPER_9,550000,252,25,18,295,113,139
SUPER_9,560000,280,30,20,330,138,142
SUPER_9,570000,254,27,31,312,121,133
SUPER_9,580000,308,30,28,366,157,151
SUPER_9,590000,424,27,39,490,209,215
SUPER_9,600000,159,18,27,204,75,84
SUPER_9,610000,229,28,31,288,112,117
SUPER_9,620000,345,39,31,415,175,170
SUPER_9,630000,329,34,26,389,162,167
SUPER_9,640000,250,31,32,313,126,124
SUPER_9,650000,169,14,19,202,89,80
SUPER_9,660000,224,20,11,255,115,109
SUPER_9,670000,271,23,22,316,145,126
SUPER_9,680000,157,7,12,176,78,79
SUPER_9,690000,244,22,30,296,115,129
SUPER_9,700000,241,26,20,287,130,111
SUPER_9,710000,323,32,26,381,159,164
SUPER_9,720000,275,28,26,329,136,139
SUPER_9,730000,266,22,29,317,135,131
SUPER_9,740000,0,0,0,0,0,0
SUPER_9,750000,0,0,0,0,0,0
SUPER_9,760000,501,53,45,599,248,253
SUPER_9,770000,301,31,32,364,131,170
SUPER_9,780000,418,43,46,507,196,222
SUPER_9,790000,278,22,20,320,142,136
SUPER_9,800000,191,20,13,224,85,106
SUPER_9,810000,202,24,16,242,96,106
SUPER_9,820000,287,32,26,345,143,144
SUPER_9,830000,313,34,12,359,151,162
SUPER_9,840000,345,37,39,421,150,195
SUPER_9,850000,3,0,1,4,2,1
SUPER_9,860000,115,7,8,130,62,53
SUPER_9,870000,19,3,3,25,6,13
SUPER_9,880000,281,23,38,342,124,157
SUPER_9,890000,161,15,14,190,80,81
SUPER_9,900000,103,9,12,124,42,61
SUPER_9,910000,4,0,1,5,1,3
SUPER_9,920000,25,3,1,29,11,14
SUPER_9,930000,336,41,17,394,168,168
SUPER_9,940000,414,32,33,479,229,185
SUPER_9,950000,314,27,29,370,135,179
SUPER_9,960000,98,12,5,115,49,49
SUPER_9,970000,470,36,42,548,222,248
SUPER_9,980000,263,21,23,307,126,137
SUPER_9,990000,280,23,22,325,138,142
SUPER_9,1000000,320,33,17,370,160,160
SUPER_9,1010000,243,20,23,286,127,116
SUPER_9,1020000,283,21,25,329,124,159
SUPER_9,1030000,199,16,15,230,99,100
SUPER_9,1040000,178,24,18,220,89,89
SUPER_9,1050000,1,0,0,1,1,0
SUPER_9,1060000,160,15,17,192,77,83
SUPER_9,1070000,201,24,20,245,97,104
SUPER_9,1080000,402,38,31,471,204,198
SUPER_9,1090000,274,25,26,325,144,130
SUPER_9,1100000,135,11,15,161,71,64
SUPER_9,1110000,49,3,5,57,30,19
SUPER_9,1120000,167,14,11,192,77,90
SUPER_9,1130000,330,25,33,388,163,167
SUPER_9,1140000,167,9,11,187,97,70
SUPER_9,1150000,106,3,7,116,62,44
SUPER_9,1160000,105,4,5,114,65,40
SUPER_9,1170000,371,34,28,433,185,186
SUPER_9,1180000,380,32,34,446,195,185
SUPER_9,1190000,375,33,28,436,180,195
SUPER_9,1200000,368,33,34,435,202,166
SUPER_9,1210000,477,38,48,563,237,240
SUPER_9,1220000,282,14,28,324,149,133
SUPER_9,1230000,315,17,22,354,180,135
SUPER_9,1240000,300,30,28,358,160,140
SUPER_9,1250000,360,26,35,421,184,176
SUPER_9,1260000,225,18,18,261,118,107
SUPER_9,1270000,372,33,30,435,183,189
SUPER_9,1280000,109,12,10,131,57,52
SUPER_9,1290000,110,18,14,142,54,56
SUPER_9,1300000,135,10,21,166,64,71
SUPER_9,1310000,250,25,33,308,131,119
SUPER_9,1320000,214,21,23,258,115,99
SUPER_9,1330000,123,11,6,140,68,55
SUPER_9,1340000,255,18,18,291,127,128
SUPER_9,1350000,22,1,2,25,14,8
SUPER_9,1360000,267,28,18,313,136,131
SUPER_9,1370000,215,17,14,246,118,97
SUPER_9,1380000,245,37,19,301,130,115
SUPER_9,1390000,204,24,21,249,102,102
SUPER_9,1400000,154,11,14,179,79,75
SUPER_9,1410000,278,34,39,351,126,152
SUPER_9,1420000,308,28,28,364,171,137
SUPER_9,1430000,352,43,30,425,184,168
SUPER_9,1440000,272,26,25,323,129,143
SUPER_9,1450000,298,30,32,360,160,138
SUPER_9,1460000,224,24,19,267,104,120
SUPER_9,1470000,272,29,26,327,128,144
SUPER_9,1480000,294,23,23,340,153,141
SUPER_9,1490000,259,20,22,301,127,132
SUPER_9,1500000,277,29,27,333,143,134
SUPER_9,1510000,267,24,24,315,138,129
SUPER_9,1520000,328,37,30,395,159,169
SUPER_9,1530000,259,24,21,304,131,128
SUPER_9,1540000,317,28,32,377,152,165
SUPER_9,1550000,362,34,33,429,183,179
SUPER_9,1560000,403,33,33,469,207,196
SUPER_9,1570000,342,30,29,401,177,165
SUPER_9,1580000,357,23,46,426,168,189
SUPER_9,1590000,285,24,25,334,144,141
SUPER_9,1600000,270,32,35,337,136,134
SUPER_9,1610000,322,39,24,385,166,156
SUPER_9,1620000,272,29,21,322,131,141
SUPER_9,1630000,212,22,26,260,109,103
SUPER_9,1640000,169,10,10,189,87,82
SUPER_9,1650000,191,19,29,239,103,88
SUPER_9,1660000,325,35,28,388,152,173
SUPER_9,1670000,262,25,27,314,134,128
SUPER_9,1680000,263,25,29,317,119,144
SUPER_9,1690000,238,34,23,295,123,115
SUPER_9,1700000,175,17,16,208,87,88
SUPER_9,1710000,317,36,32,385,142,175
SUPER_9,1720000,346,31,44,421,169,177
SUPER_9,1730000,286,26,24,336,144,142
SUPER_9,1740000,366,23,30,419,171,195
SUPER_9,1750000,260,20,24,304,127,133
SUPER_9,1760000,0,0,0,0,0,0
SUPER_9,1770000,0,0,0,0,0,0
SUPER_9,1780000,256,25,23,304,120,136
SUPER_9,1790000,271,19,21,311,142,129
SUPER_9,1800000,299,34,26,359,150,149
SUPER_9,1810000,315,30,32,377,149,166
SUPER_9,1820000,377,41,26,444,188,189
SUPER_9,1830000,334,33,17,384,187,147
SUPER_9,1840000,304,22,31,357,164,140
SUPER_9,1850000,122,13,13,148,65,57
SUPER_9,1860000,126,16,14,156,51,75
SUPER_9,1870000,127,13,5,145,60,67
SUPER_9,1880000,233,13,12,258,129,104
SUPER_9,1890000,150,19,13,182,70,80
SUPER_9,1900000,300,32,39,371,136,164
SUPER_9,1910000,203,22,17,242,98,105
SUPER_9,1920000,274,26,21,321,128,146
SUPER_9,1930000,311,27,29,367,162,149
SUPER_9,1940000,369,42,27,438,179,190
SUPER_9,1950000,325,35,27,387,171,154
SUPER_9,1960000,279,37,24,340,144,135
SUPER_9,1970000,243,26,27,296,143,100
SUPER_9,1980000,219,24,24,267,104,115
SUPER_9,1990000,186,24,19,229,96,90
SUPER_9,2000000,253,28,19,300,132,121
SUPER_9,2010000,412,46,30,488,196,216
SUPER_9,2020000,194,21,17,232,94,100
SUPER_9,2030000,257,28,27,312,114,143
SUPER_9,2040000,412,29,43,484,196,216
SUPER_9,2050000,117,11,12,140,64,53
SUPER_9,2060000,156,32,14,202,63,93
SUPER_9,2070000,239,14,21,274,121,118
SUPER_9,2080000,154,15,9,178,72,82
SUPER_9,2090000,73,5,3,81,32,41
SUPER_9,2100000,112,14,7,133,62,50
SUPER_9,2110000,142,8,11,161,65,77
SUPER_9,2120000,210,24,20,254,98,112
SUPER_9,2130000,250,16,27,293,127,123
SUPER_9,2140000,115,6,10,131,66,49
SUPER_9,2150000,287,25,27,339,148,139
SUPER_9,2160000,114,6,8,128,57,57
SUPER_9,2170000,124,10,8,142,63,61
SUPER_9,2180000,179,12,18,209,88,91
SUPER_9,2190000,338,31,26,395,183,155
SUPER_9,2200000,242,25,26,293,105,137
SUPER_9,2210000,114,10,6,130,62,52
SUPER_9,2220000,0,1,1,2,0,0
SUPER_9,2230000,61,5,7,73,29,32
SUPER_9,2240000,153,14,12,179,67,86
SUPER_9,2250000,104,10,7,121,66,38
SUPER_9,2260000,40,4,2,46,23,17
SUPER_9,2270000,71,8,4,83,41,30
SUPER_9,2280000,257,22,26,305,129,128
SUPER_9,2290000,118,5,7,130,63,55
SUPER_9,2300000,138,9,14,161,61,77
SUPER_9,2310000,297,30,24,351,146,151
SUPER_9,2320000,207,24,13,244,107,100
SUPER_9,2330000,375,30,30,435,176,199
SUPER_9,2340000,106,7,9,122,53,53
SUPER_9,2350000,171,17,21,209,89,82
SUPER_9,2360000,503,53,52,608,246,257
SUPER_9,2370000,0,0,0,0,0,0
SUPER_9,2380000,0,0,0,0,0,0
SUPER_9,2390000,297,25,15,337,155,142
SUPER_9,2400000,218,17,18,253,110,108
SUPER_9,2410000,223,13,19,255,117,106
SUPER_9,2420000,108,10,12,130,60,48
SUPER_9,2430000,174,18,20,212,87,87
SUPER_9,2440000,106,10,6,122,59,47
SUPER_9,2450000,51,7,1,59,29,22
SUPER_9,2460000,109,11,8,128,54,55
SUPER_9,2470000,82,11,10,103,40,42
SUPER_9,2480000,161,17,16,194,81,80
SUPER_9,2490000,112,19,12,143,40,72
SUPER_9,2500000,38,4,6,48,23,15
SUPER_9,2510000,53,13,5,71,25,28
SUPER_9,2520000,110,14,12,136,51,59
SUPER_9,2530000,85,8,11,104,48,37
SUPER_9,2540000,17,2,0,19,7,10
SUPER_9,2550000,113,8,14,135,57,56
SUPER_9,2560000,207,21,21,249,105,102
SUPER_9,2570000,232,28,20,280,118,114
SUPER_9,2580000,368,39,31,438,185,183
SUPER_9,2590000,295,37,27,359,146,149
SUPER_9,2600000,85,7,9,101,41,44
SUPER_9,2610000,8,1,0,9,5,3
SUPER_9,2620000,201,14,25,240,100,101
SUPER_9,2630000,244,24,26,294,126,118
SUPER_9,2640000,261,14,23,298,132,129
SUPER_9,2650000,197,14,15,226,90,107
SUPER_9,2660000,205,18,19,242,100,105
SUPER_9,2670000,163,23,9,195,69,94
SUPER_9,2680000,75,8,1,84,34,41
SUPER_9,2690000,172,15,17,204,104,68
SUPER_9,2700000,251,25,28,304,124,127
SUPER_9,2710000,185,11,17,213,104,81
SUPER_9,2720000,204,21,12,237,103,101
SUPER_9,2730000,184,19,25,228,94,90
SUPER_9,2740000,263,31,24,318,139,124
SUPER_9,2750000,241,23,14,278,126,115
SUPER_9,2760000,404,45,41,490,188,216
SUPER_9,2770000,279,29,28,336,131,148
SUPER_9,2780000,287,26,32,345,132,155
SUPER_9,2790000,206,13,22,241,106,100
SUPER_9,2800000,0,0,0,0,0,0
SUPER_9,2810000,0,0,0,0,0,0
SUPER_9,2820000,0,0,0,0,0,0
SUPER_9,2830000,455,55,23,533,216,239
SUPER_9,2840000,409,36,43,488,201,208
SUPER_9,2850000,183,18,14,215,95,88
SUPER_9,2860000,219,26,28,273,118,101
SUPER_9,2870000,165,20,23,208,73,92
SUPER_9,2880000,151,12,13,176,76,75
SUPER_9,2890000,179,14,17,210,79,100
SUPER_9,2900000,146,14,15,175,70,76
SUPER_9,2910000,327,38,20,385,168,159
SUPER_9,2920000,238,16,20,274,121,117
SUPER_9,2930000,255,28,17,300,137,118
SUPER_9,2940000,130,18,11,159,71,59
SUPER_9,2950000,153,18,14,185,73,80
SUPER_9,2960000,226,27,21,274,113,113
SUPER_9,2970000,86,9,15,110,51,35
SUPER_9,2980000,255,15,24,294,143,112
SUPER_9,2990000,178,17,15,210,84,94
SUPER_9,3000000,268,26,27,321,116,152
SUPER_9,3010000,208,22,20,250,104,104
SUPER_9,3020000,430,42,40,512,191,239
SUPER_9,3030000,289,26,28,343,141,148
SUPER_9,3040000,363,23,28,414,177,186
SUPER_9,3050000,268,30,28,326,127,141
SUPER_9,3060000,329,34,40,403,157,172
SUPER_9,3070000,268,27,34,329,138,130
SUPER_9,3080000,228,19,20,267,99,129
SUPER_9,3090000,327,28,29,384,152,175
SUPER_9,3100000,141,12,21,174,68,73
SUPER_9,3110000,237,25,18,280,108,129
SUPER_9,3120000,291,28,26,345,130,161
SUPER_9,3130000,252,29,25,306,131,121
SUPER_9,3140000,232,18,22,272,113,119
SUPER_9,3150000,293,14,28,335,150,143
SUPER_9,3160000,182,17,12,211,83,99
SUPER_9,3170000,163,19,18,200,89,74
SUPER_9,3180000,283,25,22,330,135,148
SUPER_9,3190000,250,31,27,308,131,119
SUPER_9,3200000,0,1,0,1,0,0
SUPER_9,3210000,112,12,7,131,62,50
SUPER_9,3220000,264,24,32,320,112,152
SUPER_9,3230000,235,19,22,276,132,103
SUPER_9,3240000,303,39,30,372,148,155
SUPER_9,3250000,244,30,18,292,119,125
SUPER_9,3260000,353,42,37,432,185,168
SUPER_9,3270000,221,21,24,266,111,110
SUPER_9,3280000,88,12,9,109,45,43
SUPER_9,3290000,207,26,31,264,102,105
SUPER_9,3300000,166,27,15,208,76,90
SUPER_9,3310000,222,21,14,257,94,128
SUPER_9,3320000,82,9,7,98,38,44
SUPER_9,3330000,0,1,0,1,0,0
SUPER_9,3340000,181,17,19,217,86,95
SUPER_9,3350000,241,23,16,280,113,128
SUPER_9,3360000,108,5,10,123,59,49
SUPER_9,3370000,179,12,18,209,88,91
SUPER_9,3380000,216,20,26,262,105,111
SUPER_9,3390000,345,31,46,422,161,184
SUPER_9,3400000,185,16,14,215,89,96
SUPER_9,3410000,136,14,16,166,64,72
SUPER_9,3420000,189,18,20,227,92,97
SUPER_9,3430000,309,16,36,361,147,162
SUPER_9,3440000,171,10,17,198,75,96
SUPER_9,3450000,321,31,31,383,161,160
SUPER_9,3460000,218,26,17,261,107,111
SUPER_9,3470000,294,21,29,344,130,164
SUPER_9,3480000,255,40,26,321,121,134
SUPER_9,3490000,298,31,30,359,144,154
SUPER_9,3500000,230,17,14,261,106,124
SUPER_9,3510000,288,28,25,341,145,143
SUPER_9,3520000,0,0,0,0,0,0
SUPER_9,3530000,0,0,0,0,0,0
SUPER_9,3540000,0,0,0,0,0,0
SUPER_9,3550000,0,0,0,0,0,0
SUPER_9,3560000,255,33,15,303,122,133
SUPER_9,3570000,199,22,20,241,104,95
SUPER_9,3580000,208,23,12,243,110,98
SUPER_9,3590000,197,18,20,235,101,96
SUPER_9,3600000,121,15,11,147,58,63
SUPER_9,3610000,288,27,24,339,143,145
SUPER_9,3620000,145,23,16,184,69,76
SUPER_9,3630000,212,22,22,256,111,101
SUPER_9,3640000,234,29,28,291,107,127
SUPER_9,3650000,149,11,11,171,71,78
SUPER_9,3660000,270,21,20,311,134,136
SUPER_9,3670000,307,33,21,361,161,146
SUPER_9,3680000,191,18,16,225,90,101
SUPER_9,3690000,58,12,11,81,29,29
SUPER_9,3700000,194,11,27,232,126,68
SUPER_9,3710000,241,24,14,279,123,118
SUPER_9,3720000,257,23,23,303,117,140
SUPER_9,3730000,302,22,28,352,136,166
SUPER_9,3740000,328,33,41,402,146,182
SUPER_9,3750000,254,18,34,306,123,131
SUPER_9,3760000,250,20,24,294,110,140
SUPER_9,3770000,213,24,24,261,102,111
SUPER_9,3780000,327,35,41,403,141,186
SUPER_9,3790000,37,7,3,47,18,19
SUPER_9,3800000,143,14,18,175,70,73
SUPER_9,3810000,92,13,10,115,44,48
SUPER_9,3820000,200,21,20,241,91,109
SUPER_9,3830000,103,14,16,133,43,60
SUPER_9,3840000,192,18,25,235,81,111
SUPER_9,3850000,312,26,22,360,167,145
SUPER_9,3860000,217,14,15,246,94,123
SUPER_9,3870000,243,15,22,280,128,115
SUPER_9,3880000,217,23,22,262,114,103
SUPER_9,3890000,299,25,16,340,136,163
SUPER_9,3900000,292,29,30,351,135,157
SUPER_9,3910000,228,33,17,278,112,116
SUPER_9,3920000,248,30,16,294,124,124
SUPER_9,3930000,275,31,22,328,129,146
SUPER_9,3940000,192,20,25,237,93,99
SUPER_9,3950000,288,31,20,339,127,161
SUPER_9,3960000,343,27,40,410,165,178
SUPER_9,3970000,375,31,30,436,174,201
SUPER_9,3980000,367,30,36,433,185,182
SUPER_9,3990000,290,35,27,352,147,143
SUPER_9,4000000,268,24,23,315,135,133
SUPER_9,4010000,306,28,23,357,164,142
SUPER_9,4020000,215,22,20,257,103,112
SUPER_9,4030000,58,10,5,73,23,35
SUPER_9,4040000,72,6,5,83,38,34
SUPER_9,4050000,189,17,23,229,93,96
SUPER_9,4060000,188,20,12,220,85,103
SUPER_9,4070000,210,19,20,249,91,119
SUPER_9,4080000,67,9,13,89,35,32
SUPER_9,4090000,240,17,20,277,132,108
SUPER_9,4100000,212,20,17,249,121,91
SUPER_9,4110000,247,18,21,286,142,105
SUPER_9,4120000,197,21,17,235,105,92
SUPER_9,4130000,150,15,14,179,77,73
SUPER_9,4140000,88,10,15,113,50,38
SUPER_9,4150000,205,15,13,233,111,94
SUPER_9,4160000,276,28,20,324,139,137
SUPER_9,4170000,263,20,33,316,122,141
SUPER_9,4180000,248,39,20,307,116,132
SUPER_9,4190000,102,9,8,119,48,54
SUPER_9,4200000,258,24,23,305,121,137
SUPER_9,4210000,158,18,19,195,80,78
SUPER_9,4220000,160,21,15,196,84,76
SUPER_9,4230000,143,6,10,159,73,70
SUPER_9,4240000,217,20,27,264,92,125
SUPER_9,4250000,138,16,9,163,58,80
SUPER_9,4260000,192,21,16,229,91,101
SUPER_9,4270000,242,21,35,298,114,128
SUPER_9,4280000,317,22,35,374,153,164
SUPER_9,4290000,235,37,21,293,110,125
SUPER_9,4300000,117,8,14,139,47,70
SUPER_9,4310000,230,23,20,273,119,111
SUPER_9,4320000,223,22,21,266,101,122
SUPER_9,4330000,261,20,18,299,116,145
SUPER_9,4340000,73,10,7,90,40,33
SUPER_9,4350000,208,23,14,245,91,117
SUPER_9,4360000,225,25,24,274,104,121
SUPER_9,4370000,186,26,22,234,83,103
SUPER_9,4380000,171,13,9,193,101,70
SUPER_9,4390000,261,24,32,317,123,138
SUPER_9,4400000,166,19,21,206,77,89
SUPER_9,4410000,178,17,19,214,90,88
SUPER_9,4420000,265,24,14,303,138,127
SUPER_9,4430000,253,28,22,303,117,136
SUPER_9,4440000,99,16,8,123,53,46
SUPER_9,4450000,205,26,15,246,98,107
SUPER_9,4460000,153,15,14,182,77,76
SUPER_9,4470000,258,29,32,319,118,140
SUPER_9,4480000,240,25,25,290,124,116
SUPER_9,4490000,235,23,21,279,109,126
SUPER_9,4500000,107,17,7,131,50,57
SUPER_9,4510000,178,17,8,203,76,102
SUPER_9,4520000,213,30,12,255,96,117
SUPER_9,4530000,176,14,9,199,88,88
SUPER_9,4540000,149,15,9,173,71,78
SUPER_9,4550000,244,24,15,283,115,129
SUPER_9,4560000,163,18,11,192,75,88
SUPER_9,4570000,138,10,17,165,70,68
SUPER_9,4580000,237,23,12,272,106,131
SUPER_9,4590000,245,35,17,297,129,116
SUPER_9,4600000,106,19,10,135,52,54
SUPER_9,4610000,131,21,12,164,55,76
SUPER_9,4620000,168,30,18,216,79,89
SUPER_9,4630000,201,28,18,247,89,112
SUPER_9,4640000,111,14,12,137,58,53
SUPER_9,4650000,253,25,24,302,113,140
SUPER_9,4660000,144,16,10,170,73,71
SUPER_9,4670000,188,19,8,215,100,88
SUPER_9,4680000,181,24,25,230,76,105
SUPER_9,4690000,45,7,2,54,24,21
SUPER_9,4700000,146,16,16,178,59,87
SUPER_9,4710000,233,41,16,290,109,124
SUPER_9,4720000,216,24,26,266,108,108
SUPER_9,4730000,170,17,22,209,79,91
SUPER_9,4740000,148,18,13,179,77,71
SUPER_9,4750000,169,17,27,213,70,99
SUPER_9,4760000,115,13,14,142,52,63
SUPER_9,4770000,164,23,18,205,76,88
SUPER_9,4780000,133,17,13,163,63,70
SUPER_9,4790000,140,14,19,173,71,69
SUPER_9,4800000,120,12,13,145,58,62
SUPER_9,4810000,148,18,9,175,73,75
SUPER_9,4820000,185,21,21,227,91,94
SUPER_9,4830000,154,20,29,203,85,69
SUPER_9,4840000,135,5,11,151,59,76
SUPER_9,4850000,107,14,14,135,45,62
SUPER_9,4860000,155,15,8,178,77,78
SUPER_9,4870000,172,24,17,213,77,95
SUPER_9,4880000,159,22,15,196,78,81
SUPER_9,4890000,154,10,19,183,78,76
SUPER_9,4900000,20,2,5,27,12,8
SUPER_9,4910000,73,6,8,87,30,43
SUPER_9,4920000,50,8,2,60,22,28
SUPER_9,4930000,158,16,13,187,74,84
SUPER_9,4940000,182,19,19,220,88,94
SUPER_9,4950000,142,6,16,164,78,64
SUPER_9,4960000,180,26,14,220,88,92
SUPER_9,4970000,299,21,37,357,162,137
SUPER_9,4980000,157,22,15,194,84,73
SUPER_9,4990000,191,16,18,225,80,111
SUPER_9,5000000,102,8,20,130,42,60
SUPER_9,5010000,154,12,13,179,87,67
SUPER_9,5020000,112,13,6,131,53,59
SUPER_9,5030000,140,18,16,174,81,59
SUPER_9,5040000,192,21,17,230,100,92
SUPER_9,5050000,160,15,22,197,71,89
SUPER_9,5060000,206,15,15,236,107,99
SUPER_9,5070000,83,11,6,100,43,40
SUPER_9,5080000,115,10,12,137,59,56
SUPER_9,5090000,127,13,19,159,63,64
SUPER_9,5100000,209,19,14,242,91,118
SUPER_9,5110000,13,0,2,15,9,4
SUPER_9,5120000,154,11,12,177,74,80
SUPER_9,5130000,108,11,10,129,53,55
SUPER_9,5140000,4,0,2,6,2,2
SUPER_9,5150000,203,14,8,225,115,88
SUPER_9,5160000,114,9,14,137,53,61
SUPER_9,5170000,218,25,22,265,110,108
SUPER_9,5180000,159,18,7,184,62,97
SUPER_9,5190000,306,20,25,351,148,158
SUPER_9,5200000,157,10,20,187,86,71
SUPER_9,5210000,163,18,22,203,73,90
SUPER_9,5220000,93,14,9,116,50,43
SUPER_9,5230000,267,26,22,315,133,134
SUPER_9,5240000,185,19,22,226,80,105
SUPER_9,5250000,133,9,17,159,65,68
SUPER_9,5260000,145,18,13,176,74,71
SUPER_9,5270000,114,11,8,133,68,46
SUPER_9,5280000,153,20,16,189,76,77
SUPER_9,5290000,138,10,8,156,84,54
SUPER_9,5300000,163,16,10,189,79,84
SUPER_9,5310000,94,15,16,125,42,52
SUPER_9,5320000,161,11,16,188,98,63
SUPER_9,5330000,105,12,9,126,54,51
SUPER_9,5340000,137,10,14,161,66,71
SUPER_9,5350000,192,14,17,223,91,101
SUPER_9,5360000,89,10,8,107,39,50
SUPER_9,5370000,165,14,14,193,87,78
SUPER_9,5380000,158,17,11,186,80,78
SUPER_9,5390000,75,6,6,87,43,32
SUPER_9,5400000,211,23,19,253,104,107
SUPER_9,5410000,124,8,13,145,52,72
SUPER_9,5420000,125,18,9,152,53,72
SUPER_9,5430000,135,14,14,163,67,68
SUPER_9,5440000,191,23,12,226,91,100
SUPER_9,5450000,157,18,26,201,67,90
SUPER_9,5460000,206,21,26,253,106,100
SUPER_9,5470000,203,16,19,238,99,104
SUPER_9,5480000,98,10,8,116,40,58
SUPER_9,5490000,84,5,6,95,37,47
SUPER_9,5500000,121,12,14,147,56,65
SUPER_9,5510000,156,16,13,185,80,76
SUPER_9,5520000,244,31,21,296,116,128
SUPER_9,5530000,252,24,20,296,115,137
SUPER_9,5540000,280,23,16,319,127,153
SUPER_9,5550000,218,17,25,260,98,120
SUPER_9,5560000,103,13,5,121,52,51
SUPER_9,5570000,214,25,24,263,96,118
SUPER_9,5580000,225,18,16,259,112,113
SUPER_9,5590000,124,13,14,151,71,53
SUPER_9,5600000,127,10,9,146,65,62
SUPER_9,5610000,126,19,18,163,64,62
SUPER_9,5620000,96,7,15,118,47,49
SUPER_9,5630000,197,26,26,249,87,110
SUPER_9,5640000,141,11,13,165,68,73
SUPER_9,5650000,140,19,15,174,65,75
SUPER_9,5660000,95,11,11,117,46,49
SUPER_9,5670000,82,5,11,98,42,40
SUPER_9,5680000,127,18,17,162,69,58
SUPER_9,5690000,121,12,17,150,57,64
SUPER_9,5700000,102,13,15,130,51,51
SUPER_9,5710000,52,11,6,69,29,23
SUPER_9,5720000,177,20,14,211,85,92
SUPER_9,5730000,160,18,9,187,78,82
SUPER_9,5740000,263,29,17,309,139,124
SUPER_9,5750000,163,12,21,196,81,82
SUPER_9,5760000,68,15,11,94,28,40
SUPER_9,5770000,67,8,9,84,33,34
SUPER_9,5780000,198,21,17,236,97,101
SUPER_9,5790000,123,17,17,157,54,69
SUPER_9,5800000,27,6,5,38,13,14
SUPER_9,5810000,3,0,0,3,1,2
SUPER_9,5820000,94,16,13,123,52,42
SUPER_9,5830000,41,5,5,51,19,22
SUPER_9,5840000,128,10,23,161,65,63
SUPER_9,5850000,113,10,12,135,62,51
SUPER_9,5860000,98,13,10,121,58,40
SUPER_9,5870000,142,11,8,161,71,71
SUPER_9,5880000,220,29,20,269,106,114
SUPER_9,5890000,186,15,23,224,87,99
SUPER_9,5900000,173,20,15,208,96,77
SUPER_9,5910000,279,20,21,320,129,150
SUPER_9,5920000,233,26,17,276,112,121
SUPER_9,5930000,168,19,11,198,90,78
SUPER_9,5940000,176,11,13,200,84,92
SUPER_9,5950000,72,11,5,88,37,35
SUPER_9,5960000,66,10,11,87,33,33
SUPER_9,5970000,14,4,0,18,5,9
SUPER_9,5980000,24,4,4,32,14,10
SUPER_9,5990000,101,6,14,121,51,50
SUPER_9,6000000,149,17,19,185,63,86
SUPER_9,6010000,177,21,16,214,91,86
SUPER_9,6020000,178,13,22,213,81,97
SUPER_9,6030000,154,17,16,187,75,79
SUPER_9,6040000,111,11,11,133,48,63
SUPER_9,6050000,54,2,6,62,30,24
SUPER_9,6060000,124,21,15,160,63,61
SUPER_9,6070000,59,13,10,82,26,33
SUPER_9,6080000,237,24,28,289,110,127
SUPER_9,6090000,137,15,12,164,73,64
SUPER_9,6100000,165,14,20,199,78,87
SUPER_9,6110000,193,32,26,251,98,95
SUPER_9,6120000,153,16,12,181,71,82
SUPER_9,6130000,67,10,10,87,41,26
SUPER_9,6140000,60,8,4,72,33,27
SUPER_9,6150000,106,16,17,139,55,51
SUPER_9,6160000,63,9,13,85,32,31
SUPER_9,6170000,62,8,9,79,29,33
SUPER_9,6180000,189,19,21,229,84,105
SUPER_9,6190000,157,21,20,198,85,72
SUPER_9,6200000,188,33,27,248,83,105
SUPER_9,6210000,138,17,7,162,63,75
SUPER_9,6220000,94,20,11,125,40,54
SUPER_9,6230000,53,2,4,59,31,22
SUPER_9,6240000,108,15,7,130,50,58
SUPER_9,6250000,132,11,6,149,58,74
SUPER_9,6260000,198,15,12,225,96,102
SUPER_9,6270000,152,18,14,184,70,82
SUPER_9,6280000,132,23,10,165,69,63
SUPER_9,6290000,113,10,18,141,47,66
SUPER_9,6300000,5,1,1,7,2,3
SUPER_9,6310000,139,15,9,163,77,62
SUPER_9,6320000,64,0,6,70,41,23
SUPER_9,6330000,59,4,3,66,32,27
SUPER_9,6340000,175,22,18,215,87,88
SUPER_9,6350000,72,8,12,92,37,35
SUPER_9,6360000,126,21,11,158,62,64
SUPER_9,6370000,68,8,11,87,35,33
SUPER_9,6380000,74,11,9,94,40,34
SUPER_9,6390000,181,7,14,202,91,90
SUPER_9,6400000,225,30,29,284,112,113
SUPER_9,6410000,189,12,17,218,86,103
SUPER_9,6420000,148,11,26,185,70,78
SUPER_9,6430000,189,23,20,232,92,97
SUPER_9,6440000,159,12,11,182,76,83
SUPER_9,6450000,149,10,17,176,71,78
SUPER_9,6460000,170,17,29,216,90,80
SUPER_9,6470000,88,16,19,123,42,46
SUPER_9,6480000,187,26,18,231,82,105
SUPER_9,6490000,145,22,17,184,71,74
SUPER_9,6500000,121,22,19,162,56,65
SUPER_9,6510000,196,21,14,231,99,97
SUPER_9,6520000,142,10,8,160,67,75
SUPER_9,6530000,162,13,18,193,77,85
SUPER_9,6540000,170,12,9,191,79,91
SUPER_9,6550000,160,21,14,195,87,73
SUPER_9,6560000,55,3,5,63,30,25
SUPER_9,6570000,63,9,8,80,32,31
SUPER_9,6580000,153,16,12,181,79,74
SUPER_9,6590000,105,8,9,122,44,61
SUPER_9,6600000,166,27,13,206,82,84
SUPER_9,6610000,160,22,14,196,59,101
SUPER_9,6620000,51,9,12,72,24,27
SUPER_9,6630000,9,2,1,12,5,4
SUPER_9,6640000,0,0,1,1,0,0
SUPER_9,6650000,71,7,13,91,28,43
SUPER_9,6660000,131,10,14,155,83,48
SUPER_9,6670000,164,6,15,185,79,85
SUPER_9,6680000,153,14,16,183,77,76
SUPER_9,6690000,193,28,16,237,93,100
SUPER_9,6700000,210,14,23,247,104,106
SUPER_9,6710000,10,3,0,13,4,6
SUPER_9,6720000,156,12,14,182,73,83
SUPER_9,6730000,146,14,8,168,77,69
SUPER_9,6740000,146,14,21,181,66,80
SUPER_9,6750000,90,10,5,105,39,51
SUPER_9,6760000,144,23,13,180,62,82
SUPER_9,6770000,168,14,10,192,98,70
SUPER_9,6780000,232,16,25,273,111,121
SUPER_9,6790000,138,19,20,177,75,63
SUPER_9,6800000,147,18,15,180,78,69
SUPER_9,6810000,137,9,10,156,67,70
SUPER_9,6820000,214,19,14,247,104,110
SUPER_9,6830000,158,14,17,189,70,88
SUPER_9,6840000,0,0,0,0,0,0
SUPER_9,6850000,0,0,0,0,0,0
SUPER_9,6860000,150,19,12,181,68,82
SUPER_9,6870000,0,0,0,0,0,0
SUPER_9,6880000,0,0,0,0,0,0
SUPER_9,6890000,107,14,11,132,54,53
SUPER_9,6900000,101,17,11,129,49,52
SUPER_9,6910000,127,17,5,149,67,60
SUPER_9,6920000,97,6,4,107,41,56
SUPER_9,6930000,38,7,1,46,23,15
SUPER_9,6940000,25,6,2,33,13,12
SUPER_9,6950000,81,11,6,98,42,39
SUPER_9,6960000,243,22,14,279,134,109
SUPER_9,6970000,249,18,27,294,118,131
SUPER_9,6980000,193,17,22,232,110,83
SUPER_9,6990000,131,15,9,155,59,72
SUPER_9,7000000,211,18,14,243,106,105
SUPER_9,7010000,181,25,20,226,93,88
SUPER_9,7020000,123,11,6,140,60,63
SUPER_9,7030000,269,24,33,326,121,148
SUPER_9,7040000,215,24,26,265,97,118
SUPER_9,7050000,101,14,11,126,43,58
SUPER_9,7060000,111,12,12,135,54,57
SUPER_9,7070000,188,21,16,225,93,95
SUPER_9,7080000,155,13,10,178,83,72
SUPER_9,7090000,262,26,27,315,123,139
SUPER_9,7100000,175,21,12,208,92,83
SUPER_9,7110000,115,14,14,143,44,71
SUPER_9,7120000,160,11,12,183,86,74
SUPER_9,7130000,109,12,17,138,60,49
SUPER_9,7140000,208,19,24,251,102,106
SUPER_9,7150000,170,21,16,207,81,89
SUPER_9,7160000,125,14,20,159,50,75
SUPER_9,7170000,159,13,19,191,76,83
SUPER_9,7180000,176,27,13,216,83,93
SUPER_9,7190000,195,14,22,231,114,81
SUPER_9,7200000,183,14,19,216,76,107
SUPER_9,7210000,152,16,7,175,76,76
SUPER_9,7220000,286,37,37,360,129,157
SUPER_9,7230000,142,19,13,174,60,82
SUPER_9,7240000,50,2,4,56,32,18
SUPER_9,7250000,303,29,24,356,151,152
SUPER_9,7260000,252,34,32,318,110,142
SUPER_9,7270000,234,20,15,269,130,104
SUPER_9,7280000,216,30,16,262,88,128
SUPER_9,7290000,316,39,27,382,148,168
SUPER_9,7300000,187,11,24,222,102,85
SUPER_9,7310000,211,20,20,251,102,109
SUPER_9,7320000,90,12,9,111,53,37
SUPER_9,7330000,117,11,15,143,54,63
SUPER_9,7340000,135,16,14,165,46,89
SUPER_9,7350000,200,25,20,245,101,99
SUPER_9,7360000,166,12,19,197,84,82
SUPER_9,7370000,180,10,19,209,87,93
SUPER_9,7380000,174,14,23,211,87,87
SUPER_9,7390000,195,16,22,233,97,98
SUPER_9,7400000,157,18,9,184,77,80
SUPER_9,7410000,240,14,17,271,112,128
SUPER_9,7420000,113,13,3,129,52,61
SUPER_9,7430000,244,22,23,289,121,123
SUPER_9,7440000,193,21,12,226,97,96
SUPER_9,7450000,172,9,20,201,82,90
SUPER_9,7460000,220,20,21,261,114,106
SUPER_9,7470000,183,18,19,220,89,94
SUPER_9,7480000,128,12,8,148,54,74
SUPER_9,7490000,13,7,2,22,3,10
SUPER_9,7500000,1,0,1,2,1,0
SUPER_9,7510000,26,5,2,33,13,13
SUPER_9,7520000,150,18,18,186,67,83
SUPER_9,7530000,52,5,5,62,26,26
SUPER_9,7540000,85,18,13,116,38,47
SUPER_9,7550000,232,24,24,280,110,122
SUPER_9,7560000,107,15,21,143,60,47
SUPER_9,7570000,114,8,9,131,49,65
SUPER_9,7580000,89,18,19,126,47,42
SUPER_9,7590000,198,24,14,236,84,114
SUPER_9,7600000,82,6,6,94,44,38
SUPER_9,7610000,175,18,18,211,86,89
SUPER_9,7620000,167,13,8,188,77,90
SUPER_9,7630000,222,18,26,266,99,123
SUPER_9,7640000,98,16,11,125,48,50
SUPER_9,7650000,102,9,7,118,55,47
SUPER_9,7660000,79,8,12,99,49,30
SUPER_9,7670000,178,15,20,213,99,79
SUPER_9,7680000,222,31,24,277,100,122
SUPER_9,7690000,213,25,22,260,87,126
SUPER_9,7700000,0,0,0,0,0,0
SUPER_9,7710000,0,0,0,0,0,0
SUPER_9,7720000,0,0,0,0,0,0
SUPER_9,7730000,0,0,0,0,0,0
SUPER_9,7740000,91,15,14,120,40,51
SUPER_9,7750000,1,1,0,2,0,1
SUPER_9,7760000,3,1,0,4,1,2
SUPER_9,7770000,0,0,0,0,0,0
SUPER_9,7780000,0,0,0,0,0,0
SUPER_9,7790000,62,13,9,84,30,32
SUPER_9,7800000,265,21,21,307,135,130
SUPER_9,7810000,237,18,27,282,116,121
SUPER_9,7820000,104,9,8,121,48,56
SUPER_9,7830000,48,6,7,61,29,19
SUPER_9,7840000,316,36,33,385,152,164
SUPER_9,7850000,203,17,14,234,88,115
SUPER_9,7860000,13,0,2,15,10,3
SUPER_9,7870000,264,32,35,331,135,129
SUPER_9,7880000,264,22,20,306,142,122
SUPER_9,7890000,335,40,39,414,143,192
SUPER_9,7900000,205,35,20,260,77,128
SUPER_9,7910000,262,26,34,322,137,125
SUPER_9,7920000,325,20,30,375,153,172
SUPER_9,7930000,158,13,19,190,71,87
SUPER_9,7940000,91,14,11,116,47,44
SUPER_9,7950000,181,18,22,221,89,92
SUPER_9,7960000,154,16,14,184,79,75
SUPER_9,7970000,134,14,15,163,57,77
SUPER_9,7980000,227,19,18,264,107,120
SUPER_9,7990000,104,21,11,136,39,65
SUPER_9,8000000,144,16,19,179,65,79
SUPER_9,8010000,250,19,22,291,116,134
SUPER_9,8020000,292,20,29,341,155,137
SUPER_9,8030000,271,29,37,337,113,158
SUPER_9,8040000,231,23,21,275,105,126
SUPER_9,8050000,286,39,28,353,131,155
SUPER_9,8060000,234,25,20,279,105,129
SUPER_9,8070000,293,32,26,351,153,140
SUPER_9,8080000,0,0,0,0,0,0
SUPER_9,8090000,0,0,0,0,0,0
SUPER_9,8100000,355,28,32,415,187,168
SUPER_9,8110000,277,33,35,345,139,138
SUPER_9,8120000,199,19,20,238,88,111
SUPER_9,8130000,247,26,36,309,111,136
SUPER_9,8140000,176,21,20,217,95,81
SUPER_9,8150000,116,18,9,143,62,54
SUPER_9,8160000,211,24,21,256,98,113
SUPER_9,8170000,214,23,12,249,111,103
SUPER_9,8180000,263,28,23,314,119,144
SUPER_9,8190000,186,17,14,217,104,82
SUPER_9,8200000,199,21,13,233,94,105
SUPER_9,8210000,186,22,16,224,74,112
SUPER_9,8220000,267,26,19,312,116,151
SUPER_9,8230000,191,18,10,219,98,93
SUPER_9,8240000,298,35,28,361,135,163
SUPER_9,8250000,252,32,22,306,130,122
SUPER_9,8260000,205,22,18,245,104,101
SUPER_9,8270000,245,19,20,284,135,110
SUPER_9,8280000,230,21,18,269,106,124
SUPER_9,8290000,189,14,28,231,88,101
SUPER_9,8300000,176,12,14,202,97,79
SUPER_9,8310000,193,13,19,225,102,91
SUPER_9,8320000,272,29,27,328,137,135
SUPER_9,8330000,131,7,13,151,61,70
SUPER_9,8340000,254,26,18,298,128,126
SUPER_9,8350000,101,14,18,133,50,51
SUPER_9,8360000,225,22,26,273,116,109
SUPER_9,8370000,319,34,31,384,156,163
SUPER_9,8380000,270,25,29,324,134,136
SUPER_9,8390000,73,2,9,84,37,36
SUPER_9,8400000,188,20,17,225,90,98
SUPER_9,8410000,210,17,18,245,101,109
SUPER_9,8420000,381,35,31,447,186,195
SUPER_9,8430000,235,23,20,278,125,110
SUPER_9,8440000,231,27,21,279,101,130
SUPER_9,8450000,199,18,19,236,110,89
SUPER_9,8460000,210,23,15,248,102,108
SUPER_9,8470000,216,17,24,257,121,95
SUPER_9,8480000,161,18,13,192,86,75
SUPER_9,8490000,205,21,23,249,101,104
SUPER_9,8500000,221,16,14,251,102,119
SUPER_9,8510000,201,18,22,241,102,99
SUPER_9,8520000,287,23,32,342,153,134
SUPER_9,8530000,167,17,17,201,78,89
SUPER_9,8540000,105,18,10,133,66,39
SUPER_9,8550000,115,9,12,136,59,56
SUPER_9,8560000,278,22,27,327,132,146
SUPER_9,8570000,296,29,28,353,138,158
SUPER_9,8580000,116,21,11,148,50,66
SUPER_9,8590000,241,13,14,268,124,117
SUPER_9,8600000,300,18,26,344,153,147
SUPER_9,8610000,200,35,20,255,92,108
SUPER_9,8620000,162,20,21,203,78,84
SUPER_9,8630000,4,1,2,7,3,1
SUPER_9,8640000,3,1,0,4,2,1
SUPER_9,8650000,164,15,16,195,87,77
SUPER_9,8660000,111,4,5,120,52,59
SUPER_9,8670000,180,12,13,205,80,100
SUPER_9,8680000,53,7,8,68,25,28
SUPER_9,8690000,108,7,3,118,59,49
SUPER_9,8700000,148,12,16,176,83,65
SUPER_9,8710000,0,0,0,0,0,0
SUPER_9,8720000,0,0,0,0,0,0
SUPER_9,8730000,0,0,0,0,0,0
SUPER_9,8740000,186,16,18,220,92,94
SUPER_9,8750000,0,0,0,0,0,0
SUPER_9,8760000,0,0,0,0,0,0
SUPER_9,8770000,0,0,0,0,0,0
SUPER_9,8780000,0,0,0,0,0,0
SUPER_9,8790000,0,0,0,0,0,0
SUPER_9,8800000,0,0,0,0,0,0
SUPER_9,8810000,223,14,24,261,110,113
SUPER_9,8820000,0,0,0,0,0,0
SUPER_9,8830000,0,0,0,0,0,0
SUPER_9,8840000,0,0,0,0,0,0
SUPER_9,8850000,15,2,5,22,8,7
SUPER_9,8860000,0,0,0,0,0,0
SUPER_9,8870000,0,0,0,0,0,0
SUPER_9,8880000,0,0,0,0,0,0
SUPER_9,8890000,0,0,0,0,0,0
SUPER_9,8900000,0,0,0,0,0,0
SUPER_9,8910000,77,6,9,92,40,37
SUPER_9,8920000,67,4,5,76,29,38
SUPER_9,8930000,213,19,25,257,97,116
SUPER_9,8940000,215,25,19,259,111,104
SUPER_9,8950000,77,5,15,97,43,34
SUPER_9,8960000,134,15,8,157,75,59
SUPER_9,8970000,283,30,30,343,125,158
SUPER_9,8980000,109,9,15,133,57,52
SUPER_9,8990000,111,13,14,138,57,54
SUPER_9,9000000,42,4,7,53,23,19
SUPER_9,9010000,197,14,10,221,102,95
SUPER_9,9020000,205,20,21,246,93,112
SUPER_9,9030000,200,13,16,229,102,98
SUPER_9,9040000,218,20,15,253,110,108
SUPER_9,9050000,176,18,14,208,78,98
SUPER_9,9060000,338,42,30,410,178,160
SUPER_9,9070000,92,5,5,102,41,51
SUPER_9,9080000,187,19,11,217,99,88
SUPER_9,9090000,331,22,39,392,153,178
SUPER_9,9100000,177,24,14,215,108,69
SUPER_9,9110000,299,27,37,363,145,154
SUPER_9,9120000,207,13,21,241,100,107
SUPER_9,9130000,190,24,16,230,90,100
SUPER_9,9140000,86,8,6,100,47,39
SUPER_9,9150000,251,23,16,290,130,121
SUPER_9,9160000,89,7,11,107,43,46
SUPER_9,9170000,0,0,0,0,0,0
SUPER_9,9180000,0,0,0,0,0,0
SUPER_9,9190000,96,17,17,130,44,52
SUPER_9,9200000,201,15,19,235,97,104
SUPER_9,9210000,188,20,17,225,96,92
SUPER_9,9220000,242,27,24,293,116,126
SUPER_9,9230000,158,21,8,187,72,86
SUPER_9,9240000,248,20,14,282,126,122
SUPER_9,9250000,136,7,14,157,65,71
SUPER_9,9260000,300,40,40,380,123,177
SUPER_9,9270000,250,24,26,300,137,113
SUPER_9,9280000,258,23,23,304,124,134
SUPER_9,9290000,221,12,24,257,122,99
SUPER_9,9300000,166,18,15,199,77,89
SUPER_9,9310000,138,19,13,170,79,59
SUPER_9,9320000,312,26,17,355,158,154
SUPER_9,9330000,123,10,10,143,61,62
SUPER_9,9340000,120,14,12,146,59,61
SUPER_9,9350000,320,36,27,383,158,162
SUPER_9,9360000,223,19,25,267,111,112
SUPER_9,9370000,156,14,15,185,79,77
SUPER_9,9380000,213,11,23,247,111,102
SUPER_9,9390000,206,16,21,243,94,112
SUPER_9,9400000,196,27,22,245,94,102
SUPER_9,9410000,188,10,18,216,93,95
SUPER_9,9420000,180,22,22,224,102,78
SUPER_9,9430000,352,30,37,419,175,177
SUPER_9,9440000,221,20,21,262,108,113
SUPER_9,9450000,266,35,29,330,117,149
SUPER_9,9460000,304,21,20,345,165,139
SUPER_9,9470000,230,28,18,276,113,117
SUPER_9,9480000,242,26,14,282,120,122
SUPER_9,9490000,240,18,25,283,108,132
SUPER_9,9500000,238,26,28,292,117,121
SUPER_9,9510000,94,18,11,123,53,41
SUPER_9,9520000,265,30,36,331,121,144
SUPER_9,9530000,265,19,30,314,121,144
SUPER_9,9540000,90,7,5,102,43,47
SUPER_9,9550000,168,13,17,198,74,94
SUPER_9,9560000,30,4,3,37,17,13
SUPER_9,9570000,229,19,26,274,107,122
SUPER_9,9580000,201,23,19,243,90,111
SUPER_9,9590000,272,16,15,303,154,118
SUPER_9,9600000,192,17,24,233,83,109
SUPER_9,9610000,302,33,27,362,149,153
SUPER_9,9620000,165,11,18,194,66,99
SUPER_9,9630000,253,32,23,308,126,127
SUPER_9,9640000,194,19,24,237,92,102
SUPER_9,9650000,171,13,9,193,83,88
SUPER_9,9660000,202,22,22,246,94,108
SUPER_9,9670000,289,33,24,346,150,139
SUPER_9,9680000,223,22,24,269,108,115
SUPER_9,9690000,195,12,19,226,86,109
SUPER_9,9700000,215,17,29,261,106,109
SUPER_9,9710000,255,17,24,296,125,130
SUPER_9,9720000,287,22,26,335,141,146
SUPER_9,9730000,175,22,16,213,79,96
SUPER_9,9740000,149,25,13,187,69,80
SUPER_9,9750000,131,11,18,160,64,67
SUPER_9,9760000,108,13,12,133,44,64
SUPER_9,9770000,426,45,43,514,197,229
SUPER_9,9780000,268,27,19,314,125,143
SUPER_9,9790000,390,39,33,462,207,183
SUPER_9,9800000,234,15,19,268,106,128
SUPER_9,9810000,277,29,23,329,136,141
SUPER_9,9820000,240,33,19,292,123,117
SUPER_9,9830000,335,32,54,421,164,171
SUPER_9,9840000,348,39,32,419,175,173
SUPER_9,9850000,0,0,0,0,0,0
SUPER_9,9860000,0,0,0,0,0,0
SUPER_9,9870000,99,8,6,113,60,39
SUPER_9,9880000,7,1,1,9,6,1
SUPER_9,9890000,196,19,15,230,95,101
SUPER_9,9900000,210,16,24,250,87,123
SUPER_9,9910000,161,15,19,195,80,81
SUPER_9,9920000,196,9,16,221,100,96
SUPER_9,9930000,203,14,24,241,101,102
SUPER_9,9940000,185,16,17,218,99,86
SUPER_9,9950000,239,25,22,286,104,135
SUPER_9,9960000,194,24,19,237,89,105
SUPER_9,9970000,133,6,10,149,77,56
SUPER_9,9980000,78,9,5,92,40,38
SUPER_9,9990000,306,31,25,362,162,144
SUPER_9,10000000,273,40,35,348,134,139
SUPER_9,10010000,121,16,9,146,59,62
SUPER_9,10020000,311,22,23,356,137,174
SUPER_9,10030000,250,33,12,295,134,116
SUPER_9,10040000,250,29,18,297,126,124
SUPER_9,10050000,297,26,24,347,129,168
SUPER_9,10060000,244,34,34,312,125,119
SUPER_9,10070000,268,27,17,312,128,140
SUPER_9,10080000,255,21,31,307,130,125
SUPER_9,10090000,263,14,21,298,141,122
SUPER_9,10100000,281,25,25,331,134,147
SUPER_9,10110000,246,18,21,285,116,130
SUPER_9,10120000,117,17,15,149,53,64
SUPER_9,10130000,110,17,14,141,51,59
SUPER_9,10140000,174,14,20,208,77,97
SUPER_9,10150000,266,25,16,307,138,128
SUPER_9,10160000,200,19,20,239,103,97
SUPER_9,10170000,165,14,22,201,87,78
SUPER_9,10180000,285,35,33,353,122,163
SUPER_9,10190000,335,23,36,394,161,174
SUPER_9,10200000,138,19,13,170,65,73
SUPER_9,10210000,7,1,0,8,5,2
SUPER_9,10220000,302,18,24,344,155,147
SUPER_9,10230000,267,23,38,328,141,126
SUPER_9,10240000,203,29,21,253,102,101
SUPER_9,10250000,35,1,1,37,16,19
SUPER_9,10260000,247,19,19,285,129,118
SUPER_9,10270000,245,20,23,288,111,134
SUPER_9,10280000,129,18,17,164,72,57
SUPER_9,10290000,199,10,28,237,95,104
SUPER_9,10300000,252,28,29,309,126,126
SUPER_9,10310000,106,8,14,128,59,47
SUPER_9,10320000,260,27,25,312,118,142
SUPER_9,10330000,120,10,15,145,52,68
SUPER_9,10340000,107,15,14,136,60,47
SUPER_9,10350000,121,13,14,148,66,55
SUPER_9,10360000,296,29,22,347,122,174
SUPER_9,10370000,218,34,15,267,103,115
SUPER_9,10380000,175,12,21,208,92,83
SUPER_9,10390000,94,4,6,104,43,51
SUPER_9,10400000,113,23,9,145,55,58
SUPER_9,10410000,121,12,7,140,69,52
SUPER_9,10420000,206,21,13,240,92,114
SUPER_9,10430000,181,19,10,210,94,87
SUPER_9,10440000,159,16,11,186,76,83
SUPER_9,10450000,129,11,11,151,64,65
SUPER_9,10460000,310,32,33,375,149,161
SUPER_9,10470000,317,35,36,388,147,170
SUPER_9,10480000,413,53,37,503,202,211
SUPER_9,10490000,293,28,30,351,151,142
SUPER_9,10500000,225,22,21,268,110,115
SUPER_9,10510000,276,25,21,322,146,130
SUPER_9,10520000,354,40,39,433,172,182
SUPER_9,10530000,294,28,35,357,141,153
SUPER_9,10540000,298,31,18,347,139,159
SUPER_9,10550000,347,38,32,417,153,194
SUPER_9,10560000,299,36,28,363,166,133
SUPER_9,10570000,183,20,18,221,84,99
SUPER_9,10580000,65,4,5,74,31,34
SUPER_9,10590000,160,17,17,194,84,76
SUPER_9,10600000,108,7,10,125,40,68
SUPER_9,10610000,114,10,7,131,49,65
SUPER_9,10620000,47,5,7,59,18,29
SUPER_9,10630000,143,15,12,170,63,80
SUPER_9,10640000,137,9,11,157,77,60
SUPER_9,10650000,135,9,14,158,64,71
SUPER_9,10660000,87,8,3,98,44,43
SUPER_9,10670000,229,31,12,272,111,118
SUPER_9,10680000,0,0,0,0,0,0
SUPER_9,10690000,0,0,0,0,0,0
SUPER_9,10700000,0,0,0,0,0,0
SUPER_9,10710000,0,0,0,0,0,0
SUPER_9,10720000,0,0,0,0,0,0
SUPER_9,10730000,131,16,8,155,69,62
SUPER_9,10740000,242,20,17,279,119,123
SUPER_9,10750000,256,34,17,307,125,131
SUPER_9,10760000,295,34,30,359,139,156
SUPER_9,10770000,327,35,20,382,158,169
SUPER_9,10780000,331,33,30,394,153,178
SUPER_9,10790000,347,29,31,407,167,180
SUPER_9,10800000,176,13,11,200,78,98
SUPER_9,10810000,339,30,37,406,182,157
SUPER_9,10820000,138,11,23,172,77,61
SUPER_9,10830000,268,32,25,325,131,137
SUPER_9,10840000,288,30,34,352,134,154
SUPER_9,10850000,330,20,36,386,157,173
SUPER_9,10860000,299,20,35,354,149,150
SUPER_9,10870000,3,1,0,4,2,1
SUPER_9,10880000,0,1,0,1,0,0
SUPER_9,10890000,245,18,28,291,111,134
SUPER_9,10900000,125,14,13,152,61,64
SUPER_9,10910000,334,32,32,398,152,182
SUPER_9,10920000,329,36,36,401,149,180
SUPER_9,10930000,288,21,31,340,150,138
SUPER_9,10940000,159,19,14,192,82,77
SUPER_9,10950000,115,9,12,136,54,61
SUPER_9,10960000,165,24,9,198,79,86
SUPER_9,10970000,368,26,37,431,188,180
SUPER_9,10980000,202,16,32,250,100,102
SUPER_9,10990000,264,26,26,316,123,141
SUPER_9,11000000,333,26,30,389,154,179
SUPER_9,11010000,345,31,32,408,165,180
SUPER_9,11020000,216,30,10,256,92,124
SUPER_9,11030000,281,20,21,322,139,142
SUPER_9,11040000,352,43,31,426,170,182
SUPER_9,11050000,428,61,48,537,184,244
SUPER_9,11060000,353,23,31,407,184,169
SUPER_9,11070000,200,25,18,243,101,99
SUPER_9,11080000,158,14,17,189,68,90
SUPER_9,11090000,105,12,9,126,58,47
SUPER_9,11100000,290,28,24,342,159,131
SUPER_9,11110000,237,21,17,275,114,123
SUPER_9,11120000,280,20,19,319,135,145
SUPER_9,11130000,238,29,18,285,113,125
SUPER_9,11140000,293,32,23,348,140,153
SUPER_9,11150000,242,16,30,288,122,120
SUPER_9,11160000,191,22,29,242,78,113
SUPER_9,11170000,286,41,23,350,146,140
SUPER_9,11180000,112,5,11,128,49,63
SUPER_9,11190000,41,2,5,48,19,22
SUPER_9,11200000,245,23,22,290,117,128
SUPER_9,11210000,148,15,14,177,69,79
SUPER_9,11220000,349,28,30,407,174,175
SUPER_9,11230000,78,5,4,87,45,33
SUPER_9,11240000,294,34,19,347,140,154
SUPER_9,11250000,211,30,29,270,93,118
SUPER_9,11260000,373,29,39,441,204,169
SUPER_9,11270000,175,17,16,208,84,91
SUPER_9,11280000,325,27,22,374,182,143
SUPER_9,11290000,236,17,21,274,116,120
SUPER_9,11300000,202,16,11,229,108,94
SUPER_9,11310000,314,20,28,362,158,156
SUPER_9,11320000,344,26,40,410,169,175
SUPER_9,11330000,183,16,14,213,101,82
SUPER_9,11340000,416,43,45,504,209,207
SUPER_9,11350000,227,17,17,261,104,123
SUPER_9,11360000,282,24,23,329,140,142
SUPER_9,11370000,0,0,0,0,0,0
SUPER_9,11380000,0,0,0,0,0,0
SUPER_9,11390000,164,10,8,182,83,81
SUPER_9,11400000,202,18,10,230,106,96
SUPER_9,11410000,0,0,1,1,0,0
SUPER_9,11420000,24,5,3,32,8,16
SUPER_9,11430000,180,12,11,203,90,90
SUPER_9,11440000,450,42,34,526,221,229
SUPER_9,11450000,232,28,16,276,125,107
SUPER_9,11460000,253,17,26,296,120,133
SUPER_9,11470000,303,28,26,357,168,135
SUPER_9,11480000,164,14,15,193,90,74
SUPER_9,11490000,176,18,13,207,87,89
SUPER_9,11500000,323,27,27,377,162,161
SUPER_9,11510000,46,3,7,56,20,26
SUPER_9,11520000,90,10,5,105,43,47
SUPER_9,11530000,280,32,21,333,137,143
SUPER_9,11540000,158,15,16,189,81,77
SUPER_9,11550000,362,32,35,429,170,192
SUPER_9,11560000,358,33,20,411,178,180
SUPER_9,11570000,286,25,20,331,147,139
SUPER_9,11580000,362,27,32,421,175,187
SUPER_9,11590000,354,30,22,406,153,201
SUPER_9,11600000,349,30,27,406,175,174
SUPER_9,11610000,314,16,16,346,154,160
SUPER_9,11620000,104,14,8,126,53,51
SUPER_9,11630000,410,29,24,463,200,210
SUPER_9,11640000,153,13,14,180,82,71
SUPER_9,11650000,268,23,23,314,133,135
SUPER_9,11660000,190,18,16,224,94,96
SUPER_9,11670000,341,33,38,412,176,165
SUPER_9,11680000,167,18,16,201,80,87
SUPER_9,11690000,365,38,24,427,170,195
SUPER_9,11700000,258,19,20,297,143,115
SUPER_9,11710000,112,6,9,127,57,55
SUPER_9,11720000,157,12,10,179,70,87
SUPER_9,11730000,277,25,25,327,130,147
SUPER_9,11740000,199,15,22,236,105,94
SUPER_9,11750000,247,23,15,285,130,117
SUPER_9,11760000,0,0,0,0,0,0
SUPER_9,11770000,0,0,0,0,0,0
SUPER_9,11780000,472,37,42,551,255,217
SUPER_9,11790000,314,30,34,378,143,171
SUPER_9,11800000,376,47,33,456,168,208
SUPER_9,11810000,188,25,9,222,86,102
SUPER_9,11820000,276,17,28,321,134,142
SUPER_9,11830000,354,33,22,409,172,182
SUPER_9,11840000,427,43,38,508,191,236
SUPER_9,11850000,273,32,20,325,135,138
SUPER_9,11860000,282,19,30,331,133,149
SUPER_9,11870000,351,32,34,417,174,177
SUPER_9,11880000,266,28,26,320,123,143
SUPER_9,11890000,345,30,32,407,150,195
SUPER_9,11900000,222,30,15,267,111,111
SUPER_9,11910000,174,11,14,199,81,93
SUPER_9,11920000,354,33,36,423,185,169
SUPER_9,11930000,219,21,18,258,102,117
SUPER_9,11940000,325,31,31,387,166,159
SUPER_9,11950000,286,31,25,342,137,149
SUPER_9,11960000,344,33,34,411,166,178
SUPER_9,11970000,231,15,26,272,123,108
SUPER_9,11980000,247,30,28,305,119,128
SUPER_9,11990000,255,19,23,297,116,139
SUPER_9,12000000,233,25,19,277,117,116
SUPER_9,12010000,466,38,43,547,225,241
SUPER_9,12020000,386,45,32,463,177,209
SUPER_9,12030000,428,39,41,508,188,240
SUPER_9,12040000,351,31,22,404,165,186
SUPER_9,12050000,273,30,25,328,133,140
SUPER_9,12060000,164,18,8,190,85,79
SUPER_9,12070000,307,34,30,371,167,140
SUPER_9,12080000,329,33,24,386,153,176
SUPER_9,12090000,219,21,23,263,112,107
SUPER_9,12100000,236,34,14,284,109,127
SUPER_9,12110000,120,8,10,138,60,60
SUPER_9,12120000,331,34,29,394,172,159
SUPER_9,12130000,172,17,19,208,90,82
SUPER_9,12140000,331,34,29,394,164,167
SUPER_9,12150000,284,27,23,334,144,140
SUPER_9,12160000,359,23,30,412,182,177
SUPER_9,12170000,337,33,32,402,157,180
SUPER_9,12180000,329,24,31,384,173,156
SUPER_9,12190000,282,19,25,326,154,128
SUPER_9,12200000,335,32,37,404,150,185
SUPER_9,12210000,405,24,28,457,220,185
SUPER_9,12220000,292,28,28,348,144,148
SUPER_9,12230000,286,30,27,343,145,141
SUPER_9,12240000,323,24,22,369,160,163
SUPER_9,12250000,238,25,18,281,115,123
SUPER_9,12260000,392,33,34,459,202,190
SUPER_9,12270000,349,33,44,426,179,170
SUPER_9,12280000,272,28,26,326,146,126
SUPER_9,12290000,361,39,37,437,173,188
SUPER_9,12300000,245,19,20,284,120,125
SUPER_9,12310000,316,22,24,362,157,159
SUPER_9,12320000,235,14,10,259,119,116
SUPER_9,12330000,390,44,36,470,192,198
SUPER_9,12340000,252,21,27,300,131,121
SUPER_9,12350000,313,22,24,359,171,142
SUPER_9,12360000,305,27,24,356,154,151
SUPER_9,12370000,264,26,33,323,147,117
SUPER_9,12380000,349,21,35,405,173,176
SUPER_9,12390000,271,24,19,314,116,155
SUPER_9,12400000,217,18,24,259,105,112
SUPER_9,12410000,294,26,31,351,137,157
SUPER_9,12420000,381,47,22,450,171,210
SUPER_9,12430000,286,22,33,341,138,148
SUPER_9,12440000,229,19,13,261,121,108
SUPER_9,12450000,340,25,31,396,159,181
SUPER_9,12460000,343,43,32,418,168,175
SUPER_9,12470000,267,23,21,311,130,137
SUPER_9,12480000,228,16,20,264,116,112
SUPER_9,12490000,250,18,17,285,128,122
SUPER_9,12500000,337,28,30,395,172,165
SUPER_9,12510000,344,29,43,416,156,188
SUPER_9,12520000,285,24,29,338,137,148
SUPER_9,12530000,232,24,21,277,93,139
SUPER_9,12540000,296,31,32,359,160,136
SUPER_9,12550000,253,22,17,292,125,128
SUPER_9,12560000,214,14,24,252,100,114
SUPER_9,12570000,281,25,13,319,162,119
SUPER_9,12580000,273,21,22,316,128,145
SUPER_9,12590000,292,23,34,349,163,129
SUPER_9,12600000,270,15,25,310,149,121
SUPER_9,12610000,182,19,17,218,93,89
SUPER_9,12620000,258,21,20,299,130,128
SUPER_9,12630000,243,20,19,282,112,131
SUPER_9,12640000,287,16,19,322,133,154
SUPER_9,12650000,274,19,14,307,129,145
SUPER_9,12660000,239,26,19,284,121,118
SUPER_9,12670000,325,29,28,382,170,155
SUPER_9,12680000,186,18,18,222,80,106
SUPER_9,12690000,283,26,17,326,135,148
SUPER_9,12700000,198,20,21,239,103,95
SUPER_9,12710000,223,19,19,261,101,122
SUPER_9,12720000,299,28,31,358,153,146
SUPER_9,12730000,286,34,28,348,129,157
SUPER_9,12740000,189,15,29,233,95,94
SUPER_9,12750000,253,20,19,292,134,119
SUPER_9,12760000,202,26,23,251,113,89
SUPER_9,12770000,201,22,17,240,88,113
SUPER_9,12780000,93,11,11,115,48,45
SUPER_9,12790000,90,12,12,114,38,52
SUPER_9,12800000,188,18,19,225,88,100
SUPER_9,12810000,193,22,19,234,94,99
SUPER_9,12820000,337,29,30,396,173,164
SUPER_9,12830000,267,27,18,312,115,152
SUPER_9,12840000,348,20,35,403,169,179
SUPER_9,12850000,69,5,4,78,38,31
SUPER_9,12860000,264,22,31,317,116,148
SUPER_9,12870000,264,28,27,319,133,131
SUPER_9,12880000,313,36,33,382,142,171
SUPER_9,12890000,186,17,19,222,95,91
SUPER_9,12900000,367,27,33,427,192,175
SUPER_9,12910000,395,32,42,469,203,192
SUPER_9,12920000,316,38,22,376,142,174
SUPER_9,12930000,264,17,28,309,142,122
SUPER_9,12940000,261,15,24,300,133,128
SUPER_9,12950000,350,33,27,410,180,170
SUPER_9,12960000,360,39,30,429,194,166
SUPER_9,12970000,374,29,34,437,181,193
SUPER_9,12980000,255,22,14,291,123,132
SUPER_9,12990000,371,39,26,436,205,166
SUPER_9,13000000,220,9,18,247,123,97
SUPER_9,13010000,326,28,31,385,172,154
SUPER_9,13020000,319,21,35,375,166,153
SUPER_9,13030000,382,30,28,440,186,196
SUPER_9,13040000,361,35,26,422,173,188
SUPER_9,13050000,393,33,36,462,195,198
SUPER_9,13060000,254,25,20,299,141,113
SUPER_9,13070000,306,40,26,372,158,148
SUPER_9,13080000,319,23,30,372,171,148
SUPER_9,13090000,340,39,19,398,170,170
SUPER_9,13100000,349,31,36,416,170,179
SUPER_9,13110000,356,34,35,425,184,172
SUPER_9,13120000,226,17,20,263,114,112
SUPER_9,13130000,377,43,26,446,184,193
SUPER_9,13140000,290,30,18,338,161,129
SUPER_9,13150000,294,31,21,346,151,143
SUPER_9,13160000,325,28,19,372,159,166
SUPER_9,13170000,394,45,32,471,203,191
SUPER_9,13180000,372,28,26,426,179,193
SUPER_9,13190000,418,43,27,488,179,239
SUPER_9,13200000,303,32,25,360,157,146
SUPER_9,13210000,354,28,25,407,180,174
SUPER_9,13220000,348,17,38,403,170,178
SUPER_9,13230000,194,12,22,228,99,95
SUPER_9,13240000,237,11,19,267,119,118
SUPER_9,13250000,471,38,42,551,241,230
SUPER_9,13260000,393,50,25,468,184,209
SUPER_9,13270000,336,29,27,392,160,176
SUPER_9,13280000,313,22,21,356,168,145
SUPER_9,13290000,470,30,36,536,226,244
SUPER_9,13300000,0,0,0,0,0,0
SUPER_9,13310000,0,0,0,0,0,0
SUPER_9,13320000,374,28,40,442,178,196
SUPER_9,13330000,347,31,30,408,155,192
SUPER_9,13340000,453,43,40,536,204,249
SUPER_9,13350000,311,28,24,363,145,166
SUPER_9,13360000,226,16,22,264,107,119
SUPER_9,13370000,374,41,27,442,172,202
SUPER_9,13380000,238,21,20,279,109,129
SUPER_9,13390000,205,8,14,227,101,104
SUPER_9,13400000,372,41,25,438,180,192
SUPER_9,13410000,271,16,16,303,133,138
SUPER_9,13420000,286,25,27,338,141,145
SUPER_9,13430000,227,17,18,262,119,108
SUPER_9,13440000,186,18,19,223,89,97
SUPER_9,13450000,317,30,29,376,165,152
SUPER_9,13460000,123,11,11,145,56,67
SUPER_9,13470000,318,30,41,389,146,172
SUPER_9,13480000,208,18,11,237,107,101
SUPER_9,13490000,245,17,18,280,132,113
SUPER_9,13500000,245,26,22,293,126,119
SUPER_9,13510000,346,31,34,411,177,169
SUPER_9,13520000,225,21,25,271,97,128
SUPER_9,13530000,242,25,22,289,118,124
SUPER_9,13540000,323,24,26,373,153,170
SUPER_9,13550000,168,9,13,190,93,75
SUPER_9,13560000,264,25,24,313,132,132
SUPER_9,13570000,299,25,31,355,153,146
SUPER_9,13580000,187,18,19,224,95,92
SUPER_9,13590000,160,15,10,185,84,76
SUPER_9,13600000,155,20,22,197,83,72
SUPER_9,13610000,243,23,20,286,120,123
SUPER_9,13620000,263,20,22,305,135,128
SUPER_9,13630000,268,32,35,335,113,155
SUPER_9,13640000,156,8,15,179,72,84
SUPER_9,13650000,178,18,16,212,86,92
SUPER_9,13660000,120,18,8,146,63,57
SUPER_9,13670000,134,12,13,159,75,59
SUPER_9,13680000,118,12,11,141,64,54
SUPER_9,13690000,45,3,6,54,29,16
SUPER_9,13700000,147,16,8,171,75,72
SUPER_9,13710000,149,11,17,177,71,78
SUPER_9,13720000,250,15,14,279,126,124
SUPER_9,13730000,137,18,8,163,72,65
SUPER_9,13740000,99,11,9,119,42,57
SUPER_9,13750000,27,1,0,28,20,7
SUPER_9,13760000,0,2,1,3,0,0
SUPER_10,10000,2,4,2,8,1,1
SUPER_10,20000,5,3,1,9,5,0
SUPER_10,30000,11,3,2,16,7,4
SUPER_10,40000,35,7,5,47,16,19
SUPER_10,50000,138,18,17,173,67,71
SUPER_10,60000,96,5,11,112,58,38
SUPER_10,70000,161,14,21,196,82,79
SUPER_10,80000,102,19,14,135,54,48
SUPER_10,90000,128,14,9,151,63,65
SUPER_10,100000,122,16,13,151,53,69
SUPER_10,110000,206,18,19,243,97,109
SUPER_10,120000,240,25,27,292,116,124
SUPER_10,130000,182,16,18,216,92,90
SUPER_10,140000,235,31,13,279,119,116
SUPER_10,150000,262,23,19,304,141,121
SUPER_10,160000,147,15,13,175,71,76
SUPER_10,170000,194,19,17,230,102,92
SUPER_10,180000,257,22,9,288,134,123
SUPER_10,190000,207,17,15,239,103,104
SUPER_10,200000,242,22,12,276,131,111
SUPER_10,210000,312,21,25,358,171,141
SUPER_10,220000,251,27,17,295,130,121
SUPER_10,230000,251,32,23,306,126,125
SUPER_10,240000,212,18,20,250,131,81
SUPER_10,250000,219,20,22,261,103,116
SUPER_10,260000,327,35,27,389,181,146
SUPER_10,270000,304,23,21,348,147,157
SUPER_10,280000,247,20,19,286,134,113
SUPER_10,290000,194,16,17,227,92,102
SUPER_10,300000,316,37,29,382,176,140
SUPER_10,310000,361,30,27,418,196,165
SUPER_10,320000,324,25,26,375,157,167
SUPER_10,330000,337,31,23,391,178,159
SUPER_10,340000,326,27,39,392,159,167
SUPER_10,350000,373,28,23,424,193,180
SUPER_10,360000,299,17,23,339,141,158
SUPER_10,370000,169,16,15,200,86,83
SUPER_10,380000,275,25,25,325,144,131
SUPER_10,390000,333,22,24,379,167,166
SUPER_10,400000,227,20,21,268,105,122
SUPER_10,410000,356,23,34,413,173,183
SUPER_10,420000,490,52,32,574,255,235
SUPER_10,430000,344,16,28,388,169,175
SUPER_10,440000,188,22,16,226,102,86
SUPER_10,450000,108,9,14,131,55,53
SUPER_10,460000,358,41,25,424,158,200
SUPER_10,470000,328,30,34,392,164,164
SUPER_10,480000,335,22,33,390,140,195
SUPER_10,490000,378,30,26,434,190,188
SUPER_10,500000,228,25,21,274,106,122
SUPER_10,510000,390,36,47,473,194,196
SUPER_10,520000,322,34,26,382,146,176
SUPER_10,530000,119,5,8,132,54,65
SUPER_10,540000,265,22,16,303,130,135
SUPER_10,550000,301,24,25,350,152,149
SUPER_10,560000,341,18,24,383,173,168
SUPER_10,570000,349,37,46,432,161,188
SUPER_10,580000,307,30,22,359,158,149
SUPER_10,590000,154,12,20,186,81,73
SUPER_10,600000,387,23,38,448,183,204
SUPER_10,610000,310,38,27,375,154,156
SUPER_10,620000,222,19,17,258,109,113
SUPER_10,630000,212,20,21,253,107,105
SUPER_10,640000,271,29,34,334,125,146
SUPER_10,650000,212,21,7,240,103,109
SUPER_10,660000,31,4,1,36,15,16
SUPER_10,670000,0,0,0,0,0,0
SUPER_10,680000,0,0,0,0,0,0
SUPER_10,690000,155,18,14,187,88,67
SUPER_10,700000,406,37,33,476,187,219
SUPER_10,710000,443,40,51,534,213,230
SUPER_10,720000,300,32,21,353,134,166
SUPER_10,730000,312,24,21,357,160,152
SUPER_10,740000,262,33,19,314,106,156
SUPER_10,750000,172,16,17,205,85,87
SUPER_10,760000,354,40,27,421,163,191
SUPER_10,770000,295,23,25,343,172,123
SUPER_10,780000,244,25,25,294,138,106
SUPER_10,790000,250,29,16,295,106,144
SUPER_10,800000,258,26,28,312,121,137
SUPER_10,810000,223,15,17,255,113,110
SUPER_10,820000,267,29,28,324,125,142
SUPER_10,830000,321,37,30,388,138,183
SUPER_10,840000,336,43,29,408,172,164
SUPER_10,850000,233,34,24,291,113,120
SUPER_10,860000,326,24,29,379,166,160
SUPER_10,870000,198,13,12,223,98,100
SUPER_10,880000,1,0,1,2,0,1
SUPER_10,890000,2,0,0,2,1,1
SUPER_10,900000,0,0,0,0,0,0
SUPER_10,910000,0,0,0,0,0,0
SUPER_10,920000,69,10,22,101,40,29
SUPER_10,930000,0,0,1,1,0,0
SUPER_10,940000,108,11,9,128,58,50
SUPER_10,950000,269,27,26,322,143,126
SUPER_10,960000,326,36,28,390,161,165
SUPER_10,970000,273,33,28,334,143,130
SUPER_10,980000,307,21,39,367,148,159
SUPER_10,990000,227,19,27,273,120,107
SUPER_10,1000000,262,15,25,302,142,120
SUPER_10,1010000,277,17,22,316,153,124
SUPER_10,1020000,205,23,15,243,107,98
SUPER_10,1030000,248,21,20,289,107,141
SUPER_10,1040000,203,16,13,232,100,103
SUPER_10,1050000,202,21,25,248,101,101
SUPER_10,1060000,158,15,10,183,75,83
SUPER_10,1070000,199,21,32,252,94,105
SUPER_10,1080000,226,23,28,277,125,101
SUPER_10,1090000,109,10,11,130,58,51
SUPER_10,1100000,109,17,9,135,59,50
SUPER_10,1110000,216,28,26,270,121,95
SUPER_10,1120000,0,0,0,0,0,0
SUPER_10,1130000,0,0,0,0,0,0
SUPER_10,1140000,254,14,18,286,155,99
SUPER_10,1150000,75,8,1,84,44,31
SUPER_10,1160000,38,5,5,48,20,18
SUPER_10,1170000,0,0,0,0,0,0
SUPER_10,1180000,0,0,0,0,0,0
SUPER_10,1190000,0,0,0,0,0,0
SUPER_10,1200000,0,0,0,0,0,0
SUPER_10,1210000,95,7,10,112,51,44
SUPER_10,1220000,154,19,19,192,72,82
SUPER_10,1230000,88,12,5,105,44,44
SUPER_10,1240000,214,19,19,252,115,99
SUPER_10,1250000,139,16,12,167,76,63
SUPER_10,1260000,89,7,6,102,37,52
SUPER_10,1270000,132,7,7,146,62,70
SUPER_10,1280000,91,6,10,107,46,45
SUPER_10,1290000,0,0,0,0,0,0
SUPER_10,1300000,0,0,0,0,0,0
SUPER_10,1310000,231,15,15,261,114,117
SUPER_10,1320000,296,30,29,355,146,150
SUPER_10,1330000,322,19,23,364,166,156
SUPER_10,1340000,366,23,26,415,186,180
SUPER_10,1350000,125,11,5,141,61,64
SUPER_10,1360000,312,28,26,366,152,160
SUPER_10,1370000,185,18,9,212,95,90
SUPER_10,1380000,189,18,18,225,92,97
SUPER_10,1390000,213,14,17,244,106,107
SUPER_10,1400000,61,5,7,73,35,26
SUPER_10,1410000,340,20,34,394,171,169
SUPER_10,1420000,311,25,26,362,187,124
SUPER_10,1430000,327,16,31,374,145,182
SUPER_10,1440000,192,23,19,234,98,94
SUPER_10,1450000,228,27,26,281,118,110
SUPER_10,1460000,332,34,26,392,171,161
SUPER_10,1470000,229,16,23,268,114,115
SUPER_10,1480000,276,22,36,334,140,136
SUPER_10,1490000,189,19,17,225,81,108
SUPER_10,1500000,203,16,13,232,105,98
SUPER_10,1510000,313,26,29,368,171,142
SUPER_10,1520000,257,26,18,301,113,144
SUPER_10,1530000,222,31,16,269,107,115
SUPER_10,1540000,357,30,37,424,192,165
SUPER_10,1550000,218,21,25,264,107,111
SUPER_10,1560000,203,18,18,239,96,107
SUPER_10,1570000,158,8,18,184,65,93
SUPER_10,1580000,211,17,23,251,98,113
SUPER_10,1590000,309,21,27,357,169,140
SUPER_10,1600000,221,22,26,269,122,99
SUPER_10,1610000,240,26,15,281,110,130
SUPER_10,1620000,282,25,29,336,147,135
SUPER_10,1630000,94,8,8,110,34,60
SUPER_10,1640000,121,5,6,132,64,57
SUPER_10,1650000,124,9,8,141,59,65
SUPER_10,1660000,212,21,14,247,119,93
SUPER_10,1670000,289,26,37,352,144,145
SUPER_10,1680000,271,33,19,323,131,140
SUPER_10,1690000,298,22,26,346,136,162
SUPER_10,1700000,318,31,26,375,144,174
SUPER_10,1710000,266,37,23,326,128,138
SUPER_10,1720000,287,22,26,335,122,165
SUPER_10,1730000,363,20,27,410,176,187
SUPER_10,1740000,129,12,9,150,62,67
SUPER_10,1750000,201,19,21,241,97,104
SUPER_10,1760000,166,18,12,196,76,90
SUPER_10,1770000,331,33,25,389,152,179
SUPER_10,1780000,401,45,43,489,192,209
SUPER_10,1790000,313,29,23,365,159,154
SUPER_10,1800000,207,27,14,248,98,109
SUPER_10,1810000,317,33,26,376,149,168
SUPER_10,1820000,286,20,34,340,144,142
SUPER_10,1830000,158,10,16,184,71,87
SUPER_10,1840000,371,37,40,448,167,204
SUPER_10,1850000,324,29,38,391,154,170
SUPER_10,1860000,319,37,31,387,145,174
SUPER_10,1870000,175,19,22,216,84,91
SUPER_10,1880000,223,22,31,276,103,120
SUPER_10,1890000,439,64,52,555,202,237
SUPER_10,1900000,346,39,35,420,161,185
SUPER_10,1910000,377,23,39,439,191,186
SUPER_10,1920000,382,27,40,449,185,197
SUPER_10,1930000,315,25,27,367,164,151
SUPER_10,1940000,267,31,29,327,129,138
SUPER_10,1950000,202,15,16,233,104,98
SUPER_10,1960000,175,20,16,211,84,91
SUPER_10,1970000,301,23,25,349,159,142
SUPER_10,1980000,36,6,0,42,21,15
SUPER_10,1990000,310,27,43,380,147,163
SUPER_10,2000000,345,35,23,403,173,172
SUPER_10,2010000,285,27,28,340,137,148
SUPER_10,2020000,242,25,34,301,121,121
SUPER_10,2030000,339,29,21,389,167,172
SUPER_10,2040000,268,35,23,326,126,142
SUPER_10,2050000,315,30,30,375,158,157
SUPER_10,2060000,250,23,17,290,127,123
SUPER_10,2070000,178,13,10,201,95,83
SUPER_10,2080000,276,32,19,327,144,132
SUPER_10,2090000,335,16,28,379,169,166
SUPER_10,2100000,292,32,31,355,152,140
SUPER_10,2110000,368,21,19,408,201,167
SUPER_10,2120000,203,17,19,239,105,98
SUPER_10,2130000,248,24,26,298,145,103
SUPER_10,2140000,399,46,38,483,211,188
SUPER_10,2150000,237,30,21,288,120,117
SUPER_10,2160000,266,34,22,322,129,137
SUPER_10,2170000,274,23,30,327,134,140
SUPER_10,2180000,316,29,25,370,146,170
SUPER_10,2190000,282,26,18,326,135,147
SUPER_10,2200000,353,30,40,423,179,174
SUPER_10,2210000,422,51,31,504,183,239
SUPER_10,2220000,296,25,21,342,159,137
SUPER_10,2230000,280,32,35,347,129,151
SUPER_10,2240000,314,32,37,383,140,174
SUPER_10,2250000,357,41,29,427,181,176
SUPER_10,2260000,452,41,37,530,216,236
SUPER_10,2270000,323,27,31,381,159,164
SUPER_10,2280000,376,33,41,450,190,186
SUPER_10,2290000,283,30,34,347,130,153
SUPER_10,2300000,343,29,30,402,168,175
SUPER_10,2310000,257,18,39,314,127,130
SUPER_10,2320000,167,13,12,192,90,77
SUPER_10,2330000,205,18,15,238,106,99
SUPER_10,2340000,386,49,36,471,162,224
SUPER_10,2350000,194,12,15,221,102,92
SUPER_10,2360000,139,13,12,164,67,72
SUPER_10,2370000,296,29,40,365,147,149
SUPER_10,2380000,230,24,32,286,107,123
SUPER_10,2390000,120,11,19,150,62,58
SUPER_10,2400000,182,19,13,214,96,86
SUPER_10,2410000,248,33,13,294,111,137
SUPER_10,2420000,309,13,31,353,170,139
SUPER_10,2430000,134,9,15,158,58,76
SUPER_10,2440000,231,31,21,283,106,125
SUPER_10,2450000,344,32,31,407,184,160
SUPER_10,2460000,298,25,24,347,142,156
SUPER_10,2470000,311,34,23,368,152,159
SUPER_10,2480000,301,29,28,358,161,140
SUPER_10,2490000,347,41,26,414,162,185
SUPER_10,2500000,240,26,17,283,112,128
SUPER_10,2510000,334,35,27,396,145,189
SUPER_10,2520000,374,29,29,432,179,195
SUPER_10,2530000,272,26,21,319,122,150
SUPER_10,2540000,299,16,23,338,159,140
SUPER_10,2550000,239,25,18,282,106,133
SUPER_10,2560000,256,25,22,303,129,127
SUPER_10,2570000,98,9,10,117,50,48
SUPER_10,2580000,3,0,0,3,1,2
SUPER_10,2590000,65,11,2,78,33,32
SUPER_10,2600000,245,18,23,286,120,125
SUPER_10,2610000,317,25,26,368,159,158
SUPER_10,2620000,179,22,16,217,91,88
SUPER_10,2630000,303,26,25,354,165,138
SUPER_10,2640000,198,16,11,225,93,105
SUPER_10,2650000,155,18,19,192,65,90
SUPER_10,2660000,270,22,35,327,124,146
SUPER_10,2670000,385,40,56,481,186,199
SUPER_10,2680000,311,23,39,373,149,162
SUPER_10,2690000,280,34,25,339,146,134
SUPER_10,2700000,381,31,37,449,179,202
SUPER_10,2710000,307,32,30,369,138,169
SUPER_10,2720000,299,28,34,361,127,172
SUPER_10,2730000,367,20,35,422,198,169
SUPER_10,2740000,377,42,34,453,174,203
SUPER_10,2750000,396,38,41,475,187,209
SUPER_10,2760000,128,11,5,144,69,59
SUPER_10,2770000,1,0,0,1,0,1
SUPER_10,2780000,249,19,17,285,126,123
SUPER_10,2790000,101,9,7,117,44,57
SUPER_10,2800000,246,30,21,297,117,129
SUPER_10,2810000,242,20,26,288,114,128
SUPER_10,2820000,10,4,2,16,4,6
SUPER_10,2830000,116,7,13,136,54,62
SUPER_10,2840000,275,29,17,321,123,152
SUPER_10,2850000,346,40,26,412,175,171
SUPER_10,2860000,123,6,7,136,74,49
SUPER_10,2870000,216,20,33,269,108,108
SUPER_10,2880000,391,54,48,493,173,218
SUPER_10,2890000,407,41,36,484,194,213
SUPER_10,2900000,376,29,31,436,174,202
SUPER_10,2910000,233,21,18,272,113,120
SUPER_10,2920000,231,15,23,269,111,120
SUPER_10,2930000,54,10,12,76,25,29
SUPER_10,2940000,108,18,8,134,60,48
SUPER_10,2950000,356,30,35,421,162,194
SUPER_10,2960000,331,25,40,396,145,186
SUPER_10,2970000,195,18,24,237,107,88
SUPER_10,2980000,359,40,43,442,149,210
SUPER_10,2990000,145,15,8,168,65,80
SUPER_10,3000000,143,10,11,164,61,82
SUPER_10,3010000,202,17,14,233,96,106
SUPER_10,3020000,130,21,6,157,75,55
SUPER_10,3030000,268,28,35,331,122,146
SUPER_10,3040000,347,32,27,406,163,184
SUPER_10,3050000,300,36,28,364,143,157
SUPER_10,3060000,256,24,29,309,119,137
SUPER_10,3070000,131,10,9,150,77,54
SUPER_10,3080000,145,9,15,169,67,78
SUPER_10,3090000,310,26,39,375,154,156
SUPER_10,3100000,289,26,20,335,147,142
SUPER_10,3110000,339,22,34,395,158,181
SUPER_10,3120000,427,49,40,516,186,241
SUPER_10,3130000,332,24,44,400,156,176
SUPER_10,3140000,411,28,43,482,206,205
SUPER_10,3150000,238,21,27,286,110,128
SUPER_10,3160000,283,19,26,328,152,131
SUPER_10,3170000,299,29,18,346,154,145
SUPER_10,3180000,211,18,9,238,108,103
SUPER_10,3190000,95,14,15,124,50,45
SUPER_10,3200000,235,21,21,277,113,122
SUPER_10,3210000,331,35,27,393,172,159
SUPER_10,3220000,324,34,31,389,149,175
SUPER_10,3230000,332,31,34,397,146,186
SUPER_10,3240000,317,36,28,381,156,161
SUPER_10,3250000,252,27,29,308,115,137
SUPER_10,3260000,291,25,29,345,135,156
SUPER_10,3270000,252,25,26,303,104,148
SUPER_10,3280000,146,10,10,166,68,78
SUPER_10,3290000,317,26,45,388,163,154
SUPER_10,3300000,230,19,26,275,113,117
SUPER_10,3310000,234,24,25,283,101,133
SUPER_10,3320000,335,27,43,405,172,163
SUPER_10,3330000,305,38,28,371,132,173
SUPER_10,3340000,363,35,23,421,170,193
SUPER_10,3350000,299,31,21,351,152,147
SUPER_10,3360000,282,28,30,340,135,147
SUPER_10,3370000,327,26,28,381,153,174
SUPER_10,3380000,341,27,31,399,174,167
SUPER_10,3390000,141,18,15,174,57,84
SUPER_10,3400000,180,21,16,217,87,93
SUPER_10,3410000,337,37,30,404,147,190
SUPER_10,3420000,179,17,19,215,89,90
SUPER_10,3430000,315,31,31,377,159,156
SUPER_10,3440000,195,21,19,235,111,84
SUPER_10,3450000,132,20,21,173,65,67
SUPER_10,3460000,390,31,44,465,185,205
SUPER_10,3470000,228,32,16,276,104,124
SUPER_10,3480000,147,15,14,176,75,72
SUPER_10,3490000,215,20,21,256,115,100
SUPER_10,3500000,271,27,20,318,124,147
SUPER_10,3510000,296,38,27,361,145,151
SUPER_10,3520000,124,14,16,154,57,67
SUPER_10,3530000,120,8,14,142,54,66
SUPER_10,3540000,170,7,19,196,93,77
SUPER_10,3550000,150,10,8,168,82,68
SUPER_10,3560000,165,22,15,202,72,93
SUPER_10,3570000,205,12,22,239,90,115
SUPER_10,3580000,178,18,18,214,82,96
SUPER_10,3590000,114,13,9,136,51,63
SUPER_10,3600000,180,17,13,210,79,101
SUPER_10,3610000,300,27,29,356,134,166
SUPER_10,3620000,244,23,33,300,127,117
SUPER_10,3630000,227,33,12,272,108,119
SUPER_10,3640000,230,24,24,278,115,115
SUPER_10,3650000,155,15,19,189,56,99
SUPER_10,3660000,227,21,27,275,125,102
SUPER_10,3670000,264,26,27,317,117,147
SUPER_10,3680000,281,38,20,339,120,161
SUPER_10,3690000,241,26,18,285,114,127
SUPER_10,3700000,223,21,37,281,111,112
SUPER_10,3710000,240,27,26,293,113,127
SUPER_10,3720000,322,32,23,377,143,179
SUPER_10,3730000,278,16,32,326,135,143
SUPER_10,3740000,223,28,18,269,107,116
SUPER_10,3750000,379,38,39,456,179,200
SUPER_10,3760000,246,23,31,300,116,130
SUPER_10,3770000,346,16,31,393,170,176
SUPER_10,3780000,379,23,30,432,181,198
SUPER_10,3790000,261,25,32,318,125,136
SUPER_10,3800000,157,9,12,178,79,78
SUPER_10,3810000,375,31,34,440,186,189
SUPER_10,3820000,242,24,23,289,116,126
SUPER_10,3830000,208,25,21,254,82,126
SUPER_10,3840000,285,29,19,333,142,143
SUPER_10,3850000,170,24,20,214,84,86
SUPER_10,3860000,192,19,17,228,90,102
SUPER_10,3870000,234,20,23,277,112,122
SUPER_10,3880000,271,16,27,314,136,135
SUPER_10,3890000,215,12,20,247,99,116
SUPER_10,3900000,230,15,19,264,121,109
SUPER_10,3910000,208,16,26,250,98,110
SUPER_10,3920000,68,9,7,84,30,38
SUPER_10,3930000,280,25,29,334,122,158
SUPER_10,3940000,231,18,15,264,126,105
SUPER_10,3950000,340,31,27,398,163,177
SUPER_10,3960000,407,50,37,494,191,216
SUPER_10,3970000,271,19,24,314,130,141
SUPER_10,3980000,76,8,3,87,31,45
SUPER_10,3990000,161,13,15,189,63,98
SUPER_10,4000000,320,19,31,370,167,153
SUPER_10,4010000,250,23,19,292,120,130
SUPER_10,4020000,312,24,22,358,169,143
SUPER_10,4030000,238,17,22,277,115,123
SUPER_10,4040000,179,18,12,209,77,102
SUPER_10,4050000,260,14,17,291,151,109
SUPER_10,4060000,103,15,10,128,56,47
SUPER_10,4070000,291,39,25,355,140,151
SUPER_10,4080000,224,22,15,261,107,117
SUPER_10,4090000,157,6,10,173,81,76
SUPER_10,4100000,196,20,9,225,97,99
SUPER_10,4110000,321,23,24,368,159,162
SUPER_10,4120000,253,16,14,283,118,135
SUPER_10,4130000,220,26,20,266,108,112
SUPER_10,4140000,160,12,22,194,72,88
SUPER_10,4150000,212,24,18,254,107,105
SUPER_10,4160000,212,14,12,238,105,107
SUPER_10,4170000,214,20,21,255,106,108
SUPER_10,4180000,262,28,22,312,124,138
SUPER_10,4190000,277,18,22,317,139,138
SUPER_10,4200000,214,15,19,248,109,105
SUPER_10,4210000,254,24,16,294,130,124
SUPER_10,4220000,359,35,28,422,187,172
SUPER_10,4230000,184,20,14,218,96,88
SUPER_10,4240000,291,36,30,357,137,154
SUPER_10,4250000,228,25,20,273,120,108
SUPER_10,4260000,302,31,21,354,146,156
SUPER_10,4270000,128,6,11,145,62,66
SUPER_10,4280000,193,23,21,237,100,93
SUPER_10,4290000,99,12,12,123,51,48
SUPER_10,4300000,227,28,16,271,122,105
SUPER_10,4310000,305,34,19,358,155,150
SUPER_10,4320000,257,31,23,311,115,142
SUPER_10,4330000,323,30,25,378,173,150
SUPER_10,4340000,352,45,26,423,157,195
SUPER_10,4350000,47,3,4,54,32,15
SUPER_10,4360000,115,17,12,144,60,55
SUPER_10,4370000,251,14,17,282,144,107
SUPER_10,4380000,256,23,26,305,125,131
SUPER_10,4390000,163,20,24,207,70,93
SUPER_10,4400000,226,27,20,273,106,120
SUPER_10,4410000,263,19,33,315,137,126
SUPER_10,4420000,279,25,30,334,145,134
SUPER_10,4430000,335,34,28,397,162,173
SUPER_10,4440000,387,41,36,464,187,200
SUPER_10,4450000,197,15,24,236,86,111
SUPER_10,4460000,205,17,20,242,108,97
SUPER_10,4470000,246,20,19,285,122,124
SUPER_10,4480000,262,33,19,314,127,135
SUPER_10,4490000,264,23,19,306,118,146
SUPER_10,4500000,264,22,19,305,134,130
SUPER_10,4510000,235,25,23,283,119,116
SUPER_10,4520000,306,25,29,360,138,168
SUPER_10,4530000,270,26,22,318,130,140
SUPER_10,4540000,279,18,16,313,138,141
SUPER_10,4550000,280,17,29,326,126,154
SUPER_10,4560000,253,26,15,294,144,109
SUPER_10,4570000,249,12,24,285,120,129
SUPER_10,4580000,355,46,39,440,168,187
SUPER_10,4590000,278,42,29,349,126,152
SUPER_10,4600000,328,31,38,397,159,169
SUPER_10,4610000,318,27,24,369,158,160
SUPER_10,4620000,287,23,24,334,146,141
SUPER_10,4630000,266,30,31,327,120,146
SUPER_10,4640000,258,19,24,301,113,145
SUPER_10,4650000,262,30,17,309,125,137
SUPER_10,4660000,194,19,20,233,102,92
SUPER_10,4670000,261,28,21,310,128,133
SUPER_10,4680000,250,33,16,299,118,132
SUPER_10,4690000,147,20,20,187,74,73
SUPER_10,4700000,233,23,30,286,100,133
SUPER_10,4710000,284,18,33,335,119,165
SUPER_10,4720000,298,27,41,366,144,154
SUPER_10,4730000,335,21,38,394,140,195
SUPER_10,4740000,318,23,27,368,154,164
SUPER_10,4750000,318,29,29,376,153,165
SUPER_10,4760000,268,19,28,315,122,146
SUPER_10,4770000,252,27,23,302,128,124
SUPER_10,4780000,230,29,19,278,109,121
SUPER_10,4790000,182,16,15,213,84,98
SUPER_10,4800000,200,16,8,224,107,93
SUPER_10,4810000,183,23,22,228,83,100
SUPER_10,4820000,260,24,35,319,124,136
SUPER_10,4830000,100,5,14,119,48,52
SUPER_10,4840000,289,25,25,339,143,146
SUPER_10,4850000,330,29,33,392,168,162
SUPER_10,4860000,271,18,28,317,146,125
SUPER_10,4870000,212,13,20,245,100,112
SUPER_10,4880000,65,2,6,73,38,27
SUPER_10,4890000,173,13,21,207,85,88
SUPER_10,4900000,222,14,20,256,114,108
SUPER_10,4910000,245,21,23,289,129,116
SUPER_10,4920000,148,17,20,185,67,81
SUPER_10,4930000,190,22,25,237,85,105
SUPER_10,4940000,66,9,3,78,31,35
SUPER_10,4950000,172,14,9,195,80,92
SUPER_10,4960000,279,36,39,354,120,159
SUPER_10,4970000,210,17,20,247,97,113
SUPER_10,4980000,267,30,29,326,142,125
SUPER_10,4990000,307,38,34,379,135,172
SUPER_10,5000000,232,24,30,286,119,113
SUPER_10,5010000,244,20,24,288,117,127
SUPER_10,5020000,284,28,21,333,134,150
SUPER_10,5030000,339,29,28,396,167,172
SUPER_10,5040000,276,20,18,314,135,141
SUPER_10,5050000,175,20,13,208,76,99
SUPER_10,5060000,256,38,21,315,113,143
SUPER_10,5070000,267,35,14,316,138,129
SUPER_10,5080000,273,40,26,339,131,142
SUPER_10,5090000,293,31,31,355,144,149
SUPER_10,5100000,327,30,28,385,157,170
SUPER_10,5110000,319,24,34,377,133,186
SUPER_10,5120000,365,30,46,441,163,202
SUPER_10,5130000,282,17,30,329,138,144
SUPER_10,5140000,299,30,31,360,150,149
SUPER_10,5150000,60,4,4,68,29,31
SUPER_10,5160000,236,23,24,283,129,107
SUPER_10,5170000,234,20,21,275,122,112
SUPER_10,5180000,259,24,18,301,141,118
SUPER_10,5190000,285,32,25,342,125,160
SUPER_10,5200000,224,22,30,276,91,133
SUPER_10,5210000,253,34,26,313,109,144
SUPER_10,5220000,209,12,21,242,109,100
SUPER_10,5230000,351,27,38,416,157,194
SUPER_10,5240000,266,27,30,323,130,136
SUPER_10,5250000,242,22,20,284,120,122
SUPER_10,5260000,147,13,12,172,69,78
SUPER_10,5270000,275,27,29,331,137,138
SUPER_10,5280000,342,28,33,403,171,171
SUPER_10,5290000,272,26,26,324,126,146
SUPER_10,5300000,261,19,19,299,125,136
SUPER_10,5310000,281,25,23,329,137,144
SUPER_10,5320000,236,19,23,278,105,131
SUPER_10,5330000,311,29,32,372,150,161
SUPER_10,5340000,283,26,28,337,127,156
SUPER_10,5350000,298,26,27,351,134,164
SUPER_10,5360000,296,22,33,351,144,152
SUPER_10,5370000,308,23,27,358,155,153
SUPER_10,5380000,267,29,15,311,134,133
SUPER_10,5390000,116,16,6,138,65,51
SUPER_10,5400000,100,11,18,129,47,53
SUPER_10,5410000,46,5,3,54,20,26
SUPER_10,5420000,42,3,6,51,22,20
SUPER_10,5430000,68,8,2,78,24,44
SUPER_10,5440000,22,3,1,26,14,8
SUPER_10,5450000,69,8,3,80,27,42
SUPER_10,5460000,286,27,23,336,131,155
SUPER_10,5470000,94,13,6,113,42,52
SUPER_10,5480000,348,34,40,422,176,172
SUPER_10,5490000,201,23,14,238,80,121
SUPER_10,5500000,175,20,23,218,82,93
SUPER_10,5510000,298,33,23,354,150,148
SUPER_10,5520000,311,37,27,375,146,165
SUPER_10,5530000,242,30,25,297,119,123
SUPER_10,5540000,271,28,35,334,119,152
SUPER_10,5550000,354,34,35,423,170,184
SUPER_10,5560000,259,35,28,322,122,137
SUPER_10,5570000,360,41,30,431,163,197
SUPER_10,5580000,312,43,37,392,138,174
SUPER_10,5590000,243,21,25,289,107,136
SUPER_10,5600000,237,23,32,292,132,105
SUPER_10,5610000,183,22,15,220,86,97
SUPER_10,5620000,278,20,30,328,126,152
SUPER_10,5630000,313,31,31,375,149,164
SUPER_10,5640000,155,10,14,179,79,76
SUPER_10,5650000,185,21,5,211,97,88
SUPER_10,5660000,291,46,27,364,152,139
SUPER_10,5670000,226,23,17,266,126,100
SUPER_10,5680000,96,10,12,118,49,47
SUPER_10,5690000,113,8,6,127,48,65
SUPER_10,5700000,164,12,19,195,84,80
SUPER_10,5710000,202,15,17,234,96,106
SUPER_10,5720000,182,9,11,202,98,84
SUPER_10,5730000,300,20,28,348,148,152
SUPER_10,5740000,33,6,4,43,17,16
SUPER_10,5750000,223,29,25,277,124,99
SUPER_10,5760000,178,15,18,211,85,93
SUPER_10,5770000,278,25,16,319,150,128
SUPER_10,5780000,314,25,26,365,153,161
SUPER_10,5790000,160,15,15,190,77,83
SUPER_10,5800000,218,17,18,253,122,96
SUPER_10,5810000,110,13,7,130,55,55
SUPER_10,5820000,124,13,13,150,56,68
SUPER_10,5830000,170,10,19,199,92,78
SUPER_10,5840000,133,7,14,154,57,76
SUPER_10,5850000,144,20,21,185,73,71
SUPER_10,5860000,191,19,22,232,87,104
SUPER_10,5870000,220,20,22,262,104,116
SUPER_10,5880000,196,23,22,241,101,95
SUPER_10,5890000,160,24,15,199,76,84
SUPER_10,5900000,223,27,16,266,121,102
SUPER_10,5910000,66,4,6,76,34,32
SUPER_10,5920000,156,13,10,179,80,76
SUPER_10,5930000,130,10,10,150,70,60
SUPER_10,5940000,93,6,9,108,41,52
SUPER_10,5950000,230,29,24,283,112,118
SUPER_10,5960000,231,32,22,285,99,132
SUPER_10,5970000,126,12,11,149,57,69
SUPER_10,5980000,79,4,5,88,42,37
SUPER_10,5990000,22,3,0,25,12,10
SUPER_10,6000000,10,1,1,12,5,5
SUPER_10,6010000,31,2,6,39,18,13
SUPER_10,6020000,137,18,9,164,76,61
SUPER_10,6030000,95,12,2,109,50,45
SUPER_10,6040000,138,19,11,168,70,68
SUPER_10,6050000,143,18,14,175,68,75
SUPER_10,6060000,214,23,31,268,100,114
SUPER_10,6070000,155,18,14,187,82,73
SUPER_10,6080000,164,12,15,191,87,77
SUPER_10,6090000,111,14,10,135,53,58
SUPER_10,6100000,224,27,24,275,103,121
SUPER_10,6110000,109,10,10,129,53,56
SUPER_10,6120000,106,9,19,134,51,55
SUPER_10,6130000,31,8,5,44,13,18
SUPER_10,6140000,206,37,15,258,100,106
SUPER_10,6150000,171,11,24,206,79,92
SUPER_10,6160000,132,10,16,158,64,68
SUPER_10,6170000,154,12,16,182,67,87
SUPER_10,6180000,174,22,12,208,89,85
SUPER_10,6190000,196,22,18,236,97,99
SUPER_10,6200000,164,16,21,201,76,88
SUPER_10,6210000,174,19,16,209,88,86
SUPER_10,6220000,201,27,23,251,86,115
SUPER_10,6230000,197,16,24,237,103,94
SUPER_10,6240000,142,19,12,173,72,70
SUPER_10,6250000,250,32,19,301,121,129
SUPER_10,6260000,231,26,27,284,109,122
SUPER_10,6270000,153,9,14,176,70,83
SUPER_10,6280000,104,6,15,125,55,49
SUPER_10,6290000,113,7,18,138,64,49
SUPER_10,6300000,145,21,21,187,76,69
SUPER_10,6310000,236,23,33,292,113,123
SUPER_10,6320000,221,24,27,272,109,112
SUPER_10,6330000,313,33,32,378,149,164
SUPER_10,6340000,272,29,28,329,122,150
SUPER_10,6350000,291,25,26,342,150,141
SUPER_10,6360000,147,14,17,178,68,79
SUPER_10,6370000,134,11,19,164,64,70
SUPER_10,6380000,115,17,10,142,52,63
SUPER_10,6390000,166,11,13,190,65,101
SUPER_10,6400000,195,22,33,250,97,98
SUPER_10,6410000,33,4,0,37,16,17
SUPER_10,6420000,0,0,1,1,0,0
SUPER_10,6430000,23,4,2,29,10,13
SUPER_10,6440000,114,10,9,133,56,58
SUPER_10,6450000,192,16,12,220,92,100
SUPER_10,6460000,71,7,7,85,33,38
SUPER_10,6470000,167,11,20,198,73,94
SUPER_10,6480000,250,28,18,296,118,132
SUPER_10,6490000,220,17,15,252,99,121
SUPER_10,6500000,139,16,9,164,70,69
SUPER_10,6510000,260,19,20,299,122,138
SUPER_10,6520000,272,26,27,325,134,138
SUPER_10,6530000,273,19,26,318,127,146
SUPER_10,6540000,146,18,10,174,67,79
SUPER_10,6550000,261,32,18,311,147,114
SUPER_10,6560000,278,29,25,332,123,155
SUPER_10,6570000,210,14,16,240,97,113
SUPER_10,6580000,210,18,17,245,112,98
SUPER_10,6590000,267,30,30,327,121,146
SUPER_10,6600000,261,25,13,299,148,113
SUPER_10,6610000,167,16,15,198,75,92
SUPER_10,6620000,167,11,10,188,97,70
SUPER_10,6630000,136,20,8,164,55,81
SUPER_10,6640000,91,7,8,106,53,38
SUPER_10,6650000,87,11,7,105,32,55
SUPER_10,6660000,205,22,17,244,90,115
SUPER_10,6670000,17,5,4,26,10,7
SUPER_10,6680000,125,14,17,156,56,69
SUPER_10,6690000,166,12,22,200,78,88
SUPER_10,6700000,203,18,17,238,102,101
SUPER_10,6710000,235,29,25,289,115,120
SUPER_10,6720000,170,17,17,204,88,82
SUPER_10,6730000,162,12,17,191,82,80
SUPER_10,6740000,217,15,15,247,97,120
SUPER_10,6750000,175,17,17,209,94,81
SUPER_10,6760000,111,6,10,127,57,54
SUPER_10,6770000,179,12,12,203,91,88
SUPER_10,6780000,208,29,18,255,100,108
SUPER_10,6790000,252,22,22,296,124,128
SUPER_10,6800000,139,8,10,157,72,67
SUPER_10,6810000,260,23,28,311,124,136
SUPER_10,6820000,161,23,21,205,66,95
SUPER_10,6830000,184,13,14,211,71,113
SUPER_10,6840000,202,18,18,238,95,107
SUPER_10,6850000,206,23,11,240,89,117
SUPER_10,6860000,103,9,6,118,60,43
SUPER_10,6870000,64,12,14,90,31,33
SUPER_10,6880000,31,1,1,33,17,14
SUPER_10,6890000,63,7,8,78,34,29
SUPER_10,6900000,127,17,9,153,68,59
SUPER_10,6910000,26,5,2,33,12,14
SUPER_10,6920000,109,17,14,140,48,61
SUPER_10,6930000,84,9,15,108,38,46
SUPER_10,6940000,33,4,3,40,14,19
SUPER_10,6950000,95,4,16,115,43,52
SUPER_10,6960000,205,38,24,267,101,104
SUPER_10,6970000,245,25,25,295,107,138
SUPER_10,6980000,133,9,7,149,64,69
SUPER_10,6990000,162,20,6,188,81,81
SUPER_10,7000000,198,28,22,248,93,105
SUPER_10,7010000,214,20,21,255,113,101
SUPER_10,7020000,179,20,18,217,94,85
SUPER_10,7030000,265,21,36,322,120,145
SUPER_10,7040000,260,32,26,318,116,144
SUPER_10,7050000,148,14,9,171,82,66
SUPER_10,7060000,216,12,21,249,101,115
SUPER_10,7070000,224,25,21,270,107,117
SUPER_10,7080000,227,19,22,268,120,107
SUPER_10,7090000,206,22,19,247,107,99
SUPER_10,7100000,251,32,17,300,110,141
SUPER_10,7110000,198,27,19,244,89,109
SUPER_10,7120000,205,14,22,241,96,109
SUPER_10,7130000,245,28,30,303,124,121
SUPER_10,7140000,228,15,31,274,101,127
SUPER_10,7150000,162,11,13,186,79,83
SUPER_10,7160000,183,14,19,216,96,87
SUPER_10,7170000,230,23,26,279,119,111
SUPER_10,7180000,329,31,25,385,167,162
SUPER_10,7190000,285,34,34,353,138,147
SUPER_10,7200000,219,21,19,259,101,118
SUPER_10,7210000,252,23,33,308,140,112
SUPER_10,7220000,272,22,18,312,139,133
SUPER_10,7230000,233,24,25,282,117,116
SUPER_10,7240000,234,18,28,280,122,112
SUPER_10,7250000,268,15,28,311,142,126
SUPER_10,7260000,298,17,23,338,142,156
SUPER_10,7270000,286,25,28,339,134,152
SUPER_10,7280000,296,32,31,359,134,162
SUPER_10,7290000,179,16,15,210,86,93
SUPER_10,7300000,217,20,17,254,103,114
SUPER_10,7310000,183,16,20,219,74,109
SUPER_10,7320000,189,27,22,238,82,107
SUPER_10,7330000,282,29,25,336,138,144
SUPER_10,7340000,242,16,28,286,111,131
SUPER_10,7350000,292,32,23,347,144,148
SUPER_10,7360000,268,30,20,318,131,137
SUPER_10,7370000,295,33,24,352,136,159
SUPER_10,7380000,397,33,32,462,193,204
SUPER_10,7390000,256,20,25,301,114,142
SUPER_10,7400000,250,25,27,302,115,135
SUPER_10,7410000,171,17,16,204,82,89
SUPER_10,7420000,213,14,21,248,109,104
SUPER_10,7430000,179,19,22,220,83,96
SUPER_10,7440000,124,11,8,143,52,72
SUPER_10,7450000,175,22,16,213,80,95
SUPER_10,7460000,178,13,19,210,92,86
SUPER_10,7470000,303,33,31,367,178,125
SUPER_10,7480000,294,34,29,357,164,130
SUPER_10,7490000,249,26,16,291,114,135
SUPER_10,7500000,345,42,33,420,165,180
SUPER_10,7510000,290,27,41,358,142,148
SUPER_10,7520000,215,21,17,253,103,112
SUPER_10,7530000,329,31,36,396,148,181
SUPER_10,7540000,247,25,24,296,115,132
SUPER_10,7550000,288,31,37,356,127,161
SUPER_10,7560000,245,21,29,295,106,139
SUPER_10,7570000,223,23,24,270,111,112
SUPER_10,7580000,242,30,28,300,114,128
SUPER_10,7590000,152,13,16,181,71,81
SUPER_10,7600000,329,29,36,394,159,170
SUPER_10,7610000,291,25,23,339,141,150
SUPER_10,7620000,278,30,22,330,137,141
SUPER_10,7630000,112,11,19,142,43,69
SUPER_10,7640000,188,12,28,228,79,109
SUPER_10,7650000,261,33,21,315,114,147
SUPER_10,7660000,202,18,20,240,88,114
SUPER_10,7670000,211,16,20,247,96,115
SUPER_10,7680000,343,24,32,399,166,177
SUPER_10,7690000,185,21,18,224,88,97
SUPER_10,7700000,190,16,20,226,72,118
SUPER_10,7710000,209,23,27,259,107,102
SUPER_10,7720000,299,29,28,356,141,158
SUPER_10,7730000,255,33,16,304,120,135
SUPER_10,7740000,252,24,18,294,134,118
SUPER_10,7750000,290,36,22,348,147,143
SUPER_10,7760000,241,29,23,293,117,124
SUPER_10,7770000,256,18,30,304,135,121
SUPER_10,7780000,398,42,33,473,199,199
SUPER_10,7790000,386,31,25,442,180,206
SUPER_10,7800000,455,51,40,546,210,245
SUPER_10,7810000,257,21,26,304,127,130
SUPER_10,7820000,352,29,30,411,163,189
SUPER_10,7830000,247,28,19,294,111,136
SUPER_10,7840000,247,25,18,290,131,116
SUPER_10,7850000,272,22,20,314,129,143
SUPER_10,7860000,348,36,31,415,170,178
SUPER_10,7870000,270,20,25,315,126,144
SUPER_10,7880000,203,15,19,237,98,105
SUPER_10,7890000,164,15,22,201,70,94
SUPER_10,7900000,117,15,11,143,61,56
SUPER_10,7910000,198,15,18,231,98,100
SUPER_10,7920000,321,31,24,376,172,149
SUPER_10,7930000,203,22,19,244,105,98
SUPER_10,7940000,379,37,28,444,180,199
SUPER_10,7950000,251,21,31,303,118,133
SUPER_10,7960000,183,20,18,221,81,102
SUPER_10,7970000,271,28,26,325,146,125
SUPER_10,7980000,204,28,9,241,103,101
SUPER_10,7990000,249,19,12,280,131,118
SUPER_10,8000000,182,28,25,235,80,102
SUPER_10,8010000,240,22,20,282,120,120
SUPER_10,8020000,314,24,39,377,149,165
SUPER_10,8030000,146,11,12,169,62,84
SUPER_10,8040000,82,11,6,99,41,41
SUPER_10,8050000,169,12,25,206,81,88
SUPER_10,8060000,37,5,2,44,22,15
SUPER_10,8070000,38,2,10,50,15,23
SUPER_10,8080000,41,3,4,48,11,30
SUPER_10,8090000,31,2,0,33,13,18
SUPER_10,8100000,26,3,4,33,10,16
SUPER_10,8110000,32,2,4,38,13,19
SUPER_10,8120000,48,5,2,55,35,13
SUPER_10,8130000,52,8,2,62,21,31
SUPER_10,8140000,59,8,3,70,36,23
SUPER_10,8150000,11,2,1,14,2,9
SUPER_10,8160000,0,0,0,0,0,0
SUPER_10,8170000,0,0,0,0,0,0
SUPER_10,8180000,0,0,0,0,0,0
SUPER_10,8190000,0,0,0,0,0,0
SUPER_10,8200000,0,0,0,0,0,0
SUPER_10,8210000,0,0,0,0,0,0
SUPER_10,8220000,39,4,9,52,21,18
SUPER_10,8230000,99,6,3,108,43,56
SUPER_10,8240000,23,1,2,26,12,11
SUPER_10,8250000,2,2,0,4,0,2
SUPER_10,8260000,13,0,0,13,9,4
SUPER_10,8270000,20,0,0,20,15,5
SUPER_10,8280000,42,4,3,49,20,22
SUPER_10,8290000,0,0,0,0,0,0
SUPER_10,8300000,0,0,0,0,0,0
SUPER_10,8310000,0,0,0,0,0,0
SUPER_10,8320000,0,0,0,0,0,0
SUPER_10,8330000,0,1,2,3,0,0
SUPER_10,8340000,69,5,1,75,41,28
SUPER_10,8350000,0,0,0,0,0,0
SUPER_10,8360000,0,0,0,0,0,0
SUPER_10,8370000,0,0,0,0,0,0
SUPER_10,8380000,8,3,0,11,5,3
SUPER_10,8390000,40,1,3,44,21,19
SUPER_10,8400000,49,10,5,64,20,29
SUPER_10,8410000,8,0,0,8,3,5
SUPER_10,8420000,17,2,2,21,9,8
SUPER_10,8430000,1,0,1,2,1,0
SUPER_10,8440000,0,0,0,0,0,0
SUPER_10,8450000,0,0,0,0,0,0
SUPER_10,8460000,1,1,1,3,1,0
SUPER_10,8470000,18,3,3,24,12,6
SUPER_10,8480000,3,0,2,5,2,1
SUPER_10,8490000,6,0,0,6,6,0
SUPER_10,8500000,0,0,0,0,0,0
SUPER_10,8510000,0,0,0,0,0,0
SUPER_10,8520000,0,0,0,0,0,0
SUPER_10,8530000,0,0,0,0,0,0
SUPER_10,8540000,10,1,1,12,6,4
SUPER_10,8550000,3,0,1,4,0,3
SUPER_10,8560000,39,9,3,51,18,21
SUPER_10,8570000,0,0,0,0,0,0
SUPER_10,8580000,0,0,0,0,0,0
SUPER_10,8590000,0,0,0,0,0,0
SUPER_10,8600000,0,0,0,0,0,0
SUPER_10,8610000,0,0,0,0,0,0
SUPER_10,8620000,0,0,0,0,0,0
SUPER_10,8630000,53,3,8,64,25,28
SUPER_10,8640000,9,0,0,9,2,7
SUPER_10,8650000,4,0,0,4,2,2
SUPER_10,8660000,16,1,2,19,8,8
SUPER_10,8670000,11,1,0,12,4,7
SUPER_10,8680000,2,0,0,2,0,2
SUPER_10,8690000,13,2,1,16,6,7
SUPER_10,8700000,23,6,3,32,9,14
SUPER_10,8710000,13,0,3,16,5,8
SUPER_10,8720000,0,0,0,0,0,0
SUPER_10,8730000,0,0,0,0,0,0
SUPER_10,8740000,15,5,1,21,5,10
SUPER_10,8750000,54,6,4,64,21,33
SUPER_10,8760000,44,4,4,52,27,17
SUPER_10,8770000,23,7,4,34,7,16
SUPER_10,8780000,13,1,0,14,8,5
SUPER_10,8790000,18,4,4,26,10,8
SUPER_10,8800000,9,1,0,10,6,3
SUPER_10,8810000,17,3,2,22,9,8
SUPER_10,8820000,12,3,0,15,4,8
SUPER_10,8830000,56,6,7,69,32,24
SUPER_10,8840000,12,0,0,12,6,6
SUPER_10,8850000,10,2,4,16,6,4
SUPER_10,8860000,31,2,8,41,16,15
SUPER_10,8870000,40,3,1,44,24,16
SUPER_10,8880000,17,4,7,28,10,7
SUPER_10,8890000,39,4,2,45,22,17
SUPER_10,8900000,49,5,7,61,25,24
SUPER_10,8910000,59,7,6,72,26,33
SUPER_10,8920000,36,3,2,41,16,20
SUPER_10,8930000,39,1,3,43,19,20
SUPER_10,8940000,88,11,5,104,51,37
SUPER_10,8950000,41,8,7,56,20,21
SUPER_10,8960000,48,4,3,55,21,27
SUPER_10,8970000,30,5,0,35,17,13
SUPER_10,8980000,21,3,1,25,14,7
SUPER_10,8990000,6,0,3,9,4,2
SUPER_10,9000000,6,1,0,7,3,3
SUPER_10,9010000,33,3,3,39,20,13
SUPER_10,9020000,46,13,10,69,19,27
SUPER_10,9030000,53,3,6,62,17,36
SUPER_10,9040000,6,0,2,8,4,2
SUPER_10,9050000,28,1,1,30,16,12
SUPER_10,9060000,43,10,2,55,23,20
SUPER_10,9070000,9,2,0,11,6,3
SUPER_10,9080000,0,0,0,0,0,0
SUPER_10,9090000,0,0,0,0,0,0
SUPER_10,9100000,51,11,4,66,26,25
SUPER_10,9110000,0,0,0,0,0,0
SUPER_10,9120000,0,0,0,0,0,0
SUPER_10,9130000,11,1,5,17,8,3
SUPER_10,9140000,15,1,0,16,8,7
SUPER_10,9150000,3,0,0,3,3,0
SUPER_10,9160000,62,2,2,66,42,20
SUPER_10,9170000,43,7,2,52,27,16
SUPER_10,9180000,0,0,0,0,0,0
SUPER_10,9190000,0,0,0,0,0,0
SUPER_10,9200000,0,0,0,0,0,0
SUPER_10,9210000,45,4,4,53,27,18
SUPER_10,9220000,18,0,1,19,9,9
SUPER_10,9230000,25,2,2,29,13,12
SUPER_10,9240000,17,2,2,21,12,5
SUPER_10,9250000,30,1,2,33,11,19
SUPER_10,9260000,33,2,4,39,11,22
SUPER_10,9270000,49,6,2,57,25,24
SUPER_10,9280000,26,3,3,32,11,15
SUPER_10,9290000,0,1,0,1,0,0
SUPER_10,9300000,0,0,0,0,0,0
SUPER_10,9310000,0,0,0,0,0,0
SUPER_10,9320000,0,0,0,0,0,0
SUPER_10,9330000,0,0,2,2,0,0
SUPER_10,9340000,44,5,4,53,25,19
SUPER_10,9350000,0,0,0,0,0,0
SUPER_10,9360000,0,0,0,0,0,0
SUPER_10,9370000,0,0,0,0,0,0
SUPER_10,9380000,0,0,0,0,0,0
SUPER_10,9390000,0,0,0,0,0,0
SUPER_10,9400000,0,0,0,0,0,0
SUPER_10,9410000,87,8,11,106,42,45
SUPER_10,9420000,29,3,1,33,16,13
SUPER_10,9430000,28,3,2,33,13,15
SUPER_10,9440000,44,4,4,52,23,21
SUPER_10,9450000,80,10,3,93,35,45
SUPER_10,9460000,57,1,3,61,29,28
SUPER_10,9470000,54,6,6,66,25,29
SUPER_10,9480000,46,3,7,56,20,26
SUPER_10,9490000,0,0,0,0,0,0
SUPER_10,9500000,0,0,0,0,0,0
SUPER_10,9510000,2,1,0,3,1,1
SUPER_10,9520000,24,3,1,28,13,11
SUPER_10,9530000,29,2,1,32,16,13
SUPER_10,9540000,36,3,7,46,15,21
SUPER_10,9550000,47,5,7,59,17,30
SUPER_10,9560000,107,12,8,127,51,56
SUPER_10,9570000,51,7,7,65,32,19
SUPER_10,9580000,41,5,1,47,18,23
SUPER_10,9590000,51,5,1,57,23,28
SUPER_10,9600000,48,4,4,56,25,23
SUPER_10,9610000,46,14,9,69,23,23
SUPER_10,9620000,63,11,7,81,25,38
SUPER_10,9630000,74,10,9,93,27,47
SUPER_10,9640000,98,13,9,120,43,55
SUPER_10,9650000,61,8,7,76,30,31
SUPER_10,9660000,11,0,2,13,7,4
SUPER_10,9670000,3,0,0,3,0,3
SUPER_10,9680000,49,5,5,59,19,30
SUPER_10,9690000,56,5,8,69,38,18
SUPER_10,9700000,0,0,0,0,0,0
SUPER_10,9710000,0,0,0,0,0,0
SUPER_10,9720000,166,12,8,186,88,78
SUPER_10,9730000,34,10,4,48,17,17
SUPER_10,9740000,62,2,4,68,37,25
SUPER_10,9750000,44,2,6,52,20,24
SUPER_10,9760000,96,6,8,110,47,49
SUPER_10,9770000,201,18,20,239,92,109
SUPER_10,9780000,387,44,36,467,196,191
SUPER_10,9790000,386,40,25,451,193,193
SUPER_10,9800000,173,19,18,210,88,85
SUPER_10,9810000,308,29,21,358,116,192
SUPER_10,9820000,201,20,17,238,96,105
SUPER_10,9830000,286,18,25,329,132,154
SUPER_10,9840000,333,32,30,395,148,185
SUPER_10,9850000,286,35,29,350,122,164
SUPER_10,9860000,346,40,30,416,159,187
SUPER_10,9870000,166,16,13,195,87,79
SUPER_10,9880000,195,24,17,236,98,97
SUPER_10,9890000,307,32,22,361,150,157
SUPER_10,9900000,350,25,27,402,161,189
SUPER_10,9910000,282,27,30,339,158,124
SUPER_10,9920000,330,34,30,394,167,163
SUPER_10,9930000,303,27,30,360,141,162
SUPER_10,9940000,325,31,30,386,144,181
SUPER_10,9950000,312,23,30,365,152,160
SUPER_10,9960000,182,19,17,218,91,91
SUPER_10,9970000,285,36,35,356,143,142
SUPER_10,9980000,338,20,38,396,181,157
SUPER_10,9990000,233,23,15,271,116,117
SUPER_10,10000000,442,34,42,518,195,247
SUPER_10,10010000,370,27,31,428,178,192
SUPER_10,10020000,338,23,31,392,168,170
SUPER_10,10030000,238,21,27,286,138,100
SUPER_10,10040000,337,37,34,408,148,189
SUPER_10,10050000,417,48,37,502,193,224
SUPER_10,10060000,182,14,16,212,83,99
SUPER_10,10070000,424,36,42,502,227,197
SUPER_10,10080000,369,34,25,428,172,197
SUPER_10,10090000,323,35,30,388,146,177
SUPER_10,10100000,342,33,36,411,193,149
SUPER_10,10110000,226,16,27,269,107,119
SUPER_10,10120000,261,22,25,308,125,136
SUPER_10,10130000,326,38,35,399,145,181
SUPER_10,10140000,331,31,25,387,176,155
SUPER_10,10150000,256,33,26,315,128,128
SUPER_10,10160000,281,21,28,330,155,126
SUPER_10,10170000,184,17,13,214,92,92
SUPER_10,10180000,94,5,5,104,53,41
SUPER_10,10190000,302,35,30,367,137,165
SUPER_10,10200000,263,17,38,318,121,142
SUPER_10,10210000,304,36,26,366,144,160
SUPER_10,10220000,258,28,21,307,129,129
SUPER_10,10230000,334,23,29,386,154,180
SUPER_10,10240000,193,11,16,220,102,91
SUPER_10,10250000,183,16,18,217,90,93
SUPER_10,10260000,238,23,15,276,117,121
SUPER_10,10270000,255,23,28,306,124,131
SUPER_10,10280000,183,17,18,218,86,97
SUPER_10,10290000,81,16,3,100,44,37
SUPER_10,10300000,183,10,11,204,115,68
SUPER_10,10310000,165,14,12,191,93,72
SUPER_10,10320000,119,15,10,144,62,57
SUPER_10,10330000,180,23,24,227,92,88
SUPER_10,10340000,213,26,20,259,98,115
SUPER_10,10350000,274,28,26,328,139,135
SUPER_10,10360000,337,46,22,405,152,185
SUPER_10,10370000,259,18,26,303,127,132
SUPER_10,10380000,217,18,24,259,95,122
SUPER_10,10390000,212,17,15,244,109,103
SUPER_10,10400000,371,27,33,431,171,200
SUPER_10,10410000,261,30,22,313,114,147
SUPER_10,10420000,303,31,22,356,157,146
SUPER_10,10430000,208,15,27,250,100,108
SUPER_10,10440000,140,15,11,166,66,74
SUPER_10,10450000,190,20,26,236,74,116
SUPER_10,10460000,211,20,9,240,107,104
SUPER_10,10470000,220,27,24,271,114,106
SUPER_10,10480000,328,29,30,387,169,159
SUPER_10,10490000,278,23,21,322,130,148
SUPER_10,10500000,253,18,21,292,123,130
SUPER_10,10510000,239,21,20,280,121,118
SUPER_10,10520000,348,22,32,402,171,177
SUPER_10,10530000,381,35,30,446,195,186
SUPER_10,10540000,339,35,38,412,161,178
SUPER_10,10550000,274,45,24,343,128,146
SUPER_10,10560000,64,3,7,74,34,30
SUPER_10,10570000,281,22,13,316,141,140
SUPER_10,10580000,276,36,18,330,143,133
SUPER_10,10590000,278,35,22,335,141,137
SUPER_10,10600000,323,25,32,380,158,165
SUPER_10,10610000,299,31,32,362,152,147
SUPER_10,10620000,346,26,43,415,167,179
SUPER_10,10630000,352,33,34,419,180,172
SUPER_10,10640000,291,14,25,330,155,136
SUPER_10,10650000,387,35,32,454,186,201
SUPER_10,10660000,338,24,27,389,176,162
SUPER_10,10670000,359,41,22,422,165,194
SUPER_10,10680000,367,37,45,449,178,189
SUPER_10,10690000,420,32,24,476,206,214
SUPER_10,10700000,401,37,27,465,192,209
SUPER_10,10710000,290,32,35,357,148,142
SUPER_10,10720000,390,41,36,467,193,197
SUPER_10,10730000,385,44,45,474,189,196
SUPER_10,10740000,385,40,28,453,188,197
SUPER_10,10750000,300,23,30,353,135,165
SUPER_10,10760000,365,36,28,429,161,204
SUPER_10,10770000,359,46,27,432,169,190
SUPER_10,10780000,320,30,30,380,149,171
SUPER_10,10790000,430,38,42,510,211,219
SUPER_10,10800000,327,37,40,404,153,174
SUPER_10,10810000,228,17,19,264,109,119
SUPER_10,10820000,1,0,0,1,0,1
SUPER_10,10830000,299,32,23,354,144,155
SUPER_10,10840000,280,31,33,344,139,141
SUPER_10,10850000,332,33,30,395,157,175
SUPER_10,10860000,267,29,24,320,130,137
SUPER_10,10870000,354,37,33,424,167,187
SUPER_10,10880000,233,20,22,275,100,133
SUPER_10,10890000,243,19,25,287,120,123
SUPER_10,10900000,155,15,17,187,63,92
SUPER_10,10910000,121,8,16,145,72,49
SUPER_10,10920000,225,22,25,272,105,120
SUPER_10,10930000,202,20,17,239,92,110
SUPER_10,10940000,282,29,25,336,138,144
SUPER_10,10950000,297,29,30,356,144,153
SUPER_10,10960000,291,36,26,353,142,149
SUPER_10,10970000,226,12,23,261,117,109
SUPER_10,10980000,178,13,17,208,93,85
SUPER_10,10990000,304,26,28,358,155,149
SUPER_10,11000000,272,24,26,322,147,125
SUPER_10,11010000,378,38,30,446,201,177
SUPER_10,11020000,277,15,24,316,151,126
SUPER_10,11030000,221,17,16,254,106,115
SUPER_10,11040000,128,5,3,136,76,52
SUPER_10,11050000,202,17,17,236,101,101
SUPER_10,11060000,280,21,30,331,137,143
SUPER_10,11070000,0,1,0,1,0,0
SUPER_10,11080000,197,14,16,227,101,96
SUPER_10,11090000,268,22,18,308,135,133
SUPER_10,11100000,205,14,20,239,95,110
SUPER_10,11110000,265,24,32,321,127,138
SUPER_10,11120000,343,36,34,413,166,177
SUPER_10,11130000,0,0,0,0,0,0
SUPER_10,11140000,0,0,0,0,0,0
SUPER_10,11150000,319,33,29,381,153,166
SUPER_10,11160000,0,0,0,0,0,0
SUPER_10,11170000,0,0,0,0,0,0
SUPER_10,11180000,333,32,33,398,174,159
SUPER_10,11190000,229,15,29,273,102,127
SUPER_10,11200000,251,16,22,289,127,124
SUPER_10,11210000,375,41,36,452,159,216
SUPER_10,11220000,292,26,32,350,137,155
SUPER_10,11230000,353,46,25,424,199,154
SUPER_10,11240000,303,32,29,364,154,149
SUPER_10,11250000,338,40,39,417,170,168
SUPER_10,11260000,135,17,14,166,71,64
SUPER_10,11270000,208,17,22,247,102,106
SUPER_10,11280000,423,48,42,513,208,215
SUPER_10,11290000,282,27,26,335,141,141
SUPER_10,11300000,180,20,19,219,85,95
SUPER_10,11310000,277,26,24,327,120,157
SUPER_10,11320000,229,19,19,267,120,109
SUPER_10,11330000,243,27,28,298,116,127
SUPER_10,11340000,237,33,24,294,110,127
SUPER_10,11350000,131,14,17,162,68,63
SUPER_10,11360000,152,15,26,193,68,84
SUPER_10,11370000,16,2,1,19,4,12
SUPER_10,11380000,129,14,10,153,63,66
SUPER_10,11390000,211,17,22,250,98,113
SUPER_10,11400000,298,36,31,365,144,154
SUPER_10,11410000,196,19,13,228,96,100
SUPER_10,11420000,327,30,32,389,173,154
SUPER_10,11430000,165,16,10,191,90,75
SUPER_10,11440000,203,27,28,258,90,113
SUPER_10,11450000,320,33,30,383,165,155
SUPER_10,11460000,265,13,25,303,136,129
SUPER_10,11470000,148,11,10,169,72,76
SUPER_10,11480000,247,20,30,297,121,126
SUPER_10,11490000,259,29,27,315,123,136
SUPER_10,11500000,362,36,35,433,163,199
SUPER_10,11510000,312,29,31,372,147,165
SUPER_10,11520000,296,26,23,345,151,145
SUPER_10,11530000,84,6,6,96,46,38
SUPER_10,11540000,375,34,45,454,191,184
SUPER_10,11550000,442,39,54,535,226,216
SUPER_10,11560000,329,36,31,396,160,169
SUPER_10,11570000,370,41,38,449,186,184
SUPER_10,11580000,418,44,37,499,200,218
SUPER_10,11590000,351,39,37,427,155,196
SUPER_10,11600000,356,44,30,430,167,189
SUPER_10,11610000,67,8,5,80,37,30
SUPER_10,11620000,0,0,0,0,0,0
SUPER_10,11630000,0,0,0,0,0,0
SUPER_10,11640000,55,8,8,71,31,24
SUPER_10,11650000,58,6,9,73,31,27
SUPER_10,11660000,226,29,15,270,118,108
SUPER_10,11670000,322,43,29,394,146,176
SUPER_10,11680000,353,33,37,423,168,185
SUPER_10,11690000,280,22,20,322,131,149
SUPER_10,11700000,286,27,26,339,145,141
SUPER_10,11710000,338,42,40,420,151,187
SUPER_10,11720000,265,29,22,316,132,133
SUPER_10,11730000,323,35,36,394,157,166
SUPER_10,11740000,227,24,20,271,115,112
SUPER_10,11750000,163,24,23,210,75,88
SUPER_10,11760000,219,26,24,269,121,98
SUPER_10,11770000,252,26,23,301,133,119
SUPER_10,11780000,261,19,31,311,134,127
SUPER_10,11790000,344,32,41,417,143,201
SUPER_10,11800000,338,33,18,389,159,179
SUPER_10,11810000,262,32,23,317,129,133
SUPER_10,11820000,349,30,38,417,181,168
SUPER_10,11830000,150,19,17,186,68,82
SUPER_10,11840000,352,29,39,420,158,194
SUPER_10,11850000,234,15,31,280,120,114
SUPER_10,11860000,298,32,33,363,136,162
SUPER_10,11870000,142,17,15,174,66,76
SUPER_10,11880000,179,21,32,232,86,93
SUPER_10,11890000,115,5,17,137,62,53
SUPER_10,11900000,194,20,9,223,94,100
SUPER_10,11910000,204,17,12,233,105,99
SUPER_10,11920000,211,21,21,253,105,106
SUPER_10,11930000,241,23,29,293,112,129
SUPER_10,11940000,286,30,24,340,128,158
SUPER_10,11950000,308,26,40,374,162,146
SUPER_10,11960000,260,38,27,325,120,140
SUPER_10,11970000,281,26,23,330,123,158
SUPER_10,11980000,225,29,19,273,120,105
SUPER_10,11990000,374,30,36,440,187,187
SUPER_10,12000000,286,30,31,347,139,147
SUPER_10,12010000,332,35,44,411,149,183
SUPER_10,12020000,401,40,29,470,205,196
SUPER_10,12030000,386,31,38,455,185,201
SUPER_10,12040000,317,25,31,373,155,162
SUPER_10,12050000,415,35,35,485,185,230
SUPER_10,12060000,316,28,28,372,161,155
SUPER_10,12070000,179,19,13,211,91,88
SUPER_10,12080000,325,30,26,381,169,156
SUPER_10,12090000,371,30,37,438,180,191
SUPER_10,12100000,235,12,19,266,117,118
SUPER_10,12110000,205,22,30,257,88,117
SUPER_10,12120000,226,22,24,272,109,117
SUPER_10,12130000,338,26,34,398,144,194
SUPER_10,12140000,472,40,38,550,230,242
SUPER_10,12150000,369,43,36,448,200,169
SUPER_10,12160000,436,36,28,500,236,200
SUPER_10,12170000,103,19,8,130,42,61
SUPER_10,12180000,299,22,33,354,161,138
SUPER_10,12190000,419,37,32,488,196,223
SUPER_10,12200000,239,18,22,279,132,107
SUPER_10,12210000,457,31,34,522,211,246
SUPER_10,12220000,527,45,41,613,244,283
SUPER_10,12230000,249,21,15,285,129,120
SUPER_10,12240000,242,20,17,279,136,106
SUPER_10,12250000,0,0,1,1,0,0
SUPER_10,12260000,184,20,20,224,103,81
SUPER_10,12270000,293,31,29,353,148,145
SUPER_10,12280000,128,12,6,146,62,66
SUPER_10,12290000,254,17,20,291,141,113
SUPER_10,12300000,258,26,17,301,133,125
SUPER_10,12310000,270,27,18,315,132,138
SUPER_10,12320000,152,10,13,175,79,73
SUPER_10,12330000,390,30,41,461,182,208
SUPER_10,12340000,406,38,37,481,191,215
SUPER_10,12350000,224,16,20,260,134,90
SUPER_10,12360000,336,36,31,403,167,169
SUPER_10,12370000,371,19,29,419,183,188
SUPER_10,12380000,131,8,12,151,71,60
SUPER_10,12390000,256,18,30,304,130,126
SUPER_10,12400000,82,8,7,97,37,45
SUPER_10,12410000,2,0,0,2,1,1
SUPER_10,12420000,304,24,32,360,138,166
SUPER_10,12430000,168,15,16,199,76,92
SUPER_10,12440000,143,6,13,162,69,74
SUPER_10,12450000,160,10,8,178,83,77
SUPER_10,12460000,3,2,0,5,0,3
SUPER_10,12470000,103,11,2,116,57,46
SUPER_10,12480000,193,26,21,240,96,97
SUPER_10,12490000,199,7,14,220,100,99
SUPER_10,12500000,405,37,34,476,202,203
SUPER_10,12510000,310,27,21,358,152,158
SUPER_10,12520000,321,35,33,389,154,167
SUPER_10,12530000,33,4,4,41,14,19
SUPER_10,12540000,268,23,27,318,134,134
SUPER_10,12550000,315,26,39,380,161,154
SUPER_10,12560000,325,22,22,369,172,153
SUPER_10,12570000,377,37,43,457,180,197
SUPER_10,12580000,377,26,34,437,201,176
SUPER_10,12590000,154,15,20,189,75,79
SUPER_10,12600000,216,24,20,260,122,94
SUPER_10,12610000,431,45,34,510,215,216
SUPER_10,12620000,199,18,14,231,103,96
SUPER_10,12630000,377,28,42,447,193,184
SUPER_10,12640000,136,13,14,163,64,72
SUPER_10,12650000,111,13,6,130,60,51
SUPER_10,12660000,453,34,40,527,215,238
SUPER_10,12670000,240,19,25,284,119,121
SUPER_10,12680000,258,14,27,299,133,125
SUPER_10,12690000,196,19,17,232,95,101
SUPER_10,12700000,414,37,31,482,199,215
SUPER_10,12710000,449,51,40,540,231,218
SUPER_10,12720000,205,17,13,235,95,110
SUPER_10,12730000,370,48,38,456,172,198
SUPER_10,12740000,414,34,47,495,209,205
SUPER_10,12750000,284,32,23,339,119,165
SUPER_10,12760000,104,15,21,140,51,53
SUPER_10,12770000,239,26,22,287,109,130
SUPER_10,12780000,357,34,40,431,184,173
SUPER_10,12790000,279,31,25,335,131,148
SUPER_10,12800000,331,24,34,389,183,148
SUPER_10,12810000,244,21,22,287,119,125
SUPER_10,12820000,321,35,25,381,163,158
SUPER_10,12830000,277,36,29,342,141,136
SUPER_10,12840000,305,23,32,360,138,167
SUPER_10,12850000,189,18,15,222,94,95
SUPER_10,12860000,370,33,32,435,190,180
SUPER_10,12870000,211,37,14,262,95,116
SUPER_10,12880000,271,29,22,322,102,169
SUPER_10,12890000,208,25,20,253,94,114
SUPER_10,12900000,292,29,30,351,149,143
SUPER_10,12910000,376,43,34,453,193,183
SUPER_10,12920000,158,10,14,182,69,89
SUPER_10,12930000,180,26,11,217,106,74
SUPER_10,12940000,209,16,23,248,104,105
SUPER_10,12950000,213,27,20,260,115,98
SUPER_10,12960000,197,23,18,238,96,101
SUPER_10,12970000,197,19,21,237,100,97
SUPER_10,12980000,165,16,15,196,82,83
SUPER_10,12990000,410,24,38,472,192,218
SUPER_10,13000000,227,19,19,265,118,109
SUPER_10,13010000,388,42,22,452,189,199
SUPER_10,13020000,367,29,27,423,210,157
SUPER_10,13030000,380,30,27,437,187,193
SUPER_10,13040000,335,37,30,402,169,166
SUPER_10,13050000,347,30,21,398,173,174
SUPER_10,13060000,371,34,31,436,188,183
SUPER_10,13070000,312,26,35,373,159,153
SUPER_10,13080000,261,25,22,308,128,133
SUPER_10,13090000,362,20,32,414,179,183
SUPER_10,13100000,231,19,24,274,126,105
SUPER_10,13110000,345,25,29,399,156,189
SUPER_10,13120000,399,39,33,471,212,187
SUPER_10,13130000,304,23,29,356,171,133
SUPER_10,13140000,405,27,36,468,207,198
SUPER_10,13150000,256,24,14,294,131,125
SUPER_10,13160000,389,24,25,438,183,206
SUPER_10,13170000,368,28,32,428,204,164
SUPER_10,13180000,346,25,38,409,196,150
SUPER_10,13190000,316,30,17,363,155,161
SUPER_10,13200000,350,36,25,411,193,157
SUPER_10,13210000,269,25,15,309,134,135
SUPER_10,13220000,369,28,39,436,182,187
SUPER_10,13230000,355,32,29,416,168,187
SUPER_10,13240000,300,19,10,329,154,146
SUPER_10,13250000,410,34,32,476,199,211
SUPER_10,13260000,266,24,24,314,135,131
SUPER_10,13270000,360,32,29,421,172,188
SUPER_10,13280000,336,36,19,391,181,155
SUPER_10,13290000,198,13,19,230,100,98
SUPER_10,13300000,1,0,0,1,0,1
SUPER_10,13310000,2,0,0,2,0,2
SUPER_10,13320000,189,7,14,210,98,91
SUPER_10,13330000,365,30,32,427,196,169
SUPER_10,13340000,156,12,10,178,81,75
SUPER_10,13350000,290,35,16,341,157,133
SUPER_10,13360000,361,30,21,412,176,185
SUPER_10,13370000,361,23,38,422,185,176
SUPER_10,13380000,370,34,25,429,175,195
SUPER_10,13390000,328,33,38,399,167,161
SUPER_10,13400000,361,30,27,418,167,194
SUPER_10,13410000,271,28,27,326,142,129
SUPER_10,13420000,224,19,18,261,126,98
SUPER_10,13430000,94,8,13,115,45,49
SUPER_10,13440000,219,25,16,260,103,116
SUPER_10,13450000,395,19,36,450,204,191
SUPER_10,13460000,202,23,11,236,109,93
SUPER_10,13470000,245,25,17,287,114,131
SUPER_10,13480000,230,19,11,260,121,109
SUPER_10,13490000,229,13,27,269,113,116
SUPER_10,13500000,233,24,14,271,116,117
SUPER_10,13510000,124,11,7,142,72,52
SUPER_10,13520000,284,24,33,341,149,135
SUPER_10,13530000,362,20,26,408,188,174
SUPER_10,13540000,123,11,6,140,63,60
SUPER_10,13550000,217,13,19,249,105,112
SUPER_10,13560000,295,36,29,360,146,149
SUPER_10,13570000,190,13,13,216,105,85
SUPER_10,13580000,182,21,12,215,105,77
SUPER_10,13590000,322,24,28,374,161,161
SUPER_10,13600000,277,28,24,329,139,138
SUPER_10,13610000,264,20,24,308,127,137
SUPER_10,13620000,150,8,10,168,80,70
SUPER_10,13630000,128,7,8,143,69,59
SUPER_10,13640000,193,17,10,220,99,94
SUPER_10,13650000,171,22,13,206,91,80
SUPER_10,13660000,182,17,15,214,102,80
SUPER_10,13670000,122,5,13,140,70,52
SUPER_10,13680000,166,9,14,189,94,72
SUPER_10,13690000,42,8,5,55,23,19
SUPER_10,13700000,22,1,4,27,13,9
SUPER_10,13710000,4,4,2,10,3,1
SUPER_10,13720000,89,5,4,98,44,45
SUPER_10,13730000,81,37,64,182,39,42
SUPER_11,10000,0,0,0,0,0,0
SUPER_11,20000,0,0,0,0,0,0
SUPER_11,30000,0,0,0,0,0,0
SUPER_11,40000,0,0,0,0,0,0
SUPER_11,50000,193,23,46,262,89,104
SUPER_11,60000,352,15,6,373,163,189
SUPER_11,70000,244,24,21,289,130,114
SUPER_11,80000,406,39,28,473,207,199
SUPER_11,90000,201,22,18,241,104,97
SUPER_11,100000,533,41,59,633,289,244
SUPER_11,110000,322,16,19,357,151,171
SUPER_11,120000,249,27,14,290,130,119
SUPER_11,130000,203,20,10,233,93,110
SUPER_11,140000,259,22,14,295,162,97
SUPER_11,150000,6,0,2,8,4,2
SUPER_11,160000,241,18,24,283,116,125
SUPER_11,170000,17,2,1,20,10,7
SUPER_11,180000,266,15,22,303,140,126
SUPER_11,190000,138,9,10,157,68,70
SUPER_11,200000,176,7,7,190,91,85
SUPER_11,210000,368,31,29,428,176,192
SUPER_11,220000,359,23,29,411,185,174
SUPER_11,230000,255,28,23,306,126,129
SUPER_11,240000,1,0,1,2,0,1
SUPER_11,250000,160,10,16,186,77,83
SUPER_11,260000,0,0,0,0,0,0
SUPER_11,270000,0,0,0,0,0,0
SUPER_11,280000,0,0,0,0,0,0
SUPER_11,290000,0,0,0,0,0,0
SUPER_11,300000,0,0,0,0,0,0
SUPER_11,310000,262,21,13,296,138,124
SUPER_11,320000,239,17,16,272,113,126
SUPER_11,330000,118,14,6,138,63,54
SUPER_11,340000,549,41,32,622,271,278
SUPER_11,350000,544,59,36,639,245,299
SUPER_11,360000,0,0,0,0,0,0
SUPER_11,370000,0,0,0,0,0,0
SUPER_11,380000,0,0,0,0,0,0
SUPER_11,390000,74,2,7,83,37,37
SUPER_11,400000,365,31,34,430,170,195
SUPER_11,410000,0,0,0,0,0,0
SUPER_11,420000,0,0,0,0,0,0
SUPER_11,430000,0,0,0,0,0,0
SUPER_11,440000,0,0,0,0,0,0
SUPER_11,450000,0,0,0,0,0,0
SUPER_11,460000,10,5,1,16,4,6
SUPER_11,470000,211,10,11,232,115,96
SUPER_11,480000,0,0,0,0,0,0
SUPER_11,490000,0,0,0,0,0,0
SUPER_11,500000,412,32,26,470,191,221
SUPER_11,510000,169,15,17,201,64,105
SUPER_11,520000,301,31,27,359,131,170
SUPER_11,530000,395,35,39,469,207,188
SUPER_11,540000,323,20,34,377,167,156
SUPER_11,550000,324,25,30,379,170,154
SUPER_11,560000,200,17,6,223,129,71
SUPER_11,570000,43,2,2,47,20,23
SUPER_11,580000,340,32,35,407,164,176
SUPER_11,590000,359,30,29,418,173,186
SUPER_11,600000,328,23,29,380,171,157
SUPER_11,610000,302,42,35,379,138,164
SUPER_11,620000,378,40,19,437,188,190
SUPER_11,630000,302,21,15,338,144,158
SUPER_11,640000,195,16,13,224,96,99
SUPER_11,650000,362,35,20,417,181,181
SUPER_11,660000,181,18,13,212,78,103
SUPER_11,670000,164,14,7,185,75,89
SUPER_11,680000,230,21,25,276,97,133
SUPER_11,690000,155,14,9,178,75,80
SUPER_11,700000,177,18,13,208,89,88
SUPER_11,710000,250,19,15,284,123,127
SUPER_11,720000,180,17,13,210,85,95
SUPER_11,730000,308,27,16,351,158,150
SUPER_11,740000,55,5,2,62,29,26
SUPER_11,750000,329,24,16,369,163,166
SUPER_11,760000,181,12,20,213,90,91
SUPER_11,770000,346,40,26,412,158,188
SUPER_11,780000,399,29,42,470,202,197
SUPER_11,790000,125,10,9,144,66,59
SUPER_11,800000,166,10,6,182,82,84
SUPER_11,810000,345,37,20,402,175,170
SUPER_11,820000,170,13,11,194,81,89
SUPER_11,830000,195,13,12,220,98,97
SUPER_11,840000,271,13,19,303,139,132
SUPER_11,850000,425,46,31,502,219,206
SUPER_11,860000,353,37,27,417,178,175
SUPER_11,870000,310,25,21,356,153,157
SUPER_11,880000,122,14,10,146,56,66
SUPER_11,890000,274,18,26,318,140,134
SUPER_11,900000,15,2,4,21,7,8
SUPER_11,910000,347,30,35,412,173,174
SUPER_11,920000,387,34,28,449,181,206
SUPER_11,930000,101,9,7,117,50,51
SUPER_11,940000,286,16,31,333,153,133
SUPER_11,950000,390,40,33,463,191,199
SUPER_11,960000,282,26,14,322,158,124
SUPER_11,970000,234,16,21,271,130,104
SUPER_11,980000,322,40,20,382,156,166
SUPER_11,990000,209,14,20,243,106,103
SUPER_11,1000000,252,21,20,293,122,130
SUPER_11,1010000,231,13,21,265,139,92
SUPER_11,1020000,0,0,0,0,0,0
SUPER_11,1030000,0,0,0,0,0,0
SUPER_11,1040000,545,50,53,648,269,276
SUPER_11,1050000,170,16,10,196,83,87
SUPER_11,1060000,270,27,17,314,130,140
SUPER_11,1070000,311,33,31,375,156,155
SUPER_11,1080000,133,11,8,152,73,60
SUPER_11,1090000,306,20,25,351,145,161
SUPER_11,1100000,413,37,33,483,212,201
SUPER_11,1110000,409,49,33,491,207,202
SUPER_11,1120000,293,40,31,364,144,149
SUPER_11,1130000,336,22,22,380,154,182
SUPER_11,1140000,334,29,19,382,147,187
SUPER_11,1150000,210,13,23,246,113,97
SUPER_11,1160000,278,35,23,336,146,132
SUPER_11,1170000,237,14,22,273,128,109
SUPER_11,1180000,100,13,14,127,43,57
SUPER_11,1190000,374,37,35,446,192,182
SUPER_11,1200000,368,41,37,446,182,186
SUPER_11,1210000,318,37,44,399,144,174
SUPER_11,1220000,217,17,18,252,119,98
SUPER_11,1230000,357,35,26,418,193,164
SUPER_11,1240000,387,48,44,479,189,198
SUPER_11,1250000,261,19,18,298,130,131
SUPER_11,1260000,352,42,34,428,184,168
SUPER_11,1270000,347,36,36,419,166,181
SUPER_11,1280000,295,38,23,356,156,139
SUPER_11,1290000,242,21,29,292,110,132
SUPER_11,1300000,163,12,16,191,85,78
SUPER_11,1310000,290,36,24,350,153,137
SUPER_11,1320000,291,27,31,349,146,145
SUPER_11,1330000,311,34,28,373,156,155
SUPER_11,1340000,348,36,33,417,189,159
SUPER_11,1350000,326,35,43,404,162,164
SUPER_11,1360000,238,23,19,280,117,121
SUPER_11,1370000,362,28,41,431,185,177
SUPER_11,1380000,326,37,28,391,163,163
SUPER_11,1390000,181,23,25,229,79,102
SUPER_11,1400000,450,32,39,521,242,208
SUPER_11,1410000,287,27,24,338,148,139
SUPER_11,1420000,98,4,8,110,51,47
SUPER_11,1430000,209,18,17,244,100,109
SUPER_11,1440000,285,27,29,341,139,146
SUPER_11,1450000,388,36,33,457,192,196
SUPER_11,1460000,174,11,13,198,93,81
SUPER_11,1470000,78,7,10,95,37,41
SUPER_11,1480000,254,20,22,296,130,124
SUPER_11,1490000,350,29,34,413,175,175
SUPER_11,1500000,336,48,32,416,157,179
SUPER_11,1510000,442,40,39,521,223,219
SUPER_11,1520000,240,23,32,295,117,123
SUPER_11,1530000,262,22,27,311,131,131
SUPER_11,1540000,435,34,33,502,231,204
SUPER_11,1550000,344,35,22,401,167,177
SUPER_11,1560000,305,39,34,378,134,171
SUPER_11,1570000,217,16,20,253,99,118
SUPER_11,1580000,260,29,24,313,122,138
SUPER_11,1590000,244,26,21,291,125,119
SUPER_11,1600000,362,23,27,412,150,212
SUPER_11,1610000,290,33,24,347,140,150
SUPER_11,1620000,302,31,34,367,137,165
SUPER_11,1630000,304,28,29,361,131,173
SUPER_11,1640000,212,24,13,249,92,120
SUPER_11,1650000,342,30,44,416,163,179
SUPER_11,1660000,217,23,16,256,126,91
SUPER_11,1670000,292,20,25,337,147,145
SUPER_11,1680000,263,21,21,305,120,143
SUPER_11,1690000,415,46,31,492,219,196
SUPER_11,1700000,173,20,22,215,84,89
SUPER_11,1710000,239,27,26,292,116,123
SUPER_11,1720000,307,27,29,363,158,149
SUPER_11,1730000,3,0,0,3,0,3
SUPER_11,1740000,191,20,26,237,78,113
SUPER_11,1750000,351,30,39,420,161,190
SUPER_11,1760000,311,29,29,369,169,142
SUPER_11,1770000,250,26,25,301,119,131
SUPER_11,1780000,346,30,36,412,191,155
SUPER_11,1790000,353,27,39,419,200,153
SUPER_11,1800000,339,23,29,391,159,180
SUPER_11,1810000,195,25,16,236,98,97
SUPER_11,1820000,143,10,13,166,64,79
SUPER_11,1830000,226,25,18,269,125,101
SUPER_11,1840000,259,22,25,306,134,125
SUPER_11,1850000,341,22,28,391,183,158
SUPER_11,1860000,301,27,30,358,157,144
SUPER_11,1870000,358,42,31,431,187,171
SUPER_11,1880000,369,41,27,437,180,189
SUPER_11,1890000,405,51,41,497,205,200
SUPER_11,1900000,320,28,26,374,165,155
SUPER_11,1910000,372,26,33,431,186,186
SUPER_11,1920000,311,20,31,362,170,141
SUPER_11,1930000,271,17,15,303,126,145
SUPER_11,1940000,305,22,31,358,139,166
SUPER_11,1950000,281,30,27,338,131,150
SUPER_11,1960000,291,30,21,342,149,142
SUPER_11,1970000,129,8,22,159,55,74
SUPER_11,1980000,127,10,5,142,59,68
SUPER_11,1990000,343,21,33,397,158,185
SUPER_11,2000000,97,4,6,107,49,48
SUPER_11,2010000,66,3,6,75,33,33
SUPER_11,2020000,178,22,16,216,86,92
SUPER_11,2030000,135,9,7,151,71,64
SUPER_11,2040000,257,19,19,295,117,140
SUPER_11,2050000,201,25,19,245,98,103
SUPER_11,2060000,2,2,0,4,2,0
SUPER_11,2070000,278,24,17,319,148,130
SUPER_11,2080000,76,12,7,95,35,41
SUPER_11,2090000,313,34,28,375,166,147
SUPER_11,2100000,387,36,43,466,173,214
SUPER_11,2110000,340,26,20,386,171,169
SUPER_11,2120000,359,38,27,424,174,185
SUPER_11,2130000,433,33,36,502,231,202
SUPER_11,2140000,40,3,1,44,26,14
SUPER_11,2150000,331,27,20,378,165,166
SUPER_11,2160000,0,0,0,0,0,0
SUPER_11,2170000,0,0,0,0,0,0
SUPER_11,2180000,284,16,20,320,155,129
SUPER_11,2190000,309,30,29,368,152,157
SUPER_11,2200000,377,32,32,441,176,201
SUPER_11,2210000,350,46,22,418,175,175
SUPER_11,2220000,216,19,12,247,112,104
SUPER_11,2230000,292,36,37,365,128,164
SUPER_11,2240000,371,26,29,426,194,177
SUPER_11,2250000,119,4,16,139,63,56
SUPER_11,2260000,383,38,45,466,184,199
SUPER_11,2270000,244,12,13,269,130,114
SUPER_11,2280000,360,34,28,422,178,182
SUPER_11,2290000,212,18,12,242,107,105
SUPER_11,2300000,145,12,15,172,75,70
SUPER_11,2310000,400,52,37,489,207,193
SUPER_11,2320000,359,37,39,435,171,188
SUPER_11,2330000,238,43,18,299,124,114
SUPER_11,2340000,256,21,19,296,122,134
SUPER_11,2350000,345,25,22,392,187,158
SUPER_11,2360000,131,9,8,148,52,79
SUPER_11,2370000,369,36,27,432,200,169
SUPER_11,2380000,328,31,32,391,166,162
SUPER_11,2390000,396,35,33,464,214,182
SUPER_11,2400000,177,18,17,212,90,87
SUPER_11,2410000,260,19,35,314,136,124
SUPER_11,2420000,141,20,16,177,73,68
SUPER_11,2430000,361,34,26,421,188,173
SUPER_11,2440000,414,33,43,490,216,198
SUPER_11,2450000,320,19,22,361,177,143
SUPER_11,2460000,356,31,37,424,170,186
SUPER_11,2470000,309,32,22,363,154,155
SUPER_11,2480000,223,18,15,256,113,110
SUPER_11,2490000,396,25,27,448,196,200
SUPER_11,2500000,301,35,29,365,145,156
SUPER_11,2510000,366,34,37,437,193,173
SUPER_11,2520000,243,16,21,280,116,127
SUPER_11,2530000,196,13,15,224,107,89
SUPER_11,2540000,16,0,2,18,9,7
SUPER_11,2550000,181,15,14,210,96,85
SUPER_11,2560000,221,22,15,258,103,118
SUPER_11,2570000,142,12,14,168,71,71
SUPER_11,2580000,354,41,33,428,168,186
SUPER_11,2590000,362,32,45,439,183,179
SUPER_11,2600000,264,36,28,328,136,128
SUPER_11,2610000,109,9,7,125,55,54
SUPER_11,2620000,314,28,29,371,166,148
SUPER_11,2630000,245,24,18,287,125,120
SUPER_11,2640000,324,32,29,385,171,153
SUPER_11,2650000,359,35,37,431,176,183
SUPER_11,2660000,335,23,23,381,171,164
SUPER_11,2670000,245,24,22,291,124,121
SUPER_11,2680000,109,5,8,122,52,57
SUPER_11,2690000,363,40,34,437,166,197
SUPER_11,2700000,170,19,17,206,83,87
SUPER_11,2710000,231,23,21,275,116,115
SUPER_11,2720000,369,37,22,428,196,173
SUPER_11,2730000,387,30,23,440,202,185
SUPER_11,2740000,117,14,8,139,58,59
SUPER_11,2750000,162,10,12,184,80,82
SUPER_11,2760000,320,33,23,376,142,178
SUPER_11,2770000,330,39,22,391,166,164
SUPER_11,2780000,97,5,6,108,50,47
SUPER_11,2790000,242,26,21,289,126,116
SUPER_11,2800000,346,26,26,398,178,168
SUPER_11,2810000,311,21,25,357,167,144
SUPER_11,2820000,199,18,20,237,107,92
SUPER_11,2830000,292,19,34,345,146,146
SUPER_11,2840000,228,16,30,274,115,113
SUPER_11,2850000,263,19,21,303,137,126
SUPER_11,2860000,47,4,4,55,30,17
SUPER_11,2870000,103,9,15,127,56,47
SUPER_11,2880000,105,11,7,123,59,46
SUPER_11,2890000,285,21,28,334,143,142
SUPER_11,2900000,337,33,33,403,167,170
SUPER_11,2910000,323,36,31,390,145,178
SUPER_11,2920000,305,37,26,368,135,170
SUPER_11,2930000,353,27,27,407,172,181
SUPER_11,2940000,309,33,38,380,148,161
SUPER_11,2950000,267,15,33,315,130,137
SUPER_11,2960000,135,14,11,160,72,63
SUPER_11,2970000,164,22,20,206,87,77
SUPER_11,2980000,447,45,39,531,216,231
SUPER_11,2990000,364,38,33,435,168,196
SUPER_11,3000000,238,29,24,291,136,102
SUPER_11,3010000,250,20,28,298,120,130
SUPER_11,3020000,216,27,19,262,90,126
SUPER_11,3030000,284,30,22,336,133,151
SUPER_11,3040000,355,26,38,419,177,178
SUPER_11,3050000,344,31,43,418,168,176
SUPER_11,3060000,383,36,36,455,169,214
SUPER_11,3070000,215,23,20,258,98,117
SUPER_11,3080000,271,37,24,332,123,148
SUPER_11,3090000,279,30,21,330,137,142
SUPER_11,3100000,283,20,35,338,139,144
SUPER_11,3110000,155,12,11,178,72,83
SUPER_11,3120000,92,10,12,114,47,45
SUPER_11,3130000,376,33,23,432,177,199
SUPER_11,3140000,392,39,38,469,195,197
SUPER_11,3150000,404,23,41,468,186,218
SUPER_11,3160000,339,34,30,403,164,175
SUPER_11,3170000,403,27,45,475,202,201
SUPER_11,3180000,8,0,0,8,4,4
SUPER_11,3190000,174,12,18,204,78,96
SUPER_11,3200000,140,11,12,163,73,67
SUPER_11,3210000,182,21,23,226,81,101
SUPER_11,3220000,211,20,27,258,118,93
SUPER_11,3230000,416,35,37,488,182,234
SUPER_11,3240000,388,32,21,441,181,207
SUPER_11,3250000,353,40,24,417,168,185
SUPER_11,3260000,349,28,32,409,178,171
SUPER_11,3270000,0,0,0,0,0,0
SUPER_11,3280000,0,0,0,0,0,0
SUPER_11,3290000,380,35,33,448,190,190
SUPER_11,3300000,19,3,1,23,8,11
SUPER_11,3310000,21,1,1,23,15,6
SUPER_11,3320000,275,19,29,323,130,145
SUPER_11,3330000,368,30,28,426,187,181
SUPER_11,3340000,127,9,10,146,62,65
SUPER_11,3350000,284,26,27,337,133,151
SUPER_11,3360000,157,14,10,181,63,94
SUPER_11,3370000,274,25,27,326,131,143
SUPER_11,3380000,317,24,28,369,185,132
SUPER_11,3390000,327,37,32,396,158,169
SUPER_11,3400000,303,42,41,386,137,166
SUPER_11,3410000,368,34,19,421,185,183
SUPER_11,3420000,350,31,37,418,180,170
SUPER_11,3430000,242,17,25,284,122,120
SUPER_11,3440000,329,34,25,388,156,173
SUPER_11,3450000,174,30,25,229,80,94
SUPER_11,3460000,201,12,15,228,97,104
SUPER_11,3470000,220,28,24,272,91,129
SUPER_11,3480000,177,11,20,208,102,75
SUPER_11,3490000,302,22,30,354,146,156
SUPER_11,3500000,367,38,25,430,174,193
SUPER_11,3510000,269,23,30,322,134,135
SUPER_11,3520000,392,40,36,468,182,210
SUPER_11,3530000,340,29,36,405,162,178
SUPER_11,3540000,410,31,34,475,222,188
SUPER_11,3550000,413,25,38,476,194,219
SUPER_11,3560000,264,21,22,307,134,130
SUPER_11,3570000,305,28,23,356,164,141
SUPER_11,3580000,425,40,27,492,219,206
SUPER_11,3590000,0,1,0,1,0,0
SUPER_11,3600000,144,14,9,167,58,86
SUPER_11,3610000,401,24,24,449,206,195
SUPER_11,3620000,376,36,47,459,179,197
SUPER_11,3630000,419,30,37,486,217,202
SUPER_11,3640000,353,34,35,422,187,166
SUPER_11,3650000,422,40,35,497,176,246
SUPER_11,3660000,246,23,30,299,116,130
SUPER_11,3670000,280,31,32,343,138,142
SUPER_11,3680000,160,21,18,199,77,83
SUPER_11,3690000,211,23,19,253,97,114
SUPER_11,3700000,342,32,34,408,168,174
SUPER_11,3710000,126,11,12,149,55,71
SUPER_11,3720000,208,27,16,251,85,123
SUPER_11,3730000,205,25,32,262,89,116
SUPER_11,3740000,271,28,21,320,147,124
SUPER_11,3750000,227,16,20,263,111,116
SUPER_11,3760000,241,30,15,286,110,131
SUPER_11,3770000,258,25,22,305,118,140
SUPER_11,3780000,215,22,28,265,101,114
SUPER_11,3790000,254,19,28,301,127,127
SUPER_11,3800000,320,36,25,381,153,167
SUPER_11,3810000,257,23,28,308,125,132
SUPER_11,3820000,320,31,33,384,154,166
SUPER_11,3830000,322,30,28,380,159,163
SUPER_11,3840000,398,31,28,457,200,198
SUPER_11,3850000,343,33,30,406,161,182
SUPER_11,3860000,381,32,28,441,195,186
SUPER_11,3870000,313,25,20,358,147,166
SUPER_11,3880000,245,36,27,308,122,123
SUPER_11,3890000,326,34,38,398,164,162
SUPER_11,3900000,396,44,42,482,189,207
SUPER_11,3910000,371,38,35,444,167,204
SUPER_11,3920000,249,18,16,283,128,121
SUPER_11,3930000,252,18,21,291,121,131
SUPER_11,3940000,42,2,2,46,21,21
SUPER_11,3950000,346,32,29,407,195,151
SUPER_11,3960000,132,9,9,150,63,69
SUPER_11,3970000,353,31,32,416,180,173
SUPER_11,3980000,276,26,22,324,139,137
SUPER_11,3990000,381,44,34,459,178,203
SUPER_11,4000000,292,35,43,370,147,145
SUPER_11,4010000,350,32,30,412,171,179
SUPER_11,4020000,292,24,23,339,173,119
SUPER_11,4030000,346,21,35,402,174,172
SUPER_11,4040000,150,14,12,176,80,70
SUPER_11,4050000,286,19,14,319,141,145
SUPER_11,4060000,191,25,17,233,102,89
SUPER_11,4070000,293,34,25,352,143,150
SUPER_11,4080000,243,32,23,298,113,130
SUPER_11,4090000,0,0,0,0,0,0
SUPER_11,4100000,0,0,0,0,0,0
SUPER_11,4110000,518,56,39,613,268,250
SUPER_11,4120000,239,19,25,283,118,121
SUPER_11,4130000,31,1,2,34,20,11
SUPER_11,4140000,180,24,18,222,94,86
SUPER_11,4150000,251,20,30,301,108,143
SUPER_11,4160000,333,26,38,397,174,159
SUPER_11,4170000,260,29,19,308,128,132
SUPER_11,4180000,101,11,12,124,45,56
SUPER_11,4190000,249,21,24,294,112,137
SUPER_11,4200000,395,34,29,458,199,196
SUPER_11,4210000,149,13,16,178,61,88
SUPER_11,4220000,57,6,4,67,31,26
SUPER_11,4230000,232,21,26,279,117,115
SUPER_11,4240000,320,23,19,362,179,141
SUPER_11,4250000,245,28,23,296,121,124
SUPER_11,4260000,174,23,19,216,86,88
SUPER_11,4270000,22,2,2,26,11,11
SUPER_11,4280000,23,2,2,27,17,6
SUPER_11,4290000,79,12,7,98,35,44
SUPER_11,4300000,86,6,11,103,36,50
SUPER_11,4310000,108,23,12,143,54,54
SUPER_11,4320000,167,14,5,186,80,87
SUPER_11,4330000,50,8,13,71,28,22
SUPER_11,4340000,35,3,9,47,14,21
SUPER_11,4350000,62,5,6,73,27,35
SUPER_11,4360000,94,11,7,112,49,45
SUPER_11,4370000,189,20,21,230,91,98
SUPER_11,4380000,218,16,25,259,100,118
SUPER_11,4390000,280,24,21,325,125,155
SUPER_11,4400000,223,20,20,263,113,110
SUPER_11,4410000,268,23,26,317,127,141
SUPER_11,4420000,196,22,31,249,92,104
SUPER_11,4430000,277,39,23,339,132,145
SUPER_11,4440000,214,18,22,254,101,113
SUPER_11,4450000,310,33,35,378,135,175
SUPER_11,4460000,310,26,27,363,144,166
SUPER_11,4470000,233,14,22,269,122,111
SUPER_11,4480000,143,13,14,170,76,67
SUPER_11,4490000,259,24,16,299,121,138
SUPER_11,4500000,267,28,18,313,120,147
SUPER_11,4510000,301,23,34,358,132,169
SUPER_11,4520000,312,30,29,371,136,176
SUPER_11,4530000,212,20,20,252,89,123
SUPER_11,4540000,229,15,29,273,108,121
SUPER_11,4550000,313,28,28,369,159,154
SUPER_11,4560000,237,24,32,293,130,107
SUPER_11,4570000,259,22,26,307,141,118
SUPER_11,4580000,310,25,33,368,142,168
SUPER_11,4590000,203,22,13,238,93,110
SUPER_11,4600000,198,15,8,221,100,98
SUPER_11,4610000,449,42,43,534,204,245
SUPER_11,4620000,196,17,15,228,109,87
SUPER_11,4630000,337,38,35,410,167,170
SUPER_11,4640000,215,20,13,248,112,103
SUPER_11,4650000,0,0,0,0,0,0
SUPER_11,4660000,0,0,0,0,0,0
SUPER_11,4670000,421,41,38,500,216,205
SUPER_11,4680000,262,37,37,336,117,145
SUPER_11,4690000,292,23,34,349,168,124
SUPER_11,4700000,251,18,16,285,123,128
SUPER_11,4710000,301,30,26,357,159,142
SUPER_11,4720000,207,16,22,245,118,89
SUPER_11,4730000,194,20,19,233,115,79
SUPER_11,4740000,310,29,34,373,154,156
SUPER_11,4750000,374,32,24,430,186,188
SUPER_11,4760000,396,36,34,466,183,213
SUPER_11,4770000,232,27,18,277,106,126
SUPER_11,4780000,354,39,26,419,141,213
SUPER_11,4790000,267,19,29,315,141,126
SUPER_11,4800000,146,19,15,180,71,75
SUPER_11,4810000,335,21,30,386,159,176
SUPER_11,4820000,129,9,14,152,67,62
SUPER_11,4830000,355,25,34,414,181,174
SUPER_11,4840000,256,25,21,302,114,142
SUPER_11,4850000,390,35,27,452,188,202
SUPER_11,4860000,286,29,21,336,151,135
SUPER_11,4870000,202,18,18,238,93,109
SUPER_11,4880000,334,32,31,397,173,161
SUPER_11,4890000,388,37,35,460,203,185
SUPER_11,4900000,260,29,31,320,135,125
SUPER_11,4910000,343,34,20,397,166,177
SUPER_11,4920000,231,20,20,271,118,113
SUPER_11,4930000,287,21,24,332,150,137
SUPER_11,4940000,266,27,27,320,137,129
SUPER_11,4950000,410,30,57,497,196,214
SUPER_11,4960000,315,31,25,371,153,162
SUPER_11,4970000,266,19,22,307,139,127
SUPER_11,4980000,103,4,12,119,66,37
SUPER_11,4990000,85,6,5,96,32,53
SUPER_11,5000000,298,37,25,360,154,144
SUPER_11,5010000,256,33,22,311,134,122
SUPER_11,5020000,261,30,26,317,132,129
SUPER_11,5030000,305,22,35,362,150,155
SUPER_11,5040000,373,29,35,437,190,183
SUPER_11,5050000,322,29,30,381,157,165
SUPER_11,5060000,72,7,7,86,38,34
SUPER_11,5070000,298,25,27,350,156,142
SUPER_11,5080000,320,25,25,370,163,157
SUPER_11,5090000,257,20,33,310,126,131
SUPER_11,5100000,388,37,31,456,184,204
SUPER_11,5110000,137,9,9,155,69,68
SUPER_11,5120000,242,28,20,290,115,127
SUPER_11,5130000,320,20,34,374,167,153
SUPER_11,5140000,266,33,27,326,122,144
SUPER_11,5150000,220,24,19,263,109,111
SUPER_11,5160000,274,22,26,322,130,144
SUPER_11,5170000,266,26,23,315,132,134
SUPER_11,5180000,307,27,27,361,123,184
SUPER_11,5190000,267,35,17,319,123,144
SUPER_11,5200000,367,31,31,429,186,181
SUPER_11,5210000,209,24,21,254,101,108
SUPER_11,5220000,255,25,22,302,138,117
SUPER_11,5230000,284,35,23,342,147,137
SUPER_11,5240000,227,19,26,272,117,110
SUPER_11,5250000,166,15,15,196,88,78
SUPER_11,5260000,237,29,26,292,108,129
SUPER_11,5270000,274,27,30,331,129,145
SUPER_11,5280000,260,39,24,323,129,131
SUPER_11,5290000,208,20,19,247,109,99
SUPER_11,5300000,229,18,26,273,120,109
SUPER_11,5310000,260,27,27,314,118,142
SUPER_11,5320000,240,17,19,276,120,120
SUPER_11,5330000,177,13,11,201,88,89
SUPER_11,5340000,35,8,4,47,18,17
SUPER_11,5350000,114,15,9,138,58,56
SUPER_11,5360000,210,19,18,247,94,116
SUPER_11,5370000,204,22,21,247,112,92
SUPER_11,5380000,115,9,13,137,53,62
SUPER_11,5390000,190,19,15,224,88,102
SUPER_11,5400000,85,10,10,105,41,44
SUPER_11,5410000,187,17,26,230,102,85
SUPER_11,5420000,180,22,29,231,88,92
SUPER_11,5430000,174,16,19,209,89,85
SUPER_11,5440000,224,19,25,268,117,107
SUPER_11,5450000,147,11,19,177,71,76
SUPER_11,5460000,168,12,14,194,86,82
SUPER_11,5470000,214,20,25,259,109,105
SUPER_11,5480000,318,29,29,376,147,171
SUPER_11,5490000,256,34,20,310,125,131
SUPER_11,5500000,302,37,29,368,154,148
SUPER_11,5510000,156,24,20,200,65,91
SUPER_11,5520000,156,19,18,193,81,75
SUPER_11,5530000,73,8,6,87,34,39
SUPER_11,5540000,4,2,1,7,2,2
SUPER_11,5550000,23,2,4,29,11,12
SUPER_11,5560000,103,15,12,130,45,58
SUPER_11,5570000,115,6,7,128,69,46
SUPER_11,5580000,71,9,1,81,41,30
SUPER_11,5590000,89,5,16,110,39,50
SUPER_11,5600000,79,8,17,104,44,35
SUPER_11,5610000,130,11,12,153,63,67
SUPER_11,5620000,61,8,10,79,32,29
SUPER_11,5630000,156,12,17,185,74,82
SUPER_11,5640000,144,15,12,171,70,74
SUPER_11,5650000,182,17,21,220,93,89
SUPER_11,5660000,214,18,17,249,96,118
SUPER_11,5670000,203,17,17,237,94,109
SUPER_11,5680000,164,10,16,190,85,79
SUPER_11,5690000,177,26,17,220,87,90
SUPER_11,5700000,268,32,29,329,116,152
SUPER_11,5710000,163,23,19,205,80,83
SUPER_11,5720000,164,13,16,193,77,87
SUPER_11,5730000,88,8,6,102,44,44
SUPER_11,5740000,111,10,8,129,60,51
SUPER_11,5750000,185,16,14,215,96,89
SUPER_11,5760000,134,16,11,161,63,71
SUPER_11,5770000,223,25,22,270,108,115
SUPER_11,5780000,148,19,15,182,68,80
SUPER_11,5790000,164,14,11,189,98,66
SUPER_11,5800000,137,17,19,173,57,80
SUPER_11,5810000,73,11,13,97,26,47
SUPER_11,5820000,97,14,8,119,53,44
SUPER_11,5830000,91,11,9,111,53,38
SUPER_11,5840000,116,4,9,129,59,57
SUPER_11,5850000,152,16,11,179,87,65
SUPER_11,5860000,142,15,10,167,63,79
SUPER_11,5870000,193,24,20,237,94,99
SUPER_11,5880000,225,25,18,268,118,107
SUPER_11,5890000,211,26,15,252,99,112
SUPER_11,5900000,134,11,4,149,71,63
SUPER_11,5910000,178,27,23,228,88,90
SUPER_11,5920000,103,16,9,128,49,54
SUPER_11,5930000,278,25,29,332,132,146
SUPER_11,5940000,0,0,0,0,0,0
SUPER_11,5950000,0,0,0,0,0,0
SUPER_11,5960000,271,23,21,315,147,124
SUPER_11,5970000,97,13,9,119,52,45
SUPER_11,5980000,0,0,0,0,0,0
SUPER_11,5990000,0,0,0,0,0,0
SUPER_11,6000000,87,10,8,105,39,48
SUPER_11,6010000,86,9,7,102,40,46
SUPER_11,6020000,228,19,22,269,101,127
SUPER_11,6030000,212,19,22,253,104,108
SUPER_11,6040000,170,21,22,213,77,93
SUPER_11,6050000,222,26,27,275,113,109
SUPER_11,6060000,231,26,31,288,116,115
SUPER_11,6070000,151,18,14,183,75,76
SUPER_11,6080000,163,15,9,187,84,79
SUPER_11,6090000,313,30,27,370,169,144
SUPER_11,6100000,216,25,17,258,114,102
SUPER_11,6110000,216,14,11,241,101,115
SUPER_11,6120000,256,24,28,308,123,133
SUPER_11,6130000,73,9,6,88,39,34
SUPER_11,6140000,266,31,27,324,141,125
SUPER_11,6150000,276,29,16,321,136,140
SUPER_11,6160000,214,26,23,263,99,115
SUPER_11,6170000,186,16,12,214,89,97
SUPER_11,6180000,66,11,8,85,32,34
SUPER_11,6190000,157,14,11,182,79,78
SUPER_11,6200000,130,15,11,156,71,59
SUPER_11,6210000,242,23,16,281,130,112
SUPER_11,6220000,183,12,22,217,84,99
SUPER_11,6230000,45,6,7,58,21,24
SUPER_11,6240000,183,14,19,216,83,100
SUPER_11,6250000,105,9,10,124,56,49
SUPER_11,6260000,32,7,3,42,9,23
SUPER_11,6270000,178,23,11,212,98,80
SUPER_11,6280000,193,20,19,232,96,97
SUPER_11,6290000,135,8,7,150,72,63
SUPER_11,6300000,115,6,13,134,50,65
SUPER_11,6310000,264,16,29,309,121,143
SUPER_11,6320000,325,31,22,378,153,172
SUPER_11,6330000,81,11,7,99,46,35
SUPER_11,6340000,109,8,14,131,54,55
SUPER_11,6350000,206,20,16,242,109,97
SUPER_11,6360000,1,1,0,2,0,1
SUPER_11,6370000,117,11,9,137,65,52
SUPER_11,6380000,265,17,22,304,137,128
SUPER_11,6390000,258,34,22,314,119,139
SUPER_11,6400000,205,20,15,240,103,102
SUPER_11,6410000,237,23,23,283,119,118
SUPER_11,6420000,167,16,21,204,91,76
SUPER_11,6430000,281,24,24,329,156,125
SUPER_11,6440000,279,21,18,318,136,143
SUPER_11,6450000,242,17,20,279,108,134
SUPER_11,6460000,189,15,17,221,91,98
SUPER_11,6470000,212,27,22,261,107,105
SUPER_11,6480000,132,10,15,157,55,77
SUPER_11,6490000,319,24,26,369,155,164
SUPER_11,6500000,153,12,8,173,81,72
SUPER_11,6510000,186,22,15,223,86,100
SUPER_11,6520000,217,18,27,262,107,110
SUPER_11,6530000,176,18,18,212,89,87
SUPER_11,6540000,211,22,20,253,107,104
SUPER_11,6550000,384,37,31,452,179,205
SUPER_11,6560000,300,26,30,356,147,153
SUPER_11,6570000,309,33,27,369,140,169
SUPER_11,6580000,295,31,22,348,149,146
SUPER_11,6590000,263,20,31,314,135,128
SUPER_11,6600000,262,25,25,312,122,140
SUPER_11,6610000,295,29,30,354,152,143
SUPER_11,6620000,176,26,12,214,82,94
SUPER_11,6630000,218,17,28,263,112,106
SUPER_11,6640000,171,16,16,203,90,81
SUPER_11,6650000,89,15,8,112,44,45
SUPER_11,6660000,161,13,14,188,75,86
SUPER_11,6670000,140,23,13,176,72,68
SUPER_11,6680000,119,22,12,153,73,46
SUPER_11,6690000,105,10,16,131,54,51
SUPER_11,6700000,140,13,17,170,71,69
SUPER_11,6710000,70,9,4,83,37,33
SUPER_11,6720000,130,13,19,162,80,50
SUPER_11,6730000,55,8,7,70,32,23
SUPER_11,6740000,155,10,8,173,83,72
SUPER_11,6750000,415,37,38,490,196,219
SUPER_11,6760000,249,18,18,285,112,137
SUPER_11,6770000,199,31,20,250,96,103
SUPER_11,6780000,302,25,32,359,143,159
SUPER_11,6790000,194,19,24,237,100,94
SUPER_11,6800000,156,18,14,188,77,79
SUPER_11,6810000,284,34,21,339,123,161
SUPER_11,6820000,116,23,18,157,51,65
SUPER_11,6830000,83,12,19,114,27,56
SUPER_11,6840000,78,5,2,85,38,40
SUPER_11,6850000,208,18,18,244,109,99
SUPER_11,6860000,118,11,10,139,65,53
SUPER_11,6870000,121,11,11,143,67,54
SUPER_11,6880000,178,23,22,223,82,96
SUPER_11,6890000,43,3,10,56,18,25
SUPER_11,6900000,167,19,23,209,82,85
SUPER_11,6910000,181,16,26,223,78,103
SUPER_11,6920000,356,21,45,422,172,184
SUPER_11,6930000,70,5,7,82,36,34
SUPER_11,6940000,152,16,8,176,83,69
SUPER_11,6950000,189,15,16,220,90,99
SUPER_11,6960000,196,21,18,235,104,92
SUPER_11,6970000,172,26,22,220,79,93
SUPER_11,6980000,167,18,17,202,78,89
SUPER_11,6990000,127,18,20,165,69,58
SUPER_11,7000000,161,12,18,191,69,92
SUPER_11,7010000,244,25,25,294,105,139
SUPER_11,7020000,243,32,20,295,116,127
SUPER_11,7030000,244,20,29,293,132,112
SUPER_11,7040000,266,28,27,321,126,140
SUPER_11,7050000,230,21,23,274,118,112
SUPER_11,7060000,149,13,10,172,74,75
SUPER_11,7070000,187,28,16,231,89,98
SUPER_11,7080000,228,14,15,257,124,104
SUPER_11,7090000,253,24,20,297,117,136
SUPER_11,7100000,222,21,23,266,90,132
SUPER_11,7110000,214,25,18,257,112,102
SUPER_11,7120000,368,34,36,438,155,213
SUPER_11,7130000,241,19,28,288,112,129
SUPER_11,7140000,190,21,17,228,81,109
SUPER_11,7150000,61,6,5,72,31,30
SUPER_11,7160000,222,25,21,268,103,119
SUPER_11,7170000,289,25,16,330,132,157
SUPER_11,7180000,223,28,18,269,101,122
SUPER_11,7190000,242,20,22,284,126,116
SUPER_11,7200000,210,18,17,245,91,119
SUPER_11,7210000,214,16,18,248,99,115
SUPER_11,7220000,235,15,20,270,129,106
SUPER_11,7230000,171,14,14,199,87,84
SUPER_11,7240000,222,27,30,279,108,114
SUPER_11,7250000,199,19,18,236,95,104
SUPER_11,7260000,367,39,22,428,200,167
SUPER_11,7270000,331,41,37,409,166,165
SUPER_11,7280000,245,33,18,296,120,125
SUPER_11,7290000,193,26,13,232,87,106
SUPER_11,7300000,25,1,7,33,14,11
SUPER_11,7310000,233,26,18,277,120,113
SUPER_11,7320000,411,41,45,497,177,234
SUPER_11,7330000,224,21,27,272,106,118
SUPER_11,7340000,252,23,29,304,133,119
SUPER_11,7350000,246,27,30,303,123,123
SUPER_11,7360000,96,8,7,111,51,45
SUPER_11,7370000,59,6,5,70,30,29
SUPER_11,7380000,165,17,16,198,89,76
SUPER_11,7390000,316,21,24,361,158,158
SUPER_11,7400000,266,24,27,317,126,140
SUPER_11,7410000,73,4,8,85,45,28
SUPER_11,7420000,204,13,27,244,95,109
SUPER_11,7430000,202,33,33,268,92,110
SUPER_11,7440000,196,17,17,230,93,103
SUPER_11,7450000,213,25,18,256,113,100
SUPER_11,7460000,279,23,24,326,132,147
SUPER_11,7470000,203,21,17,241,103,100
SUPER_11,7480000,60,5,4,69,32,28
SUPER_11,7490000,1,2,1,4,1,0
SUPER_11,7500000,0,0,0,0,0,0
SUPER_11,7510000,0,0,0,0,0,0
SUPER_11,7520000,79,9,16,104,29,50
SUPER_11,7530000,232,20,21,273,113,119
SUPER_11,7540000,252,31,19,302,136,116
SUPER_11,7550000,195,16,17,228,105,90
SUPER_11,7560000,282,24,23,329,146,136
SUPER_11,7570000,169,20,16,205,69,100
SUPER_11,7580000,244,29,26,299,113,131
SUPER_11,7590000,239,17,10,266,113,126
SUPER_11,7600000,172,19,9,200,83,89
SUPER_11,7610000,289,23,24,336,144,145
SUPER_11,7620000,334,28,36,398,174,160
SUPER_11,7630000,86,13,14,113,39,47
SUPER_11,7640000,129,8,19,156,69,60
SUPER_11,7650000,164,13,11,188,85,79
SUPER_11,7660000,132,9,13,154,61,71
SUPER_11,7670000,122,15,10,147,67,55
SUPER_11,7680000,139,21,10,170,59,80
SUPER_11,7690000,131,8,10,149,62,69
SUPER_11,7700000,123,15,7,145,63,60
SUPER_11,7710000,150,20,16,186,67,83
SUPER_11,7720000,208,19,24,251,88,120
SUPER_11,7730000,221,25,25,271,93,128
SUPER_11,7740000,186,14,11,211,96,90
SUPER_11,7750000,181,20,13,214,79,102
SUPER_11,7760000,135,6,10,151,72,63
SUPER_11,7770000,129,14,10,153,64,65
SUPER_11,7780000,107,9,8,124,51,56
SUPER_11,7790000,58,7,4,69,31,27
SUPER_11,7800000,41,8,9,58,19,22
SUPER_11,7810000,56,2,6,64,27,29
SUPER_11,7820000,172,24,11,207,70,102
SUPER_11,7830000,99,10,7,116,56,43
SUPER_11,7840000,95,14,9,118,55,40
SUPER_11,7850000,108,13,11,132,48,60
SUPER_11,7860000,147,9,15,171,71,76
SUPER_11,7870000,144,15,11,170,59,85
SUPER_11,7880000,141,14,14,169,73,68
SUPER_11,7890000,212,20,21,253,98,114
SUPER_11,7900000,135,16,11,162,78,57
SUPER_11,7910000,42,3,6,51,21,21
SUPER_11,7920000,73,8,4,85,41,32
SUPER_11,7930000,118,12,13,143,58,60
SUPER_11,7940000,67,12,2,81,39,28
SUPER_11,7950000,136,16,17,169,73,63
SUPER_11,7960000,132,14,9,155,60,72
SUPER_11,7970000,162,29,12,203,82,80
SUPER_11,7980000,121,10,11,142,59,62
SUPER_11,7990000,78,8,7,93,40,38
SUPER_11,8000000,156,11,21,188,72,84
SUPER_11,8010000,121,7,8,136,57,64
SUPER_11,8020000,99,18,15,132,45,54
SUPER_11,8030000,147,13,12,172,88,59
SUPER_11,8040000,166,13,17,196,63,103
SUPER_11,8050000,202,26,19,247,98,104
SUPER_11,8060000,251,25,19,295,117,134
SUPER_11,8070000,226,29,25,280,103,123
SUPER_11,8080000,247,34,29,310,115,132
SUPER_11,8090000,187,8,13,208,96,91
SUPER_11,8100000,266,22,33,321,131,135
SUPER_11,8110000,76,9,2,87,32,44
SUPER_11,8120000,183,20,24,227,98,85
SUPER_11,8130000,165,18,14,197,82,83
SUPER_11,8140000,171,18,22,211,94,77
SUPER_11,8150000,147,14,16,177,70,77
SUPER_11,8160000,190,18,12,220,81,109
SUPER_11,8170000,154,14,10,178,69,85
SUPER_11,8180000,187,24,20,231,87,100
SUPER_11,8190000,216,23,19,258,107,109
SUPER_11,8200000,182,16,18,216,92,90
SUPER_11,8210000,212,25,21,258,99,113
SUPER_11,8220000,199,14,19,232,112,87
SUPER_11,8230000,178,15,11,204,97,81
SUPER_11,8240000,258,23,25,306,120,138
SUPER_11,8250000,137,14,13,164,77,60
SUPER_11,8260000,148,20,14,182,67,81
SUPER_11,8270000,163,9,17,189,85,78
SUPER_11,8280000,211,21,20,252,110,101
SUPER_11,8290000,207,14,21,242,106,101
SUPER_11,8300000,212,19,11,242,95,117
SUPER_11,8310000,240,14,24,278,114,126
SUPER_11,8320000,265,27,19,311,120,145
SUPER_11,8330000,255,19,17,291,146,109
SUPER_11,8340000,46,4,4,54,26,20
SUPER_11,8350000,208,39,22,269,96,112
SUPER_11,8360000,306,25,34,365,165,141
SUPER_11,8370000,252,21,25,298,125,127
SUPER_11,8380000,179,15,16,210,90,89
SUPER_11,8390000,169,19,22,210,71,98
SUPER_11,8400000,197,16,23,236,86,111
SUPER_11,8410000,187,15,20,222,92,95
SUPER_11,8420000,197,21,23,241,84,113
SUPER_11,8430000,166,15,11,192,90,76
SUPER_11,8440000,278,22,28,328,140,138
SUPER_11,8450000,143,21,9,173,86,57
SUPER_11,8460000,186,19,15,220,95,91
SUPER_11,8470000,292,33,35,360,133,159
SUPER_11,8480000,148,12,11,171,79,69
SUPER_11,8490000,85,3,10,98,40,45
SUPER_11,8500000,143,14,10,167,78,65
SUPER_11,8510000,106,12,14,132,65,41
SUPER_11,8520000,51,5,5,61,28,23
SUPER_11,8530000,112,13,10,135,64,48
SUPER_11,8540000,86,7,6,99,38,48
SUPER_11,8550000,60,6,6,72,30,30
SUPER_11,8560000,119,11,20,150,64,55
SUPER_11,8570000,166,18,20,204,86,80
SUPER_11,8580000,245,26,27,298,106,139
SUPER_11,8590000,158,17,10,185,85,73
SUPER_11,8600000,120,18,11,149,58,62
SUPER_11,8610000,64,19,8,91,34,30
SUPER_11,8620000,145,13,20,178,77,68
SUPER_11,8630000,103,10,6,119,59,44
SUPER_11,8640000,128,13,12,153,55,73
SUPER_11,8650000,121,5,9,135,61,60
SUPER_11,8660000,106,11,13,130,52,54
SUPER_11,8670000,0,0,0,0,0,0
SUPER_11,8680000,0,0,0,0,0,0
SUPER_11,8690000,0,0,0,0,0,0
SUPER_11,8700000,156,10,14,180,67,89
SUPER_11,8710000,80,12,6,98,36,44
SUPER_11,8720000,83,7,8,98,39,44
SUPER_11,8730000,115,10,8,133,49,66
SUPER_11,8740000,128,14,17,159,63,65
SUPER_11,8750000,110,13,15,138,54,56
SUPER_11,8760000,182,15,13,210,86,96
SUPER_11,8770000,127,6,9,142,49,78
SUPER_11,8780000,129,8,9,146,65,64
SUPER_11,8790000,133,21,11,165,63,70
SUPER_11,8800000,222,32,20,274,105,117
SUPER_11,8810000,155,14,15,184,64,91
SUPER_11,8820000,214,23,20,257,105,109
SUPER_11,8830000,291,27,20,338,139,152
SUPER_11,8840000,219,22,18,259,110,109
SUPER_11,8850000,126,13,13,152,59,67
SUPER_11,8860000,222,31,17,270,101,121
SUPER_11,8870000,218,26,24,268,102,116
SUPER_11,8880000,203,9,28,240,92,111
SUPER_11,8890000,243,19,28,290,98,145
SUPER_11,8900000,281,25,20,326,124,157
SUPER_11,8910000,108,12,14,134,62,46
SUPER_11,8920000,90,2,7,99,47,43
SUPER_11,8930000,146,23,13,182,75,71
SUPER_11,8940000,269,38,28,335,128,141
SUPER_11,8950000,157,21,23,201,80,77
SUPER_11,8960000,127,13,13,153,70,57
SUPER_11,8970000,169,10,11,190,76,93
SUPER_11,8980000,248,27,32,307,128,120
SUPER_11,8990000,165,24,18,207,85,80
SUPER_11,9000000,174,19,16,209,79,95
SUPER_11,9010000,233,29,12,274,113,120
SUPER_11,9020000,253,28,31,312,122,131
SUPER_11,9030000,80,10,4,94,41,39
SUPER_11,9040000,139,14,14,167,65,74
SUPER_11,9050000,190,20,22,232,87,103
SUPER_11,9060000,220,25,14,259,118,102
SUPER_11,9070000,179,16,24,219,89,90
SUPER_11,9080000,175,19,17,211,92,83
SUPER_11,9090000,55,3,8,66,32,23
SUPER_11,9100000,85,11,5,101,45,40
SUPER_11,9110000,20,3,1,24,13,7
SUPER_11,9120000,5,1,1,7,1,4
SUPER_11,9130000,39,4,6,49,19,20
SUPER_11,9140000,101,17,9,127,52,49
SUPER_11,9150000,189,22,17,228,92,97
SUPER_11,9160000,84,7,8,99,47,37
SUPER_11,9170000,111,8,9,128,61,50
SUPER_11,9180000,19,5,4,28,11,8
SUPER_11,9190000,89,9,10,108,49,40
SUPER_11,9200000,132,17,11,160,70,62
SUPER_11,9210000,234,22,24,280,117,117
SUPER_11,9220000,148,16,22,186,71,77
SUPER_11,9230000,154,18,15,187,65,89
SUPER_11,9240000,346,34,25,405,168,178
SUPER_11,9250000,301,33,35,369,145,156
SUPER_11,9260000,183,20,15,218,100,83
SUPER_11,9270000,220,21,13,254,127,93
SUPER_11,9280000,245,25,19,289,125,120
SUPER_11,9290000,312,36,24,372,147,165
SUPER_11,9300000,277,23,27,327,144,133
SUPER_11,9310000,389,50,33,472,177,212
SUPER_11,9320000,10,0,1,11,1,9
SUPER_11,9330000,328,36,33,397,173,155
SUPER_11,9340000,341,19,32,392,161,180
SUPER_11,9350000,195,15,19,229,89,106
SUPER_11,9360000,111,14,8,133,67,44
SUPER_11,9370000,1,1,0,2,0,1
SUPER_11,9380000,252,18,23,293,114,138
SUPER_11,9390000,219,17,19,255,107,112
SUPER_11,9400000,261,29,26,316,109,152
SUPER_11,9410000,295,30,27,352,155,140
SUPER_11,9420000,310,28,16,354,145,165
SUPER_11,9430000,224,18,18,260,93,131
SUPER_11,9440000,214,20,21,255,124,90
SUPER_11,9450000,360,41,27,428,179,181
SUPER_11,9460000,337,31,26,394,175,162
SUPER_11,9470000,296,25,16,337,140,156
SUPER_11,9480000,304,16,32,352,145,159
SUPER_11,9490000,363,32,30,425,186,177
SUPER_11,9500000,211,15,11,237,105,106
SUPER_11,9510000,142,15,6,163,76,66
SUPER_11,9520000,153,17,14,184,86,67
SUPER_11,9530000,270,22,20,312,138,132
SUPER_11,9540000,211,17,18,246,102,109
SUPER_11,9550000,44,6,5,55,21,23
SUPER_11,9560000,219,23,30,272,101,118
SUPER_11,9570000,227,17,17,261,108,119
SUPER_11,9580000,218,19,20,257,108,110
SUPER_11,9590000,102,14,5,121,50,52
SUPER_11,9600000,154,20,9,183,107,47
SUPER_11,9610000,170,15,14,199,96,74
SUPER_11,9620000,149,10,15,174,67,82
SUPER_11,9630000,57,2,2,61,32,25
SUPER_11,9640000,37,10,0,47,13,24
SUPER_11,9650000,361,29,31,421,181,180
SUPER_11,9660000,294,37,22,353,145,149
SUPER_11,9670000,104,12,11,127,53,51
SUPER_11,9680000,296,33,15,344,161,135
SUPER_11,9690000,326,20,29,375,166,160
SUPER_11,9700000,59,4,8,71,31,28
SUPER_11,9710000,171,21,13,205,80,91
SUPER_11,9720000,177,16,14,207,82,95
SUPER_11,9730000,149,23,21,193,74,75
SUPER_11,9740000,336,35,33,404,152,184
SUPER_11,9750000,373,50,41,464,172,201
SUPER_11,9760000,338,35,34,407,169,169
SUPER_11,9770000,226,26,21,273,106,120
SUPER_11,9780000,275,25,27,327,121,154
SUPER_11,9790000,215,19,22,256,102,113
SUPER_11,9800000,226,20,25,271,119,107
SUPER_11,9810000,165,16,15,196,86,79
SUPER_11,9820000,248,29,32,309,125,123
SUPER_11,9830000,114,19,15,148,56,58
SUPER_11,9840000,205,18,24,247,111,94
SUPER_11,9850000,295,26,29,350,137,158
SUPER_11,9860000,215,32,24,271,104,111
SUPER_11,9870000,282,28,32,342,134,148
SUPER_11,9880000,255,24,30,309,124,131
SUPER_11,9890000,246,26,18,290,112,134
SUPER_11,9900000,115,11,13,139,64,51
SUPER_11,9910000,279,31,12,322,141,138
SUPER_11,9920000,235,20,30,285,118,117
SUPER_11,9930000,308,23,28,359,159,149
SUPER_11,9940000,365,31,34,430,177,188
SUPER_11,9950000,256,28,23,307,138,118
SUPER_11,9960000,343,44,28,415,145,198
SUPER_11,9970000,388,34,39,461,189,199
SUPER_11,9980000,374,38,27,439,158,216
SUPER_11,9990000,363,29,29,421,154,209
SUPER_11,10000000,292,23,28,343,142,150
SUPER_11,10010000,324,33,29,386,169,155
SUPER_11,10020000,160,10,14,184,71,89
SUPER_11,10030000,189,18,17,224,97,92
SUPER_11,10040000,57,4,8,69,29,28
SUPER_11,10050000,193,23,15,231,100,93
SUPER_11,10060000,254,25,26,305,117,137
SUPER_11,10070000,296,30,33,359,148,148
SUPER_11,10080000,273,28,26,327,149,124
SUPER_11,10090000,357,30,37,424,169,188
SUPER_11,10100000,277,25,37,339,138,139
SUPER_11,10110000,151,16,24,191,78,73
SUPER_11,10120000,79,6,5,90,45,34
SUPER_11,10130000,213,29,10,252,101,112
SUPER_11,10140000,143,23,9,175,69,74
SUPER_11,10150000,95,10,11,116,42,53
SUPER_11,10160000,168,15,15,198,73,95
SUPER_11,10170000,154,19,12,185,77,77
SUPER_11,10180000,240,21,18,279,125,115
SUPER_11,10190000,265,30,26,321,127,138
SUPER_11,10200000,38,5,2,45,20,18
SUPER_11,10210000,132,14,13,159,69,63
SUPER_11,10220000,320,34,24,378,152,168
SUPER_11,10230000,259,21,24,304,130,129
SUPER_11,10240000,273,31,30,334,128,145
SUPER_11,10250000,323,32,34,389,161,162
SUPER_11,10260000,285,23,38,346,140,145
SUPER_11,10270000,238,20,20,278,108,130
SUPER_11,10280000,329,32,26,387,162,167
SUPER_11,10290000,260,34,23,317,116,144
SUPER_11,10300000,248,34,22,304,116,132
SUPER_11,10310000,143,14,15,172,55,88
SUPER_11,10320000,69,10,6,85,34,35
SUPER_11,10330000,260,23,23,306,108,152
SUPER_11,10340000,141,16,12,169,68,73
SUPER_11,10350000,234,19,27,280,124,110
SUPER_11,10360000,3,0,1,4,2,1
SUPER_11,10370000,407,58,47,512,183,224
SUPER_11,10380000,58,7,12,77,32,26
SUPER_11,10390000,90,10,10,110,48,42
SUPER_11,10400000,113,13,14,140,54,59
SUPER_11,10410000,66,3,6,75,35,31
SUPER_11,10420000,84,3,10,97,42,42
SUPER_11,10430000,30,2,4,36,15,15
SUPER_11,10440000,185,29,11,225,95,90
SUPER_11,10450000,304,31,36,371,156,148
SUPER_11,10460000,46,3,6,55,28,18
SUPER_11,10470000,70,10,7,87,26,44
SUPER_11,10480000,74,6,8,88,38,36
SUPER_11,10490000,16,4,1,21,7,9
SUPER_11,10500000,149,18,7,174,77,72
SUPER_11,10510000,160,24,19,203,65,95
SUPER_11,10520000,328,28,29,385,149,179
SUPER_11,10530000,387,34,37,458,195,192
SUPER_11,10540000,328,26,31,385,164,164
SUPER_11,10550000,281,37,29,347,137,144
SUPER_11,10560000,243,33,28,304,127,116
SUPER_11,10570000,88,8,8,104,46,42
SUPER_11,10580000,136,10,14,160,81,55
SUPER_11,10590000,329,36,25,390,168,161
SUPER_11,10600000,263,28,21,312,125,138
SUPER_11,10610000,89,9,5,103,45,44
SUPER_11,10620000,204,25,19,248,92,112
SUPER_11,10630000,186,18,22,226,100,86
SUPER_11,10640000,272,22,23,317,127,145
SUPER_11,10650000,83,9,4,96,49,34
SUPER_11,10660000,253,34,19,306,123,130
SUPER_11,10670000,249,34,23,306,129,120
SUPER_11,10680000,351,30,24,405,169,182
SUPER_11,10690000,325,30,26,381,125,200
SUPER_11,10700000,419,31,38,488,208,211
SUPER_11,10710000,270,28,26,324,127,143
SUPER_11,10720000,116,10,9,135,60,56
SUPER_11,10730000,317,27,25,369,143,174
SUPER_11,10740000,28,0,2,30,13,15
SUPER_11,10750000,189,21,10,220,88,101
SUPER_11,10760000,378,40,39,457,190,188
SUPER_11,10770000,368,31,29,428,188,180
SUPER_11,10780000,123,12,4,139,57,66
SUPER_11,10790000,192,14,14,220,83,109
SUPER_11,10800000,341,17,36,394,167,174
SUPER_11,10810000,351,26,28,405,170,181
SUPER_11,10820000,283,34,27,344,148,135
SUPER_11,10830000,330,27,40,397,158,172
SUPER_11,10840000,330,31,31,392,150,180
SUPER_11,10850000,355,27,26,408,168,187
SUPER_11,10860000,207,11,22,240,97,110
SUPER_11,10870000,424,39,48,511,221,203
SUPER_11,10880000,347,22,32,401,175,172
SUPER_11,10890000,306,31,34,371,154,152
SUPER_11,10900000,440,41,49,530,190,250
SUPER_11,10910000,408,44,44,496,197,211
SUPER_11,10920000,359,32,41,432,177,182
SUPER_11,10930000,355,26,33,414,145,210
SUPER_11,10940000,310,29,15,354,154,156
SUPER_11,10950000,427,33,35,495,178,249
SUPER_11,10960000,381,26,36,443,177,204
SUPER_11,10970000,376,23,37,436,190,186
SUPER_11,10980000,195,12,17,224,88,107
SUPER_11,10990000,400,29,43,472,190,210
SUPER_11,11000000,430,38,39,507,217,213
SUPER_11,11010000,323,32,29,384,145,178
SUPER_11,11020000,148,12,8,168,68,80
SUPER_11,11030000,140,13,11,164,73,67
SUPER_11,11040000,73,6,7,86,34,39
SUPER_11,11050000,20,0,2,22,5,15
SUPER_11,11060000,69,5,15,89,38,31
SUPER_11,11070000,240,25,19,284,100,140
SUPER_11,11080000,196,19,13,228,107,89
SUPER_11,11090000,278,34,22,334,135,143
SUPER_11,11100000,413,48,24,485,226,187
SUPER_11,11110000,179,14,12,205,98,81
SUPER_11,11120000,429,30,25,484,221,208
SUPER_11,11130000,199,17,8,224,103,96
SUPER_11,11140000,303,19,22,344,162,141
SUPER_11,11150000,267,28,26,321,137,130
SUPER_11,11160000,267,24,20,311,136,131
SUPER_11,11170000,271,30,30,331,135,136
SUPER_11,11180000,251,24,20,295,116,135
SUPER_11,11190000,235,23,12,270,115,120
SUPER_11,11200000,302,24,33,359,141,161
SUPER_11,11210000,57,10,5,72,30,27
SUPER_11,11220000,59,8,6,73,27,32
SUPER_11,11230000,291,19,18,328,164,127
SUPER_11,11240000,133,7,7,147,65,68
SUPER_11,11250000,54,8,7,69,23,31
SUPER_11,11260000,216,16,20,252,103,113
SUPER_11,11270000,233,25,25,283,113,120
SUPER_11,11280000,323,40,25,388,155,168
SUPER_11,11290000,284,25,30,339,141,143
SUPER_11,11300000,231,27,22,280,129,102
SUPER_11,11310000,242,35,24,301,103,139
SUPER_11,11320000,140,22,15,177,72,68
SUPER_11,11330000,196,19,19,234,100,96
SUPER_11,11340000,356,26,35,417,163,193
SUPER_11,11350000,92,6,10,108,38,54
SUPER_11,11360000,249,24,28,301,117,132
SUPER_11,11370000,308,35,29,372,159,149
SUPER_11,11380000,336,28,36,400,155,181
SUPER_11,11390000,269,26,20,315,128,141
SUPER_11,11400000,242,30,27,299,115,127
SUPER_11,11410000,329,34,37,400,155,174
SUPER_11,11420000,369,33,31,433,183,186
SUPER_11,11430000,274,43,19,336,132,142
SUPER_11,11440000,389,40,34,463,199,190
SUPER_11,11450000,310,20,29,359,148,162
SUPER_11,11460000,355,24,41,420,199,156
SUPER_11,11470000,283,30,21,334,144,139
SUPER_11,11480000,193,19,17,229,95,98
SUPER_11,11490000,362,43,29,434,186,176
SUPER_11,11500000,276,31,19,326,142,134
SUPER_11,11510000,176,24,15,215,94,82
SUPER_11,11520000,430,37,38,505,222,208
SUPER_11,11530000,313,34,27,374,176,137
SUPER_11,11540000,339,31,20,390,195,144
SUPER_11,11550000,300,19,25,344,137,163
SUPER_11,11560000,207,23,21,251,113,94
SUPER_11,11570000,203,24,18,245,100,103
SUPER_11,11580000,332,34,38,404,174,158
SUPER_11,11590000,357,41,41,439,171,186
SUPER_11,11600000,388,31,49,468,180,208
SUPER_11,11610000,320,27,31,378,144,176
SUPER_11,11620000,265,20,20,305,138,127
SUPER_11,11630000,270,33,26,329,129,141
SUPER_11,11640000,257,23,23,303,127,130
SUPER_11,11650000,182,26,10,218,82,100
SUPER_11,11660000,208,18,24,250,107,101
SUPER_11,11670000,287,37,38,362,127,160
SUPER_11,11680000,144,16,14,174,73,71
SUPER_11,11690000,342,36,37,415,163,179
SUPER_11,11700000,332,30,37,399,156,176
SUPER_11,11710000,131,7,5,143,76,55
SUPER_11,11720000,0,0,1,1,0,0
SUPER_11,11730000,278,41,34,353,128,150
SUPER_11,11740000,239,25,23,287,117,122
SUPER_11,11750000,151,14,16,181,72,79
SUPER_11,11760000,260,28,17,305,131,129
SUPER_11,11770000,150,13,18,181,68,82
SUPER_11,11780000,294,31,41,366,160,134
SUPER_11,11790000,377,40,25,442,180,197
SUPER_11,11800000,313,28,33,374,147,166
SUPER_11,11810000,66,6,8,80,27,39
SUPER_11,11820000,401,35,39,475,197,204
SUPER_11,11830000,357,33,29,419,186,171
SUPER_11,11840000,361,32,51,444,187,174
SUPER_11,11850000,234,25,19,278,107,127
SUPER_11,11860000,401,33,28,462,178,223
SUPER_11,11870000,279,28,24,331,143,136
SUPER_11,11880000,193,10,20,223,101,92
SUPER_11,11890000,87,9,15,111,44,43
SUPER_11,11900000,173,19,16,208,86,87
SUPER_11,11910000,257,20,27,304,127,130
SUPER_11,11920000,159,21,6,186,67,92
SUPER_11,11930000,114,8,13,135,57,57
SUPER_11,11940000,218,23,18,259,108,110
SUPER_11,11950000,178,20,10,208,79,99
SUPER_11,11960000,329,28,18,375,168,161
SUPER_11,11970000,37,3,8,48,14,23
SUPER_11,11980000,223,21,19,263,103,120
SUPER_11,11990000,370,38,29,437,179,191
SUPER_11,12000000,321,36,27,384,160,161
SUPER_11,12010000,281,30,15,326,131,150
SUPER_11,12020000,276,26,33,335,140,136
SUPER_11,12030000,133,11,13,157,65,68
SUPER_11,12040000,187,16,15,218,95,92
SUPER_11,12050000,261,23,28,312,127,134
SUPER_11,12060000,249,23,33,305,123,126
SUPER_11,12070000,194,14,17,225,91,103
SUPER_11,12080000,219,22,30,271,101,118
SUPER_11,12090000,377,38,39,454,197,180
SUPER_11,12100000,211,19,19,249,95,116
SUPER_11,12110000,338,30,27,395,164,174
SUPER_11,12120000,328,30,33,391,166,162
SUPER_11,12130000,401,44,33,478,193,208
SUPER_11,12140000,150,19,15,184,65,85
SUPER_11,12150000,113,16,18,147,48,65
SUPER_11,12160000,213,22,17,252,115,98
SUPER_11,12170000,301,31,27,359,136,165
SUPER_11,12180000,436,48,37,521,226,210
SUPER_11,12190000,273,30,23,326,141,132
SUPER_11,12200000,341,28,25,394,161,180
SUPER_11,12210000,438,32,39,509,218,220
SUPER_11,12220000,277,21,35,333,149,128
SUPER_11,12230000,297,32,21,350,152,145
SUPER_11,12240000,462,47,33,542,218,244
SUPER_11,12250000,320,29,28,377,170,150
SUPER_11,12260000,380,38,45,463,175,205
SUPER_11,12270000,243,21,25,289,112,131
SUPER_11,12280000,201,21,16,238,97,104
SUPER_11,12290000,319,33,30,382,161,158
SUPER_11,12300000,389,44,27,460,187,202
SUPER_11,12310000,435,34,31,500,204,231
SUPER_11,12320000,406,35,53,494,201,205
SUPER_11,12330000,306,36,25,367,141,165
SUPER_11,12340000,221,25,20,266,117,104
SUPER_11,12350000,329,31,27,387,159,170
SUPER_11,12360000,209,20,21,250,109,100
SUPER_11,12370000,289,34,25,348,145,144
SUPER_11,12380000,184,15,19,218,89,95
SUPER_11,12390000,416,30,27,473,209,207
SUPER_11,12400000,52,9,5,66,30,22
SUPER_11,12410000,336,25,30,391,150,186
SUPER_11,12420000,233,20,18,271,116,117
SUPER_11,12430000,96,20,17,133,40,56
SUPER_11,12440000,75,7,5,87,36,39
SUPER_11,12450000,362,34,42,438,183,179
SUPER_11,12460000,130,13,12,155,63,67
SUPER_11,12470000,319,26,37,382,150,169
SUPER_11,12480000,331,29,26,386,142,189
SUPER_11,12490000,183,15,8,206,88,95
SUPER_11,12500000,327,34,40,401,153,174
SUPER_11,12510000,323,36,30,389,151,172
SUPER_11,12520000,243,22,18,283,129,114
SUPER_11,12530000,231,20,20,271,123,108
SUPER_11,12540000,227,20,21,268,92,135
SUPER_11,12550000,198,22,19,239,92,106
SUPER_11,12560000,321,35,26,382,143,178
SUPER_11,12570000,308,23,30,361,156,152
SUPER_11,12580000,324,28,24,376,164,160
SUPER_11,12590000,219,24,16,259,111,108
SUPER_11,12600000,259,23,30,312,117,142
SUPER_11,12610000,334,33,30,397,162,172
SUPER_11,12620000,399,41,35,475,184,215
SUPER_11,12630000,225,17,15,257,118,107
SUPER_11,12640000,17,3,1,21,12,5
SUPER_11,12650000,419,34,31,484,207,212
SUPER_11,12660000,332,42,25,399,147,185
SUPER_11,12670000,240,25,23,288,117,123
SUPER_11,12680000,248,23,23,294,118,130
SUPER_11,12690000,235,18,16,269,115,120
SUPER_11,12700000,236,26,18,280,118,118
SUPER_11,12710000,283,24,20,327,132,151
SUPER_11,12720000,311,24,34,369,148,163
SUPER_11,12730000,274,23,25,322,143,131
SUPER_11,12740000,169,12,20,201,91,78
SUPER_11,12750000,192,17,17,226,100,92
SUPER_11,12760000,97,6,9,112,51,46
SUPER_11,12770000,263,27,38,328,132,131
SUPER_11,12780000,213,23,20,256,90,123
SUPER_11,12790000,218,33,24,275,110,108
SUPER_11,12800000,169,14,10,193,97,72
SUPER_11,12810000,293,12,33,338,147,146
SUPER_11,12820000,205,16,20,241,97,108
SUPER_11,12830000,141,6,7,154,61,80
SUPER_11,12840000,343,27,43,413,165,178
SUPER_11,12850000,423,35,43,501,199,224
SUPER_11,12860000,342,24,24,390,182,160
SUPER_11,12870000,313,30,20,363,152,161
SUPER_11,12880000,305,24,22,351,145,160
SUPER_11,12890000,350,37,37,424,166,184
SUPER_11,12900000,236,15,15,266,111,125
SUPER_11,12910000,119,15,7,141,58,61
SUPER_11,12920000,416,36,29,481,203,213
SUPER_11,12930000,208,21,16,245,104,104
SUPER_11,12940000,181,18,20,219,76,105
SUPER_11,12950000,144,12,18,174,80,64
SUPER_11,12960000,264,28,23,315,121,143
SUPER_11,12970000,219,22,16,257,113,106
SUPER_11,12980000,186,23,14,223,92,94
SUPER_11,12990000,258,21,17,296,129,129
SUPER_11,13000000,0,0,0,0,0,0
SUPER_11,13010000,0,0,0,0,0,0
SUPER_11,13020000,0,0,0,0,0,0
SUPER_11,13030000,0,0,0,0,0,0
SUPER_11,13040000,144,13,15,172,63,81
SUPER_11,13050000,150,3,13,166,83,67
SUPER_11,13060000,235,15,17,267,128,107
SUPER_11,13070000,78,6,4,88,31,47
SUPER_11,13080000,301,33,27,361,149,152
SUPER_11,13090000,321,23,21,365,149,172
SUPER_11,13100000,238,24,19,281,131,107
SUPER_11,13110000,163,16,11,190,89,74
SUPER_11,13120000,195,14,15,224,88,107
SUPER_11,13130000,305,28,29,362,156,149
SUPER_11,13140000,305,22,24,351,172,133
SUPER_11,13150000,253,26,24,303,118,135
SUPER_11,13160000,273,35,22,330,134,139
SUPER_11,13170000,297,29,26,352,153,144
SUPER_11,13180000,325,27,24,376,165,160
SUPER_11,13190000,279,30,29,338,142,137
SUPER_11,13200000,356,30,44,430,170,186
SUPER_11,13210000,25,1,6,32,11,14
SUPER_11,13220000,59,6,8,73,27,32
SUPER_11,13230000,103,9,11,123,60,43
SUPER_11,13240000,31,7,2,40,16,15
SUPER_11,13250000,33,1,2,36,16,17
SUPER_11,13260000,45,4,4,53,21,24
SUPER_11,13270000,43,5,4,52,19,24
SUPER_11,13280000,0,0,0,0,0,0
SUPER_11,13290000,0,0,0,0,0,0
SUPER_11,13300000,156,13,9,178,42,114
SUPER_11,13310000,87,7,8,102,39,48
SUPER_11,13320000,0,3,0,3,0,0
SUPER_11,13330000,1,4,3,8,1,0
SUPER_11,13340000,0,1,0,1,0,0
SUPER_11,13350000,74,9,4,87,43,31
SUPER_12,10000,2,9,0,11,0,2
SUPER_12,20000,0,5,1,6,0,0
SUPER_12,30000,0,1,0,1,0,0
SUPER_12,40000,0,1,0,1,0,0
SUPER_12,50000,144,10,18,172,76,68
SUPER_12,60000,18,2,3,23,8,10
SUPER_12,70000,133,9,18,160,74,59
SUPER_12,80000,173,16,17,206,91,82
SUPER_12,90000,83,6,7,96,44,39
SUPER_12,100000,176,17,22,215,88,88
SUPER_12,110000,225,20,25,270,116,109
SUPER_12,120000,240,23,16,279,126,114
SUPER_12,130000,3,0,0,3,3,0
SUPER_12,140000,6,1,0,7,1,5
SUPER_12,150000,138,17,16,171,72,66
SUPER_12,160000,117,10,8,135,65,52
SUPER_12,170000,178,20,14,212,92,86
SUPER_12,180000,249,30,17,296,118,131
SUPER_12,190000,107,16,11,134,56,51
SUPER_12,200000,109,11,11,131,55,54
SUPER_12,210000,284,33,27,344,121,163
SUPER_12,220000,267,28,29,324,140,127
SUPER_12,230000,278,29,24,331,123,155
SUPER_12,240000,232,22,25,279,128,104
SUPER_12,250000,286,21,32,339,145,141
SUPER_12,260000,316,31,30,377,164,152
SUPER_12,270000,353,30,30,413,176,177
SUPER_12,280000,177,14,23,214,85,92
SUPER_12,290000,242,15,28,285,125,117
SUPER_12,300000,323,36,33,392,159,164
SUPER_12,310000,226,17,22,265,118,108
SUPER_12,320000,224,20,21,265,97,127
SUPER_12,330000,230,16,21,267,116,114
SUPER_12,340000,289,23,39,351,145,144
SUPER_12,350000,313,18,31,362,172,141
SUPER_12,360000,340,33,27,400,172,168
SUPER_12,370000,69,6,6,81,34,35
SUPER_12,380000,343,37,21,401,156,187
SUPER_12,390000,382,44,31,457,182,200
SUPER_12,400000,297,26,34,357,132,165
SUPER_12,410000,322,37,38,397,147,175
SUPER_12,420000,264,19,23,306,129,135
SUPER_12,430000,311,32,25,368,154,157
SUPER_12,440000,178,21,13,212,90,88
SUPER_12,450000,102,6,6,114,51,51
SUPER_12,460000,0,0,0,0,0,0
SUPER_12,470000,0,0,0,0,0,0
SUPER_12,480000,522,55,45,622,257,265
SUPER_12,490000,239,24,30,293,121,118
SUPER_12,500000,131,12,9,152,58,73
SUPER_12,510000,164,25,13,202,83,81
SUPER_12,520000,285,23,31,339,142,143
SUPER_12,530000,279,40,26,345,133,146
SUPER_12,540000,292,28,26,346,129,163
SUPER_12,550000,218,25,20,263,105,113
SUPER_12,560000,326,39,28,393,175,151
SUPER_12,570000,335,29,25,389,155,180
SUPER_12,580000,264,37,24,325,130,134
SUPER_12,590000,182,8,13,203,97,85
SUPER_12,600000,200,14,15,229,103,97
SUPER_12,610000,267,19,32,318,147,120
SUPER_12,620000,251,28,23,302,109,142
SUPER_12,630000,294,41,29,364,140,154
SUPER_12,640000,210,12,18,240,105,105
SUPER_12,650000,387,32,27,446,189,198
SUPER_12,660000,363,49,35,447,180,183
SUPER_12,670000,221,16,14,251,110,111
SUPER_12,680000,325,30,28,383,143,182
SUPER_12,690000,306,41,25,372,144,162
SUPER_12,700000,290,32,16,338,154,136
SUPER_12,710000,250,21,19,290,120,130
SUPER_12,720000,233,24,19,276,118,115
SUPER_12,730000,348,31,43,422,173,175
SUPER_12,740000,262,30,14,306,129,133
SUPER_12,750000,439,41,42,522,210,229
SUPER_12,760000,354,37,31,422,182,172
SUPER_12,770000,295,24,21,340,161,134
SUPER_12,780000,406,46,33,485,211,195
SUPER_12,790000,29,2,6,37,15,14
SUPER_12,800000,16,0,1,17,5,11
SUPER_12,810000,19,1,0,20,11,8
SUPER_12,820000,168,12,7,187,80,88
SUPER_12,830000,213,38,24,275,94,119
SUPER_12,840000,332,35,30,397,162,170
SUPER_12,850000,400,41,34,475,192,208
SUPER_12,860000,385,33,51,469,190,195
SUPER_12,870000,322,20,33,375,172,150
SUPER_12,880000,247,29,18,294,137,110
SUPER_12,890000,306,23,21,350,172,134
SUPER_12,900000,350,38,21,409,174,176
SUPER_12,910000,148,19,7,174,75,73
SUPER_12,920000,371,31,28,430,181,190
SUPER_12,930000,351,38,25,414,179,172
SUPER_12,940000,19,2,3,24,10,9
SUPER_12,950000,158,10,15,183,74,84
SUPER_12,960000,282,33,24,339,143,139
SUPER_12,970000,318,20,40,378,164,154
SUPER_12,980000,294,33,26,353,150,144
SUPER_12,990000,298,29,23,350,150,148
SUPER_12,1000000,270,20,22,312,147,123
SUPER_12,1010000,195,11,21,227,97,98
SUPER_12,1020000,346,39,36,421,169,177
SUPER_12,1030000,338,29,28,395,148,190
SUPER_12,1040000,265,30,30,325,131,134
SUPER_12,1050000,246,14,14,274,119,127
SUPER_12,1060000,73,11,7,91,41,32
SUPER_12,1070000,208,25,28,261,109,99
SUPER_12,1080000,295,19,37,351,156,139
SUPER_12,1090000,186,14,21,221,85,101
SUPER_12,1100000,285,29,27,341,131,154
SUPER_12,1110000,231,22,26,279,100,131
SUPER_12,1120000,262,32,19,313,143,119
SUPER_12,1130000,358,27,36,421,167,191
SUPER_12,1140000,228,16,19,263,118,110
SUPER_12,1150000,298,34,27,359,158,140
SUPER_12,1160000,345,36,29,410,162,183
SUPER_12,1170000,466,27,41,534,216,250
SUPER_12,1180000,348,24,40,412,172,176
SUPER_12,1190000,325,36,27,388,160,165
SUPER_12,1200000,348,21,42,411,164,184
SUPER_12,1210000,224,16,18,258,107,117
SUPER_12,1220000,298,33,29,360,128,170
SUPER_12,1230000,354,30,23,407,177,177
SUPER_12,1240000,344,33,24,401,178,166
SUPER_12,1250000,273,23,27,323,137,136
SUPER_12,1260000,320,27,32,379,166,154
SUPER_12,1270000,236,31,25,292,118,118
SUPER_12,1280000,347,38,34,419,163,184
SUPER_12,1290000,344,37,33,414,146,198
SUPER_12,1300000,154,15,8,177,76,78
SUPER_12,1310000,152,14,11,177,76,76
SUPER_12,1320000,226,20,20,266,125,101
SUPER_12,1330000,288,22,18,328,143,145
SUPER_12,1340000,217,15,16,248,122,95
SUPER_12,1350000,236,9,27,272,119,117
SUPER_12,1360000,321,26,25,372,175,146
SUPER_12,1370000,250,26,30,306,130,120
SUPER_12,1380000,297,22,29,348,154,143
SUPER_12,1390000,275,22,16,313,136,139
SUPER_12,1400000,377,34,22,433,178,199
SUPER_12,1410000,345,25,33,403,190,155
SUPER_12,1420000,256,21,27,304,107,149
SUPER_12,1430000,154,13,16,183,77,77
SUPER_12,1440000,235,27,25,287,106,129
SUPER_12,1450000,200,19,12,231,101,99
SUPER_12,1460000,164,13,21,198,85,79
SUPER_12,1470000,210,16,16,242,101,109
SUPER_12,1480000,269,29,21,319,127,142
SUPER_12,1490000,316,33,38,387,156,160
SUPER_12,1500000,281,28,19,328,142,139
SUPER_12,1510000,160,25,17,202,89,71
SUPER_12,1520000,288,30,30,348,126,162
SUPER_12,1530000,349,35,32,416,180,169
SUPER_12,1540000,291,26,35,352,138,153
SUPER_12,1550000,403,44,36,483,195,208
SUPER_12,1560000,379,30,42,451,181,198
SUPER_12,1570000,253,19,20,292,133,120
SUPER_12,1580000,336,31,30,397,161,175
SUPER_12,1590000,221,17,23,261,112,109
SUPER_12,1600000,206,28,20,254,105,101
SUPER_12,1610000,140,17,11,168,63,77
SUPER_12,1620000,329,23,24,376,166,163
SUPER_12,1630000,304,27,28,359,157,147
SUPER_12,1640000,329,41,36,406,151,178
SUPER_12,1650000,301,33,29,363,141,160
SUPER_12,1660000,328,39,24,391,159,169
SUPER_12,1670000,246,25,16,287,128,118
SUPER_12,1680000,236,33,19,288,123,113
SUPER_12,1690000,157,15,12,184,79,78
SUPER_12,1700000,267,27,27,321,122,145
SUPER_12,1710000,107,12,11,130,54,53
SUPER_12,1720000,156,13,20,189,84,72
SUPER_12,1730000,134,15,9,158,70,64
SUPER_12,1740000,347,38,28,413,174,173
SUPER_12,1750000,292,30,33,355,132,160
SUPER_12,1760000,379,37,48,464,190,189
SUPER_12,1770000,403,44,46,493,185,218
SUPER_12,1780000,268,30,20,318,147,121
SUPER_12,1790000,165,18,16,199,82,83
SUPER_12,1800000,232,19,28,279,120,112
SUPER_12,1810000,311,35,32,378,142,169
SUPER_12,1820000,301,24,34,359,160,141
SUPER_12,1830000,317,31,25,373,158,159
SUPER_12,1840000,273,15,29,317,133,140
SUPER_12,1850000,412,48,31,491,207,205
SUPER_12,1860000,301,25,20,346,163,138
SUPER_12,1870000,334,23,23,380,164,170
SUPER_12,1880000,168,14,16,198,74,94
SUPER_12,1890000,356,35,33,424,175,181
SUPER_12,1900000,152,14,16,182,82,70
SUPER_12,1910000,157,11,21,189,78,79
SUPER_12,1920000,248,16,25,289,132,116
SUPER_12,1930000,257,9,22,288,132,125
SUPER_12,1940000,335,27,41,403,179,156
SUPER_12,1950000,210,19,17,246,113,97
SUPER_12,1960000,217,26,14,257,102,115
SUPER_12,1970000,286,31,22,339,124,162
SUPER_12,1980000,270,29,29,328,136,134
SUPER_12,1990000,375,46,37,458,189,186
SUPER_12,2000000,391,39,28,458,186,205
SUPER_12,2010000,317,34,30,381,149,168
SUPER_12,2020000,373,35,31,439,201,172
SUPER_12,2030000,160,20,12,192,80,80
SUPER_12,2040000,358,31,37,426,173,185
SUPER_12,2050000,381,39,29,449,187,194
SUPER_12,2060000,263,28,25,316,123,140
SUPER_12,2070000,295,24,25,344,155,140
SUPER_12,2080000,407,31,42,480,197,210
SUPER_12,2090000,166,14,17,197,82,84
SUPER_12,2100000,151,8,16,175,74,77
SUPER_12,2110000,400,37,30,467,205,195
SUPER_12,2120000,281,22,18,321,150,131
SUPER_12,2130000,237,28,28,293,112,125
SUPER_12,2140000,264,26,27,317,113,151
SUPER_12,2150000,177,23,12,212,92,85
SUPER_12,2160000,205,16,12,233,108,97
SUPER_12,2170000,45,3,7,55,25,20
SUPER_12,2180000,255,24,25,304,122,133
SUPER_12,2190000,224,20,20,264,110,114
SUPER_12,2200000,438,31,46,515,214,224
SUPER_12,2210000,141,17,12,170,61,80
SUPER_12,2220000,118,7,6,131,49,69
SUPER_12,2230000,75,6,6,87,36,39
SUPER_12,2240000,303,35,27,365,168,135
SUPER_12,2250000,181,19,24,224,94,87
SUPER_12,2260000,230,28,25,283,105,125
SUPER_12,2270000,127,14,13,154,68,59
SUPER_12,2280000,25,2,2,29,14,11
SUPER_12,2290000,384,39,35,458,205,179
SUPER_12,2300000,259,24,18,301,132,127
SUPER_12,2310000,0,0,0,0,0,0
SUPER_12,2320000,0,0,0,0,0,0
SUPER_12,2330000,329,28,25,382,141,188
SUPER_12,2340000,285,35,28,348,147,138
SUPER_12,2350000,239,21,23,283,117,122
SUPER_12,2360000,424,33,35,492,214,210
SUPER_12,2370000,23,2,1,26,10,13
SUPER_12,2380000,60,5,3,68,28,32
SUPER_12,2390000,231,27,22,280,100,131
SUPER_12,2400000,209,21,20,250,109,100
SUPER_12,2410000,247,23,22,292,112,135
SUPER_12,2420000,307,31,36,374,136,171
SUPER_12,2430000,350,36,26,412,156,194
SUPER_12,2440000,314,33,30,377,141,173
SUPER_12,2450000,342,37,30,409,157,185
SUPER_12,2460000,259,23,21,303,115,144
SUPER_12,2470000,376,32,41,449,176,200
SUPER_12,2480000,165,18,10,193,82,83
SUPER_12,2490000,220,19,16,255,94,126
SUPER_12,2500000,144,11,18,173,64,80
SUPER_12,2510000,223,17,20,260,109,114
SUPER_12,2520000,13,1,1,15,6,7
SUPER_12,2530000,80,7,5,92,35,45
SUPER_12,2540000,161,14,23,198,81,80
SUPER_12,2550000,171,25,17,213,86,85
SUPER_12,2560000,148,14,14,176,70,78
SUPER_12,2570000,110,9,6,125,59,51
SUPER_12,2580000,344,32,33,409,186,158
SUPER_12,2590000,135,18,4,157,66,69
SUPER_12,2600000,320,31,28,379,165,155
SUPER_12,2610000,225,16,23,264,111,114
SUPER_12,2620000,100,12,11,123,42,58
SUPER_12,2630000,235,21,14,270,111,124
SUPER_12,2640000,293,26,17,336,139,154
SUPER_12,2650000,271,26,24,321,131,140
SUPER_12,2660000,195,12,14,221,98,97
SUPER_12,2670000,8,2,0,10,3,5
SUPER_12,2680000,83,10,6,99,44,39
SUPER_12,2690000,133,13,16,162,77,56
SUPER_12,2700000,353,32,37,422,168,185
SUPER_12,2710000,21,1,1,23,8,13
SUPER_12,2720000,222,17,24,263,116,106
SUPER_12,2730000,282,29,20,331,145,137
SUPER_12,2740000,580,52,44,676,267,313
SUPER_12,2750000,373,22,37,432,173,200
SUPER_12,2760000,246,20,16,282,129,117
SUPER_12,2770000,142,15,10,167,56,86
SUPER_12,2780000,209,16,15,240,100,109
SUPER_12,2790000,323,28,36,387,152,171
SUPER_12,2800000,209,13,14,236,112,97
SUPER_12,2810000,252,24,23,299,115,137
SUPER_12,2820000,110,14,5,129,44,66
SUPER_12,2830000,260,17,31,308,110,150
SUPER_12,2840000,291,22,35,348,143,148
SUPER_12,2850000,228,14,24,266,115,113
SUPER_12,2860000,205,22,15,242,107,98
SUPER_12,2870000,254,24,28,306,130,124
SUPER_12,2880000,207,19,22,248,104,103
SUPER_12,2890000,226,23,26,275,110,116
SUPER_12,2900000,246,27,16,289,108,138
SUPER_12,2910000,161,13,19,193,85,76
SUPER_12,2920000,185,14,16,215,91,94
SUPER_12,2930000,207,19,27,253,100,107
SUPER_12,2940000,193,18,22,233,79,114
SUPER_12,2950000,222,17,20,259,105,117
SUPER_12,2960000,265,24,27,316,140,125
SUPER_12,2970000,112,10,12,134,57,55
SUPER_12,2980000,232,27,26,285,110,122
SUPER_12,2990000,120,18,10,148,50,70
SUPER_12,3000000,230,23,24,277,102,128
SUPER_12,3010000,132,12,13,157,78,54
SUPER_12,3020000,103,11,11,125,55,48
SUPER_12,3030000,146,9,14,169,78,68
SUPER_12,3040000,117,8,11,136,51,66
SUPER_12,3050000,200,16,26,242,97,103
SUPER_12,3060000,134,14,10,158,75,59
SUPER_12,3070000,160,22,13,195,78,82
SUPER_12,3080000,164,10,12,186,94,70
SUPER_12,3090000,143,9,16,168,64,79
SUPER_12,3100000,167,20,20,207,75,92
SUPER_12,3110000,112,11,6,129,50,62
SUPER_12,3120000,105,16,13,134,52,53
SUPER_12,3130000,3,1,1,5,0,3
SUPER_12,3140000,120,13,10,143,58,62
SUPER_12,3150000,122,9,11,142,71,51
SUPER_12,3160000,192,27,16,235,83,109
SUPER_12,3170000,139,15,24,178,66,73
SUPER_12,3180000,176,15,14,205,89,87
SUPER_12,3190000,135,21,13,169,78,57
SUPER_12,3200000,177,13,13,203,74,103
SUPER_12,3210000,32,5,5,42,19,13
SUPER_12,3220000,68,9,4,81,26,42
SUPER_12,3230000,43,6,3,52,20,23
SUPER_12,3240000,179,13,21,213,88,91
SUPER_12,3250000,173,9,17,199,86,87
SUPER_12,3260000,183,16,15,214,88,95
SUPER_12,3270000,113,13,16,142,50,63
SUPER_12,3280000,100,13,9,122,54,46
SUPER_12,3290000,137,19,15,171,55,82
SUPER_12,3300000,50,3,3,56,17,33
SUPER_12,3310000,110,15,10,135,58,52
SUPER_12,3320000,191,22,13,226,91,100
SUPER_12,3330000,177,14,17,208,84,93
SUPER_12,3340000,117,12,17,146,49,68
SUPER_12,3350000,118,8,14,140,59,59
SUPER_12,3360000,182,25,12,219,83,99
SUPER_12,3370000,204,29,15,248,88,116
SUPER_12,3380000,265,24,19,308,158,107
SUPER_12,3390000,258,33,25,316,137,121
SUPER_12,3400000,150,15,15,180,81,69
SUPER_12,3410000,218,15,19,252,105,113
SUPER_12,3420000,191,17,17,225,100,91
SUPER_12,3430000,164,15,11,190,78,86
SUPER_12,3440000,248,22,19,289,106,142
SUPER_12,3450000,230,21,28,279,109,121
SUPER_12,3460000,217,10,23,250,118,99
SUPER_12,3470000,40,9,7,56,16,24
SUPER_12,3480000,197,10,16,223,99,98
SUPER_12,3490000,307,26,33,366,159,148
SUPER_12,3500000,297,35,21,353,166,131
SUPER_12,3510000,75,5,6,86,39,36
SUPER_12,3520000,160,17,21,198,82,78
SUPER_12,3530000,141,9,8,158,75,66
SUPER_12,3540000,119,11,14,144,63,56
SUPER_12,3550000,168,20,19,207,86,82
SUPER_12,3560000,210,20,21,251,105,105
SUPER_12,3570000,286,17,24,327,148,138
SUPER_12,3580000,59,5,4,68,30,29
SUPER_12,3590000,68,5,6,79,26,42
SUPER_12,3600000,67,11,9,87,26,41
SUPER_12,3610000,312,42,41,395,145,167
SUPER_12,3620000,340,19,32,391,165,175
SUPER_12,3630000,308,21,35,364,148,160
SUPER_12,3640000,252,28,30,310,108,144
SUPER_12,3650000,4,1,0,5,1,3
SUPER_12,3660000,1,0,1,2,1,0
SUPER_12,3670000,87,8,4,99,28,59
SUPER_12,3680000,291,21,16,328,148,143
SUPER_12,3690000,63,6,3,72,27,36
SUPER_12,3700000,8,0,0,8,4,4
SUPER_12,3710000,2,0,0,2,1,1
SUPER_12,3720000,0,0,0,0,0,0
SUPER_12,3730000,0,0,0,0,0,0
SUPER_12,3740000,5,3,2,10,1,4
SUPER_12,3750000,221,25,21,267,121,100
SUPER_12,3760000,287,31,30,348,141,146
SUPER_12,3770000,168,15,18,201,91,77
SUPER_12,3780000,185,7,17,209,84,101
SUPER_12,3790000,299,29,26,354,132,167
SUPER_12,3800000,291,24,40,355,140,151
SUPER_12,3810000,176,19,15,210,96,80
SUPER_12,3820000,260,31,20,311,132,128
SUPER_12,3830000,265,21,29,315,123,142
SUPER_12,3840000,157,20,15,192,67,90
SUPER_12,3850000,136,19,14,169,61,75
SUPER_12,3860000,76,3,12,91,43,33
SUPER_12,3870000,245,22,27,294,110,135
SUPER_12,3880000,280,22,22,324,128,152
SUPER_12,3890000,138,13,9,160,74,64
SUPER_12,3900000,212,16,16,244,118,94
SUPER_12,3910000,195,19,16,230,110,85
SUPER_12,3920000,209,14,16,239,100,109
SUPER_12,3930000,357,36,31,424,180,177
SUPER_12,3940000,393,37,49,479,175,218
SUPER_12,3950000,299,30,28,357,137,162
SUPER_12,3960000,217,25,25,267,96,121
SUPER_12,3970000,217,19,25,261,98,119
SUPER_12,3980000,312,24,19,355,153,159
SUPER_12,3990000,242,24,23,289,103,139
SUPER_12,4000000,375,31,41,447,176,199
SUPER_12,4010000,367,34,31,432,173,194
SUPER_12,4020000,218,23,16,257,108,110
SUPER_12,4030000,261,23,21,305,115,146
SUPER_12,4040000,239,21,14,274,106,133
SUPER_12,4050000,189,18,18,225,101,88
SUPER_12,4060000,214,13,25,252,104,110
SUPER_12,4070000,243,23,13,279,113,130
SUPER_12,4080000,291,27,26,344,141,150
SUPER_12,4090000,270,19,37,326,128,142
SUPER_12,4100000,226,15,28,269,107,119
SUPER_12,4110000,193,21,19,233,85,108
SUPER_12,4120000,231,16,18,265,109,122
SUPER_12,4130000,259,20,28,307,123,136
SUPER_12,4140000,260,27,21,308,121,139
SUPER_12,4150000,315,18,29,362,170,145
SUPER_12,4160000,271,39,30,340,125,146
SUPER_12,4170000,242,21,18,281,114,128
SUPER_12,4180000,133,17,21,171,69,64
SUPER_12,4190000,190,13,17,220,95,95
SUPER_12,4200000,227,21,27,275,104,123
SUPER_12,4210000,179,15,19,213,87,92
SUPER_12,4220000,143,17,15,175,72,71
SUPER_12,4230000,209,20,7,236,101,108
SUPER_12,4240000,168,18,19,205,74,94
SUPER_12,4250000,141,12,10,163,60,81
SUPER_12,4260000,182,18,14,214,92,90
SUPER_12,4270000,212,23,24,259,99,113
SUPER_12,4280000,179,18,19,216,95,84
SUPER_12,4290000,15,3,3,21,5,10
SUPER_12,4300000,175,19,13,207,91,84
SUPER_12,4310000,146,17,9,172,70,76
SUPER_12,4320000,180,17,24,221,97,83
SUPER_12,4330000,235,22,21,278,98,137
SUPER_12,4340000,246,17,28,291,113,133
SUPER_12,4350000,145,16,10,171,75,70
SUPER_12,4360000,119,13,14,146,57,62
SUPER_12,4370000,219,26,14,259,98,121
SUPER_12,4380000,126,16,16,158,60,66
SUPER_12,4390000,172,11,24,207,74,98
SUPER_12,4400000,144,17,12,173,65,79
SUPER_12,4410000,112,20,12,144,43,69
SUPER_12,4420000,116,10,16,142,60,56
SUPER_12,4430000,87,10,11,108,51,36
SUPER_12,4440000,126,14,8,148,56,70
SUPER_12,4450000,260,27,24,311,118,142
SUPER_12,4460000,137,8,16,161,66,71
SUPER_12,4470000,187,29,19,235,87,100
SUPER_12,4480000,142,9,8,159,71,71
SUPER_12,4490000,245,18,21,284,112,133
SUPER_12,4500000,70,11,4,85,29,41
SUPER_12,4510000,228,27,13,268,101,127
SUPER_12,4520000,213,22,18,253,103,110
SUPER_12,4530000,203,17,21,241,100,103
SUPER_12,4540000,195,10,13,218,93,102
SUPER_12,4550000,151,25,12,188,79,72
SUPER_12,4560000,175,23,15,213,88,87
SUPER_12,4570000,278,40,34,352,115,163
SUPER_12,4580000,135,18,11,164,76,59
SUPER_12,4590000,140,16,14,170,67,73
SUPER_12,4600000,129,22,15,166,69,60
SUPER_12,4610000,220,16,30,266,111,109
SUPER_12,4620000,157,26,19,202,74,83
SUPER_12,4630000,217,25,22,264,107,110
SUPER_12,4640000,223,23,18,264,121,102
SUPER_12,4650000,136,9,11,156,84,52
SUPER_12,4660000,253,37,23,313,110,143
SUPER_12,4670000,200,15,14,229,101,99
SUPER_12,4680000,118,15,17,150,59,59
SUPER_12,4690000,287,25,20,332,135,152
SUPER_12,4700000,213,11,12,236,115,98
SUPER_12,4710000,159,9,12,180,84,75
SUPER_12,4720000,192,17,24,233,90,102
SUPER_12,4730000,119,10,11,140,68,51
SUPER_12,4740000,130,5,12,147,76,54
SUPER_12,4750000,110,14,10,134,57,53
SUPER_12,4760000,96,9,13,118,36,60
SUPER_12,4770000,98,10,12,120,48,50
SUPER_12,4780000,42,7,6,55,17,25
SUPER_12,4790000,75,8,14,97,33,42
SUPER_12,4800000,55,9,9,73,29,26
SUPER_12,4810000,199,26,19,244,97,102
SUPER_12,4820000,48,3,3,54,30,18
SUPER_12,4830000,158,12,12,182,70,88
SUPER_12,4840000,168,20,16,204,82,86
SUPER_12,4850000,165,9,22,196,75,90
SUPER_12,4860000,140,4,17,161,58,82
SUPER_12,4870000,127,12,13,152,81,46
SUPER_12,4880000,130,10,13,153,61,69
SUPER_12,4890000,223,22,24,269,113,110
SUPER_12,4900000,66,8,6,80,30,36
SUPER_12,4910000,156,16,9,181,86,70
SUPER_12,4920000,98,17,10,125,50,48
SUPER_12,4930000,196,13,17,226,96,100
SUPER_12,4940000,122,15,10,147,58,64
SUPER_12,4950000,172,14,17,203,83,89
SUPER_12,4960000,105,8,10,123,58,47
SUPER_12,4970000,108,14,12,134,51,57
SUPER_12,4980000,117,17,9,143,61,56
SUPER_12,4990000,129,14,16,159,55,74
SUPER_12,5000000,248,25,23,296,131,117
SUPER_12,5010000,85,12,5,102,38,47
SUPER_12,5020000,46,7,1,54,27,19
SUPER_12,5030000,56,8,9,73,26,30
SUPER_12,5040000,81,13,5,99,46,35
SUPER_12,5050000,71,2,5,78,30,41
SUPER_12,5060000,74,6,8,88,35,39
SUPER_12,5070000,31,2,5,38,10,21
SUPER_12,5080000,103,9,13,125,51,52
SUPER_12,5090000,94,10,20,124,42,52
SUPER_12,5100000,87,2,6,95,39,48
SUPER_12,5110000,121,14,6,141,49,72
SUPER_12,5120000,196,14,21,231,85,111
SUPER_12,5130000,96,15,11,122,55,41
SUPER_12,5140000,144,11,11,166,67,77
SUPER_12,5150000,254,24,17,295,123,131
SUPER_12,5160000,184,17,15,216,79,105
SUPER_12,5170000,237,25,24,286,130,107
SUPER_12,5180000,96,5,12,113,47,49
SUPER_12,5190000,129,9,10,148,65,64
SUPER_12,5200000,88,9,9,106,42,46
SUPER_12,5210000,195,20,16,231,92,103
SUPER_12,5220000,90,12,8,110,41,49
SUPER_12,5230000,86,6,6,98,42,44
SUPER_12,5240000,197,14,29,240,92,105
SUPER_12,5250000,296,26,27,349,148,148
SUPER_12,5260000,259,21,19,299,119,140
SUPER_12,5270000,121,10,15,146,57,64
SUPER_12,5280000,182,32,23,237,83,99
SUPER_12,5290000,382,30,37,449,190,192
SUPER_12,5300000,409,28,25,462,214,195
SUPER_12,5310000,138,8,8,154,76,62
SUPER_12,5320000,187,14,12,213,94,93
SUPER_12,5330000,230,31,19,280,99,131
SUPER_12,5340000,115,10,4,129,64,51
SUPER_12,5350000,285,26,33,344,131,154
SUPER_12,5360000,133,15,8,156,71,62
SUPER_12,5370000,210,18,24,252,103,107
SUPER_12,5380000,219,15,27,261,103,116
SUPER_12,5390000,203,22,25,250,106,97
SUPER_12,5400000,226,17,24,267,105,121
SUPER_12,5410000,127,18,11,156,57,70
SUPER_12,5420000,84,9,13,106,39,45
SUPER_12,5430000,195,26,19,240,90,105
SUPER_12,5440000,177,22,22,221,82,95
SUPER_12,5450000,268,24,22,314,121,147
SUPER_12,5460000,298,34,29,361,146,152
SUPER_12,5470000,221,17,26,264,92,129
SUPER_12,5480000,223,24,14,261,122,101
SUPER_12,5490000,270,24,15,309,132,138
SUPER_12,5500000,350,33,27,410,173,177
SUPER_12,5510000,127,14,20,161,56,71
SUPER_12,5520000,116,17,16,149,60,56
SUPER_12,5530000,134,15,16,165,57,77
SUPER_12,5540000,39,4,3,46,19,20
SUPER_12,5550000,2,1,0,3,2,0
SUPER_12,5560000,2,0,1,3,0,2
SUPER_12,5570000,0,1,0,1,0,0
SUPER_12,5580000,7,0,1,8,5,2
SUPER_12,5590000,229,33,20,282,108,121
SUPER_12,5600000,337,28,36,401,158,179
SUPER_12,5610000,199,15,14,228,99,100
SUPER_12,5620000,236,17,21,274,122,114
SUPER_12,5630000,268,22,26,316,134,134
SUPER_12,5640000,313,34,33,380,147,166
SUPER_12,5650000,270,36,23,329,145,125
SUPER_12,5660000,244,21,26,291,124,120
SUPER_12,5670000,350,26,22,398,160,190
SUPER_12,5680000,275,26,25,326,135,140
SUPER_12,5690000,265,24,17,306,129,136
SUPER_12,5700000,316,30,29,375,138,178
SUPER_12,5710000,272,24,21,317,142,130
SUPER_12,5720000,265,15,28,308,120,145
SUPER_12,5730000,335,21,29,385,180,155
SUPER_12,5740000,296,27,23,346,157,139
SUPER_12,5750000,273,28,18,319,136,137
SUPER_12,5760000,145,16,13,174,66,79
SUPER_12,5770000,323,30,25,378,151,172
SUPER_12,5780000,102,12,3,117,57,45
SUPER_12,5790000,298,34,31,363,130,168
SUPER_12,5800000,142,17,9,168,62,80
SUPER_12,5810000,146,21,10,177,71,75
SUPER_12,5820000,206,11,17,234,105,101
SUPER_12,5830000,184,25,13,222,84,100
SUPER_12,5840000,249,24,30,303,132,117
SUPER_12,5850000,55,8,1,64,36,19
SUPER_12,5860000,96,12,12,120,49,47
SUPER_12,5870000,150,19,19,188,76,74
SUPER_12,5880000,132,11,9,152,66,66
SUPER_12,5890000,216,19,18,253,108,108
SUPER_12,5900000,191,18,18,227,83,108
SUPER_12,5910000,342,29,39,410,157,185
SUPER_12,5920000,257,27,26,310,131,126
SUPER_12,5930000,173,21,16,210,98,75
SUPER_12,5940000,178,26,23,227,91,87
SUPER_12,5950000,226,28,17,271,114,112
SUPER_12,5960000,247,17,17,281,138,109
SUPER_12,5970000,222,13,17,252,123,99
SUPER_12,5980000,263,23,29,315,133,130
SUPER_12,5990000,0,0,0,0,0,0
SUPER_12,6000000,0,0,0,0,0,0
SUPER_12,6010000,387,35,32,454,200,187
SUPER_12,6020000,217,20,17,254,102,115
SUPER_12,6030000,280,26,37,343,145,135
SUPER_12,6040000,277,29,19,325,143,134
SUPER_12,6050000,142,13,9,164,74,68
SUPER_12,6060000,179,14,17,210,86,93
SUPER_12,6070000,63,5,7,75,33,30
SUPER_12,6080000,261,31,22,314,109,152
SUPER_12,6090000,260,37,27,324,125,135
SUPER_12,6100000,159,16,12,187,76,83
SUPER_12,6110000,2,1,1,4,2,0
SUPER_12,6120000,0,0,1,1,0,0
SUPER_12,6130000,1,0,0,1,0,1
SUPER_12,6140000,1,0,0,1,0,1
SUPER_12,6150000,77,5,4,86,32,45
SUPER_12,6160000,289,23,22,334,137,152
SUPER_12,6170000,208,22,18,248,108,100
SUPER_12,6180000,225,27,17,269,120,105
SUPER_12,6190000,300,46,34,380,142,158
SUPER_12,6200000,349,27,28,404,169,180
SUPER_12,6210000,284,32,27,343,146,138
SUPER_12,6220000,328,34,35,397,171,157
SUPER_12,6230000,273,27,16,316,133,140
SUPER_12,6240000,191,19,10,220,101,90
SUPER_12,6250000,212,25,21,258,88,124
SUPER_12,6260000,187,16,27,230,85,102
SUPER_12,6270000,330,27,25,382,158,172
SUPER_12,6280000,172,13,19,204,86,86
SUPER_12,6290000,253,22,23,298,114,139
SUPER_12,6300000,274,27,21,322,134,140
SUPER_12,6310000,307,37,31,375,151,156
SUPER_12,6320000,289,22,32,343,128,161
SUPER_12,6330000,211,20,13,244,108,103
SUPER_12,6340000,312,22,40,374,148,164
SUPER_12,6350000,160,20,18,198,69,91
SUPER_12,6360000,281,27,20,328,156,125
SUPER_12,6370000,300,24,31,355,143,157
SUPER_12,6380000,288,29,26,343,145,143
SUPER_12,6390000,248,13,26,287,121,127
SUPER_12,6400000,285,51,29,365,125,160
SUPER_12,6410000,172,13,12,197,90,82
SUPER_12,6420000,179,25,16,220,88,91
SUPER_12,6430000,262,29,21,312,133,129
SUPER_12,6440000,297,30,29,356,138,159
SUPER_12,6450000,203,20,25,248,95,108
SUPER_12,6460000,8,0,0,8,3,5
SUPER_12,6470000,258,24,29,311,118,140
SUPER_12,6480000,337,28,32,397,163,174
SUPER_12,6490000,326,27,34,387,169,157
SUPER_12,6500000,143,19,17,179,66,77
SUPER_12,6510000,166,14,14,194,84,82
SUPER_12,6520000,220,25,29,274,91,129
SUPER_12,6530000,320,45,30,395,148,172
SUPER_12,6540000,317,33,28,378,154,163
SUPER_12,6550000,121,13,13,147,55,66
SUPER_12,6560000,201,26,20,247,98,103
SUPER_12,6570000,126,5,11,142,69,57
SUPER_12,6580000,204,24,18,246,95,109
SUPER_12,6590000,235,23,21,279,114,121
SUPER_12,6600000,191,22,16,229,104,87
SUPER_12,6610000,140,22,19,181,79,61
SUPER_12,6620000,205,23,11,239,114,91
SUPER_12,6630000,230,17,19,266,122,108
SUPER_12,6640000,190,21,13,224,93,97
SUPER_12,6650000,277,28,20,325,170,107
SUPER_12,6660000,118,14,11,143,56,62
SUPER_12,6670000,268,19,25,312,124,144
SUPER_12,6680000,218,18,14,250,103,115
SUPER_12,6690000,270,30,31,331,130,140
SUPER_12,6700000,0,0,0,0,0,0
SUPER_12,6710000,0,0,0,0,0,0
SUPER_12,6720000,349,37,34,420,163,186
SUPER_12,6730000,247,26,18,291,131,116
SUPER_12,6740000,57,3,7,67,30,27
SUPER_12,6750000,0,0,1,1,0,0
SUPER_12,6760000,3,1,0,4,1,2
SUPER_12,6770000,66,8,2,76,35,31
SUPER_12,6780000,80,9,7,96,38,42
SUPER_12,6790000,19,1,4,24,7,12
SUPER_12,6800000,92,9,15,116,48,44
SUPER_12,6810000,147,9,14,170,73,74
SUPER_12,6820000,224,23,19,266,114,110
SUPER_12,6830000,241,31,12,284,127,114
SUPER_12,6840000,255,18,35,308,114,141
SUPER_12,6850000,196,16,24,236,89,107
SUPER_12,6860000,251,19,16,286,115,136
SUPER_12,6870000,179,21,11,211,84,95
SUPER_12,6880000,74,10,10,94,35,39
SUPER_12,6890000,191,9,19,219,86,105
SUPER_12,6900000,214,25,16,255,102,112
SUPER_12,6910000,309,29,24,362,163,146
SUPER_12,6920000,196,27,19,242,88,108
SUPER_12,6930000,107,11,10,128,52,55
SUPER_12,6940000,192,14,17,223,107,85
SUPER_12,6950000,162,15,18,195,88,74
SUPER_12,6960000,279,24,19,322,136,143
SUPER_12,6970000,297,27,25,349,133,164
SUPER_12,6980000,213,25,23,261,110,103
SUPER_12,6990000,295,15,30,340,135,160
SUPER_12,7000000,271,21,24,316,129,142
SUPER_12,7010000,51,7,2,60,28,23
SUPER_12,7020000,192,20,16,228,84,108
SUPER_12,7030000,269,21,17,307,126,143
SUPER_12,7040000,125,18,6,149,57,68
SUPER_12,7050000,127,12,7,146,62,65
SUPER_12,7060000,74,2,6,82,28,46
SUPER_12,7070000,54,7,3,64,22,32
SUPER_12,7080000,216,17,19,252,106,110
SUPER_12,7090000,210,21,27,258,82,128
SUPER_12,7100000,252,25,28,305,120,132
SUPER_12,7110000,237,30,25,292,117,120
SUPER_12,7120000,148,11,12,171,68,80
SUPER_12,7130000,166,14,14,194,71,95
SUPER_12,7140000,262,24,24,310,132,130
SUPER_12,7150000,82,7,7,96,42,40
SUPER_12,7160000,216,20,33,269,99,117
SUPER_12,7170000,272,41,25,338,138,134
SUPER_12,7180000,276,16,33,325,143,133
SUPER_12,7190000,265,29,24,318,119,146
SUPER_12,7200000,287,29,30,346,148,139
SUPER_12,7210000,58,6,3,67,28,30
SUPER_12,7220000,141,23,22,186,76,65
SUPER_12,7230000,228,26,14,268,113,115
SUPER_12,7240000,279,20,25,324,129,150
SUPER_12,7250000,247,20,19,286,109,138
SUPER_12,7260000,113,16,13,142,50,63
SUPER_12,7270000,241,25,16,282,124,117
SUPER_12,7280000,285,25,21,331,140,145
SUPER_12,7290000,234,20,19,273,99,135
SUPER_12,7300000,300,30,29,359,153,147
SUPER_12,7310000,268,29,25,322,124,144
SUPER_12,7320000,199,17,22,238,108,91
SUPER_12,7330000,32,5,3,40,13,19
SUPER_12,7340000,261,21,13,295,134,127
SUPER_12,7350000,91,9,2,102,45,46
SUPER_12,7360000,308,32,28,368,151,157
SUPER_12,7370000,392,28,42,462,197,195
SUPER_12,7380000,308,28,33,369,148,160
SUPER_12,7390000,351,40,37,428,169,182
SUPER_12,7400000,357,38,32,427,175,182
SUPER_12,7410000,251,35,21,307,120,131
SUPER_12,7420000,274,29,26,329,125,149
SUPER_12,7430000,289,36,30,355,137,152
SUPER_12,7440000,294,25,33,352,148,146
SUPER_12,7450000,83,4,6,93,43,40
SUPER_12,7460000,332,19,26,377,156,176
SUPER_12,7470000,294,27,28,349,160,134
SUPER_12,7480000,328,33,22,383,164,164
SUPER_12,7490000,426,43,38,507,218,208
SUPER_12,7500000,313,27,36,376,147,166
SUPER_12,7510000,310,38,30,378,145,165
SUPER_12,7520000,303,30,22,355,151,152
SUPER_12,7530000,302,22,14,338,151,151
SUPER_12,7540000,334,35,28,397,168,166
SUPER_12,7550000,332,31,35,398,151,181
SUPER_12,7560000,209,20,13,242,104,105
SUPER_12,7570000,355,29,34,418,194,161
SUPER_12,7580000,348,29,18,395,175,173
SUPER_12,7590000,290,33,28,351,139,151
SUPER_12,7600000,112,17,18,147,62,50
SUPER_12,7610000,141,18,19,178,67,74
SUPER_12,7620000,187,19,28,234,86,101
SUPER_12,7630000,214,14,23,251,100,114
SUPER_12,7640000,327,40,13,380,160,167
SUPER_12,7650000,234,23,28,285,106,128
SUPER_12,7660000,243,21,31,295,130,113
SUPER_12,7670000,144,13,6,163,64,80
SUPER_12,7680000,355,38,28,421,181,174
SUPER_12,7690000,300,35,22,357,151,149
SUPER_12,7700000,251,19,25,295,118,133
SUPER_12,7710000,203,10,21,234,107,96
SUPER_12,7720000,250,24,20,294,128,122
SUPER_12,7730000,148,8,16,172,75,73
SUPER_12,7740000,61,11,8,80,30,31
SUPER_12,7750000,384,41,48,473,162,222
SUPER_12,7760000,350,27,38,415,166,184
SUPER_12,7770000,267,23,26,316,129,138
SUPER_12,7780000,287,40,28,355,122,165
SUPER_12,7790000,286,17,24,327,150,136
SUPER_12,7800000,260,27,37,324,131,129
SUPER_12,7810000,274,26,25,325,133,141
SUPER_12,7820000,358,35,31,424,167,191
SUPER_12,7830000,444,45,45,534,214,230
SUPER_12,7840000,244,20,23,287,116,128
SUPER_12,7850000,279,28,20,327,146,133
SUPER_12,7860000,210,19,25,254,99,111
SUPER_12,7870000,191,17,13,221,104,87
SUPER_12,7880000,253,18,21,292,128,125
SUPER_12,7890000,120,12,16,148,54,66
SUPER_12,7900000,175,25,18,218,99,76
SUPER_12,7910000,186,21,23,230,99,87
SUPER_12,7920000,143,19,17,179,77,66
SUPER_12,7930000,135,13,14,162,71,64
SUPER_12,7940000,180,17,18,215,102,78
SUPER_12,7950000,192,16,11,219,100,92
SUPER_12,7960000,218,22,23,263,97,121
SUPER_12,7970000,126,15,22,163,57,69
SUPER_12,7980000,177,24,12,213,82,95
SUPER_12,7990000,328,30,30,388,150,178
SUPER_12,8000000,312,26,25,363,151,161
SUPER_12,8010000,348,15,36,399,183,165
SUPER_12,8020000,399,31,32,462,192,207
SUPER_12,8030000,332,31,30,393,150,182
SUPER_12,8040000,194,11,22,227,105,89
SUPER_12,8050000,246,15,22,283,110,136
SUPER_12,8060000,309,29,30,368,125,184
SUPER_12,8070000,237,17,15,269,126,111
SUPER_12,8080000,141,12,8,161,69,72
SUPER_12,8090000,43,8,6,57,21,22
SUPER_12,8100000,191,17,16,224,95,96
SUPER_12,8110000,312,28,27,367,162,150
SUPER_12,8120000,365,28,37,430,187,178
SUPER_12,8130000,183,12,10,205,91,92
SUPER_12,8140000,231,27,19,277,123,108
SUPER_12,8150000,179,19,17,215,92,87
SUPER_12,8160000,25,3,0,28,13,12
SUPER_12,8170000,268,22,28,318,136,132
SUPER_12,8180000,311,27,25,363,148,163
SUPER_12,8190000,267,23,24,314,127,140
SUPER_12,8200000,351,36,23,410,165,186
SUPER_12,8210000,307,35,32,374,159,148
SUPER_12,8220000,250,26,21,297,129,121
SUPER_12,8230000,251,28,27,306,116,135
SUPER_12,8240000,261,21,21,303,133,128
SUPER_12,8250000,322,33,31,386,166,156
SUPER_12,8260000,167,19,9,195,86,81
SUPER_12,8270000,271,31,24,326,133,138
SUPER_12,8280000,301,32,19,352,157,144
SUPER_12,8290000,254,21,16,291,122,132
SUPER_12,8300000,211,12,23,246,111,100
SUPER_12,8310000,153,15,14,182,73,80
SUPER_12,8320000,239,20,28,287,120,119
SUPER_12,8330000,229,18,16,263,105,124
SUPER_12,8340000,226,29,22,277,117,109
SUPER_12,8350000,282,18,27,327,132,150
SUPER_12,8360000,279,33,27,339,141,138
SUPER_12,8370000,336,28,38,402,156,180
SUPER_12,8380000,290,20,22,332,157,133
SUPER_12,8390000,249,22,29,300,137,112
SUPER_12,8400000,293,32,35,360,138,155
SUPER_12,8410000,189,15,16,220,107,82
SUPER_12,8420000,131,12,10,153,63,68
SUPER_12,8430000,128,9,7,144,62,66
SUPER_12,8440000,308,31,23,362,141,167
SUPER_12,8450000,210,16,22,248,108,102
SUPER_12,8460000,224,22,15,261,100,124
SUPER_12,8470000,282,25,19,326,142,140
SUPER_12,8480000,143,14,20,177,68,75
SUPER_12,8490000,221,21,23,265,100,121
SUPER_12,8500000,180,22,19,221,94,86
SUPER_12,8510000,327,31,26,384,167,160
SUPER_12,8520000,9,4,2,15,5,4
SUPER_12,8530000,456,42,37,535,226,230
SUPER_12,8540000,0,0,0,0,0,0
SUPER_12,8550000,0,0,0,0,0,0
SUPER_12,8560000,260,27,17,304,119,141
SUPER_12,8570000,68,3,4,75,35,33
SUPER_12,8580000,0,0,0,0,0,0
SUPER_12,8590000,0,0,0,0,0,0
SUPER_12,8600000,357,29,34,420,179,178
SUPER_12,8610000,158,15,11,184,76,82
SUPER_12,8620000,238,17,27,282,116,122
SUPER_12,8630000,129,10,8,147,50,79
SUPER_12,8640000,135,11,8,154,64,71
SUPER_12,8650000,147,11,9,167,69,78
SUPER_12,8660000,142,17,13,172,76,66
SUPER_12,8670000,187,17,16,220,96,91
SUPER_12,8680000,290,25,33,348,153,137
SUPER_12,8690000,123,13,11,147,56,67
SUPER_12,8700000,220,19,14,253,99,121
SUPER_12,8710000,152,13,23,188,65,87
SUPER_12,8720000,0,0,0,0,0,0
SUPER_12,8730000,0,0,0,0,0,0
SUPER_12,8740000,332,31,26,389,158,174
SUPER_12,8750000,121,9,15,145,61,60
SUPER_12,8760000,308,30,39,377,148,160
SUPER_12,8770000,181,26,19,226,96,85
SUPER_12,8780000,280,28,24,332,133,147
SUPER_12,8790000,162,31,6,199,79,83
SUPER_12,8800000,227,16,16,259,94,133
SUPER_12,8810000,162,20,11,193,67,95
SUPER_12,8820000,240,23,14,277,136,104
SUPER_12,8830000,144,16,13,173,65,79
SUPER_12,8840000,261,17,18,296,136,125
SUPER_12,8850000,303,30,31,364,156,147
SUPER_12,8860000,221,13,13,247,101,120
SUPER_12,8870000,368,31,39,438,189,179
SUPER_12,8880000,192,15,17,224,89,103
SUPER_12,8890000,1,1,0,2,0,1
SUPER_12,8900000,200,17,14,231,99,101
SUPER_12,8910000,260,30,29,319,123,137
SUPER_12,8920000,255,13,21,289,120,135
SUPER_12,8930000,271,19,32,322,135,136
SUPER_12,8940000,186,11,20,217,98,88
SUPER_12,8950000,240,12,28,280,112,128
SUPER_12,8960000,137,10,15,162,64,73
SUPER_12,8970000,141,12,13,166,85,56
SUPER_12,8980000,125,9,10,144,65,60
SUPER_12,8990000,273,28,22,323,144,129
SUPER_12,9000000,243,26,29,298,130,113
SUPER_12,9010000,304,21,23,348,144,160
SUPER_12,9020000,178,13,19,210,77,101
SUPER_12,9030000,271,19,34,324,126,145
SUPER_12,9040000,72,8,7,87,34,38
SUPER_12,9050000,173,20,23,216,94,79
SUPER_12,9060000,210,23,15,248,97,113
SUPER_12,9070000,241,17,37,295,130,111
SUPER_12,9080000,139,14,11,164,64,75
SUPER_12,9090000,150,12,11,173,73,77
SUPER_12,9100000,233,19,30,282,96,137
SUPER_12,9110000,44,5,3,52,23,21
SUPER_12,9120000,317,23,21,361,155,162
SUPER_12,9130000,375,41,31,447,177,198
SUPER_12,9140000,332,35,26,393,178,154
SUPER_12,9150000,264,30,22,316,138,126
SUPER_12,9160000,14,1,2,17,8,6
SUPER_12,9170000,112,6,16,134,56,56
SUPER_12,9180000,290,32,26,348,132,158
SUPER_12,9190000,337,25,29,391,165,172
SUPER_12,9200000,296,24,16,336,148,148
SUPER_12,9210000,239,27,23,289,105,134
SUPER_12,9220000,332,29,21,382,149,183
SUPER_12,9230000,229,6,21,256,112,117
SUPER_12,9240000,337,41,27,405,183,154
SUPER_12,9250000,225,30,16,271,109,116
SUPER_12,9260000,332,34,27,393,160,172
SUPER_12,9270000,134,11,9,154,63,71
SUPER_12,9280000,310,23,38,371,154,156
SUPER_12,9290000,327,30,30,387,157,170
SUPER_12,9300000,277,29,30,336,138,139
SUPER_12,9310000,363,27,31,421,167,196
SUPER_12,9320000,220,19,17,256,106,114
SUPER_12,9330000,259,27,14,300,124,135
SUPER_12,9340000,119,16,11,146,49,70
SUPER_12,9350000,170,15,18,203,87,83
SUPER_12,9360000,135,11,18,164,69,66
SUPER_12,9370000,315,27,27,369,156,159
SUPER_12,9380000,237,25,18,280,104,133
SUPER_12,9390000,238,20,18,276,117,121
SUPER_12,9400000,211,18,21,250,80,131
SUPER_12,9410000,305,34,30,369,150,155
SUPER_12,9420000,383,25,29,437,189,194
SUPER_12,9430000,305,26,33,364,158,147
SUPER_12,9440000,351,29,43,423,168,183
SUPER_12,9450000,326,26,22,374,152,174
SUPER_12,9460000,294,24,23,341,147,147
SUPER_12,9470000,355,33,33,421,179,176
SUPER_12,9480000,361,39,34,434,164,197
SUPER_12,9490000,184,9,15,208,89,95
SUPER_12,9500000,330,28,24,382,173,157
SUPER_12,9510000,337,39,28,404,151,186
SUPER_12,9520000,237,12,27,276,117,120
SUPER_12,9530000,275,22,16,313,136,139
SUPER_12,9540000,354,26,40,420,192,162
SUPER_12,9550000,149,21,14,184,73,76
SUPER_12,9560000,299,34,20,353,140,159
SUPER_12,9570000,312,28,17,357,154,158
SUPER_12,9580000,123,7,8,138,66,57
SUPER_12,9590000,311,34,27,372,154,157
SUPER_12,9600000,337,35,20,392,163,174
SUPER_12,9610000,298,20,30,348,137,161
SUPER_12,9620000,265,21,28,314,111,154
SUPER_12,9630000,234,18,18,270,103,131
SUPER_12,9640000,282,30,25,337,134,148
SUPER_12,9650000,230,19,10,259,110,120
SUPER_12,9660000,163,10,15,188,74,89
SUPER_12,9670000,246,23,19,288,121,125
SUPER_12,9680000,211,22,22,255,112,99
SUPER_12,9690000,156,16,9,181,71,85
SUPER_12,9700000,321,29,23,373,172,149
SUPER_12,9710000,192,17,13,222,101,91
SUPER_12,9720000,264,30,27,321,126,138
SUPER_12,9730000,177,19,10,206,91,86
SUPER_12,9740000,252,17,16,285,133,119
SUPER_12,9750000,296,24,40,360,147,149
SUPER_12,9760000,338,27,27,392,153,185
SUPER_12,9770000,254,23,30,307,125,129
SUPER_12,9780000,89,6,2,97,50,39
SUPER_12,9790000,178,19,15,212,89,89
SUPER_12,9800000,147,7,10,164,81,66
SUPER_12,9810000,193,11,15,219,84,109
SUPER_12,9820000,164,9,18,191,83,81
SUPER_12,9830000,267,18,28,313,134,133
SUPER_12,9840000,135,8,13,156,56,79
SUPER_12,9850000,20,0,6,26,11,9
SUPER_12,9860000,54,8,7,69,24,30
SUPER_12,9870000,0,0,0,0,0,0
SUPER_12,9880000,0,0,0,0,0,0
SUPER_12,9890000,424,38,33,495,200,224
SUPER_12,9900000,299,19,25,343,152,147
SUPER_12,9910000,237,10,23,270,132,105
SUPER_12,9920000,333,27,31,391,180,153
SUPER_12,9930000,274,36,20,330,126,148
SUPER_12,9940000,256,29,23,308,118,138
SUPER_12,9950000,319,24,33,376,161,158
SUPER_12,9960000,298,20,30,348,151,147
SUPER_12,9970000,110,14,12,136,60,50
SUPER_12,9980000,74,8,11,93,36,38
SUPER_12,9990000,123,10,17,150,53,70
SUPER_12,10000000,169,26,21,216,90,79
SUPER_12,10010000,37,4,3,44,17,20
SUPER_12,10020000,192,14,23,229,97,95
SUPER_12,10030000,194,15,20,229,90,104
SUPER_12,10040000,104,7,4,115,50,54
SUPER_12,10050000,108,9,4,121,56,52
SUPER_12,10060000,125,20,6,151,65,60
SUPER_12,10070000,234,35,28,297,118,116
SUPER_12,10080000,242,23,26,291,127,115
SUPER_12,10090000,136,13,18,167,63,73
SUPER_12,10100000,167,20,24,211,84,83
SUPER_12,10110000,250,25,14,289,120,130
SUPER_12,10120000,107,10,13,130,47,60
SUPER_12,10130000,105,11,9,125,58,47
SUPER_12,10140000,144,11,15,170,84,60
SUPER_12,10150000,265,30,23,318,108,157
SUPER_12,10160000,158,19,17,194,80,78
SUPER_12,10170000,287,21,26,334,140,147
SUPER_12,10180000,423,39,43,505,184,239
SUPER_12,10190000,257,25,19,301,134,123
SUPER_12,10200000,167,10,12,189,81,86
SUPER_12,10210000,216,27,29,272,97,119
SUPER_12,10220000,330,27,32,389,157,173
SUPER_12,10230000,237,23,27,287,120,117
SUPER_12,10240000,215,22,10,247,112,103
SUPER_12,10250000,190,13,19,222,95,95
SUPER_12,10260000,311,26,30,367,147,164
SUPER_12,10270000,276,38,20,334,123,153
SUPER_12,10280000,246,32,21,299,133,113
SUPER_12,10290000,233,21,18,272,110,123
SUPER_12,10300000,111,10,4,125,63,48
SUPER_12,10310000,148,7,13,168,88,60
SUPER_12,10320000,309,23,25,357,130,179
SUPER_12,10330000,251,17,26,294,145,106
SUPER_12,10340000,44,1,9,54,20,24
SUPER_12,10350000,213,10,22,245,105,108
SUPER_12,10360000,339,32,29,400,158,181
SUPER_12,10370000,86,9,8,103,48,38
SUPER_12,10380000,205,15,24,244,109,96
SUPER_12,10390000,363,25,34,422,181,182
SUPER_12,10400000,240,19,26,285,138,102
SUPER_12,10410000,324,26,39,389,162,162
SUPER_12,10420000,193,17,15,225,103,90
SUPER_12,10430000,106,11,6,123,45,61
SUPER_12,10440000,290,24,22,336,160,130
SUPER_12,10450000,234,16,22,272,115,119
SUPER_12,10460000,367,37,30,434,182,185
SUPER_12,10470000,317,31,28,376,162,155
SUPER_12,10480000,354,34,32,420,196,158
SUPER_12,10490000,300,28,26,354,144,156
SUPER_12,10500000,300,38,23,361,154,146
SUPER_12,10510000,327,33,26,386,168,159
SUPER_12,10520000,337,34,30,401,165,172
SUPER_12,10530000,455,28,39,522,225,230
SUPER_12,10540000,269,23,34,326,121,148
SUPER_12,10550000,210,14,28,252,111,99
SUPER_12,10560000,262,27,19,308,136,126
SUPER_12,10570000,285,26,24,335,127,158
SUPER_12,10580000,223,19,15,257,105,118
SUPER_12,10590000,287,28,27,342,146,141
SUPER_12,10600000,299,26,26,351,149,150
SUPER_12,10610000,296,23,23,342,137,159
SUPER_12,10620000,316,28,30,374,152,164
SUPER_12,10630000,304,26,27,357,145,159
SUPER_12,10640000,172,16,15,203,86,86
SUPER_12,10650000,87,9,5,101,38,49
SUPER_12,10660000,326,21,23,370,138,188
SUPER_12,10670000,263,36,17,316,133,130
SUPER_12,10680000,220,16,14,250,104,116
SUPER_12,10690000,309,26,33,368,150,159
SUPER_12,10700000,355,33,28,416,170,185
SUPER_12,10710000,193,21,22,236,101,92
SUPER_12,10720000,300,30,37,367,131,169
SUPER_12,10730000,282,21,17,320,154,128
SUPER_12,10740000,238,29,31,298,125,113
SUPER_12,10750000,191,19,20,230,92,99
SUPER_12,10760000,309,32,24,365,147,162
SUPER_12,10770000,221,21,15,257,108,113
SUPER_12,10780000,169,18,4,191,85,84
SUPER_12,10790000,349,29,43,421,171,178
SUPER_12,10800000,290,28,20,338,144,146
SUPER_12,10810000,217,18,19,254,101,116
SUPER_12,10820000,285,22,23,330,150,135
SUPER_12,10830000,364,37,33,434,169,195
SUPER_12,10840000,276,26,23,325,135,141
SUPER_12,10850000,297,21,32,350,137,160
SUPER_12,10860000,300,30,25,355,150,150
SUPER_12,10870000,250,17,27,294,114,136
SUPER_12,10880000,265,25,20,310,127,138
SUPER_12,10890000,233,19,27,279,128,105
SUPER_12,10900000,118,13,7,138,58,60
SUPER_12,10910000,317,21,36,374,119,198
SUPER_12,10920000,256,18,30,304,127,129
SUPER_12,10930000,167,19,13,199,73,94
SUPER_12,10940000,264,21,27,312,145,119
SUPER_12,10950000,268,22,26,316,142,126
SUPER_12,10960000,284,33,20,337,138,146
SUPER_12,10970000,384,45,27,456,189,195
SUPER_12,10980000,315,33,17,365,172,143
SUPER_12,10990000,289,24,30,343,146,143
SUPER_12,11000000,242,20,17,279,124,118
SUPER_12,11010000,329,23,25,377,157,172
SUPER_12,11020000,277,30,15,322,136,141
SUPER_12,11030000,302,24,26,352,143,159
SUPER_12,11040000,252,23,21,296,122,130
SUPER_12,11050000,282,26,29,337,132,150
SUPER_12,11060000,264,29,25,318,125,139
SUPER_12,11070000,205,21,21,247,111,94
SUPER_12,11080000,260,20,27,307,134,126
SUPER_12,11090000,198,22,9,229,103,95
SUPER_12,11100000,291,26,31,348,148,143
SUPER_12,11110000,338,26,30,394,166,172
SUPER_12,11120000,200,23,19,242,107,93
SUPER_12,11130000,262,25,18,305,131,131
SUPER_12,11140000,260,21,29,310,121,139
SUPER_12,11150000,234,25,16,275,120,114
SUPER_12,11160000,317,20,33,370,148,169
SUPER_12,11170000,292,38,26,356,131,161
SUPER_12,11180000,306,22,29,357,157,149
SUPER_12,11190000,299,34,35,368,151,148
SUPER_12,11200000,266,23,29,318,126,140
SUPER_12,11210000,322,40,28,390,141,181
SUPER_12,11220000,190,18,14,222,100,90
SUPER_12,11230000,126,13,14,153,61,65
SUPER_12,11240000,327,33,27,387,143,184
SUPER_12,11250000,289,28,29,346,143,146
SUPER_12,11260000,344,25,18,387,180,164
SUPER_12,11270000,283,17,20,320,143,140
SUPER_12,11280000,72,9,5,86,39,33
SUPER_12,11290000,287,26,32,345,134,153
SUPER_12,11300000,272,36,21,329,131,141
SUPER_12,11310000,195,16,14,225,96,99
SUPER_12,11320000,81,10,8,99,38,43
SUPER_12,11330000,268,18,29,315,148,120
SUPER_12,11340000,282,29,20,331,139,143
SUPER_12,11350000,268,34,23,325,140,128
SUPER_12,11360000,262,25,28,315,140,122
SUPER_12,11370000,258,16,20,294,130,128
SUPER_12,11380000,275,33,24,332,134,141
SUPER_12,11390000,287,28,25,340,151,136
SUPER_12,11400000,254,34,27,315,117,137
SUPER_12,11410000,251,26,30,307,117,134
SUPER_12,11420000,223,19,22,264,110,113
SUPER_12,11430000,345,32,35,412,177,168
SUPER_12,11440000,314,25,29,368,145,169
SUPER_12,11450000,164,12,16,192,73,91
SUPER_12,11460000,203,23,16,242,100,103
SUPER_12,11470000,278,32,30,340,130,148
SUPER_12,11480000,311,26,34,371,155,156
SUPER_12,11490000,302,34,25,361,149,153
SUPER_12,11500000,171,15,17,203,85,86
SUPER_12,11510000,250,17,18,285,117,133
SUPER_12,11520000,277,22,26,325,131,146
SUPER_12,11530000,230,24,21,275,111,119
SUPER_12,11540000,249,15,21,285,134,115
SUPER_12,11550000,314,38,33,385,148,166
SUPER_12,11560000,292,24,34,350,139,153
SUPER_12,11570000,198,15,23,236,94,104
SUPER_12,11580000,276,22,35,333,140,136
SUPER_12,11590000,113,7,11,131,63,50
SUPER_12,11600000,249,27,22,298,125,124
SUPER_12,11610000,182,10,14,206,104,78
SUPER_12,11620000,162,19,25,206,80,82
SUPER_12,11630000,173,17,13,203,84,89
SUPER_12,11640000,180,17,20,217,95,85
SUPER_12,11650000,321,30,20,371,175,146
SUPER_12,11660000,186,13,12,211,94,92
SUPER_12,11670000,257,39,21,317,123,134
SUPER_12,11680000,263,28,33,324,131,132
SUPER_12,11690000,221,20,17,258,116,105
SUPER_12,11700000,195,26,19,240,91,104
SUPER_12,11710000,318,21,23,362,166,152
SUPER_12,11720000,295,27,21,343,132,163
SUPER_12,11730000,293,24,24,341,148,145
SUPER_12,11740000,318,20,26,364,151,167
SUPER_12,11750000,260,26,28,314,127,133
SUPER_12,11760000,205,12,10,227,103,102
SUPER_12,11770000,290,25,27,342,146,144
SUPER_12,11780000,338,28,29,395,174,164
SUPER_12,11790000,112,3,9,124,67,45
SUPER_12,11800000,232,20,31,283,109,123
SUPER_12,11810000,372,39,22,433,187,185
SUPER_12,11820000,230,26,19,275,111,119
SUPER_12,11830000,160,14,9,183,75,85
SUPER_12,11840000,175,18,13,206,85,90
SUPER_12,11850000,184,16,14,214,96,88
SUPER_12,11860000,344,23,33,400,175,169
SUPER_12,11870000,129,10,7,146,67,62
SUPER_12,11880000,145,10,16,171,75,70
SUPER_12,11890000,113,10,13,136,63,50
SUPER_12,11900000,209,17,11,237,105,104
SUPER_12,11910000,72,3,5,80,39,33
SUPER_12,11920000,115,10,11,136,62,53
SUPER_12,11930000,186,16,21,223,92,94
SUPER_12,11940000,275,29,25,329,139,136
SUPER_12,11950000,240,19,20,279,114,126
SUPER_12,11960000,360,38,29,427,192,168
SUPER_12,11970000,80,6,7,93,41,39
SUPER_12,11980000,123,5,7,135,66,57
SUPER_12,11990000,129,11,1,141,66,63
SUPER_12,12000000,0,0,0,0,0,0
SUPER_12,12010000,0,0,0,0,0,0
SUPER_12,12020000,311,28,35,374,154,157
SUPER_12,12030000,231,15,32,278,105,126
SUPER_12,12040000,314,28,21,363,150,164
SUPER_12,12050000,325,40,38,403,169,156
SUPER_12,12060000,172,20,13,205,71,101
SUPER_12,12070000,127,15,9,151,66,61
SUPER_12,12080000,328,33,26,387,153,175
SUPER_12,12090000,278,35,31,344,146,132
SUPER_12,12100000,57,16,6,79,35,22
SUPER_12,12110000,258,25,19,302,148,110
SUPER_12,12120000,242,29,21,292,123,119
SUPER_12,12130000,307,30,31,368,158,149
SUPER_12,12140000,318,35,18,371,155,163
SUPER_12,12150000,290,32,23,345,150,140
SUPER_12,12160000,298,27,26,351,143,155
SUPER_12,12170000,260,33,19,312,149,111
SUPER_12,12180000,325,23,30,378,157,168
SUPER_12,12190000,278,20,20,318,144,134
SUPER_12,12200000,234,21,13,268,130,104
SUPER_12,12210000,224,24,21,269,100,124
SUPER_12,12220000,292,28,34,354,133,159
SUPER_12,12230000,17,2,3,22,8,9
SUPER_12,12240000,261,21,15,297,127,134
SUPER_12,12250000,276,17,30,323,145,131
SUPER_12,12260000,243,19,18,280,130,113
SUPER_12,12270000,184,25,8,217,92,92
SUPER_12,12280000,248,24,22,294,121,127
SUPER_12,12290000,290,32,27,349,175,115
SUPER_12,12300000,281,30,30,341,139,142
SUPER_12,12310000,289,35,25,349,126,163
SUPER_12,12320000,125,10,12,147,63,62
SUPER_12,12330000,181,10,18,209,71,110
SUPER_12,12340000,221,20,21,262,105,116
SUPER_12,12350000,104,8,10,122,51,53
SUPER_12,12360000,214,19,22,255,104,110
SUPER_12,12370000,102,18,8,128,51,51
SUPER_12,12380000,172,20,14,206,88,84
SUPER_12,12390000,236,28,20,284,114,122
SUPER_12,12400000,269,23,24,316,124,145
SUPER_12,12410000,332,35,39,406,161,171
SUPER_12,12420000,286,25,24,335,145,141
SUPER_12,12430000,240,25,32,297,128,112
SUPER_12,12440000,229,23,18,270,109,120
SUPER_12,12450000,307,23,30,360,157,150
SUPER_12,12460000,260,37,27,324,126,134
SUPER_12,12470000,274,25,38,337,134,140
SUPER_12,12480000,289,31,29,349,140,149
SUPER_12,12490000,238,25,20,283,105,133
SUPER_12,12500000,54,5,3,62,30,24
SUPER_12,12510000,263,21,21,305,136,127
SUPER_12,12520000,241,17,26,284,111,130
SUPER_12,12530000,239,19,21,279,122,117
SUPER_12,12540000,269,25,28,322,133,136
SUPER_12,12550000,214,12,13,239,102,112
SUPER_12,12560000,207,25,19,251,97,110
SUPER_12,12570000,170,19,15,204,88,82
SUPER_12,12580000,293,27,30,350,138,155
SUPER_12,12590000,281,19,27,327,141,140
SUPER_12,12600000,149,24,20,193,83,66
SUPER_12,12610000,369,36,38,443,185,184
SUPER_12,12620000,327,28,25,380,179,148
SUPER_12,12630000,374,44,30,448,189,185
SUPER_12,12640000,436,43,34,513,210,226
SUPER_12,12650000,302,28,21,351,164,138
SUPER_12,12660000,110,7,9,126,47,63
SUPER_12,12670000,267,23,23,313,138,129
SUPER_12,12680000,387,31,34,452,191,196
SUPER_12,12690000,373,33,26,432,193,180
SUPER_12,12700000,365,38,42,445,187,178
SUPER_12,12710000,200,17,17,234,104,96
SUPER_12,12720000,351,33,31,415,163,188
SUPER_12,12730000,255,25,23,303,128,127
SUPER_12,12740000,347,38,34,419,172,175
SUPER_12,12750000,144,13,8,165,81,63
SUPER_12,12760000,210,13,24,247,103,107
SUPER_12,12770000,236,19,11,266,117,119
SUPER_12,12780000,201,11,25,237,94,107
SUPER_12,12790000,223,17,10,250,123,100
SUPER_12,12800000,298,28,27,353,150,148
SUPER_12,12810000,335,37,33,405,168,167
SUPER_12,12820000,357,29,28,414,179,178
SUPER_12,12830000,248,33,26,307,130,118
SUPER_12,12840000,262,32,25,319,135,127
SUPER_12,12850000,263,29,20,312,120,143
SUPER_12,12860000,170,22,11,203,90,80
SUPER_12,12870000,183,22,20,225,110,73
SUPER_12,12880000,314,39,32,385,156,158
SUPER_12,12890000,281,24,15,320,149,132
SUPER_12,12900000,166,16,12,194,85,81
SUPER_12,12910000,182,16,16,214,83,99
SUPER_12,12920000,257,28,19,304,138,119
SUPER_12,12930000,277,30,28,335,128,149
SUPER_12,12940000,462,41,34,537,216,246
SUPER_12,12950000,332,21,31,384,176,156
SUPER_12,12960000,186,17,14,217,106,80
SUPER_12,12970000,241,22,35,298,111,130
SUPER_12,12980000,428,36,43,507,200,228
SUPER_12,12990000,185,10,9,204,109,76
SUPER_12,13000000,258,21,17,296,142,116
SUPER_12,13010000,205,11,13,229,101,104
SUPER_12,13020000,157,17,18,192,80,77
SUPER_12,13030000,317,30,37,384,149,168
SUPER_12,13040000,295,31,24,350,162,133
SUPER_12,13050000,194,19,14,227,88,106
SUPER_12,13060000,0,0,0,0,0,0
SUPER_12,13070000,0,0,0,0,0,0
SUPER_12,13080000,0,0,0,0,0,0
SUPER_12,13090000,256,14,15,285,132,124
SUPER_12,13100000,67,5,4,76,43,24
SUPER_12,13110000,106,7,15,128,58,48
SUPER_12,13120000,251,29,21,301,113,138
SUPER_12,13130000,293,24,16,333,134,159
SUPER_12,13140000,132,7,15,154,63,69
SUPER_12,13150000,302,38,21,361,149,153
SUPER_12,13160000,221,29,15,265,127,94
SUPER_12,13170000,260,20,23,303,128,132
SUPER_12,13180000,87,12,5,104,45,42
SUPER_12,13190000,177,23,16,216,88,89
SUPER_12,13200000,164,22,16,202,77,87
SUPER_12,13210000,95,11,11,117,47,48
SUPER_12,13220000,88,12,8,108,41,47
SUPER_12,13230000,116,11,7,134,66,50
SUPER_12,13240000,21,7,13,41,8,13
SUPER_13,10000,62,10,20,92,41,21
SUPER_13,20000,88,4,6,98,46,42
SUPER_13,30000,151,14,12,177,69,82
SUPER_13,40000,175,13,16,204,91,84
SUPER_13,50000,144,7,14,165,80,64
SUPER_13,60000,155,14,25,194,83,72
SUPER_13,70000,198,8,13,219,99,99
SUPER_13,80000,188,12,6,206,98,90
SUPER_13,90000,232,24,25,281,119,113
SUPER_13,100000,273,29,22,324,126,147
SUPER_13,110000,263,28,30,321,137,126
SUPER_13,120000,289,27,25,341,143,146
SUPER_13,130000,278,25,15,318,140,138
SUPER_13,140000,236,20,19,275,122,114
SUPER_13,150000,250,14,15,279,130,120
SUPER_13,160000,287,27,16,330,144,143
SUPER_13,170000,329,34,29,392,169,160
SUPER_13,180000,254,25,24,303,144,110
SUPER_13,190000,261,25,33,319,126,135
SUPER_13,200000,246,21,18,285,133,113
SUPER_13,210000,230,27,17,274,103,127
SUPER_13,220000,287,21,23,331,145,142
SUPER_13,230000,300,23,18,341,128,172
SUPER_13,240000,298,32,18,348,155,143
SUPER_13,250000,356,32,36,424,184,172
SUPER_13,260000,193,22,14,229,96,97
SUPER_13,270000,140,11,8,159,70,70
SUPER_13,280000,319,28,36,383,153,166
SUPER_13,290000,297,21,31,349,155,142
SUPER_13,300000,375,35,24,434,187,188
SUPER_13,310000,289,16,24,329,135,154
SUPER_13,320000,372,27,30,429,177,195
SUPER_13,330000,197,12,19,228,96,101
SUPER_13,340000,57,9,4,70,31,26
SUPER_13,350000,347,33,24,404,179,168
SUPER_13,360000,417,37,36,490,220,197
SUPER_13,370000,82,6,7,95,49,33
SUPER_13,380000,2,1,0,3,1,1
SUPER_13,390000,83,6,5,94,48,35
SUPER_13,400000,339,34,35,408,174,165
SUPER_13,410000,435,42,35,512,207,228
SUPER_13,420000,273,34,26,333,132,141
SUPER_13,430000,408,36,49,493,201,207
SUPER_13,440000,335,28,27,390,168,167
SUPER_13,450000,0,0,0,0,0,0
SUPER_13,460000,0,0,0,0,0,0
SUPER_13,470000,532,37,53,622,264,268
SUPER_13,480000,327,24,32,383,162,165
SUPER_13,490000,323,31,39,393,155,168
SUPER_13,500000,316,27,26,369,152,164
SUPER_13,510000,454,27,30,511,239,215
SUPER_13,520000,402,25,30,457,181,221
SUPER_13,530000,324,28,31,383,152,172
SUPER_13,540000,268,24,23,315,136,132
SUPER_13,550000,387,41,36,464,185,202
SUPER_13,560000,274,34,15,323,124,150
SUPER_13,570000,344,26,38,408,166,178
SUPER_13,580000,330,26,25,381,164,166
SUPER_13,590000,441,37,44,522,217,224
SUPER_13,600000,393,35,35,463,211,182
SUPER_13,610000,346,32,26,404,174,172
SUPER_13,620000,342,29,31,402,169,173
SUPER_13,630000,358,24,26,408,171,187
SUPER_13,640000,330,28,27,385,145,185
SUPER_13,650000,297,32,26,355,159,138
SUPER_13,660000,394,24,39,457,199,195
SUPER_13,670000,300,32,17,349,141,159
SUPER_13,680000,344,31,30,405,182,162
SUPER_13,690000,365,38,32,435,171,194
SUPER_13,700000,369,39,35,443,175,194
SUPER_13,710000,301,29,23,353,142,159
SUPER_13,720000,442,31,36,509,227,215
SUPER_13,730000,357,35,35,427,165,192
SUPER_13,740000,348,34,28,410,177,171
SUPER_13,750000,334,29,28,391,167,167
SUPER_13,760000,480,49,36,565,219,261
SUPER_13,770000,350,38,34,422,170,180
SUPER_13,780000,306,30,26,362,149,157
SUPER_13,790000,1,2,0,3,0,1
SUPER_13,800000,351,11,34,396,183,168
SUPER_13,810000,289,31,21,341,150,139
SUPER_13,820000,111,8,13,132,55,56
SUPER_13,830000,273,17,34,324,128,145
SUPER_13,840000,240,26,22,288,124,116
SUPER_13,850000,173,17,18,208,83,90
SUPER_13,860000,221,17,17,255,124,97
SUPER_13,870000,233,23,19,275,104,129
SUPER_13,880000,334,29,24,387,163,171
SUPER_13,890000,307,27,31,365,152,155
SUPER_13,900000,346,26,27,399,172,174
SUPER_13,910000,271,34,17,322,132,139
SUPER_13,920000,299,18,26,343,159,140
SUPER_13,930000,306,16,36,358,163,143
SUPER_13,940000,91,8,5,104,41,50
SUPER_13,950000,339,30,28,397,166,173
SUPER_13,960000,252,32,22,306,134,118
SUPER_13,970000,312,32,37,381,143,169
SUPER_13,980000,386,28,27,441,182,204
SUPER_13,990000,214,25,12,251,96,118
SUPER_13,1000000,119,8,12,139,68,51
SUPER_13,1010000,400,47,39,486,194,206
SUPER_13,1020000,302,26,31,359,150,152
SUPER_13,1030000,312,38,22,372,155,157
SUPER_13,1040000,303,22,27,352,154,149
SUPER_13,1050000,334,39,30,403,172,162
SUPER_13,1060000,295,23,30,348,142,153
SUPER_13,1070000,295,28,30,353,139,156
SUPER_13,1080000,148,16,15,179,75,73
SUPER_13,1090000,333,31,33,397,148,185
SUPER_13,1100000,358,27,44,429,172,186
SUPER_13,1110000,421,45,40,506,210,211
SUPER_13,1120000,190,21,24,235,94,96
SUPER_13,1130000,254,21,32,307,122,132
SUPER_13,1140000,327,27,22,376,177,150
SUPER_13,1150000,185,20,15,220,88,97
SUPER_13,1160000,285,36,26,347,141,144
SUPER_13,1170000,238,16,24,278,123,115
SUPER_13,1180000,3,0,0,3,1,2
SUPER_13,1190000,252,15,25,292,129,123
SUPER_13,1200000,289,20,21,330,129,160
SUPER_13,1210000,347,23,21,391,184,163
SUPER_13,1220000,386,26,51,463,187,199
SUPER_13,1230000,205,17,19,241,104,101
SUPER_13,1240000,318,26,31,375,174,144
SUPER_13,1250000,152,21,9,182,82,70
SUPER_13,1260000,193,27,20,240,106,87
SUPER_13,1270000,373,30,26,429,171,202
SUPER_13,1280000,84,4,4,92,39,45
SUPER_13,1290000,195,19,15,229,104,91
SUPER_13,1300000,143,8,12,163,67,76
SUPER_13,1310000,144,8,9,161,73,71
SUPER_13,1320000,79,9,4,92,32,47
SUPER_13,1330000,150,9,11,170,78,72
SUPER_13,1340000,395,34,37,466,213,182
SUPER_13,1350000,216,26,19,261,108,108
SUPER_13,1360000,347,27,23,397,179,168
SUPER_13,1370000,52,4,4,60,26,26
SUPER_13,1380000,240,19,19,278,114,126
SUPER_13,1390000,312,42,25,379,159,153
SUPER_13,1400000,204,24,25,253,84,120
SUPER_13,1410000,76,4,8,88,45,31
SUPER_13,1420000,262,28,30,320,145,117
SUPER_13,1430000,377,34,30,441,180,197
SUPER_13,1440000,180,9,12,201,86,94
SUPER_13,1450000,352,29,41,422,186,166
SUPER_13,1460000,135,10,15,160,62,73
SUPER_13,1470000,315,31,36,382,166,149
SUPER_13,1480000,316,31,20,367,159,157
SUPER_13,1490000,334,32,17,383,183,151
SUPER_13,1500000,334,27,33,394,169,165
SUPER_13,1510000,377,28,35,440,189,188
SUPER_13,1520000,256,16,23,295,123,133
SUPER_13,1530000,251,22,22,295,122,129
SUPER_13,1540000,353,21,33,407,165,188
SUPER_13,1550000,285,14,31,330,160,125
SUPER_13,1560000,299,27,20,346,146,153
SUPER_13,1570000,219,19,16,254,106,113
SUPER_13,1580000,328,43,41,412,175,153
SUPER_13,1590000,295,25,20,340,137,158
SUPER_13,1600000,258,14,25,297,150,108
SUPER_13,1610000,122,7,18,147,54,68
SUPER_13,1620000,290,23,16,329,132,158
SUPER_13,1630000,318,30,29,377,159,159
SUPER_13,1640000,321,25,30,376,149,172
SUPER_13,1650000,315,35,22,372,172,143
SUPER_13,1660000,194,15,18,227,103,91
SUPER_13,1670000,354,24,38,416,177,177
SUPER_13,1680000,381,37,28,446,187,194
SUPER_13,1690000,246,20,17,283,121,125
SUPER_13,1700000,235,26,21,282,107,128
SUPER_13,1710000,260,29,35,324,137,123
SUPER_13,1720000,316,20,33,369,175,141
SUPER_13,1730000,326,37,21,384,159,167
SUPER_13,1740000,237,19,19,275,125,112
SUPER_13,1750000,146,12,10,168,68,78
SUPER_13,1760000,330,38,25,393,152,178
SUPER_13,1770000,420,40,35,495,205,215
SUPER_13,1780000,179,21,16,216,90,89
SUPER_13,1790000,186,15,22,223,90,96
SUPER_13,1800000,336,25,35,396,158,178
SUPER_13,1810000,253,30,19,302,121,132
SUPER_13,1820000,230,22,16,268,116,114
SUPER_13,1830000,22,7,2,31,16,6
SUPER_13,1840000,372,30,27,429,181,191
SUPER_13,1850000,303,27,17,347,143,160
SUPER_13,1860000,172,19,12,203,95,77
SUPER_13,1870000,291,23,20,334,141,150
SUPER_13,1880000,369,48,46,463,161,208
SUPER_13,1890000,361,32,28,421,176,185
SUPER_13,1900000,326,27,29,382,166,160
SUPER_13,1910000,212,18,16,246,107,105
SUPER_13,1920000,1,0,0,1,1,0
SUPER_13,1930000,1,0,0,1,1,0
SUPER_13,1940000,358,34,26,418,167,191
SUPER_13,1950000,49,8,2,59,25,24
SUPER_13,1960000,304,18,27,349,157,147
SUPER_13,1970000,364,26,34,424,177,187
SUPER_13,1980000,294,29,20,343,139,155
SUPER_13,1990000,301,26,26,353,137,164
SUPER_13,2000000,153,16,10,179,74,79
SUPER_13,2010000,304,19,26,349,163,141
SUPER_13,2020000,85,14,10,109,42,43
SUPER_13,2030000,292,26,34,352,152,140
SUPER_13,2040000,14,1,0,15,11,3
SUPER_13,2050000,350,28,32,410,164,186
SUPER_13,2060000,350,36,26,412,179,171
SUPER_13,2070000,344,31,34,409,161,183
SUPER_13,2080000,200,24,16,240,99,101
SUPER_13,2090000,313,33,27,373,167,146
SUPER_13,2100000,407,34,30,471,199,208
SUPER_13,2110000,357,47,22,426,185,172
SUPER_13,2120000,96,8,9,113,48,48
SUPER_13,2130000,220,21,26,267,112,108
SUPER_13,2140000,248,21,24,293,139,109
SUPER_13,2150000,360,58,26,444,165,195
SUPER_13,2160000,323,30,27,380,163,160
SUPER_13,2170000,336,32,23,391,157,179
SUPER_13,2180000,261,32,21,314,149,112
SUPER_13,2190000,154,24,11,189,77,77
SUPER_13,2200000,269,31,37,337,127,142
SUPER_13,2210000,312,29,32,373,157,155
SUPER_13,2220000,224,28,23,275,103,121
SUPER_13,2230000,145,14,12,171,66,79
SUPER_13,2240000,138,15,17,170,58,80
SUPER_13,2250000,200,15,31,246,108,92
SUPER_13,2260000,252,28,27,307,127,125
SUPER_13,2270000,216,12,22,250,106,110
SUPER_13,2280000,121,8,11,140,66,55
SUPER_13,2290000,292,20,20,332,153,139
SUPER_13,2300000,525,60,40,625,276,249
SUPER_13,2310000,164,14,10,188,77,87
SUPER_13,2320000,302,26,19,347,136,166
SUPER_13,2330000,310,30,33,373,152,158
SUPER_13,2340000,372,29,34,435,161,211
SUPER_13,2350000,323,34,37,394,154,169
SUPER_13,2360000,408,37,45,490,203,205
SUPER_13,2370000,324,30,27,381,164,160
SUPER_13,2380000,206,20,22,248,104,102
SUPER_13,2390000,275,27,30,332,129,146
SUPER_13,2400000,123,20,15,158,60,63
SUPER_13,2410000,145,11,17,173,72,73
SUPER_13,2420000,202,26,25,253,100,102
SUPER_13,2430000,211,26,24,261,117,94
SUPER_13,2440000,331,36,29,396,158,173
SUPER_13,2450000,262,24,26,312,125,137
SUPER_13,2460000,328,39,30,397,156,172
SUPER_13,2470000,316,32,35,383,158,158
SUPER_13,2480000,341,40,43,424,165,176
SUPER_13,2490000,232,30,27,289,107,125
SUPER_13,2500000,211,29,15,255,99,112
SUPER_13,2510000,149,13,15,177,71,78
SUPER_13,2520000,156,10,8,174,80,76
SUPER_13,2530000,210,18,18,246,114,96
SUPER_13,2540000,313,30,34,377,146,167
SUPER_13,2550000,219,26,29,274,108,111
SUPER_13,2560000,353,36,43,432,147,206
SUPER_13,2570000,306,21,25,352,153,153
SUPER_13,2580000,274,25,17,316,128,146
SUPER_13,2590000,397,43,38,478,190,207
SUPER_13,2600000,422,42,43,507,193,229
SUPER_13,2610000,215,19,16,250,107,108
SUPER_13,2620000,376,40,42,458,181,195
SUPER_13,2630000,280,27,25,332,133,147
SUPER_13,2640000,19,2,3,24,9,10
SUPER_13,2650000,194,15,12,221,98,96
SUPER_13,2660000,137,10,3,150,65,72
SUPER_13,2670000,0,0,0,0,0,0
SUPER_13,2680000,0,0,0,0,0,0
SUPER_13,2690000,0,0,0,0,0,0
SUPER_13,2700000,0,0,0,0,0,0
SUPER_13,2710000,0,0,0,0,0,0
SUPER_13,2720000,0,0,0,0,0,0
SUPER_13,2730000,0,0,0,0,0,0
SUPER_13,2740000,0,0,0,0,0,0
SUPER_13,2750000,0,0,0,0,0,0
SUPER_13,2760000,229,8,4,241,136,93
SUPER_13,2770000,152,11,9,172,76,76
SUPER_13,2780000,76,8,8,92,36,40
SUPER_13,2790000,0,0,0,0,0,0
SUPER_13,2800000,0,0,0,0,0,0
SUPER_13,2810000,301,28,27,356,160,141
SUPER_13,2820000,135,19,19,173,58,77
SUPER_13,2830000,306,29,15,350,145,161
SUPER_13,2840000,302,23,12,337,138,164
SUPER_13,2850000,267,31,24,322,136,131
SUPER_13,2860000,261,33,20,314,112,149
SUPER_13,2870000,368,42,34,444,158,210
SUPER_13,2880000,211,25,25,261,105,106
SUPER_13,2890000,253,18,25,296,128,125
SUPER_13,2900000,214,16,25,255,112,102
SUPER_13,2910000,299,20,30,349,146,153
SUPER_13,2920000,324,34,23,381,165,159
SUPER_13,2930000,282,23,27,332,135,147
SUPER_13,2940000,192,25,17,234,103,89
SUPER_13,2950000,190,22,20,232,101,89
SUPER_13,2960000,213,33,20,266,103,110
SUPER_13,2970000,277,24,28,329,132,145
SUPER_13,2980000,388,47,30,465,187,201
SUPER_13,2990000,358,27,28,413,187,171
SUPER_13,3000000,318,24,30,372,160,158
SUPER_13,3010000,260,29,39,328,130,130
SUPER_13,3020000,197,13,13,223,90,107
SUPER_13,3030000,383,36,36,455,196,187
SUPER_13,3040000,287,42,23,352,140,147
SUPER_13,3050000,241,29,21,291,118,123
SUPER_13,3060000,215,10,17,242,114,101
SUPER_13,3070000,379,27,23,429,191,188
SUPER_13,3080000,223,22,17,262,124,99
SUPER_13,3090000,214,14,20,248,111,103
SUPER_13,3100000,446,32,22,500,226,220
SUPER_13,3110000,257,29,13,299,129,128
SUPER_13,3120000,111,13,16,140,50,61
SUPER_13,3130000,19,1,3,23,5,14
SUPER_13,3140000,231,17,16,264,133,98
SUPER_13,3150000,210,12,24,246,107,103
SUPER_13,3160000,180,17,25,222,87,93
SUPER_13,3170000,277,18,25,320,126,151
SUPER_13,3180000,400,39,33,472,198,202
SUPER_13,3190000,378,35,27,440,180,198
SUPER_13,3200000,403,40,23,466,198,205
SUPER_13,3210000,313,30,25,368,145,168
SUPER_13,3220000,179,22,17,218,75,104
SUPER_13,3230000,349,39,24,412,172,177
SUPER_13,3240000,439,47,43,529,201,238
SUPER_13,3250000,390,39,26,455,194,196
SUPER_13,3260000,182,12,17,211,99,83
SUPER_13,3270000,351,36,23,410,154,197
SUPER_13,3280000,344,35,29,408,163,181
SUPER_13,3290000,216,24,15,255,91,125
SUPER_13,3300000,271,22,26,319,142,129
SUPER_13,3310000,353,26,24,403,176,177
SUPER_13,3320000,349,23,35,407,164,185
SUPER_13,3330000,363,44,31,438,177,186
SUPER_13,3340000,311,26,19,356,162,149
SUPER_13,3350000,313,29,31,373,166,147
SUPER_13,3360000,151,14,15,180,79,72
SUPER_13,3370000,370,33,22,425,189,181
SUPER_13,3380000,150,14,12,176,74,76
SUPER_13,3390000,311,26,20,357,157,154
SUPER_13,3400000,394,36,34,464,181,213
SUPER_13,3410000,151,17,15,183,79,72
SUPER_13,3420000,327,25,30,382,159,168
SUPER_13,3430000,348,28,29,405,179,169
SUPER_13,3440000,289,27,27,343,144,145
SUPER_13,3450000,273,31,16,320,135,138
SUPER_13,3460000,233,24,15,272,120,113
SUPER_13,3470000,257,32,25,314,123,134
SUPER_13,3480000,229,32,18,279,107,122
SUPER_13,3490000,296,29,25,350,143,153
SUPER_13,3500000,345,26,29,400,171,174
SUPER_13,3510000,434,38,36,508,204,230
SUPER_13,3520000,36,4,2,42,14,22
SUPER_13,3530000,104,6,7,117,61,43
SUPER_13,3540000,367,31,47,445,190,177
SUPER_13,3550000,249,19,20,288,135,114
SUPER_13,3560000,362,33,40,435,163,199
SUPER_13,3570000,331,35,30,396,158,173
SUPER_13,3580000,405,43,30,478,196,209
SUPER_13,3590000,228,23,29,280,118,110
SUPER_13,3600000,186,17,16,219,98,88
SUPER_13,3610000,359,29,31,419,159,200
SUPER_13,3620000,359,24,26,409,173,186
SUPER_13,3630000,265,29,24,318,133,132
SUPER_13,3640000,265,16,17,298,146,119
SUPER_13,3650000,194,23,15,232,87,107
SUPER_13,3660000,294,25,32,351,136,158
SUPER_13,3670000,354,26,30,410,186,168
SUPER_13,3680000,351,32,34,417,162,189
SUPER_13,3690000,355,37,27,419,174,181
SUPER_13,3700000,295,21,35,351,156,139
SUPER_13,3710000,302,24,39,365,141,161
SUPER_13,3720000,216,22,21,259,117,99
SUPER_13,3730000,286,29,21,336,133,153
SUPER_13,3740000,268,26,28,322,124,144
SUPER_13,3750000,465,46,42,553,229,236
SUPER_13,3760000,266,25,23,314,137,129
SUPER_13,3770000,266,18,26,310,135,131
SUPER_13,3780000,346,32,25,403,168,178
SUPER_13,3790000,74,10,4,88,37,37
SUPER_13,3800000,341,30,22,393,172,169
SUPER_13,3810000,306,24,36,366,138,168
SUPER_13,3820000,225,39,21,285,113,112
SUPER_13,3830000,103,8,12,123,52,51
SUPER_13,3840000,268,18,26,312,130,138
SUPER_13,3850000,226,15,22,263,123,103
SUPER_13,3860000,436,33,33,502,206,230
SUPER_13,3870000,278,30,17,325,122,156
SUPER_13,3880000,251,25,13,289,136,115
SUPER_13,3890000,317,21,33,371,157,160
SUPER_13,3900000,271,30,26,327,127,144
SUPER_13,3910000,195,13,29,237,93,102
SUPER_13,3920000,462,45,46,553,227,235
SUPER_13,3930000,313,32,36,381,150,163
SUPER_13,3940000,269,26,27,322,137,132
SUPER_13,3950000,131,13,10,154,68,63
SUPER_13,3960000,410,37,34,481,181,229
SUPER_13,3970000,241,23,30,294,108,133
SUPER_13,3980000,159,18,20,197,76,83
SUPER_13,3990000,313,32,28,373,142,171
SUPER_13,4000000,405,21,36,462,187,218
SUPER_13,4010000,300,35,29,364,157,143
SUPER_13,4020000,224,21,20,265,116,108
SUPER_13,4030000,209,24,22,255,104,105
SUPER_13,4040000,376,25,29,430,168,208
SUPER_13,4050000,260,30,24,314,139,121
SUPER_13,4060000,216,35,21,272,122,94
SUPER_13,4070000,318,33,22,373,163,155
SUPER_13,4080000,327,38,24,389,165,162
SUPER_13,4090000,285,24,21,330,139,146
SUPER_13,4100000,225,23,24,272,101,124
SUPER_13,4110000,186,18,13,217,89,97
SUPER_13,4120000,265,29,30,324,135,130
SUPER_13,4130000,243,27,13,283,119,124
SUPER_13,4140000,131,11,5,147,62,69
SUPER_13,4150000,278,37,31,346,146,132
SUPER_13,4160000,295,21,22,338,144,151
SUPER_13,4170000,189,16,19,224,98,91
SUPER_13,4180000,358,39,41,438,159,199
SUPER_13,4190000,267,34,21,322,131,136
SUPER_13,4200000,172,12,27,211,74,98
SUPER_13,4210000,317,36,28,381,157,160
SUPER_13,4220000,328,37,30,395,157,171
SUPER_13,4230000,359,35,47,441,158,201
SUPER_13,4240000,278,20,27,325,125,153
SUPER_13,4250000,136,15,11,162,59,77
SUPER_13,4260000,190,18,20,228,86,104
SUPER_13,4270000,286,32,26,344,152,134
SUPER_13,4280000,161,28,22,211,76,85
SUPER_13,4290000,225,33,25,283,110,115
SUPER_13,4300000,345,42,25,412,160,185
SUPER_13,4310000,307,31,35,373,159,148
SUPER_13,4320000,358,40,30,428,185,173
SUPER_13,4330000,373,26,52,451,178,195
SUPER_13,4340000,211,25,21,257,102,109
SUPER_13,4350000,52,8,8,68,24,28
SUPER_13,4360000,123,10,10,143,64,59
SUPER_13,4370000,217,16,17,250,106,111
SUPER_13,4380000,278,21,25,324,135,143
SUPER_13,4390000,286,36,22,344,132,154
SUPER_13,4400000,316,21,30,367,140,176
SUPER_13,4410000,416,38,26,480,199,217
SUPER_13,4420000,306,34,21,361,135,171
SUPER_13,4430000,227,10,17,254,118,109
SUPER_13,4440000,314,33,34,381,159,155
SUPER_13,4450000,100,10,6,116,60,40
SUPER_13,4460000,0,0,0,0,0,0
SUPER_13,4470000,0,0,0,0,0,0
SUPER_13,4480000,338,31,36,405,168,170
SUPER_13,4490000,173,20,17,210,82,91
SUPER_13,4500000,198,22,23,243,94,104
SUPER_13,4510000,327,25,25,377,162,165
SUPER_13,4520000,152,12,11,175,90,62
SUPER_13,4530000,338,30,26,394,157,181
SUPER_13,4540000,289,22,23,334,143,146
SUPER_13,4550000,145,9,11,165,76,69
SUPER_13,4560000,207,21,18,246,97,110
SUPER_13,4570000,105,12,6,123,56,49
SUPER_13,4580000,91,10,9,110,45,46
SUPER_13,4590000,237,16,21,274,109,128
SUPER_13,4600000,147,15,13,175,73,74
SUPER_13,4610000,236,18,15,269,111,125
SUPER_13,4620000,344,32,25,401,161,183
SUPER_13,4630000,87,12,4,103,42,45
SUPER_13,4640000,262,21,30,313,116,146
SUPER_13,4650000,360,30,40,430,169,191
SUPER_13,4660000,181,23,16,220,83,98
SUPER_13,4670000,272,34,22,328,131,141
SUPER_13,4680000,369,35,27,431,190,179
SUPER_13,4690000,273,35,22,330,129,144
SUPER_13,4700000,315,35,22,372,154,161
SUPER_13,4710000,143,13,15,171,73,70
SUPER_13,4720000,53,4,1,58,25,28
SUPER_13,4730000,364,34,32,430,171,193
SUPER_13,4740000,374,38,24,436,196,178
SUPER_13,4750000,250,31,18,299,128,122
SUPER_13,4760000,108,11,9,128,50,58
SUPER_13,4770000,379,59,35,473,175,204
SUPER_13,4780000,346,30,35,411,158,188
SUPER_13,4790000,252,16,32,300,125,127
SUPER_13,4800000,222,26,18,266,113,109
SUPER_13,4810000,309,37,21,367,141,168
SUPER_13,4820000,226,14,27,267,104,122
SUPER_13,4830000,263,21,18,302,118,145
SUPER_13,4840000,286,22,33,341,128,158
SUPER_13,4850000,286,26,28,340,151,135
SUPER_13,4860000,399,45,35,479,187,212
SUPER_13,4870000,305,25,27,357,140,165
SUPER_13,4880000,275,26,33,334,125,150
SUPER_13,4890000,255,30,29,314,122,133
SUPER_13,4900000,139,10,6,155,81,58
SUPER_13,4910000,186,26,14,226,97,89
SUPER_13,4920000,310,28,24,362,152,158
SUPER_13,4930000,430,41,32,503,213,217
SUPER_13,4940000,313,30,18,361,159,154
SUPER_13,4950000,296,31,24,351,145,151
SUPER_13,4960000,210,23,17,250,109,101
SUPER_13,4970000,291,23,17,331,145,146
SUPER_13,4980000,305,40,35,380,128,177
SUPER_13,4990000,409,50,35,494,194,215
SUPER_13,5000000,277,17,16,310,142,135
SUPER_13,5010000,50,2,0,52,29,21
SUPER_13,5020000,304,41,26,371,145,159
SUPER_13,5030000,299,19,21,339,144,155
SUPER_13,5040000,229,23,33,285,98,131
SUPER_13,5050000,316,29,29,374,160,156
SUPER_13,5060000,407,44,38,489,179,228
SUPER_13,5070000,282,32,27,341,144,138
SUPER_13,5080000,315,36,27,378,157,158
SUPER_13,5090000,216,21,27,264,94,122
SUPER_13,5100000,258,24,17,299,126,132
SUPER_13,5110000,351,40,24,415,174,177
SUPER_13,5120000,259,25,28,312,120,139
SUPER_13,5130000,179,24,11,214,83,96
SUPER_13,5140000,233,17,18,268,124,109
SUPER_13,5150000,294,23,20,337,143,151
SUPER_13,5160000,161,15,12,188,92,69
SUPER_13,5170000,299,29,26,354,160,139
SUPER_13,5180000,139,18,8,165,67,72
SUPER_13,5190000,317,28,28,373,169,148
SUPER_13,5200000,158,13,18,189,82,76
SUPER_13,5210000,327,36,28,391,162,165
SUPER_13,5220000,296,23,20,339,142,154
SUPER_13,5230000,350,31,39,420,146,204
SUPER_13,5240000,348,41,30,419,164,184
SUPER_13,5250000,71,8,3,82,30,41
SUPER_13,5260000,258,34,34,326,128,130
SUPER_13,5270000,149,14,14,177,64,85
SUPER_13,5280000,72,8,11,91,36,36
SUPER_13,5290000,117,14,15,146,46,71
SUPER_13,5300000,251,28,21,300,117,134
SUPER_13,5310000,229,33,18,280,107,122
SUPER_13,5320000,277,19,18,314,133,144
SUPER_13,5330000,245,27,21,293,117,128
SUPER_13,5340000,320,34,32,386,159,161
SUPER_13,5350000,282,23,21,326,140,142
SUPER_13,5360000,282,24,23,329,142,140
SUPER_13,5370000,164,18,13,195,72,92
SUPER_13,5380000,43,1,1,45,25,18
SUPER_13,5390000,0,1,0,1,0,0
SUPER_13,5400000,85,8,7,100,43,42
SUPER_13,5410000,173,9,15,197,93,80
SUPER_13,5420000,100,10,4,114,44,56
SUPER_13,5430000,190,23,13,226,90,100
SUPER_13,5440000,313,28,33,374,161,152
SUPER_13,5450000,223,31,17,271,117,106
SUPER_13,5460000,270,23,26,319,136,134
SUPER_13,5470000,89,5,11,105,45,44
SUPER_13,5480000,102,6,3,111,59,43
SUPER_13,5490000,190,25,18,233,92,98
SUPER_13,5500000,323,25,19,367,166,157
SUPER_13,5510000,71,4,6,81,36,35
SUPER_13,5520000,122,7,20,149,49,73
SUPER_13,5530000,190,15,16,221,96,94
SUPER_13,5540000,204,16,14,234,87,117
SUPER_13,5550000,106,14,10,130,54,52
SUPER_13,5560000,255,32,21,308,131,124
SUPER_13,5570000,291,34,33,358,132,159
SUPER_13,5580000,212,22,11,245,100,112
SUPER_13,5590000,149,10,24,183,67,82
SUPER_13,5600000,233,18,20,271,114,119
SUPER_13,5610000,142,20,16,178,62,80
SUPER_13,5620000,204,16,12,232,104,100
SUPER_13,5630000,151,11,15,177,70,81
SUPER_13,5640000,257,22,17,296,115,142
SUPER_13,5650000,204,16,23,243,92,112
SUPER_13,5660000,214,14,11,239,109,105
SUPER_13,5670000,194,18,9,221,89,105
SUPER_13,5680000,93,8,6,107,56,37
SUPER_13,5690000,229,16,22,267,124,105
SUPER_13,5700000,243,23,27,293,116,127
SUPER_13,5710000,220,23,20,263,131,89
SUPER_13,5720000,214,15,9,238,104,110
SUPER_13,5730000,228,27,18,273,107,121
SUPER_13,5740000,294,23,32,349,131,163
SUPER_13,5750000,326,34,22,382,152,174
SUPER_13,5760000,301,26,32,359,139,162
SUPER_13,5770000,321,39,29,389,156,165
SUPER_13,5780000,139,10,13,162,69,70
SUPER_13,5790000,265,29,23,317,131,134
SUPER_13,5800000,326,35,40,401,146,180
SUPER_13,5810000,303,24,32,359,141,162
SUPER_13,5820000,88,6,5,99,51,37
SUPER_13,5830000,176,19,16,211,82,94
SUPER_13,5840000,240,22,22,284,122,118
SUPER_13,5850000,280,29,31,340,124,156
SUPER_13,5860000,283,20,27,330,134,149
SUPER_13,5870000,190,24,14,228,86,104
SUPER_13,5880000,197,23,19,239,111,86
SUPER_13,5890000,233,17,19,269,104,129
SUPER_13,5900000,279,27,28,334,139,140
SUPER_13,5910000,262,32,19,313,112,150
SUPER_13,5920000,276,22,27,325,144,132
SUPER_13,5930000,304,26,36,366,159,145
SUPER_13,5940000,183,13,17,213,93,90
SUPER_13,5950000,205,19,16,240,109,96
SUPER_13,5960000,240,26,19,285,119,121
SUPER_13,5970000,158,17,17,192,92,66
SUPER_13,5980000,200,19,18,237,102,98
SUPER_13,5990000,200,22,15,237,84,116
SUPER_13,6000000,238,22,24,284,117,121
SUPER_13,6010000,286,20,35,341,132,154
SUPER_13,6020000,252,23,28,303,127,125
SUPER_13,6030000,213,14,17,244,115,98
SUPER_13,6040000,255,29,16,300,124,131
SUPER_13,6050000,300,38,25,363,152,148
SUPER_13,6060000,295,23,30,348,144,151
SUPER_13,6070000,292,33,28,353,121,171
SUPER_13,6080000,273,20,23,316,142,131
SUPER_13,6090000,274,23,21,318,126,148
SUPER_13,6100000,292,31,18,341,157,135
SUPER_13,6110000,188,17,25,230,86,102
SUPER_13,6120000,180,24,19,223,85,95
SUPER_13,6130000,288,32,34,354,144,144
SUPER_13,6140000,178,20,22,220,84,94
SUPER_13,6150000,131,13,25,169,56,75
SUPER_13,6160000,182,12,11,205,95,87
SUPER_13,6170000,236,23,22,281,118,118
SUPER_13,6180000,198,21,27,246,100,98
SUPER_13,6190000,242,27,35,304,130,112
SUPER_13,6200000,95,7,9,111,43,52
SUPER_13,6210000,228,17,23,268,100,128
SUPER_13,6220000,155,16,12,183,85,70
SUPER_13,6230000,276,20,20,316,143,133
SUPER_13,6240000,151,15,15,181,74,77
SUPER_13,6250000,70,12,5,87,32,38
SUPER_13,6260000,139,6,17,162,80,59
SUPER_13,6270000,290,25,22,337,136,154
SUPER_13,6280000,368,41,29,438,176,192
SUPER_13,6290000,273,26,22,321,115,158
SUPER_13,6300000,145,14,17,176,67,78
SUPER_13,6310000,186,15,24,225,79,107
SUPER_13,6320000,122,13,8,143,55,67
SUPER_13,6330000,218,22,26,266,90,128
SUPER_13,6340000,193,18,24,235,90,103
SUPER_13,6350000,117,15,16,148,62,55
SUPER_13,6360000,236,26,14,276,133,103
SUPER_13,6370000,130,10,13,153,64,66
SUPER_13,6380000,56,8,3,67,27,29
SUPER_13,6390000,20,2,2,24,12,8
SUPER_13,6400000,0,1,0,1,0,0
SUPER_13,6410000,18,1,2,21,12,6
SUPER_13,6420000,143,20,16,179,66,77
SUPER_13,6430000,110,16,7,133,59,51
SUPER_13,6440000,148,14,17,179,78,70
SUPER_13,6450000,188,19,14,221,88,100
SUPER_13,6460000,88,11,5,104,46,42
SUPER_13,6470000,144,13,6,163,74,70
SUPER_13,6480000,155,10,15,180,75,80
SUPER_13,6490000,260,18,29,307,119,141
SUPER_13,6500000,153,20,12,185,70,83
SUPER_13,6510000,148,17,10,175,63,85
SUPER_13,6520000,230,22,25,277,115,115
SUPER_13,6530000,138,11,14,163,77,61
SUPER_13,6540000,200,18,28,246,105,95
SUPER_13,6550000,0,0,0,0,0,0
SUPER_13,6560000,0,0,0,0,0,0
SUPER_13,6570000,192,26,18,236,96,96
SUPER_13,6580000,27,3,3,33,12,15
SUPER_13,6590000,119,11,10,140,60,59
SUPER_13,6600000,138,10,13,161,67,71
SUPER_13,6610000,226,17,16,259,119,107
SUPER_13,6620000,193,25,22,240,100,93
SUPER_13,6630000,40,8,5,53,21,19
SUPER_13,6640000,57,8,5,70,24,33
SUPER_13,6650000,266,28,27,321,127,139
SUPER_13,6660000,87,14,3,104,55,32
SUPER_13,6670000,94,11,11,116,52,42
SUPER_13,6680000,157,23,10,190,83,74
SUPER_13,6690000,106,19,7,132,44,62
SUPER_13,6700000,165,12,21,198,89,76
SUPER_13,6710000,94,10,9,113,44,50
SUPER_13,6720000,26,3,1,30,13,13
SUPER_13,6730000,44,6,2,52,15,29
SUPER_13,6740000,94,9,12,115,41,53
SUPER_13,6750000,116,6,15,137,64,52
SUPER_13,6760000,215,16,24,255,122,93
SUPER_13,6770000,0,1,0,1,0,0
SUPER_13,6780000,94,10,9,113,45,49
SUPER_13,6790000,94,7,9,110,46,48
SUPER_13,6800000,197,21,27,245,95,102
SUPER_13,6810000,148,4,12,164,75,73
SUPER_13,6820000,21,3,3,27,14,7
SUPER_13,6830000,311,31,30,372,169,142
SUPER_13,6840000,155,13,16,184,66,89
SUPER_13,6850000,121,14,10,145,62,59
SUPER_13,6860000,114,13,9,136,56,58
SUPER_13,6870000,210,18,13,241,104,106
SUPER_13,6880000,246,18,15,279,133,113
SUPER_13,6890000,156,19,14,189,71,85
SUPER_13,6900000,220,23,28,271,108,112
SUPER_13,6910000,205,12,28,245,101,104
SUPER_13,6920000,181,18,16,215,95,86
SUPER_13,6930000,98,13,9,120,43,55
SUPER_13,6940000,150,12,12,174,85,65
SUPER_13,6950000,101,11,12,124,40,61
SUPER_13,6960000,174,12,16,202,86,88
SUPER_13,6970000,317,30,29,376,152,165
SUPER_13,6980000,174,11,20,205,86,88
SUPER_13,6990000,201,16,17,234,90,111
SUPER_13,7000000,271,27,28,326,138,133
SUPER_13,7010000,91,15,13,119,49,42
SUPER_13,7020000,284,26,26,336,144,140
SUPER_13,7030000,161,14,18,193,72,89
SUPER_13,7040000,281,21,18,320,150,131
SUPER_13,7050000,103,11,8,122,56,47
SUPER_13,7060000,203,21,19,243,97,106
SUPER_13,7070000,131,14,7,152,70,61
SUPER_13,7080000,98,6,6,110,56,42
SUPER_13,7090000,141,15,5,161,59,82
SUPER_13,7100000,174,13,25,212,84,90
SUPER_13,7110000,17,4,0,21,11,6
SUPER_13,7120000,297,27,27,351,161,136
SUPER_13,7130000,75,8,4,87,36,39
SUPER_13,7140000,240,25,23,288,103,137
SUPER_13,7150000,175,8,16,199,74,101
SUPER_13,7160000,367,36,39,442,178,189
SUPER_13,7170000,326,27,27,380,147,179
SUPER_13,7180000,154,16,14,184,71,83
SUPER_13,7190000,281,29,26,336,133,148
SUPER_13,7200000,213,28,13,254,105,108
SUPER_13,7210000,148,9,17,174,64,84
SUPER_13,7220000,241,24,21,286,106,135
SUPER_13,7230000,261,18,26,305,125,136
SUPER_13,7240000,184,20,14,218,76,108
SUPER_13,7250000,209,25,21,255,101,108
SUPER_13,7260000,271,36,22,329,130,141
SUPER_13,7270000,279,23,27,329,141,138
SUPER_13,7280000,307,35,33,375,134,173
SUPER_13,7290000,249,21,29,299,110,139
SUPER_13,7300000,261,22,25,308,125,136
SUPER_13,7310000,215,27,15,257,105,110
SUPER_13,7320000,279,30,41,350,130,149
SUPER_13,7330000,211,13,16,240,93,118
SUPER_13,7340000,275,18,23,316,105,170
SUPER_13,7350000,150,11,13,174,77,73
SUPER_13,7360000,144,17,11,172,72,72
SUPER_13,7370000,185,29,23,237,78,107
SUPER_13,7380000,165,7,18,190,74,91
SUPER_13,7390000,260,27,27,314,117,143
SUPER_13,7400000,134,24,19,177,70,64
SUPER_13,7410000,108,11,13,132,53,55
SUPER_13,7420000,167,13,15,195,83,84
SUPER_13,7430000,254,21,31,306,127,127
SUPER_13,7440000,214,22,20,256,112,102
SUPER_13,7450000,162,13,17,192,80,82
SUPER_13,7460000,186,21,20,227,100,86
SUPER_13,7470000,152,24,18,194,78,74
SUPER_13,7480000,272,31,31,334,110,162
SUPER_13,7490000,125,13,12,150,55,70
SUPER_13,7500000,164,20,21,205,73,91
SUPER_13,7510000,74,8,12,94,37,37
SUPER_13,7520000,198,12,21,231,96,102
SUPER_13,7530000,232,18,28,278,115,117
SUPER_13,7540000,164,11,15,190,84,80
SUPER_13,7550000,69,8,4,81,36,33
SUPER_13,7560000,50,4,6,60,25,25
SUPER_13,7570000,144,8,10,162,65,79
SUPER_13,7580000,134,19,13,166,71,63
SUPER_13,7590000,130,19,15,164,52,78
SUPER_13,7600000,122,9,5,136,61,61
SUPER_13,7610000,68,8,4,80,33,35
SUPER_13,7620000,60,3,5,68,41,19
SUPER_13,7630000,183,17,18,218,91,92
SUPER_13,7640000,262,21,29,312,143,119
SUPER_13,7650000,171,19,18,208,83,88
SUPER_13,7660000,274,15,21,310,145,129
SUPER_13,7670000,214,18,13,245,109,105
SUPER_13,7680000,211,17,23,251,109,102
SUPER_13,7690000,194,18,27,239,92,102
SUPER_13,7700000,210,19,25,254,113,97
SUPER_13,7710000,161,18,11,190,84,77
SUPER_13,7720000,199,15,16,230,93,106
SUPER_13,7730000,190,25,22,237,96,94
SUPER_13,7740000,210,15,20,245,109,101
SUPER_13,7750000,214,27,16,257,103,111
SUPER_13,7760000,105,11,7,123,54,51
SUPER_13,7770000,121,11,14,146,48,73
SUPER_13,7780000,144,6,11,161,62,82
SUPER_13,7790000,179,14,24,217,94,85
SUPER_13,7800000,154,16,18,188,69,85
SUPER_13,7810000,112,13,10,135,61,51
SUPER_13,7820000,127,13,15,155,65,62
SUPER_13,7830000,149,12,12,173,75,74
SUPER_13,7840000,116,7,7,130,60,56
SUPER_13,7850000,125,13,14,152,57,68
SUPER_13,7860000,137,15,9,161,68,69
SUPER_13,7870000,228,20,18,266,119,109
SUPER_13,7880000,221,24,16,261,106,115
SUPER_13,7890000,162,19,20,201,84,78
SUPER_13,7900000,0,0,0,0,0,0
SUPER_13,7910000,0,0,0,0,0,0
SUPER_13,7920000,166,23,17,206,80,86
SUPER_13,7930000,95,8,8,111,42,53
SUPER_13,7940000,216,23,21,260,116,100
SUPER_13,7950000,154,14,19,187,73,81
SUPER_13,7960000,221,16,23,260,103,118
SUPER_13,7970000,227,19,29,275,118,109
SUPER_13,7980000,236,25,21,282,121,115
SUPER_13,7990000,83,6,9,98,43,40
SUPER_13,8000000,116,14,15,145,65,51
SUPER_13,8010000,164,18,18,200,96,68
SUPER_13,8020000,226,20,33,279,102,124
SUPER_13,8030000,100,16,5,121,47,53
SUPER_13,8040000,146,16,9,171,70,76
SUPER_13,8050000,36,5,3,44,19,17
SUPER_13,8060000,48,5,8,61,25,23
SUPER_13,8070000,109,17,16,142,46,63
SUPER_13,8080000,181,24,17,222,89,92
SUPER_13,8090000,146,19,20,185,72,74
SUPER_13,8100000,199,25,13,237,100,99
SUPER_13,8110000,313,27,17,357,152,161
SUPER_13,8120000,168,10,10,188,87,81
SUPER_13,8130000,191,21,19,231,88,103
SUPER_13,8140000,103,6,10,119,49,54
SUPER_13,8150000,87,14,14,115,35,52
SUPER_13,8160000,144,16,10,170,71,73
SUPER_13,8170000,357,52,32,441,173,184
SUPER_13,8180000,238,28,22,288,116,122
SUPER_13,8190000,214,18,20,252,102,112
SUPER_13,8200000,259,26,19,304,125,134
SUPER_13,8210000,252,30,28,310,114,138
SUPER_13,8220000,259,20,20,299,122,137
SUPER_13,8230000,157,18,16,191,73,84
SUPER_13,8240000,129,14,12,155,59,70
SUPER_13,8250000,163,18,7,188,77,86
SUPER_13,8260000,0,0,0,0,0,0
SUPER_13,8270000,0,0,0,0,0,0
SUPER_13,8280000,390,41,29,460,201,189
SUPER_13,8290000,360,34,36,430,172,188
SUPER_13,8300000,175,19,24,218,83,92
SUPER_13,8310000,315,22,26,363,163,152
SUPER_13,8320000,361,46,35,442,181,180
SUPER_13,8330000,229,21,21,271,104,125
SUPER_13,8340000,267,20,23,310,131,136
SUPER_13,8350000,157,18,18,193,84,73
SUPER_13,8360000,217,22,23,262,106,111
SUPER_13,8370000,191,20,13,224,96,95
SUPER_13,8380000,192,17,15,224,104,88
SUPER_13,8390000,123,8,10,141,68,55
SUPER_13,8400000,351,42,35,428,159,192
SUPER_13,8410000,276,27,24,327,138,138
SUPER_13,8420000,402,50,35,487,189,213
SUPER_13,8430000,264,16,16,296,120,144
SUPER_13,8440000,253,25,26,304,115,138
SUPER_13,8450000,265,28,22,315,138,127
SUPER_13,8460000,268,21,35,324,128,140
SUPER_13,8470000,226,20,26,272,112,114
SUPER_13,8480000,136,11,14,161,60,76
SUPER_13,8490000,183,19,11,213,95,88
SUPER_13,8500000,316,35,40,391,146,170
SUPER_13,8510000,183,16,21,220,84,99
SUPER_13,8520000,167,16,17,200,91,76
SUPER_13,8530000,210,23,17,250,98,112
SUPER_13,8540000,166,14,17,197,81,85
SUPER_13,8550000,219,21,13,253,106,113
SUPER_13,8560000,267,26,28,321,121,146
SUPER_13,8570000,430,37,35,502,201,229
SUPER_13,8580000,288,28,22,338,142,146
SUPER_13,8590000,197,19,13,229,108,89
SUPER_13,8600000,191,16,11,218,100,91
SUPER_13,8610000,136,12,15,163,67,69
SUPER_13,8620000,148,10,16,174,64,84
SUPER_13,8630000,167,13,10,190,87,80
SUPER_13,8640000,287,36,34,357,124,163
SUPER_13,8650000,241,19,32,292,123,118
SUPER_13,8660000,266,24,31,321,118,148
SUPER_13,8670000,202,24,15,241,109,93
SUPER_13,8680000,273,29,21,323,129,144
SUPER_13,8690000,173,16,21,210,98,75
SUPER_13,8700000,122,15,13,150,53,69
SUPER_13,8710000,148,14,18,180,75,73
SUPER_13,8720000,237,34,23,294,117,120
SUPER_13,8730000,237,18,18,273,117,120
SUPER_13,8740000,168,11,12,191,88,80
SUPER_13,8750000,169,18,25,212,78,91
SUPER_13,8760000,148,24,13,185,83,65
SUPER_13,8770000,89,8,8,105,42,47
SUPER_13,8780000,124,13,8,145,56,68
SUPER_13,8790000,168,15,10,193,72,96
SUPER_13,8800000,140,15,10,165,54,86
SUPER_13,8810000,132,17,10,159,75,57
SUPER_13,8820000,92,10,5,107,47,45
SUPER_13,8830000,224,24,10,258,120,104
SUPER_13,8840000,247,31,22,300,118,129
SUPER_13,8850000,232,21,24,277,114,118
SUPER_13,8860000,286,26,24,336,126,160
SUPER_13,8870000,338,24,31,393,170,168
SUPER_13,8880000,233,25,16,274,114,119
SUPER_13,8890000,180,19,16,215,83,97
SUPER_13,8900000,256,26,24,306,128,128
SUPER_13,8910000,282,24,26,332,122,160
SUPER_13,8920000,213,22,20,255,116,97
SUPER_13,8930000,187,14,18,219,103,84
SUPER_13,8940000,227,18,23,268,112,115
SUPER_13,8950000,166,12,17,195,90,76
SUPER_13,8960000,119,18,10,147,61,58
SUPER_13,8970000,287,27,25,339,139,148
SUPER_13,8980000,193,18,12,223,99,94
SUPER_13,8990000,144,23,19,186,75,69
SUPER_13,9000000,169,25,14,208,77,92
SUPER_13,9010000,173,19,15,207,81,92
SUPER_13,9020000,97,8,14,119,47,50
SUPER_13,9030000,137,7,10,154,65,72
SUPER_13,9040000,288,26,32,346,141,147
SUPER_13,9050000,265,29,27,321,119,146
SUPER_13,9060000,238,21,28,287,120,118
SUPER_13,9070000,195,20,25,240,99,96
SUPER_13,9080000,326,26,28,380,144,182
SUPER_13,9090000,202,14,15,231,110,92
SUPER_13,9100000,249,17,18,284,117,132
SUPER_13,9110000,223,23,24,270,117,106
SUPER_13,9120000,186,21,15,222,98,88
SUPER_13,9130000,302,22,35,359,149,153
SUPER_13,9140000,205,17,14,236,89,116
SUPER_13,9150000,383,29,32,444,193,190
SUPER_13,9160000,357,22,33,412,176,181
SUPER_13,9170000,185,19,20,224,86,99
SUPER_13,9180000,153,16,12,181,75,78
SUPER_13,9190000,316,38,21,375,160,156
SUPER_13,9200000,202,22,18,242,85,117
SUPER_13,9210000,286,37,30,353,121,165
SUPER_13,9220000,243,27,17,287,110,133
SUPER_13,9230000,416,49,37,502,219,197
SUPER_13,9240000,255,19,25,299,126,129
SUPER_13,9250000,74,10,11,95,37,37
SUPER_13,9260000,304,31,29,364,156,148
SUPER_13,9270000,320,20,30,370,145,175
SUPER_13,9280000,256,17,28,301,125,131
SUPER_13,9290000,380,24,27,431,183,197
SUPER_13,9300000,178,18,13,209,75,103
SUPER_13,9310000,232,20,25,277,112,120
SUPER_13,9320000,254,25,16,295,147,107
SUPER_13,9330000,126,9,13,148,58,68
SUPER_13,9340000,98,5,4,107,44,54
SUPER_13,9350000,167,12,20,199,78,89
SUPER_13,9360000,235,27,33,295,102,133
SUPER_13,9370000,318,25,32,375,161,157
SUPER_13,9380000,253,32,27,312,138,115
SUPER_13,9390000,283,22,15,320,131,152
SUPER_13,9400000,273,31,24,328,155,118
SUPER_13,9410000,236,24,37,297,115,121
SUPER_13,9420000,190,25,12,227,99,91
SUPER_13,9430000,105,13,11,129,42,63
SUPER_13,9440000,214,26,27,267,108,106
SUPER_13,9450000,57,8,8,73,30,27
SUPER_13,9460000,26,5,4,35,13,13
SUPER_13,9470000,46,3,7,56,27,19
SUPER_13,9480000,180,13,13,206,97,83
SUPER_13,9490000,154,19,16,189,69,85
SUPER_13,9500000,212,13,21,246,97,115
SUPER_13,9510000,221,16,26,263,115,106
SUPER_13,9520000,19,1,2,22,10,9
SUPER_13,9530000,170,13,17,200,85,85
SUPER_13,9540000,166,17,13,196,79,87
SUPER_13,9550000,249,24,23,296,115,134
SUPER_13,9560000,205,22,13,240,98,107
SUPER_13,9570000,84,12,9,105,45,39
SUPER_13,9580000,127,12,17,156,57,70
SUPER_13,9590000,191,22,10,223,97,94
SUPER_13,9600000,229,19,20,268,117,112
SUPER_13,9610000,219,28,17,264,113,106
SUPER_13,9620000,165,15,13,193,81,84
SUPER_13,9630000,184,21,16,221,92,92
SUPER_13,9640000,193,21,12,226,97,96
SUPER_13,9650000,303,29,31,363,154,149
SUPER_13,9660000,258,35,21,314,100,158
SUPER_13,9670000,153,12,10,175,77,76
SUPER_13,9680000,239,16,16,271,133,106
SUPER_13,9690000,273,23,25,321,130,143
SUPER_13,9700000,161,20,14,195,71,90
SUPER_13,9710000,203,17,9,229,109,94
SUPER_13,9720000,177,14,16,207,82,95
SUPER_13,9730000,221,20,18,259,115,106
SUPER_13,9740000,220,13,26,259,99,121
SUPER_13,9750000,169,8,11,188,79,90
SUPER_13,9760000,164,11,20,195,66,98
SUPER_13,9770000,244,31,27,302,111,133
SUPER_13,9780000,289,21,32,342,139,150
SUPER_13,9790000,251,24,20,295,113,138
SUPER_13,9800000,237,27,19,283,120,117
SUPER_13,9810000,153,16,15,184,68,85
SUPER_13,9820000,194,10,14,218,104,90
SUPER_13,9830000,257,23,22,302,121,136
SUPER_13,9840000,301,27,27,355,143,158
SUPER_13,9850000,165,27,19,211,81,84
SUPER_13,9860000,240,15,31,286,126,114
SUPER_13,9870000,217,17,16,250,96,121
SUPER_13,9880000,177,9,14,200,98,79
SUPER_13,9890000,209,17,16,242,115,94
SUPER_13,9900000,258,32,22,312,139,119
SUPER_13,9910000,344,36,18,398,168,176
SUPER_13,9920000,184,14,8,206,98,86
SUPER_13,9930000,190,18,15,223,102,88
SUPER_13,9940000,122,8,12,142,62,60
SUPER_13,9950000,26,2,5,33,15,11
SUPER_13,9960000,148,8,11,167,71,77
SUPER_13,9970000,158,15,16,189,85,73
SUPER_13,9980000,253,22,19,294,116,137
SUPER_13,9990000,303,31,19,353,153,150
SUPER_13,10000000,111,6,10,127,60,51
SUPER_13,10010000,261,22,21,304,140,121
SUPER_13,10020000,132,11,3,146,62,70
SUPER_13,10030000,158,15,16,189,86,72
SUPER_13,10040000,45,2,4,51,25,20
SUPER_13,10050000,31,1,3,35,15,16
SUPER_13,10060000,387,33,45,465,176,211
SUPER_13,10070000,168,17,25,210,75,93
SUPER_13,10080000,244,20,23,287,119,125
SUPER_13,10090000,304,35,32,371,140,164
SUPER_13,10100000,203,25,17,245,110,93
SUPER_13,10110000,149,19,15,183,69,80
SUPER_13,10120000,195,22,16,233,82,113
SUPER_13,10130000,270,37,26,333,124,146
SUPER_13,10140000,367,31,41,439,184,183
SUPER_13,10150000,232,19,19,270,104,128
SUPER_13,10160000,119,14,7,140,65,54
SUPER_13,10170000,157,24,11,192,81,76
SUPER_13,10180000,195,21,17,233,105,90
SUPER_13,10190000,325,29,21,375,164,161
SUPER_13,10200000,256,34,34,324,131,125
SUPER_13,10210000,93,10,8,111,48,45
SUPER_13,10220000,160,16,13,189,87,73
SUPER_13,10230000,185,19,24,228,85,100
SUPER_13,10240000,216,20,20,256,116,100
SUPER_13,10250000,125,11,15,151,66,59
SUPER_13,10260000,214,24,22,260,110,104
SUPER_13,10270000,70,8,4,82,42,28
SUPER_13,10280000,156,21,16,193,83,73
SUPER_13,10290000,190,19,18,227,82,108
SUPER_13,10300000,207,21,23,251,99,108
SUPER_13,10310000,160,12,20,192,73,87
SUPER_13,10320000,247,20,25,292,116,131
SUPER_13,10330000,323,27,28,378,165,158
SUPER_13,10340000,235,13,29,277,117,118
SUPER_13,10350000,289,23,22,334,139,150
SUPER_13,10360000,95,9,14,118,48,47
SUPER_13,10370000,74,5,9,88,40,34
SUPER_13,10380000,89,5,10,104,52,37
SUPER_13,10390000,89,11,6,106,40,49
SUPER_13,10400000,142,11,18,171,59,83
SUPER_13,10410000,40,4,3,47,23,17
SUPER_13,10420000,92,8,13,113,49,43
SUPER_13,10430000,195,19,23,237,91,104
SUPER_13,10440000,172,12,19,203,74,98
SUPER_13,10450000,264,27,27,318,135,129
SUPER_13,10460000,215,28,16,259,100,115
SUPER_13,10470000,230,17,19,266,106,124
SUPER_13,10480000,290,32,20,342,137,153
SUPER_13,10490000,232,41,21,294,123,109
SUPER_13,10500000,218,20,11,249,110,108
SUPER_13,10510000,177,22,16,215,83,94
SUPER_13,10520000,108,12,8,128,48,60
SUPER_13,10530000,79,14,6,99,36,43
SUPER_13,10540000,70,8,2,80,41,29
SUPER_13,10550000,105,16,16,137,52,53
SUPER_13,10560000,129,8,16,153,71,58
SUPER_13,10570000,132,15,21,168,61,71
SUPER_13,10580000,90,18,11,119,40,50
SUPER_13,10590000,122,14,12,148,57,65
SUPER_13,10600000,61,5,3,69,30,31
SUPER_13,10610000,84,8,3,95,41,43
SUPER_13,10620000,203,17,19,239,102,101
SUPER_13,10630000,139,16,17,172,73,66
SUPER_13,10640000,273,27,24,324,135,138
SUPER_13,10650000,222,28,20,270,122,100
SUPER_13,10660000,176,17,11,204,95,81
SUPER_13,10670000,299,26,21,346,154,145
SUPER_13,10680000,217,23,30,270,99,118
SUPER_13,10690000,252,18,18,288,127,125
SUPER_13,10700000,186,18,13,217,89,97
SUPER_13,10710000,250,19,23,292,118,132
SUPER_13,10720000,114,8,10,132,45,69
SUPER_13,10730000,237,12,20,269,109,128
SUPER_13,10740000,180,18,17,215,84,96
SUPER_13,10750000,306,32,24,362,149,157
SUPER_13,10760000,270,29,29,328,141,129
SUPER_13,10770000,310,32,27,369,143,167
SUPER_13,10780000,211,15,23,249,95,116
SUPER_13,10790000,268,26,40,334,137,131
SUPER_13,10800000,340,47,23,410,144,196
SUPER_13,10810000,399,30,36,465,186,213
SUPER_13,10820000,71,10,16,97,33,38
SUPER_13,10830000,111,5,9,125,55,56
SUPER_13,10840000,302,43,38,383,139,163
SUPER_13,10850000,324,27,29,380,154,170
SUPER_13,10860000,195,15,18,228,93,102
SUPER_13,10870000,223,22,21,266,113,110
SUPER_13,10880000,133,14,11,158,67,66
SUPER_13,10890000,239,19,27,285,114,125
SUPER_13,10900000,267,22,27,316,120,147
SUPER_13,10910000,251,25,20,296,131,120
SUPER_13,10920000,170,18,27,215,74,96
SUPER_13,10930000,242,22,22,286,119,123
SUPER_13,10940000,253,23,27,303,103,150
SUPER_13,10950000,277,27,23,327,142,135
SUPER_13,10960000,320,34,23,377,147,173
SUPER_13,10970000,229,15,25,269,118,111
SUPER_13,10980000,244,19,35,298,119,125
SUPER_13,10990000,379,30,29,438,186,193
SUPER_13,11000000,359,26,31,416,179,180
SUPER_13,11010000,223,18,24,265,112,111
SUPER_13,11020000,426,45,36,507,190,236
SUPER_13,11030000,490,46,43,579,239,251
SUPER_13,11040000,309,29,31,369,147,162
SUPER_13,11050000,131,7,17,155,57,74
SUPER_13,11060000,153,11,11,175,75,78
SUPER_13,11070000,204,19,18,241,95,109
SUPER_13,11080000,433,41,34,508,220,213
SUPER_13,11090000,93,8,9,110,52,41
SUPER_13,11100000,194,15,20,229,106,88
SUPER_13,11110000,215,17,23,255,107,108
SUPER_13,11120000,311,23,22,356,157,154
SUPER_13,11130000,183,18,14,215,80,103
SUPER_13,11140000,337,30,28,395,181,156
SUPER_13,11150000,129,18,11,158,56,73
SUPER_13,11160000,281,24,18,323,149,132
SUPER_13,11170000,307,20,18,345,162,145
SUPER_13,11180000,307,26,31,364,131,176
SUPER_13,11190000,349,29,44,422,169,180
SUPER_13,11200000,107,11,7,125,52,55
SUPER_13,11210000,381,32,39,452,188,193
SUPER_13,11220000,371,22,34,427,173,198
SUPER_13,11230000,357,49,42,448,181,176
SUPER_13,11240000,381,32,33,446,177,204
SUPER_13,11250000,426,47,47,520,193,233
SUPER_13,11260000,224,22,23,269,115,109
SUPER_13,11270000,279,20,28,327,144,135
SUPER_13,11280000,305,27,21,353,143,162
SUPER_13,11290000,364,41,38,443,190,174
SUPER_13,11300000,322,25,34,381,154,168
SUPER_13,11310000,395,37,39,471,214,181
SUPER_13,11320000,286,18,20,324,152,134
SUPER_13,11330000,315,38,33,386,129,186
SUPER_13,11340000,345,33,23,401,156,189
SUPER_13,11350000,353,38,39,430,177,176
SUPER_13,11360000,339,30,32,401,172,167
SUPER_13,11370000,300,29,34,363,146,154
SUPER_13,11380000,368,29,38,435,169,199
SUPER_13,11390000,78,7,5,90,36,42
SUPER_13,11400000,337,26,35,398,160,177
SUPER_13,11410000,202,23,23,248,99,103
SUPER_13,11420000,233,11,25,269,126,107
SUPER_13,11430000,212,20,20,252,97,115
SUPER_13,11440000,256,27,19,302,137,119
SUPER_13,11450000,197,26,21,244,99,98
SUPER_13,11460000,252,11,19,282,132,120
SUPER_13,11470000,412,45,53,510,183,229
SUPER_13,11480000,302,27,22,351,149,153
SUPER_13,11490000,162,14,8,184,80,82
SUPER_13,11500000,171,15,7,193,77,94
SUPER_13,11510000,187,25,12,224,100,87
SUPER_13,11520000,186,26,24,236,82,104
SUPER_13,11530000,255,17,18,290,131,124
SUPER_13,11540000,232,19,24,275,121,111
SUPER_13,11550000,242,20,23,285,115,127
SUPER_13,11560000,226,25,18,269,105,121
SUPER_13,11570000,200,21,13,234,104,96
SUPER_13,11580000,186,18,10,214,94,92
SUPER_13,11590000,232,18,24,274,102,130
SUPER_13,11600000,226,25,15,266,117,109
SUPER_13,11610000,236,17,24,277,120,116
SUPER_13,11620000,254,22,22,298,124,130
SUPER_13,11630000,249,19,28,296,126,123
SUPER_13,11640000,267,24,24,315,118,149
SUPER_13,11650000,191,25,18,234,87,104
SUPER_13,11660000,276,34,30,340,163,113
SUPER_13,11670000,333,37,30,400,167,166
SUPER_13,11680000,214,14,22,250,104,110
SUPER_13,11690000,225,22,20,267,100,125
SUPER_13,11700000,118,12,7,137,62,56
SUPER_13,11710000,243,25,27,295,125,118
SUPER_13,11720000,307,28,26,361,148,159
SUPER_13,11730000,31,2,2,35,14,17
SUPER_13,11740000,165,21,19,205,87,78
SUPER_13,11750000,219,19,19,257,109,110
SUPER_13,11760000,296,33,29,358,142,154
SUPER_13,11770000,380,34,38,452,206,174
SUPER_13,11780000,334,39,23,396,150,184
SUPER_13,11790000,188,19,23,230,108,80
SUPER_13,11800000,257,21,15,293,133,124
SUPER_13,11810000,260,27,20,307,140,120
SUPER_13,11820000,197,25,12,234,85,112
SUPER_13,11830000,309,28,32,369,133,176
SUPER_13,11840000,389,31,30,450,185,204
SUPER_13,11850000,145,20,13,178,78,67
SUPER_13,11860000,306,26,27,359,164,142
SUPER_13,11870000,98,9,5,112,48,50
SUPER_13,11880000,226,19,20,265,108,118
SUPER_13,11890000,219,27,20,266,99,120
SUPER_13,11900000,226,13,19,258,111,115
SUPER_13,11910000,237,31,26,294,106,131
SUPER_13,11920000,62,6,3,71,39,23
SUPER_13,11930000,264,21,22,307,139,125
SUPER_13,11940000,274,25,18,317,135,139
SUPER_13,11950000,288,35,36,359,140,148
SUPER_13,11960000,398,42,31,471,202,196
SUPER_13,11970000,184,16,21,221,84,100
SUPER_13,11980000,388,31,28,447,169,219
SUPER_13,11990000,436,39,44,519,192,244
SUPER_13,12000000,227,22,21,270,115,112
SUPER_13,12010000,231,27,22,280,112,119
SUPER_13,12020000,340,44,39,423,145,195
SUPER_13,12030000,140,14,7,161,67,73
SUPER_13,12040000,231,21,21,273,120,111
SUPER_13,12050000,312,34,40,386,151,161
SUPER_13,12060000,258,24,21,303,121,137
SUPER_13,12070000,134,11,8,153,60,74
SUPER_13,12080000,350,33,37,420,167,183
SUPER_13,12090000,317,24,30,371,153,164
SUPER_13,12100000,267,17,16,300,124,143
SUPER_13,12110000,298,26,24,348,150,148
SUPER_13,12120000,354,38,36,428,161,193
SUPER_13,12130000,376,28,32,436,198,178
SUPER_13,12140000,141,13,9,163,56,85
SUPER_13,12150000,375,44,46,465,175,200
SUPER_13,12160000,319,27,30,376,151,168
SUPER_13,12170000,186,17,21,224,88,98
SUPER_13,12180000,248,29,24,301,129,119
SUPER_13,12190000,242,19,28,289,117,125
SUPER_13,12200000,287,36,28,351,148,139
SUPER_13,12210000,121,10,14,145,59,62
SUPER_13,12220000,333,25,31,389,148,185
SUPER_13,12230000,344,31,30,405,168,176
SUPER_13,12240000,436,45,44,525,202,234
SUPER_13,12250000,262,23,21,306,118,144
SUPER_13,12260000,284,26,26,336,146,138
SUPER_13,12270000,285,39,19,343,133,152
SUPER_13,12280000,237,26,16,279,110,127
SUPER_13,12290000,236,21,18,275,127,109
SUPER_13,12300000,135,18,5,158,53,82
SUPER_13,12310000,292,22,35,349,138,154
SUPER_13,12320000,309,36,26,371,153,156
SUPER_13,12330000,278,23,30,331,140,138
SUPER_13,12340000,355,47,33,435,176,179
SUPER_13,12350000,179,14,23,216,90,89
SUPER_13,12360000,267,25,16,308,135,132
SUPER_13,12370000,226,17,25,268,111,115
SUPER_13,12380000,323,26,28,377,163,160
SUPER_13,12390000,262,17,21,300,145,117
SUPER_13,12400000,467,44,28,539,227,240
SUPER_13,12410000,338,37,36,411,156,182
SUPER_13,12420000,428,37,42,507,214,214
SUPER_13,12430000,230,27,17,274,114,116
SUPER_13,12440000,13,2,2,17,7,6
SUPER_13,12450000,328,36,22,386,161,167
SUPER_13,12460000,414,32,34,480,209,205
SUPER_13,12470000,163,17,12,192,78,85
SUPER_13,12480000,309,23,35,367,141,168
SUPER_13,12490000,363,26,27,416,192,171
SUPER_13,12500000,403,42,38,483,193,210
SUPER_13,12510000,303,24,29,356,146,157
SUPER_13,12520000,467,39,35,541,205,262
SUPER_13,12530000,335,20,37,392,147,188
SUPER_13,12540000,352,43,29,424,185,167
SUPER_13,12550000,287,17,32,336,140,147
SUPER_13,12560000,124,22,7,153,58,66
SUPER_13,12570000,384,32,30,446,207,177
SUPER_13,12580000,204,11,9,224,115,89
SUPER_13,12590000,228,22,20,270,133,95
SUPER_13,12600000,385,34,37,456,205,180
SUPER_13,12610000,324,37,26,387,162,162
SUPER_13,12620000,357,26,19,402,187,170
SUPER_13,12630000,316,32,22,370,152,164
SUPER_13,12640000,240,18,17,275,122,118
SUPER_13,12650000,320,33,30,383,146,174
SUPER_13,12660000,435,43,36,514,221,214
SUPER_13,12670000,347,36,37,420,166,181
SUPER_13,12680000,208,13,24,245,107,101
SUPER_13,12690000,207,24,20,251,95,112
SUPER_13,12700000,461,42,36,539,207,254
SUPER_13,12710000,383,45,43,471,184,199
SUPER_13,12720000,516,42,43,601,239,277
SUPER_13,12730000,365,27,40,432,164,201
SUPER_13,12740000,385,43,27,455,204,181
SUPER_13,12750000,308,22,27,357,158,150
SUPER_13,12760000,273,19,15,307,141,132
SUPER_13,12770000,247,19,17,283,129,118
SUPER_13,12780000,275,32,18,325,127,148
SUPER_13,12790000,170,19,15,204,86,84
SUPER_13,12800000,218,20,12,250,95,123
SUPER_13,12810000,144,10,12,166,73,71
SUPER_13,12820000,89,6,5,100,50,39
SUPER_13,12830000,305,20,28,353,166,139
SUPER_13,12840000,228,17,13,258,109,119
SUPER_13,12850000,168,16,13,197,96,72
SUPER_13,12860000,376,34,32,442,169,207
SUPER_13,12870000,161,16,17,194,82,79
SUPER_13,12880000,211,20,25,256,106,105
SUPER_13,12890000,272,33,27,332,133,139
SUPER_13,12900000,292,11,4,307,156,136
SUPER_13,12910000,250,30,22,302,129,121
SUPER_13,12920000,243,20,19,282,118,125
SUPER_13,12930000,208,19,23,250,103,105
SUPER_13,12940000,354,36,34,424,177,177
SUPER_13,12950000,268,21,21,310,130,138
SUPER_13,12960000,314,34,31,379,151,163
SUPER_13,12970000,321,32,27,380,159,162
SUPER_13,12980000,367,26,35,428,187,180
SUPER_13,12990000,410,37,28,475,218,192
SUPER_13,13000000,332,27,24,383,160,172
SUPER_13,13010000,205,19,17,241,97,108
SUPER_13,13020000,151,17,11,179,80,71
SUPER_13,13030000,141,17,19,177,80,61
SUPER_13,13040000,83,10,10,103,43,40
SUPER_13,13050000,46,3,4,53,29,17
SUPER_13,13060000,147,17,10,174,78,69
SUPER_13,13070000,150,15,16,181,78,72
SUPER_13,13080000,82,8,11,101,39,43
SUPER_13,13090000,80,14,8,102,45,35
SUPER_13,13100000,41,1,2,44,24,17
SUPER_13,13110000,38,3,1,42,21,17
SUPER_13,13120000,116,12,5,133,60,56
SUPER_13,13130000,33,6,5,44,16,17
SUPER_13,13140000,8,6,1,15,3,5
SUPER_13,13150000,16,3,5,24,7,9
SUPER_13,13160000,24,1,2,27,10,14
SUPER_13,13170000,13,2,0,15,9,4
SUPER_14,10000,47,16,6,69,23,24
SUPER_14,20000,69,3,4,76,41,28
SUPER_14,30000,32,6,4,42,17,15
SUPER_14,40000,59,8,1,68,29,30
SUPER_14,50000,76,7,8,91,41,35
SUPER_14,60000,147,7,13,167,69,78
SUPER_14,70000,227,23,18,268,127,100
SUPER_14,80000,179,22,24,225,80,99
SUPER_14,90000,290,20,18,328,159,131
SUPER_14,100000,203,22,10,235,98,105
SUPER_14,110000,268,29,17,314,137,131
SUPER_14,120000,103,14,6,123,50,53
SUPER_14,130000,235,22,8,265,113,122
SUPER_14,140000,0,0,0,0,0,0
SUPER_14,150000,0,0,0,0,0,0
SUPER_14,160000,270,23,23,316,132,138
SUPER_14,170000,252,24,26,302,113,139
SUPER_14,180000,333,27,29,389,161,172
SUPER_14,190000,216,18,17,251,118,98
SUPER_14,200000,256,20,20,296,127,129
SUPER_14,210000,333,31,30,394,164,169
SUPER_14,220000,176,17,14,207,92,84
SUPER_14,230000,108,11,6,125,60,48
SUPER_14,240000,315,24,30,369,149,166
SUPER_14,250000,359,35,34,428,177,182
SUPER_14,260000,348,37,32,417,164,184
SUPER_14,270000,394,34,37,465,183,211
SUPER_14,280000,405,35,41,481,192,213
SUPER_14,290000,228,29,23,280,111,117
SUPER_14,300000,58,5,9,72,32,26
SUPER_14,310000,329,23,19,371,160,169
SUPER_14,320000,304,26,21,351,167,137
SUPER_14,330000,191,16,10,217,104,87
SUPER_14,340000,82,2,5,89,57,25
SUPER_14,350000,263,23,24,310,139,124
SUPER_14,360000,291,24,25,340,148,143
SUPER_14,370000,314,31,26,371,172,142
SUPER_14,380000,251,19,26,296,122,129
SUPER_14,390000,315,29,21,365,145,170
SUPER_14,400000,71,0,5,76,32,39
SUPER_14,410000,226,19,21,266,114,112
SUPER_14,420000,353,36,34,423,169,184
SUPER_14,430000,260,20,22,302,144,116
SUPER_14,440000,212,19,21,252,98,114
SUPER_14,450000,314,27,29,370,156,158
SUPER_14,460000,213,24,16,253,117,96
SUPER_14,470000,132,13,13,158,68,64
SUPER_14,480000,369,44,33,446,180,189
SUPER_14,490000,366,52,27,445,193,173
SUPER_14,500000,302,33,31,366,139,163
SUPER_14,510000,305,23,19,347,138,167
SUPER_14,520000,300,29,36,365,135,165
SUPER_14,530000,180,13,22,215,79,101
SUPER_14,540000,303,11,10,324,191,112
SUPER_14,550000,121,9,6,136,72,49
SUPER_14,560000,321,36,24,381,164,157
SUPER_14,570000,278,29,32,339,141,137
SUPER_14,580000,238,19,15,272,120,118
SUPER_14,590000,265,22,21,308,116,149
SUPER_14,600000,340,36,33,409,163,177
SUPER_14,610000,226,20,10,256,110,116
SUPER_14,620000,328,34,24,386,166,162
SUPER_14,630000,269,28,24,321,125,144
SUPER_14,640000,329,31,34,394,159,170
SUPER_14,650000,403,41,29,473,188,215
SUPER_14,660000,288,22,25,335,134,154
SUPER_14,670000,360,38,33,431,189,171
SUPER_14,680000,283,24,28,335,145,138
SUPER_14,690000,327,28,28,383,157,170
SUPER_14,700000,210,24,10,244,104,106
SUPER_14,710000,247,24,20,291,132,115
SUPER_14,720000,181,15,4,200,90,91
SUPER_14,730000,241,21,18,280,114,127
SUPER_14,740000,343,39,22,404,144,199
SUPER_14,750000,365,31,20,416,181,184
SUPER_14,760000,242,18,24,284,130,112
SUPER_14,770000,227,15,20,262,91,136
SUPER_14,780000,284,24,15,323,142,142
SUPER_14,790000,318,26,30,374,164,154
SUPER_14,800000,267,20,23,310,126,141
SUPER_14,810000,179,12,9,200,86,93
SUPER_14,820000,132,7,9,148,72,60
SUPER_14,830000,198,22,19,239,89,109
SUPER_14,840000,103,7,3,113,56,47
SUPER_14,850000,286,31,21,338,135,151
SUPER_14,860000,129,10,13,152,69,60
SUPER_14,870000,341,34,23,398,167,174
SUPER_14,880000,260,23,25,308,125,135
SUPER_14,890000,235,21,20,276,116,119
SUPER_14,900000,333,38,30,401,168,165
SUPER_14,910000,345,41,26,412,179,166
SUPER_14,920000,364,29,28,421,183,181
SUPER_14,930000,405,37,29,471,195,210
SUPER_14,940000,390,33,35,458,192,198
SUPER_14,950000,236,22,23,281,120,116
SUPER_14,960000,283,40,33,356,147,136
SUPER_14,970000,146,18,8,172,69,77
SUPER_14,980000,375,45,28,448,190,185
SUPER_14,990000,267,23,15,305,119,148
SUPER_14,1000000,324,31,22,377,153,171
SUPER_14,1010000,191,18,19,228,94,97
SUPER_14,1020000,405,48,37,490,191,214
SUPER_14,1030000,219,14,15,248,108,111
SUPER_14,1040000,169,13,20,202,89,80
SUPER_14,1050000,354,38,26,418,182,172
SUPER_14,1060000,277,32,25,334,138,139
SUPER_14,1070000,445,36,40,521,210,235
SUPER_14,1080000,337,30,30,397,188,149
SUPER_14,1090000,262,29,18,309,131,131
SUPER_14,1100000,329,28,33,390,173,156
SUPER_14,1110000,424,35,45,504,200,224
SUPER_14,1120000,297,23,30,350,141,156
SUPER_14,1130000,260,17,13,290,144,116
SUPER_14,1140000,252,27,30,309,126,126
SUPER_14,1150000,50,4,9,63,23,27
SUPER_14,1160000,344,41,39,424,168,176
SUPER_14,1170000,344,33,30,407,165,179
SUPER_14,1180000,410,51,30,491,205,205
SUPER_14,1190000,331,42,33,406,145,186
SUPER_14,1200000,20,3,3,26,10,10
SUPER_14,1210000,251,20,21,292,122,129
SUPER_14,1220000,171,15,16,202,82,89
SUPER_14,1230000,297,33,31,361,153,144
SUPER_14,1240000,423,43,40,506,214,209
SUPER_14,1250000,365,33,39,437,185,180
SUPER_14,1260000,346,26,39,411,174,172
SUPER_14,1270000,192,21,16,229,105,87
SUPER_14,1280000,154,14,12,180,74,80
SUPER_14,1290000,206,22,17,245,94,112
SUPER_14,1300000,428,39,32,499,229,199
SUPER_14,1310000,314,37,34,385,141,173
SUPER_14,1320000,203,13,18,234,114,89
SUPER_14,1330000,260,35,32,327,111,149
SUPER_14,1340000,166,14,14,194,92,74
SUPER_14,1350000,204,25,22,251,104,100
SUPER_14,1360000,227,22,23,272,107,120
SUPER_14,1370000,221,22,14,257,93,128
SUPER_14,1380000,175,13,12,200,75,100
SUPER_14,1390000,379,46,32,457,178,201
SUPER_14,1400000,214,19,18,251,122,92
SUPER_14,1410000,175,18,14,207,98,77
SUPER_14,1420000,206,14,25,245,100,106
SUPER_14,1430000,199,13,18,230,97,102
SUPER_14,1440000,0,1,0,1,0,0
SUPER_14,1450000,8,1,0,9,4,4
SUPER_14,1460000,371,26,31,428,197,174
SUPER_14,1470000,178,12,14,204,85,93
SUPER_14,1480000,385,21,29,435,179,206
SUPER_14,1490000,279,29,21,329,142,137
SUPER_14,1500000,355,31,22,408,177,178
SUPER_14,1510000,408,35,39,482,207,201
SUPER_14,1520000,355,29,30,414,184,171
SUPER_14,1530000,111,9,8,128,51,60
SUPER_14,1540000,321,30,32,383,161,160
SUPER_14,1550000,335,30,31,396,160,175
SUPER_14,1560000,253,31,29,313,107,146
SUPER_14,1570000,146,10,23,179,73,73
SUPER_14,1580000,319,33,31,383,159,160
SUPER_14,1590000,396,38,41,475,200,196
SUPER_14,1600000,225,13,24,262,108,117
SUPER_14,1610000,342,37,33,412,166,176
SUPER_14,1620000,107,11,8,126,53,54
SUPER_14,1630000,269,27,34,330,132,137
SUPER_14,1640000,412,28,47,487,207,205
SUPER_14,1650000,371,36,25,432,212,159
SUPER_14,1660000,310,32,30,372,146,164
SUPER_14,1670000,328,28,36,392,166,162
SUPER_14,1680000,284,29,34,347,128,156
SUPER_14,1690000,82,8,6,96,43,39
SUPER_14,1700000,20,6,2,28,8,12
SUPER_14,1710000,255,20,32,307,133,122
SUPER_14,1720000,151,6,9,166,72,79
SUPER_14,1730000,61,3,5,69,25,36
SUPER_14,1740000,209,21,27,257,108,101
SUPER_14,1750000,240,14,18,272,119,121
SUPER_14,1760000,248,13,17,278,134,114
SUPER_14,1770000,264,28,16,308,140,124
SUPER_14,1780000,246,22,25,293,118,128
SUPER_14,1790000,222,19,24,265,102,120
SUPER_14,1800000,322,30,36,388,160,162
SUPER_14,1810000,152,15,12,179,78,74
SUPER_14,1820000,40,4,4,48,18,22
SUPER_14,1830000,2,1,0,3,1,1
SUPER_14,1840000,8,0,0,8,6,2
SUPER_14,1850000,302,28,35,365,140,162
SUPER_14,1860000,336,33,33,402,164,172
SUPER_14,1870000,310,28,33,371,147,163
SUPER_14,1880000,343,28,36,407,169,174
SUPER_14,1890000,312,35,32,379,147,165
SUPER_14,1900000,378,35,41,454,184,194
SUPER_14,1910000,322,29,31,382,144,178
SUPER_14,1920000,320,28,21,369,143,177
SUPER_14,1930000,476,51,56,583,215,261
SUPER_14,1940000,0,0,0,0,0,0
SUPER_14,1950000,0,0,0,0,0,0
SUPER_14,1960000,556,56,47,659,277,279
SUPER_14,1970000,219,14,21,254,123,96
SUPER_14,1980000,1,0,0,1,0,1
SUPER_14,1990000,250,20,22,292,111,139
SUPER_14,2000000,362,31,28,421,166,196
SUPER_14,2010000,199,15,7,221,98,101
SUPER_14,2020000,33,1,4,38,15,18
SUPER_14,2030000,177,7,11,195,100,77
SUPER_14,2040000,90,5,11,106,48,42
SUPER_14,2050000,283,22,25,330,147,136
SUPER_14,2060000,371,36,28,435,185,186
SUPER_14,2070000,220,22,18,260,126,94
SUPER_14,2080000,222,18,16,256,108,114
SUPER_14,2090000,299,32,29,360,163,136
SUPER_14,2100000,201,19,21,241,100,101
SUPER_14,2110000,276,26,28,330,138,138
SUPER_14,2120000,169,21,8,198,80,89
SUPER_14,2130000,124,13,15,152,58,66
SUPER_14,2140000,215,10,17,242,98,117
SUPER_14,2150000,237,33,24,294,119,118
SUPER_14,2160000,263,22,28,313,125,138
SUPER_14,2170000,173,19,17,209,85,88
SUPER_14,2180000,165,20,21,206,81,84
SUPER_14,2190000,180,19,17,216,84,96
SUPER_14,2200000,306,29,27,362,146,160
SUPER_14,2210000,385,26,45,456,165,220
SUPER_14,2220000,297,26,24,347,130,167
SUPER_14,2230000,344,27,39,410,186,158
SUPER_14,2240000,309,26,35,370,149,160
SUPER_14,2250000,262,19,24,305,134,128
SUPER_14,2260000,158,22,17,197,69,89
SUPER_14,2270000,272,33,23,328,142,130
SUPER_14,2280000,107,11,12,130,57,50
SUPER_14,2290000,268,24,21,313,125,143
SUPER_14,2300000,102,9,10,121,51,51
SUPER_14,2310000,289,31,37,357,140,149
SUPER_14,2320000,369,35,26,430,200,169
SUPER_14,2330000,254,22,24,300,127,127
SUPER_14,2340000,368,44,41,453,177,191
SUPER_14,2350000,235,20,26,281,109,126
SUPER_14,2360000,273,33,27,333,134,139
SUPER_14,2370000,118,12,4,134,55,63
SUPER_14,2380000,233,28,16,277,117,116
SUPER_14,2390000,82,11,7,100,46,36
SUPER_14,2400000,191,23,18,232,89,102
SUPER_14,2410000,263,17,16,296,131,132
SUPER_14,2420000,280,36,23,339,129,151
SUPER_14,2430000,319,33,33,385,146,173
SUPER_14,2440000,396,36,33,465,187,209
SUPER_14,2450000,352,26,31,409,174,178
SUPER_14,2460000,346,33,48,427,153,193
SUPER_14,2470000,423,39,28,490,213,210
SUPER_14,2480000,372,43,23,438,192,180
SUPER_14,2490000,319,26,30,375,180,139
SUPER_14,2500000,439,36,38,513,209,230
SUPER_14,2510000,334,31,34,399,163,171
SUPER_14,2520000,333,34,37,404,168,165
SUPER_14,2530000,260,21,23,304,117,143
SUPER_14,2540000,172,14,17,203,77,95
SUPER_14,2550000,206,21,16,243,99,107
SUPER_14,2560000,95,9,10,114,46,49
SUPER_14,2570000,455,54,47,556,231,224
SUPER_14,2580000,338,34,36,408,146,192
SUPER_14,2590000,401,41,38,480,191,210
SUPER_14,2600000,243,17,21,281,118,125
SUPER_14,2610000,308,27,29,364,155,153
SUPER_14,2620000,367,42,28,437,179,188
SUPER_14,2630000,95,7,7,109,53,42
SUPER_14,2640000,319,36,29,384,156,163
SUPER_14,2650000,358,38,39,435,170,188
SUPER_14,2660000,364,31,23,418,178,186
SUPER_14,2670000,212,25,26,263,107,105
SUPER_14,2680000,269,21,28,318,141,128
SUPER_14,2690000,379,29,25,433,173,206
SUPER_14,2700000,376,32,35,443,189,187
SUPER_14,2710000,268,25,26,319,117,151
SUPER_14,2720000,318,33,33,384,151,167
SUPER_14,2730000,248,28,27,303,104,144
SUPER_14,2740000,235,16,24,275,122,113
SUPER_14,2750000,254,32,27,313,117,137
SUPER_14,2760000,268,35,29,332,116,152
SUPER_14,2770000,400,34,28,462,206,194
SUPER_14,2780000,385,34,43,462,160,225
SUPER_14,2790000,319,32,40,391,145,174
SUPER_14,2800000,305,30,37,372,128,177
SUPER_14,2810000,272,18,31,321,132,140
SUPER_14,2820000,310,20,33,363,144,166
SUPER_14,2830000,269,34,18,321,114,155
SUPER_14,2840000,139,19,13,171,67,72
SUPER_14,2850000,281,28,22,331,142,139
SUPER_14,2860000,302,29,29,360,142,160
SUPER_14,2870000,262,26,20,308,135,127
SUPER_14,2880000,274,18,21,313,135,139
SUPER_14,2890000,207,24,27,258,95,112
SUPER_14,2900000,218,23,28,269,109,109
SUPER_14,2910000,291,32,20,343,122,169
SUPER_14,2920000,329,38,35,402,156,173
SUPER_14,2930000,171,20,14,205,81,90
SUPER_14,2940000,327,34,23,384,166,161
SUPER_14,2950000,273,26,23,322,135,138
SUPER_14,2960000,320,24,32,376,167,153
SUPER_14,2970000,237,30,19,286,123,114
SUPER_14,2980000,339,29,33,401,160,179
SUPER_14,2990000,288,37,32,357,149,139
SUPER_14,3000000,318,27,44,389,174,144
SUPER_14,3010000,342,39,24,405,156,186
SUPER_14,3020000,243,27,21,291,112,131
SUPER_14,3030000,293,30,32,355,147,146
SUPER_14,3040000,261,23,19,303,128,133
SUPER_14,3050000,302,33,23,358,152,150
SUPER_14,3060000,270,23,37,330,130,140
SUPER_14,3070000,249,30,20,299,127,122
SUPER_14,3080000,371,34,33,438,190,181
SUPER_14,3090000,114,6,8,128,46,68
SUPER_14,3100000,262,31,23,316,129,133
SUPER_14,3110000,337,39,30,406,181,156
SUPER_14,3120000,369,29,34,432,193,176
SUPER_14,3130000,273,23,18,314,140,133
SUPER_14,3140000,317,32,24,373,154,163
SUPER_14,3150000,253,30,12,295,107,146
SUPER_14,3160000,169,23,14,206,86,83
SUPER_14,3170000,208,18,21,247,104,104
SUPER_14,3180000,314,27,33,374,142,172
SUPER_14,3190000,273,20,17,310,132,141
SUPER_14,3200000,153,13,18,184,71,82
SUPER_14,3210000,255,23,13,291,135,120
SUPER_14,3220000,170,12,23,205,85,85
SUPER_14,3230000,249,26,27,302,125,124
SUPER_14,3240000,317,18,27,362,167,150
SUPER_14,3250000,124,16,15,155,69,55
SUPER_14,3260000,182,17,16,215,103,79
SUPER_14,3270000,129,20,22,171,60,69
SUPER_14,3280000,84,9,11,104,47,37
SUPER_14,3290000,151,8,9,168,89,62
SUPER_14,3300000,259,22,30,311,127,132
SUPER_14,3310000,170,15,22,207,94,76
SUPER_14,3320000,168,17,18,203,76,92
SUPER_14,3330000,208,19,26,253,107,101
SUPER_14,3340000,238,22,22,282,125,113
SUPER_14,3350000,266,25,29,320,127,139
SUPER_14,3360000,114,9,9,132,51,63
SUPER_14,3370000,362,40,27,429,175,187
SUPER_14,3380000,147,17,21,185,70,77
SUPER_14,3390000,248,35,31,314,128,120
SUPER_14,3400000,208,21,12,241,111,97
SUPER_14,3410000,291,23,26,340,147,144
SUPER_14,3420000,256,20,27,303,134,122
SUPER_14,3430000,132,16,7,155,68,64
SUPER_14,3440000,346,28,28,402,156,190
SUPER_14,3450000,166,15,19,200,92,74
SUPER_14,3460000,265,21,32,318,121,144
SUPER_14,3470000,130,17,14,161,68,62
SUPER_14,3480000,163,21,15,199,74,89
SUPER_14,3490000,187,15,18,220,94,93
SUPER_14,3500000,169,15,16,200,86,83
SUPER_14,3510000,229,18,19,266,124,105
SUPER_14,3520000,149,19,12,180,78,71
SUPER_14,3530000,337,26,45,408,164,173
SUPER_14,3540000,362,35,35,432,174,188
SUPER_14,3550000,421,41,44,506,199,222
SUPER_14,3560000,212,22,17,251,94,118
SUPER_14,3570000,398,28,43,469,183,215
SUPER_14,3580000,457,39,41,537,218,239
SUPER_14,3590000,329,34,35,398,157,172
SUPER_14,3600000,224,14,20,258,118,106
SUPER_14,3610000,401,34,21,456,194,207
SUPER_14,3620000,371,30,37,438,180,191
SUPER_14,3630000,268,31,25,324,126,142
SUPER_14,3640000,297,26,20,343,143,154
SUPER_14,3650000,168,15,19,202,80,88
SUPER_14,3660000,190,15,18,223,96,94
SUPER_14,3670000,237,20,23,280,107,130
SUPER_14,3680000,230,18,23,271,104,126
SUPER_14,3690000,233,29,23,285,120,113
SUPER_14,3700000,295,18,29,342,124,171
SUPER_14,3710000,279,20,19,318,144,135
SUPER_14,3720000,315,35,42,392,161,154
SUPER_14,3730000,277,24,29,330,138,139
SUPER_14,3740000,274,32,26,332,122,152
SUPER_14,3750000,291,27,24,342,129,162
SUPER_14,3760000,229,23,19,271,119,110
SUPER_14,3770000,123,6,8,137,62,61
SUPER_14,3780000,272,33,27,332,113,159
SUPER_14,3790000,296,29,22,347,154,142
SUPER_14,3800000,268,29,24,321,124,144
SUPER_14,3810000,352,32,29,413,171,181
SUPER_14,3820000,264,20,30,314,124,140
SUPER_14,3830000,305,31,38,374,137,168
SUPER_14,3840000,228,33,20,281,109,119
SUPER_14,3850000,275,21,38,334,144,131
SUPER_14,3860000,283,43,13,339,145,138
SUPER_14,3870000,295,20,32,347,143,152
SUPER_14,3880000,140,12,17,169,69,71
SUPER_14,3890000,71,9,5,85,32,39
SUPER_14,3900000,183,22,20,225,104,79
SUPER_14,3910000,285,29,36,350,137,148
SUPER_14,3920000,244,25,33,302,119,125
SUPER_14,3930000,232,24,28,284,105,127
SUPER_14,3940000,253,26,31,310,112,141
SUPER_14,3950000,273,33,29,335,130,143
SUPER_14,3960000,273,25,25,323,132,141
SUPER_14,3970000,99,5,12,116,48,51
SUPER_14,3980000,263,33,20,316,128,135
SUPER_14,3990000,235,13,29,277,125,110
SUPER_14,4000000,306,20,21,347,141,165
SUPER_14,4010000,298,33,20,351,152,146
SUPER_14,4020000,273,17,22,312,130,143
SUPER_14,4030000,334,45,34,413,156,178
SUPER_14,4040000,212,19,19,250,98,114
SUPER_14,4050000,274,23,39,336,127,147
SUPER_14,4060000,290,28,22,340,142,148
SUPER_14,4070000,261,35,25,321,131,130
SUPER_14,4080000,302,24,22,348,160,142
SUPER_14,4090000,242,27,27,296,121,121
SUPER_14,4100000,225,19,13,257,109,116
SUPER_14,4110000,300,38,33,371,151,149
SUPER_14,4120000,150,8,17,175,80,70
SUPER_14,4130000,337,32,32,401,154,183
SUPER_14,4140000,275,33,26,334,149,126
SUPER_14,4150000,137,20,15,172,66,71
SUPER_14,4160000,81,8,9,98,37,44
SUPER_14,4170000,30,2,3,35,17,13
SUPER_14,4180000,103,10,14,127,57,46
SUPER_14,4190000,311,23,24,358,166,145
SUPER_14,4200000,295,39,30,364,144,151
SUPER_14,4210000,180,27,18,225,87,93
SUPER_14,4220000,135,12,12,159,83,52
SUPER_14,4230000,204,12,20,236,112,92
SUPER_14,4240000,130,11,17,158,58,72
SUPER_14,4250000,271,23,21,315,118,153
SUPER_14,4260000,303,27,24,354,142,161
SUPER_14,4270000,358,31,37,426,164,194
SUPER_14,4280000,302,24,25,351,123,179
SUPER_14,4290000,185,29,17,231,90,95
SUPER_14,4300000,313,29,34,376,144,169
SUPER_14,4310000,98,7,11,116,42,56
SUPER_14,4320000,278,30,38,346,126,152
SUPER_14,4330000,349,28,40,417,166,183
SUPER_14,4340000,224,18,16,258,118,106
SUPER_14,4350000,238,22,19,279,100,138
SUPER_14,4360000,283,31,27,341,127,156
SUPER_14,4370000,266,25,19,310,121,145
SUPER_14,4380000,339,39,23,401,169,170
SUPER_14,4390000,327,24,33,384,158,169
SUPER_14,4400000,296,29,27,352,135,161
SUPER_14,4410000,224,27,22,273,109,115
SUPER_14,4420000,279,36,26,341,134,145
SUPER_14,4430000,298,31,24,353,140,158
SUPER_14,4440000,265,26,22,313,125,140
SUPER_14,4450000,364,42,34,440,156,208
SUPER_14,4460000,236,14,25,275,125,111
SUPER_14,4470000,361,50,29,440,171,190
SUPER_14,4480000,369,40,47,456,177,192
SUPER_14,4490000,201,36,20,257,88,113
SUPER_14,4500000,153,13,11,177,76,77
SUPER_14,4510000,78,5,6,89,41,37
SUPER_14,4520000,32,2,5,39,13,19
SUPER_14,4530000,116,9,4,129,55,61
SUPER_14,4540000,202,18,25,245,101,101
SUPER_14,4550000,170,15,20,205,89,81
SUPER_14,4560000,40,5,5,50,17,23
SUPER_14,4570000,65,4,10,79,30,35
SUPER_14,4580000,190,17,18,225,104,86
SUPER_14,4590000,105,10,6,121,57,48
SUPER_14,4600000,166,24,21,211,66,100
SUPER_14,4610000,145,14,16,175,79,66
SUPER_14,4620000,271,29,29,329,136,135
SUPER_14,4630000,222,21,25,268,111,111
SUPER_14,4640000,275,17,24,316,131,144
SUPER_14,4650000,199,19,19,237,98,101
SUPER_14,4660000,81,9,12,102,41,40
SUPER_14,4670000,64,8,6,78,29,35
SUPER_14,4680000,51,8,6,65,26,25
SUPER_14,4690000,39,3,6,48,22,17
SUPER_14,4700000,103,13,9,125,54,49
SUPER_14,4710000,206,15,23,244,84,122
SUPER_14,4720000,152,21,10,183,82,70
SUPER_14,4730000,110,10,9,129,46,64
SUPER_14,4740000,206,24,14,244,106,100
SUPER_14,4750000,207,21,16,244,83,124
SUPER_14,4760000,62,8,8,78,28,34
SUPER_14,4770000,136,15,12,163,63,73
SUPER_14,4780000,199,15,17,231,104,95
SUPER_14,4790000,98,6,7,111,52,46
SUPER_14,4800000,182,14,14,210,99,83
SUPER_14,4810000,135,13,14,162,65,70
SUPER_14,4820000,120,11,9,140,56,64
SUPER_14,4830000,1,0,0,1,1,0
SUPER_14,4840000,1,0,0,1,0,1
SUPER_14,4850000,2,0,0,2,0,2
SUPER_14,4860000,38,3,4,45,20,18
SUPER_14,4870000,57,2,6,65,31,26
SUPER_14,4880000,181,12,10,203,90,91
SUPER_14,4890000,126,10,12,148,52,74
SUPER_14,4900000,270,29,17,316,137,133
SUPER_14,4910000,307,27,35,369,133,174
SUPER_14,4920000,244,20,24,288,108,136
SUPER_14,4930000,108,13,13,134,54,54
SUPER_14,4940000,144,18,15,177,72,72
SUPER_14,4950000,158,25,13,196,76,82
SUPER_14,4960000,177,21,27,225,76,101
SUPER_14,4970000,140,16,13,169,64,76
SUPER_14,4980000,164,20,19,203,82,82
SUPER_14,4990000,33,3,2,38,21,12
SUPER_14,5000000,61,7,5,73,30,31
SUPER_14,5010000,86,10,11,107,45,41
SUPER_14,5020000,106,11,16,133,51,55
SUPER_14,5030000,100,12,5,117,46,54
SUPER_14,5040000,156,14,11,181,87,69
SUPER_14,5050000,117,13,22,152,56,61
SUPER_14,5060000,149,14,13,176,76,73
SUPER_14,5070000,94,8,15,117,41,53
SUPER_14,5080000,71,6,7,84,31,40
SUPER_14,5090000,123,8,4,135,57,66
SUPER_14,5100000,234,28,19,281,129,105
SUPER_14,5110000,271,34,27,332,134,137
SUPER_14,5120000,128,15,11,154,59,69
SUPER_14,5130000,194,18,14,226,96,98
SUPER_14,5140000,153,15,15,183,75,78
SUPER_14,5150000,215,18,26,259,107,108
SUPER_14,5160000,162,23,11,196,81,81
SUPER_14,5170000,220,13,18,251,102,118
SUPER_14,5180000,0,0,0,0,0,0
SUPER_14,5190000,0,0,0,0,0,0
SUPER_14,5200000,369,39,46,454,175,194
SUPER_14,5210000,203,25,26,254,103,100
SUPER_14,5220000,193,17,21,231,86,107
SUPER_14,5230000,306,38,32,376,135,171
SUPER_14,5240000,225,17,21,263,104,121
SUPER_14,5250000,107,21,7,135,49,58
SUPER_14,5260000,27,2,1,30,15,12
SUPER_14,5270000,203,13,21,237,97,106
SUPER_14,5280000,176,16,24,216,87,89
SUPER_14,5290000,106,5,8,119,62,44
SUPER_14,5300000,106,9,15,130,52,54
SUPER_14,5310000,118,15,24,157,55,63
SUPER_14,5320000,55,11,7,73,33,22
SUPER_14,5330000,113,17,10,140,55,58
SUPER_14,5340000,81,12,11,104,36,45
SUPER_14,5350000,25,3,3,31,13,12
SUPER_14,5360000,82,6,6,94,40,42
SUPER_14,5370000,93,9,7,109,43,50
SUPER_14,5380000,101,11,11,123,56,45
SUPER_14,5390000,114,13,12,139,52,62
SUPER_14,5400000,110,17,6,133,67,43
SUPER_14,5410000,155,16,13,184,73,82
SUPER_14,5420000,214,23,16,253,114,100
SUPER_14,5430000,88,10,7,105,39,49
SUPER_14,5440000,120,12,12,144,65,55
SUPER_14,5450000,164,17,15,196,76,88
SUPER_14,5460000,122,16,14,152,47,75
SUPER_14,5470000,151,11,11,173,82,69
SUPER_14,5480000,46,3,8,57,21,25
SUPER_14,5490000,192,14,16,222,97,95
SUPER_14,5500000,141,13,10,164,52,89
SUPER_14,5510000,178,19,18,215,91,87
SUPER_14,5520000,326,30,38,394,171,155
SUPER_14,5530000,169,18,14,201,78,91
SUPER_14,5540000,112,7,17,136,52,60
SUPER_14,5550000,147,20,26,193,73,74
SUPER_14,5560000,198,15,17,230,108,90
SUPER_14,5570000,240,17,22,279,116,124
SUPER_14,5580000,155,9,19,183,77,78
SUPER_14,5590000,168,21,18,207,74,94
SUPER_14,5600000,163,19,13,195,64,99
SUPER_14,5610000,46,6,3,55,22,24
SUPER_14,5620000,85,12,13,110,44,41
SUPER_14,5630000,101,9,7,117,45,56
SUPER_14,5640000,24,4,4,32,12,12
SUPER_14,5650000,72,8,7,87,29,43
SUPER_14,5660000,46,5,9,60,20,26
SUPER_14,5670000,94,11,12,117,53,41
SUPER_14,5680000,73,8,11,92,27,46
SUPER_14,5690000,112,8,6,126,61,51
SUPER_14,5700000,106,10,11,127,59,47
SUPER_14,5710000,95,10,11,116,55,40
SUPER_14,5720000,149,16,20,185,83,66
SUPER_14,5730000,85,14,10,109,45,40
SUPER_14,5740000,86,10,2,98,40,46
SUPER_14,5750000,29,2,2,33,16,13
SUPER_14,5760000,50,2,1,53,29,21
SUPER_14,5770000,134,8,8,150,66,68
SUPER_14,5780000,83,13,5,101,44,39
SUPER_14,5790000,89,3,3,95,46,43
SUPER_14,5800000,53,8,8,69,27,26
SUPER_14,5810000,168,14,21,203,90,78
SUPER_14,5820000,106,14,10,130,54,52
SUPER_14,5830000,117,12,7,136,62,55
SUPER_14,5840000,214,20,20,254,103,111
SUPER_14,5850000,157,16,11,184,71,86
SUPER_14,5860000,52,5,5,62,25,27
SUPER_14,5870000,81,13,6,100,42,39
SUPER_14,5880000,242,23,36,301,110,132
SUPER_14,5890000,26,2,4,32,10,16
SUPER_14,5900000,79,9,5,93,40,39
SUPER_14,5910000,98,15,10,123,50,48
SUPER_14,5920000,120,18,16,154,57,63
SUPER_14,5930000,113,11,17,141,53,60
SUPER_14,5940000,192,20,22,234,94,98
SUPER_14,5950000,176,17,21,214,73,103
SUPER_14,5960000,245,26,29,300,120,125
SUPER_14,5970000,167,14,13,194,72,95
SUPER_14,5980000,227,17,24,268,124,103
SUPER_14,5990000,330,27,44,401,151,179
SUPER_14,6000000,174,21,15,210,87,87
SUPER_14,6010000,205,18,23,246,102,103
SUPER_14,6020000,287,28,34,349,149,138
SUPER_14,6030000,210,23,19,252,113,97
SUPER_14,6040000,231,29,25,285,117,114
SUPER_14,6050000,232,24,20,276,122,110
SUPER_14,6060000,252,22,21,295,115,137
SUPER_14,6070000,228,15,18,261,118,110
SUPER_14,6080000,210,26,21,257,102,108
SUPER_14,6090000,150,8,18,176,76,74
SUPER_14,6100000,37,6,2,45,26,11
SUPER_14,6110000,163,13,26,202,70,93
SUPER_14,6120000,152,31,15,198,70,82
SUPER_14,6130000,274,31,25,330,127,147
SUPER_14,6140000,213,19,26,258,106,107
SUPER_14,6150000,122,12,14,148,60,62
SUPER_14,6160000,41,2,2,45,21,20
SUPER_14,6170000,64,9,10,83,29,35
SUPER_14,6180000,23,2,5,30,15,8
SUPER_14,6190000,25,3,2,30,12,13
SUPER_14,6200000,56,7,5,68,28,28
SUPER_14,6210000,133,7,16,156,69,64
SUPER_14,6220000,242,23,25,290,109,133
SUPER_14,6230000,190,19,14,223,84,106
SUPER_14,6240000,142,14,18,174,83,59
SUPER_14,6250000,235,20,20,275,114,121
SUPER_14,6260000,42,4,6,52,22,20
SUPER_14,6270000,160,20,16,196,84,76
SUPER_14,6280000,163,16,12,191,73,90
SUPER_14,6290000,264,27,26,317,135,129
SUPER_14,6300000,84,10,5,99,43,41
SUPER_14,6310000,269,27,15,311,132,137
SUPER_14,6320000,232,27,30,289,95,137
SUPER_14,6330000,284,23,37,344,128,156
SUPER_14,6340000,227,14,23,264,106,121
SUPER_14,6350000,239,30,18,287,107,132
SUPER_14,6360000,252,27,28,307,121,131
SUPER_14,6370000,157,19,13,189,94,63
SUPER_14,6380000,207,17,21,245,93,114
SUPER_14,6390000,298,24,32,354,141,157
SUPER_14,6400000,126,10,19,155,60,66
SUPER_14,6410000,133,21,6,160,69,64
SUPER_14,6420000,66,5,5,76,33,33
SUPER_14,6430000,205,25,19,249,102,103
SUPER_14,6440000,169,18,18,205,77,92
SUPER_14,6450000,168,23,22,213,83,85
SUPER_14,6460000,129,18,15,162,70,59
SUPER_14,6470000,264,28,36,328,129,135
SUPER_14,6480000,144,20,15,179,71,73
SUPER_14,6490000,140,21,15,176,63,77
SUPER_14,6500000,37,7,9,53,20,17
SUPER_14,6510000,123,14,11,148,67,56
SUPER_14,6520000,106,11,12,129,47,59
SUPER_14,6530000,198,23,15,236,107,91
SUPER_14,6540000,202,14,19,235,101,101
SUPER_14,6550000,233,27,39,299,101,132
SUPER_14,6560000,122,9,17,148,53,69
SUPER_14,6570000,169,15,16,200,68,101
SUPER_14,6580000,95,13,12,120,54,41
SUPER_14,6590000,55,9,4,68,26,29
SUPER_14,6600000,139,14,16,169,65,74
SUPER_14,6610000,195,17,16,228,86,109
SUPER_14,6620000,87,14,15,116,39,48
SUPER_14,6630000,245,25,26,296,132,113
SUPER_14,6640000,83,6,11,100,42,41
SUPER_14,6650000,129,12,14,155,60,69
SUPER_14,6660000,138,8,18,164,74,64
SUPER_14,6670000,146,15,8,169,79,67
SUPER_14,6680000,213,20,29,262,121,92
SUPER_14,6690000,91,10,5,106,46,45
SUPER_14,6700000,238,17,20,275,130,108
SUPER_14,6710000,174,14,17,205,96,78
SUPER_14,6720000,24,3,4,31,12,12
SUPER_14,6730000,49,1,3,53,22,27
SUPER_14,6740000,66,2,8,76,44,22
SUPER_14,6750000,113,17,10,140,49,64
SUPER_14,6760000,225,20,13,258,116,109
SUPER_14,6770000,91,5,9,105,44,47
SUPER_14,6780000,41,7,2,50,22,19
SUPER_14,6790000,12,1,0,13,4,8
SUPER_14,6800000,15,2,0,17,9,6
SUPER_14,6810000,35,3,2,40,19,16
SUPER_14,6820000,50,8,5,63,30,20
SUPER_14,6830000,58,8,3,69,34,24
SUPER_14,6840000,0,0,0,0,0,0
SUPER_14,6850000,0,0,0,0,0,0
SUPER_14,6860000,0,0,0,0,0,0
SUPER_14,6870000,0,0,0,0,0,0
SUPER_14,6880000,0,0,0,0,0,0
SUPER_14,6890000,0,0,0,0,0,0
SUPER_14,6900000,152,15,10,177,78,74
SUPER_14,6910000,14,1,1,16,8,6
SUPER_14,6920000,65,9,4,78,37,28
SUPER_14,6930000,50,7,7,64,29,21
SUPER_14,6940000,35,4,1,40,15,20
SUPER_14,6950000,38,4,9,51,15,23
SUPER_14,6960000,54,3,4,61,22,32
SUPER_14,6970000,72,5,6,83,45,27
SUPER_14,6980000,6,1,1,8,6,0
SUPER_14,6990000,104,4,7,115,57,47
SUPER_14,7000000,110,14,11,135,55,55
SUPER_14,7010000,204,18,20,242,94,110
SUPER_14,7020000,145,10,7,162,69,76
SUPER_14,7030000,335,29,22,386,178,157
SUPER_14,7040000,224,26,19,269,108,116
SUPER_14,7050000,256,22,34,312,125,131
SUPER_14,7060000,232,19,17,268,104,128
SUPER_14,7070000,291,34,26,351,129,162
SUPER_14,7080000,322,29,35,386,159,163
SUPER_14,7090000,295,38,34,367,137,158
SUPER_14,7100000,185,21,20,226,77,108
SUPER_14,7110000,148,9,4,161,79,69
SUPER_14,7120000,181,14,12,207,96,85
SUPER_14,7130000,210,23,21,254,102,108
SUPER_14,7140000,136,11,12,159,63,73
SUPER_14,7150000,283,34,29,346,139,144
SUPER_14,7160000,106,5,8,119,59,47
SUPER_14,7170000,267,23,32,322,139,128
SUPER_14,7180000,252,40,25,317,104,148
SUPER_14,7190000,311,33,21,365,148,163
SUPER_14,7200000,268,22,29,319,133,135
SUPER_14,7210000,195,18,20,233,91,104
SUPER_14,7220000,332,30,39,401,150,182
SUPER_14,7230000,290,24,27,341,161,129
SUPER_14,7240000,229,21,25,275,118,111
SUPER_14,7250000,283,24,18,325,131,152
SUPER_14,7260000,192,24,13,229,101,91
SUPER_14,7270000,148,9,13,170,80,68
SUPER_14,7280000,123,14,13,150,62,61
SUPER_14,7290000,234,18,17,269,110,124
SUPER_14,7300000,235,19,21,275,117,118
SUPER_14,7310000,209,14,21,244,110,99
SUPER_14,7320000,275,20,25,320,149,126
SUPER_14,7330000,296,20,14,330,169,127
SUPER_14,7340000,291,27,26,344,130,161
SUPER_14,7350000,319,24,31,374,144,175
SUPER_14,7360000,0,0,0,0,0,0
SUPER_14,7370000,0,0,0,0,0,0
SUPER_14,7380000,586,61,57,704,279,307
SUPER_14,7390000,364,24,34,422,167,197
SUPER_14,7400000,259,13,20,292,121,138
SUPER_14,7410000,365,31,33,429,177,188
SUPER_14,7420000,392,40,30,462,174,218
SUPER_14,7430000,269,28,31,328,137,132
SUPER_14,7440000,261,27,27,315,119,142
SUPER_14,7450000,294,27,25,346,138,156
SUPER_14,7460000,287,19,25,331,133,154
SUPER_14,7470000,259,19,13,291,116,143
SUPER_14,7480000,217,16,32,265,102,115
SUPER_14,7490000,208,19,18,245,109,99
SUPER_14,7500000,317,36,26,379,159,158
SUPER_14,7510000,225,25,15,265,107,118
SUPER_14,7520000,303,24,21,348,136,167
SUPER_14,7530000,340,29,27,396,180,160
SUPER_14,7540000,293,32,32,357,146,147
SUPER_14,7550000,322,35,26,383,150,172
SUPER_14,7560000,282,23,22,327,145,137
SUPER_14,7570000,239,24,29,292,108,131
SUPER_14,7580000,231,31,14,276,123,108
SUPER_14,7590000,214,18,15,247,122,92
SUPER_14,7600000,327,38,14,379,165,162
SUPER_14,7610000,239,28,15,282,127,112
SUPER_14,7620000,219,21,16,256,98,121
SUPER_14,7630000,226,34,17,277,100,126
SUPER_14,7640000,316,37,36,389,162,154
SUPER_14,7650000,122,13,13,148,66,56
SUPER_14,7660000,116,8,16,140,60,56
SUPER_14,7670000,255,19,26,300,128,127
SUPER_14,7680000,247,25,20,292,113,134
SUPER_14,7690000,154,20,10,184,80,74
SUPER_14,7700000,138,16,9,163,74,64
SUPER_14,7710000,79,8,2,89,34,45
SUPER_14,7720000,51,2,3,56,32,19
SUPER_14,7730000,187,13,25,225,88,99
SUPER_14,7740000,165,14,20,199,76,89
SUPER_14,7750000,131,15,16,162,65,66
SUPER_14,7760000,131,18,12,161,67,64
SUPER_14,7770000,140,11,21,172,78,62
SUPER_14,7780000,142,13,18,173,64,78
SUPER_14,7790000,209,19,21,249,88,121
SUPER_14,7800000,296,24,19,339,131,165
SUPER_14,7810000,217,24,15,256,104,113
SUPER_14,7820000,298,39,29,366,141,157
SUPER_14,7830000,43,6,4,53,18,25
SUPER_14,7840000,233,17,24,274,112,121
SUPER_14,7850000,163,16,21,200,79,84
SUPER_14,7860000,134,9,5,148,73,61
SUPER_14,7870000,162,17,15,194,81,81
SUPER_14,7880000,187,15,27,229,87,100
SUPER_14,7890000,158,16,26,200,71,87
SUPER_14,7900000,70,9,5,84,30,40
SUPER_14,7910000,64,6,7,77,35,29
SUPER_14,7920000,168,19,14,201,88,80
SUPER_14,7930000,71,12,3,86,39,32
SUPER_14,7940000,59,7,10,76,21,38
SUPER_14,7950000,67,10,12,89,31,36
SUPER_14,7960000,45,4,7,56,24,21
SUPER_14,7970000,156,8,11,175,81,75
SUPER_14,7980000,151,13,21,185,68,83
SUPER_14,7990000,239,32,23,294,105,134
SUPER_14,8000000,81,9,7,97,41,40
SUPER_14,8010000,140,10,7,157,78,62
SUPER_14,8020000,193,29,13,235,90,103
SUPER_14,8030000,196,21,19,236,93,103
SUPER_14,8040000,232,16,19,267,99,133
SUPER_14,8050000,142,17,9,168,68,74
SUPER_14,8060000,254,21,27,302,127,127
SUPER_14,8070000,182,22,21,225,88,94
SUPER_14,8080000,166,14,13,193,83,83
SUPER_14,8090000,67,13,6,86,28,39
SUPER_14,8100000,248,40,18,306,126,122
SUPER_14,8110000,158,16,19,193,73,85
SUPER_14,8120000,240,14,22,276,112,128
SUPER_14,8130000,256,24,26,306,114,142
SUPER_14,8140000,250,26,26,302,120,130
SUPER_14,8150000,226,20,20,266,122,104
SUPER_14,8160000,220,28,23,271,103,117
SUPER_14,8170000,266,28,33,327,126,140
SUPER_14,8180000,235,28,25,288,120,115
SUPER_14,8190000,63,9,4,76,34,29
SUPER_14,8200000,162,13,14,189,77,85
SUPER_14,8210000,249,30,28,307,120,129
SUPER_14,8220000,223,25,22,270,102,121
SUPER_14,8230000,77,11,10,98,35,42
SUPER_14,8240000,192,19,17,228,90,102
SUPER_14,8250000,236,22,22,280,124,112
SUPER_14,8260000,36,2,2,40,22,14
SUPER_14,8270000,219,15,23,257,125,94
SUPER_14,8280000,135,14,12,161,79,56
SUPER_14,8290000,184,13,16,213,87,97
SUPER_14,8300000,130,16,12,158,68,62
SUPER_14,8310000,175,21,11,207,70,105
SUPER_14,8320000,302,20,26,348,151,151
SUPER_14,8330000,256,15,30,301,131,125
SUPER_14,8340000,136,9,17,162,70,66
SUPER_14,8350000,184,14,26,224,104,80
SUPER_14,8360000,256,31,27,314,133,123
SUPER_14,8370000,147,13,10,170,76,71
SUPER_14,8380000,300,25,28,353,142,158
SUPER_14,8390000,352,31,30,413,188,164
SUPER_14,8400000,384,18,27,429,194,190
SUPER_14,8410000,385,35,37,457,193,192
SUPER_14,8420000,372,38,36,446,198,174
SUPER_14,8430000,282,24,16,322,151,131
SUPER_14,8440000,233,16,22,271,129,104
SUPER_14,8450000,201,21,22,244,99,102
SUPER_14,8460000,350,38,31,419,170,180
SUPER_14,8470000,150,13,7,170,79,71
SUPER_14,8480000,148,14,11,173,72,76
SUPER_14,8490000,374,32,21,427,190,184
SUPER_14,8500000,280,16,25,321,154,126
SUPER_14,8510000,64,10,3,77,25,39
SUPER_14,8520000,0,0,0,0,0,0
SUPER_14,8530000,0,0,0,0,0,0
SUPER_14,8540000,0,0,0,0,0,0
SUPER_14,8550000,90,7,14,111,30,60
SUPER_14,8560000,225,19,22,266,96,129
SUPER_14,8570000,289,33,27,349,135,154
SUPER_14,8580000,139,18,10,167,66,73
SUPER_14,8590000,190,17,23,230,89,101
SUPER_14,8600000,180,10,17,207,86,94
SUPER_14,8610000,52,11,2,65,22,30
SUPER_14,8620000,2,1,0,3,1,1
SUPER_14,8630000,1,0,0,1,0,1
SUPER_14,8640000,1,0,1,2,0,1
SUPER_14,8650000,110,11,21,142,52,58
SUPER_14,8660000,231,21,13,265,111,120
SUPER_14,8670000,57,8,4,69,30,27
SUPER_14,8680000,193,27,11,231,90,103
SUPER_14,8690000,210,18,24,252,108,102
SUPER_14,8700000,138,14,15,167,71,67
SUPER_14,8710000,227,19,17,263,117,110
SUPER_14,8720000,140,18,12,170,64,76
SUPER_14,8730000,156,7,12,175,87,69
SUPER_14,8740000,269,37,28,334,124,145
SUPER_14,8750000,276,32,27,335,140,136
SUPER_14,8760000,161,13,17,191,74,87
SUPER_14,8770000,165,15,18,198,72,93
SUPER_14,8780000,187,16,15,218,86,101
SUPER_14,8790000,264,31,19,314,125,139
SUPER_14,8800000,197,6,16,219,95,102
SUPER_14,8810000,241,19,13,273,117,124
SUPER_14,8820000,225,24,12,261,110,115
SUPER_14,8830000,0,0,0,0,0,0
SUPER_14,8840000,0,0,0,0,0,0
SUPER_14,8850000,62,2,4,68,24,38
SUPER_14,8860000,202,19,14,235,109,93
SUPER_14,8870000,160,12,8,180,89,71
SUPER_14,8880000,359,31,28,418,181,178
SUPER_14,8890000,285,28,19,332,128,157
SUPER_14,8900000,296,21,27,344,146,150
SUPER_14,8910000,308,16,25,349,154,154
SUPER_14,8920000,183,9,15,207,91,92
SUPER_14,8930000,161,13,10,184,95,66
SUPER_14,8940000,295,28,25,348,145,150
SUPER_14,8950000,183,15,17,215,83,100
SUPER_14,8960000,35,3,2,40,15,20
SUPER_14,8970000,267,20,21,308,133,134
SUPER_14,8980000,367,42,45,454,153,214
SUPER_14,8990000,165,11,18,194,74,91
SUPER_14,9000000,411,26,25,462,211,200
SUPER_14,9010000,345,32,31,408,156,189
SUPER_14,9020000,208,15,21,244,98,110
SUPER_14,9030000,166,16,18,200,75,91
SUPER_14,9040000,97,10,3,110,48,49
SUPER_14,9050000,285,40,28,353,123,162
SUPER_14,9060000,277,22,30,329,137,140
SUPER_14,9070000,303,31,23,357,163,140
SUPER_14,9080000,386,36,28,450,191,195
SUPER_14,9090000,345,24,36,405,177,168
SUPER_14,9100000,311,36,21,368,147,164
SUPER_14,9110000,424,41,37,502,187,237
SUPER_14,9120000,362,37,32,431,162,200
SUPER_14,9130000,279,21,18,318,155,124
SUPER_14,9140000,346,37,42,425,167,179
SUPER_14,9150000,286,36,28,350,130,156
SUPER_14,9160000,329,36,27,392,156,173
SUPER_14,9170000,316,23,32,371,148,168
SUPER_14,9180000,311,31,27,369,156,155
SUPER_14,9190000,237,21,18,276,122,115
SUPER_14,9200000,256,25,32,313,129,127
SUPER_14,9210000,375,36,37,448,178,197
SUPER_14,9220000,217,17,23,257,104,113
SUPER_14,9230000,329,29,25,383,171,158
SUPER_14,9240000,314,31,20,365,154,160
SUPER_14,9250000,264,21,29,314,117,147
SUPER_14,9260000,266,34,18,318,119,147
SUPER_14,9270000,262,15,32,309,119,143
SUPER_14,9280000,297,27,22,346,135,162
SUPER_14,9290000,334,24,30,388,164,170
SUPER_14,9300000,360,43,43,446,164,196
SUPER_14,9310000,156,10,12,178,82,74
SUPER_14,9320000,306,21,22,349,151,155
SUPER_14,9330000,176,21,9,206,90,86
SUPER_14,9340000,152,21,14,187,78,74
SUPER_14,9350000,369,27,41,437,186,183
SUPER_14,9360000,368,26,42,436,201,167
SUPER_14,9370000,315,25,35,375,155,160
SUPER_14,9380000,320,30,22,372,166,154
SUPER_14,9390000,245,24,24,293,119,126
SUPER_14,9400000,248,24,23,295,109,139
SUPER_14,9410000,181,19,15,215,96,85
SUPER_14,9420000,109,3,8,120,61,48
SUPER_14,9430000,246,21,26,293,114,132
SUPER_14,9440000,389,59,29,477,186,203
SUPER_14,9450000,289,21,20,330,151,138
SUPER_14,9460000,331,19,29,379,159,172
SUPER_14,9470000,354,33,42,429,185,169
SUPER_14,9480000,291,32,39,362,131,160
SUPER_14,9490000,247,25,22,294,125,122
SUPER_14,9500000,236,36,20,292,115,121
SUPER_14,9510000,349,44,33,426,146,203
SUPER_14,9520000,203,17,23,243,102,101
SUPER_14,9530000,247,26,24,297,122,125
SUPER_14,9540000,315,25,29,369,159,156
SUPER_14,9550000,232,28,20,280,109,123
SUPER_14,9560000,305,21,27,353,149,156
SUPER_14,9570000,353,24,35,412,170,183
SUPER_14,9580000,148,15,16,179,65,83
SUPER_14,9590000,243,27,11,281,120,123
SUPER_14,9600000,238,16,20,274,126,112
SUPER_14,9610000,151,21,12,184,55,96
SUPER_14,9620000,149,11,12,172,69,80
SUPER_14,9630000,287,28,28,343,138,149
SUPER_14,9640000,234,36,22,292,113,121
SUPER_14,9650000,250,21,26,297,126,124
SUPER_14,9660000,248,24,33,305,113,135
SUPER_14,9670000,216,16,23,255,112,104
SUPER_14,9680000,86,9,3,98,50,36
SUPER_14,9690000,290,23,20,333,140,150
SUPER_14,9700000,165,18,19,202,82,83
SUPER_14,9710000,259,17,32,308,147,112
SUPER_14,9720000,319,28,34,381,172,147
SUPER_14,9730000,308,38,26,372,154,154
SUPER_14,9740000,275,26,29,330,142,133
SUPER_14,9750000,304,38,30,372,152,152
SUPER_14,9760000,243,22,22,287,122,121
SUPER_14,9770000,305,22,29,356,137,168
SUPER_14,9780000,262,24,22,308,127,135
SUPER_14,9790000,236,21,18,275,105,131
SUPER_14,9800000,302,36,41,379,143,159
SUPER_14,9810000,250,23,30,303,106,144
SUPER_14,9820000,168,7,16,191,67,101
SUPER_14,9830000,235,26,24,285,110,125
SUPER_14,9840000,200,28,13,241,98,102
SUPER_14,9850000,217,18,19,254,95,122
SUPER_14,9860000,258,18,26,302,139,119
SUPER_14,9870000,311,29,23,363,168,143
SUPER_14,9880000,218,29,27,274,102,116
SUPER_14,9890000,251,21,24,296,114,137
SUPER_14,9900000,217,16,24,257,105,112
SUPER_14,9910000,263,26,26,315,128,135
SUPER_14,9920000,242,27,30,299,125,117
SUPER_14,9930000,193,23,14,230,84,109
SUPER_14,9940000,182,23,7,212,80,102
SUPER_14,9950000,265,29,22,316,104,161
SUPER_14,9960000,284,28,16,328,140,144
SUPER_14,9970000,352,34,28,414,162,190
SUPER_14,9980000,241,30,15,286,103,138
SUPER_14,9990000,247,11,20,278,137,110
SUPER_14,10000000,240,20,26,286,119,121
SUPER_14,10010000,228,26,20,274,115,113
SUPER_14,10020000,243,29,27,299,117,126
SUPER_14,10030000,208,13,24,245,115,93
SUPER_14,10040000,271,25,23,319,138,133
SUPER_14,10050000,226,14,25,265,126,100
SUPER_14,10060000,309,24,26,359,172,137
SUPER_14,10070000,179,20,14,213,99,80
SUPER_14,10080000,192,12,25,229,98,94
SUPER_14,10090000,219,40,15,274,95,124
SUPER_14,10100000,252,20,28,300,126,126
SUPER_14,10110000,153,16,19,188,82,71
SUPER_14,10120000,271,26,33,330,129,142
SUPER_14,10130000,162,12,11,185,92,70
SUPER_14,10140000,175,27,15,217,80,95
SUPER_14,10150000,282,25,27,334,129,153
SUPER_14,10160000,202,15,23,240,120,82
SUPER_14,10170000,221,27,22,270,99,122
SUPER_14,10180000,376,45,25,446,164,212
SUPER_14,10190000,383,38,40,461,205,178
SUPER_14,10200000,253,23,17,293,129,124
SUPER_14,10210000,294,28,28,350,130,164
SUPER_14,10220000,314,30,27,371,156,158
SUPER_14,10230000,181,19,8,208,84,97
SUPER_14,10240000,217,19,13,249,116,101
SUPER_14,10250000,112,9,11,132,67,45
SUPER_14,10260000,205,15,24,244,107,98
SUPER_14,10270000,139,13,16,168,83,56
SUPER_14,10280000,335,34,25,394,164,171
SUPER_14,10290000,117,13,18,148,49,68
SUPER_14,10300000,253,28,16,297,129,124
SUPER_14,10310000,106,6,4,116,50,56
SUPER_14,10320000,259,20,32,311,100,159
SUPER_14,10330000,273,30,20,323,134,139
SUPER_14,10340000,162,17,17,196,80,82
SUPER_14,10350000,252,22,33,307,116,136
SUPER_14,10360000,45,4,5,54,26,19
SUPER_14,10370000,212,18,16,246,116,96
SUPER_14,10380000,198,37,21,256,93,105
SUPER_14,10390000,313,19,23,355,164,149
SUPER_14,10400000,404,41,36,481,177,227
SUPER_14,10410000,289,21,28,338,147,142
SUPER_14,10420000,277,37,19,333,133,144
SUPER_14,10430000,268,22,17,307,111,157
SUPER_14,10440000,294,24,11,329,160,134
SUPER_14,10450000,0,0,0,0,0,0
SUPER_14,10460000,0,0,0,0,0,0
SUPER_14,10470000,71,6,6,83,39,32
SUPER_14,10480000,3,2,3,8,0,3
SUPER_14,10490000,253,31,22,306,132,121
SUPER_14,10500000,101,6,6,113,55,46
SUPER_14,10510000,127,12,14,153,69,58
SUPER_14,10520000,333,37,31,401,163,170
SUPER_14,10530000,232,28,28,288,106,126
SUPER_14,10540000,281,26,21,328,142,139
SUPER_14,10550000,320,30,28,378,160,160
SUPER_14,10560000,0,0,0,0,0,0
SUPER_14,10570000,0,0,0,0,0,0
SUPER_14,10580000,170,17,17,204,83,87
SUPER_14,10590000,205,16,16,237,106,99
SUPER_14,10600000,148,15,11,174,75,73
SUPER_14,10610000,182,20,19,221,75,107
SUPER_14,10620000,316,34,34,384,146,170
SUPER_14,10630000,149,18,15,182,75,74
SUPER_14,10640000,349,35,47,431,170,179
SUPER_14,10650000,162,13,17,192,79,83
SUPER_14,10660000,198,15,19,232,103,95
SUPER_14,10670000,295,21,31,347,160,135
SUPER_14,10680000,392,38,60,490,184,208
SUPER_14,10690000,272,29,26,327,125,147
SUPER_14,10700000,235,28,25,288,108,127
SUPER_14,10710000,131,16,19,166,60,71
SUPER_14,10720000,198,19,6,223,94,104
SUPER_14,10730000,269,27,19,315,118,151
SUPER_14,10740000,229,28,19,276,116,113
SUPER_14,10750000,230,23,35,288,112,118
SUPER_14,10760000,259,20,19,298,121,138
SUPER_14,10770000,333,36,34,403,149,184
SUPER_14,10780000,326,30,29,385,143,183
SUPER_14,10790000,182,19,19,220,96,86
SUPER_14,10800000,346,40,39,425,182,164
SUPER_14,10810000,353,36,30,419,177,176
SUPER_14,10820000,286,23,24,333,114,172
SUPER_14,10830000,294,27,24,345,143,151
SUPER_14,10840000,375,27,37,439,170,205
SUPER_14,10850000,347,32,34,413,164,183
SUPER_14,10860000,377,40,33,450,184,193
SUPER_14,10870000,289,28,25,342,125,164
SUPER_14,10880000,272,26,15,313,136,136
SUPER_14,10890000,316,26,28,370,150,166
SUPER_14,10900000,282,23,33,338,118,164
SUPER_14,10910000,328,24,14,366,170,158
SUPER_14,10920000,393,47,34,474,201,192
SUPER_14,10930000,353,38,37,428,169,184
SUPER_14,10940000,331,33,36,400,157,174
SUPER_14,10950000,203,17,19,239,91,112
SUPER_14,10960000,232,26,19,277,117,115
SUPER_14,10970000,283,36,30,349,125,158
SUPER_14,10980000,112,12,16,140,48,64
SUPER_14,10990000,148,22,18,188,75,73
SUPER_14,11000000,228,20,22,270,106,122
SUPER_14,11010000,152,17,8,177,74,78
SUPER_14,11020000,307,18,30,355,158,149
SUPER_14,11030000,304,33,36,373,149,155
SUPER_14,11040000,351,40,32,423,174,177
SUPER_14,11050000,290,27,26,343,150,140
SUPER_14,11060000,274,27,30,331,119,155
SUPER_14,11070000,171,15,15,201,73,98
SUPER_14,11080000,166,13,15,194,79,87
SUPER_14,11090000,274,33,24,331,136,138
SUPER_14,11100000,189,24,28,241,102,87
SUPER_14,11110000,0,0,0,0,0,0
SUPER_14,11120000,0,0,0,0,0,0
SUPER_14,11130000,474,48,40,562,226,248
SUPER_14,11140000,140,11,15,166,75,65
SUPER_14,11150000,300,27,31,358,139,161
SUPER_14,11160000,230,24,28,282,113,117
SUPER_14,11170000,323,27,31,381,172,151
SUPER_14,11180000,307,28,19,354,149,158
SUPER_14,11190000,221,18,24,263,97,124
SUPER_14,11200000,186,33,25,244,85,101
SUPER_14,11210000,313,29,16,358,156,157
SUPER_14,11220000,149,18,16,183,72,77
SUPER_14,11230000,251,24,19,294,119,132
SUPER_14,11240000,139,12,20,171,67,72
SUPER_14,11250000,195,21,17,233,88,107
SUPER_14,11260000,209,22,23,254,111,98
SUPER_14,11270000,309,24,29,362,163,146
SUPER_14,11280000,307,28,27,362,164,143
SUPER_14,11290000,299,40,27,366,151,148
SUPER_14,11300000,299,32,32,363,151,148
SUPER_14,11310000,351,29,28,408,156,195
SUPER_14,11320000,434,50,25,509,229,205
SUPER_14,11330000,446,39,38,523,208,238
SUPER_14,11340000,322,39,35,396,156,166
SUPER_14,11350000,373,37,36,446,188,185
SUPER_14,11360000,223,23,25,271,105,118
SUPER_14,11370000,199,15,14,228,104,95
SUPER_14,11380000,256,16,28,300,123,133
SUPER_14,11390000,345,36,35,416,166,179
SUPER_14,11400000,487,51,44,582,222,265
SUPER_14,11410000,407,42,29,478,202,205
SUPER_14,11420000,370,31,37,438,161,209
SUPER_14,11430000,336,30,27,393,170,166
SUPER_14,11440000,228,18,34,280,111,117
SUPER_14,11450000,255,25,22,302,116,139
SUPER_14,11460000,290,27,21,338,141,149
SUPER_14,11470000,167,14,11,192,86,81
SUPER_14,11480000,297,31,33,361,154,143
SUPER_14,11490000,286,25,27,338,141,145
SUPER_14,11500000,316,34,21,371,168,148
SUPER_14,11510000,341,37,26,404,156,185
SUPER_14,11520000,263,27,26,316,160,103
SUPER_14,11530000,275,22,22,319,136,139
SUPER_14,11540000,330,27,30,387,143,187
SUPER_14,11550000,254,27,22,303,117,137
SUPER_14,11560000,275,28,29,332,125,150
SUPER_14,11570000,312,15,20,347,156,156
SUPER_14,11580000,233,25,18,276,111,122
SUPER_14,11590000,386,39,38,463,175,211
SUPER_14,11600000,264,28,26,318,133,131
SUPER_14,11610000,348,34,36,418,176,172
SUPER_14,11620000,303,26,39,368,131,172
SUPER_14,11630000,404,30,29,463,186,218
SUPER_14,11640000,281,26,23,330,137,144
SUPER_14,11650000,352,30,31,413,182,170
SUPER_14,11660000,284,17,19,320,142,142
SUPER_14,11670000,416,35,34,485,201,215
SUPER_14,11680000,387,31,32,450,200,187
SUPER_14,11690000,243,17,26,286,115,128
SUPER_14,11700000,320,23,38,381,155,165
SUPER_14,11710000,332,28,35,395,161,171
SUPER_14,11720000,206,20,21,247,105,101
SUPER_14,11730000,344,32,27,403,175,169
SUPER_14,11740000,322,37,27,386,153,169
SUPER_14,11750000,294,32,20,346,130,164
SUPER_14,11760000,310,43,32,385,158,152
SUPER_14,11770000,258,32,21,311,131,127
SUPER_14,11780000,329,37,21,387,171,158
SUPER_14,11790000,369,39,39,447,170,199
SUPER_14,11800000,259,22,16,297,127,132
SUPER_14,11810000,419,35,30,484,233,186
SUPER_14,11820000,182,17,24,223,86,96
SUPER_14,11830000,341,26,30,397,160,181
SUPER_14,11840000,362,27,30,419,176,186
SUPER_14,11850000,253,29,20,302,139,114
SUPER_14,11860000,335,24,29,388,171,164
SUPER_14,11870000,199,28,16,243,102,97
SUPER_14,11880000,290,31,30,351,145,145
SUPER_14,11890000,308,35,23,366,157,151
SUPER_14,11900000,244,23,27,294,126,118
SUPER_14,11910000,279,32,22,333,143,136
SUPER_14,11920000,343,20,18,381,175,168
SUPER_14,11930000,187,19,30,236,91,96
SUPER_14,11940000,396,32,29,457,195,201
SUPER_14,11950000,282,20,24,326,137,145
SUPER_14,11960000,135,12,16,163,58,77
SUPER_14,11970000,68,6,10,84,37,31
SUPER_14,11980000,16,4,1,21,3,13
SUPER_14,11990000,49,5,3,57,26,23
SUPER_14,12000000,330,30,36,396,143,187
SUPER_14,12010000,253,32,19,304,128,125
SUPER_14,12020000,297,37,27,361,153,144
SUPER_14,12030000,418,39,43,500,190,228
SUPER_14,12040000,322,31,28,381,171,151
SUPER_14,12050000,240,30,22,292,104,136
SUPER_14,12060000,223,17,19,259,96,127
SUPER_14,12070000,375,32,24,431,183,192
SUPER_14,12080000,44,2,4,50,28,16
SUPER_14,12090000,311,23,29,363,158,153
SUPER_14,12100000,211,20,19,250,121,90
SUPER_14,12110000,315,25,32,372,155,160
SUPER_14,12120000,259,23,26,308,138,121
SUPER_14,12130000,345,25,30,400,191,154
SUPER_14,12140000,197,20,16,233,97,100
SUPER_14,12150000,241,24,25,290,130,111
SUPER_14,12160000,273,21,18,312,138,135
SUPER_14,12170000,176,19,20,215,92,84
SUPER_14,12180000,237,26,31,294,124,113
SUPER_14,12190000,227,14,19,260,105,122
SUPER_14,12200000,226,15,16,257,111,115
SUPER_14,12210000,310,27,26,363,165,145
SUPER_14,12220000,258,20,17,295,120,138
SUPER_14,12230000,313,38,36,387,164,149
SUPER_14,12240000,159,14,14,187,73,86
SUPER_14,12250000,151,16,16,183,81,70
SUPER_14,12260000,293,30,25,348,146,147
SUPER_14,12270000,236,21,26,283,104,132
SUPER_14,12280000,207,13,17,237,109,98
SUPER_14,12290000,245,30,30,305,114,131
SUPER_14,12300000,208,15,12,235,102,106
SUPER_14,12310000,178,15,24,217,89,89
SUPER_14,12320000,258,35,24,317,123,135
SUPER_14,12330000,264,18,25,307,139,125
SUPER_14,12340000,169,21,13,203,76,93
SUPER_14,12350000,58,8,4,70,28,30
SUPER_14,12360000,369,39,46,454,180,189
SUPER_14,12370000,132,17,13,162,73,59
SUPER_14,12380000,249,27,25,301,119,130
SUPER_14,12390000,289,29,24,342,141,148
SUPER_14,12400000,339,32,23,394,166,173
SUPER_14,12410000,322,22,22,366,155,167
SUPER_14,12420000,214,24,31,269,102,112
SUPER_14,12430000,331,28,28,387,166,165
SUPER_14,12440000,176,20,18,214,82,94
SUPER_14,12450000,246,26,12,284,119,127
SUPER_14,12460000,327,30,32,389,149,178
SUPER_14,12470000,212,25,18,255,108,104
SUPER_14,12480000,386,36,30,452,178,208
SUPER_14,12490000,247,22,12,281,130,117
SUPER_14,12500000,217,22,17,256,126,91
SUPER_14,12510000,285,24,18,327,141,144
SUPER_14,12520000,328,31,29,388,152,176
SUPER_14,12530000,303,27,23,353,135,168
SUPER_14,12540000,290,25,20,335,154,136
SUPER_14,12550000,322,24,20,366,165,157
SUPER_14,12560000,170,22,16,208,87,83
SUPER_14,12570000,25,1,0,26,15,10
SUPER_14,12580000,309,31,23,363,143,166
SUPER_14,12590000,41,6,2,49,17,24
SUPER_14,12600000,283,28,27,338,139,144
SUPER_14,12610000,361,45,27,433,180,181
SUPER_14,12620000,288,27,29,344,129,159
SUPER_14,12630000,325,37,33,395,154,171
SUPER_14,12640000,129,18,12,159,68,61
SUPER_14,12650000,326,36,31,393,158,168
SUPER_14,12660000,268,20,15,303,137,131
SUPER_14,12670000,232,31,16,279,112,120
SUPER_14,12680000,292,27,20,339,154,138
SUPER_14,12690000,213,23,23,259,102,111
SUPER_14,12700000,282,26,22,330,133,149
SUPER_14,12710000,212,25,28,265,96,116
SUPER_14,12720000,173,21,19,213,82,91
SUPER_14,12730000,164,12,24,200,83,81
SUPER_14,12740000,129,10,14,153,67,62
SUPER_14,12750000,165,14,22,201,84,81
SUPER_14,12760000,148,13,10,171,73,75
SUPER_14,12770000,126,9,15,150,73,53
SUPER_14,12780000,149,10,19,178,79,70
SUPER_14,12790000,109,9,7,125,58,51
SUPER_14,12800000,179,20,30,229,98,81
SUPER_14,12810000,116,18,11,145,59,57
SUPER_14,12820000,127,11,20,158,80,47
SUPER_14,12830000,69,7,8,84,41,28
SUPER_14,12840000,104,7,3,114,61,43
SUPER_14,12850000,20,3,6,29,10,10
SUPER_14,12860000,0,0,0,0,0,0
SUPER_14,12870000,0,0,0,0,0,0
SUPER_14,12880000,18,1,0,19,12,6
SUPER_14,12890000,0,1,1,2,0,0
SUPER_14,12900000,0,0,3,3,0,0
SUPER_14,12910000,3,7,7,17,0,3
SUPER_15,10000,0,3,5,8,0,0
SUPER_15,20000,0,2,0,2,0,0
SUPER_15,30000,30,3,0,33,23,7
SUPER_15,40000,2,3,1,6,2,0
SUPER_15,50000,0,3,0,3,0,0
SUPER_15,60000,0,1,0,1,0,0
SUPER_15,70000,67,5,2,74,42,25
SUPER_15,80000,26,0,1,27,18,8
SUPER_15,90000,147,12,10,169,69,78
SUPER_15,100000,155,15,15,185,78,77
SUPER_15,110000,245,18,9,272,126,119
SUPER_15,120000,197,20,15,232,102,95
SUPER_15,130000,198,16,18,232,112,86
SUPER_15,140000,207,15,14,236,113,94
SUPER_15,150000,187,19,21,227,101,86
SUPER_15,160000,269,24,18,311,148,121
SUPER_15,170000,197,9,22,228,106,91
SUPER_15,180000,254,23,13,290,128,126
SUPER_15,190000,212,17,17,246,105,107
SUPER_15,200000,257,38,22,317,132,125
SUPER_15,210000,254,20,24,298,116,138
SUPER_15,220000,232,15,19,266,121,111
SUPER_15,230000,230,21,20,271,115,115
SUPER_15,240000,54,3,9,66,27,27
SUPER_15,250000,155,17,10,182,78,77
SUPER_15,260000,141,10,13,164,69,72
SUPER_15,270000,179,14,17,210,80,99
SUPER_15,280000,212,26,20,258,110,102
SUPER_15,290000,339,29,24,392,171,168
SUPER_15,300000,261,31,20,312,134,127
SUPER_15,310000,213,15,16,244,96,117
SUPER_15,320000,15,1,3,19,10,5
SUPER_15,330000,275,24,27,326,152,123
SUPER_15,340000,0,0,0,0,0,0
SUPER_15,350000,0,0,0,0,0,0
SUPER_15,360000,376,33,55,464,182,194
SUPER_15,370000,352,26,26,404,161,191
SUPER_15,380000,285,32,30,347,152,133
SUPER_15,390000,230,16,25,271,110,120
SUPER_15,400000,276,22,17,315,141,135
SUPER_15,410000,205,18,11,234,111,94
SUPER_15,420000,84,3,10,97,45,39
SUPER_15,430000,233,20,14,267,123,110
SUPER_15,440000,349,19,26,394,189,160
SUPER_15,450000,374,25,35,434,163,211
SUPER_15,460000,350,30,30,410,170,180
SUPER_15,470000,223,21,19,263,100,123
SUPER_15,480000,308,26,23,357,150,158
SUPER_15,490000,356,32,37,425,179,177
SUPER_15,500000,172,6,8,186,95,77
SUPER_15,510000,320,22,26,368,163,157
SUPER_15,520000,33,1,1,35,15,18
SUPER_15,530000,270,28,21,319,136,134
SUPER_15,540000,173,8,17,198,94,79
SUPER_15,550000,39,6,6,51,20,19
SUPER_15,560000,236,20,27,283,119,117
SUPER_15,570000,305,29,30,364,139,166
SUPER_15,580000,260,28,22,310,123,137
SUPER_15,590000,334,37,30,401,175,159
SUPER_15,600000,277,21,32,330,144,133
SUPER_15,610000,333,21,20,374,174,159
SUPER_15,620000,261,20,21,302,136,125
SUPER_15,630000,336,29,37,402,173,163
SUPER_15,640000,203,17,10,230,106,97
SUPER_15,650000,256,31,27,314,121,135
SUPER_15,660000,176,20,16,212,94,82
SUPER_15,670000,325,33,29,387,157,168
SUPER_15,680000,319,31,27,377,149,170
SUPER_15,690000,325,31,32,388,176,149
SUPER_15,700000,255,19,22,296,140,115
SUPER_15,710000,244,24,13,281,118,126
SUPER_15,720000,0,0,0,0,0,0
SUPER_15,730000,0,0,0,0,0,0
SUPER_15,740000,0,0,0,0,0,0
SUPER_15,750000,0,0,0,0,0,0
SUPER_15,760000,0,0,0,0,0,0
SUPER_15,770000,285,25,26,336,131,154
SUPER_15,780000,41,1,3,45,21,20
SUPER_15,790000,159,13,16,188,83,76
SUPER_15,800000,379,26,33,438,204,175
SUPER_15,810000,253,25,21,299,129,124
SUPER_15,820000,374,36,43,453,188,186
SUPER_15,830000,289,36,30,355,147,142
SUPER_15,840000,349,29,31,409,170,179
SUPER_15,850000,347,19,32,398,172,175
SUPER_15,860000,314,26,21,361,158,156
SUPER_15,870000,157,15,9,181,72,85
SUPER_15,880000,138,16,14,168,66,72
SUPER_15,890000,17,4,5,26,5,12
SUPER_15,900000,356,29,42,427,189,167
SUPER_15,910000,271,34,22,327,144,127
SUPER_15,920000,357,56,41,454,156,201
SUPER_15,930000,288,20,24,332,156,132
SUPER_15,940000,53,7,3,63,28,25
SUPER_15,950000,199,17,17,233,95,104
SUPER_15,960000,362,31,38,431,184,178
SUPER_15,970000,365,36,36,437,176,189
SUPER_15,980000,326,30,30,386,150,176
SUPER_15,990000,204,19,26,249,96,108
SUPER_15,1000000,145,1,1,147,72,73
SUPER_15,1010000,249,4,0,253,116,133
SUPER_15,1020000,217,3,1,221,104,113
SUPER_15,1030000,279,31,23,333,135,144
SUPER_15,1040000,253,21,21,295,124,129
SUPER_15,1050000,387,37,33,457,194,193
SUPER_15,1060000,185,7,8,200,94,91
SUPER_15,1070000,381,32,28,441,189,192
SUPER_15,1080000,322,31,25,378,158,164
SUPER_15,1090000,340,25,24,389,171,169
SUPER_15,1100000,400,28,33,461,207,193
SUPER_15,1110000,263,28,27,318,128,135
SUPER_15,1120000,412,37,51,500,202,210
SUPER_15,1130000,196,19,22,237,97,99
SUPER_15,1140000,364,36,39,439,175,189
SUPER_15,1150000,428,28,38,494,208,220
SUPER_15,1160000,358,35,23,416,188,170
SUPER_15,1170000,412,46,27,485,207,205
SUPER_15,1180000,488,34,58,580,233,255
SUPER_15,1190000,385,37,25,447,198,187
SUPER_15,1200000,227,25,18,270,123,104
SUPER_15,1210000,348,38,43,429,193,155
SUPER_15,1220000,304,28,33,365,151,153
SUPER_15,1230000,31,8,2,41,13,18
SUPER_15,1240000,113,7,17,137,56,57
SUPER_15,1250000,204,19,15,238,112,92
SUPER_15,1260000,352,34,35,421,161,191
SUPER_15,1270000,257,22,22,301,121,136
SUPER_15,1280000,296,26,19,341,140,156
SUPER_15,1290000,382,40,42,464,183,199
SUPER_15,1300000,222,21,15,258,116,106
SUPER_15,1310000,332,28,21,381,165,167
SUPER_15,1320000,344,30,25,399,183,161
SUPER_15,1330000,356,37,38,431,178,178
SUPER_15,1340000,149,16,13,178,83,66
SUPER_15,1350000,232,19,24,275,130,102
SUPER_15,1360000,336,17,29,382,187,149
SUPER_15,1370000,356,34,35,425,176,180
SUPER_15,1380000,441,36,29,506,196,245
SUPER_15,1390000,356,32,31,419,178,178
SUPER_15,1400000,338,26,41,405,160,178
SUPER_15,1410000,203,28,20,251,97,106
SUPER_15,1420000,331,22,19,372,175,156
SUPER_15,1430000,375,37,29,441,177,198
SUPER_15,1440000,237,21,21,279,106,131
SUPER_15,1450000,425,42,34,501,209,216
SUPER_15,1460000,302,24,30,356,144,158
SUPER_15,1470000,158,19,17,194,85,73
SUPER_15,1480000,109,9,8,126,58,51
SUPER_15,1490000,50,0,2,52,30,20
SUPER_15,1500000,0,1,0,1,0,0
SUPER_15,1510000,180,24,13,217,85,95
SUPER_15,1520000,287,25,24,336,142,145
SUPER_15,1530000,214,19,13,246,118,96
SUPER_15,1540000,123,14,10,147,61,62
SUPER_15,1550000,228,26,13,267,115,113
SUPER_15,1560000,107,6,10,123,61,46
SUPER_15,1570000,83,9,8,100,37,46
SUPER_15,1580000,0,0,0,0,0,0
SUPER_15,1590000,0,0,0,0,0,0
SUPER_15,1600000,0,0,0,0,0,0
SUPER_15,1610000,577,53,45,675,296,281
SUPER_15,1620000,210,11,17,238,118,92
SUPER_15,1630000,467,51,47,565,220,247
SUPER_15,1640000,436,31,39,506,239,197
SUPER_15,1650000,257,25,23,305,147,110
SUPER_15,1660000,221,21,23,265,121,100
SUPER_15,1670000,394,57,31,482,170,224
SUPER_15,1680000,6,1,1,8,3,3
SUPER_15,1690000,33,3,4,40,17,16
SUPER_15,1700000,214,20,16,250,106,108
SUPER_15,1710000,424,39,44,507,210,214
SUPER_15,1720000,298,25,26,349,132,166
SUPER_15,1730000,181,10,25,216,95,86
SUPER_15,1740000,244,28,21,293,118,126
SUPER_15,1750000,95,8,11,114,39,56
SUPER_15,1760000,156,10,12,178,76,80
SUPER_15,1770000,316,33,37,386,132,184
SUPER_15,1780000,218,17,24,259,101,117
SUPER_15,1790000,110,10,6,126,62,48
SUPER_15,1800000,150,12,14,176,77,73
SUPER_15,1810000,282,21,22,325,154,128
SUPER_15,1820000,223,20,12,255,104,119
SUPER_15,1830000,164,33,32,229,81,83
SUPER_15,1840000,355,33,25,413,173,182
SUPER_15,1850000,276,21,23,320,132,144
SUPER_15,1860000,288,32,37,357,142,146
SUPER_15,1870000,153,13,13,179,78,75
SUPER_15,1880000,359,38,36,433,183,176
SUPER_15,1890000,295,36,19,350,140,155
SUPER_15,1900000,340,40,29,409,162,178
SUPER_15,1910000,297,35,33,365,154,143
SUPER_15,1920000,346,29,23,398,190,156
SUPER_15,1930000,323,23,22,368,160,163
SUPER_15,1940000,36,1,6,43,19,17
SUPER_15,1950000,178,25,14,217,94,84
SUPER_15,1960000,314,14,24,352,167,147
SUPER_15,1970000,119,14,9,142,60,59
SUPER_15,1980000,182,8,21,211,96,86
SUPER_15,1990000,171,13,14,198,97,74
SUPER_15,2000000,204,15,17,236,102,102
SUPER_15,2010000,286,22,23,331,143,143
SUPER_15,2020000,213,19,14,246,134,79
SUPER_15,2030000,273,33,24,330,144,129
SUPER_15,2040000,348,27,36,411,158,190
SUPER_15,2050000,324,22,31,377,161,163
SUPER_15,2060000,259,33,18,310,142,117
SUPER_15,2070000,152,10,13,175,72,80
SUPER_15,2080000,405,53,26,484,200,205
SUPER_15,2090000,313,15,23,351,149,164
SUPER_15,2100000,74,6,5,85,41,33
SUPER_15,2110000,200,25,17,242,96,104
SUPER_15,2120000,0,0,0,0,0,0
SUPER_15,2130000,0,0,0,0,0,0
SUPER_15,2140000,0,0,0,0,0,0
SUPER_15,2150000,349,29,24,402,185,164
SUPER_15,2160000,239,15,19,273,114,125
SUPER_15,2170000,183,21,22,226,97,86
SUPER_15,2180000,216,17,12,245,107,109
SUPER_15,2190000,115,6,6,127,52,63
SUPER_15,2200000,285,31,35,351,146,139
SUPER_15,2210000,314,26,27,367,146,168
SUPER_15,2220000,264,16,18,298,142,122
SUPER_15,2230000,342,19,28,389,167,175
SUPER_15,2240000,219,21,10,250,103,116
SUPER_15,2250000,73,8,9,90,38,35
SUPER_15,2260000,320,33,25,378,159,161
SUPER_15,2270000,281,24,28,333,146,135
SUPER_15,2280000,304,33,30,367,148,156
SUPER_15,2290000,294,30,25,349,121,173
SUPER_15,2300000,383,33,40,456,196,187
SUPER_15,2310000,316,32,26,374,153,163
SUPER_15,2320000,239,13,18,270,126,113
SUPER_15,2330000,66,9,5,80,24,42
SUPER_15,2340000,0,0,0,0,0,0
SUPER_15,2350000,0,0,0,0,0,0
SUPER_15,2360000,425,37,26,488,226,199
SUPER_15,2370000,355,25,23,403,170,185
SUPER_15,2380000,278,27,30,335,152,126
SUPER_15,2390000,419,39,35,493,172,247
SUPER_15,2400000,330,34,34,398,161,169
SUPER_15,2410000,319,23,21,363,163,156
SUPER_15,2420000,95,18,12,125,44,51
SUPER_15,2430000,159,11,18,188,92,67
SUPER_15,2440000,36,3,2,41,21,15
SUPER_15,2450000,125,18,14,157,71,54
SUPER_15,2460000,328,26,24,378,157,171
SUPER_15,2470000,421,36,35,492,218,203
SUPER_15,2480000,324,40,23,387,154,170
SUPER_15,2490000,288,24,29,341,152,136
SUPER_15,2500000,419,42,28,489,206,213
SUPER_15,2510000,252,27,24,303,125,127
SUPER_15,2520000,128,15,7,150,65,63
SUPER_15,2530000,382,40,34,456,176,206
SUPER_15,2540000,173,18,16,207,77,96
SUPER_15,2550000,176,13,27,216,79,97
SUPER_15,2560000,296,27,29,352,152,144
SUPER_15,2570000,327,24,29,380,168,159
SUPER_15,2580000,373,32,35,440,184,189
SUPER_15,2590000,311,32,26,369,153,158
SUPER_15,2600000,265,18,21,304,128,137
SUPER_15,2610000,225,24,21,270,107,118
SUPER_15,2620000,139,16,15,170,61,78
SUPER_15,2630000,226,22,28,276,106,120
SUPER_15,2640000,292,28,29,349,145,147
SUPER_15,2650000,358,26,33,417,169,189
SUPER_15,2660000,357,28,29,414,174,183
SUPER_15,2670000,292,20,23,335,132,160
SUPER_15,2680000,323,36,42,401,153,170
SUPER_15,2690000,410,32,35,477,200,210
SUPER_15,2700000,388,28,47,463,196,192
SUPER_15,2710000,243,28,19,290,124,119
SUPER_15,2720000,191,11,22,224,91,100
SUPER_15,2730000,26,4,2,32,11,15
SUPER_15,2740000,344,47,37,428,150,194
SUPER_15,2750000,206,24,12,242,107,99
SUPER_15,2760000,187,22,19,228,93,94
SUPER_15,2770000,365,39,25,429,179,186
SUPER_15,2780000,176,23,6,205,97,79
SUPER_15,2790000,213,18,17,248,99,114
SUPER_15,2800000,307,35,21,363,147,160
SUPER_15,2810000,338,25,28,391,181,157
SUPER_15,2820000,344,26,26,396,180,164
SUPER_15,2830000,298,31,32,361,155,143
SUPER_15,2840000,334,36,29,399,174,160
SUPER_15,2850000,398,29,26,453,202,196
SUPER_15,2860000,310,25,31,366,162,148
SUPER_15,2870000,94,8,11,113,35,59
SUPER_15,2880000,349,36,20,405,161,188
SUPER_15,2890000,227,20,17,264,97,130
SUPER_15,2900000,344,32,35,411,179,165
SUPER_15,2910000,376,36,18,430,197,179
SUPER_15,2920000,309,31,21,361,148,161
SUPER_15,2930000,169,17,8,194,71,98
SUPER_15,2940000,155,19,16,190,85,70
SUPER_15,2950000,278,26,23,327,133,145
SUPER_15,2960000,186,18,22,226,97,89
SUPER_15,2970000,426,33,46,505,189,237
SUPER_15,2980000,282,26,11,319,149,133
SUPER_15,2990000,276,32,26,334,127,149
SUPER_15,3000000,213,21,22,256,106,107
SUPER_15,3010000,207,20,13,240,112,95
SUPER_15,3020000,204,19,24,247,108,96
SUPER_15,3030000,1,0,0,1,0,1
SUPER_15,3040000,1,0,1,2,1,0
SUPER_15,3050000,1,0,1,2,1,0
SUPER_15,3060000,377,31,28,436,182,195
SUPER_15,3070000,247,24,22,293,130,117
SUPER_15,3080000,367,40,40,447,177,190
SUPER_15,3090000,107,7,7,121,51,56
SUPER_15,3100000,6,0,2,8,4,2
SUPER_15,3110000,273,24,35,332,136,137
SUPER_15,3120000,257,18,19,294,125,132
SUPER_15,3130000,379,33,28,440,190,189
SUPER_15,3140000,212,25,27,264,118,94
SUPER_15,3150000,114,6,12,132,62,52
SUPER_15,3160000,143,15,11,169,62,81
SUPER_15,3170000,220,15,13,248,102,118
SUPER_15,3180000,151,18,10,179,75,76
SUPER_15,3190000,120,17,9,146,53,67
SUPER_15,3200000,344,38,21,403,176,168
SUPER_15,3210000,330,34,32,396,146,184
SUPER_15,3220000,215,31,17,263,104,111
SUPER_15,3230000,10,2,0,12,6,4
SUPER_15,3240000,254,25,19,298,124,130
SUPER_15,3250000,223,27,18,268,114,109
SUPER_15,3260000,228,27,21,276,102,126
SUPER_15,3270000,308,20,34,362,148,160
SUPER_15,3280000,330,24,31,385,158,172
SUPER_15,3290000,300,30,32,362,159,141
SUPER_15,3300000,272,24,17,313,130,142
SUPER_15,3310000,312,33,32,377,161,151
SUPER_15,3320000,260,28,25,313,112,148
SUPER_15,3330000,299,35,28,362,150,149
SUPER_15,3340000,133,6,13,152,61,72
SUPER_15,3350000,316,36,33,385,160,156
SUPER_15,3360000,254,31,19,304,122,132
SUPER_15,3370000,334,38,35,407,155,179
SUPER_15,3380000,161,18,8,187,85,76
SUPER_15,3390000,317,43,26,386,148,169
SUPER_15,3400000,281,23,33,337,131,150
SUPER_15,3410000,148,18,16,182,65,83
SUPER_15,3420000,177,12,31,220,85,92
SUPER_15,3430000,183,24,26,233,88,95
SUPER_15,3440000,463,47,40,550,225,238
SUPER_15,3450000,77,10,11,98,31,46
SUPER_15,3460000,87,5,10,102,40,47
SUPER_15,3470000,261,34,29,324,134,127
SUPER_15,3480000,333,36,24,393,147,186
SUPER_15,3490000,209,30,24,263,95,114
SUPER_15,3500000,100,10,12,122,63,37
SUPER_15,3510000,316,37,41,394,161,155
SUPER_15,3520000,187,20,15,222,109,78
SUPER_15,3530000,211,28,15,254,105,106
SUPER_15,3540000,270,22,27,319,130,140
SUPER_15,3550000,250,22,17,289,111,139
SUPER_15,3560000,321,26,39,386,143,178
SUPER_15,3570000,253,27,19,299,122,131
SUPER_15,3580000,245,19,26,290,98,147
SUPER_15,3590000,84,10,7,101,40,44
SUPER_15,3600000,327,32,37,396,144,183
SUPER_15,3610000,314,39,38,391,154,160
SUPER_15,3620000,229,20,31,280,103,126
SUPER_15,3630000,307,31,36,374,154,153
SUPER_15,3640000,266,24,30,320,128,138
SUPER_15,3650000,55,7,8,70,29,26
SUPER_15,3660000,342,35,44,421,161,181
SUPER_15,3670000,189,19,26,234,87,102
SUPER_15,3680000,172,10,13,195,76,96
SUPER_15,3690000,304,32,28,364,152,152
SUPER_15,3700000,286,22,23,331,141,145
SUPER_15,3710000,207,20,21,248,102,105
SUPER_15,3720000,108,13,11,132,46,62
SUPER_15,3730000,312,31,29,372,161,151
SUPER_15,3740000,188,8,17,213,89,99
SUPER_15,3750000,158,11,18,187,82,76
SUPER_15,3760000,292,24,25,341,135,157
SUPER_15,3770000,313,31,29,373,154,159
SUPER_15,3780000,286,30,15,331,142,144
SUPER_15,3790000,312,31,21,364,150,162
SUPER_15,3800000,287,21,29,337,130,157
SUPER_15,3810000,283,32,24,339,132,151
SUPER_15,3820000,171,20,15,206,91,80
SUPER_15,3830000,373,42,37,452,186,187
SUPER_15,3840000,342,36,20,398,165,177
SUPER_15,3850000,339,29,27,395,176,163
SUPER_15,3860000,413,30,36,479,213,200
SUPER_15,3870000,286,27,25,338,126,160
SUPER_15,3880000,265,17,17,299,126,139
SUPER_15,3890000,351,37,27,415,176,175
SUPER_15,3900000,332,36,32,400,179,153
SUPER_15,3910000,314,35,33,382,152,162
SUPER_15,3920000,199,18,12,229,100,99
SUPER_15,3930000,343,31,31,405,168,175
SUPER_15,3940000,286,30,27,343,152,134
SUPER_15,3950000,255,21,26,302,131,124
SUPER_15,3960000,338,38,18,394,161,177
SUPER_15,3970000,159,16,16,191,82,77
SUPER_15,3980000,272,29,27,328,130,142
SUPER_15,3990000,331,28,32,391,162,169
SUPER_15,4000000,68,6,12,86,40,28
SUPER_15,4010000,294,22,25,341,148,146
SUPER_15,4020000,322,41,32,395,162,160
SUPER_15,4030000,249,26,17,292,127,122
SUPER_15,4040000,302,28,31,361,146,156
SUPER_15,4050000,337,37,34,408,155,182
SUPER_15,4060000,355,37,29,421,170,185
SUPER_15,4070000,295,25,22,342,143,152
SUPER_15,4080000,323,34,34,391,165,158
SUPER_15,4090000,362,35,31,428,178,184
SUPER_15,4100000,380,33,34,447,199,181
SUPER_15,4110000,309,27,22,358,162,147
SUPER_15,4120000,421,42,32,495,199,222
SUPER_15,4130000,277,11,25,313,150,127
SUPER_15,4140000,270,32,18,320,117,153
SUPER_15,4150000,169,14,12,195,86,83
SUPER_15,4160000,263,25,31,319,133,130
SUPER_15,4170000,430,46,50,526,220,210
SUPER_15,4180000,432,40,38,510,226,206
SUPER_15,4190000,256,16,31,303,139,117
SUPER_15,4200000,302,36,16,354,150,152
SUPER_15,4210000,368,35,43,446,177,191
SUPER_15,4220000,332,29,30,391,164,168
SUPER_15,4230000,315,25,24,364,166,149
SUPER_15,4240000,122,10,13,145,68,54
SUPER_15,4250000,231,15,17,263,123,108
SUPER_15,4260000,379,37,24,440,183,196
SUPER_15,4270000,278,26,32,336,136,142
SUPER_15,4280000,357,27,37,421,169,188
SUPER_15,4290000,265,26,28,319,114,151
SUPER_15,4300000,184,18,12,214,100,84
SUPER_15,4310000,227,26,27,280,100,127
SUPER_15,4320000,222,31,22,275,115,107
SUPER_15,4330000,353,36,40,429,176,177
SUPER_15,4340000,140,11,11,162,71,69
SUPER_15,4350000,333,24,29,386,168,165
SUPER_15,4360000,193,24,22,239,93,100
SUPER_15,4370000,159,19,15,193,73,86
SUPER_15,4380000,132,8,10,150,76,56
SUPER_15,4390000,105,11,10,126,57,48
SUPER_15,4400000,269,33,13,315,120,149
SUPER_15,4410000,226,25,17,268,111,115
SUPER_15,4420000,224,27,27,278,100,124
SUPER_15,4430000,309,29,37,375,164,145
SUPER_15,4440000,259,26,22,307,131,128
SUPER_15,4450000,141,18,21,180,69,72
SUPER_15,4460000,305,35,26,366,137,168
SUPER_15,4470000,256,25,22,303,131,125
SUPER_15,4480000,14,2,2,18,6,8
SUPER_15,4490000,58,2,8,68,29,29
SUPER_15,4500000,26,5,2,33,16,10
SUPER_15,4510000,282,32,21,335,123,159
SUPER_15,4520000,193,21,14,228,79,114
SUPER_15,4530000,48,7,4,59,21,27
SUPER_15,4540000,262,25,23,310,128,134
SUPER_15,4550000,281,25,34,340,127,154
SUPER_15,4560000,233,22,11,266,125,108
SUPER_15,4570000,237,21,21,279,109,128
SUPER_15,4580000,324,40,28,392,150,174
SUPER_15,4590000,278,30,20,328,137,141
SUPER_15,4600000,307,24,11,342,158,149
SUPER_15,4610000,283,20,28,331,126,157
SUPER_15,4620000,205,27,11,243,105,100
SUPER_15,4630000,201,26,15,242,95,106
SUPER_15,4640000,314,28,18,360,133,181
SUPER_15,4650000,303,32,27,362,157,146
SUPER_15,4660000,318,30,18,366,148,170
SUPER_15,4670000,287,20,26,333,140,147
SUPER_15,4680000,232,23,18,273,123,109
SUPER_15,4690000,246,28,21,295,127,119
SUPER_15,4700000,308,21,32,361,145,163
SUPER_15,4710000,265,23,29,317,123,142
SUPER_15,4720000,286,32,25,343,134,152
SUPER_15,4730000,111,6,9,126,61,50
SUPER_15,4740000,200,24,26,250,93,107
SUPER_15,4750000,257,22,23,302,125,132
SUPER_15,4760000,186,17,20,223,97,89
SUPER_15,4770000,200,24,18,242,115,85
SUPER_15,4780000,304,27,34,365,144,160
SUPER_15,4790000,122,10,8,140,63,59
SUPER_15,4800000,165,16,22,203,80,85
SUPER_15,4810000,187,16,25,228,101,86
SUPER_15,4820000,229,25,23,277,103,126
SUPER_15,4830000,224,19,22,265,109,115
SUPER_15,4840000,258,11,15,284,128,130
SUPER_15,4850000,249,16,19,284,135,114
SUPER_15,4860000,123,17,10,150,67,56
SUPER_15,4870000,94,8,7,109,53,41
SUPER_15,4880000,230,14,19,263,121,109
SUPER_15,4890000,53,4,5,62,25,28
SUPER_15,4900000,84,12,9,105,44,40
SUPER_15,4910000,141,13,13,167,70,71
SUPER_15,4920000,224,33,23,280,105,119
SUPER_15,4930000,242,25,21,288,117,125
SUPER_15,4940000,285,19,34,338,132,153
SUPER_15,4950000,196,11,25,232,105,91
SUPER_15,4960000,178,27,13,218,97,81
SUPER_15,4970000,160,14,13,187,85,75
SUPER_15,4980000,100,10,7,117,47,53
SUPER_15,4990000,137,16,15,168,80,57
SUPER_15,5000000,128,9,9,146,58,70
SUPER_15,5010000,103,14,9,126,60,43
SUPER_15,5020000,131,12,14,157,61,70
SUPER_15,5030000,212,14,26,252,100,112
SUPER_15,5040000,139,14,15,168,67,72
SUPER_15,5050000,213,15,17,245,107,106
SUPER_15,5060000,121,12,7,140,55,66
SUPER_15,5070000,173,17,23,213,76,97
SUPER_15,5080000,249,20,20,289,121,128
SUPER_15,5090000,132,8,12,152,66,66
SUPER_15,5100000,144,12,16,172,71,73
SUPER_15,5110000,232,25,20,277,130,102
SUPER_15,5120000,167,13,11,191,99,68
SUPER_15,5130000,160,18,21,199,82,78
SUPER_15,5140000,75,4,7,86,38,37
SUPER_15,5150000,209,24,21,254,105,104
SUPER_15,5160000,244,21,30,295,130,114
SUPER_15,5170000,105,12,7,124,50,55
SUPER_15,5180000,195,19,21,235,113,82
SUPER_15,5190000,217,24,15,256,107,110
SUPER_15,5200000,160,15,18,193,67,93
SUPER_15,5210000,63,11,4,78,28,35
SUPER_15,5220000,82,8,10,100,48,34
SUPER_15,5230000,153,15,14,182,82,71
SUPER_15,5240000,137,15,11,163,75,62
SUPER_15,5250000,299,33,30,362,133,166
SUPER_15,5260000,224,19,21,264,108,116
SUPER_15,5270000,294,32,25,351,149,145
SUPER_15,5280000,175,25,22,222,93,82
SUPER_15,5290000,223,25,24,272,103,120
SUPER_15,5300000,264,25,23,312,129,135
SUPER_15,5310000,263,29,23,315,139,124
SUPER_15,5320000,150,10,17,177,83,67
SUPER_15,5330000,236,29,19,284,113,123
SUPER_15,5340000,287,28,28,343,150,137
SUPER_15,5350000,200,19,24,243,107,93
SUPER_15,5360000,191,22,19,232,93,98
SUPER_15,5370000,107,15,9,131,54,53
SUPER_15,5380000,93,7,6,106,45,48
SUPER_15,5390000,222,26,24,272,112,110
SUPER_15,5400000,210,19,15,244,106,104
SUPER_15,5410000,155,20,19,194,73,82
SUPER_15,5420000,197,20,27,244,99,98
SUPER_15,5430000,89,3,3,95,52,37
SUPER_15,5440000,156,15,14,185,80,76
SUPER_15,5450000,15,0,2,17,3,12
SUPER_15,5460000,96,21,16,133,41,55
SUPER_15,5470000,305,23,33,361,158,147
SUPER_15,5480000,217,15,11,243,119,98
SUPER_15,5490000,161,15,16,192,93,68
SUPER_15,5500000,152,18,8,178,64,88
SUPER_15,5510000,158,12,14,184,88,70
SUPER_15,5520000,102,6,14,122,50,52
SUPER_15,5530000,264,18,22,304,127,137
SUPER_15,5540000,321,27,34,382,159,162
SUPER_15,5550000,181,21,15,217,95,86
SUPER_15,5560000,0,0,0,0,0,0
SUPER_15,5570000,0,0,0,0,0,0
SUPER_15,5580000,283,24,16,323,132,151
SUPER_15,5590000,171,23,14,208,77,94
SUPER_15,5600000,306,24,28,358,153,153
SUPER_15,5610000,400,30,39,469,188,212
SUPER_15,5620000,223,18,16,257,105,118
SUPER_15,5630000,251,28,32,311,122,129
SUPER_15,5640000,245,25,35,305,121,124
SUPER_15,5650000,162,13,21,196,86,76
SUPER_15,5660000,120,15,14,149,54,66
SUPER_15,5670000,292,21,20,333,154,138
SUPER_15,5680000,313,23,28,364,152,161
SUPER_15,5690000,170,14,12,196,88,82
SUPER_15,5700000,239,17,24,280,112,127
SUPER_15,5710000,315,41,29,385,150,165
SUPER_15,5720000,229,24,21,274,111,118
SUPER_15,5730000,296,19,31,346,134,162
SUPER_15,5740000,366,26,22,414,193,173
SUPER_15,5750000,269,27,30,326,122,147
SUPER_15,5760000,262,20,23,305,140,122
SUPER_15,5770000,151,23,12,186,82,69
SUPER_15,5780000,154,18,11,183,70,84
SUPER_15,5790000,181,19,14,214,83,98
SUPER_15,5800000,219,28,15,262,111,108
SUPER_15,5810000,197,27,20,244,93,104
SUPER_15,5820000,66,7,10,83,33,33
SUPER_15,5830000,226,19,21,266,105,121
SUPER_15,5840000,312,25,29,366,143,169
SUPER_15,5850000,217,19,25,261,97,120
SUPER_15,5860000,57,4,5,66,34,23
SUPER_15,5870000,101,3,11,115,63,38
SUPER_15,5880000,115,4,1,120,75,40
SUPER_15,5890000,95,3,1,99,67,28
SUPER_15,5900000,199,26,14,239,94,105
SUPER_15,5910000,230,19,25,274,109,121
SUPER_15,5920000,325,29,31,385,157,168
SUPER_15,5930000,153,15,13,181,75,78
SUPER_15,5940000,209,24,22,255,89,120
SUPER_15,5950000,198,16,25,239,105,93
SUPER_15,5960000,276,32,25,333,123,153
SUPER_15,5970000,186,18,8,212,89,97
SUPER_15,5980000,184,17,14,215,91,93
SUPER_15,5990000,214,17,23,254,100,114
SUPER_15,6000000,295,15,20,330,166,129
SUPER_15,6010000,151,17,6,174,64,87
SUPER_15,6020000,146,22,9,177,75,71
SUPER_15,6030000,139,13,8,160,76,63
SUPER_15,6040000,113,11,8,132,59,54
SUPER_15,6050000,348,43,37,428,172,176
SUPER_15,6060000,346,34,29,409,175,171
SUPER_15,6070000,280,30,24,334,135,145
SUPER_15,6080000,259,30,30,319,118,141
SUPER_15,6090000,372,34,40,446,179,193
SUPER_15,6100000,202,18,21,241,95,107
SUPER_15,6110000,363,28,37,428,196,167
SUPER_15,6120000,309,38,23,370,143,166
SUPER_15,6130000,115,19,12,146,54,61
SUPER_15,6140000,215,21,24,260,101,114
SUPER_15,6150000,298,26,28,352,132,166
SUPER_15,6160000,47,2,3,52,25,22
SUPER_15,6170000,127,9,13,149,58,69
SUPER_15,6180000,287,26,43,356,139,148
SUPER_15,6190000,263,21,18,302,120,143
SUPER_15,6200000,202,22,21,245,103,99
SUPER_15,6210000,55,8,4,67,25,30
SUPER_15,6220000,178,19,16,213,97,81
SUPER_15,6230000,128,14,10,152,51,77
SUPER_15,6240000,260,26,19,305,122,138
SUPER_15,6250000,239,29,24,292,113,126
SUPER_15,6260000,205,27,16,248,99,106
SUPER_15,6270000,249,25,18,292,125,124
SUPER_15,6280000,54,7,4,65,26,28
SUPER_15,6290000,215,26,25,266,108,107
SUPER_15,6300000,169,13,15,197,72,97
SUPER_15,6310000,262,20,21,303,128,134
SUPER_15,6320000,251,34,29,314,109,142
SUPER_15,6330000,276,26,24,326,132,144
SUPER_15,6340000,270,17,29,316,135,135
SUPER_15,6350000,158,23,15,196,81,77
SUPER_15,6360000,275,26,37,338,120,155
SUPER_15,6370000,152,22,20,194,82,70
SUPER_15,6380000,175,19,17,211,91,84
SUPER_15,6390000,178,12,16,206,92,86
SUPER_15,6400000,191,11,13,215,104,87
SUPER_15,6410000,189,18,17,224,109,80
SUPER_15,6420000,268,20,25,313,139,129
SUPER_15,6430000,93,19,11,123,51,42
SUPER_15,6440000,274,24,21,319,136,138
SUPER_15,6450000,35,4,2,41,15,20
SUPER_15,6460000,20,3,1,24,11,9
SUPER_15,6470000,294,30,17,341,132,162
SUPER_15,6480000,260,24,28,312,144,116
SUPER_15,6490000,217,27,17,261,93,124
SUPER_15,6500000,248,22,30,300,123,125
SUPER_15,6510000,253,23,28,304,128,125
SUPER_15,6520000,368,34,31,433,188,180
SUPER_15,6530000,169,18,22,209,84,85
SUPER_15,6540000,266,25,29,320,123,143
SUPER_15,6550000,262,23,26,311,130,132
SUPER_15,6560000,201,18,16,235,97,104
SUPER_15,6570000,113,9,10,132,45,68
SUPER_15,6580000,109,9,10,128,56,53
SUPER_15,6590000,154,20,16,190,75,79
SUPER_15,6600000,140,16,21,177,72,68
SUPER_15,6610000,121,15,8,144,70,51
SUPER_15,6620000,264,13,24,301,130,134
SUPER_15,6630000,242,28,17,287,111,131
SUPER_15,6640000,240,28,23,291,121,119
SUPER_15,6650000,122,9,11,142,56,66
SUPER_15,6660000,226,17,15,258,129,97
SUPER_15,6670000,228,20,24,272,109,119
SUPER_15,6680000,184,28,13,225,85,99
SUPER_15,6690000,288,28,29,345,148,140
SUPER_15,6700000,98,11,8,117,47,51
SUPER_15,6710000,56,2,5,63,25,31
SUPER_15,6720000,52,2,14,68,23,29
SUPER_15,6730000,181,20,19,220,95,86
SUPER_15,6740000,326,34,19,379,134,192
SUPER_15,6750000,206,28,16,250,96,110
SUPER_15,6760000,85,7,10,102,43,42
SUPER_15,6770000,165,17,17,199,79,86
SUPER_15,6780000,187,12,15,214,100,87
SUPER_15,6790000,113,17,16,146,44,69
SUPER_15,6800000,257,25,27,309,110,147
SUPER_15,6810000,275,20,22,317,143,132
SUPER_15,6820000,142,12,13,167,67,75
SUPER_15,6830000,232,17,26,275,118,114
SUPER_15,6840000,230,25,27,282,96,134
SUPER_15,6850000,34,6,2,42,17,17
SUPER_15,6860000,194,23,19,236,97,97
SUPER_15,6870000,185,17,6,208,88,97
SUPER_15,6880000,179,12,12,203,90,89
SUPER_15,6890000,187,18,16,221,91,96
SUPER_15,6900000,229,17,15,261,116,113
SUPER_15,6910000,207,17,30,254,110,97
SUPER_15,6920000,286,27,33,346,121,165
SUPER_15,6930000,247,24,24,295,135,112
SUPER_15,6940000,182,11,10,203,84,98
SUPER_15,6950000,91,4,7,102,55,36
SUPER_15,6960000,201,17,16,234,101,100
SUPER_15,6970000,289,29,20,338,150,139
SUPER_15,6980000,14,2,1,17,6,8
SUPER_15,6990000,29,3,4,36,17,12
SUPER_15,7000000,188,29,12,229,99,89
SUPER_15,7010000,241,17,22,280,117,124
SUPER_15,7020000,158,9,13,180,72,86
SUPER_15,7030000,240,23,31,294,111,129
SUPER_15,7040000,235,25,17,277,104,131
SUPER_15,7050000,260,23,28,311,125,135
SUPER_15,7060000,200,23,15,238,97,103
SUPER_15,7070000,238,21,20,279,116,122
SUPER_15,7080000,188,19,11,218,86,102
SUPER_15,7090000,197,15,26,238,102,95
SUPER_15,7100000,264,35,35,334,133,131
SUPER_15,7110000,229,17,28,274,130,99
SUPER_15,7120000,325,26,41,392,142,183
SUPER_15,7130000,80,10,6,96,42,38
SUPER_15,7140000,185,15,15,215,92,93
SUPER_15,7150000,291,33,31,355,134,157
SUPER_15,7160000,390,41,35,466,196,194
SUPER_15,7170000,53,6,7,66,20,33
SUPER_15,7180000,0,0,0,0,0,0
SUPER_15,7190000,0,0,0,0,0,0
SUPER_15,7200000,4,1,1,6,0,4
SUPER_15,7210000,1,0,0,1,1,0
SUPER_15,7220000,53,3,6,62,26,27
SUPER_15,7230000,180,14,14,208,83,97
SUPER_15,7240000,169,14,18,201,68,101
SUPER_15,7250000,162,14,12,188,79,83
SUPER_15,7260000,252,33,31,316,137,115
SUPER_15,7270000,118,12,11,141,62,56
SUPER_15,7280000,218,21,19,258,93,125
SUPER_15,7290000,241,32,24,297,110,131
SUPER_15,7300000,401,38,36,475,200,201
SUPER_15,7310000,377,30,31,438,191,186
SUPER_15,7320000,301,22,28,351,152,149
SUPER_15,7330000,216,19,25,260,109,107
SUPER_15,7340000,339,47,31,417,179,160
SUPER_15,7350000,308,24,26,358,139,169
SUPER_15,7360000,390,36,38,464,197,193
SUPER_15,7370000,235,16,26,277,111,124
SUPER_15,7380000,260,25,23,308,130,130
SUPER_15,7390000,332,36,40,408,148,184
SUPER_15,7400000,197,24,18,239,91,106
SUPER_15,7410000,122,12,8,142,68,54
SUPER_15,7420000,253,24,31,308,126,127
SUPER_15,7430000,254,23,29,306,143,111
SUPER_15,7440000,31,9,3,43,17,14
SUPER_15,7450000,250,21,21,292,117,133
SUPER_15,7460000,260,28,18,306,127,133
SUPER_15,7470000,276,31,27,334,150,126
SUPER_15,7480000,55,5,5,65,21,34
SUPER_15,7490000,218,18,19,255,98,120
SUPER_15,7500000,338,34,27,399,162,176
SUPER_15,7510000,365,30,30,425,175,190
SUPER_15,7520000,247,23,24,294,112,135
SUPER_15,7530000,234,16,19,269,118,116
SUPER_15,7540000,281,28,20,329,126,155
SUPER_15,7550000,351,23,26,400,176,175
SUPER_15,7560000,180,22,15,217,81,99
SUPER_15,7570000,210,26,23,259,89,121
SUPER_15,7580000,155,19,23,197,78,77
SUPER_15,7590000,307,31,23,361,132,175
SUPER_15,7600000,188,23,17,228,93,95
SUPER_15,7610000,121,15,12,148,60,61
SUPER_15,7620000,269,24,22,315,122,147
SUPER_15,7630000,181,23,10,214,83,98
SUPER_15,7640000,319,26,26,371,153,166
SUPER_15,7650000,156,16,17,189,75,81
SUPER_15,7660000,2,1,0,3,2,0
SUPER_15,7670000,16,4,1,21,9,7
SUPER_15,7680000,197,24,28,249,106,91
SUPER_15,7690000,282,23,30,335,137,145
SUPER_15,7700000,132,19,14,165,69,63
SUPER_15,7710000,115,15,9,139,66,49
SUPER_15,7720000,172,12,17,201,75,97
SUPER_15,7730000,82,4,3,89,42,40
SUPER_15,7740000,249,18,27,294,123,126
SUPER_15,7750000,212,17,15,244,110,102
SUPER_15,7760000,170,17,23,210,85,85
SUPER_15,7770000,75,13,9,97,34,41
SUPER_15,7780000,208,26,25,259,117,91
SUPER_15,7790000,301,39,22,362,154,147
SUPER_15,7800000,234,18,21,273,108,126
SUPER_15,7810000,156,21,14,191,78,78
SUPER_15,7820000,164,7,24,195,76,88
SUPER_15,7830000,0,0,0,0,0,0
SUPER_15,7840000,0,0,0,0,0,0
SUPER_15,7850000,330,27,34,391,178,152
SUPER_15,7860000,78,9,4,91,42,36
SUPER_15,7870000,202,24,17,243,102,100
SUPER_15,7880000,203,29,19,251,90,113
SUPER_15,7890000,279,28,18,325,128,151
SUPER_15,7900000,251,21,27,299,123,128
SUPER_15,7910000,262,17,27,306,127,135
SUPER_15,7920000,68,7,4,79,35,33
SUPER_15,7930000,159,14,11,184,76,83
SUPER_15,7940000,192,20,24,236,92,100
SUPER_15,7950000,173,20,9,202,99,74
SUPER_15,7960000,161,16,14,191,75,86
SUPER_15,7970000,141,17,15,173,67,74
SUPER_15,7980000,236,20,20,276,121,115
SUPER_15,7990000,139,26,10,175,62,77
SUPER_15,8000000,168,17,25,210,79,89
SUPER_15,8010000,144,18,18,180,73,71
SUPER_15,8020000,100,14,11,125,50,50
SUPER_15,8030000,1,0,0,1,1,0
SUPER_15,8040000,1,0,0,1,0,1
SUPER_15,8050000,2,0,0,2,1,1
SUPER_15,8060000,3,1,0,4,3,0
SUPER_15,8070000,0,0,0,0,0,0
SUPER_15,8080000,0,0,0,0,0,0
SUPER_15,8090000,6,2,1,9,1,5
SUPER_15,8100000,20,1,2,23,11,9
SUPER_15,8110000,229,15,21,265,124,105
SUPER_15,8120000,235,20,23,278,119,116
SUPER_15,8130000,215,21,19,255,109,106
SUPER_15,8140000,106,11,10,127,46,60
SUPER_15,8150000,139,17,14,170,74,65
SUPER_15,8160000,137,12,9,158,81,56
SUPER_15,8170000,240,27,25,292,115,125
SUPER_15,8180000,231,23,16,270,106,125
SUPER_15,8190000,80,9,7,96,41,39
SUPER_15,8200000,6,2,3,11,4,2
SUPER_15,8210000,185,12,11,208,99,86
SUPER_15,8220000,271,38,26,335,148,123
SUPER_15,8230000,231,30,24,285,106,125
SUPER_15,8240000,326,30,21,377,153,173
SUPER_15,8250000,181,22,16,219,86,95
SUPER_15,8260000,113,2,9,124,67,46
SUPER_15,8270000,133,8,16,157,76,57
SUPER_15,8280000,84,15,4,103,43,41
SUPER_15,8290000,187,22,25,234,99,88
SUPER_15,8300000,210,25,16,251,109,101
SUPER_15,8310000,147,14,10,171,74,73
SUPER_15,8320000,265,20,23,308,133,132
SUPER_15,8330000,238,18,26,282,105,133
SUPER_15,8340000,242,33,18,293,121,121
SUPER_15,8350000,36,6,1,43,22,14
SUPER_15,8360000,0,1,0,1,0,0
SUPER_15,8370000,0,0,0,0,0,0
SUPER_15,8380000,0,0,0,0,0,0
SUPER_15,8390000,0,0,0,0,0,0
SUPER_15,8400000,0,0,0,0,0,0
SUPER_15,8410000,0,0,0,0,0,0
SUPER_15,8420000,0,0,0,0,0,0
SUPER_15,8430000,0,0,0,0,0,0
SUPER_15,8440000,0,0,0,0,0,0
SUPER_15,8450000,7,3,2,12,4,3
SUPER_15,8460000,1,0,0,1,1,0
SUPER_15,8470000,0,0,0,0,0,0
SUPER_15,8480000,0,0,0,0,0,0
SUPER_15,8490000,216,20,17,253,122,94
SUPER_15,8500000,190,25,20,235,97,93
SUPER_15,8510000,134,17,15,166,62,72
SUPER_15,8520000,143,8,17,168,83,60
SUPER_15,8530000,177,18,12,207,91,86
SUPER_15,8540000,186,19,20,225,91,95
SUPER_15,8550000,157,12,8,177,75,82
SUPER_15,8560000,76,4,5,85,37,39
SUPER_15,8570000,197,24,7,228,96,101
SUPER_15,8580000,274,23,31,328,146,128
SUPER_15,8590000,302,23,32,357,154,148
SUPER_15,8600000,200,19,18,237,97,103
SUPER_15,8610000,165,19,14,198,69,96
SUPER_15,8620000,24,2,5,31,8,16
SUPER_15,8630000,245,16,21,282,105,140
SUPER_15,8640000,245,21,20,286,124,121
SUPER_15,8650000,195,16,26,237,98,97
SUPER_15,8660000,170,21,15,206,69,101
SUPER_15,8670000,124,9,12,145,60,64
SUPER_15,8680000,125,11,8,144,64,61
SUPER_15,8690000,75,11,8,94,41,34
SUPER_15,8700000,144,12,14,170,69,75
SUPER_15,8710000,61,5,3,69,21,40
SUPER_15,8720000,284,23,24,331,134,150
SUPER_15,8730000,64,7,6,77,27,37
SUPER_15,8740000,173,13,13,199,88,85
SUPER_15,8750000,347,28,29,404,158,189
SUPER_15,8760000,122,8,12,142,67,55
SUPER_15,8770000,115,11,8,134,57,58
SUPER_15,8780000,185,22,20,227,83,102
SUPER_15,8790000,156,15,16,187,68,88
SUPER_15,8800000,219,21,20,260,103,116
SUPER_15,8810000,174,17,14,205,82,92
SUPER_15,8820000,163,19,21,203,89,74
SUPER_15,8830000,195,18,12,225,88,107
SUPER_15,8840000,269,29,18,316,125,144
SUPER_15,8850000,278,20,24,322,136,142
SUPER_15,8860000,171,23,15,209,81,90
SUPER_15,8870000,266,23,32,321,134,132
SUPER_15,8880000,268,24,18,310,116,152
SUPER_15,8890000,277,13,10,300,140,137
SUPER_15,8900000,100,15,10,125,46,54
SUPER_15,8910000,265,32,20,317,113,152
SUPER_15,8920000,298,23,21,342,154,144
SUPER_15,8930000,245,26,32,303,118,127
SUPER_15,8940000,196,15,19,230,92,104
SUPER_15,8950000,141,9,11,161,78,63
SUPER_15,8960000,216,11,26,253,127,89
SUPER_15,8970000,283,23,25,331,149,134
SUPER_15,8980000,136,14,16,166,63,73
SUPER_15,8990000,141,13,13,167,65,76
SUPER_15,9000000,273,32,37,342,135,138
SUPER_15,9010000,152,18,16,186,71,81
SUPER_15,9020000,85,13,7,105,50,35
SUPER_15,9030000,130,14,13,157,77,53
SUPER_15,9040000,240,20,27,287,117,123
SUPER_15,9050000,140,18,16,174,73,67
SUPER_15,9060000,135,13,16,164,60,75
SUPER_15,9070000,288,20,27,335,154,134
SUPER_15,9080000,193,13,19,225,98,95
SUPER_15,9090000,263,28,26,317,147,116
SUPER_15,9100000,349,25,32,406,175,174
SUPER_15,9110000,259,28,29,316,135,124
SUPER_15,9120000,188,19,22,229,95,93
SUPER_15,9130000,201,16,12,229,99,102
SUPER_15,9140000,198,19,29,246,103,95
SUPER_15,9150000,125,8,6,139,76,49
SUPER_15,9160000,124,13,18,155,68,56
SUPER_15,9170000,231,19,26,276,115,116
SUPER_15,9180000,138,15,18,171,70,68
SUPER_15,9190000,264,27,15,306,138,126
SUPER_15,9200000,271,28,19,318,121,150
SUPER_15,9210000,332,35,36,403,140,192
SUPER_15,9220000,224,22,21,267,114,110
SUPER_15,9230000,153,22,13,188,67,86
SUPER_15,9240000,245,27,21,293,122,123
SUPER_15,9250000,218,25,18,261,98,120
SUPER_15,9260000,176,22,15,213,88,88
SUPER_15,9270000,260,28,22,310,125,135
SUPER_15,9280000,273,30,25,328,137,136
SUPER_15,9290000,190,24,16,230,106,84
SUPER_15,9300000,239,26,19,284,129,110
SUPER_15,9310000,222,21,21,264,116,106
SUPER_15,9320000,324,25,22,371,165,159
SUPER_15,9330000,257,27,26,310,125,132
SUPER_15,9340000,318,31,24,373,178,140
SUPER_15,9350000,266,23,37,326,132,134
SUPER_15,9360000,229,22,22,273,106,123
SUPER_15,9370000,273,21,34,328,129,144
SUPER_15,9380000,288,31,29,348,125,163
SUPER_15,9390000,130,6,9,145,67,63
SUPER_15,9400000,260,21,35,316,122,138
SUPER_15,9410000,222,20,25,267,104,118
SUPER_15,9420000,283,23,20,326,137,146
SUPER_15,9430000,266,24,24,314,133,133
SUPER_15,9440000,246,16,18,280,118,128
SUPER_15,9450000,357,37,42,436,177,180
SUPER_15,9460000,276,31,31,338,137,139
SUPER_15,9470000,352,39,30,421,170,182
SUPER_15,9480000,232,29,15,276,111,121
SUPER_15,9490000,281,22,20,323,138,143
SUPER_15,9500000,365,32,39,436,160,205
SUPER_15,9510000,287,38,20,345,141,146
SUPER_15,9520000,211,13,21,245,118,93
SUPER_15,9530000,147,20,14,181,74,73
SUPER_15,9540000,310,30,27,367,153,157
SUPER_15,9550000,214,15,20,249,121,93
SUPER_15,9560000,223,14,18,255,118,105
SUPER_15,9570000,357,38,30,425,168,189
SUPER_15,9580000,309,32,39,380,145,164
SUPER_15,9590000,204,22,17,243,97,107
SUPER_15,9600000,299,25,32,356,146,153
SUPER_15,9610000,351,33,35,419,173,178
SUPER_15,9620000,136,12,14,162,75,61
SUPER_15,9630000,40,4,1,45,24,16
SUPER_15,9640000,290,29,23,342,133,157
SUPER_15,9650000,231,36,23,290,119,112
SUPER_15,9660000,239,18,29,286,120,119
SUPER_15,9670000,251,20,28,299,138,113
SUPER_15,9680000,242,24,16,282,112,130
SUPER_15,9690000,192,11,19,222,95,97
SUPER_15,9700000,152,15,15,182,75,77
SUPER_15,9710000,62,3,5,70,28,34
SUPER_15,9720000,188,26,25,239,92,96
SUPER_15,9730000,308,35,26,369,145,163
SUPER_15,9740000,194,23,20,237,87,107
SUPER_15,9750000,175,8,24,207,84,91
SUPER_15,9760000,177,19,22,218,83,94
SUPER_15,9770000,332,35,34,401,157,175
SUPER_15,9780000,336,33,30,399,182,154
SUPER_15,9790000,256,31,29,316,129,127
SUPER_15,9800000,335,33,36,404,186,149
SUPER_15,9810000,146,18,16,180,81,65
SUPER_15,9820000,170,25,13,208,74,96
SUPER_15,9830000,148,14,10,172,67,81
SUPER_15,9840000,89,6,17,112,29,60
SUPER_15,9850000,149,15,17,181,62,87
SUPER_15,9860000,334,37,34,405,167,167
SUPER_15,9870000,278,22,30,330,134,144
SUPER_15,9880000,300,22,28,350,140,160
SUPER_15,9890000,480,49,51,580,230,250
SUPER_15,9900000,254,34,39,327,115,139
SUPER_15,9910000,170,23,19,212,73,97
SUPER_15,9920000,367,42,27,436,167,200
SUPER_15,9930000,349,38,25,412,170,179
SUPER_15,9940000,220,25,24,269,95,125
SUPER_15,9950000,271,23,31,325,132,139
SUPER_15,9960000,380,39,35,454,189,191
SUPER_15,9970000,316,31,26,373,157,159
SUPER_15,9980000,299,36,24,359,155,144
SUPER_15,9990000,141,22,10,173,73,68
SUPER_15,10000000,252,38,22,312,103,149
SUPER_15,10010000,153,21,14,188,81,72
SUPER_15,10020000,228,36,28,292,104,124
SUPER_15,10030000,337,29,34,400,181,156
SUPER_15,10040000,113,21,10,144,50,63
SUPER_15,10050000,91,6,13,110,48,43
SUPER_15,10060000,191,17,20,228,98,93
SUPER_15,10070000,245,22,20,287,124,121
SUPER_15,10080000,212,24,26,262,104,108
SUPER_15,10090000,140,21,9,170,66,74
SUPER_15,10100000,201,25,20,246,99,102
SUPER_15,10110000,0,0,0,0,0,0
SUPER_15,10120000,0,0,0,0,0,0
SUPER_15,10130000,141,14,19,174,73,68
SUPER_15,10140000,146,13,16,175,69,77
SUPER_15,10150000,216,24,22,262,109,107
SUPER_15,10160000,239,29,21,289,113,126
SUPER_15,10170000,232,19,25,276,113,119
SUPER_15,10180000,181,22,10,213,97,84
SUPER_15,10190000,153,10,14,177,74,79
SUPER_15,10200000,173,15,23,211,81,92
SUPER_15,10210000,210,10,20,240,99,111
SUPER_15,10220000,314,29,33,376,148,166
SUPER_15,10230000,405,32,38,475,197,208
SUPER_15,10240000,325,29,34,388,158,167
SUPER_15,10250000,240,23,21,284,115,125
SUPER_15,10260000,311,35,23,369,132,179
SUPER_15,10270000,310,27,27,364,154,156
SUPER_15,10280000,253,17,22,292,124,129
SUPER_15,10290000,333,29,46,408,168,165
SUPER_15,10300000,123,13,12,148,62,61
SUPER_15,10310000,265,29,20,314,129,136
SUPER_15,10320000,222,20,18,260,104,118
SUPER_15,10330000,298,27,22,347,145,153
SUPER_15,10340000,308,26,16,350,153,155
SUPER_15,10350000,235,22,20,277,126,109
SUPER_15,10360000,265,23,24,312,138,127
SUPER_15,10370000,369,35,29,433,163,206
SUPER_15,10380000,307,17,21,345,152,155
SUPER_15,10390000,311,25,25,361,159,152
SUPER_15,10400000,228,24,17,269,116,112
SUPER_15,10410000,273,17,19,309,122,151
SUPER_15,10420000,305,29,32,366,154,151
SUPER_15,10430000,279,28,20,327,133,146
SUPER_15,10440000,64,5,7,76,30,34
SUPER_15,10450000,227,29,19,275,124,103
SUPER_15,10460000,212,27,21,260,94,118
SUPER_15,10470000,219,17,26,262,110,109
SUPER_15,10480000,320,23,30,373,168,152
SUPER_15,10490000,311,23,17,351,135,176
SUPER_15,10500000,241,24,20,285,123,118
SUPER_15,10510000,101,10,11,122,49,52
SUPER_15,10520000,231,28,23,282,112,119
SUPER_15,10530000,327,32,32,391,169,158
SUPER_15,10540000,296,28,23,347,155,141
SUPER_15,10550000,346,35,26,407,173,173
SUPER_15,10560000,304,34,34,372,151,153
SUPER_15,10570000,337,44,32,413,165,172
SUPER_15,10580000,353,25,25,403,176,177
SUPER_15,10590000,356,23,28,407,196,160
SUPER_15,10600000,274,31,24,329,124,150
SUPER_15,10610000,446,37,24,507,234,212
SUPER_15,10620000,341,37,35,413,155,186
SUPER_15,10630000,0,0,0,0,0,0
SUPER_15,10640000,0,0,0,0,0,0
SUPER_15,10650000,0,0,0,0,0,0
SUPER_15,10660000,0,0,0,0,0,0
SUPER_15,10670000,524,43,39,606,261,263
SUPER_15,10680000,40,2,1,43,28,12
SUPER_15,10690000,404,39,47,490,190,214
SUPER_15,10700000,192,18,21,231,94,98
SUPER_15,10710000,338,41,25,404,160,178
SUPER_15,10720000,110,4,6,120,53,57
SUPER_15,10730000,156,18,11,185,78,78
SUPER_15,10740000,434,46,32,512,194,240
SUPER_15,10750000,275,31,45,351,126,149
SUPER_15,10760000,272,32,22,326,131,141
SUPER_15,10770000,113,14,10,137,55,58
SUPER_15,10780000,37,6,6,49,22,15
SUPER_15,10790000,217,26,29,272,126,91
SUPER_15,10800000,361,37,44,442,179,182
SUPER_15,10810000,284,31,32,347,128,156
SUPER_15,10820000,264,31,28,323,121,143
SUPER_15,10830000,392,35,47,474,175,217
SUPER_15,10840000,198,32,23,253,83,115
SUPER_15,10850000,246,26,26,298,119,127
SUPER_15,10860000,329,30,30,389,146,183
SUPER_15,10870000,235,22,31,288,116,119
SUPER_15,10880000,355,20,34,409,155,200
SUPER_15,10890000,276,29,19,324,143,133
SUPER_15,10900000,296,29,22,347,138,158
SUPER_15,10910000,346,43,22,411,182,164
SUPER_15,10920000,316,34,28,378,181,135
SUPER_15,10930000,383,19,50,452,224,159
SUPER_15,10940000,289,33,29,351,141,148
SUPER_15,10950000,247,20,25,292,138,109
SUPER_15,10960000,254,24,26,304,138,116
SUPER_15,10970000,104,12,8,124,51,53
SUPER_15,10980000,54,6,5,65,25,29
SUPER_15,10990000,359,23,18,400,184,175
SUPER_15,11000000,274,19,22,315,151,123
SUPER_15,11010000,379,19,20,418,169,210
SUPER_15,11020000,235,18,19,272,132,103
SUPER_15,11030000,343,37,17,397,181,162
SUPER_15,11040000,323,23,35,381,167,156
SUPER_15,11050000,266,24,21,311,143,123
SUPER_15,11060000,391,39,22,452,195,196
SUPER_15,11070000,381,52,37,470,194,187
SUPER_15,11080000,355,22,26,403,171,184
SUPER_15,11090000,203,29,13,245,92,111
SUPER_15,11100000,176,14,15,205,94,82
SUPER_15,11110000,232,26,19,277,115,117
SUPER_15,11120000,298,26,25,349,147,151
SUPER_15,11130000,219,32,19,270,114,105
SUPER_15,11140000,365,27,30,422,197,168
SUPER_15,11150000,375,34,33,442,194,181
SUPER_15,11160000,411,30,35,476,201,210
SUPER_15,11170000,318,24,27,369,162,156
SUPER_15,11180000,182,18,29,229,91,91
SUPER_15,11190000,296,23,25,344,156,140
SUPER_15,11200000,402,47,34,483,198,204
SUPER_15,11210000,310,26,31,367,149,161
SUPER_15,11220000,128,8,8,144,57,71
SUPER_15,11230000,170,17,13,200,80,90
SUPER_15,11240000,259,18,20,297,120,139
SUPER_15,11250000,324,28,26,378,158,166
SUPER_15,11260000,352,18,35,405,166,186
SUPER_15,11270000,234,20,20,274,119,115
SUPER_15,11280000,255,18,19,292,120,135
SUPER_15,11290000,184,8,16,208,89,95
SUPER_15,11300000,175,16,13,204,83,92
SUPER_15,11310000,177,13,17,207,86,91
SUPER_15,11320000,357,26,24,407,172,185
SUPER_15,11330000,302,23,39,364,145,157
SUPER_15,11340000,260,18,24,302,107,153
SUPER_15,11350000,286,37,14,337,143,143
SUPER_15,11360000,314,30,33,377,155,159
SUPER_15,11370000,253,14,22,289,143,110
SUPER_15,11380000,323,27,32,382,177,146
SUPER_15,11390000,284,30,16,330,140,144
SUPER_15,11400000,260,22,15,297,135,125
SUPER_15,11410000,260,31,26,317,132,128
SUPER_15,11420000,291,34,34,359,143,148
SUPER_15,11430000,171,23,10,204,94,77
SUPER_15,11440000,149,15,12,176,82,67
SUPER_15,11450000,189,19,17,225,93,96
SUPER_15,11460000,98,10,2,110,45,53
SUPER_15,11470000,91,8,3,102,52,39
SUPER_15,11480000,260,25,13,298,144,116
SUPER_15,11490000,351,46,31,428,175,176
SUPER_15,11500000,139,9,14,162,62,77
SUPER_15,11510000,225,16,18,259,107,118
SUPER_15,11520000,174,16,13,203,76,98
SUPER_15,11530000,76,7,8,91,43,33
SUPER_15,11540000,248,20,24,292,120,128
SUPER_15,11550000,306,31,34,371,132,174
SUPER_15,11560000,301,26,32,359,143,158
SUPER_15,11570000,391,48,31,470,182,209
SUPER_15,11580000,252,25,14,291,130,122
SUPER_15,11590000,356,39,24,419,175,181
SUPER_15,11600000,369,40,30,439,179,190
SUPER_15,11610000,312,24,34,370,152,160
SUPER_15,11620000,317,30,17,364,147,170
SUPER_15,11630000,281,20,28,329,138,143
SUPER_15,11640000,312,43,28,383,154,158
SUPER_15,11650000,316,37,30,383,169,147
SUPER_15,11660000,317,26,26,369,160,157
SUPER_15,11670000,264,22,26,312,121,143
SUPER_15,11680000,397,30,40,467,208,189
SUPER_15,11690000,366,23,28,417,184,182
SUPER_15,11700000,230,12,19,261,113,117
SUPER_15,11710000,333,31,24,388,151,182
SUPER_15,11720000,236,21,16,273,116,120
SUPER_15,11730000,304,28,41,373,144,160
SUPER_15,11740000,371,28,39,438,180,191
SUPER_15,11750000,252,20,25,297,135,117
SUPER_15,11760000,300,23,19,342,156,144
SUPER_15,11770000,340,33,34,407,173,167
SUPER_15,11780000,272,25,23,320,129,143
SUPER_15,11790000,305,26,32,363,149,156
SUPER_15,11800000,276,24,33,333,143,133
SUPER_15,11810000,283,30,24,337,137,146
SUPER_15,11820000,197,15,16,228,108,89
SUPER_15,11830000,200,18,18,236,100,100
SUPER_15,11840000,349,44,32,425,150,199
SUPER_15,11850000,274,29,22,325,121,153
SUPER_15,11860000,329,26,32,387,151,178
SUPER_15,11870000,286,25,28,339,146,140
SUPER_15,11880000,340,32,34,406,179,161
SUPER_15,11890000,356,22,27,405,180,176
SUPER_15,11900000,292,29,30,351,152,140
SUPER_15,11910000,129,12,14,155,68,61
SUPER_15,11920000,284,18,21,323,142,142
SUPER_15,11930000,175,14,19,208,81,94
SUPER_15,11940000,193,12,16,221,97,96
SUPER_15,11950000,123,17,14,154,65,58
SUPER_15,11960000,192,14,13,219,99,93
SUPER_15,11970000,112,12,5,129,61,51
SUPER_15,11980000,30,1,1,32,22,8
SUPER_15,11990000,58,3,5,66,35,23
SUPER_15,12000000,131,3,11,145,73,58
SUPER_15,12010000,221,28,19,268,113,108
SUPER_15,12020000,118,9,5,132,57,61
SUPER_15,12030000,396,38,32,466,199,197
SUPER_15,12040000,271,29,18,318,144,127
SUPER_15,12050000,208,23,9,240,106,102
SUPER_15,12060000,302,33,26,361,154,148
SUPER_15,12070000,261,25,19,305,124,137
SUPER_15,12080000,329,27,35,391,172,157
SUPER_15,12090000,220,20,26,266,110,110
SUPER_15,12100000,160,5,12,177,89,71
SUPER_15,12110000,108,12,6,126,51,57
SUPER_15,12120000,234,14,10,258,120,114
SUPER_15,12130000,100,7,10,117,56,44
SUPER_15,12140000,0,1,0,1,0,0
SUPER_15,12150000,178,29,15,222,77,101
SUPER_15,12160000,159,21,16,196,71,88
SUPER_15,12170000,221,21,22,264,116,105
SUPER_15,12180000,281,24,27,332,142,139
SUPER_15,12190000,305,37,35,377,148,157
SUPER_15,12200000,300,27,21,348,157,143
SUPER_15,12210000,272,22,25,319,142,130
SUPER_15,12220000,307,14,19,340,173,134
SUPER_15,12230000,309,28,23,360,144,165
SUPER_15,12240000,297,16,23,336,164,133
SUPER_15,12250000,299,24,21,344,154,145
SUPER_15,12260000,259,21,14,294,128,131
SUPER_15,12270000,279,18,29,326,144,135
SUPER_15,12280000,316,35,33,384,175,141
SUPER_15,12290000,324,24,22,370,173,151
SUPER_15,12300000,268,24,29,321,131,137
SUPER_15,12310000,269,24,24,317,140,129
SUPER_15,12320000,371,31,32,434,187,184
SUPER_15,12330000,350,24,37,411,173,177
SUPER_15,12340000,290,21,22,333,146,144
SUPER_15,12350000,337,27,18,382,184,153
SUPER_15,12360000,339,30,21,390,185,154
SUPER_15,12370000,328,24,17,369,150,178
SUPER_15,12380000,217,21,22,260,102,115
SUPER_15,12390000,326,25,26,377,171,155
SUPER_15,12400000,193,18,20,231,92,101
SUPER_15,12410000,332,26,27,385,174,158
SUPER_15,12420000,381,34,43,458,190,191
SUPER_15,12430000,281,23,23,327,141,140
SUPER_15,12440000,321,27,29,377,155,166
SUPER_15,12450000,310,19,21,350,160,150
SUPER_15,12460000,290,21,27,338,149,141
SUPER_15,12470000,291,32,23,346,131,160
SUPER_15,12480000,311,33,24,368,151,160
SUPER_15,12490000,220,15,18,253,115,105
SUPER_15,12500000,255,19,27,301,137,118
SUPER_15,12510000,31,1,2,34,17,14
SUPER_15,12520000,150,12,15,177,76,74
SUPER_15,12530000,276,30,19,325,146,130
SUPER_15,12540000,0,0,0,0,0,0
SUPER_15,12550000,0,0,0,0,0,0
SUPER_15,12560000,484,27,31,542,234,250
SUPER_15,12570000,274,25,14,313,138,136
SUPER_15,12580000,315,29,22,366,157,158
SUPER_15,12590000,50,2,3,55,33,17
SUPER_15,12600000,234,18,24,276,119,115
SUPER_15,12610000,102,7,7,116,64,38
SUPER_15,12620000,231,20,17,268,113,118
SUPER_15,12630000,253,30,27,310,120,133
SUPER_15,12640000,215,23,22,260,119,96
SUPER_15,12650000,129,6,15,150,75,54
SUPER_15,12660000,226,27,21,274,110,116
SUPER_15,12670000,200,12,19,231,101,99
SUPER_15,12680000,272,25,21,318,143,129
SUPER_15,12690000,195,15,22,232,108,87
SUPER_15,12700000,273,23,24,320,121,152
SUPER_15,12710000,210,16,19,245,113,97
SUPER_15,12720000,201,12,19,232,98,103
SUPER_15,12730000,144,18,15,177,82,62
SUPER_15,12740000,201,21,20,242,105,96
SUPER_15,12750000,125,8,9,142,69,56
SUPER_15,12760000,202,18,8,228,107,95
SUPER_15,12770000,127,16,5,148,66,61
SUPER_15,12780000,137,13,11,161,81,56
SUPER_15,12790000,115,7,9,131,65,50
SUPER_15,12800000,112,7,13,132,68,44
SUPER_15,12810000,76,6,6,88,35,41
SUPER_15,12820000,70,6,6,82,29,41
SUPER_15,12830000,49,2,2,53,28,21
SUPER_16,10000,0,19,1,20,0,0
SUPER_16,20000,0,3,0,3,0,0
SUPER_16,30000,0,1,0,1,0,0
SUPER_16,40000,0,1,0,1,0,0
SUPER_16,50000,0,0,0,0,0,0
SUPER_16,60000,0,0,0,0,0,0
SUPER_16,70000,0,0,0,0,0,0
SUPER_16,80000,0,0,0,0,0,0
SUPER_16,90000,0,0,0,0,0,0
SUPER_16,100000,0,0,0,0,0,0
SUPER_16,110000,0,0,0,0,0,0
SUPER_16,120000,40,2,4,46,18,22
SUPER_16,130000,200,11,25,236,92,108
SUPER_16,140000,130,4,9,143,68,62
SUPER_16,150000,127,18,13,158,77,50
SUPER_16,160000,98,7,14,119,47,51
SUPER_16,170000,140,13,11,164,66,74
SUPER_16,180000,96,6,8,110,44,52
SUPER_16,190000,127,15,7,149,67,60
SUPER_16,200000,164,13,13,190,73,91
SUPER_16,210000,264,28,19,311,137,127
SUPER_16,220000,257,19,23,299,133,124
SUPER_16,230000,228,20,16,264,115,113
SUPER_16,240000,0,0,0,0,0,0
SUPER_16,250000,0,0,0,0,0,0
SUPER_16,260000,78,8,4,90,38,40
SUPER_16,270000,412,36,36,484,197,215
SUPER_16,280000,320,24,26,370,166,154
SUPER_16,290000,240,31,29,300,126,114
SUPER_16,300000,218,15,7,240,116,102
SUPER_16,310000,212,16,12,240,94,118
SUPER_16,320000,240,20,13,273,125,115
SUPER_16,330000,335,26,18,379,153,182
SUPER_16,340000,306,27,23,356,150,156
SUPER_16,350000,302,31,22,355,139,163
SUPER_16,360000,267,22,22,311,120,147
SUPER_16,370000,378,35,44,457,183,195
SUPER_16,380000,349,26,39,414,184,165
SUPER_16,390000,432,39,42,513,196,236
SUPER_16,400000,437,31,32,500,225,212
SUPER_16,410000,65,3,2,70,28,37
SUPER_16,420000,227,21,19,267,120,107
SUPER_16,430000,283,25,19,327,132,151
SUPER_16,440000,327,36,37,400,155,172
SUPER_16,450000,324,28,48,400,153,171
SUPER_16,460000,204,19,27,250,105,99
SUPER_16,470000,222,19,21,262,124,98
SUPER_16,480000,4,1,0,5,2,2
SUPER_16,490000,28,2,4,34,20,8
SUPER_16,500000,391,50,31,472,200,191
SUPER_16,510000,240,25,22,287,120,120
SUPER_16,520000,219,22,18,259,111,108
SUPER_16,530000,259,29,16,304,135,124
SUPER_16,540000,250,17,22,289,132,118
SUPER_16,550000,324,26,28,378,166,158
SUPER_16,560000,339,30,33,402,163,176
SUPER_16,570000,180,15,19,214,94,86
SUPER_16,580000,401,42,37,480,185,216
SUPER_16,590000,247,23,23,293,137,110
SUPER_16,600000,247,24,20,291,110,137
SUPER_16,610000,307,30,26,363,151,156
SUPER_16,620000,216,15,23,254,109,107
SUPER_16,630000,269,22,24,315,128,141
SUPER_16,640000,125,14,12,151,62,63
SUPER_16,650000,235,21,30,286,122,113
SUPER_16,660000,231,40,23,294,105,126
SUPER_16,670000,205,17,22,244,99,106
SUPER_16,680000,329,36,31,396,166,163
SUPER_16,690000,255,27,26,308,127,128
SUPER_16,700000,123,7,11,141,64,59
SUPER_16,710000,335,37,29,401,165,170
SUPER_16,720000,158,22,19,199,59,99
SUPER_16,730000,322,25,38,385,164,158
SUPER_16,740000,233,28,19,280,116,117
SUPER_16,750000,159,20,17,196,73,86
SUPER_16,760000,292,26,27,345,153,139
SUPER_16,770000,339,36,39,414,170,169
SUPER_16,780000,465,44,43,552,239,226
SUPER_16,790000,378,38,31,447,189,189
SUPER_16,800000,383,29,30,442,194,189
SUPER_16,810000,309,31,29,369,144,165
SUPER_16,820000,417,26,50,493,194,223
SUPER_16,830000,180,21,9,210,86,94
SUPER_16,840000,0,0,1,1,0,0
SUPER_16,850000,412,31,34,477,205,207
SUPER_16,860000,230,34,23,287,115,115
SUPER_16,870000,440,48,44,532,208,232
SUPER_16,880000,328,28,34,390,160,168
SUPER_16,890000,245,15,17,277,115,130
SUPER_16,900000,456,45,38,539,217,239
SUPER_16,910000,220,35,20,275,105,115
SUPER_16,920000,378,25,51,454,195,183
SUPER_16,930000,295,22,36,353,144,151
SUPER_16,940000,326,36,20,382,162,164
SUPER_16,950000,282,29,26,337,136,146
SUPER_16,960000,150,14,11,175,81,69
SUPER_16,970000,195,21,15,231,97,98
SUPER_16,980000,234,14,23,271,121,113
SUPER_16,990000,430,38,37,505,225,205
SUPER_16,1000000,262,25,23,310,123,139
SUPER_16,1010000,355,47,23,425,181,174
SUPER_16,1020000,364,35,26,425,175,189
SUPER_16,1030000,410,38,28,476,198,212
SUPER_16,1040000,455,42,27,524,233,222
SUPER_16,1050000,356,27,33,416,179,177
SUPER_16,1060000,416,32,55,503,213,203
SUPER_16,1070000,473,44,43,560,227,246
SUPER_16,1080000,281,35,15,331,152,129
SUPER_16,1090000,366,39,29,434,189,177
SUPER_16,1100000,268,32,23,323,122,146
SUPER_16,1110000,364,33,34,431,182,182
SUPER_16,1120000,322,31,30,383,151,171
SUPER_16,1130000,192,21,18,231,102,90
SUPER_16,1140000,169,21,27,217,85,84
SUPER_16,1150000,326,26,23,375,184,142
SUPER_16,1160000,140,19,17,176,73,67
SUPER_16,1170000,266,22,21,309,127,139
SUPER_16,1180000,372,43,33,448,191,181
SUPER_16,1190000,404,41,47,492,204,200
SUPER_16,1200000,79,5,12,96,41,38
SUPER_16,1210000,179,21,21,221,87,92
SUPER_16,1220000,395,30,45,470,198,197
SUPER_16,1230000,175,12,13,200,95,80
SUPER_16,1240000,345,40,27,412,163,182
SUPER_16,1250000,343,33,34,410,164,179
SUPER_16,1260000,378,35,37,450,189,189
SUPER_16,1270000,358,42,31,431,185,173
SUPER_16,1280000,302,34,17,353,151,151
SUPER_16,1290000,388,35,41,464,201,187
SUPER_16,1300000,117,14,7,138,64,53
SUPER_16,1310000,263,22,23,308,129,134
SUPER_16,1320000,401,36,21,458,213,188
SUPER_16,1330000,407,35,37,479,206,201
SUPER_16,1340000,305,27,26,358,167,138
SUPER_16,1350000,292,37,26,355,151,141
SUPER_16,1360000,259,19,17,295,134,125
SUPER_16,1370000,356,37,34,427,174,182
SUPER_16,1380000,385,40,30,455,193,192
SUPER_16,1390000,358,39,19,416,189,169
SUPER_16,1400000,330,31,28,389,164,166
SUPER_16,1410000,254,12,25,291,128,126
SUPER_16,1420000,282,26,27,335,143,139
SUPER_16,1430000,326,28,28,382,170,156
SUPER_16,1440000,399,28,33,460,188,211
SUPER_16,1450000,350,27,26,403,172,178
SUPER_16,1460000,231,19,16,266,106,125
SUPER_16,1470000,409,32,40,481,195,214
SUPER_16,1480000,456,28,36,520,214,242
SUPER_16,1490000,315,30,28,373,158,157
SUPER_16,1500000,380,34,34,448,190,190
SUPER_16,1510000,269,36,20,325,133,136
SUPER_16,1520000,286,26,24,336,129,157
SUPER_16,1530000,307,29,29,365,149,158
SUPER_16,1540000,291,26,34,351,150,141
SUPER_16,1550000,406,32,38,476,194,212
SUPER_16,1560000,181,14,17,212,89,92
SUPER_16,1570000,426,44,41,511,221,205
SUPER_16,1580000,433,20,35,488,223,210
SUPER_16,1590000,339,35,30,404,167,172
SUPER_16,1600000,344,29,29,402,178,166
SUPER_16,1610000,319,33,30,382,140,179
SUPER_16,1620000,269,22,19,310,131,138
SUPER_16,1630000,269,24,15,308,153,116
SUPER_16,1640000,412,37,23,472,220,192
SUPER_16,1650000,215,16,19,250,104,111
SUPER_16,1660000,316,27,23,366,155,161
SUPER_16,1670000,298,29,29,356,134,164
SUPER_16,1680000,267,23,16,306,125,142
SUPER_16,1690000,214,21,24,259,92,122
SUPER_16,1700000,173,15,14,202,84,89
SUPER_16,1710000,340,30,21,391,172,168
SUPER_16,1720000,274,27,36,337,130,144
SUPER_16,1730000,291,22,32,345,160,131
SUPER_16,1740000,319,30,24,373,163,156
SUPER_16,1750000,278,22,23,323,118,160
SUPER_16,1760000,303,24,24,351,158,145
SUPER_16,1770000,266,25,15,306,116,150
SUPER_16,1780000,271,26,20,317,124,147
SUPER_16,1790000,330,29,21,380,167,163
SUPER_16,1800000,275,27,20,322,145,130
SUPER_16,1810000,46,1,8,55,29,17
SUPER_16,1820000,272,31,21,324,123,149
SUPER_16,1830000,343,26,25,394,192,151
SUPER_16,1840000,285,28,24,337,149,136
SUPER_16,1850000,93,7,4,104,47,46
SUPER_16,1860000,238,12,29,279,116,122
SUPER_16,1870000,257,23,30,310,130,127
SUPER_16,1880000,225,22,19,266,111,114
SUPER_16,1890000,282,20,26,328,154,128
SUPER_16,1900000,228,18,21,267,108,120
SUPER_16,1910000,318,26,25,369,154,164
SUPER_16,1920000,282,32,21,335,137,145
SUPER_16,1930000,378,31,32,441,182,196
SUPER_16,1940000,261,29,19,309,137,124
SUPER_16,1950000,158,17,9,184,83,75
SUPER_16,1960000,243,21,17,281,125,118
SUPER_16,1970000,364,22,20,406,174,190
SUPER_16,1980000,294,31,27,352,154,140
SUPER_16,1990000,199,20,19,238,107,92
SUPER_16,2000000,309,22,34,365,146,163
SUPER_16,2010000,201,17,19,237,103,98
SUPER_16,2020000,344,30,28,402,181,163
SUPER_16,2030000,302,20,25,347,152,150
SUPER_16,2040000,308,34,22,364,151,157
SUPER_16,2050000,260,28,23,311,118,142
SUPER_16,2060000,271,31,22,324,141,130
SUPER_16,2070000,210,17,22,249,92,118
SUPER_16,2080000,210,24,14,248,93,117
SUPER_16,2090000,273,24,36,333,128,145
SUPER_16,2100000,403,30,41,474,195,208
SUPER_16,2110000,217,16,25,258,114,103
SUPER_16,2120000,144,9,9,162,77,67
SUPER_16,2130000,0,0,0,0,0,0
SUPER_16,2140000,0,0,0,0,0,0
SUPER_16,2150000,502,40,59,601,244,258
SUPER_16,2160000,266,28,15,309,133,133
SUPER_16,2170000,375,35,35,445,182,193
SUPER_16,2180000,194,16,19,229,89,105
SUPER_16,2190000,340,43,24,407,161,179
SUPER_16,2200000,69,8,6,83,42,27
SUPER_16,2210000,279,25,19,323,141,138
SUPER_16,2220000,280,23,20,323,151,129
SUPER_16,2230000,266,30,27,323,129,137
SUPER_16,2240000,292,28,16,336,143,149
SUPER_16,2250000,221,24,16,261,117,104
SUPER_16,2260000,299,33,29,361,153,146
SUPER_16,2270000,246,24,26,296,116,130
SUPER_16,2280000,322,33,23,378,150,172
SUPER_16,2290000,298,25,22,345,149,149
SUPER_16,2300000,246,22,18,286,124,122
SUPER_16,2310000,159,14,16,189,75,84
SUPER_16,2320000,155,14,16,185,84,71
SUPER_16,2330000,272,28,22,322,118,154
SUPER_16,2340000,289,21,23,333,155,134
SUPER_16,2350000,264,31,18,313,128,136
SUPER_16,2360000,201,20,21,242,95,106
SUPER_16,2370000,81,11,5,97,33,48
SUPER_16,2380000,307,25,31,363,154,153
SUPER_16,2390000,337,27,17,381,170,167
SUPER_16,2400000,211,19,9,239,97,114
SUPER_16,2410000,221,26,9,256,109,112
SUPER_16,2420000,70,7,9,86,32,38
SUPER_16,2430000,138,10,8,156,77,61
SUPER_16,2440000,270,19,28,317,141,129
SUPER_16,2450000,265,19,21,305,126,139
SUPER_16,2460000,239,24,19,282,122,117
SUPER_16,2470000,266,27,15,308,142,124
SUPER_16,2480000,359,39,34,432,177,182
SUPER_16,2490000,154,11,16,181,66,88
SUPER_16,2500000,250,24,17,291,130,120
SUPER_16,2510000,288,31,33,352,126,162
SUPER_16,2520000,288,21,23,332,150,138
SUPER_16,2530000,96,5,7,108,42,54
SUPER_16,2540000,108,12,9,129,43,65
SUPER_16,2550000,344,31,34,409,149,195
SUPER_16,2560000,263,28,24,315,117,146
SUPER_16,2570000,232,20,23,275,121,111
SUPER_16,2580000,0,0,0,0,0,0
SUPER_16,2590000,0,0,0,0,0,0
SUPER_16,2600000,381,38,46,465,175,206
SUPER_16,2610000,280,25,24,329,151,129
SUPER_16,2620000,274,20,26,320,143,131
SUPER_16,2630000,316,26,42,384,142,174
SUPER_16,2640000,208,33,13,254,98,110
SUPER_16,2650000,177,21,16,214,82,95
SUPER_16,2660000,250,31,23,304,122,128
SUPER_16,2670000,228,23,17,268,111,117
SUPER_16,2680000,320,33,29,382,154,166
SUPER_16,2690000,418,43,58,519,207,211
SUPER_16,2700000,304,33,28,365,149,155
SUPER_16,2710000,242,26,15,283,132,110
SUPER_16,2720000,179,9,16,204,100,79
SUPER_16,2730000,79,6,10,95,46,33
SUPER_16,2740000,153,13,19,185,89,64
SUPER_16,2750000,301,33,26,360,129,172
SUPER_16,2760000,281,22,27,330,154,127
SUPER_16,2770000,185,18,19,222,99,86
SUPER_16,2780000,253,14,20,287,115,138
SUPER_16,2790000,306,23,35,364,156,150
SUPER_16,2800000,212,24,17,253,108,104
SUPER_16,2810000,185,20,11,216,97,88
SUPER_16,2820000,97,8,2,107,53,44
SUPER_16,2830000,341,35,34,410,168,173
SUPER_16,2840000,99,5,10,114,47,52
SUPER_16,2850000,267,27,24,318,138,129
SUPER_16,2860000,205,21,20,246,108,97
SUPER_16,2870000,190,18,15,223,107,83
SUPER_16,2880000,34,4,6,44,19,15
SUPER_16,2890000,0,1,0,1,0,0
SUPER_16,2900000,215,21,10,246,106,109
SUPER_16,2910000,179,19,9,207,89,90
SUPER_16,2920000,261,19,26,306,139,122
SUPER_16,2930000,331,33,24,388,179,152
SUPER_16,2940000,332,30,29,391,167,165
SUPER_16,2950000,5,1,0,6,3,2
SUPER_16,2960000,152,15,12,179,76,76
SUPER_16,2970000,342,35,27,404,169,173
SUPER_16,2980000,114,10,11,135,45,69
SUPER_16,2990000,108,13,10,131,53,55
SUPER_16,3000000,323,31,27,381,157,166
SUPER_16,3010000,243,30,14,287,124,119
SUPER_16,3020000,273,27,25,325,137,136
SUPER_16,3030000,255,21,14,290,133,122
SUPER_16,3040000,344,34,40,418,173,171
SUPER_16,3050000,280,34,19,333,145,135
SUPER_16,3060000,321,30,29,380,157,164
SUPER_16,3070000,283,16,25,324,152,131
SUPER_16,3080000,312,32,27,371,156,156
SUPER_16,3090000,28,2,1,31,16,12
SUPER_16,3100000,309,27,23,359,156,153
SUPER_16,3110000,389,42,36,467,176,213
SUPER_16,3120000,215,17,16,248,113,102
SUPER_16,3130000,87,7,3,97,53,34
SUPER_16,3140000,268,25,24,317,137,131
SUPER_16,3150000,298,25,26,349,143,155
SUPER_16,3160000,272,23,26,321,128,144
SUPER_16,3170000,197,28,12,237,102,95
SUPER_16,3180000,133,13,13,159,57,76
SUPER_16,3190000,338,32,26,396,167,171
SUPER_16,3200000,265,21,23,309,128,137
SUPER_16,3210000,292,24,27,343,137,155
SUPER_16,3220000,400,33,48,481,181,219
SUPER_16,3230000,357,24,41,422,188,169
SUPER_16,3240000,339,21,39,399,163,176
SUPER_16,3250000,343,40,40,423,158,185
SUPER_16,3260000,196,22,15,233,85,111
SUPER_16,3270000,210,25,20,255,103,107
SUPER_16,3280000,192,18,17,227,94,98
SUPER_16,3290000,297,25,19,341,137,160
SUPER_16,3300000,266,18,18,302,124,142
SUPER_16,3310000,224,13,24,261,107,117
SUPER_16,3320000,256,32,22,310,115,141
SUPER_16,3330000,237,22,17,276,108,129
SUPER_16,3340000,103,15,7,125,51,52
SUPER_16,3350000,174,17,10,201,82,92
SUPER_16,3360000,257,30,27,314,131,126
SUPER_16,3370000,294,28,22,344,131,163
SUPER_16,3380000,286,31,26,343,144,142
SUPER_16,3390000,259,32,23,314,124,135
SUPER_16,3400000,249,33,32,314,127,122
SUPER_16,3410000,216,19,14,249,104,112
SUPER_16,3420000,232,25,18,275,123,109
SUPER_16,3430000,220,22,19,261,107,113
SUPER_16,3440000,1,0,1,2,1,0
SUPER_16,3450000,15,2,1,18,7,8
SUPER_16,3460000,168,25,20,213,94,74
SUPER_16,3470000,123,16,5,144,63,60
SUPER_16,3480000,11,3,1,15,5,6
SUPER_16,3490000,272,24,23,319,145,127
SUPER_16,3500000,301,33,35,369,141,160
SUPER_16,3510000,319,23,41,383,175,144
SUPER_16,3520000,271,21,26,318,152,119
SUPER_16,3530000,230,19,16,265,97,133
SUPER_16,3540000,266,25,23,314,144,122
SUPER_16,3550000,252,28,16,296,130,122
SUPER_16,3560000,126,15,11,152,69,57
SUPER_16,3570000,209,18,22,249,99,110
SUPER_16,3580000,262,35,25,322,127,135
SUPER_16,3590000,267,29,22,318,130,137
SUPER_16,3600000,216,22,21,259,95,121
SUPER_16,3610000,281,19,24,324,140,141
SUPER_16,3620000,216,21,23,260,115,101
SUPER_16,3630000,134,11,13,158,71,63
SUPER_16,3640000,269,22,25,316,121,148
SUPER_16,3650000,254,30,23,307,121,133
SUPER_16,3660000,338,30,27,395,186,152
SUPER_16,3670000,283,27,27,337,143,140
SUPER_16,3680000,207,20,17,244,99,108
SUPER_16,3690000,227,21,31,279,102,125
SUPER_16,3700000,372,23,35,430,180,192
SUPER_16,3710000,275,20,28,323,142,133
SUPER_16,3720000,311,30,37,378,150,161
SUPER_16,3730000,276,34,33,343,128,148
SUPER_16,3740000,264,26,29,319,125,139
SUPER_16,3750000,247,30,20,297,123,124
SUPER_16,3760000,223,24,26,273,101,122
SUPER_16,3770000,315,30,30,375,136,179
SUPER_16,3780000,259,27,21,307,122,137
SUPER_16,3790000,241,19,24,284,114,127
SUPER_16,3800000,345,25,25,395,180,165
SUPER_16,3810000,212,22,29,263,99,113
SUPER_16,3820000,39,3,6,48,20,19
SUPER_16,3830000,249,23,30,302,124,125
SUPER_16,3840000,213,20,25,258,107,106
SUPER_16,3850000,141,13,21,175,73,68
SUPER_16,3860000,296,23,42,361,150,146
SUPER_16,3870000,164,17,12,193,94,70
SUPER_16,3880000,334,32,39,405,163,171
SUPER_16,3890000,483,39,47,569,230,253
SUPER_16,3900000,296,28,35,359,134,162
SUPER_16,3910000,305,25,29,359,146,159
SUPER_16,3920000,256,20,28,304,117,139
SUPER_16,3930000,211,23,23,257,99,112
SUPER_16,3940000,55,7,4,66,26,29
SUPER_16,3950000,266,21,27,314,125,141
SUPER_16,3960000,243,26,18,287,122,121
SUPER_16,3970000,289,19,32,340,133,156
SUPER_16,3980000,228,22,25,275,112,116
SUPER_16,3990000,270,27,32,329,135,135
SUPER_16,4000000,271,27,28,326,127,144
SUPER_16,4010000,247,13,26,286,119,128
SUPER_16,4020000,349,29,33,411,158,191
SUPER_16,4030000,289,34,38,361,136,153
SUPER_16,4040000,134,10,16,160,61,73
SUPER_16,4050000,181,13,22,216,76,105
SUPER_16,4060000,254,23,12,289,124,130
SUPER_16,4070000,199,22,20,241,80,119
SUPER_16,4080000,223,23,17,263,107,116
SUPER_16,4090000,206,18,21,245,98,108
SUPER_16,4100000,54,3,4,61,25,29
SUPER_16,4110000,268,20,22,310,120,148
SUPER_16,4120000,336,28,39,403,155,181
SUPER_16,4130000,232,32,21,285,113,119
SUPER_16,4140000,365,35,30,430,178,187
SUPER_16,4150000,236,20,15,271,117,119
SUPER_16,4160000,372,44,35,451,196,176
SUPER_16,4170000,160,23,11,194,73,87
SUPER_16,4180000,279,17,37,333,131,148
SUPER_16,4190000,309,27,32,368,149,160
SUPER_16,4200000,298,37,33,368,142,156
SUPER_16,4210000,207,23,22,252,100,107
SUPER_16,4220000,324,30,38,392,141,183
SUPER_16,4230000,331,33,29,393,142,189
SUPER_16,4240000,358,33,31,422,156,202
SUPER_16,4250000,330,35,26,391,160,170
SUPER_16,4260000,324,30,33,387,154,170
SUPER_16,4270000,271,30,19,320,115,156
SUPER_16,4280000,291,21,28,340,149,142
SUPER_16,4290000,208,18,11,237,105,103
SUPER_16,4300000,215,21,19,255,105,110
SUPER_16,4310000,209,14,27,250,95,114
SUPER_16,4320000,109,18,15,142,50,59
SUPER_16,4330000,290,34,27,351,135,155
SUPER_16,4340000,267,30,25,322,142,125
SUPER_16,4350000,252,25,23,300,131,121
SUPER_16,4360000,281,23,29,333,147,134
SUPER_16,4370000,288,28,19,335,131,157
SUPER_16,4380000,216,27,13,256,106,110
SUPER_16,4390000,298,29,36,363,137,161
SUPER_16,4400000,270,31,26,327,124,146
SUPER_16,4410000,300,38,32,370,139,161
SUPER_16,4420000,327,33,38,398,151,176
SUPER_16,4430000,236,17,24,277,113,123
SUPER_16,4440000,192,20,24,236,95,97
SUPER_16,4450000,141,15,12,168,70,71
SUPER_16,4460000,296,41,38,375,151,145
SUPER_16,4470000,218,22,25,265,99,119
SUPER_16,4480000,288,34,36,358,142,146
SUPER_16,4490000,242,17,30,289,115,127
SUPER_16,4500000,297,24,31,352,146,151
SUPER_16,4510000,289,17,33,339,152,137
SUPER_16,4520000,260,17,21,298,124,136
SUPER_16,4530000,206,22,17,245,101,105
SUPER_16,4540000,146,18,11,175,80,66
SUPER_16,4550000,90,11,7,108,41,49
SUPER_16,4560000,263,28,25,316,125,138
SUPER_16,4570000,180,12,21,213,84,96
SUPER_16,4580000,183,20,23,226,91,92
SUPER_16,4590000,276,33,23,332,137,139
SUPER_16,4600000,241,19,26,286,116,125
SUPER_16,4610000,394,33,39,466,203,191
SUPER_16,4620000,163,19,12,194,72,91
SUPER_16,4630000,321,37,28,386,147,174
SUPER_16,4640000,202,18,15,235,98,104
SUPER_16,4650000,316,40,30,386,155,161
SUPER_16,4660000,293,29,28,350,149,144
SUPER_16,4670000,312,24,41,377,144,168
SUPER_16,4680000,311,37,22,370,134,177
SUPER_16,4690000,258,22,22,302,120,138
SUPER_16,4700000,228,22,21,271,101,127
SUPER_16,4710000,255,23,21,299,137,118
SUPER_16,4720000,246,17,17,280,107,139
SUPER_16,4730000,274,24,31,329,134,140
SUPER_16,4740000,257,25,19,301,122,135
SUPER_16,4750000,216,32,29,277,109,107
SUPER_16,4760000,82,4,6,92,46,36
SUPER_16,4770000,94,10,6,110,55,39
SUPER_16,4780000,152,21,6,179,72,80
SUPER_16,4790000,279,34,28,341,132,147
SUPER_16,4800000,361,39,36,436,163,198
SUPER_16,4810000,153,21,14,188,70,83
SUPER_16,4820000,207,22,20,249,103,104
SUPER_16,4830000,204,19,19,242,90,114
SUPER_16,4840000,166,17,13,196,82,84
SUPER_16,4850000,266,22,30,318,130,136
SUPER_16,4860000,225,22,21,268,120,105
SUPER_16,4870000,161,21,12,194,92,69
SUPER_16,4880000,270,20,29,319,130,140
SUPER_16,4890000,324,32,28,384,160,164
SUPER_16,4900000,224,16,24,264,121,103
SUPER_16,4910000,309,29,29,367,167,142
SUPER_16,4920000,425,38,41,504,198,227
SUPER_16,4930000,257,23,19,299,124,133
SUPER_16,4940000,295,27,34,356,138,157
SUPER_16,4950000,142,14,16,172,71,71
SUPER_16,4960000,193,27,25,245,109,84
SUPER_16,4970000,261,25,27,313,115,146
SUPER_16,4980000,290,19,35,344,138,152
SUPER_16,4990000,359,36,22,417,166,193
SUPER_16,5000000,289,32,28,349,136,153
SUPER_16,5010000,262,31,26,319,123,139
SUPER_16,5020000,247,35,26,308,112,135
SUPER_16,5030000,282,27,32,341,135,147
SUPER_16,5040000,270,22,22,314,141,129
SUPER_16,5050000,157,13,14,184,80,77
SUPER_16,5060000,186,20,25,231,88,98
SUPER_16,5070000,297,30,27,354,141,156
SUPER_16,5080000,252,36,18,306,128,124
SUPER_16,5090000,349,36,28,413,194,155
SUPER_16,5100000,219,29,17,265,103,116
SUPER_16,5110000,264,27,24,315,123,141
SUPER_16,5120000,355,24,39,418,192,163
SUPER_16,5130000,313,34,20,367,156,157
SUPER_16,5140000,294,32,25,351,149,145
SUPER_16,5150000,304,34,32,370,143,161
SUPER_16,5160000,282,19,32,333,132,150
SUPER_16,5170000,185,24,19,228,97,88
SUPER_16,5180000,199,15,18,232,104,95
SUPER_16,5190000,235,24,20,279,115,120
SUPER_16,5200000,173,20,21,214,93,80
SUPER_16,5210000,246,20,15,281,130,116
SUPER_16,5220000,189,17,23,229,91,98
SUPER_16,5230000,190,18,15,223,100,90
SUPER_16,5240000,194,25,11,230,94,100
SUPER_16,5250000,196,27,18,241,99,97
SUPER_16,5260000,185,11,16,212,85,100
SUPER_16,5270000,190,15,21,226,101,89
SUPER_16,5280000,251,22,18,291,126,125
SUPER_16,5290000,154,11,10,175,76,78
SUPER_16,5300000,265,20,20,305,136,129
SUPER_16,5310000,106,12,6,124,50,56
SUPER_16,5320000,104,8,12,124,49,55
SUPER_16,5330000,305,30,28,363,141,164
SUPER_16,5340000,162,21,16,199,83,79
SUPER_16,5350000,205,20,19,244,105,100
SUPER_16,5360000,261,24,19,304,121,140
SUPER_16,5370000,351,22,43,416,175,176
SUPER_16,5380000,172,20,12,204,82,90
SUPER_16,5390000,226,29,18,273,98,128
SUPER_16,5400000,193,17,14,224,82,111
SUPER_16,5410000,208,26,22,256,108,99
SUPER_16,5420000,214,16,16,246,115,99
SUPER_16,5430000,227,13,16,256,113,114
SUPER_16,5440000,123,10,8,141,64,59
SUPER_16,5450000,137,14,12,163,64,73
SUPER_16,5460000,183,18,18,219,82,101
SUPER_16,5470000,212,21,16,249,107,105
SUPER_16,5480000,165,23,22,210,77,88
SUPER_16,5490000,171,25,22,218,94,77
SUPER_16,5500000,231,18,30,279,112,119
SUPER_16,5510000,137,11,10,158,73,64
SUPER_16,5520000,250,37,29,316,118,132
SUPER_16,5530000,193,21,16,230,91,102
SUPER_16,5540000,218,23,15,256,109,109
SUPER_16,5550000,306,34,35,375,170,136
SUPER_16,5560000,263,29,22,314,126,137
SUPER_16,5570000,137,10,10,157,65,72
SUPER_16,5580000,255,28,26,309,119,136
SUPER_16,5590000,173,14,17,204,81,92
SUPER_16,5600000,153,19,17,189,69,84
SUPER_16,5610000,222,23,23,268,100,122
SUPER_16,5620000,254,29,18,301,115,139
SUPER_16,5630000,164,15,25,204,69,95
SUPER_16,5640000,246,17,20,283,122,124
SUPER_16,5650000,114,8,6,128,57,57
SUPER_16,5660000,227,20,21,268,117,110
SUPER_16,5670000,223,15,14,252,104,119
SUPER_16,5680000,226,14,20,260,109,116
SUPER_16,5690000,160,18,10,188,66,94
SUPER_16,5700000,329,33,28,390,160,169
SUPER_16,5710000,171,16,15,202,83,88
SUPER_16,5720000,178,16,17,211,91,87
SUPER_16,5730000,114,15,10,139,52,62
SUPER_16,5740000,192,21,12,225,92,100
SUPER_16,5750000,169,21,21,211,80,89
SUPER_16,5760000,117,6,7,130,55,62
SUPER_16,5770000,183,21,16,220,93,90
SUPER_16,5780000,130,17,18,165,59,71
SUPER_16,5790000,208,21,18,247,103,105
SUPER_16,5800000,238,14,21,273,112,126
SUPER_16,5810000,157,17,18,192,74,83
SUPER_16,5820000,217,26,21,264,101,116
SUPER_16,5830000,208,23,20,251,106,102
SUPER_16,5840000,172,13,18,203,90,82
SUPER_16,5850000,111,11,10,132,62,49
SUPER_16,5860000,216,27,18,261,116,100
SUPER_16,5870000,180,15,15,210,97,83
SUPER_16,5880000,233,26,27,286,115,118
SUPER_16,5890000,333,29,16,378,174,159
SUPER_16,5900000,146,13,10,169,79,67
SUPER_16,5910000,239,15,25,279,119,120
SUPER_16,5920000,166,20,6,192,94,72
SUPER_16,5930000,159,11,22,192,73,86
SUPER_16,5940000,241,28,28,297,115,126
SUPER_16,5950000,229,16,21,266,111,118
SUPER_16,5960000,260,21,25,306,123,137
SUPER_16,5970000,228,22,19,269,125,103
SUPER_16,5980000,150,17,14,181,82,68
SUPER_16,5990000,115,12,15,142,53,62
SUPER_16,6000000,183,18,17,218,83,100
SUPER_16,6010000,156,16,15,187,74,82
SUPER_16,6020000,154,20,16,190,72,82
SUPER_16,6030000,108,14,8,130,62,46
SUPER_16,6040000,99,10,10,119,42,57
SUPER_16,6050000,201,17,24,242,115,86
SUPER_16,6060000,190,16,27,233,89,101
SUPER_16,6070000,110,8,7,125,58,52
SUPER_16,6080000,104,6,9,119,49,55
SUPER_16,6090000,212,19,15,246,109,103
SUPER_16,6100000,156,17,14,187,83,73
SUPER_16,6110000,234,27,31,292,98,136
SUPER_16,6120000,169,14,13,196,85,84
SUPER_16,6130000,161,23,22,206,75,86
SUPER_16,6140000,148,9,14,171,92,56
SUPER_16,6150000,115,11,7,133,55,60
SUPER_16,6160000,57,8,1,66,24,33
SUPER_16,6170000,140,21,9,170,66,74
SUPER_16,6180000,135,24,19,178,62,73
SUPER_16,6190000,141,10,14,165,72,69
SUPER_16,6200000,286,29,30,345,155,131
SUPER_16,6210000,216,24,24,264,100,116
SUPER_16,6220000,155,10,10,175,78,77
SUPER_16,6230000,161,16,18,195,77,84
SUPER_16,6240000,269,21,28,318,120,149
SUPER_16,6250000,190,15,17,222,93,97
SUPER_16,6260000,1,0,0,1,0,1
SUPER_16,6270000,159,21,18,198,75,84
SUPER_16,6280000,111,10,17,138,56,55
SUPER_16,6290000,278,42,22,342,127,151
SUPER_16,6300000,178,13,17,208,95,83
SUPER_16,6310000,211,25,21,257,103,108
SUPER_16,6320000,243,22,24,289,127,116
SUPER_16,6330000,283,34,28,345,123,160
SUPER_16,6340000,206,21,25,252,107,99
SUPER_16,6350000,234,27,39,300,100,134
SUPER_16,6360000,141,17,13,171,73,68
SUPER_16,6370000,110,13,11,134,60,50
SUPER_16,6380000,118,8,16,142,65,53
SUPER_16,6390000,105,10,14,129,45,60
SUPER_16,6400000,73,9,7,89,32,41
SUPER_16,6410000,70,9,5,84,31,39
SUPER_16,6420000,110,12,9,131,48,62
SUPER_16,6430000,238,23,22,283,115,123
SUPER_16,6440000,302,27,37,366,157,145
SUPER_16,6450000,240,34,25,299,113,127
SUPER_16,6460000,141,13,12,166,71,70
SUPER_16,6470000,358,35,37,430,195,163
SUPER_16,6480000,318,35,42,395,145,173
SUPER_16,6490000,308,36,30,374,154,154
SUPER_16,6500000,346,38,37,421,151,195
SUPER_16,6510000,220,20,28,268,102,118
SUPER_16,6520000,260,36,27,323,115,145
SUPER_16,6530000,182,9,13,204,91,91
SUPER_16,6540000,190,30,18,238,87,103
SUPER_16,6550000,252,20,30,302,124,128
SUPER_16,6560000,321,44,28,393,151,170
SUPER_16,6570000,19,4,1,24,10,9
SUPER_16,6580000,1,1,0,2,1,0
SUPER_16,6590000,79,7,4,90,42,37
SUPER_16,6600000,248,23,26,297,128,120
SUPER_16,6610000,280,28,28,336,127,153
SUPER_16,6620000,246,25,21,292,117,129
SUPER_16,6630000,208,30,19,257,110,98
SUPER_16,6640000,141,8,5,154,65,76
SUPER_16,6650000,261,26,27,314,132,129
SUPER_16,6660000,187,21,19,227,102,85
SUPER_16,6670000,121,15,10,146,69,52
SUPER_16,6680000,173,28,10,211,87,86
SUPER_16,6690000,169,20,14,203,71,98
SUPER_16,6700000,191,9,9,209,97,94
SUPER_16,6710000,116,10,20,146,57,59
SUPER_16,6720000,40,2,3,45,18,22
SUPER_16,6730000,28,7,1,36,11,17
SUPER_16,6740000,37,5,6,48,18,19
SUPER_16,6750000,150,20,10,180,75,75
SUPER_16,6760000,225,35,23,283,116,109
SUPER_16,6770000,187,29,24,240,100,87
SUPER_16,6780000,222,23,21,266,106,116
SUPER_16,6790000,103,8,15,126,46,57
SUPER_16,6800000,209,22,25,256,94,115
SUPER_16,6810000,237,21,17,275,105,132
SUPER_16,6820000,189,19,23,231,89,100
SUPER_16,6830000,145,14,13,172,79,66
SUPER_16,6840000,89,7,11,107,49,40
SUPER_16,6850000,80,12,8,100,42,38
SUPER_16,6860000,262,20,21,303,113,149
SUPER_16,6870000,162,19,18,199,73,89
SUPER_16,6880000,296,30,25,351,151,145
SUPER_16,6890000,128,14,13,155,55,73
SUPER_16,6900000,170,13,14,197,83,87
SUPER_16,6910000,216,33,21,270,114,102
SUPER_16,6920000,289,29,29,347,145,144
SUPER_16,6930000,295,28,41,364,136,159
SUPER_16,6940000,312,20,24,356,148,164
SUPER_16,6950000,249,22,18,289,112,137
SUPER_16,6960000,66,8,8,82,31,35
SUPER_16,6970000,166,15,14,195,87,79
SUPER_16,6980000,221,20,22,263,103,118
SUPER_16,6990000,261,26,14,301,146,115
SUPER_16,7000000,216,24,13,253,117,99
SUPER_16,7010000,216,22,27,265,100,116
SUPER_16,7020000,141,10,21,172,59,82
SUPER_16,7030000,212,18,12,242,120,92
SUPER_16,7040000,308,35,34,377,144,164
SUPER_16,7050000,163,20,13,196,75,88
SUPER_16,7060000,242,23,12,277,126,116
SUPER_16,7070000,252,20,27,299,110,142
SUPER_16,7080000,243,22,27,292,116,127
SUPER_16,7090000,58,10,4,72,34,24
SUPER_16,7100000,214,15,14,243,105,109
SUPER_16,7110000,137,16,13,166,66,71
SUPER_16,7120000,107,14,11,132,49,58
SUPER_16,7130000,202,23,20,245,88,114
SUPER_16,7140000,239,27,33,299,122,117
SUPER_16,7150000,221,38,17,276,94,127
SUPER_16,7160000,154,12,17,183,74,80
SUPER_16,7170000,100,8,15,123,44,56
SUPER_16,7180000,132,7,16,155,70,62
SUPER_16,7190000,110,10,10,130,47,63
SUPER_16,7200000,172,26,20,218,86,86
SUPER_16,7210000,216,24,37,277,93,123
SUPER_16,7220000,193,18,18,229,92,101
SUPER_16,7230000,203,21,17,241,99,104
SUPER_16,7240000,221,23,21,265,97,124
SUPER_16,7250000,274,20,21,315,142,132
SUPER_16,7260000,239,17,26,282,129,110
SUPER_16,7270000,141,13,16,170,74,67
SUPER_16,7280000,302,22,31,355,157,145
SUPER_16,7290000,232,22,23,277,105,127
SUPER_16,7300000,249,21,15,285,132,117
SUPER_16,7310000,143,9,18,170,69,74
SUPER_16,7320000,284,25,28,337,135,149
SUPER_16,7330000,272,23,16,311,127,145
SUPER_16,7340000,196,26,18,240,104,92
SUPER_16,7350000,233,15,16,264,122,111
SUPER_16,7360000,194,23,23,240,95,99
SUPER_16,7370000,255,21,24,300,114,141
SUPER_16,7380000,276,30,26,332,107,169
SUPER_16,7390000,175,14,6,195,91,84
SUPER_16,7400000,263,21,30,314,126,137
SUPER_16,7410000,247,25,18,290,130,117
SUPER_16,7420000,187,16,19,222,97,90
SUPER_16,7430000,129,15,10,154,62,67
SUPER_16,7440000,252,22,26,300,131,121
SUPER_16,7450000,218,13,31,262,109,109
SUPER_16,7460000,290,33,28,351,151,139
SUPER_16,7470000,208,24,14,246,82,126
SUPER_16,7480000,133,10,14,157,59,74
SUPER_16,7490000,112,7,8,127,52,60
SUPER_16,7500000,228,24,32,284,106,122
SUPER_16,7510000,317,32,25,374,135,182
SUPER_16,7520000,265,26,28,319,125,140
SUPER_16,7530000,268,21,34,323,124,144
SUPER_16,7540000,340,33,26,399,152,188
SUPER_16,7550000,301,24,27,352,142,159
SUPER_16,7560000,251,26,16,293,124,127
SUPER_16,7570000,180,12,21,213,86,94
SUPER_16,7580000,150,13,15,178,84,66
SUPER_16,7590000,149,21,20,190,75,74
SUPER_16,7600000,174,20,17,211,89,85
SUPER_16,7610000,143,14,10,167,72,71
SUPER_16,7620000,169,17,18,204,76,93
SUPER_16,7630000,259,36,27,322,124,135
SUPER_16,7640000,192,18,19,229,103,89
SUPER_16,7650000,195,22,17,234,79,116
SUPER_16,7660000,104,8,9,121,54,50
SUPER_16,7670000,250,25,30,305,127,123
SUPER_16,7680000,252,33,23,308,114,138
SUPER_16,7690000,186,22,19,227,96,90
SUPER_16,7700000,203,20,19,242,93,110
SUPER_16,7710000,152,19,17,188,82,70
SUPER_16,7720000,115,8,13,136,65,50
SUPER_16,7730000,73,9,8,90,49,24
SUPER_16,7740000,207,22,17,246,94,113
SUPER_16,7750000,217,28,23,268,106,111
SUPER_16,7760000,360,42,42,444,172,188
SUPER_16,7770000,312,25,28,365,155,157
SUPER_16,7780000,179,17,10,206,84,95
SUPER_16,7790000,172,14,16,202,72,100
SUPER_16,7800000,346,34,32,412,159,187
SUPER_16,7810000,160,14,18,192,78,82
SUPER_16,7820000,142,10,9,161,75,67
SUPER_16,7830000,189,18,20,227,83,106
SUPER_16,7840000,170,22,10,202,78,92
SUPER_16,7850000,207,25,22,254,89,118
SUPER_16,7860000,193,17,17,227,110,83
SUPER_16,7870000,106,7,12,125,52,54
SUPER_16,7880000,161,15,22,198,80,81
SUPER_16,7890000,266,26,23,315,134,132
SUPER_16,7900000,388,38,28,454,180,208
SUPER_16,7910000,270,23,19,312,117,153
SUPER_16,7920000,297,25,22,344,147,150
SUPER_16,7930000,383,46,24,453,203,180
SUPER_16,7940000,319,40,34,393,140,179
SUPER_16,7950000,266,31,31,328,117,149
SUPER_16,7960000,261,25,26,312,124,137
SUPER_16,7970000,252,18,18,288,107,145
SUPER_16,7980000,206,25,24,255,95,111
SUPER_16,7990000,219,21,24,264,95,124
SUPER_16,8000000,285,23,36,344,134,151
SUPER_16,8010000,274,27,24,325,129,145
SUPER_16,8020000,264,27,23,314,116,148
SUPER_16,8030000,295,43,25,363,131,164
SUPER_16,8040000,213,23,20,256,102,111
SUPER_16,8050000,200,22,17,239,104,96
SUPER_16,8060000,306,31,21,358,152,154
SUPER_16,8070000,283,30,26,339,150,133
SUPER_16,8080000,288,17,37,342,137,151
SUPER_16,8090000,335,35,33,403,166,169
SUPER_16,8100000,262,27,20,309,146,116
SUPER_16,8110000,218,24,25,267,111,107
SUPER_16,8120000,174,22,13,209,74,100
SUPER_16,8130000,316,35,37,388,136,180
SUPER_16,8140000,164,21,13,198,80,84
SUPER_16,8150000,58,4,8,70,29,29
SUPER_16,8160000,106,11,8,125,48,58
SUPER_16,8170000,176,16,12,204,92,84
SUPER_16,8180000,146,13,11,170,68,78
SUPER_16,8190000,60,3,6,69,31,29
SUPER_16,8200000,180,18,11,209,86,94
SUPER_16,8210000,181,12,14,207,79,102
SUPER_16,8220000,226,29,22,277,105,121
SUPER_16,8230000,281,23,30,334,143,138
SUPER_16,8240000,226,22,19,267,126,100
SUPER_16,8250000,247,27,23,297,127,120
SUPER_16,8260000,178,23,17,218,92,86
SUPER_16,8270000,255,38,24,317,111,144
SUPER_16,8280000,314,26,26,366,141,173
SUPER_16,8290000,43,7,8,58,24,19
SUPER_16,8300000,109,6,7,122,49,60
SUPER_16,8310000,117,15,17,149,50,67
SUPER_16,8320000,176,15,18,209,88,88
SUPER_16,8330000,99,8,11,118,49,50
SUPER_16,8340000,251,29,20,300,118,133
SUPER_16,8350000,152,14,20,186,71,81
SUPER_16,8360000,204,26,26,256,90,114
SUPER_16,8370000,286,24,26,336,119,167
SUPER_16,8380000,339,42,25,406,184,155
SUPER_16,8390000,321,36,36,393,147,174
SUPER_16,8400000,282,23,26,331,118,164
SUPER_16,8410000,307,20,28,355,170,137
SUPER_16,8420000,274,38,14,326,122,152
SUPER_16,8430000,212,19,20,251,97,115
SUPER_16,8440000,74,5,4,83,39,35
SUPER_16,8450000,156,15,11,182,80,76
SUPER_16,8460000,218,19,23,260,109,109
SUPER_16,8470000,232,17,19,268,106,126
SUPER_16,8480000,285,22,19,326,149,136
SUPER_16,8490000,396,37,35,468,185,211
SUPER_16,8500000,333,37,22,392,170,163
SUPER_16,8510000,217,28,16,261,110,107
SUPER_16,8520000,145,16,19,180,66,79
SUPER_16,8530000,259,32,20,311,128,131
SUPER_16,8540000,242,28,30,300,112,130
SUPER_16,8550000,236,13,19,268,110,126
SUPER_16,8560000,229,30,19,278,116,113
SUPER_16,8570000,325,31,28,384,132,193
SUPER_16,8580000,322,29,24,375,163,159
SUPER_16,8590000,212,22,18,252,72,140
SUPER_16,8600000,280,33,27,340,151,129
SUPER_16,8610000,461,41,30,532,228,233
SUPER_16,8620000,338,41,29,408,157,181
SUPER_16,8630000,316,34,30,380,155,161
SUPER_16,8640000,369,43,47,459,167,202
SUPER_16,8650000,286,19,31,336,137,149
SUPER_16,8660000,97,13,8,118,57,40
SUPER_16,8670000,211,41,18,270,94,117
SUPER_16,8680000,219,19,28,266,95,124
SUPER_16,8690000,246,21,16,283,130,116
SUPER_16,8700000,274,25,25,324,127,147
SUPER_16,8710000,269,24,20,313,119,150
SUPER_16,8720000,219,23,14,256,102,117
SUPER_16,8730000,288,22,34,344,118,170
SUPER_16,8740000,281,30,26,337,134,147
SUPER_16,8750000,263,27,32,322,134,129
SUPER_16,8760000,114,18,8,140,61,53
SUPER_16,8770000,217,34,19,270,111,106
SUPER_16,8780000,135,17,12,164,60,75
SUPER_16,8790000,193,19,20,232,93,100
SUPER_16,8800000,286,32,23,341,126,160
SUPER_16,8810000,336,37,36,409,146,190
SUPER_16,8820000,331,29,28,388,166,165
SUPER_16,8830000,89,7,7,103,40,49
SUPER_16,8840000,302,34,33,369,122,180
SUPER_16,8850000,250,24,24,298,114,136
SUPER_16,8860000,310,21,36,367,155,155
SUPER_16,8870000,269,25,26,320,117,152
SUPER_16,8880000,301,37,25,363,135,166
SUPER_16,8890000,294,31,17,342,147,147
SUPER_16,8900000,288,30,13,331,146,142
SUPER_16,8910000,219,28,25,272,88,131
SUPER_16,8920000,241,30,17,288,111,130
SUPER_16,8930000,220,16,25,261,115,105
SUPER_16,8940000,244,17,22,283,115,129
SUPER_16,8950000,159,12,11,182,79,80
SUPER_16,8960000,311,28,37,376,155,156
SUPER_16,8970000,279,24,24,327,149,130
SUPER_16,8980000,349,24,39,412,150,199
SUPER_16,8990000,339,31,36,406,152,187
SUPER_16,9000000,298,31,35,364,142,156
SUPER_16,9010000,319,23,30,372,143,176
SUPER_16,9020000,351,27,36,414,164,187
SUPER_16,9030000,224,17,21,262,105,119
SUPER_16,9040000,251,30,17,298,124,127
SUPER_16,9050000,487,40,48,575,234,253
SUPER_16,9060000,373,41,28,442,174,199
SUPER_16,9070000,365,33,35,433,178,187
SUPER_16,9080000,299,31,36,366,145,154
SUPER_16,9090000,371,52,25,448,162,209
SUPER_16,9100000,342,29,41,412,172,170
SUPER_16,9110000,257,24,29,310,123,134
SUPER_16,9120000,132,15,19,166,63,69
SUPER_16,9130000,101,13,5,119,46,55
SUPER_16,9140000,160,15,15,190,80,80
SUPER_16,9150000,262,31,22,315,136,126
SUPER_16,9160000,218,22,22,262,100,118
SUPER_16,9170000,191,25,16,232,90,101
SUPER_16,9180000,149,18,16,183,69,80
SUPER_16,9190000,223,20,14,257,111,112
SUPER_16,9200000,190,16,16,222,90,100
SUPER_16,9210000,191,14,25,230,96,95
SUPER_16,9220000,318,36,33,387,160,158
SUPER_16,9230000,235,22,21,278,121,114
SUPER_16,9240000,224,15,18,257,106,118
SUPER_16,9250000,296,20,20,336,144,152
SUPER_16,9260000,247,27,25,299,120,127
SUPER_16,9270000,332,23,42,397,151,181
SUPER_16,9280000,267,23,19,309,119,148
SUPER_16,9290000,216,26,19,261,102,114
SUPER_16,9300000,350,33,25,408,169,181
SUPER_16,9310000,220,19,25,264,103,117
SUPER_16,9320000,203,18,20,241,104,99
SUPER_16,9330000,200,33,24,257,91,109
SUPER_16,9340000,303,24,39,366,145,158
SUPER_16,9350000,232,17,15,264,116,116
SUPER_16,9360000,284,32,23,339,142,142
SUPER_16,9370000,90,9,8,107,41,49
SUPER_16,9380000,209,16,20,245,110,99
SUPER_16,9390000,403,31,40,474,199,204
SUPER_16,9400000,330,31,23,384,172,158
SUPER_16,9410000,319,33,36,388,163,156
SUPER_16,9420000,376,47,29,452,165,211
SUPER_16,9430000,300,32,27,359,153,147
SUPER_16,9440000,345,28,32,405,156,189
SUPER_16,9450000,390,35,32,457,181,209
SUPER_16,9460000,206,19,24,249,96,110
SUPER_16,9470000,395,42,18,455,186,209
SUPER_16,9480000,279,30,27,336,130,149
SUPER_16,9490000,333,32,36,401,163,170
SUPER_16,9500000,309,25,28,362,149,160
SUPER_16,9510000,342,34,37,413,169,173
SUPER_16,9520000,324,24,29,377,162,162
SUPER_16,9530000,342,31,31,404,168,174
SUPER_16,9540000,275,28,25,328,124,151
SUPER_16,9550000,202,22,21,245,108,94
SUPER_16,9560000,242,28,14,284,121,121
SUPER_16,9570000,0,0,0,0,0,0
SUPER_16,9580000,0,0,0,0,0,0
SUPER_16,9590000,352,41,36,429,168,184
SUPER_16,9600000,189,15,14,218,101,88
SUPER_16,9610000,278,31,34,343,142,136
SUPER_16,9620000,160,26,19,205,87,73
SUPER_16,9630000,397,40,49,486,202,195
SUPER_16,9640000,264,26,24,314,136,128
SUPER_16,9650000,169,20,16,205,85,84
SUPER_16,9660000,154,15,16,185,72,82
SUPER_16,9670000,357,31,26,414,178,179
SUPER_16,9680000,314,28,22,364,157,157
SUPER_16,9690000,0,0,0,0,0,0
SUPER_16,9700000,0,0,0,0,0,0
SUPER_16,9710000,0,0,0,0,0,0
SUPER_16,9720000,0,0,0,0,0,0
SUPER_16,9730000,114,16,8,138,53,61
SUPER_16,9740000,220,24,25,269,98,122
SUPER_16,9750000,233,20,38,291,114,119
SUPER_16,9760000,105,5,14,124,49,56
SUPER_16,9770000,143,7,13,163,76,67
SUPER_16,9780000,414,41,32,487,196,218
SUPER_16,9790000,247,26,19,292,118,129
SUPER_16,9800000,202,19,16,237,111,91
SUPER_16,9810000,307,36,23,366,161,146
SUPER_16,9820000,315,34,27,376,159,156
SUPER_16,9830000,343,34,30,407,169,174
SUPER_16,9840000,218,23,22,263,115,103
SUPER_16,9850000,172,15,10,197,91,81
SUPER_16,9860000,109,18,9,136,54,55
SUPER_16,9870000,287,26,33,346,140,147
SUPER_16,9880000,105,13,12,130,60,45
SUPER_16,9890000,159,12,15,186,87,72
SUPER_16,9900000,186,17,21,224,101,85
SUPER_16,9910000,289,34,18,341,149,140
SUPER_16,9920000,409,35,30,474,211,198
SUPER_16,9930000,303,29,33,365,138,165
SUPER_16,9940000,390,29,32,451,207,183
SUPER_16,9950000,188,17,19,224,94,94
SUPER_16,9960000,438,50,35,523,221,217
SUPER_16,9970000,214,15,26,255,111,103
SUPER_16,9980000,356,30,49,435,166,190
SUPER_16,9990000,362,32,35,429,181,181
SUPER_16,10000000,370,46,25,441,189,181
SUPER_16,10010000,317,33,46,396,157,160
SUPER_16,10020000,366,28,33,427,175,191
SUPER_16,10030000,208,28,24,260,92,116
SUPER_16,10040000,149,9,16,174,78,71
SUPER_16,10050000,189,16,18,223,82,107
SUPER_16,10060000,276,29,25,330,125,151
SUPER_16,10070000,242,20,19,281,126,116
SUPER_16,10080000,322,42,31,395,159,163
SUPER_16,10090000,303,32,35,370,141,162
SUPER_16,10100000,82,10,9,101,41,41
SUPER_16,10110000,362,24,42,428,169,193
SUPER_16,10120000,326,36,47,409,157,169
SUPER_16,10130000,171,5,9,185,95,76
SUPER_16,10140000,234,34,22,290,123,111
SUPER_16,10150000,327,38,32,397,176,151
SUPER_16,10160000,233,29,16,278,115,118
SUPER_16,10170000,162,12,18,192,80,82
SUPER_16,10180000,285,26,28,339,145,140
SUPER_16,10190000,274,36,29,339,134,140
SUPER_16,10200000,115,11,4,130,54,61
SUPER_16,10210000,78,7,5,90,37,41
SUPER_16,10220000,366,37,34,437,199,167
SUPER_16,10230000,157,16,16,189,74,83
SUPER_16,10240000,205,25,26,256,96,109
SUPER_16,10250000,365,34,34,433,154,211
SUPER_16,10260000,213,16,14,243,104,109
SUPER_16,10270000,39,4,2,45,20,19
SUPER_16,10280000,298,24,27,349,148,150
SUPER_16,10290000,372,34,32,438,184,188
SUPER_16,10300000,282,26,34,342,139,143
SUPER_16,10310000,322,36,36,394,151,171
SUPER_16,10320000,215,20,23,258,111,104
SUPER_16,10330000,246,20,19,285,108,138
SUPER_16,10340000,315,34,27,376,142,173
SUPER_16,10350000,309,26,30,365,142,167
SUPER_16,10360000,162,15,17,194,75,87
SUPER_16,10370000,315,25,37,377,155,160
SUPER_16,10380000,233,22,24,279,109,124
SUPER_16,10390000,209,24,26,259,102,107
SUPER_16,10400000,232,31,26,289,110,122
SUPER_16,10410000,269,30,25,324,136,133
SUPER_16,10420000,177,15,19,211,100,77
SUPER_16,10430000,284,28,28,340,149,135
SUPER_16,10440000,296,25,22,343,166,130
SUPER_16,10450000,322,32,34,388,149,173
SUPER_16,10460000,115,11,10,136,49,66
SUPER_16,10470000,26,2,4,32,11,15
SUPER_16,10480000,98,8,12,118,50,48
SUPER_16,10490000,12,1,1,14,4,8
SUPER_16,10500000,170,15,20,205,74,96
SUPER_16,10510000,0,0,0,0,0,0
SUPER_16,10520000,0,0,0,0,0,0
SUPER_16,10530000,500,54,45,599,246,254
SUPER_16,10540000,356,29,35,420,189,167
SUPER_16,10550000,373,49,32,454,165,208
SUPER_16,10560000,364,32,38,434,167,197
SUPER_16,10570000,161,13,10,184,76,85
SUPER_16,10580000,368,33,37,438,176,192
SUPER_16,10590000,315,35,30,380,157,158
SUPER_16,10600000,301,30,28,359,144,157
SUPER_16,10610000,378,35,33,446,199,179
SUPER_16,10620000,165,11,11,187,94,71
SUPER_16,10630000,375,33,36,444,190,185
SUPER_16,10640000,168,21,15,204,84,84
SUPER_16,10650000,232,30,21,283,110,122
SUPER_16,10660000,253,35,21,309,118,135
SUPER_16,10670000,293,25,20,338,129,164
SUPER_16,10680000,423,40,42,505,216,207
SUPER_16,10690000,296,30,24,350,147,149
SUPER_16,10700000,191,22,20,233,96,95
SUPER_16,10710000,2,0,0,2,1,1
SUPER_16,10720000,185,17,15,217,97,88
SUPER_16,10730000,150,13,14,177,76,74
SUPER_16,10740000,337,32,41,410,173,164
SUPER_16,10750000,143,11,9,163,68,75
SUPER_16,10760000,269,29,23,321,110,159
SUPER_16,10770000,403,33,40,476,208,195
SUPER_16,10780000,408,49,26,483,200,208
SUPER_16,10790000,371,22,31,424,182,189
SUPER_16,10800000,453,40,34,527,212,241
SUPER_16,10810000,338,32,40,410,166,172
SUPER_16,10820000,365,42,32,439,177,188
SUPER_16,10830000,368,44,28,440,175,193
SUPER_16,10840000,288,24,15,327,135,153
SUPER_16,10850000,289,35,22,346,125,164
SUPER_16,10860000,233,25,16,274,105,128
SUPER_16,10870000,423,43,34,500,208,215
SUPER_16,10880000,333,28,29,390,177,156
SUPER_16,10890000,58,4,5,67,34,24
SUPER_16,10900000,245,21,26,292,121,124
SUPER_16,10910000,370,46,38,454,182,188
SUPER_16,10920000,323,35,37,395,168,155
SUPER_16,10930000,378,37,37,452,193,185
SUPER_16,10940000,223,23,7,253,113,110
SUPER_16,10950000,276,24,35,335,144,132
SUPER_16,10960000,291,20,28,339,140,151
SUPER_16,10970000,407,45,44,496,197,210
SUPER_16,10980000,189,16,21,226,87,102
SUPER_16,10990000,301,23,25,349,156,145
SUPER_16,11000000,357,20,28,405,176,181
SUPER_16,11010000,286,30,22,338,142,144
SUPER_16,11020000,235,23,23,281,120,115
SUPER_16,11030000,276,27,22,325,152,124
SUPER_16,11040000,97,10,5,112,40,57
SUPER_16,11050000,307,23,23,353,133,174
SUPER_16,11060000,269,19,35,323,124,145
SUPER_16,11070000,353,38,21,412,159,194
SUPER_16,11080000,303,25,30,358,148,155
SUPER_16,11090000,390,37,35,462,188,202
SUPER_16,11100000,306,38,20,364,158,148
SUPER_16,11110000,182,21,27,230,89,93
SUPER_16,11120000,247,21,25,293,122,125
SUPER_16,11130000,224,32,23,279,103,121
SUPER_16,11140000,174,12,17,203,92,82
SUPER_16,11150000,255,24,23,302,110,145
SUPER_16,11160000,95,5,10,110,44,51
SUPER_16,11170000,276,24,32,332,141,135
SUPER_16,11180000,144,17,11,172,79,65
SUPER_16,11190000,289,32,23,344,144,145
SUPER_16,11200000,337,28,37,402,174,163
SUPER_16,11210000,275,25,29,329,142,133
SUPER_16,11220000,317,20,44,381,154,163
SUPER_16,11230000,54,4,6,64,26,28
SUPER_16,11240000,229,15,20,264,104,125
SUPER_16,11250000,0,0,1,1,0,0
SUPER_16,11260000,69,3,2,74,36,33
SUPER_16,11270000,13,1,1,15,7,6
SUPER_16,11280000,249,15,10,274,127,122
SUPER_16,11290000,60,7,6,73,28,32
SUPER_16,11300000,182,17,14,213,103,79
SUPER_16,11310000,142,11,7,160,63,79
SUPER_16,11320000,154,7,10,171,69,85
SUPER_16,11330000,281,25,25,331,138,143
SUPER_16,11340000,273,27,16,316,151,122
SUPER_16,11350000,230,22,21,273,106,124
SUPER_16,11360000,373,34,29,436,178,195
SUPER_16,11370000,362,30,24,416,169,193
SUPER_16,11380000,417,31,43,491,203,214
SUPER_16,11390000,466,30,26,522,238,228
SUPER_16,11400000,250,20,22,292,123,127
SUPER_16,11410000,199,17,18,234,98,101
SUPER_16,11420000,81,8,2,91,45,36
SUPER_16,11430000,90,10,8,108,37,53
SUPER_16,11440000,220,13,16,249,118,102
SUPER_16,11450000,0,0,0,0,0,0
SUPER_16,11460000,0,0,0,0,0,0
SUPER_16,11470000,501,35,39,575,254,247
SUPER_16,11480000,315,26,25,366,153,162
SUPER_16,11490000,349,33,23,405,175,174
SUPER_16,11500000,368,31,25,424,191,177
SUPER_16,11510000,346,34,25,405,181,165
SUPER_16,11520000,327,21,17,365,158,169
SUPER_16,11530000,256,25,28,309,129,127
SUPER_16,11540000,340,21,28,389,175,165
SUPER_16,11550000,288,36,28,352,135,153
SUPER_16,11560000,221,14,22,257,117,104
SUPER_16,11570000,351,36,29,416,161,190
SUPER_16,11580000,319,28,30,377,144,175
SUPER_16,11590000,325,24,27,376,161,164
SUPER_16,11600000,387,36,41,464,163,224
SUPER_16,11610000,306,27,23,356,150,156
SUPER_16,11620000,99,9,10,118,45,54
SUPER_16,11630000,45,5,5,55,21,24
SUPER_16,11640000,0,0,0,0,0,0
SUPER_16,11650000,0,0,0,0,0,0
SUPER_16,11660000,0,0,0,0,0,0
SUPER_16,11670000,0,0,0,0,0,0
SUPER_16,11680000,453,55,40,548,235,218
SUPER_16,11690000,183,10,17,210,91,92
SUPER_16,11700000,259,22,20,301,129,130
SUPER_16,11710000,161,11,16,188,80,81
SUPER_16,11720000,399,32,25,456,194,205
SUPER_16,11730000,419,30,35,484,217,202
SUPER_16,11740000,77,7,9,93,35,42
SUPER_16,11750000,354,36,45,435,184,170
SUPER_16,11760000,282,26,14,322,145,137
SUPER_16,11770000,86,5,9,100,43,43
SUPER_16,11780000,420,36,36,492,185,235
SUPER_16,11790000,120,14,10,144,56,64
SUPER_16,11800000,448,42,44,534,215,233
SUPER_16,11810000,289,16,26,331,149,140
SUPER_16,11820000,390,37,32,459,194,196
SUPER_16,11830000,351,34,40,425,178,173
SUPER_16,11840000,417,46,43,506,207,210
SUPER_16,11850000,306,18,16,340,146,160
SUPER_16,11860000,346,39,29,414,164,182
SUPER_16,11870000,237,20,18,275,122,115
SUPER_16,11880000,270,21,22,313,140,130
SUPER_16,11890000,424,32,27,483,209,215
SUPER_16,11900000,209,25,19,253,100,109
SUPER_16,11910000,352,40,33,425,163,189
SUPER_16,11920000,399,31,42,472,188,211
SUPER_16,11930000,242,22,18,282,124,118
SUPER_16,11940000,135,16,4,155,67,68
SUPER_16,11950000,220,16,12,248,106,114
SUPER_16,11960000,0,0,0,0,0,0
SUPER_16,11970000,0,0,0,0,0,0
SUPER_16,11980000,112,13,10,135,65,47
SUPER_16,11990000,62,15,7,84,37,25
SUPER_16,12000000,227,19,16,262,125,102
SUPER_16,12010000,163,18,6,187,80,83
SUPER_16,12020000,357,24,32,413,168,189
SUPER_16,12030000,289,17,29,335,152,137
SUPER_16,12040000,134,5,12,151,62,72
SUPER_16,12050000,142,14,6,162,69,73
SUPER_16,12060000,170,13,17,200,82,88
SUPER_16,12070000,411,31,30,472,202,209
SUPER_16,12080000,378,38,32,448,198,180
SUPER_16,12090000,277,29,17,323,142,135
SUPER_16,12100000,294,30,25,349,162,132
SUPER_16,12110000,357,35,21,413,170,187
SUPER_16,12120000,445,32,53,530,222,223
SUPER_16,12130000,425,31,36,492,206,219
SUPER_16,12140000,421,43,38,502,214,207
SUPER_16,12150000,246,22,23,291,119,127
SUPER_16,12160000,319,23,30,372,152,167
SUPER_16,12170000,284,33,18,335,138,146
SUPER_16,12180000,347,26,30,403,163,184
SUPER_16,12190000,210,22,16,248,104,106
SUPER_16,12200000,275,20,26,321,143,132
SUPER_16,12210000,237,32,26,295,112,125
SUPER_16,12220000,180,24,10,214,94,86
SUPER_16,12230000,208,17,19,244,101,107
SUPER_16,12240000,120,8,8,136,77,43
SUPER_16,12250000,119,19,15,153,62,57
SUPER_16,12260000,387,41,25,453,191,196
SUPER_16,12270000,298,19,36,353,141,157
SUPER_16,12280000,328,28,25,381,164,164
SUPER_16,12290000,222,14,17,253,112,110
SUPER_16,12300000,348,40,27,415,179,169
SUPER_16,12310000,170,14,8,192,78,92
SUPER_16,12320000,155,14,7,176,76,79
SUPER_16,12330000,57,5,7,69,30,27
SUPER_16,12340000,36,8,3,47,22,14
SUPER_16,12350000,111,12,11,134,50,61
SUPER_16,12360000,166,15,13,194,90,76
SUPER_16,12370000,268,32,15,315,148,120
SUPER_16,12380000,186,14,15,215,109,77
SUPER_16,12390000,214,12,9,235,113,101
SUPER_16,12400000,173,18,18,209,76,97
SUPER_16,12410000,91,10,3,104,43,48
SUPER_16,12420000,138,17,11,166,84,54
SUPER_16,12430000,146,14,12,172,75,71
SUPER_16,12440000,73,2,4,79,38,35
SUPER_16,12450000,92,5,3,100,51,41
SUPER_16,12460000,118,10,8,136,58,60
SUPER_16,12470000,137,17,22,176,73,64
SUPER_16,12480000,166,15,17,198,77,89
SUPER_16,12490000,68,4,4,76,36,32
SUPER_16,12500000,129,10,15,154,71,58
SUPER_16,12510000,0,0,0,0,0,0
SUPER_16,12520000,0,0,0,0,0,0
SUPER_17,10000,18,5,2,25,9,9
SUPER_17,20000,46,7,2,55,33,13
SUPER_17,30000,3,1,1,5,3,0
SUPER_17,40000,67,6,9,82,28,39
SUPER_17,50000,0,0,0,0,0,0
SUPER_17,60000,0,0,0,0,0,0
SUPER_17,70000,0,0,0,0,0,0
SUPER_17,80000,0,0,0,0,0,0
SUPER_17,90000,0,0,0,0,0,0
SUPER_17,100000,0,0,0,0,0,0
SUPER_17,110000,7,2,0,9,4,3
SUPER_17,120000,44,4,6,54,24,20
SUPER_17,130000,76,4,9,89,46,30
SUPER_17,140000,67,8,7,82,32,35
SUPER_17,150000,403,33,41,477,195,208
SUPER_17,160000,285,24,24,333,144,141
SUPER_17,170000,325,33,25,383,174,151
SUPER_17,180000,293,27,20,340,145,148
SUPER_17,190000,289,36,36,361,146,143
SUPER_17,200000,136,17,14,167,76,60
SUPER_17,210000,218,15,21,254,101,117
SUPER_17,220000,332,26,37,395,167,165
SUPER_17,230000,344,33,21,398,155,189
SUPER_17,240000,225,22,19,266,114,111
SUPER_17,250000,300,41,23,364,149,151
SUPER_17,260000,232,23,17,272,119,113
SUPER_17,270000,173,15,19,207,82,91
SUPER_17,280000,133,13,8,154,67,66
SUPER_17,290000,211,20,18,249,114,97
SUPER_17,300000,3,0,0,3,2,1
SUPER_17,310000,162,14,12,188,82,80
SUPER_17,320000,380,40,40,460,185,195
SUPER_17,330000,375,31,24,430,201,174
SUPER_17,340000,327,26,26,379,167,160
SUPER_17,350000,312,30,30,372,153,159
SUPER_17,360000,245,28,31,304,119,126
SUPER_17,370000,161,15,10,186,85,76
SUPER_17,380000,152,11,17,180,67,85
SUPER_17,390000,248,18,17,283,140,108
SUPER_17,400000,255,30,27,312,123,132
SUPER_17,410000,246,22,15,283,128,118
SUPER_17,420000,332,37,37,406,163,169
SUPER_17,430000,206,23,22,251,107,99
SUPER_17,440000,217,20,21,258,102,115
SUPER_17,450000,4,0,0,4,2,2
SUPER_17,460000,283,28,23,334,125,158
SUPER_17,470000,165,11,17,193,81,84
SUPER_17,480000,53,4,7,64,27,26
SUPER_17,490000,98,9,10,117,49,49
SUPER_17,500000,344,39,37,420,157,187
SUPER_17,510000,176,16,26,218,93,83
SUPER_17,520000,380,38,32,450,208,172
SUPER_17,530000,405,36,41,482,172,233
SUPER_17,540000,185,21,21,227,84,101
SUPER_17,550000,367,34,20,421,172,195
SUPER_17,560000,358,29,27,414,188,170
SUPER_17,570000,263,22,26,311,137,126
SUPER_17,580000,398,29,34,461,205,193
SUPER_17,590000,430,44,39,513,196,234
SUPER_17,600000,413,30,30,473,210,203
SUPER_17,610000,292,15,35,342,141,151
SUPER_17,620000,313,25,24,362,148,165
SUPER_17,630000,106,19,14,139,55,51
SUPER_17,640000,288,27,21,336,129,159
SUPER_17,650000,64,6,3,73,34,30
SUPER_17,660000,75,6,4,85,40,35
SUPER_17,670000,0,0,0,0,0,0
SUPER_17,680000,0,0,0,0,0,0
SUPER_17,690000,77,12,4,93,40,37
SUPER_17,700000,237,18,10,265,132,105
SUPER_17,710000,222,23,19,264,112,110
SUPER_17,720000,345,36,26,407,168,177
SUPER_17,730000,0,0,0,0,0,0
SUPER_17,740000,0,0,0,0,0,0
SUPER_17,750000,0,0,0,0,0,0
SUPER_17,760000,0,0,0,0,0,0
SUPER_17,770000,308,26,19,353,164,144
SUPER_17,780000,262,30,26,318,124,138
SUPER_17,790000,102,12,4,118,51,51
SUPER_17,800000,188,20,16,224,93,95
SUPER_17,810000,0,0,0,0,0,0
SUPER_17,820000,0,0,0,0,0,0
SUPER_17,830000,179,21,19,219,80,99
SUPER_17,840000,353,20,27,400,184,169
SUPER_17,850000,59,4,4,67,35,24
SUPER_17,860000,148,13,8,169,81,67
SUPER_17,870000,283,18,19,320,134,149
SUPER_17,880000,124,14,20,158,50,74
SUPER_17,890000,387,25,24,436,185,202
SUPER_17,900000,381,32,24,437,195,186
SUPER_17,910000,112,6,12,130,55,57
SUPER_17,920000,317,32,19,368,161,156
SUPER_17,930000,197,19,16,232,104,93
SUPER_17,940000,180,12,14,206,106,74
SUPER_17,950000,324,36,32,392,155,169
SUPER_17,960000,368,27,34,429,189,179
SUPER_17,970000,346,26,26,398,185,161
SUPER_17,980000,248,21,24,293,122,126
SUPER_17,990000,232,20,19,271,111,121
SUPER_17,1000000,374,47,42,463,181,193
SUPER_17,1010000,279,20,29,328,133,146
SUPER_17,1020000,265,19,15,299,137,128
SUPER_17,1030000,396,25,44,465,194,202
SUPER_17,1040000,381,43,45,469,187,194
SUPER_17,1050000,300,24,36,360,135,165
SUPER_17,1060000,141,20,17,178,61,80
SUPER_17,1070000,47,0,2,49,26,21
SUPER_17,1080000,66,8,3,77,27,39
SUPER_17,1090000,391,29,34,454,194,197
SUPER_17,1100000,337,41,30,408,183,154
SUPER_17,1110000,498,36,33,567,226,272
SUPER_17,1120000,372,38,40,450,161,211
SUPER_17,1130000,416,39,37,492,191,225
SUPER_17,1140000,369,32,39,440,199,170
SUPER_17,1150000,257,26,10,293,133,124
SUPER_17,1160000,198,22,15,235,102,96
SUPER_17,1170000,161,12,13,186,73,88
SUPER_17,1180000,425,32,48,505,190,235
SUPER_17,1190000,316,34,32,382,158,158
SUPER_17,1200000,419,33,36,488,215,204
SUPER_17,1210000,295,28,24,347,140,155
SUPER_17,1220000,412,39,31,482,206,206
SUPER_17,1230000,336,33,18,387,179,157
SUPER_17,1240000,317,28,29,374,159,158
SUPER_17,1250000,353,37,24,414,172,181
SUPER_17,1260000,364,36,43,443,177,187
SUPER_17,1270000,464,36,32,532,219,245
SUPER_17,1280000,413,43,34,490,208,205
SUPER_17,1290000,323,22,33,378,158,165
SUPER_17,1300000,169,18,19,206,83,86
SUPER_17,1310000,276,34,31,341,126,150
SUPER_17,1320000,223,15,21,259,108,115
SUPER_17,1330000,235,32,31,298,112,123
SUPER_17,1340000,182,17,14,213,89,93
SUPER_17,1350000,301,19,27,347,147,154
SUPER_17,1360000,272,28,22,322,133,139
SUPER_17,1370000,204,18,18,240,107,97
SUPER_17,1380000,282,24,24,330,144,138
SUPER_17,1390000,184,13,15,212,83,101
SUPER_17,1400000,122,14,8,144,61,61
SUPER_17,1410000,69,3,7,79,36,33
SUPER_17,1420000,229,31,21,281,108,121
SUPER_17,1430000,111,11,12,134,63,48
SUPER_17,1440000,263,25,25,313,142,121
SUPER_17,1450000,70,10,4,84,38,32
SUPER_17,1460000,215,30,30,275,107,108
SUPER_17,1470000,252,26,24,302,121,131
SUPER_17,1480000,252,25,24,301,129,123
SUPER_17,1490000,227,20,27,274,109,118
SUPER_17,1500000,338,31,29,398,178,160
SUPER_17,1510000,292,28,29,349,145,147
SUPER_17,1520000,164,17,20,201,92,72
SUPER_17,1530000,274,22,15,311,148,126
SUPER_17,1540000,301,28,16,345,153,148
SUPER_17,1550000,327,38,24,389,165,162
SUPER_17,1560000,395,43,32,470,168,227
SUPER_17,1570000,324,34,29,387,161,163
SUPER_17,1580000,235,29,27,291,106,129
SUPER_17,1590000,250,21,25,296,109,141
SUPER_17,1600000,344,33,39,416,181,163
SUPER_17,1610000,292,29,21,342,128,164
SUPER_17,1620000,193,18,13,224,87,106
SUPER_17,1630000,284,27,28,339,144,140
SUPER_17,1640000,190,18,16,224,90,100
SUPER_17,1650000,347,30,28,405,165,182
SUPER_17,1660000,281,25,33,339,125,156
SUPER_17,1670000,235,20,25,280,103,132
SUPER_17,1680000,254,29,30,313,120,134
SUPER_17,1690000,251,32,18,301,125,126
SUPER_17,1700000,282,28,27,337,129,153
SUPER_17,1710000,327,24,26,377,167,160
SUPER_17,1720000,207,22,29,258,108,99
SUPER_17,1730000,235,26,24,285,131,104
SUPER_17,1740000,280,28,26,334,134,146
SUPER_17,1750000,368,31,30,429,171,197
SUPER_17,1760000,374,28,25,427,166,208
SUPER_17,1770000,392,29,34,455,190,202
SUPER_17,1780000,334,26,37,397,162,172
SUPER_17,1790000,312,24,30,366,164,148
SUPER_17,1800000,384,28,23,435,191,193
SUPER_17,1810000,333,32,30,395,167,166
SUPER_17,1820000,78,4,10,92,45,33
SUPER_17,1830000,363,30,26,419,183,180
SUPER_17,1840000,362,31,38,431,180,182
SUPER_17,1850000,337,28,38,403,181,156
SUPER_17,1860000,300,26,38,364,145,155
SUPER_17,1870000,400,37,48,485,190,210
SUPER_17,1880000,349,45,40,434,169,180
SUPER_17,1890000,320,36,24,380,161,159
SUPER_17,1900000,198,19,12,229,117,81
SUPER_17,1910000,201,23,16,240,88,113
SUPER_17,1920000,249,17,17,283,124,125
SUPER_17,1930000,291,27,26,344,138,153
SUPER_17,1940000,0,0,0,0,0,0
SUPER_17,1950000,0,0,0,0,0,0
SUPER_17,1960000,321,21,28,370,169,152
SUPER_17,1970000,0,1,0,1,0,0
SUPER_17,1980000,186,18,16,220,90,96
SUPER_17,1990000,254,25,29,308,131,123
SUPER_17,2000000,209,27,24,260,101,108
SUPER_17,2010000,219,28,17,264,96,123
SUPER_17,2020000,274,28,24,326,126,148
SUPER_17,2030000,307,28,21,356,157,150
SUPER_17,2040000,355,42,30,427,173,182
SUPER_17,2050000,430,48,42,520,199,231
SUPER_17,2060000,271,24,24,319,140,131
SUPER_17,2070000,351,24,27,402,184,167
SUPER_17,2080000,330,36,31,397,163,167
SUPER_17,2090000,407,35,30,472,193,214
SUPER_17,2100000,334,41,33,408,165,169
SUPER_17,2110000,390,28,40,458,197,193
SUPER_17,2120000,403,40,44,487,192,211
SUPER_17,2130000,381,44,36,461,191,190
SUPER_17,2140000,270,27,30,327,134,136
SUPER_17,2150000,310,29,28,367,156,154
SUPER_17,2160000,199,22,21,242,91,108
SUPER_17,2170000,325,32,35,392,163,162
SUPER_17,2180000,326,33,34,393,161,165
SUPER_17,2190000,314,30,30,374,153,161
SUPER_17,2200000,240,19,20,279,147,93
SUPER_17,2210000,276,23,23,322,142,134
SUPER_17,2220000,307,24,27,358,143,164
SUPER_17,2230000,302,23,27,352,159,143
SUPER_17,2240000,353,30,26,409,167,186
SUPER_17,2250000,295,28,21,344,143,152
SUPER_17,2260000,308,19,28,355,162,146
SUPER_17,2270000,199,18,9,226,91,108
SUPER_17,2280000,336,29,25,390,184,152
SUPER_17,2290000,242,23,13,278,130,112
SUPER_17,2300000,374,39,34,447,188,186
SUPER_17,2310000,270,23,37,330,135,135
SUPER_17,2320000,350,48,41,439,173,177
SUPER_17,2330000,341,32,32,405,182,159
SUPER_17,2340000,389,52,34,475,202,187
SUPER_17,2350000,384,45,46,475,184,200
SUPER_17,2360000,354,46,38,438,166,188
SUPER_17,2370000,346,24,49,419,175,171
SUPER_17,2380000,489,37,32,558,234,255
SUPER_17,2390000,348,30,22,400,168,180
SUPER_17,2400000,399,35,36,470,211,188
SUPER_17,2410000,349,26,32,407,179,170
SUPER_17,2420000,242,19,25,286,143,99
SUPER_17,2430000,306,35,31,372,136,170
SUPER_17,2440000,240,26,29,295,117,123
SUPER_17,2450000,434,34,43,511,201,233
SUPER_17,2460000,396,52,30,478,190,206
SUPER_17,2470000,229,22,27,278,107,122
SUPER_17,2480000,407,37,34,478,199,208
SUPER_17,2490000,352,42,41,435,188,164
SUPER_17,2500000,381,33,28,442,196,185
SUPER_17,2510000,260,25,18,303,140,120
SUPER_17,2520000,213,28,18,259,93,120
SUPER_17,2530000,207,23,22,252,103,104
SUPER_17,2540000,183,38,15,236,83,100
SUPER_17,2550000,330,40,33,403,155,175
SUPER_17,2560000,142,15,6,163,71,71
SUPER_17,2570000,260,18,28,306,128,132
SUPER_17,2580000,270,22,28,320,143,127
SUPER_17,2590000,233,20,17,270,119,114
SUPER_17,2600000,364,37,38,439,186,178
SUPER_17,2610000,267,33,29,329,121,146
SUPER_17,2620000,178,16,17,211,98,80
SUPER_17,2630000,379,36,31,446,182,197
SUPER_17,2640000,327,33,36,396,161,166
SUPER_17,2650000,150,16,15,181,82,68
SUPER_17,2660000,343,25,31,399,180,163
SUPER_17,2670000,262,37,26,325,127,135
SUPER_17,2680000,245,27,20,292,119,126
SUPER_17,2690000,157,18,17,192,75,82
SUPER_17,2700000,336,43,31,410,171,165
SUPER_17,2710000,268,24,23,315,137,131
SUPER_17,2720000,402,43,34,479,171,231
SUPER_17,2730000,386,40,30,456,188,198
SUPER_17,2740000,338,32,40,410,151,187
SUPER_17,2750000,226,15,18,259,128,98
SUPER_17,2760000,256,25,29,310,134,122
SUPER_17,2770000,327,36,26,389,165,162
SUPER_17,2780000,386,31,30,447,182,204
SUPER_17,2790000,194,21,15,230,97,97
SUPER_17,2800000,192,5,16,213,110,82
SUPER_17,2810000,168,10,12,190,95,73
SUPER_17,2820000,122,11,7,140,66,56
SUPER_17,2830000,246,30,27,303,102,144
SUPER_17,2840000,115,5,8,128,53,62
SUPER_17,2850000,205,13,15,233,111,94
SUPER_17,2860000,296,24,18,338,150,146
SUPER_17,2870000,76,5,4,85,38,38
SUPER_17,2880000,278,30,31,339,123,155
SUPER_17,2890000,321,24,30,375,154,167
SUPER_17,2900000,347,30,34,411,167,180
SUPER_17,2910000,328,38,27,393,147,181
SUPER_17,2920000,167,8,14,189,83,84
SUPER_17,2930000,316,40,27,383,150,166
SUPER_17,2940000,355,37,29,421,184,171
SUPER_17,2950000,320,27,31,378,165,155
SUPER_17,2960000,128,15,13,156,64,64
SUPER_17,2970000,215,19,16,250,114,101
SUPER_17,2980000,240,18,13,271,118,122
SUPER_17,2990000,0,0,0,0,0,0
SUPER_17,3000000,0,0,0,0,0,0
SUPER_17,3010000,0,0,0,0,0,0
SUPER_17,3020000,306,24,26,356,159,147
SUPER_17,3030000,0,0,0,0,0,0
SUPER_17,3040000,0,0,0,0,0,0
SUPER_17,3050000,0,0,0,0,0,0
SUPER_17,3060000,333,40,42,415,154,179
SUPER_17,3070000,0,0,0,0,0,0
SUPER_17,3080000,0,0,0,0,0,0
SUPER_17,3090000,0,0,0,0,0,0
SUPER_17,3100000,0,0,0,0,0,0
SUPER_17,3110000,0,0,0,0,0,0
SUPER_17,3120000,41,5,5,51,19,22
SUPER_17,3130000,103,8,11,122,52,51
SUPER_17,3140000,31,5,2,38,17,14
SUPER_17,3150000,12,2,1,15,7,5
SUPER_17,3160000,0,0,0,0,0,0
SUPER_17,3170000,0,0,0,0,0,0
SUPER_17,3180000,0,0,0,0,0,0
SUPER_17,3190000,0,0,0,0,0,0
SUPER_17,3200000,0,0,0,0,0,0
SUPER_17,3210000,0,0,0,0,0,0
SUPER_17,3220000,0,0,0,0,0,0
SUPER_17,3230000,0,0,0,0,0,0
SUPER_17,3240000,0,0,0,0,0,0
SUPER_17,3250000,0,0,0,0,0,0
SUPER_17,3260000,206,16,15,237,104,102
SUPER_17,3270000,355,22,18,395,179,176
SUPER_17,3280000,210,28,19,257,102,108
SUPER_17,3290000,470,36,27,533,242,228
SUPER_17,3300000,0,0,0,0,0,0
SUPER_17,3310000,0,0,0,0,0,0
SUPER_17,3320000,675,32,46,753,349,326
SUPER_17,3330000,59,5,9,73,29,30
SUPER_17,3340000,48,3,3,54,23,25
SUPER_17,3350000,67,8,10,85,31,36
SUPER_17,3360000,3,1,0,4,1,2
SUPER_17,3370000,2,2,1,5,0,2
SUPER_17,3380000,166,15,14,195,102,64
SUPER_17,3390000,28,2,3,33,14,14
SUPER_17,3400000,110,16,7,133,50,60
SUPER_17,3410000,120,11,9,140,60,60
SUPER_17,3420000,211,15,14,240,107,104
SUPER_17,3430000,45,9,3,57,26,19
SUPER_17,3440000,68,12,4,84,30,38
SUPER_17,3450000,43,3,6,52,20,23
SUPER_17,3460000,39,2,1,42,17,22
SUPER_17,3470000,15,2,2,19,8,7
SUPER_17,3480000,14,1,0,15,8,6
SUPER_17,3490000,9,4,2,15,4,5
SUPER_17,3500000,38,3,5,46,18,20
SUPER_17,3510000,44,3,4,51,22,22
SUPER_17,3520000,33,6,2,41,21,12
SUPER_17,3530000,27,1,2,30,13,14
SUPER_17,3540000,9,2,3,14,4,5
SUPER_17,3550000,37,5,4,46,24,13
SUPER_17,3560000,159,9,9,177,80,79
SUPER_17,3570000,148,13,6,167,72,76
SUPER_17,3580000,83,7,5,95,45,38
SUPER_17,3590000,31,3,0,34,18,13
SUPER_17,3600000,130,14,7,151,66,64
SUPER_17,3610000,47,3,2,52,19,28
SUPER_17,3620000,87,7,7,101,45,42
SUPER_17,3630000,34,3,4,41,16,18
SUPER_17,3640000,84,14,7,105,39,45
SUPER_17,3650000,124,11,7,142,68,56
SUPER_17,3660000,239,21,17,277,112,127
SUPER_17,3670000,334,26,29,389,158,176
SUPER_17,3680000,239,29,34,302,117,122
SUPER_17,3690000,436,26,25,487,240,196
SUPER_17,3700000,326,31,27,384,172,154
SUPER_17,3710000,353,49,24,426,143,210
SUPER_17,3720000,222,26,18,266,106,116
SUPER_17,3730000,255,19,43,317,121,134
SUPER_17,3740000,242,26,24,292,115,127
SUPER_17,3750000,237,25,33,295,120,117
SUPER_17,3760000,58,4,4,66,34,24
SUPER_17,3770000,231,29,31,291,104,127
SUPER_17,3780000,368,36,26,430,181,187
SUPER_17,3790000,217,17,23,257,106,111
SUPER_17,3800000,352,26,27,405,188,164
SUPER_17,3810000,244,36,27,307,117,127
SUPER_17,3820000,120,6,9,135,55,65
SUPER_17,3830000,285,20,26,331,151,134
SUPER_17,3840000,196,17,16,229,120,76
SUPER_17,3850000,210,17,24,251,106,104
SUPER_17,3860000,195,20,20,235,101,94
SUPER_17,3870000,295,21,22,338,131,164
SUPER_17,3880000,54,6,5,65,23,31
SUPER_17,3890000,233,25,25,283,119,114
SUPER_17,3900000,343,35,17,395,179,164
SUPER_17,3910000,404,31,43,478,196,208
SUPER_17,3920000,230,19,17,266,124,106
SUPER_17,3930000,93,6,10,109,53,40
SUPER_17,3940000,347,34,36,417,181,166
SUPER_17,3950000,402,24,42,468,187,215
SUPER_17,3960000,347,34,29,410,163,184
SUPER_17,3970000,267,25,26,318,123,144
SUPER_17,3980000,238,22,26,286,118,120
SUPER_17,3990000,326,45,20,391,143,183
SUPER_17,4000000,361,44,32,437,168,193
SUPER_17,4010000,282,31,40,353,131,151
SUPER_17,4020000,259,26,29,314,124,135
SUPER_17,4030000,416,42,29,487,219,197
SUPER_17,4040000,227,22,28,277,99,128
SUPER_17,4050000,325,30,26,381,152,173
SUPER_17,4060000,261,27,19,307,126,135
SUPER_17,4070000,320,31,29,380,161,159
SUPER_17,4080000,160,12,15,187,83,77
SUPER_17,4090000,363,27,34,424,180,183
SUPER_17,4100000,342,27,30,399,162,180
SUPER_17,4110000,325,27,30,382,156,169
SUPER_17,4120000,268,19,17,304,127,141
SUPER_17,4130000,153,7,9,169,82,71
SUPER_17,4140000,316,35,18,369,144,172
SUPER_17,4150000,345,30,25,400,166,179
SUPER_17,4160000,347,50,34,431,170,177
SUPER_17,4170000,443,31,40,514,226,217
SUPER_17,4180000,322,36,31,389,158,164
SUPER_17,4190000,234,32,27,293,114,120
SUPER_17,4200000,198,28,25,251,89,109
SUPER_17,4210000,293,30,13,336,144,149
SUPER_17,4220000,206,27,22,255,106,100
SUPER_17,4230000,216,25,28,269,105,111
SUPER_17,4240000,126,13,18,157,53,73
SUPER_17,4250000,156,11,11,178,73,83
SUPER_17,4260000,217,17,19,253,110,107
SUPER_17,4270000,413,23,37,473,207,206
SUPER_17,4280000,352,29,53,434,176,176
SUPER_17,4290000,371,27,33,431,193,178
SUPER_17,4300000,230,24,19,273,122,108
SUPER_17,4310000,225,32,25,282,114,111
SUPER_17,4320000,184,22,18,224,100,84
SUPER_17,4330000,169,22,21,212,77,92
SUPER_17,4340000,231,28,22,281,106,125
SUPER_17,4350000,332,26,32,390,162,170
SUPER_17,4360000,212,20,19,251,107,105
SUPER_17,4370000,250,19,27,296,123,127
SUPER_17,4380000,276,37,28,341,133,143
SUPER_17,4390000,226,27,19,272,99,127
SUPER_17,4400000,291,18,26,335,129,162
SUPER_17,4410000,90,6,9,105,50,40
SUPER_17,4420000,188,20,17,225,99,89
SUPER_17,4430000,174,15,15,204,85,89
SUPER_17,4440000,264,26,27,317,131,133
SUPER_17,4450000,290,27,28,345,144,146
SUPER_17,4460000,142,11,11,164,64,78
SUPER_17,4470000,340,26,33,399,175,165
SUPER_17,4480000,405,35,43,483,193,212
SUPER_17,4490000,337,25,30,392,156,181
SUPER_17,4500000,292,28,29,349,129,163
SUPER_17,4510000,256,26,22,304,115,141
SUPER_17,4520000,63,11,7,81,30,33
SUPER_17,4530000,371,22,35,428,186,185
SUPER_17,4540000,361,23,44,428,176,185
SUPER_17,4550000,270,29,21,320,125,145
SUPER_17,4560000,261,17,21,299,141,120
SUPER_17,4570000,231,28,20,279,125,106
SUPER_17,4580000,300,26,24,350,146,154
SUPER_17,4590000,320,19,25,364,166,154
SUPER_17,4600000,218,22,26,266,104,114
SUPER_17,4610000,235,28,23,286,118,117
SUPER_17,4620000,247,13,32,292,133,114
SUPER_17,4630000,374,36,36,446,160,214
SUPER_17,4640000,181,14,34,229,97,84
SUPER_17,4650000,105,8,13,126,49,56
SUPER_17,4660000,249,22,34,305,117,132
SUPER_17,4670000,163,16,17,196,77,86
SUPER_17,4680000,258,24,31,313,115,143
SUPER_17,4690000,224,18,35,277,125,99
SUPER_17,4700000,184,19,26,229,96,88
SUPER_17,4710000,247,21,24,292,123,124
SUPER_17,4720000,171,23,10,204,87,84
SUPER_17,4730000,390,48,32,470,179,211
SUPER_17,4740000,216,20,21,257,113,103
SUPER_17,4750000,229,19,26,274,112,117
SUPER_17,4760000,338,32,36,406,158,180
SUPER_17,4770000,125,11,11,147,53,72
SUPER_17,4780000,154,21,11,186,89,65
SUPER_17,4790000,163,9,8,180,90,73
SUPER_17,4800000,158,17,10,185,79,79
SUPER_17,4810000,305,37,22,364,144,161
SUPER_17,4820000,311,28,23,362,142,169
SUPER_17,4830000,321,17,28,366,158,163
SUPER_17,4840000,299,23,38,360,137,162
SUPER_17,4850000,332,35,37,404,154,178
SUPER_17,4860000,297,27,30,354,146,151
SUPER_17,4870000,235,34,23,292,107,128
SUPER_17,4880000,413,42,34,489,189,224
SUPER_17,4890000,352,38,30,420,166,186
SUPER_17,4900000,185,11,26,222,93,92
SUPER_17,4910000,210,24,21,255,100,110
SUPER_17,4920000,229,28,16,273,119,110
SUPER_17,4930000,254,36,26,316,135,119
SUPER_17,4940000,230,20,12,262,117,113
SUPER_17,4950000,267,24,31,322,118,149
SUPER_17,4960000,346,38,23,407,183,163
SUPER_17,4970000,326,31,27,384,170,156
SUPER_17,4980000,332,28,33,393,166,166
SUPER_17,4990000,282,24,24,330,143,139
SUPER_17,5000000,179,21,16,216,85,94
SUPER_17,5010000,285,22,32,339,157,128
SUPER_17,5020000,310,33,41,384,164,146
SUPER_17,5030000,203,22,20,245,98,105
SUPER_17,5040000,75,11,7,93,36,39
SUPER_17,5050000,179,14,16,209,97,82
SUPER_17,5060000,402,36,36,474,181,221
SUPER_17,5070000,361,28,36,425,157,204
SUPER_17,5080000,444,37,39,520,216,228
SUPER_17,5090000,155,19,12,186,79,76
SUPER_17,5100000,32,4,1,37,14,18
SUPER_17,5110000,135,19,4,158,67,68
SUPER_17,5120000,1,1,2,4,0,1
SUPER_17,5130000,12,1,0,13,3,9
SUPER_17,5140000,282,31,22,335,145,137
SUPER_17,5150000,201,13,19,233,84,117
SUPER_17,5160000,187,16,22,225,102,85
SUPER_17,5170000,252,24,16,292,142,110
SUPER_17,5180000,182,13,21,216,103,79
SUPER_17,5190000,332,27,43,402,141,191
SUPER_17,5200000,291,26,32,349,135,156
SUPER_17,5210000,153,13,11,177,85,68
SUPER_17,5220000,258,20,21,299,126,132
SUPER_17,5230000,233,31,20,284,111,122
SUPER_17,5240000,107,7,6,120,57,50
SUPER_17,5250000,290,25,21,336,146,144
SUPER_17,5260000,229,23,16,268,107,122
SUPER_17,5270000,250,22,27,299,118,132
SUPER_17,5280000,201,22,18,241,98,103
SUPER_17,5290000,79,6,7,92,43,36
SUPER_17,5300000,104,12,8,124,54,50
SUPER_17,5310000,126,11,16,153,57,69
SUPER_17,5320000,236,34,21,291,127,109
SUPER_17,5330000,254,19,23,296,150,104
SUPER_17,5340000,253,23,21,297,119,134
SUPER_17,5350000,207,20,19,246,105,102
SUPER_17,5360000,260,33,23,316,121,139
SUPER_17,5370000,142,16,16,174,72,70
SUPER_17,5380000,149,17,13,179,77,72
SUPER_17,5390000,145,19,21,185,72,73
SUPER_17,5400000,184,10,24,218,87,97
SUPER_17,5410000,122,12,11,145,61,61
SUPER_17,5420000,252,27,18,297,110,142
SUPER_17,5430000,204,14,14,232,105,99
SUPER_17,5440000,258,31,35,324,101,157
SUPER_17,5450000,221,24,26,271,91,130
SUPER_17,5460000,101,9,17,127,51,50
SUPER_17,5470000,191,19,18,228,90,101
SUPER_17,5480000,174,25,23,222,90,84
SUPER_17,5490000,156,14,16,186,66,90
SUPER_17,5500000,179,14,16,209,91,88
SUPER_17,5510000,269,36,26,331,137,132
SUPER_17,5520000,253,17,18,288,110,143
SUPER_17,5530000,268,27,10,305,123,145
SUPER_17,5540000,198,18,33,249,101,97
SUPER_17,5550000,207,17,19,243,100,107
SUPER_17,5560000,168,20,19,207,82,86
SUPER_17,5570000,397,34,40,471,206,191
SUPER_17,5580000,200,30,18,248,85,115
SUPER_17,5590000,148,13,16,177,67,81
SUPER_17,5600000,395,36,39,470,184,211
SUPER_17,5610000,0,0,0,0,0,0
SUPER_17,5620000,0,0,0,0,0,0
SUPER_17,5630000,0,0,0,0,0,0
SUPER_17,5640000,87,7,10,104,39,48
SUPER_17,5650000,345,35,40,420,155,190
SUPER_17,5660000,354,37,30,421,157,197
SUPER_17,5670000,329,39,26,394,169,160
SUPER_17,5680000,289,39,28,356,145,144
SUPER_17,5690000,372,36,29,437,173,199
SUPER_17,5700000,334,22,18,374,176,158
SUPER_17,5710000,215,18,21,254,118,97
SUPER_17,5720000,145,11,17,173,72,73
SUPER_17,5730000,231,21,16,268,110,121
SUPER_17,5740000,203,18,21,242,89,114
SUPER_17,5750000,110,8,7,125,54,56
SUPER_17,5760000,143,11,11,165,58,85
SUPER_17,5770000,262,25,29,316,122,140
SUPER_17,5780000,93,4,9,106,46,47
SUPER_17,5790000,219,30,26,275,107,112
SUPER_17,5800000,227,23,17,267,110,117
SUPER_17,5810000,231,27,24,282,111,120
SUPER_17,5820000,190,20,20,230,98,92
SUPER_17,5830000,145,24,11,180,78,67
SUPER_17,5840000,343,43,42,428,166,177
SUPER_17,5850000,344,48,36,428,172,172
SUPER_17,5860000,220,22,17,259,112,108
SUPER_17,5870000,157,7,12,176,88,69
SUPER_17,5880000,162,14,18,194,68,94
SUPER_17,5890000,191,14,25,230,94,97
SUPER_17,5900000,286,25,34,345,123,163
SUPER_17,5910000,182,18,38,238,79,103
SUPER_17,5920000,356,34,43,433,174,182
SUPER_17,5930000,204,26,24,254,94,110
SUPER_17,5940000,446,38,32,516,208,238
SUPER_17,5950000,360,28,39,427,155,205
SUPER_17,5960000,382,42,37,461,194,188
SUPER_17,5970000,276,31,21,328,139,137
SUPER_17,5980000,416,35,29,480,202,214
SUPER_17,5990000,294,30,29,353,147,147
SUPER_17,6000000,259,18,28,305,131,128
SUPER_17,6010000,200,20,25,245,91,109
SUPER_17,6020000,349,26,36,411,163,186
SUPER_17,6030000,271,22,24,317,145,126
SUPER_17,6040000,236,17,30,283,111,125
SUPER_17,6050000,344,27,38,409,158,186
SUPER_17,6060000,396,43,34,473,185,211
SUPER_17,6070000,299,31,29,359,146,153
SUPER_17,6080000,231,15,17,263,113,118
SUPER_17,6090000,261,24,21,306,128,133
SUPER_17,6100000,235,19,26,280,136,99
SUPER_17,6110000,200,19,23,242,105,95
SUPER_17,6120000,304,30,30,364,153,151
SUPER_17,6130000,265,26,31,322,136,129
SUPER_17,6140000,426,44,40,510,203,223
SUPER_17,6150000,272,34,23,329,136,136
SUPER_17,6160000,343,36,35,414,160,183
SUPER_17,6170000,107,10,13,130,44,63
SUPER_17,6180000,150,10,17,177,74,76
SUPER_17,6190000,300,31,31,362,156,144
SUPER_17,6200000,217,17,24,258,90,127
SUPER_17,6210000,280,32,25,337,141,139
SUPER_17,6220000,278,22,23,323,137,141
SUPER_17,6230000,148,22,15,185,66,82
SUPER_17,6240000,260,19,22,301,136,124
SUPER_17,6250000,299,35,26,360,143,156
SUPER_17,6260000,190,26,23,239,76,114
SUPER_17,6270000,369,47,36,452,183,186
SUPER_17,6280000,170,19,19,208,73,97
SUPER_17,6290000,337,30,57,424,160,177
SUPER_17,6300000,283,24,18,325,159,124
SUPER_17,6310000,290,27,29,346,150,140
SUPER_17,6320000,333,35,36,404,134,199
SUPER_17,6330000,149,16,16,181,67,82
SUPER_17,6340000,380,40,39,459,190,190
SUPER_17,6350000,260,22,36,318,137,123
SUPER_17,6360000,285,30,31,346,125,160
SUPER_17,6370000,158,19,11,188,71,87
SUPER_17,6380000,140,18,7,165,72,68
SUPER_17,6390000,333,44,25,402,165,168
SUPER_17,6400000,371,42,34,447,180,191
SUPER_17,6410000,381,39,31,451,207,174
SUPER_17,6420000,0,1,1,2,0,0
SUPER_17,6430000,107,7,13,127,43,64
SUPER_17,6440000,421,37,42,500,192,229
SUPER_17,6450000,234,14,12,260,137,97
SUPER_17,6460000,328,30,27,385,160,168
SUPER_17,6470000,321,19,36,376,134,187
SUPER_17,6480000,151,14,14,179,66,85
SUPER_17,6490000,237,22,24,283,117,120
SUPER_17,6500000,284,29,28,341,134,150
SUPER_17,6510000,333,25,33,391,157,176
SUPER_17,6520000,279,28,31,338,142,137
SUPER_17,6530000,274,33,27,334,116,158
SUPER_17,6540000,282,34,21,337,147,135
SUPER_17,6550000,263,29,25,317,131,132
SUPER_17,6560000,215,24,23,262,111,104
SUPER_17,6570000,267,36,44,347,110,157
SUPER_17,6580000,154,21,17,192,74,80
SUPER_17,6590000,205,26,22,253,103,102
SUPER_17,6600000,198,16,16,230,94,104
SUPER_17,6610000,284,29,25,338,144,140
SUPER_17,6620000,190,12,16,218,83,107
SUPER_17,6630000,149,16,12,177,77,72
SUPER_17,6640000,160,20,17,197,84,76
SUPER_17,6650000,116,8,7,131,51,65
SUPER_17,6660000,66,8,3,77,41,25
SUPER_17,6670000,88,9,11,108,41,47
SUPER_17,6680000,150,8,17,175,72,78
SUPER_17,6690000,273,31,40,344,121,152
SUPER_17,6700000,194,22,19,235,110,84
SUPER_17,6710000,214,24,14,252,106,108
SUPER_17,6720000,178,15,16,209,97,81
SUPER_17,6730000,231,24,17,272,112,119
SUPER_17,6740000,261,26,25,312,136,125
SUPER_17,6750000,213,20,29,262,100,113
SUPER_17,6760000,275,29,24,328,140,135
SUPER_17,6770000,118,16,11,145,51,67
SUPER_17,6780000,169,12,24,205,78,91
SUPER_17,6790000,166,21,12,199,72,94
SUPER_17,6800000,361,32,23,416,173,188
SUPER_17,6810000,341,41,28,410,168,173
SUPER_17,6820000,362,41,29,432,177,185
SUPER_17,6830000,302,31,31,364,156,146
SUPER_17,6840000,141,15,12,168,71,70
SUPER_17,6850000,107,9,16,132,56,51
SUPER_17,6860000,147,19,18,184,61,86
SUPER_17,6870000,157,11,18,186,78,79
SUPER_17,6880000,262,23,30,315,122,140
SUPER_17,6890000,201,22,27,250,82,119
SUPER_17,6900000,176,30,24,230,85,91
SUPER_17,6910000,183,16,20,219,81,102
SUPER_17,6920000,302,34,31,367,148,154
SUPER_17,6930000,236,28,24,288,113,123
SUPER_17,6940000,349,28,39,416,166,183
SUPER_17,6950000,180,21,10,211,92,88
SUPER_17,6960000,235,26,24,285,115,120
SUPER_17,6970000,274,25,20,319,121,153
SUPER_17,6980000,306,28,20,354,142,164
SUPER_17,6990000,339,28,37,404,167,172
SUPER_17,7000000,264,22,36,322,124,140
SUPER_17,7010000,213,20,27,260,109,104
SUPER_17,7020000,226,20,15,261,113,113
SUPER_17,7030000,192,14,11,217,98,94
SUPER_17,7040000,249,24,20,293,120,129
SUPER_17,7050000,264,37,31,332,111,153
SUPER_17,7060000,199,22,11,232,100,99
SUPER_17,7070000,337,36,36,409,154,183
SUPER_17,7080000,173,15,10,198,83,90
SUPER_17,7090000,301,27,32,360,147,154
SUPER_17,7100000,336,32,47,415,170,166
SUPER_17,7110000,214,20,26,260,83,131
SUPER_17,7120000,386,41,39,466,174,212
SUPER_17,7130000,126,9,17,152,59,67
SUPER_17,7140000,260,35,39,334,123,137
SUPER_17,7150000,317,35,32,384,153,164
SUPER_17,7160000,388,36,28,452,192,196
SUPER_17,7170000,330,33,20,383,181,149
SUPER_17,7180000,192,31,27,250,86,106
SUPER_17,7190000,287,26,23,336,137,150
SUPER_17,7200000,249,25,22,296,124,125
SUPER_17,7210000,196,11,15,222,93,103
SUPER_17,7220000,272,26,27,325,134,138
SUPER_17,7230000,405,47,45,497,206,199
SUPER_17,7240000,287,20,28,335,145,142
SUPER_17,7250000,231,19,23,273,111,120
SUPER_17,7260000,255,28,18,301,130,125
SUPER_17,7270000,296,21,29,346,143,153
SUPER_17,7280000,255,32,26,313,129,126
SUPER_17,7290000,299,28,30,357,155,144
SUPER_17,7300000,351,37,30,418,176,175
SUPER_17,7310000,335,39,19,393,167,168
SUPER_17,7320000,324,37,29,390,177,147
SUPER_17,7330000,202,18,19,239,96,106
SUPER_17,7340000,370,46,28,444,191,179
SUPER_17,7350000,320,15,25,360,154,166
SUPER_17,7360000,348,40,36,424,183,165
SUPER_17,7370000,262,27,31,320,119,143
SUPER_17,7380000,372,37,26,435,157,215
SUPER_17,7390000,175,14,12,201,93,82
SUPER_17,7400000,191,15,19,225,83,108
SUPER_17,7410000,5,0,0,5,4,1
SUPER_17,7420000,360,31,32,423,183,177
SUPER_17,7430000,300,27,22,349,148,152
SUPER_17,7440000,177,26,19,222,77,100
SUPER_17,7450000,278,27,23,328,141,137
SUPER_17,7460000,236,21,20,277,117,119
SUPER_17,7470000,276,27,25,328,139,137
SUPER_17,7480000,261,18,19,298,159,102
SUPER_17,7490000,239,20,14,273,127,112
SUPER_17,7500000,232,21,10,263,120,112
SUPER_17,7510000,236,28,20,284,122,114
SUPER_17,7520000,388,30,55,473,167,221
SUPER_17,7530000,385,28,26,439,169,216
SUPER_17,7540000,314,24,33,371,157,157
SUPER_17,7550000,233,20,17,270,125,108
SUPER_17,7560000,266,26,24,316,130,136
SUPER_17,7570000,293,23,37,353,140,153
SUPER_17,7580000,456,42,57,555,217,239
SUPER_17,7590000,291,13,15,319,153,138
SUPER_17,7600000,172,17,4,193,83,89
SUPER_17,7610000,294,24,17,335,137,157
SUPER_17,7620000,348,27,28,403,190,158
SUPER_17,7630000,358,37,32,427,160,198
SUPER_17,7640000,296,23,23,342,156,140
SUPER_17,7650000,431,32,56,519,208,223
SUPER_17,7660000,228,24,33,285,105,123
SUPER_17,7670000,324,38,38,400,141,183
SUPER_17,7680000,258,24,16,298,117,141
SUPER_17,7690000,325,26,26,377,148,177
SUPER_17,7700000,305,30,38,373,155,150
SUPER_17,7710000,308,20,40,368,152,156
SUPER_17,7720000,318,30,29,377,145,173
SUPER_17,7730000,178,26,18,222,80,98
SUPER_17,7740000,317,40,32,389,150,167
SUPER_17,7750000,383,25,45,453,174,209
SUPER_17,7760000,337,38,33,408,164,173
SUPER_17,7770000,395,35,36,466,203,192
SUPER_17,7780000,253,17,32,302,104,149
SUPER_17,7790000,440,40,33,513,210,230
SUPER_17,7800000,184,24,11,219,84,100
SUPER_17,7810000,342,31,30,403,161,181
SUPER_17,7820000,389,34,39,462,177,212
SUPER_17,7830000,177,24,14,215,103,74
SUPER_17,7840000,112,6,7,125,44,68
SUPER_17,7850000,92,9,7,108,50,42
SUPER_17,7860000,65,8,9,82,32,33
SUPER_17,7870000,60,5,10,75,28,32
SUPER_17,7880000,48,6,2,56,25,23
SUPER_17,7890000,59,5,4,68,32,27
SUPER_17,7900000,8,0,2,10,4,4
SUPER_17,7910000,20,2,6,28,13,7
SUPER_17,7920000,57,5,6,68,26,31
SUPER_17,7930000,59,7,2,68,29,30
SUPER_17,7940000,71,3,7,81,37,34
SUPER_17,7950000,89,6,10,105,38,51
SUPER_17,7960000,127,13,16,156,65,62
SUPER_17,7970000,349,28,21,398,186,163
SUPER_17,7980000,188,17,24,229,99,89
SUPER_17,7990000,260,21,31,312,118,142
SUPER_17,8000000,206,27,20,253,111,95
SUPER_17,8010000,175,10,15,200,84,91
SUPER_17,8020000,290,14,32,336,149,141
SUPER_17,8030000,75,10,8,93,45,30
SUPER_17,8040000,325,45,44,414,134,191
SUPER_17,8050000,281,24,19,324,142,139
SUPER_17,8060000,160,18,22,200,68,92
SUPER_17,8070000,72,10,9,91,35,37
SUPER_17,8080000,154,20,14,188,74,80
SUPER_17,8090000,305,29,19,353,158,147
SUPER_17,8100000,350,31,27,408,187,163
SUPER_17,8110000,318,20,29,367,147,171
SUPER_17,8120000,316,30,24,370,155,161
SUPER_17,8130000,202,20,20,242,105,97
SUPER_17,8140000,266,28,25,319,139,127
SUPER_17,8150000,215,27,28,270,123,92
SUPER_17,8160000,308,32,32,372,152,156
SUPER_17,8170000,266,34,22,322,145,121
SUPER_17,8180000,314,21,25,360,169,145
SUPER_17,8190000,206,16,11,233,112,94
SUPER_17,8200000,351,37,28,416,162,189
SUPER_17,8210000,404,30,33,467,198,206
SUPER_17,8220000,367,34,28,429,187,180
SUPER_17,8230000,308,30,24,362,166,142
SUPER_17,8240000,127,13,15,155,63,64
SUPER_17,8250000,225,21,11,257,117,108
SUPER_17,8260000,128,5,20,153,59,69
SUPER_17,8270000,230,20,26,276,126,104
SUPER_17,8280000,196,10,11,217,102,94
SUPER_17,8290000,302,19,25,346,153,149
SUPER_17,8300000,304,30,32,366,155,149
SUPER_17,8310000,331,27,34,392,174,157
SUPER_17,8320000,254,14,18,286,141,113
SUPER_17,8330000,316,20,33,369,178,138
SUPER_17,8340000,308,35,26,369,153,155
SUPER_17,8350000,331,34,24,389,175,156
SUPER_17,8360000,242,26,21,289,117,125
SUPER_17,8370000,227,20,13,260,114,113
SUPER_17,8380000,261,33,15,309,137,124
SUPER_17,8390000,300,28,23,351,147,153
SUPER_17,8400000,286,22,35,343,148,138
SUPER_17,8410000,177,16,19,212,87,90
SUPER_17,8420000,280,30,25,335,132,148
SUPER_17,8430000,286,30,24,340,130,156
SUPER_17,8440000,323,37,25,385,157,166
SUPER_17,8450000,326,32,25,383,137,189
SUPER_17,8460000,289,28,46,363,147,142
SUPER_17,8470000,291,29,43,363,143,148
SUPER_17,8480000,251,18,18,287,112,139
SUPER_17,8490000,316,31,32,379,169,147
SUPER_17,8500000,259,19,20,298,128,131
SUPER_17,8510000,105,11,10,126,57,48
SUPER_17,8520000,385,27,36,448,189,196
SUPER_17,8530000,411,41,39,491,211,200
SUPER_17,8540000,390,42,37,469,186,204
SUPER_17,8550000,248,31,30,309,116,132
SUPER_17,8560000,335,30,31,396,163,172
SUPER_17,8570000,325,30,29,384,149,176
SUPER_17,8580000,344,35,37,416,144,200
SUPER_17,8590000,407,49,40,496,195,212
SUPER_17,8600000,319,26,25,370,158,161
SUPER_17,8610000,200,16,20,236,88,112
SUPER_17,8620000,404,47,32,483,186,218
SUPER_17,8630000,261,24,21,306,139,122
SUPER_17,8640000,184,11,16,211,101,83
SUPER_17,8650000,330,40,24,394,166,164
SUPER_17,8660000,304,29,35,368,153,151
SUPER_17,8670000,259,22,26,307,124,135
SUPER_17,8680000,282,21,27,330,138,144
SUPER_17,8690000,265,30,30,325,116,149
SUPER_17,8700000,281,29,26,336,145,136
SUPER_17,8710000,226,20,20,266,120,106
SUPER_17,8720000,126,16,9,151,66,60
SUPER_17,8730000,147,13,19,179,61,86
SUPER_17,8740000,298,23,34,355,134,164
SUPER_17,8750000,254,29,25,308,126,128
SUPER_17,8760000,244,21,30,295,109,135
SUPER_17,8770000,152,16,11,179,81,71
SUPER_17,8780000,211,16,10,237,117,94
SUPER_17,8790000,86,11,4,101,40,46
SUPER_17,8800000,225,21,19,265,122,103
SUPER_17,8810000,387,40,50,477,209,178
SUPER_17,8820000,143,12,10,165,66,77
SUPER_17,8830000,194,22,19,235,84,110
SUPER_17,8840000,350,32,33,415,167,183
SUPER_17,8850000,437,28,33,498,235,201
SUPER_17,8860000,0,0,0,0,0,0
SUPER_17,8870000,0,0,0,0,0,0
SUPER_17,8880000,279,23,21,323,132,147
SUPER_17,8890000,0,1,0,1,0,0
SUPER_17,8900000,0,0,0,0,0,0
SUPER_17,8910000,0,0,0,0,0,0
SUPER_17,8920000,0,0,0,0,0,0
SUPER_17,8930000,115,15,12,142,55,60
SUPER_17,8940000,223,12,22,257,103,120
SUPER_17,8950000,71,4,14,89,35,36
SUPER_17,8960000,0,1,0,1,0,0
SUPER_17,8970000,122,10,10,142,69,53
SUPER_17,8980000,195,14,11,220,85,110
SUPER_17,8990000,0,0,0,0,0,0
SUPER_17,9000000,0,0,0,0,0,0
SUPER_17,9010000,202,19,13,234,91,111
SUPER_17,9020000,94,6,7,107,42,52
SUPER_17,9030000,41,3,0,44,22,19
SUPER_17,9040000,3,0,0,3,2,1
SUPER_17,9050000,0,1,1,2,0,0
SUPER_17,9060000,174,18,12,204,86,88
SUPER_17,9070000,0,0,0,0,0,0
SUPER_17,9080000,0,0,0,0,0,0
SUPER_17,9090000,0,0,0,0,0,0
SUPER_17,9100000,0,0,0,0,0,0
SUPER_17,9110000,295,28,14,337,154,141
SUPER_17,9120000,98,6,10,114,44,54
SUPER_17,9130000,0,0,0,0,0,0
SUPER_17,9140000,0,0,0,0,0,0
SUPER_17,9150000,52,5,6,63,23,29
SUPER_17,9160000,0,0,0,0,0,0
SUPER_17,9170000,0,0,0,0,0,0
SUPER_17,9180000,0,0,0,0,0,0
SUPER_17,9190000,109,11,8,128,57,52
SUPER_17,9200000,0,0,0,0,0,0
SUPER_17,9210000,0,0,0,0,0,0
SUPER_17,9220000,0,0,0,0,0,0
SUPER_17,9230000,285,29,20,334,147,138
SUPER_17,9240000,87,5,9,101,43,44
SUPER_17,9250000,116,5,3,124,68,48
SUPER_17,9260000,93,6,3,102,45,48
SUPER_17,9270000,95,9,6,110,47,48
SUPER_17,9280000,161,15,17,193,82,79
SUPER_17,9290000,26,2,2,30,12,14
SUPER_17,9300000,0,0,0,0,0,0
SUPER_17,9310000,0,0,0,0,0,0
SUPER_17,9320000,0,0,0,0,0,0
SUPER_17,9330000,0,0,0,0,0,0
SUPER_17,9340000,104,14,8,126,56,48
SUPER_17,9350000,0,0,0,0,0,0
SUPER_17,9360000,0,0,0,0,0,0
SUPER_17,9370000,0,0,0,0,0,0
SUPER_17,9380000,0,0,0,0,0,0
SUPER_17,9390000,0,0,0,0,0,0
SUPER_17,9400000,0,0,0,0,0,0
SUPER_17,9410000,0,0,0,0,0,0
SUPER_17,9420000,0,0,0,0,0,0
SUPER_17,9430000,0,0,0,0,0,0
SUPER_17,9440000,0,0,0,0,0,0
SUPER_17,9450000,0,0,0,0,0,0
SUPER_17,9460000,0,0,0,0,0,0
SUPER_17,9470000,250,29,26,305,119,131
SUPER_17,9480000,125,8,8,141,49,76
SUPER_17,9490000,152,12,6,170,76,76
SUPER_17,9500000,0,0,0,0,0,0
SUPER_17,9510000,0,0,0,0,0,0
SUPER_17,9520000,45,2,6,53,24,21
SUPER_17,9530000,141,17,8,166,79,62
SUPER_17,9540000,52,3,3,58,28,24
SUPER_17,9550000,15,0,2,17,8,7
SUPER_17,9560000,1,0,0,1,0,1
SUPER_17,9570000,2,0,0,2,0,2
SUPER_17,9580000,1,0,0,1,1,0
SUPER_17,9590000,0,0,0,0,0,0
SUPER_17,9600000,0,0,0,0,0,0
SUPER_17,9610000,0,0,0,0,0,0
SUPER_17,9620000,0,0,0,0,0,0
SUPER_17,9630000,2,1,0,3,1,1
SUPER_17,9640000,79,4,4,87,37,42
SUPER_17,9650000,62,6,1,69,24,38
SUPER_17,9660000,1,0,0,1,1,0
SUPER_17,9670000,0,0,0,0,0,0
SUPER_17,9680000,0,0,0,0,0,0
SUPER_17,9690000,171,13,14,198,92,79
SUPER_17,9700000,208,29,16,253,100,108
SUPER_17,9710000,0,0,0,0,0,0
SUPER_17,9720000,0,0,0,0,0,0
SUPER_17,9730000,0,0,0,0,0,0
SUPER_17,9740000,0,0,0,0,0,0
SUPER_17,9750000,0,0,0,0,0,0
SUPER_17,9760000,0,0,0,0,0,0
SUPER_17,9770000,0,0,0,0,0,0
SUPER_17,9780000,0,0,0,0,0,0
SUPER_17,9790000,0,0,0,0,0,0
SUPER_17,9800000,164,17,20,201,79,85
SUPER_17,9810000,235,14,8,257,123,112
SUPER_17,9820000,0,0,0,0,0,0
SUPER_17,9830000,0,0,0,0,0,0
SUPER_17,9840000,0,0,0,0,0,0
SUPER_17,9850000,0,0,0,0,0,0
SUPER_17,9860000,0,0,0,0,0,0
SUPER_17,9870000,0,0,0,0,0,0
SUPER_17,9880000,0,0,0,0,0,0
SUPER_17,9890000,120,12,5,137,51,69
SUPER_17,9900000,0,0,0,0,0,0
SUPER_17,9910000,0,0,0,0,0,0
SUPER_17,9920000,0,0,0,0,0,0
SUPER_17,9930000,0,0,0,0,0,0
SUPER_17,9940000,0,0,0,0,0,0
SUPER_17,9950000,0,0,0,0,0,0
SUPER_17,9960000,223,14,12,249,131,92
SUPER_17,9970000,0,0,0,0,0,0
SUPER_17,9980000,0,0,0,0,0,0
SUPER_17,9990000,94,4,12,110,46,48
SUPER_17,10000000,306,24,19,349,139,167
SUPER_17,10010000,365,35,34,434,154,211
SUPER_17,10020000,116,9,11,136,54,62
SUPER_17,10030000,243,21,27,291,124,119
SUPER_17,10040000,150,22,8,180,73,77
SUPER_17,10050000,389,46,32,467,186,203
SUPER_17,10060000,328,30,34,392,157,171
SUPER_17,10070000,296,23,36,355,156,140
SUPER_17,10080000,231,14,18,263,118,113
SUPER_17,10090000,117,11,12,140,64,53
SUPER_17,10100000,153,21,10,184,81,72
SUPER_17,10110000,220,15,24,259,120,100
SUPER_17,10120000,110,5,6,121,58,52
SUPER_17,10130000,132,4,15,151,79,53
SUPER_17,10140000,364,38,36,438,168,196
SUPER_17,10150000,237,30,14,281,113,124
SUPER_17,10160000,21,1,2,24,15,6
SUPER_17,10170000,251,24,20,295,133,118
SUPER_17,10180000,346,41,45,432,178,168
SUPER_17,10190000,346,32,33,411,194,152
SUPER_17,10200000,348,35,32,415,170,178
SUPER_17,10210000,217,17,24,258,111,106
SUPER_17,10220000,196,18,15,229,92,104
SUPER_17,10230000,125,21,17,163,54,71
SUPER_17,10240000,161,25,10,196,85,76
SUPER_17,10250000,95,8,7,110,56,39
SUPER_17,10260000,106,5,10,121,49,57
SUPER_17,10270000,153,8,12,173,88,65
SUPER_17,10280000,252,29,24,305,127,125
SUPER_17,10290000,168,16,16,200,85,83
SUPER_17,10300000,229,31,25,285,105,124
SUPER_17,10310000,211,22,15,248,111,100
SUPER_17,10320000,249,31,19,299,114,135
SUPER_17,10330000,327,27,33,387,174,153
SUPER_17,10340000,141,13,9,163,60,81
SUPER_17,10350000,194,21,20,235,89,105
SUPER_17,10360000,138,14,14,166,66,72
SUPER_17,10370000,228,36,18,282,117,111
SUPER_17,10380000,335,28,39,402,146,189
SUPER_17,10390000,362,32,32,426,182,180
SUPER_17,10400000,345,37,34,416,168,177
SUPER_17,10410000,308,20,37,365,153,155
SUPER_17,10420000,290,31,26,347,153,137
SUPER_17,10430000,349,23,34,406,179,170
SUPER_17,10440000,326,31,25,382,149,177
SUPER_17,10450000,444,37,45,526,218,226
SUPER_17,10460000,217,21,19,257,117,100
SUPER_17,10470000,177,17,13,207,89,88
SUPER_17,10480000,413,34,31,478,196,217
SUPER_17,10490000,411,31,29,471,196,215
SUPER_17,10500000,365,43,37,445,185,180
SUPER_17,10510000,376,36,30,442,186,190
SUPER_17,10520000,377,38,37,452,188,189
SUPER_17,10530000,374,27,27,428,180,194
SUPER_17,10540000,370,37,29,436,195,175
SUPER_17,10550000,364,42,38,444,196,168
SUPER_17,10560000,290,30,25,345,151,139
SUPER_17,10570000,396,31,20,447,207,189
SUPER_17,10580000,321,32,27,380,164,157
SUPER_17,10590000,434,37,31,502,222,212
SUPER_17,10600000,229,20,17,266,123,106
SUPER_17,10610000,386,40,47,473,191,195
SUPER_17,10620000,414,39,33,486,210,204
SUPER_17,10630000,463,42,47,552,216,247
SUPER_17,10640000,398,38,38,474,194,204
SUPER_17,10650000,314,41,35,390,165,149
SUPER_17,10660000,402,42,30,474,187,215
SUPER_17,10670000,292,25,38,355,168,124
SUPER_17,10680000,431,43,31,505,195,236
SUPER_17,10690000,457,35,42,534,253,204
SUPER_17,10700000,369,33,38,440,186,183
SUPER_17,10710000,340,34,34,408,174,166
SUPER_17,10720000,358,29,33,420,184,174
SUPER_17,10730000,386,31,29,446,194,192
SUPER_17,10740000,384,45,25,454,188,196
SUPER_17,10750000,346,33,35,414,170,176
SUPER_17,10760000,426,36,33,495,218,208
SUPER_17,10770000,403,37,35,475,201,202
SUPER_17,10780000,478,49,35,562,227,251
SUPER_17,10790000,373,42,43,458,190,183
SUPER_17,10800000,404,35,40,479,192,212
SUPER_17,10810000,225,25,28,278,118,107
SUPER_17,10820000,397,36,33,466,198,199
SUPER_17,10830000,365,27,24,416,207,158
SUPER_17,10840000,264,26,30,320,122,142
SUPER_17,10850000,210,20,16,246,108,102
SUPER_17,10860000,378,40,48,466,172,206
SUPER_17,10870000,265,27,20,312,127,138
SUPER_17,10880000,223,23,11,257,127,96
SUPER_17,10890000,106,7,7,120,53,53
SUPER_17,10900000,344,29,28,401,168,176
SUPER_17,10910000,243,33,13,289,118,125
SUPER_17,10920000,223,20,12,255,118,105
SUPER_17,10930000,46,3,6,55,18,28
SUPER_17,10940000,204,19,18,241,106,98
SUPER_17,10950000,253,31,20,304,131,122
SUPER_17,10960000,221,24,15,260,108,113
SUPER_17,10970000,144,14,18,176,84,60
SUPER_17,10980000,347,39,35,421,146,201
SUPER_17,10990000,157,16,17,190,76,81
SUPER_17,11000000,325,31,30,386,165,160
SUPER_17,11010000,168,17,14,199,86,82
SUPER_17,11020000,408,43,32,483,216,192
SUPER_17,11030000,313,34,37,384,152,161
SUPER_17,11040000,454,44,43,541,213,241
SUPER_17,11050000,189,26,14,229,80,109
SUPER_17,11060000,139,14,23,176,71,68
SUPER_17,11070000,345,28,40,413,158,187
SUPER_17,11080000,403,36,33,472,205,198
SUPER_17,11090000,423,38,46,507,208,215
SUPER_17,11100000,341,39,37,417,175,166
SUPER_17,11110000,288,27,36,351,138,150
SUPER_17,11120000,197,19,16,232,87,110
SUPER_17,11130000,408,37,49,494,194,214
SUPER_17,11140000,402,43,39,484,194,208
SUPER_17,11150000,446,31,47,524,219,227
SUPER_17,11160000,266,33,27,326,130,136
SUPER_17,11170000,329,20,37,386,161,168
SUPER_17,11180000,432,34,40,506,208,224
SUPER_17,11190000,178,9,20,207,83,95
SUPER_17,11200000,249,36,32,317,117,132
SUPER_17,11210000,242,20,32,294,118,124
SUPER_17,11220000,294,30,27,351,138,156
SUPER_17,11230000,289,24,31,344,138,151
SUPER_17,11240000,232,24,24,280,112,120
SUPER_17,11250000,299,32,40,371,139,160
SUPER_17,11260000,39,3,2,44,21,18
SUPER_17,11270000,184,16,13,213,88,96
SUPER_17,11280000,141,10,17,168,66,75
SUPER_17,11290000,208,18,10,236,99,109
SUPER_17,11300000,151,9,15,175,75,76
SUPER_17,11310000,267,19,26,312,115,152
SUPER_17,11320000,148,12,9,169,66,82
SUPER_17,11330000,5,3,2,10,2,2
SUPER_17,11340000,1,1,0,2,0,1
SUPER_17,11350000,131,6,9,146,67,64
SUPER_17,11360000,206,17,13,236,99,107
SUPER_17,11370000,175,18,11,204,91,84
SUPER_17,11380000,219,36,23,278,113,106
SUPER_17,11390000,371,41,36,448,168,203
SUPER_17,11400000,422,33,35,490,209,213
SUPER_17,11410000,348,37,28,413,180,168
SUPER_17,11420000,405,30,38,473,217,188
SUPER_17,11430000,303,42,32,377,149,154
SUPER_17,11440000,291,34,30,355,141,150
SUPER_17,11450000,93,7,8,108,40,53
SUPER_17,11460000,301,29,27,357,162,139
SUPER_17,11470000,264,25,18,307,130,134
SUPER_17,11480000,340,26,38,404,163,177
SUPER_17,11490000,34,7,4,45,17,17
SUPER_17,11500000,348,22,28,398,183,165
SUPER_17,11510000,316,24,21,361,167,149
SUPER_17,11520000,275,26,31,332,147,128
SUPER_17,11530000,36,2,2,40,22,14
SUPER_17,11540000,102,8,4,114,63,39
SUPER_17,11550000,184,16,10,210,80,104
SUPER_17,11560000,331,36,18,385,170,161
SUPER_17,11570000,160,14,21,195,81,79
SUPER_17,11580000,326,22,27,375,176,150
SUPER_17,11590000,359,35,31,425,177,182
SUPER_17,11600000,360,32,51,443,177,183
SUPER_17,11610000,483,42,40,565,246,237
SUPER_17,11620000,299,30,20,349,156,143
SUPER_17,11630000,0,0,0,0,0,0
SUPER_17,11640000,0,0,0,0,0,0
SUPER_17,11650000,209,19,15,243,100,109
SUPER_17,11660000,0,0,1,1,0,0
SUPER_17,11670000,0,1,0,1,0,0
SUPER_17,11680000,343,30,27,400,163,180
SUPER_17,11690000,95,7,8,110,53,42
SUPER_17,11700000,105,9,6,120,60,45
SUPER_17,11710000,197,10,13,220,111,86
SUPER_17,11720000,190,25,18,233,98,92
SUPER_17,11730000,212,22,18,252,119,93
SUPER_17,11740000,366,24,29,419,173,193
SUPER_17,11750000,54,0,4,58,34,20
SUPER_17,11760000,316,24,30,370,156,160
SUPER_17,11770000,44,9,2,55,18,26
SUPER_17,11780000,71,6,8,85,32,39
SUPER_17,11790000,203,13,22,238,100,103
SUPER_17,11800000,275,29,27,331,134,141
SUPER_17,11810000,316,22,34,372,163,153
SUPER_17,11820000,352,26,22,400,176,176
SUPER_17,11830000,52,3,3,58,27,25
SUPER_17,11840000,188,19,10,217,98,90
SUPER_17,11850000,183,23,7,213,87,96
SUPER_17,11860000,136,15,11,162,74,62
SUPER_17,11870000,338,28,34,400,169,169
SUPER_17,11880000,291,33,22,346,145,146
SUPER_17,11890000,110,11,9,130,47,63
SUPER_17,11900000,257,36,22,315,123,134
SUPER_17,11910000,308,34,31,373,125,183
SUPER_17,11920000,438,34,30,502,219,219
SUPER_17,11930000,55,5,3,63,31,24
SUPER_17,11940000,220,26,25,271,116,104
SUPER_17,11950000,175,30,10,215,85,90
SUPER_17,11960000,264,17,29,310,122,142
SUPER_17,11970000,122,6,17,145,61,61
SUPER_17,11980000,97,11,7,115,50,47
SUPER_17,11990000,256,26,23,305,130,126
SUPER_17,12000000,199,18,17,234,103,96
SUPER_17,12010000,363,31,34,428,172,191
SUPER_17,12020000,181,10,12,203,103,78
SUPER_17,12030000,69,8,7,84,30,39
SUPER_17,12040000,370,24,34,428,192,178
SUPER_17,12050000,191,13,8,212,96,95
SUPER_17,12060000,102,9,6,117,48,54
SUPER_17,12070000,160,15,17,192,82,78
SUPER_17,12080000,290,17,30,337,140,150
SUPER_17,12090000,268,27,16,311,124,144
SUPER_17,12100000,133,8,7,148,60,73
SUPER_17,12110000,310,34,25,369,155,155
SUPER_17,12120000,278,22,16,316,143,135
SUPER_17,12130000,370,39,31,440,187,183
SUPER_17,12140000,139,9,14,162,69,70
SUPER_17,12150000,115,9,6,130,63,52
SUPER_17,12160000,224,21,19,264,108,116
SUPER_17,12170000,190,18,16,224,88,102
SUPER_17,12180000,39,1,3,43,18,21
SUPER_17,12190000,246,20,22,288,118,128
SUPER_17,12200000,262,23,23,308,146,116
SUPER_17,12210000,165,17,14,196,95,70
SUPER_17,12220000,210,10,24,244,91,119
SUPER_17,12230000,247,23,23,293,129,118
SUPER_17,12240000,290,27,18,335,148,142
SUPER_17,12250000,240,17,17,274,116,124
SUPER_17,12260000,234,24,24,282,133,101
SUPER_17,12270000,89,10,6,105,46,43
SUPER_17,12280000,80,10,8,98,33,47
SUPER_17,12290000,0,1,3,4,0,0
SUPER_17,12300000,0,3,1,4,0,0
SUPER_17,12310000,1,1,3,5,1,0
SUPER_17,12320000,50,4,9,63,29,21
SUPER_18,10000,18,2,3,23,15,3
SUPER_18,20000,2,1,0,3,2,0
SUPER_18,30000,15,2,0,17,12,3
SUPER_18,40000,15,2,1,18,9,6
SUPER_18,50000,0,3,1,4,0,0
SUPER_18,60000,0,1,0,1,0,0
SUPER_18,70000,172,9,16,197,92,80
SUPER_18,80000,127,16,10,153,77,50
SUPER_18,90000,166,15,11,192,85,81
SUPER_18,100000,129,9,6,144,76,53
SUPER_18,110000,172,11,11,194,101,71
SUPER_18,120000,205,20,15,240,100,105
SUPER_18,130000,157,15,17,189,81,76
SUPER_18,140000,94,6,9,109,49,45
SUPER_18,150000,221,18,23,262,108,113
SUPER_18,160000,164,9,15,188,87,77
SUPER_18,170000,221,14,21,256,113,108
SUPER_18,180000,307,24,19,350,151,156
SUPER_18,190000,238,25,25,288,134,104
SUPER_18,200000,216,16,23,255,111,105
SUPER_18,210000,279,31,18,328,144,135
SUPER_18,220000,11,3,0,14,6,5
SUPER_18,230000,35,7,1,43,18,17
SUPER_18,240000,312,22,33,367,147,165
SUPER_18,250000,242,15,23,280,121,121
SUPER_18,260000,179,16,14,209,96,83
SUPER_18,270000,273,22,22,317,141,132
SUPER_18,280000,262,21,27,310,135,127
SUPER_18,290000,311,24,24,359,157,154
SUPER_18,300000,368,33,36,437,193,175
SUPER_18,310000,224,19,18,261,94,130
SUPER_18,320000,202,17,15,234,103,99
SUPER_18,330000,229,24,17,270,110,119
SUPER_18,340000,256,20,15,291,144,112
SUPER_18,350000,229,15,22,266,113,116
SUPER_18,360000,173,10,12,195,90,83
SUPER_18,370000,72,4,1,77,48,24
SUPER_18,380000,19,4,1,24,12,7
SUPER_18,390000,285,20,36,341,150,135
SUPER_18,400000,187,19,11,217,105,82
SUPER_18,410000,106,7,13,126,44,62
SUPER_18,420000,63,7,8,78,34,29
SUPER_18,430000,195,18,19,232,100,95
SUPER_18,440000,261,32,19,312,127,134
SUPER_18,450000,252,31,25,308,130,122
SUPER_18,460000,288,28,20,336,134,154
SUPER_18,470000,261,23,23,307,137,124
SUPER_18,480000,296,33,22,351,169,127
SUPER_18,490000,31,1,3,35,15,16
SUPER_18,500000,281,24,31,336,159,122
SUPER_18,510000,266,13,28,307,103,163
SUPER_18,520000,222,25,23,270,114,108
SUPER_18,530000,355,23,31,409,161,194
SUPER_18,540000,258,18,24,300,121,137
SUPER_18,550000,212,21,14,247,98,114
SUPER_18,560000,254,32,26,312,130,124
SUPER_18,570000,239,25,16,280,116,123
SUPER_18,580000,259,18,31,308,118,141
SUPER_18,590000,316,31,31,378,158,158
SUPER_18,600000,275,11,18,304,132,143
SUPER_18,610000,370,36,44,450,173,197
SUPER_18,620000,315,41,10,366,167,148
SUPER_18,630000,225,25,14,264,111,114
SUPER_18,640000,96,8,6,110,46,50
SUPER_18,650000,300,16,30,346,149,151
SUPER_18,660000,398,22,32,452,206,192
SUPER_18,670000,140,9,5,154,70,70
SUPER_18,680000,281,26,24,331,138,143
SUPER_18,690000,287,25,25,337,136,151
SUPER_18,700000,220,21,26,267,109,111
SUPER_18,710000,349,28,30,407,155,194
SUPER_18,720000,317,36,31,384,160,157
SUPER_18,730000,298,38,24,360,145,153
SUPER_18,740000,183,19,10,212,88,95
SUPER_18,750000,371,32,27,430,188,183
SUPER_18,760000,302,22,39,363,153,149
SUPER_18,770000,354,32,37,423,174,180
SUPER_18,780000,405,35,41,481,182,223
SUPER_18,790000,270,28,22,320,139,131
SUPER_18,800000,294,28,23,345,142,152
SUPER_18,810000,216,14,23,253,109,107
SUPER_18,820000,356,31,36,423,174,182
SUPER_18,830000,227,17,20,264,111,116
SUPER_18,840000,124,11,12,147,65,59
SUPER_18,850000,252,10,24,286,119,133
SUPER_18,860000,217,18,14,249,99,118
SUPER_18,870000,272,27,21,320,156,116
SUPER_18,880000,205,23,17,245,94,111
SUPER_18,890000,278,23,30,331,148,130
SUPER_18,900000,247,26,21,294,138,109
SUPER_18,910000,315,37,28,380,145,170
SUPER_18,920000,304,37,23,364,151,153
SUPER_18,930000,253,30,23,306,126,127
SUPER_18,940000,349,34,35,418,183,166
SUPER_18,950000,309,18,27,354,151,158
SUPER_18,960000,157,16,17,190,71,86
SUPER_18,970000,101,9,5,115,50,51
SUPER_18,980000,135,4,8,147,71,64
SUPER_18,990000,121,22,12,155,64,57
SUPER_18,1000000,248,19,34,301,102,146
SUPER_18,1010000,171,13,15,199,78,93
SUPER_18,1020000,75,6,10,91,34,41
SUPER_18,1030000,173,23,9,205,93,80
SUPER_18,1040000,246,29,22,297,137,109
SUPER_18,1050000,312,33,23,368,139,173
SUPER_18,1060000,360,41,34,435,184,176
SUPER_18,1070000,353,21,36,410,159,194
SUPER_18,1080000,0,0,0,0,0,0
SUPER_18,1090000,0,0,0,0,0,0
SUPER_18,1100000,425,42,51,518,202,223
SUPER_18,1110000,300,25,29,354,161,139
SUPER_18,1120000,260,17,24,301,125,135
SUPER_18,1130000,343,48,23,414,179,164
SUPER_18,1140000,251,21,20,292,124,127
SUPER_18,1150000,281,18,26,325,140,141
SUPER_18,1160000,348,34,36,418,154,194
SUPER_18,1170000,164,26,18,208,89,75
SUPER_18,1180000,240,17,17,274,120,120
SUPER_18,1190000,269,30,26,325,137,132
SUPER_18,1200000,269,29,22,320,138,131
SUPER_18,1210000,290,23,20,333,135,155
SUPER_18,1220000,381,35,41,457,179,202
SUPER_18,1230000,317,44,21,382,171,146
SUPER_18,1240000,385,28,36,449,215,170
SUPER_18,1250000,306,28,29,363,149,157
SUPER_18,1260000,291,31,32,354,133,158
SUPER_18,1270000,344,29,36,409,173,171
SUPER_18,1280000,383,48,29,460,185,198
SUPER_18,1290000,89,12,2,103,48,41
SUPER_18,1300000,368,37,36,441,172,196
SUPER_18,1310000,165,17,8,190,75,90
SUPER_18,1320000,2,0,0,2,1,1
SUPER_18,1330000,302,31,23,356,152,150
SUPER_18,1340000,326,29,25,380,158,168
SUPER_18,1350000,342,36,42,420,150,192
SUPER_18,1360000,368,29,22,419,176,192
SUPER_18,1370000,487,37,41,565,234,253
SUPER_18,1380000,40,3,1,44,20,20
SUPER_18,1390000,269,29,18,316,124,145
SUPER_18,1400000,168,20,16,204,92,76
SUPER_18,1410000,346,26,28,400,182,164
SUPER_18,1420000,192,19,17,228,88,104
SUPER_18,1430000,373,35,23,431,206,167
SUPER_18,1440000,374,38,29,441,179,195
SUPER_18,1450000,247,25,29,301,112,135
SUPER_18,1460000,38,3,6,47,23,15
SUPER_18,1470000,280,29,18,327,141,139
SUPER_18,1480000,332,28,31,391,159,173
SUPER_18,1490000,316,35,25,376,152,164
SUPER_18,1500000,291,21,25,337,136,155
SUPER_18,1510000,283,26,29,338,138,145
SUPER_18,1520000,381,46,32,459,179,202
SUPER_18,1530000,203,17,10,230,109,94
SUPER_18,1540000,303,28,27,358,174,129
SUPER_18,1550000,0,0,0,0,0,0
SUPER_18,1560000,0,0,0,0,0,0
SUPER_18,1570000,392,30,34,456,169,223
SUPER_18,1580000,369,39,27,435,191,178
SUPER_18,1590000,1,1,1,3,0,1
SUPER_18,1600000,140,10,17,167,65,75
SUPER_18,1610000,330,41,30,401,157,173
SUPER_18,1620000,279,27,26,332,145,134
SUPER_18,1630000,304,24,32,360,139,165
SUPER_18,1640000,240,26,23,289,106,134
SUPER_18,1650000,178,28,23,229,82,96
SUPER_18,1660000,236,24,17,277,115,121
SUPER_18,1670000,218,24,23,265,129,89
SUPER_18,1680000,223,21,20,264,110,113
SUPER_18,1690000,288,28,26,342,150,138
SUPER_18,1700000,262,32,35,329,139,123
SUPER_18,1710000,87,5,8,100,45,42
SUPER_18,1720000,244,30,22,296,105,139
SUPER_18,1730000,255,25,19,299,121,134
SUPER_18,1740000,280,22,23,325,140,140
SUPER_18,1750000,162,12,10,184,82,80
SUPER_18,1760000,259,37,25,321,127,132
SUPER_18,1770000,146,18,18,182,68,78
SUPER_18,1780000,213,26,16,255,94,119
SUPER_18,1790000,205,17,23,245,109,96
SUPER_18,1800000,32,2,2,36,12,20
SUPER_18,1810000,153,11,15,179,82,71
SUPER_18,1820000,200,8,19,227,99,101
SUPER_18,1830000,286,22,34,342,132,154
SUPER_18,1840000,307,34,18,359,133,174
SUPER_18,1850000,288,33,33,354,138,150
SUPER_18,1860000,347,44,30,421,156,191
SUPER_18,1870000,313,30,34,377,141,172
SUPER_18,1880000,0,0,0,0,0,0
SUPER_18,1890000,0,0,0,0,0,0
SUPER_18,1900000,53,7,11,71,25,28
SUPER_18,1910000,127,9,9,145,67,60
SUPER_18,1920000,233,21,20,274,124,109
SUPER_18,1930000,50,2,3,55,26,24
SUPER_18,1940000,300,33,32,365,131,169
SUPER_18,1950000,238,19,22,279,114,124
SUPER_18,1960000,281,21,26,328,146,135
SUPER_18,1970000,369,31,25,425,177,192
SUPER_18,1980000,346,26,27,399,176,170
SUPER_18,1990000,264,22,27,313,132,132
SUPER_18,2000000,468,49,59,576,231,237
SUPER_18,2010000,309,32,27,368,142,167
SUPER_18,2020000,374,32,24,430,176,198
SUPER_18,2030000,229,20,24,273,120,109
SUPER_18,2040000,312,36,36,384,149,163
SUPER_18,2050000,403,58,27,488,186,217
SUPER_18,2060000,229,26,29,284,119,110
SUPER_18,2070000,305,29,35,369,142,163
SUPER_18,2080000,355,44,35,434,166,189
SUPER_18,2090000,397,36,32,465,197,200
SUPER_18,2100000,198,21,21,240,99,99
SUPER_18,2110000,129,20,7,156,53,76
SUPER_18,2120000,102,4,8,114,46,56
SUPER_18,2130000,0,0,0,0,0,0
SUPER_18,2140000,0,0,0,0,0,0
SUPER_18,2150000,0,0,0,0,0,0
SUPER_18,2160000,86,5,7,98,39,47
SUPER_18,2170000,0,0,0,0,0,0
SUPER_18,2180000,0,0,0,0,0,0
SUPER_18,2190000,275,28,29,332,126,149
SUPER_18,2200000,334,25,39,398,162,172
SUPER_18,2210000,181,17,12,210,94,87
SUPER_18,2220000,288,23,30,341,151,137
SUPER_18,2230000,0,0,0,0,0,0
SUPER_18,2240000,0,0,0,0,0,0
SUPER_18,2250000,185,17,15,217,98,87
SUPER_18,2260000,407,27,25,459,211,196
SUPER_18,2270000,231,19,17,267,116,115
SUPER_18,2280000,353,30,21,404,181,172
SUPER_18,2290000,293,26,29,348,146,147
SUPER_18,2300000,330,23,22,375,174,156
SUPER_18,2310000,327,26,22,375,162,165
SUPER_18,2320000,232,20,19,271,118,114
SUPER_18,2330000,154,17,10,181,84,70
SUPER_18,2340000,7,1,2,10,3,4
SUPER_18,2350000,68,7,7,82,36,32
SUPER_18,2360000,193,22,23,238,93,100
SUPER_18,2370000,169,11,11,191,96,73
SUPER_18,2380000,332,27,34,393,165,167
SUPER_18,2390000,217,23,22,262,102,115
SUPER_18,2400000,245,27,23,295,117,128
SUPER_18,2410000,327,27,28,382,181,146
SUPER_18,2420000,237,24,18,279,98,139
SUPER_18,2430000,278,24,28,330,141,137
SUPER_18,2440000,439,33,39,511,218,221
SUPER_18,2450000,313,19,32,364,156,157
SUPER_18,2460000,440,33,43,516,223,217
SUPER_18,2470000,323,23,27,373,168,155
SUPER_18,2480000,217,13,21,251,120,97
SUPER_18,2490000,345,21,30,396,160,185
SUPER_18,2500000,105,14,9,128,57,48
SUPER_18,2510000,200,24,9,233,88,112
SUPER_18,2520000,224,18,21,263,117,107
SUPER_18,2530000,0,0,0,0,0,0
SUPER_18,2540000,0,0,0,0,0,0
SUPER_18,2550000,555,46,39,640,277,278
SUPER_18,2560000,148,21,4,173,70,78
SUPER_18,2570000,111,15,18,144,59,52
SUPER_18,2580000,255,28,23,306,128,127
SUPER_18,2590000,159,15,8,182,80,79
SUPER_18,2600000,263,16,25,304,129,134
SUPER_18,2610000,277,20,23,320,132,145
SUPER_18,2620000,358,28,42,428,166,192
SUPER_18,2630000,255,26,17,298,135,120
SUPER_18,2640000,303,29,22,354,150,153
SUPER_18,2650000,312,34,28,374,150,162
SUPER_18,2660000,187,17,20,224,80,107
SUPER_18,2670000,258,27,17,302,121,137
SUPER_18,2680000,294,33,36,363,139,155
SUPER_18,2690000,364,31,26,421,186,178
SUPER_18,2700000,413,42,32,487,216,197
SUPER_18,2710000,382,34,35,451,195,187
SUPER_18,2720000,302,33,29,364,151,151
SUPER_18,2730000,35,1,5,41,15,20
SUPER_18,2740000,183,24,12,219,93,90
SUPER_18,2750000,421,37,50,508,204,217
SUPER_18,2760000,321,36,30,387,135,186
SUPER_18,2770000,127,3,13,143,58,69
SUPER_18,2780000,316,27,40,383,126,190
SUPER_18,2790000,199,14,18,231,99,100
SUPER_18,2800000,236,17,16,269,116,120
SUPER_18,2810000,334,27,28,389,157,177
SUPER_18,2820000,292,22,33,347,148,144
SUPER_18,2830000,398,46,39,483,176,222
SUPER_18,2840000,354,36,24,414,179,175
SUPER_18,2850000,370,41,36,447,182,188
SUPER_18,2860000,392,40,32,464,187,205
SUPER_18,2870000,363,30,39,432,163,200
SUPER_18,2880000,376,35,25,436,196,180
SUPER_18,2890000,368,46,27,441,170,198
SUPER_18,2900000,393,27,35,455,209,184
SUPER_18,2910000,362,42,37,441,158,204
SUPER_18,2920000,200,13,15,228,101,99
SUPER_18,2930000,298,21,24,343,145,153
SUPER_18,2940000,274,28,27,329,133,141
SUPER_18,2950000,380,26,33,439,194,186
SUPER_18,2960000,322,34,37,393,155,167
SUPER_18,2970000,370,38,43,451,169,201
SUPER_18,2980000,247,21,24,292,121,126
SUPER_18,2990000,348,30,24,402,160,188
SUPER_18,3000000,270,20,25,315,129,141
SUPER_18,3010000,215,27,22,264,112,103
SUPER_18,3020000,397,32,44,473,193,204
SUPER_18,3030000,316,36,25,377,136,180
SUPER_18,3040000,223,26,22,271,119,104
SUPER_18,3050000,136,7,9,152,64,72
SUPER_18,3060000,246,23,27,296,115,131
SUPER_18,3070000,157,15,12,184,94,63
SUPER_18,3080000,203,14,30,247,114,89
SUPER_18,3090000,307,22,39,368,147,160
SUPER_18,3100000,217,20,14,251,99,118
SUPER_18,3110000,328,20,35,383,195,133
SUPER_18,3120000,388,32,39,459,168,220
SUPER_18,3130000,365,48,37,450,166,199
SUPER_18,3140000,364,32,42,438,173,191
SUPER_18,3150000,352,35,35,422,175,177
SUPER_18,3160000,132,17,13,162,53,79
SUPER_18,3170000,261,27,25,313,118,143
SUPER_18,3180000,234,20,24,278,99,135
SUPER_18,3190000,358,38,56,452,156,202
SUPER_18,3200000,237,17,24,278,111,126
SUPER_18,3210000,246,20,28,294,119,127
SUPER_18,3220000,291,19,29,339,136,155
SUPER_18,3230000,283,33,25,341,138,145
SUPER_18,3240000,323,48,34,405,145,178
SUPER_18,3250000,163,23,16,202,77,86
SUPER_18,3260000,214,23,28,265,106,108
SUPER_18,3270000,203,29,15,247,87,116
SUPER_18,3280000,230,26,26,282,113,117
SUPER_18,3290000,170,14,19,203,82,88
SUPER_18,3300000,344,34,37,415,170,174
SUPER_18,3310000,238,28,18,284,114,124
SUPER_18,3320000,326,38,29,393,163,163
SUPER_18,3330000,208,27,16,251,109,99
SUPER_18,3340000,105,12,11,128,50,55
SUPER_18,3350000,256,26,28,310,127,129
SUPER_18,3360000,128,13,7,148,65,63
SUPER_18,3370000,275,26,15,316,134,141
SUPER_18,3380000,112,10,7,129,58,54
SUPER_18,3390000,154,17,16,187,90,64
SUPER_18,3400000,118,6,11,135,76,42
SUPER_18,3410000,190,11,14,215,99,91
SUPER_18,3420000,250,25,31,306,128,122
SUPER_18,3430000,196,21,21,238,97,99
SUPER_18,3440000,166,17,12,195,82,84
SUPER_18,3450000,197,15,14,226,77,120
SUPER_18,3460000,124,17,11,152,56,68
SUPER_18,3470000,189,15,15,219,106,83
SUPER_18,3480000,148,16,14,178,75,73
SUPER_18,3490000,195,19,22,236,93,102
SUPER_18,3500000,170,22,23,215,79,91
SUPER_18,3510000,203,15,28,246,107,96
SUPER_18,3520000,162,18,19,199,75,87
SUPER_18,3530000,129,18,14,161,61,68
SUPER_18,3540000,130,15,19,164,65,65
SUPER_18,3550000,175,12,21,208,81,94
SUPER_18,3560000,201,25,13,239,92,109
SUPER_18,3570000,206,27,20,253,91,115
SUPER_18,3580000,160,11,12,183,77,83
SUPER_18,3590000,187,14,18,219,85,102
SUPER_18,3600000,281,33,36,350,121,160
SUPER_18,3610000,313,31,31,375,147,166
SUPER_18,3620000,117,12,6,135,52,65
SUPER_18,3630000,166,17,16,199,83,83
SUPER_18,3640000,120,10,14,144,57,63
SUPER_18,3650000,0,0,0,0,0,0
SUPER_18,3660000,0,0,0,0,0,0
SUPER_18,3670000,309,31,24,364,136,173
SUPER_18,3680000,197,25,17,239,86,111
SUPER_18,3690000,73,6,7,86,33,40
SUPER_18,3700000,0,0,0,0,0,0
SUPER_18,3710000,0,0,0,0,0,0
SUPER_18,3720000,192,15,31,238,108,84
SUPER_18,3730000,216,23,34,273,93,123
SUPER_18,3740000,274,23,14,311,145,129
SUPER_18,3750000,200,24,20,244,101,99
SUPER_18,3760000,103,10,7,120,67,36
SUPER_18,3770000,160,14,16,190,80,80
SUPER_18,3780000,277,32,32,341,134,143
SUPER_18,3790000,316,23,42,381,153,163
SUPER_18,3800000,341,32,27,400,157,184
SUPER_18,3810000,254,23,19,296,122,132
SUPER_18,3820000,201,16,13,230,111,90
SUPER_18,3830000,197,22,23,242,98,99
SUPER_18,3840000,177,20,7,204,94,83
SUPER_18,3850000,333,28,25,386,171,162
SUPER_18,3860000,324,23,34,381,170,154
SUPER_18,3870000,239,20,24,283,131,108
SUPER_18,3880000,340,29,25,394,182,158
SUPER_18,3890000,287,30,29,346,142,145
SUPER_18,3900000,262,19,21,302,120,142
SUPER_18,3910000,220,20,22,262,115,105
SUPER_18,3920000,154,11,10,175,82,72
SUPER_18,3930000,314,27,32,373,177,137
SUPER_18,3940000,218,25,15,258,100,118
SUPER_18,3950000,188,25,9,222,97,91
SUPER_18,3960000,337,30,26,393,171,166
SUPER_18,3970000,220,20,22,262,113,107
SUPER_18,3980000,243,23,26,292,107,136
SUPER_18,3990000,220,24,19,263,104,116
SUPER_18,4000000,158,18,11,187,81,77
SUPER_18,4010000,202,20,19,241,94,108
SUPER_18,4020000,129,13,10,152,56,73
SUPER_18,4030000,158,18,12,188,81,77
SUPER_18,4040000,291,34,27,352,143,148
SUPER_18,4050000,327,38,37,402,176,151
SUPER_18,4060000,280,34,26,340,142,138
SUPER_18,4070000,292,32,31,355,129,163
SUPER_18,4080000,166,22,9,197,83,83
SUPER_18,4090000,141,17,14,172,76,65
SUPER_18,4100000,251,21,28,300,116,135
SUPER_18,4110000,234,25,25,284,124,110
SUPER_18,4120000,397,36,32,465,203,194
SUPER_18,4130000,316,33,26,375,133,183
SUPER_18,4140000,8,0,2,10,3,5
SUPER_18,4150000,215,19,14,248,119,96
SUPER_18,4160000,244,19,25,288,120,124
SUPER_18,4170000,288,32,16,336,139,149
SUPER_18,4180000,214,27,17,258,99,115
SUPER_18,4190000,276,24,27,327,142,134
SUPER_18,4200000,397,29,45,471,190,207
SUPER_18,4210000,336,27,27,390,177,159
SUPER_18,4220000,327,31,20,378,164,163
SUPER_18,4230000,147,19,11,177,91,56
SUPER_18,4240000,216,12,22,250,111,105
SUPER_18,4250000,358,41,30,429,171,187
SUPER_18,4260000,287,33,25,345,144,143
SUPER_18,4270000,146,15,18,179,84,62
SUPER_18,4280000,291,28,26,345,132,159
SUPER_18,4290000,58,17,2,77,33,25
SUPER_18,4300000,169,20,17,206,70,99
SUPER_18,4310000,169,16,16,201,74,95
SUPER_18,4320000,216,25,24,265,108,108
SUPER_18,4330000,231,16,23,270,110,121
SUPER_18,4340000,242,29,26,297,126,116
SUPER_18,4350000,138,12,15,165,62,76
SUPER_18,4360000,141,13,12,166,67,74
SUPER_18,4370000,132,16,16,164,67,65
SUPER_18,4380000,284,26,30,340,143,141
SUPER_18,4390000,259,19,23,301,129,130
SUPER_18,4400000,274,27,31,332,125,149
SUPER_18,4410000,280,24,27,331,141,139
SUPER_18,4420000,236,25,25,286,127,109
SUPER_18,4430000,334,29,26,389,158,176
SUPER_18,4440000,272,36,23,331,115,157
SUPER_18,4450000,165,13,15,193,79,86
SUPER_18,4460000,273,25,22,320,118,155
SUPER_18,4470000,306,36,27,369,150,156
SUPER_18,4480000,281,33,29,343,142,139
SUPER_18,4490000,280,33,25,338,122,158
SUPER_18,4500000,149,12,17,178,88,61
SUPER_18,4510000,265,28,26,319,127,138
SUPER_18,4520000,347,55,41,443,176,171
SUPER_18,4530000,0,0,0,0,0,0
SUPER_18,4540000,0,0,0,0,0,0
SUPER_18,4550000,302,25,27,354,162,140
SUPER_18,4560000,120,10,13,143,54,66
SUPER_18,4570000,235,22,17,274,123,112
SUPER_18,4580000,242,21,34,297,128,114
SUPER_18,4590000,230,22,19,271,121,109
SUPER_18,4600000,296,16,20,332,152,144
SUPER_18,4610000,348,36,48,432,178,170
SUPER_18,4620000,322,32,39,393,174,148
SUPER_18,4630000,229,17,16,262,100,129
SUPER_18,4640000,369,30,34,433,178,191
SUPER_18,4650000,216,22,18,256,103,113
SUPER_18,4660000,189,18,14,221,89,100
SUPER_18,4670000,248,19,22,289,124,124
SUPER_18,4680000,203,17,27,247,99,104
SUPER_18,4690000,316,30,26,372,157,159
SUPER_18,4700000,189,19,13,221,91,98
SUPER_18,4710000,250,27,24,301,106,144
SUPER_18,4720000,280,25,38,343,152,128
SUPER_18,4730000,305,26,31,362,164,141
SUPER_18,4740000,312,24,26,362,173,139
SUPER_18,4750000,327,32,27,386,176,151
SUPER_18,4760000,203,14,25,242,103,100
SUPER_18,4770000,232,24,15,271,116,116
SUPER_18,4780000,201,22,19,242,103,98
SUPER_18,4790000,170,13,7,190,89,81
SUPER_18,4800000,210,13,20,243,109,101
SUPER_18,4810000,223,20,13,256,106,117
SUPER_18,4820000,244,26,23,293,116,128
SUPER_18,4830000,299,26,43,368,155,144
SUPER_18,4840000,269,21,39,329,126,143
SUPER_18,4850000,226,24,23,273,119,107
SUPER_18,4860000,169,16,13,198,89,80
SUPER_18,4870000,181,14,20,215,82,99
SUPER_18,4880000,243,29,21,293,123,120
SUPER_18,4890000,200,17,17,234,114,86
SUPER_18,4900000,207,21,23,251,94,113
SUPER_18,4910000,272,31,29,332,130,142
SUPER_18,4920000,322,38,31,391,138,184
SUPER_18,4930000,278,26,19,323,133,145
SUPER_18,4940000,242,14,13,269,132,110
SUPER_18,4950000,292,19,23,334,150,142
SUPER_18,4960000,223,15,12,250,131,92
SUPER_18,4970000,191,13,18,222,102,89
SUPER_18,4980000,303,34,34,371,152,151
SUPER_18,4990000,160,20,16,196,73,87
SUPER_18,5000000,157,18,12,187,78,79
SUPER_18,5010000,157,16,17,190,83,74
SUPER_18,5020000,210,19,13,242,102,108
SUPER_18,5030000,218,28,19,265,92,126
SUPER_18,5040000,352,26,36,414,163,189
SUPER_18,5050000,130,10,8,148,69,61
SUPER_18,5060000,335,22,20,377,168,167
SUPER_18,5070000,196,19,18,233,109,87
SUPER_18,5080000,254,28,23,305,112,142
SUPER_18,5090000,246,22,20,288,131,115
SUPER_18,5100000,70,7,7,84,42,28
SUPER_18,5110000,66,7,5,78,25,41
SUPER_18,5120000,223,32,21,276,106,117
SUPER_18,5130000,236,17,17,270,113,123
SUPER_18,5140000,266,28,18,312,142,124
SUPER_18,5150000,371,38,41,450,199,172
SUPER_18,5160000,281,18,18,317,143,138
SUPER_18,5170000,204,18,15,237,99,105
SUPER_18,5180000,213,18,23,254,104,109
SUPER_18,5190000,214,21,17,252,110,104
SUPER_18,5200000,70,13,6,89,24,46
SUPER_18,5210000,266,32,32,330,129,137
SUPER_18,5220000,176,8,19,203,81,95
SUPER_18,5230000,230,21,19,270,111,119
SUPER_18,5240000,157,14,13,184,76,81
SUPER_18,5250000,176,20,12,208,89,87
SUPER_18,5260000,243,21,27,291,111,132
SUPER_18,5270000,46,5,3,54,22,24
SUPER_18,5280000,196,24,20,240,90,106
SUPER_18,5290000,171,15,12,198,94,77
SUPER_18,5300000,381,31,32,444,195,186
SUPER_18,5310000,147,15,23,185,71,76
SUPER_18,5320000,241,26,17,284,117,124
SUPER_18,5330000,259,26,18,303,116,143
SUPER_18,5340000,318,29,20,367,144,174
SUPER_18,5350000,216,21,20,257,105,111
SUPER_18,5360000,117,23,15,155,56,61
SUPER_18,5370000,281,34,26,341,132,149
SUPER_18,5380000,267,32,31,330,128,139
SUPER_18,5390000,80,8,8,96,38,42
SUPER_18,5400000,115,10,6,131,59,56
SUPER_18,5410000,145,17,12,174,71,74
SUPER_18,5420000,203,15,29,247,96,107
SUPER_18,5430000,229,31,25,285,116,113
SUPER_18,5440000,255,28,23,306,110,145
SUPER_18,5450000,197,20,8,225,84,113
SUPER_18,5460000,208,13,27,248,100,108
SUPER_18,5470000,213,17,14,244,110,103
SUPER_18,5480000,88,13,11,112,43,45
SUPER_18,5490000,268,15,24,307,136,132
SUPER_18,5500000,176,19,30,225,98,78
SUPER_18,5510000,139,14,6,159,67,72
SUPER_18,5520000,259,33,20,312,120,139
SUPER_18,5530000,275,26,26,327,147,128
SUPER_18,5540000,320,28,25,373,160,160
SUPER_18,5550000,218,19,23,260,103,115
SUPER_18,5560000,84,8,4,96,42,42
SUPER_18,5570000,200,24,22,246,90,110
SUPER_18,5580000,109,8,10,127,51,58
SUPER_18,5590000,45,5,8,58,24,21
SUPER_18,5600000,166,13,12,191,87,79
SUPER_18,5610000,182,25,19,226,76,106
SUPER_18,5620000,180,18,16,214,102,78
SUPER_18,5630000,284,14,25,323,150,134
SUPER_18,5640000,185,15,16,216,85,100
SUPER_18,5650000,208,22,18,248,103,105
SUPER_18,5660000,225,17,15,257,117,108
SUPER_18,5670000,204,15,20,239,98,106
SUPER_18,5680000,240,20,36,296,119,121
SUPER_18,5690000,212,15,20,247,100,112
SUPER_18,5700000,317,32,26,375,128,189
SUPER_18,5710000,300,28,35,363,158,142
SUPER_18,5720000,190,14,15,219,91,99
SUPER_18,5730000,83,2,1,86,38,45
SUPER_18,5740000,257,38,29,324,124,133
SUPER_18,5750000,222,21,24,267,105,117
SUPER_18,5760000,232,17,20,269,120,112
SUPER_18,5770000,194,21,16,231,93,101
SUPER_18,5780000,277,24,20,321,138,139
SUPER_18,5790000,95,7,4,106,55,40
SUPER_18,5800000,165,21,12,198,82,83
SUPER_18,5810000,195,18,13,226,105,90
SUPER_18,5820000,237,26,30,293,113,124
SUPER_18,5830000,106,10,6,122,48,58
SUPER_18,5840000,353,57,33,443,154,199
SUPER_18,5850000,62,5,7,74,24,38
SUPER_18,5860000,394,41,38,473,202,192
SUPER_18,5870000,286,38,23,347,147,139
SUPER_18,5880000,296,28,15,339,159,137
SUPER_18,5890000,326,28,40,394,152,174
SUPER_18,5900000,101,6,13,120,50,51
SUPER_18,5910000,0,0,1,1,0,0
SUPER_18,5920000,184,17,15,216,99,85
SUPER_18,5930000,177,18,21,216,91,86
SUPER_18,5940000,233,18,24,275,125,108
SUPER_18,5950000,302,31,33,366,152,150
SUPER_18,5960000,97,4,9,110,55,42
SUPER_18,5970000,232,24,21,277,110,122
SUPER_18,5980000,204,29,16,249,98,106
SUPER_18,5990000,290,29,23,342,158,132
SUPER_18,6000000,250,23,8,281,129,121
SUPER_18,6010000,167,26,14,207,92,75
SUPER_18,6020000,151,19,17,187,82,69
SUPER_18,6030000,215,20,18,253,105,110
SUPER_18,6040000,333,28,21,382,164,169
SUPER_18,6050000,342,38,40,420,174,168
SUPER_18,6060000,291,33,22,346,146,145
SUPER_18,6070000,117,17,8,142,59,58
SUPER_18,6080000,214,15,18,247,115,99
SUPER_18,6090000,380,34,33,447,198,182
SUPER_18,6100000,349,29,29,407,163,186
SUPER_18,6110000,11,0,0,11,6,5
SUPER_18,6120000,179,23,11,213,93,86
SUPER_18,6130000,103,18,11,132,49,54
SUPER_18,6140000,280,26,17,323,133,147
SUPER_18,6150000,199,21,21,241,121,78
SUPER_18,6160000,157,13,5,175,89,68
SUPER_18,6170000,47,7,3,57,19,28
SUPER_18,6180000,72,2,4,78,46,26
SUPER_18,6190000,166,15,11,192,72,94
SUPER_18,6200000,94,8,9,111,39,55
SUPER_18,6210000,31,2,1,34,19,12
SUPER_18,6220000,0,0,0,0,0,0
SUPER_18,6230000,0,0,0,0,0,0
SUPER_18,6240000,110,14,7,131,55,55
SUPER_18,6250000,278,24,22,324,121,157
SUPER_18,6260000,202,17,21,240,91,111
SUPER_18,6270000,348,43,32,423,171,177
SUPER_18,6280000,319,30,24,373,161,158
SUPER_18,6290000,163,16,27,206,89,74
SUPER_18,6300000,118,12,11,141,57,61
SUPER_18,6310000,113,10,15,138,56,57
SUPER_18,6320000,446,39,44,529,211,235
SUPER_18,6330000,335,30,40,405,156,179
SUPER_18,6340000,253,26,19,298,119,134
SUPER_18,6350000,234,21,20,275,112,122
SUPER_18,6360000,221,23,15,259,120,101
SUPER_18,6370000,416,45,48,509,188,228
SUPER_18,6380000,341,30,30,401,165,176
SUPER_18,6390000,390,26,49,465,171,219
SUPER_18,6400000,425,37,49,511,209,216
SUPER_18,6410000,287,34,33,354,132,155
SUPER_18,6420000,288,34,25,347,157,131
SUPER_18,6430000,312,25,28,365,150,162
SUPER_18,6440000,329,20,33,382,162,167
SUPER_18,6450000,236,30,22,288,125,111
SUPER_18,6460000,293,25,23,341,134,159
SUPER_18,6470000,292,26,37,355,141,151
SUPER_18,6480000,441,55,45,541,197,244
SUPER_18,6490000,288,22,38,348,135,153
SUPER_18,6500000,51,7,4,62,26,25
SUPER_18,6510000,264,27,28,319,132,132
SUPER_18,6520000,337,28,28,393,175,162
SUPER_18,6530000,351,19,27,397,159,192
SUPER_18,6540000,318,25,36,379,142,176
SUPER_18,6550000,305,34,25,364,149,156
SUPER_18,6560000,312,20,33,365,144,168
SUPER_18,6570000,229,26,21,276,116,113
SUPER_18,6580000,274,27,25,326,125,149
SUPER_18,6590000,303,34,34,371,120,183
SUPER_18,6600000,247,30,19,296,121,126
SUPER_18,6610000,160,16,21,197,81,79
SUPER_18,6620000,259,32,24,315,124,135
SUPER_18,6630000,175,15,15,205,89,86
SUPER_18,6640000,277,30,24,331,145,132
SUPER_18,6650000,231,37,27,295,105,126
SUPER_18,6660000,312,31,42,385,144,168
SUPER_18,6670000,240,18,17,275,122,118
SUPER_18,6680000,179,12,15,206,110,69
SUPER_18,6690000,226,16,29,271,100,126
SUPER_18,6700000,196,24,20,240,103,93
SUPER_18,6710000,394,39,32,465,177,217
SUPER_18,6720000,334,27,27,388,160,174
SUPER_18,6730000,300,26,25,351,155,145
SUPER_18,6740000,160,16,10,186,67,93
SUPER_18,6750000,274,18,18,310,137,137
SUPER_18,6760000,280,30,17,327,162,118
SUPER_18,6770000,272,29,27,328,149,123
SUPER_18,6780000,323,33,35,391,143,180
SUPER_18,6790000,217,28,25,270,95,122
SUPER_18,6800000,92,11,13,116,45,47
SUPER_18,6810000,328,27,30,385,173,155
SUPER_18,6820000,371,50,46,467,163,208
SUPER_18,6830000,296,20,26,342,137,159
SUPER_18,6840000,328,33,27,388,174,154
SUPER_18,6850000,218,17,21,256,111,107
SUPER_18,6860000,251,28,23,302,124,127
SUPER_18,6870000,285,15,25,325,153,132
SUPER_18,6880000,0,0,0,0,0,0
SUPER_18,6890000,0,0,0,0,0,0
SUPER_18,6900000,263,27,35,325,137,126
SUPER_18,6910000,242,23,23,288,126,116
SUPER_18,6920000,300,34,26,360,151,149
SUPER_18,6930000,307,27,35,369,160,147
SUPER_18,6940000,211,18,20,249,111,100
SUPER_18,6950000,223,27,21,271,116,107
SUPER_18,6960000,343,45,31,419,161,182
SUPER_18,6970000,181,19,15,215,89,92
SUPER_18,6980000,285,43,27,355,138,147
SUPER_18,6990000,236,21,16,273,124,112
SUPER_18,7000000,136,12,13,161,69,67
SUPER_18,7010000,144,15,15,174,79,65
SUPER_18,7020000,75,6,12,93,38,37
SUPER_18,7030000,379,25,45,449,189,190
SUPER_18,7040000,385,51,34,470,198,187
SUPER_18,7050000,224,20,23,267,100,124
SUPER_18,7060000,292,29,26,347,129,163
SUPER_18,7070000,348,34,33,415,190,158
SUPER_18,7080000,180,21,15,216,81,99
SUPER_18,7090000,268,19,21,308,141,127
SUPER_18,7100000,220,21,23,264,106,114
SUPER_18,7110000,287,28,32,347,127,160
SUPER_18,7120000,266,26,16,308,140,126
SUPER_18,7130000,246,34,35,315,117,129
SUPER_18,7140000,94,9,10,113,49,45
SUPER_18,7150000,221,23,22,266,105,116
SUPER_18,7160000,131,19,8,158,61,70
SUPER_18,7170000,161,18,13,192,92,69
SUPER_18,7180000,385,44,36,465,175,210
SUPER_18,7190000,182,18,26,226,80,102
SUPER_18,7200000,305,24,24,353,149,156
SUPER_18,7210000,232,21,19,272,114,118
SUPER_18,7220000,230,28,29,287,113,117
SUPER_18,7230000,157,19,11,187,79,78
SUPER_18,7240000,348,27,32,407,159,189
SUPER_18,7250000,286,27,25,338,140,146
SUPER_18,7260000,202,18,23,243,105,97
SUPER_18,7270000,242,30,25,297,112,130
SUPER_18,7280000,253,22,31,306,121,132
SUPER_18,7290000,294,30,33,357,146,148
SUPER_18,7300000,205,21,24,250,89,116
SUPER_18,7310000,133,9,7,149,64,69
SUPER_18,7320000,169,19,12,200,78,91
SUPER_18,7330000,214,29,21,264,109,105
SUPER_18,7340000,175,9,17,201,82,93
SUPER_18,7350000,96,15,8,119,56,40
SUPER_18,7360000,160,9,14,183,72,88
SUPER_18,7370000,236,22,21,279,116,120
SUPER_18,7380000,207,16,17,240,105,102
SUPER_18,7390000,316,40,28,384,135,181
SUPER_18,7400000,134,18,18,170,61,73
SUPER_18,7410000,144,13,17,174,74,70
SUPER_18,7420000,291,31,35,357,139,152
SUPER_18,7430000,373,47,35,455,150,223
SUPER_18,7440000,213,21,22,256,110,103
SUPER_18,7450000,254,29,25,308,117,137
SUPER_18,7460000,235,21,22,278,107,128
SUPER_18,7470000,243,24,22,289,129,114
SUPER_18,7480000,303,25,28,356,149,154
SUPER_18,7490000,245,22,21,288,123,122
SUPER_18,7500000,278,22,35,335,127,151
SUPER_18,7510000,48,7,5,60,26,22
SUPER_18,7520000,345,28,28,401,185,160
SUPER_18,7530000,200,24,29,253,104,96
SUPER_18,7540000,231,27,20,278,111,120
SUPER_18,7550000,202,25,18,245,98,104
SUPER_18,7560000,160,20,19,199,78,82
SUPER_18,7570000,255,25,26,306,136,119
SUPER_18,7580000,240,30,18,288,122,118
SUPER_18,7590000,150,17,17,184,58,92
SUPER_18,7600000,147,15,16,178,75,72
SUPER_18,7610000,215,19,19,253,103,112
SUPER_18,7620000,374,30,28,432,193,181
SUPER_18,7630000,99,12,15,126,56,43
SUPER_18,7640000,232,27,12,271,107,125
SUPER_18,7650000,125,17,8,150,68,57
SUPER_18,7660000,142,17,14,173,60,82
SUPER_18,7670000,200,15,16,231,100,100
SUPER_18,7680000,364,38,36,438,185,179
SUPER_18,7690000,217,21,27,265,101,116
SUPER_18,7700000,174,19,21,214,84,90
SUPER_18,7710000,307,28,33,368,156,151
SUPER_18,7720000,154,22,14,190,69,85
SUPER_18,7730000,199,30,30,259,93,106
SUPER_18,7740000,280,20,28,328,143,137
SUPER_18,7750000,203,28,23,254,93,110
SUPER_18,7760000,279,21,25,325,131,148
SUPER_18,7770000,271,30,23,324,132,139
SUPER_18,7780000,292,34,31,357,144,148
SUPER_18,7790000,262,29,21,312,116,146
SUPER_18,7800000,240,20,23,283,121,119
SUPER_18,7810000,220,28,23,271,120,100
SUPER_18,7820000,165,14,24,203,85,80
SUPER_18,7830000,351,33,37,421,176,175
SUPER_18,7840000,361,35,31,427,178,183
SUPER_18,7850000,265,26,32,323,122,143
SUPER_18,7860000,249,24,27,300,125,124
SUPER_18,7870000,331,26,27,384,156,175
SUPER_18,7880000,289,30,20,339,129,160
SUPER_18,7890000,286,27,25,338,146,140
SUPER_18,7900000,181,22,26,229,94,87
SUPER_18,7910000,123,15,7,145,56,67
SUPER_18,7920000,213,23,31,267,103,110
SUPER_18,7930000,250,16,24,290,129,121
SUPER_18,7940000,298,22,36,356,147,151
SUPER_18,7950000,247,27,27,301,110,137
SUPER_18,7960000,288,30,17,335,141,147
SUPER_18,7970000,274,30,27,331,120,154
SUPER_18,7980000,377,39,41,457,196,181
SUPER_18,7990000,198,11,18,227,100,98
SUPER_18,8000000,236,19,29,284,113,123
SUPER_18,8010000,274,22,30,326,143,131
SUPER_18,8020000,224,16,26,266,115,109
SUPER_18,8030000,117,11,11,139,49,68
SUPER_18,8040000,125,13,11,149,62,63
SUPER_18,8050000,187,15,16,218,78,109
SUPER_18,8060000,98,10,10,118,44,54
SUPER_18,8070000,231,38,29,298,110,121
SUPER_18,8080000,165,15,15,195,93,72
SUPER_18,8090000,104,10,11,125,62,42
SUPER_18,8100000,133,11,10,154,79,54
SUPER_18,8110000,105,12,6,123,56,49
SUPER_18,8120000,245,31,25,301,106,139
SUPER_18,8130000,188,16,20,224,90,98
SUPER_18,8140000,252,24,26,302,114,138
SUPER_18,8150000,159,15,8,182,87,72
SUPER_18,8160000,179,17,17,213,91,88
SUPER_18,8170000,250,24,14,288,116,134
SUPER_18,8180000,241,21,20,282,115,126
SUPER_18,8190000,340,32,36,408,168,172
SUPER_18,8200000,279,37,21,337,136,143
SUPER_18,8210000,258,37,36,331,124,134
SUPER_18,8220000,120,15,14,149,57,63
SUPER_18,8230000,221,16,23,260,104,117
SUPER_18,8240000,293,38,31,362,124,169
SUPER_18,8250000,256,23,23,302,133,123
SUPER_18,8260000,224,25,16,265,113,111
SUPER_18,8270000,166,18,17,201,78,88
SUPER_18,8280000,28,4,3,35,16,12
SUPER_18,8290000,185,16,20,221,82,103
SUPER_18,8300000,203,35,24,262,104,99
SUPER_18,8310000,101,15,12,128,50,51
SUPER_18,8320000,186,23,30,239,86,100
SUPER_18,8330000,176,24,19,219,87,89
SUPER_18,8340000,150,19,15,184,74,76
SUPER_18,8350000,173,18,15,206,85,88
SUPER_18,8360000,173,18,12,203,92,81
SUPER_18,8370000,235,29,28,292,120,115
SUPER_18,8380000,234,23,19,276,139,95
SUPER_18,8390000,186,18,12,216,90,96
SUPER_18,8400000,94,11,11,116,60,34
SUPER_18,8410000,290,31,20,341,153,137
SUPER_18,8420000,315,28,29,372,132,183
SUPER_18,8430000,16,1,2,19,6,10
SUPER_18,8440000,0,2,0,2,0,0
SUPER_18,8450000,104,9,9,122,54,50
SUPER_18,8460000,323,43,39,405,157,166
SUPER_18,8470000,245,15,23,283,123,122
SUPER_18,8480000,355,35,47,437,178,177
SUPER_18,8490000,190,21,23,234,89,101
SUPER_18,8500000,139,11,13,163,69,70
SUPER_18,8510000,300,28,23,351,146,154
SUPER_18,8520000,318,29,39,386,142,176
SUPER_18,8530000,256,27,20,303,126,130
SUPER_18,8540000,206,22,33,261,93,113
SUPER_18,8550000,270,25,29,324,134,136
SUPER_18,8560000,225,21,38,284,109,116
SUPER_18,8570000,258,33,22,313,109,149
SUPER_18,8580000,254,24,30,308,133,121
SUPER_18,8590000,224,21,25,270,121,103
SUPER_18,8600000,222,24,21,267,109,113
SUPER_18,8610000,212,20,24,256,107,105
SUPER_18,8620000,199,20,16,235,106,93
SUPER_18,8630000,28,3,1,32,9,19
SUPER_18,8640000,246,15,25,286,120,126
SUPER_18,8650000,107,8,12,127,38,69
SUPER_18,8660000,273,29,23,325,136,137
SUPER_18,8670000,113,7,12,132,58,55
SUPER_18,8680000,139,10,13,162,76,63
SUPER_18,8690000,249,36,24,309,127,122
SUPER_18,8700000,240,27,32,299,117,123
SUPER_18,8710000,287,29,33,349,139,148
SUPER_18,8720000,98,9,9,116,54,44
SUPER_18,8730000,69,7,6,82,32,37
SUPER_18,8740000,194,22,21,237,98,96
SUPER_18,8750000,160,16,14,190,69,91
SUPER_18,8760000,105,10,7,122,61,44
SUPER_18,8770000,353,28,27,408,182,171
SUPER_18,8780000,227,30,23,280,123,104
SUPER_18,8790000,194,11,20,225,86,108
SUPER_18,8800000,177,13,15,205,97,80
SUPER_18,8810000,123,5,12,140,61,62
SUPER_18,8820000,67,2,4,73,37,30
SUPER_18,8830000,68,7,4,79,31,37
SUPER_18,8840000,207,23,22,252,105,102
SUPER_18,8850000,177,12,14,203,96,81
SUPER_18,8860000,200,22,16,238,102,98
SUPER_18,8870000,230,16,14,260,121,109
SUPER_18,8880000,206,25,16,247,99,107
SUPER_18,8890000,192,26,20,238,84,108
SUPER_18,8900000,197,17,26,240,92,105
SUPER_18,8910000,95,7,12,114,56,39
SUPER_18,8920000,192,14,17,223,87,105
SUPER_18,8930000,143,19,5,167,76,67
SUPER_18,8940000,147,16,13,176,66,81
SUPER_18,8950000,104,10,16,130,60,44
SUPER_18,8960000,286,33,23,342,156,130
SUPER_18,8970000,257,20,39,316,124,133
SUPER_18,8980000,252,31,20,303,140,112
SUPER_18,8990000,97,12,10,119,47,50
SUPER_18,9000000,62,6,2,70,40,22
SUPER_18,9010000,287,33,29,349,121,166
SUPER_18,9020000,359,39,30,428,175,184
SUPER_18,9030000,194,21,17,232,103,91
SUPER_18,9040000,88,9,4,101,46,42
SUPER_18,9050000,156,7,14,177,73,83
SUPER_18,9060000,218,23,21,262,113,105
SUPER_18,9070000,239,30,26,295,107,132
SUPER_18,9080000,342,31,27,400,166,176
SUPER_18,9090000,96,8,5,109,54,42
SUPER_18,9100000,278,26,18,322,139,139
SUPER_18,9110000,312,24,28,364,149,163
SUPER_18,9120000,328,43,25,396,147,181
SUPER_18,9130000,348,29,26,403,190,158
SUPER_18,9140000,431,28,37,496,217,214
SUPER_18,9150000,320,35,38,393,154,166
SUPER_18,9160000,383,36,44,463,185,198
SUPER_18,9170000,327,26,27,380,162,165
SUPER_18,9180000,379,38,27,444,185,194
SUPER_18,9190000,257,23,29,309,128,129
SUPER_18,9200000,269,42,17,328,125,144
SUPER_18,9210000,154,15,10,179,78,76
SUPER_18,9220000,343,34,40,417,177,166
SUPER_18,9230000,264,25,22,311,129,135
SUPER_18,9240000,366,27,38,431,162,204
SUPER_18,9250000,287,27,19,333,124,163
SUPER_18,9260000,350,23,30,403,175,175
SUPER_18,9270000,342,34,35,411,155,187
SUPER_18,9280000,259,28,23,310,129,130
SUPER_18,9290000,250,29,16,295,122,128
SUPER_18,9300000,339,40,28,407,174,165
SUPER_18,9310000,356,32,39,427,169,187
SUPER_18,9320000,376,37,30,443,176,200
SUPER_18,9330000,318,32,32,382,146,172
SUPER_18,9340000,363,29,30,422,183,180
SUPER_18,9350000,384,50,37,471,180,204
SUPER_18,9360000,112,10,7,129,43,69
SUPER_18,9370000,82,4,6,92,43,39
SUPER_18,9380000,302,38,23,363,151,151
SUPER_18,9390000,279,29,36,344,126,153
SUPER_18,9400000,374,30,37,441,188,186
SUPER_18,9410000,321,34,25,380,165,156
SUPER_18,9420000,423,36,45,504,213,210
SUPER_18,9430000,305,24,26,355,156,149
SUPER_18,9440000,287,30,28,345,130,157
SUPER_18,9450000,222,18,25,265,104,118
SUPER_18,9460000,344,43,31,418,159,185
SUPER_18,9470000,230,24,23,277,107,123
SUPER_18,9480000,260,18,27,305,121,139
SUPER_18,9490000,87,18,9,114,43,44
SUPER_18,9500000,190,16,18,224,91,99
SUPER_18,9510000,273,24,30,327,125,148
SUPER_18,9520000,301,24,38,363,150,151
SUPER_18,9530000,277,32,30,339,118,159
SUPER_18,9540000,296,24,36,356,138,158
SUPER_18,9550000,315,30,35,380,155,160
SUPER_18,9560000,321,29,37,387,149,172
SUPER_18,9570000,230,32,16,278,107,123
SUPER_18,9580000,231,24,42,297,124,107
SUPER_18,9590000,339,29,26,394,167,172
SUPER_18,9600000,256,26,25,307,131,125
SUPER_18,9610000,235,24,21,280,118,117
SUPER_18,9620000,343,37,40,420,162,181
SUPER_18,9630000,370,39,31,440,193,177
SUPER_18,9640000,358,36,34,428,163,195
SUPER_18,9650000,143,14,10,167,73,70
SUPER_18,9660000,355,25,30,410,185,170
SUPER_18,9670000,254,21,19,294,130,124
SUPER_18,9680000,347,34,37,418,189,158
SUPER_18,9690000,384,19,33,436,210,174
SUPER_18,9700000,329,29,18,376,168,161
SUPER_18,9710000,172,14,19,205,84,88
SUPER_18,9720000,239,15,20,274,125,114
SUPER_18,9730000,308,27,33,368,139,169
SUPER_18,9740000,317,28,28,373,169,148
SUPER_18,9750000,391,29,31,451,180,211
SUPER_18,9760000,331,22,28,381,168,163
SUPER_18,9770000,272,33,26,331,128,144
SUPER_18,9780000,402,32,34,468,190,212
SUPER_18,9790000,137,10,7,154,60,77
SUPER_18,9800000,173,21,19,213,93,80
SUPER_18,9810000,293,34,23,350,151,142
SUPER_18,9820000,200,27,19,246,90,110
SUPER_18,9830000,257,37,23,317,115,142
SUPER_18,9840000,343,32,32,407,162,181
SUPER_18,9850000,392,29,41,462,201,191
SUPER_18,9860000,352,30,36,418,181,171
SUPER_18,9870000,310,24,34,368,163,147
SUPER_18,9880000,303,23,36,362,148,155
SUPER_18,9890000,379,31,34,444,172,207
SUPER_18,9900000,173,23,26,222,78,95
SUPER_18,9910000,405,38,29,472,203,202
SUPER_18,9920000,370,36,29,435,189,181
SUPER_18,9930000,406,42,40,488,207,199
SUPER_18,9940000,314,36,42,392,165,149
SUPER_18,9950000,291,22,23,336,132,159
SUPER_18,9960000,369,29,26,424,181,188
SUPER_18,9970000,263,31,17,311,127,136
SUPER_18,9980000,451,41,50,542,226,225
SUPER_18,9990000,457,39,40,536,242,215
SUPER_18,10000000,355,25,31,411,169,186
SUPER_18,10010000,414,29,29,472,208,206
SUPER_18,10020000,409,49,30,488,198,211
SUPER_18,10030000,381,35,23,439,197,184
SUPER_18,10040000,409,44,37,490,202,207
SUPER_18,10050000,313,28,31,372,160,153
SUPER_18,10060000,460,41,54,555,223,237
SUPER_18,10070000,341,42,20,403,178,163
SUPER_18,10080000,281,20,17,318,161,120
SUPER_18,10090000,292,34,20,346,156,136
SUPER_18,10100000,432,40,27,499,219,213
SUPER_18,10110000,318,32,29,379,158,160
SUPER_18,10120000,307,35,24,366,153,154
SUPER_18,10130000,449,45,29,523,208,241
SUPER_18,10140000,410,45,23,478,200,210
SUPER_18,10150000,475,42,28,545,224,251
SUPER_18,10160000,257,30,32,319,115,142
SUPER_18,10170000,215,19,20,254,111,104
SUPER_18,10180000,381,36,29,446,199,182
SUPER_18,10190000,94,7,4,105,48,46
SUPER_18,10200000,260,35,16,311,132,128
SUPER_18,10210000,380,35,29,444,194,186
SUPER_18,10220000,0,0,0,0,0,0
SUPER_18,10230000,0,0,0,0,0,0
SUPER_18,10240000,687,53,43,783,368,319
SUPER_18,10250000,361,29,27,417,180,181
SUPER_18,10260000,297,32,26,355,161,136
SUPER_18,10270000,394,36,29,459,203,191
SUPER_18,10280000,162,12,10,184,83,79
SUPER_18,10290000,306,31,26,363,169,137
SUPER_18,10300000,89,8,3,100,42,47
SUPER_18,10310000,213,22,23,258,96,117
SUPER_18,10320000,336,32,37,405,147,189
SUPER_18,10330000,281,27,18,326,154,127
SUPER_18,10340000,168,11,12,191,81,87
SUPER_18,10350000,296,31,30,357,148,148
SUPER_18,10360000,333,25,37,395,150,183
SUPER_18,10370000,295,24,17,336,155,140
SUPER_18,10380000,403,22,35,460,223,180
SUPER_18,10390000,384,28,30,442,182,202
SUPER_18,10400000,203,12,17,232,88,115
SUPER_18,10410000,165,15,9,189,84,81
SUPER_18,10420000,0,1,0,1,0,0
SUPER_18,10430000,243,16,24,283,129,114
SUPER_18,10440000,381,32,23,436,180,201
SUPER_18,10450000,123,9,5,137,67,56
SUPER_18,10460000,251,20,12,283,130,121
SUPER_18,10470000,30,2,5,37,11,19
SUPER_18,10480000,1,1,0,2,1,0
SUPER_18,10490000,195,24,15,234,105,90
SUPER_18,10500000,0,0,0,0,0,0
SUPER_18,10510000,0,0,0,0,0,0
SUPER_18,10520000,635,60,50,745,296,339
SUPER_18,10530000,187,20,12,219,87,100
SUPER_18,10540000,380,29,37,446,185,195
SUPER_18,10550000,284,28,34,346,138,146
SUPER_18,10560000,205,21,18,244,106,99
SUPER_18,10570000,391,36,32,459,200,191
SUPER_18,10580000,20,3,5,28,15,5
SUPER_18,10590000,2,0,1,3,0,2
SUPER_18,10600000,1,1,0,2,0,1
SUPER_18,10610000,0,0,1,1,0,0
SUPER_18,10620000,118,14,15,147,52,66
SUPER_18,10630000,249,18,18,285,134,115
SUPER_18,10640000,326,42,25,393,136,190
SUPER_18,10650000,283,18,29,330,161,122
SUPER_18,10660000,317,27,20,364,156,161
SUPER_18,10670000,271,44,24,339,138,133
SUPER_18,10680000,65,5,3,73,37,28
SUPER_18,10690000,330,30,28,388,178,152
SUPER_18,10700000,3,0,0,3,0,3
SUPER_18,10710000,250,20,20,290,116,134
SUPER_18,10720000,287,21,27,335,137,150
SUPER_18,10730000,379,37,32,448,165,214
SUPER_18,10740000,260,25,22,307,136,124
SUPER_18,10750000,286,24,23,333,131,155
SUPER_18,10760000,154,14,11,179,78,76
SUPER_18,10770000,232,13,30,275,113,119
SUPER_18,10780000,247,19,27,293,122,125
SUPER_18,10790000,162,8,11,181,82,80
SUPER_18,10800000,266,20,22,308,141,125
SUPER_18,10810000,348,28,27,403,174,174
SUPER_18,10820000,215,17,33,265,95,120
SUPER_18,10830000,301,22,23,346,158,143
SUPER_18,10840000,392,41,36,469,189,203
SUPER_18,10850000,323,33,27,383,172,151
SUPER_18,10860000,362,23,37,422,194,168
SUPER_18,10870000,424,30,41,495,214,210
SUPER_18,10880000,379,30,33,442,164,215
SUPER_18,10890000,354,39,20,413,172,182
SUPER_18,10900000,301,26,23,350,164,137
SUPER_18,10910000,163,16,13,192,71,92
SUPER_18,10920000,334,39,28,401,165,169
SUPER_18,10930000,158,12,16,186,74,84
SUPER_18,10940000,45,3,0,48,26,19
SUPER_18,10950000,274,26,15,315,135,139
SUPER_18,10960000,61,3,5,69,35,26
SUPER_18,10970000,154,17,16,187,78,76
SUPER_18,10980000,188,17,11,216,90,98
SUPER_18,10990000,382,23,31,436,186,196
SUPER_18,11000000,216,25,21,262,107,109
SUPER_18,11010000,101,16,6,123,51,50
SUPER_18,11020000,166,21,9,196,82,84
SUPER_18,11030000,249,26,22,297,132,117
SUPER_18,11040000,166,13,16,195,71,95
SUPER_18,11050000,257,19,25,301,130,127
SUPER_18,11060000,18,1,2,21,10,8
SUPER_18,11070000,183,20,20,223,96,87
SUPER_18,11080000,210,18,28,256,106,104
SUPER_18,11090000,188,16,23,227,74,114
SUPER_18,11100000,251,26,25,302,126,125
SUPER_18,11110000,224,29,15,268,117,107
SUPER_18,11120000,361,41,46,448,174,187
SUPER_18,11130000,277,33,25,335,145,132
SUPER_18,11140000,108,15,5,128,54,54
SUPER_18,11150000,13,0,0,13,9,4
SUPER_18,11160000,336,33,32,401,154,182
SUPER_18,11170000,349,24,21,394,183,166
SUPER_18,11180000,240,31,26,297,109,131
SUPER_18,11190000,351,35,30,416,178,173
SUPER_18,11200000,139,8,8,155,76,63
SUPER_18,11210000,322,46,15,383,163,159
SUPER_18,11220000,308,29,28,365,159,149
SUPER_18,11230000,210,22,12,244,99,111
SUPER_18,11240000,240,23,14,277,113,127
SUPER_18,11250000,330,28,20,378,155,175
SUPER_18,11260000,172,9,7,188,89,83
SUPER_18,11270000,327,30,36,393,175,152
SUPER_18,11280000,301,26,22,349,137,164
SUPER_18,11290000,352,30,21,403,182,170
SUPER_18,11300000,0,0,0,0,0,0
SUPER_18,11310000,0,0,0,0,0,0
SUPER_18,11320000,0,0,0,0,0,0
SUPER_18,11330000,0,0,0,0,0,0
SUPER_18,11340000,0,0,0,0,0,0
SUPER_18,11350000,0,0,0,0,0,0
SUPER_18,11360000,0,0,0,0,0,0
SUPER_18,11370000,0,0,0,0,0,0
SUPER_18,11380000,0,0,0,0,0,0
SUPER_18,11390000,0,0,0,0,0,0
SUPER_18,11400000,0,0,0,0,0,0
SUPER_18,11410000,0,0,0,0,0,0
SUPER_18,11420000,0,0,0,0,0,0
SUPER_18,11430000,0,0,0,0,0,0
SUPER_18,11440000,0,0,0,0,0,0
SUPER_18,11450000,0,0,0,0,0,0
SUPER_18,11460000,0,0,0,0,0,0
SUPER_18,11470000,0,0,0,0,0,0
SUPER_18,11480000,296,42,26,364,138,158
SUPER_18,11490000,359,21,34,414,181,178
SUPER_18,11500000,18,1,0,19,10,8
SUPER_18,11510000,0,1,0,1,0,0
SUPER_18,11520000,48,3,2,53,24,24
SUPER_18,11530000,5,0,0,5,3,2
SUPER_18,11540000,184,25,6,215,92,92
SUPER_18,11550000,326,29,26,381,171,155
SUPER_18,11560000,221,25,26,272,120,101
SUPER_18,11570000,118,13,5,136,56,62
SUPER_18,11580000,340,40,26,406,183,157
SUPER_18,11590000,187,19,16,222,94,93
SUPER_18,11600000,158,22,13,193,76,82
SUPER_18,11610000,189,23,16,228,97,92
SUPER_18,11620000,253,18,15,286,126,127
SUPER_18,11630000,222,13,19,254,124,98
SUPER_18,11640000,258,34,35,327,118,140
SUPER_18,11650000,221,21,24,266,107,114
SUPER_18,11660000,177,26,20,223,85,92
SUPER_18,11670000,55,4,5,64,31,24
SUPER_18,11680000,251,24,13,288,131,120
SUPER_18,11690000,337,28,34,399,190,147
SUPER_18,11700000,250,14,35,299,118,132
SUPER_18,11710000,243,20,23,286,127,116
SUPER_18,11720000,364,36,34,434,192,172
SUPER_18,11730000,289,27,21,337,175,114
SUPER_18,11740000,195,14,16,225,92,103
SUPER_18,11750000,256,27,29,312,120,136
SUPER_18,11760000,422,34,39,495,199,223
SUPER_18,11770000,301,22,28,351,156,145
SUPER_18,11780000,372,40,26,438,194,178
SUPER_18,11790000,342,28,32,402,161,181
SUPER_18,11800000,352,49,23,424,192,160
SUPER_18,11810000,280,13,32,325,132,148
SUPER_18,11820000,191,22,15,228,105,86
SUPER_18,11830000,389,30,27,446,203,186
SUPER_18,11840000,411,39,43,493,223,188
SUPER_18,11850000,290,17,19,326,154,136
SUPER_18,11860000,414,34,50,498,198,216
SUPER_18,11870000,316,28,27,371,148,168
SUPER_18,11880000,356,36,27,419,186,170
SUPER_18,11890000,360,35,31,426,177,183
SUPER_18,11900000,392,36,38,466,195,197
SUPER_18,11910000,51,2,6,59,25,26
SUPER_18,11920000,268,23,17,308,135,133
SUPER_18,11930000,309,29,35,373,154,155
SUPER_18,11940000,323,35,31,389,156,167
SUPER_18,11950000,320,32,23,375,159,161
SUPER_18,11960000,259,20,29,308,132,127
SUPER_18,11970000,319,34,33,386,168,151
SUPER_18,11980000,294,31,21,346,165,129
SUPER_18,11990000,297,24,33,354,158,139
SUPER_18,12000000,0,0,0,0,0,0
SUPER_18,12010000,0,0,0,0,0,0
SUPER_18,12020000,463,43,44,550,241,222
SUPER_18,12030000,252,25,22,299,126,126
SUPER_18,12040000,261,18,29,308,119,142
SUPER_18,12050000,254,31,29,314,145,109
SUPER_18,12060000,204,17,26,247,120,84
SUPER_18,12070000,172,14,13,199,92,80
SUPER_18,12080000,77,5,7,89,44,33
SUPER_18,12090000,0,0,0,0,0,0
SUPER_18,12100000,0,0,0,0,0,0
SUPER_18,12110000,0,0,0,0,0,0
SUPER_18,12120000,0,0,0,0,0,0
SUPER_18,12130000,0,0,0,0,0,0
SUPER_18,12140000,0,0,0,0,0,0
SUPER_19,10000,321,76,69,466,225,96
SUPER_19,20000,65,4,6,75,33,32
SUPER_19,30000,125,19,13,157,55,70
SUPER_19,40000,129,4,4,137,79,50
SUPER_19,50000,61,3,8,72,31,30
SUPER_19,60000,177,11,24,212,84,93
SUPER_19,70000,244,17,20,281,113,131
SUPER_19,80000,118,13,11,142,59,59
SUPER_19,90000,163,18,15,196,76,87
SUPER_19,100000,148,16,8,172,76,72
SUPER_19,110000,187,20,14,221,89,98
SUPER_19,120000,186,8,14,208,103,83
SUPER_19,130000,155,11,18,184,70,85
SUPER_19,140000,210,27,20,257,98,112
SUPER_19,150000,183,19,12,214,90,93
SUPER_19,160000,242,21,23,286,116,126
SUPER_19,170000,190,8,16,214,98,92
SUPER_19,180000,311,26,21,358,149,162
SUPER_19,190000,199,18,14,231,100,99
SUPER_19,200000,238,16,17,271,123,115
SUPER_19,210000,293,34,19,346,134,159
SUPER_19,220000,311,30,31,372,134,177
SUPER_19,230000,162,19,7,188,81,81
SUPER_19,240000,269,23,17,309,139,130
SUPER_19,250000,268,27,18,313,139,129
SUPER_19,260000,352,36,24,412,193,159
SUPER_19,270000,251,31,27,309,128,123
SUPER_19,280000,304,33,24,361,155,149
SUPER_19,290000,221,20,24,265,100,121
SUPER_19,300000,429,56,33,518,227,202
SUPER_19,310000,415,31,36,482,190,225
SUPER_19,320000,309,43,22,374,167,142
SUPER_19,330000,426,35,37,498,227,199
SUPER_19,340000,267,23,29,319,141,126
SUPER_19,350000,273,31,29,333,123,150
SUPER_19,360000,166,10,19,195,93,73
SUPER_19,370000,234,18,18,270,117,117
SUPER_19,380000,158,18,20,196,81,77
SUPER_19,390000,216,22,26,264,104,112
SUPER_19,400000,86,4,6,96,43,43
SUPER_19,410000,348,39,34,421,154,194
SUPER_19,420000,191,19,11,221,91,100
SUPER_19,430000,0,1,0,1,0,0
SUPER_19,440000,52,2,5,59,28,24
SUPER_19,450000,366,37,40,443,173,193
SUPER_19,460000,194,14,21,229,107,87
SUPER_19,470000,251,19,21,291,129,122
SUPER_19,480000,107,13,6,126,65,42
SUPER_19,490000,0,0,1,1,0,0
SUPER_19,500000,259,14,16,289,137,122
SUPER_19,510000,396,39,38,473,220,176
SUPER_19,520000,217,12,15,244,111,106
SUPER_19,530000,267,23,21,311,128,139
SUPER_19,540000,264,25,25,314,139,125
SUPER_19,550000,223,20,29,272,94,129
SUPER_19,560000,333,35,37,405,155,178
SUPER_19,570000,382,31,33,446,199,183
SUPER_19,580000,179,21,11,211,85,94
SUPER_19,590000,317,21,24,362,164,153
SUPER_19,600000,289,36,30,355,145,144
SUPER_19,610000,238,14,13,265,120,118
SUPER_19,620000,376,29,28,433,188,188
SUPER_19,630000,460,36,37,533,239,221
SUPER_19,640000,236,20,14,270,121,115
SUPER_19,650000,14,5,1,20,7,7
SUPER_19,660000,270,16,30,316,137,133
SUPER_19,670000,416,34,42,492,210,206
SUPER_19,680000,140,11,9,160,70,70
SUPER_19,690000,230,19,18,267,105,125
SUPER_19,700000,208,20,18,246,102,106
SUPER_19,710000,250,27,16,293,143,107
SUPER_19,720000,445,49,48,542,211,234
SUPER_19,730000,337,30,32,399,169,168
SUPER_19,740000,273,27,25,325,134,139
SUPER_19,750000,275,28,16,319,144,131
SUPER_19,760000,381,31,37,449,190,191
SUPER_19,770000,293,17,38,348,144,149
SUPER_19,780000,270,21,27,318,128,142
SUPER_19,790000,374,38,39,451,162,212
SUPER_19,800000,297,26,25,348,156,141
SUPER_19,810000,249,22,31,302,132,117
SUPER_19,820000,316,43,21,380,142,174
SUPER_19,830000,252,29,20,301,112,140
SUPER_19,840000,358,31,41,430,171,187
SUPER_19,850000,322,34,31,387,155,167
SUPER_19,860000,258,17,28,303,139,119
SUPER_19,870000,248,19,24,291,126,122
SUPER_19,880000,234,21,21,276,107,127
SUPER_19,890000,298,31,30,359,159,139
SUPER_19,900000,365,23,35,423,176,189
SUPER_19,910000,351,26,39,416,186,165
SUPER_19,920000,170,8,11,189,93,77
SUPER_19,930000,361,29,29,419,176,185
SUPER_19,940000,225,22,20,267,114,111
SUPER_19,950000,329,15,36,380,171,158
SUPER_19,960000,281,36,23,340,155,126
SUPER_19,970000,252,27,24,303,130,122
SUPER_19,980000,226,32,25,283,111,115
SUPER_19,990000,294,27,24,345,145,149
SUPER_19,1000000,326,22,30,378,154,172
SUPER_19,1010000,182,17,9,208,90,92
SUPER_19,1020000,188,8,13,209,102,86
SUPER_19,1030000,360,32,27,419,157,203
SUPER_19,1040000,357,35,32,424,158,199
SUPER_19,1050000,258,19,24,301,137,121
SUPER_19,1060000,301,30,26,357,145,156
SUPER_19,1070000,133,10,6,149,70,63
SUPER_19,1080000,315,26,31,372,144,171
SUPER_19,1090000,295,29,24,348,143,152
SUPER_19,1100000,169,9,13,191,82,87
SUPER_19,1110000,129,20,10,159,67,62
SUPER_19,1120000,317,23,26,366,161,156
SUPER_19,1130000,321,28,16,365,152,169
SUPER_19,1140000,86,5,10,101,49,37
SUPER_19,1150000,138,14,13,165,64,74
SUPER_19,1160000,152,14,15,181,78,74
SUPER_19,1170000,339,31,27,397,174,165
SUPER_19,1180000,356,26,27,409,188,168
SUPER_19,1190000,366,22,37,425,188,178
SUPER_19,1200000,331,37,34,402,160,171
SUPER_19,1210000,439,46,27,512,226,213
SUPER_19,1220000,306,32,29,367,160,146
SUPER_19,1230000,405,33,26,464,203,202
SUPER_19,1240000,217,27,14,258,99,118
SUPER_19,1250000,378,36,42,456,168,210
SUPER_19,1260000,350,33,29,412,185,165
SUPER_19,1270000,308,35,29,372,156,152
SUPER_19,1280000,418,41,32,491,179,239
SUPER_19,1290000,327,31,36,394,155,172
SUPER_19,1300000,377,15,29,421,176,201
SUPER_19,1310000,258,15,15,288,143,115
SUPER_19,1320000,215,22,11,248,111,104
SUPER_19,1330000,148,8,12,168,80,68
SUPER_19,1340000,294,23,26,343,128,166
SUPER_19,1350000,406,37,39,482,190,216
SUPER_19,1360000,356,30,33,419,190,166
SUPER_19,1370000,322,30,36,388,177,145
SUPER_19,1380000,424,38,47,509,215,209
SUPER_19,1390000,317,21,30,368,160,157
SUPER_19,1400000,336,33,35,404,182,154
SUPER_19,1410000,361,42,27,430,172,189
SUPER_19,1420000,222,22,23,267,109,113
SUPER_19,1430000,115,9,11,135,56,59
SUPER_19,1440000,435,41,36,512,200,235
SUPER_19,1450000,315,26,32,373,163,152
SUPER_19,1460000,369,36,33,438,204,165
SUPER_19,1470000,252,19,20,291,107,145
SUPER_19,1480000,255,27,7,289,128,127
SUPER_19,1490000,258,22,25,305,135,123
SUPER_19,1500000,372,33,29,434,183,189
SUPER_19,1510000,187,11,17,215,106,81
SUPER_19,1520000,196,19,12,227,94,102
SUPER_19,1530000,145,12,15,172,69,76
SUPER_19,1540000,381,38,26,445,201,180
SUPER_19,1550000,285,27,23,335,143,142
SUPER_19,1560000,384,38,36,458,189,195
SUPER_19,1570000,165,21,18,204,77,88
SUPER_19,1580000,158,22,13,193,68,90
SUPER_19,1590000,305,35,30,370,149,156
SUPER_19,1600000,187,15,21,223,84,103
SUPER_19,1610000,305,35,29,369,127,178
SUPER_19,1620000,282,25,27,334,133,149
SUPER_19,1630000,209,27,28,264,92,117
SUPER_19,1640000,268,18,20,306,132,136
SUPER_19,1650000,376,37,48,461,175,201
SUPER_19,1660000,77,10,5,92,40,37
SUPER_19,1670000,233,26,12,271,125,108
SUPER_19,1680000,350,36,30,416,167,183
SUPER_19,1690000,364,32,30,426,193,171
SUPER_19,1700000,369,40,35,444,184,185
SUPER_19,1710000,363,34,31,428,195,168
SUPER_19,1720000,165,15,16,196,93,72
SUPER_19,1730000,199,14,18,231,102,97
SUPER_19,1740000,272,28,20,320,133,139
SUPER_19,1750000,281,16,31,328,152,129
SUPER_19,1760000,263,24,16,303,142,121
SUPER_19,1770000,342,20,34,396,180,162
SUPER_19,1780000,346,25,34,405,178,168
SUPER_19,1790000,307,18,25,350,161,146
SUPER_19,1800000,239,14,17,270,122,117
SUPER_19,1810000,180,14,10,204,86,94
SUPER_19,1820000,309,33,27,369,141,168
SUPER_19,1830000,311,19,32,362,148,163
SUPER_19,1840000,265,23,25,313,134,131
SUPER_19,1850000,108,11,13,132,45,63
SUPER_19,1860000,278,21,29,328,144,134
SUPER_19,1870000,288,34,28,350,157,131
SUPER_19,1880000,225,18,25,268,115,110
SUPER_19,1890000,221,20,19,260,96,125
SUPER_19,1900000,342,24,35,401,187,155
SUPER_19,1910000,341,33,30,404,179,162
SUPER_19,1920000,197,18,18,233,101,96
SUPER_19,1930000,357,24,27,408,178,179
SUPER_19,1940000,357,26,29,412,186,171
SUPER_19,1950000,192,14,16,222,97,95
SUPER_19,1960000,205,17,21,243,91,114
SUPER_19,1970000,380,33,42,455,167,213
SUPER_19,1980000,361,34,37,432,172,189
SUPER_19,1990000,237,17,19,273,127,110
SUPER_19,2000000,315,24,27,366,165,150
SUPER_19,2010000,202,15,13,230,98,104
SUPER_19,2020000,236,15,16,267,135,101
SUPER_19,2030000,317,17,16,350,163,154
SUPER_19,2040000,312,26,25,363,154,158
SUPER_19,2050000,274,30,21,325,141,133
SUPER_19,2060000,300,22,27,349,147,153
SUPER_19,2070000,439,39,49,527,203,236
SUPER_19,2080000,352,25,36,413,181,171
SUPER_19,2090000,385,37,27,449,194,191
SUPER_19,2100000,400,33,43,476,200,200
SUPER_19,2110000,250,23,32,305,136,114
SUPER_19,2120000,333,29,21,383,156,177
SUPER_19,2130000,144,13,10,167,53,91
SUPER_19,2140000,343,33,18,394,173,170
SUPER_19,2150000,327,33,21,381,154,173
SUPER_19,2160000,320,35,26,381,169,151
SUPER_19,2170000,329,38,18,385,174,155
SUPER_19,2180000,328,28,20,376,156,172
SUPER_19,2190000,397,30,38,465,188,209
SUPER_19,2200000,378,32,30,440,205,173
SUPER_19,2210000,353,25,41,419,186,167
SUPER_19,2220000,333,34,23,390,167,166
SUPER_19,2230000,262,23,27,312,123,139
SUPER_19,2240000,79,5,8,92,46,33
SUPER_19,2250000,342,23,34,399,169,173
SUPER_19,2260000,289,29,17,335,153,136
SUPER_19,2270000,364,44,35,443,187,177
SUPER_19,2280000,264,15,18,297,128,136
SUPER_19,2290000,244,19,33,296,121,123
SUPER_19,2300000,288,24,27,339,152,136
SUPER_19,2310000,277,29,31,337,139,138
SUPER_19,2320000,73,6,8,87,33,40
SUPER_19,2330000,163,14,16,193,94,69
SUPER_19,2340000,242,20,23,285,113,129
SUPER_19,2350000,278,27,11,316,124,154
SUPER_19,2360000,225,17,17,259,120,105
SUPER_19,2370000,271,21,23,315,133,138
SUPER_19,2380000,204,22,18,244,89,115
SUPER_19,2390000,288,23,19,330,145,143
SUPER_19,2400000,222,21,23,266,108,114
SUPER_19,2410000,294,28,20,342,153,141
SUPER_19,2420000,249,13,27,289,119,130
SUPER_19,2430000,258,29,16,303,124,134
SUPER_19,2440000,40,3,3,46,22,18
SUPER_19,2450000,238,28,19,285,104,134
SUPER_19,2460000,337,30,34,401,166,171
SUPER_19,2470000,365,35,37,437,173,192
SUPER_19,2480000,318,26,28,372,176,142
SUPER_19,2490000,358,28,25,411,183,175
SUPER_19,2500000,231,19,20,270,104,127
SUPER_19,2510000,377,37,29,443,175,202
SUPER_19,2520000,352,41,39,432,172,180
SUPER_19,2530000,349,32,33,414,179,170
SUPER_19,2540000,350,33,24,407,188,162
SUPER_19,2550000,230,22,17,269,118,112
SUPER_19,2560000,305,19,22,346,143,162
SUPER_19,2570000,235,20,22,277,128,107
SUPER_19,2580000,260,22,18,300,134,126
SUPER_19,2590000,279,29,39,347,146,133
SUPER_19,2600000,375,34,41,450,183,192
SUPER_19,2610000,332,29,29,390,170,162
SUPER_19,2620000,256,20,24,300,123,133
SUPER_19,2630000,348,35,39,422,170,178
SUPER_19,2640000,225,25,25,275,109,116
SUPER_19,2650000,282,33,17,332,124,158
SUPER_19,2660000,271,22,22,315,133,138
SUPER_19,2670000,332,34,28,394,163,169
SUPER_19,2680000,350,32,38,420,153,197
SUPER_19,2690000,313,28,26,367,145,168
SUPER_19,2700000,232,23,17,272,109,123
SUPER_19,2710000,378,35,45,458,170,208
SUPER_19,2720000,187,23,21,231,90,97
SUPER_19,2730000,291,33,32,356,141,150
SUPER_19,2740000,213,18,24,255,98,115
SUPER_19,2750000,217,24,16,257,113,104
SUPER_19,2760000,64,6,2,72,34,30
SUPER_19,2770000,161,14,10,185,85,76
SUPER_19,2780000,188,23,20,231,104,84
SUPER_19,2790000,140,14,18,172,66,74
SUPER_19,2800000,77,9,6,92,38,39
SUPER_19,2810000,126,11,18,155,68,58
SUPER_19,2820000,184,15,16,215,78,106
SUPER_19,2830000,281,15,28,324,142,139
SUPER_19,2840000,250,22,23,295,120,130
SUPER_19,2850000,274,20,25,319,143,131
SUPER_19,2860000,365,27,37,429,185,180
SUPER_19,2870000,282,22,37,341,133,149
SUPER_19,2880000,222,25,26,273,112,110
SUPER_19,2890000,258,33,18,309,109,149
SUPER_19,2900000,333,28,31,392,148,185
SUPER_19,2910000,212,21,20,253,104,108
SUPER_19,2920000,289,27,24,340,148,141
SUPER_19,2930000,150,22,4,176,78,72
SUPER_19,2940000,303,31,38,372,125,178
SUPER_19,2950000,267,30,31,328,126,141
SUPER_19,2960000,309,29,27,365,153,156
SUPER_19,2970000,269,20,21,310,138,131
SUPER_19,2980000,315,34,36,385,160,155
SUPER_19,2990000,254,29,19,302,129,125
SUPER_19,3000000,244,19,26,289,119,125
SUPER_19,3010000,286,19,42,347,129,157
SUPER_19,3020000,241,29,25,295,111,130
SUPER_19,3030000,375,33,27,435,200,175
SUPER_19,3040000,299,44,16,359,145,154
SUPER_19,3050000,351,35,21,407,196,155
SUPER_19,3060000,248,28,27,303,113,135
SUPER_19,3070000,326,28,34,388,159,167
SUPER_19,3080000,316,26,29,371,166,150
SUPER_19,3090000,377,33,31,441,192,185
SUPER_19,3100000,20,2,1,23,9,11
SUPER_19,3110000,219,19,17,255,107,112
SUPER_19,3120000,178,19,16,213,87,91
SUPER_19,3130000,180,15,15,210,93,87
SUPER_19,3140000,441,43,41,525,206,235
SUPER_19,3150000,288,15,24,327,151,137
SUPER_19,3160000,234,27,21,282,121,113
SUPER_19,3170000,219,31,30,280,96,123
SUPER_19,3180000,275,20,14,309,140,135
SUPER_19,3190000,199,14,17,230,102,97
SUPER_19,3200000,327,38,34,399,159,168
SUPER_19,3210000,431,34,51,516,222,209
SUPER_19,3220000,236,18,26,280,109,127
SUPER_19,3230000,330,32,24,386,159,171
SUPER_19,3240000,398,50,37,485,183,215
SUPER_19,3250000,377,37,34,448,195,182
SUPER_19,3260000,403,41,32,476,192,211
SUPER_19,3270000,375,42,30,447,163,212
SUPER_19,3280000,382,26,46,454,186,196
SUPER_19,3290000,324,28,38,390,150,174
SUPER_19,3300000,238,29,20,287,116,122
SUPER_19,3310000,168,17,15,200,70,98
SUPER_19,3320000,379,29,31,439,187,192
SUPER_19,3330000,208,20,23,251,106,102
SUPER_19,3340000,229,13,34,276,116,113
SUPER_19,3350000,363,42,32,437,177,186
SUPER_19,3360000,373,32,28,433,177,196
SUPER_19,3370000,320,33,37,390,161,159
SUPER_19,3380000,216,28,18,262,122,94
SUPER_19,3390000,212,11,8,231,99,113
SUPER_19,3400000,359,5,13,377,172,187
SUPER_19,3410000,348,32,26,406,155,193
SUPER_19,3420000,169,16,14,199,90,79
SUPER_19,3430000,391,25,34,450,214,177
SUPER_19,3440000,268,37,33,338,127,141
SUPER_19,3450000,397,47,32,476,172,225
SUPER_19,3460000,246,30,19,295,112,134
SUPER_19,3470000,259,23,24,306,112,147
SUPER_19,3480000,249,27,18,294,112,137
SUPER_19,3490000,196,23,17,236,106,90
SUPER_19,3500000,276,26,25,327,139,137
SUPER_19,3510000,199,23,16,238,99,100
SUPER_19,3520000,108,11,18,137,51,57
SUPER_19,3530000,113,12,13,138,40,73
SUPER_19,3540000,276,36,24,336,128,148
SUPER_19,3550000,79,13,12,104,42,37
SUPER_19,3560000,208,20,22,250,112,96
SUPER_19,3570000,343,37,31,411,162,181
SUPER_19,3580000,450,50,32,532,201,249
SUPER_19,3590000,117,11,4,132,51,66
SUPER_19,3600000,349,37,53,439,159,190
SUPER_19,3610000,311,36,25,372,164,147
SUPER_19,3620000,360,37,31,428,167,193
SUPER_19,3630000,377,32,35,444,203,174
SUPER_19,3640000,346,22,25,393,160,186
SUPER_19,3650000,336,37,31,404,136,200
SUPER_19,3660000,328,25,29,382,169,159
SUPER_19,3670000,367,36,34,437,160,207
SUPER_19,3680000,337,34,41,412,160,177
SUPER_19,3690000,397,32,41,470,178,219
SUPER_19,3700000,391,31,33,455,177,214
SUPER_19,3710000,295,21,28,344,158,137
SUPER_19,3720000,249,31,35,315,115,134
SUPER_19,3730000,307,36,30,373,133,174
SUPER_19,3740000,367,35,34,436,195,172
SUPER_19,3750000,198,20,16,234,97,101
SUPER_19,3760000,469,44,44,557,217,252
SUPER_19,3770000,306,31,31,368,151,155
SUPER_19,3780000,287,21,25,333,137,150
SUPER_19,3790000,138,9,16,163,60,78
SUPER_19,3800000,174,23,23,220,84,90
SUPER_19,3810000,300,27,44,371,153,147
SUPER_19,3820000,252,17,19,288,123,129
SUPER_19,3830000,368,34,36,438,173,195
SUPER_19,3840000,351,30,40,421,169,182
SUPER_19,3850000,257,37,24,318,136,121
SUPER_19,3860000,240,20,16,276,124,116
SUPER_19,3870000,226,20,9,255,106,120
SUPER_19,3880000,190,14,15,219,81,109
SUPER_19,3890000,334,22,36,392,163,171
SUPER_19,3900000,266,27,21,314,145,121
SUPER_19,3910000,398,43,37,478,180,218
SUPER_19,3920000,291,29,25,345,133,158
SUPER_19,3930000,89,13,9,111,50,39
SUPER_19,3940000,242,12,18,272,117,125
SUPER_19,3950000,200,20,16,236,102,98
SUPER_19,3960000,303,23,31,357,167,136
SUPER_19,3970000,295,31,23,349,136,159
SUPER_19,3980000,299,29,16,344,154,145
SUPER_19,3990000,181,18,17,216,89,92
SUPER_19,4000000,277,27,22,326,131,146
SUPER_19,4010000,418,40,34,492,186,232
SUPER_19,4020000,415,42,34,491,200,215
SUPER_19,4030000,338,36,35,409,155,183
SUPER_19,4040000,289,27,20,336,136,153
SUPER_19,4050000,244,28,26,298,110,134
SUPER_19,4060000,355,41,29,425,178,177
SUPER_19,4070000,241,27,10,278,120,121
SUPER_19,4080000,259,21,26,306,133,126
SUPER_19,4090000,298,22,19,339,144,154
SUPER_19,4100000,240,22,21,283,125,115
SUPER_19,4110000,190,24,14,228,87,103
SUPER_19,4120000,162,16,20,198,69,93
SUPER_19,4130000,212,17,21,250,106,106
SUPER_19,4140000,305,26,34,365,159,146
SUPER_19,4150000,8,1,1,10,3,5
SUPER_19,4160000,199,28,19,246,77,122
SUPER_19,4170000,311,29,35,375,140,171
SUPER_19,4180000,225,27,23,275,114,111
SUPER_19,4190000,204,24,13,241,103,101
SUPER_19,4200000,256,11,23,290,131,125
SUPER_19,4210000,278,35,20,333,131,147
SUPER_19,4220000,122,4,17,143,53,69
SUPER_19,4230000,298,21,24,343,156,142
SUPER_19,4240000,339,39,29,407,148,191
SUPER_19,4250000,313,26,16,355,144,169
SUPER_19,4260000,352,23,24,399,169,183
SUPER_19,4270000,63,11,5,79,38,25
SUPER_19,4280000,343,37,32,412,162,181
SUPER_19,4290000,259,18,24,301,130,129
SUPER_19,4300000,213,24,12,249,115,98
SUPER_19,4310000,88,6,13,107,46,42
SUPER_19,4320000,240,26,16,282,119,121
SUPER_19,4330000,283,29,20,332,155,128
SUPER_19,4340000,363,40,33,436,178,185
SUPER_19,4350000,223,19,14,256,110,113
SUPER_19,4360000,54,3,10,67,26,28
SUPER_19,4370000,90,9,14,113,42,48
SUPER_19,4380000,0,0,0,0,0,0
SUPER_19,4390000,0,0,0,0,0,0
SUPER_19,4400000,46,7,6,59,18,28
SUPER_19,4410000,86,14,9,109,41,45
SUPER_19,4420000,116,14,15,145,58,58
SUPER_19,4430000,40,7,4,51,25,15
SUPER_19,4440000,76,11,12,99,35,41
SUPER_19,4450000,60,7,7,74,26,34
SUPER_19,4460000,249,15,26,290,126,123
SUPER_19,4470000,248,28,26,302,119,129
SUPER_19,4480000,223,27,20,270,119,104
SUPER_19,4490000,248,16,20,284,108,140
SUPER_19,4500000,284,39,45,368,139,145
SUPER_19,4510000,230,32,24,286,104,126
SUPER_19,4520000,239,21,24,284,121,118
SUPER_19,4530000,285,34,34,353,153,132
SUPER_19,4540000,271,24,22,317,129,142
SUPER_19,4550000,304,29,30,363,140,164
SUPER_19,4560000,235,18,14,267,105,130
SUPER_19,4570000,184,16,15,215,92,92
SUPER_19,4580000,125,12,15,152,49,76
SUPER_19,4590000,147,15,14,176,67,80
SUPER_19,4600000,183,10,19,212,107,76
SUPER_19,4610000,148,16,21,185,79,69
SUPER_19,4620000,228,21,23,272,113,115
SUPER_19,4630000,144,16,19,179,71,73
SUPER_19,4640000,161,12,22,195,77,84
SUPER_19,4650000,229,22,24,275,112,117
SUPER_19,4660000,234,20,32,286,101,133
SUPER_19,4670000,305,23,34,362,141,164
SUPER_19,4680000,274,25,24,323,136,138
SUPER_19,4690000,99,16,15,130,47,52
SUPER_19,4700000,242,24,31,297,127,115
SUPER_19,4710000,115,13,19,147,56,59
SUPER_19,4720000,176,13,15,204,96,80
SUPER_19,4730000,142,15,10,167,61,81
SUPER_19,4740000,204,17,20,241,91,113
SUPER_19,4750000,215,24,26,265,115,100
SUPER_19,4760000,195,14,12,221,119,76
SUPER_19,4770000,259,20,21,300,133,126
SUPER_19,4780000,192,18,15,225,109,83
SUPER_19,4790000,251,20,31,302,129,122
SUPER_19,4800000,151,18,11,180,75,76
SUPER_19,4810000,360,43,29,432,175,185
SUPER_19,4820000,199,13,20,232,93,106
SUPER_19,4830000,227,20,15,262,118,109
SUPER_19,4840000,145,7,12,164,84,61
SUPER_19,4850000,167,13,18,198,84,83
SUPER_19,4860000,197,24,17,238,106,91
SUPER_19,4870000,144,8,11,163,79,65
SUPER_19,4880000,229,15,17,261,122,107
SUPER_19,4890000,157,14,12,183,69,88
SUPER_19,4900000,232,23,23,278,110,122
SUPER_19,4910000,147,13,16,176,73,74
SUPER_19,4920000,84,5,6,95,44,40
SUPER_19,4930000,115,11,15,141,61,54
SUPER_19,4940000,86,5,7,98,37,49
SUPER_19,4950000,128,8,7,143,73,55
SUPER_19,4960000,212,22,30,264,111,101
SUPER_19,4970000,248,29,29,306,134,114
SUPER_19,4980000,257,22,31,310,132,125
SUPER_19,4990000,176,16,26,218,80,96
SUPER_19,5000000,155,13,14,182,89,66
SUPER_19,5010000,237,22,31,290,119,118
SUPER_19,5020000,218,14,20,252,113,105
SUPER_19,5030000,211,18,18,247,101,110
SUPER_19,5040000,175,16,14,205,90,85
SUPER_19,5050000,0,2,0,2,0,0
SUPER_19,5060000,283,24,37,344,139,144
SUPER_19,5070000,100,8,12,120,42,58
SUPER_19,5080000,280,30,31,341,144,136
SUPER_19,5090000,239,28,20,287,112,127
SUPER_19,5100000,188,13,18,219,101,87
SUPER_19,5110000,420,46,37,503,196,224
SUPER_19,5120000,217,24,23,264,100,117
SUPER_19,5130000,170,22,11,203,82,88
SUPER_19,5140000,195,21,15,231,99,96
SUPER_19,5150000,295,19,31,345,144,151
SUPER_19,5160000,142,22,13,177,79,63
SUPER_19,5170000,286,36,32,354,148,138
SUPER_19,5180000,197,14,17,228,96,101
SUPER_19,5190000,336,32,26,394,160,176
SUPER_19,5200000,371,32,40,443,157,214
SUPER_19,5210000,122,14,13,149,59,63
SUPER_19,5220000,265,35,16,316,123,142
SUPER_19,5230000,206,17,25,248,91,115
SUPER_19,5240000,166,11,19,196,85,81
SUPER_19,5250000,206,26,26,258,86,120
SUPER_19,5260000,201,22,22,245,104,97
SUPER_19,5270000,300,34,24,358,146,154
SUPER_19,5280000,376,37,31,444,179,197
SUPER_19,5290000,402,35,42,479,222,180
SUPER_19,5300000,253,24,27,304,118,135
SUPER_19,5310000,327,30,30,387,152,175
SUPER_19,5320000,152,10,12,174,79,73
SUPER_19,5330000,259,27,21,307,133,126
SUPER_19,5340000,298,22,25,345,149,149
SUPER_19,5350000,231,12,20,263,122,109
SUPER_19,5360000,150,15,10,175,83,67
SUPER_19,5370000,211,23,20,254,102,109
SUPER_19,5380000,240,22,21,283,131,109
SUPER_19,5390000,225,24,17,266,114,111
SUPER_19,5400000,208,13,22,243,108,100
SUPER_19,5410000,321,28,38,387,152,169
SUPER_19,5420000,355,31,22,408,164,191
SUPER_19,5430000,109,19,7,135,46,63
SUPER_19,5440000,293,40,24,357,135,158
SUPER_19,5450000,128,10,9,147,64,64
SUPER_19,5460000,228,23,21,272,110,118
SUPER_19,5470000,295,16,26,337,144,151
SUPER_19,5480000,237,27,20,284,115,122
SUPER_19,5490000,256,25,16,297,116,140
SUPER_19,5500000,215,10,18,243,103,112
SUPER_19,5510000,311,29,25,365,143,168
SUPER_19,5520000,266,23,20,309,121,145
SUPER_19,5530000,411,37,28,476,202,209
SUPER_19,5540000,235,27,27,289,130,105
SUPER_19,5550000,321,34,34,389,162,159
SUPER_19,5560000,148,18,21,187,79,69
SUPER_19,5570000,352,31,27,410,176,176
SUPER_19,5580000,218,20,15,253,79,139
SUPER_19,5590000,233,20,19,272,120,113
SUPER_19,5600000,329,31,25,385,171,158
SUPER_19,5610000,293,32,28,353,162,131
SUPER_19,5620000,201,22,18,241,114,87
SUPER_19,5630000,153,18,13,184,74,79
SUPER_19,5640000,210,25,23,258,110,100
SUPER_19,5650000,114,12,15,141,62,52
SUPER_19,5660000,207,19,23,249,109,98
SUPER_19,5670000,314,30,35,379,150,164
SUPER_19,5680000,171,18,15,204,74,97
SUPER_19,5690000,191,19,19,229,93,98
SUPER_19,5700000,247,24,29,300,129,118
SUPER_19,5710000,222,20,42,284,101,121
SUPER_19,5720000,174,17,16,207,80,94
SUPER_19,5730000,256,22,20,298,126,130
SUPER_19,5740000,303,25,39,367,142,161
SUPER_19,5750000,267,31,29,327,134,133
SUPER_19,5760000,0,0,0,0,0,0
SUPER_19,5770000,0,0,0,0,0,0
SUPER_19,5780000,304,22,43,369,149,155
SUPER_19,5790000,222,17,22,261,119,103
SUPER_19,5800000,321,27,24,372,162,159
SUPER_19,5810000,235,21,28,284,118,117
SUPER_19,5820000,266,24,16,306,138,128
SUPER_19,5830000,175,15,25,215,87,88
SUPER_19,5840000,76,12,7,95,37,39
SUPER_19,5850000,262,22,22,306,123,139
SUPER_19,5860000,207,32,18,257,104,103
SUPER_19,5870000,259,18,30,307,127,132
SUPER_19,5880000,133,17,8,158,56,77
SUPER_19,5890000,244,28,15,287,121,123
SUPER_19,5900000,313,27,20,360,144,169
SUPER_19,5910000,93,14,11,118,46,47
SUPER_19,5920000,237,18,22,277,106,131
SUPER_19,5930000,283,19,31,333,117,166
SUPER_19,5940000,126,14,8,148,71,55
SUPER_19,5950000,141,14,15,170,84,57
SUPER_19,5960000,56,7,3,66,27,29
SUPER_19,5970000,291,33,31,355,132,159
SUPER_19,5980000,341,32,24,397,150,191
SUPER_19,5990000,234,17,28,279,127,107
SUPER_19,6000000,204,18,18,240,98,106
SUPER_19,6010000,270,28,27,325,133,137
SUPER_19,6020000,207,18,22,247,95,112
SUPER_19,6030000,172,23,15,210,72,100
SUPER_19,6040000,256,22,31,309,136,120
SUPER_19,6050000,211,25,21,257,103,108
SUPER_19,6060000,290,30,28,348,134,156
SUPER_19,6070000,249,25,38,312,127,122
SUPER_19,6080000,366,46,38,450,160,206
SUPER_19,6090000,249,32,24,305,118,131
SUPER_19,6100000,298,32,28,358,143,155
SUPER_19,6110000,312,29,45,386,135,177
SUPER_19,6120000,212,21,24,257,107,105
SUPER_19,6130000,217,17,29,263,102,115
SUPER_19,6140000,394,30,34,458,186,208
SUPER_19,6150000,106,11,9,126,61,45
SUPER_19,6160000,255,21,29,305,130,125
SUPER_19,6170000,245,23,26,294,117,128
SUPER_19,6180000,162,20,17,199,95,67
SUPER_19,6190000,172,14,20,206,80,92
SUPER_19,6200000,208,20,15,243,94,114
SUPER_19,6210000,229,22,21,272,115,114
SUPER_19,6220000,343,30,33,406,171,172
SUPER_19,6230000,265,22,30,317,132,133
SUPER_19,6240000,143,19,16,178,65,78
SUPER_19,6250000,204,11,18,233,114,90
SUPER_19,6260000,123,11,7,141,69,54
SUPER_19,6270000,50,12,2,64,30,20
SUPER_19,6280000,266,22,25,313,134,132
SUPER_19,6290000,240,20,17,277,128,112
SUPER_19,6300000,165,18,11,194,81,84
SUPER_19,6310000,283,37,24,344,151,132
SUPER_19,6320000,196,20,17,233,95,101
SUPER_19,6330000,236,21,24,281,95,141
SUPER_19,6340000,291,33,22,346,134,157
SUPER_19,6350000,249,21,19,289,103,146
SUPER_19,6360000,335,26,36,397,171,164
SUPER_19,6370000,320,37,25,382,153,167
SUPER_19,6380000,292,27,26,345,135,157
SUPER_19,6390000,86,8,9,103,37,49
SUPER_19,6400000,244,32,13,289,115,129
SUPER_19,6410000,214,17,12,243,109,105
SUPER_19,6420000,181,22,12,215,86,95
SUPER_19,6430000,251,38,18,307,113,138
SUPER_19,6440000,135,12,9,156,57,78
SUPER_19,6450000,151,8,7,166,71,80
SUPER_19,6460000,322,29,28,379,172,150
SUPER_19,6470000,344,28,31,403,178,166
SUPER_19,6480000,290,17,20,327,150,140
SUPER_19,6490000,235,16,19,270,122,113
SUPER_19,6500000,27,2,4,33,18,9
SUPER_19,6510000,250,29,22,301,110,140
SUPER_19,6520000,219,34,28,281,115,104
SUPER_19,6530000,305,33,26,364,155,150
SUPER_19,6540000,263,25,15,303,117,146
SUPER_19,6550000,350,36,34,420,160,190
SUPER_19,6560000,136,8,12,156,71,65
SUPER_19,6570000,101,5,8,114,56,45
SUPER_19,6580000,193,21,10,224,87,106
SUPER_19,6590000,248,24,18,290,124,124
SUPER_19,6600000,109,6,8,123,56,53
SUPER_19,6610000,184,15,11,210,91,93
SUPER_19,6620000,0,0,0,0,0,0
SUPER_19,6630000,0,0,0,0,0,0
SUPER_19,6640000,0,0,0,0,0,0
SUPER_19,6650000,5,1,0,6,1,4
SUPER_19,6660000,0,0,0,0,0,0
SUPER_19,6670000,0,0,0,0,0,0
SUPER_19,6680000,0,0,0,0,0,0
SUPER_19,6690000,0,0,0,0,0,0
SUPER_19,6700000,0,0,0,0,0,0
SUPER_19,6710000,0,0,0,0,0,0
SUPER_19,6720000,0,0,0,0,0,0
SUPER_19,6730000,112,7,9,128,53,59
SUPER_19,6740000,95,13,8,116,44,51
SUPER_19,6750000,52,3,2,57,28,24
SUPER_19,6760000,62,7,1,70,25,37
SUPER_19,6770000,0,1,0,1,0,0
SUPER_19,6780000,159,15,15,189,88,71
SUPER_19,6790000,124,15,11,150,60,64
SUPER_19,6800000,59,6,7,72,26,33
SUPER_19,6810000,154,15,13,182,74,80
SUPER_19,6820000,128,7,9,144,68,60
SUPER_19,6830000,93,8,10,111,38,55
SUPER_19,6840000,0,0,0,0,0,0
SUPER_19,6850000,0,0,0,0,0,0
SUPER_19,6860000,0,2,0,2,0,0
SUPER_19,6870000,0,0,0,0,0,0
SUPER_19,6880000,0,0,0,0,0,0
SUPER_19,6890000,0,0,0,0,0,0
SUPER_19,6900000,0,0,0,0,0,0
SUPER_19,6910000,0,0,0,0,0,0
SUPER_19,6920000,95,9,8,112,52,43
SUPER_19,6930000,237,18,19,274,119,118
SUPER_19,6940000,198,15,10,223,101,97
SUPER_19,6950000,0,0,0,0,0,0
SUPER_19,6960000,0,0,0,0,0,0
SUPER_19,6970000,302,15,32,349,143,159
SUPER_19,6980000,0,0,0,0,0,0
SUPER_19,6990000,0,0,0,0,0,0
SUPER_19,7000000,0,0,0,0,0,0
SUPER_19,7010000,60,7,5,72,30,30
SUPER_19,7020000,145,9,6,160,85,60
SUPER_19,7030000,0,1,0,1,0,0
SUPER_19,7040000,0,0,0,0,0,0
SUPER_19,7050000,0,0,0,0,0,0
SUPER_19,7060000,0,0,0,0,0,0
SUPER_19,7070000,0,3,0,3,0,0
SUPER_19,7080000,0,2,0,2,0,0
SUPER_19,7090000,19,3,2,24,7,12
SUPER_19,7100000,24,2,3,29,10,14
SUPER_19,7110000,28,2,4,34,15,13
SUPER_19,7120000,119,11,20,150,56,63
SUPER_19,7130000,19,2,1,22,10,9
SUPER_19,7140000,56,9,11,76,36,20
SUPER_19,7150000,210,18,32,260,93,117
SUPER_19,7160000,77,2,8,87,45,32
SUPER_19,7170000,183,18,12,213,85,98
SUPER_19,7180000,200,15,19,234,86,114
SUPER_19,7190000,297,22,30,349,153,144
SUPER_19,7200000,325,28,35,388,163,162
SUPER_19,7210000,281,34,28,343,145,136
SUPER_19,7220000,195,24,18,237,89,106
SUPER_19,7230000,149,18,23,190,61,88
SUPER_19,7240000,206,26,23,255,111,95
SUPER_19,7250000,115,14,4,133,62,53
SUPER_19,7260000,181,14,14,209,99,82
SUPER_19,7270000,243,28,23,294,118,125
SUPER_19,7280000,130,12,20,162,62,68
SUPER_19,7290000,143,15,16,174,57,86
SUPER_19,7300000,321,38,33,392,154,167
SUPER_19,7310000,318,34,30,382,151,167
SUPER_19,7320000,241,26,22,289,118,123
SUPER_19,7330000,121,11,13,145,66,55
SUPER_19,7340000,126,11,6,143,67,59
SUPER_19,7350000,111,19,23,153,41,70
SUPER_19,7360000,106,9,3,118,53,53
SUPER_19,7370000,150,20,17,187,63,87
SUPER_19,7380000,1,1,0,2,1,0
SUPER_19,7390000,158,13,17,188,70,88
SUPER_19,7400000,198,24,21,243,106,92
SUPER_19,7410000,213,21,17,251,101,112
SUPER_19,7420000,152,14,16,182,70,82
SUPER_19,7430000,199,21,22,242,80,119
SUPER_19,7440000,76,9,8,93,31,45
SUPER_19,7450000,172,23,16,211,81,91
SUPER_19,7460000,155,22,14,191,62,93
SUPER_19,7470000,148,17,13,178,71,77
SUPER_19,7480000,210,16,22,248,82,128
SUPER_19,7490000,176,23,13,212,81,95
SUPER_19,7500000,156,22,18,196,75,81
SUPER_19,7510000,263,27,18,308,129,134
SUPER_19,7520000,339,47,15,401,151,188
SUPER_19,7530000,209,34,20,263,93,116
SUPER_19,7540000,20,1,1,22,9,11
SUPER_19,7550000,78,8,9,95,42,36
SUPER_19,7560000,0,0,0,0,0,0
SUPER_19,7570000,0,0,0,0,0,0
SUPER_19,7580000,0,0,0,0,0,0
SUPER_19,7590000,0,0,0,0,0,0
SUPER_19,7600000,12,3,1,16,6,6
SUPER_19,7610000,102,3,7,112,55,47
SUPER_19,7620000,78,9,4,91,41,37
SUPER_19,7630000,141,15,17,173,65,76
SUPER_19,7640000,314,32,30,376,152,162
SUPER_19,7650000,237,18,24,279,130,107
SUPER_19,7660000,113,13,13,139,62,51
SUPER_19,7670000,165,18,17,200,79,86
SUPER_19,7680000,156,12,14,182,91,65
SUPER_19,7690000,267,32,28,327,125,142
SUPER_19,7700000,212,27,24,263,108,104
SUPER_19,7710000,184,16,12,212,92,92
SUPER_19,7720000,299,31,36,366,144,155
SUPER_19,7730000,71,12,8,91,30,41
SUPER_19,7740000,219,12,17,248,106,113
SUPER_19,7750000,96,12,15,123,51,45
SUPER_19,7760000,141,13,17,171,71,70
SUPER_19,7770000,273,30,27,330,139,134
SUPER_19,7780000,253,34,35,322,129,124
SUPER_19,7790000,53,5,2,60,22,31
SUPER_19,7800000,231,27,18,276,110,121
SUPER_19,7810000,177,16,8,201,93,84
SUPER_19,7820000,239,31,27,297,105,134
SUPER_19,7830000,127,17,13,157,66,61
SUPER_19,7840000,293,20,26,339,151,142
SUPER_19,7850000,316,30,28,374,153,163
SUPER_19,7860000,286,19,18,323,126,160
SUPER_19,7870000,165,13,12,190,85,80
SUPER_19,7880000,339,37,29,405,179,160
SUPER_19,7890000,41,3,6,50,20,21
SUPER_19,7900000,176,15,13,204,91,85
SUPER_19,7910000,265,31,33,329,125,140
SUPER_19,7920000,252,26,15,293,127,125
SUPER_19,7930000,129,13,10,152,64,65
SUPER_19,7940000,228,22,21,271,111,117
SUPER_19,7950000,217,21,21,259,112,105
SUPER_19,7960000,209,28,18,255,92,117
SUPER_19,7970000,237,22,18,277,123,114
SUPER_19,7980000,189,14,14,217,101,88
SUPER_19,7990000,243,19,26,288,130,113
SUPER_19,8000000,216,17,24,257,111,105
SUPER_19,8010000,236,15,22,273,133,103
SUPER_19,8020000,235,21,22,278,105,130
SUPER_19,8030000,116,12,6,134,68,48
SUPER_19,8040000,304,29,19,352,155,149
SUPER_19,8050000,277,28,22,327,144,133
SUPER_19,8060000,167,15,16,198,81,86
SUPER_19,8070000,254,19,26,299,128,126
SUPER_19,8080000,265,27,23,315,128,137
SUPER_19,8090000,284,33,31,348,150,134
SUPER_19,8100000,233,20,34,287,106,127
SUPER_19,8110000,256,23,30,309,134,122
SUPER_19,8120000,243,23,23,289,111,132
SUPER_19,8130000,125,7,15,147,73,52
SUPER_19,8140000,213,22,34,269,106,107
SUPER_19,8150000,172,18,20,210,86,86
SUPER_19,8160000,259,30,33,322,130,129
SUPER_19,8170000,95,2,14,111,53,42
SUPER_19,8180000,306,30,29,365,143,163
SUPER_19,8190000,278,22,20,320,153,125
SUPER_19,8200000,116,7,8,131,64,52
SUPER_19,8210000,289,23,29,341,138,151
SUPER_19,8220000,341,35,29,405,169,172
SUPER_19,8230000,162,17,12,191,92,70
SUPER_19,8240000,247,18,19,284,118,129
SUPER_19,8250000,267,21,25,313,126,141
SUPER_19,8260000,204,22,18,244,107,97
SUPER_19,8270000,176,17,12,205,86,90
SUPER_19,8280000,264,28,18,310,111,153
SUPER_19,8290000,238,28,22,288,115,123
SUPER_19,8300000,178,18,16,212,89,89
SUPER_19,8310000,314,31,30,375,140,174
SUPER_19,8320000,316,28,31,375,181,135
SUPER_19,8330000,366,37,34,437,180,186
SUPER_19,8340000,311,26,42,379,160,151
SUPER_19,8350000,306,28,24,358,141,165
SUPER_19,8360000,255,33,17,305,122,133
SUPER_19,8370000,319,31,25,375,159,160
SUPER_19,8380000,335,32,24,391,167,168
SUPER_19,8390000,0,0,0,0,0,0
SUPER_19,8400000,0,0,0,0,0,0
SUPER_19,8410000,265,19,25,309,128,137
SUPER_19,8420000,324,46,28,398,161,163
SUPER_19,8430000,280,30,28,338,121,159
SUPER_19,8440000,308,27,35,370,150,158
SUPER_19,8450000,347,38,26,411,190,157
SUPER_19,8460000,109,6,8,123,58,51
SUPER_19,8470000,155,7,18,180,82,73
SUPER_19,8480000,245,18,28,291,112,133
SUPER_19,8490000,161,14,14,189,86,75
SUPER_19,8500000,265,16,32,313,139,126
SUPER_19,8510000,205,25,23,253,113,92
SUPER_19,8520000,309,20,27,356,144,165
SUPER_19,8530000,6,1,2,9,3,3
SUPER_19,8540000,211,12,27,250,100,111
SUPER_19,8550000,274,19,19,312,125,149
SUPER_19,8560000,142,12,18,172,69,73
SUPER_19,8570000,231,22,19,272,107,124
SUPER_19,8580000,201,21,15,237,98,103
SUPER_19,8590000,345,38,22,405,179,166
SUPER_19,8600000,259,18,25,302,126,133
SUPER_19,8610000,244,22,15,281,132,112
SUPER_19,8620000,366,34,28,428,188,178
SUPER_19,8630000,241,12,28,281,118,123
SUPER_19,8640000,360,36,32,428,187,173
SUPER_19,8650000,210,10,19,239,100,110
SUPER_19,8660000,140,12,13,165,73,67
SUPER_19,8670000,344,33,25,402,161,183
SUPER_19,8680000,264,22,25,311,131,133
SUPER_19,8690000,422,24,30,476,220,202
SUPER_19,8700000,335,35,27,397,150,185
SUPER_19,8710000,106,11,6,123,53,53
SUPER_19,8720000,85,8,7,100,39,46
SUPER_19,8730000,173,25,19,217,91,82
SUPER_19,8740000,382,45,23,450,189,193
SUPER_19,8750000,355,32,39,426,167,188
SUPER_19,8760000,342,34,29,405,160,182
SUPER_19,8770000,198,20,14,232,90,108
SUPER_19,8780000,276,30,30,336,135,141
SUPER_19,8790000,303,31,30,364,138,165
SUPER_19,8800000,300,32,26,358,151,149
SUPER_19,8810000,339,31,26,396,185,154
SUPER_19,8820000,362,41,38,441,188,174
SUPER_19,8830000,440,37,36,513,207,233
SUPER_19,8840000,373,34,23,430,174,199
SUPER_19,8850000,215,22,22,259,112,103
SUPER_19,8860000,263,24,21,308,127,136
SUPER_19,8870000,325,25,28,378,163,162
SUPER_19,8880000,221,21,24,266,108,113
SUPER_19,8890000,166,15,21,202,91,75
SUPER_19,8900000,106,11,14,131,53,53
SUPER_19,8910000,325,28,40,393,162,163
SUPER_19,8920000,204,9,18,231,109,95
SUPER_19,8930000,200,15,15,230,100,100
SUPER_19,8940000,79,7,2,88,44,35
SUPER_19,8950000,220,24,17,261,107,113
SUPER_19,8960000,59,4,4,67,32,27
SUPER_19,8970000,235,25,18,278,106,129
SUPER_19,8980000,276,25,18,319,142,134
SUPER_19,8990000,232,37,16,285,116,116
SUPER_19,9000000,222,17,29,268,105,117
SUPER_19,9010000,303,31,41,375,157,146
SUPER_19,9020000,196,27,23,246,99,97
SUPER_19,9030000,128,17,7,152,69,59
SUPER_19,9040000,134,14,9,157,68,66
SUPER_19,9050000,44,2,1,47,26,18
SUPER_19,9060000,49,1,3,53,27,22
SUPER_19,9070000,75,4,4,83,45,30
SUPER_19,9080000,53,6,8,67,22,31
SUPER_19,9090000,74,7,7,88,28,46
SUPER_19,9100000,55,9,4,68,23,32
SUPER_19,9110000,131,16,4,151,61,70
SUPER_19,9120000,125,12,16,153,66,59
SUPER_19,9130000,318,32,31,381,146,172
SUPER_19,9140000,330,38,31,399,155,175
SUPER_19,9150000,318,26,30,374,157,161
SUPER_19,9160000,301,25,21,347,150,151
SUPER_19,9170000,242,24,23,289,131,111
SUPER_19,9180000,201,18,21,240,97,104
SUPER_19,9190000,259,17,22,298,136,123
SUPER_19,9200000,321,30,30,381,157,164
SUPER_19,9210000,288,20,31,339,136,152
SUPER_19,9220000,195,20,21,236,100,95
SUPER_19,9230000,281,34,28,343,147,134
SUPER_19,9240000,105,12,7,124,50,55
SUPER_19,9250000,288,25,22,335,144,144
SUPER_19,9260000,304,25,40,369,154,150
SUPER_19,9270000,129,15,16,160,62,67
SUPER_19,9280000,144,19,10,173,72,72
SUPER_19,9290000,99,9,6,114,44,55
SUPER_19,9300000,242,34,38,314,118,124
SUPER_19,9310000,370,36,29,435,180,190
SUPER_19,9320000,119,11,16,146,54,65
SUPER_19,9330000,81,2,4,87,57,24
SUPER_19,9340000,191,20,16,227,89,102
SUPER_19,9350000,259,30,22,311,135,124
SUPER_19,9360000,271,42,23,336,136,135
SUPER_19,9370000,263,20,29,312,120,143
SUPER_19,9380000,205,14,23,242,97,108
SUPER_19,9390000,178,12,17,207,90,88
SUPER_19,9400000,432,35,43,510,213,219
SUPER_19,9410000,174,16,11,201,87,87
SUPER_19,9420000,130,16,11,157,61,69
SUPER_19,9430000,1,2,2,5,0,1
SUPER_19,9440000,2,1,0,3,0,2
SUPER_19,9450000,0,1,1,2,0,0
SUPER_19,9460000,35,7,7,49,14,21
SUPER_19,9470000,93,6,2,101,37,56
SUPER_19,9480000,361,26,29,416,177,184
SUPER_19,9490000,235,15,19,269,119,116
SUPER_19,9500000,443,32,32,507,217,226
SUPER_19,9510000,242,29,15,286,123,119
SUPER_19,9520000,334,35,38,407,174,160
SUPER_19,9530000,343,43,37,423,165,178
SUPER_19,9540000,299,27,20,346,152,147
SUPER_19,9550000,354,41,24,419,181,173
SUPER_19,9560000,298,24,25,347,146,152
SUPER_19,9570000,294,32,27,353,129,165
SUPER_19,9580000,199,13,15,227,115,84
SUPER_19,9590000,201,15,27,243,88,113
SUPER_19,9600000,369,29,31,429,195,174
SUPER_19,9610000,267,24,19,310,143,124
SUPER_19,9620000,240,17,17,274,118,122
SUPER_19,9630000,175,15,10,200,95,80
SUPER_19,9640000,213,16,17,246,99,114
SUPER_19,9650000,283,32,27,342,139,144
SUPER_19,9660000,273,28,30,331,140,133
SUPER_19,9670000,255,21,19,295,119,136
SUPER_19,9680000,155,14,16,185,73,82
SUPER_19,9690000,271,30,31,332,109,162
SUPER_19,9700000,366,25,31,422,192,174
SUPER_19,9710000,183,15,11,209,86,97
SUPER_19,9720000,253,25,22,300,125,128
SUPER_19,9730000,226,21,17,264,106,120
SUPER_19,9740000,306,36,22,364,141,165
SUPER_19,9750000,419,38,27,484,192,227
SUPER_19,9760000,343,23,33,399,163,180
SUPER_19,9770000,76,6,3,85,44,32
SUPER_19,9780000,319,22,27,368,148,171
SUPER_19,9790000,310,18,24,352,151,159
SUPER_19,9800000,332,35,23,390,170,162
SUPER_19,9810000,276,19,31,326,139,137
SUPER_19,9820000,230,34,14,278,105,125
SUPER_19,9830000,407,39,34,480,212,195
SUPER_19,9840000,363,33,29,425,180,183
SUPER_19,9850000,302,26,21,349,162,140
SUPER_19,9860000,317,25,24,366,161,156
SUPER_19,9870000,158,25,13,196,80,78
SUPER_19,9880000,265,28,15,308,132,133
SUPER_19,9890000,355,19,19,393,183,172
SUPER_19,9900000,380,29,36,445,171,209
SUPER_19,9910000,262,22,31,315,134,128
SUPER_19,9920000,156,14,13,183,84,72
SUPER_19,9930000,206,14,23,243,112,94
SUPER_19,9940000,339,22,29,390,173,166
SUPER_19,9950000,333,28,19,380,156,177
SUPER_19,9960000,447,30,37,514,238,209
SUPER_19,9970000,289,25,34,348,143,146
SUPER_19,9980000,157,10,18,185,75,82
SUPER_19,9990000,317,29,24,370,151,166
SUPER_19,10000000,249,17,18,284,131,118
SUPER_19,10010000,397,39,32,468,203,194
SUPER_19,10020000,140,14,16,170,60,80
SUPER_19,10030000,382,40,27,449,197,185
SUPER_19,10040000,324,30,33,387,168,156
SUPER_19,10050000,241,25,21,287,119,122
SUPER_19,10060000,216,16,28,260,96,120
SUPER_19,10070000,216,15,24,255,97,119
SUPER_19,10080000,209,9,23,241,109,100
SUPER_19,10090000,265,28,24,317,153,112
SUPER_19,10100000,402,39,32,473,181,221
SUPER_19,10110000,269,20,15,304,128,141
SUPER_19,10120000,134,8,10,152,66,68
SUPER_19,10130000,391,39,41,471,182,209
SUPER_19,10140000,192,15,23,230,96,96
SUPER_19,10150000,128,6,16,150,52,76
SUPER_19,10160000,356,41,39,436,166,190
SUPER_19,10170000,442,24,37,503,212,230
SUPER_19,10180000,405,45,45,495,184,221
SUPER_19,10190000,347,32,36,415,167,180
SUPER_19,10200000,1,0,0,1,1,0
SUPER_19,10210000,104,10,14,128,45,59
SUPER_19,10220000,354,36,26,416,192,162
SUPER_19,10230000,112,11,14,137,53,59
SUPER_19,10240000,212,21,23,256,110,102
SUPER_19,10250000,357,27,36,420,171,186
SUPER_19,10260000,328,40,20,388,147,181
SUPER_19,10270000,120,13,11,144,63,57
SUPER_19,10280000,287,29,29,345,152,135
SUPER_19,10290000,297,24,24,345,156,141
SUPER_19,10300000,366,29,23,418,183,183
SUPER_19,10310000,374,40,41,455,162,212
SUPER_19,10320000,317,31,26,374,154,163
SUPER_19,10330000,14,0,3,17,4,10
SUPER_19,10340000,257,22,27,306,128,129
SUPER_19,10350000,37,3,7,47,19,18
SUPER_19,10360000,256,24,26,306,114,142
SUPER_19,10370000,30,4,3,37,12,18
SUPER_19,10380000,318,29,29,376,155,163
SUPER_19,10390000,265,26,29,320,126,139
SUPER_19,10400000,431,27,40,498,228,203
SUPER_19,10410000,340,24,22,386,174,166
SUPER_19,10420000,254,25,20,299,115,139
SUPER_19,10430000,278,20,20,318,141,137
SUPER_19,10440000,274,37,21,332,137,137
SUPER_19,10450000,384,31,38,453,177,207
SUPER_19,10460000,366,38,40,444,192,174
SUPER_19,10470000,223,21,26,270,103,120
SUPER_19,10480000,276,34,27,337,113,163
SUPER_19,10490000,142,8,8,158,82,60
SUPER_19,10500000,171,9,16,196,92,79
SUPER_19,10510000,184,20,17,221,93,91
SUPER_19,10520000,72,8,5,85,35,37
SUPER_19,10530000,339,18,33,390,179,160
SUPER_19,10540000,184,17,15,216,85,99
SUPER_19,10550000,105,7,16,128,51,54
SUPER_19,10560000,221,37,22,280,108,113
SUPER_19,10570000,72,6,5,83,39,33
SUPER_19,10580000,316,38,34,388,150,166
SUPER_19,10590000,148,11,16,175,73,75
SUPER_19,10600000,232,22,13,267,129,103
SUPER_19,10610000,269,33,26,328,115,154
SUPER_19,10620000,165,9,22,196,73,92
SUPER_19,10630000,138,10,14,162,60,78
SUPER_19,10640000,0,1,0,1,0,0
SUPER_19,10650000,287,32,22,341,130,157
SUPER_19,10660000,304,40,33,377,159,145
SUPER_19,10670000,377,29,34,440,189,188
SUPER_19,10680000,293,23,25,341,132,161
SUPER_19,10690000,163,14,18,195,81,82
SUPER_19,10700000,231,25,16,272,126,105
SUPER_19,10710000,280,30,24,334,135,145
SUPER_19,10720000,249,29,16,294,125,124
SUPER_19,10730000,432,30,42,504,210,222
SUPER_19,10740000,351,31,48,430,147,204
SUPER_19,10750000,222,20,26,268,110,112
SUPER_19,10760000,153,21,14,188,88,65
SUPER_19,10770000,286,33,22,341,127,159
SUPER_19,10780000,122,12,16,150,57,65
SUPER_19,10790000,187,20,22,229,96,91
SUPER_19,10800000,115,10,12,137,60,55
SUPER_19,10810000,154,18,12,184,80,74
SUPER_19,10820000,215,25,13,253,105,110
SUPER_19,10830000,182,25,14,221,87,95
SUPER_19,10840000,203,22,20,245,107,96
SUPER_19,10850000,165,21,20,206,82,83
SUPER_19,10860000,195,21,24,240,101,94
SUPER_19,10870000,244,23,23,290,126,118
SUPER_19,10880000,134,17,9,160,64,70
SUPER_19,10890000,139,14,14,167,74,65
SUPER_19,10900000,213,28,15,256,109,104
SUPER_19,10910000,146,16,17,179,75,71
SUPER_19,10920000,193,16,16,225,100,93
SUPER_19,10930000,265,12,20,297,141,124
SUPER_19,10940000,329,31,28,388,154,175
SUPER_19,10950000,249,20,13,282,122,127
SUPER_19,10960000,259,13,24,296,121,138
SUPER_19,10970000,219,19,26,264,105,114
SUPER_19,10980000,276,20,30,326,126,150
SUPER_19,10990000,173,24,17,214,88,85
SUPER_19,11000000,92,21,10,123,50,42
SUPER_19,11010000,430,49,36,515,207,223
SUPER_19,11020000,256,21,20,297,129,127
SUPER_19,11030000,336,26,28,390,164,172
SUPER_19,11040000,201,15,15,231,107,94
SUPER_19,11050000,324,23,37,384,163,161
SUPER_19,11060000,246,29,20,295,121,125
SUPER_19,11070000,352,32,21,405,166,186
SUPER_19,11080000,173,23,11,207,83,90
SUPER_19,11090000,318,41,31,390,148,170
SUPER_19,11100000,176,9,18,203,112,64
SUPER_19,11110000,283,22,18,323,144,139
SUPER_19,11120000,361,26,37,424,156,205
SUPER_19,11130000,416,33,38,487,203,213
SUPER_19,11140000,221,16,27,264,116,105
SUPER_19,11150000,355,33,37,425,152,203
SUPER_19,11160000,224,20,29,273,113,111
SUPER_19,11170000,256,22,30,308,145,111
SUPER_19,11180000,146,18,9,173,74,72
SUPER_19,11190000,155,20,24,199,74,81
SUPER_19,11200000,240,25,26,291,106,134
SUPER_19,11210000,257,22,21,300,119,138
SUPER_19,11220000,375,27,33,435,162,213
SUPER_19,11230000,290,19,30,339,145,145
SUPER_19,11240000,330,32,12,374,169,161
SUPER_19,11250000,234,27,29,290,118,116
SUPER_19,11260000,296,34,33,363,138,158
SUPER_19,11270000,241,30,23,294,104,137
SUPER_19,11280000,290,26,45,361,141,149
SUPER_19,11290000,299,29,36,364,172,127
SUPER_19,11300000,313,31,22,366,166,147
SUPER_19,11310000,403,44,31,478,206,197
SUPER_19,11320000,353,35,32,420,194,159
SUPER_19,11330000,330,27,31,388,155,175
SUPER_19,11340000,301,38,17,356,146,155
SUPER_19,11350000,263,22,34,319,139,124
SUPER_19,11360000,287,19,16,322,139,148
SUPER_19,11370000,270,17,21,308,138,132
SUPER_19,11380000,0,0,0,0,0,0
SUPER_19,11390000,0,0,0,0,0,0
SUPER_19,11400000,182,20,9,211,103,79
SUPER_19,11410000,338,23,23,384,158,180
SUPER_19,11420000,316,31,33,380,164,152
SUPER_19,11430000,249,25,22,296,135,114
SUPER_19,11440000,293,28,27,348,136,157
SUPER_19,11450000,211,12,19,242,105,106
SUPER_19,11460000,313,17,25,355,155,158
SUPER_19,11470000,175,13,24,212,89,86
SUPER_19,11480000,276,29,25,330,127,149
SUPER_19,11490000,254,31,27,312,126,128
SUPER_19,11500000,92,2,3,97,53,39
SUPER_19,11510000,170,20,23,213,82,88
SUPER_19,11520000,342,30,32,404,178,164
SUPER_19,11530000,220,26,23,269,113,107
SUPER_19,11540000,242,23,28,293,114,128
SUPER_19,11550000,235,23,19,277,121,114
SUPER_19,11560000,235,16,23,274,126,109
SUPER_19,11570000,217,20,28,265,90,127
SUPER_19,11580000,267,24,27,318,125,142
SUPER_19,11590000,0,0,0,0,0,0
SUPER_19,11600000,0,0,0,0,0,0
SUPER_19,11610000,487,57,44,588,247,240
SUPER_19,11620000,307,29,27,363,141,166
SUPER_19,11630000,275,28,32,335,134,141
SUPER_19,11640000,234,20,14,268,114,120
SUPER_19,11650000,272,24,24,320,135,137
SUPER_19,11660000,275,26,31,332,140,135
SUPER_19,11670000,241,22,19,282,117,124
SUPER_19,11680000,316,31,29,376,149,167
SUPER_19,11690000,358,22,37,417,178,180
SUPER_19,11700000,252,21,17,290,127,125
SUPER_19,11710000,501,40,31,572,254,247
SUPER_19,11720000,388,33,34,455,175,213
SUPER_19,11730000,84,3,7,94,44,40
SUPER_19,11740000,357,25,36,418,190,167
SUPER_19,11750000,233,23,18,274,109,124
SUPER_19,11760000,416,33,39,488,198,218
SUPER_19,11770000,296,22,21,339,146,150
SUPER_19,11780000,265,29,28,322,138,127
SUPER_19,11790000,174,15,18,207,101,73
SUPER_19,11800000,187,12,6,205,99,88
SUPER_19,11810000,380,32,33,445,199,181
SUPER_19,11820000,287,19,29,335,148,139
SUPER_19,11830000,160,11,15,186,73,87
SUPER_19,11840000,266,21,19,306,133,133
SUPER_19,11850000,399,37,39,475,173,226
SUPER_19,11860000,342,28,42,412,158,184
SUPER_19,11870000,295,22,34,351,184,111
SUPER_19,11880000,291,23,19,333,145,146
SUPER_19,11890000,345,33,21,399,196,149
SUPER_19,11900000,322,31,27,380,167,155
SUPER_19,11910000,297,26,24,347,151,146
SUPER_19,11920000,376,25,40,441,192,184
SUPER_19,11930000,334,18,21,373,176,158
SUPER_19,11940000,314,21,35,370,156,158
SUPER_19,11950000,287,11,22,320,144,143
SUPER_19,11960000,249,19,29,297,130,119
SUPER_19,11970000,243,29,20,292,115,128
SUPER_19,11980000,163,14,14,191,95,68
SUPER_19,11990000,238,17,23,278,126,112
SUPER_19,12000000,0,0,0,0,0,0
SUPER_19,12010000,0,0,0,0,0,0
SUPER_19,12020000,0,0,0,0,0,0
SUPER_19,12030000,41,4,3,48,19,22
SUPER_19,12040000,29,5,2,36,20,9
SUPER_19,12050000,4,0,3,7,3,1
SUPER_19,12060000,93,8,7,108,53,40
SUPER_19,12070000,97,11,3,111,62,35
SUPER_19,12080000,208,17,9,234,111,97
SUPER_19,12090000,61,7,6,74,39,22
SUPER_19,12100000,1,3,2,6,0,1
SUPER_19,12110000,0,2,0,2,0,0
SUPER_19,12120000,31,4,0,35,21,10
SUPER_20,10000,0,0,0,0,0,0
SUPER_20,20000,0,0,0,0,0,0
SUPER_20,30000,0,0,0,0,0,0
SUPER_20,40000,0,0,0,0,0,0
SUPER_20,50000,0,0,0,0,0,0
SUPER_20,60000,48,19,21,88,25,23
SUPER_20,70000,184,10,20,214,98,86
SUPER_20,80000,244,27,21,292,120,124
SUPER_20,90000,184,25,11,220,96,88
SUPER_20,100000,218,19,26,263,112,106
SUPER_20,110000,210,27,16,253,96,114
SUPER_20,120000,189,19,14,222,104,85
SUPER_20,130000,121,8,8,137,75,46
SUPER_20,140000,84,5,7,96,36,48
SUPER_20,150000,194,19,13,226,104,90
SUPER_20,160000,236,15,16,267,133,103
SUPER_20,170000,240,26,21,287,117,123
SUPER_20,180000,225,11,18,254,113,112
SUPER_20,190000,293,27,20,340,146,147
SUPER_20,200000,411,37,28,476,195,216
SUPER_20,210000,100,15,14,129,50,50
SUPER_20,220000,221,11,23,255,124,97
SUPER_20,230000,64,8,4,76,36,28
SUPER_20,240000,93,8,8,109,50,43
SUPER_20,250000,294,23,30,347,156,138
SUPER_20,260000,247,25,32,304,120,127
SUPER_20,270000,220,28,24,272,109,111
SUPER_20,280000,155,17,15,187,85,70
SUPER_20,290000,46,11,1,58,21,25
SUPER_20,300000,358,28,32,418,177,181
SUPER_20,310000,350,29,26,405,164,186
SUPER_20,320000,381,40,35,456,184,197
SUPER_20,330000,329,28,31,388,174,155
SUPER_20,340000,270,23,44,337,145,125
SUPER_20,350000,284,26,31,341,130,154
SUPER_20,360000,249,37,24,310,115,134
SUPER_20,370000,32,5,2,39,17,15
SUPER_20,380000,276,27,27,330,135,141
SUPER_20,390000,386,42,34,462,207,179
SUPER_20,400000,390,41,41,472,193,197
SUPER_20,410000,311,40,21,372,146,165
SUPER_20,420000,364,31,18,413,190,174
SUPER_20,430000,331,31,26,388,160,171
SUPER_20,440000,311,27,40,378,140,171
SUPER_20,450000,197,18,20,235,82,115
SUPER_20,460000,279,20,20,319,135,144
SUPER_20,470000,378,41,33,452,177,201
SUPER_20,480000,213,19,24,256,105,108
SUPER_20,490000,384,42,42,468,173,211
SUPER_20,500000,289,18,29,336,140,149
SUPER_20,510000,247,11,18,276,117,130
SUPER_20,520000,299,27,28,354,153,146
SUPER_20,530000,202,28,11,241,101,101
SUPER_20,540000,347,29,34,410,169,178
SUPER_20,550000,318,31,36,385,163,155
SUPER_20,560000,233,21,23,277,112,121
SUPER_20,570000,61,3,3,67,37,24
SUPER_20,580000,175,11,17,203,88,87
SUPER_20,590000,348,33,27,408,169,179
SUPER_20,600000,212,18,15,245,107,105
SUPER_20,610000,294,24,24,342,135,159
SUPER_20,620000,428,36,39,503,231,197
SUPER_20,630000,276,24,24,324,141,135
SUPER_20,640000,150,9,8,167,78,72
SUPER_20,650000,394,37,28,459,189,205
SUPER_20,660000,416,42,42,500,214,202
SUPER_20,670000,160,16,8,184,79,81
SUPER_20,680000,250,19,21,290,126,124
SUPER_20,690000,169,20,14,203,98,71
SUPER_20,700000,170,15,8,193,89,81
SUPER_20,710000,300,21,33,354,164,136
SUPER_20,720000,243,18,16,277,126,117
SUPER_20,730000,329,26,37,392,163,166
SUPER_20,740000,177,14,20,211,97,80
SUPER_20,750000,381,39,39,459,192,189
SUPER_20,760000,321,23,38,382,161,160
SUPER_20,770000,344,28,42,414,166,178
SUPER_20,780000,379,34,35,448,186,193
SUPER_20,790000,409,24,40,473,197,212
SUPER_20,800000,367,39,42,448,173,194
SUPER_20,810000,272,30,31,333,123,149
SUPER_20,820000,354,35,30,419,177,177
SUPER_20,830000,275,22,30,327,148,127
SUPER_20,840000,275,20,19,314,138,137
SUPER_20,850000,256,16,26,298,133,123
SUPER_20,860000,369,35,33,437,199,170
SUPER_20,870000,270,29,23,322,133,137
SUPER_20,880000,265,32,25,322,123,142
SUPER_20,890000,319,25,26,370,152,167
SUPER_20,900000,129,9,10,148,61,68
SUPER_20,910000,333,33,30,396,165,168
SUPER_20,920000,183,12,17,212,101,82
SUPER_20,930000,308,24,27,359,144,164
SUPER_20,940000,258,21,27,306,144,114
SUPER_20,950000,327,24,39,390,155,172
SUPER_20,960000,0,0,0,0,0,0
SUPER_20,970000,0,0,0,0,0,0
SUPER_20,980000,287,16,27,330,128,159
SUPER_20,990000,191,20,21,232,96,95
SUPER_20,1000000,70,8,3,81,34,36
SUPER_20,1010000,158,15,15,188,77,81
SUPER_20,1020000,0,0,0,0,0,0
SUPER_20,1030000,0,0,0,0,0,0
SUPER_20,1040000,59,5,4,68,28,31
SUPER_20,1050000,45,5,3,53,25,20
SUPER_20,1060000,0,1,0,1,0,0
SUPER_20,1070000,172,15,16,203,89,83
SUPER_20,1080000,322,30,30,382,154,168
SUPER_20,1090000,319,22,17,358,175,144
SUPER_20,1100000,332,38,30,400,166,166
SUPER_20,1110000,407,29,31,467,220,187
SUPER_20,1120000,278,21,21,320,151,127
SUPER_20,1130000,401,26,41,468,193,208
SUPER_20,1140000,240,27,17,284,118,122
SUPER_20,1150000,355,30,33,418,179,176
SUPER_20,1160000,188,21,9,218,101,87
SUPER_20,1170000,350,29,37,416,183,167
SUPER_20,1180000,180,15,19,214,104,76
SUPER_20,1190000,291,36,33,360,154,137
SUPER_20,1200000,309,27,48,384,157,152
SUPER_20,1210000,355,35,32,422,178,177
SUPER_20,1220000,215,24,22,261,106,109
SUPER_20,1230000,307,33,26,366,173,134
SUPER_20,1240000,250,26,23,299,115,135
SUPER_20,1250000,236,36,22,294,112,124
SUPER_20,1260000,341,30,26,397,155,186
SUPER_20,1270000,360,28,27,415,184,176
SUPER_20,1280000,215,12,12,239,117,98
SUPER_20,1290000,339,29,30,398,168,171
SUPER_20,1300000,344,37,35,416,154,190
SUPER_20,1310000,219,22,31,272,102,117
SUPER_20,1320000,389,40,46,475,182,207
SUPER_20,1330000,354,35,38,427,190,164
SUPER_20,1340000,260,22,21,303,157,103
SUPER_20,1350000,365,45,37,447,147,218
SUPER_20,1360000,51,4,5,60,31,20
SUPER_20,1370000,286,26,31,343,117,169
SUPER_20,1380000,314,36,30,380,149,165
SUPER_20,1390000,157,13,10,180,80,77
SUPER_20,1400000,268,34,24,326,141,127
SUPER_20,1410000,365,35,30,430,173,192
SUPER_20,1420000,285,34,23,342,139,146
SUPER_20,1430000,100,8,10,118,54,46
SUPER_20,1440000,342,36,31,409,177,165
SUPER_20,1450000,9,1,1,11,6,3
SUPER_20,1460000,127,16,15,158,73,54
SUPER_20,1470000,289,23,24,336,133,156
SUPER_20,1480000,227,28,14,269,112,115
SUPER_20,1490000,301,34,30,365,127,174
SUPER_20,1500000,292,37,24,353,129,163
SUPER_20,1510000,319,36,32,387,166,153
SUPER_20,1520000,276,29,29,334,128,148
SUPER_20,1530000,306,37,34,377,131,175
SUPER_20,1540000,336,26,30,392,165,171
SUPER_20,1550000,434,27,48,509,194,240
SUPER_20,1560000,331,25,29,385,173,158
SUPER_20,1570000,320,23,24,367,149,171
SUPER_20,1580000,145,16,6,167,76,69
SUPER_20,1590000,397,41,43,481,202,195
SUPER_20,1600000,177,17,13,207,85,92
SUPER_20,1610000,350,27,28,405,189,161
SUPER_20,1620000,275,29,26,330,127,148
SUPER_20,1630000,232,21,23,276,100,132
SUPER_20,1640000,361,30,30,421,173,188
SUPER_20,1650000,327,29,29,385,181,146
SUPER_20,1660000,164,24,12,200,76,88
SUPER_20,1670000,293,21,32,346,143,150
SUPER_20,1680000,361,34,32,427,185,176
SUPER_20,1690000,375,35,39,449,179,196
SUPER_20,1700000,324,28,22,374,176,148
SUPER_20,1710000,333,22,36,391,168,165
SUPER_20,1720000,303,30,19,352,143,160
SUPER_20,1730000,263,25,28,316,132,131
SUPER_20,1740000,327,29,35,391,152,175
SUPER_20,1750000,347,23,28,398,181,166
SUPER_20,1760000,215,26,17,258,118,97
SUPER_20,1770000,357,44,27,428,161,196
SUPER_20,1780000,402,32,33,467,207,195
SUPER_20,1790000,474,37,37,548,235,239
SUPER_20,1800000,417,41,27,485,225,192
SUPER_20,1810000,247,17,22,286,121,126
SUPER_20,1820000,16,7,2,25,12,4
SUPER_20,1830000,334,31,33,398,170,164
SUPER_20,1840000,384,31,48,463,191,193
SUPER_20,1850000,244,22,24,290,119,125
SUPER_20,1860000,217,18,26,261,111,106
SUPER_20,1870000,117,10,18,145,60,57
SUPER_20,1880000,255,18,32,305,119,136
SUPER_20,1890000,356,40,39,435,182,174
SUPER_20,1900000,333,31,26,390,156,177
SUPER_20,1910000,344,27,20,391,178,166
SUPER_20,1920000,275,29,28,332,128,147
SUPER_20,1930000,386,29,38,453,193,193
SUPER_20,1940000,323,29,33,385,165,158
SUPER_20,1950000,346,26,37,409,167,179
SUPER_20,1960000,213,12,16,241,125,88
SUPER_20,1970000,235,17,12,264,120,115
SUPER_20,1980000,360,26,35,421,174,186
SUPER_20,1990000,353,30,33,416,170,183
SUPER_20,2000000,329,23,35,387,175,154
SUPER_20,2010000,234,20,29,283,116,118
SUPER_20,2020000,295,35,36,366,166,129
SUPER_20,2030000,313,23,27,363,163,150
SUPER_20,2040000,374,32,25,431,166,208
SUPER_20,2050000,207,16,18,241,101,106
SUPER_20,2060000,339,30,24,393,165,174
SUPER_20,2070000,343,22,25,390,181,162
SUPER_20,2080000,394,19,26,439,192,202
SUPER_20,2090000,428,36,30,494,208,220
SUPER_20,2100000,309,27,23,359,141,168
SUPER_20,2110000,360,25,28,413,166,194
SUPER_20,2120000,417,40,34,491,196,221
SUPER_20,2130000,375,45,31,451,165,210
SUPER_20,2140000,423,38,39,500,201,222
SUPER_20,2150000,381,35,38,454,179,202
SUPER_20,2160000,222,16,25,263,100,122
SUPER_20,2170000,459,46,54,559,216,243
SUPER_20,2180000,426,32,39,497,210,216
SUPER_20,2190000,356,37,38,431,177,179
SUPER_20,2200000,494,42,48,584,234,260
SUPER_20,2210000,318,30,29,377,143,175
SUPER_20,2220000,421,32,35,488,199,222
SUPER_20,2230000,294,23,27,344,134,160
SUPER_20,2240000,389,30,31,450,199,190
SUPER_20,2250000,398,42,26,466,187,211
SUPER_20,2260000,389,43,45,477,185,204
SUPER_20,2270000,305,26,25,356,159,146
SUPER_20,2280000,314,29,31,374,147,167
SUPER_20,2290000,9,0,0,9,2,7
SUPER_20,2300000,427,26,25,478,219,208
SUPER_20,2310000,446,43,43,532,214,232
SUPER_20,2320000,320,31,25,376,166,154
SUPER_20,2330000,455,49,27,531,199,256
SUPER_20,2340000,191,19,14,224,98,93
SUPER_20,2350000,193,17,24,234,82,111
SUPER_20,2360000,103,7,11,121,58,45
SUPER_20,2370000,326,23,23,372,158,168
SUPER_20,2380000,396,25,35,456,196,200
SUPER_20,2390000,362,28,41,431,166,196
SUPER_20,2400000,384,25,27,436,195,189
SUPER_20,2410000,305,28,23,356,146,159
SUPER_20,2420000,382,35,30,447,188,194
SUPER_20,2430000,270,26,22,318,121,149
SUPER_20,2440000,37,0,2,39,13,24
SUPER_20,2450000,31,5,2,38,22,9
SUPER_20,2460000,45,3,1,49,26,19
SUPER_20,2470000,0,0,0,0,0,0
SUPER_20,2480000,0,0,0,0,0,0
SUPER_20,2490000,0,0,0,0,0,0
SUPER_20,2500000,0,0,0,0,0,0
SUPER_20,2510000,184,23,9,216,82,102
SUPER_20,2520000,168,21,12,201,70,98
SUPER_20,2530000,0,0,0,0,0,0
SUPER_20,2540000,0,0,0,0,0,0
SUPER_20,2550000,0,0,0,0,0,0
SUPER_20,2560000,0,0,0,0,0,0
SUPER_20,2570000,0,0,0,0,0,0
SUPER_20,2580000,0,2,1,3,0,0
SUPER_20,2590000,0,0,3,3,0,0
SUPER_20,2600000,7,0,0,7,5,2
SUPER_20,2610000,97,13,8,118,43,54
SUPER_20,2620000,113,8,7,128,54,59
SUPER_20,2630000,59,3,3,65,25,34
SUPER_20,2640000,111,7,7,125,54,57
SUPER_20,2650000,58,8,5,71,29,29
SUPER_20,2660000,41,2,3,46,25,16
SUPER_20,2670000,173,19,11,203,91,82
SUPER_20,2680000,141,11,9,161,69,72
SUPER_20,2690000,180,14,12,206,85,95
SUPER_20,2700000,108,9,10,127,53,55
SUPER_20,2710000,18,1,1,20,6,12
SUPER_20,2720000,72,10,3,85,31,41
SUPER_20,2730000,83,13,6,102,44,39
SUPER_20,2740000,144,18,10,172,51,93
SUPER_20,2750000,96,14,6,116,57,39
SUPER_20,2760000,0,0,0,0,0,0
SUPER_20,2770000,0,0,0,0,0,0
SUPER_20,2780000,0,0,0,0,0,0
SUPER_20,2790000,0,0,0,0,0,0
SUPER_20,2800000,211,16,15,242,96,115
SUPER_20,2810000,266,18,23,307,109,157
SUPER_20,2820000,4,0,0,4,2,2
SUPER_20,2830000,88,4,4,96,48,40
SUPER_20,2840000,38,4,2,44,17,21
SUPER_20,2850000,55,4,5,64,21,34
SUPER_20,2860000,7,1,1,9,2,5
SUPER_20,2870000,19,3,2,24,8,11
SUPER_20,2880000,95,6,5,106,58,37
SUPER_20,2890000,35,5,2,42,17,18
SUPER_20,2900000,116,9,12,137,48,68
SUPER_20,2910000,147,16,17,180,79,68
SUPER_20,2920000,105,7,3,115,54,51
SUPER_20,2930000,158,18,13,189,89,69
SUPER_20,2940000,187,21,17,225,104,83
SUPER_20,2950000,127,9,8,144,59,68
SUPER_20,2960000,256,30,26,312,133,123
SUPER_20,2970000,87,12,13,112,42,45
SUPER_20,2980000,380,32,28,440,173,207
SUPER_20,2990000,319,33,39,391,163,156
SUPER_20,3000000,248,13,12,273,135,113
SUPER_20,3010000,287,31,18,336,137,150
SUPER_20,3020000,85,6,8,99,45,40
SUPER_20,3030000,258,27,19,304,119,139
SUPER_20,3040000,272,42,27,341,116,156
SUPER_20,3050000,248,21,24,293,124,124
SUPER_20,3060000,160,15,19,194,68,92
SUPER_20,3070000,348,30,39,417,164,184
SUPER_20,3080000,233,19,17,269,119,114
SUPER_20,3090000,343,29,32,404,159,184
SUPER_20,3100000,259,30,18,307,124,135
SUPER_20,3110000,246,21,28,295,119,127
SUPER_20,3120000,358,39,42,439,170,188
SUPER_20,3130000,229,25,23,277,100,129
SUPER_20,3140000,408,34,41,483,193,215
SUPER_20,3150000,134,9,17,160,54,80
SUPER_20,3160000,293,23,36,352,153,140
SUPER_20,3170000,351,27,40,418,168,183
SUPER_20,3180000,398,45,43,486,175,223
SUPER_20,3190000,276,39,39,354,120,156
SUPER_20,3200000,18,1,1,20,11,7
SUPER_20,3210000,282,26,24,332,144,138
SUPER_20,3220000,365,39,36,440,176,189
SUPER_20,3230000,315,39,29,383,139,176
SUPER_20,3240000,341,28,35,404,165,176
SUPER_20,3250000,257,20,18,295,129,128
SUPER_20,3260000,426,36,42,504,206,220
SUPER_20,3270000,370,42,43,455,172,198
SUPER_20,3280000,352,31,36,419,193,159
SUPER_20,3290000,321,32,25,378,141,180
SUPER_20,3300000,295,23,34,352,150,145
SUPER_20,3310000,322,19,27,368,165,157
SUPER_20,3320000,295,17,18,330,151,144
SUPER_20,3330000,394,32,33,459,207,187
SUPER_20,3340000,273,20,23,316,129,144
SUPER_20,3350000,281,31,21,333,130,151
SUPER_20,3360000,332,28,34,394,155,177
SUPER_20,3370000,206,30,13,249,96,110
SUPER_20,3380000,0,0,0,0,0,0
SUPER_20,3390000,0,0,0,0,0,0
SUPER_20,3400000,107,15,7,129,44,63
SUPER_20,3410000,166,17,17,200,82,84
SUPER_20,3420000,337,29,29,395,154,183
SUPER_20,3430000,279,23,26,328,137,142
SUPER_20,3440000,254,28,25,307,109,145
SUPER_20,3450000,319,26,26,371,154,165
SUPER_20,3460000,332,39,22,393,159,173
SUPER_20,3470000,194,20,16,230,91,103
SUPER_20,3480000,121,13,7,141,51,70
SUPER_20,3490000,205,29,15,249,94,111
SUPER_20,3500000,251,26,34,311,123,128
SUPER_20,3510000,306,27,27,360,164,142
SUPER_20,3520000,380,33,22,435,174,206
SUPER_20,3530000,332,32,29,393,146,186
SUPER_20,3540000,318,24,28,370,139,179
SUPER_20,3550000,295,25,30,350,137,158
SUPER_20,3560000,281,42,32,355,129,152
SUPER_20,3570000,270,22,23,315,116,154
SUPER_20,3580000,356,34,19,409,187,169
SUPER_20,3590000,219,20,22,261,106,113
SUPER_20,3600000,323,52,31,406,159,164
SUPER_20,3610000,329,51,29,409,163,166
SUPER_20,3620000,189,24,20,233,95,94
SUPER_20,3630000,195,13,18,226,101,94
SUPER_20,3640000,243,18,12,273,120,123
SUPER_20,3650000,278,34,26,338,150,128
SUPER_20,3660000,303,22,20,345,141,162
SUPER_20,3670000,272,29,16,317,136,136
SUPER_20,3680000,289,38,35,362,137,152
SUPER_20,3690000,368,45,39,452,177,191
SUPER_20,3700000,267,23,24,314,116,151
SUPER_20,3710000,351,38,26,415,156,195
SUPER_20,3720000,307,28,38,373,147,160
SUPER_20,3730000,411,41,40,492,204,207
SUPER_20,3740000,356,47,26,429,179,177
SUPER_20,3750000,292,26,27,345,137,155
SUPER_20,3760000,351,36,33,420,167,184
SUPER_20,3770000,247,27,32,306,130,117
SUPER_20,3780000,337,24,38,399,173,164
SUPER_20,3790000,285,24,33,342,144,141
SUPER_20,3800000,334,31,35,400,173,161
SUPER_20,3810000,279,30,25,334,119,160
SUPER_20,3820000,413,24,44,481,201,212
SUPER_20,3830000,261,19,24,304,132,129
SUPER_20,3840000,274,40,25,339,119,155
SUPER_20,3850000,128,12,16,156,60,68
SUPER_20,3860000,300,30,24,354,135,165
SUPER_20,3870000,150,13,19,182,64,86
SUPER_20,3880000,125,16,8,149,67,58
SUPER_20,3890000,208,31,16,255,106,102
SUPER_20,3900000,276,26,31,333,126,150
SUPER_20,3910000,414,40,33,487,193,221
SUPER_20,3920000,460,35,45,540,233,227
SUPER_20,3930000,239,21,30,290,119,120
SUPER_20,3940000,364,26,33,423,160,204
SUPER_20,3950000,348,34,46,428,147,201
SUPER_20,3960000,376,30,32,438,187,189
SUPER_20,3970000,426,28,41,495,206,220
SUPER_20,3980000,346,36,37,419,195,151
SUPER_20,3990000,346,37,29,412,154,192
SUPER_20,4000000,280,15,35,330,137,143
SUPER_20,4010000,291,25,18,334,143,148
SUPER_20,4020000,238,21,20,279,121,117
SUPER_20,4030000,344,34,26,404,169,175
SUPER_20,4040000,335,26,31,392,174,161
SUPER_20,4050000,311,21,28,360,151,160
SUPER_20,4060000,319,41,24,384,145,174
SUPER_20,4070000,308,37,19,364,156,152
SUPER_20,4080000,291,24,26,341,157,134
SUPER_20,4090000,361,29,38,428,178,183
SUPER_20,4100000,319,32,24,375,161,158
SUPER_20,4110000,173,12,16,201,81,92
SUPER_20,4120000,2,0,0,2,1,1
SUPER_20,4130000,232,35,18,285,109,123
SUPER_20,4140000,281,25,32,338,136,145
SUPER_20,4150000,235,31,21,287,120,115
SUPER_20,4160000,87,11,13,111,53,34
SUPER_20,4170000,78,5,12,95,40,38
SUPER_20,4180000,61,4,5,70,33,28
SUPER_20,4190000,100,7,13,120,46,54
SUPER_20,4200000,177,12,16,205,80,97
SUPER_20,4210000,280,29,26,335,130,150
SUPER_20,4220000,159,17,12,188,82,77
SUPER_20,4230000,241,25,20,286,116,125
SUPER_20,4240000,169,13,10,192,81,88
SUPER_20,4250000,252,34,18,304,123,129
SUPER_20,4260000,262,23,23,308,133,129
SUPER_20,4270000,316,32,21,369,161,155
SUPER_20,4280000,192,23,18,233,85,107
SUPER_20,4290000,256,21,20,297,106,150
SUPER_20,4300000,171,22,15,208,81,90
SUPER_20,4310000,244,21,22,287,116,128
SUPER_20,4320000,301,27,28,356,158,143
SUPER_20,4330000,386,34,32,452,188,198
SUPER_20,4340000,214,21,22,257,106,108
SUPER_20,4350000,215,10,18,243,99,116
SUPER_20,4360000,340,29,39,408,162,178
SUPER_20,4370000,156,18,11,185,78,78
SUPER_20,4380000,248,26,21,295,114,134
SUPER_20,4390000,274,33,25,332,133,141
SUPER_20,4400000,254,16,16,286,106,148
SUPER_20,4410000,276,27,28,331,143,133
SUPER_20,4420000,200,21,14,235,94,106
SUPER_20,4430000,282,38,29,349,132,150
SUPER_20,4440000,249,25,19,293,98,151
SUPER_20,4450000,254,17,27,298,133,121
SUPER_20,4460000,454,44,48,546,230,224
SUPER_20,4470000,403,28,40,471,192,211
SUPER_20,4480000,164,24,21,209,86,78
SUPER_20,4490000,317,21,26,364,146,171
SUPER_20,4500000,287,21,19,327,159,128
SUPER_20,4510000,284,26,24,334,142,142
SUPER_20,4520000,385,24,30,439,205,180
SUPER_20,4530000,212,24,14,250,106,106
SUPER_20,4540000,265,18,28,311,142,123
SUPER_20,4550000,326,31,25,382,147,179
SUPER_20,4560000,253,23,21,297,128,125
SUPER_20,4570000,329,28,42,399,157,172
SUPER_20,4580000,276,27,24,327,128,148
SUPER_20,4590000,223,33,14,270,111,112
SUPER_20,4600000,378,27,34,439,182,196
SUPER_20,4610000,376,31,40,447,195,181
SUPER_20,4620000,210,18,28,256,118,92
SUPER_20,4630000,254,28,22,304,115,139
SUPER_20,4640000,346,29,26,401,175,171
SUPER_20,4650000,285,19,24,328,130,155
SUPER_20,4660000,297,26,27,350,151,146
SUPER_20,4670000,356,35,28,419,182,174
SUPER_20,4680000,265,16,25,306,129,136
SUPER_20,4690000,302,30,29,361,150,152
SUPER_20,4700000,268,26,16,310,137,131
SUPER_20,4710000,249,27,22,298,107,142
SUPER_20,4720000,226,17,25,268,107,119
SUPER_20,4730000,192,24,27,243,97,95
SUPER_20,4740000,160,11,17,188,80,80
SUPER_20,4750000,270,19,31,320,136,134
SUPER_20,4760000,221,20,19,260,111,110
SUPER_20,4770000,304,32,28,364,150,154
SUPER_20,4780000,263,25,22,310,131,132
SUPER_20,4790000,229,23,22,274,112,117
SUPER_20,4800000,266,20,21,307,153,113
SUPER_20,4810000,319,42,24,385,162,157
SUPER_20,4820000,0,0,0,0,0,0
SUPER_20,4830000,0,0,0,0,0,0
SUPER_20,4840000,337,37,36,410,158,179
SUPER_20,4850000,163,24,15,202,75,88
SUPER_20,4860000,124,15,10,149,51,73
SUPER_20,4870000,381,35,35,451,175,206
SUPER_20,4880000,194,26,20,240,92,102
SUPER_20,4890000,122,8,11,141,65,57
SUPER_20,4900000,231,25,22,278,113,118
SUPER_20,4910000,212,24,25,261,105,107
SUPER_20,4920000,157,18,16,191,77,80
SUPER_20,4930000,148,13,16,177,82,66
SUPER_20,4940000,182,10,20,212,78,104
SUPER_20,4950000,275,26,29,330,121,154
SUPER_20,4960000,309,31,27,367,158,151
SUPER_20,4970000,236,16,28,280,110,126
SUPER_20,4980000,248,30,17,295,117,131
SUPER_20,4990000,198,18,18,234,110,88
SUPER_20,5000000,29,4,4,37,20,9
SUPER_20,5010000,403,34,26,463,199,204
SUPER_20,5020000,219,20,25,264,102,117
SUPER_20,5030000,128,15,8,151,66,62
SUPER_20,5040000,236,23,20,279,118,118
SUPER_20,5050000,248,23,20,291,104,144
SUPER_20,5060000,256,34,24,314,117,139
SUPER_20,5070000,140,15,18,173,79,61
SUPER_20,5080000,260,26,25,311,136,124
SUPER_20,5090000,196,20,16,232,91,105
SUPER_20,5100000,193,22,22,237,97,96
SUPER_20,5110000,188,19,10,217,99,89
SUPER_20,5120000,240,32,25,297,113,127
SUPER_20,5130000,156,15,13,184,58,98
SUPER_20,5140000,75,14,13,102,42,33
SUPER_20,5150000,32,1,1,34,17,15
SUPER_20,5160000,56,4,5,65,34,22
SUPER_20,5170000,171,15,16,202,93,78
SUPER_20,5180000,94,10,8,112,42,52
SUPER_20,5190000,157,14,10,181,73,84
SUPER_20,5200000,232,24,18,274,104,128
SUPER_20,5210000,246,18,24,288,133,113
SUPER_20,5220000,135,19,9,163,55,80
SUPER_20,5230000,70,10,6,86,39,31
SUPER_20,5240000,163,22,19,204,61,102
SUPER_20,5250000,102,15,12,129,49,53
SUPER_20,5260000,101,11,13,125,51,50
SUPER_20,5270000,215,25,20,260,106,109
SUPER_20,5280000,207,20,18,245,97,110
SUPER_20,5290000,81,7,5,93,36,45
SUPER_20,5300000,79,11,14,104,45,34
SUPER_20,5310000,39,6,5,50,23,16
SUPER_20,5320000,67,6,2,75,36,31
SUPER_20,5330000,179,32,24,235,92,87
SUPER_20,5340000,35,1,4,40,14,21
SUPER_20,5350000,128,11,13,152,53,75
SUPER_20,5360000,132,14,20,166,57,75
SUPER_20,5370000,159,21,18,198,69,90
SUPER_20,5380000,102,9,10,121,46,56
SUPER_20,5390000,199,17,24,240,100,99
SUPER_20,5400000,10,2,1,13,5,5
SUPER_20,5410000,35,6,4,45,18,17
SUPER_20,5420000,50,4,2,56,26,24
SUPER_20,5430000,55,9,8,72,30,25
SUPER_20,5440000,124,15,18,157,55,69
SUPER_20,5450000,166,26,23,215,84,82
SUPER_20,5460000,218,21,22,261,107,111
SUPER_20,5470000,246,22,19,287,123,123
SUPER_20,5480000,117,7,13,137,55,62
SUPER_20,5490000,154,17,17,188,75,79
SUPER_20,5500000,134,15,14,163,60,74
SUPER_20,5510000,158,18,22,198,80,78
SUPER_20,5520000,141,12,18,171,74,67
SUPER_20,5530000,220,24,25,269,105,115
SUPER_20,5540000,291,27,26,344,140,151
SUPER_20,5550000,302,22,37,361,142,160
SUPER_20,5560000,209,15,22,246,94,115
SUPER_20,5570000,308,18,41,367,150,158
SUPER_20,5580000,314,33,31,378,158,156
SUPER_20,5590000,159,8,18,185,75,84
SUPER_20,5600000,157,17,14,188,80,77
SUPER_20,5610000,265,24,31,320,127,138
SUPER_20,5620000,260,20,23,303,115,145
SUPER_20,5630000,230,23,23,276,109,121
SUPER_20,5640000,314,29,27,370,156,158
SUPER_20,5650000,244,19,26,289,102,142
SUPER_20,5660000,208,16,25,249,114,94
SUPER_20,5670000,133,12,11,156,62,71
SUPER_20,5680000,167,14,11,192,82,85
SUPER_20,5690000,274,29,24,327,142,132
SUPER_20,5700000,52,4,4,60,23,29
SUPER_20,5710000,112,10,9,131,48,64
SUPER_20,5720000,156,12,17,185,73,83
SUPER_20,5730000,203,21,25,249,103,100
SUPER_20,5740000,284,40,19,343,130,154
SUPER_20,5750000,267,19,23,309,133,134
SUPER_20,5760000,186,16,15,217,98,88
SUPER_20,5770000,276,33,31,340,141,135
SUPER_20,5780000,368,31,36,435,179,189
SUPER_20,5790000,151,15,13,179,83,68
SUPER_20,5800000,303,34,30,367,168,135
SUPER_20,5810000,150,14,12,176,72,78
SUPER_20,5820000,178,12,21,211,82,96
SUPER_20,5830000,336,32,23,391,175,161
SUPER_20,5840000,273,26,26,325,135,138
SUPER_20,5850000,48,5,2,55,25,23
SUPER_20,5860000,203,22,18,243,104,99
SUPER_20,5870000,102,12,13,127,58,44
SUPER_20,5880000,200,21,12,233,88,112
SUPER_20,5890000,91,8,8,107,39,52
SUPER_20,5900000,236,25,24,285,110,126
SUPER_20,5910000,131,11,13,155,67,64
SUPER_20,5920000,243,24,21,288,109,134
SUPER_20,5930000,162,21,12,195,76,86
SUPER_20,5940000,234,32,32,298,115,119
SUPER_20,5950000,176,15,19,210,80,96
SUPER_20,5960000,57,6,6,69,32,25
SUPER_20,5970000,196,22,13,231,104,92
SUPER_20,5980000,290,26,37,353,140,150
SUPER_20,5990000,264,25,25,314,101,163
SUPER_20,6000000,214,20,21,255,108,106
SUPER_20,6010000,329,27,35,391,169,160
SUPER_20,6020000,376,36,48,460,167,209
SUPER_20,6030000,179,15,21,215,93,86
SUPER_20,6040000,124,10,11,145,66,58
SUPER_20,6050000,220,27,22,269,96,124
SUPER_20,6060000,243,23,23,289,114,129
SUPER_20,6070000,395,24,37,456,184,211
SUPER_20,6080000,294,25,26,345,164,130
SUPER_20,6090000,127,9,9,145,55,72
SUPER_20,6100000,367,24,35,426,193,174
SUPER_20,6110000,300,28,34,362,149,151
SUPER_20,6120000,239,23,23,285,119,120
SUPER_20,6130000,251,23,18,292,136,115
SUPER_20,6140000,208,19,25,252,96,112
SUPER_20,6150000,312,33,37,382,160,152
SUPER_20,6160000,263,21,29,313,123,140
SUPER_20,6170000,396,30,38,464,190,206
SUPER_20,6180000,403,31,32,466,187,216
SUPER_20,6190000,383,48,29,460,177,206
SUPER_20,6200000,310,23,25,358,163,147
SUPER_20,6210000,252,23,30,305,126,126
SUPER_20,6220000,163,20,22,205,71,92
SUPER_20,6230000,207,22,21,250,99,108
SUPER_20,6240000,99,8,10,117,41,58
SUPER_20,6250000,364,35,15,414,186,178
SUPER_20,6260000,348,31,27,406,178,170
SUPER_20,6270000,134,8,13,155,74,60
SUPER_20,6280000,349,46,33,428,180,169
SUPER_20,6290000,119,16,5,140,57,62
SUPER_20,6300000,350,56,37,443,174,176
SUPER_20,6310000,238,18,21,277,117,121
SUPER_20,6320000,2,0,0,2,1,1
SUPER_20,6330000,294,24,21,339,162,132
SUPER_20,6340000,199,23,10,232,98,101
SUPER_20,6350000,298,24,27,349,139,159
SUPER_20,6360000,233,15,25,273,123,110
SUPER_20,6370000,256,24,26,306,113,143
SUPER_20,6380000,268,24,30,322,123,145
SUPER_20,6390000,285,28,20,333,122,163
SUPER_20,6400000,330,35,24,389,145,185
SUPER_20,6410000,275,18,25,318,123,152
SUPER_20,6420000,115,8,10,133,55,60
SUPER_20,6430000,249,25,22,296,109,140
SUPER_20,6440000,210,20,19,249,108,102
SUPER_20,6450000,130,8,10,148,69,61
SUPER_20,6460000,300,30,30,360,140,160
SUPER_20,6470000,273,15,26,314,128,145
SUPER_20,6480000,169,24,18,211,72,97
SUPER_20,6490000,107,9,17,133,43,64
SUPER_20,6500000,174,21,15,210,91,83
SUPER_20,6510000,331,31,30,392,170,161
SUPER_20,6520000,216,20,22,258,117,99
SUPER_20,6530000,162,12,15,189,79,83
SUPER_20,6540000,164,17,20,201,71,93
SUPER_20,6550000,348,31,32,411,170,178
SUPER_20,6560000,175,12,19,206,86,89
SUPER_20,6570000,233,23,23,279,105,128
SUPER_20,6580000,210,13,22,245,106,104
SUPER_20,6590000,218,27,24,269,95,123
SUPER_20,6600000,357,33,36,426,190,167
SUPER_20,6610000,227,26,21,274,119,108
SUPER_20,6620000,288,33,29,350,158,130
SUPER_20,6630000,302,31,25,358,147,155
SUPER_20,6640000,227,21,16,264,124,103
SUPER_20,6650000,260,20,24,304,116,144
SUPER_20,6660000,302,24,36,362,151,151
SUPER_20,6670000,271,17,26,314,147,124
SUPER_20,6680000,273,30,18,321,141,132
SUPER_20,6690000,240,23,32,295,116,124
SUPER_20,6700000,34,2,2,38,17,17
SUPER_20,6710000,132,13,10,155,71,61
SUPER_20,6720000,266,26,18,310,126,140
SUPER_20,6730000,248,30,25,303,120,128
SUPER_20,6740000,236,23,18,277,109,127
SUPER_20,6750000,117,8,19,144,56,61
SUPER_20,6760000,203,20,20,243,101,102
SUPER_20,6770000,268,25,26,319,138,130
SUPER_20,6780000,253,26,21,300,121,132
SUPER_20,6790000,182,14,21,217,88,94
SUPER_20,6800000,248,25,19,292,126,122
SUPER_20,6810000,271,20,26,317,135,136
SUPER_20,6820000,225,25,17,267,101,124
SUPER_20,6830000,250,28,21,299,128,122
SUPER_20,6840000,305,35,27,367,137,168
SUPER_20,6850000,347,32,33,412,163,184
SUPER_20,6860000,295,20,24,339,130,165
SUPER_20,6870000,213,16,16,245,100,113
SUPER_20,6880000,212,19,24,255,97,115
SUPER_20,6890000,209,21,14,244,109,100
SUPER_20,6900000,214,30,13,257,97,117
SUPER_20,6910000,300,32,22,354,139,161
SUPER_20,6920000,275,22,24,321,144,131
SUPER_20,6930000,218,15,23,256,109,109
SUPER_20,6940000,332,25,24,381,166,166
SUPER_20,6950000,295,27,26,348,151,144
SUPER_20,6960000,304,32,28,364,150,154
SUPER_20,6970000,295,33,34,362,152,143
SUPER_20,6980000,157,22,8,187,79,78
SUPER_20,6990000,240,22,22,284,121,119
SUPER_20,7000000,85,9,7,101,44,41
SUPER_20,7010000,201,20,18,239,95,106
SUPER_20,7020000,233,19,21,273,116,117
SUPER_20,7030000,198,25,27,250,94,104
SUPER_20,7040000,305,22,24,351,150,155
SUPER_20,7050000,210,19,20,249,89,121
SUPER_20,7060000,205,21,13,239,107,98
SUPER_20,7070000,270,22,22,314,134,136
SUPER_20,7080000,313,31,29,373,168,145
SUPER_20,7090000,164,10,12,186,75,89
SUPER_20,7100000,208,19,22,249,108,100
SUPER_20,7110000,188,28,15,231,88,100
SUPER_20,7120000,0,1,0,1,0,0
SUPER_20,7130000,240,22,23,285,118,122
SUPER_20,7140000,269,17,25,311,148,121
SUPER_20,7150000,280,26,30,336,129,151
SUPER_20,7160000,284,32,38,354,135,149
SUPER_20,7170000,133,14,16,163,75,58
SUPER_20,7180000,238,30,15,283,126,112
SUPER_20,7190000,240,16,33,289,116,124
SUPER_20,7200000,384,38,32,454,184,200
SUPER_20,7210000,216,33,16,265,112,104
SUPER_20,7220000,239,17,20,276,107,132
SUPER_20,7230000,293,34,33,360,145,148
SUPER_20,7240000,175,11,23,209,84,91
SUPER_20,7250000,331,40,29,400,160,171
SUPER_20,7260000,327,32,26,385,143,184
SUPER_20,7270000,146,16,12,174,70,76
SUPER_20,7280000,212,23,24,259,96,116
SUPER_20,7290000,239,18,23,280,111,128
SUPER_20,7300000,295,34,20,349,149,146
SUPER_20,7310000,178,14,22,214,97,81
SUPER_20,7320000,154,20,10,184,77,77
SUPER_20,7330000,189,21,20,230,101,88
SUPER_20,7340000,69,19,9,97,34,35
SUPER_20,7350000,129,25,15,169,53,76
SUPER_20,7360000,123,9,15,147,63,60
SUPER_20,7370000,237,21,14,272,128,109
SUPER_20,7380000,343,42,31,416,168,175
SUPER_20,7390000,286,31,25,342,150,136
SUPER_20,7400000,346,29,33,408,160,186
SUPER_20,7410000,351,26,33,410,181,170
SUPER_20,7420000,288,26,24,338,148,140
SUPER_20,7430000,296,40,12,348,147,149
SUPER_20,7440000,134,11,9,154,67,67
SUPER_20,7450000,21,2,2,25,10,11
SUPER_20,7460000,159,16,18,193,78,81
SUPER_20,7470000,258,23,18,299,139,119
SUPER_20,7480000,218,19,25,262,88,130
SUPER_20,7490000,349,29,42,420,159,190
SUPER_20,7500000,0,0,0,0,0,0
SUPER_20,7510000,0,0,0,0,0,0
SUPER_20,7520000,684,85,66,835,329,355
SUPER_20,7530000,416,50,52,518,199,217
SUPER_20,7540000,312,34,33,379,159,153
SUPER_20,7550000,180,17,17,214,97,83
SUPER_20,7560000,282,25,33,340,125,157
SUPER_20,7570000,315,30,35,380,142,173
SUPER_20,7580000,275,35,21,331,144,131
SUPER_20,7590000,196,19,13,228,106,90
SUPER_20,7600000,393,41,38,472,196,197
SUPER_20,7610000,384,37,41,462,170,214
SUPER_20,7620000,193,21,21,235,107,86
SUPER_20,7630000,69,7,8,84,32,37
SUPER_20,7640000,283,26,24,333,129,154
SUPER_20,7650000,233,23,12,268,118,115
SUPER_20,7660000,299,28,20,347,151,148
SUPER_20,7670000,245,30,32,307,113,132
SUPER_20,7680000,366,32,35,433,181,185
SUPER_20,7690000,194,18,17,229,91,103
SUPER_20,7700000,346,27,25,398,164,182
SUPER_20,7710000,238,23,29,290,123,115
SUPER_20,7720000,376,35,43,454,179,197
SUPER_20,7730000,274,30,28,332,134,140
SUPER_20,7740000,225,29,26,280,111,114
SUPER_20,7750000,178,19,9,206,92,86
SUPER_20,7760000,272,25,36,333,140,132
SUPER_20,7770000,328,30,33,391,164,164
SUPER_20,7780000,346,38,41,425,155,191
SUPER_20,7790000,221,19,23,263,117,104
SUPER_20,7800000,328,23,30,381,161,167
SUPER_20,7810000,199,20,15,234,88,111
SUPER_20,7820000,223,32,18,273,113,110
SUPER_20,7830000,204,18,23,245,98,106
SUPER_20,7840000,284,30,25,339,154,130
SUPER_20,7850000,309,20,28,357,160,149
SUPER_20,7860000,230,25,17,272,101,129
SUPER_20,7870000,305,35,27,367,146,159
SUPER_20,7880000,0,1,0,1,0,0
SUPER_20,7890000,313,26,31,370,146,167
SUPER_20,7900000,193,12,12,217,107,86
SUPER_20,7910000,206,19,18,243,108,98
SUPER_20,7920000,351,33,25,409,179,172
SUPER_20,7930000,448,31,36,515,237,211
SUPER_20,7940000,437,34,52,523,211,226
SUPER_20,7950000,275,26,27,328,145,130
SUPER_20,7960000,342,38,32,412,154,188
SUPER_20,7970000,11,0,1,12,5,6
SUPER_20,7980000,0,0,0,0,0,0
SUPER_20,7990000,0,0,0,0,0,0
SUPER_20,8000000,0,0,0,0,0,0
SUPER_20,8010000,141,11,13,165,70,71
SUPER_20,8020000,221,26,19,266,119,102
SUPER_20,8030000,237,25,29,291,120,117
SUPER_20,8040000,357,34,32,423,182,175
SUPER_20,8050000,398,38,29,465,210,188
SUPER_20,8060000,365,33,25,423,179,186
SUPER_20,8070000,291,23,25,339,170,121
SUPER_20,8080000,366,35,26,427,174,192
SUPER_20,8090000,378,31,37,446,198,180
SUPER_20,8100000,317,34,23,374,152,165
SUPER_20,8110000,343,27,27,397,164,179
SUPER_20,8120000,21,0,3,24,10,11
SUPER_20,8130000,391,47,34,472,163,228
SUPER_20,8140000,389,40,29,458,193,196
SUPER_20,8150000,215,29,18,262,92,123
SUPER_20,8160000,422,29,38,489,214,208
SUPER_20,8170000,295,21,28,344,151,144
SUPER_20,8180000,369,45,28,442,198,171
SUPER_20,8190000,399,36,41,476,203,196
SUPER_20,8200000,329,45,35,409,156,173
SUPER_20,8210000,340,24,29,393,165,175
SUPER_20,8220000,262,22,18,302,126,136
SUPER_20,8230000,235,17,16,268,109,126
SUPER_20,8240000,219,15,27,261,111,108
SUPER_20,8250000,295,25,21,341,164,131
SUPER_20,8260000,388,30,43,461,207,181
SUPER_20,8270000,326,25,35,386,159,167
SUPER_20,8280000,262,24,24,310,122,140
SUPER_20,8290000,236,25,21,282,124,112
SUPER_20,8300000,348,34,30,412,180,168
SUPER_20,8310000,266,15,18,299,138,128
SUPER_20,8320000,0,0,0,0,0,0
SUPER_20,8330000,0,0,0,0,0,0
SUPER_20,8340000,384,41,29,454,181,203
SUPER_20,8350000,95,4,6,105,45,50
SUPER_20,8360000,402,43,34,479,202,200
SUPER_20,8370000,123,9,7,139,72,51
SUPER_20,8380000,339,32,37,408,171,168
SUPER_20,8390000,296,26,30,352,160,136
SUPER_20,8400000,360,38,33,431,170,190
SUPER_20,8410000,334,25,27,386,160,174
SUPER_20,8420000,325,26,26,377,166,159
SUPER_20,8430000,282,22,18,322,122,160
SUPER_20,8440000,279,25,22,326,136,143
SUPER_20,8450000,334,28,23,385,174,160
SUPER_20,8460000,352,33,34,419,173,179
SUPER_20,8470000,337,26,34,397,144,193
SUPER_20,8480000,400,33,41,474,190,210
SUPER_20,8490000,179,13,12,204,94,85
SUPER_20,8500000,287,24,25,336,131,156
SUPER_20,8510000,160,19,13,192,79,81
SUPER_20,8520000,338,36,25,399,165,173
SUPER_20,8530000,292,26,27,345,133,159
SUPER_20,8540000,322,22,28,372,142,180
SUPER_20,8550000,359,47,32,438,170,189
SUPER_20,8560000,373,31,36,440,210,163
SUPER_20,8570000,374,38,36,448,180,194
SUPER_20,8580000,416,37,40,493,203,213
SUPER_20,8590000,69,5,5,79,36,33
SUPER_20,8600000,135,16,12,163,64,71
SUPER_20,8610000,377,34,40,451,193,184
SUPER_20,8620000,340,29,33,402,162,178
SUPER_20,8630000,257,19,25,301,143,114
SUPER_20,8640000,279,31,22,332,130,149
SUPER_20,8650000,121,7,10,138,57,64
SUPER_20,8660000,319,33,26,378,148,171
SUPER_20,8670000,354,30,25,409,167,187
SUPER_20,8680000,0,0,0,0,0,0
SUPER_20,8690000,0,0,0,0,0,0
SUPER_20,8700000,0,0,0,0,0,0
SUPER_20,8710000,0,0,0,0,0,0
SUPER_20,8720000,0,0,0,0,0,0
SUPER_20,8730000,280,24,23,327,146,134
SUPER_20,8740000,10,1,0,11,4,6
SUPER_20,8750000,18,1,0,19,15,3
SUPER_20,8760000,0,0,0,0,0,0
SUPER_20,8770000,0,0,0,0,0,0
SUPER_20,8780000,0,0,0,0,0,0
SUPER_20,8790000,0,0,0,0,0,0
SUPER_20,8800000,81,10,5,96,40,41
SUPER_20,8810000,101,5,11,117,49,52
SUPER_20,8820000,0,0,0,0,0,0
SUPER_20,8830000,0,0,0,0,0,0
SUPER_20,8840000,0,1,1,2,0,0
SUPER_20,8850000,153,8,19,180,72,81
SUPER_20,8860000,617,35,41,693,301,316
SUPER_20,8870000,57,9,2,68,24,33
SUPER_20,8880000,67,5,1,73,42,25
SUPER_20,8890000,0,0,0,0,0,0
SUPER_20,8900000,0,0,0,0,0,0
SUPER_20,8910000,54,5,3,62,25,29
SUPER_20,8920000,89,6,4,99,41,48
SUPER_20,8930000,129,10,14,153,64,65
SUPER_20,8940000,112,16,10,138,49,63
SUPER_20,8950000,116,6,5,127,65,51
SUPER_20,8960000,221,27,15,263,108,113
SUPER_20,8970000,161,18,15,194,83,78
SUPER_20,8980000,137,12,14,163,67,70
SUPER_20,8990000,82,9,5,96,42,40
SUPER_20,9000000,6,1,1,8,2,4
SUPER_20,9010000,292,33,28,353,146,146
SUPER_20,9020000,335,24,23,382,176,159
SUPER_20,9030000,2,3,1,6,1,1
SUPER_20,9040000,230,20,25,275,97,133
SUPER_20,9050000,263,25,33,321,134,129
SUPER_20,9060000,245,17,18,280,130,115
SUPER_20,9070000,370,30,37,437,165,205
SUPER_20,9080000,133,11,15,159,69,64
SUPER_20,9090000,339,41,22,402,172,167
SUPER_20,9100000,483,34,45,562,230,253
SUPER_20,9110000,229,18,18,265,108,121
SUPER_20,9120000,451,25,50,526,232,219
SUPER_20,9130000,250,18,22,290,137,113
SUPER_20,9140000,353,31,34,418,179,174
SUPER_20,9150000,272,21,25,318,145,127
SUPER_20,9160000,361,39,33,433,165,196
SUPER_20,9170000,251,14,18,283,132,119
SUPER_20,9180000,257,23,26,306,121,136
SUPER_20,9190000,170,17,5,192,75,95
SUPER_20,9200000,336,21,22,379,154,182
SUPER_20,9210000,339,37,29,405,148,191
SUPER_20,9220000,130,10,7,147,73,57
SUPER_20,9230000,307,26,25,358,151,156
SUPER_20,9240000,356,33,32,421,184,172
SUPER_20,9250000,345,27,35,407,174,171
SUPER_20,9260000,267,22,26,315,133,134
SUPER_20,9270000,444,49,27,520,232,212
SUPER_20,9280000,338,24,30,392,169,169
SUPER_20,9290000,273,11,30,314,136,137
SUPER_20,9300000,321,33,26,380,159,162
SUPER_20,9310000,245,26,19,290,134,111
SUPER_20,9320000,181,9,12,202,96,85
SUPER_20,9330000,225,15,30,270,120,105
SUPER_20,9340000,27,0,1,28,18,9
SUPER_20,9350000,335,29,29,393,163,172
SUPER_20,9360000,311,17,21,349,163,148
SUPER_20,9370000,251,23,36,310,132,119
SUPER_20,9380000,321,28,24,373,151,170
SUPER_20,9390000,248,23,25,296,123,125
SUPER_20,9400000,258,22,21,301,135,123
SUPER_20,9410000,342,32,26,400,179,163
SUPER_20,9420000,168,15,18,201,75,93
SUPER_20,9430000,393,43,28,464,191,202
SUPER_20,9440000,306,34,28,368,157,149
SUPER_20,9450000,234,24,19,277,115,119
SUPER_20,9460000,239,25,23,287,135,104
SUPER_20,9470000,333,35,27,395,157,176
SUPER_20,9480000,402,44,33,479,185,217
SUPER_20,9490000,310,37,25,372,154,156
SUPER_20,9500000,268,27,26,321,136,132
SUPER_20,9510000,325,30,30,385,154,171
SUPER_20,9520000,131,9,24,164,73,58
SUPER_20,9530000,131,12,8,151,58,73
SUPER_20,9540000,317,28,28,373,161,156
SUPER_20,9550000,426,39,44,509,228,198
SUPER_20,9560000,328,27,23,378,167,161
SUPER_20,9570000,354,32,36,422,165,189
SUPER_20,9580000,297,29,25,351,158,139
SUPER_20,9590000,278,34,27,339,133,145
SUPER_20,9600000,376,53,28,457,181,195
SUPER_20,9610000,325,34,35,394,167,158
SUPER_20,9620000,291,23,31,345,152,139
SUPER_20,9630000,356,31,34,421,188,168
SUPER_20,9640000,377,37,34,448,197,180
SUPER_20,9650000,381,39,28,448,201,180
SUPER_20,9660000,289,34,32,355,130,159
SUPER_20,9670000,272,22,34,328,141,131
SUPER_20,9680000,322,30,40,392,140,182
SUPER_20,9690000,148,19,14,181,80,68
SUPER_20,9700000,326,23,34,383,170,156
SUPER_20,9710000,140,12,18,170,68,72
SUPER_20,9720000,189,24,24,237,96,93
SUPER_20,9730000,214,20,24,258,99,115
SUPER_20,9740000,201,12,18,231,103,98
SUPER_20,9750000,268,36,20,324,145,123
SUPER_20,9760000,250,27,16,293,134,116
SUPER_20,9770000,324,27,21,372,156,168
SUPER_20,9780000,328,35,25,388,166,162
SUPER_20,9790000,284,27,20,331,153,131
SUPER_20,9800000,141,14,7,162,71,70
SUPER_20,9810000,186,13,23,222,96,90
SUPER_20,9820000,373,28,44,445,180,193
SUPER_20,9830000,189,17,18,224,91,98
SUPER_20,9840000,348,29,40,417,158,190
SUPER_20,9850000,296,27,30,353,141,155
SUPER_20,9860000,351,33,35,419,170,181
SUPER_20,9870000,291,24,27,342,143,148
SUPER_20,9880000,149,21,13,183,79,70
SUPER_20,9890000,203,29,18,250,105,98
SUPER_20,9900000,222,23,13,258,112,110
SUPER_20,9910000,362,39,27,428,175,187
SUPER_20,9920000,223,25,24,272,113,110
SUPER_20,9930000,260,14,23,297,125,135
SUPER_20,9940000,190,12,19,221,99,91
SUPER_20,9950000,122,15,7,144,69,53
SUPER_20,9960000,291,25,21,337,156,135
SUPER_20,9970000,351,26,40,417,180,171
SUPER_20,9980000,198,25,8,231,96,102
SUPER_20,9990000,178,14,15,207,91,87
SUPER_20,10000000,104,9,6,119,50,54
SUPER_20,10010000,367,22,46,435,191,176
SUPER_20,10020000,229,27,27,283,102,127
SUPER_20,10030000,45,6,2,53,27,18
SUPER_20,10040000,371,27,35,433,167,204
SUPER_20,10050000,258,38,19,315,123,135
SUPER_20,10060000,242,24,18,284,121,121
SUPER_20,10070000,321,29,29,379,155,166
SUPER_20,10080000,139,15,8,162,83,56
SUPER_20,10090000,188,20,19,227,92,96
SUPER_20,10100000,378,36,34,448,196,182
SUPER_20,10110000,348,17,30,395,191,157
SUPER_20,10120000,301,26,26,353,147,154
SUPER_20,10130000,19,1,1,21,9,10
SUPER_20,10140000,86,5,7,98,40,46
SUPER_20,10150000,277,24,28,329,124,153
SUPER_20,10160000,204,35,18,257,96,108
SUPER_20,10170000,240,37,26,303,116,124
SUPER_20,10180000,0,0,0,0,0,0
SUPER_20,10190000,0,0,0,0,0,0
SUPER_20,10200000,288,26,32,346,137,151
SUPER_20,10210000,5,1,0,6,4,1
SUPER_20,10220000,142,13,12,167,75,67
SUPER_20,10230000,319,32,36,387,155,164
SUPER_20,10240000,408,39,37,484,197,211
SUPER_20,10250000,361,35,26,422,168,193
SUPER_20,10260000,329,33,29,391,169,160
SUPER_20,10270000,381,33,46,460,183,198
SUPER_20,10280000,253,30,23,306,141,112
SUPER_20,10290000,363,37,24,424,197,166
SUPER_20,10300000,274,31,29,334,134,140
SUPER_20,10310000,382,33,30,445,175,207
SUPER_20,10320000,312,20,28,360,170,142
SUPER_20,10330000,193,20,12,225,95,98
SUPER_20,10340000,230,28,22,280,110,120
SUPER_20,10350000,123,8,16,147,61,62
SUPER_20,10360000,282,14,21,317,157,125
SUPER_20,10370000,274,18,25,317,116,158
SUPER_20,10380000,225,12,14,251,111,114
SUPER_20,10390000,378,41,38,457,193,185
SUPER_20,10400000,219,25,21,265,97,122
SUPER_20,10410000,201,22,12,235,93,108
SUPER_20,10420000,202,22,28,252,104,98
SUPER_20,10430000,240,22,24,286,123,117
SUPER_20,10440000,307,40,29,376,137,170
SUPER_20,10450000,263,20,19,302,122,141
SUPER_20,10460000,188,17,15,220,90,98
SUPER_20,10470000,253,32,23,308,143,110
SUPER_20,10480000,158,14,12,184,77,81
SUPER_20,10490000,225,22,20,267,120,105
SUPER_20,10500000,330,30,26,386,168,162
SUPER_20,10510000,372,35,32,439,179,193
SUPER_20,10520000,295,31,30,356,160,135
SUPER_20,10530000,301,34,26,361,135,166
SUPER_20,10540000,383,30,29,442,195,188
SUPER_20,10550000,317,32,28,377,140,177
SUPER_20,10560000,331,34,36,401,165,166
SUPER_20,10570000,160,8,11,179,84,76
SUPER_20,10580000,188,18,8,214,90,98
SUPER_20,10590000,352,40,36,428,182,170
SUPER_20,10600000,260,33,24,317,121,139
SUPER_20,10610000,327,35,30,392,151,176
SUPER_20,10620000,305,33,30,368,140,165
SUPER_20,10630000,175,15,16,206,80,95
SUPER_20,10640000,225,18,25,268,127,98
SUPER_20,10650000,240,23,29,292,129,111
SUPER_20,10660000,240,21,20,281,119,121
SUPER_20,10670000,376,50,38,464,191,185
SUPER_20,10680000,279,14,23,316,155,124
SUPER_20,10690000,251,19,16,286,129,122
SUPER_20,10700000,228,38,21,287,111,117
SUPER_20,10710000,207,19,21,247,100,107
SUPER_20,10720000,222,19,18,259,128,94
SUPER_20,10730000,202,18,16,236,116,86
SUPER_20,10740000,197,24,21,242,101,96
SUPER_20,10750000,276,25,20,321,133,143
SUPER_20,10760000,282,28,26,336,147,135
SUPER_20,10770000,337,28,35,400,161,176
SUPER_20,10780000,334,22,39,395,165,169
SUPER_20,10790000,255,29,29,313,114,141
SUPER_20,10800000,277,25,17,319,138,139
SUPER_20,10810000,181,12,8,201,97,84
SUPER_20,10820000,364,42,35,441,173,191
SUPER_20,10830000,223,11,20,254,112,111
SUPER_20,10840000,311,26,34,371,160,151
SUPER_20,10850000,309,36,25,370,157,152
SUPER_20,10860000,302,24,27,353,164,138
SUPER_20,10870000,360,31,30,421,174,186
SUPER_20,10880000,281,31,22,334,122,159
SUPER_20,10890000,198,17,14,229,98,100
SUPER_20,10900000,125,14,16,155,60,65
SUPER_20,10910000,277,25,18,320,127,150
SUPER_20,10920000,334,22,28,384,175,159
SUPER_20,10930000,166,8,9,183,87,79
SUPER_20,10940000,347,33,42,422,161,186
SUPER_20,10950000,254,24,24,302,118,136
SUPER_20,10960000,324,20,21,365,162,162
SUPER_20,10970000,337,24,28,389,180,157
SUPER_20,10980000,293,27,38,358,140,153
SUPER_20,10990000,368,25,42,435,181,187
SUPER_20,11000000,306,34,21,361,140,166
SUPER_20,11010000,318,26,33,377,169,149
SUPER_20,11020000,251,25,16,292,139,112
SUPER_20,11030000,232,22,20,274,121,111
SUPER_20,11040000,303,25,31,359,174,129
SUPER_20,11050000,313,27,33,373,168,145
SUPER_20,11060000,249,26,28,303,134,115
SUPER_20,11070000,223,16,21,260,100,123
SUPER_20,11080000,114,11,10,135,58,56
SUPER_20,11090000,62,9,7,78,31,31
SUPER_20,11100000,87,8,9,104,34,53
SUPER_20,11110000,32,9,2,43,12,20
SUPER_20,11120000,73,5,3,81,41,32
SUPER_20,11130000,9,0,1,10,3,6
SUPER_20,11140000,79,11,4,94,36,43
SUPER_20,11150000,145,13,16,174,75,70
SUPER_20,11160000,79,12,14,105,48,31
SUPER_20,11170000,67,2,3,72,31,36
SUPER_20,11180000,15,37,30,82,7,8
SUPER_20,11190000,43,26,38,107,24,19
SUPER_20,11200000,62,49,25,136,22,40
SUPER_21,10000,9,0,2,11,8,1
SUPER_21,20000,0,1,0,1,0,0
SUPER_21,30000,1,3,2,6,0,1
SUPER_21,40000,0,0,0,0,0,0
SUPER_21,50000,0,0,0,0,0,0
SUPER_21,60000,0,0,0,0,0,0
SUPER_21,70000,0,0,0,0,0,0
SUPER_21,80000,166,3,18,187,80,86
SUPER_21,90000,253,28,30,311,139,114
SUPER_21,100000,175,26,15,216,101,74
SUPER_21,110000,210,19,26,255,114,96
SUPER_21,120000,360,49,35,444,185,175
SUPER_21,130000,227,20,19,266,114,113
SUPER_21,140000,165,19,14,198,90,75
SUPER_21,150000,311,33,30,374,140,171
SUPER_21,160000,173,7,15,195,102,71
SUPER_21,170000,273,28,21,322,137,136
SUPER_21,180000,0,0,0,0,0,0
SUPER_21,190000,0,0,0,0,0,0
SUPER_21,200000,40,6,5,51,17,23
SUPER_21,210000,306,29,26,361,155,151
SUPER_21,220000,268,27,18,313,140,128
SUPER_21,230000,317,30,27,374,163,154
SUPER_21,240000,356,24,34,414,180,176
SUPER_21,250000,324,44,20,388,166,158
SUPER_21,260000,358,38,24,420,170,188
SUPER_21,270000,351,33,38,422,174,177
SUPER_21,280000,387,29,34,450,195,192
SUPER_21,290000,146,7,10,163,79,67
SUPER_21,300000,317,24,16,357,172,145
SUPER_21,310000,82,12,9,103,41,41
SUPER_21,320000,264,30,25,319,133,131
SUPER_21,330000,207,18,23,248,90,117
SUPER_21,340000,180,20,18,218,95,85
SUPER_21,350000,389,34,31,454,206,183
SUPER_21,360000,322,27,27,376,148,174
SUPER_21,370000,155,15,16,186,70,85
SUPER_21,380000,355,30,27,412,174,181
SUPER_21,390000,162,21,16,199,77,85
SUPER_21,400000,276,30,26,332,135,141
SUPER_21,410000,270,29,17,316,131,139
SUPER_21,420000,138,14,19,171,71,67
SUPER_21,430000,242,16,22,280,125,117
SUPER_21,440000,363,32,38,433,180,183
SUPER_21,450000,360,36,30,426,172,188
SUPER_21,460000,80,11,5,96,47,33
SUPER_21,470000,340,28,24,392,158,182
SUPER_21,480000,371,28,46,445,183,188
SUPER_21,490000,265,26,21,312,126,139
SUPER_21,500000,252,24,22,298,120,132
SUPER_21,510000,186,31,20,237,86,100
SUPER_21,520000,312,33,20,365,142,170
SUPER_21,530000,194,13,17,224,89,105
SUPER_21,540000,153,12,15,180,78,75
SUPER_21,550000,317,29,28,374,150,167
SUPER_21,560000,325,25,23,373,152,173
SUPER_21,570000,151,16,15,182,81,70
SUPER_21,580000,243,13,19,275,120,123
SUPER_21,590000,273,32,20,325,149,124
SUPER_21,600000,199,23,22,244,108,91
SUPER_21,610000,134,10,12,156,74,60
SUPER_21,620000,178,21,15,214,97,81
SUPER_21,630000,291,23,10,324,140,151
SUPER_21,640000,177,16,12,205,80,97
SUPER_21,650000,170,24,12,206,82,88
SUPER_21,660000,318,27,38,383,163,155
SUPER_21,670000,194,26,20,240,97,97
SUPER_21,680000,322,27,23,372,152,170
SUPER_21,690000,100,13,11,124,42,58
SUPER_21,700000,350,41,38,429,176,174
SUPER_21,710000,91,6,5,102,46,45
SUPER_21,720000,141,13,12,166,64,77
SUPER_21,730000,297,22,23,342,158,139
SUPER_21,740000,203,27,12,242,89,114
SUPER_21,750000,362,28,30,420,187,175
SUPER_21,760000,390,32,44,466,180,210
SUPER_21,770000,194,26,14,234,100,94
SUPER_21,780000,298,25,24,347,166,132
SUPER_21,790000,359,39,32,430,166,193
SUPER_21,800000,441,49,38,528,201,240
SUPER_21,810000,372,30,31,433,177,195
SUPER_21,820000,451,43,44,538,231,220
SUPER_21,830000,191,12,18,221,106,85
SUPER_21,840000,384,32,40,456,202,182
SUPER_21,850000,97,6,6,109,46,51
SUPER_21,860000,333,27,20,380,175,158
SUPER_21,870000,122,10,6,138,59,63
SUPER_21,880000,0,1,0,1,0,0
SUPER_21,890000,122,11,13,146,57,65
SUPER_21,900000,312,29,32,373,151,161
SUPER_21,910000,377,35,25,437,196,181
SUPER_21,920000,291,26,22,339,140,151
SUPER_21,930000,269,46,27,342,130,139
SUPER_21,940000,229,24,19,272,114,115
SUPER_21,950000,413,52,44,509,205,208
SUPER_21,960000,428,38,35,501,211,217
SUPER_21,970000,347,36,35,418,156,191
SUPER_21,980000,360,28,29,417,156,204
SUPER_21,990000,57,3,3,63,33,24
SUPER_21,1000000,412,42,36,490,187,225
SUPER_21,1010000,186,17,10,213,103,83
SUPER_21,1020000,392,46,34,472,182,210
SUPER_21,1030000,361,24,31,416,181,180
SUPER_21,1040000,312,23,26,361,159,153
SUPER_21,1050000,148,13,14,175,71,77
SUPER_21,1060000,261,17,27,305,147,114
SUPER_21,1070000,410,34,30,474,213,197
SUPER_21,1080000,277,48,22,347,128,149
SUPER_21,1090000,400,39,23,462,190,210
SUPER_21,1100000,253,23,16,292,120,133
SUPER_21,1110000,236,15,18,269,121,115
SUPER_21,1120000,206,21,14,241,110,96
SUPER_21,1130000,349,45,32,426,173,176
SUPER_21,1140000,395,40,40,475,220,175
SUPER_21,1150000,393,20,35,448,185,208
SUPER_21,1160000,317,32,26,375,162,155
SUPER_21,1170000,401,40,42,483,182,219
SUPER_21,1180000,353,40,45,438,166,187
SUPER_21,1190000,332,33,29,394,161,171
SUPER_21,1200000,362,31,29,422,183,179
SUPER_21,1210000,151,11,13,175,67,84
SUPER_21,1220000,285,18,18,321,141,144
SUPER_21,1230000,305,26,25,356,157,148
SUPER_21,1240000,163,8,9,180,87,76
SUPER_21,1250000,273,19,19,311,153,120
SUPER_21,1260000,202,18,17,237,106,96
SUPER_21,1270000,154,26,14,194,74,80
SUPER_21,1280000,359,41,31,431,174,185
SUPER_21,1290000,298,27,25,350,143,155
SUPER_21,1300000,212,15,21,248,113,99
SUPER_21,1310000,0,0,0,0,0,0
SUPER_21,1320000,0,0,0,0,0,0
SUPER_21,1330000,718,73,62,853,368,350
SUPER_21,1340000,357,30,43,430,163,194
SUPER_21,1350000,355,21,39,415,163,192
SUPER_21,1360000,259,17,22,298,141,118
SUPER_21,1370000,177,25,9,211,79,98
SUPER_21,1380000,0,0,0,0,0,0
SUPER_21,1390000,0,0,0,0,0,0
SUPER_21,1400000,570,53,50,673,277,293
SUPER_21,1410000,122,11,5,138,60,62
SUPER_21,1420000,249,16,38,303,122,127
SUPER_21,1430000,230,17,21,268,109,121
SUPER_21,1440000,0,0,1,1,0,0
SUPER_21,1450000,190,12,19,221,88,102
SUPER_21,1460000,454,39,35,528,239,215
SUPER_21,1470000,274,28,36,338,136,138
SUPER_21,1480000,60,10,4,74,32,28
SUPER_21,1490000,163,20,14,197,79,84
SUPER_21,1500000,314,29,29,372,159,155
SUPER_21,1510000,222,24,14,260,105,117
SUPER_21,1520000,257,19,19,295,123,134
SUPER_21,1530000,360,48,34,442,180,180
SUPER_21,1540000,74,4,8,86,38,36
SUPER_21,1550000,297,16,25,338,135,162
SUPER_21,1560000,414,31,48,493,198,216
SUPER_21,1570000,365,35,25,425,166,199
SUPER_21,1580000,420,35,28,483,200,220
SUPER_21,1590000,252,33,24,309,128,124
SUPER_21,1600000,361,28,39,428,165,196
SUPER_21,1610000,349,44,25,418,184,165
SUPER_21,1620000,307,32,30,369,152,155
SUPER_21,1630000,250,42,17,309,119,131
SUPER_21,1640000,393,40,32,465,199,194
SUPER_21,1650000,0,0,0,0,0,0
SUPER_21,1660000,0,0,0,0,0,0
SUPER_21,1670000,601,64,58,723,313,288
SUPER_21,1680000,256,18,22,296,128,128
SUPER_21,1690000,335,32,27,394,159,176
SUPER_21,1700000,228,22,32,282,113,115
SUPER_21,1710000,116,7,13,136,57,59
SUPER_21,1720000,326,21,37,384,156,170
SUPER_21,1730000,311,45,33,389,149,162
SUPER_21,1740000,273,22,28,323,125,148
SUPER_21,1750000,274,31,28,333,122,152
SUPER_21,1760000,335,26,27,388,171,164
SUPER_21,1770000,292,33,25,350,137,155
SUPER_21,1780000,74,6,6,86,45,29
SUPER_21,1790000,73,10,7,90,41,32
SUPER_21,1800000,330,34,21,385,157,173
SUPER_21,1810000,415,39,21,475,208,207
SUPER_21,1820000,325,25,44,394,166,159
SUPER_21,1830000,297,21,27,345,164,133
SUPER_21,1840000,166,20,19,205,78,88
SUPER_21,1850000,372,32,39,443,181,191
SUPER_21,1860000,280,29,29,338,147,133
SUPER_21,1870000,137,14,8,159,65,72
SUPER_21,1880000,360,25,15,400,169,191
SUPER_21,1890000,226,31,26,283,104,122
SUPER_21,1900000,199,21,21,241,110,89
SUPER_21,1910000,244,20,17,281,140,104
SUPER_21,1920000,26,2,3,31,12,14
SUPER_21,1930000,404,34,36,474,177,227
SUPER_21,1940000,398,34,39,471,194,204
SUPER_21,1950000,385,22,28,435,191,194
SUPER_21,1960000,444,52,46,542,207,237
SUPER_21,1970000,329,39,31,399,150,179
SUPER_21,1980000,288,32,30,350,129,159
SUPER_21,1990000,86,10,4,100,33,53
SUPER_21,2000000,282,32,20,334,143,139
SUPER_21,2010000,309,40,31,380,156,153
SUPER_21,2020000,356,35,27,418,198,158
SUPER_21,2030000,190,23,12,225,95,95
SUPER_21,2040000,171,20,19,210,82,89
SUPER_21,2050000,438,57,38,533,234,204
SUPER_21,2060000,519,61,45,625,242,277
SUPER_21,2070000,301,29,21,351,146,155
SUPER_21,2080000,395,39,37,471,204,191
SUPER_21,2090000,374,36,26,436,175,199
SUPER_21,2100000,344,37,29,410,162,182
SUPER_21,2110000,319,34,40,393,137,182
SUPER_21,2120000,408,37,42,487,203,205
SUPER_21,2130000,220,20,15,255,109,111
SUPER_21,2140000,318,31,31,380,161,157
SUPER_21,2150000,379,35,36,450,186,193
SUPER_21,2160000,403,33,26,462,211,192
SUPER_21,2170000,352,33,25,410,187,165
SUPER_21,2180000,286,26,15,327,151,135
SUPER_21,2190000,350,42,34,426,172,178
SUPER_21,2200000,393,32,34,459,187,206
SUPER_21,2210000,335,35,35,405,167,168
SUPER_21,2220000,391,38,36,465,194,197
SUPER_21,2230000,400,32,40,472,206,194
SUPER_21,2240000,376,40,21,437,183,193
SUPER_21,2250000,410,28,42,480,190,220
SUPER_21,2260000,398,34,32,464,174,224
SUPER_21,2270000,84,8,8,100,51,33
SUPER_21,2280000,392,38,42,472,173,219
SUPER_21,2290000,259,40,25,324,123,136
SUPER_21,2300000,252,35,29,316,119,133
SUPER_21,2310000,237,30,33,300,119,118
SUPER_21,2320000,360,29,36,425,150,210
SUPER_21,2330000,253,33,23,309,122,131
SUPER_21,2340000,295,21,31,347,157,138
SUPER_21,2350000,195,18,13,226,101,94
SUPER_21,2360000,284,37,11,332,137,147
SUPER_21,2370000,413,43,52,508,205,208
SUPER_21,2380000,321,39,24,384,151,170
SUPER_21,2390000,371,25,30,426,180,191
SUPER_21,2400000,288,25,32,345,139,149
SUPER_21,2410000,279,33,17,329,117,162
SUPER_21,2420000,18,2,1,21,8,10
SUPER_21,2430000,361,28,23,412,164,197
SUPER_21,2440000,408,37,30,475,200,208
SUPER_21,2450000,407,39,51,497,201,206
SUPER_21,2460000,300,28,36,364,146,154
SUPER_21,2470000,255,21,17,293,130,125
SUPER_21,2480000,389,22,35,446,183,206
SUPER_21,2490000,457,46,37,540,236,221
SUPER_21,2500000,428,37,47,512,206,222
SUPER_21,2510000,316,31,31,378,165,151
SUPER_21,2520000,315,32,22,369,143,172
SUPER_21,2530000,133,9,17,159,70,63
SUPER_21,2540000,207,24,23,254,102,105
SUPER_21,2550000,115,14,10,139,61,54
SUPER_21,2560000,117,13,13,143,49,68
SUPER_21,2570000,179,19,21,219,63,116
SUPER_21,2580000,295,24,29,348,122,173
SUPER_21,2590000,321,31,36,388,169,152
SUPER_21,2600000,241,16,34,291,117,124
SUPER_21,2610000,319,37,26,382,178,141
SUPER_21,2620000,227,18,24,269,100,127
SUPER_21,2630000,214,20,18,252,100,114
SUPER_21,2640000,275,32,15,322,119,156
SUPER_21,2650000,292,36,27,355,154,138
SUPER_21,2660000,237,29,30,296,108,129
SUPER_21,2670000,245,27,23,295,103,142
SUPER_21,2680000,165,15,20,200,69,96
SUPER_21,2690000,259,28,24,311,134,125
SUPER_21,2700000,237,19,21,277,121,116
SUPER_21,2710000,183,16,21,220,93,90
SUPER_21,2720000,126,10,8,144,69,57
SUPER_21,2730000,287,27,26,340,143,144
SUPER_21,2740000,302,38,19,359,153,149
SUPER_21,2750000,352,34,28,414,166,186
SUPER_21,2760000,267,32,32,331,142,125
SUPER_21,2770000,440,46,42,528,226,214
SUPER_21,2780000,326,33,33,392,163,163
SUPER_21,2790000,362,32,31,425,174,188
SUPER_21,2800000,381,38,36,455,204,177
SUPER_21,2810000,32,6,3,41,15,17
SUPER_21,2820000,141,11,13,165,77,64
SUPER_21,2830000,153,14,11,178,75,78
SUPER_21,2840000,313,28,35,376,145,168
SUPER_21,2850000,257,29,16,302,121,136
SUPER_21,2860000,354,39,23,416,165,189
SUPER_21,2870000,423,45,45,513,204,219
SUPER_21,2880000,421,41,42,504,184,237
SUPER_21,2890000,373,31,47,451,166,207
SUPER_21,2900000,375,33,33,441,187,188
SUPER_21,2910000,301,29,24,354,137,164
SUPER_21,2920000,425,34,40,499,207,218
SUPER_21,2930000,422,39,42,503,190,232
SUPER_21,2940000,414,49,36,499,202,212
SUPER_21,2950000,251,26,16,293,115,136
SUPER_21,2960000,155,20,15,190,76,79
SUPER_21,2970000,199,18,14,231,89,110
SUPER_21,2980000,253,19,22,294,114,139
SUPER_21,2990000,97,16,6,119,44,53
SUPER_21,3000000,19,2,4,25,8,11
SUPER_21,3010000,312,33,34,379,152,160
SUPER_21,3020000,346,29,39,414,182,164
SUPER_21,3030000,97,8,10,115,43,54
SUPER_21,3040000,0,0,0,0,0,0
SUPER_21,3050000,0,0,0,0,0,0
SUPER_21,3060000,648,65,52,765,318,330
SUPER_21,3070000,259,18,23,300,130,129
SUPER_21,3080000,301,28,28,357,146,155
SUPER_21,3090000,312,25,20,357,154,158
SUPER_21,3100000,299,27,18,344,146,153
SUPER_21,3110000,237,23,27,287,116,121
SUPER_21,3120000,286,29,20,335,147,139
SUPER_21,3130000,359,38,35,432,188,171
SUPER_21,3140000,284,24,34,342,144,140
SUPER_21,3150000,337,29,36,402,150,187
SUPER_21,3160000,301,35,24,360,155,146
SUPER_21,3170000,342,32,39,413,163,179
SUPER_21,3180000,302,26,32,360,139,163
SUPER_21,3190000,146,10,19,175,60,86
SUPER_21,3200000,293,33,26,352,136,157
SUPER_21,3210000,396,43,43,482,214,182
SUPER_21,3220000,331,34,26,391,161,170
SUPER_21,3230000,372,50,31,453,182,190
SUPER_21,3240000,326,37,25,388,165,161
SUPER_21,3250000,383,40,30,453,189,194
SUPER_21,3260000,360,37,42,439,159,201
SUPER_21,3270000,355,32,38,425,165,190
SUPER_21,3280000,282,25,22,329,152,130
SUPER_21,3290000,3,0,1,4,1,2
SUPER_21,3300000,98,12,3,113,50,48
SUPER_21,3310000,166,13,11,190,92,74
SUPER_21,3320000,348,17,42,407,179,169
SUPER_21,3330000,168,19,14,201,82,86
SUPER_21,3340000,320,22,36,378,154,166
SUPER_21,3350000,122,14,15,151,57,65
SUPER_21,3360000,186,12,16,214,80,106
SUPER_21,3370000,243,21,30,294,125,118
SUPER_21,3380000,166,10,11,187,84,82
SUPER_21,3390000,309,32,31,372,142,167
SUPER_21,3400000,196,23,20,239,109,87
SUPER_21,3410000,122,12,9,143,50,72
SUPER_21,3420000,333,38,25,396,155,178
SUPER_21,3430000,295,39,29,363,143,152
SUPER_21,3440000,311,42,40,393,131,180
SUPER_21,3450000,253,13,16,282,121,132
SUPER_21,3460000,285,30,32,347,128,157
SUPER_21,3470000,316,43,26,385,156,160
SUPER_21,3480000,384,46,23,453,180,204
SUPER_21,3490000,311,26,31,368,148,163
SUPER_21,3500000,289,31,30,350,139,150
SUPER_21,3510000,152,15,19,186,69,83
SUPER_21,3520000,301,31,27,359,154,147
SUPER_21,3530000,358,27,29,414,171,187
SUPER_21,3540000,164,13,20,197,91,73
SUPER_21,3550000,237,20,28,285,119,118
SUPER_21,3560000,305,32,29,366,150,155
SUPER_21,3570000,148,18,14,180,69,79
SUPER_21,3580000,385,44,34,463,184,201
SUPER_21,3590000,268,28,20,316,149,119
SUPER_21,3600000,302,26,32,360,144,158
SUPER_21,3610000,172,13,18,203,82,90
SUPER_21,3620000,201,18,18,237,86,115
SUPER_21,3630000,472,61,40,573,201,271
SUPER_21,3640000,366,32,29,427,197,169
SUPER_21,3650000,275,23,23,321,131,144
SUPER_21,3660000,186,13,23,222,94,92
SUPER_21,3670000,253,32,31,316,125,128
SUPER_21,3680000,288,31,31,350,147,141
SUPER_21,3690000,297,47,35,379,139,158
SUPER_21,3700000,248,23,15,286,113,135
SUPER_21,3710000,201,20,24,245,98,103
SUPER_21,3720000,428,30,43,501,191,237
SUPER_21,3730000,339,45,29,413,165,174
SUPER_21,3740000,356,36,46,438,176,180
SUPER_21,3750000,434,33,29,496,233,201
SUPER_21,3760000,290,28,32,350,144,146
SUPER_21,3770000,265,27,18,310,125,140
SUPER_21,3780000,256,34,31,321,126,130
SUPER_21,3790000,301,25,26,352,153,148
SUPER_21,3800000,403,42,37,482,194,209
SUPER_21,3810000,258,26,21,305,139,119
SUPER_21,3820000,358,36,35,429,164,194
SUPER_21,3830000,283,30,28,341,127,156
SUPER_21,3840000,244,28,32,304,144,100
SUPER_21,3850000,240,34,26,300,111,129
SUPER_21,3860000,342,22,25,389,162,180
SUPER_21,3870000,112,14,11,137,52,60
SUPER_21,3880000,195,23,12,230,88,107
SUPER_21,3890000,200,24,24,248,96,104
SUPER_21,3900000,362,40,30,432,195,167
SUPER_21,3910000,227,26,18,271,113,114
SUPER_21,3920000,366,45,26,437,157,209
SUPER_21,3930000,392,40,29,461,205,187
SUPER_21,3940000,357,39,22,418,175,182
SUPER_21,3950000,286,28,28,342,142,144
SUPER_21,3960000,293,26,24,343,147,146
SUPER_21,3970000,346,31,29,406,160,186
SUPER_21,3980000,120,12,20,152,69,51
SUPER_21,3990000,195,22,26,243,96,99
SUPER_21,4000000,299,26,42,367,143,156
SUPER_21,4010000,287,26,35,348,144,143
SUPER_21,4020000,292,32,29,353,143,149
SUPER_21,4030000,432,27,46,505,208,224
SUPER_21,4040000,357,23,33,413,170,187
SUPER_21,4050000,336,38,29,403,159,177
SUPER_21,4060000,183,23,11,217,84,99
SUPER_21,4070000,366,34,29,429,190,176
SUPER_21,4080000,320,35,28,383,156,164
SUPER_21,4090000,387,36,40,463,189,198
SUPER_21,4100000,296,36,29,361,146,150
SUPER_21,4110000,387,43,27,457,165,222
SUPER_21,4120000,399,38,43,480,181,218
SUPER_21,4130000,361,37,36,434,179,182
SUPER_21,4140000,338,25,35,398,180,158
SUPER_21,4150000,179,25,17,221,89,90
SUPER_21,4160000,320,33,31,384,168,152
SUPER_21,4170000,340,25,40,405,155,185
SUPER_21,4180000,338,27,32,397,168,170
SUPER_21,4190000,291,28,21,340,129,162
SUPER_21,4200000,405,28,42,475,207,198
SUPER_21,4210000,360,28,49,437,156,204
SUPER_21,4220000,396,38,38,472,201,195
SUPER_21,4230000,299,39,33,371,134,165
SUPER_21,4240000,222,22,16,260,100,122
SUPER_21,4250000,343,48,22,413,178,165
SUPER_21,4260000,351,31,24,406,166,185
SUPER_21,4270000,231,20,32,283,110,121
SUPER_21,4280000,276,25,23,324,137,139
SUPER_21,4290000,327,29,24,380,147,180
SUPER_21,4300000,308,27,32,367,143,165
SUPER_21,4310000,344,36,35,415,170,174
SUPER_21,4320000,347,29,42,418,186,161
SUPER_21,4330000,311,39,30,380,154,157
SUPER_21,4340000,296,30,31,357,148,148
SUPER_21,4350000,355,44,30,429,183,172
SUPER_21,4360000,304,13,24,341,161,143
SUPER_21,4370000,350,26,27,403,163,187
SUPER_21,4380000,307,21,20,348,161,146
SUPER_21,4390000,368,23,37,428,189,179
SUPER_21,4400000,192,18,20,230,102,90
SUPER_21,4410000,349,28,36,413,159,190
SUPER_21,4420000,251,23,22,296,116,135
SUPER_21,4430000,227,19,25,271,103,124
SUPER_21,4440000,225,16,18,259,102,123
SUPER_21,4450000,253,24,21,298,114,139
SUPER_21,4460000,135,12,22,169,62,73
SUPER_21,4470000,259,21,18,298,108,151
SUPER_21,4480000,234,24,29,287,108,126
SUPER_21,4490000,285,18,24,327,132,153
SUPER_21,4500000,234,12,23,269,122,112
SUPER_21,4510000,303,41,26,370,150,153
SUPER_21,4520000,190,22,15,227,95,95
SUPER_21,4530000,235,19,23,277,120,115
SUPER_21,4540000,211,18,23,252,106,105
SUPER_21,4550000,247,19,13,279,122,125
SUPER_21,4560000,128,16,5,149,74,54
SUPER_21,4570000,73,10,6,89,32,41
SUPER_21,4580000,96,10,14,120,49,47
SUPER_21,4590000,216,27,24,267,100,116
SUPER_21,4600000,49,8,9,66,19,30
SUPER_21,4610000,261,24,32,317,120,141
SUPER_21,4620000,163,22,11,196,99,64
SUPER_21,4630000,293,24,37,354,134,159
SUPER_21,4640000,200,23,12,235,83,117
SUPER_21,4650000,375,37,25,437,195,180
SUPER_21,4660000,365,31,41,437,174,191
SUPER_21,4670000,206,16,17,239,100,106
SUPER_21,4680000,272,22,28,322,132,140
SUPER_21,4690000,343,41,42,426,161,182
SUPER_21,4700000,289,26,29,344,161,128
SUPER_21,4710000,445,43,43,531,213,232
SUPER_21,4720000,309,22,29,360,155,154
SUPER_21,4730000,259,21,20,300,119,140
SUPER_21,4740000,235,24,22,281,116,119
SUPER_21,4750000,310,27,35,372,161,149
SUPER_21,4760000,238,39,20,297,118,120
SUPER_21,4770000,227,31,27,285,104,123
SUPER_21,4780000,217,13,33,263,106,111
SUPER_21,4790000,255,28,18,301,120,135
SUPER_21,4800000,121,24,9,154,58,63
SUPER_21,4810000,132,19,15,166,50,82
SUPER_21,4820000,201,23,25,249,101,100
SUPER_21,4830000,201,19,27,247,91,110
SUPER_21,4840000,151,12,16,179,79,72
SUPER_21,4850000,203,23,25,251,93,110
SUPER_21,4860000,237,22,19,278,106,131
SUPER_21,4870000,396,47,39,482,203,193
SUPER_21,4880000,62,5,6,73,30,32
SUPER_21,4890000,239,37,18,294,123,116
SUPER_21,4900000,244,14,25,283,111,133
SUPER_21,4910000,174,11,15,200,91,83
SUPER_21,4920000,222,13,22,257,110,112
SUPER_21,4930000,6,0,1,7,3,3
SUPER_21,4940000,47,3,2,52,21,26
SUPER_21,4950000,334,39,26,399,153,181
SUPER_21,4960000,340,36,32,408,150,190
SUPER_21,4970000,346,40,48,434,179,167
SUPER_21,4980000,157,14,21,192,77,80
SUPER_21,4990000,105,11,10,126,56,49
SUPER_21,5000000,226,32,28,286,120,106
SUPER_21,5010000,343,30,32,405,165,178
SUPER_21,5020000,334,17,31,382,168,166
SUPER_21,5030000,252,36,27,315,127,125
SUPER_21,5040000,64,4,2,70,29,35
SUPER_21,5050000,239,17,18,274,129,110
SUPER_21,5060000,103,12,6,121,57,46
SUPER_21,5070000,279,30,20,329,146,133
SUPER_21,5080000,216,17,13,246,110,106
SUPER_21,5090000,371,32,32,435,200,171
SUPER_21,5100000,282,27,30,339,142,140
SUPER_21,5110000,228,19,22,269,106,122
SUPER_21,5120000,186,14,19,219,96,90
SUPER_21,5130000,327,19,34,380,169,158
SUPER_21,5140000,245,16,24,285,115,130
SUPER_21,5150000,354,31,29,414,175,179
SUPER_21,5160000,248,15,20,283,117,131
SUPER_21,5170000,241,28,31,300,109,132
SUPER_21,5180000,268,20,20,308,149,119
SUPER_21,5190000,274,24,22,320,129,145
SUPER_21,5200000,310,16,22,348,168,142
SUPER_21,5210000,288,18,17,323,158,130
SUPER_21,5220000,54,4,9,67,25,29
SUPER_21,5230000,279,33,34,346,138,141
SUPER_21,5240000,0,0,0,0,0,0
SUPER_21,5250000,0,0,0,0,0,0
SUPER_21,5260000,92,10,9,111,49,43
SUPER_21,5270000,1,0,0,1,0,1
SUPER_21,5280000,304,28,42,374,153,151
SUPER_21,5290000,235,21,25,281,117,118
SUPER_21,5300000,199,12,19,230,103,96
SUPER_21,5310000,159,14,12,185,88,71
SUPER_21,5320000,45,4,4,53,25,20
SUPER_21,5330000,269,33,24,326,119,150
SUPER_21,5340000,102,6,7,115,59,43
SUPER_21,5350000,173,17,16,206,89,84
SUPER_21,5360000,257,22,18,297,130,127
SUPER_21,5370000,258,26,16,300,141,117
SUPER_21,5380000,360,35,37,432,182,178
SUPER_21,5390000,164,15,15,194,92,72
SUPER_21,5400000,223,21,23,267,113,110
SUPER_21,5410000,277,27,18,322,137,140
SUPER_21,5420000,94,11,8,113,50,44
SUPER_21,5430000,81,8,9,98,36,45
SUPER_21,5440000,119,11,19,149,50,69
SUPER_21,5450000,83,10,11,104,41,42
SUPER_21,5460000,0,0,0,0,0,0
SUPER_21,5470000,0,0,0,0,0,0
SUPER_21,5480000,98,5,6,109,51,47
SUPER_21,5490000,25,5,4,34,10,15
SUPER_21,5500000,149,11,15,175,71,78
SUPER_21,5510000,12,1,3,16,5,7
SUPER_21,5520000,8,2,2,12,5,3
SUPER_21,5530000,46,5,3,54,24,22
SUPER_21,5540000,10,2,0,12,6,4
SUPER_21,5550000,115,10,14,139,48,67
SUPER_21,5560000,312,22,39,373,140,172
SUPER_21,5570000,359,36,38,433,177,182
SUPER_21,5580000,331,31,30,392,166,165
SUPER_21,5590000,267,23,25,315,118,149
SUPER_21,5600000,313,34,24,371,170,143
SUPER_21,5610000,220,30,21,271,94,126
SUPER_21,5620000,176,10,12,198,95,81
SUPER_21,5630000,91,13,8,112,54,37
SUPER_21,5640000,205,25,8,238,114,91
SUPER_21,5650000,610,60,45,715,323,287
SUPER_21,5660000,408,37,28,473,219,189
SUPER_21,5670000,0,0,1,1,0,0
SUPER_21,5680000,3,1,1,5,1,2
SUPER_21,5690000,44,1,1,46,23,21
SUPER_21,5700000,255,21,19,295,126,129
SUPER_21,5710000,325,40,42,407,157,168
SUPER_21,5720000,114,15,13,142,58,56
SUPER_21,5730000,224,20,14,258,114,110
SUPER_21,5740000,271,24,20,315,125,146
SUPER_21,5750000,332,23,23,378,176,156
SUPER_21,5760000,141,15,13,169,70,71
SUPER_21,5770000,35,2,4,41,27,8
SUPER_21,5780000,277,25,24,326,142,135
SUPER_21,5790000,245,22,23,290,121,124
SUPER_21,5800000,270,35,15,320,151,119
SUPER_21,5810000,268,24,24,316,144,124
SUPER_21,5820000,316,29,24,369,163,153
SUPER_21,5830000,240,20,23,283,115,125
SUPER_21,5840000,246,19,12,277,137,109
SUPER_21,5850000,0,0,0,0,0,0
SUPER_21,5860000,0,0,0,0,0,0
SUPER_21,5870000,505,46,43,594,263,242
SUPER_21,5880000,377,27,23,427,188,189
SUPER_21,5890000,11,1,3,15,7,4
SUPER_21,5900000,240,22,21,283,110,130
SUPER_21,5910000,126,5,19,150,64,62
SUPER_21,5920000,317,30,25,372,150,167
SUPER_21,5930000,145,11,20,176,72,73
SUPER_21,5940000,232,22,25,279,101,131
SUPER_21,5950000,164,13,16,193,92,72
SUPER_21,5960000,167,8,14,189,97,70
SUPER_21,5970000,407,36,32,475,191,216
SUPER_21,5980000,284,31,22,337,138,146
SUPER_21,5990000,343,20,47,410,178,165
SUPER_21,6000000,263,22,24,309,136,127
SUPER_21,6010000,250,24,29,303,110,140
SUPER_21,6020000,315,36,30,381,157,158
SUPER_21,6030000,325,40,32,397,170,155
SUPER_21,6040000,207,25,25,257,85,122
SUPER_21,6050000,89,7,6,102,42,47
SUPER_21,6060000,234,26,26,286,111,123
SUPER_21,6070000,242,23,23,288,119,123
SUPER_21,6080000,278,20,21,319,145,133
SUPER_21,6090000,186,21,20,227,87,99
SUPER_21,6100000,189,16,22,227,90,99
SUPER_21,6110000,291,28,27,346,155,136
SUPER_21,6120000,233,34,18,285,120,113
SUPER_21,6130000,190,27,21,238,101,89
SUPER_21,6140000,168,15,13,196,89,79
SUPER_21,6150000,224,20,13,257,106,118
SUPER_21,6160000,193,17,14,224,103,90
SUPER_21,6170000,310,47,17,374,148,162
SUPER_21,6180000,292,26,27,345,144,148
SUPER_21,6190000,260,25,22,307,138,122
SUPER_21,6200000,264,27,29,320,116,148
SUPER_21,6210000,204,15,26,245,101,103
SUPER_21,6220000,122,14,16,152,58,64
SUPER_21,6230000,225,30,22,277,108,117
SUPER_21,6240000,255,24,27,306,120,135
SUPER_21,6250000,68,10,8,86,31,37
SUPER_21,6260000,311,31,28,370,169,142
SUPER_21,6270000,322,29,26,377,155,167
SUPER_21,6280000,227,20,20,267,135,92
SUPER_21,6290000,258,22,28,308,116,142
SUPER_21,6300000,291,32,26,349,142,149
SUPER_21,6310000,363,30,26,419,198,165
SUPER_21,6320000,291,20,33,344,138,153
SUPER_21,6330000,21,2,2,25,13,8
SUPER_21,6340000,293,31,23,347,159,134
SUPER_21,6350000,410,52,46,508,221,189
SUPER_21,6360000,137,6,14,157,65,72
SUPER_21,6370000,96,6,7,109,46,50
SUPER_21,6380000,329,26,30,385,164,165
SUPER_21,6390000,177,14,18,209,80,97
SUPER_21,6400000,284,37,21,342,149,135
SUPER_21,6410000,30,4,2,36,22,8
SUPER_21,6420000,341,28,34,403,175,166
SUPER_21,6430000,0,0,0,0,0,0
SUPER_21,6440000,0,0,0,0,0,0
SUPER_21,6450000,266,19,17,302,131,135
SUPER_21,6460000,254,27,24,305,137,117
SUPER_21,6470000,378,43,43,464,196,182
SUPER_21,6480000,354,25,34,413,172,182
SUPER_21,6490000,30,2,2,34,15,15
SUPER_21,6500000,33,2,2,37,12,21
SUPER_21,6510000,203,18,15,236,95,108
SUPER_21,6520000,325,25,18,368,151,174
SUPER_21,6530000,337,26,27,390,163,174
SUPER_21,6540000,204,24,15,243,103,101
SUPER_21,6550000,91,9,6,106,46,45
SUPER_21,6560000,372,37,20,429,178,194
SUPER_21,6570000,263,21,30,314,133,130
SUPER_21,6580000,323,24,41,388,145,178
SUPER_21,6590000,134,6,16,156,61,73
SUPER_21,6600000,127,11,17,155,61,66
SUPER_21,6610000,291,39,35,365,121,170
SUPER_21,6620000,200,13,22,235,102,98
SUPER_21,6630000,320,25,29,374,183,137
SUPER_21,6640000,367,30,37,434,184,183
SUPER_21,6650000,368,40,39,447,204,164
SUPER_21,6660000,271,16,32,319,145,126
SUPER_21,6670000,306,25,35,366,148,158
SUPER_21,6680000,325,42,40,407,150,175
SUPER_21,6690000,312,29,29,370,158,154
SUPER_21,6700000,112,14,9,135,59,53
SUPER_21,6710000,328,35,31,394,159,169
SUPER_21,6720000,432,35,46,513,184,248
SUPER_21,6730000,187,18,16,221,107,80
SUPER_21,6740000,222,8,11,241,125,97
SUPER_21,6750000,317,27,25,369,153,164
SUPER_21,6760000,436,37,34,507,217,219
SUPER_21,6770000,268,27,20,315,124,144
SUPER_21,6780000,375,33,44,452,174,201
SUPER_21,6790000,315,34,32,381,156,159
SUPER_21,6800000,336,30,24,390,178,158
SUPER_21,6810000,321,34,30,385,154,167
SUPER_21,6820000,263,16,22,301,121,142
SUPER_21,6830000,374,33,31,438,167,207
SUPER_21,6840000,207,14,21,242,88,119
SUPER_21,6850000,238,19,23,280,120,118
SUPER_21,6860000,235,15,16,266,112,123
SUPER_21,6870000,163,15,25,203,85,78
SUPER_21,6880000,30,5,4,39,15,15
SUPER_21,6890000,270,21,27,318,132,138
SUPER_21,6900000,248,20,29,297,131,117
SUPER_21,6910000,255,31,21,307,130,125
SUPER_21,6920000,318,22,40,380,158,160
SUPER_21,6930000,215,28,22,265,114,101
SUPER_21,6940000,234,25,19,278,107,127
SUPER_21,6950000,219,19,8,246,110,109
SUPER_21,6960000,128,13,10,151,61,67
SUPER_21,6970000,213,23,23,259,115,98
SUPER_21,6980000,280,18,20,318,155,125
SUPER_21,6990000,322,41,23,386,150,172
SUPER_21,7000000,196,21,9,226,95,101
SUPER_21,7010000,176,18,20,214,104,72
SUPER_21,7020000,253,31,31,315,119,134
SUPER_21,7030000,203,24,17,244,103,100
SUPER_21,7040000,143,20,14,177,73,70
SUPER_21,7050000,291,39,31,361,124,167
SUPER_21,7060000,252,23,17,292,119,133
SUPER_21,7070000,302,25,26,353,152,150
SUPER_21,7080000,203,17,31,251,81,122
SUPER_21,7090000,336,38,32,406,153,183
SUPER_21,7100000,340,34,39,413,172,168
SUPER_21,7110000,260,26,36,322,115,145
SUPER_21,7120000,333,26,32,391,160,173
SUPER_21,7130000,278,32,25,335,129,149
SUPER_21,7140000,299,36,21,356,135,164
SUPER_21,7150000,336,20,28,384,161,175
SUPER_21,7160000,165,18,19,202,79,86
SUPER_21,7170000,396,41,25,462,200,196
SUPER_21,7180000,212,20,25,257,91,121
SUPER_21,7190000,176,23,13,212,86,90
SUPER_21,7200000,197,19,12,228,101,96
SUPER_21,7210000,167,16,22,205,88,79
SUPER_21,7220000,360,48,38,446,165,195
SUPER_21,7230000,362,40,38,440,173,189
SUPER_21,7240000,315,36,38,389,157,158
SUPER_21,7250000,178,25,22,225,81,97
SUPER_21,7260000,238,32,28,298,109,129
SUPER_21,7270000,318,30,34,382,170,148
SUPER_21,7280000,283,26,26,335,133,150
SUPER_21,7290000,325,31,34,390,157,168
SUPER_21,7300000,241,22,19,282,101,140
SUPER_21,7310000,233,14,26,273,117,116
SUPER_21,7320000,340,46,35,421,159,181
SUPER_21,7330000,421,38,34,493,207,214
SUPER_21,7340000,366,37,39,442,174,192
SUPER_21,7350000,305,32,30,367,161,144
SUPER_21,7360000,240,28,28,296,105,135
SUPER_21,7370000,311,16,24,351,157,154
SUPER_21,7380000,251,23,20,294,126,125
SUPER_21,7390000,362,22,29,413,186,176
SUPER_21,7400000,341,30,31,402,184,157
SUPER_21,7410000,313,36,28,377,145,168
SUPER_21,7420000,304,33,26,363,146,158
SUPER_21,7430000,308,32,35,375,139,169
SUPER_21,7440000,269,28,30,327,115,154
SUPER_21,7450000,372,31,30,433,173,199
SUPER_21,7460000,262,21,30,313,132,130
SUPER_21,7470000,102,19,7,128,50,52
SUPER_21,7480000,229,23,26,278,118,111
SUPER_21,7490000,174,18,12,204,91,83
SUPER_21,7500000,384,30,39,453,189,195
SUPER_21,7510000,286,41,23,350,131,155
SUPER_21,7520000,175,27,17,219,83,92
SUPER_21,7530000,277,33,17,327,136,141
SUPER_21,7540000,321,32,24,377,159,162
SUPER_21,7550000,373,41,26,440,173,200
SUPER_21,7560000,280,33,25,338,135,145
SUPER_21,7570000,327,23,35,385,176,151
SUPER_21,7580000,354,27,28,409,192,162
SUPER_21,7590000,369,34,32,435,181,188
SUPER_21,7600000,284,19,29,332,136,148
SUPER_21,7610000,157,12,10,179,67,90
SUPER_21,7620000,173,13,14,200,89,84
SUPER_21,7630000,68,10,6,84,32,36
SUPER_21,7640000,304,37,24,365,161,143
SUPER_21,7650000,311,41,30,382,139,172
SUPER_21,7660000,178,25,14,217,77,101
SUPER_21,7670000,332,33,45,410,165,167
SUPER_21,7680000,311,26,31,368,156,155
SUPER_21,7690000,298,34,20,352,137,161
SUPER_21,7700000,380,44,35,459,189,191
SUPER_21,7710000,323,30,32,385,167,156
SUPER_21,7720000,0,0,0,0,0,0
SUPER_21,7730000,0,0,0,0,0,0
SUPER_21,7740000,355,28,32,415,178,177
SUPER_21,7750000,332,41,22,395,169,163
SUPER_21,7760000,345,36,30,411,143,202
SUPER_21,7770000,289,33,21,343,129,160
SUPER_21,7780000,250,23,19,292,120,130
SUPER_21,7790000,302,21,23,346,156,146
SUPER_21,7800000,234,17,23,274,127,107
SUPER_21,7810000,296,29,15,340,144,152
SUPER_21,7820000,329,25,28,382,166,163
SUPER_21,7830000,316,23,28,367,162,154
SUPER_21,7840000,326,25,30,381,155,171
SUPER_21,7850000,313,34,33,380,146,167
SUPER_21,7860000,383,33,30,446,208,175
SUPER_21,7870000,323,20,38,381,176,147
SUPER_21,7880000,259,19,21,299,116,143
SUPER_21,7890000,279,31,18,328,135,144
SUPER_21,7900000,242,23,26,291,100,142
SUPER_21,7910000,0,0,0,0,0,0
SUPER_21,7920000,0,0,0,0,0,0
SUPER_21,7930000,438,34,31,503,236,202
SUPER_21,7940000,258,24,20,302,116,142
SUPER_21,7950000,384,27,34,445,182,202
SUPER_21,7960000,312,36,26,374,152,160
SUPER_21,7970000,337,26,23,386,174,163
SUPER_21,7980000,321,36,37,394,169,152
SUPER_21,7990000,257,16,15,288,126,131
SUPER_21,8000000,268,17,33,318,123,145
SUPER_21,8010000,291,29,21,341,141,150
SUPER_21,8020000,231,17,18,266,116,115
SUPER_21,8030000,346,35,27,408,170,176
SUPER_21,8040000,222,17,23,262,113,109
SUPER_21,8050000,222,23,36,281,114,108
SUPER_21,8060000,283,16,21,320,137,146
SUPER_21,8070000,308,29,22,359,153,155
SUPER_21,8080000,271,33,26,330,138,133
SUPER_21,8090000,196,19,33,248,73,123
SUPER_21,8100000,188,25,12,225,86,102
SUPER_21,8110000,213,21,12,246,110,103
SUPER_21,8120000,238,28,17,283,109,129
SUPER_21,8130000,171,27,13,211,83,88
SUPER_21,8140000,65,8,8,81,38,27
SUPER_21,8150000,231,18,18,267,114,117
SUPER_21,8160000,307,29,18,354,162,145
SUPER_21,8170000,194,18,26,238,81,113
SUPER_21,8180000,301,38,26,365,151,150
SUPER_21,8190000,314,34,29,377,156,158
SUPER_21,8200000,335,29,37,401,170,165
SUPER_21,8210000,343,32,38,413,163,180
SUPER_21,8220000,249,16,10,275,136,113
SUPER_21,8230000,402,35,42,479,205,197
SUPER_21,8240000,0,0,0,0,0,0
SUPER_21,8250000,0,0,0,0,0,0
SUPER_21,8260000,0,0,0,0,0,0
SUPER_21,8270000,0,0,0,0,0,0
SUPER_21,8280000,451,38,39,528,233,218
SUPER_21,8290000,82,7,10,99,39,43
SUPER_21,8300000,38,4,5,47,17,21
SUPER_21,8310000,19,2,1,22,10,9
SUPER_21,8320000,5,0,1,6,3,2
SUPER_21,8330000,5,0,0,5,5,0
SUPER_21,8340000,22,1,1,24,9,13
SUPER_21,8350000,167,24,20,211,85,82
SUPER_21,8360000,264,24,38,326,119,145
SUPER_21,8370000,248,32,25,305,113,135
SUPER_21,8380000,324,30,26,380,164,160
SUPER_21,8390000,490,45,53,588,250,240
SUPER_21,8400000,323,26,30,379,174,149
SUPER_21,8410000,187,30,13,230,92,95
SUPER_21,8420000,150,14,10,174,71,79
SUPER_21,8430000,199,16,12,227,102,97
SUPER_21,8440000,49,4,7,60,22,27
SUPER_21,8450000,250,23,14,287,124,126
SUPER_21,8460000,260,18,22,300,125,135
SUPER_21,8470000,247,21,29,297,129,118
SUPER_21,8480000,140,20,11,171,62,78
SUPER_21,8490000,194,25,13,232,89,105
SUPER_21,8500000,246,20,12,278,129,117
SUPER_21,8510000,146,14,14,174,77,69
SUPER_21,8520000,368,43,45,456,175,193
SUPER_21,8530000,292,24,39,355,151,141
SUPER_21,8540000,278,33,27,338,138,140
SUPER_21,8550000,270,26,32,328,115,155
SUPER_21,8560000,283,32,31,346,146,137
SUPER_21,8570000,285,27,21,333,126,159
SUPER_21,8580000,239,20,20,279,123,116
SUPER_21,8590000,308,17,32,357,134,174
SUPER_21,8600000,278,33,19,330,133,145
SUPER_21,8610000,4,1,0,5,3,1
SUPER_21,8620000,377,23,30,430,188,189
SUPER_21,8630000,0,0,0,0,0,0
SUPER_21,8640000,0,0,0,0,0,0
SUPER_21,8650000,465,45,43,553,244,221
SUPER_21,8660000,352,25,32,409,174,178
SUPER_21,8670000,309,25,19,353,168,141
SUPER_21,8680000,319,23,24,366,152,167
SUPER_21,8690000,374,29,35,438,188,186
SUPER_21,8700000,183,19,18,220,94,89
SUPER_21,8710000,233,20,17,270,102,131
SUPER_21,8720000,69,4,6,79,33,36
SUPER_21,8730000,264,37,22,323,139,125
SUPER_21,8740000,271,27,37,335,127,144
SUPER_21,8750000,285,32,22,339,150,135
SUPER_21,8760000,293,36,18,347,147,146
SUPER_21,8770000,280,20,33,333,131,149
SUPER_21,8780000,212,13,20,245,100,112
SUPER_21,8790000,279,26,35,340,133,146
SUPER_21,8800000,305,28,26,359,150,155
SUPER_21,8810000,254,24,24,302,132,122
SUPER_21,8820000,136,13,12,161,70,66
SUPER_21,8830000,134,13,11,158,70,64
SUPER_21,8840000,185,19,13,217,96,89
SUPER_21,8850000,341,34,24,399,162,179
SUPER_21,8860000,196,17,14,227,90,106
SUPER_21,8870000,1,1,0,2,0,1
SUPER_21,8880000,269,22,23,314,133,136
SUPER_21,8890000,82,8,3,93,47,35
SUPER_21,8900000,312,24,31,367,153,159
SUPER_21,8910000,229,16,23,268,112,117
SUPER_21,8920000,142,11,13,166,61,81
SUPER_21,8930000,277,19,22,318,149,128
SUPER_21,8940000,384,28,30,442,204,180
SUPER_21,8950000,152,14,14,180,73,79
SUPER_21,8960000,324,26,28,378,171,153
SUPER_21,8970000,291,23,19,333,147,144
SUPER_21,8980000,238,25,17,280,113,125
SUPER_21,8990000,406,33,39,478,210,196
SUPER_21,9000000,222,14,26,262,107,115
SUPER_21,9010000,220,26,18,264,106,114
SUPER_21,9020000,250,24,16,290,127,123
SUPER_21,9030000,245,27,19,291,120,125
SUPER_21,9040000,383,37,32,452,183,200
SUPER_21,9050000,325,25,21,371,154,171
SUPER_21,9060000,208,31,17,256,94,114
SUPER_21,9070000,310,29,27,366,155,155
SUPER_21,9080000,302,23,21,346,147,155
SUPER_21,9090000,332,35,30,397,182,150
SUPER_21,9100000,226,21,19,266,125,101
SUPER_21,9110000,239,14,23,276,119,120
SUPER_21,9120000,120,6,7,133,68,52
SUPER_21,9130000,0,2,0,2,0,0
SUPER_21,9140000,281,17,27,325,146,135
SUPER_21,9150000,296,28,21,345,160,136
SUPER_21,9160000,276,29,21,326,133,143
SUPER_21,9170000,230,24,23,277,108,122
SUPER_21,9180000,239,23,16,278,132,107
SUPER_21,9190000,1,1,0,2,1,0
SUPER_21,9200000,111,14,8,133,43,68
SUPER_21,9210000,352,28,31,411,186,166
SUPER_21,9220000,315,40,24,379,160,155
SUPER_21,9230000,240,19,25,284,130,110
SUPER_21,9240000,277,22,20,319,129,148
SUPER_21,9250000,198,32,30,260,99,99
SUPER_21,9260000,255,27,18,300,120,135
SUPER_21,9270000,285,25,20,330,136,149
SUPER_21,9280000,264,28,24,316,131,133
SUPER_21,9290000,347,26,33,406,159,188
SUPER_21,9300000,348,35,30,413,186,162
SUPER_21,9310000,379,38,40,457,199,180
SUPER_21,9320000,353,36,25,414,169,184
SUPER_21,9330000,312,25,28,365,175,137
SUPER_21,9340000,142,16,15,173,61,81
SUPER_21,9350000,284,25,29,338,138,146
SUPER_21,9360000,384,36,32,452,179,205
SUPER_21,9370000,316,30,30,376,150,166
SUPER_21,9380000,322,27,26,375,147,175
SUPER_21,9390000,354,40,31,425,175,179
SUPER_21,9400000,354,37,46,437,158,196
SUPER_21,9410000,355,33,29,417,168,187
SUPER_21,9420000,280,16,23,319,120,160
SUPER_21,9430000,285,28,32,345,136,149
SUPER_21,9440000,387,28,51,466,193,194
SUPER_21,9450000,309,38,38,385,173,136
SUPER_21,9460000,247,21,31,299,103,144
SUPER_21,9470000,220,23,20,263,109,111
SUPER_21,9480000,244,11,21,276,126,118
SUPER_21,9490000,168,19,19,206,102,66
SUPER_21,9500000,204,21,11,236,100,104
SUPER_21,9510000,201,10,23,234,101,100
SUPER_21,9520000,278,29,31,338,151,127
SUPER_21,9530000,312,23,31,366,139,173
SUPER_21,9540000,267,27,17,311,138,129
SUPER_21,9550000,407,47,37,491,200,207
SUPER_21,9560000,383,21,40,444,210,173
SUPER_21,9570000,337,33,31,401,155,182
SUPER_21,9580000,363,43,38,444,174,189
SUPER_21,9590000,256,23,27,306,128,128
SUPER_21,9600000,215,24,13,252,109,106
SUPER_21,9610000,282,29,31,342,140,142
SUPER_21,9620000,267,26,23,316,107,160
SUPER_21,9630000,256,20,24,300,119,137
SUPER_21,9640000,149,16,20,185,72,77
SUPER_21,9650000,278,31,24,333,139,139
SUPER_21,9660000,198,21,23,242,102,96
SUPER_21,9670000,134,19,10,163,60,74
SUPER_21,9680000,89,6,2,97,49,40
SUPER_21,9690000,187,26,17,230,90,97
SUPER_21,9700000,198,24,22,244,91,107
SUPER_21,9710000,228,19,15,262,128,100
SUPER_21,9720000,357,38,48,443,180,177
SUPER_21,9730000,370,28,24,422,181,189
SUPER_21,9740000,310,35,35,380,158,152
SUPER_21,9750000,188,21,17,226,94,94
SUPER_21,9760000,178,14,23,215,92,86
SUPER_21,9770000,257,24,23,304,134,123
SUPER_21,9780000,241,26,19,286,113,128
SUPER_21,9790000,218,14,20,252,108,110
SUPER_21,9800000,290,24,23,337,136,154
SUPER_21,9810000,126,21,10,157,55,71
SUPER_21,9820000,242,31,23,296,129,113
SUPER_21,9830000,290,16,22,328,143,147
SUPER_21,9840000,379,31,28,438,185,194
SUPER_21,9850000,286,32,27,345,131,155
SUPER_21,9860000,262,25,26,313,113,149
SUPER_21,9870000,230,23,23,276,117,113
SUPER_21,9880000,204,9,11,224,124,80
SUPER_21,9890000,219,16,21,256,112,107
SUPER_21,9900000,248,31,21,300,115,133
SUPER_21,9910000,263,22,25,310,116,147
SUPER_21,9920000,227,25,14,266,119,108
SUPER_21,9930000,224,20,27,271,122,102
SUPER_21,9940000,224,19,36,279,93,131
SUPER_21,9950000,218,27,28,273,117,101
SUPER_21,9960000,193,22,28,243,95,98
SUPER_21,9970000,216,27,24,267,101,115
SUPER_21,9980000,179,17,13,209,96,83
SUPER_21,9990000,141,12,14,167,67,74
SUPER_21,10000000,128,8,9,145,58,70
SUPER_21,10010000,158,11,10,179,78,80
SUPER_21,10020000,142,7,11,160,63,79
SUPER_21,10030000,149,11,10,170,78,71
SUPER_21,10040000,127,7,17,151,69,58
SUPER_21,10050000,215,18,20,253,101,114
SUPER_21,10060000,229,22,20,271,114,115
SUPER_21,10070000,114,16,14,144,64,50
SUPER_21,10080000,203,17,17,237,107,96
SUPER_21,10090000,106,14,11,131,53,53
SUPER_21,10100000,235,26,24,285,112,123
SUPER_21,10110000,191,12,18,221,103,88
SUPER_21,10120000,198,25,16,239,102,96
SUPER_21,10130000,160,24,25,209,81,79
SUPER_21,10140000,253,35,29,317,118,135
SUPER_21,10150000,169,16,15,200,82,87
SUPER_21,10160000,164,9,16,189,80,84
SUPER_21,10170000,163,19,18,200,83,80
SUPER_21,10180000,144,14,18,176,92,52
SUPER_21,10190000,123,14,16,153,64,59
SUPER_21,10200000,261,21,22,304,114,147
SUPER_21,10210000,225,15,19,259,108,117
SUPER_21,10220000,187,27,20,234,92,95
SUPER_21,10230000,64,16,5,85,29,35
SUPER_21,10240000,151,10,13,174,65,86
SUPER_21,10250000,244,28,24,296,122,122
SUPER_21,10260000,170,10,17,197,90,80
SUPER_21,10270000,96,12,10,118,44,52
SUPER_21,10280000,140,29,14,183,69,71
SUPER_21,10290000,77,8,7,92,35,42
SUPER_21,10300000,87,4,10,101,46,41
SUPER_21,10310000,95,8,9,112,47,48
SUPER_21,10320000,121,13,7,141,58,63
SUPER_21,10330000,116,6,12,134,56,60
SUPER_21,10340000,107,13,8,128,52,55
SUPER_21,10350000,90,9,10,109,44,46
SUPER_21,10360000,52,3,3,58,30,22
SUPER_21,10370000,81,5,7,93,38,43
SUPER_21,10380000,17,1,0,18,10,7
SUPER_21,10390000,35,4,3,42,18,17
SUPER_21,10400000,30,3,2,35,12,18
SUPER_21,10410000,62,4,4,70,39,23
SUPER_21,10420000,7,3,1,11,1,6
SUPER_21,10430000,14,3,3,20,3,11
SUPER_21,10440000,0,0,0,0,0,0
SUPER_21,10450000,0,0,0,0,0,0
SUPER_21,10460000,0,0,0,0,0,0
SUPER_21,10470000,0,0,0,0,0,0
SUPER_21,10480000,9,4,2,15,4,5
SUPER_21,10490000,15,7,2,24,3,12
SUPER_21,10500000,12,5,2,19,4,8
SUPER_21,10510000,38,5,3,46,15,23
SUPER_21,10520000,1,0,1,2,1,0
SUPER_21,10530000,1,0,0,1,1,0
SUPER_21,10540000,30,6,1,37,9,21
SUPER_21,10550000,103,7,15,125,39,64
SUPER_22,10000,7,9,0,16,2,5
SUPER_22,20000,0,4,1,5,0,0
SUPER_22,30000,124,14,4,142,56,68
SUPER_22,40000,126,6,7,139,63,63
SUPER_22,50000,113,14,7,134,62,51
SUPER_22,60000,177,11,16,204,92,85
SUPER_22,70000,193,17,16,226,99,94
SUPER_22,80000,174,13,16,203,88,86
SUPER_22,90000,242,15,21,278,129,113
SUPER_22,100000,188,16,14,218,96,92
SUPER_22,110000,216,23,21,260,105,111
SUPER_22,120000,190,20,13,223,94,96
SUPER_22,130000,326,35,33,394,154,172
SUPER_22,140000,103,11,4,118,47,56
SUPER_22,150000,250,17,23,290,122,128
SUPER_22,160000,288,23,19,330,141,147
SUPER_22,170000,383,37,25,445,173,210
SUPER_22,180000,80,9,3,92,40,40
SUPER_22,190000,2,3,0,5,0,2
SUPER_22,200000,43,6,3,52,20,23
SUPER_22,210000,379,29,34,442,179,200
SUPER_22,220000,271,14,25,310,141,130
SUPER_22,230000,187,11,12,210,99,88
SUPER_22,240000,330,23,29,382,163,167
SUPER_22,250000,274,29,25,328,132,142
SUPER_22,260000,202,29,9,240,87,115
SUPER_22,270000,285,25,24,334,141,144
SUPER_22,280000,50,4,9,63,21,29
SUPER_22,290000,251,17,16,284,123,128
SUPER_22,300000,359,30,31,420,178,181
SUPER_22,310000,406,33,25,464,209,197
SUPER_22,320000,313,22,26,361,166,147
SUPER_22,330000,377,36,30,443,191,186
SUPER_22,340000,194,12,26,232,90,104
SUPER_22,350000,307,26,33,366,147,160
SUPER_22,360000,375,34,40,449,168,207
SUPER_22,370000,253,21,15,289,117,136
SUPER_22,380000,381,20,30,431,202,179
SUPER_22,390000,282,19,27,328,133,149
SUPER_22,400000,9,0,0,9,5,4
SUPER_22,410000,106,9,15,130,52,54
SUPER_22,420000,257,21,18,296,136,121
SUPER_22,430000,200,13,16,229,92,108
SUPER_22,440000,0,0,0,0,0,0
SUPER_22,450000,0,0,0,0,0,0
SUPER_22,460000,0,0,0,0,0,0
SUPER_22,470000,0,0,0,0,0,0
SUPER_22,480000,0,0,0,0,0,0
SUPER_22,490000,0,0,0,0,0,0
SUPER_22,500000,0,0,0,0,0,0
SUPER_22,510000,0,0,0,0,0,0
SUPER_22,520000,0,0,0,0,0,0
SUPER_22,530000,0,0,0,0,0,0
SUPER_22,540000,0,0,0,0,0,0
SUPER_22,550000,333,29,27,389,171,162
SUPER_22,560000,417,37,47,501,193,224
SUPER_22,570000,331,40,27,398,169,162
SUPER_22,580000,30,2,4,36,11,19
SUPER_22,590000,351,31,19,401,163,188
SUPER_22,600000,292,29,32,353,159,133
SUPER_22,610000,0,0,2,2,0,0
SUPER_22,620000,266,32,24,322,142,124
SUPER_22,630000,311,29,22,362,166,145
SUPER_22,640000,5,0,0,5,3,2
SUPER_22,650000,227,18,29,274,120,107
SUPER_22,660000,27,2,3,32,12,15
SUPER_22,670000,0,0,0,0,0,0
SUPER_22,680000,0,0,0,0,0,0
SUPER_22,690000,217,18,17,252,113,104
SUPER_22,700000,339,23,40,402,177,162
SUPER_22,710000,263,15,31,309,124,139
SUPER_22,720000,0,0,1,1,0,0
SUPER_22,730000,360,28,40,428,182,178
SUPER_22,740000,357,29,30,416,171,186
SUPER_22,750000,371,34,29,434,183,188
SUPER_22,760000,311,27,21,359,151,160
SUPER_22,770000,324,38,23,385,159,165
SUPER_22,780000,0,0,0,0,0,0
SUPER_22,790000,0,0,0,0,0,0
SUPER_22,800000,465,57,41,563,226,239
SUPER_22,810000,279,25,22,326,133,146
SUPER_22,820000,157,13,13,183,80,77
SUPER_22,830000,414,39,33,486,196,218
SUPER_22,840000,397,37,41,475,193,204
SUPER_22,850000,355,49,34,438,176,179
SUPER_22,860000,288,24,20,332,151,137
SUPER_22,870000,339,24,31,394,177,162
SUPER_22,880000,227,19,23,269,118,109
SUPER_22,890000,245,13,28,286,136,109
SUPER_22,900000,406,42,38,486,202,204
SUPER_22,910000,111,8,6,125,56,55
SUPER_22,920000,152,21,18,191,71,81
SUPER_22,930000,36,2,6,44,20,16
SUPER_22,940000,12,3,2,17,5,7
SUPER_22,950000,12,0,2,14,7,5
SUPER_22,960000,14,1,0,15,5,9
SUPER_22,970000,70,4,3,77,43,27
SUPER_22,980000,48,4,4,56,23,25
SUPER_22,990000,50,4,5,59,25,25
SUPER_22,1000000,18,2,2,22,10,8
SUPER_22,1010000,362,35,32,429,188,174
SUPER_22,1020000,338,42,34,414,164,174
SUPER_22,1030000,268,23,35,326,135,133
SUPER_22,1040000,151,9,18,178,76,75
SUPER_22,1050000,228,22,10,260,122,106
SUPER_22,1060000,433,33,29,495,214,219
SUPER_22,1070000,383,38,42,463,199,184
SUPER_22,1080000,404,35,28,467,207,197
SUPER_22,1090000,379,27,44,450,191,188
SUPER_22,1100000,138,13,11,162,75,63
SUPER_22,1110000,271,24,25,320,118,153
SUPER_22,1120000,372,39,27,438,202,170
SUPER_22,1130000,132,18,10,160,70,62
SUPER_22,1140000,342,32,36,410,168,174
SUPER_22,1150000,159,9,10,178,79,80
SUPER_22,1160000,249,21,13,283,132,117
SUPER_22,1170000,423,27,39,489,217,206
SUPER_22,1180000,218,23,17,258,107,111
SUPER_22,1190000,346,22,29,397,172,174
SUPER_22,1200000,270,32,24,326,134,136
SUPER_22,1210000,296,26,32,354,146,150
SUPER_22,1220000,315,21,25,361,156,159
SUPER_22,1230000,200,14,16,230,98,102
SUPER_22,1240000,24,1,3,28,12,12
SUPER_22,1250000,82,12,8,102,47,35
SUPER_22,1260000,314,31,23,368,168,146
SUPER_22,1270000,343,46,31,420,173,170
SUPER_22,1280000,269,27,37,333,133,136
SUPER_22,1290000,200,26,17,243,101,99
SUPER_22,1300000,319,35,24,378,156,163
SUPER_22,1310000,271,29,34,334,130,141
SUPER_22,1320000,216,21,20,257,109,107
SUPER_22,1330000,181,19,19,219,82,99
SUPER_22,1340000,122,8,11,141,60,62
SUPER_22,1350000,259,32,22,313,138,121
SUPER_22,1360000,282,29,31,342,142,140
SUPER_22,1370000,297,31,15,343,136,161
SUPER_22,1380000,248,19,24,291,110,138
SUPER_22,1390000,150,18,16,184,71,79
SUPER_22,1400000,243,17,15,275,128,115
SUPER_22,1410000,175,15,12,202,92,83
SUPER_22,1420000,183,15,19,217,85,98
SUPER_22,1430000,230,23,26,279,112,118
SUPER_22,1440000,367,31,38,436,191,176
SUPER_22,1450000,155,10,10,175,86,69
SUPER_22,1460000,266,26,19,311,139,127
SUPER_22,1470000,86,11,4,101,42,44
SUPER_22,1480000,268,30,19,317,127,141
SUPER_22,1490000,337,30,35,402,162,175
SUPER_22,1500000,292,25,23,340,145,147
SUPER_22,1510000,194,16,7,217,97,97
SUPER_22,1520000,325,31,32,388,146,179
SUPER_22,1530000,205,14,24,243,102,103
SUPER_22,1540000,188,18,22,228,89,99
SUPER_22,1550000,342,45,31,418,168,174
SUPER_22,1560000,411,33,37,481,209,202
SUPER_22,1570000,342,35,23,400,167,175
SUPER_22,1580000,400,41,41,482,192,208
SUPER_22,1590000,349,34,29,412,199,150
SUPER_22,1600000,398,32,25,455,203,195
SUPER_22,1610000,293,27,25,345,151,142
SUPER_22,1620000,428,28,44,500,196,232
SUPER_22,1630000,342,42,33,417,174,168
SUPER_22,1640000,275,23,24,322,133,142
SUPER_22,1650000,129,10,10,149,66,63
SUPER_22,1660000,197,14,19,230,103,94
SUPER_22,1670000,236,26,17,279,105,131
SUPER_22,1680000,217,16,25,258,103,114
SUPER_22,1690000,229,27,17,273,121,108
SUPER_22,1700000,0,0,0,0,0,0
SUPER_22,1710000,0,0,0,0,0,0
SUPER_22,1720000,391,39,38,468,188,203
SUPER_22,1730000,121,5,12,138,62,59
SUPER_22,1740000,388,31,35,454,203,185
SUPER_22,1750000,279,20,25,324,144,135
SUPER_22,1760000,158,13,13,184,74,84
SUPER_22,1770000,333,36,31,400,154,179
SUPER_22,1780000,450,50,40,540,207,243
SUPER_22,1790000,255,18,16,289,110,145
SUPER_22,1800000,348,30,27,405,173,175
SUPER_22,1810000,222,21,16,259,109,113
SUPER_22,1820000,140,19,13,172,72,68
SUPER_22,1830000,168,24,21,213,70,98
SUPER_22,1840000,327,36,25,388,156,171
SUPER_22,1850000,421,43,33,497,202,219
SUPER_22,1860000,364,33,24,421,181,183
SUPER_22,1870000,317,30,36,383,167,150
SUPER_22,1880000,284,20,26,330,148,136
SUPER_22,1890000,302,30,34,366,151,151
SUPER_22,1900000,174,14,12,200,90,84
SUPER_22,1910000,11,2,2,15,7,4
SUPER_22,1920000,172,16,12,200,95,77
SUPER_22,1930000,20,1,2,23,8,12
SUPER_22,1940000,315,29,28,372,154,161
SUPER_22,1950000,301,27,34,362,146,155
SUPER_22,1960000,234,20,23,277,119,115
SUPER_22,1970000,388,39,42,469,192,196
SUPER_22,1980000,348,30,37,415,174,174
SUPER_22,1990000,386,40,41,467,193,193
SUPER_22,2000000,197,21,13,231,100,97
SUPER_22,2010000,324,26,33,383,143,181
SUPER_22,2020000,265,31,31,327,122,143
SUPER_22,2030000,246,17,27,290,121,125
SUPER_22,2040000,200,20,30,250,112,88
SUPER_22,2050000,328,35,24,387,185,143
SUPER_22,2060000,326,27,26,379,182,144
SUPER_22,2070000,282,28,28,338,134,148
SUPER_22,2080000,243,28,25,296,122,121
SUPER_22,2090000,400,34,41,475,186,214
SUPER_22,2100000,318,35,29,382,146,172
SUPER_22,2110000,279,22,23,324,121,158
SUPER_22,2120000,325,20,33,378,162,163
SUPER_22,2130000,273,20,27,320,137,136
SUPER_22,2140000,390,36,39,465,186,204
SUPER_22,2150000,361,35,33,429,177,184
SUPER_22,2160000,211,21,17,249,113,98
SUPER_22,2170000,253,21,20,294,135,118
SUPER_22,2180000,272,28,12,312,122,150
SUPER_22,2190000,233,24,24,281,125,108
SUPER_22,2200000,251,24,14,289,118,133
SUPER_22,2210000,458,31,34,523,215,243
SUPER_22,2220000,316,27,39,382,150,166
SUPER_22,2230000,198,25,18,241,92,106
SUPER_22,2240000,206,25,22,253,105,101
SUPER_22,2250000,205,22,20,247,94,111
SUPER_22,2260000,362,24,37,423,181,181
SUPER_22,2270000,321,32,40,393,169,152
SUPER_22,2280000,274,30,36,340,135,139
SUPER_22,2290000,246,24,26,296,109,137
SUPER_22,2300000,262,33,16,311,133,129
SUPER_22,2310000,391,33,39,463,198,193
SUPER_22,2320000,268,30,32,330,119,149
SUPER_22,2330000,296,32,30,358,146,150
SUPER_22,2340000,413,36,42,491,203,210
SUPER_22,2350000,418,35,35,488,211,207
SUPER_22,2360000,0,0,0,0,0,0
SUPER_22,2370000,0,0,0,0,0,0
SUPER_22,2380000,163,19,17,199,85,78
SUPER_22,2390000,189,12,13,214,99,90
SUPER_22,2400000,400,36,41,477,192,208
SUPER_22,2410000,414,38,33,485,217,197
SUPER_22,2420000,244,21,23,288,140,104
SUPER_22,2430000,101,8,7,116,63,38
SUPER_22,2440000,162,19,15,196,63,99
SUPER_22,2450000,203,26,21,250,91,112
SUPER_22,2460000,253,35,17,305,124,129
SUPER_22,2470000,256,33,32,321,107,149
SUPER_22,2480000,237,28,20,285,118,119
SUPER_22,2490000,311,31,28,370,126,185
SUPER_22,2500000,211,25,26,262,97,114
SUPER_22,2510000,300,42,27,369,152,148
SUPER_22,2520000,321,26,26,373,170,151
SUPER_22,2530000,329,27,33,389,185,144
SUPER_22,2540000,446,50,33,529,190,256
SUPER_22,2550000,302,35,27,364,144,158
SUPER_22,2560000,245,21,28,294,127,118
SUPER_22,2570000,421,33,43,497,212,209
SUPER_22,2580000,308,21,22,351,130,178
SUPER_22,2590000,290,27,23,340,129,161
SUPER_22,2600000,299,33,34,366,135,164
SUPER_22,2610000,142,18,15,175,72,70
SUPER_22,2620000,314,32,37,383,155,159
SUPER_22,2630000,356,22,35,413,179,177
SUPER_22,2640000,376,40,37,453,181,195
SUPER_22,2650000,372,41,23,436,183,189
SUPER_22,2660000,316,35,22,373,135,181
SUPER_22,2670000,424,41,42,507,195,229
SUPER_22,2680000,520,52,54,626,238,282
SUPER_22,2690000,348,35,38,421,172,176
SUPER_22,2700000,433,39,46,518,214,219
SUPER_22,2710000,269,31,25,325,120,149
SUPER_22,2720000,54,4,3,61,24,30
SUPER_22,2730000,298,28,34,360,155,143
SUPER_22,2740000,316,39,32,387,157,159
SUPER_22,2750000,325,37,41,403,154,171
SUPER_22,2760000,52,7,4,63,24,28
SUPER_22,2770000,245,30,31,306,134,111
SUPER_22,2780000,350,38,35,423,175,175
SUPER_22,2790000,254,17,29,300,114,140
SUPER_22,2800000,346,27,33,406,154,192
SUPER_22,2810000,430,34,45,509,197,233
SUPER_22,2820000,284,37,25,346,150,134
SUPER_22,2830000,322,25,33,380,167,155
SUPER_22,2840000,364,34,28,426,174,190
SUPER_22,2850000,407,34,31,472,216,191
SUPER_22,2860000,354,31,30,415,170,184
SUPER_22,2870000,218,23,23,264,109,109
SUPER_22,2880000,244,31,28,303,126,118
SUPER_22,2890000,263,30,22,315,127,136
SUPER_22,2900000,378,32,30,440,181,197
SUPER_22,2910000,315,34,28,377,165,150
SUPER_22,2920000,278,21,21,320,149,129
SUPER_22,2930000,328,32,22,382,177,151
SUPER_22,2940000,304,31,23,358,170,134
SUPER_22,2950000,311,30,17,358,168,143
SUPER_22,2960000,349,30,25,404,161,188
SUPER_22,2970000,380,28,25,433,200,180
SUPER_22,2980000,351,36,36,423,172,179
SUPER_22,2990000,269,31,31,331,125,144
SUPER_22,3000000,198,17,16,231,84,114
SUPER_22,3010000,189,17,20,226,96,93
SUPER_22,3020000,72,0,0,72,41,31
SUPER_22,3030000,138,8,11,157,75,63
SUPER_22,3040000,238,31,24,293,112,126
SUPER_22,3050000,375,30,30,435,207,168
SUPER_22,3060000,148,22,9,179,62,86
SUPER_22,3070000,299,25,37,361,138,161
SUPER_22,3080000,326,40,36,402,150,176
SUPER_22,3090000,316,25,35,376,143,173
SUPER_22,3100000,427,37,32,496,200,227
SUPER_22,3110000,399,42,34,475,186,213
SUPER_22,3120000,393,33,35,461,203,190
SUPER_22,3130000,490,44,39,573,223,267
SUPER_22,3140000,290,32,22,344,152,138
SUPER_22,3150000,202,16,21,239,96,106
SUPER_22,3160000,164,12,19,195,74,90
SUPER_22,3170000,279,26,37,342,151,128
SUPER_22,3180000,378,33,29,440,201,177
SUPER_22,3190000,229,24,22,275,105,124
SUPER_22,3200000,136,8,6,150,71,65
SUPER_22,3210000,77,3,6,86,39,38
SUPER_22,3220000,112,9,10,131,50,62
SUPER_22,3230000,325,25,30,380,166,159
SUPER_22,3240000,74,8,2,84,32,42
SUPER_22,3250000,80,7,5,92,47,33
SUPER_22,3260000,200,22,20,242,93,107
SUPER_22,3270000,344,30,17,391,162,182
SUPER_22,3280000,330,39,29,398,151,179
SUPER_22,3290000,285,23,21,329,156,129
SUPER_22,3300000,300,30,26,356,150,150
SUPER_22,3310000,434,42,36,512,198,236
SUPER_22,3320000,327,27,31,385,163,164
SUPER_22,3330000,370,28,33,431,190,180
SUPER_22,3340000,188,22,25,235,85,103
SUPER_22,3350000,284,19,22,325,149,135
SUPER_22,3360000,174,17,13,204,92,82
SUPER_22,3370000,228,29,21,278,113,115
SUPER_22,3380000,340,31,46,417,162,178
SUPER_22,3390000,340,25,30,395,162,178
SUPER_22,3400000,309,28,28,365,145,164
SUPER_22,3410000,234,28,29,291,109,125
SUPER_22,3420000,90,12,9,111,40,50
SUPER_22,3430000,198,22,15,235,103,95
SUPER_22,3440000,264,16,19,299,127,137
SUPER_22,3450000,247,28,28,303,107,140
SUPER_22,3460000,263,23,29,315,133,130
SUPER_22,3470000,227,19,26,272,90,137
SUPER_22,3480000,99,13,10,122,48,51
SUPER_22,3490000,349,34,31,414,192,157
SUPER_22,3500000,215,17,18,250,104,111
SUPER_22,3510000,211,17,25,253,86,125
SUPER_22,3520000,333,31,35,399,150,183
SUPER_22,3530000,415,41,32,488,208,207
SUPER_22,3540000,463,49,39,551,218,245
SUPER_22,3550000,366,29,30,425,179,187
SUPER_22,3560000,171,14,20,205,69,102
SUPER_22,3570000,379,34,37,450,163,216
SUPER_22,3580000,474,32,47,553,231,243
SUPER_22,3590000,321,39,24,384,161,160
SUPER_22,3600000,344,26,27,397,166,178
SUPER_22,3610000,216,23,20,259,98,118
SUPER_22,3620000,370,51,28,449,171,199
SUPER_22,3630000,297,35,22,354,133,164
SUPER_22,3640000,418,48,34,500,214,204
SUPER_22,3650000,289,31,29,349,133,156
SUPER_22,3660000,342,39,43,424,154,188
SUPER_22,3670000,210,34,19,263,112,98
SUPER_22,3680000,284,32,21,337,140,144
SUPER_22,3690000,258,27,28,313,121,137
SUPER_22,3700000,238,23,23,284,105,133
SUPER_22,3710000,382,28,34,444,169,213
SUPER_22,3720000,311,27,35,373,168,143
SUPER_22,3730000,234,25,24,283,114,120
SUPER_22,3740000,356,42,29,427,178,178
SUPER_22,3750000,233,19,21,273,112,121
SUPER_22,3760000,314,31,28,373,146,168
SUPER_22,3770000,86,8,6,100,41,45
SUPER_22,3780000,238,18,16,272,122,116
SUPER_22,3790000,339,25,17,381,186,153
SUPER_22,3800000,318,34,24,376,155,163
SUPER_22,3810000,329,33,31,393,151,178
SUPER_22,3820000,111,14,11,136,54,57
SUPER_22,3830000,130,14,11,155,48,82
SUPER_22,3840000,304,24,41,369,141,163
SUPER_22,3850000,253,19,25,297,133,120
SUPER_22,3860000,255,33,28,316,115,140
SUPER_22,3870000,227,24,9,260,124,103
SUPER_22,3880000,279,30,31,340,125,154
SUPER_22,3890000,299,30,25,354,152,147
SUPER_22,3900000,260,32,32,324,118,142
SUPER_22,3910000,254,22,18,294,137,117
SUPER_22,3920000,249,17,23,289,111,138
SUPER_22,3930000,206,24,16,246,101,105
SUPER_22,3940000,420,36,30,486,187,233
SUPER_22,3950000,164,16,13,193,76,88
SUPER_22,3960000,184,18,15,217,103,81
SUPER_22,3970000,237,21,20,278,107,130
SUPER_22,3980000,284,31,23,338,153,131
SUPER_22,3990000,354,43,31,428,175,179
SUPER_22,4000000,94,6,8,108,50,44
SUPER_22,4010000,167,15,8,190,84,83
SUPER_22,4020000,383,38,39,460,189,194
SUPER_22,4030000,274,31,28,333,136,138
SUPER_22,4040000,61,10,7,78,34,27
SUPER_22,4050000,318,27,28,373,162,156
SUPER_22,4060000,164,15,14,193,82,82
SUPER_22,4070000,338,28,33,399,161,177
SUPER_22,4080000,371,32,35,438,181,190
SUPER_22,4090000,348,35,23,406,166,182
SUPER_22,4100000,344,34,39,417,183,161
SUPER_22,4110000,281,23,38,342,137,144
SUPER_22,4120000,306,25,22,353,154,152
SUPER_22,4130000,350,21,34,405,169,181
SUPER_22,4140000,197,9,15,221,107,90
SUPER_22,4150000,355,27,23,405,163,192
SUPER_22,4160000,47,3,3,53,29,18
SUPER_22,4170000,343,35,34,412,180,163
SUPER_22,4180000,320,20,33,373,159,161
SUPER_22,4190000,299,34,30,363,149,150
SUPER_22,4200000,218,28,19,265,107,111
SUPER_22,4210000,175,13,28,216,88,87
SUPER_22,4220000,0,2,0,2,0,0
SUPER_22,4230000,241,21,27,289,122,119
SUPER_22,4240000,165,20,20,205,73,92
SUPER_22,4250000,408,34,41,483,196,212
SUPER_22,4260000,309,29,25,363,144,165
SUPER_22,4270000,214,19,19,252,112,102
SUPER_22,4280000,202,16,17,235,95,107
SUPER_22,4290000,181,13,28,222,90,91
SUPER_22,4300000,169,10,18,197,81,88
SUPER_22,4310000,305,31,32,368,146,159
SUPER_22,4320000,180,29,22,231,83,97
SUPER_22,4330000,138,19,11,168,56,82
SUPER_22,4340000,398,37,39,474,189,209
SUPER_22,4350000,223,18,22,263,106,117
SUPER_22,4360000,236,28,29,293,111,125
SUPER_22,4370000,379,36,31,446,199,180
SUPER_22,4380000,298,38,28,364,144,154
SUPER_22,4390000,540,53,45,638,260,280
SUPER_22,4400000,401,33,40,474,189,212
SUPER_22,4410000,248,22,21,291,129,119
SUPER_22,4420000,316,33,29,378,143,173
SUPER_22,4430000,227,19,14,260,118,109
SUPER_22,4440000,354,25,35,414,165,189
SUPER_22,4450000,255,22,26,303,137,118
SUPER_22,4460000,380,25,19,424,186,194
SUPER_22,4470000,331,29,23,383,183,148
SUPER_22,4480000,271,20,25,316,133,138
SUPER_22,4490000,325,31,27,383,177,148
SUPER_22,4500000,345,29,26,400,163,182
SUPER_22,4510000,344,38,24,406,166,178
SUPER_22,4520000,348,39,29,416,171,177
SUPER_22,4530000,270,27,22,319,127,143
SUPER_22,4540000,214,12,14,240,110,104
SUPER_22,4550000,197,26,22,245,105,92
SUPER_22,4560000,225,25,21,271,116,109
SUPER_22,4570000,234,16,25,275,114,120
SUPER_22,4580000,332,38,37,407,157,175
SUPER_22,4590000,295,28,33,356,162,133
SUPER_22,4600000,328,30,36,394,160,168
SUPER_22,4610000,224,19,21,264,103,121
SUPER_22,4620000,269,23,27,319,129,140
SUPER_22,4630000,197,26,21,244,81,116
SUPER_22,4640000,317,36,28,381,141,176
SUPER_22,4650000,284,36,21,341,141,143
SUPER_22,4660000,194,27,18,239,86,108
SUPER_22,4670000,34,7,4,45,18,16
SUPER_22,4680000,266,25,15,306,135,131
SUPER_22,4690000,287,27,29,343,139,148
SUPER_22,4700000,321,36,26,383,144,177
SUPER_22,4710000,302,26,27,355,140,162
SUPER_22,4720000,242,23,23,288,130,112
SUPER_22,4730000,329,42,33,404,155,174
SUPER_22,4740000,299,28,34,361,168,131
SUPER_22,4750000,354,42,41,437,173,181
SUPER_22,4760000,185,15,14,214,89,96
SUPER_22,4770000,335,26,25,386,160,175
SUPER_22,4780000,344,36,33,413,160,184
SUPER_22,4790000,355,24,37,416,167,188
SUPER_22,4800000,339,35,41,415,160,179
SUPER_22,4810000,249,17,31,297,120,129
SUPER_22,4820000,321,31,26,378,166,155
SUPER_22,4830000,296,26,24,346,137,159
SUPER_22,4840000,359,42,25,426,179,180
SUPER_22,4850000,291,37,31,359,147,144
SUPER_22,4860000,95,11,13,119,50,45
SUPER_22,4870000,71,9,11,91,34,37
SUPER_22,4880000,292,31,30,353,141,151
SUPER_22,4890000,315,34,34,383,148,167
SUPER_22,4900000,153,12,23,188,78,75
SUPER_22,4910000,304,31,23,358,160,144
SUPER_22,4920000,333,33,29,395,151,182
SUPER_22,4930000,377,27,39,443,195,182
SUPER_22,4940000,350,27,33,410,182,168
SUPER_22,4950000,210,18,12,240,103,107
SUPER_22,4960000,373,23,27,423,204,169
SUPER_22,4970000,257,35,20,312,131,126
SUPER_22,4980000,342,41,25,408,164,178
SUPER_22,4990000,174,19,22,215,74,100
SUPER_22,5000000,319,29,22,370,186,133
SUPER_22,5010000,251,32,15,298,135,116
SUPER_22,5020000,344,26,22,392,161,183
SUPER_22,5030000,218,25,20,263,110,108
SUPER_22,5040000,414,40,35,489,205,209
SUPER_22,5050000,317,29,33,379,170,147
SUPER_22,5060000,429,37,45,511,226,203
SUPER_22,5070000,296,22,30,348,151,145
SUPER_22,5080000,342,19,37,398,178,164
SUPER_22,5090000,363,31,32,426,192,171
SUPER_22,5100000,317,38,31,386,136,181
SUPER_22,5110000,98,11,9,118,45,53
SUPER_22,5120000,324,27,31,382,149,175
SUPER_22,5130000,290,19,24,333,149,141
SUPER_22,5140000,310,25,34,369,162,148
SUPER_22,5150000,365,31,34,430,164,201
SUPER_22,5160000,359,29,42,430,175,184
SUPER_22,5170000,302,26,23,351,144,158
SUPER_22,5180000,255,25,29,309,120,135
SUPER_22,5190000,271,27,29,327,140,131
SUPER_22,5200000,240,35,27,302,110,130
SUPER_22,5210000,281,23,25,329,147,134
SUPER_22,5220000,307,28,31,366,146,161
SUPER_22,5230000,214,21,16,251,115,99
SUPER_22,5240000,133,11,16,160,69,64
SUPER_22,5250000,271,24,36,331,120,151
SUPER_22,5260000,277,26,17,320,122,155
SUPER_22,5270000,229,13,28,270,114,115
SUPER_22,5280000,385,38,32,455,180,205
SUPER_22,5290000,347,33,35,415,178,169
SUPER_22,5300000,269,27,24,320,121,148
SUPER_22,5310000,334,32,22,388,162,172
SUPER_22,5320000,322,33,22,377,140,182
SUPER_22,5330000,187,19,17,223,99,88
SUPER_22,5340000,232,34,18,284,111,121
SUPER_22,5350000,298,28,33,359,149,149
SUPER_22,5360000,254,25,23,302,119,135
SUPER_22,5370000,262,14,31,307,128,134
SUPER_22,5380000,270,23,33,326,127,143
SUPER_22,5390000,253,24,28,305,123,130
SUPER_22,5400000,239,16,19,274,125,114
SUPER_22,5410000,269,36,23,328,119,150
SUPER_22,5420000,264,16,21,301,131,133
SUPER_22,5430000,263,42,22,327,122,141
SUPER_22,5440000,245,34,22,301,111,134
SUPER_22,5450000,482,48,34,564,233,249
SUPER_22,5460000,119,10,9,138,62,57
SUPER_22,5470000,270,20,26,316,137,133
SUPER_22,5480000,156,18,12,186,71,85
SUPER_22,5490000,230,20,19,269,111,119
SUPER_22,5500000,316,28,27,371,160,156
SUPER_22,5510000,383,41,34,458,217,166
SUPER_22,5520000,187,16,9,212,92,95
SUPER_22,5530000,188,23,24,235,90,98
SUPER_22,5540000,413,35,52,500,202,211
SUPER_22,5550000,456,35,46,537,247,209
SUPER_22,5560000,338,26,27,391,148,190
SUPER_22,5570000,195,34,14,243,105,90
SUPER_22,5580000,206,24,18,248,96,110
SUPER_22,5590000,422,38,31,491,207,215
SUPER_22,5600000,218,26,20,264,94,124
SUPER_22,5610000,184,19,26,229,75,109
SUPER_22,5620000,164,20,17,201,75,89
SUPER_22,5630000,204,16,28,248,83,121
SUPER_22,5640000,241,26,23,290,100,141
SUPER_22,5650000,256,25,33,314,130,126
SUPER_22,5660000,299,36,23,358,146,153
SUPER_22,5670000,205,11,10,226,120,85
SUPER_22,5680000,349,25,33,407,165,184
SUPER_22,5690000,169,17,16,202,76,93
SUPER_22,5700000,229,17,14,260,119,110
SUPER_22,5710000,254,25,18,297,140,114
SUPER_22,5720000,286,23,20,329,135,151
SUPER_22,5730000,232,29,17,278,128,104
SUPER_22,5740000,323,20,21,364,154,169
SUPER_22,5750000,303,26,26,355,161,142
SUPER_22,5760000,302,19,23,344,168,134
SUPER_22,5770000,344,31,34,409,173,171
SUPER_22,5780000,325,32,27,384,168,157
SUPER_22,5790000,274,22,23,319,129,145
SUPER_22,5800000,332,21,17,370,175,157
SUPER_22,5810000,97,6,8,111,42,55
SUPER_22,5820000,0,0,2,2,0,0
SUPER_22,5830000,232,26,16,274,107,125
SUPER_22,5840000,357,41,23,421,162,195
SUPER_22,5850000,334,26,31,391,165,169
SUPER_22,5860000,320,28,34,382,154,166
SUPER_22,5870000,249,25,15,289,130,119
SUPER_22,5880000,453,46,46,545,218,235
SUPER_22,5890000,321,38,39,398,142,179
SUPER_22,5900000,318,31,33,382,156,162
SUPER_22,5910000,276,27,19,322,155,121
SUPER_22,5920000,149,14,15,178,61,88
SUPER_22,5930000,128,13,9,150,66,62
SUPER_22,5940000,66,18,6,90,25,41
SUPER_22,5950000,269,34,28,331,114,155
SUPER_22,5960000,206,15,23,244,116,90
SUPER_22,5970000,355,19,37,411,176,179
SUPER_22,5980000,208,18,16,242,113,95
SUPER_22,5990000,225,27,29,281,125,100
SUPER_22,6000000,193,20,19,232,103,90
SUPER_22,6010000,211,16,18,245,96,115
SUPER_22,6020000,142,23,13,178,75,67
SUPER_22,6030000,236,21,27,284,116,120
SUPER_22,6040000,317,39,24,380,124,193
SUPER_22,6050000,378,41,34,453,189,189
SUPER_22,6060000,309,26,22,357,151,158
SUPER_22,6070000,232,20,22,274,116,116
SUPER_22,6080000,484,45,32,561,227,257
SUPER_22,6090000,408,36,42,486,194,214
SUPER_22,6100000,271,32,22,325,127,144
SUPER_22,6110000,375,30,43,448,190,185
SUPER_22,6120000,311,25,29,365,157,154
SUPER_22,6130000,365,36,34,435,172,193
SUPER_22,6140000,313,34,27,374,169,144
SUPER_22,6150000,406,40,28,474,208,198
SUPER_22,6160000,41,5,4,50,24,17
SUPER_22,6170000,352,42,34,428,178,174
SUPER_22,6180000,266,30,35,331,136,130
SUPER_22,6190000,403,29,39,471,189,214
SUPER_22,6200000,298,40,32,370,140,158
SUPER_22,6210000,160,7,12,179,76,84
SUPER_22,6220000,196,22,14,232,97,99
SUPER_22,6230000,392,38,42,472,191,201
SUPER_22,6240000,341,36,39,416,153,188
SUPER_22,6250000,255,32,28,315,137,118
SUPER_22,6260000,381,33,49,463,183,198
SUPER_22,6270000,284,30,28,342,136,148
SUPER_22,6280000,294,24,29,347,148,146
SUPER_22,6290000,271,32,29,332,129,142
SUPER_22,6300000,502,43,54,599,243,259
SUPER_22,6310000,265,25,24,314,123,142
SUPER_22,6320000,367,29,48,444,170,197
SUPER_22,6330000,379,34,33,446,169,210
SUPER_22,6340000,348,34,22,404,162,186
SUPER_22,6350000,357,32,23,412,151,206
SUPER_22,6360000,379,31,26,436,196,183
SUPER_22,6370000,131,13,11,155,64,67
SUPER_22,6380000,347,32,21,400,165,182
SUPER_22,6390000,304,28,25,357,144,160
SUPER_22,6400000,243,14,23,280,110,133
SUPER_22,6410000,377,32,32,441,176,201
SUPER_22,6420000,347,24,27,398,181,166
SUPER_22,6430000,296,22,24,342,161,135
SUPER_22,6440000,301,21,28,350,134,167
SUPER_22,6450000,347,38,30,415,162,185
SUPER_22,6460000,354,38,27,419,156,198
SUPER_22,6470000,94,9,9,112,50,44
SUPER_22,6480000,340,39,31,410,176,164
SUPER_22,6490000,390,29,43,462,188,202
SUPER_22,6500000,350,26,34,410,168,182
SUPER_22,6510000,301,24,30,355,154,147
SUPER_22,6520000,395,34,31,460,188,207
SUPER_22,6530000,303,25,30,358,153,150
SUPER_22,6540000,337,28,26,391,169,168
SUPER_22,6550000,348,24,44,416,185,163
SUPER_22,6560000,110,18,15,143,46,64
SUPER_22,6570000,284,25,27,336,128,156
SUPER_22,6580000,307,26,25,358,164,143
SUPER_22,6590000,198,20,20,238,95,103
SUPER_22,6600000,113,10,16,139,56,57
SUPER_22,6610000,301,33,21,355,140,161
SUPER_22,6620000,413,46,32,491,185,228
SUPER_22,6630000,114,12,10,136,58,56
SUPER_22,6640000,357,38,29,424,165,192
SUPER_22,6650000,369,38,33,440,172,197
SUPER_22,6660000,332,24,29,385,167,165
SUPER_22,6670000,237,16,26,279,123,114
SUPER_22,6680000,364,36,28,428,175,189
SUPER_22,6690000,327,21,32,380,148,179
SUPER_22,6700000,261,26,30,317,138,123
SUPER_22,6710000,301,37,35,373,138,163
SUPER_22,6720000,267,24,28,319,139,128
SUPER_22,6730000,302,31,33,366,147,155
SUPER_22,6740000,234,29,13,276,115,119
SUPER_22,6750000,226,21,29,276,120,106
SUPER_22,6760000,150,24,21,195,72,78
SUPER_22,6770000,65,7,7,79,37,28
SUPER_22,6780000,123,14,8,145,74,49
SUPER_22,6790000,279,25,25,329,128,151
SUPER_22,6800000,85,8,8,101,42,43
SUPER_22,6810000,0,0,0,0,0,0
SUPER_22,6820000,0,0,0,0,0,0
SUPER_22,6830000,0,0,0,0,0,0
SUPER_22,6840000,0,0,0,0,0,0
SUPER_22,6850000,0,0,0,0,0,0
SUPER_22,6860000,0,0,0,0,0,0
SUPER_22,6870000,0,0,0,0,0,0
SUPER_22,6880000,0,0,0,0,0,0
SUPER_22,6890000,0,0,0,0,0,0
SUPER_22,6900000,0,0,0,0,0,0
SUPER_22,6910000,0,0,0,0,0,0
SUPER_22,6920000,0,0,0,0,0,0
SUPER_22,6930000,0,0,0,0,0,0
SUPER_22,6940000,0,0,0,0,0,0
SUPER_22,6950000,0,0,0,0,0,0
SUPER_22,6960000,0,0,0,0,0,0
SUPER_22,6970000,0,0,0,0,0,0
SUPER_22,6980000,0,0,0,0,0,0
SUPER_22,6990000,0,0,0,0,0,0
SUPER_22,7000000,0,0,0,0,0,0
SUPER_22,7010000,0,0,0,0,0,0
SUPER_22,7020000,0,0,0,0,0,0
SUPER_22,7030000,0,0,0,0,0,0
SUPER_22,7040000,0,0,0,0,0,0
SUPER_22,7050000,0,0,0,0,0,0
SUPER_22,7060000,583,47,31,661,288,295
SUPER_22,7070000,169,12,16,197,91,78
SUPER_22,7080000,283,26,22,331,137,146
SUPER_22,7090000,38,6,6,50,20,18
SUPER_22,7100000,292,27,20,339,134,158
SUPER_22,7110000,316,39,35,390,153,163
SUPER_22,7120000,405,45,43,493,192,213
SUPER_22,7130000,356,28,35,419,178,178
SUPER_22,7140000,172,16,15,203,74,98
SUPER_22,7150000,234,29,14,277,116,118
SUPER_22,7160000,219,24,10,253,107,112
SUPER_22,7170000,218,14,19,251,117,101
SUPER_22,7180000,200,18,23,241,87,113
SUPER_22,7190000,195,20,17,232,82,113
SUPER_22,7200000,75,15,10,100,37,38
SUPER_22,7210000,298,29,46,373,154,144
SUPER_22,7220000,440,40,36,516,212,228
SUPER_22,7230000,268,32,31,331,121,147
SUPER_22,7240000,133,14,16,163,55,78
SUPER_22,7250000,303,38,40,381,149,154
SUPER_22,7260000,72,7,10,89,35,37
SUPER_22,7270000,231,28,17,276,108,123
SUPER_22,7280000,219,27,28,274,95,124
SUPER_22,7290000,1,0,0,1,1,0
SUPER_22,7300000,286,39,23,348,154,132
SUPER_22,7310000,218,30,13,261,95,123
SUPER_22,7320000,313,40,38,391,145,168
SUPER_22,7330000,388,39,39,466,185,203
SUPER_22,7340000,407,39,36,482,188,219
SUPER_22,7350000,374,44,31,449,165,209
SUPER_22,7360000,312,30,33,375,153,159
SUPER_22,7370000,260,21,19,300,124,136
SUPER_22,7380000,262,34,25,321,123,139
SUPER_22,7390000,255,22,25,302,132,123
SUPER_22,7400000,355,23,24,402,166,189
SUPER_22,7410000,142,18,11,171,64,78
SUPER_22,7420000,117,13,14,144,54,63
SUPER_22,7430000,267,24,19,310,142,125
SUPER_22,7440000,225,26,18,269,110,115
SUPER_22,7450000,372,40,33,445,183,189
SUPER_22,7460000,277,30,18,325,135,142
SUPER_22,7470000,369,29,26,424,202,167
SUPER_22,7480000,312,28,37,377,143,169
SUPER_22,7490000,113,4,7,124,52,61
SUPER_22,7500000,276,30,24,330,141,135
SUPER_22,7510000,409,47,42,498,218,191
SUPER_22,7520000,431,48,49,528,198,233
SUPER_22,7530000,273,22,20,315,121,152
SUPER_22,7540000,180,16,12,208,87,93
SUPER_22,7550000,338,27,25,390,169,169
SUPER_22,7560000,290,27,24,341,139,151
SUPER_22,7570000,189,15,15,219,100,89
SUPER_22,7580000,362,27,30,419,195,167
SUPER_22,7590000,254,24,22,300,124,130
SUPER_22,7600000,65,2,4,71,34,31
SUPER_22,7610000,300,25,29,354,144,156
SUPER_22,7620000,68,7,4,79,41,27
SUPER_22,7630000,327,36,32,395,169,158
SUPER_22,7640000,346,39,28,413,159,187
SUPER_22,7650000,301,30,29,360,146,155
SUPER_22,7660000,368,35,24,427,164,204
SUPER_22,7670000,91,10,8,109,40,51
SUPER_22,7680000,348,27,38,413,166,182
SUPER_22,7690000,400,38,37,475,207,193
SUPER_22,7700000,196,16,17,229,99,97
SUPER_22,7710000,371,31,30,432,195,176
SUPER_22,7720000,303,37,20,360,156,147
SUPER_22,7730000,0,0,0,0,0,0
SUPER_22,7740000,0,0,0,0,0,0
SUPER_22,7750000,669,50,58,777,315,354
SUPER_22,7760000,317,30,25,372,158,159
SUPER_22,7770000,0,1,1,2,0,0
SUPER_22,7780000,389,42,32,463,197,192
SUPER_22,7790000,406,26,22,454,203,203
SUPER_22,7800000,163,15,18,196,82,81
SUPER_22,7810000,95,8,11,114,52,43
SUPER_22,7820000,280,37,32,349,144,136
SUPER_22,7830000,105,7,15,127,48,57
SUPER_22,7840000,225,25,13,263,95,130
SUPER_22,7850000,152,16,6,174,78,74
SUPER_22,7860000,417,39,28,484,177,240
SUPER_22,7870000,281,27,23,331,132,149
SUPER_22,7880000,295,24,29,348,136,159
SUPER_22,7890000,453,51,49,553,209,244
SUPER_22,7900000,89,12,4,105,49,40
SUPER_22,7910000,293,27,31,351,148,145
SUPER_22,7920000,326,26,27,379,171,155
SUPER_22,7930000,398,37,33,468,197,201
SUPER_22,7940000,172,18,14,204,101,71
SUPER_22,7950000,268,25,25,318,138,130
SUPER_22,7960000,273,30,38,341,126,147
SUPER_22,7970000,89,14,6,109,39,50
SUPER_22,7980000,244,29,24,297,126,118
SUPER_22,7990000,262,33,25,320,148,114
SUPER_22,8000000,339,30,30,399,157,182
SUPER_22,8010000,201,22,13,236,91,110
SUPER_22,8020000,24,3,2,29,13,11
SUPER_22,8030000,395,33,38,466,177,218
SUPER_22,8040000,374,35,29,438,192,182
SUPER_22,8050000,291,25,23,339,135,156
SUPER_22,8060000,421,50,35,506,212,209
SUPER_22,8070000,83,5,5,93,48,35
SUPER_22,8080000,64,7,8,79,31,33
SUPER_22,8090000,310,22,34,366,159,151
SUPER_22,8100000,264,22,22,308,130,134
SUPER_22,8110000,0,0,0,0,0,0
SUPER_22,8120000,0,0,0,0,0,0
SUPER_22,8130000,0,0,0,0,0,0
SUPER_22,8140000,282,32,32,346,154,128
SUPER_22,8150000,0,0,0,0,0,0
SUPER_22,8160000,0,0,0,0,0,0
SUPER_22,8170000,0,0,0,0,0,0
SUPER_22,8180000,0,0,0,0,0,0
SUPER_22,8190000,367,27,33,427,183,184
SUPER_22,8200000,115,16,10,141,57,58
SUPER_22,8210000,31,0,1,32,16,15
SUPER_22,8220000,64,5,4,73,30,34
SUPER_22,8230000,20,5,0,25,10,10
SUPER_22,8240000,0,0,0,0,0,0
SUPER_22,8250000,0,0,0,0,0,0
SUPER_22,8260000,106,9,4,119,46,60
SUPER_22,8270000,0,0,0,0,0,0
SUPER_22,8280000,0,0,0,0,0,0
SUPER_22,8290000,0,0,0,0,0,0
SUPER_22,8300000,0,0,0,0,0,0
SUPER_22,8310000,47,3,6,56,28,19
SUPER_22,8320000,0,0,0,0,0,0
SUPER_22,8330000,0,0,0,0,0,0
SUPER_22,8340000,0,0,0,0,0,0
SUPER_22,8350000,120,10,5,135,50,70
SUPER_22,8360000,127,15,9,151,59,68
SUPER_22,8370000,0,0,0,0,0,0
SUPER_22,8380000,0,0,0,0,0,0
SUPER_22,8390000,0,0,0,0,0,0
SUPER_22,8400000,183,12,11,206,89,93
SUPER_22,8410000,397,32,20,449,200,197
SUPER_22,8420000,351,35,34,420,171,180
SUPER_22,8430000,357,40,29,426,179,178
SUPER_22,8440000,339,29,29,397,178,161
SUPER_22,8450000,429,37,51,517,211,218
SUPER_22,8460000,312,29,32,373,153,159
SUPER_22,8470000,315,28,40,383,145,170
SUPER_22,8480000,332,35,30,397,153,179
SUPER_22,8490000,299,25,28,352,150,149
SUPER_22,8500000,198,26,19,243,99,99
SUPER_22,8510000,421,33,30,484,204,217
SUPER_22,8520000,260,22,28,310,144,116
SUPER_22,8530000,317,31,35,383,153,164
SUPER_22,8540000,374,42,50,466,179,195
SUPER_22,8550000,268,22,24,314,151,117
SUPER_22,8560000,321,35,28,384,160,161
SUPER_22,8570000,180,20,13,213,89,91
SUPER_22,8580000,322,28,37,387,170,152
SUPER_22,8590000,70,3,5,78,41,29
SUPER_22,8600000,422,38,41,501,197,225
SUPER_22,8610000,291,29,19,339,144,147
SUPER_22,8620000,336,28,31,395,180,156
SUPER_22,8630000,380,42,29,451,184,196
SUPER_22,8640000,206,18,29,253,105,101
SUPER_22,8650000,228,26,18,272,110,118
SUPER_22,8660000,305,45,23,373,144,161
SUPER_22,8670000,74,12,8,94,35,39
SUPER_22,8680000,252,25,24,301,115,137
SUPER_22,8690000,423,49,43,515,199,224
SUPER_22,8700000,376,34,35,445,171,205
SUPER_22,8710000,338,32,31,401,140,198
SUPER_22,8720000,314,37,18,369,145,169
SUPER_22,8730000,41,2,1,44,20,21
SUPER_22,8740000,445,55,40,540,217,228
SUPER_22,8750000,338,25,35,398,181,157
SUPER_22,8760000,360,32,35,427,186,174
SUPER_22,8770000,335,32,35,402,168,167
SUPER_22,8780000,201,22,15,238,111,90
SUPER_22,8790000,236,21,24,281,119,117
SUPER_22,8800000,156,22,26,204,69,87
SUPER_22,8810000,317,37,42,396,149,168
SUPER_22,8820000,367,30,39,436,171,196
SUPER_22,8830000,243,22,26,291,114,129
SUPER_22,8840000,297,23,35,355,145,152
SUPER_22,8850000,210,25,19,254,95,115
SUPER_22,8860000,322,31,26,379,155,167
SUPER_22,8870000,352,32,34,418,169,183
SUPER_22,8880000,368,41,30,439,164,204
SUPER_22,8890000,408,38,37,483,218,190
SUPER_22,8900000,273,23,24,320,140,133
SUPER_22,8910000,339,28,29,396,168,171
SUPER_22,8920000,142,20,16,178,75,67
SUPER_22,8930000,224,26,19,269,119,105
SUPER_22,8940000,309,27,24,360,154,155
SUPER_22,8950000,258,20,37,315,130,128
SUPER_22,8960000,270,18,19,307,122,148
SUPER_22,8970000,305,24,28,357,162,143
SUPER_22,8980000,318,43,34,395,156,162
SUPER_22,8990000,212,18,23,253,98,114
SUPER_22,9000000,322,22,32,376,144,178
SUPER_22,9010000,169,13,16,198,80,89
SUPER_22,9020000,345,39,25,409,164,181
SUPER_22,9030000,348,28,31,407,181,167
SUPER_22,9040000,387,35,30,452,202,185
SUPER_22,9050000,350,20,23,393,190,160
SUPER_22,9060000,363,32,32,427,183,180
SUPER_22,9070000,356,30,37,423,171,185
SUPER_22,9080000,336,28,29,393,164,172
SUPER_22,9090000,285,18,17,320,149,136
SUPER_22,9100000,286,24,34,344,142,144
SUPER_22,9110000,288,38,35,361,149,139
SUPER_22,9120000,279,28,28,335,148,131
SUPER_22,9130000,74,8,7,89,40,34
SUPER_22,9140000,227,20,16,263,98,129
SUPER_22,9150000,124,14,17,155,59,65
SUPER_22,9160000,124,7,9,140,59,65
SUPER_22,9170000,365,33,32,430,162,203
SUPER_22,9180000,304,30,25,359,172,132
SUPER_22,9190000,254,33,33,320,143,111
SUPER_22,9200000,334,28,27,389,165,169
SUPER_22,9210000,229,19,29,277,111,118
SUPER_22,9220000,178,22,28,228,94,84
SUPER_22,9230000,270,27,24,321,139,131
SUPER_22,9240000,272,25,20,317,141,131
SUPER_22,9250000,0,0,0,0,0,0
SUPER_22,9260000,0,0,0,0,0,0
SUPER_22,9270000,274,31,28,333,135,139
SUPER_22,9280000,262,21,29,312,117,145
SUPER_22,9290000,300,27,34,361,162,138
SUPER_22,9300000,393,26,35,454,193,200
SUPER_22,9310000,269,27,22,318,136,133
SUPER_22,9320000,333,22,41,396,176,157
SUPER_22,9330000,347,30,28,405,166,181
SUPER_22,9340000,212,15,9,236,115,97
SUPER_22,9350000,344,28,29,401,159,185
SUPER_22,9360000,0,0,0,0,0,0
SUPER_22,9370000,0,0,0,0,0,0
SUPER_22,9380000,0,0,0,0,0,0
SUPER_22,9390000,0,0,0,0,0,0
SUPER_22,9400000,0,0,0,0,0,0
SUPER_22,9410000,0,0,0,0,0,0
SUPER_22,9420000,0,0,0,0,0,0
SUPER_22,9430000,107,11,11,129,65,42
SUPER_22,9440000,195,11,11,217,110,85
SUPER_22,9450000,1,1,2,4,1,0
SUPER_22,9460000,224,20,25,269,100,124
SUPER_22,9470000,10,1,2,13,5,5
SUPER_22,9480000,0,0,0,0,0,0
SUPER_22,9490000,0,0,0,0,0,0
SUPER_22,9500000,0,0,0,0,0,0
SUPER_22,9510000,9,2,2,13,5,4
SUPER_22,9520000,154,18,6,178,74,80
SUPER_22,9530000,0,0,0,0,0,0
SUPER_22,9540000,0,0,0,0,0,0
SUPER_22,9550000,0,0,0,0,0,0
SUPER_22,9560000,0,0,0,0,0,0
SUPER_22,9570000,147,12,3,162,71,76
SUPER_22,9580000,0,0,0,0,0,0
SUPER_22,9590000,0,0,0,0,0,0
SUPER_22,9600000,0,0,0,0,0,0
SUPER_22,9610000,0,0,0,0,0,0
SUPER_22,9620000,0,0,0,0,0,0
SUPER_22,9630000,86,8,6,100,48,38
SUPER_22,9640000,0,0,0,0,0,0
SUPER_22,9650000,0,0,0,0,0,0
SUPER_22,9660000,151,17,8,176,71,80
SUPER_22,9670000,0,0,0,0,0,0
SUPER_22,9680000,0,0,0,0,0,0
SUPER_22,9690000,0,0,0,0,0,0
SUPER_22,9700000,0,0,0,0,0,0
SUPER_22,9710000,0,0,0,0,0,0
SUPER_22,9720000,0,0,0,0,0,0
SUPER_22,9730000,0,0,0,0,0,0
SUPER_22,9740000,0,0,0,0,0,0
SUPER_22,9750000,0,0,0,0,0,0
SUPER_22,9760000,0,0,0,0,0,0
SUPER_22,9770000,0,0,0,0,0,0
SUPER_22,9780000,0,0,0,0,0,0
SUPER_22,9790000,0,0,0,0,0,0
SUPER_22,9800000,0,0,0,0,0,0
SUPER_22,9810000,0,3,0,3,0,0
SUPER_22,9820000,0,1,0,1,0,0
SUPER_22,9830000,0,0,1,1,0,0
SUPER_22,9840000,0,0,0,0,0,0
SUPER_22,9850000,0,0,0,0,0,0
SUPER_22,9860000,0,0,0,0,0,0
SUPER_22,9870000,0,0,0,0,0,0
SUPER_22,9880000,10,1,1,12,1,9
SUPER_22,9890000,18,0,0,18,8,10
SUPER_22,9900000,109,8,12,129,55,54
SUPER_22,9910000,0,0,0,0,0,0
SUPER_22,9920000,0,0,0,0,0,0
SUPER_22,9930000,90,10,5,105,44,46
SUPER_22,9940000,599,38,34,671,217,382
SUPER_22,9950000,1,0,0,1,0,1
SUPER_22,9960000,0,0,0,0,0,0
SUPER_22,9970000,0,0,0,0,0,0
SUPER_22,9980000,0,1,2,3,0,0
SUPER_22,9990000,0,3,1,4,0,0
SUPER_23,10000,1,1,1,3,1,0
SUPER_23,20000,3,0,3,6,1,2
SUPER_23,30000,5,1,1,7,2,3
SUPER_23,40000,1,1,3,5,0,1
SUPER_23,50000,2,0,0,2,1,1
SUPER_23,60000,137,16,14,167,76,61
SUPER_23,70000,178,25,12,215,88,90
SUPER_23,80000,223,25,17,265,100,123
SUPER_23,90000,194,23,13,230,102,92
SUPER_23,100000,207,16,33,256,112,95
SUPER_23,110000,218,21,20,259,110,108
SUPER_23,120000,346,24,29,399,169,177
SUPER_23,130000,235,19,9,263,122,113
SUPER_23,140000,158,10,9,177,94,64
SUPER_23,150000,148,13,12,173,74,74
SUPER_23,160000,110,13,10,133,54,56
SUPER_23,170000,91,8,11,110,60,31
SUPER_23,180000,203,17,22,242,113,90
SUPER_23,190000,282,34,27,343,148,134
SUPER_23,200000,301,37,33,371,148,153
SUPER_23,210000,302,32,26,360,168,134
SUPER_23,220000,288,34,25,347,138,150
SUPER_23,230000,150,12,14,176,84,66
SUPER_23,240000,114,12,9,135,56,58
SUPER_23,250000,264,16,22,302,139,125
SUPER_23,260000,157,15,14,186,70,87
SUPER_23,270000,341,25,39,405,170,171
SUPER_23,280000,304,30,27,361,162,142
SUPER_23,290000,207,15,14,236,118,89
SUPER_23,300000,194,18,20,232,92,102
SUPER_23,310000,228,21,18,267,129,99
SUPER_23,320000,50,5,3,58,20,30
SUPER_23,330000,349,25,27,401,174,175
SUPER_23,340000,300,31,24,355,148,152
SUPER_23,350000,329,33,22,384,182,147
SUPER_23,360000,104,6,8,118,59,45
SUPER_23,370000,231,19,20,270,107,124
SUPER_23,380000,49,4,2,55,29,20
SUPER_23,390000,0,0,0,0,0,0
SUPER_23,400000,0,0,0,0,0,0
SUPER_23,410000,195,25,22,242,102,93
SUPER_23,420000,341,38,26,405,157,184
SUPER_23,430000,126,14,14,154,61,65
SUPER_23,440000,12,1,0,13,3,9
SUPER_23,450000,448,32,45,525,212,236
SUPER_23,460000,257,24,16,297,122,135
SUPER_23,470000,117,6,8,131,62,55
SUPER_23,480000,219,27,20,266,104,115
SUPER_23,490000,409,33,22,464,202,207
SUPER_23,500000,379,26,34,439,207,172
SUPER_23,510000,333,30,20,383,182,151
SUPER_23,520000,229,12,14,255,136,93
SUPER_23,530000,112,13,7,132,49,63
SUPER_23,540000,318,29,22,369,156,162
SUPER_23,550000,306,34,13,353,145,161
SUPER_23,560000,246,25,21,292,141,105
SUPER_23,570000,370,37,31,438,180,190
SUPER_23,580000,30,2,3,35,14,16
SUPER_23,590000,55,5,5,65,32,23
SUPER_23,600000,243,20,23,286,119,124
SUPER_23,610000,310,29,26,365,145,165
SUPER_23,620000,457,39,46,542,227,230
SUPER_23,630000,238,14,20,272,126,112
SUPER_23,640000,296,20,22,338,143,153
SUPER_23,650000,328,22,23,373,159,169
SUPER_23,660000,320,27,35,382,170,150
SUPER_23,670000,293,26,26,345,139,154
SUPER_23,680000,165,11,18,194,81,84
SUPER_23,690000,24,4,2,30,14,10
SUPER_23,700000,174,15,27,216,85,89
SUPER_23,710000,385,35,19,439,209,176
SUPER_23,720000,295,33,27,355,146,149
SUPER_23,730000,357,30,34,421,167,190
SUPER_23,740000,397,36,34,467,221,176
SUPER_23,750000,244,22,20,286,123,121
SUPER_23,760000,244,18,14,276,119,125
SUPER_23,770000,266,22,28,316,127,139
SUPER_23,780000,314,23,20,357,160,154
SUPER_23,790000,158,17,3,178,75,83
SUPER_23,800000,354,33,40,427,157,197
SUPER_23,810000,391,35,31,457,185,206
SUPER_23,820000,371,37,34,442,178,193
SUPER_23,830000,372,42,41,455,194,178
SUPER_23,840000,209,24,28,261,89,120
SUPER_23,850000,264,21,17,302,132,132
SUPER_23,860000,253,28,28,309,115,138
SUPER_23,870000,396,32,44,472,178,218
SUPER_23,880000,305,24,25,354,166,139
SUPER_23,890000,410,26,38,474,201,209
SUPER_23,900000,400,51,29,480,200,200
SUPER_23,910000,342,21,20,383,177,165
SUPER_23,920000,296,20,31,347,153,143
SUPER_23,930000,310,29,34,373,166,144
SUPER_23,940000,93,8,8,109,37,56
SUPER_23,950000,407,30,33,470,194,213
SUPER_23,960000,290,28,21,339,139,151
SUPER_23,970000,93,8,8,109,53,40
SUPER_23,980000,216,21,17,254,117,99
SUPER_23,990000,1,0,0,1,1,0
SUPER_23,1000000,273,27,29,329,132,141
SUPER_23,1010000,450,32,27,509,220,230
SUPER_23,1020000,479,35,46,560,241,238
SUPER_23,1030000,341,37,24,402,184,157
SUPER_23,1040000,334,39,28,401,165,169
SUPER_23,1050000,329,36,32,397,168,161
SUPER_23,1060000,263,18,24,305,123,140
SUPER_23,1070000,354,33,45,432,177,177
SUPER_23,1080000,326,28,28,382,157,169
SUPER_23,1090000,360,29,31,420,181,179
SUPER_23,1100000,331,29,36,396,191,140
SUPER_23,1110000,294,23,29,346,137,157
SUPER_23,1120000,422,36,30,488,224,198
SUPER_23,1130000,73,10,7,90,32,41
SUPER_23,1140000,341,31,17,389,170,171
SUPER_23,1150000,310,40,30,380,161,149
SUPER_23,1160000,0,0,0,0,0,0
SUPER_23,1170000,0,0,0,0,0,0
SUPER_23,1180000,356,44,34,434,165,191
SUPER_23,1190000,388,41,31,460,198,190
SUPER_23,1200000,235,26,22,283,111,124
SUPER_23,1210000,290,31,26,347,147,143
SUPER_23,1220000,405,31,20,456,192,213
SUPER_23,1230000,94,6,2,102,49,45
SUPER_23,1240000,279,22,29,330,121,158
SUPER_23,1250000,392,28,39,459,187,205
SUPER_23,1260000,298,28,22,348,147,151
SUPER_23,1270000,245,27,20,292,125,120
SUPER_23,1280000,1,1,2,4,0,1
SUPER_23,1290000,178,17,13,208,93,85
SUPER_23,1300000,0,0,0,0,0,0
SUPER_23,1310000,0,0,0,0,0,0
SUPER_23,1320000,647,61,30,738,328,319
SUPER_23,1330000,410,28,36,474,189,221
SUPER_23,1340000,387,29,38,454,206,181
SUPER_23,1350000,350,26,43,419,169,181
SUPER_23,1360000,229,24,21,274,105,124
SUPER_23,1370000,495,38,47,580,244,251
SUPER_23,1380000,114,10,4,128,66,48
SUPER_23,1390000,355,36,28,419,180,175
SUPER_23,1400000,138,17,10,165,65,73
SUPER_23,1410000,316,31,29,376,162,154
SUPER_23,1420000,62,5,3,70,33,29
SUPER_23,1430000,298,27,22,347,158,140
SUPER_23,1440000,349,32,44,425,169,180
SUPER_23,1450000,271,22,29,322,118,153
SUPER_23,1460000,376,30,29,435,190,186
SUPER_23,1470000,192,26,21,239,102,90
SUPER_23,1480000,389,32,33,454,204,185
SUPER_23,1490000,348,31,24,403,166,182
SUPER_23,1500000,179,9,13,201,94,85
SUPER_23,1510000,381,32,34,447,181,200
SUPER_23,1520000,294,28,29,351,148,146
SUPER_23,1530000,251,12,16,279,133,118
SUPER_23,1540000,269,30,20,319,134,135
SUPER_23,1550000,192,17,20,229,90,102
SUPER_23,1560000,290,20,20,330,136,154
SUPER_23,1570000,228,22,12,262,119,109
SUPER_23,1580000,0,0,0,0,0,0
SUPER_23,1590000,0,0,0,0,0,0
SUPER_23,1600000,464,40,37,541,215,249
SUPER_23,1610000,0,0,0,0,0,0
SUPER_23,1620000,0,0,0,0,0,0
SUPER_23,1630000,0,0,0,0,0,0
SUPER_23,1640000,352,24,33,409,172,180
SUPER_23,1650000,373,36,39,448,182,191
SUPER_23,1660000,475,37,46,558,230,245
SUPER_23,1670000,10,1,1,12,3,7
SUPER_23,1680000,156,14,15,185,87,69
SUPER_23,1690000,190,20,21,231,85,105
SUPER_23,1700000,355,32,27,414,164,191
SUPER_23,1710000,282,25,26,333,131,151
SUPER_23,1720000,310,24,27,361,141,169
SUPER_23,1730000,290,23,35,348,140,150
SUPER_23,1740000,492,35,36,563,249,243
SUPER_23,1750000,433,39,48,520,208,225
SUPER_23,1760000,377,31,31,439,184,193
SUPER_23,1770000,327,28,32,387,165,162
SUPER_23,1780000,424,35,37,496,193,231
SUPER_23,1790000,397,37,32,466,199,198
SUPER_23,1800000,466,44,43,553,226,240
SUPER_23,1810000,394,36,29,459,191,203
SUPER_23,1820000,376,25,35,436,189,187
SUPER_23,1830000,297,24,26,347,148,149
SUPER_23,1840000,366,27,30,423,187,179
SUPER_23,1850000,356,30,28,414,193,163
SUPER_23,1860000,393,35,32,460,203,190
SUPER_23,1870000,323,32,17,372,148,175
SUPER_23,1880000,351,35,32,418,179,172
SUPER_23,1890000,251,35,28,314,119,132
SUPER_23,1900000,100,15,13,128,53,47
SUPER_23,1910000,385,43,30,458,212,173
SUPER_23,1920000,320,28,24,372,173,147
SUPER_23,1930000,362,35,27,424,161,201
SUPER_23,1940000,349,26,26,401,186,163
SUPER_23,1950000,330,27,35,392,160,170
SUPER_23,1960000,0,0,2,2,0,0
SUPER_23,1970000,249,23,37,309,121,128
SUPER_23,1980000,112,10,9,131,60,52
SUPER_23,1990000,0,1,0,1,0,0
SUPER_23,2000000,38,3,3,44,20,18
SUPER_23,2010000,0,0,0,0,0,0
SUPER_23,2020000,0,0,0,0,0,0
SUPER_23,2030000,0,0,0,0,0,0
SUPER_23,2040000,66,6,5,77,36,30
SUPER_23,2050000,386,34,31,451,207,179
SUPER_23,2060000,213,17,23,253,99,114
SUPER_23,2070000,339,32,35,406,157,182
SUPER_23,2080000,158,16,12,186,91,67
SUPER_23,2090000,323,27,27,377,165,158
SUPER_23,2100000,334,26,35,395,173,161
SUPER_23,2110000,271,27,34,332,133,138
SUPER_23,2120000,259,25,28,312,125,134
SUPER_23,2130000,292,34,17,343,139,153
SUPER_23,2140000,277,21,16,314,144,133
SUPER_23,2150000,391,32,36,459,188,203
SUPER_23,2160000,186,23,19,228,93,93
SUPER_23,2170000,359,29,33,421,186,173
SUPER_23,2180000,401,36,31,468,193,208
SUPER_23,2190000,383,33,32,448,189,194
SUPER_23,2200000,105,8,8,121,55,50
SUPER_23,2210000,325,30,29,384,152,173
SUPER_23,2220000,323,23,28,374,179,144
SUPER_23,2230000,46,6,4,56,24,22
SUPER_23,2240000,306,28,24,358,175,131
SUPER_23,2250000,393,40,34,467,184,209
SUPER_23,2260000,244,33,26,303,110,134
SUPER_23,2270000,355,23,42,420,172,183
SUPER_23,2280000,11,1,1,13,7,4
SUPER_23,2290000,191,24,21,236,78,113
SUPER_23,2300000,114,8,13,135,49,65
SUPER_23,2310000,112,10,17,139,57,55
SUPER_23,2320000,259,22,17,298,118,141
SUPER_23,2330000,189,27,10,226,94,95
SUPER_23,2340000,416,39,32,487,212,204
SUPER_23,2350000,243,32,15,290,115,128
SUPER_23,2360000,346,23,34,403,169,177
SUPER_23,2370000,383,39,44,466,197,186
SUPER_23,2380000,286,34,32,352,126,160
SUPER_23,2390000,279,30,31,340,126,153
SUPER_23,2400000,277,29,16,322,128,149
SUPER_23,2410000,188,16,22,226,99,89
SUPER_23,2420000,268,20,24,312,130,138
SUPER_23,2430000,203,11,24,238,107,96
SUPER_23,2440000,357,46,29,432,163,194
SUPER_23,2450000,361,46,34,441,179,182
SUPER_23,2460000,337,32,27,396,163,174
SUPER_23,2470000,315,27,31,373,160,155
SUPER_23,2480000,300,31,30,361,135,165
SUPER_23,2490000,272,18,23,313,131,141
SUPER_23,2500000,464,60,36,560,230,234
SUPER_23,2510000,223,25,22,270,106,117
SUPER_23,2520000,274,22,30,326,138,136
SUPER_23,2530000,222,29,22,273,96,126
SUPER_23,2540000,201,18,21,240,96,105
SUPER_23,2550000,256,27,21,304,125,131
SUPER_23,2560000,248,30,28,306,103,145
SUPER_23,2570000,265,28,21,314,143,122
SUPER_23,2580000,321,28,33,382,160,161
SUPER_23,2590000,286,34,27,347,148,138
SUPER_23,2600000,296,27,22,345,144,152
SUPER_23,2610000,386,27,29,442,204,182
SUPER_23,2620000,308,36,27,371,146,162
SUPER_23,2630000,182,14,11,207,93,89
SUPER_23,2640000,217,17,17,251,109,108
SUPER_23,2650000,401,42,31,474,192,209
SUPER_23,2660000,236,24,22,282,117,119
SUPER_23,2670000,351,31,23,405,168,183
SUPER_23,2680000,145,16,13,174,73,72
SUPER_23,2690000,377,37,36,450,196,181
SUPER_23,2700000,292,35,38,365,130,162
SUPER_23,2710000,279,23,32,334,141,138
SUPER_23,2720000,317,24,42,383,141,176
SUPER_23,2730000,193,16,15,224,95,98
SUPER_23,2740000,346,33,26,405,177,169
SUPER_23,2750000,282,23,32,337,145,137
SUPER_23,2760000,142,11,13,166,69,73
SUPER_23,2770000,212,16,21,249,109,103
SUPER_23,2780000,171,20,11,202,77,94
SUPER_23,2790000,233,22,20,275,109,124
SUPER_23,2800000,140,19,16,175,66,74
SUPER_23,2810000,273,33,19,325,145,128
SUPER_23,2820000,330,39,28,397,141,189
SUPER_23,2830000,278,21,25,324,143,135
SUPER_23,2840000,195,20,20,235,102,93
SUPER_23,2850000,212,21,15,248,97,115
SUPER_23,2860000,323,28,33,384,146,177
SUPER_23,2870000,429,42,44,515,186,243
SUPER_23,2880000,394,48,39,481,182,212
SUPER_23,2890000,334,47,29,410,150,184
SUPER_23,2900000,337,24,25,386,151,186
SUPER_23,2910000,337,35,25,397,168,169
SUPER_23,2920000,211,20,23,254,109,102
SUPER_23,2930000,286,27,25,338,138,148
SUPER_23,2940000,321,38,35,394,157,164
SUPER_23,2950000,409,48,38,495,205,204
SUPER_23,2960000,381,28,33,442,174,207
SUPER_23,2970000,314,28,18,360,158,156
SUPER_23,2980000,217,22,26,265,115,102
SUPER_23,2990000,222,23,9,254,108,114
SUPER_23,3000000,207,10,19,236,105,102
SUPER_23,3010000,268,25,28,321,137,131
SUPER_23,3020000,175,14,17,206,93,82
SUPER_23,3030000,138,15,11,164,68,70
SUPER_23,3040000,85,6,9,100,36,49
SUPER_23,3050000,224,12,17,253,119,105
SUPER_23,3060000,175,14,12,201,89,86
SUPER_23,3070000,354,37,31,422,176,178
SUPER_23,3080000,223,12,8,243,122,101
SUPER_23,3090000,195,14,12,221,86,109
SUPER_23,3100000,333,29,29,391,171,162
SUPER_23,3110000,183,11,19,213,90,93
SUPER_23,3120000,267,19,24,310,138,129
SUPER_23,3130000,195,19,19,233,106,89
SUPER_23,3140000,127,12,16,155,66,61
SUPER_23,3150000,359,32,30,421,180,179
SUPER_23,3160000,389,38,39,466,180,209
SUPER_23,3170000,279,29,23,331,136,143
SUPER_23,3180000,182,20,8,210,82,100
SUPER_23,3190000,272,24,23,319,144,128
SUPER_23,3200000,265,29,29,323,135,130
SUPER_23,3210000,322,36,35,393,150,172
SUPER_23,3220000,369,25,45,439,196,173
SUPER_23,3230000,328,37,24,389,159,169
SUPER_23,3240000,371,34,33,438,180,191
SUPER_23,3250000,363,41,38,442,164,199
SUPER_23,3260000,280,34,19,333,124,156
SUPER_23,3270000,272,17,24,313,129,143
SUPER_23,3280000,238,15,21,274,129,109
SUPER_23,3290000,293,24,20,337,143,150
SUPER_23,3300000,417,32,43,492,182,235
SUPER_23,3310000,333,31,28,392,159,174
SUPER_23,3320000,364,36,27,427,186,178
SUPER_23,3330000,274,22,28,324,131,143
SUPER_23,3340000,291,16,18,325,149,142
SUPER_23,3350000,237,22,20,279,112,125
SUPER_23,3360000,314,35,29,378,144,170
SUPER_23,3370000,203,16,22,241,108,95
SUPER_23,3380000,323,28,33,384,161,162
SUPER_23,3390000,342,39,31,412,174,168
SUPER_23,3400000,406,45,46,497,181,225
SUPER_23,3410000,291,24,24,339,144,147
SUPER_23,3420000,294,29,32,355,151,143
SUPER_23,3430000,363,38,23,424,187,176
SUPER_23,3440000,335,22,30,387,164,171
SUPER_23,3450000,120,11,16,147,58,62
SUPER_23,3460000,102,12,5,119,51,51
SUPER_23,3470000,359,34,35,428,166,193
SUPER_23,3480000,410,30,36,476,211,199
SUPER_23,3490000,253,21,18,292,127,126
SUPER_23,3500000,419,43,30,492,210,209
SUPER_23,3510000,453,48,52,553,183,270
SUPER_23,3520000,305,25,37,367,151,154
SUPER_23,3530000,155,15,12,182,76,79
SUPER_23,3540000,1,0,0,1,0,1
SUPER_23,3550000,285,28,28,341,142,143
SUPER_23,3560000,458,52,27,537,225,233
SUPER_23,3570000,393,39,38,470,178,215
SUPER_23,3580000,115,9,8,132,58,57
SUPER_23,3590000,359,29,49,437,155,204
SUPER_23,3600000,272,28,21,321,124,148
SUPER_23,3610000,289,27,30,346,128,161
SUPER_23,3620000,343,24,22,389,179,164
SUPER_23,3630000,148,16,18,182,62,86
SUPER_23,3640000,300,33,20,353,144,156
SUPER_23,3650000,367,33,39,439,173,194
SUPER_23,3660000,427,42,46,515,207,220
SUPER_23,3670000,334,35,27,396,169,165
SUPER_23,3680000,132,10,20,162,65,67
SUPER_23,3690000,234,22,25,281,122,112
SUPER_23,3700000,353,33,22,408,178,175
SUPER_23,3710000,41,4,2,47,18,23
SUPER_23,3720000,228,18,21,267,106,122
SUPER_23,3730000,262,22,18,302,123,139
SUPER_23,3740000,360,32,23,415,174,186
SUPER_23,3750000,134,15,21,170,65,69
SUPER_23,3760000,328,31,23,382,162,166
SUPER_23,3770000,171,23,14,208,95,76
SUPER_23,3780000,346,30,30,406,180,166
SUPER_23,3790000,107,12,14,133,57,50
SUPER_23,3800000,151,12,15,178,80,71
SUPER_23,3810000,13,1,1,15,6,7
SUPER_23,3820000,194,11,9,214,119,75
SUPER_23,3830000,2,0,0,2,1,1
SUPER_23,3840000,67,2,7,76,34,33
SUPER_23,3850000,117,22,15,154,63,54
SUPER_23,3860000,58,7,7,72,24,34
SUPER_23,3870000,0,0,0,0,0,0
SUPER_23,3880000,0,0,0,0,0,0
SUPER_23,3890000,325,40,30,395,165,160
SUPER_23,3900000,154,23,19,196,78,76
SUPER_23,3910000,295,27,30,352,129,166
SUPER_23,3920000,324,24,33,381,178,146
SUPER_23,3930000,182,13,22,217,96,86
SUPER_23,3940000,199,18,16,233,107,92
SUPER_23,3950000,161,18,13,192,82,79
SUPER_23,3960000,199,10,16,225,100,99
SUPER_23,3970000,128,13,11,152,65,63
SUPER_23,3980000,14,1,1,16,8,6
SUPER_23,3990000,96,11,10,117,38,58
SUPER_23,4000000,345,30,25,400,165,180
SUPER_23,4010000,109,8,15,132,54,55
SUPER_23,4020000,265,25,20,310,131,134
SUPER_23,4030000,354,30,22,406,180,174
SUPER_23,4040000,37,2,1,40,16,21
SUPER_23,4050000,5,1,0,6,0,5
SUPER_23,4060000,447,39,37,523,200,247
SUPER_23,4070000,227,22,27,276,110,117
SUPER_23,4080000,182,19,11,212,98,84
SUPER_23,4090000,315,26,27,368,142,173
SUPER_23,4100000,254,23,20,297,118,136
SUPER_23,4110000,305,31,18,354,142,163
SUPER_23,4120000,432,45,36,513,210,222
SUPER_23,4130000,383,28,26,437,182,201
SUPER_23,4140000,195,10,23,228,101,94
SUPER_23,4150000,343,32,27,402,162,181
SUPER_23,4160000,218,18,21,257,118,100
SUPER_23,4170000,353,31,31,415,187,166
SUPER_23,4180000,373,39,26,438,183,190
SUPER_23,4190000,194,26,21,241,98,96
SUPER_23,4200000,294,26,34,354,147,147
SUPER_23,4210000,311,29,32,372,158,153
SUPER_23,4220000,18,1,2,21,10,8
SUPER_23,4230000,185,28,19,232,80,105
SUPER_23,4240000,330,34,27,391,154,176
SUPER_23,4250000,115,12,10,137,53,62
SUPER_23,4260000,200,17,18,235,105,95
SUPER_23,4270000,0,0,0,0,0,0
SUPER_23,4280000,0,0,0,0,0,0
SUPER_23,4290000,428,42,32,502,199,229
SUPER_23,4300000,38,7,3,48,20,18
SUPER_23,4310000,335,30,21,386,165,170
SUPER_23,4320000,209,26,30,265,102,107
SUPER_23,4330000,360,25,36,421,185,175
SUPER_23,4340000,355,47,37,439,170,185
SUPER_23,4350000,392,34,43,469,191,201
SUPER_23,4360000,123,21,13,157,65,58
SUPER_23,4370000,332,38,45,415,139,193
SUPER_23,4380000,0,0,0,0,0,0
SUPER_23,4390000,0,0,0,0,0,0
SUPER_23,4400000,588,57,45,690,277,311
SUPER_23,4410000,472,42,61,575,226,246
SUPER_23,4420000,418,40,31,489,192,226
SUPER_23,4430000,344,26,28,398,172,172
SUPER_23,4440000,369,37,36,442,175,194
SUPER_23,4450000,287,25,33,345,126,161
SUPER_23,4460000,363,30,32,425,175,188
SUPER_23,4470000,300,20,31,351,140,160
SUPER_23,4480000,179,20,13,212,82,97
SUPER_23,4490000,81,7,10,98,44,37
SUPER_23,4500000,316,29,23,368,156,160
SUPER_23,4510000,291,35,25,351,141,150
SUPER_23,4520000,303,36,32,371,132,171
SUPER_23,4530000,369,34,40,443,169,200
SUPER_23,4540000,103,10,13,126,57,46
SUPER_23,4550000,213,21,16,250,93,120
SUPER_23,4560000,327,26,34,387,161,166
SUPER_23,4570000,193,22,21,236,107,86
SUPER_23,4580000,151,12,12,175,66,85
SUPER_23,4590000,344,47,32,423,161,183
SUPER_23,4600000,293,28,22,343,145,148
SUPER_23,4610000,255,18,22,295,129,126
SUPER_23,4620000,218,36,16,270,97,121
SUPER_23,4630000,425,45,31,501,204,221
SUPER_23,4640000,247,32,13,292,118,129
SUPER_23,4650000,111,6,6,123,51,60
SUPER_23,4660000,313,49,25,387,151,162
SUPER_23,4670000,400,33,46,479,189,211
SUPER_23,4680000,45,8,7,60,24,21
SUPER_23,4690000,66,3,3,72,35,31
SUPER_23,4700000,154,13,12,179,79,75
SUPER_23,4710000,236,18,22,276,117,119
SUPER_23,4720000,344,26,28,398,180,164
SUPER_23,4730000,359,28,49,436,171,188
SUPER_23,4740000,415,33,48,496,204,211
SUPER_23,4750000,370,34,29,433,207,163
SUPER_23,4760000,345,25,27,397,174,171
SUPER_23,4770000,326,23,38,387,161,165
SUPER_23,4780000,322,36,27,385,142,180
SUPER_23,4790000,283,22,28,333,137,146
SUPER_23,4800000,279,29,16,324,136,143
SUPER_23,4810000,427,45,28,500,209,218
SUPER_23,4820000,318,32,28,378,139,179
SUPER_23,4830000,296,27,29,352,130,166
SUPER_23,4840000,306,29,18,353,154,152
SUPER_23,4850000,230,23,17,270,128,102
SUPER_23,4860000,354,27,27,408,180,174
SUPER_23,4870000,237,26,17,280,127,110
SUPER_23,4880000,319,33,18,370,156,163
SUPER_23,4890000,316,23,30,369,155,161
SUPER_23,4900000,60,5,5,70,24,36
SUPER_23,4910000,425,32,39,496,194,231
SUPER_23,4920000,386,37,42,465,171,215
SUPER_23,4930000,136,8,6,150,65,71
SUPER_23,4940000,92,9,14,115,43,49
SUPER_23,4950000,286,26,34,346,134,152
SUPER_23,4960000,298,31,38,367,132,166
SUPER_23,4970000,310,31,25,366,158,152
SUPER_23,4980000,261,22,29,312,127,134
SUPER_23,4990000,261,20,19,300,129,132
SUPER_23,5000000,292,26,22,340,146,146
SUPER_23,5010000,272,25,20,317,145,127
SUPER_23,5020000,50,4,3,57,25,25
SUPER_23,5030000,495,40,51,586,229,266
SUPER_23,5040000,62,9,5,76,35,27
SUPER_23,5050000,112,9,4,125,57,55
SUPER_23,5060000,69,6,7,82,42,27
SUPER_23,5070000,102,9,9,120,47,55
SUPER_23,5080000,151,16,15,182,76,75
SUPER_23,5090000,161,13,11,185,90,71
SUPER_23,5100000,189,23,18,230,89,100
SUPER_23,5110000,53,7,4,64,26,27
SUPER_23,5120000,119,15,17,151,56,63
SUPER_23,5130000,382,38,42,462,192,190
SUPER_23,5140000,207,23,26,256,115,92
SUPER_23,5150000,347,35,38,420,199,148
SUPER_23,5160000,331,45,44,420,164,167
SUPER_23,5170000,325,30,28,383,147,178
SUPER_23,5180000,319,35,30,384,153,166
SUPER_23,5190000,366,35,30,431,182,184
SUPER_23,5200000,132,10,12,154,52,80
SUPER_23,5210000,291,19,23,333,147,144
SUPER_23,5220000,262,28,21,311,108,154
SUPER_23,5230000,299,32,31,362,138,161
SUPER_23,5240000,293,37,38,368,125,168
SUPER_23,5250000,369,38,31,438,176,193
SUPER_23,5260000,377,38,37,452,184,193
SUPER_23,5270000,307,26,33,366,136,171
SUPER_23,5280000,311,25,32,368,140,171
SUPER_23,5290000,322,38,41,401,166,156
SUPER_23,5300000,372,38,37,447,179,193
SUPER_23,5310000,333,35,31,399,152,181
SUPER_23,5320000,218,23,22,263,108,110
SUPER_23,5330000,221,24,17,262,107,114
SUPER_23,5340000,330,30,35,395,165,165
SUPER_23,5350000,364,43,38,445,171,193
SUPER_23,5360000,366,40,31,437,172,194
SUPER_23,5370000,369,46,34,449,160,209
SUPER_23,5380000,263,33,21,317,126,137
SUPER_23,5390000,169,7,17,193,86,83
SUPER_23,5400000,7,0,0,7,3,4
SUPER_23,5410000,343,31,38,412,155,188
SUPER_23,5420000,408,38,39,485,193,215
SUPER_23,5430000,262,27,25,314,116,146
SUPER_23,5440000,301,29,29,359,139,162
SUPER_23,5450000,241,24,23,288,113,128
SUPER_23,5460000,306,18,23,347,167,139
SUPER_23,5470000,544,58,50,652,243,301
SUPER_23,5480000,386,38,27,451,202,184
SUPER_23,5490000,343,33,33,409,179,164
SUPER_23,5500000,368,32,26,426,179,189
SUPER_23,5510000,299,40,23,362,145,154
SUPER_23,5520000,299,34,25,358,145,154
SUPER_23,5530000,326,29,41,396,156,170
SUPER_23,5540000,295,39,31,365,128,167
SUPER_23,5550000,401,37,37,475,191,210
SUPER_23,5560000,279,34,36,349,130,149
SUPER_23,5570000,379,25,40,444,177,202
SUPER_23,5580000,332,39,29,400,147,185
SUPER_23,5590000,334,37,23,394,154,180
SUPER_23,5600000,326,29,31,386,151,175
SUPER_23,5610000,317,32,28,377,128,189
SUPER_23,5620000,210,24,23,257,107,103
SUPER_23,5630000,326,35,40,401,165,161
SUPER_23,5640000,242,21,22,285,136,106
SUPER_23,5650000,397,50,43,490,183,214
SUPER_23,5660000,260,21,24,305,122,138
SUPER_23,5670000,264,27,25,316,131,133
SUPER_23,5680000,68,6,11,85,34,34
SUPER_23,5690000,267,27,34,328,132,135
SUPER_23,5700000,193,21,12,226,105,88
SUPER_23,5710000,104,13,11,128,59,45
SUPER_23,5720000,112,8,9,129,57,55
SUPER_23,5730000,295,26,26,347,148,147
SUPER_23,5740000,173,23,10,206,78,95
SUPER_23,5750000,162,12,20,194,79,83
SUPER_23,5760000,362,38,33,433,163,199
SUPER_23,5770000,249,27,30,306,109,140
SUPER_23,5780000,275,35,29,339,131,144
SUPER_23,5790000,327,31,28,386,149,178
SUPER_23,5800000,292,27,26,345,140,152
SUPER_23,5810000,391,36,32,459,192,199
SUPER_23,5820000,238,18,23,279,95,143
SUPER_23,5830000,146,19,8,173,71,75
SUPER_23,5840000,357,36,24,417,173,184
SUPER_23,5850000,253,30,25,308,120,133
SUPER_23,5860000,259,21,24,304,122,137
SUPER_23,5870000,258,42,29,329,111,147
SUPER_23,5880000,222,23,13,258,108,114
SUPER_23,5890000,398,33,45,476,189,209
SUPER_23,5900000,255,17,19,291,124,131
SUPER_23,5910000,282,25,35,342,139,143
SUPER_23,5920000,242,20,21,283,117,125
SUPER_23,5930000,319,26,23,368,155,164
SUPER_23,5940000,275,28,35,338,139,136
SUPER_23,5950000,152,13,17,182,77,75
SUPER_23,5960000,181,21,18,220,91,90
SUPER_23,5970000,230,23,22,275,117,113
SUPER_23,5980000,141,13,16,170,69,72
SUPER_23,5990000,143,23,17,183,67,76
SUPER_23,6000000,328,31,23,382,157,171
SUPER_23,6010000,200,19,20,239,115,85
SUPER_23,6020000,182,26,23,231,74,108
SUPER_23,6030000,165,12,17,194,69,96
SUPER_23,6040000,205,16,23,244,93,112
SUPER_23,6050000,215,19,14,248,107,108
SUPER_23,6060000,219,25,20,264,109,110
SUPER_23,6070000,279,27,25,331,147,132
SUPER_23,6080000,292,23,32,347,137,155
SUPER_23,6090000,259,24,19,302,124,135
SUPER_23,6100000,153,27,11,191,67,86
SUPER_23,6110000,202,18,25,245,101,101
SUPER_23,6120000,297,19,36,352,146,151
SUPER_23,6130000,330,30,31,391,162,168
SUPER_23,6140000,259,28,17,304,128,131
SUPER_23,6150000,187,19,25,231,78,109
SUPER_23,6160000,283,27,27,337,139,144
SUPER_23,6170000,300,37,23,360,153,147
SUPER_23,6180000,71,6,6,83,39,32
SUPER_23,6190000,219,18,20,257,99,120
SUPER_23,6200000,211,20,21,252,98,113
SUPER_23,6210000,309,27,25,361,162,147
SUPER_23,6220000,423,31,42,496,201,222
SUPER_23,6230000,390,34,41,465,169,221
SUPER_23,6240000,217,27,30,274,118,99
SUPER_23,6250000,332,43,29,404,155,177
SUPER_23,6260000,393,38,32,463,172,221
SUPER_23,6270000,216,20,26,262,93,123
SUPER_23,6280000,272,40,28,340,124,148
SUPER_23,6290000,377,28,32,437,192,185
SUPER_23,6300000,382,29,32,443,176,206
SUPER_23,6310000,297,37,30,364,149,148
SUPER_23,6320000,397,35,35,467,191,206
SUPER_23,6330000,134,14,14,162,60,74
SUPER_23,6340000,342,27,29,398,168,174
SUPER_23,6350000,91,10,11,112,46,45
SUPER_23,6360000,233,32,37,302,118,115
SUPER_23,6370000,456,58,44,558,204,252
SUPER_23,6380000,405,41,22,468,196,209
SUPER_23,6390000,370,40,41,451,167,203
SUPER_23,6400000,60,5,4,69,32,28
SUPER_23,6410000,25,3,1,29,7,18
SUPER_23,6420000,182,16,15,213,93,89
SUPER_23,6430000,45,4,7,56,27,18
SUPER_23,6440000,45,4,4,53,24,21
SUPER_23,6450000,236,22,19,277,118,118
SUPER_23,6460000,377,37,38,452,180,197
SUPER_23,6470000,245,22,21,288,125,120
SUPER_23,6480000,205,28,18,251,117,88
SUPER_23,6490000,227,20,23,270,122,105
SUPER_23,6500000,126,11,19,156,74,52
SUPER_23,6510000,264,29,19,312,132,132
SUPER_23,6520000,367,33,30,430,166,201
SUPER_23,6530000,349,33,33,415,160,189
SUPER_23,6540000,285,20,29,334,141,144
SUPER_23,6550000,84,11,6,101,46,38
SUPER_23,6560000,94,9,8,111,52,42
SUPER_23,6570000,375,40,28,443,190,185
SUPER_23,6580000,228,27,13,268,101,127
SUPER_23,6590000,115,7,12,134,56,59
SUPER_23,6600000,285,19,27,331,143,142
SUPER_23,6610000,320,33,31,384,162,158
SUPER_23,6620000,347,33,23,403,170,177
SUPER_23,6630000,283,22,25,330,132,151
SUPER_23,6640000,284,35,28,347,127,157
SUPER_23,6650000,336,32,30,398,153,183
SUPER_23,6660000,0,0,0,0,0,0
SUPER_23,6670000,0,0,0,0,0,0
SUPER_23,6680000,0,0,0,0,0,0
SUPER_23,6690000,0,0,0,0,0,0
SUPER_23,6700000,522,56,43,621,268,254
SUPER_23,6710000,303,27,27,357,145,158
SUPER_23,6720000,133,22,8,163,67,66
SUPER_23,6730000,290,21,22,333,136,154
SUPER_23,6740000,388,34,35,457,188,200
SUPER_23,6750000,415,37,29,481,186,229
SUPER_23,6760000,294,21,32,347,161,133
SUPER_23,6770000,352,31,32,415,174,178
SUPER_23,6780000,340,21,56,417,172,168
SUPER_23,6790000,329,28,26,383,177,152
SUPER_23,6800000,385,34,37,456,203,182
SUPER_23,6810000,283,17,33,333,132,151
SUPER_23,6820000,160,11,15,186,74,86
SUPER_23,6830000,202,16,20,238,91,111
SUPER_23,6840000,334,41,37,412,174,160
SUPER_23,6850000,379,37,29,445,171,208
SUPER_23,6860000,326,28,30,384,158,168
SUPER_23,6870000,311,31,33,375,169,142
SUPER_23,6880000,262,23,20,305,139,123
SUPER_23,6890000,317,34,27,378,147,170
SUPER_23,6900000,205,23,12,240,98,107
SUPER_23,6910000,271,26,27,324,135,136
SUPER_23,6920000,349,34,39,422,167,182
SUPER_23,6930000,193,17,16,226,93,100
SUPER_23,6940000,347,38,29,414,166,181
SUPER_23,6950000,251,24,37,312,98,153
SUPER_23,6960000,406,24,41,471,211,195
SUPER_23,6970000,295,38,36,369,157,138
SUPER_23,6980000,125,17,14,156,71,54
SUPER_23,6990000,256,15,23,294,118,138
SUPER_23,7000000,324,32,33,389,141,183
SUPER_23,7010000,279,42,44,365,116,163
SUPER_23,7020000,332,38,32,402,162,170
SUPER_23,7030000,251,24,24,299,123,128
SUPER_23,7040000,249,38,18,305,118,131
SUPER_23,7050000,368,38,29,435,188,180
SUPER_23,7060000,233,17,31,281,107,126
SUPER_23,7070000,243,23,32,298,118,125
SUPER_23,7080000,267,38,24,329,143,124
SUPER_23,7090000,391,33,29,453,191,200
SUPER_23,7100000,241,24,24,289,113,128
SUPER_23,7110000,309,36,32,377,152,157
SUPER_23,7120000,394,30,27,451,203,191
SUPER_23,7130000,378,39,36,453,174,204
SUPER_23,7140000,404,32,38,474,186,218
SUPER_23,7150000,306,34,23,363,155,151
SUPER_23,7160000,409,32,37,478,200,209
SUPER_23,7170000,251,30,18,299,132,119
SUPER_23,7180000,306,26,28,360,147,159
SUPER_23,7190000,469,41,38,548,240,229
SUPER_23,7200000,510,52,33,595,251,259
SUPER_23,7210000,175,27,20,222,78,97
SUPER_23,7220000,410,34,30,474,194,216
SUPER_23,7230000,325,32,34,391,158,167
SUPER_23,7240000,75,1,5,81,35,40
SUPER_23,7250000,395,42,34,471,192,203
SUPER_23,7260000,192,17,15,224,102,90
SUPER_23,7270000,121,6,10,137,51,70
SUPER_23,7280000,306,29,23,358,148,158
SUPER_23,7290000,413,50,39,502,214,199
SUPER_23,7300000,348,36,25,409,155,193
SUPER_23,7310000,370,37,32,439,172,198
SUPER_23,7320000,413,42,46,501,221,192
SUPER_23,7330000,204,11,11,226,105,99
SUPER_23,7340000,328,28,22,378,159,169
SUPER_23,7350000,318,35,36,389,145,173
SUPER_23,7360000,321,40,33,394,150,171
SUPER_23,7370000,400,27,34,461,189,211
SUPER_23,7380000,349,29,37,415,165,184
SUPER_23,7390000,184,9,21,214,79,105
SUPER_23,7400000,269,30,23,322,131,138
SUPER_23,7410000,298,18,22,338,146,152
SUPER_23,7420000,325,34,32,391,160,165
SUPER_23,7430000,151,20,15,186,69,82
SUPER_23,7440000,149,12,7,168,82,67
SUPER_23,7450000,158,14,8,180,96,62
SUPER_23,7460000,211,12,15,238,120,91
SUPER_23,7470000,44,3,8,55,21,23
SUPER_23,7480000,183,11,12,206,77,106
SUPER_23,7490000,272,16,17,305,147,125
SUPER_23,7500000,382,37,36,455,190,192
SUPER_23,7510000,305,30,31,366,155,150
SUPER_23,7520000,348,35,41,424,174,174
SUPER_23,7530000,358,30,40,428,158,200
SUPER_23,7540000,340,30,30,400,171,169
SUPER_23,7550000,193,28,13,234,108,85
SUPER_23,7560000,124,9,20,153,68,56
SUPER_23,7570000,211,26,23,260,101,110
SUPER_23,7580000,343,43,22,408,175,168
SUPER_23,7590000,331,31,23,385,173,158
SUPER_23,7600000,0,0,0,0,0,0
SUPER_23,7610000,0,0,0,0,0,0
SUPER_23,7620000,0,0,0,0,0,0
SUPER_23,7630000,0,0,0,0,0,0
SUPER_23,7640000,0,0,0,0,0,0
SUPER_23,7650000,0,0,0,0,0,0
SUPER_23,7660000,311,31,25,367,150,161
SUPER_23,7670000,0,0,0,0,0,0
SUPER_23,7680000,0,0,0,0,0,0
SUPER_23,7690000,2,3,0,5,0,2
SUPER_23,7700000,413,48,46,507,199,214
SUPER_23,7710000,266,25,31,322,136,130
SUPER_23,7720000,314,28,24,366,161,153
SUPER_23,7730000,348,28,27,403,154,194
SUPER_23,7740000,368,36,31,435,177,191
SUPER_23,7750000,347,29,36,412,161,186
SUPER_23,7760000,292,27,26,345,130,162
SUPER_23,7770000,282,33,24,339,148,134
SUPER_23,7780000,313,40,25,378,157,156
SUPER_23,7790000,234,33,31,298,108,126
SUPER_23,7800000,228,10,23,261,121,107
SUPER_23,7810000,6,0,0,6,3,3
SUPER_23,7820000,343,46,40,429,176,167
SUPER_23,7830000,38,5,2,45,20,18
SUPER_23,7840000,215,22,14,251,114,101
SUPER_23,7850000,391,32,42,465,190,201
SUPER_23,7860000,375,33,30,438,186,189
SUPER_23,7870000,221,16,27,264,111,110
SUPER_23,7880000,122,18,6,146,69,53
SUPER_23,7890000,328,24,25,377,178,150
SUPER_23,7900000,325,38,27,390,147,178
SUPER_23,7910000,170,17,19,206,85,85
SUPER_23,7920000,269,21,25,315,135,134
SUPER_23,7930000,237,23,19,279,117,120
SUPER_23,7940000,339,31,36,406,176,163
SUPER_23,7950000,192,15,18,225,95,97
SUPER_23,7960000,0,0,0,0,0,0
SUPER_23,7970000,0,0,0,0,0,0
SUPER_23,7980000,0,0,0,0,0,0
SUPER_23,7990000,0,0,0,0,0,0
SUPER_23,8000000,446,42,32,520,215,231
SUPER_23,8010000,189,14,27,230,85,104
SUPER_23,8020000,78,8,12,98,34,44
SUPER_23,8030000,10,1,0,11,3,7
SUPER_23,8040000,1,0,0,1,1,0
SUPER_23,8050000,3,0,0,3,3,0
SUPER_23,8060000,128,17,10,155,71,57
SUPER_23,8070000,369,37,33,439,185,184
SUPER_23,8080000,276,17,22,315,155,121
SUPER_23,8090000,281,28,22,331,146,135
SUPER_23,8100000,375,29,25,429,192,183
SUPER_23,8110000,243,14,25,282,126,117
SUPER_23,8120000,313,19,29,361,145,168
SUPER_23,8130000,278,18,12,308,144,134
SUPER_23,8140000,0,0,1,1,0,0
SUPER_23,8150000,115,10,14,139,68,47
SUPER_23,8160000,394,34,24,452,205,189
SUPER_23,8170000,281,41,23,345,142,139
SUPER_23,8180000,293,24,20,337,137,156
SUPER_23,8190000,402,38,42,482,201,201
SUPER_23,8200000,389,36,24,449,201,188
SUPER_23,8210000,87,7,8,102,45,42
SUPER_23,8220000,297,25,23,345,151,146
SUPER_23,8230000,156,16,17,189,70,86
SUPER_23,8240000,395,45,33,473,179,216
SUPER_23,8250000,304,28,21,353,150,154
SUPER_23,8260000,304,34,18,356,167,137
SUPER_23,8270000,275,21,28,324,136,139
SUPER_23,8280000,339,27,32,398,163,176
SUPER_23,8290000,191,12,15,218,94,97
SUPER_23,8300000,307,32,18,357,152,155
SUPER_23,8310000,300,29,29,358,140,160
SUPER_23,8320000,337,26,31,394,173,164
SUPER_23,8330000,401,35,33,469,180,221
SUPER_23,8340000,341,33,19,393,166,175
SUPER_23,8350000,104,15,16,135,61,43
SUPER_23,8360000,276,30,25,331,133,143
SUPER_23,8370000,304,35,26,365,160,144
SUPER_23,8380000,285,27,26,338,134,151
SUPER_23,8390000,387,31,44,462,180,207
SUPER_23,8400000,160,20,17,197,66,94
SUPER_23,8410000,262,22,29,313,138,124
SUPER_23,8420000,430,46,32,508,216,214
SUPER_23,8430000,384,45,34,463,187,197
SUPER_23,8440000,267,18,13,298,157,110
SUPER_23,8450000,185,16,16,217,88,97
SUPER_23,8460000,446,26,34,506,200,246
SUPER_23,8470000,353,20,34,407,190,163
SUPER_23,8480000,367,30,30,427,199,168
SUPER_23,8490000,219,12,20,251,110,109
SUPER_23,8500000,192,10,12,214,108,84
SUPER_23,8510000,250,25,18,293,132,118
SUPER_23,8520000,438,50,37,525,220,218
SUPER_23,8530000,194,10,23,227,92,102
SUPER_23,8540000,296,35,31,362,156,140
SUPER_23,8550000,249,25,16,290,125,124
SUPER_23,8560000,315,36,22,373,174,141
SUPER_23,8570000,173,11,28,212,68,105
SUPER_23,8580000,220,19,21,260,114,106
SUPER_23,8590000,186,20,12,218,93,93
SUPER_23,8600000,290,26,25,341,152,138
SUPER_23,8610000,290,24,17,331,145,145
SUPER_23,8620000,4,0,0,4,2,2
SUPER_23,8630000,72,7,9,88,30,42
SUPER_23,8640000,246,16,13,275,129,117
SUPER_23,8650000,209,22,23,254,101,108
SUPER_23,8660000,303,19,39,361,153,150
SUPER_23,8670000,326,34,24,384,168,158
SUPER_23,8680000,388,24,36,448,196,192
SUPER_23,8690000,255,22,22,299,120,135
SUPER_23,8700000,304,26,32,362,152,152
SUPER_23,8710000,433,36,36,505,227,206
SUPER_23,8720000,371,33,33,437,197,174
SUPER_23,8730000,355,35,30,420,203,152
SUPER_23,8740000,367,38,42,447,184,183
SUPER_23,8750000,326,39,30,395,169,157
SUPER_23,8760000,312,32,30,374,148,164
SUPER_23,8770000,232,21,21,274,112,120
SUPER_23,8780000,375,38,47,460,179,196
SUPER_23,8790000,387,39,28,454,197,190
SUPER_23,8800000,307,27,22,356,156,151
SUPER_23,8810000,155,18,6,179,77,78
SUPER_23,8820000,215,13,23,251,111,104
SUPER_23,8830000,410,37,41,488,205,205
SUPER_23,8840000,329,33,34,396,165,164
SUPER_23,8850000,274,22,20,316,121,153
SUPER_23,8860000,16,0,3,19,6,10
SUPER_23,8870000,321,35,28,384,163,158
SUPER_23,8880000,387,40,32,459,190,197
SUPER_23,8890000,181,16,18,215,97,84
SUPER_23,8900000,220,22,24,266,106,114
SUPER_23,8910000,425,39,39,503,221,204
SUPER_23,8920000,370,33,35,438,184,186
SUPER_23,8930000,201,25,19,245,88,113
SUPER_23,8940000,64,1,4,69,31,33
SUPER_23,8950000,0,0,0,0,0,0
SUPER_23,8960000,0,0,0,0,0,0
SUPER_23,8970000,0,3,0,3,0,0
SUPER_23,8980000,0,1,0,1,0,0
SUPER_23,8990000,0,0,0,0,0,0
SUPER_23,9000000,0,0,0,0,0,0
SUPER_23,9010000,0,0,0,0,0,0
SUPER_23,9020000,2,2,2,6,0,2
SUPER_23,9030000,0,1,0,1,0,0
SUPER_23,9040000,0,0,0,0,0,0
SUPER_23,9050000,0,0,0,0,0,0
SUPER_23,9060000,0,0,0,0,0,0
SUPER_23,9070000,0,2,2,4,0,0
SUPER_23,9080000,0,0,1,1,0,0
SUPER_23,9090000,0,4,2,6,0,0
SUPER_23,9100000,0,1,1,2,0,0
SUPER_23,9110000,73,11,12,96,44,29
SUPER_23,9120000,102,12,7,121,59,43
SUPER_23,9130000,234,21,22,277,111,123
SUPER_23,9140000,218,26,12,256,111,107
SUPER_23,9150000,403,41,37,481,180,223
SUPER_23,9160000,240,9,19,268,130,110
SUPER_23,9170000,177,13,11,201,83,94
SUPER_23,9180000,170,14,15,199,94,76
SUPER_23,9190000,339,34,33,406,168,171
SUPER_23,9200000,170,16,15,201,76,94
SUPER_23,9210000,411,42,33,486,209,202
SUPER_23,9220000,258,24,24,306,133,125
SUPER_23,9230000,275,29,32,336,138,137
SUPER_23,9240000,355,33,38,426,176,179
SUPER_23,9250000,334,40,28,402,151,183
SUPER_23,9260000,65,4,11,80,37,28
SUPER_23,9270000,238,23,25,286,119,119
SUPER_23,9280000,278,23,18,319,148,130
SUPER_23,9290000,343,34,33,410,166,177
SUPER_23,9300000,350,37,20,407,169,181
SUPER_23,9310000,257,20,29,306,128,129
SUPER_23,9320000,204,17,12,233,115,89
SUPER_23,9330000,340,19,31,390,169,171
SUPER_23,9340000,315,37,29,381,153,162
SUPER_23,9350000,365,28,34,427,181,184
SUPER_23,9360000,110,5,14,129,60,50
SUPER_23,9370000,191,14,19,224,96,95
SUPER_23,9380000,358,36,31,425,187,171
SUPER_23,9390000,284,19,17,320,160,124
SUPER_23,9400000,293,21,18,332,162,131
SUPER_23,9410000,346,40,30,416,161,185
SUPER_23,9420000,410,38,32,480,197,213
SUPER_23,9430000,326,22,34,382,171,155
SUPER_23,9440000,352,20,25,397,182,170
SUPER_23,9450000,366,28,37,431,171,195
SUPER_23,9460000,291,34,29,354,150,141
SUPER_23,9470000,313,32,33,378,151,162
SUPER_23,9480000,156,11,13,180,85,71
SUPER_23,9490000,285,24,27,336,139,146
SUPER_23,9500000,304,19,30,353,148,156
SUPER_23,9510000,216,15,18,249,133,83
SUPER_23,9520000,345,22,30,397,170,175
SUPER_23,9530000,273,21,19,313,159,114
SUPER_23,9540000,104,6,10,120,56,48
SUPER_23,9550000,269,27,16,312,143,126
SUPER_23,9560000,229,26,24,279,125,104
SUPER_23,9570000,246,30,25,301,128,118
SUPER_23,9580000,280,24,28,332,140,140
SUPER_23,9590000,172,17,10,199,99,73
SUPER_23,9600000,107,12,7,126,58,49
SUPER_23,9610000,16,0,0,16,12,4
SUPER_23,9620000,0,0,0,0,0,0
SUPER_23,9630000,0,0,0,0,0,0
SUPER_23,9640000,0,0,0,0,0,0
SUPER_23,9650000,0,0,0,0,0,0
SUPER_23,9660000,0,1,1,2,0,0
SUPER_23,9670000,1,0,0,1,0,1
SUPER_23,9680000,188,19,18,225,88,100
SUPER_23,9690000,148,5,5,158,61,87
SUPER_23,9700000,156,5,4,165,57,99
SUPER_23,9710000,129,4,10,143,62,67
SUPER_23,9720000,283,25,26,334,132,151
SUPER_23,9730000,54,3,4,61,27,27
SUPER_23,9740000,36,1,3,40,22,14
SUPER_23,9750000,0,0,0,0,0,0
SUPER_23,9760000,0,0,0,0,0,0
SUPER_23,9770000,15,1,0,16,8,7
SUPER_23,9780000,11,2,3,16,6,5
SUPER_23,9790000,47,4,2,53,19,28
SUPER_23,9800000,0,0,0,0,0,0
SUPER_23,9810000,0,0,0,0,0,0
SUPER_23,9820000,0,0,0,0,0,0
SUPER_23,9830000,0,0,0,0,0,0
SUPER_23,9840000,0,0,0,0,0,0
SUPER_23,9850000,0,0,0,0,0,0
SUPER_24,10000,40,74,101,215,16,24
SUPER_24,20000,11,3,0,14,8,3
SUPER_24,30000,16,0,1,17,12,4
SUPER_24,40000,60,9,6,75,26,34
SUPER_24,50000,62,6,10,78,30,32
SUPER_24,60000,138,25,9,172,59,79
SUPER_24,70000,91,5,3,99,49,42
SUPER_24,80000,74,10,9,93,37,37
SUPER_24,90000,281,26,23,330,139,142
SUPER_24,100000,234,39,18,291,116,118
SUPER_24,110000,396,40,32,468,214,182
SUPER_24,120000,327,34,22,383,166,161
SUPER_24,130000,249,23,25,297,134,115
SUPER_24,140000,309,38,26,373,154,155
SUPER_24,150000,352,30,33,415,186,166
SUPER_24,160000,414,39,32,485,207,207
SUPER_24,170000,274,25,22,321,138,136
SUPER_24,180000,119,9,10,138,50,69
SUPER_24,190000,282,31,25,338,137,145
SUPER_24,200000,312,16,25,353,134,178
SUPER_24,210000,313,27,29,369,164,149
SUPER_24,220000,239,20,17,276,120,119
SUPER_24,230000,332,25,27,384,187,145
SUPER_24,240000,375,34,22,431,194,181
SUPER_24,250000,272,29,20,321,132,140
SUPER_24,260000,132,12,12,156,75,57
SUPER_24,270000,395,25,29,449,173,222
SUPER_24,280000,430,34,34,498,207,223
SUPER_24,290000,237,29,26,292,104,133
SUPER_24,300000,407,33,41,481,212,195
SUPER_24,310000,321,26,29,376,148,173
SUPER_24,320000,166,15,12,193,76,90
SUPER_24,330000,282,28,33,343,142,140
SUPER_24,340000,124,7,9,140,63,61
SUPER_24,350000,307,16,34,357,152,155
SUPER_24,360000,191,21,10,222,101,90
SUPER_24,370000,224,14,23,261,108,116
SUPER_24,380000,347,28,31,406,157,190
SUPER_24,390000,509,57,45,611,237,272
SUPER_24,400000,391,37,40,468,204,187
SUPER_24,410000,458,38,31,527,246,212
SUPER_24,420000,379,39,37,455,210,169
SUPER_24,430000,0,0,0,0,0,0
SUPER_24,440000,0,0,0,0,0,0
SUPER_24,450000,394,50,39,483,193,201
SUPER_24,460000,423,37,32,492,217,206
SUPER_24,470000,181,24,16,221,90,91
SUPER_24,480000,74,6,5,85,39,35
SUPER_24,490000,118,6,14,138,67,51
SUPER_24,500000,261,29,17,307,129,132
SUPER_24,510000,2,0,0,2,1,1
SUPER_24,520000,23,1,5,29,14,9
SUPER_24,530000,371,28,24,423,186,185
SUPER_24,540000,436,44,34,514,221,215
SUPER_24,550000,402,28,34,464,207,195
SUPER_24,560000,295,26,28,349,147,148
SUPER_24,570000,3,0,0,3,0,3
SUPER_24,580000,316,34,17,367,155,161
SUPER_24,590000,301,34,28,363,163,138
SUPER_24,600000,300,20,18,338,152,148
SUPER_24,610000,303,18,29,350,147,156
SUPER_24,620000,301,26,25,352,145,156
SUPER_24,630000,116,11,12,139,60,56
SUPER_24,640000,303,32,29,364,160,143
SUPER_24,650000,274,21,21,316,158,116
SUPER_24,660000,402,30,29,461,185,217
SUPER_24,670000,365,31,38,434,182,183
SUPER_24,680000,277,24,17,318,129,148
SUPER_24,690000,199,24,19,242,88,111
SUPER_24,700000,258,17,28,303,131,127
SUPER_24,710000,250,25,24,299,136,114
SUPER_24,720000,310,35,35,380,148,162
SUPER_24,730000,318,23,39,380,161,157
SUPER_24,740000,314,36,26,376,153,161
SUPER_24,750000,249,27,24,300,125,124
SUPER_24,760000,321,40,21,382,148,173
SUPER_24,770000,335,21,25,381,169,166
SUPER_24,780000,245,29,17,291,119,126
SUPER_24,790000,35,4,4,43,16,19
SUPER_24,800000,301,33,32,366,154,147
SUPER_24,810000,337,29,33,399,163,174
SUPER_24,820000,305,24,38,367,153,152
SUPER_24,830000,353,39,24,416,163,190
SUPER_24,840000,263,36,21,320,129,134
SUPER_24,850000,290,29,25,344,146,144
SUPER_24,860000,360,31,25,416,191,169
SUPER_24,870000,284,26,31,341,139,145
SUPER_24,880000,163,20,18,201,76,87
SUPER_24,890000,192,15,24,231,85,107
SUPER_24,900000,244,20,22,286,123,121
SUPER_24,910000,378,20,34,432,173,205
SUPER_24,920000,353,38,37,428,171,182
SUPER_24,930000,427,49,39,515,211,216
SUPER_24,940000,297,33,27,357,141,156
SUPER_24,950000,301,36,33,370,142,159
SUPER_24,960000,145,12,15,172,65,80
SUPER_24,970000,373,38,38,449,182,191
SUPER_24,980000,252,26,22,300,128,124
SUPER_24,990000,59,3,1,63,37,22
SUPER_24,1000000,248,31,21,300,118,130
SUPER_24,1010000,138,12,13,163,79,59
SUPER_24,1020000,357,25,24,406,183,174
SUPER_24,1030000,245,45,26,316,134,111
SUPER_24,1040000,92,7,1,100,55,37
SUPER_24,1050000,228,28,21,277,113,115
SUPER_24,1060000,247,24,20,291,116,131
SUPER_24,1070000,221,21,16,258,132,89
SUPER_24,1080000,0,0,0,0,0,0
SUPER_24,1090000,0,0,0,0,0,0
SUPER_24,1100000,86,10,8,104,37,49
SUPER_24,1110000,0,1,0,1,0,0
SUPER_24,1120000,0,0,0,0,0,0
SUPER_24,1130000,0,0,0,0,0,0
SUPER_24,1140000,0,0,0,0,0,0
SUPER_24,1150000,0,0,0,0,0,0
SUPER_24,1160000,0,0,0,0,0,0
SUPER_24,1170000,0,0,0,0,0,0
SUPER_24,1180000,0,0,0,0,0,0
SUPER_24,1190000,0,0,0,0,0,0
SUPER_24,1200000,0,0,0,0,0,0
SUPER_24,1210000,0,0,0,0,0,0
SUPER_24,1220000,0,0,0,0,0,0
SUPER_24,1230000,0,0,0,0,0,0
SUPER_24,1240000,13,2,1,16,8,5
SUPER_24,1250000,0,0,0,0,0,0
SUPER_24,1260000,0,0,0,0,0,0
SUPER_24,1270000,0,0,0,0,0,0
SUPER_24,1280000,0,0,0,0,0,0
SUPER_24,1290000,0,0,0,0,0,0
SUPER_24,1300000,0,0,0,0,0,0
SUPER_24,1310000,0,0,0,0,0,0
SUPER_24,1320000,0,0,0,0,0,0
SUPER_24,1330000,0,0,0,0,0,0
SUPER_24,1340000,0,0,0,0,0,0
SUPER_24,1350000,0,0,0,0,0,0
SUPER_24,1360000,0,0,0,0,0,0
SUPER_24,1370000,0,0,0,0,0,0
SUPER_24,1380000,0,0,0,0,0,0
SUPER_24,1390000,0,0,0,0,0,0
SUPER_24,1400000,0,0,0,0,0,0
SUPER_24,1410000,0,6,0,6,0,0
SUPER_24,1420000,187,13,15,215,96,91
SUPER_24,1430000,139,14,10,163,74,65
SUPER_24,1440000,237,25,17,279,126,111
SUPER_24,1450000,425,33,37,495,220,205
SUPER_24,1460000,510,47,49,606,226,284
SUPER_24,1470000,317,19,25,361,177,140
SUPER_24,1480000,216,16,22,254,96,120
SUPER_24,1490000,327,25,31,383,144,183
SUPER_24,1500000,369,38,37,444,184,185
SUPER_24,1510000,343,36,28,407,171,172
SUPER_24,1520000,363,26,45,434,179,184
SUPER_24,1530000,406,32,39,477,206,200
SUPER_24,1540000,331,23,44,398,188,143
SUPER_24,1550000,451,47,35,533,222,229
SUPER_24,1560000,182,22,15,219,95,87
SUPER_24,1570000,249,27,21,297,124,125
SUPER_24,1580000,309,30,35,374,139,170
SUPER_24,1590000,355,31,33,419,180,175
SUPER_24,1600000,285,14,25,324,144,141
SUPER_24,1610000,385,38,31,454,191,194
SUPER_24,1620000,55,4,3,62,30,25
SUPER_24,1630000,328,22,32,382,165,163
SUPER_24,1640000,249,26,21,296,139,110
SUPER_24,1650000,93,11,9,113,44,49
SUPER_24,1660000,264,21,27,312,129,135
SUPER_24,1670000,400,33,37,470,204,196
SUPER_24,1680000,355,27,32,414,176,179
SUPER_24,1690000,283,18,21,322,157,126
SUPER_24,1700000,88,12,3,103,48,40
SUPER_24,1710000,241,22,20,283,121,120
SUPER_24,1720000,273,21,23,317,152,121
SUPER_24,1730000,192,24,15,231,91,101
SUPER_24,1740000,186,20,16,222,96,90
SUPER_24,1750000,152,12,15,179,69,83
SUPER_24,1760000,274,24,27,325,130,144
SUPER_24,1770000,354,39,32,425,162,192
SUPER_24,1780000,447,31,30,508,222,225
SUPER_24,1790000,302,42,30,374,143,159
SUPER_24,1800000,432,46,47,525,205,227
SUPER_24,1810000,224,30,22,276,108,116
SUPER_24,1820000,260,27,18,305,141,119
SUPER_24,1830000,396,45,35,476,218,178
SUPER_24,1840000,425,30,52,507,181,244
SUPER_24,1850000,386,47,41,474,180,206
SUPER_24,1860000,357,33,23,413,157,200
SUPER_24,1870000,460,54,49,563,236,224
SUPER_24,1880000,299,24,29,352,143,156
SUPER_24,1890000,188,21,12,221,101,87
SUPER_24,1900000,305,24,32,361,157,148
SUPER_24,1910000,348,31,30,409,185,163
SUPER_24,1920000,96,14,10,120,43,53
SUPER_24,1930000,347,18,41,406,162,185
SUPER_24,1940000,250,20,23,293,145,105
SUPER_24,1950000,0,1,0,1,0,0
SUPER_24,1960000,150,16,13,179,82,68
SUPER_24,1970000,36,5,2,43,19,17
SUPER_24,1980000,91,11,5,107,46,45
SUPER_24,1990000,107,8,5,120,54,53
SUPER_24,2000000,1,0,1,2,0,1
SUPER_24,2010000,280,30,36,346,134,146
SUPER_24,2020000,201,19,18,238,114,87
SUPER_24,2030000,2,2,0,4,1,1
SUPER_24,2040000,177,12,16,205,90,87
SUPER_24,2050000,152,15,17,184,70,82
SUPER_24,2060000,224,14,19,257,118,106
SUPER_24,2070000,27,5,2,34,9,18
SUPER_24,2080000,88,7,10,105,43,45
SUPER_24,2090000,0,2,1,3,0,0
SUPER_24,2100000,149,13,12,174,78,71
SUPER_24,2110000,381,39,30,450,205,176
SUPER_24,2120000,326,28,24,378,162,164
SUPER_24,2130000,265,23,20,308,154,111
SUPER_24,2140000,95,9,9,113,40,55
SUPER_24,2150000,334,22,26,382,180,154
SUPER_24,2160000,258,28,15,301,140,118
SUPER_24,2170000,316,38,20,374,154,162
SUPER_24,2180000,425,42,24,491,179,246
SUPER_24,2190000,369,32,39,440,184,185
SUPER_24,2200000,345,32,29,406,167,178
SUPER_24,2210000,356,37,35,428,165,191
SUPER_24,2220000,373,20,29,422,190,183
SUPER_24,2230000,84,13,6,103,43,41
SUPER_24,2240000,307,27,18,352,145,162
SUPER_24,2250000,262,15,23,300,132,130
SUPER_24,2260000,184,17,18,219,92,92
SUPER_24,2270000,145,12,9,166,71,74
SUPER_24,2280000,112,14,9,135,48,64
SUPER_24,2290000,108,10,7,125,55,53
SUPER_24,2300000,105,13,13,131,45,60
SUPER_24,2310000,314,22,29,365,145,169
SUPER_24,2320000,318,29,23,370,174,144
SUPER_24,2330000,469,41,41,551,237,232
SUPER_24,2340000,133,6,8,147,65,68
SUPER_24,2350000,195,17,17,229,83,112
SUPER_24,2360000,65,7,6,78,35,30
SUPER_24,2370000,289,31,26,346,138,151
SUPER_24,2380000,429,31,35,495,204,225
SUPER_24,2390000,290,30,28,348,156,134
SUPER_24,2400000,363,26,22,411,198,165
SUPER_24,2410000,376,40,33,449,191,185
SUPER_24,2420000,340,30,24,394,169,171
SUPER_24,2430000,232,22,27,281,102,130
SUPER_24,2440000,297,41,20,358,152,145
SUPER_24,2450000,323,35,29,387,155,168
SUPER_24,2460000,146,19,12,177,64,82
SUPER_24,2470000,437,35,48,520,205,232
SUPER_24,2480000,297,34,41,372,146,151
SUPER_24,2490000,237,30,35,302,114,123
SUPER_24,2500000,212,25,24,261,103,109
SUPER_24,2510000,173,17,13,203,82,91
SUPER_24,2520000,68,10,7,85,31,37
SUPER_24,2530000,304,24,24,352,161,143
SUPER_24,2540000,309,27,15,351,142,167
SUPER_24,2550000,325,30,38,393,156,169
SUPER_24,2560000,225,31,22,278,115,110
SUPER_24,2570000,354,22,37,413,176,178
SUPER_24,2580000,139,14,8,161,75,64
SUPER_24,2590000,374,44,33,451,194,180
SUPER_24,2600000,330,30,23,383,176,154
SUPER_24,2610000,265,28,26,319,116,149
SUPER_24,2620000,207,22,16,245,99,108
SUPER_24,2630000,233,24,13,270,110,123
SUPER_24,2640000,310,45,35,390,131,179
SUPER_24,2650000,345,32,19,396,170,175
SUPER_24,2660000,293,33,22,348,148,145
SUPER_24,2670000,191,27,24,242,89,102
SUPER_24,2680000,313,37,34,384,131,182
SUPER_24,2690000,276,27,24,327,138,138
SUPER_24,2700000,374,36,29,439,194,180
SUPER_24,2710000,163,10,14,187,95,68
SUPER_24,2720000,147,7,4,158,65,82
SUPER_24,2730000,369,24,33,426,180,189
SUPER_24,2740000,343,36,25,404,155,188
SUPER_24,2750000,351,35,24,410,184,167
SUPER_24,2760000,286,28,24,338,140,146
SUPER_24,2770000,325,33,21,379,173,152
SUPER_24,2780000,291,24,29,344,148,143
SUPER_24,2790000,133,15,13,161,61,72
SUPER_24,2800000,327,44,28,399,162,165
SUPER_24,2810000,397,39,35,471,183,214
SUPER_24,2820000,291,31,38,360,135,156
SUPER_24,2830000,293,20,33,346,133,160
SUPER_24,2840000,370,32,26,428,194,176
SUPER_24,2850000,372,44,26,442,170,202
SUPER_24,2860000,295,27,20,342,160,135
SUPER_24,2870000,494,49,52,595,245,249
SUPER_24,2880000,209,25,28,262,89,120
SUPER_24,2890000,370,40,37,447,181,189
SUPER_24,2900000,345,32,47,424,169,176
SUPER_24,2910000,362,28,34,424,184,178
SUPER_24,2920000,175,19,16,210,86,89
SUPER_24,2930000,25,0,2,27,14,11
SUPER_24,2940000,76,5,6,87,40,36
SUPER_24,2950000,0,0,0,0,0,0
SUPER_24,2960000,0,0,0,0,0,0
SUPER_24,2970000,477,52,47,576,247,230
SUPER_24,2980000,274,23,19,316,142,132
SUPER_24,2990000,103,14,9,126,50,53
SUPER_24,3000000,67,10,3,80,35,32
SUPER_24,3010000,196,17,6,219,89,107
SUPER_24,3020000,346,39,25,410,171,175
SUPER_24,3030000,238,21,26,285,127,111
SUPER_24,3040000,349,33,42,424,162,187
SUPER_24,3050000,207,23,20,250,101,106
SUPER_24,3060000,102,5,8,115,52,50
SUPER_24,3070000,236,28,16,280,111,125
SUPER_24,3080000,233,28,21,282,114,119
SUPER_24,3090000,96,8,8,112,56,40
SUPER_24,3100000,360,43,31,434,182,178
SUPER_24,3110000,359,31,34,424,170,189
SUPER_24,3120000,305,27,22,354,147,158
SUPER_24,3130000,247,45,37,329,121,126
SUPER_24,3140000,414,29,36,479,202,212
SUPER_24,3150000,298,37,33,368,146,152
SUPER_24,3160000,305,25,23,353,154,151
SUPER_24,3170000,289,22,31,342,130,159
SUPER_24,3180000,393,31,39,463,205,188
SUPER_24,3190000,308,36,28,372,140,168
SUPER_24,3200000,210,33,28,271,99,111
SUPER_24,3210000,366,35,46,447,172,194
SUPER_24,3220000,437,47,47,531,183,254
SUPER_24,3230000,359,36,22,417,160,199
SUPER_24,3240000,351,44,37,432,158,193
SUPER_24,3250000,222,22,31,275,105,117
SUPER_24,3260000,276,37,31,344,138,138
SUPER_24,3270000,285,30,27,342,139,146
SUPER_24,3280000,227,24,29,280,99,128
SUPER_24,3290000,139,13,16,168,65,74
SUPER_24,3300000,155,18,17,190,73,82
SUPER_24,3310000,256,30,36,322,106,150
SUPER_24,3320000,171,24,16,211,84,87
SUPER_24,3330000,269,23,21,313,147,122
SUPER_24,3340000,241,25,31,297,127,114
SUPER_24,3350000,207,25,26,258,95,112
SUPER_24,3360000,164,25,29,218,80,84
SUPER_24,3370000,130,23,18,171,61,69
SUPER_24,3380000,249,25,23,297,124,125
SUPER_24,3390000,157,17,21,195,68,89
SUPER_24,3400000,1,0,0,1,0,1
SUPER_24,3410000,283,23,28,334,133,150
SUPER_24,3420000,241,26,19,286,123,118
SUPER_24,3430000,224,19,40,283,115,109
SUPER_24,3440000,221,37,39,297,104,117
SUPER_24,3450000,205,17,18,240,106,99
SUPER_24,3460000,272,21,19,312,138,134
SUPER_24,3470000,266,29,33,328,134,132
SUPER_24,3480000,286,17,29,332,149,137
SUPER_24,3490000,295,34,18,347,141,154
SUPER_24,3500000,406,46,36,488,192,214
SUPER_24,3510000,394,43,43,480,198,196
SUPER_24,3520000,337,20,23,380,165,172
SUPER_24,3530000,324,33,21,378,171,153
SUPER_24,3540000,7,4,0,11,2,5
SUPER_24,3550000,263,25,24,312,131,132
SUPER_24,3560000,379,28,36,443,178,201
SUPER_24,3570000,319,26,28,373,161,158
SUPER_24,3580000,141,7,14,162,72,69
SUPER_24,3590000,33,4,4,41,19,14
SUPER_24,3600000,151,14,16,181,72,79
SUPER_24,3610000,363,35,29,427,209,154
SUPER_24,3620000,268,14,26,308,146,122
SUPER_24,3630000,280,25,28,333,137,143
SUPER_24,3640000,339,35,32,406,156,183
SUPER_24,3650000,284,29,13,326,135,149
SUPER_24,3660000,215,14,23,252,107,108
SUPER_24,3670000,215,14,20,249,101,114
SUPER_24,3680000,156,11,16,183,79,77
SUPER_24,3690000,179,17,18,214,94,85
SUPER_24,3700000,2,1,1,4,2,0
SUPER_24,3710000,85,9,6,100,47,38
SUPER_24,3720000,375,39,33,447,180,195
SUPER_24,3730000,340,28,24,392,167,173
SUPER_24,3740000,253,24,23,300,121,132
SUPER_24,3750000,208,32,20,260,110,98
SUPER_24,3760000,103,11,10,124,50,53
SUPER_24,3770000,5,0,0,5,0,5
SUPER_24,3780000,337,25,24,386,184,153
SUPER_24,3790000,207,15,19,241,96,111
SUPER_24,3800000,221,16,21,258,118,103
SUPER_24,3810000,335,18,24,377,188,147
SUPER_24,3820000,287,25,29,341,150,137
SUPER_24,3830000,290,15,22,327,154,136
SUPER_24,3840000,352,37,32,421,187,165
SUPER_24,3850000,276,25,28,329,149,127
SUPER_24,3860000,213,15,27,255,105,108
SUPER_24,3870000,100,9,13,122,52,48
SUPER_24,3880000,350,43,33,426,164,186
SUPER_24,3890000,184,20,16,220,84,100
SUPER_24,3900000,286,31,29,346,134,152
SUPER_24,3910000,290,25,19,334,138,152
SUPER_24,3920000,264,17,26,307,124,140
SUPER_24,3930000,347,31,32,410,175,172
SUPER_24,3940000,370,44,30,444,168,202
SUPER_24,3950000,286,34,37,357,144,142
SUPER_24,3960000,223,20,24,267,102,121
SUPER_24,3970000,287,33,35,355,138,149
SUPER_24,3980000,392,48,29,469,210,182
SUPER_24,3990000,13,2,1,16,9,4
SUPER_24,4000000,328,32,38,398,147,181
SUPER_24,4010000,284,23,24,331,149,135
SUPER_24,4020000,93,10,11,114,41,52
SUPER_24,4030000,330,38,33,401,150,180
SUPER_24,4040000,189,23,16,228,103,86
SUPER_24,4050000,252,22,14,288,121,131
SUPER_24,4060000,296,32,31,359,141,155
SUPER_24,4070000,403,37,40,480,187,216
SUPER_24,4080000,305,36,30,371,155,150
SUPER_24,4090000,346,43,49,438,160,186
SUPER_24,4100000,402,26,41,469,190,212
SUPER_24,4110000,338,39,39,416,175,163
SUPER_24,4120000,13,2,3,18,9,4
SUPER_24,4130000,240,27,24,291,110,130
SUPER_24,4140000,366,38,42,446,175,191
SUPER_24,4150000,323,26,32,381,168,155
SUPER_24,4160000,308,23,33,364,138,170
SUPER_24,4170000,301,31,33,365,150,151
SUPER_24,4180000,288,40,25,353,140,148
SUPER_24,4190000,315,43,42,400,143,172
SUPER_24,4200000,294,31,24,349,144,150
SUPER_24,4210000,280,26,29,335,139,141
SUPER_24,4220000,337,32,39,408,147,190
SUPER_24,4230000,218,29,23,270,110,108
SUPER_24,4240000,232,22,24,278,109,123
SUPER_24,4250000,303,26,25,354,160,143
SUPER_24,4260000,242,22,16,280,118,124
SUPER_24,4270000,313,34,31,378,154,159
SUPER_24,4280000,223,21,23,267,112,111
SUPER_24,4290000,211,16,26,253,85,126
SUPER_24,4300000,165,25,16,206,81,84
SUPER_24,4310000,250,25,32,307,138,112
SUPER_24,4320000,342,31,43,416,162,180
SUPER_24,4330000,223,26,19,268,114,109
SUPER_24,4340000,264,25,25,314,132,132
SUPER_24,4350000,335,27,35,397,169,166
SUPER_24,4360000,231,20,24,275,122,109
SUPER_24,4370000,308,27,25,360,147,161
SUPER_24,4380000,290,29,41,360,138,152
SUPER_24,4390000,285,29,27,341,135,150
SUPER_24,4400000,319,27,25,371,163,156
SUPER_24,4410000,344,31,44,419,172,172
SUPER_24,4420000,210,31,23,264,92,118
SUPER_24,4430000,306,30,37,373,150,156
SUPER_24,4440000,357,40,23,420,163,194
SUPER_24,4450000,267,32,28,327,134,133
SUPER_24,4460000,6,3,1,10,5,1
SUPER_24,4470000,108,20,8,136,62,46
SUPER_24,4480000,270,30,30,330,133,137
SUPER_24,4490000,257,23,27,307,121,136
SUPER_24,4500000,289,16,24,329,162,127
SUPER_24,4510000,250,38,22,310,108,142
SUPER_24,4520000,239,32,24,295,113,126
SUPER_24,4530000,310,36,32,378,149,161
SUPER_24,4540000,302,34,20,356,142,160
SUPER_24,4550000,336,32,39,407,166,170
SUPER_24,4560000,441,34,39,514,216,225
SUPER_24,4570000,335,31,38,404,166,169
SUPER_24,4580000,313,23,34,370,142,171
SUPER_24,4590000,329,30,28,387,171,158
SUPER_24,4600000,354,32,35,421,189,165
SUPER_24,4610000,259,19,27,305,139,120
SUPER_24,4620000,252,24,16,292,120,132
SUPER_24,4630000,367,23,35,425,172,195
SUPER_24,4640000,181,16,13,210,88,93
SUPER_24,4650000,100,10,13,123,48,52
SUPER_24,4660000,299,27,31,357,141,158
SUPER_24,4670000,360,27,28,415,184,176
SUPER_24,4680000,239,28,26,293,127,112
SUPER_24,4690000,306,38,26,370,140,166
SUPER_24,4700000,425,36,36,497,219,206
SUPER_24,4710000,352,34,35,421,180,172
SUPER_24,4720000,319,33,36,388,160,159
SUPER_24,4730000,339,33,22,394,148,191
SUPER_24,4740000,349,29,31,409,179,170
SUPER_24,4750000,347,22,34,403,167,180
SUPER_24,4760000,378,29,39,446,180,198
SUPER_24,4770000,140,9,21,170,51,89
SUPER_24,4780000,333,26,28,387,165,168
SUPER_24,4790000,341,25,31,397,172,169
SUPER_24,4800000,160,12,17,189,63,97
SUPER_24,4810000,206,17,19,242,107,99
SUPER_24,4820000,270,18,26,314,137,133
SUPER_24,4830000,381,46,28,455,181,200
SUPER_24,4840000,275,22,26,323,136,139
SUPER_24,4850000,241,20,16,277,123,118
SUPER_24,4860000,128,9,10,147,60,68
SUPER_24,4870000,320,29,30,379,163,157
SUPER_24,4880000,240,23,19,282,113,127
SUPER_24,4890000,233,20,31,284,116,117
SUPER_24,4900000,368,38,32,438,182,186
SUPER_24,4910000,327,26,19,372,161,166
SUPER_24,4920000,306,29,23,358,146,160
SUPER_24,4930000,412,47,37,496,191,221
SUPER_24,4940000,346,40,32,418,156,190
SUPER_24,4950000,336,29,41,406,162,174
SUPER_24,4960000,377,44,25,446,174,203
SUPER_24,4970000,192,18,15,225,83,109
SUPER_24,4980000,336,33,34,403,164,172
SUPER_24,4990000,307,34,36,377,147,160
SUPER_24,5000000,169,18,22,209,85,84
SUPER_24,5010000,124,14,13,151,65,59
SUPER_24,5020000,78,3,10,91,33,45
SUPER_24,5030000,314,17,21,352,158,156
SUPER_24,5040000,240,23,20,283,119,121
SUPER_24,5050000,344,39,29,412,191,153
SUPER_24,5060000,365,38,32,435,176,189
SUPER_24,5070000,258,19,25,302,127,131
SUPER_24,5080000,43,2,5,50,13,30
SUPER_24,5090000,361,31,38,430,174,187
SUPER_24,5100000,357,42,44,443,164,193
SUPER_24,5110000,62,5,5,72,36,26
SUPER_24,5120000,389,43,24,456,189,200
SUPER_24,5130000,237,20,25,282,124,113
SUPER_24,5140000,405,31,43,479,196,209
SUPER_24,5150000,477,28,44,549,249,228
SUPER_24,5160000,272,17,25,314,148,124
SUPER_24,5170000,136,19,12,167,64,72
SUPER_24,5180000,353,22,27,402,192,161
SUPER_24,5190000,100,9,11,120,47,53
SUPER_24,5200000,361,34,39,434,195,166
SUPER_24,5210000,262,23,24,309,114,148
SUPER_24,5220000,223,29,22,274,99,124
SUPER_24,5230000,327,27,25,379,182,145
SUPER_24,5240000,353,33,25,411,186,167
SUPER_24,5250000,225,27,23,275,100,125
SUPER_24,5260000,127,25,13,165,49,78
SUPER_24,5270000,88,6,9,103,40,48
SUPER_24,5280000,179,21,20,220,93,86
SUPER_24,5290000,256,29,26,311,123,133
SUPER_24,5300000,281,25,26,332,143,138
SUPER_24,5310000,276,39,27,342,138,138
SUPER_24,5320000,324,38,31,393,152,172
SUPER_24,5330000,79,11,9,99,41,38
SUPER_24,5340000,279,33,33,345,137,142
SUPER_24,5350000,401,32,40,473,201,200
SUPER_24,5360000,359,40,27,426,195,164
SUPER_24,5370000,215,19,24,258,104,111
SUPER_24,5380000,265,32,24,321,143,122
SUPER_24,5390000,197,20,18,235,103,94
SUPER_24,5400000,394,22,45,461,192,202
SUPER_24,5410000,226,20,22,268,116,110
SUPER_24,5420000,228,26,25,279,108,120
SUPER_24,5430000,350,34,31,415,174,176
SUPER_24,5440000,278,33,28,339,150,128
SUPER_24,5450000,316,28,33,377,167,149
SUPER_24,5460000,466,29,27,522,231,235
SUPER_24,5470000,387,31,36,454,193,194
SUPER_24,5480000,345,23,36,404,157,188
SUPER_24,5490000,6,1,0,7,3,3
SUPER_24,5500000,220,18,20,258,104,116
SUPER_24,5510000,0,2,1,3,0,0
SUPER_24,5520000,0,0,0,0,0,0
SUPER_24,5530000,0,0,0,0,0,0
SUPER_24,5540000,0,0,0,0,0,0
SUPER_24,5550000,452,29,35,516,232,220
SUPER_24,5560000,366,47,39,452,171,195
SUPER_24,5570000,291,31,27,349,137,154
SUPER_24,5580000,331,31,25,387,156,175
SUPER_24,5590000,275,31,26,332,125,150
SUPER_24,5600000,196,27,22,245,109,87
SUPER_24,5610000,111,12,16,139,53,58
SUPER_24,5620000,122,13,12,147,61,61
SUPER_24,5630000,1,0,0,1,0,1
SUPER_24,5640000,91,8,2,101,47,44
SUPER_24,5650000,334,28,41,403,160,174
SUPER_24,5660000,260,20,25,305,128,132
SUPER_24,5670000,327,37,35,399,146,181
SUPER_24,5680000,362,26,39,427,173,189
SUPER_24,5690000,209,14,17,240,110,99
SUPER_24,5700000,140,21,18,179,61,79
SUPER_24,5710000,235,30,17,282,123,112
SUPER_24,5720000,96,8,7,111,46,50
SUPER_24,5730000,351,37,40,428,178,173
SUPER_24,5740000,303,28,25,356,137,166
SUPER_24,5750000,189,19,18,226,95,94
SUPER_24,5760000,320,28,35,383,164,156
SUPER_24,5770000,412,42,41,495,216,196
SUPER_24,5780000,348,25,33,406,176,172
SUPER_24,5790000,324,23,31,378,162,162
SUPER_24,5800000,369,30,44,443,178,191
SUPER_24,5810000,315,28,25,368,165,150
SUPER_24,5820000,416,41,39,496,204,212
SUPER_24,5830000,324,24,24,372,156,168
SUPER_24,5840000,87,4,9,100,45,42
SUPER_24,5850000,318,29,42,389,141,177
SUPER_24,5860000,307,33,27,367,137,170
SUPER_24,5870000,217,25,14,256,107,110
SUPER_24,5880000,175,17,20,212,83,92
SUPER_24,5890000,193,19,20,232,96,97
SUPER_24,5900000,273,25,22,320,125,148
SUPER_24,5910000,258,19,44,321,128,130
SUPER_24,5920000,172,22,17,211,84,88
SUPER_24,5930000,131,10,7,148,65,66
SUPER_24,5940000,58,11,6,75,34,24
SUPER_24,5950000,341,31,33,405,179,162
SUPER_24,5960000,346,41,28,415,160,186
SUPER_24,5970000,307,32,29,368,177,130
SUPER_24,5980000,302,38,25,365,153,149
SUPER_24,5990000,231,21,22,274,107,124
SUPER_24,6000000,357,40,34,431,169,188
SUPER_24,6010000,358,40,31,429,185,173
SUPER_24,6020000,390,55,31,476,186,204
SUPER_24,6030000,328,26,38,392,153,175
SUPER_24,6040000,396,50,38,484,194,202
SUPER_24,6050000,506,42,55,603,238,268
SUPER_24,6060000,137,9,14,160,65,72
SUPER_24,6070000,338,25,29,392,151,187
SUPER_24,6080000,354,37,33,424,175,179
SUPER_24,6090000,170,25,12,207,73,97
SUPER_24,6100000,225,28,25,278,109,116
SUPER_24,6110000,229,19,22,270,118,111
SUPER_24,6120000,304,33,31,368,153,151
SUPER_24,6130000,263,23,33,319,140,123
SUPER_24,6140000,169,14,20,203,76,93
SUPER_24,6150000,355,31,44,430,179,176
SUPER_24,6160000,280,40,21,341,129,151
SUPER_24,6170000,223,17,13,253,102,121
SUPER_24,6180000,121,14,11,146,49,72
SUPER_24,6190000,255,17,17,289,120,135
SUPER_24,6200000,318,33,42,393,158,160
SUPER_24,6210000,322,23,29,374,155,167
SUPER_24,6220000,467,45,38,550,234,233
SUPER_24,6230000,121,8,11,140,52,69
SUPER_24,6240000,226,16,21,263,122,104
SUPER_24,6250000,73,7,5,85,43,30
SUPER_24,6260000,93,4,5,102,33,60
SUPER_24,6270000,3,1,0,4,1,2
SUPER_24,6280000,77,5,5,87,40,37
SUPER_24,6290000,285,18,16,319,109,176
SUPER_24,6300000,1046,54,66,1166,328,718
SUPER_24,6310000,38,8,2,48,26,12
SUPER_24,6320000,22,0,1,23,13,9
SUPER_24,6330000,253,23,35,311,107,146
SUPER_24,6340000,444,46,46,536,226,218
SUPER_24,6350000,431,36,41,508,219,212
SUPER_24,6360000,305,35,21,361,156,149
SUPER_24,6370000,146,13,18,177,89,57
SUPER_24,6380000,189,13,15,217,99,90
SUPER_24,6390000,308,24,33,365,163,145
SUPER_24,6400000,214,21,18,253,116,98
SUPER_24,6410000,314,27,31,372,137,177
SUPER_24,6420000,182,16,27,225,86,96
SUPER_24,6430000,171,20,26,217,74,97
SUPER_24,6440000,163,24,11,198,91,72
SUPER_24,6450000,252,22,27,301,114,138
SUPER_24,6460000,251,23,26,300,131,120
SUPER_24,6470000,208,17,17,242,114,94
SUPER_24,6480000,214,21,22,257,108,106
SUPER_24,6490000,377,34,37,448,198,179
SUPER_24,6500000,226,25,17,268,102,124
SUPER_24,6510000,282,33,29,344,143,139
SUPER_24,6520000,103,9,7,119,55,48
SUPER_24,6530000,127,7,5,139,62,65
SUPER_24,6540000,210,15,14,239,108,102
SUPER_24,6550000,120,11,6,137,52,68
SUPER_24,6560000,93,7,9,109,48,45
SUPER_24,6570000,121,5,7,133,79,42
SUPER_24,6580000,249,15,21,285,118,131
SUPER_24,6590000,202,22,20,244,118,84
SUPER_24,6600000,305,37,18,360,161,144
SUPER_24,6610000,371,31,40,442,158,213
SUPER_24,6620000,333,37,28,398,150,183
SUPER_24,6630000,327,28,28,383,159,168
SUPER_24,6640000,206,26,23,255,105,101
SUPER_24,6650000,341,40,44,425,128,213
SUPER_24,6660000,232,19,21,272,127,105
SUPER_24,6670000,0,0,0,0,0,0
SUPER_24,6680000,0,0,0,0,0,0
SUPER_24,6690000,0,0,0,0,0,0
SUPER_24,6700000,0,0,0,0,0,0
SUPER_24,6710000,413,46,35,494,200,213
SUPER_24,6720000,176,18,9,203,99,77
SUPER_24,6730000,405,37,41,483,198,207
SUPER_24,6740000,332,33,24,389,168,164
SUPER_24,6750000,181,15,22,218,93,88
SUPER_24,6760000,305,20,31,356,158,147
SUPER_24,6770000,314,33,18,365,173,141
SUPER_24,6780000,388,39,34,461,205,183
SUPER_24,6790000,424,41,42,507,204,220
SUPER_24,6800000,458,45,43,546,247,211
SUPER_24,6810000,178,16,15,209,96,82
SUPER_24,6820000,399,49,37,485,195,204
SUPER_24,6830000,325,26,27,378,157,168
SUPER_24,6840000,434,38,40,512,206,228
SUPER_24,6850000,240,32,25,297,102,138
SUPER_24,6860000,321,36,24,381,147,174
SUPER_24,6870000,161,23,17,201,71,90
SUPER_24,6880000,105,12,10,127,58,47
SUPER_24,6890000,219,20,14,253,116,103
SUPER_24,6900000,167,9,19,195,89,78
SUPER_24,6910000,163,13,13,189,68,95
SUPER_24,6920000,378,29,31,438,196,182
SUPER_24,6930000,343,31,21,395,152,191
SUPER_24,6940000,369,34,29,432,179,190
SUPER_24,6950000,246,21,29,296,128,118
SUPER_24,6960000,329,26,33,388,171,158
SUPER_24,6970000,213,16,24,253,106,107
SUPER_24,6980000,270,30,18,318,148,122
SUPER_24,6990000,105,16,12,133,57,48
SUPER_24,7000000,462,32,29,523,222,240
SUPER_24,7010000,271,29,26,326,132,139
SUPER_24,7020000,237,11,27,275,120,117
SUPER_24,7030000,175,15,16,206,81,94
SUPER_24,7040000,280,23,22,325,149,131
SUPER_24,7050000,361,29,27,417,172,189
SUPER_24,7060000,291,32,28,351,156,135
SUPER_24,7070000,279,31,20,330,149,130
SUPER_24,7080000,394,42,53,489,202,192
SUPER_24,7090000,361,41,40,442,175,186
SUPER_24,7100000,307,32,33,372,140,167
SUPER_24,7110000,138,18,8,164,63,75
SUPER_24,7120000,204,19,34,257,99,105
SUPER_24,7130000,208,16,20,244,109,99
SUPER_24,7140000,252,18,21,291,133,119
SUPER_24,7150000,260,27,31,318,121,139
SUPER_24,7160000,393,35,41,469,176,217
SUPER_24,7170000,231,18,23,272,112,119
SUPER_24,7180000,190,17,13,220,109,81
SUPER_24,7190000,451,43,41,535,233,218
SUPER_24,7200000,302,28,22,352,146,156
SUPER_24,7210000,401,27,31,459,205,196
SUPER_24,7220000,185,13,17,215,93,92
SUPER_24,7230000,227,20,9,256,119,108
SUPER_24,7240000,365,32,29,426,177,188
SUPER_24,7250000,234,21,25,280,117,117
SUPER_24,7260000,299,27,19,345,152,147
SUPER_24,7270000,419,35,42,496,208,211
SUPER_24,7280000,386,35,33,454,192,194
SUPER_24,7290000,418,33,39,490,200,218
SUPER_24,7300000,377,39,27,443,183,194
SUPER_24,7310000,301,26,21,348,149,152
SUPER_24,7320000,277,27,19,323,153,124
SUPER_24,7330000,340,29,33,402,161,179
SUPER_24,7340000,475,35,35,545,242,233
SUPER_24,7350000,300,17,26,343,146,154
SUPER_24,7360000,18,4,0,22,13,5
SUPER_24,7370000,233,21,18,272,119,114
SUPER_24,7380000,235,16,29,280,114,121
SUPER_24,7390000,454,26,30,510,211,243
SUPER_24,7400000,209,12,16,237,124,85
SUPER_24,7410000,280,25,25,330,135,145
SUPER_24,7420000,307,25,32,364,164,143
SUPER_24,7430000,319,34,27,380,160,159
SUPER_24,7440000,398,34,29,461,184,214
SUPER_24,7450000,329,31,23,383,162,167
SUPER_24,7460000,175,12,16,203,84,91
SUPER_24,7470000,155,9,17,181,77,78
SUPER_24,7480000,203,18,16,237,98,105
SUPER_24,7490000,345,29,21,395,187,158
SUPER_24,7500000,126,12,13,151,67,59
SUPER_24,7510000,167,14,18,199,75,92
SUPER_24,7520000,319,36,22,377,174,145
SUPER_24,7530000,450,47,34,531,208,242
SUPER_24,7540000,362,24,39,425,182,180
SUPER_24,7550000,198,16,18,232,110,88
SUPER_24,7560000,0,0,0,0,0,0
SUPER_24,7570000,0,0,0,0,0,0
SUPER_24,7580000,0,0,0,0,0,0
SUPER_24,7590000,0,0,0,0,0,0
SUPER_24,7600000,73,6,5,84,47,26
SUPER_24,7610000,148,13,10,171,80,68
SUPER_24,7620000,0,0,0,0,0,0
SUPER_24,7630000,0,0,0,0,0,0
SUPER_24,7640000,0,0,0,0,0,0
SUPER_24,7650000,0,0,0,0,0,0
SUPER_24,7660000,0,0,0,0,0,0
SUPER_24,7670000,0,0,0,0,0,0
SUPER_24,7680000,0,0,0,0,0,0
SUPER_24,7690000,0,0,0,0,0,0
SUPER_24,7700000,0,0,0,0,0,0
SUPER_24,7710000,0,0,0,0,0,0
SUPER_24,7720000,69,13,10,92,31,38
SUPER_24,7730000,95,14,5,114,39,56
SUPER_24,7740000,310,29,27,366,167,143
SUPER_24,7750000,104,13,5,122,47,57
SUPER_24,7760000,245,17,21,283,131,114
SUPER_24,7770000,141,10,10,161,65,76
SUPER_24,7780000,305,27,26,358,152,153
SUPER_24,7790000,44,9,6,59,16,28
SUPER_24,7800000,219,20,21,260,120,99
SUPER_24,7810000,305,31,31,367,162,143
SUPER_24,7820000,293,24,18,335,133,160
SUPER_24,7830000,336,30,27,393,164,172
SUPER_24,7840000,229,17,21,267,116,113
SUPER_24,7850000,310,26,39,375,153,157
SUPER_24,7860000,416,26,33,475,220,196
SUPER_24,7870000,326,28,33,387,152,174
SUPER_24,7880000,104,10,10,124,52,52
SUPER_24,7890000,338,36,20,394,178,160
SUPER_24,7900000,377,31,21,429,189,188
SUPER_24,7910000,276,18,23,317,131,145
SUPER_24,7920000,277,27,21,325,136,141
SUPER_24,7930000,172,15,13,200,96,76
SUPER_24,7940000,194,13,12,219,92,102
SUPER_24,7950000,67,5,4,76,37,30
SUPER_24,7960000,312,32,26,370,139,173
SUPER_24,7970000,337,32,32,401,170,167
SUPER_24,7980000,399,38,39,476,180,219
SUPER_24,7990000,0,0,0,0,0,0
SUPER_24,8000000,0,0,0,0,0,0
SUPER_24,8010000,695,53,61,809,343,352
SUPER_24,8020000,79,9,2,90,41,38
SUPER_24,8030000,310,25,23,358,172,138
SUPER_24,8040000,339,27,35,401,182,157
SUPER_24,8050000,267,29,25,321,129,138
SUPER_24,8060000,328,25,25,378,174,154
SUPER_24,8070000,428,33,43,504,216,212
SUPER_24,8080000,305,34,27,366,165,140
SUPER_24,8090000,216,23,11,250,102,114
SUPER_24,8100000,213,22,16,251,102,111
SUPER_24,8110000,172,14,25,211,75,97
SUPER_24,8120000,394,35,18,447,204,190
SUPER_24,8130000,389,29,22,440,199,190
SUPER_24,8140000,160,10,13,183,68,92
SUPER_24,8150000,246,21,24,291,124,122
SUPER_24,8160000,384,36,35,455,190,194
SUPER_24,8170000,258,17,27,302,117,141
SUPER_24,8180000,248,17,25,290,134,114
SUPER_24,8190000,370,32,24,426,191,179
SUPER_24,8200000,314,35,27,376,168,146
SUPER_24,8210000,126,12,8,146,68,58
SUPER_24,8220000,403,35,29,467,190,213
SUPER_24,8230000,216,21,20,257,123,93
SUPER_24,8240000,300,23,22,345,155,145
SUPER_24,8250000,338,31,27,396,168,170
SUPER_24,8260000,44,3,9,56,23,21
SUPER_24,8270000,178,23,12,213,102,76
SUPER_24,8280000,168,15,10,193,85,83
SUPER_24,8290000,65,11,3,79,34,31
SUPER_24,8300000,328,40,25,393,171,157
SUPER_24,8310000,155,14,15,184,70,85
SUPER_24,8320000,282,25,16,323,155,127
SUPER_24,8330000,337,32,32,401,164,173
SUPER_24,8340000,240,23,30,293,129,111
SUPER_24,8350000,356,41,30,427,165,191
SUPER_24,8360000,214,13,19,246,111,103
SUPER_24,8370000,194,27,23,244,93,101
SUPER_24,8380000,207,22,35,264,101,106
SUPER_24,8390000,376,31,38,445,182,194
SUPER_24,8400000,262,19,13,294,126,136
SUPER_24,8410000,331,25,23,379,155,176
SUPER_24,8420000,306,28,18,352,144,162
SUPER_24,8430000,263,28,20,311,129,134
SUPER_24,8440000,40,3,5,48,22,18
SUPER_24,8450000,333,38,25,396,151,182
SUPER_24,8460000,307,30,29,366,152,155
SUPER_24,8470000,280,28,16,324,151,129
SUPER_24,8480000,7,0,0,7,3,4
SUPER_24,8490000,386,37,26,449,204,182
SUPER_24,8500000,283,21,36,340,145,138
SUPER_24,8510000,473,38,34,545,226,247
SUPER_24,8520000,244,22,25,291,121,123
SUPER_24,8530000,261,15,18,294,132,129
SUPER_24,8540000,381,47,27,455,196,185
SUPER_24,8550000,395,36,40,471,191,204
SUPER_24,8560000,343,30,28,401,182,161
SUPER_24,8570000,274,22,30,326,129,145
SUPER_24,8580000,340,22,25,387,187,153
SUPER_24,8590000,346,34,32,412,168,178
SUPER_24,8600000,216,21,19,256,109,107
SUPER_24,8610000,231,21,25,277,122,109
SUPER_24,8620000,444,48,38,530,202,242
SUPER_24,8630000,373,27,26,426,193,180
SUPER_24,8640000,437,45,47,529,222,215
SUPER_24,8650000,252,26,23,301,126,126
SUPER_24,8660000,375,40,35,450,189,186
SUPER_24,8670000,271,28,25,324,113,158
SUPER_24,8680000,435,29,38,502,214,221
SUPER_24,8690000,557,49,53,659,273,284
SUPER_24,8700000,169,22,7,198,81,88
SUPER_24,8710000,329,37,29,395,162,167
SUPER_24,8720000,305,29,32,366,141,164
SUPER_24,8730000,168,22,14,204,92,76
SUPER_24,8740000,425,38,36,499,203,222
SUPER_24,8750000,393,37,27,457,195,198
SUPER_24,8760000,249,31,24,304,106,143
SUPER_24,8770000,14,4,0,18,5,9
SUPER_24,8780000,244,18,36,298,114,130
SUPER_24,8790000,238,21,15,274,135,103
SUPER_24,8800000,270,29,29,328,115,155
SUPER_24,8810000,284,29,29,342,132,152
SUPER_24,8820000,276,28,18,322,137,139
SUPER_24,8830000,218,26,25,269,113,105
SUPER_24,8840000,297,25,24,346,153,144
SUPER_24,8850000,322,21,28,371,159,163
SUPER_24,8860000,303,29,39,371,153,150
SUPER_24,8870000,240,19,30,289,119,121
SUPER_24,8880000,161,13,14,188,83,78
SUPER_24,8890000,278,30,19,327,144,134
SUPER_24,8900000,347,38,32,417,161,186
SUPER_24,8910000,302,29,17,348,171,131
SUPER_24,8920000,245,17,25,287,115,130
SUPER_24,8930000,381,28,32,441,204,177
SUPER_24,8940000,292,26,25,343,149,143
SUPER_24,8950000,346,32,32,410,180,166
SUPER_24,8960000,377,21,25,423,198,179
SUPER_24,8970000,473,43,47,563,249,224
SUPER_24,8980000,372,28,47,447,199,173
SUPER_24,8990000,374,33,28,435,185,189
SUPER_24,9000000,205,18,8,231,100,105
SUPER_24,9010000,196,19,18,233,89,107
SUPER_24,9020000,249,20,25,294,134,115
SUPER_24,9030000,391,28,41,460,193,198
SUPER_24,9040000,433,44,46,523,210,223
SUPER_24,9050000,398,28,31,457,206,192
SUPER_24,9060000,128,15,23,166,59,69
SUPER_24,9070000,93,12,12,117,43,50
SUPER_24,9080000,133,18,9,160,70,63
SUPER_24,9090000,350,34,30,414,144,206
SUPER_24,9100000,296,35,28,359,143,153
SUPER_24,9110000,263,24,14,301,135,128
SUPER_24,9120000,304,31,22,357,127,177
SUPER_24,9130000,227,13,25,265,101,126
SUPER_24,9140000,59,5,9,73,38,21
SUPER_24,9150000,219,30,16,265,108,111
SUPER_24,9160000,314,32,36,382,142,172
SUPER_24,9170000,306,27,30,363,150,156
SUPER_24,9180000,257,20,23,300,132,125
SUPER_24,9190000,132,10,16,158,69,63
SUPER_24,9200000,175,16,7,198,87,88
SUPER_24,9210000,268,21,17,306,140,128
SUPER_24,9220000,201,13,12,226,104,97
SUPER_24,9230000,285,19,21,325,149,136
SUPER_24,9240000,107,14,12,133,49,58
SUPER_24,9250000,143,15,18,176,69,74
SUPER_24,9260000,183,15,11,209,105,78
SUPER_24,9270000,338,31,28,397,163,175
SUPER_24,9280000,249,18,20,287,132,117
SUPER_24,9290000,336,28,29,393,178,158
SUPER_24,9300000,194,19,23,236,107,87
SUPER_24,9310000,217,21,22,260,114,103
SUPER_24,9320000,387,26,31,444,212,175
SUPER_24,9330000,316,39,19,374,166,150
SUPER_24,9340000,210,22,23,255,92,118
SUPER_24,9350000,336,21,26,383,153,183
SUPER_24,9360000,311,26,25,362,156,155
SUPER_24,9370000,306,26,22,354,152,154
SUPER_24,9380000,169,16,14,199,87,82
SUPER_24,9390000,230,27,22,279,118,112
SUPER_24,9400000,305,29,23,357,157,148
SUPER_24,9410000,219,22,24,265,108,111
SUPER_24,9420000,372,25,27,424,180,192
SUPER_24,9430000,304,29,15,348,163,141
SUPER_24,9440000,276,25,23,324,150,126
SUPER_24,9450000,248,23,23,294,127,121
SUPER_24,9460000,279,24,17,320,146,133
SUPER_24,9470000,252,26,28,306,123,129
SUPER_24,9480000,249,22,19,290,130,119
SUPER_24,9490000,276,28,26,330,159,117
SUPER_24,9500000,198,21,11,230,94,104
SUPER_24,9510000,85,10,5,100,50,35
SUPER_24,9520000,150,18,16,184,82,68
SUPER_24,9530000,159,16,16,191,79,80
SUPER_24,9540000,249,38,25,312,140,109
SUPER_24,9550000,130,10,8,148,63,67
SUPER_24,9560000,119,21,13,153,50,69
SUPER_24,9570000,294,28,24,346,139,155
SUPER_24,9580000,240,24,22,286,135,105
SUPER_24,9590000,105,4,13,122,44,61
SUPER_24,9600000,0,0,0,0,0,0
SUPER_24,9610000,0,0,0,0,0,0
SUPER_24,9620000,0,0,0,0,0,0
SUPER_24,9630000,143,15,8,166,80,63
SUPER_24,9640000,199,32,13,244,87,112
SUPER_24,9650000,120,6,10,136,67,53
SUPER_24,9660000,7,0,0,7,3,4
SUPER_24,9670000,55,8,7,70,32,23
SUPER_24,9680000,69,10,5,84,38,31
SUPER_24,9690000,56,1,11,68,29,27
SUPER_24,9700000,4,2,0,6,2,2
SUPER_24,9710000,30,4,3,37,10,20
SUPER_24,9720000,19,2,5,26,5,14
SUPER_24,9730000,45,6,6,57,12,33
SUPER_24,9740000,46,7,9,62,14,32
SUPER_24,9750000,30,8,3,41,10,20
SUPER_24,9760000,11,5,0,16,6,5
SUPER_24,9770000,3,0,1,4,0,3
SUPER_24,9780000,0,0,1,1,0,0
SUPER_24,9790000,0,1,0,1,0,0
SUPER_24,9800000,2,3,0,5,0,2
SUPER_24,9810000,2,0,1,3,1,1
SUPER_24,9820000,33,4,3,40,18,15
SUPER_25,10000,48,23,29,100,25,23
SUPER_25,20000,35,2,2,39,23,12
SUPER_25,30000,13,4,0,17,7,6
SUPER_25,40000,5,1,1,7,3,2
SUPER_25,50000,47,5,3,55,25,22
SUPER_25,60000,100,3,7,110,48,52
SUPER_25,70000,264,23,27,314,123,141
SUPER_25,80000,191,22,21,234,95,96
SUPER_25,90000,295,23,20,338,146,149
SUPER_25,100000,177,12,9,198,90,87
SUPER_25,110000,297,28,36,361,138,159
SUPER_25,120000,409,38,34,481,192,217
SUPER_25,130000,321,26,30,377,133,188
SUPER_25,140000,311,29,33,373,165,146
SUPER_25,150000,197,16,20,233,98,99
SUPER_25,160000,139,5,7,151,79,60
SUPER_25,170000,0,0,0,0,0,0
SUPER_25,180000,0,0,0,0,0,0
SUPER_25,190000,0,0,0,0,0,0
SUPER_25,200000,352,31,19,402,179,173
SUPER_25,210000,223,24,19,266,111,112
SUPER_25,220000,362,26,29,417,195,167
SUPER_25,230000,339,29,31,399,166,173
SUPER_25,240000,340,25,37,402,164,176
SUPER_25,250000,376,33,36,445,183,193
SUPER_25,260000,135,16,10,161,65,70
SUPER_25,270000,310,20,27,357,153,157
SUPER_25,280000,307,32,31,370,161,146
SUPER_25,290000,302,22,29,353,138,164
SUPER_25,300000,252,12,34,298,126,126
SUPER_25,310000,0,0,0,0,0,0
SUPER_25,320000,0,0,0,0,0,0
SUPER_25,330000,408,27,44,479,216,192
SUPER_25,340000,314,28,31,373,168,146
SUPER_25,350000,344,28,29,401,167,177
SUPER_25,360000,233,23,23,279,122,111
SUPER_25,370000,202,13,21,236,89,113
SUPER_25,380000,293,28,26,347,145,148
SUPER_25,390000,135,16,13,164,74,61
SUPER_25,400000,284,36,30,350,146,138
SUPER_25,410000,314,27,29,370,159,155
SUPER_25,420000,314,24,33,371,144,170
SUPER_25,430000,38,5,3,46,14,24
SUPER_25,440000,272,25,33,330,117,155
SUPER_25,450000,323,21,30,374,151,172
SUPER_25,460000,256,17,21,294,114,142
SUPER_25,470000,451,41,49,541,231,220
SUPER_25,480000,304,28,21,353,142,162
SUPER_25,490000,279,27,26,332,130,149
SUPER_25,500000,397,34,41,472,188,209
SUPER_25,510000,248,25,19,292,124,124
SUPER_25,520000,314,25,23,362,150,164
SUPER_25,530000,260,23,16,299,140,120
SUPER_25,540000,321,35,26,382,164,157
SUPER_25,550000,309,39,31,379,159,150
SUPER_25,560000,377,36,24,437,176,201
SUPER_25,570000,229,17,28,274,109,120
SUPER_25,580000,289,28,27,344,129,160
SUPER_25,590000,317,31,25,373,142,175
SUPER_25,600000,403,36,41,480,206,197
SUPER_25,610000,368,38,33,439,189,179
SUPER_25,620000,305,28,17,350,151,154
SUPER_25,630000,378,43,41,462,175,203
SUPER_25,640000,29,2,1,32,13,16
SUPER_25,650000,225,18,20,263,99,126
SUPER_25,660000,480,39,50,569,223,257
SUPER_25,670000,316,37,33,386,165,151
SUPER_25,680000,369,35,23,427,180,189
SUPER_25,690000,435,28,36,499,207,228
SUPER_25,700000,183,21,11,215,101,82
SUPER_25,710000,307,31,22,360,155,152
SUPER_25,720000,256,26,28,310,141,115
SUPER_25,730000,342,22,34,398,190,152
SUPER_25,740000,41,4,2,47,17,24
SUPER_25,750000,274,23,28,325,134,140
SUPER_25,760000,414,33,46,493,207,207
SUPER_25,770000,329,32,22,383,162,167
SUPER_25,780000,50,4,5,59,32,18
SUPER_25,790000,303,24,21,348,173,130
SUPER_25,800000,317,23,21,361,166,151
SUPER_25,810000,352,32,40,424,185,167
SUPER_25,820000,318,32,37,387,157,161
SUPER_25,830000,363,29,29,421,173,190
SUPER_25,840000,52,6,7,65,29,23
SUPER_25,850000,370,28,35,433,177,193
SUPER_25,860000,379,38,41,458,192,187
SUPER_25,870000,305,31,27,363,148,157
SUPER_25,880000,215,19,19,253,111,104
SUPER_25,890000,412,28,36,476,209,203
SUPER_25,900000,184,16,14,214,87,97
SUPER_25,910000,416,38,33,487,199,217
SUPER_25,920000,333,22,18,373,170,163
SUPER_25,930000,388,31,37,456,191,197
SUPER_25,940000,258,28,23,309,114,144
SUPER_25,950000,278,28,19,325,139,139
SUPER_25,960000,117,9,10,136,52,65
SUPER_25,970000,161,26,24,211,86,75
SUPER_25,980000,219,12,16,247,119,100
SUPER_25,990000,263,27,29,319,126,137
SUPER_25,1000000,371,31,47,449,161,210
SUPER_25,1010000,369,40,34,443,170,199
SUPER_25,1020000,460,50,29,539,216,244
SUPER_25,1030000,256,24,22,302,131,125
SUPER_25,1040000,283,29,37,349,144,139
SUPER_25,1050000,321,24,19,364,158,163
SUPER_25,1060000,196,13,8,217,107,89
SUPER_25,1070000,339,26,36,401,159,180
SUPER_25,1080000,357,36,23,416,171,186
SUPER_25,1090000,269,22,32,323,135,134
SUPER_25,1100000,204,23,24,251,90,114
SUPER_25,1110000,355,38,26,419,171,184
SUPER_25,1120000,387,27,34,448,206,181
SUPER_25,1130000,259,26,18,303,128,131
SUPER_25,1140000,204,19,22,245,111,93
SUPER_25,1150000,338,31,40,409,154,184
SUPER_25,1160000,428,38,38,504,192,236
SUPER_25,1170000,282,33,16,331,151,131
SUPER_25,1180000,332,27,30,389,164,168
SUPER_25,1190000,350,34,24,408,192,158
SUPER_25,1200000,322,25,31,378,167,155
SUPER_25,1210000,366,27,24,417,188,178
SUPER_25,1220000,298,27,22,347,148,150
SUPER_25,1230000,357,24,45,426,172,185
SUPER_25,1240000,160,17,18,195,90,70
SUPER_25,1250000,393,39,36,468,217,176
SUPER_25,1260000,255,29,18,302,126,129
SUPER_25,1270000,327,37,27,391,145,182
SUPER_25,1280000,45,4,8,57,29,16
SUPER_25,1290000,120,12,8,140,57,63
SUPER_25,1300000,255,26,17,298,128,127
SUPER_25,1310000,201,26,16,243,95,106
SUPER_25,1320000,197,21,10,228,96,101
SUPER_25,1330000,381,28,33,442,191,190
SUPER_25,1340000,431,37,47,515,212,219
SUPER_25,1350000,235,16,21,272,105,130
SUPER_25,1360000,389,28,31,448,192,197
SUPER_25,1370000,337,35,36,408,150,187
SUPER_25,1380000,251,29,26,306,121,130
SUPER_25,1390000,265,22,19,306,127,138
SUPER_25,1400000,266,24,23,313,134,132
SUPER_25,1410000,350,31,33,414,159,191
SUPER_25,1420000,341,30,20,391,165,176
SUPER_25,1430000,420,55,38,513,219,201
SUPER_25,1440000,246,14,19,279,115,131
SUPER_25,1450000,209,16,13,238,112,97
SUPER_25,1460000,208,21,20,249,96,112
SUPER_25,1470000,364,30,22,416,182,182
SUPER_25,1480000,298,25,25,348,133,165
SUPER_25,1490000,179,8,21,208,96,83
SUPER_25,1500000,338,34,36,408,179,159
SUPER_25,1510000,82,0,2,84,50,32
SUPER_25,1520000,327,28,36,391,163,164
SUPER_25,1530000,278,23,25,326,147,131
SUPER_25,1540000,203,19,22,244,104,99
SUPER_25,1550000,203,23,11,237,113,90
SUPER_25,1560000,194,24,19,237,106,88
SUPER_25,1570000,250,25,26,301,114,136
SUPER_25,1580000,152,10,12,174,77,75
SUPER_25,1590000,214,21,18,253,105,109
SUPER_25,1600000,318,23,32,373,170,148
SUPER_25,1610000,406,41,40,487,211,195
SUPER_25,1620000,408,37,31,476,174,234
SUPER_25,1630000,350,28,27,405,163,187
SUPER_25,1640000,347,45,40,432,165,182
SUPER_25,1650000,251,20,27,298,131,120
SUPER_25,1660000,358,29,21,408,164,194
SUPER_25,1670000,252,23,20,295,115,137
SUPER_25,1680000,358,34,34,426,168,190
SUPER_25,1690000,419,44,43,506,211,208
SUPER_25,1700000,350,39,28,417,162,188
SUPER_25,1710000,291,21,24,336,153,138
SUPER_25,1720000,359,36,34,429,175,184
SUPER_25,1730000,236,14,16,266,123,113
SUPER_25,1740000,73,3,1,77,40,33
SUPER_25,1750000,163,15,10,188,88,75
SUPER_25,1760000,262,28,27,317,123,139
SUPER_25,1770000,328,20,31,379,162,166
SUPER_25,1780000,406,28,23,457,206,200
SUPER_25,1790000,176,14,11,201,89,87
SUPER_25,1800000,405,44,37,486,189,216
SUPER_25,1810000,169,11,18,198,89,80
SUPER_25,1820000,321,30,33,384,160,161
SUPER_25,1830000,334,32,34,400,186,148
SUPER_25,1840000,339,35,28,402,178,161
SUPER_25,1850000,417,47,36,500,208,209
SUPER_25,1860000,188,17,24,229,91,97
SUPER_25,1870000,311,31,25,367,167,144
SUPER_25,1880000,333,31,31,395,171,162
SUPER_25,1890000,417,32,31,480,197,220
SUPER_25,1900000,344,40,23,407,167,177
SUPER_25,1910000,293,30,21,344,151,142
SUPER_25,1920000,214,19,26,259,113,101
SUPER_25,1930000,339,32,23,394,158,181
SUPER_25,1940000,503,50,46,599,248,255
SUPER_25,1950000,399,39,30,468,198,201
SUPER_25,1960000,397,32,30,459,202,195
SUPER_25,1970000,179,13,23,215,91,88
SUPER_25,1980000,0,0,0,0,0,0
SUPER_25,1990000,0,0,0,0,0,0
SUPER_25,2000000,436,37,37,510,209,227
SUPER_25,2010000,385,35,30,450,195,190
SUPER_25,2020000,423,35,37,495,196,227
SUPER_25,2030000,0,0,0,0,0,0
SUPER_25,2040000,0,0,0,0,0,0
SUPER_25,2050000,488,48,41,577,210,278
SUPER_25,2060000,176,15,15,206,84,92
SUPER_25,2070000,414,33,36,483,197,217
SUPER_25,2080000,264,20,21,305,118,146
SUPER_25,2090000,337,35,28,400,165,172
SUPER_25,2100000,446,51,33,530,227,219
SUPER_25,2110000,447,37,52,536,214,233
SUPER_25,2120000,438,42,44,524,217,221
SUPER_25,2130000,330,21,29,380,161,169
SUPER_25,2140000,458,41,43,542,234,224
SUPER_25,2150000,352,36,27,415,169,183
SUPER_25,2160000,435,39,42,516,212,223
SUPER_25,2170000,324,39,28,391,165,159
SUPER_25,2180000,407,42,47,496,187,220
SUPER_25,2190000,343,31,25,399,172,171
SUPER_25,2200000,284,26,37,347,136,148
SUPER_25,2210000,242,27,18,287,131,111
SUPER_25,2220000,321,33,39,393,148,173
SUPER_25,2230000,320,24,26,370,174,146
SUPER_25,2240000,208,29,16,253,106,102
SUPER_25,2250000,435,46,35,516,233,202
SUPER_25,2260000,228,25,22,275,105,123
SUPER_25,2270000,346,49,36,431,150,196
SUPER_25,2280000,281,26,29,336,135,146
SUPER_25,2290000,292,29,24,345,127,165
SUPER_25,2300000,293,29,19,341,144,149
SUPER_25,2310000,390,27,31,448,189,201
SUPER_25,2320000,333,42,18,393,170,163
SUPER_25,2330000,184,19,14,217,96,88
SUPER_25,2340000,286,31,29,346,125,161
SUPER_25,2350000,249,20,13,282,118,131
SUPER_25,2360000,291,30,23,344,150,141
SUPER_25,2370000,437,42,39,518,201,236
SUPER_25,2380000,229,15,24,268,120,109
SUPER_25,2390000,270,25,23,318,145,125
SUPER_25,2400000,94,13,7,114,58,36
SUPER_25,2410000,337,34,38,409,161,176
SUPER_25,2420000,173,16,19,208,92,81
SUPER_25,2430000,326,40,24,390,166,160
SUPER_25,2440000,231,30,24,285,126,105
SUPER_25,2450000,228,25,14,267,117,111
SUPER_25,2460000,278,39,21,338,146,132
SUPER_25,2470000,387,35,39,461,190,197
SUPER_25,2480000,376,41,26,443,207,169
SUPER_25,2490000,282,21,26,329,148,134
SUPER_25,2500000,421,35,47,503,190,231
SUPER_25,2510000,210,21,15,246,115,95
SUPER_25,2520000,462,35,44,541,225,237
SUPER_25,2530000,267,13,30,310,135,132
SUPER_25,2540000,392,40,41,473,185,207
SUPER_25,2550000,265,27,22,314,129,136
SUPER_25,2560000,189,23,25,237,91,98
SUPER_25,2570000,139,20,10,169,59,80
SUPER_25,2580000,301,35,45,381,139,162
SUPER_25,2590000,457,38,45,540,230,227
SUPER_25,2600000,446,36,50,532,217,229
SUPER_25,2610000,385,31,31,447,178,207
SUPER_25,2620000,346,38,38,422,150,196
SUPER_25,2630000,250,30,24,304,110,140
SUPER_25,2640000,221,23,25,269,88,133
SUPER_25,2650000,336,35,31,402,168,168
SUPER_25,2660000,405,32,36,473,192,213
SUPER_25,2670000,390,35,37,462,195,195
SUPER_25,2680000,413,42,41,496,214,199
SUPER_25,2690000,279,26,22,327,128,151
SUPER_25,2700000,369,38,31,438,164,205
SUPER_25,2710000,329,45,39,413,187,142
SUPER_25,2720000,405,42,40,487,204,201
SUPER_25,2730000,387,50,32,469,176,211
SUPER_25,2740000,353,38,35,426,172,181
SUPER_25,2750000,277,25,29,331,125,152
SUPER_25,2760000,242,28,16,286,129,113
SUPER_25,2770000,384,30,35,449,186,198
SUPER_25,2780000,386,23,22,431,213,173
SUPER_25,2790000,345,31,29,405,179,166
SUPER_25,2800000,335,43,26,404,156,179
SUPER_25,2810000,384,25,45,454,182,202
SUPER_25,2820000,207,24,17,248,107,100
SUPER_25,2830000,382,35,31,448,173,209
SUPER_25,2840000,338,24,27,389,165,173
SUPER_25,2850000,168,13,28,209,85,83
SUPER_25,2860000,196,15,16,227,91,105
SUPER_25,2870000,9,2,0,11,5,4
SUPER_25,2880000,394,52,28,474,198,196
SUPER_25,2890000,215,15,12,242,97,118
SUPER_25,2900000,355,27,29,411,184,171
SUPER_25,2910000,72,7,10,89,47,25
SUPER_25,2920000,304,25,34,363,148,156
SUPER_25,2930000,0,0,0,0,0,0
SUPER_25,2940000,0,0,0,0,0,0
SUPER_25,2950000,469,30,38,537,240,229
SUPER_25,2960000,23,2,3,28,8,15
SUPER_25,2970000,257,21,20,298,128,129
SUPER_25,2980000,177,17,21,215,96,81
SUPER_25,2990000,76,5,7,88,45,31
SUPER_25,3000000,571,51,36,658,262,309
SUPER_25,3010000,455,39,36,530,232,223
SUPER_25,3020000,190,21,21,232,93,97
SUPER_25,3030000,320,31,15,366,143,177
SUPER_25,3040000,279,30,31,340,128,151
SUPER_25,3050000,373,29,38,440,204,169
SUPER_25,3060000,284,29,17,330,151,133
SUPER_25,3070000,206,15,18,239,103,103
SUPER_25,3080000,373,47,26,446,183,190
SUPER_25,3090000,391,39,50,480,178,213
SUPER_25,3100000,83,8,7,98,46,37
SUPER_25,3110000,210,14,20,244,103,107
SUPER_25,3120000,415,45,29,489,201,214
SUPER_25,3130000,363,23,39,425,184,179
SUPER_25,3140000,420,43,41,504,199,221
SUPER_25,3150000,398,38,35,471,178,220
SUPER_25,3160000,303,28,35,366,134,169
SUPER_25,3170000,317,30,34,381,145,172
SUPER_25,3180000,360,22,30,412,178,182
SUPER_25,3190000,408,34,29,471,199,209
SUPER_25,3200000,338,27,41,406,162,176
SUPER_25,3210000,340,33,29,402,165,175
SUPER_25,3220000,185,16,10,211,96,89
SUPER_25,3230000,391,38,42,471,214,177
SUPER_25,3240000,345,30,23,398,149,196
SUPER_25,3250000,320,35,29,384,168,152
SUPER_25,3260000,321,19,22,362,161,160
SUPER_25,3270000,362,24,27,413,191,171
SUPER_25,3280000,383,25,32,440,172,211
SUPER_25,3290000,328,32,27,387,171,157
SUPER_25,3300000,318,26,26,370,168,150
SUPER_25,3310000,264,17,16,297,150,114
SUPER_25,3320000,264,28,21,313,116,148
SUPER_25,3330000,182,15,17,214,83,99
SUPER_25,3340000,385,37,33,455,195,190
SUPER_25,3350000,125,10,15,150,71,54
SUPER_25,3360000,98,5,2,105,52,46
SUPER_25,3370000,303,26,17,346,149,154
SUPER_25,3380000,445,42,38,525,202,243
SUPER_25,3390000,330,34,38,402,165,165
SUPER_25,3400000,332,43,24,399,157,175
SUPER_25,3410000,103,13,9,125,47,56
SUPER_25,3420000,101,7,8,116,49,52
SUPER_25,3430000,360,28,39,427,156,204
SUPER_25,3440000,17,2,1,20,6,11
SUPER_25,3450000,264,22,26,312,116,148
SUPER_25,3460000,256,17,18,291,125,131
SUPER_25,3470000,236,38,15,289,113,123
SUPER_25,3480000,414,36,29,479,198,216
SUPER_25,3490000,218,20,14,252,107,111
SUPER_25,3500000,146,16,7,169,77,69
SUPER_25,3510000,451,38,33,522,192,259
SUPER_25,3520000,402,40,27,469,205,197
SUPER_25,3530000,129,10,17,156,64,65
SUPER_25,3540000,0,0,0,0,0,0
SUPER_25,3550000,0,0,0,0,0,0
SUPER_25,3560000,584,42,53,679,297,287
SUPER_25,3570000,220,16,16,252,104,116
SUPER_25,3580000,336,28,33,397,165,171
SUPER_25,3590000,313,23,23,359,167,146
SUPER_25,3600000,367,42,36,445,179,188
SUPER_25,3610000,403,37,39,479,195,208
SUPER_25,3620000,194,25,18,237,93,101
SUPER_25,3630000,214,22,28,264,106,108
SUPER_25,3640000,225,18,22,265,123,102
SUPER_25,3650000,304,20,24,348,147,157
SUPER_25,3660000,331,33,34,398,161,170
SUPER_25,3670000,447,31,38,516,220,227
SUPER_25,3680000,324,33,14,371,163,161
SUPER_25,3690000,124,6,22,152,63,61
SUPER_25,3700000,217,21,25,263,108,109
SUPER_25,3710000,154,12,14,180,75,79
SUPER_25,3720000,126,11,9,146,69,57
SUPER_25,3730000,206,18,19,243,101,105
SUPER_25,3740000,48,3,8,59,26,22
SUPER_25,3750000,47,2,3,52,17,30
SUPER_25,3760000,178,15,18,211,88,90
SUPER_25,3770000,135,12,14,161,62,73
SUPER_25,3780000,201,15,23,239,109,92
SUPER_25,3790000,348,33,25,406,168,180
SUPER_25,3800000,120,13,10,143,59,61
SUPER_25,3810000,363,31,37,431,187,176
SUPER_25,3820000,324,30,31,385,164,160
SUPER_25,3830000,322,21,25,368,177,145
SUPER_25,3840000,450,33,45,528,205,245
SUPER_25,3850000,204,27,19,250,112,92
SUPER_25,3860000,262,25,29,316,151,111
SUPER_25,3870000,411,37,42,490,196,215
SUPER_25,3880000,97,5,8,110,44,53
SUPER_25,3890000,155,16,20,191,63,92
SUPER_25,3900000,315,30,25,370,142,173
SUPER_25,3910000,349,44,31,424,174,175
SUPER_25,3920000,420,36,35,491,198,222
SUPER_25,3930000,301,32,20,353,146,155
SUPER_25,3940000,352,25,41,418,169,183
SUPER_25,3950000,333,28,24,385,175,158
SUPER_25,3960000,411,42,31,484,184,227
SUPER_25,3970000,166,16,12,194,93,73
SUPER_25,3980000,372,32,28,432,177,195
SUPER_25,3990000,267,36,31,334,134,133
SUPER_25,4000000,201,11,18,230,110,91
SUPER_25,4010000,328,29,29,386,144,184
SUPER_25,4020000,75,4,11,90,34,41
SUPER_25,4030000,237,19,23,279,127,110
SUPER_25,4040000,265,19,33,317,118,147
SUPER_25,4050000,332,22,30,384,169,163
SUPER_25,4060000,305,31,29,365,151,154
SUPER_25,4070000,296,24,27,347,143,153
SUPER_25,4080000,107,16,10,133,42,65
SUPER_25,4090000,409,35,38,482,189,220
SUPER_25,4100000,307,28,26,361,156,151
SUPER_25,4110000,392,39,39,470,179,213
SUPER_25,4120000,265,20,16,301,135,130
SUPER_25,4130000,131,14,12,157,70,61
SUPER_25,4140000,329,24,23,376,155,174
SUPER_25,4150000,314,24,35,373,155,159
SUPER_25,4160000,189,15,14,218,95,94
SUPER_25,4170000,333,32,23,388,164,169
SUPER_25,4180000,151,11,12,174,80,71
SUPER_25,4190000,217,24,16,257,118,99
SUPER_25,4200000,349,28,31,408,167,182
SUPER_25,4210000,181,24,10,215,99,82
SUPER_25,4220000,341,18,38,397,182,159
SUPER_25,4230000,252,27,25,304,117,135
SUPER_25,4240000,152,10,6,168,74,78
SUPER_25,4250000,186,10,17,213,90,96
SUPER_25,4260000,261,28,25,314,144,117
SUPER_25,4270000,287,29,24,340,138,149
SUPER_25,4280000,152,12,15,179,69,83
SUPER_25,4290000,63,4,9,76,21,42
SUPER_25,4300000,285,35,25,345,154,131
SUPER_25,4310000,255,27,24,306,125,130
SUPER_25,4320000,343,45,22,410,160,183
SUPER_25,4330000,334,31,35,400,171,163
SUPER_25,4340000,185,15,16,216,96,89
SUPER_25,4350000,284,32,21,337,140,144
SUPER_25,4360000,277,28,20,325,149,128
SUPER_25,4370000,384,29,34,447,195,189
SUPER_25,4380000,311,26,28,365,150,161
SUPER_25,4390000,287,22,19,328,148,139
SUPER_25,4400000,317,31,12,360,175,142
SUPER_25,4410000,317,19,35,371,160,157
SUPER_25,4420000,191,13,19,223,96,95
SUPER_25,4430000,154,18,18,190,79,75
SUPER_25,4440000,33,4,3,40,16,17
SUPER_25,4450000,24,2,2,28,13,11
SUPER_25,4460000,29,2,3,34,16,13
SUPER_25,4470000,320,23,30,373,178,142
SUPER_25,4480000,333,23,25,381,161,172
SUPER_25,4490000,316,30,40,386,152,164
SUPER_25,4500000,124,10,10,144,56,68
SUPER_25,4510000,255,25,23,303,125,130
SUPER_25,4520000,347,22,36,405,171,176
SUPER_25,4530000,122,10,23,155,62,60
SUPER_25,4540000,243,26,19,288,117,126
SUPER_25,4550000,312,25,30,367,165,147
SUPER_25,4560000,248,17,13,278,127,121
SUPER_25,4570000,265,19,21,305,130,135
SUPER_25,4580000,326,34,33,393,152,174
SUPER_25,4590000,28,2,2,32,17,11
SUPER_25,4600000,171,8,21,200,85,86
SUPER_25,4610000,345,31,38,414,167,178
SUPER_25,4620000,385,34,33,452,196,189
SUPER_25,4630000,354,34,33,421,186,168
SUPER_25,4640000,416,42,36,494,194,222
SUPER_25,4650000,262,32,27,321,143,119
SUPER_25,4660000,204,16,24,244,100,104
SUPER_25,4670000,172,21,11,204,78,94
SUPER_25,4680000,126,15,9,150,66,60
SUPER_25,4690000,287,35,30,352,156,131
SUPER_25,4700000,293,36,30,359,150,143
SUPER_25,4710000,364,28,34,426,177,187
SUPER_25,4720000,167,9,21,197,90,77
SUPER_25,4730000,393,32,26,451,203,190
SUPER_25,4740000,275,20,29,324,123,152
SUPER_25,4750000,219,19,20,258,103,116
SUPER_25,4760000,345,35,44,424,134,211
SUPER_25,4770000,337,25,38,400,167,170
SUPER_25,4780000,261,30,25,316,117,144
SUPER_25,4790000,237,33,22,292,110,127
SUPER_25,4800000,234,36,24,294,114,120
SUPER_25,4810000,299,24,33,356,152,147
SUPER_25,4820000,264,25,21,310,128,136
SUPER_25,4830000,259,29,17,305,133,126
SUPER_25,4840000,323,35,36,394,149,174
SUPER_25,4850000,302,16,35,353,123,179
SUPER_25,4860000,125,12,17,154,69,56
SUPER_25,4870000,128,10,11,149,66,62
SUPER_25,4880000,293,28,25,346,159,134
SUPER_25,4890000,348,35,26,409,153,195
SUPER_25,4900000,399,33,51,483,198,201
SUPER_25,4910000,287,25,17,329,147,140
SUPER_25,4920000,252,18,15,285,131,121
SUPER_25,4930000,261,29,23,313,129,132
SUPER_25,4940000,286,25,37,348,137,149
SUPER_25,4950000,135,18,7,160,76,59
SUPER_25,4960000,378,29,18,425,185,193
SUPER_25,4970000,175,20,11,206,95,80
SUPER_25,4980000,344,25,28,397,174,170
SUPER_25,4990000,294,21,22,337,126,168
SUPER_25,5000000,333,18,28,379,182,151
SUPER_25,5010000,182,22,14,218,91,91
SUPER_25,5020000,313,26,37,376,167,146
SUPER_25,5030000,349,30,34,413,176,173
SUPER_25,5040000,166,21,11,198,84,82
SUPER_25,5050000,323,28,25,376,178,145
SUPER_25,5060000,280,23,22,325,135,145
SUPER_25,5070000,335,32,27,394,153,182
SUPER_25,5080000,223,17,12,252,109,114
SUPER_25,5090000,276,27,19,322,149,127
SUPER_25,5100000,248,28,23,299,122,126
SUPER_25,5110000,181,16,17,214,102,79
SUPER_25,5120000,268,20,19,307,134,134
SUPER_25,5130000,262,25,33,320,124,138
SUPER_25,5140000,268,27,32,327,143,125
SUPER_25,5150000,220,15,19,254,107,113
SUPER_25,5160000,217,19,28,264,109,108
SUPER_25,5170000,138,10,7,155,72,66
SUPER_25,5180000,286,24,30,340,128,158
SUPER_25,5190000,323,28,29,380,155,168
SUPER_25,5200000,206,14,10,230,103,103
SUPER_25,5210000,67,8,9,84,34,33
SUPER_25,5220000,71,9,8,88,41,30
SUPER_25,5230000,226,29,16,271,113,113
SUPER_25,5240000,129,7,20,156,74,55
SUPER_25,5250000,241,27,17,285,114,127
SUPER_25,5260000,183,15,8,206,76,107
SUPER_25,5270000,179,18,9,206,87,92
SUPER_25,5280000,160,15,15,190,63,97
SUPER_25,5290000,327,34,34,395,157,170
SUPER_25,5300000,312,38,31,381,143,169
SUPER_25,5310000,287,26,21,334,152,135
SUPER_25,5320000,287,34,26,347,148,139
SUPER_25,5330000,224,19,17,260,97,127
SUPER_25,5340000,337,30,36,403,150,187
SUPER_25,5350000,146,19,15,180,73,73
SUPER_25,5360000,88,8,9,105,48,40
SUPER_25,5370000,26,4,5,35,15,11
SUPER_25,5380000,195,20,15,230,92,103
SUPER_25,5390000,110,8,10,128,47,63
SUPER_25,5400000,252,21,17,290,121,131
SUPER_25,5410000,226,24,16,266,115,111
SUPER_25,5420000,128,7,7,142,60,68
SUPER_25,5430000,264,22,17,303,124,140
SUPER_25,5440000,378,39,33,450,182,196
SUPER_25,5450000,122,13,8,143,73,49
SUPER_25,5460000,189,16,20,225,95,94
SUPER_25,5470000,73,11,10,94,41,32
SUPER_25,5480000,224,19,19,262,97,127
SUPER_25,5490000,298,25,28,351,140,158
SUPER_25,5500000,192,16,18,226,91,101
SUPER_25,5510000,75,4,1,80,39,36
SUPER_25,5520000,270,17,12,299,148,122
SUPER_25,5530000,425,51,35,511,191,234
SUPER_25,5540000,126,9,10,145,59,67
SUPER_25,5550000,17,1,2,20,6,11
SUPER_25,5560000,56,6,6,68,28,28
SUPER_25,5570000,249,25,21,295,118,131
SUPER_25,5580000,209,21,17,247,102,107
SUPER_25,5590000,404,35,27,466,213,191
SUPER_25,5600000,289,15,14,318,140,149
SUPER_25,5610000,171,13,6,190,86,85
SUPER_25,5620000,188,14,18,220,89,99
SUPER_25,5630000,266,17,38,321,130,136
SUPER_25,5640000,430,39,34,503,204,226
SUPER_25,5650000,351,22,36,409,187,164
SUPER_25,5660000,224,22,27,273,98,126
SUPER_25,5670000,327,32,26,385,161,166
SUPER_25,5680000,260,17,21,298,126,134
SUPER_25,5690000,191,26,18,235,97,94
SUPER_25,5700000,1,0,0,1,0,1
SUPER_25,5710000,2,0,1,3,1,1
SUPER_25,5720000,8,1,0,9,2,6
SUPER_25,5730000,187,10,18,215,95,92
SUPER_25,5740000,255,24,19,298,122,133
SUPER_25,5750000,245,31,20,296,139,106
SUPER_25,5760000,384,25,32,441,201,183
SUPER_25,5770000,122,17,12,151,65,57
SUPER_25,5780000,1,0,0,1,1,0
SUPER_25,5790000,72,7,5,84,41,31
SUPER_25,5800000,338,30,25,393,166,172
SUPER_25,5810000,350,36,27,413,169,181
SUPER_25,5820000,338,27,28,393,169,169
SUPER_25,5830000,306,29,24,359,135,171
SUPER_25,5840000,369,29,36,434,192,177
SUPER_25,5850000,327,22,31,380,166,161
SUPER_25,5860000,230,23,19,272,125,105
SUPER_25,5870000,316,27,33,376,163,153
SUPER_25,5880000,321,25,30,376,157,164
SUPER_25,5890000,268,24,30,322,142,126
SUPER_25,5900000,223,12,18,253,108,115
SUPER_25,5910000,211,13,14,238,103,108
SUPER_25,5920000,266,16,18,300,122,144
SUPER_25,5930000,166,15,10,191,76,90
SUPER_25,5940000,253,23,21,297,125,128
SUPER_25,5950000,169,23,21,213,69,100
SUPER_25,5960000,337,32,28,397,158,179
SUPER_25,5970000,377,35,34,446,178,199
SUPER_25,5980000,261,31,17,309,129,132
SUPER_25,5990000,308,42,35,385,135,173
SUPER_25,6000000,290,28,33,351,147,143
SUPER_25,6010000,185,20,22,227,92,93
SUPER_25,6020000,87,11,4,102,45,42
SUPER_25,6030000,167,32,17,216,68,99
SUPER_25,6040000,93,9,10,112,53,40
SUPER_25,6050000,145,19,19,183,72,73
SUPER_25,6060000,318,30,35,383,159,159
SUPER_25,6070000,349,23,26,398,158,191
SUPER_25,6080000,366,31,31,428,184,182
SUPER_25,6090000,284,20,18,322,148,136
SUPER_25,6100000,269,25,22,316,133,136
SUPER_25,6110000,388,26,38,452,199,189
SUPER_25,6120000,414,37,48,499,213,201
SUPER_25,6130000,327,33,24,384,167,160
SUPER_25,6140000,262,16,16,294,150,112
SUPER_25,6150000,44,7,5,56,27,17
SUPER_25,6160000,48,8,2,58,20,28
SUPER_25,6170000,324,33,23,380,161,163
SUPER_25,6180000,46,6,6,58,22,24
SUPER_25,6190000,352,27,26,405,169,183
SUPER_25,6200000,447,37,39,523,209,238
SUPER_25,6210000,183,10,15,208,111,72
SUPER_25,6220000,341,26,27,394,184,157
SUPER_25,6230000,156,13,12,181,79,77
SUPER_25,6240000,284,21,18,323,139,145
SUPER_25,6250000,256,35,17,308,122,134
SUPER_25,6260000,245,18,15,278,117,128
SUPER_25,6270000,175,13,12,200,78,97
SUPER_25,6280000,1,0,1,2,0,1
SUPER_25,6290000,253,21,14,288,119,134
SUPER_25,6300000,406,36,32,474,209,197
SUPER_25,6310000,345,31,29,405,170,175
SUPER_25,6320000,347,26,34,407,189,158
SUPER_25,6330000,318,33,28,379,157,161
SUPER_25,6340000,164,9,17,190,76,88
SUPER_25,6350000,375,40,44,459,186,189
SUPER_25,6360000,4,1,1,6,1,3
SUPER_25,6370000,219,21,14,254,115,104
SUPER_25,6380000,314,22,25,361,161,153
SUPER_25,6390000,176,15,16,207,80,96
SUPER_25,6400000,350,30,24,404,182,168
SUPER_25,6410000,337,33,30,400,166,171
SUPER_25,6420000,319,24,19,362,157,162
SUPER_25,6430000,247,19,20,286,124,123
SUPER_25,6440000,277,35,24,336,140,137
SUPER_25,6450000,406,31,48,485,196,210
SUPER_25,6460000,193,14,15,222,105,88
SUPER_25,6470000,295,25,29,349,139,156
SUPER_25,6480000,284,25,28,337,144,140
SUPER_25,6490000,304,26,38,368,134,170
SUPER_25,6500000,312,23,29,364,160,152
SUPER_25,6510000,220,15,14,249,102,118
SUPER_25,6520000,225,19,10,254,107,118
SUPER_25,6530000,164,12,13,189,84,80
SUPER_25,6540000,190,24,13,227,98,92
SUPER_25,6550000,182,18,17,217,83,99
SUPER_25,6560000,185,10,14,209,95,90
SUPER_25,6570000,367,32,33,432,198,169
SUPER_25,6580000,361,35,41,437,173,188
SUPER_25,6590000,98,17,9,124,53,45
SUPER_25,6600000,268,18,20,306,127,141
SUPER_25,6610000,286,38,26,350,145,141
SUPER_25,6620000,43,2,7,52,24,19
SUPER_25,6630000,331,23,44,398,155,176
SUPER_25,6640000,213,24,16,253,96,117
SUPER_25,6650000,235,25,24,284,122,113
SUPER_25,6660000,195,19,15,229,102,93
SUPER_25,6670000,271,22,26,319,129,142
SUPER_25,6680000,27,0,2,29,9,18
SUPER_25,6690000,174,17,17,208,99,75
SUPER_25,6700000,336,36,30,402,166,170
SUPER_25,6710000,363,37,41,441,174,189
SUPER_25,6720000,335,30,30,395,166,169
SUPER_25,6730000,308,46,29,383,138,170
SUPER_25,6740000,339,34,29,402,168,171
SUPER_25,6750000,346,31,24,401,170,176
SUPER_25,6760000,316,35,28,379,176,140
SUPER_25,6770000,398,39,41,478,205,193
SUPER_25,6780000,361,27,27,415,171,190
SUPER_25,6790000,240,25,22,287,134,106
SUPER_25,6800000,462,33,34,529,210,252
SUPER_25,6810000,410,24,36,470,206,204
SUPER_25,6820000,394,45,29,468,207,187
SUPER_25,6830000,328,34,25,387,166,162
SUPER_25,6840000,291,26,29,346,138,153
SUPER_25,6850000,208,23,22,253,95,113
SUPER_25,6860000,310,29,33,372,154,156
SUPER_25,6870000,189,27,24,240,92,97
SUPER_25,6880000,164,19,16,199,79,85
SUPER_25,6890000,405,37,33,475,189,216
SUPER_25,6900000,367,29,39,435,166,201
SUPER_25,6910000,330,22,26,378,165,165
SUPER_25,6920000,335,32,16,383,154,181
SUPER_25,6930000,367,40,34,441,191,176
SUPER_25,6940000,291,27,30,348,147,144
SUPER_25,6950000,372,34,28,434,186,186
SUPER_25,6960000,195,12,14,221,95,100
SUPER_25,6970000,391,49,35,475,178,213
SUPER_25,6980000,250,28,27,305,115,135
SUPER_25,6990000,111,16,16,143,50,61
SUPER_25,7000000,233,20,25,278,105,128
SUPER_25,7010000,2,0,0,2,1,1
SUPER_25,7020000,137,19,8,164,70,67
SUPER_25,7030000,166,11,9,186,79,87
SUPER_25,7040000,346,38,29,413,175,171
SUPER_25,7050000,321,28,26,375,162,159
SUPER_25,7060000,289,30,27,346,139,150
SUPER_25,7070000,110,10,17,137,53,57
SUPER_25,7080000,199,16,22,237,86,113
SUPER_25,7090000,86,6,7,99,48,38
SUPER_25,7100000,183,21,16,220,83,100
SUPER_25,7110000,278,23,20,321,125,153
SUPER_25,7120000,286,26,26,338,141,145
SUPER_25,7130000,235,24,23,282,116,119
SUPER_25,7140000,210,17,26,253,113,97
SUPER_25,7150000,327,33,29,389,151,176
SUPER_25,7160000,345,25,33,403,172,173
SUPER_25,7170000,293,33,22,348,141,152
SUPER_25,7180000,385,36,41,462,185,200
SUPER_25,7190000,225,23,19,267,107,118
SUPER_25,7200000,418,40,33,491,201,217
SUPER_25,7210000,307,23,16,346,170,137
SUPER_25,7220000,4,1,1,6,2,2
SUPER_25,7230000,293,22,25,340,151,142
SUPER_25,7240000,85,12,7,104,43,42
SUPER_25,7250000,398,38,34,470,206,192
SUPER_25,7260000,209,19,11,239,103,106
SUPER_25,7270000,392,29,31,452,184,208
SUPER_25,7280000,330,33,20,383,159,171
SUPER_25,7290000,293,24,21,338,151,142
SUPER_25,7300000,150,9,10,169,75,75
SUPER_25,7310000,289,32,16,337,147,142
SUPER_25,7320000,456,46,35,537,227,229
SUPER_25,7330000,388,34,31,453,194,194
SUPER_25,7340000,296,28,22,346,152,144
SUPER_25,7350000,407,46,32,485,213,194
SUPER_25,7360000,357,25,17,399,165,192
SUPER_25,7370000,293,33,25,351,149,144
SUPER_25,7380000,212,29,20,261,95,117
SUPER_25,7390000,0,1,0,1,0,0
SUPER_25,7400000,236,23,17,276,114,122
SUPER_25,7410000,303,33,32,368,156,147
SUPER_25,7420000,421,34,29,484,228,193
SUPER_25,7430000,359,27,32,418,197,162
SUPER_25,7440000,466,41,45,552,227,239
SUPER_25,7450000,230,18,22,270,120,110
SUPER_25,7460000,312,28,19,359,154,158
SUPER_25,7470000,275,18,24,317,136,139
SUPER_25,7480000,294,29,34,357,155,139
SUPER_25,7490000,370,33,29,432,183,187
SUPER_25,7500000,316,21,24,361,153,163
SUPER_25,7510000,234,28,15,277,125,109
SUPER_25,7520000,372,26,38,436,163,209
SUPER_25,7530000,87,6,9,102,36,51
SUPER_25,7540000,300,31,21,352,144,156
SUPER_25,7550000,255,18,22,295,129,126
SUPER_25,7560000,366,30,35,431,176,190
SUPER_25,7570000,260,23,25,308,137,123
SUPER_25,7580000,60,2,1,63,34,26
SUPER_25,7590000,353,34,35,422,152,201
SUPER_25,7600000,420,41,29,490,203,217
SUPER_25,7610000,198,32,15,245,102,96
SUPER_25,7620000,78,6,6,90,34,44
SUPER_25,7630000,361,31,40,432,174,187
SUPER_25,7640000,241,38,20,299,124,117
SUPER_25,7650000,331,27,34,392,168,163
SUPER_25,7660000,298,33,27,358,125,173
SUPER_25,7670000,378,30,35,443,200,178
SUPER_25,7680000,339,27,25,391,165,174
SUPER_25,7690000,376,29,29,434,191,185
SUPER_25,7700000,177,13,16,206,79,98
SUPER_25,7710000,126,13,17,156,63,63
SUPER_25,7720000,336,22,24,382,141,195
SUPER_25,7730000,313,36,25,374,153,160
SUPER_25,7740000,366,26,48,440,177,189
SUPER_25,7750000,370,30,26,426,174,196
SUPER_25,7760000,212,25,14,251,106,106
SUPER_25,7770000,381,44,40,465,205,176
SUPER_25,7780000,448,37,33,518,209,239
SUPER_25,7790000,355,27,35,417,179,176
SUPER_25,7800000,386,28,42,456,174,212
SUPER_25,7810000,302,21,34,357,144,158
SUPER_25,7820000,167,11,14,192,68,99
SUPER_25,7830000,220,14,16,250,100,120
SUPER_25,7840000,118,6,11,135,59,59
SUPER_25,7850000,116,15,16,147,56,60
SUPER_25,7860000,371,30,36,437,189,182
SUPER_25,7870000,258,21,29,308,129,129
SUPER_25,7880000,444,31,39,514,215,229
SUPER_25,7890000,323,43,27,393,157,166
SUPER_25,7900000,396,32,30,458,206,190
SUPER_25,7910000,257,17,12,286,138,119
SUPER_25,7920000,206,12,20,238,110,96
SUPER_25,7930000,350,28,44,422,190,160
SUPER_25,7940000,192,14,13,219,93,99
SUPER_25,7950000,186,9,7,202,106,80
SUPER_25,7960000,329,35,22,386,177,152
SUPER_25,7970000,425,41,31,497,216,209
SUPER_25,7980000,359,34,32,425,168,191
SUPER_25,7990000,330,25,29,384,160,170
SUPER_25,8000000,328,28,19,375,172,156
SUPER_25,8010000,325,30,34,389,153,172
SUPER_25,8020000,172,17,11,200,97,75
SUPER_25,8030000,354,28,31,413,167,187
SUPER_25,8040000,337,22,31,390,175,162
SUPER_25,8050000,261,23,33,317,132,129
SUPER_25,8060000,209,16,27,252,107,102
SUPER_25,8070000,304,23,31,358,151,153
SUPER_25,8080000,234,20,18,272,118,116
SUPER_25,8090000,3,3,0,6,2,1
SUPER_25,8100000,115,12,9,136,52,63
SUPER_25,8110000,70,5,5,80,43,27
SUPER_25,8120000,244,23,9,276,115,129
SUPER_25,8130000,436,42,39,517,222,214
SUPER_25,8140000,292,30,23,345,151,141
SUPER_25,8150000,148,20,20,188,70,78
SUPER_25,8160000,167,23,20,210,87,80
SUPER_25,8170000,227,20,26,273,120,107
SUPER_25,8180000,286,31,26,343,150,136
SUPER_25,8190000,272,18,20,310,140,132
SUPER_25,8200000,289,31,24,344,143,146
SUPER_25,8210000,197,15,17,229,104,93
SUPER_25,8220000,242,29,26,297,131,111
SUPER_25,8230000,305,23,23,351,157,148
SUPER_25,8240000,311,21,30,362,153,158
SUPER_25,8250000,315,30,23,368,150,165
SUPER_25,8260000,328,35,36,399,159,169
SUPER_25,8270000,305,20,26,351,159,146
SUPER_25,8280000,250,24,20,294,129,121
SUPER_25,8290000,272,21,25,318,144,128
SUPER_25,8300000,211,20,12,243,119,92
SUPER_25,8310000,224,28,18,270,110,114
SUPER_25,8320000,360,29,34,423,169,191
SUPER_25,8330000,295,26,17,338,157,138
SUPER_25,8340000,307,25,32,364,155,152
SUPER_25,8350000,292,32,21,345,154,138
SUPER_25,8360000,265,25,27,317,136,129
SUPER_25,8370000,349,33,24,406,187,162
SUPER_25,8380000,285,25,36,346,129,156
SUPER_25,8390000,196,14,13,223,94,102
SUPER_25,8400000,368,26,30,424,184,184
SUPER_25,8410000,373,25,20,418,183,190
SUPER_25,8420000,307,29,41,377,143,164
SUPER_25,8430000,35,5,2,42,14,21
SUPER_25,8440000,153,10,11,174,77,76
SUPER_25,8450000,272,17,23,312,136,136
SUPER_25,8460000,270,31,21,322,136,134
SUPER_25,8470000,255,26,23,304,122,133
SUPER_25,8480000,265,26,27,318,122,143
SUPER_25,8490000,310,31,30,371,159,151
SUPER_25,8500000,332,31,26,389,158,174
SUPER_25,8510000,353,29,28,410,196,157
SUPER_25,8520000,240,20,12,272,129,111
SUPER_25,8530000,411,26,35,472,219,192
SUPER_25,8540000,307,26,20,353,153,154
SUPER_25,8550000,352,27,37,416,169,183
SUPER_25,8560000,323,38,14,375,153,170
SUPER_25,8570000,345,29,29,403,176,169
SUPER_25,8580000,308,20,33,361,157,151
SUPER_25,8590000,270,24,21,315,135,135
SUPER_25,8600000,118,4,5,127,64,54
SUPER_25,8610000,234,19,21,274,118,116
SUPER_25,8620000,137,13,4,154,78,59
SUPER_25,8630000,398,42,38,478,183,215
SUPER_25,8640000,495,61,38,594,229,266
SUPER_25,8650000,414,30,31,475,197,217
SUPER_25,8660000,365,28,25,418,177,188
SUPER_25,8670000,41,0,8,49,20,21
SUPER_25,8680000,255,21,19,295,146,109
SUPER_25,8690000,323,31,26,380,157,166
SUPER_25,8700000,304,25,14,343,154,150
SUPER_25,8710000,120,16,7,143,63,57
SUPER_25,8720000,0,0,0,0,0,0
SUPER_25,8730000,0,0,0,0,0,0
SUPER_25,8740000,348,29,39,416,181,167
SUPER_25,8750000,367,37,37,441,180,187
SUPER_25,8760000,110,9,7,126,59,51
SUPER_25,8770000,185,23,15,223,91,94
SUPER_25,8780000,262,18,24,304,138,124
SUPER_25,8790000,364,28,21,413,171,193
SUPER_25,8800000,315,22,28,365,155,160
SUPER_25,8810000,311,39,22,372,148,163
SUPER_25,8820000,174,5,8,187,90,84
SUPER_25,8830000,274,32,30,336,129,145
SUPER_25,8840000,120,7,13,140,56,64
SUPER_25,8850000,260,16,25,301,117,143
SUPER_25,8860000,257,22,23,302,134,123
SUPER_25,8870000,261,27,19,307,123,138
SUPER_25,8880000,207,21,30,258,105,102
SUPER_25,8890000,138,11,13,162,61,77
SUPER_25,8900000,148,18,18,184,78,70
SUPER_25,8910000,282,26,23,331,138,144
SUPER_25,8920000,398,27,33,458,199,199
SUPER_25,8930000,326,29,34,389,159,167
SUPER_25,8940000,346,30,44,420,167,179
SUPER_25,8950000,412,38,39,489,200,212
SUPER_25,8960000,415,43,30,488,202,213
SUPER_25,8970000,306,28,24,358,156,150
SUPER_25,8980000,361,26,28,415,174,187
SUPER_25,8990000,329,38,31,398,170,159
SUPER_25,9000000,343,30,50,423,153,190
SUPER_25,9010000,441,42,51,534,204,237
SUPER_25,9020000,322,31,27,380,174,148
SUPER_25,9030000,384,37,41,462,204,180
SUPER_25,9040000,319,33,38,390,153,166
SUPER_25,9050000,319,37,33,389,152,167
SUPER_25,9060000,145,16,4,165,68,77
SUPER_25,9070000,478,40,30,548,233,245
SUPER_25,9080000,186,27,14,227,99,87
SUPER_25,9090000,68,7,10,85,32,36
SUPER_25,9100000,315,25,29,369,165,150
SUPER_25,9110000,412,49,50,511,185,227
SUPER_25,9120000,363,41,35,439,198,165
SUPER_25,9130000,120,17,11,148,59,61
SUPER_25,9140000,451,49,44,544,210,241
SUPER_25,9150000,294,16,26,336,154,140
SUPER_25,9160000,301,28,22,351,164,137
SUPER_25,9170000,301,29,24,354,155,146
SUPER_25,9180000,405,51,40,496,205,200
SUPER_25,9190000,417,35,38,490,189,228
SUPER_25,9200000,240,26,13,279,128,112
SUPER_25,9210000,340,28,42,410,176,164
SUPER_25,9220000,450,33,34,517,231,219
SUPER_25,9230000,167,17,22,206,80,87
SUPER_25,9240000,309,30,19,358,141,168
SUPER_25,9250000,281,23,28,332,158,123
SUPER_25,9260000,184,20,13,217,101,83
SUPER_25,9270000,338,29,27,394,178,160
SUPER_25,9280000,165,12,14,191,89,76
SUPER_25,9290000,345,24,20,389,176,169
SUPER_25,9300000,323,25,28,376,162,161
SUPER_25,9310000,381,26,23,430,188,193
SUPER_25,9320000,417,34,46,497,204,213
SUPER_25,9330000,303,23,23,349,152,151
SUPER_25,9340000,345,25,26,396,175,170
SUPER_25,9350000,361,42,25,428,163,198
SUPER_25,9360000,396,56,36,488,189,207
SUPER_25,9370000,274,18,25,317,143,131
SUPER_25,9380000,246,21,20,287,126,120
SUPER_25,9390000,360,20,36,416,178,182
SUPER_25,9400000,92,8,6,106,57,35
SUPER_25,9410000,30,2,7,39,13,17
SUPER_25,9420000,453,35,34,522,220,233
SUPER_25,9430000,412,31,41,484,203,209
SUPER_25,9440000,201,14,18,233,96,105
SUPER_25,9450000,268,33,24,325,121,147
SUPER_25,9460000,306,34,31,371,151,155
SUPER_25,9470000,244,19,25,288,126,118
SUPER_25,9480000,257,19,24,300,124,133
SUPER_25,9490000,225,15,27,267,117,108
SUPER_25,9500000,223,17,33,273,120,103
SUPER_25,9510000,343,35,28,406,166,177
SUPER_25,9520000,46,2,1,49,26,20
SUPER_25,9530000,254,17,14,285,135,119
SUPER_25,9540000,263,27,38,328,130,133
SUPER_25,9550000,255,22,22,299,125,130
SUPER_25,9560000,56,9,5,70,32,24
SUPER_25,9570000,3,0,0,3,1,2
SUPER_25,9580000,0,0,0,0,0,0
SUPER_25,9590000,0,0,0,0,0,0
SUPER_25,9600000,0,0,0,0,0,0
SUPER_25,9610000,0,0,0,0,0,0
SUPER_25,9620000,0,0,0,0,0,0
SUPER_25,9630000,137,21,15,173,60,77
SUPER_25,9640000,118,8,15,141,46,72
SUPER_26,10000,30,8,2,40,14,16
SUPER_26,20000,6,8,2,16,2,4
SUPER_26,30000,55,3,1,59,39,16
SUPER_26,40000,197,16,20,233,109,88
SUPER_26,50000,419,29,36,484,228,191
SUPER_26,60000,299,24,26,349,140,159
SUPER_26,70000,239,20,32,291,130,109
SUPER_26,80000,327,31,30,388,170,157
SUPER_26,90000,365,36,27,428,192,173
SUPER_26,100000,279,31,29,339,141,138
SUPER_26,110000,367,29,23,419,195,172
SUPER_26,120000,289,30,24,343,152,137
SUPER_26,130000,150,18,7,175,73,77
SUPER_26,140000,429,23,35,487,223,206
SUPER_26,150000,207,20,13,240,105,102
SUPER_26,160000,197,12,32,241,98,99
SUPER_26,170000,72,9,4,85,43,29
SUPER_26,180000,41,3,2,46,17,24
SUPER_26,190000,317,27,20,364,161,156
SUPER_26,200000,205,15,16,236,103,102
SUPER_26,210000,410,23,30,463,204,206
SUPER_26,220000,368,37,31,436,195,173
SUPER_26,230000,392,29,49,470,203,189
SUPER_26,240000,453,36,42,531,224,229
SUPER_26,250000,342,29,27,398,184,158
SUPER_26,260000,343,27,33,403,177,166
SUPER_26,270000,365,37,32,434,176,189
SUPER_26,280000,246,27,13,286,132,114
SUPER_26,290000,344,30,21,395,171,173
SUPER_26,300000,200,18,19,237,113,87
SUPER_26,310000,132,6,12,150,60,72
SUPER_26,320000,196,21,19,236,106,90
SUPER_26,330000,95,4,8,107,54,41
SUPER_26,340000,300,25,24,349,151,149
SUPER_26,350000,227,16,16,259,133,94
SUPER_26,360000,423,44,39,506,221,202
SUPER_26,370000,321,25,25,371,175,146
SUPER_26,380000,159,19,12,190,68,91
SUPER_26,390000,365,39,26,430,188,177
SUPER_26,400000,327,43,32,402,191,136
SUPER_26,410000,236,19,20,275,126,110
SUPER_26,420000,222,32,20,274,114,108
SUPER_26,430000,248,29,23,300,132,116
SUPER_26,440000,343,38,43,424,182,161
SUPER_26,450000,343,37,28,408,163,180
SUPER_26,460000,272,28,31,331,138,134
SUPER_26,470000,261,24,17,302,136,125
SUPER_26,480000,367,49,34,450,203,164
SUPER_26,490000,334,28,23,385,179,155
SUPER_26,500000,270,26,25,321,130,140
SUPER_26,510000,318,34,28,380,154,164
SUPER_26,520000,132,23,24,179,68,64
SUPER_26,530000,201,20,22,243,107,94
SUPER_26,540000,409,43,40,492,181,228
SUPER_26,550000,309,33,23,365,163,146
SUPER_26,560000,377,36,35,448,199,178
SUPER_26,570000,513,42,35,590,255,258
SUPER_26,580000,378,45,37,460,185,193
SUPER_26,590000,306,22,23,351,170,136
SUPER_26,600000,294,33,18,345,157,137
SUPER_26,610000,376,27,35,438,202,174
SUPER_26,620000,287,37,22,346,150,137
SUPER_26,630000,368,31,38,437,177,191
SUPER_26,640000,352,31,33,416,172,180
SUPER_26,650000,347,21,41,409,175,172
SUPER_26,660000,423,35,49,507,243,180
SUPER_26,670000,335,42,27,404,166,169
SUPER_26,680000,133,12,13,158,72,61
SUPER_26,690000,398,38,30,466,214,184
SUPER_26,700000,267,33,18,318,123,144
SUPER_26,710000,373,25,29,427,195,178
SUPER_26,720000,381,40,38,459,183,198
SUPER_26,730000,268,40,20,328,140,128
SUPER_26,740000,326,17,21,364,177,149
SUPER_26,750000,346,37,33,416,179,167
SUPER_26,760000,440,45,37,522,227,213
SUPER_26,770000,287,26,16,329,150,137
SUPER_26,780000,494,34,50,578,238,256
SUPER_26,790000,346,25,24,395,191,155
SUPER_26,800000,323,20,24,367,169,154
SUPER_26,810000,229,25,10,264,119,110
SUPER_26,820000,179,16,20,215,97,82
SUPER_26,830000,220,22,11,253,129,91
SUPER_26,840000,255,25,22,302,128,127
SUPER_26,850000,250,12,17,279,125,125
SUPER_26,860000,220,19,20,259,119,101
SUPER_26,870000,322,36,30,388,160,162
SUPER_26,880000,212,23,21,256,101,111
SUPER_26,890000,234,16,24,274,107,127
SUPER_26,900000,225,15,16,256,111,114
SUPER_26,910000,0,0,0,0,0,0
SUPER_26,920000,0,0,0,0,0,0
SUPER_26,930000,141,21,10,172,67,74
SUPER_26,940000,142,20,11,173,63,79
SUPER_26,950000,309,27,20,356,142,167
SUPER_26,960000,15,0,1,16,8,7
SUPER_26,970000,268,22,18,308,151,117
SUPER_26,980000,194,18,12,224,92,102
SUPER_26,990000,0,0,0,0,0,0
SUPER_26,1000000,0,0,0,0,0,0
SUPER_26,1010000,0,0,0,0,0,0
SUPER_26,1020000,0,0,0,0,0,0
SUPER_26,1030000,215,12,16,243,116,99
SUPER_26,1040000,143,9,11,163,70,73
SUPER_26,1050000,328,31,10,369,175,153
SUPER_26,1060000,150,10,11,171,77,73
SUPER_26,1070000,45,3,6,54,23,22
SUPER_26,1080000,98,3,10,111,49,49
SUPER_26,1090000,100,8,12,120,55,45
SUPER_26,1100000,171,10,10,191,79,92
SUPER_26,1110000,0,0,0,0,0,0
SUPER_26,1120000,0,0,0,0,0,0
SUPER_26,1130000,38,4,2,44,18,20
SUPER_26,1140000,95,6,11,112,54,41
SUPER_26,1150000,210,18,17,245,110,100
SUPER_26,1160000,115,13,7,135,66,49
SUPER_26,1170000,10,2,1,13,5,5
SUPER_26,1180000,33,3,2,38,13,20
SUPER_26,1190000,1,1,0,2,0,1
SUPER_26,1200000,137,6,7,150,73,64
SUPER_26,1210000,0,0,0,0,0,0
SUPER_26,1220000,0,0,0,0,0,0
SUPER_26,1230000,183,17,16,216,92,91
SUPER_26,1240000,3,1,2,6,0,3
SUPER_26,1250000,313,24,26,363,145,168
SUPER_26,1260000,236,12,11,259,120,116
SUPER_26,1270000,52,3,4,59,23,29
SUPER_26,1280000,139,15,17,171,69,70
SUPER_26,1290000,195,10,19,224,101,94
SUPER_26,1300000,123,18,7,148,70,53
SUPER_26,1310000,111,12,7,130,45,66
SUPER_26,1320000,203,18,13,234,96,107
SUPER_26,1330000,112,12,4,128,49,63
SUPER_26,1340000,314,30,21,365,156,158
SUPER_26,1350000,375,37,30,442,201,174
SUPER_26,1360000,77,9,4,90,42,35
SUPER_26,1370000,2,2,0,4,2,0
SUPER_26,1380000,65,5,5,75,32,33
SUPER_26,1390000,204,28,16,248,100,104
SUPER_26,1400000,106,10,3,119,45,61
SUPER_26,1410000,414,41,36,491,224,190
SUPER_26,1420000,218,27,20,265,105,113
SUPER_26,1430000,77,11,2,90,42,35
SUPER_26,1440000,14,0,0,14,8,6
SUPER_26,1450000,67,9,6,82,30,37
SUPER_26,1460000,164,11,17,192,66,98
SUPER_26,1470000,49,7,3,59,22,27
SUPER_26,1480000,118,12,12,142,59,59
SUPER_26,1490000,427,48,29,504,228,199
SUPER_26,1500000,88,5,12,105,51,37
SUPER_26,1510000,200,9,11,220,86,114
SUPER_26,1520000,19,0,0,19,10,9
SUPER_26,1530000,201,17,15,233,99,102
SUPER_26,1540000,195,18,15,228,93,102
SUPER_26,1550000,307,18,34,359,163,144
SUPER_26,1560000,230,21,14,265,112,118
SUPER_26,1570000,360,25,43,428,188,172
SUPER_26,1580000,141,14,19,174,74,67
SUPER_26,1590000,219,15,20,254,118,101
SUPER_26,1600000,1,1,1,3,0,1
SUPER_26,1610000,54,3,2,59,26,28
SUPER_26,1620000,446,32,35,513,214,232
SUPER_26,1630000,456,26,41,523,246,210
SUPER_26,1640000,212,22,10,244,121,91
SUPER_26,1650000,149,7,11,167,72,77
SUPER_26,1660000,173,11,12,196,80,93
SUPER_26,1670000,410,26,37,473,223,187
SUPER_26,1680000,225,12,18,255,112,113
SUPER_26,1690000,387,31,30,448,220,167
SUPER_26,1700000,277,35,21,333,128,149
SUPER_26,1710000,330,25,26,381,159,171
SUPER_26,1720000,248,25,24,297,114,134
SUPER_26,1730000,463,33,47,543,197,266
SUPER_26,1740000,359,53,39,451,181,178
SUPER_26,1750000,359,39,44,442,171,188
SUPER_26,1760000,201,25,24,250,102,99
SUPER_26,1770000,249,24,21,294,137,112
SUPER_26,1780000,390,32,35,457,203,187
SUPER_26,1790000,439,33,37,509,216,223
SUPER_26,1800000,310,25,32,367,154,156
SUPER_26,1810000,374,24,34,432,199,175
SUPER_26,1820000,365,29,34,428,172,193
SUPER_26,1830000,367,38,38,443,168,199
SUPER_26,1840000,138,16,16,170,61,77
SUPER_26,1850000,424,38,39,501,214,210
SUPER_26,1860000,192,16,13,221,98,94
SUPER_26,1870000,61,2,4,67,31,30
SUPER_26,1880000,406,32,37,475,205,201
SUPER_26,1890000,54,5,4,63,28,26
SUPER_26,1900000,54,4,3,61,31,23
SUPER_26,1910000,287,20,21,328,146,141
SUPER_26,1920000,278,38,17,333,141,137
SUPER_26,1930000,0,0,0,0,0,0
SUPER_26,1940000,0,0,0,0,0,0
SUPER_26,1950000,0,0,0,0,0,0
SUPER_26,1960000,340,21,35,396,173,167
SUPER_26,1970000,0,0,0,0,0,0
SUPER_26,1980000,0,0,0,0,0,0
SUPER_26,1990000,0,0,0,0,0,0
SUPER_26,2000000,0,0,0,0,0,0
SUPER_26,2010000,0,0,0,0,0,0
SUPER_26,2020000,0,0,0,0,0,0
SUPER_26,2030000,271,19,19,309,136,135
SUPER_26,2040000,189,19,21,229,84,105
SUPER_26,2050000,118,10,8,136,68,50
SUPER_26,2060000,3,2,1,6,1,2
SUPER_26,2070000,70,4,5,79,38,32
SUPER_26,2080000,217,13,15,245,106,111
SUPER_26,2090000,171,15,10,196,81,90
SUPER_26,2100000,20,0,1,21,9,11
SUPER_26,2110000,200,14,12,226,93,107
SUPER_26,2120000,50,3,4,57,23,27
SUPER_26,2130000,101,9,3,113,51,50
SUPER_26,2140000,0,0,0,0,0,0
SUPER_26,2150000,0,0,0,0,0,0
SUPER_26,2160000,0,0,0,0,0,0
SUPER_26,2170000,163,15,7,185,84,79
SUPER_26,2180000,0,0,0,0,0,0
SUPER_26,2190000,0,0,0,0,0,0
SUPER_26,2200000,0,0,0,0,0,0
SUPER_26,2210000,0,0,0,0,0,0
SUPER_26,2220000,0,0,0,0,0,0
SUPER_26,2230000,0,0,0,0,0,0
SUPER_26,2240000,0,0,0,0,0,0
SUPER_26,2250000,0,0,0,0,0,0
SUPER_26,2260000,0,0,0,0,0,0
SUPER_26,2270000,131,6,9,146,67,64
SUPER_26,2280000,0,0,0,0,0,0
SUPER_26,2290000,0,0,0,0,0,0
SUPER_26,2300000,224,24,14,262,119,105
SUPER_26,2310000,219,18,27,264,95,124
SUPER_26,2320000,71,7,7,85,30,41
SUPER_26,2330000,91,7,11,109,47,44
SUPER_26,2340000,13,2,4,19,6,7
SUPER_26,2350000,16,3,0,19,10,6
SUPER_26,2360000,0,0,0,0,0,0
SUPER_26,2370000,0,0,0,0,0,0
SUPER_26,2380000,0,0,0,0,0,0
SUPER_26,2390000,47,5,1,53,25,22
SUPER_26,2400000,19,0,0,19,15,4
SUPER_26,2410000,32,3,3,38,13,19
SUPER_26,2420000,0,0,1,1,0,0
SUPER_26,2430000,0,0,2,2,0,0
SUPER_26,2440000,0,0,0,0,0,0
SUPER_26,2450000,0,0,0,0,0,0
SUPER_26,2460000,0,0,0,0,0,0
SUPER_26,2470000,92,4,6,102,51,41
SUPER_26,2480000,219,18,16,253,106,113
SUPER_26,2490000,62,8,5,75,31,31
SUPER_26,2500000,0,0,0,0,0,0
SUPER_26,2510000,0,0,0,0,0,0
SUPER_26,2520000,0,0,0,0,0,0
SUPER_26,2530000,1,1,0,2,0,1
SUPER_26,2540000,96,4,9,109,48,48
SUPER_26,2550000,0,0,0,0,0,0
SUPER_26,2560000,0,0,0,0,0,0
SUPER_26,2570000,0,0,0,0,0,0
SUPER_26,2580000,0,0,0,0,0,0
SUPER_26,2590000,0,0,0,0,0,0
SUPER_26,2600000,0,0,0,0,0,0
SUPER_26,2610000,0,0,0,0,0,0
SUPER_26,2620000,0,0,0,0,0,0
SUPER_26,2630000,0,0,0,0,0,0
SUPER_26,2640000,0,0,0,0,0,0
SUPER_26,2650000,0,0,0,0,0,0
SUPER_26,2660000,252,16,24,292,112,140
SUPER_26,2670000,0,0,0,0,0,0
SUPER_26,2680000,0,0,0,0,0,0
SUPER_26,2690000,140,15,11,166,70,70
SUPER_26,2700000,175,13,21,209,83,92
SUPER_26,2710000,18,0,0,18,10,8
SUPER_26,2720000,0,0,0,0,0,0
SUPER_26,2730000,0,0,0,0,0,0
SUPER_26,2740000,0,0,0,0,0,0
SUPER_26,2750000,0,0,0,0,0,0
SUPER_26,2760000,0,0,0,0,0,0
SUPER_26,2770000,199,18,16,233,102,97
SUPER_26,2780000,261,20,20,301,121,140
SUPER_26,2790000,103,6,3,112,50,53
SUPER_26,2800000,302,32,24,358,161,141
SUPER_26,2810000,151,8,11,170,85,66
SUPER_26,2820000,251,20,17,288,123,128
SUPER_26,2830000,197,23,18,238,100,97
SUPER_26,2840000,129,17,23,169,52,77
SUPER_26,2850000,433,47,44,524,210,223
SUPER_26,2860000,342,26,34,402,169,173
SUPER_26,2870000,111,10,6,127,52,59
SUPER_26,2880000,55,8,0,63,27,28
SUPER_26,2890000,392,36,30,458,203,189
SUPER_26,2900000,257,24,19,300,132,125
SUPER_26,2910000,490,53,35,578,233,257
SUPER_26,2920000,129,8,7,144,56,73
SUPER_26,2930000,25,0,3,28,15,10
SUPER_26,2940000,401,26,34,461,187,214
SUPER_26,2950000,335,41,35,411,166,169
SUPER_26,2960000,292,29,20,341,154,138
SUPER_26,2970000,143,18,17,178,63,80
SUPER_26,2980000,308,32,35,375,148,160
SUPER_26,2990000,356,27,41,424,196,160
SUPER_26,3000000,327,15,24,366,176,151
SUPER_26,3010000,237,6,3,246,144,93
SUPER_26,3020000,0,0,0,0,0,0
SUPER_26,3030000,0,0,0,0,0,0
SUPER_26,3040000,676,55,67,798,324,352
SUPER_26,3050000,330,27,37,394,163,167
SUPER_26,3060000,339,34,37,410,157,182
SUPER_26,3070000,316,20,23,359,151,165
SUPER_26,3080000,381,24,22,427,214,167
SUPER_26,3090000,178,11,9,198,101,77
SUPER_26,3100000,274,17,17,308,140,134
SUPER_26,3110000,44,4,4,52,19,25
SUPER_26,3120000,210,18,21,249,105,105
SUPER_26,3130000,436,30,31,497,212,224
SUPER_26,3140000,125,16,6,147,76,49
SUPER_26,3150000,106,5,6,117,61,45
SUPER_26,3160000,219,17,16,252,106,113
SUPER_26,3170000,299,35,27,361,140,159
SUPER_26,3180000,177,11,9,197,98,79
SUPER_26,3190000,182,18,16,216,102,80
SUPER_26,3200000,90,5,6,101,44,46
SUPER_26,3210000,354,35,32,421,186,168
SUPER_26,3220000,346,22,27,395,174,172
SUPER_26,3230000,376,46,31,453,188,188
SUPER_26,3240000,223,21,17,261,120,103
SUPER_26,3250000,161,5,3,169,101,60
SUPER_26,3260000,187,11,7,205,116,71
SUPER_26,3270000,214,8,23,245,108,106
SUPER_26,3280000,37,1,2,40,18,19
SUPER_26,3290000,252,19,30,301,130,122
SUPER_26,3300000,15,0,1,16,7,8
SUPER_26,3310000,75,12,12,99,35,40
SUPER_26,3320000,79,12,12,103,35,44
SUPER_26,3330000,0,0,0,0,0,0
SUPER_26,3340000,0,0,0,0,0,0
SUPER_26,3350000,116,11,12,139,59,57
SUPER_26,3360000,88,11,7,106,45,43
SUPER_26,3370000,0,0,0,0,0,0
SUPER_26,3380000,0,0,0,0,0,0
SUPER_26,3390000,0,0,0,0,0,0
SUPER_26,3400000,0,0,0,0,0,0
SUPER_26,3410000,0,0,0,0,0,0
SUPER_26,3420000,0,0,0,0,0,0
SUPER_26,3430000,0,0,0,0,0,0
SUPER_26,3440000,0,0,0,0,0,0
SUPER_26,3450000,0,0,0,0,0,0
SUPER_26,3460000,0,0,0,0,0,0
SUPER_26,3470000,0,0,0,0,0,0
SUPER_26,3480000,0,0,0,0,0,0
SUPER_26,3490000,0,0,0,0,0,0
SUPER_26,3500000,370,24,27,421,179,191
SUPER_26,3510000,190,31,25,246,78,112
SUPER_26,3520000,460,33,35,528,229,231
SUPER_26,3530000,295,29,21,345,137,158
SUPER_26,3540000,381,38,48,467,168,213
SUPER_26,3550000,382,27,38,447,189,193
SUPER_26,3560000,0,1,2,3,0,0
SUPER_26,3570000,144,10,8,162,77,67
SUPER_26,3580000,223,13,22,258,109,114
SUPER_26,3590000,142,12,13,167,81,61
SUPER_26,3600000,144,20,13,177,65,79
SUPER_26,3610000,142,10,6,158,85,57
SUPER_26,3620000,216,30,26,272,108,108
SUPER_26,3630000,333,42,38,413,162,171
SUPER_26,3640000,388,34,35,457,196,192
SUPER_26,3650000,381,33,35,449,185,196
SUPER_26,3660000,387,30,36,453,181,206
SUPER_26,3670000,199,16,14,229,101,98
SUPER_26,3680000,351,35,29,415,173,178
SUPER_26,3690000,248,23,14,285,124,124
SUPER_26,3700000,372,31,30,433,174,198
SUPER_26,3710000,493,52,37,582,208,285
SUPER_26,3720000,334,40,35,409,164,170
SUPER_26,3730000,319,26,32,377,155,164
SUPER_26,3740000,374,46,24,444,167,207
SUPER_26,3750000,100,4,11,115,41,59
SUPER_26,3760000,334,43,38,415,165,169
SUPER_26,3770000,415,36,36,487,221,194
SUPER_26,3780000,379,33,26,438,192,187
SUPER_26,3790000,185,18,20,223,94,91
SUPER_26,3800000,399,40,31,470,200,199
SUPER_26,3810000,100,10,9,119,55,45
SUPER_26,3820000,85,8,9,102,47,38
SUPER_26,3830000,228,20,21,269,104,124
SUPER_26,3840000,307,12,18,337,135,172
SUPER_26,3850000,449,26,31,506,228,221
SUPER_26,3860000,234,24,19,277,123,111
SUPER_26,3870000,232,29,20,281,115,117
SUPER_26,3880000,387,37,34,458,181,206
SUPER_26,3890000,412,29,28,469,210,202
SUPER_26,3900000,389,36,29,454,194,195
SUPER_26,3910000,257,37,17,311,119,138
SUPER_26,3920000,253,20,16,289,130,123
SUPER_26,3930000,263,21,22,306,124,139
SUPER_26,3940000,428,38,32,498,207,221
SUPER_26,3950000,460,56,48,564,234,226
SUPER_26,3960000,367,45,31,443,202,165
SUPER_26,3970000,477,53,50,580,250,227
SUPER_26,3980000,291,34,27,352,165,126
SUPER_26,3990000,199,15,20,234,100,99
SUPER_26,4000000,186,19,18,223,91,95
SUPER_26,4010000,263,24,31,318,125,138
SUPER_26,4020000,184,26,36,246,85,99
SUPER_26,4030000,0,0,0,0,0,0
SUPER_26,4040000,0,0,0,0,0,0
SUPER_26,4050000,0,0,0,0,0,0
SUPER_26,4060000,479,38,36,553,252,227
SUPER_26,4070000,236,32,27,295,107,129
SUPER_26,4080000,329,28,24,381,170,159
SUPER_26,4090000,444,52,39,535,233,211
SUPER_26,4100000,324,32,29,385,149,175
SUPER_26,4110000,2,1,0,3,0,2
SUPER_26,4120000,47,5,7,59,30,17
SUPER_26,4130000,403,29,42,474,198,205
SUPER_26,4140000,409,26,33,468,219,190
SUPER_26,4150000,355,37,47,439,164,191
SUPER_26,4160000,309,31,19,359,159,150
SUPER_26,4170000,52,4,3,59,37,15
SUPER_26,4180000,415,22,39,476,222,193
SUPER_26,4190000,304,38,31,373,139,165
SUPER_26,4200000,344,35,26,405,159,185
SUPER_26,4210000,195,24,17,236,94,101
SUPER_26,4220000,0,0,0,0,0,0
SUPER_26,4230000,0,0,0,0,0,0
SUPER_26,4240000,0,0,0,0,0,0
SUPER_26,4250000,2,0,1,3,0,2
SUPER_26,4260000,94,7,3,104,54,40
SUPER_26,4270000,0,0,0,0,0,0
SUPER_26,4280000,0,0,0,0,0,0
SUPER_26,4290000,104,10,4,118,57,47
SUPER_26,4300000,75,3,2,80,40,35
SUPER_26,4310000,0,0,0,0,0,0
SUPER_26,4320000,0,0,0,0,0,0
SUPER_26,4330000,143,16,9,168,75,68
SUPER_26,4340000,155,14,8,177,68,87
SUPER_26,4350000,53,2,5,60,23,30
SUPER_26,4360000,0,0,0,0,0,0
SUPER_26,4370000,0,0,0,0,0,0
SUPER_26,4380000,613,58,61,732,300,313
SUPER_26,4390000,62,4,8,74,33,29
SUPER_26,4400000,164,10,7,181,80,84
SUPER_26,4410000,191,19,12,222,104,87
SUPER_26,4420000,145,10,17,172,63,82
SUPER_26,4430000,0,0,0,0,0,0
SUPER_26,4440000,0,0,0,0,0,0
SUPER_26,4450000,0,0,0,0,0,0
SUPER_26,4460000,0,0,0,0,0,0
SUPER_26,4470000,288,22,27,337,144,144
SUPER_26,4480000,238,26,14,278,117,121
SUPER_26,4490000,87,4,5,96,43,44
SUPER_26,4500000,278,44,36,358,131,147
SUPER_26,4510000,39,13,9,61,18,21
SUPER_26,4520000,15,0,2,17,5,10
SUPER_26,4530000,0,1,0,1,0,0
SUPER_26,4540000,36,8,5,49,21,15
SUPER_26,4550000,88,26,12,126,48,40
SUPER_26,4560000,98,27,11,136,48,50
SUPER_26,4570000,13,1,0,14,4,9
SUPER_26,4580000,48,1,0,49,32,16
SUPER_26,4590000,2,2,1,5,1,1
SUPER_26,4600000,9,1,1,11,8,1
SUPER_26,4610000,5,2,1,8,0,5
SUPER_26,4620000,35,8,15,58,17,18
SUPER_26,4630000,140,26,20,186,66,74
SUPER_26,4640000,52,22,9,83,22,30
SUPER_26,4650000,54,19,11,84,24,30
SUPER_26,4660000,19,4,1,24,10,9
SUPER_26,4670000,93,10,7,110,45,48
SUPER_26,4680000,1,0,0,1,0,1
SUPER_26,4690000,7,0,1,8,4,3
SUPER_26,4700000,63,4,4,71,33,30
SUPER_26,4710000,0,1,0,1,0,0
SUPER_26,4720000,0,0,0,0,0,0
SUPER_26,4730000,0,0,0,0,0,0
SUPER_26,4740000,42,1,2,45,21,21
SUPER_26,4750000,177,10,5,192,103,74
SUPER_26,4760000,16,0,1,17,6,10
SUPER_26,4770000,17,1,0,18,8,9
SUPER_26,4780000,0,0,0,0,0,0
SUPER_26,4790000,0,0,0,0,0,0
SUPER_26,4800000,0,0,0,0,0,0
SUPER_26,4810000,0,0,0,0,0,0
SUPER_26,4820000,192,15,13,220,96,96
SUPER_26,4830000,39,2,3,44,19,20
SUPER_26,4840000,76,2,6,84,36,40
SUPER_26,4850000,26,4,4,34,12,14
SUPER_26,4860000,96,15,11,122,51,45
SUPER_26,4870000,66,4,4,74,34,32
SUPER_26,4880000,176,13,21,210,87,89
SUPER_26,4890000,29,4,2,35,18,11
SUPER_26,4900000,105,6,18,129,50,55
SUPER_26,4910000,0,0,0,0,0,0
SUPER_26,4920000,0,0,0,0,0,0
SUPER_26,4930000,12,3,1,16,9,3
SUPER_26,4940000,147,17,16,180,79,68
SUPER_26,4950000,0,0,0,0,0,0
SUPER_26,4960000,0,0,0,0,0,0
SUPER_26,4970000,14,1,3,18,8,6
SUPER_26,4980000,7,1,0,8,5,2
SUPER_26,4990000,0,0,2,2,0,0
SUPER_26,5000000,0,0,0,0,0,0
SUPER_26,5010000,0,0,0,0,0,0
SUPER_26,5020000,0,0,0,0,0,0
SUPER_26,5030000,0,0,0,0,0,0
SUPER_26,5040000,0,0,0,0,0,0
SUPER_26,5050000,0,0,0,0,0,0
SUPER_26,5060000,0,0,0,0,0,0
SUPER_26,5070000,0,0,0,0,0,0
SUPER_26,5080000,0,0,0,0,0,0
SUPER_26,5090000,189,22,15,226,90,99
SUPER_26,5100000,0,0,0,0,0,0
SUPER_26,5110000,0,0,0,0,0,0
SUPER_26,5120000,87,9,8,104,48,39
SUPER_26,5130000,35,1,0,36,22,13
SUPER_26,5140000,0,2,0,2,0,0
SUPER_26,5150000,0,1,0,1,0,0
SUPER_26,5160000,31,3,2,36,19,12
SUPER_26,5170000,0,0,0,0,0,0
SUPER_26,5180000,0,0,0,0,0,0
SUPER_26,5190000,0,0,0,0,0,0
SUPER_26,5200000,94,5,11,110,50,44
SUPER_26,5210000,53,5,1,59,28,25
SUPER_26,5220000,68,10,4,82,32,36
SUPER_26,5230000,28,6,7,41,15,13
SUPER_26,5240000,61,6,7,74,31,30
SUPER_26,5250000,48,5,1,54,23,25
SUPER_26,5260000,44,3,6,53,21,23
SUPER_26,5270000,63,3,10,76,28,35
SUPER_26,5280000,8,1,1,10,5,3
SUPER_26,5290000,137,10,6,153,59,78
SUPER_26,5300000,113,9,15,137,63,50
SUPER_26,5310000,0,0,0,0,0,0
SUPER_26,5320000,0,0,0,0,0,0
SUPER_26,5330000,178,19,23,220,95,83
SUPER_26,5340000,137,8,6,151,80,57
SUPER_26,5350000,0,0,0,0,0,0
SUPER_26,5360000,0,0,0,0,0,0
SUPER_26,5370000,198,15,28,241,103,95
SUPER_26,5380000,58,3,3,64,30,28
SUPER_26,5390000,169,25,14,208,85,84
SUPER_26,5400000,100,7,3,110,42,58
SUPER_26,5410000,40,7,8,55,17,23
SUPER_26,5420000,0,0,0,0,0,0
SUPER_26,5430000,0,0,0,0,0,0
SUPER_26,5440000,62,5,4,71,34,28
SUPER_26,5450000,117,12,7,136,70,47
SUPER_26,5460000,116,21,11,148,55,61
SUPER_26,5470000,0,0,0,0,0,0
SUPER_26,5480000,0,0,0,0,0,0
SUPER_26,5490000,0,0,0,0,0,0
SUPER_26,5500000,31,5,2,38,13,18
SUPER_26,5510000,22,1,0,23,13,9
SUPER_26,5520000,125,8,12,145,62,63
SUPER_26,5530000,45,6,2,53,22,23
SUPER_26,5540000,86,6,3,95,49,37
SUPER_26,5550000,79,9,8,96,39,40
SUPER_26,5560000,118,8,7,133,50,68
SUPER_26,5570000,88,3,6,97,43,45
SUPER_26,5580000,60,6,4,70,18,42
SUPER_26,5590000,120,5,4,129,82,38
SUPER_26,5600000,28,1,1,30,20,8
SUPER_26,5610000,142,17,7,166,70,72
SUPER_26,5620000,265,32,34,331,113,152
SUPER_26,5630000,70,8,6,84,37,33
SUPER_26,5640000,86,6,5,97,53,33
SUPER_26,5650000,85,10,10,105,46,39
SUPER_26,5660000,58,11,8,77,21,37
SUPER_26,5670000,131,11,10,152,58,73
SUPER_26,5680000,0,0,0,0,0,0
SUPER_26,5690000,0,0,0,0,0,0
SUPER_26,5700000,254,10,8,272,144,110
SUPER_26,5710000,0,0,0,0,0,0
SUPER_26,5720000,0,0,0,0,0,0
SUPER_26,5730000,0,0,0,0,0,0
SUPER_26,5740000,0,0,0,0,0,0
SUPER_26,5750000,0,0,0,0,0,0
SUPER_26,5760000,0,0,0,0,0,0
SUPER_26,5770000,0,0,0,0,0,0
SUPER_26,5780000,0,0,0,0,0,0
SUPER_26,5790000,425,42,34,501,233,192
SUPER_26,5800000,96,8,14,118,49,47
SUPER_26,5810000,23,3,4,30,10,13
SUPER_26,5820000,29,6,2,37,19,10
SUPER_26,5830000,2,2,0,4,2,0
SUPER_26,5840000,0,0,0,0,0,0
SUPER_26,5850000,0,0,0,0,0,0
SUPER_26,5860000,89,8,8,105,48,41
SUPER_26,5870000,113,10,13,136,65,48
SUPER_26,5880000,0,0,1,1,0,0
SUPER_26,5890000,0,1,0,1,0,0
SUPER_26,5900000,45,4,2,51,26,19
SUPER_26,5910000,345,23,18,386,163,182
SUPER_26,5920000,101,6,8,115,47,54
SUPER_26,5930000,390,43,35,468,184,206
SUPER_26,5940000,99,9,9,117,46,53
SUPER_26,5950000,133,12,13,158,72,61
SUPER_26,5960000,276,33,19,328,134,142
SUPER_26,5970000,345,30,38,413,154,191
SUPER_26,5980000,366,40,35,441,179,187
SUPER_26,5990000,406,38,35,479,189,217
SUPER_26,6000000,350,22,25,397,171,179
SUPER_26,6010000,65,5,6,76,24,41
SUPER_26,6020000,393,35,28,456,203,190
SUPER_26,6030000,338,25,22,385,169,169
SUPER_26,6040000,343,29,42,414,159,184
SUPER_26,6050000,243,26,19,288,119,124
SUPER_26,6060000,300,33,33,366,152,148
SUPER_26,6070000,0,0,0,0,0,0
SUPER_26,6080000,0,0,0,0,0,0
SUPER_26,6090000,5,2,1,8,2,3
SUPER_26,6100000,0,0,0,0,0,0
SUPER_26,6110000,0,0,0,0,0,0
SUPER_26,6120000,69,7,8,84,34,35
SUPER_26,6130000,114,12,11,137,57,57
SUPER_26,6140000,35,0,4,39,11,24
SUPER_26,6150000,19,1,0,20,10,9
SUPER_26,6160000,10,1,3,14,5,5
SUPER_26,6170000,215,25,17,257,101,114
SUPER_26,6180000,135,12,13,160,61,74
SUPER_26,6190000,103,6,15,124,46,57
SUPER_26,6200000,11,1,0,12,10,1
SUPER_26,6210000,76,6,11,93,48,28
SUPER_26,6220000,229,27,17,273,112,117
SUPER_26,6230000,95,6,9,110,49,46
SUPER_26,6240000,104,10,14,128,59,45
SUPER_26,6250000,0,0,0,0,0,0
SUPER_26,6260000,0,0,0,0,0,0
SUPER_26,6270000,139,14,17,170,64,75
SUPER_26,6280000,65,6,5,76,34,31
SUPER_26,6290000,83,7,9,99,37,46
SUPER_26,6300000,0,0,0,0,0,0
SUPER_26,6310000,0,0,0,0,0,0
SUPER_26,6320000,4,1,1,6,3,1
SUPER_26,6330000,152,15,11,178,77,75
SUPER_26,6340000,59,6,8,73,32,27
SUPER_26,6350000,31,7,7,45,15,16
SUPER_26,6360000,54,5,5,64,19,35
SUPER_26,6370000,83,12,8,103,34,49
SUPER_26,6380000,76,13,5,94,40,36
SUPER_26,6390000,78,8,9,95,43,35
SUPER_26,6400000,55,5,5,65,33,22
SUPER_26,6410000,312,30,30,372,152,160
SUPER_26,6420000,423,37,45,505,215,208
SUPER_26,6430000,281,27,33,341,136,145
SUPER_26,6440000,363,36,35,434,169,194
SUPER_26,6450000,291,30,26,347,140,151
SUPER_26,6460000,410,35,29,474,204,206
SUPER_26,6470000,228,34,22,284,93,135
SUPER_26,6480000,270,29,29,328,152,118
SUPER_26,6490000,282,25,22,329,148,134
SUPER_26,6500000,309,48,41,398,169,140
SUPER_26,6510000,386,40,33,459,184,202
SUPER_26,6520000,323,28,24,375,161,162
SUPER_26,6530000,0,1,0,1,0,0
SUPER_26,6540000,341,26,34,401,171,170
SUPER_26,6550000,385,37,30,452,217,168
SUPER_26,6560000,357,42,35,434,177,180
SUPER_26,6570000,142,9,11,162,74,68
SUPER_26,6580000,192,25,21,238,98,94
SUPER_26,6590000,372,40,31,443,167,205
SUPER_26,6600000,187,16,14,217,87,100
SUPER_26,6610000,430,42,39,511,231,199
SUPER_26,6620000,416,36,29,481,192,224
SUPER_26,6630000,272,17,25,314,147,125
SUPER_26,6640000,0,1,0,1,0,0
SUPER_26,6650000,327,41,29,397,153,174
SUPER_26,6660000,119,8,17,144,63,56
SUPER_26,6670000,336,23,41,400,162,174
SUPER_26,6680000,191,15,10,216,102,89
SUPER_26,6690000,271,25,17,313,135,136
SUPER_26,6700000,156,18,21,195,88,68
SUPER_26,6710000,0,1,0,1,0,0
SUPER_26,6720000,216,30,21,267,111,105
SUPER_26,6730000,38,4,2,44,20,18
SUPER_26,6740000,293,23,28,344,123,170
SUPER_26,6750000,342,30,38,410,175,167
SUPER_26,6760000,428,43,44,515,210,218
SUPER_26,6770000,310,28,31,369,145,165
SUPER_26,6780000,189,15,13,217,100,89
SUPER_26,6790000,285,26,27,338,120,165
SUPER_26,6800000,204,21,24,249,107,97
SUPER_26,6810000,174,32,15,221,83,91
SUPER_26,6820000,34,6,3,43,25,9
SUPER_26,6830000,62,5,10,77,37,25
SUPER_26,6840000,208,11,27,246,97,111
SUPER_26,6850000,369,38,35,442,182,187
SUPER_26,6860000,294,33,36,363,144,150
SUPER_26,6870000,283,32,23,338,134,149
SUPER_26,6880000,268,26,29,323,134,134
SUPER_26,6890000,183,16,16,215,103,80
SUPER_26,6900000,296,28,27,351,141,155
SUPER_26,6910000,58,4,3,65,31,27
SUPER_26,6920000,1,0,1,2,0,1
SUPER_26,6930000,0,0,0,0,0,0
SUPER_26,6940000,0,0,0,0,0,0
SUPER_26,6950000,215,17,11,243,111,104
SUPER_26,6960000,118,12,15,145,56,62
SUPER_26,6970000,302,25,27,354,148,154
SUPER_26,6980000,229,26,24,279,116,113
SUPER_26,6990000,256,22,25,303,111,145
SUPER_26,7000000,330,30,24,384,168,162
SUPER_26,7010000,185,29,18,232,103,82
SUPER_26,7020000,94,9,11,114,40,54
SUPER_26,7030000,193,26,15,234,96,97
SUPER_26,7040000,97,9,13,119,43,54
SUPER_26,7050000,0,0,0,0,0,0
SUPER_26,7060000,0,0,0,0,0,0
SUPER_26,7070000,115,9,4,128,54,61
SUPER_26,7080000,13,1,0,14,6,7
SUPER_26,7090000,82,13,6,101,40,42
SUPER_26,7100000,58,5,7,70,35,23
SUPER_26,7110000,44,0,5,49,26,18
SUPER_26,7120000,16,4,3,23,10,6
SUPER_26,7130000,56,3,3,62,31,25
SUPER_26,7140000,0,0,0,0,0,0
SUPER_26,7150000,0,0,0,0,0,0
SUPER_26,7160000,0,0,0,0,0,0
SUPER_26,7170000,0,0,0,0,0,0
SUPER_26,7180000,111,10,8,129,56,55
SUPER_26,7190000,60,1,2,63,31,29
SUPER_26,7200000,0,0,0,0,0,0
SUPER_26,7210000,0,0,0,0,0,0
SUPER_26,7220000,0,1,1,2,0,0
SUPER_26,7230000,26,3,3,32,11,15
SUPER_26,7240000,113,14,18,145,58,55
SUPER_26,7250000,155,18,17,190,76,79
SUPER_26,7260000,188,25,17,230,101,87
SUPER_26,7270000,229,28,18,275,110,119
SUPER_26,7280000,292,29,20,341,150,142
SUPER_26,7290000,234,31,19,284,111,123
SUPER_26,7300000,149,13,13,175,77,72
SUPER_26,7310000,293,20,16,329,131,162
SUPER_26,7320000,183,18,15,216,99,84
SUPER_26,7330000,358,41,42,441,182,176
SUPER_26,7340000,330,24,33,387,191,139
SUPER_26,7350000,350,34,34,418,159,191
SUPER_26,7360000,235,24,14,273,111,124
SUPER_26,7370000,110,9,13,132,64,46
SUPER_26,7380000,244,24,17,285,134,110
SUPER_26,7390000,330,43,41,414,157,173
SUPER_26,7400000,318,27,30,375,156,162
SUPER_26,7410000,0,0,0,0,0,0
SUPER_26,7420000,0,0,0,0,0,0
SUPER_26,7430000,753,67,54,874,348,405
SUPER_26,7440000,445,52,43,540,194,251
SUPER_26,7450000,118,15,9,142,59,59
SUPER_26,7460000,309,26,37,372,161,148
SUPER_26,7470000,254,21,23,298,126,128
SUPER_26,7480000,236,21,17,274,117,119
SUPER_26,7490000,483,40,33,556,253,230
SUPER_26,7500000,240,18,21,279,118,122
SUPER_26,7510000,286,29,23,338,139,147
SUPER_26,7520000,299,36,22,357,149,150
SUPER_26,7530000,297,29,24,350,155,142
SUPER_26,7540000,390,35,38,463,213,177
SUPER_26,7550000,317,22,27,366,172,145
SUPER_26,7560000,396,48,27,471,195,201
SUPER_26,7570000,115,12,13,140,50,65
SUPER_26,7580000,285,29,13,327,119,166
SUPER_26,7590000,374,46,34,454,174,200
SUPER_26,7600000,170,28,16,214,71,99
SUPER_26,7610000,352,37,39,428,177,175
SUPER_26,7620000,362,38,43,443,186,176
SUPER_26,7630000,312,35,25,372,140,172
SUPER_26,7640000,263,16,22,301,136,127
SUPER_26,7650000,178,18,21,217,81,97
SUPER_26,7660000,243,23,19,285,116,127
SUPER_26,7670000,227,20,21,268,122,105
SUPER_26,7680000,327,34,31,392,152,175
SUPER_26,7690000,358,39,34,431,183,175
SUPER_26,7700000,121,14,14,149,61,60
SUPER_26,7710000,393,46,31,470,185,208
SUPER_26,7720000,298,20,26,344,153,145
SUPER_26,7730000,284,35,31,350,139,145
SUPER_26,7740000,173,16,16,205,77,96
SUPER_26,7750000,299,30,27,356,135,164
SUPER_26,7760000,238,17,18,273,120,118
SUPER_26,7770000,24,5,2,31,12,12
SUPER_26,7780000,309,27,28,364,149,160
SUPER_26,7790000,502,38,51,591,234,268
SUPER_26,7800000,224,27,17,268,135,89
SUPER_26,7810000,369,25,22,416,204,165
SUPER_26,7820000,269,21,28,318,125,144
SUPER_26,7830000,310,32,27,369,157,153
SUPER_26,7840000,280,21,23,324,142,138
SUPER_26,7850000,285,33,23,341,146,139
SUPER_26,7860000,412,37,40,489,215,197
SUPER_26,7870000,326,22,27,375,161,165
SUPER_26,7880000,222,21,22,265,108,114
SUPER_26,7890000,288,37,33,358,139,149
SUPER_26,7900000,212,27,27,266,111,101
SUPER_26,7910000,282,31,26,339,135,147
SUPER_26,7920000,218,17,20,255,97,121
SUPER_26,7930000,5,1,1,7,2,3
SUPER_26,7940000,259,28,20,307,114,145
SUPER_26,7950000,449,31,32,512,236,213
SUPER_26,7960000,217,17,14,248,98,119
SUPER_26,7970000,375,48,49,472,179,196
SUPER_26,7980000,429,43,36,508,208,221
SUPER_26,7990000,113,20,10,143,59,54
SUPER_26,8000000,209,25,15,249,102,107
SUPER_26,8010000,89,20,4,113,40,49
SUPER_26,8020000,474,38,39,551,209,265
SUPER_26,8030000,369,37,43,449,186,183
SUPER_26,8040000,387,40,38,465,187,200
SUPER_26,8050000,202,18,15,235,104,98
SUPER_26,8060000,393,60,36,489,165,228
SUPER_26,8070000,150,20,19,189,64,86
SUPER_26,8080000,272,28,36,336,134,138
SUPER_26,8090000,292,27,22,341,129,163
SUPER_26,8100000,346,38,28,412,159,187
SUPER_26,8110000,363,29,27,419,191,172
SUPER_26,8120000,358,36,42,436,192,166
SUPER_26,8130000,404,52,33,489,217,187
SUPER_26,8140000,343,37,44,424,186,157
SUPER_26,8150000,425,47,28,500,218,207
SUPER_26,8160000,385,41,36,462,194,191
SUPER_26,8170000,215,27,25,267,98,117
SUPER_26,8180000,272,26,26,324,123,149
SUPER_26,8190000,211,20,18,249,87,124
SUPER_26,8200000,468,49,38,555,224,244
SUPER_26,8210000,338,42,28,408,171,167
SUPER_26,8220000,126,15,5,146,61,65
SUPER_26,8230000,294,27,26,347,143,151
SUPER_26,8240000,374,33,35,442,175,199
SUPER_26,8250000,371,30,29,430,184,187
SUPER_26,8260000,408,46,29,483,185,223
SUPER_26,8270000,342,31,32,405,173,169
SUPER_26,8280000,347,26,34,407,194,153
SUPER_26,8290000,389,36,28,453,195,194
SUPER_26,8300000,355,24,40,419,199,156
SUPER_26,8310000,407,40,40,487,195,212
SUPER_26,8320000,203,18,24,245,104,99
SUPER_26,8330000,214,32,38,284,111,103
SUPER_26,8340000,294,26,24,344,157,137
SUPER_26,8350000,0,1,0,1,0,0
SUPER_26,8360000,217,20,20,257,108,109
SUPER_26,8370000,0,1,0,1,0,0
SUPER_26,8380000,125,5,9,139,67,58
SUPER_26,8390000,46,4,7,57,28,18
SUPER_26,8400000,38,3,3,44,19,19
SUPER_26,8410000,142,11,13,166,72,70
SUPER_26,8420000,289,39,36,364,136,153
SUPER_26,8430000,343,41,35,419,151,192
SUPER_26,8440000,264,27,33,324,131,133
SUPER_26,8450000,324,37,30,391,152,172
SUPER_26,8460000,326,28,28,382,165,161
SUPER_26,8470000,341,25,40,406,178,163
SUPER_26,8480000,363,41,34,438,186,177
SUPER_26,8490000,332,20,25,377,197,135
SUPER_26,8500000,252,25,30,307,120,132
SUPER_26,8510000,241,22,20,283,116,125
SUPER_26,8520000,405,42,41,488,210,195
SUPER_26,8530000,278,34,31,343,132,146
SUPER_26,8540000,268,16,22,306,146,122
SUPER_26,8550000,230,17,24,271,129,101
SUPER_26,8560000,188,14,10,212,87,101
SUPER_26,8570000,293,26,22,341,142,151
SUPER_26,8580000,335,44,22,401,161,174
SUPER_26,8590000,333,26,32,391,174,159
SUPER_26,8600000,224,14,20,258,127,97
SUPER_26,8610000,185,22,15,222,100,85
SUPER_26,8620000,238,12,17,267,131,107
SUPER_26,8630000,212,12,20,244,111,101
SUPER_26,8640000,321,29,25,375,165,156
SUPER_26,8650000,424,32,26,482,206,218
SUPER_26,8660000,303,35,26,364,151,152
SUPER_26,8670000,248,32,28,308,135,113
SUPER_26,8680000,293,27,29,349,150,143
SUPER_26,8690000,485,51,42,578,244,241
SUPER_26,8700000,393,49,32,474,177,216
SUPER_26,8710000,366,39,23,428,195,171
SUPER_26,8720000,358,27,32,417,189,169
SUPER_26,8730000,380,26,33,439,199,181
SUPER_26,8740000,338,29,26,393,183,155
SUPER_26,8750000,280,25,26,331,146,134
SUPER_26,8760000,318,30,28,376,138,180
SUPER_26,8770000,243,16,28,287,132,111
SUPER_26,8780000,102,13,18,133,54,48
SUPER_26,8790000,112,16,13,141,59,53
SUPER_26,8800000,82,7,4,93,52,30
SUPER_26,8810000,88,4,5,97,43,45
SUPER_26,8820000,34,4,0,38,17,17
SUPER_26,8830000,2,0,0,2,1,1
SUPER_26,8840000,0,0,0,0,0,0
SUPER_26,8850000,0,0,0,0,0,0
SUPER_26,8860000,2,1,0,3,2,0
SUPER_26,8870000,0,0,0,0,0,0
SUPER_26,8880000,0,0,0,0,0,0
SUPER_26,8890000,14,0,1,15,6,8
SUPER_26,8900000,0,0,0,0,0,0
SUPER_26,8910000,0,0,0,0,0,0
SUPER_26,8920000,0,0,0,0,0,0
SUPER_26,8930000,0,0,0,0,0,0
SUPER_26,8940000,6,0,0,6,1,5
SUPER_26,8950000,12,0,2,14,4,8
SUPER_26,8960000,21,2,0,23,4,17
SUPER_26,8970000,34,15,4,53,12,22
SUPER_26,8980000,12,11,3,26,7,5
SUPER_26,8990000,38,10,3,51,12,26
SUPER_26,9000000,5,4,0,9,2,3
SUPER_26,9010000,1,1,0,2,0,1
SUPER_26,9020000,4,3,0,7,2,2
SUPER_26,9030000,2,2,2,6,1,1
SUPER_26,9040000,62,8,3,73,21,41
SUPER_26,9050000,0,0,0,0,0,0
SUPER_26,9060000,0,0,0,0,0,0
SUPER_26,9070000,7,3,2,12,3,4
SUPER_26,9080000,0,0,0,0,0,0
SUPER_26,9090000,0,0,0,0,0,0
SUPER_26,9100000,0,0,0,0,0,0
SUPER_26,9110000,51,15,6,72,12,39
SUPER_26,9120000,7,2,7,16,4,3
SUPER_26,9130000,30,5,7,42,11,19
SUPER_26,9140000,42,7,5,54,16,26
SUPER_26,9150000,0,0,0,0,0,0
SUPER_26,9160000,0,0,0,0,0,0
SUPER_26,9170000,0,0,0,0,0,0
SUPER_26,9180000,49,3,0,52,31,18
SUPER_26,9190000,67,2,2,71,42,25
SUPER_26_unloc_1,10000,113,13,12,138,71,42
SUPER_26_unloc_1,20000,18,3,6,27,9,9
SUPER_26_unloc_1,30000,9,4,2,15,3,6
SUPER_26_unloc_1,40000,4,0,0,4,2,2
SUPER_26_unloc_1,50000,26,5,2,33,12,14
SUPER_26_unloc_2,10000,6,0,1,7,5,1
SUPER_26_unloc_2,20000,12,1,0,13,4,8
SUPER_27,10000,2,0,0,2,0,2
SUPER_27,20000,307,21,32,360,176,131
SUPER_27,30000,4,1,0,5,2,2
SUPER_27,40000,272,25,17,314,141,131
SUPER_27,50000,451,54,33,538,246,205
SUPER_27,60000,369,31,47,447,180,189
SUPER_27,70000,395,33,37,465,219,176
SUPER_27,80000,326,29,20,375,154,172
SUPER_27,90000,410,30,32,472,206,204
SUPER_27,100000,104,13,7,124,55,49
SUPER_27,110000,364,27,38,429,200,164
SUPER_27,120000,354,41,41,436,183,171
SUPER_27,130000,474,35,44,553,242,232
SUPER_27,140000,311,27,30,368,150,161
SUPER_27,150000,400,33,32,465,197,203
SUPER_27,160000,349,30,24,403,179,170
SUPER_27,170000,395,26,32,453,200,195
SUPER_27,180000,387,30,29,446,186,201
SUPER_27,190000,361,29,23,413,183,178
SUPER_27,200000,241,19,20,280,107,134
SUPER_27,210000,20,1,3,24,10,10
SUPER_27,220000,136,7,9,152,48,88
SUPER_27,230000,344,17,13,374,102,242
SUPER_27,240000,374,11,10,395,108,266
SUPER_27,250000,0,0,0,0,0,0
SUPER_27,260000,0,0,0,0,0,0
SUPER_27,270000,8,0,0,8,5,3
SUPER_27,280000,3,0,0,3,0,3
SUPER_27,290000,5,0,0,5,3,2
SUPER_27,300000,3,0,0,3,1,2
SUPER_27,310000,9,0,0,9,3,6
SUPER_27,320000,123,10,6,139,64,59
SUPER_27,330000,366,25,37,428,190,176
SUPER_27,340000,390,36,38,464,206,184
SUPER_27,350000,387,28,37,452,198,189
SUPER_27,360000,303,38,23,364,146,157
SUPER_27,370000,203,20,21,244,105,98
SUPER_27,380000,353,40,29,422,172,181
SUPER_27,390000,429,33,35,497,209,220
SUPER_27,400000,419,26,42,487,202,217
SUPER_27,410000,297,21,32,350,184,113
SUPER_27,420000,256,24,21,301,127,129
SUPER_27,430000,0,0,0,0,0,0
SUPER_27,440000,0,0,0,0,0,0
SUPER_27,450000,0,0,0,0,0,0
SUPER_27,460000,613,55,53,721,328,285
SUPER_27,470000,330,36,43,409,172,158
SUPER_27,480000,358,25,29,412,158,200
SUPER_27,490000,206,12,14,232,107,99
SUPER_27,500000,326,30,41,397,155,171
SUPER_27,510000,295,35,23,353,159,136
SUPER_27,520000,331,29,24,384,189,142
SUPER_27,530000,388,36,31,455,198,190
SUPER_27,540000,86,6,2,94,43,43
SUPER_27,550000,219,20,20,259,90,129
SUPER_27,560000,397,28,45,470,197,200
SUPER_27,570000,308,32,15,355,153,155
SUPER_27,580000,472,51,30,553,236,236
SUPER_27,590000,415,44,40,499,196,219
SUPER_27,600000,199,21,16,236,109,90
SUPER_27,610000,162,16,13,191,77,85
SUPER_27,620000,285,27,27,339,137,148
SUPER_27,630000,397,43,32,472,177,220
SUPER_27,640000,337,33,23,393,180,157
SUPER_27,650000,324,29,26,379,168,156
SUPER_27,660000,186,23,21,230,92,94
SUPER_27,670000,113,13,16,142,63,50
SUPER_27,680000,341,26,21,388,159,182
SUPER_27,690000,440,42,46,528,223,217
SUPER_27,700000,432,32,29,493,199,233
SUPER_27,710000,411,40,45,496,204,207
SUPER_27,720000,419,38,47,504,199,220
SUPER_27,730000,317,39,25,381,167,150
SUPER_27,740000,181,10,13,204,87,94
SUPER_27,750000,176,19,12,207,88,88
SUPER_27,760000,200,10,11,221,106,94
SUPER_27,770000,275,35,19,329,155,120
SUPER_27,780000,355,34,32,421,188,167
SUPER_27,790000,381,33,34,448,187,194
SUPER_27,800000,440,44,36,520,218,222
SUPER_27,810000,413,32,38,483,199,214
SUPER_27,820000,338,39,25,402,165,173
SUPER_27,830000,389,41,25,455,194,195
SUPER_27,840000,335,23,18,376,182,153
SUPER_27,850000,170,16,16,202,85,85
SUPER_27,860000,519,43,41,603,236,283
SUPER_27,870000,387,27,41,455,207,180
SUPER_27,880000,386,44,38,468,187,199
SUPER_27,890000,489,38,39,566,252,237
SUPER_27,900000,0,0,0,0,0,0
SUPER_27,910000,0,0,0,0,0,0
SUPER_27,920000,118,10,7,135,68,50
SUPER_27,930000,367,30,29,426,184,183
SUPER_27,940000,279,19,20,318,133,146
SUPER_27,950000,181,12,19,212,97,84
SUPER_27,960000,371,41,33,445,185,186
SUPER_27,970000,237,23,23,283,99,138
SUPER_27,980000,287,40,32,359,146,141
SUPER_27,990000,371,37,36,444,189,182
SUPER_27,1000000,173,19,7,199,94,79
SUPER_27,1010000,200,17,20,237,97,103
SUPER_27,1020000,380,42,39,461,205,175
SUPER_27,1030000,356,29,36,421,171,185
SUPER_27,1040000,370,42,40,452,192,178
SUPER_27,1050000,0,0,0,0,0,0
SUPER_27,1060000,0,0,0,0,0,0
SUPER_27,1070000,0,0,0,0,0,0
SUPER_27,1080000,0,0,0,0,0,0
SUPER_27,1090000,0,0,0,0,0,0
SUPER_27,1100000,0,0,0,0,0,0
SUPER_27,1110000,293,31,33,357,144,149
SUPER_27,1120000,0,0,0,0,0,0
SUPER_27,1130000,0,0,0,0,0,0
SUPER_27,1140000,410,23,29,462,218,192
SUPER_27,1150000,366,23,30,419,186,180
SUPER_27,1160000,437,28,44,509,231,206
SUPER_27,1170000,397,43,28,468,184,213
SUPER_27,1180000,531,39,42,612,253,278
SUPER_27,1190000,250,22,25,297,119,131
SUPER_27,1200000,335,33,31,399,169,166
SUPER_27,1210000,401,51,36,488,176,225
SUPER_27,1220000,439,55,35,529,208,231
SUPER_27,1230000,361,35,40,436,160,201
SUPER_27,1240000,61,2,2,65,35,26
SUPER_27,1250000,354,33,30,417,180,174
SUPER_27,1260000,397,30,29,456,185,212
SUPER_27,1270000,444,38,40,522,228,216
SUPER_27,1280000,318,32,35,385,156,162
SUPER_27,1290000,37,2,4,43,18,19
SUPER_27,1300000,327,37,30,394,163,164
SUPER_27,1310000,296,23,22,341,151,145
SUPER_27,1320000,405,41,28,474,194,211
SUPER_27,1330000,352,45,40,437,143,209
SUPER_27,1340000,50,5,5,60,24,26
SUPER_27,1350000,300,24,26,350,132,168
SUPER_27,1360000,376,32,28,436,180,196
SUPER_27,1370000,309,36,22,367,160,149
SUPER_27,1380000,190,22,26,238,89,101
SUPER_27,1390000,163,17,6,186,90,73
SUPER_27,1400000,321,25,30,376,168,153
SUPER_27,1410000,233,34,16,283,106,127
SUPER_27,1420000,413,36,49,498,189,224
SUPER_27,1430000,484,39,39,562,245,239
SUPER_27,1440000,70,15,7,92,38,32
SUPER_27,1450000,277,26,22,325,117,160
SUPER_27,1460000,338,47,29,414,179,159
SUPER_27,1470000,327,31,22,380,142,185
SUPER_27,1480000,389,34,29,452,183,206
SUPER_27,1490000,413,29,39,481,217,196
SUPER_27,1500000,393,32,28,453,176,217
SUPER_27,1510000,115,8,4,127,54,61
SUPER_27,1520000,189,17,16,222,99,90
SUPER_27,1530000,309,30,22,361,168,141
SUPER_27,1540000,283,25,29,337,130,153
SUPER_27,1550000,26,7,2,35,15,11
SUPER_27,1560000,87,5,3,95,49,38
SUPER_27,1570000,260,20,18,298,128,132
SUPER_27,1580000,273,21,33,327,132,141
SUPER_27,1590000,389,35,31,455,187,202
SUPER_27,1600000,417,33,36,486,202,215
SUPER_27,1610000,396,32,37,465,200,196
SUPER_27,1620000,406,41,27,474,184,222
SUPER_27,1630000,390,35,43,468,182,208
SUPER_27,1640000,0,0,0,0,0,0
SUPER_27,1650000,0,0,0,0,0,0
SUPER_27,1660000,0,0,0,0,0,0
SUPER_27,1670000,0,0,0,0,0,0
SUPER_27,1680000,0,0,0,0,0,0
SUPER_27,1690000,0,0,0,0,0,0
SUPER_27,1700000,0,0,0,0,0,0
SUPER_27,1710000,0,0,0,0,0,0
SUPER_27,1720000,0,0,0,0,0,0
SUPER_27,1730000,0,0,0,0,0,0
SUPER_27,1740000,238,24,20,282,105,133
SUPER_27,1750000,0,0,0,0,0,0
SUPER_27,1760000,0,0,0,0,0,0
SUPER_27,1770000,63,4,4,71,35,28
SUPER_27,1780000,0,0,1,1,0,0
SUPER_27,1790000,0,0,0,0,0,0
SUPER_27,1800000,0,0,0,0,0,0
SUPER_27,1810000,0,0,0,0,0,0
SUPER_27,1820000,0,0,0,0,0,0
SUPER_27,1830000,0,0,0,0,0,0
SUPER_27,1840000,0,0,0,0,0,0
SUPER_27,1850000,0,2,0,2,0,0
SUPER_27,1860000,19,1,1,21,9,10
SUPER_27,1870000,148,17,9,174,79,69
SUPER_27,1880000,97,9,5,111,53,44
SUPER_27,1890000,35,2,2,39,18,17
SUPER_27,1900000,14,1,2,17,5,9
SUPER_27,1910000,186,20,20,226,91,95
SUPER_27,1920000,137,16,11,164,67,70
SUPER_27,1930000,89,8,4,101,50,39
SUPER_27,1940000,114,9,8,131,61,53
SUPER_27,1950000,43,3,3,49,23,20
SUPER_27,1960000,171,15,11,197,92,79
SUPER_27,1970000,405,43,43,491,194,211
SUPER_27,1980000,323,30,36,389,180,143
SUPER_27,1990000,395,32,38,465,197,198
SUPER_27,2000000,260,20,25,305,126,134
SUPER_27,2010000,56,7,5,68,28,28
SUPER_27,2020000,272,38,37,347,136,136
SUPER_27,2030000,386,30,24,440,168,218
SUPER_27,2040000,293,27,28,348,149,144
SUPER_27,2050000,295,23,25,343,155,140
SUPER_27,2060000,42,3,3,48,21,21
SUPER_27,2070000,231,22,24,277,124,107
SUPER_27,2080000,312,32,35,379,161,151
SUPER_27,2090000,331,25,29,385,174,157
SUPER_27,2100000,276,30,32,338,145,131
SUPER_27,2110000,111,14,10,135,63,48
SUPER_27,2120000,280,35,25,340,148,132
SUPER_27,2130000,333,33,43,409,161,172
SUPER_27,2140000,234,29,29,292,117,117
SUPER_27,2150000,312,35,34,381,143,169
SUPER_27,2160000,315,28,24,367,154,161
SUPER_27,2170000,219,15,19,253,113,106
SUPER_27,2180000,333,33,28,394,170,163
SUPER_27,2190000,149,7,11,167,72,77
SUPER_27,2200000,109,6,6,121,51,58
SUPER_27,2210000,0,0,0,0,0,0
SUPER_27,2220000,0,0,0,0,0,0
SUPER_27,2230000,452,34,26,512,223,229
SUPER_27,2240000,325,34,25,384,150,175
SUPER_27,2250000,284,23,23,330,152,132
SUPER_27,2260000,182,20,19,221,78,104
SUPER_27,2270000,246,18,16,280,128,118
SUPER_27,2280000,128,11,10,149,64,64
SUPER_27,2290000,28,7,0,35,17,11
SUPER_27,2300000,183,13,16,212,97,86
SUPER_27,2310000,355,19,24,398,183,172
SUPER_27,2320000,170,13,12,195,80,90
SUPER_27,2330000,141,10,9,160,68,73
SUPER_27,2340000,349,34,40,423,156,193
SUPER_27,2350000,183,21,19,223,104,79
SUPER_27,2360000,21,2,1,24,14,7
SUPER_27,2370000,64,9,13,86,33,31
SUPER_27,2380000,229,24,14,267,118,111
SUPER_27,2390000,147,12,11,170,81,66
SUPER_27,2400000,266,28,33,327,122,144
SUPER_27,2410000,178,22,18,218,92,86
SUPER_27,2420000,208,24,16,248,106,102
SUPER_27,2430000,165,14,15,194,81,84
SUPER_27,2440000,98,14,13,125,50,48
SUPER_27,2450000,259,27,20,306,129,130
SUPER_27,2460000,325,36,24,385,180,145
SUPER_27,2470000,224,19,22,265,107,117
SUPER_27,2480000,267,27,21,315,131,136
SUPER_27,2490000,338,31,43,412,178,160
SUPER_27,2500000,245,25,25,295,120,125
SUPER_27,2510000,280,36,23,339,147,133
SUPER_27,2520000,210,23,30,263,95,115
SUPER_27,2530000,229,27,15,271,117,112
SUPER_27,2540000,0,0,0,0,0,0
SUPER_27,2550000,0,0,0,0,0,0
SUPER_27,2560000,592,70,57,719,314,278
SUPER_27,2570000,250,22,26,298,114,136
SUPER_27,2580000,97,17,7,121,38,59
SUPER_27,2590000,361,47,35,443,180,181
SUPER_27,2600000,207,17,18,242,102,105
SUPER_27,2610000,163,11,14,188,95,68
SUPER_27,2620000,174,10,20,204,100,74
SUPER_27,2630000,127,14,10,151,66,61
SUPER_27,2640000,248,34,22,304,111,137
SUPER_27,2650000,274,28,22,324,145,129
SUPER_27,2660000,5,0,1,6,0,5
SUPER_27,2670000,399,28,33,460,190,209
SUPER_27,2680000,330,38,21,389,165,165
SUPER_27,2690000,316,45,27,388,149,167
SUPER_27,2700000,160,16,14,190,79,81
SUPER_27,2710000,341,23,33,397,165,176
SUPER_27,2720000,343,39,44,426,162,181
SUPER_27,2730000,406,26,46,478,201,205
SUPER_27,2740000,219,23,15,257,102,117
SUPER_27,2750000,272,21,29,322,147,125
SUPER_27,2760000,384,28,39,451,194,190
SUPER_27,2770000,198,21,13,232,103,94
SUPER_27,2780000,16,5,0,21,8,8
SUPER_27,2790000,135,16,24,175,67,68
SUPER_27,2800000,217,14,25,256,112,105
SUPER_27,2810000,329,31,30,390,154,175
SUPER_27,2820000,399,55,36,490,184,215
SUPER_27,2830000,357,36,45,438,168,189
SUPER_27,2840000,368,26,37,431,166,202
SUPER_27,2850000,164,17,12,193,85,79
SUPER_27,2860000,208,21,11,240,95,113
SUPER_27,2870000,0,0,0,0,0,0
SUPER_27,2880000,0,0,0,0,0,0
SUPER_27,2890000,153,11,12,176,78,75
SUPER_27,2900000,81,7,3,91,32,49
SUPER_27,2910000,173,16,9,198,93,80
SUPER_27,2920000,173,14,22,209,99,74
SUPER_27,2930000,331,17,36,384,160,171
SUPER_27,2940000,246,30,31,307,122,124
SUPER_27,2950000,86,13,8,107,38,48
SUPER_27,2960000,333,27,28,388,160,173
SUPER_27,2970000,347,42,28,417,182,165
SUPER_27,2980000,328,28,36,392,161,167
SUPER_27,2990000,269,26,13,308,132,137
SUPER_27,3000000,189,20,20,229,78,111
SUPER_27,3010000,173,13,20,206,85,88
SUPER_27,3020000,151,11,12,174,77,74
SUPER_27,3030000,0,0,0,0,0,0
SUPER_27,3040000,0,0,0,0,0,0
SUPER_27,3050000,0,0,0,0,0,0
SUPER_27,3060000,0,0,0,0,0,0
SUPER_27,3070000,0,0,0,0,0,0
SUPER_27,3080000,0,0,0,0,0,0
SUPER_27,3090000,0,0,0,0,0,0
SUPER_27,3100000,0,0,0,0,0,0
SUPER_27,3110000,0,0,0,0,0,0
SUPER_27,3120000,0,0,0,0,0,0
SUPER_27,3130000,0,0,0,0,0,0
SUPER_27,3140000,0,0,0,0,0,0
SUPER_27,3150000,0,0,0,0,0,0
SUPER_27,3160000,76,7,7,90,48,28
SUPER_27,3170000,65,13,6,84,34,31
SUPER_27,3180000,0,0,0,0,0,0
SUPER_27,3190000,0,0,0,0,0,0
SUPER_27,3200000,0,0,0,0,0,0
SUPER_27,3210000,0,0,0,0,0,0
SUPER_27,3220000,0,0,0,0,0,0
SUPER_27,3230000,0,0,0,0,0,0
SUPER_27,3240000,0,0,0,0,0,0
SUPER_27,3250000,0,0,0,0,0,0
SUPER_27,3260000,0,0,0,0,0,0
SUPER_27,3270000,0,0,0,0,0,0
SUPER_27,3280000,108,17,13,138,49,59
SUPER_27,3290000,0,0,0,0,0,0
SUPER_27,3300000,0,0,0,0,0,0
SUPER_27,3310000,0,0,0,0,0,0
SUPER_27,3320000,0,0,0,0,0,0
SUPER_27,3330000,0,0,0,0,0,0
SUPER_27,3340000,0,0,0,0,0,0
SUPER_27,3350000,0,0,0,0,0,0
SUPER_27,3360000,77,4,2,83,41,36
SUPER_27,3370000,89,21,14,124,44,45
SUPER_27,3380000,73,6,6,85,39,34
SUPER_27,3390000,58,5,6,69,33,25
SUPER_27,3400000,62,2,11,75,31,31
SUPER_27,3410000,87,5,7,99,42,45
SUPER_27,3420000,165,13,11,189,78,87
SUPER_27,3430000,0,0,0,0,0,0
SUPER_27,3440000,0,0,0,0,0,0
SUPER_27,3450000,0,0,0,0,0,0
SUPER_27,3460000,0,0,0,0,0,0
SUPER_27,3470000,0,0,0,0,0,0
SUPER_27,3480000,0,0,0,0,0,0
SUPER_27,3490000,0,0,0,0,0,0
SUPER_27,3500000,0,0,0,0,0,0
SUPER_27,3510000,0,0,0,0,0,0
SUPER_27,3520000,0,0,0,0,0,0
SUPER_27,3530000,0,0,0,0,0,0
SUPER_27,3540000,0,0,0,0,0,0
SUPER_27,3550000,0,0,0,0,0,0
SUPER_27,3560000,0,0,0,0,0,0
SUPER_27,3570000,0,0,0,0,0,0
SUPER_27,3580000,0,0,0,0,0,0
SUPER_27,3590000,0,0,0,0,0,0
SUPER_27,3600000,174,14,14,202,98,76
SUPER_27,3610000,0,1,3,4,0,0
SUPER_27,3620000,0,1,0,1,0,0
SUPER_27,3630000,0,3,0,3,0,0
SUPER_27,3640000,0,2,1,3,0,0
SUPER_27,3650000,0,0,0,0,0,0
SUPER_27,3660000,0,0,0,0,0,0
SUPER_27,3670000,9,2,2,13,3,6
SUPER_27,3680000,71,8,8,87,31,40
SUPER_27,3690000,0,0,0,0,0,0
SUPER_27,3700000,0,0,0,0,0,0
SUPER_27,3710000,227,11,14,252,118,109
SUPER_27,3720000,131,5,11,147,54,77
SUPER_27,3730000,0,1,0,1,0,0
SUPER_27,3740000,0,0,0,0,0,0
SUPER_27,3750000,0,0,0,0,0,0
SUPER_27,3760000,0,0,0,0,0,0
SUPER_27,3770000,0,0,0,0,0,0
SUPER_27,3780000,0,0,0,0,0,0
SUPER_27,3790000,0,0,0,0,0,0
SUPER_27,3800000,50,2,6,58,21,29
SUPER_27,3810000,188,19,14,221,98,90
SUPER_27,3820000,114,12,3,129,58,56
SUPER_27,3830000,86,10,9,105,48,38
SUPER_27,3840000,88,8,5,101,49,39
SUPER_27,3850000,212,19,15,246,92,120
SUPER_27,3860000,21,3,3,27,9,12
SUPER_27,3870000,143,10,10,163,70,73
SUPER_27,3880000,23,3,2,28,7,16
SUPER_27,3890000,284,26,32,342,140,144
SUPER_27,3900000,178,18,4,200,93,85
SUPER_27,3910000,421,46,42,509,210,211
SUPER_27,3920000,62,4,7,73,32,30
SUPER_27,3930000,254,15,30,299,127,127
SUPER_27,3940000,374,31,33,438,183,191
SUPER_27,3950000,425,41,41,507,215,210
SUPER_27,3960000,377,39,35,451,186,191
SUPER_27,3970000,327,32,31,390,164,163
SUPER_27,3980000,200,15,11,226,90,110
SUPER_27,3990000,274,21,23,318,139,135
SUPER_27,4000000,135,15,13,163,62,73
SUPER_27,4010000,102,12,9,123,55,47
SUPER_27,4020000,425,46,48,519,202,223
SUPER_27,4030000,267,22,22,311,119,148
SUPER_27,4040000,373,32,53,458,168,205
SUPER_27,4050000,300,31,33,364,150,150
SUPER_27,4060000,39,1,4,44,26,13
SUPER_27,4070000,384,42,27,453,185,199
SUPER_27,4080000,211,23,19,253,105,106
SUPER_27,4090000,262,28,19,309,127,135
SUPER_27,4100000,311,34,41,386,146,165
SUPER_27,4110000,233,25,32,290,124,109
SUPER_27,4120000,274,29,37,340,147,127
SUPER_27,4130000,229,31,31,291,98,131
SUPER_27,4140000,271,30,42,343,135,136
SUPER_27,4150000,248,32,19,299,112,136
SUPER_27,4160000,315,32,20,367,171,144
SUPER_27,4170000,377,40,38,455,165,212
SUPER_27,4180000,369,36,38,443,181,188
SUPER_27,4190000,303,28,31,362,149,154
SUPER_27,4200000,382,40,35,457,195,187
SUPER_27,4210000,334,32,34,400,157,177
SUPER_27,4220000,283,28,19,330,124,159
SUPER_27,4230000,320,35,24,379,148,172
SUPER_27,4240000,436,46,39,521,201,235
SUPER_27,4250000,421,40,37,498,202,219
SUPER_27,4260000,120,5,13,138,56,64
SUPER_27,4270000,323,35,35,393,158,165
SUPER_27,4280000,439,41,44,524,216,223
SUPER_27,4290000,192,13,15,220,98,94
SUPER_27,4300000,164,18,19,201,80,84
SUPER_27,4310000,195,21,21,237,92,103
SUPER_27,4320000,36,9,2,47,22,14
SUPER_27,4330000,335,35,40,410,178,157
SUPER_27,4340000,303,27,32,362,142,161
SUPER_27,4350000,323,38,35,396,157,166
SUPER_27,4360000,115,11,5,131,56,59
SUPER_27,4370000,215,26,17,258,109,106
SUPER_27,4380000,317,32,49,398,153,164
SUPER_27,4390000,322,28,29,379,157,165
SUPER_27,4400000,309,30,41,380,138,171
SUPER_27,4410000,431,38,33,502,213,218
SUPER_27,4420000,329,30,31,390,177,152
SUPER_27,4430000,102,6,16,124,44,58
SUPER_27,4440000,261,30,25,316,118,143
SUPER_27,4450000,260,36,32,328,128,132
SUPER_27,4460000,145,9,7,161,59,86
SUPER_27,4470000,209,21,14,244,96,113
SUPER_27,4480000,160,9,9,178,88,72
SUPER_27,4490000,330,24,25,379,174,156
SUPER_27,4500000,264,28,17,309,140,124
SUPER_27,4510000,285,24,17,326,141,144
SUPER_27,4520000,345,32,32,409,165,180
SUPER_27,4530000,191,21,14,226,93,98
SUPER_27,4540000,194,16,13,223,89,105
SUPER_27,4550000,0,0,0,0,0,0
SUPER_27,4560000,0,0,0,0,0,0
SUPER_27,4570000,676,64,60,800,333,343
SUPER_27,4580000,327,18,30,375,166,161
SUPER_27,4590000,428,35,32,495,216,212
SUPER_27,4600000,370,37,26,433,175,195
SUPER_27,4610000,227,21,18,266,102,125
SUPER_27,4620000,242,25,21,288,125,117
SUPER_27,4630000,217,26,27,270,96,121
SUPER_27,4640000,189,16,16,221,97,92
SUPER_27,4650000,408,33,36,477,175,233
SUPER_27,4660000,275,30,32,337,117,158
SUPER_27,4670000,262,35,27,324,122,140
SUPER_27,4680000,291,26,30,347,145,146
SUPER_27,4690000,476,52,46,574,217,259
SUPER_27,4700000,478,47,41,566,229,249
SUPER_27,4710000,403,35,35,473,218,185
SUPER_27,4720000,378,42,30,450,178,200
SUPER_27,4730000,429,37,40,506,224,205
SUPER_27,4740000,349,34,35,418,174,175
SUPER_27,4750000,489,40,49,578,238,251
SUPER_27,4760000,446,36,41,523,235,211
SUPER_27,4770000,338,38,32,408,175,163
SUPER_27,4780000,284,25,26,335,142,142
SUPER_27,4790000,290,23,32,345,137,153
SUPER_27,4800000,324,32,34,390,162,162
SUPER_27,4810000,283,22,28,333,141,142
SUPER_27,4820000,284,29,35,348,112,172
SUPER_27,4830000,175,16,15,206,102,73
SUPER_27,4840000,289,29,33,351,129,160
SUPER_27,4850000,280,30,25,335,127,153
SUPER_27,4860000,283,35,23,341,135,148
SUPER_27,4870000,195,25,22,242,89,106
SUPER_27,4880000,250,18,29,297,117,133
SUPER_27,4890000,289,35,34,358,137,152
SUPER_27,4900000,343,25,41,409,167,176
SUPER_27,4910000,157,18,11,186,75,82
SUPER_27,4920000,190,18,19,227,79,111
SUPER_27,4930000,266,29,22,317,119,147
SUPER_27,4940000,292,26,28,346,150,142
SUPER_27,4950000,200,17,24,241,102,98
SUPER_27,4960000,427,36,46,509,209,218
SUPER_27,4970000,0,1,0,1,0,0
SUPER_27,4980000,178,8,11,197,89,89
SUPER_27,4990000,322,35,30,387,165,157
SUPER_27,5000000,312,17,21,350,179,133
SUPER_27,5010000,256,12,18,286,124,132
SUPER_27,5020000,274,31,28,333,162,112
SUPER_27,5030000,415,36,43,494,213,202
SUPER_27,5040000,301,22,23,346,151,150
SUPER_27,5050000,336,32,21,389,179,157
SUPER_27,5060000,228,22,17,267,113,115
SUPER_27,5070000,310,30,25,365,144,166
SUPER_27,5080000,374,36,26,436,177,197
SUPER_27,5090000,57,5,4,66,37,20
SUPER_27,5100000,378,50,32,460,174,204
SUPER_27,5110000,265,25,12,302,132,133
SUPER_27,5120000,383,26,32,441,194,189
SUPER_27,5130000,362,33,25,420,173,189
SUPER_27,5140000,349,39,35,423,174,175
SUPER_27,5150000,349,37,45,431,155,194
SUPER_27,5160000,380,33,37,450,184,196
SUPER_27,5170000,22,5,1,28,14,8
SUPER_27,5180000,343,32,22,397,167,176
SUPER_27,5190000,157,9,14,180,76,81
SUPER_27,5200000,354,45,33,432,194,160
SUPER_27,5210000,199,25,25,249,94,105
SUPER_27,5220000,413,41,40,494,191,222
SUPER_27,5230000,365,27,33,425,196,169
SUPER_27,5240000,377,33,39,449,185,192
SUPER_27,5250000,357,26,30,413,190,167
SUPER_27,5260000,443,50,32,525,209,234
SUPER_27,5270000,301,20,22,343,169,132
SUPER_27,5280000,247,21,22,290,124,123
SUPER_27,5290000,84,5,4,93,48,36
SUPER_27,5300000,420,31,31,482,197,223
SUPER_27,5310000,402,49,36,487,210,192
SUPER_27,5320000,223,27,20,270,109,114
SUPER_27,5330000,385,37,40,462,183,202
SUPER_27,5340000,122,18,7,147,53,69
SUPER_27,5350000,281,27,25,333,120,161
SUPER_27,5360000,291,28,24,343,143,148
SUPER_27,5370000,258,28,30,316,105,153
SUPER_27,5380000,378,33,44,455,174,204
SUPER_27,5390000,379,33,33,445,185,194
SUPER_27,5400000,340,37,27,404,160,180
SUPER_27,5410000,241,33,14,288,126,115
SUPER_27,5420000,123,10,8,141,67,56
SUPER_27,5430000,280,31,39,350,124,156
SUPER_27,5440000,244,22,18,284,117,127
SUPER_27,5450000,156,24,22,202,72,84
SUPER_27,5460000,0,3,1,4,0,0
SUPER_27,5470000,1,0,0,1,1,0
SUPER_27,5480000,213,19,22,254,98,115
SUPER_27,5490000,331,37,42,410,135,196
SUPER_27,5500000,440,37,40,517,198,242
SUPER_27,5510000,329,38,32,399,131,198
SUPER_27,5520000,385,38,41,464,182,203
SUPER_27,5530000,61,10,4,75,29,32
SUPER_27,5540000,192,11,21,224,84,108
SUPER_27,5550000,218,26,26,270,101,117
SUPER_27,5560000,159,16,12,187,83,76
SUPER_27,5570000,166,25,30,221,72,94
SUPER_27,5580000,345,40,32,417,180,165
SUPER_27,5590000,304,32,20,356,145,159
SUPER_27,5600000,190,19,16,225,89,101
SUPER_27,5610000,269,35,24,328,143,126
SUPER_27,5620000,381,30,35,446,193,188
SUPER_27,5630000,349,32,33,414,182,167
SUPER_27,5640000,307,27,27,361,140,167
SUPER_27,5650000,320,37,26,383,145,175
SUPER_27,5660000,381,38,38,457,184,197
SUPER_27,5670000,344,36,37,417,169,175
SUPER_27,5680000,239,27,27,293,123,116
SUPER_27,5690000,240,33,21,294,112,128
SUPER_27,5700000,275,28,21,324,137,138
SUPER_27,5710000,264,21,23,308,135,129
SUPER_27,5720000,182,19,21,222,100,82
SUPER_27,5730000,361,31,54,446,179,182
SUPER_27,5740000,412,49,54,515,219,193
SUPER_27,5750000,418,47,35,500,198,220
SUPER_27,5760000,403,32,27,462,213,190
SUPER_27,5770000,197,11,17,225,110,87
SUPER_27,5780000,299,28,43,370,162,137
SUPER_27,5790000,287,29,17,333,157,130
SUPER_27,5800000,400,37,44,481,167,233
SUPER_27,5810000,173,19,17,209,86,87
SUPER_27,5820000,414,36,26,476,203,211
SUPER_27,5830000,399,42,45,486,192,207
SUPER_27,5840000,402,28,41,471,213,189
SUPER_27,5850000,122,13,11,146,66,56
SUPER_27,5860000,28,2,2,32,18,10
SUPER_27,5870000,125,12,11,148,47,78
SUPER_27,5880000,92,10,10,112,48,44
SUPER_27,5890000,0,0,0,0,0,0
SUPER_27,5900000,0,0,0,0,0,0
SUPER_27,5910000,177,9,18,204,72,105
SUPER_27,5920000,100,8,7,115,36,64
SUPER_27,5930000,64,4,9,77,31,33
SUPER_27,5940000,144,8,10,162,58,86
SUPER_27,5950000,46,1,1,48,18,28
SUPER_27,5960000,262,18,19,299,137,125
SUPER_27,5970000,288,36,22,346,155,133
SUPER_27,5980000,240,19,22,281,105,135
SUPER_27,5990000,244,23,30,297,124,120
SUPER_27,6000000,345,32,28,405,167,178
SUPER_27,6010000,256,26,16,298,126,130
SUPER_27,6020000,266,32,26,324,133,133
SUPER_27,6030000,295,37,32,364,141,154
SUPER_27,6040000,152,13,13,178,70,82
SUPER_27,6050000,403,42,44,489,177,226
SUPER_27,6060000,297,29,27,353,148,149
SUPER_27,6070000,216,27,19,262,104,112
SUPER_27,6080000,317,25,33,375,156,161
SUPER_27,6090000,189,21,21,231,100,89
SUPER_27,6100000,128,15,14,157,63,65
SUPER_27,6110000,93,8,13,114,57,36
SUPER_27,6120000,363,40,29,432,188,175
SUPER_27,6130000,304,29,26,359,145,159
SUPER_27,6140000,0,0,0,0,0,0
SUPER_27,6150000,0,0,0,0,0,0
SUPER_27,6160000,68,4,8,80,30,38
SUPER_27,6170000,0,0,0,0,0,0
SUPER_27,6180000,0,0,0,0,0,0
SUPER_27,6190000,0,0,0,0,0,0
SUPER_27,6200000,0,0,0,0,0,0
SUPER_27,6210000,0,0,0,0,0,0
SUPER_27,6220000,86,6,4,96,39,47
SUPER_27,6230000,60,2,5,67,27,33
SUPER_27,6240000,0,0,0,0,0,0
SUPER_27,6250000,0,0,0,0,0,0
SUPER_27,6260000,0,0,0,0,0,0
SUPER_27,6270000,0,0,0,0,0,0
SUPER_27,6280000,223,27,13,263,107,116
SUPER_27,6290000,62,10,0,72,35,27
SUPER_27,6300000,122,9,12,143,51,71
SUPER_27,6310000,13,0,0,13,8,5
SUPER_27,6320000,67,4,7,78,38,29
SUPER_27,6330000,0,0,2,2,0,0
SUPER_27,6340000,99,5,9,113,59,40
SUPER_27,6350000,174,5,6,185,110,64
SUPER_27,6360000,47,3,4,54,27,20
SUPER_27,6370000,36,7,2,45,23,13
SUPER_27,6380000,66,3,9,78,36,30
SUPER_27,6390000,105,7,9,121,57,48
SUPER_27,6400000,0,2,0,2,0,0
SUPER_27,6410000,66,8,4,78,30,36
SUPER_27,6420000,386,43,31,460,180,206
SUPER_27,6430000,347,35,39,421,176,171
SUPER_27,6440000,367,30,24,421,181,186
SUPER_27,6450000,358,43,30,431,159,199
SUPER_27,6460000,334,33,31,398,160,174
SUPER_27,6470000,277,26,28,331,143,134
SUPER_27,6480000,383,33,32,448,186,197
SUPER_27,6490000,334,34,36,404,147,187
SUPER_27,6500000,388,28,44,460,165,223
SUPER_27,6510000,287,27,19,333,158,129
SUPER_27,6520000,400,32,37,469,215,185
SUPER_27,6530000,341,23,43,407,177,164
SUPER_27,6540000,224,34,25,283,109,115
SUPER_27,6550000,195,19,15,229,102,93
SUPER_27,6560000,196,30,21,247,106,90
SUPER_27,6570000,354,28,33,415,168,186
SUPER_27,6580000,384,46,30,460,188,196
SUPER_27,6590000,400,41,34,475,194,206
SUPER_27,6600000,369,33,40,442,182,187
SUPER_27,6610000,335,33,20,388,150,185
SUPER_27,6620000,360,31,39,430,176,184
SUPER_27,6630000,357,30,32,419,192,165
SUPER_27,6640000,63,5,8,76,32,31
SUPER_27,6650000,344,36,44,424,161,183
SUPER_27,6660000,361,36,35,432,195,166
SUPER_27,6670000,269,24,25,318,128,141
SUPER_27,6680000,248,14,15,277,119,129
SUPER_27,6690000,157,16,13,186,82,75
SUPER_27,6700000,320,29,17,366,163,157
SUPER_27,6710000,179,15,19,213,86,93
SUPER_27,6720000,244,28,31,303,110,134
SUPER_27,6730000,299,35,29,363,152,147
SUPER_27,6740000,38,6,4,48,21,17
SUPER_27,6750000,324,31,38,393,141,183
SUPER_27,6760000,286,28,38,352,140,146
SUPER_27,6770000,289,28,26,343,139,150
SUPER_27,6780000,389,29,44,462,208,181
SUPER_27,6790000,280,20,24,324,156,124
SUPER_27,6800000,372,37,30,439,206,166
SUPER_27,6810000,274,23,16,313,133,141
SUPER_27,6820000,133,10,7,150,72,61
SUPER_27,6830000,1,1,1,3,0,1
SUPER_27,6840000,110,12,8,130,58,52
SUPER_27,6850000,235,23,19,277,118,117
SUPER_27,6860000,70,8,5,83,41,29
SUPER_27,6870000,324,23,30,377,159,165
SUPER_27,6880000,336,36,31,403,156,180
SUPER_27,6890000,348,10,12,370,184,164
SUPER_27,6900000,464,52,41,557,218,246
SUPER_27,6910000,317,29,20,366,159,158
SUPER_27,6920000,388,40,31,459,189,199
SUPER_27,6930000,309,27,32,368,163,146
SUPER_27,6940000,361,36,37,434,175,186
SUPER_27,6950000,307,37,36,380,145,162
SUPER_27,6960000,170,18,14,202,94,76
SUPER_27,6970000,408,51,30,489,178,230
SUPER_27,6980000,416,51,25,492,208,208
SUPER_27,6990000,383,46,32,461,189,194
SUPER_27,7000000,372,34,37,443,193,179
SUPER_27,7010000,331,28,31,390,162,169
SUPER_27,7020000,403,39,42,484,205,198
SUPER_27,7030000,284,25,18,327,158,126
SUPER_27,7040000,228,21,18,267,122,106
SUPER_27,7050000,256,33,13,302,124,132
SUPER_27,7060000,182,13,19,214,83,99
SUPER_27,7070000,431,27,36,494,223,208
SUPER_27,7080000,402,43,35,480,178,224
SUPER_27,7090000,90,11,4,105,48,42
SUPER_27,7100000,254,14,25,293,121,133
SUPER_27,7110000,95,20,7,122,48,47
SUPER_27,7120000,400,36,39,475,195,205
SUPER_27,7130000,242,12,19,273,136,106
SUPER_27,7140000,277,31,27,335,140,137
SUPER_27,7150000,304,10,9,323,163,141
SUPER_27,7160000,202,12,18,232,107,95
SUPER_27,7170000,285,27,17,329,154,131
SUPER_27,7180000,266,30,27,323,124,142
SUPER_27,7190000,216,11,11,238,115,101
SUPER_27,7200000,122,10,12,144,48,74
SUPER_27,7210000,259,26,24,309,139,120
SUPER_27,7220000,267,23,28,318,131,136
SUPER_27,7230000,272,18,13,303,140,132
SUPER_27,7240000,415,35,34,484,205,210
SUPER_27,7250000,264,27,19,310,124,140
SUPER_27,7260000,83,5,7,95,43,40
SUPER_27,7270000,308,26,30,364,162,146
SUPER_27,7280000,169,19,15,203,83,86
SUPER_27,7290000,435,36,44,515,205,230
SUPER_27,7300000,377,23,25,425,200,177
SUPER_27,7310000,123,9,8,140,69,54
SUPER_27,7320000,463,43,46,552,247,216
SUPER_27,7330000,322,30,28,380,167,155
SUPER_27,7340000,365,34,27,426,163,202
SUPER_27,7350000,441,41,29,511,215,226
SUPER_27,7360000,449,35,47,531,223,226
SUPER_27,7370000,262,28,27,317,124,138
SUPER_27,7380000,219,34,25,278,105,114
SUPER_27,7390000,396,36,50,482,171,225
SUPER_27,7400000,303,40,34,377,141,162
SUPER_27,7410000,277,23,29,329,125,152
SUPER_27,7420000,289,20,37,346,133,156
SUPER_27,7430000,47,4,7,58,30,17
SUPER_27,7440000,332,29,33,394,166,166
SUPER_27,7450000,423,32,46,501,196,227
SUPER_27,7460000,409,40,28,477,217,192
SUPER_27,7470000,258,21,26,305,128,130
SUPER_27,7480000,61,4,3,68,31,30
SUPER_27,7490000,271,18,29,318,121,150
SUPER_27,7500000,201,19,18,238,100,101
SUPER_27,7510000,0,0,0,0,0,0
SUPER_27,7520000,0,0,0,0,0,0
SUPER_27,7530000,429,44,46,519,195,234
SUPER_27,7540000,354,28,36,418,175,179
SUPER_27,7550000,174,22,15,211,90,84
SUPER_27,7560000,289,26,25,340,140,149
SUPER_27,7570000,376,26,25,427,189,187
SUPER_27,7580000,427,44,33,504,214,213
SUPER_27,7590000,385,40,41,466,207,178
SUPER_27,7600000,426,31,50,507,212,214
SUPER_27,7610000,368,34,29,431,174,194
SUPER_27,7620000,307,22,20,349,149,158
SUPER_27,7630000,280,18,20,318,125,155
SUPER_27,7640000,175,9,8,192,84,91
SUPER_27,7650000,350,38,44,432,196,154
SUPER_27,7660000,362,42,37,441,185,177
SUPER_27,7670000,391,41,42,474,178,213
SUPER_27,7680000,388,36,40,464,182,206
SUPER_27,7690000,424,34,47,505,219,205
SUPER_27,7700000,91,7,7,105,39,52
SUPER_27,7710000,296,28,35,359,142,154
SUPER_27,7720000,241,19,26,286,117,124
SUPER_27,7730000,309,29,20,358,150,159
SUPER_27,7740000,397,26,37,460,213,184
SUPER_27,7750000,336,28,27,391,163,173
SUPER_27,7760000,431,47,40,518,213,218
SUPER_27,7770000,274,24,21,319,151,122
SUPER_27,7780000,285,35,27,347,142,143
SUPER_27,7790000,265,25,21,311,142,123
SUPER_27,7800000,267,30,28,325,149,118
SUPER_27,7810000,285,30,16,331,153,132
SUPER_27,7820000,283,22,15,320,146,137
SUPER_27,7830000,368,39,24,431,177,191
SUPER_27,7840000,382,29,40,451,187,195
SUPER_27,7850000,360,34,19,413,183,177
SUPER_27,7860000,198,10,16,224,107,91
SUPER_27,7870000,238,16,25,279,132,106
SUPER_27,7880000,261,14,18,293,121,140
SUPER_27,7890000,276,16,18,310,139,137
SUPER_27,7900000,472,44,41,557,231,241
SUPER_27,7910000,353,32,40,425,172,181
SUPER_27,7920000,383,34,39,456,208,175
SUPER_27,7930000,277,33,32,342,130,147
SUPER_27,7940000,260,27,26,313,128,132
SUPER_27,7950000,243,20,17,280,118,125
SUPER_27,7960000,354,21,24,399,187,167
SUPER_27,7970000,328,46,34,408,172,156
SUPER_27,7980000,330,27,48,405,163,167
SUPER_27,7990000,383,37,28,448,193,190
SUPER_27,8000000,364,32,32,428,189,175
SUPER_27,8010000,285,29,26,340,132,153
SUPER_27,8020000,382,44,42,468,196,186
SUPER_27,8030000,253,21,19,293,137,116
SUPER_27,8040000,240,28,25,293,139,101
SUPER_27,8050000,0,0,0,0,0,0
SUPER_27,8060000,0,0,0,0,0,0
SUPER_27,8070000,179,25,14,218,85,94
SUPER_27,8080000,68,6,6,80,37,31
SUPER_27,8090000,5,2,1,8,2,3
SUPER_27,8100000,7,1,0,8,4,3
SUPER_27,8110000,0,0,0,0,0,0
SUPER_27,8120000,0,0,0,0,0,0
SUPER_27,8130000,337,5,10,352,125,212
SUPER_27,8140000,0,0,0,0,0,0
SUPER_27,8150000,0,0,0,0,0,0
SUPER_27,8160000,0,0,0,0,0,0
SUPER_27,8170000,0,0,0,0,0,0
SUPER_27,8180000,0,0,0,0,0,0
SUPER_27,8190000,0,0,0,0,0,0
SUPER_27,8200000,0,0,0,0,0,0
SUPER_27,8210000,0,0,0,0,0,0
SUPER_27,8220000,33,2,1,36,18,15
SUPER_28,10000,54,13,14,81,35,19
SUPER_28,20000,14,1,2,17,10,4
SUPER_28,30000,2,0,2,4,1,1
SUPER_28,40000,0,1,0,1,0,0
SUPER_28,50000,177,10,12,199,95,82
SUPER_28,60000,63,7,2,72,35,28
SUPER_28,70000,201,17,21,239,96,105
SUPER_28,80000,230,21,20,271,127,103
SUPER_28,90000,189,16,16,221,94,95
SUPER_28,100000,280,26,24,330,137,143
SUPER_28,110000,202,13,13,228,98,104
SUPER_28,120000,204,13,17,234,104,100
SUPER_28,130000,288,30,23,341,140,148
SUPER_28,140000,62,3,4,69,31,31
SUPER_28,150000,257,20,20,297,139,118
SUPER_28,160000,22,1,2,25,8,14
SUPER_28,170000,298,29,33,360,158,140
SUPER_28,180000,7,1,1,9,3,4
SUPER_28,190000,209,18,18,245,90,119
SUPER_28,200000,264,30,20,314,137,127
SUPER_28,210000,176,10,14,200,89,87
SUPER_28,220000,437,35,27,499,227,210
SUPER_28,230000,215,23,17,255,121,94
SUPER_28,240000,413,31,35,479,203,210
SUPER_28,250000,86,9,14,109,45,41
SUPER_28,260000,296,33,21,350,154,142
SUPER_28,270000,37,3,6,46,14,23
SUPER_28,280000,246,13,14,273,123,123
SUPER_28,290000,207,19,14,240,100,107
SUPER_28,300000,188,22,16,226,91,97
SUPER_28,310000,152,14,12,178,76,76
SUPER_28,320000,151,8,10,169,79,72
SUPER_28,330000,135,10,13,158,62,73
SUPER_28,340000,3,0,0,3,3,0
SUPER_28,350000,333,25,42,400,178,155
SUPER_28,360000,383,32,43,458,162,221
SUPER_28,370000,302,31,34,367,136,166
SUPER_28,380000,313,33,29,375,160,153
SUPER_28,390000,352,36,27,415,176,176
SUPER_28,400000,288,23,16,327,151,137
SUPER_28,410000,294,21,25,340,146,148
SUPER_28,420000,299,37,28,364,143,156
SUPER_28,430000,363,35,28,426,171,192
SUPER_28,440000,309,26,22,357,144,165
SUPER_28,450000,286,30,16,332,144,142
SUPER_28,460000,333,27,29,389,164,169
SUPER_28,470000,244,20,17,281,131,113
SUPER_28,480000,390,35,29,454,197,193
SUPER_28,490000,257,18,27,302,124,133
SUPER_28,500000,190,16,17,223,84,106
SUPER_28,510000,364,33,31,428,169,195
SUPER_28,520000,246,16,22,284,110,136
SUPER_28,530000,281,20,30,331,121,160
SUPER_28,540000,142,3,6,151,80,62
SUPER_28,550000,307,30,31,368,162,145
SUPER_28,560000,293,36,23,352,156,137
SUPER_28,570000,50,2,7,59,30,20
SUPER_28,580000,253,28,24,305,121,132
SUPER_28,590000,0,0,0,0,0,0
SUPER_28,600000,0,0,0,0,0,0
SUPER_28,610000,208,21,14,243,106,102
SUPER_28,620000,141,12,19,172,81,60
SUPER_28,630000,288,24,30,342,156,132
SUPER_28,640000,339,29,39,407,169,170
SUPER_28,650000,367,38,37,442,163,204
SUPER_28,660000,238,27,24,289,128,110
SUPER_28,670000,87,11,6,104,38,49
SUPER_28,680000,258,18,23,299,114,144
SUPER_28,690000,286,27,18,331,162,124
SUPER_28,700000,301,22,33,356,138,163
SUPER_28,710000,264,26,34,324,118,146
SUPER_28,720000,121,12,14,147,62,59
SUPER_28,730000,201,9,14,224,92,109
SUPER_28,740000,82,8,7,97,49,33
SUPER_28,750000,111,7,7,125,50,61
SUPER_28,760000,379,41,35,455,184,195
SUPER_28,770000,359,35,31,425,155,204
SUPER_28,780000,366,33,33,432,177,189
SUPER_28,790000,348,39,25,412,176,172
SUPER_28,800000,180,21,16,217,89,91
SUPER_28,810000,400,38,26,464,202,198
SUPER_28,820000,75,9,10,94,48,27
SUPER_28,830000,164,10,12,186,83,81
SUPER_28,840000,390,35,29,454,200,190
SUPER_28,850000,294,19,18,331,144,150
SUPER_28,860000,343,36,27,406,168,175
SUPER_28,870000,311,30,36,377,147,164
SUPER_28,880000,19,1,0,20,10,9
SUPER_28,890000,347,34,31,412,183,164
SUPER_28,900000,195,17,17,229,92,103
SUPER_28,910000,396,43,32,471,204,192
SUPER_28,920000,325,37,41,403,150,175
SUPER_28,930000,277,33,22,332,137,140
SUPER_28,940000,278,40,20,338,139,139
SUPER_28,950000,334,21,33,388,156,178
SUPER_28,960000,361,33,29,423,181,180
SUPER_28,970000,318,30,31,379,154,164
SUPER_28,980000,320,26,19,365,162,158
SUPER_28,990000,363,40,27,430,169,194
SUPER_28,1000000,325,34,30,389,148,177
SUPER_28,1010000,393,42,33,468,190,203
SUPER_28,1020000,254,24,31,309,122,132
SUPER_28,1030000,258,33,28,319,109,149
SUPER_28,1040000,418,48,48,514,221,197
SUPER_28,1050000,213,16,14,243,114,99
SUPER_28,1060000,219,28,21,268,108,111
SUPER_28,1070000,360,22,35,417,181,179
SUPER_28,1080000,353,36,28,417,173,180
SUPER_28,1090000,325,27,35,387,159,166
SUPER_28,1100000,290,29,28,347,142,148
SUPER_28,1110000,368,30,28,426,167,201
SUPER_28,1120000,340,28,26,394,171,169
SUPER_28,1130000,282,29,20,331,137,145
SUPER_28,1140000,308,24,33,365,160,148
SUPER_28,1150000,329,33,31,393,144,185
SUPER_28,1160000,109,13,12,134,56,53
SUPER_28,1170000,227,21,25,273,107,120
SUPER_28,1180000,197,17,17,231,91,106
SUPER_28,1190000,316,33,36,385,149,167
SUPER_28,1200000,303,23,34,360,140,163
SUPER_28,1210000,388,29,47,464,182,206
SUPER_28,1220000,278,27,23,328,138,140
SUPER_28,1230000,262,17,21,300,133,129
SUPER_28,1240000,273,21,21,315,133,140
SUPER_28,1250000,273,23,23,319,135,138
SUPER_28,1260000,401,39,31,471,167,234
SUPER_28,1270000,255,29,30,314,125,130
SUPER_28,1280000,163,11,16,190,91,72
SUPER_28,1290000,341,35,32,408,155,186
SUPER_28,1300000,402,28,50,480,187,215
SUPER_28,1310000,347,32,24,403,160,187
SUPER_28,1320000,211,24,22,257,91,120
SUPER_28,1330000,331,38,30,399,152,179
SUPER_28,1340000,175,10,18,203,83,92
SUPER_28,1350000,295,24,29,348,150,145
SUPER_28,1360000,274,26,18,318,137,137
SUPER_28,1370000,198,12,14,224,93,105
SUPER_28,1380000,328,42,36,406,157,171
SUPER_28,1390000,284,23,20,327,136,148
SUPER_28,1400000,254,20,20,294,123,131
SUPER_28,1410000,209,24,23,256,91,118
SUPER_28,1420000,288,34,31,353,135,153
SUPER_28,1430000,47,8,4,59,24,23
SUPER_28,1440000,287,17,28,332,122,165
SUPER_28,1450000,170,11,11,192,89,81
SUPER_28,1460000,348,39,34,421,161,187
SUPER_28,1470000,234,27,32,293,111,123
SUPER_28,1480000,392,41,32,465,204,188
SUPER_28,1490000,381,41,26,448,172,209
SUPER_28,1500000,295,30,34,359,134,161
SUPER_28,1510000,523,38,36,597,256,267
SUPER_28,1520000,0,0,0,0,0,0
SUPER_28,1530000,0,0,0,0,0,0
SUPER_28,1540000,283,32,15,330,150,133
SUPER_28,1550000,0,0,1,1,0,0
SUPER_28,1560000,0,0,0,0,0,0
SUPER_28,1570000,0,0,0,0,0,0
SUPER_28,1580000,111,7,8,126,54,57
SUPER_28,1590000,95,9,13,117,49,46
SUPER_28,1600000,279,25,29,333,121,158
SUPER_28,1610000,303,49,34,386,157,146
SUPER_28,1620000,367,38,32,437,160,207
SUPER_28,1630000,5,2,1,8,3,2
SUPER_28,1640000,374,40,34,448,180,194
SUPER_28,1650000,343,32,36,411,176,167
SUPER_28,1660000,407,43,31,481,206,201
SUPER_28,1670000,430,36,37,503,195,235
SUPER_28,1680000,185,32,17,234,87,98
SUPER_28,1690000,467,41,49,557,215,252
SUPER_28,1700000,389,36,38,463,185,204
SUPER_28,1710000,344,31,31,406,156,188
SUPER_28,1720000,382,41,25,448,168,214
SUPER_28,1730000,358,30,29,417,177,181
SUPER_28,1740000,383,32,32,447,215,168
SUPER_28,1750000,342,38,38,418,149,193
SUPER_28,1760000,346,35,36,417,173,173
SUPER_28,1770000,401,36,28,465,195,206
SUPER_28,1780000,441,27,45,513,207,234
SUPER_28,1790000,302,32,22,356,128,174
SUPER_28,1800000,388,38,28,454,206,182
SUPER_28,1810000,330,31,34,395,162,168
SUPER_28,1820000,325,36,27,388,153,172
SUPER_28,1830000,148,13,16,177,75,73
SUPER_28,1840000,342,33,43,418,170,172
SUPER_28,1850000,287,38,19,344,159,128
SUPER_28,1860000,258,31,18,307,136,122
SUPER_28,1870000,270,27,29,326,136,134
SUPER_28,1880000,322,34,25,381,162,160
SUPER_28,1890000,119,20,14,153,61,58
SUPER_28,1900000,427,38,31,496,192,235
SUPER_28,1910000,477,47,55,579,230,247
SUPER_28,1920000,295,27,18,340,142,153
SUPER_28,1930000,369,27,31,427,205,164
SUPER_28,1940000,415,30,33,478,184,231
SUPER_28,1950000,355,35,35,425,173,182
SUPER_28,1960000,369,46,23,438,184,185
SUPER_28,1970000,403,44,45,492,194,209
SUPER_28,1980000,381,26,35,442,188,193
SUPER_28,1990000,260,32,32,324,121,139
SUPER_28,2000000,356,22,34,412,180,176
SUPER_28,2010000,352,28,34,414,180,172
SUPER_28,2020000,124,13,11,148,75,49
SUPER_28,2030000,85,7,14,106,48,37
SUPER_28,2040000,301,35,35,371,149,152
SUPER_28,2050000,372,33,36,441,188,184
SUPER_28,2060000,261,26,32,319,124,137
SUPER_28,2070000,329,38,26,393,153,176
SUPER_28,2080000,338,31,52,421,159,179
SUPER_28,2090000,338,38,22,398,167,171
SUPER_28,2100000,335,26,28,389,164,171
SUPER_28,2110000,294,35,42,371,139,155
SUPER_28,2120000,210,17,29,256,109,101
SUPER_28,2130000,306,29,30,365,150,156
SUPER_28,2140000,307,34,33,374,142,165
SUPER_28,2150000,229,20,20,269,116,113
SUPER_28,2160000,247,32,21,300,115,132
SUPER_28,2170000,255,32,18,305,117,138
SUPER_28,2180000,230,31,26,287,118,112
SUPER_28,2190000,182,25,22,229,87,95
SUPER_28,2200000,274,32,23,329,138,136
SUPER_28,2210000,385,32,39,456,201,184
SUPER_28,2220000,185,26,13,224,95,90
SUPER_28,2230000,147,9,11,167,73,74
SUPER_28,2240000,362,42,43,447,168,194
SUPER_28,2250000,265,25,43,333,124,141
SUPER_28,2260000,93,13,11,117,41,52
SUPER_28,2270000,94,11,5,110,48,46
SUPER_28,2280000,232,24,15,271,104,128
SUPER_28,2290000,414,49,22,485,209,205
SUPER_28,2300000,289,33,29,351,144,145
SUPER_28,2310000,131,2,6,139,64,67
SUPER_28,2320000,59,4,5,68,28,31
SUPER_28,2330000,351,41,27,419,183,168
SUPER_28,2340000,171,13,16,200,87,84
SUPER_28,2350000,117,10,9,136,71,46
SUPER_28,2360000,260,23,24,307,128,132
SUPER_28,2370000,209,16,24,249,104,105
SUPER_28,2380000,367,36,23,426,174,193
SUPER_28,2390000,247,20,25,292,113,134
SUPER_28,2400000,396,35,32,463,203,193
SUPER_28,2410000,373,32,28,433,186,187
SUPER_28,2420000,265,21,38,324,129,136
SUPER_28,2430000,452,44,45,541,218,234
SUPER_28,2440000,193,20,20,233,96,97
SUPER_28,2450000,156,21,10,187,90,66
SUPER_28,2460000,185,15,15,215,92,93
SUPER_28,2470000,343,23,27,393,177,166
SUPER_28,2480000,351,29,18,398,165,186
SUPER_28,2490000,368,26,20,414,181,187
SUPER_28,2500000,291,25,23,339,139,152
SUPER_28,2510000,76,7,2,85,27,49
SUPER_28,2520000,298,22,34,354,138,160
SUPER_28,2530000,78,10,5,93,31,47
SUPER_28,2540000,161,10,14,185,85,76
SUPER_28,2550000,300,20,22,342,142,158
SUPER_28,2560000,172,14,16,202,73,99
SUPER_28,2570000,384,33,27,444,179,205
SUPER_28,2580000,433,36,41,510,213,220
SUPER_28,2590000,0,0,0,0,0,0
SUPER_28,2600000,0,0,0,0,0,0
SUPER_28,2610000,349,50,15,414,187,162
SUPER_28,2620000,459,34,43,536,227,232
SUPER_28,2630000,305,23,30,358,149,156
SUPER_28,2640000,0,2,2,4,0,0
SUPER_28,2650000,118,7,7,132,60,58
SUPER_28,2660000,0,0,0,0,0,0
SUPER_28,2670000,0,0,0,0,0,0
SUPER_28,2680000,0,0,0,0,0,0
SUPER_28,2690000,0,0,0,0,0,0
SUPER_28,2700000,1,2,1,4,0,1
SUPER_28,2710000,0,0,0,0,0,0
SUPER_28,2720000,0,0,0,0,0,0
SUPER_28,2730000,231,19,19,269,118,113
SUPER_28,2740000,330,17,24,371,188,142
SUPER_28,2750000,386,34,43,463,207,179
SUPER_28,2760000,361,37,26,424,173,188
SUPER_28,2770000,204,13,15,232,103,101
SUPER_28,2780000,390,30,27,447,192,198
SUPER_28,2790000,228,20,17,265,119,109
SUPER_28,2800000,35,4,2,41,18,17
SUPER_28,2810000,354,26,32,412,190,164
SUPER_28,2820000,229,21,17,267,102,127
SUPER_28,2830000,179,7,25,211,74,105
SUPER_28,2840000,329,27,31,387,174,155
SUPER_28,2850000,298,29,27,354,155,143
SUPER_28,2860000,331,20,22,373,140,191
SUPER_28,2870000,170,15,7,192,66,104
SUPER_28,2880000,1,1,0,2,0,1
SUPER_28,2890000,174,24,28,226,95,79
SUPER_28,2900000,278,19,21,318,127,151
SUPER_28,2910000,138,12,14,164,79,59
SUPER_28,2920000,285,18,22,325,152,133
SUPER_28,2930000,382,31,33,446,202,180
SUPER_28,2940000,343,20,25,388,163,180
SUPER_28,2950000,349,32,23,404,179,170
SUPER_28,2960000,225,21,23,269,108,117
SUPER_28,2970000,219,14,14,247,120,99
SUPER_28,2980000,352,32,31,415,167,185
SUPER_28,2990000,291,20,14,325,135,156
SUPER_28,3000000,59,4,5,68,32,27
SUPER_28,3010000,430,48,36,514,194,236
SUPER_28,3020000,424,36,47,507,213,211
SUPER_28,3030000,382,31,35,448,200,182
SUPER_28,3040000,359,42,27,428,173,186
SUPER_28,3050000,277,24,25,326,160,117
SUPER_28,3060000,209,18,10,237,81,128
SUPER_28,3070000,353,39,33,425,177,176
SUPER_28,3080000,260,27,24,311,115,145
SUPER_28,3090000,282,22,19,323,153,129
SUPER_28,3100000,202,17,13,232,104,98
SUPER_28,3110000,370,32,32,434,197,173
SUPER_28,3120000,355,36,29,420,184,171
SUPER_28,3130000,377,27,14,418,199,178
SUPER_28,3140000,253,20,27,300,126,127
SUPER_28,3150000,366,43,19,428,160,206
SUPER_28,3160000,285,27,28,340,132,153
SUPER_28,3170000,288,17,23,328,128,160
SUPER_28,3180000,388,46,42,476,204,184
SUPER_28,3190000,348,49,20,417,179,169
SUPER_28,3200000,207,37,18,262,101,106
SUPER_28,3210000,0,0,0,0,0,0
SUPER_28,3220000,0,0,0,0,0,0
SUPER_28,3230000,532,52,41,625,255,277
SUPER_28,3240000,326,18,27,371,156,170
SUPER_28,3250000,408,36,34,478,204,204
SUPER_28,3260000,310,22,21,353,161,149
SUPER_28,3270000,422,54,37,513,203,219
SUPER_28,3280000,388,35,27,450,187,201
SUPER_28,3290000,248,23,25,296,136,112
SUPER_28,3300000,355,32,21,408,178,177
SUPER_28,3310000,300,20,34,354,153,147
SUPER_28,3320000,210,11,27,248,118,92
SUPER_28,3330000,0,0,1,1,0,0
SUPER_28,3340000,0,0,0,0,0,0
SUPER_28,3350000,0,0,0,0,0,0
SUPER_28,3360000,252,25,15,292,121,131
SUPER_28,3370000,209,20,19,248,104,105
SUPER_28,3380000,267,19,15,301,134,133
SUPER_28,3390000,341,34,20,395,162,179
SUPER_28,3400000,287,28,21,336,136,151
SUPER_28,3410000,234,22,17,273,116,118
SUPER_28,3420000,89,5,8,102,45,44
SUPER_28,3430000,265,28,24,317,120,145
SUPER_28,3440000,251,13,27,291,129,122
SUPER_28,3450000,356,35,30,421,169,187
SUPER_28,3460000,209,20,11,240,109,100
SUPER_28,3470000,303,38,39,380,147,156
SUPER_28,3480000,360,25,31,416,186,174
SUPER_28,3490000,303,35,28,366,143,160
SUPER_28,3500000,277,26,32,335,155,122
SUPER_28,3510000,238,22,25,285,115,123
SUPER_28,3520000,253,21,30,304,122,131
SUPER_28,3530000,364,35,30,429,176,188
SUPER_28,3540000,413,46,27,486,208,205
SUPER_28,3550000,329,31,32,392,169,160
SUPER_28,3560000,340,32,25,397,178,162
SUPER_28,3570000,324,36,25,385,160,164
SUPER_28,3580000,343,35,28,406,160,183
SUPER_28,3590000,366,30,36,432,176,190
SUPER_28,3600000,352,26,33,411,174,178
SUPER_28,3610000,293,23,28,344,145,148
SUPER_28,3620000,183,18,21,222,92,91
SUPER_28,3630000,225,18,19,262,117,108
SUPER_28,3640000,398,24,32,454,184,214
SUPER_28,3650000,341,33,27,401,175,166
SUPER_28,3660000,258,25,20,303,125,133
SUPER_28,3670000,330,47,22,399,163,167
SUPER_28,3680000,314,24,31,369,159,155
SUPER_28,3690000,340,39,25,404,172,168
SUPER_28,3700000,357,33,29,419,168,189
SUPER_28,3710000,332,32,34,398,165,167
SUPER_28,3720000,55,2,8,65,24,31
SUPER_28,3730000,302,33,18,353,129,173
SUPER_28,3740000,415,24,30,469,208,207
SUPER_28,3750000,276,24,29,329,118,158
SUPER_28,3760000,60,6,2,68,26,34
SUPER_28,3770000,1,0,0,1,0,1
SUPER_28,3780000,0,2,0,2,0,0
SUPER_28,3790000,306,30,27,363,145,161
SUPER_28,3800000,314,34,23,371,150,164
SUPER_28,3810000,368,31,31,430,189,179
SUPER_28,3820000,210,18,19,247,111,99
SUPER_28,3830000,205,20,10,235,104,101
SUPER_28,3840000,283,28,21,332,136,147
SUPER_28,3850000,298,30,23,351,143,155
SUPER_28,3860000,303,17,17,337,151,152
SUPER_28,3870000,265,21,14,300,124,141
SUPER_28,3880000,176,22,18,216,91,85
SUPER_28,3890000,203,15,21,239,97,106
SUPER_28,3900000,369,28,32,429,199,170
SUPER_28,3910000,361,32,30,423,180,181
SUPER_28,3920000,374,40,20,434,174,200
SUPER_28,3930000,344,25,18,387,174,170
SUPER_28,3940000,269,19,21,309,149,120
SUPER_28,3950000,171,8,20,199,83,88
SUPER_28,3960000,340,36,34,410,166,174
SUPER_28,3970000,171,18,13,202,81,90
SUPER_28,3980000,255,28,24,307,123,132
SUPER_28,3990000,35,1,2,38,12,23
SUPER_28,4000000,352,28,30,410,189,163
SUPER_28,4010000,295,21,16,332,168,127
SUPER_28,4020000,322,25,21,368,152,170
SUPER_28,4030000,240,23,12,275,123,117
SUPER_28,4040000,169,15,10,194,87,82
SUPER_28,4050000,228,17,19,264,98,130
SUPER_28,4060000,328,14,25,367,167,161
SUPER_28,4070000,0,1,0,1,0,0
SUPER_28,4080000,334,26,23,383,164,170
SUPER_28,4090000,229,23,17,269,110,119
SUPER_28,4100000,185,20,20,225,83,102
SUPER_28,4110000,237,19,19,275,111,126
SUPER_28,4120000,488,39,41,568,249,239
SUPER_28,4130000,300,40,27,367,146,154
SUPER_28,4140000,331,29,30,390,161,170
SUPER_28,4150000,200,16,14,230,105,95
SUPER_28,4160000,178,15,19,212,95,83
SUPER_28,4170000,311,28,29,368,165,146
SUPER_28,4180000,312,27,27,366,147,165
SUPER_28,4190000,365,33,42,440,173,192
SUPER_28,4200000,316,38,24,378,172,144
SUPER_28,4210000,347,24,35,406,174,173
SUPER_28,4220000,411,37,31,479,193,218
SUPER_28,4230000,259,20,22,301,120,139
SUPER_28,4240000,278,27,19,324,156,122
SUPER_28,4250000,99,6,8,113,53,46
SUPER_28,4260000,382,34,37,453,173,209
SUPER_28,4270000,153,11,18,182,81,72
SUPER_28,4280000,275,34,22,331,129,146
SUPER_28,4290000,421,33,32,486,217,204
SUPER_28,4300000,320,34,42,396,168,152
SUPER_28,4310000,316,31,36,383,156,160
SUPER_28,4320000,370,32,30,432,205,165
SUPER_28,4330000,391,40,43,474,185,206
SUPER_28,4340000,384,44,43,471,187,197
SUPER_28,4350000,258,27,30,315,129,129
SUPER_28,4360000,306,26,26,358,148,158
SUPER_28,4370000,267,28,33,328,130,137
SUPER_28,4380000,255,19,23,297,139,116
SUPER_28,4390000,345,29,37,411,182,163
SUPER_28,4400000,345,24,21,390,186,159
SUPER_28,4410000,387,26,34,447,209,178
SUPER_28,4420000,314,21,24,359,149,165
SUPER_28,4430000,306,31,34,371,158,148
SUPER_28,4440000,459,45,48,552,238,221
SUPER_28,4450000,4,0,0,4,1,3
SUPER_28,4460000,276,30,24,330,137,139
SUPER_28,4470000,355,26,32,413,164,191
SUPER_28,4480000,412,40,41,493,203,209
SUPER_28,4490000,248,31,25,304,136,112
SUPER_28,4500000,358,29,25,412,177,181
SUPER_28,4510000,270,27,26,323,146,124
SUPER_28,4520000,271,35,24,330,137,134
SUPER_28,4530000,180,8,18,206,90,90
SUPER_28,4540000,372,26,30,428,200,172
SUPER_28,4550000,440,28,31,499,217,223
SUPER_28,4560000,230,26,24,280,112,118
SUPER_28,4570000,236,17,21,274,129,107
SUPER_28,4580000,339,31,24,394,165,174
SUPER_28,4590000,333,27,28,388,179,154
SUPER_28,4600000,264,19,30,313,131,133
SUPER_28,4610000,117,11,7,135,58,59
SUPER_28,4620000,217,28,26,271,100,117
SUPER_28,4630000,317,26,30,373,162,155
SUPER_28,4640000,305,32,30,367,149,156
SUPER_28,4650000,285,32,28,345,151,134
SUPER_28,4660000,385,50,46,481,190,195
SUPER_28,4670000,322,29,40,391,162,160
SUPER_28,4680000,429,49,52,530,188,241
SUPER_28,4690000,441,30,39,510,220,221
SUPER_28,4700000,269,25,25,319,138,131
SUPER_28,4710000,270,31,26,327,135,135
SUPER_28,4720000,225,18,25,268,124,101
SUPER_28,4730000,106,8,13,127,46,60
SUPER_28,4740000,335,26,30,391,151,184
SUPER_28,4750000,129,4,8,141,77,52
SUPER_28,4760000,167,13,11,191,99,68
SUPER_28,4770000,342,37,38,417,167,175
SUPER_28,4780000,288,30,23,341,135,153
SUPER_28,4790000,337,37,28,402,163,174
SUPER_28,4800000,366,34,37,437,168,198
SUPER_28,4810000,302,27,39,368,143,159
SUPER_28,4820000,288,32,23,343,140,148
SUPER_28,4830000,57,8,12,77,32,25
SUPER_28,4840000,344,39,29,412,175,169
SUPER_28,4850000,243,23,28,294,108,135
SUPER_28,4860000,293,33,28,354,137,156
SUPER_28,4870000,214,22,18,254,98,116
SUPER_28,4880000,170,18,10,198,95,75
SUPER_28,4890000,200,17,15,232,101,99
SUPER_28,4900000,283,28,21,332,135,148
SUPER_28,4910000,167,15,15,197,70,97
SUPER_28,4920000,178,24,20,222,81,97
SUPER_28,4930000,175,21,28,224,75,100
SUPER_28,4940000,231,28,27,286,110,121
SUPER_28,4950000,329,20,29,378,170,159
SUPER_28,4960000,113,10,15,138,58,55
SUPER_28,4970000,263,23,19,305,143,120
SUPER_28,4980000,328,28,26,382,181,147
SUPER_28,4990000,301,21,23,345,146,155
SUPER_28,5000000,149,17,19,185,64,85
SUPER_28,5010000,59,5,7,71,30,29
SUPER_28,5020000,4,1,0,5,0,4
SUPER_28,5030000,160,20,15,195,71,89
SUPER_28,5040000,107,12,11,130,50,57
SUPER_28,5050000,215,20,28,263,97,118
SUPER_28,5060000,311,31,30,372,152,159
SUPER_28,5070000,451,47,30,528,232,219
SUPER_28,5080000,392,33,30,455,218,174
SUPER_28,5090000,321,27,29,377,158,163
SUPER_28,5100000,326,27,30,383,157,169
SUPER_28,5110000,136,9,9,154,66,70
SUPER_28,5120000,146,18,13,177,69,77
SUPER_28,5130000,290,23,33,346,126,164
SUPER_28,5140000,385,25,41,451,199,186
SUPER_28,5150000,487,38,31,556,222,265
SUPER_28,5160000,313,33,29,375,150,163
SUPER_28,5170000,280,19,33,332,144,136
SUPER_28,5180000,144,13,15,172,64,80
SUPER_28,5190000,357,33,31,421,170,187
SUPER_28,5200000,365,38,25,428,188,177
SUPER_28,5210000,362,42,31,435,188,174
SUPER_28,5220000,322,25,29,376,151,171
SUPER_28,5230000,331,23,32,386,150,181
SUPER_28,5240000,307,29,20,356,148,159
SUPER_28,5250000,232,24,14,270,104,128
SUPER_28,5260000,405,28,40,473,229,176
SUPER_28,5270000,272,29,27,328,129,143
SUPER_28,5280000,490,40,44,574,218,272
SUPER_28,5290000,279,30,24,333,145,134
SUPER_28,5300000,98,11,7,116,51,47
SUPER_28,5310000,311,28,27,366,146,165
SUPER_28,5320000,383,47,31,461,195,188
SUPER_28,5330000,364,34,30,428,188,176
SUPER_28,5340000,168,8,14,190,79,89
SUPER_28,5350000,271,27,25,323,139,132
SUPER_28,5360000,406,41,38,485,164,242
SUPER_28,5370000,283,21,26,330,136,147
SUPER_28,5380000,307,24,15,346,148,159
SUPER_28,5390000,238,18,19,275,119,119
SUPER_28,5400000,344,27,27,398,172,172
SUPER_28,5410000,176,10,20,206,82,94
SUPER_28,5420000,141,10,18,169,74,67
SUPER_28,5430000,87,5,1,93,49,38
SUPER_28,5440000,0,1,0,1,0,0
SUPER_28,5450000,105,13,3,121,37,68
SUPER_28,5460000,0,0,0,0,0,0
SUPER_28,5470000,0,0,0,0,0,0
SUPER_28,5480000,0,0,0,0,0,0
SUPER_28,5490000,0,0,0,0,0,0
SUPER_28,5500000,119,8,10,137,57,62
SUPER_28,5510000,11,1,0,12,10,1
SUPER_28,5520000,237,23,12,272,112,125
SUPER_28,5530000,410,34,55,499,204,206
SUPER_28,5540000,453,39,33,525,222,231
SUPER_28,5550000,107,12,6,125,56,51
SUPER_28,5560000,102,5,8,115,45,57
SUPER_28,5570000,187,20,18,225,89,98
SUPER_28,5580000,321,33,36,390,145,176
SUPER_28,5590000,413,39,57,509,191,222
SUPER_28,5600000,385,45,37,467,169,216
SUPER_28,5610000,335,29,31,395,164,171
SUPER_28,5620000,378,35,29,442,173,205
SUPER_28,5630000,29,2,2,33,11,18
SUPER_28,5640000,18,2,3,23,9,9
SUPER_28,5650000,303,23,35,361,155,148
SUPER_28,5660000,326,37,31,394,161,165
SUPER_28,5670000,361,39,36,436,161,200
SUPER_28,5680000,183,18,16,217,102,81
SUPER_28,5690000,382,42,40,464,184,198
SUPER_28,5700000,357,33,25,415,177,180
SUPER_28,5710000,233,20,21,274,123,110
SUPER_28,5720000,420,36,39,495,206,214
SUPER_28,5730000,234,16,19,269,123,111
SUPER_28,5740000,216,18,17,251,96,120
SUPER_28,5750000,175,26,20,221,87,88
SUPER_28,5760000,133,10,13,156,54,79
SUPER_28,5770000,253,18,20,291,137,116
SUPER_28,5780000,343,28,34,405,168,175
SUPER_28,5790000,310,28,28,366,164,146
SUPER_28,5800000,305,28,30,363,139,166
SUPER_28,5810000,387,43,29,459,171,216
SUPER_28,5820000,289,28,25,342,140,149
SUPER_28,5830000,343,23,43,409,163,180
SUPER_28,5840000,359,26,37,422,150,209
SUPER_28,5850000,279,33,24,336,121,158
SUPER_28,5860000,307,27,33,367,153,154
SUPER_28,5870000,343,35,45,423,156,187
SUPER_28,5880000,400,38,35,473,206,194
SUPER_28,5890000,422,36,38,496,178,244
SUPER_28,5900000,344,37,33,414,164,180
SUPER_28,5910000,245,17,29,291,123,122
SUPER_28,5920000,171,32,28,231,72,99
SUPER_28,5930000,301,37,25,363,139,162
SUPER_28,5940000,195,25,14,234,82,113
SUPER_28,5950000,340,32,32,404,163,177
SUPER_28,5960000,359,26,48,433,155,204
SUPER_28,5970000,320,30,23,373,159,161
SUPER_28,5980000,361,35,26,422,173,188
SUPER_28,5990000,315,24,39,378,168,147
SUPER_28,6000000,302,26,34,362,157,145
SUPER_28,6010000,0,0,1,1,0,0
SUPER_28,6020000,65,6,6,77,41,24
SUPER_28,6030000,372,43,40,455,160,212
SUPER_28,6040000,316,35,29,380,146,170
SUPER_28,6050000,72,4,6,82,37,35
SUPER_28,6060000,269,29,20,318,120,149
SUPER_28,6070000,190,10,26,226,91,99
SUPER_28,6080000,334,38,32,404,146,188
SUPER_28,6090000,308,34,31,373,147,161
SUPER_28,6100000,411,30,50,491,196,215
SUPER_28,6110000,266,24,21,311,138,128
SUPER_28,6120000,404,38,38,480,178,226
SUPER_28,6130000,316,36,36,388,159,157
SUPER_28,6140000,247,21,15,283,111,136
SUPER_28,6150000,331,29,33,393,172,159
SUPER_28,6160000,143,9,20,172,71,72
SUPER_28,6170000,386,39,36,461,192,194
SUPER_28,6180000,379,30,31,440,186,193
SUPER_28,6190000,377,35,32,444,196,181
SUPER_28,6200000,305,24,34,363,145,160
SUPER_28,6210000,68,5,3,76,30,38
SUPER_28,6220000,167,21,16,204,74,93
SUPER_28,6230000,418,53,38,509,222,196
SUPER_28,6240000,294,38,32,364,136,158
SUPER_28,6250000,209,17,14,240,114,95
SUPER_28,6260000,274,32,26,332,122,152
SUPER_28,6270000,241,29,24,294,116,125
SUPER_28,6280000,0,0,0,0,0,0
SUPER_28,6290000,0,0,0,0,0,0
SUPER_28,6300000,0,0,0,0,0,0
SUPER_28,6310000,0,0,0,0,0,0
SUPER_28,6320000,357,26,34,417,158,199
SUPER_28,6330000,66,6,4,76,34,32
SUPER_28,6340000,406,33,29,468,201,205
SUPER_28,6350000,368,45,32,445,168,200
SUPER_28,6360000,397,37,47,481,185,212
SUPER_28,6370000,327,29,22,378,176,151
SUPER_28,6380000,426,36,47,509,177,249
SUPER_28,6390000,300,36,21,357,151,149
SUPER_28,6400000,253,23,24,300,117,136
SUPER_28,6410000,252,25,28,305,126,126
SUPER_28,6420000,116,11,14,141,62,54
SUPER_28,6430000,219,18,17,254,98,121
SUPER_28,6440000,293,26,30,349,139,154
SUPER_28,6450000,250,27,18,295,127,123
SUPER_28,6460000,301,29,28,358,146,155
SUPER_28,6470000,379,38,21,438,189,190
SUPER_28,6480000,259,25,28,312,126,133
SUPER_28,6490000,134,9,16,159,62,72
SUPER_28,6500000,382,32,48,462,185,197
SUPER_28,6510000,377,37,26,440,189,188
SUPER_28,6520000,226,15,22,263,105,121
SUPER_28,6530000,237,24,20,281,121,116
SUPER_28,6540000,210,17,17,244,99,111
SUPER_28,6550000,255,24,20,299,133,122
SUPER_28,6560000,356,40,25,421,182,174
SUPER_28,6570000,225,17,27,269,112,113
SUPER_28,6580000,254,23,22,299,123,131
SUPER_28,6590000,112,8,8,128,55,57
SUPER_28,6600000,235,29,28,292,107,128
SUPER_28,6610000,253,15,21,289,127,126
SUPER_28,6620000,367,42,23,432,188,179
SUPER_28,6630000,356,38,29,423,170,186
SUPER_28,6640000,445,42,37,524,219,226
SUPER_28,6650000,363,40,26,429,185,178
SUPER_28,6660000,212,12,13,237,111,101
SUPER_28,6670000,127,9,8,144,70,57
SUPER_28,6680000,335,35,38,408,156,179
SUPER_28,6690000,179,20,10,209,92,87
SUPER_28,6700000,297,20,33,350,132,165
SUPER_28,6710000,241,20,18,279,117,124
SUPER_28,6720000,368,33,41,442,184,184
SUPER_28,6730000,0,0,0,0,0,0
SUPER_28,6740000,0,0,0,0,0,0
SUPER_28,6750000,423,43,54,520,206,217
SUPER_28,6760000,317,28,23,368,147,170
SUPER_28,6770000,154,12,12,178,82,72
SUPER_28,6780000,116,6,10,132,55,61
SUPER_28,6790000,342,30,21,393,183,159
SUPER_28,6800000,327,31,24,382,166,161
SUPER_28,6810000,307,21,21,349,126,181
SUPER_28,6820000,407,40,41,488,201,206
SUPER_28,6830000,343,34,46,423,159,184
SUPER_28,6840000,167,11,17,195,74,93
SUPER_28,6850000,242,22,24,288,110,132
SUPER_28,6860000,336,21,25,382,171,165
SUPER_28,6870000,281,26,29,336,142,139
SUPER_28,6880000,299,24,25,348,148,151
SUPER_28,6890000,334,38,32,404,166,168
SUPER_28,6900000,327,25,22,374,160,167
SUPER_28,6910000,342,30,35,407,181,161
SUPER_28,6920000,360,40,21,421,177,183
SUPER_28,6930000,279,28,30,337,144,135
SUPER_28,6940000,287,24,22,333,144,143
SUPER_28,6950000,370,27,33,430,175,195
SUPER_28,6960000,389,40,30,459,217,172
SUPER_28,6970000,402,36,41,479,195,207
SUPER_28,6980000,152,11,18,181,73,79
SUPER_28,6990000,237,25,24,286,110,127
SUPER_28,7000000,269,19,28,316,137,132
SUPER_28,7010000,140,12,9,161,82,58
SUPER_28,7020000,227,13,20,260,112,115
SUPER_28,7030000,320,30,30,380,150,170
SUPER_28,7040000,341,29,29,399,175,166
SUPER_28,7050000,316,27,24,367,184,132
SUPER_28,7060000,361,27,32,420,184,177
SUPER_28,7070000,331,33,36,400,151,180
SUPER_28,7080000,374,35,31,440,186,188
SUPER_28,7090000,258,28,23,309,105,153
SUPER_28,7100000,141,7,18,166,69,72
SUPER_28,7110000,383,31,35,449,192,191
SUPER_28,7120000,319,27,19,365,157,162
SUPER_28,7130000,374,38,30,442,180,194
SUPER_28,7140000,318,33,29,380,153,165
SUPER_28,7150000,43,3,4,50,24,19
SUPER_28,7160000,318,30,24,372,168,150
SUPER_28,7170000,425,45,41,511,193,232
SUPER_28,7180000,376,30,29,435,203,173
SUPER_28,7190000,273,18,17,308,145,128
SUPER_28,7200000,0,0,0,0,0,0
SUPER_28,7210000,0,0,0,0,0,0
SUPER_28,7220000,528,37,42,607,243,285
SUPER_28,7230000,346,26,32,404,173,173
SUPER_28,7240000,342,22,23,387,168,174
SUPER_28,7250000,428,40,22,490,203,225
SUPER_28,7260000,348,36,27,411,177,171
SUPER_28,7270000,113,14,15,142,55,58
SUPER_28,7280000,233,20,18,271,114,119
SUPER_28,7290000,457,31,28,516,238,219
SUPER_28,7300000,0,0,0,0,0,0
SUPER_28,7310000,0,0,0,0,0,0
SUPER_28,7320000,417,28,37,482,209,208
SUPER_28,7330000,198,19,14,231,92,106
SUPER_28,7340000,419,45,32,496,228,191
SUPER_28,7350000,48,0,3,51,24,24
SUPER_28,7360000,252,26,20,298,140,112
SUPER_28,7370000,305,30,28,363,156,149
SUPER_28,7380000,386,27,32,445,194,192
SUPER_28,7390000,392,32,36,460,190,202
SUPER_28,7400000,335,29,20,384,196,139
SUPER_28,7410000,216,15,13,244,97,119
SUPER_28,7420000,257,34,31,322,121,136
SUPER_28,7430000,453,58,46,557,183,270
SUPER_28,7440000,349,38,27,414,171,178
SUPER_28,7450000,95,4,5,104,47,48
SUPER_28,7460000,203,10,16,229,106,97
SUPER_28,7470000,308,24,23,355,148,160
SUPER_28,7480000,363,16,46,425,180,183
SUPER_28,7490000,93,10,7,110,48,45
SUPER_28,7500000,148,20,21,189,79,69
SUPER_28,7510000,159,17,12,188,82,77
SUPER_28,7520000,352,20,36,408,162,190
SUPER_28,7530000,312,28,26,366,145,167
SUPER_28,7540000,76,5,8,89,40,36
SUPER_28,7550000,253,19,24,296,110,143
SUPER_28,7560000,360,32,19,411,174,186
SUPER_28,7570000,339,27,28,394,166,173
SUPER_28,7580000,350,27,39,416,191,159
SUPER_28,7590000,331,22,29,382,154,177
SUPER_28,7600000,322,32,30,384,162,160
SUPER_28,7610000,293,29,29,351,141,152
SUPER_28,7620000,419,37,26,482,187,232
SUPER_28,7630000,307,26,27,360,173,134
SUPER_28,7640000,389,32,33,454,198,191
SUPER_28,7650000,361,30,32,423,188,173
SUPER_28,7660000,339,38,28,405,155,184
SUPER_28,7670000,199,21,17,237,105,94
SUPER_28,7680000,358,21,21,400,175,183
SUPER_28,7690000,328,28,32,388,141,187
SUPER_28,7700000,231,18,21,270,116,115
SUPER_28,7710000,326,31,25,382,150,176
SUPER_28,7720000,318,17,23,358,172,146
SUPER_28,7730000,265,22,25,312,137,128
SUPER_28,7740000,200,16,15,231,105,95
SUPER_28,7750000,354,23,28,405,170,184
SUPER_28,7760000,291,16,24,331,138,153
SUPER_28,7770000,264,32,31,327,133,131
SUPER_28,7780000,374,28,21,423,190,184
SUPER_28,7790000,256,16,11,283,139,117
SUPER_28,7800000,430,32,32,494,205,225
SUPER_28,7810000,304,33,21,358,168,136
SUPER_28,7820000,241,32,15,288,108,133
SUPER_28,7830000,262,23,27,312,139,123
SUPER_28,7840000,350,29,26,405,198,152
SUPER_28,7850000,288,27,22,337,147,141
SUPER_28,7860000,379,37,27,443,176,203
SUPER_28,7870000,298,23,34,355,147,151
SUPER_28,7880000,410,28,39,477,199,211
SUPER_28,7890000,310,21,29,360,163,147
SUPER_28,7900000,285,14,24,323,143,142
SUPER_28,7910000,359,30,34,423,186,173
SUPER_28,7920000,208,14,17,239,103,105
SUPER_28,7930000,319,22,38,379,158,161
SUPER_28,7940000,259,27,25,311,121,138
SUPER_28,7950000,224,18,16,258,124,100
SUPER_28,7960000,135,11,16,162,63,72
SUPER_28,7970000,203,18,18,239,107,96
SUPER_28,7980000,357,22,32,411,185,172
SUPER_28,7990000,369,37,39,445,196,173
SUPER_28,8000000,270,21,25,316,159,111
SUPER_28,8010000,277,16,22,315,137,140
SUPER_28,8020000,351,29,26,406,157,194
SUPER_28,8030000,288,19,14,321,149,139
SUPER_28,8040000,168,13,19,200,89,79
SUPER_28,8050000,251,21,23,295,125,126
SUPER_28,8060000,217,19,18,254,105,112
SUPER_28,8070000,93,8,10,111,42,51
SUPER_28,8080000,163,12,16,191,84,79
SUPER_28,8090000,114,18,12,144,64,50
SUPER_28,8100000,75,9,7,91,48,27
SUPER_28,8110000,89,13,7,109,49,40
SUPER_28,8120000,55,6,2,63,31,24
SUPER_28,8130000,18,2,3,23,10,8
SUPER_28,8140000,20,1,4,25,11,9
SUPER_28,8150000,9,1,1,11,6,3
SUPER_28,8160000,19,4,3,26,11,8
SUPER_28,8170000,11,3,3,17,4,7
SUPER_28,8180000,14,7,9,30,6,8
SUPER_29,10000,0,0,0,0,0,0
SUPER_29,20000,0,0,0,0,0,0
SUPER_29,30000,51,16,8,75,26,25
SUPER_29,40000,93,11,2,106,55,38
SUPER_29,50000,21,9,3,33,17,4
SUPER_29,60000,238,10,8,256,157,81
SUPER_29,70000,0,2,0,2,0,0
SUPER_29,80000,32,1,0,33,20,12
SUPER_29,90000,184,9,5,198,99,85
SUPER_29,100000,0,0,0,0,0,0
SUPER_29,110000,0,0,0,0,0,0
SUPER_29,120000,0,0,0,0,0,0
SUPER_29,130000,3,0,2,5,3,0
SUPER_29,140000,1,0,0,1,0,1
SUPER_29,150000,3,0,0,3,3,0
SUPER_29,160000,0,0,0,0,0,0
SUPER_29,170000,0,0,0,0,0,0
SUPER_29,180000,0,0,0,0,0,0
SUPER_29,190000,6,0,0,6,1,5
SUPER_29,200000,2,0,0,2,1,1
SUPER_29,210000,1,0,0,1,0,1
SUPER_29,220000,11,2,1,14,7,4
SUPER_29,230000,12,0,1,13,9,3
SUPER_29,240000,3,0,0,3,2,1
SUPER_29,250000,5,0,0,5,3,2
SUPER_29,260000,1,0,0,1,1,0
SUPER_29,270000,1,0,0,1,1,0
SUPER_29,280000,10,0,0,10,3,7
SUPER_29,290000,0,1,1,2,0,0
SUPER_29,300000,0,0,0,0,0,0
SUPER_29,310000,0,0,0,0,0,0
SUPER_29,320000,0,0,0,0,0,0
SUPER_29,330000,0,0,0,0,0,0
SUPER_29,340000,0,0,0,0,0,0
SUPER_29,350000,0,0,0,0,0,0
SUPER_29,360000,0,0,0,0,0,0
SUPER_29,370000,0,0,0,0,0,0
SUPER_29,380000,0,0,0,0,0,0
SUPER_29,390000,0,0,0,0,0,0
SUPER_29,400000,0,0,0,0,0,0
SUPER_29,410000,0,0,0,0,0,0
SUPER_29,420000,0,0,0,0,0,0
SUPER_29,430000,0,0,0,0,0,0
SUPER_29,440000,0,0,0,0,0,0
SUPER_29,450000,300,25,20,345,166,134
SUPER_29,460000,291,26,22,339,157,134
SUPER_29,470000,291,32,27,350,149,142
SUPER_29,480000,358,29,27,414,176,182
SUPER_29,490000,329,36,32,397,169,160
SUPER_29,500000,350,38,35,423,178,172
SUPER_29,510000,217,18,21,256,117,100
SUPER_29,520000,304,26,26,356,149,155
SUPER_29,530000,198,17,17,232,101,97
SUPER_29,540000,360,50,35,445,176,184
SUPER_29,550000,300,28,17,345,155,145
SUPER_29,560000,151,21,11,183,90,61
SUPER_29,570000,330,22,28,380,159,171
SUPER_29,580000,337,29,27,393,180,157
SUPER_29,590000,422,34,31,487,225,197
SUPER_29,600000,348,23,26,397,159,189
SUPER_29,610000,352,25,29,406,179,173
SUPER_29,620000,380,29,22,431,186,194
SUPER_29,630000,311,26,31,368,159,152
SUPER_29,640000,362,27,22,411,190,172
SUPER_29,650000,367,21,30,418,197,170
SUPER_29,660000,227,18,17,262,122,105
SUPER_29,670000,0,0,0,0,0,0
SUPER_29,680000,0,0,0,0,0,0
SUPER_29,690000,0,0,0,0,0,0
SUPER_29,700000,394,33,30,457,184,210
SUPER_29,710000,0,0,0,0,0,0
SUPER_29,720000,0,0,0,0,0,0
SUPER_29,730000,207,16,14,237,98,109
SUPER_29,740000,164,20,20,204,86,78
SUPER_29,750000,305,35,31,371,163,142
SUPER_29,760000,403,40,31,474,202,201
SUPER_29,770000,418,34,37,489,222,196
SUPER_29,780000,327,32,35,394,175,152
SUPER_29,790000,398,34,35,467,203,195
SUPER_29,800000,407,35,24,466,204,203
SUPER_29,810000,325,24,21,370,172,153
SUPER_29,820000,358,31,31,420,186,172
SUPER_29,830000,333,29,34,396,151,182
SUPER_29,840000,368,39,40,447,173,195
SUPER_29,850000,202,24,33,259,100,102
SUPER_29,860000,272,23,27,322,132,140
SUPER_29,870000,374,37,42,453,170,204
SUPER_29,880000,395,57,45,497,197,198
SUPER_29,890000,383,39,38,460,191,192
SUPER_29,900000,240,19,12,271,134,106
SUPER_29,910000,273,25,40,338,138,135
SUPER_29,920000,223,20,20,263,103,120
SUPER_29,930000,292,35,17,344,136,156
SUPER_29,940000,212,19,17,248,110,102
SUPER_29,950000,351,37,32,420,183,168
SUPER_29,960000,214,11,23,248,117,97
SUPER_29,970000,207,29,18,254,107,100
SUPER_29,980000,213,14,14,241,125,88
SUPER_29,990000,334,30,42,406,186,148
SUPER_29,1000000,141,20,8,169,69,72
SUPER_29,1010000,394,48,38,480,175,219
SUPER_29,1020000,484,39,50,573,246,238
SUPER_29,1030000,373,34,37,444,182,191
SUPER_29,1040000,187,14,14,215,104,83
SUPER_29,1050000,256,27,24,307,123,133
SUPER_29,1060000,348,32,40,420,168,180
SUPER_29,1070000,255,17,25,297,132,123
SUPER_29,1080000,341,37,37,415,160,181
SUPER_29,1090000,0,0,0,0,0,0
SUPER_29,1100000,0,0,0,0,0,0
SUPER_29,1110000,568,58,71,697,271,297
SUPER_29,1120000,187,16,8,211,103,84
SUPER_29,1130000,424,28,36,488,209,215
SUPER_29,1140000,136,17,17,170,56,80
SUPER_29,1150000,420,37,37,494,193,227
SUPER_29,1160000,462,38,42,542,227,235
SUPER_29,1170000,365,40,40,445,190,175
SUPER_29,1180000,136,14,11,161,58,78
SUPER_29,1190000,220,9,16,245,108,112
SUPER_29,1200000,382,43,36,461,204,178
SUPER_29,1210000,0,0,0,0,0,0
SUPER_29,1220000,0,0,0,0,0,0
SUPER_29,1230000,0,0,0,0,0,0
SUPER_29,1240000,0,0,0,0,0,0
SUPER_29,1250000,0,0,0,0,0,0
SUPER_29,1260000,0,0,0,0,0,0
SUPER_29,1270000,65,3,8,76,40,25
SUPER_29,1280000,1,0,0,1,0,1
SUPER_29,1290000,2,0,0,2,1,1
SUPER_29,1300000,0,0,0,0,0,0
SUPER_29,1310000,0,0,0,0,0,0
SUPER_29,1320000,8,0,0,8,2,6
SUPER_29,1330000,303,0,1,304,152,151
SUPER_29,1340000,527,1,0,528,259,268
SUPER_29,1350000,63,4,10,77,31,32
SUPER_29,1360000,57,3,8,68,29,28
SUPER_29,1370000,152,20,22,194,81,71
SUPER_29,1380000,138,13,14,165,77,61
SUPER_29,1390000,137,13,16,166,70,67
SUPER_29,1400000,142,8,11,161,74,68
SUPER_29,1410000,34,0,2,36,21,13
SUPER_29,1420000,0,1,0,1,0,0
SUPER_29,1430000,49,3,5,57,23,26
SUPER_29,1440000,200,19,6,225,96,104
SUPER_29,1450000,37,0,2,39,17,20
SUPER_29,1460000,108,9,6,123,51,57
SUPER_29,1470000,85,5,10,100,41,44
SUPER_29,1480000,87,11,6,104,49,38
SUPER_29,1490000,24,6,4,34,11,13
SUPER_29,1500000,12,3,2,17,4,8
SUPER_29,1510000,48,7,6,61,19,29
SUPER_29,1520000,24,1,4,29,9,15
SUPER_29,1530000,9,2,1,12,6,3
SUPER_29,1540000,182,35,26,243,94,88
SUPER_29,1550000,314,24,28,366,160,154
SUPER_29,1560000,209,15,22,246,105,104
SUPER_29,1570000,269,23,19,311,155,114
SUPER_29,1580000,215,24,15,254,96,119
SUPER_29,1590000,242,29,22,293,125,117
SUPER_29,1600000,288,19,25,332,135,153
SUPER_29,1610000,87,8,15,110,41,46
SUPER_29,1620000,213,23,25,261,114,99
SUPER_29,1630000,220,20,20,260,131,89
SUPER_29,1640000,208,17,17,242,121,87
SUPER_29,1650000,166,18,22,206,99,67
SUPER_29,1660000,302,33,26,361,154,148
SUPER_29,1670000,148,17,5,170,68,80
SUPER_29,1680000,132,17,15,164,61,71
SUPER_29,1690000,271,34,24,329,134,137
SUPER_29,1700000,220,31,16,267,113,107
SUPER_29,1710000,67,2,3,72,40,27
SUPER_29,1720000,36,4,6,46,15,21
SUPER_29,1730000,178,20,16,214,98,80
SUPER_29,1740000,208,21,21,250,101,107
SUPER_29,1750000,50,6,10,66,26,24
SUPER_29,1760000,209,20,22,251,98,111
SUPER_29,1770000,171,20,21,212,84,87
SUPER_29,1780000,181,18,20,219,99,82
SUPER_29,1790000,270,17,23,310,132,138
SUPER_29,1800000,157,19,12,188,74,83
SUPER_29,1810000,111,11,12,134,52,59
SUPER_29,1820000,223,16,26,265,113,110
SUPER_29,1830000,404,23,20,447,139,265
SUPER_29,1840000,869,2,2,873,352,517
SUPER_29,1850000,0,0,0,0,0,0
SUPER_29,1860000,0,0,0,0,0,0
SUPER_29,1870000,12,0,0,12,4,8
SUPER_29,1880000,0,0,0,0,0,0
SUPER_29,1890000,0,0,0,0,0,0
SUPER_29,1900000,3,0,0,3,1,2
SUPER_29,1910000,4,0,0,4,1,3
SUPER_29,1920000,2,0,0,2,1,1
SUPER_29,1930000,0,1,0,1,0,0
SUPER_29,1940000,0,0,0,0,0,0
SUPER_29,1950000,0,0,0,0,0,0
SUPER_29,1960000,2,0,0,2,1,1
SUPER_29,1970000,0,0,0,0,0,0
SUPER_29,1980000,0,0,0,0,0,0
SUPER_29,1990000,0,0,0,0,0,0
SUPER_29,2000000,0,0,0,0,0,0
SUPER_29,2010000,0,0,0,0,0,0
SUPER_29,2020000,0,0,0,0,0,0
SUPER_29,2030000,74,5,5,84,39,35
SUPER_29,2040000,181,22,20,223,77,104
SUPER_29,2050000,249,34,24,307,108,141
SUPER_29,2060000,141,11,12,164,79,62
SUPER_29,2070000,269,28,25,322,139,130
SUPER_29,2080000,320,37,36,393,157,163
SUPER_29,2090000,302,37,33,372,140,162
SUPER_29,2100000,43,1,7,51,21,22
SUPER_29,2110000,200,13,13,226,97,103
SUPER_29,2120000,284,21,19,324,144,140
SUPER_29,2130000,341,28,35,404,154,187
SUPER_29,2140000,221,17,11,249,107,114
SUPER_29,2150000,394,44,32,470,196,198
SUPER_29,2160000,257,32,23,312,139,118
SUPER_29,2170000,194,12,18,224,92,102
SUPER_29,2180000,135,13,14,162,67,68
SUPER_29,2190000,156,14,8,178,86,70
SUPER_29,2200000,61,4,4,69,23,38
SUPER_29,2210000,258,26,25,309,139,119
SUPER_29,2220000,123,11,10,144,54,69
SUPER_29,2230000,294,21,18,333,140,154
SUPER_29,2240000,47,3,2,52,24,23
SUPER_29,2250000,253,26,29,308,120,133
SUPER_29,2260000,145,12,17,174,79,66
SUPER_29,2270000,240,20,22,282,126,114
SUPER_29,2280000,172,15,19,206,88,84
SUPER_29,2290000,304,30,32,366,136,168
SUPER_29,2300000,337,37,29,403,165,172
SUPER_29,2310000,110,8,12,130,50,60
SUPER_29,2320000,201,22,21,244,104,97
SUPER_29,2330000,196,19,24,239,114,82
SUPER_29,2340000,158,16,13,187,97,61
SUPER_29,2350000,249,33,26,308,143,106
SUPER_29,2360000,91,6,8,105,45,46
SUPER_29,2370000,182,15,14,211,91,91
SUPER_29,2380000,235,32,28,295,92,143
SUPER_29,2390000,279,22,19,320,138,141
SUPER_29,2400000,224,12,17,253,132,92
SUPER_29,2410000,190,19,15,224,86,104
SUPER_29,2420000,92,9,13,114,39,53
SUPER_29,2430000,117,17,12,146,58,59
SUPER_29,2440000,264,27,19,310,133,131
SUPER_29,2450000,308,29,29,366,142,166
SUPER_29,2460000,289,27,32,348,163,126
SUPER_29,2470000,238,20,14,272,123,115
SUPER_29,2480000,39,5,8,52,19,20
SUPER_29,2490000,165,10,15,190,90,75
SUPER_29,2500000,116,11,10,137,50,66
SUPER_29,2510000,289,19,36,344,142,147
SUPER_29,2520000,210,12,28,250,104,106
SUPER_29,2530000,191,16,19,226,89,102
SUPER_29,2540000,197,22,17,236,113,84
SUPER_29,2550000,264,33,24,321,121,143
SUPER_29,2560000,252,29,22,303,139,113
SUPER_29,2570000,202,22,18,242,91,111
SUPER_29,2580000,168,17,26,211,77,91
SUPER_29,2590000,123,21,16,160,61,62
SUPER_29,2600000,131,7,11,149,61,70
SUPER_29,2610000,155,18,14,187,76,79
SUPER_29,2620000,186,22,15,223,83,103
SUPER_29,2630000,289,32,22,343,136,153
SUPER_29,2640000,259,35,24,318,122,137
SUPER_29,2650000,285,26,27,338,146,139
SUPER_29,2660000,259,17,14,290,133,126
SUPER_29,2670000,252,27,30,309,125,127
SUPER_29,2680000,348,33,31,412,172,176
SUPER_29,2690000,171,20,13,204,84,87
SUPER_29,2700000,197,21,15,233,92,105
SUPER_29,2710000,227,17,23,267,104,123
SUPER_29,2720000,144,12,22,178,76,68
SUPER_29,2730000,351,34,30,415,169,182
SUPER_29,2740000,232,21,20,273,122,110
SUPER_29,2750000,269,20,28,317,146,123
SUPER_29,2760000,97,13,7,117,42,55
SUPER_29,2770000,66,7,12,85,31,35
SUPER_29,2780000,305,35,39,379,145,160
SUPER_29,2790000,33,4,3,40,17,16
SUPER_29,2800000,208,20,27,255,92,116
SUPER_29,2810000,236,16,27,279,120,116
SUPER_29,2820000,363,26,23,412,179,184
SUPER_29,2830000,292,18,29,339,142,150
SUPER_29,2840000,341,34,29,404,163,178
SUPER_29,2850000,73,7,8,88,35,38
SUPER_29,2860000,39,3,3,45,19,20
SUPER_29,2870000,113,11,15,139,63,50
SUPER_29,2880000,292,19,24,335,135,157
SUPER_29,2890000,302,35,30,367,135,167
SUPER_29,2900000,308,25,28,361,149,159
SUPER_29,2910000,307,38,31,376,161,146
SUPER_29,2920000,263,21,31,315,136,127
SUPER_29,2930000,296,27,24,347,173,123
SUPER_29,2940000,215,18,27,260,98,117
SUPER_29,2950000,229,27,22,278,109,120
SUPER_29,2960000,299,22,32,353,145,154
SUPER_29,2970000,370,25,39,434,199,171
SUPER_29,2980000,222,22,24,268,121,101
SUPER_29,2990000,115,12,10,137,42,73
SUPER_29,3000000,319,31,29,379,161,158
SUPER_29,3010000,242,16,16,274,126,116
SUPER_29,3020000,0,0,0,0,0,0
SUPER_29,3030000,0,0,0,0,0,0
SUPER_29,3040000,0,0,0,0,0,0
SUPER_29,3050000,0,0,0,0,0,0
SUPER_29,3060000,0,0,0,0,0,0
SUPER_29,3070000,0,0,0,0,0,0
SUPER_29,3080000,0,0,0,0,0,0
SUPER_29,3090000,0,0,0,0,0,0
SUPER_29,3100000,0,0,0,0,0,0
SUPER_29,3110000,0,0,0,0,0,0
SUPER_29,3120000,0,0,0,0,0,0
SUPER_29,3130000,0,0,0,0,0,0
SUPER_29,3140000,97,7,10,114,38,59
SUPER_29,3150000,5,0,0,5,3,2
SUPER_29,3160000,4,0,0,4,2,2
SUPER_29,3170000,5,0,0,5,1,4
SUPER_29,3180000,0,0,0,0,0,0
SUPER_29,3190000,0,0,0,0,0,0
SUPER_29,3200000,6,0,0,6,3,3
SUPER_29,3210000,38,0,0,38,13,25
SUPER_29,3220000,438,11,0,449,164,274
SUPER_29,3230000,1,3,1,5,0,1
SUPER_29,3240000,232,13,19,264,122,110
SUPER_29,3250000,236,26,21,283,118,118
SUPER_29,3260000,254,12,22,288,121,133
SUPER_29,3270000,323,31,24,378,171,152
SUPER_29,3280000,355,40,26,421,172,183
SUPER_29,3290000,373,41,35,449,189,184
SUPER_29,3300000,213,27,21,261,98,115
SUPER_29,3310000,359,38,25,422,191,168
SUPER_29,3320000,123,14,9,146,63,60
SUPER_29,3330000,399,44,54,497,186,213
SUPER_29,3340000,400,36,31,467,206,194
SUPER_29,3350000,289,33,24,346,150,139
SUPER_29,3360000,298,27,31,356,149,149
SUPER_29,3370000,295,27,39,361,144,151
SUPER_29,3380000,419,44,35,498,198,221
SUPER_29,3390000,313,25,33,371,163,150
SUPER_29,3400000,314,29,28,371,160,154
SUPER_29,3410000,284,29,28,341,121,163
SUPER_29,3420000,242,18,17,277,131,111
SUPER_29,3430000,264,31,33,328,116,148
SUPER_29,3440000,271,25,21,317,128,143
SUPER_29,3450000,412,40,34,486,193,219
SUPER_29,3460000,201,21,16,238,106,95
SUPER_29,3470000,255,21,20,296,134,121
SUPER_29,3480000,309,30,25,364,157,152
SUPER_29,3490000,235,13,20,268,119,116
SUPER_29,3500000,218,18,10,246,97,121
SUPER_29,3510000,182,25,21,228,86,96
SUPER_29,3520000,313,38,33,384,153,160
SUPER_29,3530000,255,23,21,299,125,130
SUPER_29,3540000,312,27,26,365,174,138
SUPER_29,3550000,109,9,7,125,55,54
SUPER_29,3560000,57,2,2,61,31,26
SUPER_29,3570000,6,0,0,6,3,3
SUPER_29,3580000,446,33,40,519,235,211
SUPER_29,3590000,231,23,12,266,121,110
SUPER_29,3600000,287,17,17,321,157,130
SUPER_29,3610000,189,23,19,231,82,107
SUPER_29,3620000,330,30,34,394,166,164
SUPER_29,3630000,444,41,35,520,229,215
SUPER_29,3640000,262,31,21,314,123,139
SUPER_29,3650000,14,2,3,19,9,5
SUPER_29,3660000,274,38,34,346,130,144
SUPER_29,3670000,236,23,18,277,121,115
SUPER_29,3680000,332,25,23,380,166,166
SUPER_29,3690000,276,31,32,339,146,130
SUPER_29,3700000,61,3,10,74,22,39
SUPER_29,3710000,243,30,25,298,108,135
SUPER_29,3720000,192,12,15,219,97,95
SUPER_29,3730000,317,39,39,395,146,171
SUPER_29,3740000,319,28,36,383,166,153
SUPER_29,3750000,370,30,36,436,167,203
SUPER_29,3760000,202,21,14,237,89,113
SUPER_29,3770000,211,18,17,246,116,95
SUPER_29,3780000,161,12,12,185,91,70
SUPER_29,3790000,271,30,29,330,122,149
SUPER_29,3800000,264,24,29,317,127,137
SUPER_29,3810000,342,28,33,403,161,181
SUPER_29,3820000,298,39,33,370,154,144
SUPER_29,3830000,283,29,19,331,149,134
SUPER_29,3840000,381,39,39,459,189,192
SUPER_29,3850000,354,41,35,430,159,195
SUPER_29,3860000,395,38,28,461,197,198
SUPER_29,3870000,339,29,26,394,175,164
SUPER_29,3880000,393,41,16,450,191,202
SUPER_29,3890000,443,44,35,522,226,217
SUPER_29,3900000,670,66,54,790,334,335
SUPER_29,3910000,574,68,44,686,292,282
SUPER_29,3920000,413,40,34,487,194,219
SUPER_29,3930000,25,1,2,28,13,12
SUPER_29,3940000,395,45,31,471,191,204
SUPER_29,3950000,337,33,34,404,174,163
SUPER_29,3960000,60,9,2,71,30,30
SUPER_29,3970000,187,11,19,217,101,86
SUPER_29,3980000,356,42,34,432,159,197
SUPER_29,3990000,371,38,35,444,177,194
SUPER_29,4000000,405,46,31,482,209,196
SUPER_29,4010000,88,10,5,103,52,36
SUPER_29,4020000,101,4,13,118,52,49
SUPER_29,4030000,283,40,25,348,142,141
SUPER_29,4040000,273,24,30,327,128,145
SUPER_29,4050000,182,12,23,217,81,101
SUPER_29,4060000,18,1,0,19,8,10
SUPER_29,4070000,333,31,34,398,175,158
SUPER_29,4080000,339,36,37,412,171,168
SUPER_29,4090000,242,30,23,295,117,125
SUPER_29,4100000,293,31,24,348,156,137
SUPER_29,4110000,230,31,20,281,116,114
SUPER_29,4120000,256,34,26,316,109,147
SUPER_29,4130000,43,2,5,50,26,17
SUPER_29,4140000,256,16,17,289,141,115
SUPER_29,4150000,306,28,26,360,163,143
SUPER_29,4160000,231,22,22,275,119,112
SUPER_29,4170000,127,19,9,155,68,59
SUPER_29,4180000,268,22,26,316,140,128
SUPER_29,4190000,259,30,15,304,123,136
SUPER_29,4200000,146,14,10,170,83,63
SUPER_29,4210000,395,27,36,458,207,188
SUPER_29,4220000,221,21,18,260,115,106
SUPER_29,4230000,357,29,35,421,182,175
SUPER_29,4240000,355,32,30,417,177,178
SUPER_29,4250000,308,35,43,386,155,153
SUPER_29,4260000,287,27,17,331,144,143
SUPER_29,4270000,259,16,19,294,132,127
SUPER_29,4280000,329,33,21,383,150,179
SUPER_29,4290000,272,21,28,321,141,131
SUPER_29,4300000,134,11,13,158,70,64
SUPER_29,4310000,363,33,39,435,173,189
SUPER_29,4320000,294,27,28,349,146,148
SUPER_29,4330000,304,27,35,366,167,137
SUPER_29,4340000,405,45,26,476,195,210
SUPER_29,4350000,381,43,32,456,177,204
SUPER_29,4360000,234,20,27,281,120,114
SUPER_29,4370000,203,27,21,251,94,109
SUPER_29,4380000,159,13,15,187,84,75
SUPER_29,4390000,87,11,14,112,40,47
SUPER_29,4400000,246,21,24,291,114,132
SUPER_29,4410000,397,38,33,468,207,190
SUPER_29,4420000,459,51,36,546,232,227
SUPER_29,4430000,319,29,26,374,163,156
SUPER_29,4440000,38,4,3,45,23,15
SUPER_29,4450000,3,0,1,4,1,2
SUPER_29,4460000,12,3,0,15,4,8
SUPER_29,4470000,3,1,0,4,0,3
SUPER_29,4480000,3,1,0,4,1,2
SUPER_29,4490000,24,1,5,30,11,13
SUPER_29,4500000,246,15,24,285,120,126
SUPER_29,4510000,250,19,25,294,141,109
SUPER_29,4520000,104,12,13,129,45,59
SUPER_29,4530000,41,6,5,52,26,15
SUPER_29,4540000,14,3,1,18,5,9
SUPER_29,4550000,19,6,3,28,8,11
SUPER_29,4560000,46,4,6,56,21,25
SUPER_29,4570000,57,5,9,71,28,29
SUPER_29,4580000,38,6,2,46,17,21
SUPER_29,4590000,55,6,2,63,28,27
SUPER_29,4600000,44,3,5,52,21,23
SUPER_29,4610000,29,1,1,31,15,14
SUPER_29,4620000,12,2,3,17,6,6
SUPER_29,4630000,27,5,4,36,13,14
SUPER_29,4640000,49,3,4,56,27,22
SUPER_29,4650000,17,1,1,19,8,9
SUPER_29,4660000,0,0,0,0,0,0
SUPER_29,4670000,0,0,0,0,0,0
SUPER_29,4680000,88,9,8,105,40,48
SUPER_29,4690000,305,24,17,346,162,143
SUPER_29,4700000,0,0,0,0,0,0
SUPER_29,4710000,0,0,0,0,0,0
SUPER_29,4720000,14,2,3,19,6,8
SUPER_29,4730000,33,4,0,37,16,17
SUPER_29,4740000,0,0,0,0,0,0
SUPER_29,4750000,0,0,0,0,0,0
SUPER_29,4760000,60,8,8,76,34,26
SUPER_29,4770000,2,0,0,2,0,2
SUPER_29,4780000,195,2,1,198,74,121
SUPER_29,4790000,1089,16,22,1127,427,662
SUPER_29,4800000,0,0,0,0,0,0
SUPER_29,4810000,0,0,0,0,0,0
SUPER_29,4820000,17,1,0,18,6,11
SUPER_29,4830000,68,9,11,88,30,38
SUPER_29,4840000,232,19,14,265,139,93
SUPER_29,4850000,230,16,14,260,115,115
SUPER_29,4860000,232,25,12,269,122,110
SUPER_29,4870000,280,23,25,328,138,142
SUPER_29,4880000,325,30,18,373,169,156
SUPER_29,4890000,256,32,20,308,134,122
SUPER_29,4900000,318,27,36,381,153,165
SUPER_29,4910000,231,23,15,269,120,111
SUPER_29,4920000,166,22,15,203,86,80
SUPER_29,4930000,270,20,16,306,126,144
SUPER_29,4940000,185,23,14,222,109,76
SUPER_29,4950000,211,26,18,255,100,111
SUPER_29,4960000,152,8,13,173,83,69
SUPER_29,4970000,180,20,14,214,96,84
SUPER_29,4980000,403,33,43,479,196,207
SUPER_29,4990000,399,32,26,457,196,203
SUPER_29,5000000,323,37,33,393,167,156
SUPER_29,5010000,349,40,28,417,191,158
SUPER_29,5020000,283,31,32,346,147,136
SUPER_29,5030000,286,23,37,346,149,137
SUPER_29,5040000,373,34,34,441,173,200
SUPER_29,5050000,285,23,29,337,140,145
SUPER_29,5060000,286,30,24,340,141,145
SUPER_29,5070000,210,30,23,263,100,110
SUPER_29,5080000,196,25,25,246,90,106
SUPER_29,5090000,131,21,12,164,65,66
SUPER_29,5100000,293,33,30,356,150,143
SUPER_29,5110000,157,12,19,188,87,70
SUPER_29,5120000,156,13,11,180,84,72
SUPER_29,5130000,188,34,20,242,91,97
SUPER_29,5140000,295,24,34,353,143,152
SUPER_29,5150000,279,28,30,337,140,139
SUPER_29,5160000,347,33,30,410,177,170
SUPER_29,5170000,209,17,20,246,104,105
SUPER_29,5180000,162,12,11,185,94,68
SUPER_29,5190000,119,15,13,147,61,58
SUPER_29,5200000,159,20,21,200,83,76
SUPER_29,5210000,232,27,18,277,108,124
SUPER_29,5220000,298,20,30,348,151,147
SUPER_29,5230000,322,28,37,387,153,169
SUPER_29,5240000,313,34,26,373,160,153
SUPER_29,5250000,378,27,27,432,183,195
SUPER_29,5260000,266,28,26,320,120,146
SUPER_29,5270000,130,8,12,150,73,57
SUPER_29,5280000,170,19,14,203,79,91
SUPER_29,5290000,323,32,22,377,151,172
SUPER_29,5300000,303,32,23,358,141,162
SUPER_29,5310000,265,36,29,330,137,128
SUPER_29,5320000,201,24,19,244,106,95
SUPER_29,5330000,221,24,31,276,102,119
SUPER_29,5340000,173,15,19,207,80,93
SUPER_29,5350000,239,28,22,289,117,122
SUPER_29,5360000,252,32,22,306,113,139
SUPER_29,5370000,93,13,11,117,44,49
SUPER_29,5380000,164,19,9,192,76,88
SUPER_29,5390000,328,39,30,397,155,173
SUPER_29,5400000,291,33,19,343,141,150
SUPER_29,5410000,157,15,15,187,80,77
SUPER_29,5420000,228,37,25,290,108,120
SUPER_29,5430000,312,29,30,371,156,156
SUPER_29,5440000,317,38,27,382,144,173
SUPER_29,5450000,305,31,37,373,144,161
SUPER_29,5460000,261,21,31,313,147,114
SUPER_29,5470000,276,26,34,336,132,144
SUPER_29,5480000,299,32,32,363,122,177
SUPER_29,5490000,154,20,12,186,76,78
SUPER_29,5500000,383,28,32,443,188,195
SUPER_29,5510000,224,30,21,275,124,100
SUPER_29,5520000,338,42,25,405,148,190
SUPER_29,5530000,27,2,0,29,19,8
SUPER_29,5540000,241,22,31,294,127,114
SUPER_29,5550000,289,22,30,341,144,145
SUPER_29,5560000,91,10,6,107,46,45
SUPER_29,5570000,125,11,12,148,69,56
SUPER_29,5580000,272,23,22,317,126,146
SUPER_29,5590000,216,18,16,250,109,107
SUPER_29,5600000,223,20,18,261,117,106
SUPER_29,5610000,70,7,7,84,39,31
SUPER_29,5620000,278,28,26,332,135,143
SUPER_29,5630000,180,20,14,214,96,84
SUPER_29,5640000,375,35,41,451,205,170
SUPER_29,5650000,310,24,26,360,155,155
SUPER_29,5660000,341,30,20,391,178,163
SUPER_29,5670000,93,10,11,114,49,44
SUPER_29,5680000,259,25,18,302,132,127
SUPER_29,5690000,420,32,34,486,214,206
SUPER_29,5700000,196,17,18,231,105,91
SUPER_29,5710000,298,19,27,344,141,157
SUPER_29,5720000,226,24,19,269,98,128
SUPER_29,5730000,22,3,1,26,14,8
SUPER_29,5740000,136,14,13,163,59,77
SUPER_29,5750000,142,12,19,173,72,70
SUPER_29,5760000,368,29,30,427,187,181
SUPER_29,5770000,285,22,28,335,161,124
SUPER_29,5780000,231,18,17,266,126,105
SUPER_29,5790000,210,13,20,243,97,113
SUPER_29,5800000,405,33,25,463,219,186
SUPER_29,5810000,275,18,19,312,134,141
SUPER_29,5820000,294,25,28,347,138,156
SUPER_29,5830000,341,34,26,401,174,167
SUPER_29,5840000,355,27,20,402,176,179
SUPER_29,5850000,70,3,7,80,40,30
SUPER_29,5860000,276,23,32,331,136,140
SUPER_29,5870000,280,15,17,312,155,125
SUPER_29,5880000,388,27,37,452,178,210
SUPER_29,5890000,398,40,34,472,203,195
SUPER_29,5900000,228,15,28,271,118,110
SUPER_29,5910000,368,30,30,428,175,193
SUPER_29,5920000,275,39,27,341,137,138
SUPER_29,5930000,400,28,38,466,185,215
SUPER_29,5940000,165,22,19,206,95,70
SUPER_29,5950000,400,35,41,476,209,191
SUPER_29,5960000,192,17,16,225,88,104
SUPER_29,5970000,240,21,16,277,128,112
SUPER_29,5980000,361,40,33,434,187,174
SUPER_29,5990000,403,52,32,487,204,199
SUPER_29,6000000,388,28,37,453,197,191
SUPER_29,6010000,293,18,22,333,148,145
SUPER_29,6020000,341,33,31,405,162,179
SUPER_29,6030000,296,28,22,346,143,153
SUPER_29,6040000,255,21,15,291,137,118
SUPER_29,6050000,412,37,41,490,205,207
SUPER_29,6060000,415,31,31,477,219,196
SUPER_29,6070000,220,22,22,264,107,113
SUPER_29,6080000,233,19,13,265,139,94
SUPER_29,6090000,174,16,9,199,98,76
SUPER_29,6100000,193,20,24,237,92,101
SUPER_29,6110000,288,33,29,350,133,155
SUPER_29,6120000,322,33,21,376,155,167
SUPER_29,6130000,348,30,39,417,171,177
SUPER_29,6140000,192,18,22,232,93,99
SUPER_29,6150000,215,23,20,258,110,105
SUPER_29,6160000,81,5,8,94,43,38
SUPER_29,6170000,206,13,25,244,103,103
SUPER_29,6180000,248,29,28,305,130,118
SUPER_29,6190000,156,13,12,181,78,78
SUPER_29,6200000,151,10,11,172,85,66
SUPER_29,6210000,236,21,14,271,125,111
SUPER_29,6220000,310,39,23,372,154,156
SUPER_29,6230000,478,38,44,560,188,290
SUPER_29,6240000,202,19,21,242,102,100
SUPER_29,6250000,195,20,18,233,109,86
SUPER_29,6260000,254,42,21,317,129,125
SUPER_29,6270000,102,9,11,122,33,69
SUPER_29,6280000,202,23,24,249,105,97
SUPER_29,6290000,127,10,16,153,71,56
SUPER_29,6300000,111,19,12,142,45,66
SUPER_29,6310000,166,18,9,193,85,81
SUPER_29,6320000,279,27,36,342,144,135
SUPER_29,6330000,271,21,30,322,139,132
SUPER_29,6340000,292,25,38,355,145,147
SUPER_29,6350000,256,26,24,306,122,134
SUPER_29,6360000,270,27,26,323,142,128
SUPER_29,6370000,166,17,14,197,85,81
SUPER_29,6380000,138,6,8,152,68,70
SUPER_29,6390000,314,27,40,381,154,160
SUPER_29,6400000,312,21,28,361,151,161
SUPER_29,6410000,214,22,18,254,97,117
SUPER_29,6420000,243,30,28,301,100,143
SUPER_29,6430000,209,20,19,248,90,119
SUPER_29,6440000,138,28,32,198,64,74
SUPER_29,6450000,242,16,32,290,121,121
SUPER_29,6460000,98,6,10,114,46,52
SUPER_29,6470000,38,6,2,46,21,17
SUPER_29,6480000,211,20,22,253,90,121
SUPER_29,6490000,64,8,10,82,30,34
SUPER_29,6500000,237,23,20,280,117,120
SUPER_29,6510000,262,27,20,309,126,136
SUPER_29,6520000,112,14,6,132,63,49
SUPER_29,6530000,245,20,25,290,120,125
SUPER_29,6540000,248,29,27,304,130,118
SUPER_29,6550000,278,23,33,334,145,133
SUPER_29,6560000,303,25,33,361,144,159
SUPER_29,6570000,390,35,38,463,200,190
SUPER_29,6580000,336,31,26,393,170,166
SUPER_29,6590000,208,27,30,265,93,115
SUPER_29,6600000,235,29,28,292,117,118
SUPER_29,6610000,224,30,32,286,100,124
SUPER_29,6620000,337,32,31,400,176,161
SUPER_29,6630000,183,19,23,225,85,98
SUPER_29,6640000,242,31,24,297,137,105
SUPER_29,6650000,226,27,25,278,114,112
SUPER_29,6660000,86,6,10,102,40,46
SUPER_29,6670000,162,14,12,188,74,88
SUPER_29,6680000,221,28,28,277,104,117
SUPER_29,6690000,272,25,26,323,115,157
SUPER_29,6700000,207,30,17,254,101,106
SUPER_29,6710000,353,29,33,415,177,176
SUPER_29,6720000,330,36,28,394,170,160
SUPER_29,6730000,298,27,22,347,144,154
SUPER_29,6740000,310,35,24,369,160,150
SUPER_29,6750000,319,29,36,384,153,166
SUPER_29,6760000,250,18,21,289,119,131
SUPER_29,6770000,0,0,0,0,0,0
SUPER_29,6780000,0,0,0,0,0,0
SUPER_29,6790000,234,21,17,272,117,117
SUPER_29,6800000,175,22,17,214,92,83
SUPER_29,6810000,89,18,6,113,54,35
SUPER_29,6820000,93,18,9,120,49,44
SUPER_29,6830000,236,21,26,283,124,112
SUPER_29,6840000,297,30,19,346,141,156
SUPER_29,6850000,351,27,42,420,156,194
SUPER_29,6860000,37,0,2,39,15,22
SUPER_29,6870000,292,20,20,332,141,151
SUPER_29,6880000,333,28,37,398,143,190
SUPER_29,6890000,125,11,11,147,63,62
SUPER_29,6900000,76,11,5,92,35,41
SUPER_29,6910000,20,2,3,25,10,10
SUPER_29,6920000,156,20,18,194,82,74
SUPER_29,6930000,54,8,12,74,32,22
SUPER_29,6940000,83,13,6,102,50,33
SUPER_29,6950000,69,5,5,79,33,36
SUPER_29,6960000,0,0,0,0,0,0
SUPER_29,6970000,0,0,0,0,0,0
SUPER_29,6980000,66,5,6,77,25,41
SUPER_29,6990000,0,0,0,0,0,0
SUPER_29,7000000,0,0,0,0,0,0
SUPER_29,7010000,5,0,0,5,2,3
SUPER_29,7020000,7,0,0,7,2,5
SUPER_29,7030000,119,3,5,127,53,66
SUPER_29,7040000,2,1,0,3,0,2
SUPER_29,7050000,2,0,0,2,1,1
SUPER_29,7060000,6,0,0,6,3,3
SUPER_29,7070000,2,0,0,2,2,0
SUPER_29,7080000,3,1,0,4,0,3
SUPER_29,7090000,4,0,0,4,2,2
SUPER_29,7100000,16,2,0,18,10,6
SUPER_29,7110000,12,0,0,12,7,5
SUPER_29,7120000,31,3,2,36,17,14
SUPER_29,7130000,362,35,48,445,167,195
SUPER_29,7140000,429,33,39,501,225,204
SUPER_29,7150000,371,29,37,437,188,183
SUPER_29,7160000,420,41,33,494,219,201
SUPER_29,7170000,406,35,25,466,202,204
SUPER_29,7180000,251,17,18,286,120,131
SUPER_29,7190000,301,23,33,357,148,153
SUPER_29,7200000,328,22,24,374,176,152
SUPER_29,7210000,382,33,30,445,200,182
SUPER_29,7220000,62,11,2,75,32,30
SUPER_29,7230000,181,13,15,209,101,80
SUPER_29,7240000,227,22,19,268,120,107
SUPER_29,7250000,309,29,28,366,146,163
SUPER_29,7260000,214,20,17,251,106,108
SUPER_29,7270000,369,35,26,430,168,201
SUPER_29,7280000,444,38,56,538,226,218
SUPER_29,7290000,390,31,26,447,207,183
SUPER_29,7300000,255,15,32,302,124,131
SUPER_29,7310000,193,25,17,235,98,95
SUPER_29,7320000,390,28,24,442,211,179
SUPER_29,7330000,46,7,4,57,19,27
SUPER_29,7340000,0,0,0,0,0,0
SUPER_29,7350000,0,0,0,0,0,0
SUPER_29,7360000,156,9,12,177,92,64
SUPER_29,7370000,208,24,22,254,104,104
SUPER_29,7380000,351,19,20,390,184,167
SUPER_29,7390000,406,35,37,478,213,193
SUPER_29,7400000,376,37,28,441,190,186
SUPER_29,7410000,362,26,36,424,202,160
SUPER_29,7420000,259,20,32,311,130,129
SUPER_29,7430000,0,0,0,0,0,0
SUPER_29,7440000,0,0,0,0,0,0
SUPER_29,7450000,0,0,0,0,0,0
SUPER_30,10000,288,21,29,338,161,127
SUPER_30,20000,17,1,2,20,7,10
SUPER_30,30000,135,21,14,170,53,82
SUPER_30,40000,47,13,5,65,13,34
SUPER_30,50000,2,0,0,2,0,2
SUPER_30,60000,30,7,4,41,7,23
SUPER_30,70000,169,19,20,208,67,102
SUPER_30,80000,166,17,15,198,64,102
SUPER_30,90000,38,6,9,53,14,24
SUPER_30,100000,68,7,6,81,22,46
SUPER_30,110000,28,0,3,31,17,11
SUPER_30,120000,41,6,4,51,24,17
SUPER_30,130000,3,1,2,6,0,3
SUPER_30,140000,47,0,3,50,34,13
SUPER_30,150000,2,0,0,2,0,2
SUPER_30,160000,3,1,0,4,1,2
SUPER_30,170000,2,1,1,4,0,2
SUPER_30,180000,28,3,1,32,17,11
SUPER_30,190000,58,9,6,73,35,23
SUPER_30,200000,14,1,1,16,7,7
SUPER_30,210000,270,19,23,312,154,116
SUPER_30,220000,288,29,30,347,134,153
SUPER_30,230000,229,20,26,275,119,110
SUPER_30,240000,292,36,26,354,129,163
SUPER_30,250000,306,23,25,354,154,152
SUPER_30,260000,2,0,0,2,1,1
SUPER_30,270000,174,18,12,204,82,92
SUPER_30,280000,269,25,21,315,130,139
SUPER_30,290000,386,38,40,464,196,190
SUPER_30,300000,334,24,40,398,174,160
SUPER_30,310000,225,22,21,268,126,99
SUPER_30,320000,317,34,33,384,156,161
SUPER_30,330000,331,25,32,388,181,150
SUPER_30,340000,391,45,38,474,183,208
SUPER_30,350000,126,11,11,148,62,64
SUPER_30,360000,304,35,29,368,136,168
SUPER_30,370000,392,33,35,460,197,195
SUPER_30,380000,163,17,11,191,77,86
SUPER_30,390000,444,43,43,530,218,226
SUPER_30,400000,352,34,35,421,166,186
SUPER_30,410000,308,32,34,374,163,145
SUPER_30,420000,348,25,28,401,194,154
SUPER_30,430000,206,20,20,246,108,98
SUPER_30,440000,276,19,28,323,122,154
SUPER_30,450000,420,30,44,494,209,211
SUPER_30,460000,341,29,34,404,185,156
SUPER_30,470000,313,20,21,354,141,172
SUPER_30,480000,185,14,15,214,89,96
SUPER_30,490000,81,8,5,94,43,38
SUPER_30,500000,383,31,39,453,196,187
SUPER_30,510000,340,39,26,405,156,184
SUPER_30,520000,332,31,23,386,160,172
SUPER_30,530000,330,35,25,390,155,175
SUPER_30,540000,315,23,29,367,154,161
SUPER_30,550000,364,34,32,430,183,181
SUPER_30,560000,301,17,15,333,153,148
SUPER_30,570000,210,15,23,248,97,113
SUPER_30,580000,377,25,21,423,199,178
SUPER_30,590000,302,30,26,358,157,145
SUPER_30,600000,208,23,27,258,103,105
SUPER_30,610000,248,11,21,280,132,116
SUPER_30,620000,104,8,9,121,55,49
SUPER_30,630000,118,15,8,141,66,52
SUPER_30,640000,418,43,29,490,210,208
SUPER_30,650000,193,23,17,233,89,104
SUPER_30,660000,217,19,19,255,106,111
SUPER_30,670000,392,48,37,477,198,194
SUPER_30,680000,146,13,20,179,66,80
SUPER_30,690000,326,19,38,383,171,155
SUPER_30,700000,445,46,45,536,231,214
SUPER_30,710000,298,32,12,342,159,139
SUPER_30,720000,318,25,21,364,159,159
SUPER_30,730000,184,21,5,210,94,90
SUPER_30,740000,315,23,36,374,163,152
SUPER_30,750000,309,29,29,367,154,155
SUPER_30,760000,346,41,28,415,166,180
SUPER_30,770000,445,46,44,535,214,231
SUPER_30,780000,232,23,31,286,88,144
SUPER_30,790000,207,14,22,243,111,96
SUPER_30,800000,384,30,35,449,177,207
SUPER_30,810000,0,0,0,0,0,0
SUPER_30,820000,0,0,0,0,0,0
SUPER_30,830000,0,0,0,0,0,0
SUPER_30,840000,181,20,16,217,97,84
SUPER_30,850000,356,26,26,408,192,164
SUPER_30,860000,257,22,30,309,129,128
SUPER_30,870000,386,30,30,446,193,193
SUPER_30,880000,391,35,43,469,215,176
SUPER_30,890000,270,28,18,316,133,137
SUPER_30,900000,414,29,30,473,199,215
SUPER_30,910000,136,16,20,172,57,79
SUPER_30,920000,199,21,21,241,114,85
SUPER_30,930000,400,23,18,441,187,213
SUPER_30,940000,299,32,21,352,144,155
SUPER_30,950000,300,42,47,389,147,153
SUPER_30,960000,303,36,21,360,141,162
SUPER_30,970000,361,32,26,419,198,163
SUPER_30,980000,227,18,22,267,122,105
SUPER_30,990000,396,28,35,459,194,202
SUPER_30,1000000,410,32,31,473,195,215
SUPER_30,1010000,214,13,15,242,110,104
SUPER_30,1020000,433,30,35,498,191,242
SUPER_30,1030000,413,44,40,497,193,220
SUPER_30,1040000,338,23,31,392,180,158
SUPER_30,1050000,352,33,31,416,174,178
SUPER_30,1060000,295,29,17,341,134,161
SUPER_30,1070000,390,50,38,478,177,213
SUPER_30,1080000,334,33,23,390,163,171
SUPER_30,1090000,175,16,18,209,83,92
SUPER_30,1100000,264,29,34,327,138,126
SUPER_30,1110000,211,25,16,252,107,104
SUPER_30,1120000,491,49,44,584,244,247
SUPER_30,1130000,360,26,24,410,172,188
SUPER_30,1140000,174,21,16,211,91,83
SUPER_30,1150000,212,20,25,257,98,114
SUPER_30,1160000,220,18,19,257,110,110
SUPER_30,1170000,297,30,19,346,154,143
SUPER_30,1180000,265,22,29,316,128,137
SUPER_30,1190000,366,35,23,424,186,180
SUPER_30,1200000,326,29,34,389,169,157
SUPER_30,1210000,198,11,17,226,104,94
SUPER_30,1220000,55,6,4,65,29,26
SUPER_30,1230000,175,12,18,205,94,81
SUPER_30,1240000,147,8,8,163,76,71
SUPER_30,1250000,206,12,12,230,98,108
SUPER_30,1260000,27,3,4,34,11,16
SUPER_30,1270000,173,11,15,199,86,87
SUPER_30,1280000,54,3,9,66,29,25
SUPER_30,1290000,35,1,2,38,16,19
SUPER_30,1300000,0,1,0,1,0,0
SUPER_30,1310000,2,0,0,2,1,1
SUPER_30,1320000,198,13,14,225,101,97
SUPER_30,1330000,175,12,18,205,85,90
SUPER_30,1340000,146,13,9,168,71,75
SUPER_30,1350000,261,24,30,315,139,122
SUPER_30,1360000,419,33,24,476,210,209
SUPER_30,1370000,327,33,27,387,182,145
SUPER_30,1380000,0,1,0,1,0,0
SUPER_30,1390000,61,4,3,68,36,25
SUPER_30,1400000,347,37,37,421,170,177
SUPER_30,1410000,43,6,2,51,21,22
SUPER_30,1420000,169,12,14,195,84,85
SUPER_30,1430000,151,10,5,166,72,79
SUPER_30,1440000,200,16,20,236,88,112
SUPER_30,1450000,158,24,23,205,81,77
SUPER_30,1460000,123,14,11,148,72,51
SUPER_30,1470000,33,4,2,39,21,12
SUPER_30,1480000,367,45,45,457,189,178
SUPER_30,1490000,408,36,26,470,213,195
SUPER_30,1500000,363,34,35,432,179,184
SUPER_30,1510000,37,4,4,45,18,19
SUPER_30,1520000,334,36,22,392,172,162
SUPER_30,1530000,361,47,23,431,177,184
SUPER_30,1540000,185,26,12,223,95,90
SUPER_30,1550000,233,18,25,276,124,109
SUPER_30,1560000,199,20,14,233,104,95
SUPER_30,1570000,384,23,42,449,203,181
SUPER_30,1580000,257,30,33,320,136,121
SUPER_30,1590000,436,45,32,513,200,236
SUPER_30,1600000,202,16,23,241,94,108
SUPER_30,1610000,0,0,0,0,0,0
SUPER_30,1620000,0,0,0,0,0,0
SUPER_30,1630000,553,50,45,648,295,258
SUPER_30,1640000,134,19,12,165,74,60
SUPER_30,1650000,130,18,12,160,79,51
SUPER_30,1660000,207,22,17,246,91,116
SUPER_30,1670000,273,32,23,328,124,149
SUPER_30,1680000,216,11,17,244,105,111
SUPER_30,1690000,195,20,20,235,95,100
SUPER_30,1700000,264,23,16,303,131,133
SUPER_30,1710000,390,29,39,458,202,188
SUPER_30,1720000,326,48,30,404,143,183
SUPER_30,1730000,363,22,28,413,155,208
SUPER_30,1740000,233,21,16,270,126,107
SUPER_30,1750000,231,17,19,267,113,118
SUPER_30,1760000,276,30,38,344,131,145
SUPER_30,1770000,338,38,30,406,162,176
SUPER_30,1780000,279,29,47,355,143,136
SUPER_30,1790000,329,25,27,381,181,148
SUPER_30,1800000,272,36,16,324,128,144
SUPER_30,1810000,404,37,38,479,201,203
SUPER_30,1820000,261,15,20,296,147,114
SUPER_30,1830000,234,25,28,287,113,121
SUPER_30,1840000,0,0,1,1,0,0
SUPER_30,1850000,420,34,33,487,211,209
SUPER_30,1860000,282,31,22,335,146,136
SUPER_30,1870000,218,17,27,262,103,115
SUPER_30,1880000,358,29,29,416,165,193
SUPER_30,1890000,256,13,16,285,145,111
SUPER_30,1900000,275,29,26,330,139,136
SUPER_30,1910000,225,24,12,261,118,107
SUPER_30,1920000,190,27,27,244,83,107
SUPER_30,1930000,282,34,34,350,132,150
SUPER_30,1940000,135,13,17,165,73,62
SUPER_30,1950000,181,13,19,213,80,101
SUPER_30,1960000,212,23,29,264,105,107
SUPER_30,1970000,44,6,2,52,21,23
SUPER_30,1980000,0,0,0,0,0,0
SUPER_30,1990000,0,0,0,0,0,0
SUPER_30,2000000,0,0,0,0,0,0
SUPER_30,2010000,71,4,4,79,42,29
SUPER_30,2020000,241,24,27,292,129,112
SUPER_30,2030000,428,31,30,489,231,197
SUPER_30,2040000,67,5,6,78,34,33
SUPER_30,2050000,0,1,0,1,0,0
SUPER_30,2060000,288,20,22,330,148,140
SUPER_30,2070000,294,15,30,339,149,145
SUPER_30,2080000,368,27,36,431,182,186
SUPER_30,2090000,207,11,12,230,113,94
SUPER_30,2100000,449,50,40,539,220,229
SUPER_30,2110000,172,26,16,214,86,86
SUPER_30,2120000,454,35,45,534,230,224
SUPER_30,2130000,359,22,34,415,179,180
SUPER_30,2140000,363,40,29,432,174,189
SUPER_30,2150000,240,19,13,272,116,124
SUPER_30,2160000,131,13,24,168,62,69
SUPER_30,2170000,184,14,14,212,93,91
SUPER_30,2180000,87,8,3,98,48,39
SUPER_30,2190000,0,0,0,0,0,0
SUPER_30,2200000,0,0,0,0,0,0
SUPER_30,2210000,0,0,0,0,0,0
SUPER_30,2220000,146,13,7,166,82,64
SUPER_30,2230000,41,1,3,45,18,23
SUPER_30,2240000,84,6,3,93,39,45
SUPER_30,2250000,91,8,8,107,49,42
SUPER_30,2260000,65,5,1,71,37,28
SUPER_30,2270000,40,2,1,43,24,16
SUPER_30,2280000,19,0,2,21,14,5
SUPER_30,2290000,22,3,1,26,9,13
SUPER_30,2300000,0,0,0,0,0,0
SUPER_30,2310000,0,0,0,0,0,0
SUPER_30,2320000,33,5,4,42,12,21
SUPER_30,2330000,19,0,2,21,9,10
SUPER_30,2340000,0,0,0,0,0,0
SUPER_30,2350000,0,0,0,0,0,0
SUPER_30,2360000,0,0,0,0,0,0
SUPER_30,2370000,0,0,0,0,0,0
SUPER_30,2380000,2,2,2,6,0,2
SUPER_30,2390000,4,2,0,6,1,3
SUPER_30,2400000,0,0,1,1,0,0
SUPER_30,2410000,0,1,0,1,0,0
SUPER_30,2420000,0,0,0,0,0,0
SUPER_30,2430000,0,0,0,0,0,0
SUPER_30,2440000,0,0,0,0,0,0
SUPER_30,2450000,0,2,0,2,0,0
SUPER_30,2460000,0,0,0,0,0,0
SUPER_30,2470000,0,0,0,0,0,0
SUPER_30,2480000,24,2,2,28,15,9
SUPER_30,2490000,73,8,7,88,41,32
SUPER_30,2500000,0,0,0,0,0,0
SUPER_30,2510000,0,0,0,0,0,0
SUPER_30,2520000,0,0,0,0,0,0
SUPER_30,2530000,0,0,0,0,0,0
SUPER_30,2540000,0,0,0,0,0,0
SUPER_30,2550000,0,0,0,0,0,0
SUPER_30,2560000,0,0,0,0,0,0
SUPER_30,2570000,0,0,0,0,0,0
SUPER_30,2580000,16,3,3,22,7,9
SUPER_30,2590000,50,10,1,61,27,23
SUPER_30,2600000,0,0,1,1,0,0
SUPER_30,2610000,123,3,3,129,75,48
SUPER_30,2620000,104,9,5,118,43,61
SUPER_30,2630000,0,0,0,0,0,0
SUPER_30,2640000,0,0,0,0,0,0
SUPER_30,2650000,0,0,0,0,0,0
SUPER_30,2660000,0,0,0,0,0,0
SUPER_30,2670000,39,2,4,45,22,17
SUPER_30,2680000,0,0,1,1,0,0
SUPER_30,2690000,0,0,0,0,0,0
SUPER_30,2700000,0,0,0,0,0,0
SUPER_30,2710000,0,0,0,0,0,0
SUPER_30,2720000,0,0,0,0,0,0
SUPER_30,2730000,49,0,5,54,30,19
SUPER_30,2740000,114,5,4,123,56,58
SUPER_30,2750000,0,0,0,0,0,0
SUPER_30,2760000,0,0,0,0,0,0
SUPER_30,2770000,0,0,2,2,0,0
SUPER_30,2780000,0,2,0,2,0,0
SUPER_30,2790000,2,1,1,4,1,1
SUPER_30,2800000,0,0,0,0,0,0
SUPER_30,2810000,0,0,0,0,0,0
SUPER_30,2820000,0,0,0,0,0,0
SUPER_30,2830000,0,0,0,0,0,0
SUPER_30,2840000,0,0,0,0,0,0
SUPER_30,2850000,0,0,0,0,0,0
SUPER_30,2860000,0,0,0,0,0,0
SUPER_30,2870000,0,0,0,0,0,0
SUPER_30,2880000,0,0,0,0,0,0
SUPER_30,2890000,0,0,0,0,0,0
SUPER_30,2900000,90,12,11,113,41,49
SUPER_30,2910000,211,28,23,262,96,115
SUPER_30,2920000,158,10,7,175,77,81
SUPER_30,2930000,259,19,13,291,130,129
SUPER_30,2940000,194,16,10,220,105,89
SUPER_30,2950000,172,8,6,186,94,78
SUPER_30,2960000,123,11,9,143,63,60
SUPER_30,2970000,73,5,9,87,32,41
SUPER_30,2980000,185,24,12,221,94,91
SUPER_30,2990000,67,7,5,79,33,34
SUPER_30,3000000,209,24,15,248,88,121
SUPER_30,3010000,249,19,10,278,129,120
SUPER_30,3020000,157,8,15,180,74,83
SUPER_30,3030000,331,22,31,384,176,155
SUPER_30,3040000,313,33,20,366,169,144
SUPER_30,3050000,428,31,44,503,215,213
SUPER_30,3060000,227,26,28,281,108,119
SUPER_30,3070000,381,46,29,456,166,215
SUPER_30,3080000,103,12,13,128,44,59
SUPER_30,3090000,264,18,23,305,122,142
SUPER_30,3100000,262,32,29,323,128,134
SUPER_30,3110000,394,37,37,468,206,188
SUPER_30,3120000,159,24,10,193,72,87
SUPER_30,3130000,184,10,9,203,94,90
SUPER_30,3140000,51,7,9,67,28,23
SUPER_30,3150000,207,21,29,257,102,105
SUPER_30,3160000,330,46,25,401,166,164
SUPER_30,3170000,315,35,24,374,155,160
SUPER_30,3180000,378,28,25,431,195,183
SUPER_30,3190000,392,33,24,449,200,192
SUPER_30,3200000,331,23,34,388,153,178
SUPER_30,3210000,422,24,29,475,222,200
SUPER_30,3220000,230,18,19,267,109,121
SUPER_30,3230000,325,28,25,378,161,164
SUPER_30,3240000,154,9,20,183,68,86
SUPER_30,3250000,255,28,32,315,133,122
SUPER_30,3260000,268,31,21,320,117,151
SUPER_30,3270000,0,0,0,0,0,0
SUPER_30,3280000,0,0,0,0,0,0
SUPER_30,3290000,0,0,0,0,0,0
SUPER_30,3300000,0,0,0,0,0,0
SUPER_30,3310000,61,3,2,66,27,34
SUPER_30,3320000,137,11,1,149,71,66
SUPER_30,3330000,95,9,6,110,52,43
SUPER_30,3340000,0,0,1,1,0,0
SUPER_30,3350000,60,5,3,68,31,29
SUPER_30,3360000,55,4,3,62,26,29
SUPER_30,3370000,111,6,6,123,49,62
SUPER_30,3380000,81,9,5,95,26,55
SUPER_30,3390000,80,4,12,96,40,40
SUPER_30,3400000,75,6,3,84,37,38
SUPER_30,3410000,146,15,9,170,78,68
SUPER_30,3420000,349,32,26,407,167,182
SUPER_30,3430000,123,15,6,144,66,57
SUPER_30,3440000,297,30,27,354,147,150
SUPER_30,3450000,386,40,31,457,174,212
SUPER_30,3460000,86,12,4,102,38,48
SUPER_30,3470000,276,29,21,326,122,154
SUPER_30,3480000,236,22,25,283,124,112
SUPER_30,3490000,320,43,31,394,149,171
SUPER_30,3500000,246,30,23,299,136,110
SUPER_30,3510000,158,10,11,179,72,86
SUPER_30,3520000,314,34,21,369,155,159
SUPER_30,3530000,334,38,36,408,168,166
SUPER_30,3540000,228,21,20,269,107,121
SUPER_30,3550000,291,31,27,349,151,140
SUPER_30,3560000,0,0,0,0,0,0
SUPER_30,3570000,0,0,0,0,0,0
SUPER_30,3580000,0,0,0,0,0,0
SUPER_30,3590000,0,0,0,0,0,0
SUPER_30,3600000,0,0,0,0,0,0
SUPER_30,3610000,0,0,0,0,0,0
SUPER_30,3620000,0,0,0,0,0,0
SUPER_30,3630000,0,0,0,0,0,0
SUPER_30,3640000,0,0,0,0,0,0
SUPER_30,3650000,0,0,0,0,0,0
SUPER_30,3660000,0,0,0,0,0,0
SUPER_30,3670000,0,0,0,0,0,0
SUPER_30,3680000,5,1,0,6,1,4
SUPER_30,3690000,98,11,3,112,52,46
SUPER_30,3700000,315,28,21,364,167,148
SUPER_30,3710000,29,1,0,30,9,20
SUPER_30,3720000,80,7,3,90,40,40
SUPER_30,3730000,25,5,1,31,9,16
SUPER_30,3740000,313,22,29,364,162,151
SUPER_30,3750000,101,13,10,124,55,46
SUPER_30,3760000,382,22,37,441,175,207
SUPER_30,3770000,151,7,5,163,87,64
SUPER_30,3780000,333,22,15,370,163,170
SUPER_30,3790000,101,12,10,123,58,43
SUPER_30,3800000,390,32,34,456,197,193
SUPER_30,3810000,390,44,31,465,189,201
SUPER_30,3820000,368,30,30,428,193,175
SUPER_30,3830000,377,31,45,453,180,197
SUPER_30,3840000,361,36,19,416,178,183
SUPER_30,3850000,317,33,14,364,152,165
SUPER_30,3860000,209,27,15,251,110,99
SUPER_30,3870000,0,0,0,0,0,0
SUPER_30,3880000,0,0,0,0,0,0
SUPER_30,3890000,0,0,0,0,0,0
SUPER_30,3900000,0,0,0,0,0,0
SUPER_30,3910000,0,0,0,0,0,0
SUPER_30,3920000,0,0,0,0,0,0
SUPER_30,3930000,0,0,0,0,0,0
SUPER_30,3940000,0,0,0,0,0,0
SUPER_30,3950000,76,5,8,89,48,28
SUPER_30,3960000,0,0,0,0,0,0
SUPER_30,3970000,0,0,0,0,0,0
SUPER_30,3980000,77,10,10,97,43,34
SUPER_30,3990000,187,19,18,224,86,101
SUPER_30,4000000,223,27,24,274,103,120
SUPER_30,4010000,342,28,42,412,176,166
SUPER_30,4020000,371,35,31,437,191,180
SUPER_30,4030000,69,7,4,80,29,40
SUPER_30,4040000,194,18,18,230,103,91
SUPER_30,4050000,214,25,14,253,118,96
SUPER_30,4060000,343,40,25,408,177,166
SUPER_30,4070000,341,41,30,412,168,173
SUPER_30,4080000,379,32,23,434,193,186
SUPER_30,4090000,117,15,8,140,57,60
SUPER_30,4100000,165,16,16,197,84,81
SUPER_30,4110000,303,31,24,358,133,170
SUPER_30,4120000,314,21,24,359,165,149
SUPER_30,4130000,158,20,14,192,74,84
SUPER_30,4140000,371,30,25,426,190,181
SUPER_30,4150000,353,30,34,417,174,179
SUPER_30,4160000,393,34,24,451,188,205
SUPER_30,4170000,476,36,38,550,223,253
SUPER_30,4180000,236,27,24,287,114,122
SUPER_30,4190000,398,31,30,459,216,182
SUPER_30,4200000,434,41,25,500,210,224
SUPER_30,4210000,421,33,39,493,214,207
SUPER_30,4220000,260,24,22,306,139,121
SUPER_30,4230000,322,36,27,385,162,160
SUPER_30,4240000,489,35,32,556,228,261
SUPER_30,4250000,379,38,27,444,213,166
SUPER_30,4260000,399,45,33,477,201,198
SUPER_30,4270000,397,43,29,469,194,203
SUPER_30,4280000,85,7,14,106,50,35
SUPER_30,4290000,381,31,30,442,188,193
SUPER_30,4300000,288,25,25,338,143,145
SUPER_30,4310000,5,1,0,6,2,3
SUPER_30,4320000,58,3,5,66,29,29
SUPER_30,4330000,0,0,0,0,0,0
SUPER_30,4340000,0,0,0,0,0,0
SUPER_30,4350000,0,0,0,0,0,0
SUPER_30,4360000,0,0,0,0,0,0
SUPER_30,4370000,211,19,18,248,104,107
SUPER_30,4380000,13,1,1,15,7,6
SUPER_30,4390000,0,0,0,0,0,0
SUPER_30,4400000,0,0,0,0,0,0
SUPER_30,4410000,0,0,0,0,0,0
SUPER_30,4420000,0,0,0,0,0,0
SUPER_30,4430000,0,0,0,0,0,0
SUPER_30,4440000,0,0,0,0,0,0
SUPER_30,4450000,22,3,3,28,14,8
SUPER_30,4460000,20,4,1,25,6,14
SUPER_30,4470000,175,16,19,210,83,92
SUPER_30,4480000,279,19,22,320,153,126
SUPER_30,4490000,347,39,29,415,175,172
SUPER_30,4500000,379,41,23,443,194,185
SUPER_30,4510000,446,27,41,514,213,233
SUPER_30,4520000,2,2,2,6,2,0
SUPER_30,4530000,201,15,17,233,90,111
SUPER_30,4540000,138,14,14,166,61,77
SUPER_30,4550000,194,14,9,217,110,84
SUPER_30,4560000,155,10,9,174,84,71
SUPER_30,4570000,330,38,34,402,149,181
SUPER_30,4580000,121,12,6,139,58,63
SUPER_30,4590000,105,6,8,119,57,48
SUPER_30,4600000,388,30,35,453,197,191
SUPER_30,4610000,344,28,31,403,157,187
SUPER_30,4620000,183,10,14,207,101,82
SUPER_30,4630000,235,26,18,279,126,109
SUPER_30,4640000,0,0,0,0,0,0
SUPER_30,4650000,0,0,0,0,0,0
SUPER_30,4660000,262,33,19,314,138,124
SUPER_30,4670000,134,12,18,164,54,80
SUPER_30,4680000,272,37,24,333,149,123
SUPER_30,4690000,233,15,27,275,125,108
SUPER_30,4700000,296,23,29,348,156,140
SUPER_30,4710000,230,29,19,278,113,117
SUPER_30,4720000,171,19,16,206,92,79
SUPER_30,4730000,470,30,43,543,224,246
SUPER_30,4740000,165,13,11,189,76,89
SUPER_30,4750000,240,14,20,274,114,126
SUPER_30,4760000,474,46,41,561,256,218
SUPER_30,4770000,439,44,36,519,233,206
SUPER_30,4780000,89,6,8,103,50,39
SUPER_30,4790000,356,37,27,420,187,169
SUPER_30,4800000,300,33,24,357,152,148
SUPER_30,4810000,267,13,14,294,157,110
SUPER_30,4820000,328,29,28,385,168,160
SUPER_30,4830000,372,38,37,447,178,194
SUPER_30,4840000,380,44,34,458,174,206
SUPER_30,4850000,277,23,15,315,137,140
SUPER_30,4860000,300,8,0,308,98,202
SUPER_30,4870000,410,38,25,473,208,202
SUPER_30,4880000,170,11,12,193,89,81
SUPER_30,4890000,26,1,2,29,15,11
SUPER_30,4900000,62,6,7,75,39,23
SUPER_30,4910000,174,20,16,210,77,97
SUPER_30,4920000,126,7,4,137,65,61
SUPER_30,4930000,83,11,2,96,31,52
SUPER_30,4940000,4,0,0,4,3,1
SUPER_30,4950000,155,16,12,183,84,71
SUPER_30,4960000,173,11,10,194,94,79
SUPER_30,4970000,152,13,12,177,65,87
SUPER_30,4980000,19,1,2,22,10,9
SUPER_30,4990000,162,13,16,191,81,81
SUPER_30,5000000,198,21,16,235,92,106
SUPER_30,5010000,208,22,17,247,93,115
SUPER_30,5020000,266,12,23,301,125,141
SUPER_30,5030000,375,32,24,431,209,166
SUPER_30,5040000,224,19,19,262,128,96
SUPER_30,5050000,136,18,12,166,61,75
SUPER_30,5060000,341,35,38,414,149,192
SUPER_30,5070000,548,43,8,599,246,302
SUPER_30,5080000,204,14,10,228,97,107
SUPER_30,5090000,278,29,18,325,124,154
SUPER_30,5100000,388,42,36,466,195,193
SUPER_30,5110000,356,19,25,400,200,156
SUPER_30,5120000,296,24,18,338,137,159
SUPER_30,5130000,0,0,0,0,0,0
SUPER_30,5140000,0,0,0,0,0,0
SUPER_30,5150000,35,3,4,42,14,21
SUPER_30,5160000,0,0,0,0,0,0
SUPER_30,5170000,0,0,0,0,0,0
SUPER_30,5180000,0,0,0,0,0,0
SUPER_30,5190000,0,0,0,0,0,0
SUPER_30,5200000,0,0,0,0,0,0
SUPER_30,5210000,0,0,0,0,0,0
SUPER_30,5220000,0,0,0,0,0,0
SUPER_30,5230000,0,0,0,0,0,0
SUPER_30,5240000,328,24,23,375,172,156
SUPER_30,5250000,352,28,30,410,175,177
SUPER_30,5260000,342,36,28,406,171,171
SUPER_30,5270000,360,37,34,431,181,179
SUPER_30,5280000,306,37,21,364,147,159
SUPER_30,5290000,75,11,3,89,33,42
SUPER_30,5300000,231,15,22,268,115,116
SUPER_30,5310000,398,38,49,485,181,217
SUPER_30,5320000,274,19,32,325,155,119
SUPER_30,5330000,314,31,24,369,171,143
SUPER_30,5340000,329,31,39,399,178,151
SUPER_30,5350000,492,41,36,569,258,234
SUPER_30,5360000,434,33,34,501,200,234
SUPER_30,5370000,377,32,34,443,179,198
SUPER_30,5380000,453,50,38,541,244,209
SUPER_30,5390000,207,34,32,273,106,101
SUPER_30,5400000,224,28,26,278,113,111
SUPER_30,5410000,240,19,22,281,112,128
SUPER_30,5420000,290,23,24,337,162,128
SUPER_30,5430000,231,18,19,268,105,126
SUPER_30,5440000,300,22,16,338,157,143
SUPER_30,5450000,171,12,15,198,83,88
SUPER_30,5460000,181,7,13,201,99,82
SUPER_30,5470000,210,22,21,253,96,114
SUPER_30,5480000,499,34,48,581,275,224
SUPER_30,5490000,50,3,2,55,22,28
SUPER_30,5500000,201,14,16,231,85,116
SUPER_30,5510000,319,35,22,376,179,140
SUPER_30,5520000,0,0,0,0,0,0
SUPER_30,5530000,0,0,0,0,0,0
SUPER_30,5540000,0,0,0,0,0,0
SUPER_30,5550000,294,21,17,332,151,143
SUPER_30,5560000,226,18,13,257,118,108
SUPER_30,5570000,266,24,17,307,135,131
SUPER_30,5580000,231,21,9,261,118,113
SUPER_30,5590000,267,23,32,322,140,127
SUPER_30,5600000,186,25,15,226,107,79
SUPER_30,5610000,110,15,10,135,58,52
SUPER_30,5620000,457,34,32,523,230,227
SUPER_30,5630000,177,8,10,195,95,82
SUPER_30,5640000,164,11,6,181,81,83
SUPER_30,5650000,411,38,32,481,201,210
SUPER_30,5660000,398,35,32,465,197,201
SUPER_30,5670000,376,30,29,435,190,186
SUPER_30,5680000,356,29,31,416,188,168
SUPER_30,5690000,285,26,28,339,147,138
SUPER_30,5700000,441,43,37,521,221,220
SUPER_30,5710000,448,33,39,520,216,232
SUPER_30,5720000,250,17,19,286,137,113
SUPER_30,5730000,253,19,30,302,142,111
SUPER_30,5740000,105,9,8,122,58,47
SUPER_30,5750000,86,10,6,102,36,50
SUPER_30,5760000,410,38,35,483,215,195
SUPER_30,5770000,103,7,7,117,56,47
SUPER_30,5780000,204,12,15,231,114,90
SUPER_30,5790000,326,34,27,387,160,166
SUPER_30,5800000,375,38,35,448,191,184
SUPER_30,5810000,347,23,35,405,160,187
SUPER_30,5820000,344,32,26,402,184,160
SUPER_30,5830000,375,34,38,447,159,216
SUPER_30,5840000,54,9,2,65,26,28
SUPER_30,5850000,315,27,22,364,132,183
SUPER_30,5860000,338,27,26,391,176,162
SUPER_30,5870000,262,27,19,308,114,148
SUPER_30,5880000,144,7,14,165,72,72
SUPER_30,5890000,325,40,32,397,160,165
SUPER_30,5900000,511,8,22,541,299,212
SUPER_30,5910000,434,38,41,513,211,223
SUPER_30,5920000,346,25,27,398,185,161
SUPER_30,5930000,106,7,8,121,56,50
SUPER_30,5940000,426,34,30,490,215,211
SUPER_30,5950000,409,23,32,464,209,200
SUPER_30,5960000,91,14,8,113,45,46
SUPER_30,5970000,177,7,15,199,102,75
SUPER_30,5980000,158,9,9,176,98,60
SUPER_30,5990000,462,42,48,552,237,225
SUPER_30,6000000,120,6,9,135,68,52
SUPER_30,6010000,107,6,6,119,62,45
SUPER_30,6020000,143,10,4,157,70,73
SUPER_30,6030000,311,24,22,357,161,150
SUPER_30,6040000,297,18,22,337,155,142
SUPER_30,6050000,166,10,8,184,88,78
SUPER_30,6060000,316,32,30,378,171,145
SUPER_30,6070000,376,29,34,439,214,162
SUPER_30,6080000,361,22,34,417,190,171
SUPER_30,6090000,319,25,19,363,175,144
SUPER_30,6100000,359,31,22,412,171,188
SUPER_30,6110000,265,32,27,324,136,129
SUPER_30,6120000,403,27,26,456,215,188
SUPER_30,6130000,173,18,8,199,90,83
SUPER_30,6140000,307,28,36,371,159,148
SUPER_30,6150000,273,19,25,317,116,157
SUPER_30,6160000,301,26,27,354,141,160
SUPER_30,6170000,299,24,16,339,147,152
SUPER_30,6180000,298,36,34,368,136,162
SUPER_30,6190000,375,58,53,486,151,224
SUPER_30,6200000,294,38,28,360,146,148
SUPER_30,6210000,234,26,38,298,116,118
SUPER_30,6220000,350,19,27,396,175,175
SUPER_30,6230000,388,40,23,451,208,180
SUPER_30,6240000,30,2,7,39,14,16
SUPER_30,6250000,284,24,25,333,141,143
SUPER_30,6260000,153,13,10,176,75,78
SUPER_30,6270000,307,24,15,346,147,160
SUPER_30,6280000,161,20,17,198,84,77
SUPER_30,6290000,409,37,33,479,210,199
SUPER_30,6300000,354,51,51,456,184,170
SUPER_30,6310000,211,20,22,253,107,104
SUPER_30,6320000,330,26,22,378,170,160
SUPER_30,6330000,257,20,18,295,143,114
SUPER_30,6340000,41,3,3,47,21,20
SUPER_30,6350000,265,17,24,306,130,135
SUPER_30,6360000,414,26,37,477,223,191
SUPER_30,6370000,71,5,6,82,29,42
SUPER_30,6380000,442,45,34,521,245,197
SUPER_30,6390000,26,2,2,30,12,14
SUPER_30,6400000,379,22,26,427,209,170
SUPER_30,6410000,259,17,21,297,144,115
SUPER_30,6420000,14,1,1,16,8,6
SUPER_30,6430000,283,26,17,326,155,128
SUPER_30,6440000,285,22,27,334,154,131
SUPER_30,6450000,53,2,5,60,30,23
SUPER_30,6460000,450,33,42,525,219,231
SUPER_30,6470000,380,45,41,466,176,204
SUPER_30,6480000,118,5,11,134,55,63
SUPER_W,10000,4,1,1,6,1,3
SUPER_W,20000,178,6,5,189,74,104
SUPER_W,30000,404,6,10,420,168,236
SUPER_W,40000,38,3,2,43,8,30
SUPER_W,50000,161,9,6,176,62,99
SUPER_W,60000,9,0,0,9,5,4
SUPER_W,70000,6,0,0,6,2,4
SUPER_W,80000,8,0,0,8,3,5
SUPER_W,90000,0,1,0,1,0,0
SUPER_W,100000,1,2,0,3,0,1
SUPER_W,110000,1,1,0,2,0,1
SUPER_W,120000,3,0,1,4,2,1
SUPER_W,130000,3,0,1,4,2,1
SUPER_W,140000,8,0,0,8,6,2
SUPER_W,150000,4,0,1,5,0,4
SUPER_W,160000,0,0,1,1,0,0
SUPER_W,170000,2,2,0,4,2,0
SUPER_W,180000,10,0,0,10,5,5
SUPER_W,190000,8,0,2,10,3,5
SUPER_W,200000,2,0,0,2,2,0
SUPER_W,210000,2,0,0,2,1,1
SUPER_W,220000,4,0,0,4,2,2
SUPER_W,230000,2,1,0,3,0,2
SUPER_W,240000,2,0,0,2,1,1
SUPER_W,250000,2,0,0,2,1,1
SUPER_W,260000,0,0,0,0,0,0
SUPER_W,270000,0,0,0,0,0,0
SUPER_W,280000,6,1,0,7,3,3
SUPER_W,290000,54,2,2,58,31,23
SUPER_W,300000,2,2,2,6,1,1
SUPER_W,310000,3,0,0,3,1,2
SUPER_W,320000,0,1,0,1,0,0
SUPER_W,330000,47,0,0,47,25,22
SUPER_W,340000,4,1,0,5,1,3
SUPER_W,350000,9,0,1,10,5,4
SUPER_W,360000,0,1,1,2,0,0
SUPER_W,370000,4,0,1,5,4,0
SUPER_W,380000,6,2,0,8,1,5
SUPER_W,390000,74,4,2,80,31,43
SUPER_W,400000,87,1,1,89,38,49
SUPER_W,410000,117,2,0,119,53,64
SUPER_W,420000,11,0,0,11,7,4
SUPER_W,430000,280,2,2,284,123,157
SUPER_W,440000,27,2,1,30,13,14
SUPER_W,450000,7,1,0,8,2,5
SUPER_W,460000,4,1,0,5,2,2
SUPER_W,470000,6,1,1,8,2,4
SUPER_W,480000,4,0,1,5,1,3
SUPER_W,490000,13,0,3,16,8,5
SUPER_W,500000,3,0,0,3,2,1
SUPER_W,510000,3,0,1,4,3,0
SUPER_W,520000,4,1,0,5,2,2
SUPER_W,530000,6,1,0,7,2,4
SUPER_W,540000,4,2,0,6,3,1
SUPER_W,550000,17,2,2,21,8,9
SUPER_W,560000,0,0,0,0,0,0
SUPER_W,570000,0,0,0,0,0,0
SUPER_W,580000,19,3,0,22,13,6
SUPER_W,590000,25,4,2,31,14,11
SUPER_W,600000,5,1,0,6,1,4
SUPER_W,610000,0,0,0,0,0,0
SUPER_W,620000,0,0,0,0,0,0
SUPER_W,630000,0,0,0,0,0,0
SUPER_W,640000,0,0,0,0,0,0
SUPER_W,650000,0,0,0,0,0,0
SUPER_W,660000,0,0,0,0,0,0
SUPER_W,670000,28,2,1,31,19,9
SUPER_W,680000,0,0,0,0,0,0
SUPER_W,690000,0,0,0,0,0,0
SUPER_W,700000,0,0,0,0,0,0
SUPER_W,710000,346,10,2,358,137,209
SUPER_W,720000,87,6,11,104,36,51
SUPER_W,730000,318,5,3,326,135,183
SUPER_W,740000,111,1,3,115,49,62
SUPER_W,750000,493,3,1,497,227,266
SUPER_W,760000,0,0,0,0,0,0
SUPER_W,770000,0,0,0,0,0,0
SUPER_W,780000,252,13,11,276,120,132
SUPER_W,790000,0,0,0,0,0,0
SUPER_W,800000,0,0,0,0,0,0
SUPER_W,810000,17,1,3,21,6,11
SUPER_W,820000,0,1,0,1,0,0
SUPER_W,830000,15,3,0,18,5,10
SUPER_W,840000,48,13,6,67,22,26
SUPER_W,850000,49,9,4,62,25,24
SUPER_W,860000,39,6,3,48,20,19
SUPER_W,870000,51,2,0,53,25,26
SUPER_W,880000,33,2,5,40,16,17
SUPER_W,890000,19,3,1,23,7,12
SUPER_W,900000,47,2,0,49,35,12
SUPER_W,910000,14,0,2,16,11,3
SUPER_W,920000,13,1,1,15,4,9
SUPER_W,930000,1,0,1,2,0,1
SUPER_W,940000,57,2,8,67,29,28
SUPER_W,950000,65,5,2,72,35,30
SUPER_W,960000,7,1,2,10,2,5
SUPER_W,970000,0,0,0,0,0,0
SUPER_W,980000,0,0,0,0,0,0
SUPER_W,990000,0,0,0,0,0,0
SUPER_W,1000000,0,0,0,0,0,0
SUPER_W,1010000,0,0,0,0,0,0
SUPER_W,1020000,5,5,3,13,1,4
SUPER_W,1030000,0,1,0,1,0,0
SUPER_W,1040000,97,5,11,113,54,43
SUPER_W,1050000,10,2,0,12,6,4
SUPER_W,1060000,1,0,1,2,1,0
SUPER_W,1070000,2,0,0,2,1,1
SUPER_W,1080000,0,0,0,0,0,0
SUPER_W,1090000,0,0,0,0,0,0
SUPER_W,1100000,0,0,0,0,0,0
SUPER_W,1110000,0,0,0,0,0,0
SUPER_W,1120000,0,0,0,0,0,0
SUPER_W,1130000,0,0,0,0,0,0
SUPER_W,1140000,97,1,4,102,40,57
SUPER_W,1150000,11,4,0,15,9,2
SUPER_W,1160000,10,4,0,14,6,4
SUPER_W,1170000,15,1,1,17,4,11
SUPER_W,1180000,7,1,0,8,4,3
SUPER_W,1190000,13,4,0,17,8,5
SUPER_W,1200000,13,2,2,17,5,8
SUPER_W,1210000,4,0,1,5,2,2
SUPER_W,1220000,6,0,2,8,1,5
SUPER_W,1230000,0,0,0,0,0,0
SUPER_W,1240000,0,0,0,0,0,0
SUPER_W,1250000,9,1,2,12,8,1
SUPER_W,1260000,9,0,0,9,5,4
SUPER_W,1270000,356,7,5,368,142,214
SUPER_W,1280000,86,3,3,92,31,55
SUPER_W,1290000,12,0,1,13,4,8
SUPER_W,1300000,180,7,1,188,68,112
SUPER_W,1310000,198,1,4,203,82,116
SUPER_W,1320000,135,1,4,140,59,76
SUPER_W,1330000,115,2,3,120,40,75
SUPER_W,1340000,9,0,0,9,7,2
SUPER_W,1350000,181,0,1,182,91,90
SUPER_W,1360000,191,5,1,197,85,106
SUPER_W,1370000,302,4,5,311,129,173
SUPER_W,1380000,224,7,5,236,93,131
SUPER_W,1390000,130,4,2,136,47,83
SUPER_W,1400000,5,1,0,6,3,2
SUPER_W,1410000,1,0,1,2,0,1
SUPER_W,1420000,8,1,0,9,4,4
SUPER_W,1430000,3,1,1,5,2,1
SUPER_W,1440000,4,1,0,5,3,1
SUPER_W,1450000,18,2,0,20,10,8
SUPER_W,1460000,10,0,0,10,9,1
SUPER_W,1470000,1,1,0,2,0,1
SUPER_W,1480000,10,0,1,11,2,8
SUPER_W,1490000,0,0,0,0,0,0
SUPER_W,1500000,0,0,0,0,0,0
SUPER_W,1510000,11,2,2,15,9,2
SUPER_W,1520000,2,0,1,3,1,1
SUPER_W,1530000,11,0,1,12,5,6
SUPER_W,1540000,4,1,1,6,4,0
SUPER_W,1550000,7,0,2,9,4,3
SUPER_W,1560000,12,1,0,13,7,5
SUPER_W,1570000,11,2,2,15,8,3
SUPER_W,1580000,168,4,2,174,56,112
SUPER_W,1590000,5,1,2,8,1,4
SUPER_W,1600000,0,0,0,0,0,0
SUPER_W,1610000,0,0,0,0,0,0
SUPER_W,1620000,0,0,0,0,0,0
SUPER_W,1630000,8,1,1,10,5,3
SUPER_W,1640000,260,4,13,277,107,153
SUPER_W,1650000,9,0,3,12,6,3
SUPER_W,1660000,387,17,14,418,174,213
SUPER_W,1670000,0,0,0,0,0,0
SUPER_W,1680000,0,0,0,0,0,0
SUPER_W,1690000,0,0,0,0,0,0
SUPER_W,1700000,0,0,0,0,0,0
SUPER_W,1710000,0,0,0,0,0,0
SUPER_W,1720000,0,0,0,0,0,0
SUPER_W,1730000,54,2,1,57,27,27
SUPER_W,1740000,5,0,0,5,3,2
SUPER_W,1750000,0,0,0,0,0,0
SUPER_W,1760000,0,0,0,0,0,0
SUPER_W,1770000,0,0,0,0,0,0
SUPER_W,1780000,0,0,0,0,0,0
SUPER_W,1790000,0,0,0,0,0,0
SUPER_W,1800000,0,0,0,0,0,0
SUPER_W,1810000,0,0,0,0,0,0
SUPER_W,1820000,0,0,0,0,0,0
SUPER_W,1830000,0,0,0,0,0,0
SUPER_W,1840000,0,0,0,0,0,0
SUPER_W,1850000,0,0,0,0,0,0
SUPER_W,1860000,1,2,4,7,1,0
SUPER_W,1870000,122,7,2,131,54,68
SUPER_W,1880000,0,0,0,0,0,0
SUPER_W,1890000,0,0,0,0,0,0
SUPER_W,1900000,18,1,2,21,10,8
SUPER_W,1910000,58,14,2,74,36,22
SUPER_W,1920000,0,0,0,0,0,0
SUPER_W,1930000,0,0,0,0,0,0
SUPER_W,1940000,0,0,0,0,0,0
SUPER_W,1950000,0,0,0,0,0,0
SUPER_W,1960000,0,0,0,0,0,0
SUPER_W,1970000,1,1,1,3,1,0
SUPER_W,1980000,0,0,0,0,0,0
SUPER_W,1990000,0,0,0,0,0,0
SUPER_W,2000000,0,0,0,0,0,0
SUPER_W,2010000,0,0,0,0,0,0
SUPER_W,2020000,0,2,0,2,0,0
SUPER_W,2030000,10,0,0,10,2,8
SUPER_W,2040000,1,0,0,1,0,1
SUPER_W,2050000,5,0,0,5,3,2
SUPER_W,2060000,43,1,1,45,18,25
SUPER_W,2070000,143,10,10,163,54,89
SUPER_W,2080000,129,6,2,137,55,74
SUPER_W,2090000,0,0,0,0,0,0
SUPER_W,2100000,0,0,0,0,0,0
SUPER_W,2110000,63,2,2,67,30,33
SUPER_W,2120000,525,16,10,551,240,285
SUPER_W,2130000,11,0,0,11,4,7
SUPER_W,2140000,5,0,1,6,3,2
SUPER_W,2150000,17,1,0,18,8,9
SUPER_W,2160000,5,0,2,7,3,2
SUPER_W,2170000,8,2,2,12,5,3
SUPER_W,2180000,242,8,12,262,116,126
SUPER_W,2190000,219,12,6,237,95,124
SUPER_W,2200000,353,10,2,365,157,196
SUPER_W,2210000,141,0,0,141,63,78
SUPER_W,2220000,2,0,0,2,2,0
SUPER_W,2230000,15,0,0,15,5,10
SUPER_W,2240000,206,4,4,214,78,128
SUPER_W,2250000,265,14,16,295,100,165
SUPER_W,2260000,329,1,1,331,154,175
SUPER_W,2270000,72,1,5,78,25,47
SUPER_W,2280000,65,5,1,71,31,34
SUPER_W,2290000,0,0,0,0,0,0
SUPER_W,2300000,0,0,0,0,0,0
SUPER_W,2310000,0,0,0,0,0,0
SUPER_W,2320000,0,0,0,0,0,0
SUPER_W,2330000,0,0,0,0,0,0
SUPER_W,2340000,14,2,2,18,6,8
SUPER_W,2350000,20,4,4,28,11,9
SUPER_W,2360000,4,0,0,4,3,1
SUPER_W,2370000,3,2,4,9,2,1
SUPER_W,2380000,20,3,0,23,8,12
SUPER_W,2390000,4,0,0,4,0,4
SUPER_W,2400000,38,0,1,39,18,20
SUPER_W,2410000,118,6,5,129,50,68
SUPER_W,2420000,0,0,0,0,0,0
SUPER_W,2430000,0,0,0,0,0,0
SUPER_W,2440000,0,0,0,0,0,0
SUPER_W,2450000,0,0,0,0,0,0
SUPER_W,2460000,0,0,0,0,0,0
SUPER_W,2470000,0,0,0,0,0,0
SUPER_W,2480000,61,2,3,66,28,33
SUPER_W,2490000,0,0,0,0,0,0
SUPER_W,2500000,0,0,0,0,0,0
SUPER_W,2510000,0,0,0,0,0,0
SUPER_W,2520000,9,0,0,9,3,6
SUPER_W,2530000,6,0,0,6,2,4
SUPER_W,2540000,10,0,0,10,5,5
SUPER_W,2550000,5,0,0,5,3,2
SUPER_W,2560000,5,0,0,5,2,3
SUPER_W,2570000,1,0,0,1,0,1
SUPER_W,2580000,3,0,0,3,1,2
SUPER_W,2590000,0,0,0,0,0,0
SUPER_W,2600000,0,0,0,0,0,0
SUPER_W,2610000,0,0,0,0,0,0
SUPER_W,2620000,0,0,0,0,0,0
SUPER_W,2630000,15,0,0,15,9,6
SUPER_W,2640000,5,0,0,5,2,3
SUPER_W,2650000,0,0,0,0,0,0
SUPER_W,2660000,0,0,0,0,0,0
SUPER_W,2670000,53,9,4,66,34,19
SUPER_W,2680000,0,0,0,0,0,0
SUPER_W,2690000,0,0,0,0,0,0
SUPER_W,2700000,0,0,0,0,0,0
SUPER_W,2710000,0,0,0,0,0,0
SUPER_W,2720000,0,0,0,0,0,0
SUPER_W,2730000,0,0,0,0,0,0
SUPER_W,2740000,20,2,4,26,15,5
SUPER_W,2750000,37,5,2,44,23,14
SUPER_W,2760000,0,0,0,0,0,0
SUPER_W,2770000,0,0,0,0,0,0
SUPER_W,2780000,48,6,6,60,24,24
SUPER_W,2790000,0,0,0,0,0,0
SUPER_W,2800000,0,0,0,0,0,0
SUPER_W,2810000,0,0,0,0,0,0
SUPER_W,2820000,0,0,0,0,0,0
SUPER_W,2830000,0,0,0,0,0,0
SUPER_W,2840000,5,1,1,7,3,2
SUPER_W,2850000,0,0,0,0,0,0
SUPER_W,2860000,0,0,0,0,0,0
SUPER_W,2870000,34,8,4,46,20,14
SUPER_W,2880000,0,0,0,0,0,0
SUPER_W,2890000,0,0,0,0,0,0
SUPER_W,2900000,0,0,0,0,0,0
SUPER_W,2910000,0,0,0,0,0,0
SUPER_W,2920000,0,0,0,0,0,0
SUPER_W,2930000,0,0,0,0,0,0
SUPER_W,2940000,0,0,0,0,0,0
SUPER_W,2950000,0,0,0,0,0,0
SUPER_W,2960000,0,0,0,0,0,0
SUPER_W,2970000,0,0,0,0,0,0
SUPER_W,2980000,0,0,0,0,0,0
SUPER_W,2990000,0,0,0,0,0,0
SUPER_W,3000000,0,0,0,0,0,0
SUPER_W,3010000,0,0,0,0,0,0
SUPER_W,3020000,0,0,0,0,0,0
SUPER_W,3030000,0,0,0,0,0,0
SUPER_W,3040000,111,19,8,138,45,66
SUPER_W,3050000,47,6,2,55,23,24
SUPER_W,3060000,118,4,5,127,71,47
SUPER_W,3070000,0,0,0,0,0,0
SUPER_W,3080000,0,0,0,0,0,0
SUPER_W,3090000,125,9,8,142,73,52
SUPER_W,3100000,49,4,8,61,28,21
SUPER_W,3110000,49,4,0,53,32,17
SUPER_W,3120000,0,0,0,0,0,0
SUPER_W,3130000,0,0,0,0,0,0
SUPER_W,3140000,0,0,0,0,0,0
SUPER_W,3150000,8,3,0,11,5,3
SUPER_W,3160000,0,0,0,0,0,0
SUPER_W,3170000,0,0,0,0,0,0
SUPER_W,3180000,0,0,0,0,0,0
SUPER_W,3190000,0,0,0,0,0,0
SUPER_W,3200000,0,0,0,0,0,0
SUPER_W,3210000,0,0,0,0,0,0
SUPER_W,3220000,0,0,0,0,0,0
SUPER_W,3230000,97,7,2,106,38,59
SUPER_W,3240000,0,0,0,0,0,0
SUPER_W,3250000,0,0,0,0,0,0
SUPER_W,3260000,462,13,7,482,200,262
SUPER_W,3270000,394,16,22,432,165,229
SUPER_W,3280000,19,1,3,23,7,12
SUPER_W,3290000,93,4,6,103,38,55
SUPER_W,3300000,99,6,5,110,47,52
SUPER_W,3310000,5,0,0,5,4,1
SUPER_W,3320000,4,1,0,5,1,3
SUPER_W,3330000,1,0,2,3,1,0
SUPER_W,3340000,1,0,0,1,0,1
SUPER_W,3350000,2,0,0,2,1,1
SUPER_W,3360000,0,0,0,0,0,0
SUPER_W,3370000,0,0,0,0,0,0
SUPER_W,3380000,0,0,0,0,0,0
SUPER_W,3390000,5,0,0,5,2,3
SUPER_W,3400000,7,0,0,7,5,2
SUPER_W,3410000,0,0,0,0,0,0
SUPER_W,3420000,0,0,0,0,0,0
SUPER_W,3430000,0,0,0,0,0,0
SUPER_W,3440000,0,0,0,0,0,0
SUPER_W,3450000,0,0,0,0,0,0
SUPER_W,3460000,0,0,0,0,0,0
SUPER_W,3470000,8,4,2,14,4,4
SUPER_W,3480000,5,0,0,5,4,1
SUPER_W,3490000,0,0,0,0,0,0
SUPER_W,3500000,0,0,0,0,0,0
SUPER_W,3510000,0,0,0,0,0,0
SUPER_W,3520000,0,2,0,2,0,0
SUPER_W,3530000,0,1,0,1,0,0
SUPER_W,3540000,7,2,0,9,3,4
SUPER_W,3550000,5,2,0,7,1,4
SUPER_W,3560000,22,0,1,23,14,8
SUPER_W,3570000,185,13,6,204,89,96
SUPER_W,3580000,137,8,14,159,68,69
SUPER_W,3590000,168,24,12,204,80,88
SUPER_W,3600000,6,1,0,7,2,4
SUPER_W,3610000,0,0,0,0,0,0
SUPER_W,3620000,0,0,0,0,0,0
SUPER_W,3630000,4,1,0,5,1,3
SUPER_W,3640000,47,6,2,55,29,18
SUPER_W,3650000,37,2,5,44,15,22
SUPER_W,3660000,57,4,7,68,32,25
SUPER_W,3670000,44,7,5,56,27,17
SUPER_W,3680000,0,0,0,0,0,0
SUPER_W,3690000,0,0,0,0,0,0
SUPER_W,3700000,78,13,9,100,42,36
SUPER_W,3710000,52,7,4,63,24,28
SUPER_W,3720000,0,0,0,0,0,0
SUPER_W,3730000,0,0,0,0,0,0
SUPER_W,3740000,99,12,13,124,50,49
SUPER_W,3750000,12,4,2,18,4,8
SUPER_W,3760000,6,3,2,11,2,4
SUPER_W,3770000,37,1,3,41,19,18
SUPER_W,3780000,44,10,4,58,22,22
SUPER_W,3790000,35,4,4,43,18,17
SUPER_W,3800000,59,6,3,68,29,30
SUPER_W,3810000,52,5,10,67,31,21
SUPER_W,3820000,39,6,3,48,16,23
SUPER_W,3830000,65,5,6,76,34,31
SUPER_W,3840000,0,0,0,0,0,0
SUPER_W,3850000,0,0,0,0,0,0
SUPER_W,3860000,0,0,0,0,0,0
SUPER_W,3870000,0,0,0,0,0,0
SUPER_W,3880000,0,0,0,0,0,0
SUPER_W,3890000,0,0,0,0,0,0
SUPER_W,3900000,0,0,0,0,0,0
SUPER_W,3910000,0,0,0,0,0,0
SUPER_W,3920000,0,0,0,0,0,0
SUPER_W,3930000,0,0,0,0,0,0
SUPER_W,3940000,39,5,7,51,19,20
SUPER_W,3950000,41,2,3,46,23,18
SUPER_W,3960000,74,10,3,87,44,30
SUPER_W,3970000,22,4,2,28,17,5
SUPER_W,3980000,84,8,11,103,51,33
SUPER_W,3990000,0,0,0,0,0,0
SUPER_W,4000000,0,0,0,0,0,0
SUPER_W,4010000,145,2,2,149,69,76
SUPER_W,4020000,477,8,9,494,231,246
SUPER_W,4030000,8,0,0,8,5,3
SUPER_W,4040000,6,0,0,6,4,2
SUPER_W,4050000,8,0,1,9,5,3
SUPER_W,4060000,247,12,9,268,116,131
SUPER_W,4070000,0,0,0,0,0,0
SUPER_W,4080000,0,0,0,0,0,0
SUPER_W,4090000,0,0,0,0,0,0
SUPER_W,4100000,0,0,0,0,0,0
SUPER_W,4110000,0,0,0,0,0,0
SUPER_W,4120000,0,0,0,0,0,0
SUPER_W,4130000,0,0,0,0,0,0
SUPER_W,4140000,0,0,0,0,0,0
SUPER_W,4150000,0,0,0,0,0,0
SUPER_W,4160000,575,6,14,595,249,326
SUPER_W,4170000,445,7,8,460,192,253
SUPER_W,4180000,0,0,0,0,0,0
SUPER_W,4190000,0,0,0,0,0,0
SUPER_W,4200000,0,0,0,0,0,0
SUPER_W,4210000,0,0,0,0,0,0
SUPER_W,4220000,0,0,0,0,0,0
SUPER_W,4230000,9,2,0,11,5,4
SUPER_W,4240000,0,2,0,2,0,0
SUPER_W,4250000,0,1,0,1,0,0
SUPER_W,4260000,32,2,1,35,19,13
SUPER_W,4270000,0,0,0,0,0,0
SUPER_W,4280000,0,0,0,0,0,0
SUPER_W,4290000,38,3,1,42,26,12
SUPER_W,4300000,4,0,0,4,0,4
SUPER_W,4310000,0,0,0,0,0,0
SUPER_W,4320000,0,0,0,0,0,0
SUPER_W,4330000,22,2,0,24,11,11
SUPER_W,4340000,0,0,0,0,0,0
SUPER_W,4350000,0,0,0,0,0,0
SUPER_W,4360000,32,4,4,40,13,19
SUPER_W,4370000,106,1,0,107,38,68
SUPER_W,4380000,329,7,0,336,125,204
SUPER_W,4390000,0,0,0,0,0,0
SUPER_W,4400000,0,0,0,0,0,0
SUPER_W,4410000,70,5,4,79,47,23
SUPER_W,4420000,4,1,1,6,3,1
SUPER_W,4430000,8,3,0,11,4,4
SUPER_W,4440000,7,1,1,9,3,4
SUPER_W,4450000,0,0,0,0,0,0
SUPER_W,4460000,0,0,0,0,0,0
SUPER_W,4470000,7,2,1,10,5,2
SUPER_W,4480000,6,3,3,12,3,3
SUPER_W,4490000,8,1,1,10,4,4
SUPER_W,4500000,10,0,3,13,6,4
SUPER_W,4510000,6,3,0,9,3,3
SUPER_W,4520000,10,3,0,13,5,5
SUPER_W,4530000,4,1,2,7,3,1
SUPER_W,4540000,5,1,0,6,2,3
SUPER_W,4550000,11,2,0,13,3,8
SUPER_W,4560000,3,2,1,6,2,1
SUPER_W,4570000,12,0,2,14,7,5
SUPER_W,4580000,60,4,4,68,25,35
SUPER_W,4590000,48,0,0,48,19,29
SUPER_W,4600000,3,0,0,3,2,1
SUPER_W,4610000,6,0,2,8,5,1
SUPER_W,4620000,8,1,0,9,4,4
SUPER_W,4630000,4,0,0,4,2,2
SUPER_W,4640000,4,0,0,4,1,3
SUPER_W,4650000,6,2,0,8,4,2
SUPER_W,4660000,5,0,1,6,2,3
SUPER_W,4670000,0,0,0,0,0,0
SUPER_W,4680000,0,0,0,0,0,0
SUPER_W,4690000,0,0,0,0,0,0
SUPER_W,4700000,0,0,0,0,0,0
SUPER_W,4710000,5,0,2,7,3,2
SUPER_W,4720000,2,1,0,3,1,1
SUPER_W,4730000,0,1,0,1,0,0
SUPER_W,4740000,6,1,1,8,3,3
SUPER_W,4750000,10,2,0,12,4,6
SUPER_W,4760000,0,0,0,0,0,0
SUPER_W,4770000,0,0,0,0,0,0
SUPER_W,4780000,3,2,0,5,0,3
SUPER_W,4790000,15,4,0,19,10,5
SUPER_W,4800000,8,0,0,8,5,3
SUPER_W,4810000,3,4,1,8,2,1
SUPER_W,4820000,0,0,1,1,0,0
SUPER_W,4830000,2,1,0,3,2,0
SUPER_W,4840000,0,0,1,1,0,0
SUPER_W,4850000,3,0,1,4,2,1
SUPER_W,4860000,62,4,1,67,22,40
SUPER_W,4870000,9,0,0,9,4,5
SUPER_W,4880000,1,0,0,1,1,0
SUPER_W,4890000,7,0,0,7,4,3
SUPER_W,4900000,74,4,2,80,38,36
SUPER_W,4910000,11,1,0,12,5,6
SUPER_W,4920000,344,6,4,354,144,200
SUPER_W,4930000,93,1,4,98,34,59
SUPER_W,4940000,1,0,0,1,1,0
SUPER_W,4950000,1,0,0,1,0,1
SUPER_W,4960000,30,2,1,33,12,18
SUPER_W,4970000,117,2,7,126,45,72
SUPER_W,4980000,299,10,4,313,115,184
SUPER_W,4990000,121,4,6,131,51,70
SUPER_W,5000000,0,0,0,0,0,0
SUPER_W,5010000,0,0,0,0,0,0
SUPER_W,5020000,22,1,0,23,14,8
SUPER_W,5030000,5,2,0,7,2,3
SUPER_W,5040000,8,1,1,10,4,4
SUPER_W,5050000,17,1,6,24,8,9
SUPER_W,5060000,14,0,1,15,11,3
SUPER_W,5070000,2,0,0,2,1,1
SUPER_W,5080000,10,1,0,11,4,6
SUPER_W,5090000,13,1,0,14,7,6
SUPER_W,5100000,0,0,0,0,0,0
SUPER_W,5110000,0,0,0,0,0,0
SUPER_W,5120000,7,2,0,9,3,4
SUPER_W,5130000,8,0,0,8,3,5
SUPER_W,5140000,2,0,2,4,2,0
SUPER_W,5150000,8,3,0,11,2,6
SUPER_W,5160000,4,1,0,5,2,2
SUPER_W,5170000,5,1,0,6,4,1
SUPER_W,5180000,8,0,0,8,2,6
SUPER_W,5190000,159,2,3,164,61,98
SUPER_W,5200000,25,3,1,29,10,15
SUPER_W,5210000,119,7,1,127,52,67
SUPER_W,5220000,185,9,4,198,85,100
SUPER_W,5230000,190,6,4,200,87,103
SUPER_W,5240000,75,2,0,77,36,39
SUPER_W,5250000,2,1,1,4,1,1
SUPER_W,5260000,0,0,0,0,0,0
SUPER_W,5270000,0,0,0,0,0,0
SUPER_W,5280000,2,0,0,2,1,1
SUPER_W,5290000,2,1,2,5,0,2
SUPER_W,5300000,10,1,1,12,5,5
SUPER_W,5310000,5,0,0,5,3,2
SUPER_W,5320000,3,1,0,4,1,2
SUPER_W,5330000,13,3,1,17,6,7
SUPER_W,5340000,0,0,0,0,0,0
SUPER_W,5350000,0,0,0,0,0,0
SUPER_W,5360000,20,7,1,28,13,7
SUPER_W,5370000,75,1,1,77,35,40
SUPER_W,5380000,166,6,2,174,79,87
SUPER_W,5390000,102,0,0,102,34,68
SUPER_W,5400000,138,2,3,143,54,84
SUPER_W,5410000,0,0,0,0,0,0
SUPER_W,5420000,0,0,0,0,0,0
SUPER_W,5430000,0,0,0,0,0,0
SUPER_W,5440000,0,0,0,0,0,0
SUPER_W,5450000,0,0,0,0,0,0
SUPER_W,5460000,0,0,0,0,0,0
SUPER_W,5470000,0,0,0,0,0,0
SUPER_W,5480000,0,0,0,0,0,0
SUPER_W,5490000,0,0,0,0,0,0
SUPER_W,5500000,0,0,0,0,0,0
SUPER_W,5510000,0,0,0,0,0,0
SUPER_W,5520000,0,0,0,0,0,0
SUPER_W,5530000,0,0,0,0,0,0
SUPER_W,5540000,0,0,0,0,0,0
SUPER_W,5550000,7,5,1,13,5,2
SUPER_W,5560000,3,0,0,3,3,0
SUPER_W,5570000,1,0,0,1,0,1
SUPER_W,5580000,0,0,0,0,0,0
SUPER_W,5590000,0,0,0,0,0,0
SUPER_W,5600000,50,8,12,70,34,16
SUPER_W,5610000,50,2,3,55,24,26
SUPER_W,5620000,0,0,0,0,0,0
SUPER_W,5630000,0,0,0,0,0,0
SUPER_W,5640000,0,0,0,0,0,0
SUPER_W,5650000,0,0,0,0,0,0
SUPER_W,5660000,0,0,0,0,0,0
SUPER_W,5670000,0,0,0,0,0,0
SUPER_W,5680000,0,0,0,0,0,0
SUPER_W,5690000,0,0,0,0,0,0
SUPER_W,5700000,0,0,0,0,0,0
SUPER_W,5710000,0,0,0,0,0,0
SUPER_W,5720000,0,0,0,0,0,0
SUPER_W,5730000,0,0,0,0,0,0
SUPER_W,5740000,3,1,2,6,0,3
SUPER_W,5750000,180,10,6,196,74,106
SUPER_W,5760000,23,1,1,25,9,14
SUPER_W,5770000,0,0,0,0,0,0
SUPER_W,5780000,0,0,0,0,0,0
SUPER_W,5790000,0,0,0,0,0,0
SUPER_W,5800000,0,0,0,0,0,0
SUPER_W,5810000,0,0,0,0,0,0
SUPER_W,5820000,0,0,0,0,0,0
SUPER_W,5830000,22,2,1,25,11,11
SUPER_W,5840000,1,0,0,1,1,0
SUPER_W,5850000,0,0,0,0,0,0
SUPER_W,5860000,0,0,0,0,0,0
SUPER_W,5870000,0,0,0,0,0,0
SUPER_W,5880000,0,0,0,0,0,0
SUPER_W,5890000,0,0,0,0,0,0
SUPER_W,5900000,0,0,0,0,0,0
SUPER_W,5910000,0,0,0,0,0,0
SUPER_W,5920000,0,0,0,0,0,0
SUPER_W,5930000,0,0,0,0,0,0
SUPER_W,5940000,0,0,0,0,0,0
SUPER_W,5950000,0,0,0,0,0,0
SUPER_W,5960000,0,0,0,0,0,0
SUPER_W,5970000,0,0,0,0,0,0
SUPER_W,5980000,0,0,0,0,0,0
SUPER_W,5990000,0,0,0,0,0,0
SUPER_W,6000000,265,17,15,297,137,128
SUPER_W,6010000,59,5,1,65,32,27
SUPER_W,6020000,42,4,5,51,18,24
SUPER_W,6030000,19,1,1,21,12,7
SUPER_W,6040000,2,0,0,2,2,0
SUPER_W,6050000,49,7,3,59,21,28
SUPER_W,6060000,0,1,0,1,0,0
SUPER_W,6070000,13,1,0,14,7,6
SUPER_W,6080000,15,2,1,18,7,8
SUPER_W,6090000,64,10,8,82,27,37
SUPER_W,6100000,0,0,0,0,0,0
SUPER_W,6110000,0,0,0,0,0,0
SUPER_W,6120000,0,0,0,0,0,0
SUPER_W,6130000,53,5,5,63,24,29
SUPER_W,6140000,49,1,8,58,24,25
SUPER_W,6150000,16,5,3,24,7,9
SUPER_W,6160000,0,0,0,0,0,0
SUPER_W,6170000,0,0,0,0,0,0
SUPER_W,6180000,62,8,4,74,35,27
SUPER_W,6190000,12,0,1,13,7,5
SUPER_W,6200000,9,0,1,10,8,1
SUPER_W,6210000,0,0,0,0,0,0
SUPER_W,6220000,0,0,0,0,0,0
SUPER_W,6230000,0,0,0,0,0,0
SUPER_W,6240000,0,0,0,0,0,0
SUPER_W,6250000,0,0,0,0,0,0
SUPER_W,6260000,0,0,0,0,0,0
SUPER_W,6270000,0,0,0,0,0,0
SUPER_W,6280000,0,0,0,0,0,0
SUPER_W,6290000,5,1,2,8,3,2
SUPER_W,6300000,3,0,0,3,2,1
SUPER_W,6310000,3,0,0,3,1,2
SUPER_W,6320000,0,0,0,0,0,0
SUPER_W,6330000,0,0,0,0,0,0
SUPER_W,6340000,0,0,0,0,0,0
SUPER_W,6350000,4,1,1,6,1,3
SUPER_W,6360000,0,2,0,2,0,0
SUPER_W,6370000,3,0,0,3,1,2
SUPER_W,6380000,0,0,0,0,0,0
SUPER_W,6390000,0,0,0,0,0,0
SUPER_W,6400000,0,0,0,0,0,0
SUPER_W,6410000,5,1,0,6,2,3
SUPER_W,6420000,2,0,0,2,2,0
SUPER_W,6430000,4,0,0,4,2,2
SUPER_W,6440000,0,0,0,0,0,0
SUPER_W,6450000,0,0,0,0,0,0
SUPER_W,6460000,0,0,0,0,0,0
SUPER_W,6470000,6,1,0,7,4,2
SUPER_W,6480000,0,0,0,0,0,0
SUPER_W,6490000,0,0,0,0,0,0
SUPER_W,6500000,0,0,0,0,0,0
SUPER_W,6510000,759,15,4,778,319,440
SUPER_W,6520000,0,0,0,0,0,0
SUPER_W,6530000,0,0,0,0,0,0
SUPER_W,6540000,0,0,0,0,0,0
SUPER_W,6550000,0,0,0,0,0,0
SUPER_W,6560000,47,9,8,64,29,18
SUPER_W,6570000,25,0,0,25,11,14
SUPER_W,6580000,68,10,6,84,33,35
SUPER_W,6590000,77,8,10,95,37,40
SUPER_W,6600000,0,0,0,0,0,0
SUPER_W,6610000,0,0,0,0,0,0
SUPER_W,6620000,0,0,0,0,0,0
SUPER_W,6630000,0,0,0,0,0,0
SUPER_W,6640000,0,0,0,0,0,0
SUPER_W,6650000,67,5,4,76,32,35
SUPER_W,6660000,46,0,4,50,20,26
SUPER_W,6670000,0,0,0,0,0,0
SUPER_W,6680000,0,0,0,0,0,0
SUPER_W,6690000,0,0,0,0,0,0
SUPER_W,6700000,0,0,0,0,0,0
SUPER_W,6710000,0,0,0,0,0,0
SUPER_W,6720000,0,0,0,0,0,0
SUPER_W,6730000,1,1,0,2,1,0
SUPER_W,6740000,0,0,0,0,0,0
SUPER_W,6750000,0,0,0,0,0,0
SUPER_W,6760000,0,0,0,0,0,0
SUPER_W,6770000,0,0,0,0,0,0
SUPER_W,6780000,0,0,0,0,0,0
SUPER_W,6790000,11,1,0,12,2,9
SUPER_W,6800000,8,0,1,9,5,3
SUPER_W,6810000,10,0,0,10,6,4
SUPER_W,6820000,3,0,0,3,1,2
SUPER_W,6830000,3,0,0,3,2,1
SUPER_W,6840000,1,0,0,1,1,0
SUPER_W,6850000,4,0,0,4,3,1
SUPER_W,6860000,3,0,0,3,1,2
SUPER_W,6870000,0,0,0,0,0,0
SUPER_W,6880000,0,0,0,0,0,0
SUPER_W,6890000,0,2,1,3,0,0
SUPER_W,6900000,0,0,0,0,0,0
SUPER_W,6910000,0,0,0,0,0,0
SUPER_W,6920000,18,0,0,18,12,6
SUPER_W,6930000,0,0,0,0,0,0
SUPER_W,6940000,0,0,0,0,0,0
SUPER_W,6950000,0,0,0,0,0,0
SUPER_W,6960000,398,16,15,429,167,231
SUPER_W,6970000,52,4,1,57,33,19
SUPER_W,6980000,34,3,4,41,15,19
SUPER_W,6990000,0,0,0,0,0,0
SUPER_W,7000000,0,0,0,0,0,0
SUPER_W,7010000,0,0,0,0,0,0
SUPER_W,7020000,0,0,0,0,0,0
SUPER_W,7030000,0,0,0,0,0,0
SUPER_W,7040000,41,4,1,46,20,21
SUPER_W,7050000,40,6,5,51,21,19
SUPER_W,7060000,2,1,0,3,1,1
SUPER_W,7070000,0,1,0,1,0,0
SUPER_W,7080000,0,0,0,0,0,0
SUPER_W,7090000,0,0,0,0,0,0
SUPER_W,7100000,0,1,1,2,0,0
SUPER_W,7110000,0,0,0,0,0,0
SUPER_W,7120000,0,0,0,0,0,0
SUPER_W,7130000,12,5,2,19,8,4
SUPER_W,7140000,0,0,0,0,0,0
SUPER_W,7150000,0,0,0,0,0,0
SUPER_W,7160000,0,0,0,0,0,0
SUPER_W,7170000,0,0,0,0,0,0
SUPER_W,7180000,0,0,0,0,0,0
SUPER_W,7190000,0,0,0,0,0,0
SUPER_W,7200000,0,0,0,0,0,0
SUPER_W,7210000,0,0,0,0,0,0
SUPER_W,7220000,0,0,0,0,0,0
SUPER_W,7230000,0,0,0,0,0,0
SUPER_W,7240000,0,0,0,0,0,0
SUPER_W,7250000,0,0,0,0,0,0
SUPER_W,7260000,0,0,0,0,0,0
SUPER_W,7270000,137,12,14,163,70,67
SUPER_W,7280000,54,9,5,68,27,27
SUPER_W,7290000,0,0,0,0,0,0
SUPER_W,7300000,0,0,0,0,0,0
SUPER_W,7310000,0,0,0,0,0,0
SUPER_W,7320000,0,0,0,0,0,0
SUPER_W,7330000,0,0,0,0,0,0
SUPER_W,7340000,0,0,0,0,0,0
SUPER_W,7350000,0,0,0,0,0,0
SUPER_W,7360000,0,0,0,0,0,0
SUPER_W,7370000,50,7,1,58,21,29
SUPER_W,7380000,1,0,0,1,1,0
SUPER_W,7390000,0,0,0,0,0,0
SUPER_W,7400000,0,0,0,0,0,0
SUPER_W,7410000,0,0,0,0,0,0
SUPER_W,7420000,0,0,0,0,0,0
SUPER_W,7430000,13,0,0,13,4,9
SUPER_W,7440000,1,0,0,1,1,0
SUPER_W,7450000,3,0,0,3,1,2
SUPER_W,7460000,0,0,0,0,0,0
SUPER_W,7470000,0,0,0,0,0,0
SUPER_W,7480000,0,0,0,0,0,0
SUPER_W,7490000,0,0,0,0,0,0
SUPER_W,7500000,11,1,0,12,4,7
SUPER_W,7510000,10,0,0,10,3,7
SUPER_W,7520000,9,0,0,9,5,4
SUPER_W,7530000,16,0,1,17,8,8
SUPER_W,7540000,13,0,1,14,1,12
SUPER_W,7550000,3,0,0,3,0,3
SUPER_W,7560000,237,7,8,252,100,137
SUPER_W,7570000,495,17,13,525,214,281
SUPER_W,7580000,0,0,0,0,0,0
SUPER_W,7590000,0,0,0,0,0,0
SUPER_W,7600000,300,5,7,312,133,167
SUPER_W,7610000,0,0,0,0,0,0
SUPER_W,7620000,0,0,0,0,0,0
SUPER_W,7630000,0,0,0,0,0,0
SUPER_W,7640000,16,3,4,23,7,9
SUPER_W,7650000,35,2,4,41,15,20
SUPER_W,7660000,90,5,4,99,57,33
SUPER_W,7670000,0,0,0,0,0,0
SUPER_W,7680000,0,0,0,0,0,0
SUPER_W,7690000,0,0,0,0,0,0
SUPER_W,7700000,0,0,0,0,0,0
SUPER_W,7710000,33,4,5,42,16,17
SUPER_W,7720000,7,1,0,8,4,3
SUPER_W,7730000,48,2,1,51,25,23
SUPER_W,7740000,35,2,5,42,16,19
SUPER_W,7750000,33,10,1,44,14,19
SUPER_W,7760000,0,1,0,1,0,0
SUPER_W,7770000,28,3,0,31,18,10
SUPER_W,7780000,70,6,4,80,38,32
SUPER_W,7790000,0,0,0,0,0,0
SUPER_W,7800000,0,0,0,0,0,0
SUPER_W,7810000,0,0,0,0,0,0
SUPER_W,7820000,0,0,0,0,0,0
SUPER_W,7830000,0,0,0,0,0,0
SUPER_W,7840000,0,0,0,0,0,0
SUPER_W,7850000,0,0,0,0,0,0
SUPER_W,7860000,0,0,0,0,0,0
SUPER_W,7870000,0,0,0,0,0,0
SUPER_W,7880000,0,0,0,0,0,0
SUPER_W,7890000,0,0,0,0,0,0
SUPER_W,7900000,38,4,5,47,22,16
SUPER_W,7910000,56,3,3,62,25,31
SUPER_W,7920000,0,0,0,0,0,0
SUPER_W,7930000,0,0,0,0,0,0
SUPER_W,7940000,28,2,3,33,13,15
SUPER_W,7950000,0,0,0,0,0,0
SUPER_W,7960000,0,0,0,0,0,0
SUPER_W,7970000,29,0,0,29,16,13
SUPER_W,7980000,3,0,0,3,2,1
SUPER_W,7990000,1,0,0,1,0,1
SUPER_W,8000000,9,0,0,9,5,4
SUPER_W,8010000,7,1,0,8,3,4
SUPER_W,8020000,0,0,0,0,0,0
SUPER_W,8030000,0,0,0,0,0,0
SUPER_W,8040000,0,0,0,0,0,0
SUPER_W,8050000,0,0,0,0,0,0
SUPER_W,8060000,16,1,0,17,4,12
SUPER_W,8070000,5,0,0,5,1,4
SUPER_W,8080000,2,0,0,2,1,1
SUPER_W,8090000,9,0,0,9,5,4
SUPER_W,8100000,3,0,0,3,1,2
SUPER_W,8110000,0,0,0,0,0,0
SUPER_W,8120000,0,0,0,0,0,0
SUPER_W,8130000,18,1,0,19,4,14
SUPER_W,8140000,11,0,1,12,4,7
SUPER_W,8150000,0,0,0,0,0,0
SUPER_W,8160000,0,0,0,0,0,0
SUPER_W,8170000,15,0,1,16,8,7
SUPER_W,8180000,54,1,1,56,18,36
SUPER_W,8190000,0,0,1,1,0,0
SUPER_W,8200000,0,1,0,1,0,0
SUPER_W,8210000,9,0,0,9,3,6
SUPER_W,8220000,301,7,5,313,133,168
SUPER_W,8230000,0,0,0,0,0,0
SUPER_W,8240000,0,0,0,0,0,0
SUPER_W,8250000,171,7,5,183,79,92
SUPER_W,8260000,5,0,0,5,2,3
SUPER_W,8270000,25,0,0,25,9,16
SUPER_W,8280000,6,0,0,6,3,3
SUPER_W,8290000,4,1,0,5,1,3
SUPER_W,8300000,1,0,0,1,0,1
SUPER_W,8310000,2,0,0,2,1,1
SUPER_W,8320000,7,0,0,7,2,5
SUPER_W,8330000,8,0,0,8,2,6
SUPER_W,8340000,10,0,0,10,4,6
SUPER_W,8350000,3,0,0,3,1,2
SUPER_W,8360000,0,0,0,0,0,0
SUPER_W,8370000,0,0,0,0,0,0
SUPER_W,8380000,6,0,0,6,3,3
SUPER_W,8390000,1,0,0,1,0,1
SUPER_W,8400000,12,0,0,12,4,8
SUPER_W,8410000,6,0,0,6,2,4
SUPER_W,8420000,9,0,0,9,3,6
SUPER_W,8430000,0,0,0,0,0,0
SUPER_W,8440000,0,0,0,0,0,0
SUPER_W,8450000,118,1,2,121,72,46
SUPER_W,8460000,171,5,2,178,67,104
SUPER_W,8470000,103,6,9,118,48,55
SUPER_W,8480000,59,8,4,71,35,24
SUPER_W,8490000,0,0,0,0,0,0
SUPER_W,8500000,0,0,0,0,0,0
SUPER_W,8510000,27,2,4,33,13,14
SUPER_W,8520000,35,1,3,39,21,14
SUPER_W,8530000,2,1,1,4,2,0
SUPER_W,8540000,5,0,0,5,4,1
SUPER_W,8550000,0,0,0,0,0,0
SUPER_W,8560000,0,0,0,0,0,0
SUPER_W,8570000,0,0,0,0,0,0
SUPER_W,8580000,0,0,0,0,0,0
SUPER_W,8590000,0,2,1,3,0,0
SUPER_W,8600000,1,0,0,1,1,0
SUPER_W,8610000,3,0,0,3,0,3
SUPER_W,8620000,3,0,0,3,1,2
SUPER_W,8630000,1,0,0,1,0,1
SUPER_W,8640000,4,0,0,4,2,2
SUPER_W,8650000,7,0,0,7,3,4
SUPER_W,8660000,0,0,0,0,0,0
SUPER_W,8670000,0,0,0,0,0,0
SUPER_W,8680000,7,0,0,7,2,5
SUPER_W,8690000,0,0,0,0,0,0
SUPER_W,8700000,0,0,0,0,0,0
SUPER_W,8710000,0,0,0,0,0,0
SUPER_W,8720000,7,0,0,7,5,2
SUPER_W,8730000,3,0,0,3,1,2
SUPER_W,8740000,1,0,0,1,1,0
SUPER_W,8750000,12,1,0,13,6,6
SUPER_W,8760000,1,0,0,1,0,1
SUPER_W,8770000,34,1,2,37,18,16
SUPER_W,8780000,11,0,0,11,6,5
SUPER_W,8790000,3,0,0,3,0,3
SUPER_W,8800000,0,0,0,0,0,0
SUPER_W,8810000,0,0,0,0,0,0
SUPER_W,8820000,0,0,0,0,0,0
SUPER_W,8830000,4,1,1,6,3,1
SUPER_W,8840000,10,0,1,11,7,3
SUPER_W,8850000,0,0,0,0,0,0
SUPER_W,8860000,0,0,0,0,0,0
SUPER_W,8870000,0,0,0,0,0,0
SUPER_W,8880000,0,0,0,0,0,0
SUPER_W,8890000,313,12,4,329,152,161
SUPER_W,8900000,28,1,0,29,11,17
SUPER_W,8910000,0,0,0,0,0,0
SUPER_W,8920000,0,0,0,0,0,0
SUPER_W,8930000,0,0,0,0,0,0
SUPER_W,8940000,0,0,0,0,0,0
SUPER_W,8950000,0,0,0,0,0,0
SUPER_W,8960000,8,0,0,8,4,4
SUPER_W,8970000,4,0,0,4,0,4
SUPER_W,8980000,5,0,0,5,0,5
SUPER_W,8990000,65,6,0,71,46,19
SUPER_W,9000000,11,0,0,11,5,6
SUPER_W,9010000,0,0,0,0,0,0
SUPER_W,9020000,0,0,0,0,0,0
SUPER_W,9030000,178,4,0,182,83,95
SUPER_W,9040000,31,2,2,35,18,13
SUPER_W,9050000,150,9,8,167,92,58
SUPER_W,9060000,18,0,1,19,7,11
SUPER_W,9070000,139,4,8,151,58,81
SUPER_W,9080000,134,15,15,164,66,68
SUPER_W,9090000,16,0,2,18,6,10
SUPER_W,9100000,99,4,9,112,41,58
SUPER_W,9110000,95,8,5,108,52,43
SUPER_W,9120000,0,0,0,0,0,0
SUPER_W,9130000,0,0,0,0,0,0
SUPER_W,9140000,0,0,0,0,0,0
SUPER_W,9150000,18,0,3,21,8,10
SUPER_W,9160000,1,0,0,1,0,1
SUPER_W,9170000,2,0,0,2,0,2
SUPER_W,9180000,2,0,0,2,1,1
SUPER_W,9190000,0,0,0,0,0,0
SUPER_W,9200000,0,0,0,0,0,0
SUPER_W,9210000,0,0,0,0,0,0
SUPER_W,9220000,5,0,0,5,2,3
SUPER_W,9230000,3,0,0,3,1,2
SUPER_W,9240000,1,0,0,1,0,1
SUPER_W,9250000,0,0,0,0,0,0
SUPER_W,9260000,0,0,0,0,0,0
SUPER_W,9270000,0,0,0,0,0,0
SUPER_W,9280000,0,0,0,0,0,0
SUPER_W,9290000,4,0,1,5,3,1
SUPER_W,9300000,7,0,0,7,5,2
SUPER_W,9310000,0,0,0,0,0,0
SUPER_W,9320000,0,0,0,0,0,0
SUPER_W,9330000,0,0,0,0,0,0
SUPER_W,9340000,3,0,0,3,1,2
SUPER_W,9350000,2,0,0,2,0,2
SUPER_W,9360000,4,0,0,4,1,3
SUPER_W,9370000,3,0,0,3,1,2
SUPER_W,9380000,0,0,0,0,0,0
SUPER_W,9390000,0,0,0,0,0,0
SUPER_W,9400000,35,1,2,38,25,10
SUPER_W,9410000,1,1,0,2,0,1
SUPER_W,9420000,31,2,1,34,16,15
SUPER_W,9430000,28,10,0,38,10,18
SUPER_W,9440000,32,3,3,38,15,17
SUPER_W,9450000,89,9,8,106,49,40
SUPER_W,9460000,12,0,0,12,2,10
SUPER_W,9470000,1,1,1,3,0,1
SUPER_W,9480000,1,1,2,4,0,1
SUPER_W,9490000,28,4,7,39,15,13
SUPER_W,9500000,24,4,6,34,8,16
SUPER_W,9510000,0,0,0,0,0,0
SUPER_W,9520000,0,0,0,0,0,0
SUPER_W,9530000,0,0,0,0,0,0
SUPER_W,9540000,0,0,0,0,0,0
SUPER_W,9550000,0,0,0,0,0,0
SUPER_W,9560000,0,0,0,0,0,0
SUPER_W,9570000,132,14,7,153,68,64
SUPER_W,9580000,38,6,4,48,23,15
SUPER_W,9590000,42,5,0,47,21,21
SUPER_W,9600000,44,4,3,51,21,23
SUPER_W,9610000,57,2,2,61,37,20
SUPER_W,9620000,109,13,8,130,67,42
SUPER_W,9630000,79,8,12,99,41,38
SUPER_W,9640000,11,0,0,11,4,7
SUPER_W,9650000,0,0,0,0,0,0
SUPER_W,9660000,0,0,0,0,0,0
SUPER_W,9670000,14,0,1,15,8,6
SUPER_W,9680000,21,2,3,26,8,13
SUPER_W,9690000,0,0,0,0,0,0
SUPER_W,9700000,0,0,0,0,0,0
SUPER_W,9710000,77,7,6,90,34,43
SUPER_W,9720000,15,2,1,18,6,9
SUPER_W,9730000,0,0,1,1,0,0
SUPER_W,9740000,82,6,2,90,40,42
SUPER_W,9750000,80,1,4,85,40,40
SUPER_W,9760000,92,2,3,97,54,38
SUPER_W,9770000,0,0,0,0,0,0
SUPER_W,9780000,0,0,0,0,0,0
SUPER_W,9790000,0,0,0,0,0,0
SUPER_W,9800000,0,0,0,0,0,0
SUPER_W,9810000,0,0,0,0,0,0
SUPER_W,9820000,0,0,0,0,0,0
SUPER_W,9830000,0,0,0,0,0,0
SUPER_W,9840000,0,0,0,0,0,0
SUPER_W,9850000,0,0,0,0,0,0
SUPER_W,9860000,0,0,0,0,0,0
SUPER_W,9870000,0,0,0,0,0,0
SUPER_W,9880000,0,0,0,0,0,0
SUPER_W,9890000,0,0,0,0,0,0
SUPER_W,9900000,0,0,0,0,0,0
SUPER_W,9910000,0,0,0,0,0,0
SUPER_W,9920000,0,0,0,0,0,0
SUPER_W,9930000,0,0,0,0,0,0
SUPER_W,9940000,0,0,0,0,0,0
SUPER_W,9950000,0,0,0,0,0,0
SUPER_W,9960000,0,0,0,0,0,0
SUPER_W,9970000,63,5,7,75,29,34
SUPER_W,9980000,2,0,0,2,2,0
SUPER_W,9990000,2,0,0,2,1,1
SUPER_W,10000000,2,0,0,2,2,0
SUPER_W,10010000,1,0,0,1,0,1
SUPER_W,10020000,1,0,0,1,1,0
SUPER_W,10030000,2,0,0,2,2,0
SUPER_W,10040000,2,0,0,2,2,0
SUPER_W,10050000,0,0,0,0,0,0
SUPER_W,10060000,0,0,0,0,0,0
SUPER_W,10070000,1,1,0,2,1,0
SUPER_W,10080000,0,1,0,1,0,0
SUPER_W,10090000,1,0,0,1,1,0
SUPER_W,10100000,8,1,0,9,5,3
SUPER_W,10110000,0,0,0,0,0,0
SUPER_W,10120000,0,0,0,0,0,0
SUPER_W,10130000,0,0,0,0,0,0
SUPER_W,10140000,0,0,0,0,0,0
SUPER_W,10150000,0,0,0,0,0,0
SUPER_W,10160000,0,0,0,0,0,0
SUPER_W,10170000,0,0,0,0,0,0
SUPER_W,10180000,0,0,0,0,0,0
SUPER_W,10190000,0,0,0,0,0,0
SUPER_W,10200000,0,0,0,0,0,0
SUPER_W,10210000,39,13,5,57,24,15
SUPER_W,10220000,0,2,0,2,0,0
SUPER_W,10230000,0,0,1,1,0,0
SUPER_W,10240000,0,1,0,1,0,0
SUPER_W,10250000,0,0,0,0,0,0
SUPER_W,10260000,0,0,0,0,0,0
SUPER_W,10270000,0,0,0,0,0,0
SUPER_W,10280000,0,0,0,0,0,0
SUPER_W,10290000,0,0,0,0,0,0
SUPER_W,10300000,0,2,1,3,0,0
SUPER_W,10310000,0,0,0,0,0,0
SUPER_W,10320000,0,0,0,0,0,0
SUPER_W,10330000,0,0,0,0,0,0
SUPER_W,10340000,0,0,0,0,0,0
SUPER_W,10350000,0,0,0,0,0,0
SUPER_W,10360000,0,0,0,0,0,0
SUPER_W,10370000,0,0,0,0,0,0
SUPER_W,10380000,0,0,0,0,0,0
SUPER_W,10390000,0,0,0,0,0,0
SUPER_W,10400000,0,0,0,0,0,0
SUPER_W,10410000,0,0,0,0,0,0
SUPER_W,10420000,0,0,0,0,0,0
SUPER_W,10430000,0,0,0,0,0,0
SUPER_W,10440000,0,0,0,0,0,0
SUPER_W,10450000,31,3,2,36,13,18
SUPER_W,10460000,0,0,0,0,0,0
SUPER_W,10470000,0,0,0,0,0,0
SUPER_W,10480000,0,1,2,3,0,0
SUPER_W,10490000,0,0,0,0,0,0
SUPER_W,10500000,0,0,0,0,0,0
SUPER_W,10510000,0,0,0,0,0,0
SUPER_W,10520000,0,0,0,0,0,0
SUPER_W,10530000,0,0,0,0,0,0
SUPER_W,10540000,0,0,0,0,0,0
SUPER_W,10550000,88,4,5,97,49,39
SUPER_W,10560000,14,2,2,18,6,8
SUPER_W,10570000,25,3,2,30,13,12
SUPER_W,10580000,0,0,0,0,0,0
SUPER_W,10590000,0,0,0,0,0,0
SUPER_W,10600000,0,0,0,0,0,0
SUPER_W,10610000,0,0,0,0,0,0
SUPER_W,10620000,0,0,0,0,0,0
SUPER_W,10630000,0,0,0,0,0,0
SUPER_W,10640000,0,0,0,0,0,0
SUPER_W,10650000,0,0,0,0,0,0
SUPER_W,10660000,3,1,0,4,3,0
SUPER_W,10670000,0,0,0,0,0,0
SUPER_W,10680000,0,0,0,0,0,0
SUPER_W,10690000,0,0,0,0,0,0
SUPER_W,10700000,0,0,0,0,0,0
SUPER_W,10710000,0,0,0,0,0,0
SUPER_W,10720000,23,3,3,29,10,13
SUPER_W,10730000,0,1,0,1,0,0
SUPER_W,10740000,0,0,0,0,0,0
SUPER_W,10750000,0,0,0,0,0,0
SUPER_W,10760000,0,0,0,0,0,0
SUPER_W,10770000,0,0,0,0,0,0
SUPER_W,10780000,0,0,0,0,0,0
SUPER_W,10790000,0,0,0,0,0,0
SUPER_W,10800000,0,0,0,0,0,0
SUPER_W,10810000,0,0,0,0,0,0
SUPER_W,10820000,0,0,0,0,0,0
SUPER_W,10830000,0,0,0,0,0,0
SUPER_W,10840000,0,0,0,0,0,0
SUPER_W,10850000,0,0,0,0,0,0
SUPER_W,10860000,0,0,0,0,0,0
SUPER_W,10870000,0,0,0,0,0,0
SUPER_W,10880000,0,0,0,0,0,0
SUPER_W,10890000,0,0,0,0,0,0
SUPER_W,10900000,0,0,0,0,0,0
SUPER_W,10910000,0,0,0,0,0,0
SUPER_W,10920000,0,0,0,0,0,0
SUPER_W,10930000,0,0,0,0,0,0
SUPER_W,10940000,0,0,0,0,0,0
SUPER_W,10950000,0,0,0,0,0,0
SUPER_W,10960000,0,0,0,0,0,0
SUPER_W,10970000,0,0,0,0,0,0
SUPER_W,10980000,0,0,0,0,0,0
SUPER_W,10990000,0,0,0,0,0,0
SUPER_W,11000000,134,14,12,160,76,58
SUPER_W,11010000,41,1,0,42,26,15
SUPER_W,11020000,24,1,0,25,18,6
SUPER_W,11030000,15,0,1,16,12,3
SUPER_W,11040000,0,0,0,0,0,0
SUPER_W,11050000,0,0,0,0,0,0
SUPER_W,11060000,121,6,5,132,69,52
SUPER_W,11070000,0,0,0,0,0,0
SUPER_W,11080000,0,0,0,0,0,0
SUPER_W,11090000,58,5,2,65,34,24
SUPER_W,11100000,12,1,0,13,8,4
SUPER_W,11110000,13,3,0,16,7,6
SUPER_W,11120000,0,0,0,0,0,0
SUPER_W,11130000,0,0,0,0,0,0
SUPER_W,11140000,0,0,0,0,0,0
SUPER_W,11150000,0,0,0,0,0,0
SUPER_W,11160000,0,0,0,0,0,0
SUPER_W,11170000,0,0,0,0,0,0
SUPER_W,11180000,0,0,0,0,0,0
SUPER_W,11190000,0,0,0,0,0,0
SUPER_W,11200000,0,0,0,0,0,0
SUPER_W,11210000,0,0,0,0,0,0
SUPER_W,11220000,0,0,0,0,0,0
SUPER_W,11230000,0,0,0,0,0,0
SUPER_W,11240000,0,0,0,0,0,0
SUPER_W,11250000,0,0,0,0,0,0
SUPER_W,11260000,0,0,0,0,0,0
SUPER_W,11270000,48,5,5,58,27,21
SUPER_W,11280000,0,0,0,0,0,0
SUPER_W,11290000,0,0,0,0,0,0
SUPER_W,11300000,0,0,0,0,0,0
SUPER_W,11310000,0,0,0,0,0,0
SUPER_W,11320000,36,2,1,39,21,15
SUPER_W,11330000,0,0,0,0,0,0
SUPER_W,11340000,0,0,0,0,0,0
SUPER_W,11350000,0,0,0,0,0,0
SUPER_W,11360000,0,0,0,0,0,0
SUPER_W,11370000,0,0,0,0,0,0
SUPER_W,11380000,0,0,0,0,0,0
SUPER_W,11390000,0,0,0,0,0,0
SUPER_W,11400000,0,0,0,0,0,0
SUPER_W,11410000,0,0,0,0,0,0
SUPER_W,11420000,100,12,9,121,57,43
SUPER_W,11430000,0,0,0,0,0,0
SUPER_W,11440000,0,0,0,0,0,0
SUPER_W,11450000,0,0,0,0,0,0
SUPER_W,11460000,0,0,0,0,0,0
SUPER_W,11470000,0,0,0,0,0,0
SUPER_W,11480000,0,0,0,0,0,0
SUPER_W,11490000,0,0,0,0,0,0
SUPER_W,11500000,0,0,0,0,0,0
SUPER_W,11510000,0,0,0,0,0,0
SUPER_W,11520000,0,0,0,0,0,0
SUPER_W,11530000,0,0,0,0,0,0
SUPER_W,11540000,0,0,0,0,0,0
SUPER_W,11550000,0,0,0,0,0,0
SUPER_W,11560000,0,0,0,0,0,0
SUPER_W,11570000,0,0,0,0,0,0
SUPER_W,11580000,0,0,0,0,0,0
SUPER_W,11590000,0,0,0,0,0,0
SUPER_W,11600000,0,0,0,0,0,0
SUPER_W,11610000,55,9,10,74,29,26
SUPER_W,11620000,0,0,0,0,0,0
SUPER_W,11630000,0,0,0,0,0,0
SUPER_W,11640000,0,0,0,0,0,0
SUPER_W,11650000,0,0,0,0,0,0
SUPER_W,11660000,0,0,0,0,0,0
SUPER_W,11670000,0,0,0,0,0,0
SUPER_W,11680000,0,0,0,0,0,0
SUPER_W,11690000,0,0,0,0,0,0
SUPER_W,11700000,0,0,0,0,0,0
SUPER_W,11710000,0,0,0,0,0,0
SUPER_W,11720000,0,0,0,0,0,0
SUPER_W,11730000,0,0,0,0,0,0
SUPER_W,11740000,0,5,4,9,0,0
SUPER_W,11750000,0,1,0,1,0,0
SUPER_W,11760000,0,0,0,0,0,0
SUPER_W,11770000,0,0,0,0,0,0
SUPER_W,11780000,0,0,0,0,0,0
SUPER_W,11790000,0,0,0,0,0,0
SUPER_W,11800000,0,0,0,0,0,0
SUPER_W,11810000,0,0,0,0,0,0
SUPER_W,11820000,0,0,0,0,0,0
SUPER_W,11830000,0,0,0,0,0,0
SUPER_W,11840000,0,0,0,0,0,0
SUPER_W,11850000,0,0,0,0,0,0
SUPER_W,11860000,0,0,0,0,0,0
SUPER_W,11870000,0,0,0,0,0,0
SUPER_W,11880000,0,0,0,0,0,0
SUPER_W,11890000,0,0,0,0,0,0
SUPER_W,11900000,0,0,0,0,0,0
SUPER_W,11910000,0,0,0,0,0,0
SUPER_W,11920000,0,0,0,0,0,0
SUPER_W,11930000,0,0,0,0,0,0
SUPER_W,11940000,0,0,0,0,0,0
SUPER_W,11950000,0,0,0,0,0,0
SUPER_W,11960000,0,0,0,0,0,0
SUPER_W,11970000,60,9,3,72,37,23
SUPER_W,11980000,0,0,0,0,0,0
SUPER_W,11990000,0,0,0,0,0,0
SUPER_W,12000000,38,5,4,47,19,19
SUPER_W,12010000,0,0,0,0,0,0
SUPER_W,12020000,0,0,0,0,0,0
SUPER_W,12030000,0,0,0,0,0,0
SUPER_W,12040000,0,0,0,0,0,0
SUPER_W,12050000,0,0,0,0,0,0
SUPER_W,12060000,0,0,0,0,0,0
SUPER_W,12070000,0,0,0,0,0,0
SUPER_W,12080000,0,0,0,0,0,0
SUPER_W,12090000,0,0,0,0,0,0
SUPER_W,12100000,0,0,0,0,0,0
SUPER_W,12110000,24,6,5,35,15,9
SUPER_W,12120000,0,1,0,1,0,0
SUPER_W,12130000,0,0,0,0,0,0
SUPER_W,12140000,0,0,0,0,0,0
SUPER_W,12150000,0,0,0,0,0,0
SUPER_W,12160000,0,0,0,0,0,0
SUPER_W,12170000,0,0,0,0,0,0
SUPER_W,12180000,0,0,0,0,0,0
SUPER_W,12190000,0,0,0,0,0,0
SUPER_W,12200000,0,0,0,0,0,0
SUPER_W,12210000,0,0,0,0,0,0
SUPER_W,12220000,0,2,1,3,0,0
SUPER_W,12230000,0,0,1,1,0,0
SUPER_W,12240000,99,4,5,108,56,43
SUPER_W,12250000,23,0,1,24,17,6
SUPER_W,12260000,0,0,0,0,0,0
SUPER_W,12270000,0,0,0,0,0,0
SUPER_W,12280000,4,3,0,7,3,1
SUPER_W,12290000,1,5,2,8,1,0
SUPER_W,12300000,2,0,5,7,2,0
SUPER_W,12310000,104,8,3,115,66,38
SUPER_W,12320000,0,0,0,0,0,0
SUPER_W,12330000,0,0,0,0,0,0
SUPER_W,12340000,0,0,0,0,0,0
SUPER_W,12350000,0,0,0,0,0,0
SUPER_W,12360000,0,0,0,0,0,0
SUPER_W,12370000,0,0,0,0,0,0
SUPER_W,12380000,0,0,0,0,0,0
SUPER_W,12390000,0,0,0,0,0,0
SUPER_W,12400000,0,0,0,0,0,0
SUPER_W,12410000,0,0,0,0,0,0
SUPER_W,12420000,0,0,0,0,0,0
SUPER_W,12430000,0,0,0,0,0,0
SUPER_W,12440000,0,0,0,0,0,0
SUPER_W,12450000,0,0,0,0,0,0
SUPER_W,12460000,0,0,0,0,0,0
SUPER_W,12470000,0,0,0,0,0,0
SUPER_W,12480000,0,0,0,0,0,0
SUPER_W,12490000,0,0,0,0,0,0
SUPER_W,12500000,0,0,0,0,0,0
SUPER_W,12510000,0,0,0,0,0,0
SUPER_W,12520000,0,0,0,0,0,0
SUPER_W,12530000,0,0,0,0,0,0
SUPER_W,12540000,0,0,0,0,0,0
SUPER_W,12550000,0,0,0,0,0,0
SUPER_W,12560000,0,0,0,0,0,0
SUPER_W,12570000,0,0,0,0,0,0
SUPER_W,12580000,0,0,0,0,0,0
SUPER_W,12590000,0,0,0,0,0,0
SUPER_W,12600000,0,0,0,0,0,0
SUPER_W,12610000,0,0,0,0,0,0
SUPER_W,12620000,0,0,0,0,0,0
SUPER_W,12630000,0,0,0,0,0,0
SUPER_W,12640000,0,0,0,0,0,0
SUPER_W,12650000,0,0,0,0,0,0
SUPER_W,12660000,0,0,0,0,0,0
SUPER_W,12670000,0,0,0,0,0,0
SUPER_W,12680000,0,0,0,0,0,0
SUPER_W,12690000,0,0,0,0,0,0
SUPER_W,12700000,0,0,0,0,0,0
SUPER_W,12710000,0,0,0,0,0,0
SUPER_W,12720000,0,0,0,0,0,0
SUPER_W,12730000,0,0,0,0,0,0
SUPER_W,12740000,0,0,0,0,0,0
SUPER_W,12750000,0,0,0,0,0,0
SUPER_W,12760000,0,0,0,0,0,0
SUPER_W,12770000,0,0,0,0,0,0
SUPER_W,12780000,0,0,0,0,0,0
SUPER_W,12790000,0,0,0,0,0,0
SUPER_W,12800000,0,0,0,0,0,0
SUPER_W,12810000,0,0,0,0,0,0
SUPER_W,12820000,0,0,0,0,0,0
SUPER_W,12830000,0,0,0,0,0,0
SUPER_W,12840000,0,0,0,0,0,0
SUPER_W,12850000,0,0,0,0,0,0
SUPER_W,12860000,0,0,0,0,0,0
SUPER_W,12870000,0,0,0,0,0,0
SUPER_W,12880000,63,14,9,86,33,30
SUPER_W,12890000,0,0,0,0,0,0
SUPER_W,12900000,0,0,0,0,0,0
SUPER_W,12910000,0,0,0,0,0,0
SUPER_W,12920000,0,0,0,0,0,0
SUPER_W,12930000,0,0,0,0,0,0
SUPER_W,12940000,0,0,0,0,0,0
SUPER_W,12950000,0,0,0,0,0,0
SUPER_W,12960000,0,0,0,0,0,0
SUPER_W,12970000,0,0,0,0,0,0
SUPER_W,12980000,0,0,0,0,0,0
SUPER_W,12990000,0,0,0,0,0,0
SUPER_W,13000000,0,0,0,0,0,0
SUPER_W,13010000,3,2,2,7,0,3
SUPER_W,13020000,0,0,0,0,0,0
SUPER_W,13030000,0,0,0,0,0,0
SUPER_W,13040000,0,0,0,0,0,0
SUPER_W,13050000,0,0,0,0,0,0
SUPER_W,13060000,0,0,0,0,0,0
SUPER_W,13070000,0,0,0,0,0,0
SUPER_W,13080000,0,2,1,3,0,0
SUPER_W,13090000,0,1,0,1,0,0
SUPER_W,13100000,4,0,0,4,3,1
SUPER_W,13110000,35,5,0,40,24,11
SUPER_W,13120000,48,5,0,53,31,17
SUPER_W,13130000,27,2,1,30,19,8
SUPER_W,13140000,129,14,4,147,67,62
SUPER_Z,10000,82,17,20,119,44,38
SUPER_Z,20000,100,14,7,121,56,44
SUPER_Z,30000,15,0,0,15,11,4
SUPER_Z,40000,37,2,1,40,23,14
SUPER_Z,50000,1,2,6,9,0,1
SUPER_Z,60000,0,0,0,0,0,0
SUPER_Z,70000,0,0,0,0,0,0
SUPER_Z,80000,0,0,0,0,0,0
SUPER_Z,90000,0,0,0,0,0,0
SUPER_Z,100000,0,0,0,0,0,0
SUPER_Z,110000,0,0,0,0,0,0
SUPER_Z,120000,0,0,0,0,0,0
SUPER_Z,130000,0,0,0,0,0,0
SUPER_Z,140000,0,0,0,0,0,0
SUPER_Z,150000,0,0,0,0,0,0
SUPER_Z,160000,0,0,0,0,0,0
SUPER_Z,170000,0,0,0,0,0,0
SUPER_Z,180000,0,0,0,0,0,0
SUPER_Z,190000,0,0,0,0,0,0
SUPER_Z,200000,0,0,0,0,0,0
SUPER_Z,210000,0,0,0,0,0,0
SUPER_Z,220000,0,0,0,0,0,0
SUPER_Z,230000,0,0,0,0,0,0
SUPER_Z,240000,0,0,0,0,0,0
SUPER_Z,250000,0,0,0,0,0,0
SUPER_Z,260000,0,0,0,0,0,0
SUPER_Z,270000,0,0,0,0,0,0
SUPER_Z,280000,0,0,0,0,0,0
SUPER_Z,290000,0,0,0,0,0,0
SUPER_Z,300000,0,0,0,0,0,0
SUPER_Z,310000,0,0,0,0,0,0
SUPER_Z,320000,0,0,0,0,0,0
SUPER_Z,330000,0,0,0,0,0,0
SUPER_Z,340000,0,0,0,0,0,0
SUPER_Z,350000,0,0,0,0,0,0
SUPER_Z,360000,0,0,0,0,0,0
SUPER_Z,370000,0,0,0,0,0,0
SUPER_Z,380000,0,0,0,0,0,0
SUPER_Z,390000,0,0,0,0,0,0
SUPER_Z,400000,0,0,0,0,0,0
SUPER_Z,410000,0,0,0,0,0,0
SUPER_Z,420000,0,0,0,0,0,0
SUPER_Z,430000,0,0,0,0,0,0
SUPER_Z,440000,0,0,0,0,0,0
SUPER_Z,450000,0,0,0,0,0,0
SUPER_Z,460000,0,0,0,0,0,0
SUPER_Z,470000,0,0,0,0,0,0
SUPER_Z,480000,0,0,0,0,0,0
SUPER_Z,490000,0,0,0,0,0,0
SUPER_Z,500000,0,0,0,0,0,0
SUPER_Z,510000,1,5,8,14,0,1
SUPER_Z,520000,0,0,0,0,0,0
SUPER_Z,530000,0,0,0,0,0,0
SUPER_Z,540000,0,0,0,0,0,0
SUPER_Z,550000,0,0,0,0,0,0
SUPER_Z,560000,0,0,0,0,0,0
SUPER_Z,570000,0,0,0,0,0,0
SUPER_Z,580000,0,0,0,0,0,0
SUPER_Z,590000,0,0,0,0,0,0
SUPER_Z,600000,0,0,0,0,0,0
SUPER_Z,610000,0,0,0,0,0,0
SUPER_Z,620000,0,0,0,0,0,0
SUPER_Z,630000,0,0,0,0,0,0
SUPER_Z,640000,0,0,0,0,0,0
SUPER_Z,650000,0,0,0,0,0,0
SUPER_Z,660000,0,0,0,0,0,0
SUPER_Z,670000,0,0,0,0,0,0
SUPER_Z,680000,0,1,5,6,0,0
SUPER_Z,690000,0,0,0,0,0,0
SUPER_Z,700000,0,0,0,0,0,0
SUPER_Z,710000,0,0,0,0,0,0
SUPER_Z,720000,0,0,0,0,0,0
SUPER_Z,730000,0,0,0,0,0,0
SUPER_Z,740000,0,0,0,0,0,0
SUPER_Z,750000,0,0,0,0,0,0
SUPER_Z,760000,0,0,0,0,0,0
SUPER_Z,770000,0,1,2,3,0,0
SUPER_Z,780000,0,0,0,0,0,0
SUPER_Z,790000,0,0,0,0,0,0
SUPER_Z,800000,0,0,0,0,0,0
SUPER_Z,810000,0,0,0,0,0,0
SUPER_Z,820000,0,0,0,0,0,0
SUPER_Z,830000,1,1,1,3,0,1
SUPER_Z,840000,0,0,0,0,0,0
SUPER_Z,850000,0,0,0,0,0,0
SUPER_Z,860000,0,0,0,0,0,0
SUPER_Z,870000,0,0,0,0,0,0
SUPER_Z,880000,0,0,0,0,0,0
SUPER_Z,890000,0,0,0,0,0,0
SUPER_Z,900000,0,0,0,0,0,0
SUPER_Z,910000,0,4,0,4,0,0
SUPER_Z,920000,0,0,0,0,0,0
SUPER_Z,930000,0,0,0,0,0,0
SUPER_Z,940000,0,0,0,0,0,0
SUPER_Z,950000,0,0,0,0,0,0
SUPER_Z,960000,0,0,0,0,0,0
SUPER_Z,970000,0,0,0,0,0,0
SUPER_Z,980000,0,0,0,0,0,0
SUPER_Z,990000,0,0,0,0,0,0
SUPER_Z,1000000,0,0,0,0,0,0
SUPER_Z,1010000,0,0,0,0,0,0
SUPER_Z,1020000,0,0,0,0,0,0
SUPER_Z,1030000,0,0,0,0,0,0
SUPER_Z,1040000,0,0,0,0,0,0
SUPER_Z,1050000,0,0,0,0,0,0
SUPER_Z,1060000,0,0,0,0,0,0
SUPER_Z,1070000,0,0,0,0,0,0
SUPER_Z,1080000,0,0,0,0,0,0
SUPER_Z,1090000,0,0,0,0,0,0
SUPER_Z,1100000,0,0,0,0,0,0
SUPER_Z,1110000,0,0,0,0,0,0
SUPER_Z,1120000,0,0,0,0,0,0
SUPER_Z,1130000,0,0,0,0,0,0
SUPER_Z,1140000,0,0,0,0,0,0
SUPER_Z,1150000,0,0,0,0,0,0
SUPER_Z,1160000,0,0,0,0,0,0
SUPER_Z,1170000,0,0,0,0,0,0
SUPER_Z,1180000,0,0,0,0,0,0
SUPER_Z,1190000,0,0,0,0,0,0
SUPER_Z,1200000,0,0,0,0,0,0
SUPER_Z,1210000,0,0,0,0,0,0
SUPER_Z,1220000,0,0,0,0,0,0
SUPER_Z,1230000,0,0,0,0,0,0
SUPER_Z,1240000,0,0,0,0,0,0
SUPER_Z,1250000,0,0,0,0,0,0
SUPER_Z,1260000,0,0,0,0,0,0
SUPER_Z,1270000,0,0,0,0,0,0
SUPER_Z,1280000,0,0,0,0,0,0
SUPER_Z,1290000,0,0,0,0,0,0
SUPER_Z,1300000,0,0,0,0,0,0
SUPER_Z,1310000,0,0,0,0,0,0
SUPER_Z,1320000,0,0,0,0,0,0
SUPER_Z,1330000,0,0,0,0,0,0
SUPER_Z,1340000,0,0,0,0,0,0
SUPER_Z,1350000,0,0,0,0,0,0
SUPER_Z,1360000,0,0,0,0,0,0
SUPER_Z,1370000,0,0,0,0,0,0
SUPER_Z,1380000,0,0,0,0,0,0
SUPER_Z,1390000,0,0,0,0,0,0
SUPER_Z,1400000,0,0,0,0,0,0
SUPER_Z,1410000,0,0,0,0,0,0
SUPER_Z,1420000,0,0,0,0,0,0
SUPER_Z,1430000,0,0,0,0,0,0
SUPER_Z,1440000,0,0,0,0,0,0
SUPER_Z,1450000,0,0,0,0,0,0
SUPER_Z,1460000,0,0,0,0,0,0
SUPER_Z,1470000,0,0,0,0,0,0
SUPER_Z,1480000,0,0,0,0,0,0
SUPER_Z,1490000,0,0,0,0,0,0
SUPER_Z,1500000,0,0,0,0,0,0
SUPER_Z,1510000,0,0,0,0,0,0
SUPER_Z,1520000,0,7,11,18,0,0
SUPER_Z,1530000,0,0,0,0,0,0
SUPER_Z,1540000,0,0,0,0,0,0
SUPER_Z,1550000,0,0,0,0,0,0
SUPER_Z,1560000,0,2,0,2,0,0
SUPER_Z,1570000,0,0,0,0,0,0
SUPER_Z,1580000,0,0,0,0,0,0
SUPER_Z,1590000,0,0,0,0,0,0
SUPER_Z,1600000,0,0,0,0,0,0
SUPER_Z,1610000,0,0,0,0,0,0
SUPER_Z,1620000,0,1,2,3,0,0
SUPER_Z,1630000,0,0,1,1,0,0
SUPER_Z,1640000,0,0,0,0,0,0
SUPER_Z,1650000,0,0,0,0,0,0
SUPER_Z,1660000,0,0,0,0,0,0
SUPER_Z,1670000,0,0,0,0,0,0
SUPER_Z,1680000,0,0,0,0,0,0
SUPER_Z,1690000,0,0,0,0,0,0
SUPER_Z,1700000,0,0,0,0,0,0
SUPER_Z,1710000,0,0,0,0,0,0
SUPER_Z,1720000,0,0,0,0,0,0
SUPER_Z,1730000,0,0,0,0,0,0
SUPER_Z,1740000,0,0,0,0,0,0
SUPER_Z,1750000,0,0,0,0,0,0
SUPER_Z,1760000,0,0,0,0,0,0
SUPER_Z,1770000,0,0,0,0,0,0
SUPER_Z,1780000,0,0,0,0,0,0
SUPER_Z,1790000,0,0,0,0,0,0
SUPER_Z,1800000,0,0,0,0,0,0
SUPER_Z,1810000,0,0,0,0,0,0
SUPER_Z,1820000,0,0,0,0,0,0
SUPER_Z,1830000,0,0,0,0,0,0
SUPER_Z,1840000,0,0,0,0,0,0
SUPER_Z,1850000,0,0,0,0,0,0
SUPER_Z,1860000,0,0,0,0,0,0
SUPER_Z,1870000,0,0,0,0,0,0
SUPER_Z,1880000,0,0,0,0,0,0
SUPER_Z,1890000,0,0,0,0,0,0
SUPER_Z,1900000,0,0,0,0,0,0
SUPER_Z,1910000,0,0,0,0,0,0
SUPER_Z,1920000,0,0,0,0,0,0
SUPER_Z,1930000,0,0,0,0,0,0
SUPER_Z,1940000,0,0,0,0,0,0
SUPER_Z,1950000,0,0,0,0,0,0
SUPER_Z,1960000,0,0,0,0,0,0
SUPER_Z,1970000,0,0,0,0,0,0
SUPER_Z,1980000,0,0,0,0,0,0
SUPER_Z,1990000,0,0,0,0,0,0
SUPER_Z,2000000,0,0,0,0,0,0
SUPER_Z,2010000,0,0,0,0,0,0
SUPER_Z,2020000,0,0,0,0,0,0
SUPER_Z,2030000,0,0,0,0,0,0
SUPER_Z,2040000,0,0,0,0,0,0
SUPER_Z,2050000,0,0,0,0,0,0
SUPER_Z,2060000,0,0,0,0,0,0
SUPER_Z,2070000,0,0,0,0,0,0
SUPER_Z,2080000,0,0,0,0,0,0
SUPER_Z,2090000,0,0,0,0,0,0
SUPER_Z,2100000,0,0,0,0,0,0
SUPER_Z,2110000,0,0,0,0,0,0
SUPER_Z,2120000,0,0,0,0,0,0
SUPER_Z,2130000,0,0,0,0,0,0
SUPER_Z,2140000,0,0,0,0,0,0
SUPER_Z,2150000,0,0,0,0,0,0
SUPER_Z,2160000,0,0,0,0,0,0
SUPER_Z,2170000,0,0,0,0,0,0
SUPER_Z,2180000,0,0,0,0,0,0
SUPER_Z,2190000,0,0,0,0,0,0
SUPER_Z,2200000,0,0,0,0,0,0
SUPER_Z,2210000,0,0,0,0,0,0
SUPER_Z,2220000,0,8,8,16,0,0
SUPER_Z,2230000,0,0,0,0,0,0
SUPER_Z,2240000,0,0,0,0,0,0
SUPER_Z,2250000,0,0,0,0,0,0
SUPER_Z,2260000,0,0,0,0,0,0
SUPER_Z,2270000,0,0,0,0,0,0
SUPER_Z,2280000,0,0,0,0,0,0
SUPER_Z,2290000,0,0,0,0,0,0
SUPER_Z,2300000,0,0,0,0,0,0
SUPER_Z,2310000,0,0,0,0,0,0
SUPER_Z,2320000,0,0,0,0,0,0
SUPER_Z,2330000,0,0,0,0,0,0
SUPER_Z,2340000,0,0,0,0,0,0
SUPER_Z,2350000,0,0,0,0,0,0
SUPER_Z,2360000,0,0,0,0,0,0
SUPER_Z,2370000,0,0,0,0,0,0
SUPER_Z,2380000,0,0,0,0,0,0
SUPER_Z,2390000,0,0,0,0,0,0
SUPER_Z,2400000,0,0,0,0,0,0
SUPER_Z,2410000,0,0,0,0,0,0
SUPER_Z,2420000,0,0,0,0,0,0
SUPER_Z,2430000,0,0,0,0,0,0
SUPER_Z,2440000,0,0,0,0,0,0
SUPER_Z,2450000,0,0,0,0,0,0
SUPER_Z,2460000,0,0,0,0,0,0
SUPER_Z,2470000,0,0,0,0,0,0
SUPER_Z,2480000,0,0,0,0,0,0
SUPER_Z,2490000,0,0,0,0,0,0
SUPER_Z,2500000,0,0,0,0,0,0
SUPER_Z,2510000,0,0,0,0,0,0
SUPER_Z,2520000,0,0,0,0,0,0
SUPER_Z,2530000,0,0,0,0,0,0
SUPER_Z,2540000,0,0,0,0,0,0
SUPER_Z,2550000,0,0,0,0,0,0
SUPER_Z,2560000,0,0,0,0,0,0
SUPER_Z,2570000,0,0,0,0,0,0
SUPER_Z,2580000,0,0,0,0,0,0
SUPER_Z,2590000,0,0,0,0,0,0
SUPER_Z,2600000,0,0,0,0,0,0
SUPER_Z,2610000,0,0,0,0,0,0
SUPER_Z,2620000,0,0,0,0,0,0
SUPER_Z,2630000,0,0,0,0,0,0
SUPER_Z,2640000,0,6,2,8,0,0
SUPER_Z,2650000,0,0,1,1,0,0
SUPER_Z,2660000,0,0,0,0,0,0
SUPER_Z,2670000,0,0,0,0,0,0
SUPER_Z,2680000,0,0,0,0,0,0
SUPER_Z,2690000,0,0,0,0,0,0
SUPER_Z,2700000,0,0,0,0,0,0
SUPER_Z,2710000,2,2,1,5,1,1
SUPER_Z,2720000,0,0,0,0,0,0
SUPER_Z,2730000,0,0,0,0,0,0
SUPER_Z,2740000,0,0,0,0,0,0
SUPER_Z,2750000,0,0,0,0,0,0
SUPER_Z,2760000,0,0,0,0,0,0
SUPER_Z,2770000,0,0,0,0,0,0
SUPER_Z,2780000,0,0,0,0,0,0
SUPER_Z,2790000,0,0,0,0,0,0
SUPER_Z,2800000,0,0,0,0,0,0
SUPER_Z,2810000,0,0,0,0,0,0
SUPER_Z,2820000,0,0,0,0,0,0
SUPER_Z,2830000,0,0,0,0,0,0
SUPER_Z,2840000,0,0,0,0,0,0
SUPER_Z,2850000,0,0,0,0,0,0
SUPER_Z,2860000,0,0,0,0,0,0
SUPER_Z,2870000,0,0,0,0,0,0
SUPER_Z,2880000,0,0,0,0,0,0
SUPER_Z,2890000,0,0,0,0,0,0
SUPER_Z,2900000,0,0,0,0,0,0
SUPER_Z,2910000,0,0,0,0,0,0
SUPER_Z,2920000,0,0,0,0,0,0
SUPER_Z,2930000,0,0,0,0,0,0
SUPER_Z,2940000,0,0,0,0,0,0
SUPER_Z,2950000,0,0,0,0,0,0
SUPER_Z,2960000,0,0,0,0,0,0
SUPER_Z,2970000,0,0,0,0,0,0
SUPER_Z,2980000,0,0,0,0,0,0
SUPER_Z,2990000,0,0,0,0,0,0
SUPER_Z,3000000,0,0,0,0,0,0
SUPER_Z,3010000,0,0,0,0,0,0
SUPER_Z,3020000,0,0,0,0,0,0
SUPER_Z,3030000,0,0,0,0,0,0
SUPER_Z,3040000,0,0,0,0,0,0
SUPER_Z,3050000,0,0,0,0,0,0
SUPER_Z,3060000,0,0,0,0,0,0
SUPER_Z,3070000,0,0,0,0,0,0
SUPER_Z,3080000,0,0,0,0,0,0
SUPER_Z,3090000,0,0,0,0,0,0
SUPER_Z,3100000,0,0,0,0,0,0
SUPER_Z,3110000,0,0,0,0,0,0
SUPER_Z,3120000,0,0,0,0,0,0
SUPER_Z,3130000,0,0,0,0,0,0
SUPER_Z,3140000,0,0,0,0,0,0
SUPER_Z,3150000,0,0,0,0,0,0
SUPER_Z,3160000,0,0,0,0,0,0
SUPER_Z,3170000,0,0,0,0,0,0
SUPER_Z,3180000,0,0,0,0,0,0
SUPER_Z,3190000,0,0,0,0,0,0
SUPER_Z,3200000,0,0,0,0,0,0
SUPER_Z,3210000,0,0,0,0,0,0
SUPER_Z,3220000,0,0,0,0,0,0
SUPER_Z,3230000,0,0,0,0,0,0
SUPER_Z,3240000,0,0,0,0,0,0
SUPER_Z,3250000,0,0,0,0,0,0
SUPER_Z,3260000,0,0,0,0,0,0
SUPER_Z,3270000,0,0,0,0,0,0
SUPER_Z,3280000,0,0,0,0,0,0
SUPER_Z,3290000,0,0,0,0,0,0
SUPER_Z,3300000,0,0,0,0,0,0
SUPER_Z,3310000,0,0,0,0,0,0
SUPER_Z,3320000,0,0,0,0,0,0
SUPER_Z,3330000,0,0,0,0,0,0
SUPER_Z,3340000,0,0,0,0,0,0
SUPER_Z,3350000,0,0,0,0,0,0
SUPER_Z,3360000,0,0,0,0,0,0
SUPER_Z,3370000,0,0,0,0,0,0
SUPER_Z,3380000,0,0,0,0,0,0
SUPER_Z,3390000,0,0,0,0,0,0
SUPER_Z,3400000,0,0,0,0,0,0
SUPER_Z,3410000,0,0,0,0,0,0
SUPER_Z,3420000,0,0,0,0,0,0
SUPER_Z,3430000,0,0,0,0,0,0
SUPER_Z,3440000,0,0,0,0,0,0
SUPER_Z,3450000,0,0,0,0,0,0
SUPER_Z,3460000,0,0,0,0,0,0
SUPER_Z,3470000,0,0,0,0,0,0
SUPER_Z,3480000,0,0,0,0,0,0
SUPER_Z,3490000,0,0,0,0,0,0
SUPER_Z,3500000,0,0,0,0,0,0
SUPER_Z,3510000,0,0,0,0,0,0
SUPER_Z,3520000,0,0,0,0,0,0
SUPER_Z,3530000,0,0,0,0,0,0
SUPER_Z,3540000,0,0,0,0,0,0
SUPER_Z,3550000,0,0,0,0,0,0
SUPER_Z,3560000,0,0,0,0,0,0
SUPER_Z,3570000,0,0,0,0,0,0
SUPER_Z,3580000,0,0,0,0,0,0
SUPER_Z,3590000,0,0,0,0,0,0
SUPER_Z,3600000,0,0,0,0,0,0
SUPER_Z,3610000,0,0,0,0,0,0
SUPER_Z,3620000,0,0,0,0,0,0
SUPER_Z,3630000,0,0,0,0,0,0
SUPER_Z,3640000,0,0,0,0,0,0
SUPER_Z,3650000,0,0,0,0,0,0
SUPER_Z,3660000,0,0,0,0,0,0
SUPER_Z,3670000,0,0,0,0,0,0
SUPER_Z,3680000,0,0,0,0,0,0
SUPER_Z,3690000,0,0,0,0,0,0
SUPER_Z,3700000,0,0,0,0,0,0
SUPER_Z,3710000,0,0,0,0,0,0
SUPER_Z,3720000,0,0,0,0,0,0
SUPER_Z,3730000,0,0,0,0,0,0
SUPER_Z,3740000,0,0,0,0,0,0
SUPER_Z,3750000,0,0,0,0,0,0
SUPER_Z,3760000,0,0,0,0,0,0
SUPER_Z,3770000,0,0,0,0,0,0
SUPER_Z,3780000,0,0,0,0,0,0
SUPER_Z,3790000,0,0,0,0,0,0
SUPER_Z,3800000,0,0,0,0,0,0
SUPER_Z,3810000,0,0,0,0,0,0
SUPER_Z,3820000,0,0,0,0,0,0
SUPER_Z,3830000,0,0,0,0,0,0
SUPER_Z,3840000,0,0,0,0,0,0
SUPER_Z,3850000,0,0,0,0,0,0
SUPER_Z,3860000,0,0,0,0,0,0
SUPER_Z,3870000,0,0,0,0,0,0
SUPER_Z,3880000,0,0,0,0,0,0
SUPER_Z,3890000,0,0,0,0,0,0
SUPER_Z,3900000,0,0,0,0,0,0
SUPER_Z,3910000,0,0,0,0,0,0
SUPER_Z,3920000,0,0,0,0,0,0
SUPER_Z,3930000,0,0,0,0,0,0
SUPER_Z,3940000,0,0,0,0,0,0
SUPER_Z,3950000,0,0,0,0,0,0
SUPER_Z,3960000,0,0,0,0,0,0
SUPER_Z,3970000,0,0,0,0,0,0
SUPER_Z,3980000,0,0,0,0,0,0
SUPER_Z,3990000,0,0,0,0,0,0
SUPER_Z,4000000,0,0,0,0,0,0
SUPER_Z,4010000,0,0,0,0,0,0
SUPER_Z,4020000,0,0,0,0,0,0
SUPER_Z,4030000,0,0,0,0,0,0
SUPER_Z,4040000,0,0,0,0,0,0
SUPER_Z,4050000,0,0,0,0,0,0
SUPER_Z,4060000,3,17,6,26,2,1
SUPER_Z,4070000,0,2,0,2,0,0
SUPER_Z,4080000,0,1,0,1,0,0
SUPER_Z,4090000,0,0,0,0,0,0
SUPER_Z,4100000,0,0,0,0,0,0
SUPER_Z,4110000,0,2,0,2,0,0
SUPER_Z,4120000,0,0,0,0,0,0
SUPER_Z,4130000,0,0,0,0,0,0
SUPER_Z,4140000,0,0,0,0,0,0
SUPER_Z,4150000,0,0,0,0,0,0
SUPER_Z,4160000,0,0,0,0,0,0
SUPER_Z,4170000,0,0,0,0,0,0
SUPER_Z,4180000,0,0,0,0,0,0
SUPER_Z,4190000,0,0,0,0,0,0
SUPER_Z,4200000,0,0,0,0,0,0
SUPER_Z,4210000,0,0,0,0,0,0
SUPER_Z,4220000,0,1,1,2,0,0
SUPER_Z,4230000,0,1,0,1,0,0
SUPER_Z,4240000,0,0,0,0,0,0
SUPER_Z,4250000,0,0,0,0,0,0
SUPER_Z,4260000,0,0,0,0,0,0
SUPER_Z,4270000,0,0,0,0,0,0
SUPER_Z,4280000,0,0,0,0,0,0
SUPER_Z,4290000,0,0,0,0,0,0
SUPER_Z,4300000,0,0,0,0,0,0
SUPER_Z,4310000,0,0,0,0,0,0
SUPER_Z,4320000,0,2,1,3,0,0
SUPER_Z,4330000,0,1,0,1,0,0
SUPER_Z,4340000,0,0,0,0,0,0
SUPER_Z,4350000,0,0,0,0,0,0
SUPER_Z,4360000,0,0,0,0,0,0
SUPER_Z,4370000,0,0,0,0,0,0
SUPER_Z,4380000,0,0,0,0,0,0
SUPER_Z,4390000,0,0,0,0,0,0
SUPER_Z,4400000,0,0,0,0,0,0
SUPER_Z,4410000,0,0,0,0,0,0
SUPER_Z,4420000,0,0,0,0,0,0
SUPER_Z,4430000,0,0,0,0,0,0
SUPER_Z,4440000,0,3,2,5,0,0
SUPER_Z,4450000,0,0,0,0,0,0
SUPER_Z,4460000,0,0,0,0,0,0
SUPER_Z,4470000,0,0,0,0,0,0
SUPER_Z,4480000,0,0,0,0,0,0
SUPER_Z,4490000,0,0,0,0,0,0
SUPER_Z,4500000,0,0,0,0,0,0
SUPER_Z,4510000,0,0,0,0,0,0
SUPER_Z,4520000,0,0,0,0,0,0
SUPER_Z,4530000,0,0,0,0,0,0
SUPER_Z,4540000,0,0,0,0,0,0
SUPER_Z,4550000,0,0,0,0,0,0
SUPER_Z,4560000,0,0,0,0,0,0
SUPER_Z,4570000,0,0,0,0,0,0
SUPER_Z,4580000,0,0,0,0,0,0
SUPER_Z,4590000,0,0,0,0,0,0
SUPER_Z,4600000,0,0,0,0,0,0
SUPER_Z,4610000,0,0,0,0,0,0
SUPER_Z,4620000,0,0,0,0,0,0
SUPER_Z,4630000,0,0,0,0,0,0
SUPER_Z,4640000,0,0,0,0,0,0
SUPER_Z,4650000,1,3,4,8,0,1
SUPER_Z,4660000,0,0,1,1,0,0
SUPER_Z,4670000,0,1,0,1,0,0
SUPER_Z,4680000,0,0,0,0,0,0
SUPER_Z,4690000,0,0,0,0,0,0
SUPER_Z,4700000,0,0,0,0,0,0
SUPER_Z,4710000,0,0,0,0,0,0
SUPER_Z,4720000,0,0,0,0,0,0
SUPER_Z,4730000,0,0,0,0,0,0
SUPER_Z,4740000,0,0,0,0,0,0
SUPER_Z,4750000,0,0,0,0,0,0
SUPER_Z,4760000,0,0,0,0,0,0
SUPER_Z,4770000,0,0,0,0,0,0
SUPER_Z,4780000,0,0,0,0,0,0
SUPER_Z,4790000,0,0,0,0,0,0
SUPER_Z,4800000,0,0,0,0,0,0
SUPER_Z,4810000,0,0,0,0,0,0
SUPER_Z,4820000,0,0,0,0,0,0
SUPER_Z,4830000,0,0,0,0,0,0
SUPER_Z,4840000,0,0,0,0,0,0
SUPER_Z,4850000,0,0,0,0,0,0
SUPER_Z,4860000,0,0,0,0,0,0
SUPER_Z,4870000,0,0,0,0,0,0
SUPER_Z,4880000,0,0,0,0,0,0
SUPER_Z,4890000,0,0,0,0,0,0
SUPER_Z,4900000,0,0,0,0,0,0
SUPER_Z,4910000,0,0,0,0,0,0
SUPER_Z,4920000,0,0,0,0,0,0
SUPER_Z,4930000,0,0,0,0,0,0
SUPER_Z,4940000,0,0,0,0,0,0
SUPER_Z,4950000,0,0,0,0,0,0
SUPER_Z,4960000,0,0,0,0,0,0
SUPER_Z,4970000,0,0,0,0,0,0
SUPER_Z,4980000,0,0,0,0,0,0
SUPER_Z,4990000,0,0,0,0,0,0
SUPER_Z,5000000,0,0,0,0,0,0
SUPER_Z,5010000,0,0,0,0,0,0
SUPER_Z,5020000,0,0,0,0,0,0
SUPER_Z,5030000,0,0,0,0,0,0
SUPER_Z,5040000,0,0,0,0,0,0
SUPER_Z,5050000,0,0,0,0,0,0
SUPER_Z,5060000,0,0,0,0,0,0
SUPER_Z,5070000,0,0,0,0,0,0
SUPER_Z,5080000,0,0,0,0,0,0
SUPER_Z,5090000,0,0,0,0,0,0
SUPER_Z,5100000,0,0,0,0,0,0
SUPER_Z,5110000,0,0,0,0,0,0
SUPER_Z,5120000,0,0,0,0,0,0
SUPER_Z,5130000,0,0,0,0,0,0
SUPER_Z,5140000,0,0,0,0,0,0
SUPER_Z,5150000,0,0,0,0,0,0
SUPER_Z,5160000,0,0,0,0,0,0
SUPER_Z,5170000,0,0,0,0,0,0
SUPER_Z,5180000,0,0,0,0,0,0
SUPER_Z,5190000,0,0,0,0,0,0
SUPER_Z,5200000,0,0,0,0,0,0
SUPER_Z,5210000,0,0,0,0,0,0
SUPER_Z,5220000,0,0,0,0,0,0
SUPER_Z,5230000,0,0,0,0,0,0
SUPER_Z,5240000,0,0,0,0,0,0
SUPER_Z,5250000,0,0,0,0,0,0
SUPER_Z,5260000,0,0,0,0,0,0
SUPER_Z,5270000,0,0,0,0,0,0
SUPER_Z,5280000,0,0,0,0,0,0
SUPER_Z,5290000,0,0,0,0,0,0
SUPER_Z,5300000,0,0,0,0,0,0
SUPER_Z,5310000,0,0,0,0,0,0
SUPER_Z,5320000,0,0,0,0,0,0
SUPER_Z,5330000,0,0,0,0,0,0
SUPER_Z,5340000,0,0,0,0,0,0
SUPER_Z,5350000,0,0,0,0,0,0
SUPER_Z,5360000,0,0,0,0,0,0
SUPER_Z,5370000,0,0,0,0,0,0
SUPER_Z,5380000,0,0,0,0,0,0
SUPER_Z,5390000,0,0,0,0,0,0
SUPER_Z,5400000,0,0,0,0,0,0
SUPER_Z,5410000,0,0,0,0,0,0
SUPER_Z,5420000,0,0,0,0,0,0
SUPER_Z,5430000,0,0,0,0,0,0
SUPER_Z,5440000,0,0,0,0,0,0
SUPER_Z,5450000,0,0,0,0,0,0
SUPER_Z,5460000,0,0,0,0,0,0
SUPER_Z,5470000,0,0,0,0,0,0
SUPER_Z,5480000,0,0,0,0,0,0
SUPER_Z,5490000,0,0,0,0,0,0
SUPER_Z,5500000,0,0,0,0,0,0
SUPER_Z,5510000,0,0,0,0,0,0
SUPER_Z,5520000,0,0,0,0,0,0
SUPER_Z,5530000,0,0,0,0,0,0
SUPER_Z,5540000,6,17,5,28,0,6
SUPER_Z,5550000,0,2,0,2,0,0
SUPER_Z,5560000,0,0,0,0,0,0
SUPER_Z,5570000,0,0,0,0,0,0
SUPER_Z,5580000,0,0,0,0,0,0
SUPER_Z,5590000,0,0,0,0,0,0
SUPER_Z,5600000,0,0,0,0,0,0
SUPER_Z,5610000,0,0,0,0,0,0
SUPER_Z,5620000,0,0,0,0,0,0
SUPER_Z,5630000,0,0,0,0,0,0
SUPER_Z,5640000,0,0,0,0,0,0
SUPER_Z,5650000,0,0,0,0,0,0
SUPER_Z,5660000,0,3,1,4,0,0
SUPER_Z,5670000,0,2,0,2,0,0
SUPER_Z,5680000,0,0,0,0,0,0
SUPER_Z,5690000,0,0,0,0,0,0
SUPER_Z,5700000,0,0,0,0,0,0
SUPER_Z,5710000,0,0,0,0,0,0
SUPER_Z,5720000,0,0,0,0,0,0
SUPER_Z,5730000,0,3,0,3,0,0
SUPER_Z,5740000,0,0,0,0,0,0
SUPER_Z,5750000,0,0,0,0,0,0
SUPER_Z,5760000,0,0,0,0,0,0
SUPER_Z,5770000,0,0,0,0,0,0
SUPER_Z,5780000,0,0,0,0,0,0
SUPER_Z,5790000,0,0,0,0,0,0
SUPER_Z,5800000,0,0,0,0,0,0
SUPER_Z,5810000,0,0,0,0,0,0
SUPER_Z,5820000,0,0,0,0,0,0
SUPER_Z,5830000,0,0,0,0,0,0
SUPER_Z,5840000,0,0,0,0,0,0
SUPER_Z,5850000,0,0,0,0,0,0
SUPER_Z,5860000,0,0,0,0,0,0
SUPER_Z,5870000,0,0,0,0,0,0
SUPER_Z,5880000,0,0,0,0,0,0
SUPER_Z,5890000,0,0,0,0,0,0
SUPER_Z,5900000,0,0,0,0,0,0
SUPER_Z,5910000,0,0,0,0,0,0
SUPER_Z,5920000,0,0,0,0,0,0
SUPER_Z,5930000,0,0,0,0,0,0
SUPER_Z,5940000,0,0,0,0,0,0
SUPER_Z,5950000,0,0,0,0,0,0
SUPER_Z,5960000,0,0,0,0,0,0
SUPER_Z,5970000,0,0,0,0,0,0
SUPER_Z,5980000,0,0,0,0,0,0
SUPER_Z,5990000,0,0,0,0,0,0
SUPER_Z,6000000,0,0,0,0,0,0
SUPER_Z,6010000,0,0,0,0,0,0
SUPER_Z,6020000,3,5,4,12,1,2
SUPER_Z,6030000,0,0,0,0,0,0
SUPER_Z,6040000,0,0,0,0,0,0
SUPER_Z,6050000,0,0,0,0,0,0
SUPER_Z,6060000,0,0,0,0,0,0
SUPER_Z,6070000,0,0,0,0,0,0
SUPER_Z,6080000,0,0,0,0,0,0
SUPER_Z,6090000,0,0,0,0,0,0
SUPER_Z,6100000,0,0,0,0,0,0
SUPER_Z,6110000,0,0,0,0,0,0
SUPER_Z,6120000,0,0,0,0,0,0
SUPER_Z,6130000,0,0,0,0,0,0
SUPER_Z,6140000,0,0,0,0,0,0
SUPER_Z,6150000,0,0,0,0,0,0
SUPER_Z,6160000,0,0,0,0,0,0
SUPER_Z,6170000,0,0,0,0,0,0
SUPER_Z,6180000,0,0,0,0,0,0
SUPER_Z,6190000,0,0,0,0,0,0
SUPER_Z,6200000,0,0,0,0,0,0
SUPER_Z,6210000,0,0,0,0,0,0
SUPER_Z,6220000,0,0,0,0,0,0
SUPER_Z,6230000,0,0,0,0,0,0
SUPER_Z,6240000,0,0,0,0,0,0
SUPER_Z,6250000,0,0,0,0,0,0
SUPER_Z,6260000,0,0,0,0,0,0
SUPER_Z,6270000,0,0,0,0,0,0
SUPER_Z,6280000,0,0,0,0,0,0
SUPER_Z,6290000,0,0,0,0,0,0
SUPER_Z,6300000,0,0,0,0,0,0
SUPER_Z,6310000,0,0,0,0,0,0
SUPER_Z,6320000,0,0,0,0,0,0
SUPER_Z,6330000,0,0,0,0,0,0
SUPER_Z,6340000,0,0,0,0,0,0
SUPER_Z,6350000,0,0,0,0,0,0
SUPER_Z,6360000,0,0,0,0,0,0
SUPER_Z,6370000,0,0,0,0,0,0
SUPER_Z,6380000,0,0,0,0,0,0
SUPER_Z,6390000,0,0,0,0,0,0
SUPER_Z,6400000,0,0,0,0,0,0
SUPER_Z,6410000,0,0,0,0,0,0
SUPER_Z,6420000,3,5,6,14,0,3
SUPER_Z,6430000,0,0,0,0,0,0
SUPER_Z,6440000,0,0,0,0,0,0
SUPER_Z,6450000,0,0,0,0,0,0
SUPER_Z,6460000,0,0,0,0,0,0
SUPER_Z,6470000,0,0,0,0,0,0
SUPER_Z,6480000,0,0,0,0,0,0
SUPER_Z,6490000,0,0,0,0,0,0
SUPER_Z,6500000,0,0,0,0,0,0
SUPER_Z,6510000,0,0,0,0,0,0
SUPER_Z,6520000,0,0,0,0,0,0
SUPER_Z,6530000,0,0,0,0,0,0
SUPER_Z,6540000,0,0,0,0,0,0
SUPER_Z,6550000,0,0,0,0,0,0
SUPER_Z,6560000,0,0,0,0,0,0
SUPER_Z,6570000,0,0,0,0,0,0
SUPER_Z,6580000,0,0,0,0,0,0
SUPER_Z,6590000,0,0,0,0,0,0
SUPER_Z,6600000,0,0,0,0,0,0
SUPER_Z,6610000,0,0,0,0,0,0
SUPER_Z,6620000,0,0,0,0,0,0
SUPER_Z,6630000,0,0,0,0,0,0
SUPER_Z,6640000,0,0,0,0,0,0
SUPER_Z,6650000,0,0,0,0,0,0
SUPER_Z,6660000,0,0,0,0,0,0
SUPER_Z,6670000,0,0,0,0,0,0
SUPER_Z,6680000,0,0,0,0,0,0
SUPER_Z,6690000,0,0,0,0,0,0
SUPER_Z,6700000,0,0,0,0,0,0
SUPER_Z,6710000,0,0,0,0,0,0
SUPER_Z,6720000,0,0,0,0,0,0
SUPER_Z,6730000,0,0,0,0,0,0
SUPER_Z,6740000,0,0,0,0,0,0
SUPER_Z,6750000,0,0,0,0,0,0
SUPER_Z,6760000,0,0,0,0,0,0
SUPER_Z,6770000,0,0,0,0,0,0
SUPER_Z,6780000,0,0,0,0,0,0
SUPER_Z,6790000,0,0,0,0,0,0
SUPER_Z,6800000,0,0,0,0,0,0
SUPER_Z,6810000,0,0,0,0,0,0
SUPER_Z,6820000,0,0,0,0,0,0
SUPER_Z,6830000,0,0,0,0,0,0
SUPER_Z,6840000,0,0,0,0,0,0
SUPER_Z,6850000,0,0,0,0,0,0
SUPER_Z,6860000,0,0,0,0,0,0
SUPER_Z,6870000,0,0,0,0,0,0
SUPER_Z,6880000,0,0,0,0,0,0
SUPER_Z,6890000,0,0,0,0,0,0
SUPER_Z,6900000,0,0,0,0,0,0
SUPER_Z,6910000,0,0,0,0,0,0
SUPER_Z,6920000,0,0,0,0,0,0
SUPER_Z,6930000,0,3,8,11,0,0
SUPER_Z,6940000,0,0,0,0,0,0
SUPER_Z,6950000,0,0,0,0,0,0
SUPER_Z,6960000,0,0,0,0,0,0
SUPER_Z,6970000,0,0,0,0,0,0
SUPER_Z,6980000,0,0,0,0,0,0
SUPER_Z,6990000,0,2,0,2,0,0
SUPER_Z,7000000,0,0,0,0,0,0
SUPER_Z,7010000,0,0,0,0,0,0
SUPER_Z,7020000,0,0,0,0,0,0
SUPER_Z,7030000,0,0,0,0,0,0
SUPER_Z,7040000,0,0,0,0,0,0
SUPER_Z,7050000,0,0,0,0,0,0
SUPER_Z,7060000,0,0,0,0,0,0
SUPER_Z,7070000,0,0,0,0,0,0
SUPER_Z,7080000,0,0,0,0,0,0
SUPER_Z,7090000,0,0,0,0,0,0
SUPER_Z,7100000,0,0,0,0,0,0
SUPER_Z,7110000,0,1,4,5,0,0
SUPER_Z,7120000,0,0,0,0,0,0
SUPER_Z,7130000,0,0,0,0,0,0
SUPER_Z,7140000,0,0,0,0,0,0
SUPER_Z,7150000,0,0,0,0,0,0
SUPER_Z,7160000,0,0,0,0,0,0
SUPER_Z,7170000,0,0,0,0,0,0
SUPER_Z,7180000,0,0,0,0,0,0
SUPER_Z,7190000,0,0,0,0,0,0
SUPER_Z,7200000,0,0,0,0,0,0
SUPER_Z,7210000,0,0,0,0,0,0
SUPER_Z,7220000,0,0,0,0,0,0
SUPER_Z,7230000,0,0,0,0,0,0
SUPER_Z,7240000,0,0,0,0,0,0
SUPER_Z,7250000,0,0,0,0,0,0
SUPER_Z,7260000,0,0,0,0,0,0
SUPER_Z,7270000,0,0,0,0,0,0
SUPER_Z,7280000,0,0,0,0,0,0
SUPER_Z,7290000,0,0,0,0,0,0
SUPER_Z,7300000,0,0,0,0,0,0
SUPER_Z,7310000,0,0,0,0,0,0
SUPER_Z,7320000,0,0,0,0,0,0
SUPER_Z,7330000,0,0,0,0,0,0
SUPER_Z,7340000,0,0,0,0,0,0
SUPER_Z,7350000,0,0,0,0,0,0
SUPER_Z,7360000,0,0,0,0,0,0
SUPER_Z,7370000,0,0,0,0,0,0
SUPER_Z,7380000,0,0,0,0,0,0
SUPER_Z,7390000,0,0,0,0,0,0
SUPER_Z,7400000,0,0,0,0,0,0
SUPER_Z,7410000,0,0,0,0,0,0
SUPER_Z,7420000,0,0,0,0,0,0
SUPER_Z,7430000,0,0,0,0,0,0
SUPER_Z,7440000,0,0,0,0,0,0
SUPER_Z,7450000,0,0,0,0,0,0
SUPER_Z,7460000,0,0,0,0,0,0
SUPER_Z,7470000,0,0,0,0,0,0
SUPER_Z,7480000,0,0,0,0,0,0
SUPER_Z,7490000,0,0,0,0,0,0
SUPER_Z,7500000,0,0,0,0,0,0
SUPER_Z,7510000,0,0,0,0,0,0
SUPER_Z,7520000,0,0,0,0,0,0
SUPER_Z,7530000,0,0,0,0,0,0
SUPER_Z,7540000,0,0,0,0,0,0
SUPER_Z,7550000,0,0,0,0,0,0
SUPER_Z,7560000,0,0,0,0,0,0
SUPER_Z,7570000,0,0,0,0,0,0
SUPER_Z,7580000,0,0,0,0,0,0
SUPER_Z,7590000,0,0,0,0,0,0
SUPER_Z,7600000,0,0,0,0,0,0
SUPER_Z,7610000,0,0,0,0,0,0
SUPER_Z,7620000,0,0,0,0,0,0
SUPER_Z,7630000,0,0,0,0,0,0
SUPER_Z,7640000,0,0,0,0,0,0
SUPER_Z,7650000,0,0,0,0,0,0
SUPER_Z,7660000,0,0,0,0,0,0
SUPER_Z,7670000,0,0,0,0,0,0
SUPER_Z,7680000,0,5,6,11,0,0
SUPER_Z,7690000,0,0,0,0,0,0
SUPER_Z,7700000,0,0,0,0,0,0
SUPER_Z,7710000,0,0,0,0,0,0
SUPER_Z,7720000,0,0,0,0,0,0
SUPER_Z,7730000,0,0,0,0,0,0
SUPER_Z,7740000,0,0,0,0,0,0
SUPER_Z,7750000,0,0,0,0,0,0
SUPER_Z,7760000,0,0,0,0,0,0
SUPER_Z,7770000,0,0,0,0,0,0
SUPER_Z,7780000,0,0,0,0,0,0
SUPER_Z,7790000,0,0,0,0,0,0
SUPER_Z,7800000,0,0,0,0,0,0
SUPER_Z,7810000,0,0,0,0,0,0
SUPER_Z,7820000,0,0,0,0,0,0
SUPER_Z,7830000,0,0,0,0,0,0
SUPER_Z,7840000,0,0,0,0,0,0
SUPER_Z,7850000,0,0,0,0,0,0
SUPER_Z,7860000,0,0,0,0,0,0
SUPER_Z,7870000,0,3,0,3,0,0
SUPER_Z,7880000,0,0,0,0,0,0
SUPER_Z,7890000,0,0,0,0,0,0
SUPER_Z,7900000,0,0,0,0,0,0
SUPER_Z,7910000,0,0,0,0,0,0
SUPER_Z,7920000,0,0,0,0,0,0
SUPER_Z,7930000,0,0,0,0,0,0
SUPER_Z,7940000,0,0,0,0,0,0
SUPER_Z,7950000,0,0,0,0,0,0
SUPER_Z,7960000,0,0,0,0,0,0
SUPER_Z,7970000,0,0,0,0,0,0
SUPER_Z,7980000,0,0,0,0,0,0
SUPER_Z,7990000,0,0,0,0,0,0
SUPER_Z,8000000,0,0,0,0,0,0
SUPER_Z,8010000,0,0,0,0,0,0
SUPER_Z,8020000,0,0,0,0,0,0
SUPER_Z,8030000,0,0,0,0,0,0
SUPER_Z,8040000,0,0,0,0,0,0
SUPER_Z,8050000,0,0,0,0,0,0
SUPER_Z,8060000,0,0,0,0,0,0
SUPER_Z,8070000,0,2,1,3,0,0
SUPER_Z,8080000,0,0,0,0,0,0
SUPER_Z,8090000,0,0,0,0,0,0
SUPER_Z,8100000,0,0,0,0,0,0
SUPER_Z,8110000,0,0,0,0,0,0
SUPER_Z,8120000,0,0,0,0,0,0
SUPER_Z,8130000,0,0,0,0,0,0
SUPER_Z,8140000,0,3,1,4,0,0
SUPER_Z,8150000,0,0,0,0,0,0
SUPER_Z,8160000,0,0,0,0,0,0
SUPER_Z,8170000,0,0,0,0,0,0
SUPER_Z,8180000,0,0,0,0,0,0
SUPER_Z,8190000,0,0,0,0,0,0
SUPER_Z,8200000,0,0,0,0,0,0
SUPER_Z,8210000,0,0,0,0,0,0
SUPER_Z,8220000,0,0,0,0,0,0
SUPER_Z,8230000,0,0,0,0,0,0
SUPER_Z,8240000,0,0,0,0,0,0
SUPER_Z,8250000,0,0,0,0,0,0
SUPER_Z,8260000,0,0,0,0,0,0
SUPER_Z,8270000,0,0,0,0,0,0
SUPER_Z,8280000,0,0,0,0,0,0
SUPER_Z,8290000,0,0,0,0,0,0
SUPER_Z,8300000,0,0,0,0,0,0
SUPER_Z,8310000,11,2,0,13,8,3
SUPER_Z,8320000,0,0,0,0,0,0
SUPER_Z,8330000,0,0,0,0,0,0
SUPER_Z,8340000,0,0,0,0,0,0
SUPER_Z,8350000,0,0,0,0,0,0
SUPER_Z,8360000,0,0,0,0,0,0
SUPER_Z,8370000,0,0,0,0,0,0
SUPER_Z,8380000,0,0,0,0,0,0
SUPER_Z,8390000,0,0,0,0,0,0
SUPER_Z,8400000,0,0,0,0,0,0
SUPER_Z,8410000,0,0,0,0,0,0
SUPER_Z,8420000,0,0,0,0,0,0
SUPER_Z,8430000,0,0,0,0,0,0
SUPER_Z,8440000,0,0,0,0,0,0
SUPER_Z,8450000,0,0,0,0,0,0
SUPER_Z,8460000,0,0,0,0,0,0
SUPER_Z,8470000,0,0,0,0,0,0
SUPER_Z,8480000,0,0,0,0,0,0
SUPER_Z,8490000,0,0,0,0,0,0
SUPER_Z,8500000,0,0,0,0,0,0
SUPER_Z,8510000,0,0,0,0,0,0
SUPER_Z,8520000,0,0,0,0,0,0
SUPER_Z,8530000,0,0,0,0,0,0
SUPER_Z,8540000,0,0,0,0,0,0
SUPER_Z,8550000,0,0,0,0,0,0
SUPER_Z,8560000,0,0,0,0,0,0
SUPER_Z,8570000,0,0,0,0,0,0
SUPER_Z,8580000,0,0,0,0,0,0
SUPER_Z,8590000,0,0,0,0,0,0
SUPER_Z,8600000,0,0,0,0,0,0
SUPER_Z,8610000,0,0,0,0,0,0
SUPER_Z,8620000,0,0,0,0,0,0
SUPER_Z,8630000,0,0,0,0,0,0
SUPER_Z,8640000,0,0,0,0,0,0
SUPER_Z,8650000,0,0,0,0,0,0
SUPER_Z,8660000,0,0,0,0,0,0
SUPER_Z,8670000,0,0,0,0,0,0
SUPER_Z,8680000,0,0,0,0,0,0
SUPER_Z,8690000,0,0,0,0,0,0
SUPER_Z,8700000,0,0,0,0,0,0
SUPER_Z,8710000,0,0,0,0,0,0
SUPER_Z,8720000,0,0,0,0,0,0
SUPER_Z,8730000,0,0,0,0,0,0
SUPER_Z,8740000,3,2,3,8,0,3
SUPER_Z,8750000,0,0,0,0,0,0
SUPER_Z,8760000,0,0,0,0,0,0
SUPER_Z,8770000,0,0,0,0,0,0
SUPER_Z,8780000,0,0,0,0,0,0
SUPER_Z,8790000,0,0,0,0,0,0
SUPER_Z,8800000,0,0,0,0,0,0
SUPER_Z,8810000,0,0,0,0,0,0
SUPER_Z,8820000,0,0,0,0,0,0
SUPER_Z,8830000,0,0,0,0,0,0
SUPER_Z,8840000,0,0,0,0,0,0
SUPER_Z,8850000,0,0,0,0,0,0
SUPER_Z,8860000,0,0,0,0,0,0
SUPER_Z,8870000,0,0,0,0,0,0
SUPER_Z,8880000,0,0,0,0,0,0
SUPER_Z,8890000,0,0,0,0,0,0
SUPER_Z,8900000,0,0,0,0,0,0
SUPER_Z,8910000,0,0,0,0,0,0
SUPER_Z,8920000,0,0,0,0,0,0
SUPER_Z,8930000,0,0,0,0,0,0
SUPER_Z,8940000,0,0,0,0,0,0
SUPER_Z,8950000,0,0,0,0,0,0
SUPER_Z,8960000,0,0,0,0,0,0
SUPER_Z,8970000,0,0,0,0,0,0
SUPER_Z,8980000,0,0,0,0,0,0
SUPER_Z,8990000,0,0,0,0,0,0
SUPER_Z,9000000,0,0,0,0,0,0
SUPER_Z,9010000,0,0,0,0,0,0
SUPER_Z,9020000,0,0,0,0,0,0
SUPER_Z,9030000,0,0,0,0,0,0
SUPER_Z,9040000,0,0,0,0,0,0
SUPER_Z,9050000,0,0,0,0,0,0
SUPER_Z,9060000,0,0,0,0,0,0
SUPER_Z,9070000,0,0,0,0,0,0
SUPER_Z,9080000,0,0,0,0,0,0
SUPER_Z,9090000,0,0,0,0,0,0
SUPER_Z,9100000,0,0,0,0,0,0
SUPER_Z,9110000,0,0,0,0,0,0
SUPER_Z,9120000,0,0,0,0,0,0
SUPER_Z,9130000,0,0,0,0,0,0
SUPER_Z,9140000,0,0,0,0,0,0
SUPER_Z,9150000,0,0,0,0,0,0
SUPER_Z,9160000,0,0,0,0,0,0
SUPER_Z,9170000,0,0,0,0,0,0
SUPER_Z,9180000,0,0,0,0,0,0
SUPER_Z,9190000,0,0,0,0,0,0
SUPER_Z,9200000,0,0,0,0,0,0
SUPER_Z,9210000,0,0,0,0,0,0
SUPER_Z,9220000,0,0,0,0,0,0
SUPER_Z,9230000,0,0,0,0,0,0
SUPER_Z,9240000,0,0,0,0,0,0
SUPER_Z,9250000,0,0,0,0,0,0
SUPER_Z,9260000,0,0,0,0,0,0
SUPER_Z,9270000,0,0,0,0,0,0
SUPER_Z,9280000,0,0,0,0,0,0
SUPER_Z,9290000,0,0,0,0,0,0
SUPER_Z,9300000,2,9,4,15,0,2
SUPER_Z,9310000,0,0,1,1,0,0
SUPER_Z,9320000,0,0,0,0,0,0
SUPER_Z,9330000,0,0,0,0,0,0
SUPER_Z,9340000,0,0,0,0,0,0
SUPER_Z,9350000,0,0,0,0,0,0
SUPER_Z,9360000,0,0,0,0,0,0
SUPER_Z,9370000,0,0,0,0,0,0
SUPER_Z,9380000,0,0,0,0,0,0
SUPER_Z,9390000,0,0,0,0,0,0
SUPER_Z,9400000,0,0,0,0,0,0
SUPER_Z,9410000,0,0,0,0,0,0
SUPER_Z,9420000,0,0,0,0,0,0
SUPER_Z,9430000,0,0,0,0,0,0
SUPER_Z,9440000,0,0,0,0,0,0
SUPER_Z,9450000,0,0,0,0,0,0
SUPER_Z,9460000,0,0,0,0,0,0
SUPER_Z,9470000,0,0,0,0,0,0
SUPER_Z,9480000,0,0,0,0,0,0
SUPER_Z,9490000,0,0,0,0,0,0
SUPER_Z,9500000,0,0,0,0,0,0
SUPER_Z,9510000,0,0,0,0,0,0
SUPER_Z,9520000,0,0,0,0,0,0
SUPER_Z,9530000,0,0,0,0,0,0
SUPER_Z,9540000,0,0,0,0,0,0
SUPER_Z,9550000,0,0,0,0,0,0
SUPER_Z,9560000,0,0,0,0,0,0
SUPER_Z,9570000,0,0,0,0,0,0
SUPER_Z,9580000,0,0,0,0,0,0
SUPER_Z,9590000,0,0,0,0,0,0
SUPER_Z,9600000,0,0,0,0,0,0
SUPER_Z,9610000,0,0,0,0,0,0
SUPER_Z,9620000,0,0,0,0,0,0
SUPER_Z,9630000,0,0,0,0,0,0
SUPER_Z,9640000,0,0,0,0,0,0
SUPER_Z,9650000,0,0,0,0,0,0
SUPER_Z,9660000,0,0,0,0,0,0
SUPER_Z,9670000,0,0,0,0,0,0
SUPER_Z,9680000,0,0,0,0,0,0
SUPER_Z,9690000,3,5,3,11,0,3
SUPER_Z,9700000,0,0,0,0,0,0
SUPER_Z,9710000,0,0,0,0,0,0
SUPER_Z,9720000,0,0,0,0,0,0
SUPER_Z,9730000,0,0,0,0,0,0
SUPER_Z,9740000,0,0,0,0,0,0
SUPER_Z,9750000,0,0,0,0,0,0
SUPER_Z,9760000,0,0,0,0,0,0
SUPER_Z,9770000,0,0,0,0,0,0
SUPER_Z,9780000,0,0,0,0,0,0
SUPER_Z,9790000,0,0,0,0,0,0
SUPER_Z,9800000,0,0,0,0,0,0
SUPER_Z,9810000,0,0,0,0,0,0
SUPER_Z,9820000,0,0,0,0,0,0
SUPER_Z,9830000,0,0,0,0,0,0
SUPER_Z,9840000,0,0,0,0,0,0
SUPER_Z,9850000,0,0,0,0,0,0
SUPER_Z,9860000,0,0,0,0,0,0
SUPER_Z,9870000,0,0,0,0,0,0
SUPER_Z,9880000,0,0,0,0,0,0
SUPER_Z,9890000,0,0,0,0,0,0
SUPER_Z,9900000,0,0,0,0,0,0
SUPER_Z,9910000,0,0,0,0,0,0
SUPER_Z,9920000,0,0,0,0,0,0
SUPER_Z,9930000,0,0,0,0,0,0
SUPER_Z,9940000,0,0,0,0,0,0
SUPER_Z,9950000,0,0,0,0,0,0
SUPER_Z,9960000,0,0,0,0,0,0
SUPER_Z,9970000,0,0,0,0,0,0
SUPER_Z,9980000,0,0,0,0,0,0
SUPER_Z,9990000,0,0,0,0,0,0
SUPER_Z,10000000,0,0,0,0,0,0
SUPER_Z,10010000,0,0,0,0,0,0
SUPER_Z,10020000,0,0,0,0,0,0
SUPER_Z,10030000,0,0,0,0,0,0
SUPER_Z,10040000,0,0,0,0,0,0
SUPER_Z,10050000,0,0,0,0,0,0
SUPER_Z,10060000,0,0,0,0,0,0
SUPER_Z,10070000,0,0,0,0,0,0
SUPER_Z,10080000,0,0,0,0,0,0
SUPER_Z,10090000,0,0,0,0,0,0
SUPER_Z,10100000,0,0,0,0,0,0
SUPER_Z,10110000,0,4,4,8,0,0
SUPER_Z,10120000,0,0,0,0,0,0
SUPER_Z,10130000,0,0,0,0,0,0
SUPER_Z,10140000,0,0,0,0,0,0
SUPER_Z,10150000,0,0,0,0,0,0
SUPER_Z,10160000,0,0,0,0,0,0
SUPER_Z,10170000,0,0,0,0,0,0
SUPER_Z,10180000,0,0,0,0,0,0
SUPER_Z,10190000,0,0,0,0,0,0
SUPER_Z,10200000,0,0,0,0,0,0
SUPER_Z,10210000,0,0,0,0,0,0
SUPER_Z,10220000,0,0,0,0,0,0
SUPER_Z,10230000,3,3,2,8,0,3
SUPER_Z,10240000,0,0,1,1,0,0
SUPER_Z,10250000,0,0,0,0,0,0
SUPER_Z,10260000,0,0,0,0,0,0
SUPER_Z,10270000,0,0,0,0,0,0
SUPER_Z,10280000,0,0,0,0,0,0
SUPER_Z,10290000,0,0,0,0,0,0
SUPER_Z,10300000,0,0,0,0,0,0
SUPER_Z,10310000,0,0,0,0,0,0
SUPER_Z,10320000,0,0,0,0,0,0
SUPER_Z,10330000,0,0,0,0,0,0
SUPER_Z,10340000,0,0,0,0,0,0
SUPER_Z,10350000,0,0,0,0,0,0
SUPER_Z,10360000,0,0,0,0,0,0
SUPER_Z,10370000,0,0,0,0,0,0
SUPER_Z,10380000,0,0,0,0,0,0
SUPER_Z,10390000,0,0,0,0,0,0
SUPER_Z,10400000,0,0,0,0,0,0
SUPER_Z,10410000,0,0,0,0,0,0
SUPER_Z,10420000,0,0,0,0,0,0
SUPER_Z,10430000,0,0,0,0,0,0
SUPER_Z,10440000,0,0,0,0,0,0
SUPER_Z,10450000,0,0,0,0,0,0
SUPER_Z,10460000,0,0,0,0,0,0
SUPER_Z,10470000,0,0,0,0,0,0
SUPER_Z,10480000,0,0,0,0,0,0
SUPER_Z,10490000,0,0,0,0,0,0
SUPER_Z,10500000,0,0,0,0,0,0
SUPER_Z,10510000,0,0,0,0,0,0
SUPER_Z,10520000,0,0,0,0,0,0
SUPER_Z,10530000,0,0,0,0,0,0
SUPER_Z,10540000,0,0,0,0,0,0
SUPER_Z,10550000,0,0,0,0,0,0
SUPER_Z,10560000,0,0,0,0,0,0
SUPER_Z,10570000,0,0,0,0,0,0
SUPER_Z,10580000,0,0,0,0,0,0
SUPER_Z,10590000,0,0,0,0,0,0
SUPER_Z,10600000,0,0,0,0,0,0
SUPER_Z,10610000,0,0,0,0,0,0
SUPER_Z,10620000,0,0,0,0,0,0
SUPER_Z,10630000,0,0,0,0,0,0
SUPER_Z,10640000,0,0,0,0,0,0
SUPER_Z,10650000,0,0,0,0,0,0
SUPER_Z,10660000,0,0,0,0,0,0
SUPER_Z,10670000,0,0,0,0,0,0
SUPER_Z,10680000,0,0,0,0,0,0
SUPER_Z,10690000,0,0,0,0,0,0
SUPER_Z,10700000,0,0,0,0,0,0
SUPER_Z,10710000,0,0,0,0,0,0
SUPER_Z,10720000,0,0,0,0,0,0
SUPER_Z,10730000,0,0,0,0,0,0
SUPER_Z,10740000,0,0,0,0,0,0
SUPER_Z,10750000,0,0,0,0,0,0
SUPER_Z,10760000,0,0,0,0,0,0
SUPER_Z,10770000,0,0,0,0,0,0
SUPER_Z,10780000,0,0,0,0,0,0
SUPER_Z,10790000,0,0,0,0,0,0
SUPER_Z,10800000,0,0,0,0,0,0
SUPER_Z,10810000,0,0,0,0,0,0
SUPER_Z,10820000,0,14,4,18,0,0
SUPER_Z,10830000,0,0,0,0,0,0
SUPER_Z,10840000,0,0,0,0,0,0
SUPER_Z,10850000,0,0,0,0,0,0
SUPER_Z,10860000,0,0,0,0,0,0
SUPER_Z,10870000,0,0,0,0,0,0
SUPER_Z,10880000,0,0,0,0,0,0
SUPER_Z,10890000,0,0,0,0,0,0
SUPER_Z,10900000,0,0,0,0,0,0
SUPER_Z,10910000,0,0,0,0,0,0
SUPER_Z,10920000,0,0,0,0,0,0
SUPER_Z,10930000,0,0,0,0,0,0
SUPER_Z,10940000,0,0,0,0,0,0
SUPER_Z,10950000,0,0,0,0,0,0
SUPER_Z,10960000,0,0,0,0,0,0
SUPER_Z,10970000,0,0,0,0,0,0
SUPER_Z,10980000,0,0,0,0,0,0
SUPER_Z,10990000,0,0,0,0,0,0
SUPER_Z,11000000,0,0,0,0,0,0
SUPER_Z,11010000,0,0,0,0,0,0
SUPER_Z,11020000,0,0,0,0,0,0
SUPER_Z,11030000,0,0,0,0,0,0
SUPER_Z,11040000,0,0,0,0,0,0
SUPER_Z,11050000,0,0,0,0,0,0
SUPER_Z,11060000,0,0,0,0,0,0
SUPER_Z,11070000,0,0,0,0,0,0
SUPER_Z,11080000,0,0,0,0,0,0
SUPER_Z,11090000,0,0,0,0,0,0
SUPER_Z,11100000,0,0,0,0,0,0
SUPER_Z,11110000,0,0,0,0,0,0
SUPER_Z,11120000,1,5,4,10,1,0
SUPER_Z,11130000,0,0,0,0,0,0
SUPER_Z,11140000,0,0,0,0,0,0
SUPER_Z,11150000,0,0,0,0,0,0
SUPER_Z,11160000,0,0,0,0,0,0
SUPER_Z,11170000,0,0,0,0,0,0
SUPER_Z,11180000,0,0,0,0,0,0
SUPER_Z,11190000,0,0,0,0,0,0
SUPER_Z,11200000,0,0,0,0,0,0
SUPER_Z,11210000,0,0,0,0,0,0
SUPER_Z,11220000,0,0,0,0,0,0
SUPER_Z,11230000,0,0,0,0,0,0
SUPER_Z,11240000,0,0,0,0,0,0
SUPER_Z,11250000,0,0,0,0,0,0
SUPER_Z,11260000,0,0,0,0,0,0
SUPER_Z,11270000,0,0,0,0,0,0
SUPER_Z,11280000,0,0,0,0,0,0
SUPER_Z,11290000,0,0,0,0,0,0
SUPER_Z,11300000,0,0,0,0,0,0
SUPER_Z,11310000,0,0,0,0,0,0
SUPER_Z,11320000,0,0,0,0,0,0
SUPER_Z,11330000,0,0,0,0,0,0
SUPER_Z,11340000,0,0,0,0,0,0
SUPER_Z,11350000,0,0,0,0,0,0
SUPER_Z,11360000,0,0,0,0,0,0
SUPER_Z,11370000,0,0,0,0,0,0
SUPER_Z,11380000,0,0,0,0,0,0
SUPER_Z,11390000,0,0,0,0,0,0
SUPER_Z,11400000,0,0,0,0,0,0
SUPER_Z,11410000,0,0,0,0,0,0
SUPER_Z,11420000,0,0,0,0,0,0
SUPER_Z,11430000,0,0,0,0,0,0
SUPER_Z,11440000,0,0,0,0,0,0
SUPER_Z,11450000,0,0,0,0,0,0
SUPER_Z,11460000,0,0,0,0,0,0
SUPER_Z,11470000,0,0,0,0,0,0
SUPER_Z,11480000,0,0,0,0,0,0
SUPER_Z,11490000,0,0,0,0,0,0
SUPER_Z,11500000,0,0,0,0,0,0
SUPER_Z,11510000,0,0,0,0,0,0
SUPER_Z,11520000,0,0,0,0,0,0
SUPER_Z,11530000,0,0,0,0,0,0
SUPER_Z,11540000,0,0,0,0,0,0
SUPER_Z,11550000,0,0,0,0,0,0
SUPER_Z,11560000,0,0,0,0,0,0
SUPER_Z,11570000,0,0,0,0,0,0
SUPER_Z,11580000,0,0,0,0,0,0
SUPER_Z,11590000,0,0,0,0,0,0
SUPER_Z,11600000,0,0,0,0,0,0
SUPER_Z,11610000,0,0,0,0,0,0
SUPER_Z,11620000,0,9,3,12,0,0
SUPER_Z,11630000,0,0,0,0,0,0
SUPER_Z,11640000,0,0,0,0,0,0
SUPER_Z,11650000,0,0,0,0,0,0
SUPER_Z,11660000,0,0,0,0,0,0
SUPER_Z,11670000,0,0,0,0,0,0
SUPER_Z,11680000,0,0,0,0,0,0
SUPER_Z,11690000,0,0,0,0,0,0
SUPER_Z,11700000,0,0,0,0,0,0
SUPER_Z,11710000,0,0,0,0,0,0
SUPER_Z,11720000,0,0,0,0,0,0
SUPER_Z,11730000,0,0,0,0,0,0
SUPER_Z,11740000,0,3,1,4,0,0
SUPER_Z,11750000,0,0,0,0,0,0
SUPER_Z,11760000,0,0,0,0,0,0
SUPER_Z,11770000,0,0,0,0,0,0
SUPER_Z,11780000,0,0,0,0,0,0
SUPER_Z,11790000,0,0,0,0,0,0
SUPER_Z,11800000,1,3,2,6,1,0
SUPER_Z,11810000,15,1,2,18,9,6
SUPER_Z,11820000,0,1,0,1,0,0
SUPER_Z,11830000,0,0,0,0,0,0
SUPER_Z,11840000,0,0,0,0,0,0
SUPER_Z,11850000,0,0,0,0,0,0
SUPER_Z,11860000,0,0,0,0,0,0
SUPER_Z,11870000,0,0,0,0,0,0
SUPER_Z,11880000,0,0,0,0,0,0
SUPER_Z,11890000,0,0,0,0,0,0
SUPER_Z,11900000,0,0,0,0,0,0
SUPER_Z,11910000,0,0,0,0,0,0
SUPER_Z,11920000,0,2,1,3,0,0
SUPER_Z,11930000,0,0,0,0,0,0
SUPER_Z,11940000,0,0,0,0,0,0
SUPER_Z,11950000,0,0,0,0,0,0
SUPER_Z,11960000,0,0,0,0,0,0
SUPER_Z,11970000,0,0,0,0,0,0
SUPER_Z,11980000,0,0,0,0,0,0
SUPER_Z,11990000,0,0,0,0,0,0
SUPER_Z,12000000,0,0,0,0,0,0
SUPER_Z,12010000,0,0,0,0,0,0
SUPER_Z,12020000,0,0,0,0,0,0
SUPER_Z,12030000,0,0,0,0,0,0
SUPER_Z,12040000,0,0,0,0,0,0
SUPER_Z,12050000,0,0,0,0,0,0
SUPER_Z,12060000,0,0,0,0,0,0
SUPER_Z,12070000,0,0,0,0,0,0
SUPER_Z,12080000,0,0,0,0,0,0
SUPER_Z,12090000,0,4,1,5,0,0
SUPER_Z,12100000,0,0,0,0,0,0
SUPER_Z,12110000,0,0,0,0,0,0
SUPER_Z,12120000,0,2,0,2,0,0
SUPER_Z,12130000,0,0,0,0,0,0
SUPER_Z,12140000,0,0,0,0,0,0
SUPER_Z,12150000,0,0,0,0,0,0
SUPER_Z,12160000,0,0,0,0,0,0
SUPER_Z,12170000,0,0,0,0,0,0
SUPER_Z,12180000,0,1,1,2,0,0
SUPER_Z,12190000,0,0,0,0,0,0
SUPER_Z,12200000,0,0,0,0,0,0
SUPER_Z,12210000,0,0,0,0,0,0
SUPER_Z,12220000,0,0,0,0,0,0
SUPER_Z,12230000,0,0,0,0,0,0
SUPER_Z,12240000,0,0,0,0,0,0
SUPER_Z,12250000,0,0,0,0,0,0
SUPER_Z,12260000,0,0,0,0,0,0
SUPER_Z,12270000,0,0,0,0,0,0
SUPER_Z,12280000,0,0,0,0,0,0
SUPER_Z,12290000,0,0,0,0,0,0
SUPER_Z,12300000,0,0,0,0,0,0
SUPER_Z,12310000,0,0,0,0,0,0
SUPER_Z,12320000,0,0,0,0,0,0
SUPER_Z,12330000,0,0,0,0,0,0
SUPER_Z,12340000,0,0,0,0,0,0
SUPER_Z,12350000,0,0,0,0,0,0
SUPER_Z,12360000,0,0,0,0,0,0
SUPER_Z,12370000,0,0,0,0,0,0
SUPER_Z,12380000,0,0,0,0,0,0
SUPER_Z,12390000,0,0,0,0,0,0
SUPER_Z,12400000,0,0,0,0,0,0
SUPER_Z,12410000,0,0,0,0,0,0
SUPER_Z,12420000,0,0,0,0,0,0
SUPER_Z,12430000,3,3,3,9,2,1
SUPER_Z,12440000,0,0,0,0,0,0
SUPER_Z,12450000,0,0,0,0,0,0
SUPER_Z,12460000,0,0,0,0,0,0
SUPER_Z,12470000,0,0,0,0,0,0
SUPER_Z,12480000,0,0,0,0,0,0
SUPER_Z,12490000,0,0,0,0,0,0
SUPER_Z,12500000,0,0,0,0,0,0
SUPER_Z,12510000,0,0,0,0,0,0
SUPER_Z,12520000,0,0,0,0,0,0
SUPER_Z,12530000,0,0,0,0,0,0
SUPER_Z,12540000,0,0,0,0,0,0
SUPER_Z,12550000,0,0,0,0,0,0
SUPER_Z,12560000,0,0,0,0,0,0
SUPER_Z,12570000,0,0,0,0,0,0
SUPER_Z,12580000,0,0,0,0,0,0
SUPER_Z,12590000,0,0,0,0,0,0
SUPER_Z,12600000,0,0,0,0,0,0
SUPER_Z,12610000,0,0,0,0,0,0
SUPER_Z,12620000,0,0,0,0,0,0
SUPER_Z,12630000,0,0,0,0,0,0
SUPER_Z,12640000,0,0,0,0,0,0
SUPER_Z,12650000,0,0,0,0,0,0
SUPER_Z,12660000,0,0,0,0,0,0
SUPER_Z,12670000,0,0,0,0,0,0
SUPER_Z,12680000,0,0,0,0,0,0
SUPER_Z,12690000,0,0,0,0,0,0
SUPER_Z,12700000,0,0,0,0,0,0
SUPER_Z,12710000,0,0,0,0,0,0
SUPER_Z,12720000,0,0,0,0,0,0
SUPER_Z,12730000,0,0,0,0,0,0
SUPER_Z,12740000,0,0,0,0,0,0
SUPER_Z,12750000,0,0,0,0,0,0
SUPER_Z,12760000,0,0,0,0,0,0
SUPER_Z,12770000,0,0,0,0,0,0
SUPER_Z,12780000,0,0,0,0,0,0
SUPER_Z,12790000,0,0,0,0,0,0
SUPER_Z,12800000,0,0,0,0,0,0
SUPER_Z,12810000,0,0,0,0,0,0
SUPER_Z,12820000,0,0,0,0,0,0
SUPER_Z,12830000,0,0,0,0,0,0
SUPER_Z,12840000,0,0,0,0,0,0
SUPER_Z,12850000,0,0,0,0,0,0
SUPER_Z,12860000,0,0,0,0,0,0
SUPER_Z,12870000,0,0,0,0,0,0
SUPER_Z,12880000,0,0,0,0,0,0
SUPER_Z,12890000,0,0,0,0,0,0
SUPER_Z,12900000,0,0,0,0,0,0
SUPER_Z,12910000,0,0,0,0,0,0
SUPER_Z,12920000,0,0,0,0,0,0
SUPER_Z,12930000,0,0,0,0,0,0
SUPER_Z,12940000,0,0,0,0,0,0
SUPER_Z,12950000,0,0,0,0,0,0
SUPER_Z,12960000,0,0,0,0,0,0
SUPER_Z,12970000,0,0,0,0,0,0
SUPER_Z,12980000,0,0,0,0,0,0
SUPER_Z,12990000,0,0,0,0,0,0
SUPER_Z,13000000,0,0,0,0,0,0
SUPER_Z,13010000,0,0,0,0,0,0
SUPER_Z,13020000,0,0,0,0,0,0
SUPER_Z,13030000,0,0,0,0,0,0
SUPER_Z,13040000,0,0,0,0,0,0
SUPER_Z,13050000,0,0,0,0,0,0
SUPER_Z,13060000,0,0,0,0,0,0
SUPER_Z,13070000,0,0,0,0,0,0
SUPER_Z,13080000,0,0,0,0,0,0
SUPER_Z,13090000,0,0,0,0,0,0
SUPER_Z,13100000,0,0,0,0,0,0
SUPER_Z,13110000,0,0,0,0,0,0
SUPER_Z,13120000,0,0,0,0,0,0
SUPER_Z,13130000,0,0,0,0,0,0
SUPER_Z,13140000,0,0,0,0,0,0
SUPER_Z,13150000,31,15,3,49,15,16
SUPER_Z,13160000,0,0,1,1,0,0
SUPER_Z,13170000,8,0,1,9,4,4
SUPER_Z,13180000,0,0,0,0,0,0
SUPER_Z,13190000,0,0,0,0,0,0
SUPER_Z,13200000,1,1,0,2,0,1
SUPER_Z,13210000,0,1,0,1,0,0
SUPER_Z,13220000,0,0,0,0,0,0
SUPER_Z,13230000,0,0,0,0,0,0
SUPER_Z,13240000,0,0,0,0,0,0
SUPER_Z,13250000,0,0,0,0,0,0
SUPER_Z,13260000,0,0,0,0,0,0
SUPER_Z,13270000,0,0,0,0,0,0
SUPER_Z,13280000,0,0,0,0,0,0
SUPER_Z,13290000,0,0,0,0,0,0
SUPER_Z,13300000,0,0,0,0,0,0
SUPER_Z,13310000,0,0,0,0,0,0
SUPER_Z,13320000,0,0,0,0,0,0
SUPER_Z,13330000,0,0,0,0,0,0
SUPER_Z,13340000,0,0,0,0,0,0
SUPER_Z,13350000,0,0,0,0,0,0
SUPER_Z,13360000,0,0,4,4,0,0
SUPER_Z,13370000,0,0,0,0,0,0
SUPER_Z,13380000,0,0,0,0,0,0
SUPER_Z,13390000,0,0,0,0,0,0
SUPER_Z,13400000,0,0,0,0,0,0
SUPER_Z,13410000,0,0,0,0,0,0
SUPER_Z,13420000,0,0,0,0,0,0
SUPER_Z,13430000,0,0,0,0,0,0
SUPER_Z,13440000,0,0,0,0,0,0
SUPER_Z,13450000,0,0,0,0,0,0
SUPER_Z,13460000,0,0,0,0,0,0
SUPER_Z,13470000,0,0,0,0,0,0
SUPER_Z,13480000,0,0,0,0,0,0
SUPER_Z,13490000,0,0,0,0,0,0
SUPER_Z,13500000,0,0,0,0,0,0
SUPER_Z,13510000,0,0,0,0,0,0
SUPER_Z,13520000,0,0,0,0,0,0
SUPER_Z,13530000,0,0,0,0,0,0
SUPER_Z,13540000,0,0,0,0,0,0
SUPER_Z,13550000,0,0,0,0,0,0
SUPER_Z,13560000,0,0,0,0,0,0
SUPER_Z,13570000,0,0,0,0,0,0
SUPER_Z,13580000,0,0,0,0,0,0
SUPER_Z,13590000,0,0,0,0,0,0
SUPER_Z,13600000,0,0,0,0,0,0
SUPER_Z,13610000,0,0,0,0,0,0
SUPER_Z,13620000,0,0,0,0,0,0
SUPER_Z,13630000,0,0,0,0,0,0
SUPER_Z,13640000,0,0,0,0,0,0
SUPER_Z,13650000,0,0,0,0,0,0
SUPER_Z,13660000,0,0,0,0,0,0
SUPER_Z,13670000,0,0,0,0,0,0
SUPER_Z,13680000,0,0,0,0,0,0
SUPER_Z,13690000,0,0,0,0,0,0
SUPER_Z,13700000,0,0,0,0,0,0
SUPER_Z,13710000,0,0,0,0,0,0
SUPER_Z,13720000,0,0,0,0,0,0
SUPER_Z,13730000,0,0,0,0,0,0
SUPER_Z,13740000,0,0,0,0,0,0
SUPER_Z,13750000,0,0,0,0,0,0
SUPER_Z,13760000,0,0,0,0,0,0
SUPER_Z,13770000,0,0,0,0,0,0
SUPER_Z,13780000,0,0,0,0,0,0
SUPER_Z,13790000,0,0,0,0,0,0
SUPER_Z,13800000,0,0,0,0,0,0
SUPER_Z,13810000,0,0,0,0,0,0
SUPER_Z,13820000,0,0,0,0,0,0
SUPER_Z,13830000,0,0,0,0,0,0
SUPER_Z,13840000,0,0,0,0,0,0
SUPER_Z,13850000,0,0,0,0,0,0
SUPER_Z,13860000,0,0,0,0,0,0
SUPER_Z,13870000,0,0,0,0,0,0
SUPER_Z,13880000,0,0,0,0,0,0
SUPER_Z,13890000,0,0,0,0,0,0
SUPER_Z,13900000,0,0,0,0,0,0
SUPER_Z,13910000,0,0,0,0,0,0
SUPER_Z,13920000,0,0,0,0,0,0
SUPER_Z,13930000,0,0,0,0,0,0
SUPER_Z,13940000,6,9,5,20,1,5
SUPER_Z,13950000,0,0,0,0,0,0
SUPER_Z,13960000,0,0,0,0,0,0
SUPER_Z,13970000,0,0,0,0,0,0
SUPER_Z,13980000,0,0,0,0,0,0
SUPER_Z,13990000,0,0,0,0,0,0
SUPER_Z,14000000,0,0,0,0,0,0
SUPER_Z,14010000,0,0,0,0,0,0
SUPER_Z,14020000,0,0,0,0,0,0
SUPER_Z,14030000,0,0,0,0,0,0
SUPER_Z,14040000,0,0,0,0,0,0
SUPER_Z,14050000,0,0,0,0,0,0
SUPER_Z,14060000,0,0,0,0,0,0
SUPER_Z,14070000,0,0,0,0,0,0
SUPER_Z,14080000,0,0,0,0,0,0
SUPER_Z,14090000,0,0,0,0,0,0
SUPER_Z,14100000,0,0,0,0,0,0
SUPER_Z,14110000,0,0,0,0,0,0
SUPER_Z,14120000,0,0,0,0,0,0
SUPER_Z,14130000,0,0,0,0,0,0
SUPER_Z,14140000,0,0,0,0,0,0
SUPER_Z,14150000,0,0,0,0,0,0
SUPER_Z,14160000,0,0,0,0,0,0
SUPER_Z,14170000,0,0,0,0,0,0
SUPER_Z,14180000,0,0,0,0,0,0
SUPER_Z,14190000,0,0,0,0,0,0
SUPER_Z,14200000,0,0,0,0,0,0
SUPER_Z,14210000,0,0,0,0,0,0
SUPER_Z,14220000,0,0,0,0,0,0
SUPER_Z,14230000,0,0,0,0,0,0
SUPER_Z,14240000,0,0,0,0,0,0
SUPER_Z,14250000,0,0,0,0,0,0
SUPER_Z,14260000,0,0,0,0,0,0
SUPER_Z,14270000,0,4,3,7,0,0
SUPER_Z,14280000,0,0,0,0,0,0
SUPER_Z,14290000,0,0,0,0,0,0
SUPER_Z,14300000,0,0,0,0,0,0
SUPER_Z,14310000,0,0,0,0,0,0
SUPER_Z,14320000,0,0,0,0,0,0
SUPER_Z,14330000,0,0,0,0,0,0
SUPER_Z,14340000,0,0,0,0,0,0
SUPER_Z,14350000,0,0,0,0,0,0
SUPER_Z,14360000,0,0,0,0,0,0
SUPER_Z,14370000,0,0,0,0,0,0
SUPER_Z,14380000,0,0,0,0,0,0
SUPER_Z,14390000,0,0,0,0,0,0
SUPER_Z,14400000,0,0,0,0,0,0
SUPER_Z,14410000,0,0,0,0,0,0
SUPER_Z,14420000,0,0,0,0,0,0
SUPER_Z,14430000,0,0,0,0,0,0
SUPER_Z,14440000,0,0,0,0,0,0
SUPER_Z,14450000,0,0,0,0,0,0
SUPER_Z,14460000,0,0,0,0,0,0
SUPER_Z,14470000,0,0,0,0,0,0
SUPER_Z,14480000,0,0,0,0,0,0
SUPER_Z,14490000,0,0,0,0,0,0
SUPER_Z,14500000,0,0,0,0,0,0
SUPER_Z,14510000,0,0,0,0,0,0
SUPER_Z,14520000,0,0,0,0,0,0
SUPER_Z,14530000,0,0,0,0,0,0
SUPER_Z,14540000,0,0,0,0,0,0
SUPER_Z,14550000,0,0,0,0,0,0
SUPER_Z,14560000,0,0,0,0,0,0
SUPER_Z,14570000,0,0,0,0,0,0
SUPER_Z,14580000,0,0,0,0,0,0
SUPER_Z,14590000,0,0,0,0,0,0
SUPER_Z,14600000,0,0,0,0,0,0
SUPER_Z,14610000,2,11,3,16,0,2
SUPER_Z,14620000,0,0,0,0,0,0
SUPER_Z,14630000,0,0,0,0,0,0
SUPER_Z,14640000,0,0,0,0,0,0
SUPER_Z,14650000,0,0,0,0,0,0
SUPER_Z,14660000,0,0,0,0,0,0
SUPER_Z,14670000,0,0,0,0,0,0
SUPER_Z,14680000,0,0,0,0,0,0
SUPER_Z,14690000,0,0,0,0,0,0
SUPER_Z,14700000,0,0,0,0,0,0
SUPER_Z,14710000,0,0,0,0,0,0
SUPER_Z,14720000,0,0,0,0,0,0
SUPER_Z,14730000,0,0,0,0,0,0
SUPER_Z,14740000,0,0,0,0,0,0
SUPER_Z,14750000,0,0,0,0,0,0
SUPER_Z,14760000,0,0,0,0,0,0
SUPER_Z,14770000,0,0,0,0,0,0
SUPER_Z,14780000,0,0,0,0,0,0
SUPER_Z,14790000,0,0,0,0,0,0
SUPER_Z,14800000,0,0,0,0,0,0
SUPER_Z,14810000,0,0,0,0,0,0
SUPER_Z,14820000,0,0,0,0,0,0
SUPER_Z,14830000,0,0,0,0,0,0
SUPER_Z,14840000,0,0,0,0,0,0
SUPER_Z,14850000,0,0,0,0,0,0
SUPER_Z,14860000,0,0,0,0,0,0
SUPER_Z,14870000,0,0,0,0,0,0
SUPER_Z,14880000,0,0,0,0,0,0
SUPER_Z,14890000,0,0,0,0,0,0
SUPER_Z,14900000,0,0,0,0,0,0
SUPER_Z,14910000,0,0,0,0,0,0
SUPER_Z,14920000,0,0,0,0,0,0
SUPER_Z,14930000,39,10,1,50,22,17
SUPER_Z,14940000,0,0,0,0,0,0
SUPER_Z,14950000,0,0,0,0,0,0
SUPER_Z,14960000,0,0,0,0,0,0
SUPER_Z,14970000,0,0,0,0,0,0
SUPER_Z,14980000,0,0,0,0,0,0
SUPER_Z,14990000,0,0,0,0,0,0
SUPER_Z,15000000,0,1,1,2,0,0
SUPER_Z,15010000,0,0,0,0,0,0
SUPER_Z,15020000,0,0,0,0,0,0
SUPER_Z,15030000,0,0,0,0,0,0
SUPER_Z,15040000,0,0,0,0,0,0
SUPER_Z,15050000,0,0,0,0,0,0
SUPER_Z,15060000,0,0,0,0,0,0
SUPER_Z,15070000,0,0,0,0,0,0
SUPER_Z,15080000,0,0,0,0,0,0
SUPER_Z,15090000,0,0,0,0,0,0
SUPER_Z,15100000,0,0,0,0,0,0
SUPER_Z,15110000,0,0,0,0,0,0
SUPER_Z,15120000,0,0,0,0,0,0
SUPER_Z,15130000,0,0,0,0,0,0
SUPER_Z,15140000,0,0,0,0,0,0
SUPER_Z,15150000,0,0,0,0,0,0
SUPER_Z,15160000,0,0,0,0,0,0
SUPER_Z,15170000,0,0,0,0,0,0
SUPER_Z,15180000,0,0,0,0,0,0
SUPER_Z,15190000,0,0,0,0,0,0
SUPER_Z,15200000,0,0,0,0,0,0
SUPER_Z,15210000,0,0,0,0,0,0
SUPER_Z,15220000,0,0,0,0,0,0
SUPER_Z,15230000,0,0,0,0,0,0
SUPER_Z,15240000,0,0,0,0,0,0
SUPER_Z,15250000,0,0,0,0,0,0
SUPER_Z,15260000,0,0,0,0,0,0
SUPER_Z,15270000,0,4,1,5,0,0
SUPER_Z,15280000,0,0,0,0,0,0
SUPER_Z,15290000,0,0,0,0,0,0
SUPER_Z,15300000,0,0,0,0,0,0
SUPER_Z,15310000,0,0,0,0,0,0
SUPER_Z,15320000,0,0,0,0,0,0
SUPER_Z,15330000,0,0,0,0,0,0
SUPER_Z,15340000,0,0,0,0,0,0
SUPER_Z,15350000,0,0,0,0,0,0
SUPER_Z,15360000,0,0,0,0,0,0
SUPER_Z,15370000,0,0,0,0,0,0
SUPER_Z,15380000,0,0,0,0,0,0
SUPER_Z,15390000,0,0,0,0,0,0
SUPER_Z,15400000,0,0,0,0,0,0
SUPER_Z,15410000,0,0,0,0,0,0
SUPER_Z,15420000,0,0,0,0,0,0
SUPER_Z,15430000,0,0,0,0,0,0
SUPER_Z,15440000,0,0,0,0,0,0
SUPER_Z,15450000,0,0,0,0,0,0
SUPER_Z,15460000,0,0,0,0,0,0
SUPER_Z,15470000,0,0,0,0,0,0
SUPER_Z,15480000,0,0,0,0,0,0
SUPER_Z,15490000,0,0,0,0,0,0
SUPER_Z,15500000,0,0,0,0,0,0
SUPER_Z,15510000,0,0,0,0,0,0
SUPER_Z,15520000,0,0,0,0,0,0
SUPER_Z,15530000,0,6,1,7,0,0
SUPER_Z,15540000,0,0,0,0,0,0
SUPER_Z,15550000,0,0,0,0,0,0
SUPER_Z,15560000,0,0,0,0,0,0
SUPER_Z,15570000,0,0,0,0,0,0
SUPER_Z,15580000,0,0,0,0,0,0
SUPER_Z,15590000,0,0,0,0,0,0
SUPER_Z,15600000,0,0,0,0,0,0
SUPER_Z,15610000,0,0,0,0,0,0
SUPER_Z,15620000,0,0,0,0,0,0
SUPER_Z,15630000,0,0,0,0,0,0
SUPER_Z,15640000,0,0,0,0,0,0
SUPER_Z,15650000,0,1,4,5,0,0
SUPER_Z,15660000,0,3,0,3,0,0
SUPER_Z,15670000,0,0,0,0,0,0
SUPER_Z,15680000,0,0,0,0,0,0
SUPER_Z,15690000,0,0,0,0,0,0
SUPER_Z,15700000,0,0,0,0,0,0
SUPER_Z,15710000,0,0,0,0,0,0
SUPER_Z,15720000,0,0,0,0,0,0
SUPER_Z,15730000,0,0,0,0,0,0
SUPER_Z,15740000,0,0,0,0,0,0
SUPER_Z,15750000,0,0,0,0,0,0
SUPER_Z,15760000,0,0,0,0,0,0
SUPER_Z,15770000,0,0,0,0,0,0
SUPER_Z,15780000,0,1,1,2,0,0
SUPER_Z,15790000,0,0,1,1,0,0
SUPER_Z,15800000,0,0,0,0,0,0
SUPER_Z,15810000,0,0,0,0,0,0
SUPER_Z,15820000,0,0,0,0,0,0
SUPER_Z,15830000,0,0,0,0,0,0
SUPER_Z,15840000,0,0,0,0,0,0
SUPER_Z,15850000,0,0,0,0,0,0
SUPER_Z,15860000,0,0,0,0,0,0
SUPER_Z,15870000,0,0,0,0,0,0
SUPER_Z,15880000,0,0,0,0,0,0
SUPER_Z,15890000,0,0,0,0,0,0
SUPER_Z,15900000,0,0,0,0,0,0
SUPER_Z,15910000,0,0,0,0,0,0
SUPER_Z,15920000,0,0,0,0,0,0
SUPER_Z,15930000,0,0,0,0,0,0
SUPER_Z,15940000,0,0,0,0,0,0
SUPER_Z,15950000,0,0,0,0,0,0
SUPER_Z,15960000,0,0,0,0,0,0
SUPER_Z,15970000,0,0,0,0,0,0
SUPER_Z,15980000,0,0,0,0,0,0
SUPER_Z,15990000,0,0,0,0,0,0
SUPER_Z,16000000,0,0,0,0,0,0
SUPER_Z,16010000,0,0,0,0,0,0
SUPER_Z,16020000,0,0,0,0,0,0
SUPER_Z,16030000,0,0,0,0,0,0
SUPER_Z,16040000,0,0,0,0,0,0
SUPER_Z,16050000,0,0,0,0,0,0
SUPER_Z,16060000,0,0,0,0,0,0
SUPER_Z,16070000,0,0,0,0,0,0
SUPER_Z,16080000,0,0,0,0,0,0
SUPER_Z,16090000,0,0,0,0,0,0
SUPER_Z,16100000,0,0,0,0,0,0
SUPER_Z,16110000,0,0,0,0,0,0
SUPER_Z,16120000,0,0,0,0,0,0
SUPER_Z,16130000,0,0,0,0,0,0
SUPER_Z,16140000,0,0,0,0,0,0
SUPER_Z,16150000,0,0,0,0,0,0
SUPER_Z,16160000,0,0,0,0,0,0
SUPER_Z,16170000,0,0,0,0,0,0
SUPER_Z,16180000,0,0,0,0,0,0
SUPER_Z,16190000,0,0,0,0,0,0
SUPER_Z,16200000,0,0,0,0,0,0
SUPER_Z,16210000,0,0,0,0,0,0
SUPER_Z,16220000,0,0,0,0,0,0
SUPER_Z,16230000,0,0,0,0,0,0
SUPER_Z,16240000,0,0,0,0,0,0
SUPER_Z,16250000,0,0,0,0,0,0
SUPER_Z,16260000,0,0,0,0,0,0
SUPER_Z,16270000,0,0,0,0,0,0
SUPER_Z,16280000,0,0,0,0,0,0
SUPER_Z,16290000,0,0,0,0,0,0
SUPER_Z,16300000,0,0,0,0,0,0
SUPER_Z,16310000,0,0,0,0,0,0
SUPER_Z,16320000,0,0,0,0,0,0
SUPER_Z,16330000,0,0,0,0,0,0
SUPER_Z,16340000,0,0,0,0,0,0
SUPER_Z,16350000,0,0,0,0,0,0
SUPER_Z,16360000,0,0,0,0,0,0
SUPER_Z,16370000,0,0,0,0,0,0
SUPER_Z,16380000,0,0,0,0,0,0
SUPER_Z,16390000,0,0,0,0,0,0
SUPER_Z,16400000,0,0,0,0,0,0
SUPER_Z,16410000,0,6,7,13,0,0
SUPER_Z,16420000,0,0,0,0,0,0
SUPER_Z,16430000,0,0,0,0,0,0
SUPER_Z,16440000,0,0,0,0,0,0
SUPER_Z,16450000,0,0,0,0,0,0
SUPER_Z,16460000,0,0,0,0,0,0
SUPER_Z,16470000,0,0,0,0,0,0
SUPER_Z,16480000,0,0,0,0,0,0
SUPER_Z,16490000,0,0,0,0,0,0
SUPER_Z,16500000,0,0,0,0,0,0
SUPER_Z,16510000,0,0,0,0,0,0
SUPER_Z,16520000,0,0,0,0,0,0
SUPER_Z,16530000,0,0,0,0,0,0
SUPER_Z,16540000,0,0,0,0,0,0
SUPER_Z,16550000,0,0,0,0,0,0
SUPER_Z,16560000,0,0,0,0,0,0
SUPER_Z,16570000,0,0,0,0,0,0
SUPER_Z,16580000,0,0,0,0,0,0
SUPER_Z,16590000,0,0,0,0,0,0
SUPER_Z,16600000,0,0,0,0,0,0
SUPER_Z,16610000,0,0,0,0,0,0
SUPER_Z,16620000,0,0,0,0,0,0
SUPER_Z,16630000,0,0,0,0,0,0
SUPER_Z,16640000,0,0,0,0,0,0
SUPER_Z,16650000,0,0,0,0,0,0
SUPER_Z,16660000,0,0,0,0,0,0
SUPER_Z,16670000,0,0,0,0,0,0
SUPER_Z,16680000,0,4,3,7,0,0
SUPER_Z,16690000,0,0,0,0,0,0
SUPER_Z,16700000,0,0,0,0,0,0
SUPER_Z,16710000,0,0,0,0,0,0
SUPER_Z,16720000,0,0,0,0,0,0
SUPER_Z,16730000,0,0,0,0,0,0
SUPER_Z,16740000,0,0,0,0,0,0
SUPER_Z,16750000,0,0,0,0,0,0
SUPER_Z,16760000,0,0,0,0,0,0
SUPER_Z,16770000,0,0,0,0,0,0
SUPER_Z,16780000,0,0,0,0,0,0
SUPER_Z,16790000,0,0,0,0,0,0
SUPER_Z,16800000,0,0,0,0,0,0
SUPER_Z,16810000,0,0,0,0,0,0
SUPER_Z,16820000,0,0,0,0,0,0
SUPER_Z,16830000,0,0,0,0,0,0
SUPER_Z,16840000,0,0,0,0,0,0
SUPER_Z,16850000,0,0,0,0,0,0
SUPER_Z,16860000,0,0,0,0,0,0
SUPER_Z,16870000,0,1,4,5,0,0
SUPER_Z,16880000,0,0,0,0,0,0
SUPER_Z,16890000,0,0,0,0,0,0
SUPER_Z,16900000,0,0,0,0,0,0
SUPER_Z,16910000,0,0,0,0,0,0
SUPER_Z,16920000,0,0,0,0,0,0
SUPER_Z,16930000,0,0,0,0,0,0
SUPER_Z,16940000,0,0,0,0,0,0
SUPER_Z,16950000,0,0,0,0,0,0
SUPER_Z,16960000,0,0,0,0,0,0
SUPER_Z,16970000,0,0,0,0,0,0
SUPER_Z,16980000,0,0,0,0,0,0
SUPER_Z,16990000,0,0,0,0,0,0
SUPER_Z,17000000,0,0,0,0,0,0
SUPER_Z,17010000,0,0,0,0,0,0
SUPER_Z,17020000,0,0,0,0,0,0
SUPER_Z,17030000,0,0,0,0,0,0
SUPER_Z,17040000,0,0,0,0,0,0
SUPER_Z,17050000,0,0,0,0,0,0
scaffold_MT,10000,7,9,22,38,1,6
