ID,window,no_snps,no_insertions,no_deletions,snp_density,transitions,transversions
SUPER_1,10000,0,0,1,1,0,0
SUPER_1,20000,1,0,0,1,1,0
SUPER_1,30000,4,0,0,4,2,2
SUPER_1,40000,14,1,3,18,10,4
SUPER_1,50000,172,14,15,201,95,77
SUPER_1,60000,130,14,13,157,59,71
SUPER_1,70000,57,6,6,69,27,30
SUPER_1,80000,178,19,9,206,100,78
SUPER_1,90000,142,13,7,162,81,61
SUPER_1,100000,194,18,14,226,93,101
SUPER_1,110000,146,11,4,161,83,63
SUPER_1,120000,102,6,6,114,55,47
SUPER_1,130000,79,6,8,93,50,29
SUPER_1,140000,240,17,19,276,126,114
SUPER_1,150000,152,13,11,176,70,82
SUPER_1,160000,97,4,12,113,47,50
SUPER_1,170000,79,2,7,88,50,29
SUPER_1,180000,0,0,0,0,0,0
SUPER_1,190000,0,0,0,0,0,0
SUPER_1,200000,187,7,12,206,112,75
SUPER_1,210000,5,0,1,6,2,3
SUPER_1,220000,17,2,3,22,12,5
SUPER_1,230000,49,2,1,52,26,23
SUPER_1,240000,134,16,15,165,77,57
SUPER_1,250000,17,1,0,18,11,6
SUPER_1,260000,18,1,0,19,8,10
SUPER_1,270000,23,1,5,29,12,11
SUPER_1,280000,93,2,4,99,51,42
SUPER_1,290000,207,11,11,229,107,100
SUPER_1,300000,36,6,2,44,16,20
SUPER_1,310000,174,11,13,198,87,87
SUPER_1,320000,38,1,1,40,14,24
SUPER_1,330000,79,5,5,89,38,41
SUPER_1,340000,57,0,4,61,31,26
SUPER_1,350000,144,9,5,158,83,61
SUPER_1,360000,184,15,14,213,92,92
SUPER_1,370000,205,13,18,236,113,92
SUPER_1,380000,172,14,19,205,90,82
SUPER_1,390000,171,19,8,198,90,81
SUPER_1,400000,130,8,14,152,61,69
SUPER_1,410000,46,3,3,52,25,21
SUPER_1,420000,105,11,9,125,57,48
SUPER_1,430000,100,8,10,118,55,45
SUPER_1,440000,295,20,26,341,143,152
SUPER_1,450000,258,24,26,308,124,134
SUPER_1,460000,276,31,21,328,133,143
SUPER_1,470000,271,28,25,324,148,123
SUPER_1,480000,96,4,7,107,50,46
SUPER_1,490000,67,1,4,72,33,34
SUPER_1,500000,51,1,9,61,24,27
SUPER_1,510000,51,8,8,67,30,21
SUPER_1,520000,136,5,17,158,75,61
SUPER_1,530000,79,6,12,97,35,44
SUPER_1,540000,229,19,29,277,126,103
SUPER_1,550000,256,23,34,313,129,127
SUPER_1,560000,232,22,20,274,131,101
SUPER_1,570000,192,15,23,230,118,74
SUPER_1,580000,24,4,1,29,14,10
SUPER_1,590000,114,15,10,139,44,70
SUPER_1,600000,127,9,8,144,57,70
SUPER_1,610000,176,7,18,201,88,88
SUPER_1,620000,71,7,8,86,42,29
SUPER_1,630000,271,18,27,316,144,127
SUPER_1,640000,58,0,4,62,31,27
SUPER_1,650000,57,0,4,61,31,26
SUPER_1,660000,28,2,5,35,15,13
SUPER_1,670000,105,12,10,127,61,44
SUPER_1,680000,253,18,10,281,131,122
SUPER_1,690000,75,12,7,94,35,40
SUPER_1,700000,192,11,7,210,82,110
SUPER_1,710000,268,22,21,311,147,121
SUPER_1,720000,74,2,3,79,37,37
SUPER_1,730000,58,0,1,59,20,38
SUPER_1,740000,122,9,8,139,60,62
SUPER_1,750000,56,0,3,59,36,20
SUPER_1,760000,256,19,18,293,126,130
SUPER_1,770000,270,19,20,309,140,130
SUPER_1,780000,28,2,4,34,12,16
SUPER_1,790000,63,3,6,72,35,28
SUPER_1,800000,115,11,4,130,59,56
SUPER_1,810000,61,5,9,75,31,30
SUPER_1,820000,84,6,4,94,37,47
SUPER_1,830000,51,4,7,62,30,21
SUPER_1,840000,4,0,0,4,1,3
SUPER_1,850000,42,3,2,47,24,18
SUPER_1,860000,74,10,7,91,35,39
SUPER_1,870000,243,15,24,282,119,124
SUPER_1,880000,275,23,18,316,136,139
SUPER_1,890000,101,9,5,115,46,55
SUPER_1,900000,242,16,26,284,111,131
SUPER_1,910000,298,33,35,366,145,153
SUPER_1,920000,189,20,25,234,92,97
SUPER_1,930000,212,11,15,238,122,90
SUPER_1,940000,126,7,7,140,66,60
SUPER_1,950000,35,0,3,38,13,22
SUPER_1,960000,1,0,0,1,1,0
SUPER_1,970000,36,1,2,39,24,12
SUPER_1,980000,155,8,9,172,79,76
SUPER_1,990000,0,0,0,0,0,0
SUPER_1,1000000,0,0,0,0,0,0
SUPER_1,1010000,49,2,7,58,25,24
SUPER_1,1020000,170,17,18,205,93,77
SUPER_1,1030000,119,11,8,138,70,49
SUPER_1,1040000,130,5,8,143,66,64
SUPER_1,1050000,148,13,9,170,74,74
SUPER_1,1060000,43,5,1,49,14,29
SUPER_1,1070000,115,6,13,134,59,56
SUPER_1,1080000,126,15,7,148,73,53
SUPER_1,1090000,71,2,7,80,37,34
SUPER_1,1100000,207,20,16,243,110,97
SUPER_1,1110000,314,28,26,368,163,151
SUPER_1,1120000,231,23,23,277,128,103
SUPER_1,1130000,257,23,20,300,135,122
SUPER_1,1140000,0,0,0,0,0,0
SUPER_1,1150000,0,0,0,0,0,0
SUPER_1,1160000,150,10,8,168,81,69
SUPER_1,1170000,94,4,7,105,50,44
SUPER_1,1180000,66,2,4,72,34,32
SUPER_1,1190000,57,0,2,59,29,28
SUPER_1,1200000,68,5,12,85,44,24
SUPER_1,1210000,45,3,5,53,26,19
SUPER_1,1220000,217,16,28,261,98,119
SUPER_1,1230000,286,19,15,320,147,139
SUPER_1,1240000,178,10,12,200,105,73
SUPER_1,1250000,122,9,9,140,61,61
SUPER_1,1260000,182,20,18,220,89,93
SUPER_1,1270000,60,4,6,70,35,25
SUPER_1,1280000,86,6,12,104,40,46
SUPER_1,1290000,0,0,1,1,0,0
SUPER_1,1300000,65,7,8,80,33,32
SUPER_1,1310000,153,11,8,172,79,74
SUPER_1,1320000,73,3,2,78,43,30
SUPER_1,1330000,133,14,8,155,61,72
SUPER_1,1340000,264,30,20,314,139,125
SUPER_1,1350000,122,7,5,134,64,58
SUPER_1,1360000,118,7,8,133,56,62
SUPER_1,1370000,5,1,0,6,2,3
SUPER_1,1380000,130,14,11,155,62,68
SUPER_1,1390000,266,17,25,308,140,126
SUPER_1,1400000,206,12,18,236,107,99
SUPER_1,1410000,196,17,19,232,94,102
SUPER_1,1420000,108,7,11,126,50,58
SUPER_1,1430000,77,7,8,92,40,37
SUPER_1,1440000,175,16,13,204,95,80
SUPER_1,1450000,52,3,5,60,31,21
SUPER_1,1460000,1,0,1,2,0,1
SUPER_1,1470000,79,8,6,93,41,38
SUPER_1,1480000,87,9,4,100,36,51
SUPER_1,1490000,28,3,2,33,18,10
SUPER_1,1500000,198,11,22,231,107,91
SUPER_1,1510000,296,23,23,342,147,149
SUPER_1,1520000,271,25,26,322,131,140
SUPER_1,1530000,112,11,9,132,47,65
SUPER_1,1540000,47,3,0,50,23,24
SUPER_1,1550000,153,9,6,168,88,65
SUPER_1,1560000,169,14,18,201,85,84
SUPER_1,1570000,229,14,20,263,113,116
SUPER_1,1580000,203,17,18,238,106,97
SUPER_1,1590000,12,0,3,15,6,6
SUPER_1,1600000,140,12,10,162,74,66
SUPER_1,1610000,142,12,9,163,75,67
SUPER_1,1620000,163,18,18,199,93,70
SUPER_1,1630000,287,23,35,345,132,154
SUPER_1,1640000,72,4,6,82,32,40
SUPER_1,1650000,152,9,9,170,77,75
SUPER_1,1660000,119,11,11,141,51,68
SUPER_1,1670000,121,11,16,148,69,52
SUPER_1,1680000,118,5,10,133,63,55
SUPER_1,1690000,171,14,15,200,75,96
SUPER_1,1700000,101,10,7,118,49,52
SUPER_1,1710000,160,11,10,181,79,81
SUPER_1,1720000,39,5,6,50,25,14
SUPER_1,1730000,107,13,9,129,53,54
SUPER_1,1740000,58,2,6,66,32,26
SUPER_1,1750000,100,8,4,112,48,52
SUPER_1,1760000,110,9,5,124,59,51
SUPER_1,1770000,56,6,2,64,31,25
SUPER_1,1780000,230,12,17,259,126,104
SUPER_1,1790000,277,13,30,320,136,141
SUPER_1,1800000,238,24,17,279,115,123
SUPER_1,1810000,205,18,13,236,101,104
SUPER_1,1820000,106,7,10,123,49,57
SUPER_1,1830000,56,8,6,70,30,26
SUPER_1,1840000,10,1,0,11,9,1
SUPER_1,1850000,134,9,10,153,63,71
SUPER_1,1860000,164,17,18,199,91,73
SUPER_1,1870000,164,13,15,192,75,89
SUPER_1,1880000,0,0,0,0,0,0
SUPER_1,1890000,0,0,0,0,0,0
SUPER_1,1900000,64,2,4,70,38,26
SUPER_1,1910000,40,6,4,50,15,25
SUPER_1,1920000,88,4,11,103,51,37
SUPER_1,1930000,26,3,3,32,18,8
SUPER_1,1940000,118,10,4,132,56,62
SUPER_1,1950000,246,16,25,287,131,115
SUPER_1,1960000,35,5,1,41,12,23
SUPER_1,1970000,165,16,8,189,94,71
SUPER_1,1980000,103,6,6,115,55,48
SUPER_1,1990000,6,0,1,7,3,3
SUPER_1,2000000,104,8,5,117,50,54
SUPER_1,2010000,17,0,3,20,10,7
SUPER_1,2020000,74,10,9,93,41,33
SUPER_1,2030000,198,17,19,234,102,96
SUPER_1,2040000,36,2,5,43,20,16
SUPER_1,2050000,32,5,3,40,17,15
SUPER_1,2060000,69,5,11,85,33,36
SUPER_1,2070000,74,6,10,90,35,39
SUPER_1,2080000,159,10,12,181,78,81
SUPER_1,2090000,99,7,8,114,45,54
SUPER_1,2100000,174,13,17,204,87,87
SUPER_1,2110000,98,3,12,113,52,46
SUPER_1,2120000,26,4,5,35,17,9
SUPER_1,2130000,96,3,5,104,52,44
SUPER_1,2140000,264,16,23,303,144,120
SUPER_1,2150000,195,27,23,245,97,98
SUPER_1,2160000,108,6,11,125,59,49
SUPER_1,2170000,48,4,1,53,35,13
SUPER_1,2180000,53,5,3,61,30,23
SUPER_1,2190000,90,6,9,105,39,51
SUPER_1,2200000,93,13,7,113,48,45
SUPER_1,2210000,186,21,10,217,87,99
SUPER_1,2220000,29,5,1,35,15,14
SUPER_1,2230000,152,10,18,180,85,67
SUPER_1,2240000,248,20,29,297,114,134
SUPER_1,2250000,86,5,6,97,51,35
SUPER_1,2260000,93,11,7,111,50,43
SUPER_1,2270000,274,21,22,317,147,127
SUPER_1,2280000,48,3,8,59,28,20
SUPER_1,2290000,63,4,5,72,34,29
SUPER_1,2300000,117,13,12,142,51,66
SUPER_1,2310000,14,3,1,18,4,10
SUPER_1,2320000,222,20,27,269,108,114
SUPER_1,2330000,143,10,11,164,69,74
SUPER_1,2340000,125,15,18,158,57,68
SUPER_1,2350000,212,20,20,252,116,96
SUPER_1,2360000,41,3,1,45,15,26
SUPER_1,2370000,70,4,7,81,34,36
SUPER_1,2380000,247,23,19,289,132,115
SUPER_1,2390000,213,15,33,261,104,109
SUPER_1,2400000,56,3,6,65,31,25
SUPER_1,2410000,47,2,3,52,22,25
SUPER_1,2420000,9,2,2,13,3,6
SUPER_1,2430000,86,6,5,97,44,42
SUPER_1,2440000,83,8,6,97,34,49
SUPER_1,2450000,8,3,3,14,5,3
SUPER_1,2460000,64,2,9,75,42,22
SUPER_1,2470000,105,10,6,121,48,57
SUPER_1,2480000,13,0,2,15,7,6
SUPER_1,2490000,122,5,11,138,63,59
SUPER_1,2500000,183,12,10,205,102,81
SUPER_1,2510000,265,18,17,300,121,144
SUPER_1,2520000,200,14,11,225,99,101
SUPER_1,2530000,98,7,9,114,46,52
SUPER_1,2540000,134,10,10,154,65,69
SUPER_1,2550000,188,21,24,233,90,98
SUPER_1,2560000,187,14,18,219,92,95
SUPER_1,2570000,146,13,16,175,76,70
SUPER_1,2580000,95,14,9,118,38,57
SUPER_1,2590000,176,14,12,202,97,79
SUPER_1,2600000,48,4,9,61,22,26
SUPER_1,2610000,54,9,10,73,29,25
SUPER_1,2620000,100,10,11,121,52,48
SUPER_1,2630000,89,3,3,95,48,41
SUPER_1,2640000,71,12,7,90,42,29
SUPER_1,2650000,77,6,8,91,46,31
SUPER_1,2660000,213,17,18,248,115,98
SUPER_1,2670000,165,13,14,192,71,94
SUPER_1,2680000,176,19,19,214,82,94
SUPER_1,2690000,93,8,8,109,38,55
SUPER_1,2700000,189,20,26,235,94,95
SUPER_1,2710000,247,10,14,271,128,119
SUPER_1,2720000,265,20,30,315,127,138
SUPER_1,2730000,67,6,4,77,38,29
SUPER_1,2740000,93,8,6,107,43,50
SUPER_1,2750000,107,7,8,122,67,40
SUPER_1,2760000,49,4,4,57,26,23
SUPER_1,2770000,37,6,2,45,22,15
SUPER_1,2780000,185,10,19,214,93,92
SUPER_1,2790000,58,4,7,69,33,25
SUPER_1,2800000,51,8,4,63,24,27
SUPER_1,2810000,73,6,7,86,38,35
SUPER_1,2820000,107,4,16,127,56,51
SUPER_1,2830000,231,13,21,265,118,113
SUPER_1,2840000,149,11,15,175,75,74
SUPER_1,2850000,99,7,9,115,48,51
SUPER_1,2860000,20,1,1,22,10,10
SUPER_1,2870000,28,3,3,34,11,17
SUPER_1,2880000,202,19,23,244,87,115
SUPER_1,2890000,42,4,1,47,29,13
SUPER_1,2900000,127,7,8,142,64,63
SUPER_1,2910000,286,33,16,335,142,144
SUPER_1,2920000,119,8,8,135,57,62
SUPER_1,2930000,103,8,9,120,57,46
SUPER_1,2940000,57,4,7,68,31,26
SUPER_1,2950000,132,14,11,157,61,71
SUPER_1,2960000,160,13,10,183,73,87
SUPER_1,2970000,149,12,13,174,85,64
SUPER_1,2980000,147,14,18,179,69,78
SUPER_1,2990000,35,5,4,44,19,16
SUPER_1,3000000,144,14,18,176,80,64
SUPER_1,3010000,119,13,15,147,52,67
SUPER_1,3020000,312,18,34,364,141,171
SUPER_1,3030000,186,18,19,223,94,92
SUPER_1,3040000,99,8,12,119,47,52
SUPER_1,3050000,85,7,7,99,45,40
SUPER_1,3060000,103,12,6,121,60,43
SUPER_1,3070000,143,14,18,175,81,62
SUPER_1,3080000,226,23,16,265,121,105
SUPER_1,3090000,97,4,5,106,59,38
SUPER_1,3100000,90,7,5,102,51,39
SUPER_1,3110000,133,8,7,148,71,62
SUPER_1,3120000,117,11,11,139,49,68
SUPER_1,3130000,133,11,8,152,70,63
SUPER_1,3140000,80,9,3,92,40,40
SUPER_1,3150000,260,28,24,312,143,117
SUPER_1,3160000,148,11,13,172,81,67
SUPER_1,3170000,175,18,8,201,88,87
SUPER_1,3180000,49,5,3,57,29,20
SUPER_1,3190000,87,7,5,99,53,34
SUPER_1,3200000,102,5,10,117,56,46
SUPER_1,3210000,70,9,5,84,36,34
SUPER_1,3220000,235,14,20,269,107,128
SUPER_1,3230000,3,1,0,4,1,2
SUPER_1,3240000,186,11,11,208,90,96
SUPER_1,3250000,17,1,2,20,9,8
SUPER_1,3260000,13,1,0,14,5,8
SUPER_1,3270000,9,1,0,10,3,6
SUPER_1,3280000,2,1,0,3,1,1
SUPER_1,3290000,106,6,11,123,63,43
SUPER_1,3300000,51,3,2,56,26,25
SUPER_1,3310000,32,3,3,38,14,18
SUPER_1,3320000,0,0,0,0,0,0
SUPER_1,3330000,0,0,0,0,0,0
SUPER_1,3340000,0,0,0,0,0,0
SUPER_1,3350000,64,1,6,71,34,30
SUPER_1,3360000,36,3,3,42,20,16
SUPER_1,3370000,2,0,0,2,0,2
SUPER_1,3380000,65,1,8,74,31,34
SUPER_1,3390000,141,13,10,164,76,65
SUPER_1,3400000,35,3,2,40,19,16
SUPER_1,3410000,12,0,0,12,6,6
SUPER_1,3420000,79,6,8,93,43,36
SUPER_1,3430000,39,2,6,47,19,20
SUPER_1,3440000,7,0,0,7,5,2
SUPER_1,3450000,6,1,1,8,5,1
SUPER_1,3460000,99,8,5,112,54,45
SUPER_1,3470000,49,4,0,53,25,24
SUPER_1,3480000,15,1,0,16,9,6
SUPER_1,3490000,50,4,3,57,27,23
SUPER_1,3500000,139,11,14,164,74,65
SUPER_1,3510000,0,0,1,1,0,0
SUPER_1,3520000,2,2,0,4,1,1
SUPER_1,3530000,1,0,0,1,1,0
SUPER_1,3540000,0,1,0,1,0,0
SUPER_1,3550000,6,1,0,7,0,6
SUPER_1,3560000,130,9,13,152,61,69
SUPER_1,3570000,0,0,0,0,0,0
SUPER_1,3580000,0,0,0,0,0,0
SUPER_1,3590000,80,5,7,92,39,41
SUPER_1,3600000,3,1,1,5,2,1
SUPER_1,3610000,4,1,1,6,3,1
SUPER_1,3620000,6,1,5,12,3,3
SUPER_1,3630000,4,0,0,4,2,2
SUPER_1,3640000,7,1,0,8,3,4
SUPER_1,3650000,1,2,1,4,1,0
SUPER_1,3660000,5,0,1,6,2,3
SUPER_1,3670000,0,0,0,0,0,0
SUPER_1,3680000,0,0,0,0,0,0
SUPER_1,3690000,0,0,0,0,0,0
SUPER_1,3700000,0,0,0,0,0,0
SUPER_1,3710000,12,1,1,14,3,9
SUPER_1,3720000,3,0,0,3,1,2
SUPER_1,3730000,0,0,0,0,0,0
SUPER_1,3740000,0,0,0,0,0,0
SUPER_1,3750000,58,2,1,61,25,33
SUPER_1,3760000,0,0,0,0,0,0
SUPER_1,3770000,0,0,0,0,0,0
SUPER_1,3780000,103,5,14,122,53,50
SUPER_1,3790000,36,3,4,43,20,16
SUPER_1,3800000,79,6,6,91,39,40
SUPER_1,3810000,11,0,0,11,5,6
SUPER_1,3820000,77,16,5,98,37,40
SUPER_1,3830000,264,25,25,314,136,128
SUPER_1,3840000,189,19,16,224,90,99
SUPER_1,3850000,242,30,21,293,117,125
SUPER_1,3860000,6,1,1,8,2,4
SUPER_1,3870000,76,6,5,87,36,40
SUPER_1,3880000,91,7,5,103,40,51
SUPER_1,3890000,0,0,0,0,0,0
SUPER_1,3900000,0,0,0,0,0,0
SUPER_1,3910000,5,3,1,9,4,1
SUPER_1,3920000,116,11,13,140,56,60
SUPER_1,3930000,81,2,5,88,46,35
SUPER_1,3940000,28,0,1,29,17,11
SUPER_1,3950000,3,0,0,3,2,1
SUPER_1,3960000,128,16,11,155,64,64
SUPER_1,3970000,12,1,3,16,4,8
SUPER_1,3980000,6,2,3,11,2,4
SUPER_1,3990000,4,0,0,4,0,4
SUPER_1,4000000,8,3,1,12,6,2
SUPER_1,4010000,8,2,3,13,4,4
SUPER_1,4020000,29,1,4,34,15,14
SUPER_1,4030000,140,15,8,163,66,74
SUPER_1,4040000,242,21,21,284,130,112
SUPER_1,4050000,195,18,16,229,98,97
SUPER_1,4060000,222,19,19,260,114,108
SUPER_1,4070000,83,0,6,89,41,42
SUPER_1,4080000,149,13,12,174,77,72
SUPER_1,4090000,127,12,7,146,64,63
SUPER_1,4100000,176,13,11,200,102,74
SUPER_1,4110000,19,2,3,24,10,9
SUPER_1,4120000,0,0,0,0,0,0
SUPER_1,4130000,0,0,0,0,0,0
SUPER_1,4140000,14,1,1,16,9,5
SUPER_1,4150000,27,5,3,35,18,9
SUPER_1,4160000,3,0,0,3,1,2
SUPER_1,4170000,31,4,7,42,15,16
SUPER_1,4180000,198,18,15,231,89,109
SUPER_1,4190000,120,11,11,142,63,57
SUPER_1,4200000,0,0,0,0,0,0
SUPER_1,4210000,0,0,0,0,0,0
SUPER_1,4220000,132,9,12,153,76,56
SUPER_1,4230000,30,4,2,36,14,16
SUPER_1,4240000,5,1,2,8,2,3
SUPER_1,4250000,49,6,5,60,20,29
SUPER_1,4260000,19,3,2,24,12,7
SUPER_1,4270000,10,0,1,11,5,5
SUPER_1,4280000,50,3,8,61,28,22
SUPER_1,4290000,43,2,6,51,23,20
SUPER_1,4300000,26,0,2,28,12,14
SUPER_1,4310000,14,2,2,18,9,5
SUPER_1,4320000,19,1,1,21,7,12
SUPER_1,4330000,86,9,13,108,37,49
SUPER_1,4340000,145,14,13,172,71,74
SUPER_1,4350000,96,6,12,114,52,44
SUPER_1,4360000,122,7,5,134,60,62
SUPER_1,4370000,0,0,0,0,0,0
SUPER_1,4380000,0,0,0,0,0,0
SUPER_1,4390000,86,3,8,97,40,46
SUPER_1,4400000,46,1,3,50,26,20
SUPER_1,4410000,5,0,0,5,3,2
SUPER_1,4420000,42,2,7,51,28,14
SUPER_1,4430000,8,0,2,10,2,6
SUPER_1,4440000,9,3,2,14,6,3
SUPER_1,4450000,31,6,3,40,16,15
SUPER_1,4460000,13,3,2,18,8,5
SUPER_1,4470000,15,1,1,17,9,6
SUPER_1,4480000,73,7,4,84,37,36
SUPER_1,4490000,73,8,8,89,32,41
SUPER_1,4500000,0,0,0,0,0,0
SUPER_1,4510000,0,0,0,0,0,0
SUPER_1,4520000,4,1,1,6,2,2
SUPER_1,4530000,9,3,0,12,6,3
SUPER_1,4540000,172,17,21,210,81,91
SUPER_1,4550000,158,12,13,183,79,79
SUPER_1,4560000,107,9,7,123,46,61
SUPER_1,4570000,194,17,15,226,103,91
SUPER_1,4580000,104,9,16,129,56,48
SUPER_1,4590000,54,7,6,67,27,27
SUPER_1,4600000,7,1,0,8,3,4
SUPER_1,4610000,12,2,2,16,8,4
SUPER_1,4620000,115,8,9,132,62,53
SUPER_1,4630000,66,9,4,79,29,37
SUPER_1,4640000,141,17,17,175,64,77
SUPER_1,4650000,178,13,8,199,94,84
SUPER_1,4660000,210,13,16,239,107,103
SUPER_1,4670000,237,21,23,281,118,119
SUPER_1,4680000,45,2,2,49,18,27
SUPER_1,4690000,7,1,3,11,4,3
SUPER_1,4700000,2,0,0,2,0,2
SUPER_1,4710000,84,7,9,100,38,46
SUPER_1,4720000,261,26,25,312,131,130
SUPER_1,4730000,260,23,23,306,125,135
SUPER_1,4740000,175,13,24,212,85,90
SUPER_1,4750000,100,14,15,129,43,57
SUPER_1,4760000,49,5,6,60,23,26
SUPER_1,4770000,2,1,0,3,1,1
SUPER_1,4780000,28,3,13,44,14,14
SUPER_1,4790000,34,1,1,36,13,21
SUPER_1,4800000,25,2,1,28,13,12
SUPER_1,4810000,121,12,13,146,61,60
SUPER_1,4820000,64,4,9,77,36,28
SUPER_1,4830000,84,12,12,108,51,33
SUPER_1,4840000,104,8,13,125,55,49
SUPER_1,4850000,10,0,1,11,2,8
SUPER_1,4860000,101,9,11,121,65,36
SUPER_1,4870000,30,3,1,34,18,12
SUPER_1,4880000,103,13,8,124,48,55
SUPER_1,4890000,63,6,3,72,35,28
SUPER_1,4900000,53,4,6,63,23,30
SUPER_1,4910000,187,18,19,224,109,78
SUPER_1,4920000,187,11,11,209,90,97
SUPER_1,4930000,49,3,4,56,26,23
SUPER_1,4940000,74,13,3,90,38,36
SUPER_1,4950000,30,1,10,41,9,21
SUPER_1,4960000,26,3,1,30,8,18
SUPER_1,4970000,72,4,7,83,38,34
SUPER_1,4980000,121,14,17,152,68,53
SUPER_1,4990000,120,7,11,138,55,65
SUPER_1,5000000,121,9,11,141,60,61
SUPER_1,5010000,62,7,10,79,35,27
SUPER_1,5020000,63,6,6,75,33,30
SUPER_1,5030000,14,1,1,16,7,7
SUPER_1,5040000,25,2,7,34,10,15
SUPER_1,5050000,33,2,1,36,16,17
SUPER_1,5060000,0,0,0,0,0,0
SUPER_1,5070000,0,0,0,0,0,0
SUPER_1,5080000,72,6,6,84,33,39
SUPER_1,5090000,23,2,0,25,12,11
SUPER_1,5100000,37,1,3,41,15,22
SUPER_1,5110000,111,10,4,125,54,57
SUPER_1,5120000,164,22,14,200,75,89
SUPER_1,5130000,237,23,21,281,123,114
SUPER_1,5140000,24,2,5,31,7,17
SUPER_1,5150000,31,3,3,37,12,19
SUPER_1,5160000,106,11,11,128,61,45
SUPER_1,5170000,128,12,17,157,67,61
SUPER_1,5180000,10,0,1,11,4,6
SUPER_1,5190000,10,0,3,13,3,7
SUPER_1,5200000,86,9,8,103,36,50
SUPER_1,5210000,212,14,15,241,109,103
SUPER_1,5220000,101,12,8,121,47,54
SUPER_1,5230000,40,3,3,46,25,15
SUPER_1,5240000,97,6,4,107,56,41
SUPER_1,5250000,68,9,3,80,35,33
SUPER_1,5260000,72,9,8,89,43,29
SUPER_1,5270000,55,4,10,69,23,32
SUPER_1,5280000,168,17,14,199,90,78
SUPER_1,5290000,186,18,22,226,98,88
SUPER_1,5300000,56,8,5,69,29,27
SUPER_1,5310000,109,17,12,138,53,56
SUPER_1,5320000,62,8,5,75,29,33
SUPER_1,5330000,152,9,14,175,75,77
SUPER_1,5340000,151,21,23,195,75,76
SUPER_1,5350000,164,21,18,203,87,77
SUPER_1,5360000,114,11,9,134,55,59
SUPER_1,5370000,27,5,5,37,15,12
SUPER_1,5380000,57,8,10,75,31,26
SUPER_1,5390000,119,10,9,138,63,56
SUPER_1,5400000,266,13,18,297,141,125
SUPER_1,5410000,129,12,12,153,70,59
SUPER_1,5420000,31,2,4,37,17,14
SUPER_1,5430000,39,5,2,46,24,15
SUPER_1,5440000,56,3,3,62,24,32
SUPER_1,5450000,16,4,2,22,5,11
SUPER_1,5460000,100,8,12,120,46,54
SUPER_1,5470000,86,6,8,100,40,46
SUPER_1,5480000,53,4,8,65,27,26
SUPER_1,5490000,113,9,8,130,52,61
SUPER_1,5500000,26,1,3,30,16,10
SUPER_1,5510000,69,7,6,82,32,37
SUPER_1,5520000,0,0,0,0,0,0
SUPER_1,5530000,0,0,0,0,0,0
SUPER_1,5540000,108,9,7,124,60,48
SUPER_1,5550000,43,1,3,47,25,18
SUPER_1,5560000,39,2,6,47,20,19
SUPER_1,5570000,75,2,11,88,44,31
SUPER_1,5580000,184,18,17,219,97,87
SUPER_1,5590000,6,2,2,10,5,1
SUPER_1,5600000,12,0,0,12,5,7
SUPER_1,5610000,2,0,1,3,1,1
SUPER_1,5620000,4,0,0,4,2,2
SUPER_1,5630000,77,10,11,98,36,41
SUPER_1,5640000,67,5,2,74,34,33
SUPER_1,5650000,65,5,7,77,23,42
SUPER_1,5660000,147,11,20,178,77,70
SUPER_1,5670000,101,11,8,120,45,56
SUPER_1,5680000,59,4,5,68,24,35
SUPER_1,5690000,86,8,5,99,36,50
SUPER_1,5700000,183,16,15,214,99,84
SUPER_1,5710000,112,12,9,133,44,68
SUPER_1,5720000,175,20,20,215,82,93
SUPER_1,5730000,115,7,13,135,50,65
SUPER_1,5740000,91,6,9,106,40,51
SUPER_1,5750000,71,9,13,93,32,39
SUPER_1,5760000,144,16,12,172,68,76
SUPER_1,5770000,125,14,14,153,57,68
SUPER_1,5780000,134,8,14,156,65,69
SUPER_1,5790000,61,5,1,67,28,33
SUPER_1,5800000,135,5,14,154,74,61
SUPER_1,5810000,103,13,9,125,63,40
SUPER_1,5820000,36,4,6,46,15,21
SUPER_1,5830000,88,10,7,105,46,42
SUPER_1,5840000,63,6,7,76,27,36
SUPER_1,5850000,60,6,6,72,29,31
SUPER_1,5860000,94,5,11,110,45,49
SUPER_1,5870000,103,17,13,133,58,45
SUPER_1,5880000,18,0,1,19,8,10
SUPER_1,5890000,13,0,2,15,10,3
SUPER_1,5900000,49,2,4,55,26,23
SUPER_1,5910000,91,11,9,111,47,44
SUPER_1,5920000,32,5,6,43,16,16
SUPER_1,5930000,127,16,14,157,58,69
SUPER_1,5940000,76,15,11,102,40,36
SUPER_1,5950000,12,2,3,17,4,8
SUPER_1,5960000,2,0,0,2,1,1
SUPER_1,5970000,1,1,0,2,1,0
SUPER_1,5980000,0,0,0,0,0,0
SUPER_1,5990000,0,0,0,0,0,0
SUPER_1,6000000,2,1,1,4,1,1
SUPER_1,6010000,0,0,0,0,0,0
SUPER_1,6020000,0,0,0,0,0,0
SUPER_1,6030000,0,0,0,0,0,0
SUPER_1,6040000,1,2,1,4,0,1
SUPER_1,6050000,120,7,12,139,54,66
SUPER_1,6060000,91,10,14,115,45,46
SUPER_1,6070000,2,1,0,3,1,1
SUPER_1,6080000,2,0,2,4,0,2
SUPER_1,6090000,0,0,0,0,0,0
SUPER_1,6100000,0,0,0,0,0,0
SUPER_1,6110000,5,5,0,10,4,1
SUPER_1,6120000,5,0,0,5,3,2
SUPER_1,6130000,2,1,0,3,2,0
SUPER_1,6140000,0,1,2,3,0,0
SUPER_1,6150000,24,4,2,30,13,11
SUPER_1,6160000,69,6,5,80,38,31
SUPER_1,6170000,96,15,15,126,52,44
SUPER_1,6180000,45,1,4,50,26,19
SUPER_1,6190000,23,0,3,26,9,14
SUPER_1,6200000,137,15,22,174,67,70
SUPER_1,6210000,110,9,9,128,56,54
SUPER_1,6220000,75,6,9,90,32,43
SUPER_1,6230000,127,9,10,146,64,63
SUPER_1,6240000,38,2,1,41,22,16
SUPER_1,6250000,48,3,8,59,16,32
SUPER_1,6260000,94,9,8,111,39,55
SUPER_1,6270000,42,3,1,46,23,19
SUPER_1,6280000,1,0,0,1,1,0
SUPER_1,6290000,52,4,2,58,24,28
SUPER_1,6300000,95,4,6,105,39,56
SUPER_1,6310000,0,0,0,0,0,0
SUPER_1,6320000,0,0,0,0,0,0
SUPER_1,6330000,203,15,16,234,108,95
SUPER_1,6340000,195,13,23,231,89,106
SUPER_1,6350000,106,7,12,125,46,60
SUPER_1,6360000,117,8,15,140,52,65
SUPER_1,6370000,90,6,13,109,43,47
SUPER_1,6380000,106,14,2,122,46,60
SUPER_1,6390000,104,7,15,126,52,52
SUPER_1,6400000,8,1,1,10,4,4
SUPER_1,6410000,12,0,1,13,7,5
SUPER_1,6420000,50,4,5,59,27,23
SUPER_1,6430000,66,5,3,74,29,37
SUPER_1,6440000,164,13,18,195,83,81
SUPER_1,6450000,76,4,8,88,33,43
SUPER_1,6460000,118,14,14,146,49,69
SUPER_1,6470000,47,3,10,60,26,21
SUPER_1,6480000,126,14,9,149,69,57
SUPER_1,6490000,114,8,15,137,49,65
SUPER_1,6500000,39,5,2,46,23,16
SUPER_1,6510000,0,1,0,1,0,0
SUPER_1,6520000,58,2,3,63,35,23
SUPER_1,6530000,170,11,8,189,83,87
SUPER_1,6540000,258,16,20,294,127,131
SUPER_1,6550000,111,13,13,137,54,57
SUPER_1,6560000,144,13,11,168,68,76
SUPER_1,6570000,29,0,4,33,16,13
SUPER_1,6580000,36,7,4,47,19,17
SUPER_1,6590000,56,6,1,63,27,29
SUPER_1,6600000,102,7,7,116,50,52
SUPER_1,6610000,5,2,2,9,1,4
SUPER_1,6620000,2,0,0,2,1,1
SUPER_1,6630000,2,0,2,4,1,1
SUPER_1,6640000,4,1,1,6,2,2
SUPER_1,6650000,2,1,0,3,1,1
SUPER_1,6660000,71,6,5,82,31,40
SUPER_1,6670000,183,17,22,222,99,84
SUPER_1,6680000,83,3,6,92,44,39
SUPER_1,6690000,169,22,10,201,87,82
SUPER_1,6700000,104,11,5,120,47,57
SUPER_1,6710000,76,9,9,94,29,47
SUPER_1,6720000,35,6,4,45,17,18
SUPER_1,6730000,41,3,6,50,19,22
SUPER_1,6740000,101,11,12,124,56,45
SUPER_1,6750000,0,0,0,0,0,0
SUPER_1,6760000,0,0,0,0,0,0
SUPER_1,6770000,0,0,0,0,0,0
SUPER_1,6780000,0,0,0,0,0,0
SUPER_1,6790000,0,0,0,0,0,0
SUPER_1,6800000,0,0,0,0,0,0
SUPER_1,6810000,0,0,0,0,0,0
SUPER_1,6820000,0,0,0,0,0,0
SUPER_1,6830000,0,0,0,0,0,0
SUPER_1,6840000,0,0,0,0,0,0
SUPER_1,6850000,0,0,0,0,0,0
SUPER_1,6860000,0,0,0,0,0,0
SUPER_1,6870000,190,13,12,215,101,89
SUPER_1,6880000,287,23,26,336,132,155
SUPER_1,6890000,242,17,28,287,120,122
SUPER_1,6900000,37,2,8,47,17,20
SUPER_1,6910000,80,7,7,94,44,36
SUPER_1,6920000,105,13,13,131,49,56
SUPER_1,6930000,151,10,9,170,69,82
SUPER_1,6940000,80,6,13,99,41,39
SUPER_1,6950000,19,2,3,24,5,14
SUPER_1,6960000,117,9,14,140,61,56
SUPER_1,6970000,127,20,9,156,73,54
SUPER_1,6980000,199,16,30,245,101,98
SUPER_1,6990000,6,1,2,9,1,5
SUPER_1,7000000,7,2,0,9,4,3
SUPER_1,7010000,29,6,6,41,14,15
SUPER_1,7020000,6,2,1,9,3,3
SUPER_1,7030000,57,8,8,73,27,30
SUPER_1,7040000,146,16,18,180,84,62
SUPER_1,7050000,10,0,3,13,5,5
SUPER_1,7060000,139,8,12,159,78,61
SUPER_1,7070000,84,3,13,100,48,36
SUPER_1,7080000,0,1,0,1,0,0
SUPER_1,7090000,4,1,0,5,1,3
SUPER_1,7100000,59,3,2,64,28,31
SUPER_1,7110000,198,28,22,248,98,100
SUPER_1,7120000,0,0,0,0,0,0
SUPER_1,7130000,0,0,0,0,0,0
SUPER_1,7140000,0,0,0,0,0,0
SUPER_1,7150000,0,0,0,0,0,0
SUPER_1,7160000,0,0,0,0,0,0
SUPER_1,7170000,0,0,0,0,0,0
SUPER_1,7180000,215,17,24,256,107,108
SUPER_1,7190000,14,2,4,20,5,9
SUPER_1,7200000,54,5,4,63,24,30
SUPER_1,7210000,91,11,9,111,51,40
SUPER_1,7220000,73,14,8,95,38,35
SUPER_1,7230000,44,5,6,55,21,23
SUPER_1,7240000,33,1,5,39,12,21
SUPER_1,7250000,40,1,7,48,14,26
SUPER_1,7260000,26,1,4,31,11,15
SUPER_1,7270000,10,1,0,11,5,5
SUPER_1,7280000,16,4,3,23,8,8
SUPER_1,7290000,14,5,3,22,5,9
SUPER_1,7300000,12,3,2,17,6,6
SUPER_1,7310000,20,2,1,23,12,8
SUPER_1,7320000,1,0,0,1,0,1
SUPER_1,7330000,1,0,0,1,1,0
SUPER_1,7340000,0,0,0,0,0,0
SUPER_1,7350000,0,0,0,0,0,0
SUPER_1,7360000,0,0,0,0,0,0
SUPER_1,7370000,0,0,0,0,0,0
SUPER_1,7380000,4,2,1,7,0,4
SUPER_1,7390000,2,1,0,3,1,1
SUPER_1,7400000,3,0,3,6,0,3
SUPER_1,7410000,2,0,0,2,0,2
SUPER_1,7420000,3,0,0,3,2,1
SUPER_1,7430000,11,1,2,14,7,4
SUPER_1,7440000,18,0,2,20,7,11
SUPER_1,7450000,21,4,1,26,7,14
SUPER_1,7460000,6,0,0,6,3,3
SUPER_1,7470000,0,0,0,0,0,0
SUPER_1,7480000,0,0,0,0,0,0
SUPER_1,7490000,3,0,0,3,1,2
SUPER_1,7500000,1,0,0,1,0,1
SUPER_1,7510000,0,0,0,0,0,0
SUPER_1,7520000,0,0,0,0,0,0
SUPER_1,7530000,2,0,0,2,1,1
SUPER_1,7540000,1,0,0,1,1,0
SUPER_1,7550000,1,0,0,1,0,1
SUPER_1,7560000,1,1,0,2,1,0
SUPER_1,7570000,0,0,0,0,0,0
SUPER_1,7580000,0,0,0,0,0,0
SUPER_1,7590000,0,0,0,0,0,0
SUPER_1,7600000,0,0,0,0,0,0
SUPER_1,7610000,8,0,0,8,4,4
SUPER_1,7620000,1,0,0,1,0,1
SUPER_1,7630000,2,0,0,2,1,1
SUPER_1,7640000,1,0,0,1,0,1
SUPER_1,7650000,36,1,6,43,15,21
SUPER_1,7660000,107,10,12,129,51,56
SUPER_1,7670000,0,0,0,0,0,0
SUPER_1,7680000,0,0,0,0,0,0
SUPER_1,7690000,0,0,0,0,0,0
SUPER_1,7700000,0,0,0,0,0,0
SUPER_1,7710000,55,4,5,64,29,26
SUPER_1,7720000,124,8,20,152,64,60
SUPER_1,7730000,53,3,5,61,20,33
SUPER_1,7740000,110,14,10,134,50,60
SUPER_1,7750000,48,7,8,63,27,21
SUPER_1,7760000,7,5,1,13,2,5
SUPER_1,7770000,5,2,0,7,1,4
SUPER_1,7780000,18,1,2,21,9,9
SUPER_1,7790000,10,2,0,12,3,7
SUPER_1,7800000,8,2,1,11,3,5
SUPER_1,7810000,14,2,1,17,6,8
SUPER_1,7820000,7,4,2,13,3,4
SUPER_1,7830000,8,4,1,13,6,2
SUPER_1,7840000,1,1,0,2,1,0
SUPER_1,7850000,55,7,7,69,31,24
SUPER_1,7860000,6,1,0,7,4,2
SUPER_1,7870000,46,4,2,52,23,23
SUPER_1,7880000,47,4,5,56,27,20
SUPER_1,7890000,29,3,3,35,10,19
SUPER_1,7900000,18,0,2,20,7,11
SUPER_1,7910000,2,0,0,2,1,1
SUPER_1,7920000,0,0,0,0,0,0
SUPER_1,7930000,0,0,0,0,0,0
SUPER_1,7940000,2,0,0,2,1,1
SUPER_1,7950000,1,0,0,1,0,1
SUPER_1,7960000,1,0,0,1,1,0
SUPER_1,7970000,26,1,1,28,11,15
SUPER_1,7980000,46,2,8,56,21,25
SUPER_1,7990000,25,5,3,33,13,12
SUPER_1,8000000,48,4,7,59,25,23
SUPER_1,8010000,34,4,4,42,13,21
SUPER_1,8020000,63,10,4,77,35,28
SUPER_1,8030000,50,4,4,58,24,26
SUPER_1,8040000,39,3,5,47,19,20
SUPER_1,8050000,53,5,6,64,23,30
SUPER_1,8060000,107,6,8,121,49,58
SUPER_1,8070000,52,7,3,62,26,26
SUPER_1,8080000,106,9,7,122,51,55
SUPER_1,8090000,38,5,0,43,19,19
SUPER_1,8100000,68,6,4,78,31,37
SUPER_1,8110000,96,12,11,119,59,37
SUPER_1,8120000,62,7,13,82,28,34
SUPER_1,8130000,137,11,15,163,62,75
SUPER_1,8140000,80,3,2,85,43,37
SUPER_1,8150000,6,2,2,10,0,6
SUPER_1,8160000,3,0,2,5,2,1
SUPER_1,8170000,0,0,0,0,0,0
SUPER_1,8180000,0,0,0,0,0,0
SUPER_1,8190000,18,4,1,23,7,11
SUPER_1,8200000,109,8,12,129,49,60
SUPER_1,8210000,46,7,4,57,20,26
SUPER_1,8220000,0,0,0,0,0,0
SUPER_1,8230000,0,0,0,0,0,0
SUPER_1,8240000,27,4,1,32,15,12
SUPER_1,8250000,19,2,1,22,10,9
SUPER_1,8260000,7,1,0,8,4,3
SUPER_1,8270000,133,10,11,154,71,62
SUPER_1,8280000,172,16,20,208,82,90
SUPER_1,8290000,100,13,6,119,51,49
SUPER_1,8300000,121,11,11,143,61,60
SUPER_1,8310000,0,0,0,0,0,0
SUPER_1,8320000,0,0,0,0,0,0
SUPER_1,8330000,263,28,24,315,140,123
SUPER_1,8340000,94,7,4,105,47,47
SUPER_1,8350000,108,10,16,134,58,50
SUPER_1,8360000,115,10,15,140,56,59
SUPER_1,8370000,102,5,12,119,46,56
SUPER_1,8380000,0,0,0,0,0,0
SUPER_1,8390000,0,0,0,0,0,0
SUPER_1,8400000,214,16,17,247,100,114
SUPER_1,8410000,123,13,22,158,47,76
SUPER_1,8420000,77,4,6,87,33,44
SUPER_1,8430000,81,9,12,102,38,43
SUPER_1,8440000,42,2,6,50,20,22
SUPER_1,8450000,72,6,6,84,35,37
SUPER_1,8460000,119,11,6,136,61,58
SUPER_1,8470000,149,12,16,177,73,76
SUPER_1,8480000,100,12,9,121,51,49
SUPER_1,8490000,68,4,12,84,40,28
SUPER_1,8500000,104,8,18,130,52,52
SUPER_1,8510000,135,14,9,158,55,80
SUPER_1,8520000,140,10,8,158,65,75
SUPER_1,8530000,106,9,15,130,42,64
SUPER_1,8540000,67,8,4,79,34,33
SUPER_1,8550000,11,1,0,12,3,8
SUPER_1,8560000,163,20,12,195,81,82
SUPER_1,8570000,170,13,17,200,84,86
SUPER_1,8580000,108,9,11,128,45,63
SUPER_1,8590000,60,3,4,67,31,29
SUPER_1,8600000,93,13,13,119,49,44
SUPER_1,8610000,68,5,14,87,32,36
SUPER_1,8620000,132,10,18,160,64,68
SUPER_1,8630000,176,12,12,200,79,97
SUPER_1,8640000,137,19,15,171,58,79
SUPER_1,8650000,120,12,13,145,52,68
SUPER_1,8660000,210,29,18,257,100,110
SUPER_1,8670000,80,3,10,93,42,38
SUPER_1,8680000,81,4,11,96,35,46
SUPER_1,8690000,115,13,7,135,63,52
SUPER_1,8700000,219,19,21,259,100,119
SUPER_1,8710000,112,11,12,135,52,60
SUPER_1,8720000,109,19,12,140,53,56
SUPER_1,8730000,109,10,10,129,49,60
SUPER_1,8740000,18,2,4,24,6,12
SUPER_1,8750000,0,0,0,0,0,0
SUPER_1,8760000,0,0,0,0,0,0
SUPER_1,8770000,111,6,13,130,50,61
SUPER_1,8780000,144,16,16,176,73,71
SUPER_1,8790000,162,10,15,187,88,74
SUPER_1,8800000,242,18,21,281,127,115
SUPER_1,8810000,69,5,6,80,30,39
SUPER_1,8820000,95,4,6,105,58,37
SUPER_1,8830000,170,13,15,198,92,78
SUPER_1,8840000,148,18,8,174,69,79
SUPER_1,8850000,252,12,22,286,135,117
SUPER_1,8860000,110,9,10,129,48,62
SUPER_1,8870000,62,3,6,71,27,35
SUPER_1,8880000,59,5,6,70,26,33
SUPER_1,8890000,129,5,13,147,73,56
SUPER_1,8900000,119,10,12,141,62,57
SUPER_1,8910000,3,0,0,3,1,2
SUPER_1,8920000,2,2,0,4,1,1
SUPER_1,8930000,1,0,0,1,0,1
SUPER_1,8940000,3,0,0,3,2,1
SUPER_1,8950000,97,13,10,120,44,53
SUPER_1,8960000,204,9,25,238,89,115
SUPER_1,8970000,50,4,3,57,28,22
SUPER_1,8980000,3,0,0,3,2,1
SUPER_1,8990000,39,2,4,45,19,20
SUPER_1,9000000,61,9,7,77,35,26
SUPER_1,9010000,256,18,19,293,139,117
SUPER_1,9020000,9,0,0,9,6,3
SUPER_1,9030000,21,0,1,22,12,9
SUPER_1,9040000,51,2,6,59,28,23
SUPER_1,9050000,95,12,13,120,44,51
SUPER_1,9060000,175,15,15,205,76,99
SUPER_1,9070000,140,18,8,166,51,89
SUPER_1,9080000,91,4,6,101,51,40
SUPER_1,9090000,140,8,7,155,68,72
SUPER_1,9100000,12,1,0,13,7,5
SUPER_1,9110000,87,5,8,100,33,54
SUPER_1,9120000,151,19,8,178,73,78
SUPER_1,9130000,139,10,6,155,79,60
SUPER_1,9140000,27,5,5,37,12,15
SUPER_1,9150000,10,1,1,12,3,7
SUPER_1,9160000,2,1,0,3,0,2
SUPER_1,9170000,1,0,0,1,1,0
SUPER_1,9180000,4,0,0,4,3,1
SUPER_1,9190000,50,11,2,63,21,29
SUPER_1,9200000,11,0,1,12,8,3
SUPER_1,9210000,20,5,6,31,7,13
SUPER_1,9220000,24,2,6,32,11,13
SUPER_1,9230000,70,6,5,81,40,30
SUPER_1,9240000,23,2,5,30,14,9
SUPER_1,9250000,62,7,9,78,29,33
SUPER_1,9260000,79,3,4,86,39,40
SUPER_1,9270000,56,5,3,64,29,27
SUPER_1,9280000,62,7,3,72,27,35
SUPER_1,9290000,61,8,7,76,30,31
SUPER_1,9300000,79,17,5,101,41,38
SUPER_1,9310000,53,6,8,67,30,23
SUPER_1,9320000,52,8,10,70,25,27
SUPER_1,9330000,78,6,8,92,44,34
SUPER_1,9340000,201,16,18,235,95,106
SUPER_1,9350000,116,9,15,140,57,59
SUPER_1,9360000,66,6,4,76,35,31
SUPER_1,9370000,31,0,1,32,12,19
SUPER_1,9380000,67,5,4,76,36,31
SUPER_1,9390000,58,6,8,72,26,32
SUPER_1,9400000,0,0,0,0,0,0
SUPER_1,9410000,0,0,0,0,0,0
SUPER_1,9420000,0,0,0,0,0,0
SUPER_1,9430000,0,0,0,0,0,0
SUPER_1,9440000,0,0,0,0,0,0
SUPER_1,9450000,0,0,0,0,0,0
SUPER_1,9460000,0,0,0,0,0,0
SUPER_1,9470000,0,0,0,0,0,0
SUPER_1,9480000,0,0,0,0,0,0
SUPER_1,9490000,0,0,0,0,0,0
SUPER_1,9500000,0,0,0,0,0,0
SUPER_1,9510000,0,0,0,0,0,0
SUPER_1,9520000,0,0,0,0,0,0
SUPER_1,9530000,0,0,0,0,0,0
SUPER_1,9540000,0,0,0,0,0,0
SUPER_1,9550000,0,0,0,0,0,0
SUPER_1,9560000,0,0,0,0,0,0
SUPER_1,9570000,0,0,0,0,0,0
SUPER_1,9580000,0,0,0,0,0,0
SUPER_1,9590000,0,0,0,0,0,0
SUPER_1,9600000,0,0,0,0,0,0
SUPER_1,9610000,0,0,0,0,0,0
SUPER_1,9620000,0,0,0,0,0,0
SUPER_1,9630000,0,0,0,0,0,0
SUPER_1,9640000,0,0,0,0,0,0
SUPER_1,9650000,0,0,0,0,0,0
SUPER_1,9660000,0,0,0,0,0,0
SUPER_1,9670000,0,0,0,0,0,0
SUPER_1,9680000,0,0,0,0,0,0
SUPER_1,9690000,0,0,0,0,0,0
SUPER_1,9700000,0,0,0,0,0,0
SUPER_1,9710000,0,0,0,0,0,0
SUPER_1,9720000,0,0,0,0,0,0
SUPER_1,9730000,0,0,0,0,0,0
SUPER_1,9740000,0,0,0,0,0,0
SUPER_1,9750000,0,0,0,0,0,0
SUPER_1,9760000,0,0,0,0,0,0
SUPER_1,9770000,0,0,0,0,0,0
SUPER_1,9780000,0,0,0,0,0,0
SUPER_1,9790000,0,0,0,0,0,0
SUPER_1,9800000,0,0,0,0,0,0
SUPER_1,9810000,0,0,0,0,0,0
SUPER_1,9820000,0,0,0,0,0,0
SUPER_1,9830000,0,0,0,0,0,0
SUPER_1,9840000,0,0,0,0,0,0
SUPER_1,9850000,0,0,0,0,0,0
SUPER_1,9860000,0,0,0,0,0,0
SUPER_1,9870000,0,0,0,0,0,0
SUPER_1,9880000,0,0,0,0,0,0
SUPER_1,9890000,0,0,0,0,0,0
SUPER_1,9900000,0,0,0,0,0,0
SUPER_1,9910000,0,0,0,0,0,0
SUPER_1,9920000,0,0,0,0,0,0
SUPER_1,9930000,0,0,0,0,0,0
SUPER_1,9940000,0,0,0,0,0,0
SUPER_1,9950000,0,0,0,0,0,0
SUPER_1,9960000,0,0,0,0,0,0
SUPER_1,9970000,0,0,0,0,0,0
SUPER_1,9980000,0,0,0,0,0,0
SUPER_1,9990000,0,0,0,0,0,0
SUPER_1,10000000,21,5,2,28,10,11
SUPER_1,10010000,0,0,0,0,0,0
SUPER_1,10020000,0,0,0,0,0,0
SUPER_1,10030000,0,0,0,0,0,0
SUPER_1,10040000,0,0,0,0,0,0
SUPER_1,10050000,0,0,0,0,0,0
SUPER_1,10060000,0,0,0,0,0,0
SUPER_1,10070000,0,0,0,0,0,0
SUPER_1,10080000,0,0,0,0,0,0
SUPER_1,10090000,0,0,0,0,0,0
SUPER_1,10100000,0,0,0,0,0,0
SUPER_1,10110000,0,0,0,0,0,0
SUPER_1,10120000,0,0,0,0,0,0
SUPER_1,10130000,0,0,0,0,0,0
SUPER_1,10140000,23,3,3,29,14,9
SUPER_1,10150000,24,1,0,25,10,14
SUPER_1,10160000,14,2,2,18,3,11
SUPER_1,10170000,0,0,0,0,0,0
SUPER_1,10180000,0,0,0,0,0,0
SUPER_1,10190000,0,0,0,0,0,0
SUPER_1,10200000,121,12,12,145,72,49
SUPER_1,10210000,0,0,0,0,0,0
SUPER_1,10220000,0,0,0,0,0,0
SUPER_1,10230000,0,0,0,0,0,0
SUPER_1,10240000,0,0,0,0,0,0
SUPER_1,10250000,0,0,0,0,0,0
SUPER_1,10260000,0,0,0,0,0,0
SUPER_1,10270000,0,0,0,0,0,0
SUPER_1,10280000,0,0,0,0,0,0
SUPER_1,10290000,0,0,0,0,0,0
SUPER_1,10300000,0,0,0,0,0,0
SUPER_1,10310000,0,0,0,0,0,0
SUPER_1,10320000,0,0,0,0,0,0
SUPER_1,10330000,0,0,0,0,0,0
SUPER_1,10340000,0,0,0,0,0,0
SUPER_1,10350000,0,0,0,0,0,0
SUPER_1,10360000,0,0,0,0,0,0
SUPER_1,10370000,0,0,0,0,0,0
SUPER_1,10380000,0,0,0,0,0,0
SUPER_1,10390000,0,0,0,0,0,0
SUPER_1,10400000,0,0,0,0,0,0
SUPER_1,10410000,0,0,0,0,0,0
SUPER_1,10420000,0,0,0,0,0,0
SUPER_1,10430000,0,0,0,0,0,0
SUPER_1,10440000,0,0,0,0,0,0
SUPER_1,10450000,0,0,0,0,0,0
SUPER_1,10460000,0,0,0,0,0,0
SUPER_1,10470000,0,0,0,0,0,0
SUPER_1,10480000,0,0,0,0,0,0
SUPER_1,10490000,0,0,0,0,0,0
SUPER_1,10500000,0,0,0,0,0,0
SUPER_1,10510000,0,0,0,0,0,0
SUPER_1,10520000,0,0,0,0,0,0
SUPER_1,10530000,0,0,0,0,0,0
SUPER_1,10540000,0,0,0,0,0,0
SUPER_1,10550000,0,0,0,0,0,0
SUPER_1,10560000,0,0,0,0,0,0
SUPER_1,10570000,0,0,0,0,0,0
SUPER_1,10580000,0,0,0,0,0,0
SUPER_1,10590000,0,0,0,0,0,0
SUPER_1,10600000,0,0,0,0,0,0
SUPER_1,10610000,0,0,0,0,0,0
SUPER_1,10620000,0,0,0,0,0,0
SUPER_1,10630000,0,0,0,0,0,0
SUPER_1,10640000,0,0,0,0,0,0
SUPER_1,10650000,0,0,0,0,0,0
SUPER_1,10660000,0,0,0,0,0,0
SUPER_1,10670000,0,0,0,0,0,0
SUPER_1,10680000,0,0,0,0,0,0
SUPER_1,10690000,39,8,8,55,16,23
SUPER_1,10700000,29,2,0,31,8,21
SUPER_1,10710000,0,0,0,0,0,0
SUPER_1,10720000,0,0,0,0,0,0
SUPER_1,10730000,0,0,0,0,0,0
SUPER_1,10740000,0,0,0,0,0,0
SUPER_1,10750000,0,0,0,0,0,0
SUPER_1,10760000,0,0,0,0,0,0
SUPER_1,10770000,0,0,0,0,0,0
SUPER_1,10780000,0,0,0,0,0,0
SUPER_1,10790000,0,0,0,0,0,0
SUPER_1,10800000,0,0,0,0,0,0
SUPER_1,10810000,0,0,0,0,0,0
SUPER_1,10820000,0,0,0,0,0,0
SUPER_1,10830000,0,0,0,0,0,0
SUPER_1,10840000,0,0,0,0,0,0
SUPER_1,10850000,0,0,0,0,0,0
SUPER_1,10860000,0,0,0,0,0,0
SUPER_1,10870000,0,0,0,0,0,0
SUPER_1,10880000,0,0,0,0,0,0
SUPER_1,10890000,0,0,0,0,0,0
SUPER_1,10900000,0,0,0,0,0,0
SUPER_1,10910000,0,0,0,0,0,0
SUPER_1,10920000,0,0,0,0,0,0
SUPER_1,10930000,0,0,0,0,0,0
SUPER_1,10940000,0,0,0,0,0,0
SUPER_1,10950000,0,0,0,0,0,0
SUPER_1,10960000,0,0,0,0,0,0
SUPER_1,10970000,0,0,0,0,0,0
SUPER_1,10980000,0,0,0,0,0,0
SUPER_1,10990000,0,0,0,0,0,0
SUPER_1,11000000,0,0,0,0,0,0
SUPER_1,11010000,0,0,0,0,0,0
SUPER_1,11020000,0,0,0,0,0,0
SUPER_1,11030000,0,0,0,0,0,0
SUPER_1,11040000,0,0,0,0,0,0
SUPER_1,11050000,0,0,0,0,0,0
SUPER_1,11060000,0,0,0,0,0,0
SUPER_1,11070000,0,0,0,0,0,0
SUPER_1,11080000,0,0,0,0,0,0
SUPER_1,11090000,0,0,0,0,0,0
SUPER_1,11100000,0,0,0,0,0,0
SUPER_1,11110000,0,0,0,0,0,0
SUPER_1,11120000,0,0,0,0,0,0
SUPER_1,11130000,0,0,0,0,0,0
SUPER_1,11140000,0,0,0,0,0,0
SUPER_1,11150000,0,0,0,0,0,0
SUPER_1,11160000,0,0,0,0,0,0
SUPER_1,11170000,0,0,0,0,0,0
SUPER_1,11180000,0,0,0,0,0,0
SUPER_1,11190000,0,0,0,0,0,0
SUPER_1,11200000,0,0,0,0,0,0
SUPER_1,11210000,0,0,0,0,0,0
SUPER_1,11220000,0,0,0,0,0,0
SUPER_1,11230000,0,0,0,0,0,0
SUPER_1,11240000,0,0,0,0,0,0
SUPER_1,11250000,0,0,0,0,0,0
SUPER_1,11260000,0,0,0,0,0,0
SUPER_1,11270000,0,0,0,0,0,0
SUPER_1,11280000,0,0,0,0,0,0
SUPER_1,11290000,0,0,0,0,0,0
SUPER_1,11300000,0,0,0,0,0,0
SUPER_1,11310000,0,0,0,0,0,0
SUPER_1,11320000,0,0,0,0,0,0
SUPER_1,11330000,33,7,5,45,20,13
SUPER_1,11340000,22,0,1,23,11,11
SUPER_1,11350000,19,2,2,23,12,7
SUPER_1,11360000,0,0,0,0,0,0
SUPER_1,11370000,0,0,0,0,0,0
SUPER_1,11380000,0,0,0,0,0,0
SUPER_1,11390000,0,0,0,0,0,0
SUPER_1,11400000,0,0,0,0,0,0
SUPER_1,11410000,0,0,0,0,0,0
SUPER_1,11420000,0,0,0,0,0,0
SUPER_1,11430000,0,0,0,0,0,0
SUPER_1,11440000,0,0,0,0,0,0
SUPER_1,11450000,0,0,0,0,0,0
SUPER_1,11460000,0,0,0,0,0,0
SUPER_1,11470000,0,0,0,0,0,0
SUPER_1,11480000,0,0,0,0,0,0
SUPER_1,11490000,0,0,0,0,0,0
SUPER_1,11500000,0,0,0,0,0,0
SUPER_1,11510000,0,0,0,0,0,0
SUPER_1,11520000,0,0,0,0,0,0
SUPER_1,11530000,30,3,3,36,16,14
SUPER_1,11540000,0,0,0,0,0,0
SUPER_1,11550000,0,0,0,0,0,0
SUPER_1,11560000,0,0,0,0,0,0
SUPER_1,11570000,0,0,0,0,0,0
SUPER_1,11580000,0,0,0,0,0,0
SUPER_1,11590000,19,2,2,23,8,11
SUPER_1,11600000,0,0,0,0,0,0
SUPER_1,11610000,0,0,0,0,0,0
SUPER_1,11620000,20,0,1,21,11,9
SUPER_1,11630000,34,3,1,38,23,11
SUPER_1,11640000,3,3,0,6,2,1
SUPER_1,11650000,1,1,1,3,0,1
SUPER_1,11660000,7,2,1,10,6,1
SUPER_1,11670000,6,3,1,10,4,2
SUPER_1,11680000,0,0,0,0,0,0
SUPER_1,11690000,0,0,0,0,0,0
SUPER_1,11700000,18,1,5,24,15,3
SUPER_1,11710000,19,2,3,24,9,10
SUPER_1,11720000,0,0,0,0,0,0
SUPER_1,11730000,0,0,0,0,0,0
SUPER_1,11740000,10,0,0,10,3,7
SUPER_1,11750000,0,0,0,0,0,0
SUPER_1,11760000,0,0,0,0,0,0
SUPER_1,11770000,0,0,0,0,0,0
SUPER_1,11780000,6,0,1,7,4,2
SUPER_1,11790000,0,0,2,2,0,0
SUPER_1,11800000,3,0,0,3,1,2
SUPER_1,11810000,0,0,0,0,0,0
SUPER_1,11820000,0,0,0,0,0,0
SUPER_1,11830000,0,0,0,0,0,0
SUPER_1,11840000,0,0,0,0,0,0
SUPER_1,11850000,0,0,0,0,0,0
SUPER_1,11860000,0,0,0,0,0,0
SUPER_1,11870000,5,0,1,6,3,2
SUPER_1,11880000,121,11,11,143,67,54
SUPER_1,11890000,22,3,4,29,9,13
SUPER_1,11900000,18,1,0,19,6,12
SUPER_1,11910000,19,3,2,24,11,8
SUPER_1,11920000,36,0,2,38,21,15
SUPER_1,11930000,70,3,2,75,34,36
SUPER_1,11940000,69,5,5,79,40,29
SUPER_1,11950000,39,6,4,49,24,15
SUPER_1,11960000,34,4,9,47,17,17
SUPER_1,11970000,22,3,4,29,13,9
SUPER_1,11980000,43,4,4,51,25,18
SUPER_1,11990000,180,12,17,209,90,90
SUPER_1,12000000,157,13,7,177,72,85
SUPER_1,12010000,157,13,14,184,77,80
SUPER_1,12020000,219,13,21,253,98,121
SUPER_1,12030000,46,2,2,50,20,26
SUPER_1,12040000,60,4,8,72,34,26
SUPER_1,12050000,48,5,1,54,29,19
SUPER_1,12060000,80,8,6,94,39,41
SUPER_1,12070000,90,8,10,108,31,59
SUPER_1,12080000,100,11,13,124,53,47
SUPER_1,12090000,251,22,30,303,128,123
SUPER_1,12100000,223,17,16,256,120,103
SUPER_1,12110000,110,12,12,134,57,53
SUPER_1,12120000,57,8,7,72,25,32
SUPER_1,12130000,16,2,0,18,7,9
SUPER_1,12140000,26,2,2,30,17,9
SUPER_1,12150000,113,5,14,132,54,59
SUPER_1,12160000,102,14,9,125,40,62
SUPER_1,12170000,123,13,6,142,65,58
SUPER_1,12180000,2,0,0,2,2,0
SUPER_1,12190000,39,8,4,51,19,20
SUPER_1,12200000,76,5,6,87,46,30
SUPER_1,12210000,206,25,35,266,111,95
SUPER_1,12220000,105,9,10,124,52,53
SUPER_1,12230000,69,4,7,80,48,21
SUPER_1,12240000,113,7,17,137,55,58
SUPER_1,12250000,72,9,10,91,45,27
SUPER_1,12260000,186,22,14,222,97,89
SUPER_1,12270000,156,18,17,191,75,81
SUPER_1,12280000,225,22,35,282,113,112
SUPER_1,12290000,163,11,14,188,93,70
SUPER_1,12300000,141,16,12,169,69,72
SUPER_1,12310000,199,23,24,246,104,95
SUPER_1,12320000,129,20,15,164,69,60
SUPER_1,12330000,205,14,27,246,97,108
SUPER_1,12340000,151,11,16,178,77,74
SUPER_1,12350000,136,18,13,167,69,67
SUPER_1,12360000,163,14,16,193,88,75
SUPER_1,12370000,175,9,12,196,85,90
SUPER_1,12380000,101,13,7,121,53,48
SUPER_1,12390000,186,20,20,226,88,98
SUPER_1,12400000,0,0,0,0,0,0
SUPER_1,12410000,0,0,0,0,0,0
SUPER_1,12420000,135,14,15,164,63,72
SUPER_1,12430000,158,18,23,199,67,91
SUPER_1,12440000,270,26,18,314,130,140
SUPER_1,12450000,178,23,28,229,94,84
SUPER_1,12460000,195,22,23,240,85,110
SUPER_1,12470000,175,17,15,207,78,97
SUPER_1,12480000,159,13,12,184,82,77
SUPER_1,12490000,139,11,10,160,73,66
SUPER_1,12500000,194,12,14,220,114,80
SUPER_1,12510000,87,6,6,99,46,41
SUPER_1,12520000,240,17,24,281,115,125
SUPER_1,12530000,16,4,3,23,6,10
SUPER_1,12540000,132,13,16,161,61,71
SUPER_1,12550000,115,11,13,139,58,57
SUPER_1,12560000,128,18,8,154,64,64
SUPER_1,12570000,0,0,1,1,0,0
SUPER_1,12580000,61,13,10,84,23,38
SUPER_1,12590000,54,5,6,65,26,28
SUPER_1,12600000,18,1,5,24,11,7
SUPER_1,12610000,75,8,3,86,37,38
SUPER_1,12620000,15,1,1,17,7,8
SUPER_1,12630000,8,1,1,10,2,6
SUPER_1,12640000,4,1,1,6,2,2
SUPER_1,12650000,0,1,2,3,0,0
SUPER_1,12660000,23,1,4,28,16,7
SUPER_1,12670000,123,14,9,146,62,61
SUPER_1,12680000,161,14,8,183,85,76
SUPER_1,12690000,123,10,5,138,66,57
SUPER_1,12700000,212,12,12,236,103,109
SUPER_1,12710000,92,4,7,103,45,47
SUPER_1,12720000,147,21,13,181,63,84
SUPER_1,12730000,163,9,10,182,79,84
SUPER_1,12740000,43,3,7,53,24,19
SUPER_1,12750000,79,6,6,91,40,39
SUPER_1,12760000,36,2,7,45,20,16
SUPER_1,12770000,94,11,3,108,41,53
SUPER_1,12780000,175,11,16,202,94,81
SUPER_1,12790000,168,9,14,191,91,77
SUPER_1,12800000,1,0,0,1,0,1
SUPER_1,12810000,5,1,1,7,3,2
SUPER_1,12820000,83,5,8,96,46,37
SUPER_1,12830000,73,3,15,91,31,42
SUPER_1,12840000,130,5,11,146,60,70
SUPER_1,12850000,243,26,25,294,124,119
SUPER_1,12860000,125,7,13,145,63,62
SUPER_1,12870000,67,5,4,76,30,37
SUPER_1,12880000,191,10,14,215,86,105
SUPER_1,12890000,247,25,30,302,119,128
SUPER_1,12900000,145,15,10,170,68,77
SUPER_1,12910000,140,18,17,175,69,71
SUPER_1,12920000,147,8,12,167,74,73
SUPER_1,12930000,0,1,0,1,0,0
SUPER_1,12940000,197,20,12,229,90,107
SUPER_1,12950000,208,16,10,234,104,104
SUPER_1,12960000,103,4,7,114,54,49
SUPER_1,12970000,276,21,22,319,144,132
SUPER_1,12980000,202,12,21,235,97,105
SUPER_1,12990000,176,18,12,206,88,88
SUPER_1,13000000,75,9,7,91,41,34
SUPER_1,13010000,21,1,3,25,9,12
SUPER_1,13020000,23,1,3,27,13,10
SUPER_1,13030000,20,2,0,22,14,6
SUPER_1,13040000,111,11,12,134,55,56
SUPER_1,13050000,127,15,5,147,78,49
SUPER_1,13060000,32,2,0,34,21,11
SUPER_1,13070000,48,1,2,51,28,20
SUPER_1,13080000,62,4,7,73,20,42
SUPER_1,13090000,95,8,11,114,43,52
SUPER_1,13100000,138,11,9,158,67,71
SUPER_1,13110000,92,6,7,105,43,49
SUPER_1,13120000,240,17,23,280,126,114
SUPER_1,13130000,102,4,8,114,53,49
SUPER_1,13140000,62,7,6,75,23,39
SUPER_1,13150000,187,16,22,225,92,95
SUPER_1,13160000,215,20,19,254,123,92
SUPER_1,13170000,224,14,18,256,113,111
SUPER_1,13180000,196,20,20,236,91,105
SUPER_1,13190000,213,18,20,251,95,118
SUPER_1,13200000,235,23,19,277,114,121
SUPER_1,13210000,268,20,21,309,123,145
SUPER_1,13220000,190,13,16,219,82,108
SUPER_1,13230000,178,14,11,203,101,77
SUPER_1,13240000,110,14,5,129,52,58
SUPER_1,13250000,197,18,23,238,106,91
SUPER_1,13260000,93,7,15,115,51,42
SUPER_1,13270000,220,21,24,265,111,109
SUPER_1,13280000,155,7,14,176,90,65
SUPER_1,13290000,129,12,12,153,67,62
SUPER_1,13300000,171,14,30,215,83,88
SUPER_1,13310000,140,11,6,157,73,67
SUPER_1,13320000,93,12,10,115,45,48
SUPER_1,13330000,234,15,25,274,137,97
SUPER_1,13340000,189,21,26,236,105,84
SUPER_1,13350000,231,24,32,287,110,121
SUPER_1,13360000,168,18,11,197,79,89
SUPER_1,13370000,160,20,17,197,85,75
SUPER_1,13380000,223,26,18,267,112,111
SUPER_1,13390000,160,15,15,190,79,81
SUPER_1,13400000,107,14,4,125,53,54
SUPER_1,13410000,104,9,15,128,54,50
SUPER_1,13420000,65,5,4,74,35,30
SUPER_1,13430000,122,15,16,153,68,54
SUPER_1,13440000,120,7,13,140,58,62
SUPER_1,13450000,148,10,15,173,80,68
SUPER_1,13460000,94,7,6,107,52,42
SUPER_1,13470000,35,1,5,41,17,18
SUPER_1,13480000,122,7,10,139,61,61
SUPER_1,13490000,137,8,8,153,67,70
SUPER_1,13500000,176,11,24,211,91,85
SUPER_1,13510000,29,2,1,32,16,13
SUPER_1,13520000,42,2,1,45,20,22
SUPER_1,13530000,197,15,12,224,105,92
SUPER_1,13540000,162,9,12,183,76,86
SUPER_1,13550000,255,20,25,300,133,122
SUPER_1,13560000,165,12,15,192,95,70
SUPER_1,13570000,224,24,14,262,118,106
SUPER_1,13580000,58,5,4,67,30,28
SUPER_1,13590000,117,12,9,138,68,49
SUPER_1,13600000,227,13,28,268,119,108
SUPER_1,13610000,133,13,14,160,66,67
SUPER_1,13620000,133,18,12,163,59,74
SUPER_1,13630000,16,1,1,18,11,5
SUPER_1,13640000,83,4,7,94,46,37
SUPER_1,13650000,134,12,6,152,64,70
SUPER_1,13660000,256,18,27,301,135,121
SUPER_1,13670000,59,3,2,64,37,22
SUPER_1,13680000,0,0,0,0,0,0
SUPER_1,13690000,0,0,0,0,0,0
SUPER_1,13700000,152,18,16,186,57,95
SUPER_1,13710000,142,7,11,160,69,73
SUPER_1,13720000,173,10,17,200,91,82
SUPER_1,13730000,70,8,8,86,28,42
SUPER_1,13740000,39,0,4,43,24,15
SUPER_1,13750000,68,2,5,75,40,28
SUPER_1,13760000,29,0,3,32,12,17
SUPER_1,13770000,0,0,0,0,0,0
SUPER_1,13780000,0,0,0,0,0,0
SUPER_1,13790000,0,0,0,0,0,0
SUPER_1,13800000,0,0,0,0,0,0
SUPER_1,13810000,0,0,0,0,0,0
SUPER_1,13820000,0,0,0,0,0,0
SUPER_1,13830000,0,0,0,0,0,0
SUPER_1,13840000,40,3,3,46,21,19
SUPER_1,13850000,206,15,19,240,101,105
SUPER_1,13860000,230,21,22,273,121,109
SUPER_1,13870000,163,23,18,204,82,81
SUPER_1,13880000,271,24,23,318,126,145
SUPER_1,13890000,279,28,29,336,145,134
SUPER_1,13900000,218,20,21,259,109,109
SUPER_1,13910000,129,8,9,146,68,61
SUPER_1,13920000,282,26,22,330,146,136
SUPER_1,13930000,274,19,23,316,134,140
SUPER_1,13940000,244,15,22,281,110,134
SUPER_1,13950000,242,23,25,290,133,109
SUPER_1,13960000,311,25,20,356,152,159
SUPER_1,13970000,271,23,26,320,128,143
SUPER_1,13980000,289,19,31,339,145,144
SUPER_1,13990000,229,24,17,270,112,117
SUPER_1,14000000,13,0,0,13,3,10
SUPER_1,14010000,13,0,1,14,7,6
SUPER_1,14020000,61,6,9,76,25,36
SUPER_1,14030000,174,19,26,219,95,79
SUPER_1,14040000,33,2,5,40,19,14
SUPER_1,14050000,93,9,9,111,37,56
SUPER_1,14060000,77,10,8,95,37,40
SUPER_1,14070000,242,19,19,280,121,121
SUPER_1,14080000,178,14,20,212,84,94
SUPER_1,14090000,227,18,19,264,109,118
SUPER_1,14100000,131,10,19,160,65,66
SUPER_1,14110000,13,2,0,15,6,7
SUPER_1,14120000,37,2,2,41,20,17
SUPER_1,14130000,154,16,20,190,73,81
SUPER_1,14140000,163,11,8,182,79,84
SUPER_1,14150000,160,7,10,177,82,78
SUPER_1,14160000,140,6,9,155,69,71
SUPER_1,14170000,55,4,3,62,31,24
SUPER_1,14180000,152,4,21,177,79,73
SUPER_1,14190000,263,19,23,305,133,130
SUPER_1,14200000,61,2,1,64,43,18
SUPER_1,14210000,91,6,10,107,51,40
SUPER_1,14220000,154,15,10,179,80,74
SUPER_1,14230000,342,22,31,395,181,161
SUPER_1,14240000,221,15,22,258,110,111
SUPER_1,14250000,281,24,26,331,146,135
SUPER_1,14260000,71,10,3,84,44,27
SUPER_1,14270000,180,21,23,224,97,83
SUPER_1,14280000,122,9,7,138,65,57
SUPER_1,14290000,20,1,3,24,9,11
SUPER_1,14300000,147,21,13,181,72,75
SUPER_1,14310000,106,5,11,122,45,61
SUPER_1,14320000,244,27,18,289,125,119
SUPER_1,14330000,102,6,11,119,49,53
SUPER_1,14340000,45,4,3,52,28,17
SUPER_1,14350000,26,4,4,34,13,13
SUPER_1,14360000,97,10,7,114,56,41
SUPER_1,14370000,87,10,9,106,38,49
SUPER_1,14380000,239,17,23,279,126,113
SUPER_1,14390000,184,16,18,218,101,83
SUPER_1,14400000,150,14,11,175,84,66
SUPER_1,14410000,99,5,12,116,43,56
SUPER_1,14420000,202,23,16,241,104,98
SUPER_1,14430000,218,20,23,261,100,118
SUPER_1,14440000,144,18,12,174,64,80
SUPER_1,14450000,254,10,14,278,143,111
SUPER_1,14460000,129,12,11,152,74,55
SUPER_1,14470000,147,8,14,169,75,72
SUPER_1,14480000,239,22,15,276,124,115
SUPER_1,14490000,158,11,9,178,86,72
SUPER_1,14500000,70,3,5,78,40,30
SUPER_1,14510000,140,8,16,164,75,65
SUPER_1,14520000,189,15,15,219,106,83
SUPER_1,14530000,185,14,23,222,93,92
SUPER_1,14540000,108,12,7,127,51,57
SUPER_1,14550000,242,23,16,281,133,109
SUPER_1,14560000,114,7,8,129,56,58
SUPER_1,14570000,11,3,0,14,6,5
SUPER_1,14580000,2,0,0,2,2,0
SUPER_1,14590000,169,4,7,180,92,77
SUPER_1,14600000,268,22,20,310,145,123
SUPER_1,14610000,266,9,16,291,139,127
SUPER_1,14620000,219,21,30,270,108,111
SUPER_1,14630000,129,9,12,150,69,60
SUPER_1,14640000,16,1,1,18,10,6
SUPER_1,14650000,15,1,1,17,9,6
SUPER_1,14660000,1,0,0,1,1,0
SUPER_1,14670000,95,9,12,116,46,49
SUPER_1,14680000,126,13,14,153,63,63
SUPER_1,14690000,59,5,0,64,33,26
SUPER_1,14700000,82,5,4,91,39,43
SUPER_1,14710000,264,22,26,312,141,123
SUPER_1,14720000,176,11,16,203,95,81
SUPER_1,14730000,0,0,0,0,0,0
SUPER_1,14740000,0,0,0,0,0,0
SUPER_1,14750000,92,7,9,108,43,49
SUPER_1,14760000,0,0,0,0,0,0
SUPER_1,14770000,0,0,0,0,0,0
SUPER_1,14780000,43,3,5,51,23,20
SUPER_1,14790000,105,0,8,113,60,45
SUPER_1,14800000,147,10,15,172,68,79
SUPER_1,14810000,115,6,5,126,58,57
SUPER_1,14820000,91,6,7,104,53,38
SUPER_1,14830000,72,2,6,80,43,29
SUPER_1,14840000,174,19,19,212,80,94
SUPER_1,14850000,276,19,27,322,134,142
SUPER_1,14860000,28,1,1,30,13,15
SUPER_1,14870000,44,2,6,52,20,24
SUPER_1,14880000,110,5,5,120,53,57
SUPER_1,14890000,128,11,8,147,69,59
SUPER_1,14900000,174,13,13,200,76,98
SUPER_1,14910000,154,10,6,170,92,62
SUPER_1,14920000,100,5,6,111,53,47
SUPER_1,14930000,137,6,14,157,64,73
SUPER_1,14940000,112,9,10,131,49,63
SUPER_1,14950000,0,0,0,0,0,0
SUPER_1,14960000,0,0,0,0,0,0
SUPER_1,14970000,333,22,26,381,156,177
SUPER_1,14980000,359,32,38,429,172,187
SUPER_1,14990000,197,17,19,233,101,96
SUPER_1,15000000,228,20,20,268,117,111
SUPER_1,15010000,127,5,8,140,69,58
SUPER_1,15020000,195,16,16,227,108,87
SUPER_1,15030000,236,22,23,281,118,118
SUPER_1,15040000,123,12,7,142,60,63
SUPER_1,15050000,49,6,4,59,22,27
SUPER_1,15060000,132,5,6,143,70,62
SUPER_1,15070000,234,20,22,276,102,132
SUPER_1,15080000,112,16,9,137,66,46
SUPER_1,15090000,23,2,3,28,12,11
SUPER_1,15100000,58,2,4,64,27,31
SUPER_1,15110000,66,8,8,82,31,35
SUPER_1,15120000,205,14,10,229,110,95
SUPER_1,15130000,84,10,7,101,43,41
SUPER_1,15140000,155,19,11,185,79,76
SUPER_1,15150000,153,13,7,173,71,82
SUPER_1,15160000,54,1,4,59,31,23
SUPER_1,15170000,152,11,12,175,70,82
SUPER_1,15180000,139,16,10,165,76,63
SUPER_1,15190000,279,20,16,315,127,152
SUPER_1,15200000,261,21,25,307,136,125
SUPER_1,15210000,224,14,31,269,119,105
SUPER_1,15220000,268,25,30,323,133,135
SUPER_1,15230000,194,14,27,235,101,93
SUPER_1,15240000,43,2,4,49,25,18
SUPER_1,15250000,148,10,9,167,76,72
SUPER_1,15260000,294,19,16,329,146,148
SUPER_1,15270000,200,13,21,234,98,102
SUPER_1,15280000,245,19,13,277,117,128
SUPER_1,15290000,215,17,20,252,109,106
SUPER_1,15300000,216,21,16,253,115,101
SUPER_1,15310000,228,12,19,259,106,122
SUPER_1,15320000,267,19,20,306,144,123
SUPER_1,15330000,305,32,25,362,162,143
SUPER_1,15340000,214,20,13,247,111,103
SUPER_1,15350000,209,25,23,257,112,97
SUPER_1,15360000,123,11,15,149,65,58
SUPER_1,15370000,45,1,4,50,24,21
SUPER_1,15380000,202,25,17,244,121,81
SUPER_1,15390000,170,16,9,195,89,81
SUPER_1,15400000,90,1,7,98,52,38
SUPER_1,15410000,65,5,2,72,36,29
SUPER_1,15420000,27,3,4,34,12,15
SUPER_1,15430000,205,13,14,232,91,114
SUPER_1,15440000,224,8,23,255,121,103
SUPER_1,15450000,224,14,13,251,102,122
SUPER_1,15460000,302,32,22,356,146,156
SUPER_1,15470000,268,28,20,316,129,139
SUPER_1,15480000,272,22,26,320,132,140
SUPER_1,15490000,281,17,19,317,134,147
SUPER_1,15500000,253,25,22,300,118,135
SUPER_1,15510000,291,24,26,341,155,136
SUPER_1,15520000,324,25,30,379,149,175
SUPER_1,15530000,106,8,6,120,54,52
SUPER_1,15540000,164,18,10,192,92,72
SUPER_1,15550000,279,22,38,339,135,144
SUPER_1,15560000,308,28,33,369,152,156
SUPER_1,15570000,223,24,17,264,107,116
SUPER_1,15580000,17,1,2,20,6,11
SUPER_1,15590000,133,10,10,153,58,75
SUPER_1,15600000,242,20,17,279,120,122
SUPER_1,15610000,117,3,7,127,60,57
SUPER_1,15620000,210,21,17,248,112,98
SUPER_1,15630000,205,16,21,242,101,104
SUPER_1,15640000,165,14,16,195,76,89
SUPER_1,15650000,248,16,19,283,118,130
SUPER_1,15660000,158,11,20,189,85,73
SUPER_1,15670000,164,10,8,182,86,78
SUPER_1,15680000,36,0,2,38,21,15
SUPER_1,15690000,138,14,16,168,74,64
SUPER_1,15700000,173,10,13,196,92,81
SUPER_1,15710000,43,3,8,54,23,20
SUPER_1,15720000,18,3,1,22,9,9
SUPER_1,15730000,2,0,0,2,1,1
SUPER_1,15740000,1,0,0,1,1,0
SUPER_1,15750000,1,0,0,1,0,1
SUPER_1,15760000,175,17,11,203,83,92
SUPER_1,15770000,261,30,34,325,123,138
SUPER_1,15780000,89,9,7,105,35,54
SUPER_1,15790000,73,6,3,82,40,33
SUPER_1,15800000,27,1,2,30,18,9
SUPER_1,15810000,49,2,4,55,24,25
SUPER_1,15820000,62,4,7,73,40,22
SUPER_1,15830000,151,12,18,181,71,80
SUPER_1,15840000,103,11,11,125,53,50
SUPER_1,15850000,111,7,13,131,58,53
SUPER_1,15860000,110,9,8,127,55,55
SUPER_1,15870000,179,21,18,218,106,73
SUPER_1,15880000,190,13,11,214,97,93
SUPER_1,15890000,266,20,29,315,133,133
SUPER_1,15900000,302,17,32,351,143,159
SUPER_1,15910000,229,19,28,276,102,127
SUPER_1,15920000,247,23,24,294,129,118
SUPER_1,15930000,232,13,20,265,111,121
SUPER_1,15940000,116,7,13,136,59,57
SUPER_1,15950000,77,1,6,84,34,43
SUPER_1,15960000,48,5,7,60,18,30
SUPER_1,15970000,102,4,6,112,57,45
SUPER_1,15980000,153,24,24,201,62,91
SUPER_1,15990000,102,13,9,124,56,46
SUPER_1,16000000,186,16,12,214,94,92
SUPER_1,16010000,256,23,27,306,126,130
SUPER_1,16020000,50,5,3,58,29,21
SUPER_1,16030000,41,0,7,48,23,18
SUPER_1,16040000,184,17,15,216,88,96
SUPER_1,16050000,280,22,33,335,153,127
SUPER_1,16060000,181,13,8,202,99,82
SUPER_1,16070000,37,4,6,47,19,18
SUPER_1,16080000,154,15,8,177,75,79
SUPER_1,16090000,105,4,6,115,59,46
SUPER_1,16100000,229,16,22,267,122,107
SUPER_1,16110000,156,8,13,177,86,70
SUPER_1,16120000,257,22,18,297,130,127
SUPER_1,16130000,247,18,33,298,128,119
SUPER_1,16140000,8,0,1,9,3,5
SUPER_1,16150000,110,7,13,130,57,53
SUPER_1,16160000,14,1,1,16,9,5
SUPER_1,16170000,55,2,6,63,28,27
SUPER_1,16180000,85,5,7,97,42,43
SUPER_1,16190000,174,23,11,208,94,80
SUPER_1,16200000,227,15,17,259,115,112
SUPER_1,16210000,100,4,8,112,53,47
SUPER_1,16220000,136,9,10,155,68,68
SUPER_1,16230000,174,17,14,205,84,90
SUPER_1,16240000,26,0,1,27,16,10
SUPER_1,16250000,162,12,15,189,86,76
SUPER_1,16260000,297,29,25,351,150,147
SUPER_1,16270000,94,5,4,103,47,47
SUPER_1,16280000,215,21,17,253,115,100
SUPER_1,16290000,103,14,14,131,54,49
SUPER_1,16300000,205,11,13,229,118,87
SUPER_1,16310000,121,3,5,129,63,58
SUPER_1,16320000,100,10,7,117,47,53
SUPER_1,16330000,272,21,24,317,155,117
SUPER_1,16340000,197,10,15,222,96,101
SUPER_1,16350000,9,3,1,13,2,7
SUPER_1,16360000,147,12,8,167,83,64
SUPER_1,16370000,163,14,8,185,76,87
SUPER_1,16380000,143,14,11,168,75,68
SUPER_1,16390000,190,23,19,232,93,97
SUPER_1,16400000,40,1,2,43,23,17
SUPER_1,16410000,121,10,12,143,60,61
SUPER_1,16420000,138,8,9,155,77,61
SUPER_1,16430000,187,5,18,210,95,92
SUPER_1,16440000,223,19,19,261,113,110
SUPER_1,16450000,203,15,19,237,95,108
SUPER_1,16460000,205,14,22,241,99,106
SUPER_1,16470000,109,12,8,129,64,45
SUPER_1,16480000,75,7,10,92,39,36
SUPER_1,16490000,32,3,3,38,15,17
SUPER_1,16500000,206,13,13,232,115,91
SUPER_1,16510000,272,20,12,304,140,132
SUPER_1,16520000,206,11,10,227,112,94
SUPER_1,16530000,123,5,16,144,60,63
SUPER_1,16540000,120,6,9,135,65,55
SUPER_1,16550000,234,18,18,270,120,114
SUPER_1,16560000,136,15,10,161,67,69
SUPER_1,16570000,210,19,16,245,92,118
SUPER_1,16580000,117,8,8,133,66,51
SUPER_1,16590000,137,9,16,162,64,73
SUPER_1,16600000,171,7,11,189,84,87
SUPER_1,16610000,186,13,28,227,96,90
SUPER_1,16620000,58,5,10,73,34,24
SUPER_1,16630000,149,9,14,172,80,69
SUPER_1,16640000,217,19,18,254,107,110
SUPER_1,16650000,148,13,15,176,66,82
SUPER_1,16660000,186,12,12,210,100,86
SUPER_1,16670000,29,1,1,31,14,15
SUPER_1,16680000,28,0,5,33,13,15
SUPER_1,16690000,203,11,21,235,113,90
SUPER_1,16700000,324,22,26,372,153,171
SUPER_1,16710000,135,8,9,152,70,65
SUPER_1,16720000,103,9,8,120,68,35
SUPER_1,16730000,46,0,7,53,23,23
SUPER_1,16740000,88,4,7,99,42,46
SUPER_1,16750000,260,21,28,309,137,123
SUPER_1,16760000,158,8,8,174,84,74
SUPER_1,16770000,265,14,26,305,134,131
SUPER_1,16780000,238,24,25,287,126,112
SUPER_1,16790000,59,3,3,65,24,35
SUPER_1,16800000,135,10,9,154,76,59
SUPER_1,16810000,79,4,8,91,40,39
SUPER_1,16820000,127,8,9,144,63,64
SUPER_1,16830000,82,5,7,94,50,32
SUPER_1,16840000,216,13,13,242,114,102
SUPER_1,16850000,138,14,15,167,76,62
SUPER_1,16860000,133,10,14,157,62,71
SUPER_1,16870000,173,15,12,200,87,86
SUPER_1,16880000,196,23,14,233,108,88
SUPER_1,16890000,37,3,5,45,18,19
SUPER_1,16900000,0,0,0,0,0,0
SUPER_1,16910000,0,0,0,0,0,0
SUPER_1,16920000,14,2,0,16,8,6
SUPER_1,16930000,7,2,1,10,5,2
SUPER_1,16940000,0,0,0,0,0,0
SUPER_1,16950000,0,0,0,0,0,0
SUPER_2,10000,5,2,0,7,2,3
SUPER_2,20000,0,0,0,0,0,0
SUPER_2,30000,0,0,0,0,0,0
SUPER_2,40000,45,4,6,55,22,23
SUPER_2,50000,122,5,8,135,60,62
SUPER_2,60000,172,16,13,201,87,85
SUPER_2,70000,173,19,21,213,90,83
SUPER_2,80000,161,14,8,183,85,76
SUPER_2,90000,155,13,13,181,82,73
SUPER_2,100000,241,23,15,279,129,112
SUPER_2,110000,124,5,13,142,81,43
SUPER_2,120000,236,26,20,282,132,104
SUPER_2,130000,127,8,15,150,70,57
SUPER_2,140000,85,7,6,98,41,44
SUPER_2,150000,101,6,6,113,52,49
SUPER_2,160000,59,9,5,73,28,31
SUPER_2,170000,219,15,18,252,113,106
SUPER_2,180000,121,11,5,137,61,60
SUPER_2,190000,217,14,9,240,115,102
SUPER_2,200000,227,18,11,256,125,102
SUPER_2,210000,66,7,3,76,23,43
SUPER_2,220000,105,9,10,124,59,46
SUPER_2,230000,131,13,7,151,81,50
SUPER_2,240000,206,18,21,245,103,103
SUPER_2,250000,43,3,6,52,24,19
SUPER_2,260000,2,1,0,3,1,1
SUPER_2,270000,286,20,19,325,146,140
SUPER_2,280000,226,24,19,269,123,103
SUPER_2,290000,113,5,5,123,63,50
SUPER_2,300000,243,11,20,274,119,124
SUPER_2,310000,212,8,23,243,103,109
SUPER_2,320000,142,13,14,169,77,65
SUPER_2,330000,201,19,19,239,104,97
SUPER_2,340000,223,13,12,248,120,103
SUPER_2,350000,28,5,1,34,11,17
SUPER_2,360000,81,9,5,95,51,30
SUPER_2,370000,213,19,10,242,105,108
SUPER_2,380000,243,19,24,286,131,112
SUPER_2,390000,132,11,14,157,64,68
SUPER_2,400000,136,5,9,150,74,62
SUPER_2,410000,223,21,15,259,111,112
SUPER_2,420000,131,12,9,152,66,65
SUPER_2,430000,165,17,13,195,85,80
SUPER_2,440000,294,28,32,354,147,147
SUPER_2,450000,221,20,25,266,102,119
SUPER_2,460000,128,7,10,145,55,73
SUPER_2,470000,160,8,7,175,78,82
SUPER_2,480000,142,7,13,162,74,68
SUPER_2,490000,239,19,21,279,121,118
SUPER_2,500000,132,8,12,152,66,66
SUPER_2,510000,146,7,12,165,76,70
SUPER_2,520000,214,18,17,249,118,96
SUPER_2,530000,183,10,22,215,93,90
SUPER_2,540000,209,11,13,233,108,101
SUPER_2,550000,167,21,23,211,79,88
SUPER_2,560000,15,2,1,18,6,9
SUPER_2,570000,131,14,9,154,73,58
SUPER_2,580000,50,3,6,59,22,28
SUPER_2,590000,148,19,9,176,70,78
SUPER_2,600000,174,25,25,224,109,65
SUPER_2,610000,206,16,16,238,109,97
SUPER_2,620000,239,20,24,283,123,116
SUPER_2,630000,265,22,23,310,138,127
SUPER_2,640000,241,12,26,279,142,99
SUPER_2,650000,243,21,22,286,118,125
SUPER_2,660000,302,22,31,355,156,146
SUPER_2,670000,235,11,22,268,115,120
SUPER_2,680000,277,23,24,324,123,154
SUPER_2,690000,265,30,30,325,139,126
SUPER_2,700000,260,27,27,314,106,154
SUPER_2,710000,247,20,22,289,134,113
SUPER_2,720000,151,5,7,163,65,86
SUPER_2,730000,282,21,22,325,129,153
SUPER_2,740000,238,16,25,279,129,109
SUPER_2,750000,256,12,16,284,121,135
SUPER_2,760000,321,28,24,373,165,156
SUPER_2,770000,236,18,9,263,135,101
SUPER_2,780000,257,20,26,303,119,138
SUPER_2,790000,265,23,35,323,128,137
SUPER_2,800000,302,31,22,355,142,160
SUPER_2,810000,26,5,1,32,19,7
SUPER_2,820000,61,6,5,72,35,26
SUPER_2,830000,195,18,20,233,88,107
SUPER_2,840000,151,17,16,184,78,73
SUPER_2,850000,255,19,22,296,126,129
SUPER_2,860000,226,22,22,270,117,109
SUPER_2,870000,165,9,22,196,75,90
SUPER_2,880000,141,10,15,166,74,67
SUPER_2,890000,120,15,13,148,67,53
SUPER_2,900000,107,12,11,130,51,56
SUPER_2,910000,99,5,5,109,52,47
SUPER_2,920000,13,2,2,17,6,7
SUPER_2,930000,91,3,7,101,42,49
SUPER_2,940000,54,7,7,68,36,18
SUPER_2,950000,260,24,32,316,105,155
SUPER_2,960000,12,0,0,12,6,6
SUPER_2,970000,118,10,8,136,61,57
SUPER_2,980000,295,29,23,347,160,135
SUPER_2,990000,195,18,14,227,101,94
SUPER_2,1000000,191,19,20,230,108,83
SUPER_2,1010000,174,7,12,193,96,78
SUPER_2,1020000,237,18,19,274,115,122
SUPER_2,1030000,230,19,25,274,112,118
SUPER_2,1040000,88,3,5,96,46,42
SUPER_2,1050000,150,11,14,175,80,70
SUPER_2,1060000,88,3,12,103,54,34
SUPER_2,1070000,290,20,27,337,149,141
SUPER_2,1080000,11,0,1,12,6,5
SUPER_2,1090000,0,0,0,0,0,0
SUPER_2,1100000,0,0,0,0,0,0
SUPER_2,1110000,0,0,0,0,0,0
SUPER_2,1120000,200,13,13,226,96,104
SUPER_2,1130000,134,7,15,156,71,63
SUPER_2,1140000,32,5,3,40,14,18
SUPER_2,1150000,81,2,7,90,39,42
SUPER_2,1160000,233,19,33,285,129,104
SUPER_2,1170000,64,5,3,72,24,40
SUPER_2,1180000,267,25,29,321,133,134
SUPER_2,1190000,308,21,21,350,155,153
SUPER_2,1200000,271,22,18,311,121,150
SUPER_2,1210000,290,15,32,337,152,138
SUPER_2,1220000,226,13,21,260,114,112
SUPER_2,1230000,236,17,23,276,104,132
SUPER_2,1240000,78,6,7,91,34,44
SUPER_2,1250000,257,20,34,311,125,132
SUPER_2,1260000,253,20,23,296,119,134
SUPER_2,1270000,185,17,22,224,84,101
SUPER_2,1280000,317,26,38,381,161,156
SUPER_2,1290000,147,4,5,156,82,65
SUPER_2,1300000,183,19,14,216,99,84
SUPER_2,1310000,277,13,25,315,141,136
SUPER_2,1320000,142,11,16,169,79,63
SUPER_2,1330000,260,27,33,320,124,136
SUPER_2,1340000,303,30,29,362,151,152
SUPER_2,1350000,207,16,21,244,91,116
SUPER_2,1360000,185,16,21,222,87,98
SUPER_2,1370000,71,2,9,82,32,39
SUPER_2,1380000,148,9,15,172,79,69
SUPER_2,1390000,216,14,14,244,111,105
SUPER_2,1400000,158,10,14,182,75,83
SUPER_2,1410000,192,14,11,217,93,99
SUPER_2,1420000,231,14,27,272,105,126
SUPER_2,1430000,210,18,22,250,109,101
SUPER_2,1440000,16,0,2,18,13,3
SUPER_2,1450000,183,9,16,208,86,97
SUPER_2,1460000,103,7,6,116,55,48
SUPER_2,1470000,60,9,6,75,35,25
SUPER_2,1480000,4,0,0,4,3,1
SUPER_2,1490000,59,8,7,74,31,28
SUPER_2,1500000,169,19,15,203,86,83
SUPER_2,1510000,156,10,14,180,76,80
SUPER_2,1520000,81,4,5,90,42,39
SUPER_2,1530000,44,5,12,61,20,24
SUPER_2,1540000,67,8,4,79,27,40
SUPER_2,1550000,102,9,13,124,58,44
SUPER_2,1560000,225,15,23,263,102,123
SUPER_2,1570000,122,8,9,139,59,63
SUPER_2,1580000,166,10,13,189,90,76
SUPER_2,1590000,150,11,18,179,85,65
SUPER_2,1600000,197,8,21,226,97,100
SUPER_2,1610000,132,18,6,156,61,71
SUPER_2,1620000,23,2,2,27,12,11
SUPER_2,1630000,5,0,1,6,4,1
SUPER_2,1640000,29,1,4,34,18,11
SUPER_2,1650000,122,19,13,154,58,64
SUPER_2,1660000,182,12,13,207,86,96
SUPER_2,1670000,185,19,20,224,99,86
SUPER_2,1680000,249,12,20,281,138,111
SUPER_2,1690000,117,5,11,133,51,66
SUPER_2,1700000,163,17,18,198,85,78
SUPER_2,1710000,105,12,6,123,50,55
SUPER_2,1720000,79,4,15,98,32,47
SUPER_2,1730000,184,10,19,213,91,93
SUPER_2,1740000,180,18,16,214,93,87
SUPER_2,1750000,163,21,19,203,75,88
SUPER_2,1760000,93,6,10,109,42,51
SUPER_2,1770000,181,15,12,208,107,74
SUPER_2,1780000,220,17,13,250,107,113
SUPER_2,1790000,168,15,21,204,94,74
SUPER_2,1800000,171,15,18,204,87,84
SUPER_2,1810000,135,19,11,165,66,69
SUPER_2,1820000,83,9,6,98,51,32
SUPER_2,1830000,202,24,23,249,104,98
SUPER_2,1840000,237,21,31,289,116,121
SUPER_2,1850000,193,20,23,236,98,95
SUPER_2,1860000,106,10,7,123,62,44
SUPER_2,1870000,82,7,11,100,40,42
SUPER_2,1880000,125,10,4,139,74,51
SUPER_2,1890000,196,16,22,234,103,93
SUPER_2,1900000,210,16,14,240,104,106
SUPER_2,1910000,88,10,13,111,41,47
SUPER_2,1920000,164,20,17,201,84,80
SUPER_2,1930000,123,10,15,148,66,57
SUPER_2,1940000,204,18,14,236,92,112
SUPER_2,1950000,87,5,13,105,49,38
SUPER_2,1960000,115,9,13,137,62,53
SUPER_2,1970000,165,16,12,193,88,77
SUPER_2,1980000,117,6,8,131,57,60
SUPER_2,1990000,227,14,23,264,122,105
SUPER_2,2000000,223,17,17,257,119,104
SUPER_2,2010000,66,5,3,74,29,37
SUPER_2,2020000,173,15,13,201,80,93
SUPER_2,2030000,190,16,16,222,98,92
SUPER_2,2040000,0,0,0,0,0,0
SUPER_2,2050000,0,0,0,0,0,0
SUPER_2,2060000,112,7,5,124,62,50
SUPER_2,2070000,199,22,14,235,89,110
SUPER_2,2080000,191,18,14,223,103,88
SUPER_2,2090000,246,16,24,286,117,129
SUPER_2,2100000,190,16,14,220,89,101
SUPER_2,2110000,129,14,10,153,63,66
SUPER_2,2120000,152,11,17,180,68,84
SUPER_2,2130000,178,15,15,208,84,94
SUPER_2,2140000,227,13,16,256,109,118
SUPER_2,2150000,184,21,13,218,91,93
SUPER_2,2160000,132,5,10,147,70,62
SUPER_2,2170000,158,19,19,196,79,79
SUPER_2,2180000,147,15,9,171,73,74
SUPER_2,2190000,195,11,22,228,106,89
SUPER_2,2200000,235,15,17,267,121,114
SUPER_2,2210000,149,10,14,173,73,76
SUPER_2,2220000,234,16,22,272,113,121
SUPER_2,2230000,232,15,30,277,121,111
SUPER_2,2240000,216,21,18,255,115,101
SUPER_2,2250000,51,4,5,60,23,28
SUPER_2,2260000,195,13,22,230,91,104
SUPER_2,2270000,141,12,18,171,73,68
SUPER_2,2280000,227,16,19,262,110,117
SUPER_2,2290000,54,11,6,71,28,26
SUPER_2,2300000,233,24,24,281,122,111
SUPER_2,2310000,84,13,7,104,49,35
SUPER_2,2320000,0,0,0,0,0,0
SUPER_2,2330000,0,0,0,0,0,0
SUPER_2,2340000,246,16,10,272,130,116
SUPER_2,2350000,0,0,0,0,0,0
SUPER_2,2360000,0,0,0,0,0,0
SUPER_2,2370000,157,22,17,196,88,69
SUPER_2,2380000,98,10,2,110,55,43
SUPER_2,2390000,130,12,10,152,60,70
SUPER_2,2400000,217,19,12,248,96,121
SUPER_2,2410000,221,19,29,269,113,108
SUPER_2,2420000,122,18,12,152,60,62
SUPER_2,2430000,202,24,17,243,98,104
SUPER_2,2440000,252,24,14,290,125,127
SUPER_2,2450000,235,21,20,276,127,108
SUPER_2,2460000,37,2,0,39,20,17
SUPER_2,2470000,152,8,8,168,94,58
SUPER_2,2480000,220,23,19,262,114,106
SUPER_2,2490000,188,18,19,225,89,99
SUPER_2,2500000,50,3,7,60,21,29
SUPER_2,2510000,175,9,5,189,81,94
SUPER_2,2520000,232,20,27,279,119,113
SUPER_2,2530000,190,9,14,213,89,101
SUPER_2,2540000,185,15,20,220,101,84
SUPER_2,2550000,141,15,15,171,74,67
SUPER_2,2560000,128,9,12,149,68,60
SUPER_2,2570000,135,16,10,161,67,68
SUPER_2,2580000,131,10,11,152,65,66
SUPER_2,2590000,4,1,0,5,1,3
SUPER_2,2600000,1,1,0,2,1,0
SUPER_2,2610000,106,13,10,129,57,49
SUPER_2,2620000,104,8,8,120,62,42
SUPER_2,2630000,179,17,15,211,99,80
SUPER_2,2640000,163,14,8,185,74,89
SUPER_2,2650000,156,13,11,180,70,86
SUPER_2,2660000,107,8,9,124,54,53
SUPER_2,2670000,187,19,15,221,97,90
SUPER_2,2680000,274,13,27,314,133,141
SUPER_2,2690000,233,26,29,288,105,128
SUPER_2,2700000,246,15,20,281,135,111
SUPER_2,2710000,144,5,9,158,69,75
SUPER_2,2720000,144,16,13,173,73,71
SUPER_2,2730000,46,4,5,55,23,23
SUPER_2,2740000,112,6,10,128,57,55
SUPER_2,2750000,96,3,5,104,48,48
SUPER_2,2760000,254,17,21,292,140,114
SUPER_2,2770000,179,18,12,209,95,84
SUPER_2,2780000,130,6,11,147,65,65
SUPER_2,2790000,272,23,19,314,126,146
SUPER_2,2800000,203,17,27,247,99,104
SUPER_2,2810000,167,14,16,197,83,84
SUPER_2,2820000,186,13,12,211,96,90
SUPER_2,2830000,258,24,17,299,121,137
SUPER_2,2840000,101,4,7,112,46,55
SUPER_2,2850000,180,15,15,210,91,89
SUPER_2,2860000,136,13,12,161,69,67
SUPER_2,2870000,207,7,20,234,106,101
SUPER_2,2880000,221,20,24,265,101,120
SUPER_2,2890000,217,18,15,250,110,107
SUPER_2,2900000,191,9,13,213,86,105
SUPER_2,2910000,175,14,13,202,90,85
SUPER_2,2920000,41,2,2,45,21,20
SUPER_2,2930000,169,20,17,206,82,87
SUPER_2,2940000,121,11,11,143,71,50
SUPER_2,2950000,236,20,15,271,125,111
SUPER_2,2960000,131,12,15,158,63,68
SUPER_2,2970000,47,5,2,54,21,26
SUPER_2,2980000,79,9,7,95,33,46
SUPER_2,2990000,234,17,16,267,112,122
SUPER_2,3000000,93,6,7,106,61,32
SUPER_2,3010000,236,14,31,281,128,108
SUPER_2,3020000,85,13,11,109,47,38
SUPER_2,3030000,200,15,16,231,108,92
SUPER_2,3040000,256,21,20,297,118,138
SUPER_2,3050000,192,13,24,229,88,104
SUPER_2,3060000,191,8,18,217,95,96
SUPER_2,3070000,8,0,1,9,5,3
SUPER_2,3080000,47,5,3,55,27,20
SUPER_2,3090000,90,8,3,101,46,44
SUPER_2,3100000,106,12,4,122,49,57
SUPER_2,3110000,223,21,15,259,104,119
SUPER_2,3120000,126,10,11,147,64,62
SUPER_2,3130000,126,4,13,143,61,65
SUPER_2,3140000,77,5,5,87,37,40
SUPER_2,3150000,192,18,17,227,99,93
SUPER_2,3160000,258,16,31,305,135,123
SUPER_2,3170000,141,14,15,170,70,71
SUPER_2,3180000,140,16,14,170,77,63
SUPER_2,3190000,107,6,14,127,61,46
SUPER_2,3200000,168,12,19,199,82,86
SUPER_2,3210000,237,14,26,277,103,134
SUPER_2,3220000,189,17,21,227,101,88
SUPER_2,3230000,219,17,22,258,104,115
SUPER_2,3240000,198,17,19,234,102,96
SUPER_2,3250000,44,2,2,48,28,16
SUPER_2,3260000,27,4,1,32,14,13
SUPER_2,3270000,14,2,1,17,7,7
SUPER_2,3280000,0,0,0,0,0,0
SUPER_2,3290000,0,0,0,0,0,0
SUPER_2,3300000,0,0,0,0,0,0
SUPER_2,3310000,21,5,1,27,11,10
SUPER_2,3320000,83,7,5,95,46,37
SUPER_2,3330000,235,28,27,290,117,118
SUPER_2,3340000,182,19,19,220,84,98
SUPER_2,3350000,118,11,9,138,67,51
SUPER_2,3360000,86,8,11,105,45,41
SUPER_2,3370000,129,16,11,156,67,62
SUPER_2,3380000,146,15,14,175,67,79
SUPER_2,3390000,110,6,6,122,55,55
SUPER_2,3400000,176,9,13,198,74,102
SUPER_2,3410000,137,7,9,153,68,69
SUPER_2,3420000,178,13,14,205,83,95
SUPER_2,3430000,188,21,18,227,88,100
SUPER_2,3440000,72,5,8,85,41,31
SUPER_2,3450000,252,19,15,286,131,121
SUPER_2,3460000,259,21,21,301,133,126
SUPER_2,3470000,204,20,26,250,102,102
SUPER_2,3480000,59,4,9,72,32,27
SUPER_2,3490000,242,23,27,292,116,126
SUPER_2,3500000,168,18,16,202,93,75
SUPER_2,3510000,156,8,12,176,80,76
SUPER_2,3520000,174,17,16,207,81,93
SUPER_2,3530000,82,3,8,93,44,38
SUPER_2,3540000,158,18,16,192,78,80
SUPER_2,3550000,158,15,21,194,81,77
SUPER_2,3560000,136,13,13,162,77,59
SUPER_2,3570000,87,9,11,107,51,36
SUPER_2,3580000,55,4,6,65,24,31
SUPER_2,3590000,156,8,18,182,77,79
SUPER_2,3600000,184,12,10,206,87,97
SUPER_2,3610000,87,6,9,102,45,42
SUPER_2,3620000,107,11,11,129,41,66
SUPER_2,3630000,200,26,13,239,105,95
SUPER_2,3640000,122,9,6,137,59,63
SUPER_2,3650000,54,1,5,60,22,32
SUPER_2,3660000,215,21,26,262,101,114
SUPER_2,3670000,116,11,8,135,64,52
SUPER_2,3680000,191,12,16,219,94,97
SUPER_2,3690000,257,21,15,293,123,134
SUPER_2,3700000,189,17,20,226,80,109
SUPER_2,3710000,141,19,11,171,61,80
SUPER_2,3720000,71,5,9,85,34,37
SUPER_2,3730000,20,0,3,23,10,10
SUPER_2,3740000,228,12,14,254,125,103
SUPER_2,3750000,194,24,16,234,85,109
SUPER_2,3760000,201,24,8,233,118,83
SUPER_2,3770000,194,14,22,230,94,100
SUPER_2,3780000,197,13,17,227,91,106
SUPER_2,3790000,199,19,21,239,99,100
SUPER_2,3800000,168,12,11,191,89,79
SUPER_2,3810000,189,16,18,223,95,94
SUPER_2,3820000,153,11,12,176,72,81
SUPER_2,3830000,122,17,15,154,65,57
SUPER_2,3840000,219,20,24,263,101,118
SUPER_2,3850000,161,12,12,185,96,65
SUPER_2,3860000,67,4,6,77,41,26
SUPER_2,3870000,62,4,9,75,34,28
SUPER_2,3880000,179,14,12,205,79,100
SUPER_2,3890000,198,14,22,234,97,101
SUPER_2,3900000,244,24,17,285,130,114
SUPER_2,3910000,210,18,21,249,107,103
SUPER_2,3920000,232,29,20,281,113,119
SUPER_2,3930000,170,20,11,201,84,86
SUPER_2,3940000,234,17,17,268,120,114
SUPER_2,3950000,203,23,26,252,90,113
SUPER_2,3960000,187,16,17,220,86,101
SUPER_2,3970000,21,1,3,25,8,13
SUPER_2,3980000,72,5,9,86,36,36
SUPER_2,3990000,166,15,17,198,86,80
SUPER_2,4000000,92,6,11,109,49,43
SUPER_2,4010000,208,21,28,257,100,108
SUPER_2,4020000,210,16,18,244,101,109
SUPER_2,4030000,220,14,17,251,123,97
SUPER_2,4040000,76,8,8,92,43,33
SUPER_2,4050000,176,17,16,209,90,86
SUPER_2,4060000,202,18,24,244,110,92
SUPER_2,4070000,207,15,21,243,106,101
SUPER_2,4080000,121,7,12,140,61,60
SUPER_2,4090000,157,16,9,182,82,75
SUPER_2,4100000,149,18,14,181,70,79
SUPER_2,4110000,202,19,20,241,93,109
SUPER_2,4120000,283,27,31,341,118,165
SUPER_2,4130000,211,14,25,250,102,109
SUPER_2,4140000,76,8,5,89,41,35
SUPER_2,4150000,234,12,20,266,111,123
SUPER_2,4160000,195,22,16,233,93,102
SUPER_2,4170000,243,21,13,277,139,104
SUPER_2,4180000,176,14,17,207,81,95
SUPER_2,4190000,258,14,23,295,129,129
SUPER_2,4200000,226,23,14,263,119,107
SUPER_2,4210000,274,17,17,308,149,125
SUPER_2,4220000,279,18,21,318,143,136
SUPER_2,4230000,108,7,11,126,59,49
SUPER_2,4240000,86,4,4,94,39,47
SUPER_2,4250000,181,13,19,213,97,84
SUPER_2,4260000,44,0,6,50,18,26
SUPER_2,4270000,91,6,12,109,49,42
SUPER_2,4280000,150,17,16,183,74,76
SUPER_2,4290000,165,11,17,193,95,70
SUPER_2,4300000,169,21,10,200,74,95
SUPER_2,4310000,70,2,7,79,48,22
SUPER_2,4320000,120,7,11,138,55,65
SUPER_2,4330000,232,28,20,280,107,125
SUPER_2,4340000,0,0,0,0,0,0
SUPER_2,4350000,0,0,0,0,0,0
SUPER_2,4360000,277,20,33,330,143,134
SUPER_2,4370000,275,27,26,328,132,143
SUPER_2,4380000,217,12,19,248,115,102
SUPER_2,4390000,123,14,9,146,64,59
SUPER_2,4400000,206,11,7,224,105,101
SUPER_2,4410000,259,22,20,301,124,135
SUPER_2,4420000,80,4,5,89,38,42
SUPER_2,4430000,198,14,19,231,96,102
SUPER_2,4440000,167,21,19,207,80,87
SUPER_2,4450000,191,12,16,219,98,93
SUPER_2,4460000,239,18,13,270,115,124
SUPER_2,4470000,128,11,10,149,71,57
SUPER_2,4480000,177,15,20,212,93,84
SUPER_2,4490000,74,4,9,87,38,36
SUPER_2,4500000,57,6,6,69,29,28
SUPER_2,4510000,130,15,19,164,71,59
SUPER_2,4520000,228,16,19,263,126,102
SUPER_2,4530000,183,16,18,217,89,94
SUPER_2,4540000,63,2,3,68,29,34
SUPER_2,4550000,108,7,8,123,56,52
SUPER_2,4560000,150,15,11,176,65,85
SUPER_2,4570000,253,23,32,308,126,127
SUPER_2,4580000,262,28,25,315,138,124
SUPER_2,4590000,227,19,25,271,101,126
SUPER_2,4600000,102,8,11,121,53,49
SUPER_2,4610000,123,11,15,149,66,57
SUPER_2,4620000,37,4,7,48,15,22
SUPER_2,4630000,231,20,20,271,130,101
SUPER_2,4640000,288,27,27,342,136,152
SUPER_2,4650000,254,18,25,297,114,140
SUPER_2,4660000,115,11,12,138,56,59
SUPER_2,4670000,251,19,23,293,138,113
SUPER_2,4680000,279,18,33,330,141,138
SUPER_2,4690000,124,10,12,146,62,62
SUPER_2,4700000,110,4,5,119,60,50
SUPER_2,4710000,216,17,19,252,110,106
SUPER_2,4720000,93,5,5,103,45,48
SUPER_2,4730000,100,5,11,116,60,40
SUPER_2,4740000,218,17,25,260,111,107
SUPER_2,4750000,239,26,26,291,123,116
SUPER_2,4760000,228,25,28,281,124,104
SUPER_2,4770000,0,0,0,0,0,0
SUPER_2,4780000,0,0,0,0,0,0
SUPER_2,4790000,0,0,0,0,0,0
SUPER_2,4800000,0,0,0,0,0,0
SUPER_2,4810000,471,38,42,551,238,233
SUPER_2,4820000,181,9,21,211,84,97
SUPER_2,4830000,113,16,8,137,64,49
SUPER_2,4840000,196,21,8,225,106,90
SUPER_2,4850000,174,11,14,199,88,86
SUPER_2,4860000,162,14,18,194,82,80
SUPER_2,4870000,102,3,6,111,57,45
SUPER_2,4880000,193,22,26,241,97,96
SUPER_2,4890000,132,9,13,154,73,59
SUPER_2,4900000,150,15,18,183,75,75
SUPER_2,4910000,229,16,26,271,113,116
SUPER_2,4920000,95,5,7,107,36,59
SUPER_2,4930000,64,4,12,80,36,28
SUPER_2,4940000,187,10,19,216,97,90
SUPER_2,4950000,125,9,11,145,63,62
SUPER_2,4960000,103,11,11,125,50,53
SUPER_2,4970000,190,21,20,231,104,86
SUPER_2,4980000,173,8,16,197,90,83
SUPER_2,4990000,109,9,9,127,52,57
SUPER_2,5000000,137,12,18,167,66,71
SUPER_2,5010000,55,3,6,64,28,27
SUPER_2,5020000,179,16,20,215,98,81
SUPER_2,5030000,113,6,8,127,65,48
SUPER_2,5040000,141,12,7,160,73,68
SUPER_2,5050000,254,17,22,293,130,124
SUPER_2,5060000,148,11,12,171,84,64
SUPER_2,5070000,119,7,16,142,59,60
SUPER_2,5080000,118,7,7,132,69,49
SUPER_2,5090000,77,7,5,89,28,49
SUPER_2,5100000,244,19,20,283,126,118
SUPER_2,5110000,267,24,22,313,127,140
SUPER_2,5120000,240,16,23,279,122,118
SUPER_2,5130000,101,5,5,111,45,56
SUPER_2,5140000,163,12,15,190,79,84
SUPER_2,5150000,102,9,9,120,49,53
SUPER_2,5160000,145,17,9,171,84,61
SUPER_2,5170000,144,6,11,161,82,62
SUPER_2,5180000,197,9,19,225,96,101
SUPER_2,5190000,125,9,8,142,58,67
SUPER_2,5200000,169,18,22,209,71,98
SUPER_2,5210000,100,10,8,118,47,53
SUPER_2,5220000,142,10,13,165,71,71
SUPER_2,5230000,154,14,21,189,62,92
SUPER_2,5240000,107,11,10,128,54,53
SUPER_2,5250000,221,18,20,259,116,105
SUPER_2,5260000,114,20,8,142,57,57
SUPER_2,5270000,145,13,19,177,74,71
SUPER_2,5280000,145,19,19,183,83,62
SUPER_2,5290000,192,20,15,227,92,100
SUPER_2,5300000,209,24,28,261,102,107
SUPER_2,5310000,111,9,11,131,56,55
SUPER_2,5320000,107,8,11,126,48,59
SUPER_2,5330000,55,4,5,64,28,27
SUPER_2,5340000,165,15,13,193,75,90
SUPER_2,5350000,237,25,29,291,133,104
SUPER_2,5360000,194,13,19,226,106,88
SUPER_2,5370000,106,6,16,128,47,59
SUPER_2,5380000,274,25,28,327,137,137
SUPER_2,5390000,288,19,24,331,127,161
SUPER_2,5400000,271,14,26,311,119,152
SUPER_2,5410000,298,14,24,336,152,146
SUPER_2,5420000,160,15,15,190,83,77
SUPER_2,5430000,202,19,18,239,95,107
SUPER_2,5440000,176,13,19,208,88,88
SUPER_2,5450000,193,17,19,229,110,83
SUPER_2,5460000,152,20,7,179,83,69
SUPER_2,5470000,98,2,13,113,47,51
SUPER_2,5480000,144,10,13,167,71,73
SUPER_2,5490000,116,10,12,138,52,64
SUPER_2,5500000,148,18,23,189,53,95
SUPER_2,5510000,225,19,12,256,108,117
SUPER_2,5520000,244,30,24,298,117,127
SUPER_2,5530000,192,24,8,224,87,105
SUPER_2,5540000,197,15,16,228,91,106
SUPER_2,5550000,154,17,9,180,70,84
SUPER_2,5560000,128,11,9,148,69,59
SUPER_2,5570000,222,16,23,261,107,115
SUPER_2,5580000,143,11,16,170,59,84
SUPER_2,5590000,59,6,9,74,21,38
SUPER_2,5600000,152,19,12,183,88,64
SUPER_2,5610000,76,3,9,88,41,35
SUPER_2,5620000,212,22,29,263,103,109
SUPER_2,5630000,253,22,27,302,122,131
SUPER_2,5640000,161,15,11,187,86,75
SUPER_2,5650000,285,31,23,339,135,150
SUPER_2,5660000,224,23,20,267,105,119
SUPER_2,5670000,235,23,23,281,108,127
SUPER_2,5680000,280,27,24,331,132,148
SUPER_2,5690000,252,19,20,291,133,119
SUPER_2,5700000,224,19,15,258,116,108
SUPER_2,5710000,258,25,21,304,127,131
SUPER_2,5720000,296,20,25,341,145,151
SUPER_2,5730000,60,7,5,72,28,32
SUPER_2,5740000,53,2,5,60,26,27
SUPER_2,5750000,115,9,18,142,70,45
SUPER_2,5760000,188,27,17,232,87,101
SUPER_2,5770000,147,20,14,181,72,75
SUPER_2,5780000,182,13,25,220,93,89
SUPER_2,5790000,218,15,19,252,113,105
SUPER_2,5800000,136,9,15,160,64,72
SUPER_2,5810000,167,25,17,209,88,79
SUPER_2,5820000,117,9,9,135,63,54
SUPER_2,5830000,211,18,17,246,107,104
SUPER_2,5840000,205,15,16,236,90,115
SUPER_2,5850000,275,15,23,313,136,139
SUPER_2,5860000,239,13,21,273,113,126
SUPER_2,5870000,194,19,12,225,98,96
SUPER_2,5880000,145,16,16,177,80,65
SUPER_2,5890000,41,4,3,48,27,14
SUPER_2,5900000,234,20,27,281,104,130
SUPER_2,5910000,249,21,27,297,118,131
SUPER_2,5920000,187,20,13,220,92,95
SUPER_2,5930000,192,17,26,235,98,94
SUPER_2,5940000,67,7,10,84,31,36
SUPER_2,5950000,158,14,14,186,83,75
SUPER_2,5960000,61,8,4,73,26,35
SUPER_2,5970000,13,0,2,15,5,8
SUPER_2,5980000,84,3,2,89,42,42
SUPER_2,5990000,120,14,9,143,51,69
SUPER_2,6000000,253,18,20,291,116,137
SUPER_2,6010000,223,15,19,257,115,108
SUPER_2,6020000,234,22,20,276,116,118
SUPER_2,6030000,156,12,13,181,68,88
SUPER_2,6040000,154,9,13,176,69,85
SUPER_2,6050000,236,12,17,265,114,122
SUPER_2,6060000,223,21,22,266,119,104
SUPER_2,6070000,130,9,3,142,64,66
SUPER_2,6080000,221,16,26,263,123,98
SUPER_2,6090000,273,15,25,313,133,140
SUPER_2,6100000,51,3,4,58,27,24
SUPER_2,6110000,73,1,8,82,36,37
SUPER_2,6120000,153,11,13,177,85,68
SUPER_2,6130000,202,12,20,234,106,96
SUPER_2,6140000,51,5,3,59,25,26
SUPER_2,6150000,25,0,3,28,16,9
SUPER_2,6160000,174,13,11,198,88,86
SUPER_2,6170000,225,22,20,267,114,111
SUPER_2,6180000,47,3,6,56,25,22
SUPER_2,6190000,65,7,9,81,35,30
SUPER_2,6200000,125,9,15,149,54,71
SUPER_2,6210000,188,12,15,215,95,93
SUPER_2,6220000,238,21,21,280,129,109
SUPER_2,6230000,219,28,20,267,106,113
SUPER_2,6240000,182,7,12,201,93,89
SUPER_2,6250000,109,12,10,131,68,41
SUPER_2,6260000,131,9,13,153,65,66
SUPER_2,6270000,161,22,5,188,73,88
SUPER_2,6280000,224,15,17,256,116,108
SUPER_2,6290000,252,20,23,295,124,128
SUPER_2,6300000,234,19,16,269,112,122
SUPER_2,6310000,155,14,9,178,77,78
SUPER_2,6320000,141,13,12,166,72,69
SUPER_2,6330000,89,9,12,110,44,45
SUPER_2,6340000,138,15,11,164,71,67
SUPER_2,6350000,101,6,11,118,56,45
SUPER_2,6360000,145,20,10,175,58,87
SUPER_2,6370000,158,16,11,185,73,85
SUPER_2,6380000,177,17,16,210,86,91
SUPER_2,6390000,90,7,6,103,39,51
SUPER_2,6400000,213,17,20,250,107,106
SUPER_2,6410000,167,19,13,199,82,85
SUPER_2,6420000,209,22,22,253,94,115
SUPER_2,6430000,194,17,19,230,92,102
SUPER_2,6440000,122,17,15,154,61,61
SUPER_2,6450000,114,9,14,137,65,49
SUPER_2,6460000,116,11,9,136,59,57
SUPER_2,6470000,143,13,10,166,75,68
SUPER_2,6480000,163,11,19,193,77,86
SUPER_2,6490000,160,18,12,190,72,88
SUPER_2,6500000,141,15,16,172,60,81
SUPER_2,6510000,168,16,15,199,95,73
SUPER_2,6520000,155,19,16,190,81,74
SUPER_2,6530000,159,9,20,188,81,78
SUPER_2,6540000,144,19,18,181,63,81
SUPER_2,6550000,3,0,0,3,2,1
SUPER_2,6560000,0,0,0,0,0,0
SUPER_2,6570000,0,0,0,0,0,0
SUPER_2,6580000,1,2,0,3,0,1
SUPER_2,6590000,2,0,0,2,1,1
SUPER_2,6600000,0,1,0,1,0,0
SUPER_2,6610000,0,0,0,0,0,0
SUPER_2,6620000,0,0,0,0,0,0
SUPER_2,6630000,0,0,0,0,0,0
SUPER_2,6640000,0,0,0,0,0,0
SUPER_2,6650000,0,0,0,0,0,0
SUPER_2,6660000,2,2,1,5,0,2
SUPER_2,6670000,2,1,0,3,2,0
SUPER_2,6680000,49,2,5,56,23,26
SUPER_2,6690000,205,18,22,245,102,103
SUPER_2,6700000,204,16,17,237,98,106
SUPER_2,6710000,49,3,6,58,23,26
SUPER_2,6720000,140,13,12,165,73,67
SUPER_2,6730000,86,5,9,100,41,45
SUPER_2,6740000,141,19,14,174,70,71
SUPER_2,6750000,145,5,9,159,75,70
SUPER_2,6760000,36,1,0,37,15,21
SUPER_2,6770000,36,1,2,39,20,16
SUPER_2,6780000,43,3,4,50,25,18
SUPER_2,6790000,218,18,25,261,112,106
SUPER_2,6800000,222,31,13,266,111,111
SUPER_2,6810000,238,15,24,277,108,130
SUPER_2,6820000,231,17,21,269,110,121
SUPER_2,6830000,187,18,28,233,99,88
SUPER_2,6840000,159,19,19,197,75,84
SUPER_2,6850000,237,25,20,282,117,120
SUPER_2,6860000,3,0,0,3,2,1
SUPER_2,6870000,9,0,1,10,5,4
SUPER_2,6880000,153,9,9,171,79,74
SUPER_2,6890000,75,6,5,86,45,30
SUPER_2,6900000,86,7,12,105,51,35
SUPER_2,6910000,250,24,16,290,118,132
SUPER_2,6920000,220,12,23,255,109,111
SUPER_2,6930000,168,21,19,208,79,89
SUPER_2,6940000,231,25,30,286,118,113
SUPER_2,6950000,175,14,23,212,70,105
SUPER_2,6960000,126,12,11,149,57,69
SUPER_2,6970000,109,9,12,130,47,62
SUPER_2,6980000,114,12,13,139,68,46
SUPER_2,6990000,80,6,14,100,41,39
SUPER_2,7000000,158,20,13,191,73,85
SUPER_2,7010000,184,24,15,223,89,95
SUPER_2,7020000,144,12,15,171,60,84
SUPER_2,7030000,139,11,13,163,70,69
SUPER_2,7040000,151,18,14,183,72,79
SUPER_2,7050000,145,18,18,181,73,72
SUPER_2,7060000,205,20,20,245,96,109
SUPER_2,7070000,141,12,10,163,70,71
SUPER_2,7080000,91,7,12,110,45,46
SUPER_2,7090000,96,15,15,126,51,45
SUPER_2,7100000,165,23,16,204,77,88
SUPER_2,7110000,108,13,14,135,53,55
SUPER_2,7120000,158,16,18,192,81,77
SUPER_2,7130000,185,15,10,210,88,97
SUPER_2,7140000,179,8,21,208,93,86
SUPER_2,7150000,108,9,16,133,53,55
SUPER_2,7160000,46,6,8,60,31,15
SUPER_2,7170000,84,7,4,95,35,49
SUPER_2,7180000,126,12,18,156,59,67
SUPER_2,7190000,237,26,18,281,123,114
SUPER_2,7200000,107,8,10,125,51,56
SUPER_2,7210000,2,0,0,2,0,2
SUPER_2,7220000,1,0,0,1,0,1
SUPER_2,7230000,160,16,18,194,76,84
SUPER_2,7240000,216,17,20,253,123,93
SUPER_2,7250000,224,20,17,261,107,117
SUPER_2,7260000,142,16,13,171,73,69
SUPER_2,7270000,87,8,8,103,46,41
SUPER_2,7280000,184,16,13,213,96,88
SUPER_2,7290000,124,18,11,153,56,68
SUPER_2,7300000,143,17,11,171,66,77
SUPER_2,7310000,116,15,18,149,61,55
SUPER_2,7320000,110,8,18,136,53,57
SUPER_2,7330000,114,12,11,137,52,62
SUPER_2,7340000,104,7,11,122,52,52
SUPER_2,7350000,187,11,16,214,80,107
SUPER_2,7360000,150,13,21,184,76,74
SUPER_2,7370000,161,7,10,178,77,84
SUPER_2,7380000,103,6,5,114,50,53
SUPER_2,7390000,153,8,8,169,71,82
SUPER_2,7400000,52,2,2,56,23,29
SUPER_2,7410000,122,15,12,149,56,66
SUPER_2,7420000,119,14,16,149,60,59
SUPER_2,7430000,138,13,13,164,66,72
SUPER_2,7440000,134,7,13,154,65,69
SUPER_2,7450000,166,22,19,207,71,95
SUPER_2,7460000,180,15,16,211,96,84
SUPER_2,7470000,122,11,13,146,57,65
SUPER_2,7480000,195,18,13,226,105,90
SUPER_2,7490000,165,15,14,194,90,75
SUPER_2,7500000,259,12,29,300,140,119
SUPER_2,7510000,115,16,14,145,60,55
SUPER_2,7520000,68,9,4,81,29,39
SUPER_2,7530000,82,6,10,98,41,41
SUPER_2,7540000,67,6,6,79,38,29
SUPER_2,7550000,91,11,5,107,47,44
SUPER_2,7560000,98,10,10,118,45,53
SUPER_2,7570000,216,22,14,252,100,116
SUPER_2,7580000,136,15,14,165,56,80
SUPER_2,7590000,108,7,10,125,67,41
SUPER_2,7600000,80,12,7,99,34,46
SUPER_2,7610000,128,13,9,150,69,59
SUPER_2,7620000,75,7,11,93,32,43
SUPER_2,7630000,128,14,16,158,50,78
SUPER_2,7640000,75,10,8,93,38,37
SUPER_2,7650000,57,5,8,70,26,31
SUPER_2,7660000,54,4,8,66,23,31
SUPER_2,7670000,6,1,1,8,2,4
SUPER_2,7680000,113,10,7,130,51,62
SUPER_2,7690000,91,13,5,109,49,42
SUPER_2,7700000,89,5,9,103,47,42
SUPER_2,7710000,159,8,19,186,88,71
SUPER_2,7720000,84,14,6,104,40,44
SUPER_2,7730000,66,7,9,82,36,30
SUPER_2,7740000,120,10,9,139,64,56
SUPER_2,7750000,104,13,14,131,53,51
SUPER_2,7760000,61,4,8,73,29,32
SUPER_2,7770000,89,15,9,113,49,40
SUPER_2,7780000,97,6,5,108,44,53
SUPER_2,7790000,104,6,7,117,53,51
SUPER_2,7800000,155,17,19,191,73,82
SUPER_2,7810000,158,13,12,183,84,74
SUPER_2,7820000,0,0,0,0,0,0
SUPER_2,7830000,0,0,0,0,0,0
SUPER_2,7840000,148,15,16,179,77,71
SUPER_2,7850000,117,7,6,130,53,64
SUPER_2,7860000,129,7,9,145,65,64
SUPER_2,7870000,89,13,5,107,43,46
SUPER_2,7880000,144,9,18,171,59,85
SUPER_2,7890000,183,11,18,212,101,82
SUPER_2,7900000,126,16,9,151,62,64
SUPER_2,7910000,190,24,18,232,103,87
SUPER_2,7920000,124,21,21,166,65,59
SUPER_2,7930000,186,12,14,212,93,93
SUPER_2,7940000,190,15,12,217,97,93
SUPER_2,7950000,159,12,16,187,86,73
SUPER_2,7960000,146,16,20,182,71,75
SUPER_2,7970000,170,12,18,200,85,85
SUPER_2,7980000,136,16,12,164,60,76
SUPER_2,7990000,172,11,14,197,89,83
SUPER_2,8000000,197,11,23,231,86,111
SUPER_2,8010000,197,15,24,236,101,96
SUPER_2,8020000,200,12,17,229,98,102
SUPER_2,8030000,184,14,17,215,91,93
SUPER_2,8040000,101,15,10,126,45,56
SUPER_2,8050000,51,2,4,57,31,20
SUPER_2,8060000,115,5,10,130,54,61
SUPER_2,8070000,58,8,8,74,27,31
SUPER_2,8080000,225,18,28,271,98,127
SUPER_2,8090000,219,30,18,267,104,115
SUPER_2,8100000,190,24,11,225,91,99
SUPER_2,8110000,248,24,29,301,131,117
SUPER_2,8120000,168,19,17,204,79,89
SUPER_2,8130000,162,15,18,195,80,82
SUPER_2,8140000,127,13,10,150,64,63
SUPER_2,8150000,54,8,5,67,24,30
SUPER_2,8160000,2,0,1,3,1,1
SUPER_2,8170000,21,1,4,26,7,14
SUPER_2,8180000,187,17,16,220,102,85
SUPER_2,8190000,187,24,18,229,92,95
SUPER_2,8200000,237,29,17,283,126,111
SUPER_2,8210000,230,19,19,268,124,106
SUPER_2,8220000,115,15,10,140,52,63
SUPER_2,8230000,171,22,13,206,87,84
SUPER_2,8240000,142,15,21,178,60,82
SUPER_2,8250000,107,8,11,126,53,54
SUPER_2,8260000,173,14,20,207,93,80
SUPER_2,8270000,224,15,15,254,122,102
SUPER_2,8280000,159,13,16,188,78,81
SUPER_2,8290000,85,10,8,103,43,42
SUPER_2,8300000,137,8,13,158,59,78
SUPER_2,8310000,150,12,13,175,70,80
SUPER_2,8320000,112,12,12,136,55,57
SUPER_2,8330000,143,16,14,173,66,77
SUPER_2,8340000,127,8,5,140,73,54
SUPER_2,8350000,123,15,8,146,74,49
SUPER_2,8360000,130,12,16,158,62,68
SUPER_2,8370000,198,22,12,232,106,92
SUPER_2,8380000,138,13,14,165,73,65
SUPER_2,8390000,106,8,8,122,51,55
SUPER_2,8400000,187,19,13,219,73,114
SUPER_2,8410000,171,13,8,192,96,75
SUPER_2,8420000,199,18,24,241,102,97
SUPER_2,8430000,168,13,17,198,84,84
SUPER_2,8440000,179,16,12,207,97,82
SUPER_2,8450000,209,20,17,246,93,116
SUPER_2,8460000,106,10,12,128,61,45
SUPER_2,8470000,153,7,10,170,79,74
SUPER_2,8480000,47,0,5,52,25,22
SUPER_2,8490000,89,9,10,108,45,44
SUPER_2,8500000,48,7,12,67,26,22
SUPER_2,8510000,150,13,14,177,66,84
SUPER_2,8520000,110,9,11,130,53,57
SUPER_2,8530000,109,9,6,124,57,52
SUPER_2,8540000,99,10,15,124,43,56
SUPER_2,8550000,75,5,9,89,29,46
SUPER_2,8560000,174,15,17,206,94,80
SUPER_2,8570000,256,14,26,296,123,133
SUPER_2,8580000,185,17,19,221,99,86
SUPER_2,8590000,177,13,13,203,95,82
SUPER_2,8600000,185,17,16,218,93,92
SUPER_2,8610000,198,22,7,227,117,81
SUPER_2,8620000,184,15,17,216,89,95
SUPER_2,8630000,123,9,14,146,66,57
SUPER_2,8640000,181,10,15,206,98,83
SUPER_2,8650000,169,12,17,198,81,88
SUPER_2,8660000,170,7,15,192,85,85
SUPER_2,8670000,159,17,11,187,78,81
SUPER_2,8680000,139,12,10,161,71,68
SUPER_2,8690000,185,12,20,217,99,86
SUPER_2,8700000,138,11,12,161,66,72
SUPER_2,8710000,177,15,9,201,88,89
SUPER_2,8720000,206,13,15,234,95,111
SUPER_2,8730000,258,12,25,295,136,122
SUPER_2,8740000,125,9,8,142,69,56
SUPER_2,8750000,72,7,5,84,35,37
SUPER_2,8760000,85,11,4,100,43,42
SUPER_2,8770000,143,9,15,167,80,63
SUPER_2,8780000,156,15,13,184,76,80
SUPER_2,8790000,139,12,8,159,71,68
SUPER_2,8800000,72,4,8,84,39,33
SUPER_2,8810000,102,4,8,114,49,53
SUPER_2,8820000,245,15,17,277,116,129
SUPER_2,8830000,156,21,13,190,95,61
SUPER_2,8840000,133,14,16,163,75,58
SUPER_2,8850000,11,1,3,15,8,3
SUPER_2,8860000,53,1,5,59,29,24
SUPER_2,8870000,72,4,4,80,38,34
SUPER_2,8880000,42,4,9,55,21,21
SUPER_2,8890000,156,16,12,184,86,70
SUPER_2,8900000,161,14,16,191,84,77
SUPER_2,8910000,247,15,24,286,121,126
SUPER_2,8920000,198,19,14,231,89,109
SUPER_2,8930000,203,16,21,240,106,97
SUPER_2,8940000,93,5,6,104,51,42
SUPER_2,8950000,64,2,3,69,34,30
SUPER_2,8960000,206,16,15,237,89,117
SUPER_2,8970000,174,23,16,213,93,81
SUPER_2,8980000,71,2,6,79,42,29
SUPER_2,8990000,134,13,11,158,74,60
SUPER_2,9000000,207,11,18,236,104,103
SUPER_2,9010000,225,17,15,257,98,127
SUPER_2,9020000,109,6,14,129,52,57
SUPER_2,9030000,20,4,3,27,8,12
SUPER_2,9040000,62,6,10,78,27,35
SUPER_2,9050000,203,18,18,239,101,102
SUPER_2,9060000,253,26,21,300,132,121
SUPER_2,9070000,186,21,10,217,80,106
SUPER_2,9080000,210,19,20,249,106,104
SUPER_2,9090000,154,15,10,179,95,59
SUPER_2,9100000,155,15,9,179,77,78
SUPER_2,9110000,186,16,14,216,94,92
SUPER_2,9120000,192,7,20,219,97,95
SUPER_2,9130000,254,19,11,284,132,122
SUPER_2,9140000,141,12,8,161,79,62
SUPER_2,9150000,239,21,24,284,131,108
SUPER_2,9160000,249,12,16,277,121,128
SUPER_2,9170000,74,6,0,80,43,31
SUPER_2,9180000,20,1,0,21,12,8
SUPER_2,9190000,59,8,3,70,36,23
SUPER_2,9200000,233,23,16,272,115,118
SUPER_2,9210000,192,17,20,229,99,93
SUPER_2,9220000,185,15,21,221,102,83
SUPER_2,9230000,193,18,19,230,82,111
SUPER_2,9240000,154,14,17,185,66,88
SUPER_2,9250000,113,13,12,138,59,54
SUPER_2,9260000,181,18,22,221,92,89
SUPER_2,9270000,157,9,15,181,74,83
SUPER_2,9280000,156,14,11,181,82,74
SUPER_2,9290000,48,5,3,56,30,18
SUPER_2,9300000,52,6,9,67,25,27
SUPER_2,9310000,15,2,0,17,9,6
SUPER_2,9320000,10,0,0,10,4,6
SUPER_2,9330000,102,9,8,119,62,40
SUPER_2,9340000,43,4,2,49,19,24
SUPER_2,9350000,120,8,11,139,56,64
SUPER_2,9360000,88,15,11,114,37,51
SUPER_2,9370000,68,5,9,82,33,35
SUPER_2,9380000,85,17,10,112,44,41
SUPER_2,9390000,106,6,14,126,44,62
SUPER_2,9400000,0,0,0,0,0,0
SUPER_2,9410000,0,0,0,0,0,0
SUPER_2,9420000,0,0,0,0,0,0
SUPER_2,9430000,24,2,5,31,12,12
SUPER_2,9440000,103,5,12,120,54,49
SUPER_2,9450000,98,7,13,118,45,53
SUPER_2,9460000,163,13,17,193,89,74
SUPER_2,9470000,114,16,12,142,56,58
SUPER_2,9480000,91,10,9,110,46,45
SUPER_2,9490000,194,20,25,239,102,92
SUPER_2,9500000,242,25,27,294,109,133
SUPER_2,9510000,162,19,16,197,78,84
SUPER_2,9520000,269,17,22,308,128,141
SUPER_2,9530000,203,22,20,245,104,99
SUPER_2,9540000,227,15,18,260,129,98
SUPER_2,9550000,121,11,6,138,64,57
SUPER_2,9560000,223,20,25,268,106,117
SUPER_2,9570000,202,24,21,247,111,91
SUPER_2,9580000,207,19,23,249,96,111
SUPER_2,9590000,207,22,18,247,97,110
SUPER_2,9600000,234,21,22,277,105,129
SUPER_2,9610000,163,17,15,195,88,75
SUPER_2,9620000,88,10,9,107,48,40
SUPER_2,9630000,78,3,7,88,37,41
SUPER_2,9640000,64,4,6,74,30,34
SUPER_2,9650000,79,6,6,91,39,40
SUPER_2,9660000,43,5,3,51,18,25
SUPER_2,9670000,105,14,12,131,50,55
SUPER_2,9680000,111,8,9,128,52,59
SUPER_2,9690000,168,18,17,203,79,89
SUPER_2,9700000,143,18,14,175,76,67
SUPER_2,9710000,141,8,8,157,75,66
SUPER_2,9720000,99,9,7,115,47,52
SUPER_2,9730000,67,8,4,79,38,29
SUPER_2,9740000,133,15,10,158,68,65
SUPER_2,9750000,203,30,12,245,100,103
SUPER_2,9760000,162,18,17,197,81,81
SUPER_2,9770000,179,12,16,207,91,88
SUPER_2,9780000,128,13,7,148,64,64
SUPER_2,9790000,164,20,16,200,77,87
SUPER_2,9800000,229,27,36,292,116,113
SUPER_2,9810000,160,13,11,184,57,103
SUPER_2,9820000,56,3,7,66,33,23
SUPER_2,9830000,65,3,4,72,34,31
SUPER_2,9840000,195,14,22,231,104,91
SUPER_2,9850000,138,15,11,164,74,64
SUPER_2,9860000,71,1,4,76,33,38
SUPER_2,9870000,106,13,9,128,61,45
SUPER_2,9880000,0,0,0,0,0,0
SUPER_2,9890000,0,0,0,0,0,0
SUPER_2,9900000,0,0,0,0,0,0
SUPER_2,9910000,0,0,0,0,0,0
SUPER_2,9920000,0,0,0,0,0,0
SUPER_2,9930000,141,13,14,168,66,75
SUPER_2,9940000,171,18,9,198,93,78
SUPER_2,9950000,109,8,12,129,56,53
SUPER_2,9960000,109,6,20,135,60,49
SUPER_2,9970000,3,0,0,3,1,2
SUPER_2,9980000,56,3,2,61,25,31
SUPER_2,9990000,203,11,24,238,99,104
SUPER_2,10000000,105,8,8,121,55,50
SUPER_2,10010000,123,6,13,142,72,51
SUPER_2,10020000,90,10,5,105,54,36
SUPER_2,10030000,205,16,21,242,94,111
SUPER_2,10040000,200,20,15,235,116,84
SUPER_2,10050000,182,12,10,204,85,97
SUPER_2,10060000,115,11,5,131,50,65
SUPER_2,10070000,172,10,19,201,83,89
SUPER_2,10080000,141,12,20,173,64,77
SUPER_2,10090000,88,7,5,100,48,40
SUPER_2,10100000,78,8,9,95,43,35
SUPER_2,10110000,188,23,21,232,103,85
SUPER_2,10120000,164,11,13,188,90,74
SUPER_2,10130000,96,6,6,108,41,55
SUPER_2,10140000,166,21,13,200,83,83
SUPER_2,10150000,28,1,3,32,12,16
SUPER_2,10160000,149,6,10,165,81,68
SUPER_2,10170000,170,25,18,213,84,86
SUPER_2,10180000,128,13,11,152,77,51
SUPER_2,10190000,124,8,8,140,62,62
SUPER_2,10200000,82,7,9,98,44,38
SUPER_2,10210000,85,11,5,101,42,43
SUPER_2,10220000,85,5,6,96,38,47
SUPER_2,10230000,125,9,12,146,65,60
SUPER_2,10240000,160,7,19,186,91,69
SUPER_2,10250000,197,19,22,238,106,91
SUPER_2,10260000,175,10,12,197,96,79
SUPER_2,10270000,188,14,15,217,87,101
SUPER_2,10280000,6,0,0,6,6,0
SUPER_2,10290000,118,10,17,145,64,54
SUPER_2,10300000,157,14,9,180,84,73
SUPER_2,10310000,81,5,5,91,41,40
SUPER_2,10320000,156,11,15,182,69,87
SUPER_2,10330000,114,5,5,124,63,51
SUPER_2,10340000,16,2,4,22,11,5
SUPER_2,10350000,110,10,9,129,68,42
SUPER_2,10360000,140,6,7,153,71,69
SUPER_2,10370000,38,6,6,50,19,19
SUPER_2,10380000,183,12,18,213,90,93
SUPER_2,10390000,81,6,5,92,37,44
SUPER_2,10400000,152,16,15,183,84,68
SUPER_2,10410000,184,16,10,210,104,80
SUPER_2,10420000,63,5,11,79,29,34
SUPER_2,10430000,36,3,3,42,15,21
SUPER_2,10440000,81,10,10,101,45,36
SUPER_2,10450000,188,22,23,233,87,101
SUPER_2,10460000,170,26,19,215,89,81
SUPER_2,10470000,234,22,21,277,142,92
SUPER_2,10480000,179,20,26,225,87,92
SUPER_2,10490000,124,7,8,139,65,59
SUPER_2,10500000,0,0,0,0,0,0
SUPER_2,10510000,0,0,0,0,0,0
SUPER_2,10520000,237,21,22,280,116,121
SUPER_2,10530000,59,10,9,78,27,32
SUPER_2,10540000,1,0,0,1,1,0
SUPER_2,10550000,0,0,1,1,0,0
SUPER_2,10560000,1,0,0,1,1,0
SUPER_2,10570000,99,10,7,116,54,45
SUPER_2,10580000,167,16,17,200,82,85
SUPER_2,10590000,189,19,12,220,87,102
SUPER_2,10600000,225,21,15,261,107,118
SUPER_2,10610000,128,18,9,155,62,66
SUPER_2,10620000,213,13,22,248,103,110
SUPER_2,10630000,212,13,18,243,107,105
SUPER_2,10640000,51,5,0,56,23,28
SUPER_2,10650000,108,9,12,129,48,60
SUPER_2,10660000,192,14,18,224,76,116
SUPER_2,10670000,144,9,18,171,72,72
SUPER_2,10680000,161,20,22,203,78,83
SUPER_2,10690000,204,11,7,222,114,90
SUPER_2,10700000,179,16,12,207,83,96
SUPER_2,10710000,177,18,17,212,92,85
SUPER_2,10720000,209,17,17,243,98,111
SUPER_2,10730000,241,16,24,281,125,116
SUPER_2,10740000,236,22,23,281,122,114
SUPER_2,10750000,69,6,8,83,35,34
SUPER_2,10760000,106,10,15,131,58,48
SUPER_2,10770000,138,15,11,164,73,65
SUPER_2,10780000,156,18,14,188,72,84
SUPER_2,10790000,214,14,18,246,95,119
SUPER_2,10800000,218,20,17,255,111,107
SUPER_2,10810000,214,20,17,251,106,108
SUPER_2,10820000,213,18,26,257,104,109
SUPER_2,10830000,153,15,20,188,74,79
SUPER_2,10840000,261,26,25,312,126,135
SUPER_2,10850000,212,20,22,254,103,109
SUPER_2,10860000,212,20,19,251,91,121
SUPER_2,10870000,154,16,9,179,85,69
SUPER_2,10880000,178,14,10,202,92,86
SUPER_2,10890000,180,26,14,220,90,90
SUPER_2,10900000,222,18,22,262,107,115
SUPER_2,10910000,250,21,29,300,115,135
SUPER_2,10920000,176,8,15,199,104,72
SUPER_2,10930000,101,10,11,122,40,61
SUPER_2,10940000,106,6,8,120,54,52
SUPER_2,10950000,266,19,21,306,133,133
SUPER_2,10960000,200,17,13,230,106,94
SUPER_2,10970000,200,14,11,225,93,107
SUPER_2,10980000,154,5,15,174,85,69
SUPER_2,10990000,126,5,7,138,59,67
SUPER_2,11000000,154,17,21,192,72,82
SUPER_2,11010000,134,9,19,162,75,59
SUPER_2,11020000,124,12,14,150,63,61
SUPER_2,11030000,187,10,9,206,102,85
SUPER_2,11040000,208,17,22,247,97,111
SUPER_2,11050000,97,14,6,117,41,56
SUPER_2,11060000,182,23,16,221,96,86
SUPER_2,11070000,198,16,18,232,90,108
SUPER_2,11080000,208,27,18,253,99,109
SUPER_2,11090000,206,14,12,232,100,106
SUPER_2,11100000,207,23,14,244,98,109
SUPER_2,11110000,94,13,11,118,49,45
SUPER_2,11120000,98,10,14,122,59,39
SUPER_2,11130000,36,8,4,48,17,19
SUPER_2,11140000,85,15,10,110,40,45
SUPER_2,11150000,95,10,4,109,49,46
SUPER_2,11160000,90,4,6,100,39,51
SUPER_2,11170000,77,5,10,92,38,39
SUPER_2,11180000,131,9,21,161,64,67
SUPER_2,11190000,108,11,15,134,55,53
SUPER_2,11200000,126,15,6,147,72,54
SUPER_2,11210000,115,8,7,130,51,64
SUPER_2,11220000,187,17,17,221,93,94
SUPER_2,11230000,137,12,18,167,71,66
SUPER_2,11240000,89,14,5,108,41,48
SUPER_2,11250000,94,14,7,115,53,41
SUPER_2,11260000,147,9,15,171,63,84
SUPER_2,11270000,44,4,5,53,26,18
SUPER_2,11280000,179,11,15,205,82,97
SUPER_2,11290000,130,8,11,149,73,57
SUPER_2,11300000,107,9,15,131,57,50
SUPER_2,11310000,133,7,21,161,60,73
SUPER_2,11320000,170,17,17,204,81,89
SUPER_2,11330000,128,11,14,153,75,53
SUPER_2,11340000,44,6,6,56,23,21
SUPER_2,11350000,70,2,3,75,33,37
SUPER_2,11360000,57,3,2,62,29,28
SUPER_2,11370000,95,9,11,115,54,41
SUPER_2,11380000,17,2,3,22,7,10
SUPER_2,11390000,24,2,1,27,13,11
SUPER_2,11400000,197,21,15,233,105,92
SUPER_2,11410000,69,4,2,75,36,33
SUPER_2,11420000,102,12,16,130,54,48
SUPER_2,11430000,108,7,9,124,60,48
SUPER_2,11440000,180,12,16,208,93,87
SUPER_2,11450000,75,8,12,95,35,40
SUPER_2,11460000,198,19,9,226,88,110
SUPER_2,11470000,109,13,11,133,46,63
SUPER_2,11480000,160,24,24,208,82,78
SUPER_2,11490000,156,13,12,181,81,75
SUPER_2,11500000,209,17,15,241,112,97
SUPER_2,11510000,171,13,18,202,82,89
SUPER_2,11520000,193,15,14,222,92,101
SUPER_2,11530000,33,4,2,39,13,20
SUPER_2,11540000,65,5,2,72,35,30
SUPER_2,11550000,64,6,7,77,34,30
SUPER_2,11560000,60,2,3,65,22,38
SUPER_2,11570000,99,3,10,112,48,51
SUPER_2,11580000,64,2,5,71,37,27
SUPER_2,11590000,162,12,15,189,83,79
SUPER_2,11600000,196,13,14,223,96,100
SUPER_2,11610000,147,19,15,181,74,73
SUPER_2,11620000,162,13,11,186,88,74
SUPER_2,11630000,201,19,19,239,101,100
SUPER_2,11640000,199,15,26,240,90,109
SUPER_2,11650000,253,15,30,298,113,140
SUPER_2,11660000,178,11,19,208,75,103
SUPER_2,11670000,94,7,15,116,41,53
SUPER_2,11680000,172,13,20,205,87,85
SUPER_2,11690000,104,8,14,126,54,50
SUPER_2,11700000,158,20,15,193,79,79
SUPER_2,11710000,217,17,20,254,120,97
SUPER_2,11720000,267,23,22,312,136,131
SUPER_2,11730000,270,22,21,313,150,120
SUPER_2,11740000,119,9,8,136,54,65
SUPER_2,11750000,167,18,18,203,80,87
SUPER_2,11760000,207,12,23,242,92,115
SUPER_2,11770000,95,3,5,103,43,52
SUPER_2,11780000,61,6,10,77,24,37
SUPER_2,11790000,204,13,18,235,107,97
SUPER_2,11800000,137,16,12,165,61,76
SUPER_2,11810000,149,19,12,180,65,84
SUPER_2,11820000,75,4,6,85,39,36
SUPER_2,11830000,222,16,20,258,95,127
SUPER_2,11840000,39,2,2,43,19,20
SUPER_2,11850000,135,8,15,158,67,68
SUPER_2,11860000,236,20,19,275,136,100
SUPER_2,11870000,322,21,24,367,157,165
SUPER_2,11880000,193,6,20,219,101,92
SUPER_2,11890000,249,18,19,286,117,132
SUPER_2,11900000,165,16,19,200,86,79
SUPER_2,11910000,173,16,20,209,99,74
SUPER_2,11920000,237,13,14,264,127,110
SUPER_2,11930000,153,10,8,171,67,86
SUPER_2,11940000,177,17,19,213,86,91
SUPER_2,11950000,91,6,7,104,43,48
SUPER_2,11960000,142,9,25,176,63,79
SUPER_2,11970000,170,16,14,200,92,78
SUPER_2,11980000,120,7,8,135,62,58
SUPER_2,11990000,258,25,27,310,126,132
SUPER_2,12000000,246,18,16,280,115,131
SUPER_2,12010000,48,7,8,63,24,24
SUPER_2,12020000,150,21,15,186,82,68
SUPER_2,12030000,174,24,12,210,92,82
SUPER_2,12040000,190,14,29,233,100,90
SUPER_2,12050000,222,21,17,260,112,110
SUPER_2,12060000,238,16,25,279,117,121
SUPER_2,12070000,173,9,6,188,97,76
SUPER_2,12080000,172,14,13,199,83,89
SUPER_2,12090000,183,14,22,219,105,78
SUPER_2,12100000,212,14,20,246,107,105
SUPER_2,12110000,207,14,21,242,114,93
SUPER_2,12120000,135,8,13,156,73,62
SUPER_2,12130000,57,8,5,70,24,33
SUPER_2,12140000,177,19,29,225,86,91
SUPER_2,12150000,111,7,13,131,55,56
SUPER_2,12160000,75,3,6,84,38,37
SUPER_2,12170000,183,25,14,222,83,100
SUPER_2,12180000,118,8,11,137,54,64
SUPER_2,12190000,174,12,10,196,81,93
SUPER_2,12200000,110,11,12,133,57,53
SUPER_2,12210000,162,18,15,195,77,85
SUPER_2,12220000,118,12,8,138,64,54
SUPER_2,12230000,125,8,19,152,60,65
SUPER_2,12240000,71,10,5,86,31,40
SUPER_2,12250000,107,7,9,123,64,43
SUPER_2,12260000,20,0,2,22,11,9
SUPER_2,12270000,188,11,14,213,90,98
SUPER_2,12280000,109,4,12,125,49,60
SUPER_2,12290000,133,16,9,158,56,77
SUPER_2,12300000,145,13,11,169,74,71
SUPER_2,12310000,125,10,14,149,73,52
SUPER_2,12320000,177,17,22,216,77,100
SUPER_2,12330000,256,29,19,304,121,135
SUPER_2,12340000,178,14,18,210,78,100
SUPER_2,12350000,231,16,16,263,127,104
SUPER_2,12360000,196,10,17,223,106,90
SUPER_2,12370000,206,17,14,237,106,100
SUPER_2,12380000,212,16,20,248,111,101
SUPER_2,12390000,285,18,25,328,132,153
SUPER_2,12400000,126,8,19,153,74,52
SUPER_2,12410000,256,20,24,300,127,129
SUPER_2,12420000,319,25,27,371,158,161
SUPER_2,12430000,248,27,19,294,130,118
SUPER_2,12440000,213,19,26,258,120,93
SUPER_2,12450000,156,8,11,175,71,85
SUPER_2,12460000,199,20,13,232,111,88
SUPER_2,12470000,248,15,28,291,117,131
SUPER_2,12480000,219,23,23,265,104,115
SUPER_2,12490000,122,14,9,145,51,71
SUPER_2,12500000,243,22,16,281,122,121
SUPER_2,12510000,268,19,19,306,122,146
SUPER_2,12520000,124,11,11,146,65,59
SUPER_2,12530000,225,17,22,264,109,116
SUPER_2,12540000,172,24,20,216,85,87
SUPER_2,12550000,220,21,24,265,104,116
SUPER_2,12560000,150,14,12,176,71,79
SUPER_2,12570000,176,11,10,197,91,85
SUPER_2,12580000,170,12,9,191,82,88
SUPER_2,12590000,86,7,2,95,49,37
SUPER_2,12600000,205,21,14,240,110,95
SUPER_2,12610000,288,31,14,333,156,132
SUPER_2,12620000,272,24,22,318,123,149
SUPER_2,12630000,227,16,28,271,114,113
SUPER_2,12640000,198,16,21,235,92,106
SUPER_2,12650000,119,14,6,139,72,47
SUPER_2,12660000,190,15,20,225,103,87
SUPER_2,12670000,85,6,10,101,48,37
SUPER_2,12680000,0,0,0,0,0,0
SUPER_2,12690000,0,0,0,0,0,0
SUPER_2,12700000,275,14,20,309,126,149
SUPER_2,12710000,212,20,24,256,105,107
SUPER_2,12720000,70,3,11,84,42,28
SUPER_2,12730000,227,21,18,266,128,99
SUPER_2,12740000,128,5,16,149,61,67
SUPER_2,12750000,281,24,23,328,153,128
SUPER_2,12760000,262,28,19,309,131,131
SUPER_2,12770000,81,9,9,99,41,40
SUPER_2,12780000,203,18,22,243,110,93
SUPER_2,12790000,326,28,21,375,168,158
SUPER_2,12800000,246,15,31,292,120,126
SUPER_2,12810000,132,11,14,157,76,56
SUPER_2,12820000,232,18,20,270,125,107
SUPER_2,12830000,174,13,14,201,83,91
SUPER_2,12840000,227,18,20,265,112,115
SUPER_2,12850000,247,22,28,297,135,112
SUPER_2,12860000,169,8,18,195,84,85
SUPER_2,12870000,145,7,15,167,73,72
SUPER_2,12880000,159,1,9,169,89,70
SUPER_2,12890000,228,16,33,277,107,121
SUPER_2,12900000,80,9,9,98,42,38
SUPER_2,12910000,93,8,6,107,50,43
SUPER_2,12920000,112,9,13,134,52,60
SUPER_2,12930000,228,24,25,277,101,127
SUPER_2,12940000,190,13,12,215,94,96
SUPER_2,12950000,171,18,18,207,88,83
SUPER_2,12960000,176,15,16,207,103,73
SUPER_2,12970000,126,9,2,137,73,53
SUPER_2,12980000,84,6,9,99,44,40
SUPER_2,12990000,80,9,10,99,43,37
SUPER_2,13000000,101,11,6,118,55,46
SUPER_2,13010000,244,21,22,287,122,122
SUPER_2,13020000,174,10,14,198,89,85
SUPER_2,13030000,68,3,9,80,36,32
SUPER_2,13040000,73,5,6,84,45,28
SUPER_2,13050000,37,1,4,42,16,21
SUPER_2,13060000,173,16,15,204,79,94
SUPER_2,13070000,118,6,10,134,60,58
SUPER_2,13080000,158,11,12,181,85,73
SUPER_2,13090000,190,16,19,225,91,99
SUPER_2,13100000,262,10,20,292,135,127
SUPER_2,13110000,100,7,5,112,55,45
SUPER_2,13120000,190,10,11,211,99,91
SUPER_2,13130000,131,7,11,149,59,72
SUPER_2,13140000,259,22,20,301,129,130
SUPER_2,13150000,235,22,16,273,136,99
SUPER_2,13160000,197,21,14,232,94,103
SUPER_2,13170000,293,21,22,336,156,137
SUPER_2,13180000,101,3,7,111,49,52
SUPER_2,13190000,78,10,10,98,37,41
SUPER_2,13200000,260,20,14,294,125,135
SUPER_2,13210000,225,19,18,262,110,115
SUPER_2,13220000,33,0,3,36,17,16
SUPER_2,13230000,268,26,19,313,138,130
SUPER_2,13240000,58,2,9,69,32,26
SUPER_2,13250000,110,8,13,131,58,52
SUPER_2,13260000,0,0,0,0,0,0
SUPER_2,13270000,0,0,0,0,0,0
SUPER_2,13280000,234,22,19,275,119,115
SUPER_2,13290000,192,19,10,221,94,98
SUPER_2,13300000,257,30,30,317,120,137
SUPER_2,13310000,207,19,26,252,105,102
SUPER_2,13320000,170,20,12,202,86,84
SUPER_2,13330000,29,0,3,32,17,12
SUPER_2,13340000,147,8,6,161,73,74
SUPER_2,13350000,216,15,22,253,103,113
SUPER_2,13360000,148,15,8,171,80,68
SUPER_2,13370000,88,3,11,102,47,41
SUPER_2,13380000,59,5,2,66,23,36
SUPER_2,13390000,122,6,8,136,69,53
SUPER_2,13400000,193,20,18,231,88,105
SUPER_2,13410000,313,21,22,356,145,168
SUPER_2,13420000,235,15,14,264,131,104
SUPER_2,13430000,180,13,23,216,88,92
SUPER_2,13440000,283,21,37,341,137,146
SUPER_2,13450000,268,24,28,320,122,146
SUPER_2,13460000,221,20,25,266,104,117
SUPER_2,13470000,198,13,18,229,96,102
SUPER_2,13480000,80,6,8,94,44,36
SUPER_2,13490000,118,13,13,144,65,53
SUPER_2,13500000,195,13,19,227,101,94
SUPER_2,13510000,252,21,25,298,115,137
SUPER_2,13520000,146,16,21,183,75,71
SUPER_2,13530000,200,16,15,231,104,96
SUPER_2,13540000,325,22,19,366,154,171
SUPER_2,13550000,288,17,20,325,138,150
SUPER_2,13560000,282,28,24,334,124,158
SUPER_2,13570000,306,23,29,358,144,162
SUPER_2,13580000,231,12,17,260,119,112
SUPER_2,13590000,17,0,4,21,6,11
SUPER_2,13600000,143,8,11,162,69,74
SUPER_2,13610000,70,2,6,78,33,37
SUPER_2,13620000,263,21,20,304,139,124
SUPER_2,13630000,121,13,9,143,56,65
SUPER_2,13640000,72,5,6,83,35,37
SUPER_2,13650000,214,24,13,251,102,112
SUPER_2,13660000,156,8,14,178,68,88
SUPER_2,13670000,0,0,0,0,0,0
SUPER_2,13680000,0,0,0,0,0,0
SUPER_2,13690000,0,0,0,0,0,0
SUPER_2,13700000,0,0,0,0,0,0
SUPER_2,13710000,0,0,0,0,0,0
SUPER_2,13720000,0,0,0,0,0,0
SUPER_2,13730000,0,0,0,0,0,0
SUPER_2,13740000,0,0,0,0,0,0
SUPER_2,13750000,0,0,0,0,0,0
SUPER_2,13760000,0,0,0,0,0,0
SUPER_2,13770000,0,0,0,0,0,0
SUPER_2,13780000,42,2,1,45,27,15
SUPER_2,13790000,3,1,0,4,0,3
SUPER_2,13800000,0,0,0,0,0,0
SUPER_2,13810000,0,0,0,0,0,0
SUPER_2,13820000,0,0,0,0,0,0
SUPER_2,13830000,0,0,0,0,0,0
SUPER_2,13840000,0,0,0,0,0,0
SUPER_2,13850000,0,0,0,0,0,0
SUPER_2,13860000,58,3,7,68,31,27
SUPER_2,13870000,82,14,9,105,45,37
SUPER_2,13880000,33,1,3,37,17,16
SUPER_2,13890000,44,7,3,54,23,21
SUPER_2,13900000,203,17,17,237,95,108
SUPER_2,13910000,174,14,11,199,91,83
SUPER_2,13920000,243,26,20,289,139,104
SUPER_2,13930000,221,18,18,257,111,110
SUPER_2,13940000,95,9,12,116,48,47
SUPER_2,13950000,257,23,18,298,122,135
SUPER_2,13960000,152,15,17,184,72,80
SUPER_2,13970000,107,12,6,125,63,44
SUPER_2,13980000,262,23,27,312,125,137
SUPER_2,13990000,256,15,14,285,129,127
SUPER_2,14000000,188,12,13,213,102,86
SUPER_2,14010000,159,17,9,185,75,84
SUPER_2,14020000,40,1,5,46,23,17
SUPER_2,14030000,101,7,7,115,48,53
SUPER_2,14040000,107,10,9,126,59,48
SUPER_2,14050000,186,18,16,220,91,95
SUPER_2,14060000,0,0,0,0,0,0
SUPER_2,14070000,0,0,0,0,0,0
SUPER_2,14080000,97,4,12,113,43,54
SUPER_2,14090000,160,13,13,186,71,89
SUPER_2,14100000,107,12,7,126,53,54
SUPER_2,14110000,113,12,7,132,52,61
SUPER_2,14120000,200,10,9,219,96,104
SUPER_2,14130000,40,3,3,46,23,17
SUPER_2,14140000,174,12,15,201,82,92
SUPER_2,14150000,71,2,6,79,38,33
SUPER_2,14160000,162,13,9,184,80,82
SUPER_2,14170000,147,22,15,184,68,79
SUPER_2,14180000,26,0,1,27,12,14
SUPER_2,14190000,2,0,0,2,1,1
SUPER_2,14200000,75,6,4,85,40,35
SUPER_2,14210000,221,22,21,264,105,116
SUPER_2,14220000,84,4,7,95,45,39
SUPER_2,14230000,105,7,3,115,47,58
SUPER_2,14240000,159,14,13,186,80,79
SUPER_2,14250000,125,16,9,150,55,70
SUPER_2,14260000,88,11,7,106,56,32
SUPER_2,14270000,136,11,11,158,67,69
SUPER_2,14280000,177,3,7,187,84,93
SUPER_2,14290000,39,3,1,43,17,22
SUPER_2,14300000,206,24,9,239,106,100
SUPER_2,14310000,251,20,17,288,130,121
SUPER_2,14320000,294,27,28,349,155,139
SUPER_2,14330000,139,11,9,159,62,77
SUPER_2,14340000,149,6,14,169,74,75
SUPER_2,14350000,317,20,29,366,159,158
SUPER_2,14360000,271,34,21,326,142,129
SUPER_2,14370000,74,5,2,81,38,36
SUPER_2,14380000,160,11,13,184,84,76
SUPER_2,14390000,118,6,10,134,65,53
SUPER_2,14400000,7,1,3,11,3,4
SUPER_2,14410000,180,6,13,199,96,84
SUPER_2,14420000,30,2,3,35,16,14
SUPER_2,14430000,63,2,4,69,36,27
SUPER_2,14440000,19,3,0,22,11,8
SUPER_2,14450000,183,11,17,211,106,77
SUPER_2,14460000,157,11,12,180,92,65
SUPER_2,14470000,127,7,13,147,68,59
SUPER_2,14480000,182,15,17,214,82,100
SUPER_2,14490000,302,28,37,367,153,149
SUPER_2,14500000,110,7,11,128,60,50
SUPER_2,14510000,216,23,15,254,104,112
SUPER_2,14520000,321,28,20,369,161,160
SUPER_2,14530000,286,18,27,331,160,126
SUPER_2,14540000,251,17,19,287,128,123
SUPER_2,14550000,34,2,2,38,21,13
SUPER_2,14560000,74,5,4,83,37,37
SUPER_2,14570000,131,13,12,156,73,58
SUPER_2,14580000,306,22,29,357,161,145
SUPER_2,14590000,169,13,12,194,88,81
SUPER_2,14600000,161,14,15,190,95,66
SUPER_2,14610000,8,1,0,9,4,4
SUPER_2,14620000,112,7,5,124,58,54
SUPER_2,14630000,174,20,28,222,78,96
SUPER_2,14640000,136,11,20,167,75,61
SUPER_2,14650000,235,17,24,276,126,109
SUPER_2,14660000,289,26,13,328,145,144
SUPER_2,14670000,235,19,17,271,128,107
SUPER_2,14680000,184,20,12,216,86,98
SUPER_2,14690000,69,2,7,78,37,32
SUPER_2,14700000,98,15,9,122,53,45
SUPER_2,14710000,176,15,15,206,96,80
SUPER_2,14720000,90,3,7,100,39,51
SUPER_2,14730000,246,19,12,277,129,117
SUPER_2,14740000,213,16,22,251,99,114
SUPER_2,14750000,155,7,11,173,90,65
SUPER_2,14760000,193,13,12,218,101,92
SUPER_2,14770000,304,19,24,347,157,147
SUPER_2,14780000,139,4,12,155,74,65
SUPER_2,14790000,87,6,10,103,38,49
SUPER_2,14800000,72,0,5,77,38,34
SUPER_2,14810000,161,15,8,184,89,72
SUPER_2,14820000,68,6,7,81,41,27
SUPER_2,14830000,166,9,11,186,101,65
SUPER_2,14840000,93,13,7,113,55,38
SUPER_2,14850000,49,2,1,52,27,22
SUPER_2,14860000,158,9,9,176,88,70
SUPER_2,14870000,236,17,16,269,121,115
SUPER_2,14880000,317,23,25,365,163,154
SUPER_2,14890000,43,2,8,53,21,22
SUPER_2,14900000,94,6,7,107,50,44
SUPER_2,14910000,168,13,10,191,84,84
SUPER_2,14920000,168,10,9,187,94,74
SUPER_2,14930000,238,26,11,275,138,100
SUPER_2,14940000,89,4,6,99,41,48
SUPER_2,14950000,190,9,11,210,102,88
SUPER_2,14960000,35,2,3,40,17,18
SUPER_2,14970000,129,8,17,154,72,57
SUPER_2,14980000,251,27,20,298,124,127
SUPER_2,14990000,134,7,8,149,66,68
SUPER_2,15000000,217,17,9,243,119,98
SUPER_2,15010000,112,5,12,129,57,55
SUPER_2,15020000,262,11,25,298,128,134
SUPER_2,15030000,226,15,16,257,109,117
SUPER_2,15040000,227,20,22,269,115,112
SUPER_2,15050000,288,28,22,338,141,147
SUPER_2,15060000,119,4,11,134,57,62
SUPER_2,15070000,64,5,7,76,32,32
SUPER_2,15080000,28,1,1,30,16,12
SUPER_2,15090000,9,1,2,12,7,2
SUPER_2,15100000,147,11,11,169,81,66
SUPER_2,15110000,33,0,3,36,15,18
SUPER_2,15120000,69,7,12,88,42,27
SUPER_2,15130000,106,5,8,119,57,49
SUPER_2,15140000,54,3,3,60,22,32
SUPER_2,15150000,34,3,6,43,17,17
SUPER_2,15160000,33,2,3,38,15,18
SUPER_2,15170000,63,4,8,75,33,30
SUPER_2,15180000,61,4,6,71,34,27
SUPER_2,15190000,0,0,0,0,0,0
SUPER_2,15200000,0,0,0,0,0,0
SUPER_2,15210000,101,7,7,115,53,48
SUPER_2,15220000,28,4,2,34,15,13
SUPER_2,15230000,24,6,2,32,12,12
SUPER_2,15240000,0,0,0,0,0,0
SUPER_2,15250000,0,0,0,0,0,0
SUPER_2,15260000,81,8,8,97,45,36
SUPER_2,15270000,79,5,3,87,39,40
SUPER_2,15280000,97,5,5,107,49,48
SUPER_2,15290000,143,14,14,171,73,70
SUPER_2,15300000,206,6,20,232,84,122
SUPER_2,15310000,80,7,10,97,42,38
SUPER_2,15320000,133,8,4,145,66,67
SUPER_2,15330000,153,13,19,185,84,69
SUPER_2,15340000,153,12,18,183,95,58
SUPER_2,15350000,206,16,16,238,132,74
SUPER_2,15360000,149,9,14,172,74,75
SUPER_2,15370000,148,8,14,170,94,54
SUPER_2,15380000,235,21,14,270,118,117
SUPER_2,15390000,0,0,0,0,0,0
SUPER_2,15400000,0,0,0,0,0,0
SUPER_2,15410000,171,18,11,200,90,81
SUPER_2,15420000,0,0,0,0,0,0
SUPER_2,15430000,0,0,0,0,0,0
SUPER_2,15440000,0,0,0,0,0,0
SUPER_3,10000,6,7,3,16,3,3
SUPER_3,20000,0,0,0,0,0,0
SUPER_3,30000,0,0,0,0,0,0
SUPER_3,40000,64,8,5,77,41,23
SUPER_3,50000,102,6,11,119,53,49
SUPER_3,60000,110,9,11,130,55,55
SUPER_3,70000,146,12,11,169,78,68
SUPER_3,80000,141,14,10,165,62,79
SUPER_3,90000,171,15,12,198,94,77
SUPER_3,100000,85,6,7,98,54,31
SUPER_3,110000,204,25,10,239,102,102
SUPER_3,120000,179,9,9,197,92,87
SUPER_3,130000,186,25,18,229,102,84
SUPER_3,140000,213,14,13,240,102,111
SUPER_3,150000,122,11,10,143,62,60
SUPER_3,160000,176,11,15,202,87,89
SUPER_3,170000,85,8,7,100,43,42
SUPER_3,180000,186,11,18,215,94,92
SUPER_3,190000,251,20,22,293,133,118
SUPER_3,200000,216,17,22,255,116,100
SUPER_3,210000,160,14,22,196,101,59
SUPER_3,220000,207,22,27,256,117,90
SUPER_3,230000,190,16,17,223,91,99
SUPER_3,240000,221,16,19,256,108,113
SUPER_3,250000,109,7,7,123,51,58
SUPER_3,260000,86,11,9,106,49,37
SUPER_3,270000,156,7,11,174,82,74
SUPER_3,280000,59,2,4,65,34,25
SUPER_3,290000,207,15,12,234,106,101
SUPER_3,300000,121,10,13,144,60,61
SUPER_3,310000,33,5,3,41,18,15
SUPER_3,320000,246,18,28,292,118,128
SUPER_3,330000,207,20,16,243,111,96
SUPER_3,340000,232,14,21,267,117,115
SUPER_3,350000,117,13,9,139,49,68
SUPER_3,360000,102,8,9,119,49,53
SUPER_3,370000,158,13,23,194,88,70
SUPER_3,380000,210,19,22,251,111,99
SUPER_3,390000,292,14,24,330,148,144
SUPER_3,400000,152,11,15,178,89,63
SUPER_3,410000,100,5,12,117,57,43
SUPER_3,420000,190,18,14,222,93,97
SUPER_3,430000,327,25,24,376,158,169
SUPER_3,440000,248,25,21,294,120,128
SUPER_3,450000,261,23,16,300,129,132
SUPER_3,460000,322,25,37,384,150,172
SUPER_3,470000,221,19,21,261,117,104
SUPER_3,480000,171,15,7,193,93,78
SUPER_3,490000,71,8,11,90,41,30
SUPER_3,500000,141,10,14,165,72,69
SUPER_3,510000,262,27,19,308,131,131
SUPER_3,520000,163,11,13,187,81,82
SUPER_3,530000,135,9,8,152,73,62
SUPER_3,540000,11,0,1,12,7,4
SUPER_3,550000,87,9,11,107,47,40
SUPER_3,560000,117,10,8,135,63,54
SUPER_3,570000,139,13,10,162,71,68
SUPER_3,580000,77,5,7,89,40,37
SUPER_3,590000,211,11,19,241,123,88
SUPER_3,600000,278,19,30,327,138,140
SUPER_3,610000,159,14,15,188,78,81
SUPER_3,620000,29,4,3,36,14,15
SUPER_3,630000,14,2,3,19,8,6
SUPER_3,640000,127,7,7,141,62,65
SUPER_3,650000,301,22,19,342,167,134
SUPER_3,660000,252,16,18,286,123,129
SUPER_3,670000,0,0,0,0,0,0
SUPER_3,680000,0,0,0,0,0,0
SUPER_3,690000,77,6,6,89,41,36
SUPER_3,700000,99,9,11,119,49,50
SUPER_3,710000,77,7,6,90,44,33
SUPER_3,720000,173,13,16,202,85,88
SUPER_3,730000,42,2,5,49,24,18
SUPER_3,740000,132,9,8,149,64,68
SUPER_3,750000,255,22,16,293,139,116
SUPER_3,760000,315,27,23,365,151,164
SUPER_3,770000,136,6,15,157,66,70
SUPER_3,780000,89,5,13,107,45,44
SUPER_3,790000,53,3,7,63,26,27
SUPER_3,800000,58,4,4,66,26,32
SUPER_3,810000,215,12,13,240,104,111
SUPER_3,820000,166,7,15,188,78,88
SUPER_3,830000,63,8,9,80,34,29
SUPER_3,840000,121,4,8,133,71,50
SUPER_3,850000,240,18,17,275,123,117
SUPER_3,860000,99,12,11,122,42,57
SUPER_3,870000,206,15,15,236,108,98
SUPER_3,880000,120,5,10,135,66,54
SUPER_3,890000,239,18,21,278,133,106
SUPER_3,900000,140,9,14,163,83,57
SUPER_3,910000,107,5,9,121,57,50
SUPER_3,920000,136,14,6,156,71,65
SUPER_3,930000,194,12,19,225,90,104
SUPER_3,940000,261,20,18,299,136,125
SUPER_3,950000,128,5,6,139,68,60
SUPER_3,960000,273,23,15,311,148,125
SUPER_3,970000,249,20,16,285,113,136
SUPER_3,980000,270,19,19,308,137,133
SUPER_3,990000,275,23,25,323,151,124
SUPER_3,1000000,263,12,11,286,139,124
SUPER_3,1010000,46,2,1,49,20,26
SUPER_3,1020000,17,1,0,18,9,8
SUPER_3,1030000,90,2,9,101,45,45
SUPER_3,1040000,113,8,9,130,55,58
SUPER_3,1050000,249,18,24,291,119,130
SUPER_3,1060000,35,3,8,46,20,15
SUPER_3,1070000,170,12,19,201,95,75
SUPER_3,1080000,80,5,5,90,37,43
SUPER_3,1090000,77,2,8,87,45,32
SUPER_3,1100000,147,7,11,165,81,66
SUPER_3,1110000,153,17,11,181,78,75
SUPER_3,1120000,198,11,16,225,97,101
SUPER_3,1130000,49,3,6,58,26,23
SUPER_3,1140000,120,6,10,136,69,51
SUPER_3,1150000,0,0,0,0,0,0
SUPER_3,1160000,0,0,0,0,0,0
SUPER_3,1170000,119,8,10,137,56,63
SUPER_3,1180000,29,1,1,31,17,12
SUPER_3,1190000,53,1,3,57,26,27
SUPER_3,1200000,0,0,0,0,0,0
SUPER_3,1210000,0,0,0,0,0,0
SUPER_3,1220000,152,9,16,177,86,66
SUPER_3,1230000,206,13,20,239,106,100
SUPER_3,1240000,276,16,29,321,135,141
SUPER_3,1250000,237,14,19,270,116,121
SUPER_3,1260000,0,0,0,0,0,0
SUPER_3,1270000,0,0,0,0,0,0
SUPER_3,1280000,86,11,5,102,42,44
SUPER_3,1290000,66,5,5,76,29,37
SUPER_3,1300000,97,4,8,109,58,39
SUPER_3,1310000,0,0,0,0,0,0
SUPER_3,1320000,0,0,0,0,0,0
SUPER_3,1330000,138,9,16,163,80,58
SUPER_3,1340000,220,20,25,265,113,107
SUPER_3,1350000,282,26,33,341,131,151
SUPER_3,1360000,115,6,6,127,59,56
SUPER_3,1370000,25,2,1,28,17,8
SUPER_3,1380000,14,0,1,15,10,4
SUPER_3,1390000,27,2,0,29,12,15
SUPER_3,1400000,90,9,8,107,48,42
SUPER_3,1410000,71,7,1,79,39,32
SUPER_3,1420000,87,3,10,100,49,38
SUPER_3,1430000,168,16,14,198,85,83
SUPER_3,1440000,184,12,8,204,94,90
SUPER_3,1450000,62,1,3,66,31,31
SUPER_3,1460000,219,16,18,253,117,102
SUPER_3,1470000,311,26,23,360,141,170
SUPER_3,1480000,108,7,9,124,52,56
SUPER_3,1490000,223,19,16,258,111,112
SUPER_3,1500000,264,17,24,305,132,132
SUPER_3,1510000,70,6,3,79,38,32
SUPER_3,1520000,202,18,14,234,99,103
SUPER_3,1530000,222,20,23,265,109,113
SUPER_3,1540000,129,9,7,145,64,65
SUPER_3,1550000,230,13,18,261,125,105
SUPER_3,1560000,175,17,16,208,85,90
SUPER_3,1570000,214,17,20,251,115,99
SUPER_3,1580000,123,7,6,136,64,59
SUPER_3,1590000,149,10,18,177,82,67
SUPER_3,1600000,174,14,19,207,83,91
SUPER_3,1610000,10,1,1,12,5,5
SUPER_3,1620000,0,0,0,0,0,0
SUPER_3,1630000,0,0,0,0,0,0
SUPER_3,1640000,106,7,19,132,60,46
SUPER_3,1650000,136,8,8,152,69,67
SUPER_3,1660000,23,1,1,25,11,12
SUPER_3,1670000,16,0,1,17,9,7
SUPER_3,1680000,168,9,10,187,84,84
SUPER_3,1690000,284,18,25,327,147,137
SUPER_3,1700000,263,17,21,301,132,131
SUPER_3,1710000,249,21,21,291,119,130
SUPER_3,1720000,74,7,7,88,39,35
SUPER_3,1730000,57,6,5,68,28,29
SUPER_3,1740000,83,12,4,99,41,42
SUPER_3,1750000,150,8,10,168,79,71
SUPER_3,1760000,204,15,17,236,104,100
SUPER_3,1770000,302,16,20,338,160,142
SUPER_3,1780000,215,17,13,245,122,93
SUPER_3,1790000,47,3,1,51,24,23
SUPER_3,1800000,151,8,12,171,82,69
SUPER_3,1810000,0,0,0,0,0,0
SUPER_3,1820000,0,0,0,0,0,0
SUPER_3,1830000,77,4,5,86,39,38
SUPER_3,1840000,60,2,3,65,37,23
SUPER_3,1850000,233,18,16,267,117,116
SUPER_3,1860000,78,5,5,88,40,38
SUPER_3,1870000,62,0,2,64,35,27
SUPER_3,1880000,206,17,22,245,114,92
SUPER_3,1890000,295,25,20,340,138,157
SUPER_3,1900000,126,11,8,145,66,60
SUPER_3,1910000,91,3,6,100,50,41
SUPER_3,1920000,111,10,12,133,65,46
SUPER_3,1930000,83,7,7,97,38,45
SUPER_3,1940000,14,0,2,16,5,9
SUPER_3,1950000,154,12,15,181,74,80
SUPER_3,1960000,282,18,19,319,137,145
SUPER_3,1970000,167,12,12,191,93,74
SUPER_3,1980000,147,12,11,170,75,72
SUPER_3,1990000,224,11,15,250,111,113
SUPER_3,2000000,218,10,16,244,108,110
SUPER_3,2010000,80,1,7,88,47,33
SUPER_3,2020000,141,9,12,162,67,74
SUPER_3,2030000,50,6,5,61,28,22
SUPER_3,2040000,44,3,6,53,29,15
SUPER_3,2050000,202,8,21,231,90,112
SUPER_3,2060000,273,26,21,320,142,131
SUPER_3,2070000,187,18,8,213,74,113
SUPER_3,2080000,0,0,0,0,0,0
SUPER_3,2090000,0,0,0,0,0,0
SUPER_3,2100000,57,3,5,65,30,27
SUPER_3,2110000,163,11,13,187,91,72
SUPER_3,2120000,128,9,12,149,60,68
SUPER_3,2130000,25,1,1,27,14,11
SUPER_3,2140000,174,8,18,200,88,86
SUPER_3,2150000,152,18,15,185,78,74
SUPER_3,2160000,38,5,3,46,18,20
SUPER_3,2170000,293,31,26,350,154,139
SUPER_3,2180000,281,21,28,330,137,144
SUPER_3,2190000,289,18,24,331,156,133
SUPER_3,2200000,45,2,3,50,23,22
SUPER_3,2210000,68,2,3,73,35,33
SUPER_3,2220000,65,4,10,79,40,25
SUPER_3,2230000,40,4,3,47,26,14
SUPER_3,2240000,181,12,19,212,104,77
SUPER_3,2250000,99,2,4,105,55,44
SUPER_3,2260000,0,0,0,0,0,0
SUPER_3,2270000,0,0,0,0,0,0
SUPER_3,2280000,167,5,14,186,88,79
SUPER_3,2290000,61,2,7,70,38,23
SUPER_3,2300000,221,25,25,271,113,108
SUPER_3,2310000,198,13,21,232,90,108
SUPER_3,2320000,86,4,4,94,41,45
SUPER_3,2330000,1,0,3,4,1,0
SUPER_3,2340000,202,12,14,228,89,113
SUPER_3,2350000,185,17,14,216,109,76
SUPER_3,2360000,46,4,4,54,25,21
SUPER_3,2370000,30,1,1,32,17,13
SUPER_3,2380000,115,11,12,138,61,54
SUPER_3,2390000,88,5,8,101,52,36
SUPER_3,2400000,219,16,12,247,115,104
SUPER_3,2410000,241,28,18,287,123,118
SUPER_3,2420000,158,9,12,179,85,73
SUPER_3,2430000,162,10,20,192,97,65
SUPER_3,2440000,235,19,13,267,129,106
SUPER_3,2450000,139,3,5,147,75,64
SUPER_3,2460000,230,15,21,266,115,115
SUPER_3,2470000,289,26,19,334,161,128
SUPER_3,2480000,203,9,21,233,107,96
SUPER_3,2490000,273,30,20,323,139,134
SUPER_3,2500000,291,17,22,330,154,137
SUPER_3,2510000,57,2,3,62,34,23
SUPER_3,2520000,137,9,10,156,68,69
SUPER_3,2530000,22,2,1,25,11,11
SUPER_3,2540000,306,19,31,356,144,162
SUPER_3,2550000,160,9,15,184,86,74
SUPER_3,2560000,149,9,9,167,90,59
SUPER_3,2570000,210,11,14,235,90,120
SUPER_3,2580000,329,29,29,387,175,154
SUPER_3,2590000,145,15,17,177,79,66
SUPER_3,2600000,97,10,4,111,59,38
SUPER_3,2610000,61,7,4,72,26,35
SUPER_3,2620000,175,19,12,206,82,93
SUPER_3,2630000,175,15,14,204,94,81
SUPER_3,2640000,146,13,13,172,66,80
SUPER_3,2650000,136,14,9,159,60,76
SUPER_3,2660000,220,20,19,259,113,107
SUPER_3,2670000,260,26,24,310,127,133
SUPER_3,2680000,164,11,21,196,82,82
SUPER_3,2690000,133,11,6,150,71,62
SUPER_3,2700000,153,10,17,180,87,66
SUPER_3,2710000,109,8,10,127,53,56
SUPER_3,2720000,83,2,14,99,40,43
SUPER_3,2730000,196,16,17,229,96,100
SUPER_3,2740000,216,11,16,243,98,118
SUPER_3,2750000,290,18,28,336,155,135
SUPER_3,2760000,292,23,17,332,149,143
SUPER_3,2770000,49,3,5,57,24,25
SUPER_3,2780000,76,1,6,83,38,38
SUPER_3,2790000,102,3,7,112,52,50
SUPER_3,2800000,198,11,18,227,93,105
SUPER_3,2810000,138,12,10,160,62,76
SUPER_3,2820000,303,19,27,349,146,157
SUPER_3,2830000,30,4,2,36,22,8
SUPER_3,2840000,91,8,3,102,46,45
SUPER_3,2850000,80,1,3,84,53,27
SUPER_3,2860000,166,13,14,193,92,74
SUPER_3,2870000,258,13,26,297,127,131
SUPER_3,2880000,178,22,23,223,80,98
SUPER_3,2890000,183,14,13,210,85,98
SUPER_3,2900000,66,2,5,73,34,32
SUPER_3,2910000,109,6,9,124,63,46
SUPER_3,2920000,181,12,13,206,98,83
SUPER_3,2930000,138,12,12,162,65,73
SUPER_3,2940000,241,27,27,295,121,120
SUPER_3,2950000,170,17,10,197,89,81
SUPER_3,2960000,201,17,27,245,95,106
SUPER_3,2970000,127,11,4,142,60,67
SUPER_3,2980000,113,5,7,125,53,60
SUPER_3,2990000,72,7,7,86,40,32
SUPER_3,3000000,42,0,4,46,18,24
SUPER_3,3010000,54,6,9,69,28,26
SUPER_3,3020000,249,22,26,297,125,124
SUPER_3,3030000,250,18,34,302,119,131
SUPER_3,3040000,245,22,16,283,128,117
SUPER_3,3050000,150,10,12,172,87,63
SUPER_3,3060000,239,13,26,278,124,115
SUPER_3,3070000,62,1,0,63,39,23
SUPER_3,3080000,163,15,24,202,78,85
SUPER_3,3090000,53,5,4,62,31,22
SUPER_3,3100000,150,17,12,179,74,76
SUPER_3,3110000,179,7,15,201,91,88
SUPER_3,3120000,282,26,22,330,149,133
SUPER_3,3130000,200,14,17,231,114,86
SUPER_3,3140000,255,35,15,305,124,131
SUPER_3,3150000,254,19,20,293,119,135
SUPER_3,3160000,17,0,2,19,7,10
SUPER_3,3170000,86,10,4,100,52,34
SUPER_3,3180000,58,3,1,62,28,30
SUPER_3,3190000,34,3,4,41,21,13
SUPER_3,3200000,23,3,2,28,11,12
SUPER_3,3210000,208,16,14,238,100,108
SUPER_3,3220000,263,15,26,304,150,113
SUPER_3,3230000,33,6,4,43,15,18
SUPER_3,3240000,190,17,13,220,121,69
SUPER_3,3250000,179,20,11,210,79,100
SUPER_3,3260000,0,0,0,0,0,0
SUPER_3,3270000,0,0,0,0,0,0
SUPER_3,3280000,245,19,11,275,130,115
SUPER_3,3290000,0,0,0,0,0,0
SUPER_3,3300000,0,0,0,0,0,0
SUPER_3,3310000,106,11,8,125,48,58
SUPER_3,3320000,90,5,7,102,44,46
SUPER_3,3330000,26,2,1,29,16,10
SUPER_3,3340000,182,8,9,199,94,88
SUPER_3,3350000,20,0,3,23,9,11
SUPER_3,3360000,188,19,15,222,92,96
SUPER_3,3370000,91,11,4,106,52,39
SUPER_3,3380000,107,4,7,118,49,58
SUPER_3,3390000,221,15,30,266,102,119
SUPER_3,3400000,304,17,28,349,161,143
SUPER_3,3410000,186,10,6,202,102,84
SUPER_3,3420000,146,10,13,169,75,71
SUPER_3,3430000,51,4,5,60,26,25
SUPER_3,3440000,316,27,22,365,149,167
SUPER_3,3450000,52,4,5,61,32,20
SUPER_3,3460000,198,9,13,220,84,114
SUPER_3,3470000,82,10,6,98,38,44
SUPER_3,3480000,36,2,3,41,20,16
SUPER_3,3490000,16,1,3,20,8,8
SUPER_3,3500000,101,10,5,116,49,52
SUPER_3,3510000,161,8,13,182,70,91
SUPER_3,3520000,132,6,10,148,70,62
SUPER_3,3530000,180,10,6,196,92,88
SUPER_3,3540000,9,0,0,9,5,4
SUPER_3,3550000,91,7,6,104,45,46
SUPER_3,3560000,85,5,13,103,51,34
SUPER_3,3570000,71,4,2,77,38,33
SUPER_3,3580000,26,0,3,29,12,14
SUPER_3,3590000,56,5,7,68,28,28
SUPER_3,3600000,185,13,20,218,95,90
SUPER_3,3610000,177,13,18,208,87,90
SUPER_3,3620000,205,12,11,228,104,101
SUPER_3,3630000,321,27,37,385,154,167
SUPER_3,3640000,33,7,6,46,13,20
SUPER_3,3650000,18,1,2,21,7,11
SUPER_3,3660000,23,4,5,32,12,11
SUPER_3,3670000,61,7,8,76,31,30
SUPER_3,3680000,222,18,21,261,128,94
SUPER_3,3690000,80,4,4,88,40,40
SUPER_3,3700000,39,1,4,44,22,17
SUPER_3,3710000,3,2,0,5,1,2
SUPER_3,3720000,6,2,0,8,2,4
SUPER_3,3730000,71,6,7,84,33,38
SUPER_3,3740000,206,11,14,231,110,96
SUPER_3,3750000,10,0,1,11,5,5
SUPER_3,3760000,0,0,0,0,0,0
SUPER_3,3770000,0,0,0,0,0,0
SUPER_3,3780000,0,0,0,0,0,0
SUPER_3,3790000,0,0,0,0,0,0
SUPER_3,3800000,0,0,0,0,0,0
SUPER_3,3810000,0,0,0,0,0,0
SUPER_3,3820000,163,13,9,185,80,83
SUPER_3,3830000,81,8,5,94,42,39
SUPER_3,3840000,0,0,0,0,0,0
SUPER_3,3850000,0,0,0,0,0,0
SUPER_3,3860000,0,0,0,0,0,0
SUPER_3,3870000,0,0,0,0,0,0
SUPER_3,3880000,0,0,0,0,0,0
SUPER_3,3890000,0,0,0,0,0,0
SUPER_3,3900000,0,0,0,0,0,0
SUPER_3,3910000,0,0,0,0,0,0
SUPER_3,3920000,0,0,0,0,0,0
SUPER_3,3930000,0,0,0,0,0,0
SUPER_3,3940000,0,0,0,0,0,0
SUPER_3,3950000,0,0,0,0,0,0
SUPER_3,3960000,0,0,0,0,0,0
SUPER_3,3970000,0,0,0,0,0,0
SUPER_3,3980000,67,5,6,78,32,35
SUPER_3,3990000,0,0,0,0,0,0
SUPER_3,4000000,0,0,0,0,0,0
SUPER_3,4010000,0,0,0,0,0,0
SUPER_3,4020000,154,10,12,176,75,79
SUPER_3,4030000,34,3,1,38,14,20
SUPER_3,4040000,120,7,11,138,66,54
SUPER_3,4050000,0,0,0,0,0,0
SUPER_3,4060000,0,0,0,0,0,0
SUPER_3,4070000,20,2,5,27,10,10
SUPER_3,4080000,36,5,5,46,20,16
SUPER_3,4090000,151,10,19,180,75,76
SUPER_3,4100000,327,21,25,373,176,151
SUPER_3,4110000,284,18,25,327,143,141
SUPER_3,4120000,309,22,21,352,137,172
SUPER_3,4130000,258,13,28,299,126,132
SUPER_3,4140000,77,6,5,88,33,44
SUPER_3,4150000,63,3,4,70,25,38
SUPER_3,4160000,53,1,2,56,28,25
SUPER_3,4170000,71,1,3,75,42,29
SUPER_3,4180000,220,8,17,245,122,98
SUPER_3,4190000,157,16,9,182,83,74
SUPER_3,4200000,174,11,14,199,88,86
SUPER_3,4210000,224,20,23,267,121,103
SUPER_3,4220000,284,22,28,334,137,147
SUPER_3,4230000,118,7,11,136,57,61
SUPER_3,4240000,153,14,15,182,77,76
SUPER_3,4250000,254,23,21,298,126,128
SUPER_3,4260000,119,10,11,140,53,66
SUPER_3,4270000,0,0,0,0,0,0
SUPER_3,4280000,0,0,0,0,0,0
SUPER_3,4290000,62,4,5,71,33,29
SUPER_3,4300000,116,9,13,138,58,58
SUPER_3,4310000,293,23,22,338,151,142
SUPER_3,4320000,97,9,10,116,51,46
SUPER_3,4330000,88,10,14,112,50,38
SUPER_3,4340000,118,9,13,140,60,58
SUPER_3,4350000,277,23,25,325,140,137
SUPER_3,4360000,245,12,24,281,121,124
SUPER_3,4370000,69,4,2,75,34,35
SUPER_3,4380000,230,26,21,277,118,112
SUPER_3,4390000,270,17,24,311,157,113
SUPER_3,4400000,181,21,12,214,92,89
SUPER_3,4410000,191,14,15,220,103,88
SUPER_3,4420000,73,4,6,83,41,32
SUPER_3,4430000,117,8,12,137,53,64
SUPER_3,4440000,130,12,19,161,66,64
SUPER_3,4450000,167,13,11,191,85,82
SUPER_3,4460000,186,10,22,218,75,111
SUPER_3,4470000,206,15,17,238,94,112
SUPER_3,4480000,215,16,20,251,102,113
SUPER_3,4490000,212,20,20,252,105,107
SUPER_3,4500000,246,23,22,291,112,134
SUPER_3,4510000,97,6,8,111,48,49
SUPER_3,4520000,174,16,13,203,85,89
SUPER_3,4530000,182,13,5,200,82,100
SUPER_3,4540000,124,7,16,147,64,60
SUPER_3,4550000,92,7,7,106,41,51
SUPER_3,4560000,236,24,21,281,107,129
SUPER_3,4570000,256,18,15,289,135,121
SUPER_3,4580000,144,11,14,169,84,60
SUPER_3,4590000,97,5,11,113,50,47
SUPER_3,4600000,98,7,9,114,55,43
SUPER_3,4610000,68,5,10,83,36,32
SUPER_3,4620000,25,3,2,30,12,13
SUPER_3,4630000,173,19,16,208,86,87
SUPER_3,4640000,204,23,17,244,96,108
SUPER_3,4650000,205,15,24,244,107,98
SUPER_3,4660000,145,9,9,163,75,70
SUPER_3,4670000,172,7,16,195,80,92
SUPER_3,4680000,264,23,40,327,137,127
SUPER_3,4690000,135,15,15,165,71,64
SUPER_3,4700000,177,16,24,217,88,89
SUPER_3,4710000,133,17,18,168,65,68
SUPER_3,4720000,121,7,10,138,61,60
SUPER_3,4730000,95,14,14,123,52,43
SUPER_3,4740000,82,9,10,101,47,35
SUPER_3,4750000,80,5,17,102,37,43
SUPER_3,4760000,143,20,17,180,77,66
SUPER_3,4770000,231,23,28,282,103,128
SUPER_3,4780000,56,4,3,63,32,24
SUPER_3,4790000,108,10,11,129,45,63
SUPER_3,4800000,179,12,12,203,96,83
SUPER_3,4810000,189,23,20,232,103,86
SUPER_3,4820000,117,10,9,136,60,57
SUPER_3,4830000,183,8,18,209,89,94
SUPER_3,4840000,23,0,1,24,9,14
SUPER_3,4850000,0,0,0,0,0,0
SUPER_3,4860000,0,0,0,0,0,0
SUPER_3,4870000,246,23,28,297,128,118
SUPER_3,4880000,196,23,13,232,100,96
SUPER_3,4890000,286,21,32,339,153,133
SUPER_3,4900000,239,20,21,280,107,132
SUPER_3,4910000,195,22,16,233,91,104
SUPER_3,4920000,240,15,20,275,117,123
SUPER_3,4930000,289,23,19,331,146,143
SUPER_3,4940000,245,21,21,287,107,138
SUPER_3,4950000,221,17,28,266,113,108
SUPER_3,4960000,175,17,19,211,78,97
SUPER_3,4970000,262,27,23,312,139,123
SUPER_3,4980000,98,9,8,115,53,45
SUPER_3,4990000,88,6,7,101,50,38
SUPER_3,5000000,180,19,16,215,86,94
SUPER_3,5010000,152,12,18,182,69,83
SUPER_3,5020000,239,17,29,285,113,126
SUPER_3,5030000,97,4,5,106,60,37
SUPER_3,5040000,131,12,8,151,71,60
SUPER_3,5050000,192,16,10,218,99,93
SUPER_3,5060000,83,4,9,96,44,39
SUPER_3,5070000,143,14,8,165,81,62
SUPER_3,5080000,136,19,12,167,65,71
SUPER_3,5090000,128,12,28,168,60,68
SUPER_3,5100000,245,26,23,294,121,124
SUPER_3,5110000,227,20,31,278,86,141
SUPER_3,5120000,51,7,4,62,26,25
SUPER_3,5130000,64,7,7,78,28,36
SUPER_3,5140000,62,7,7,76,34,28
SUPER_3,5150000,200,14,13,227,117,83
SUPER_3,5160000,110,10,10,130,59,51
SUPER_3,5170000,178,18,17,213,88,90
SUPER_3,5180000,138,12,12,162,67,71
SUPER_3,5190000,56,3,5,64,30,26
SUPER_3,5200000,157,8,15,180,86,71
SUPER_3,5210000,251,24,22,297,131,120
SUPER_3,5220000,267,13,23,303,132,135
SUPER_3,5230000,182,21,20,223,87,95
SUPER_3,5240000,203,23,21,247,103,100
SUPER_3,5250000,200,17,15,232,91,109
SUPER_3,5260000,222,25,17,264,110,112
SUPER_3,5270000,295,21,20,336,143,152
SUPER_3,5280000,228,15,14,257,114,114
SUPER_3,5290000,178,16,13,207,100,78
SUPER_3,5300000,247,17,20,284,130,117
SUPER_3,5310000,120,9,16,145,53,67
SUPER_3,5320000,230,17,19,266,115,115
SUPER_3,5330000,62,6,8,76,30,32
SUPER_3,5340000,147,9,12,168,77,70
SUPER_3,5350000,99,16,18,133,42,57
SUPER_3,5360000,253,14,24,291,131,122
SUPER_3,5370000,129,15,7,151,73,56
SUPER_3,5380000,62,5,3,70,39,23
SUPER_3,5390000,170,13,10,193,95,75
SUPER_3,5400000,74,9,10,93,42,32
SUPER_3,5410000,219,24,20,263,121,98
SUPER_3,5420000,220,34,20,274,94,126
SUPER_3,5430000,250,20,23,293,117,133
SUPER_3,5440000,308,25,34,367,140,168
SUPER_3,5450000,235,25,23,283,106,129
SUPER_3,5460000,208,26,17,251,112,96
SUPER_3,5470000,113,11,10,134,68,45
SUPER_3,5480000,116,14,10,140,57,59
SUPER_3,5490000,41,5,5,51,18,23
SUPER_3,5500000,133,10,10,153,67,66
SUPER_3,5510000,244,23,33,300,125,119
SUPER_3,5520000,129,20,10,159,76,53
SUPER_3,5530000,230,21,21,272,103,127
SUPER_3,5540000,178,19,19,216,85,93
SUPER_3,5550000,255,19,20,294,133,122
SUPER_3,5560000,59,7,7,73,33,26
SUPER_3,5570000,114,14,14,142,61,53
SUPER_3,5580000,178,16,15,209,90,88
SUPER_3,5590000,232,16,20,268,102,130
SUPER_3,5600000,265,21,23,309,131,134
SUPER_3,5610000,263,18,26,307,115,148
SUPER_3,5620000,215,18,19,252,119,96
SUPER_3,5630000,39,1,7,47,18,21
SUPER_3,5640000,22,2,3,27,14,8
SUPER_3,5650000,0,0,0,0,0,0
SUPER_3,5660000,0,0,0,0,0,0
SUPER_3,5670000,76,4,3,83,42,34
SUPER_3,5680000,0,0,0,0,0,0
SUPER_3,5690000,0,0,0,0,0,0
SUPER_3,5700000,0,0,0,0,0,0
SUPER_3,5710000,0,0,0,0,0,0
SUPER_3,5720000,106,10,11,127,54,52
SUPER_3,5730000,28,8,4,40,12,16
SUPER_3,5740000,108,4,12,124,55,53
SUPER_3,5750000,89,8,8,105,53,36
SUPER_3,5760000,170,19,19,208,81,89
SUPER_3,5770000,75,4,1,80,41,34
SUPER_3,5780000,190,13,11,214,89,101
SUPER_3,5790000,189,12,14,215,97,92
SUPER_3,5800000,109,10,10,129,64,45
SUPER_3,5810000,153,17,11,181,75,78
SUPER_3,5820000,220,22,19,261,119,101
SUPER_3,5830000,160,17,15,192,75,85
SUPER_3,5840000,177,16,12,205,77,100
SUPER_3,5850000,156,9,10,175,96,60
SUPER_3,5860000,92,7,7,106,54,38
SUPER_3,5870000,57,2,3,62,31,26
SUPER_3,5880000,91,10,7,108,50,41
SUPER_3,5890000,116,16,11,143,62,54
SUPER_3,5900000,181,12,22,215,85,96
SUPER_3,5910000,142,11,15,168,72,70
SUPER_3,5920000,211,12,23,246,109,102
SUPER_3,5930000,135,14,12,161,73,62
SUPER_3,5940000,175,10,15,200,92,83
SUPER_3,5950000,279,17,22,318,157,122
SUPER_3,5960000,173,21,11,205,87,86
SUPER_3,5970000,166,13,14,193,81,85
SUPER_3,5980000,193,21,19,233,104,89
SUPER_3,5990000,227,12,15,254,109,118
SUPER_3,6000000,229,12,24,265,109,120
SUPER_3,6010000,293,25,30,348,142,151
SUPER_3,6020000,148,12,13,173,64,84
SUPER_3,6030000,165,17,12,194,81,84
SUPER_3,6040000,142,19,9,170,75,67
SUPER_3,6050000,176,21,11,208,82,94
SUPER_3,6060000,216,20,22,258,107,109
SUPER_3,6070000,231,27,12,270,117,114
SUPER_3,6080000,239,18,14,271,117,122
SUPER_3,6090000,222,17,20,259,103,119
SUPER_3,6100000,192,13,14,219,104,88
SUPER_3,6110000,215,22,29,266,94,121
SUPER_3,6120000,216,22,26,264,113,103
SUPER_3,6130000,48,3,5,56,25,23
SUPER_3,6140000,111,13,6,130,55,56
SUPER_3,6150000,204,11,22,237,97,107
SUPER_3,6160000,28,10,6,44,15,13
SUPER_3,6170000,191,16,15,222,80,111
SUPER_3,6180000,196,24,20,240,93,103
SUPER_3,6190000,233,17,19,269,126,107
SUPER_3,6200000,138,18,10,166,67,71
SUPER_3,6210000,184,22,21,227,76,108
SUPER_3,6220000,221,17,21,259,111,110
SUPER_3,6230000,87,7,9,103,38,49
SUPER_3,6240000,64,2,5,71,34,30
SUPER_3,6250000,167,16,20,203,72,95
SUPER_3,6260000,233,31,16,280,107,126
SUPER_3,6270000,184,25,13,222,92,92
SUPER_3,6280000,149,22,24,195,83,66
SUPER_3,6290000,221,30,14,265,115,106
SUPER_3,6300000,144,6,9,159,76,68
SUPER_3,6310000,158,16,14,188,73,85
SUPER_3,6320000,49,5,6,60,32,17
SUPER_3,6330000,162,11,15,188,76,86
SUPER_3,6340000,88,9,12,109,45,43
SUPER_3,6350000,121,7,13,141,67,54
SUPER_3,6360000,75,8,6,89,32,43
SUPER_3,6370000,121,10,17,148,46,75
SUPER_3,6380000,91,10,9,110,40,51
SUPER_3,6390000,156,23,13,192,76,80
SUPER_3,6400000,118,14,5,137,58,60
SUPER_3,6410000,76,8,10,94,34,42
SUPER_3,6420000,106,9,16,131,48,58
SUPER_3,6430000,164,18,16,198,68,96
SUPER_3,6440000,127,15,16,158,70,57
SUPER_3,6450000,6,3,2,11,2,4
SUPER_3,6460000,114,10,2,126,61,53
SUPER_3,6470000,157,7,15,179,74,83
SUPER_3,6480000,200,18,13,231,88,112
SUPER_3,6490000,144,5,11,160,74,70
SUPER_3,6500000,145,11,10,166,67,78
SUPER_3,6510000,132,15,14,161,70,62
SUPER_3,6520000,141,13,15,169,63,78
SUPER_3,6530000,145,11,13,169,80,65
SUPER_3,6540000,203,20,18,241,108,95
SUPER_3,6550000,231,8,8,247,125,106
SUPER_3,6560000,208,20,16,244,98,110
SUPER_3,6570000,265,20,19,304,132,133
SUPER_3,6580000,163,11,10,184,89,74
SUPER_3,6590000,161,7,10,178,77,84
SUPER_3,6600000,164,17,14,195,83,81
SUPER_3,6610000,200,19,14,233,100,100
SUPER_3,6620000,112,13,7,132,62,50
SUPER_3,6630000,51,9,5,65,28,23
SUPER_3,6640000,126,14,9,149,65,61
SUPER_3,6650000,256,27,25,308,110,146
SUPER_3,6660000,233,17,21,271,113,120
SUPER_3,6670000,221,18,25,264,109,112
SUPER_3,6680000,167,24,20,211,86,81
SUPER_3,6690000,184,23,18,225,92,92
SUPER_3,6700000,106,14,12,132,47,59
SUPER_3,6710000,99,6,5,110,52,47
SUPER_3,6720000,161,8,19,188,84,77
SUPER_3,6730000,113,15,8,136,59,54
SUPER_3,6740000,93,8,9,110,44,49
SUPER_3,6750000,197,12,21,230,99,98
SUPER_3,6760000,131,11,7,149,68,63
SUPER_3,6770000,29,0,1,30,15,14
SUPER_3,6780000,1,0,0,1,1,0
SUPER_3,6790000,1,0,2,3,1,0
SUPER_3,6800000,2,0,0,2,2,0
SUPER_3,6810000,1,0,0,1,0,1
SUPER_3,6820000,171,12,14,197,90,81
SUPER_3,6830000,238,18,15,271,108,130
SUPER_3,6840000,41,2,1,44,23,18
SUPER_3,6850000,148,9,22,179,69,79
SUPER_3,6860000,142,6,7,155,81,61
SUPER_3,6870000,110,12,12,134,58,52
SUPER_3,6880000,136,10,14,160,71,65
SUPER_3,6890000,187,9,20,216,95,92
SUPER_3,6900000,181,10,10,201,93,88
SUPER_3,6910000,213,13,18,244,104,109
SUPER_3,6920000,196,18,21,235,99,97
SUPER_3,6930000,147,15,11,173,66,81
SUPER_3,6940000,171,10,13,194,95,76
SUPER_3,6950000,148,8,12,168,79,69
SUPER_3,6960000,211,17,12,240,108,103
SUPER_3,6970000,89,4,6,99,41,48
SUPER_3,6980000,194,16,20,230,86,108
SUPER_3,6990000,202,18,13,233,102,100
SUPER_3,7000000,303,23,30,356,140,163
SUPER_3,7010000,167,18,18,203,87,80
SUPER_3,7020000,161,12,17,190,76,85
SUPER_3,7030000,283,23,13,319,162,121
SUPER_3,7040000,104,8,8,120,50,54
SUPER_3,7050000,152,11,11,174,76,76
SUPER_3,7060000,123,11,13,147,74,49
SUPER_3,7070000,88,7,9,104,50,38
SUPER_3,7080000,203,20,18,241,99,104
SUPER_3,7090000,68,1,1,70,32,36
SUPER_3,7100000,74,7,9,90,29,45
SUPER_3,7110000,211,18,15,244,109,102
SUPER_3,7120000,192,21,21,234,91,101
SUPER_3,7130000,57,7,6,70,27,30
SUPER_3,7140000,172,21,15,208,85,87
SUPER_3,7150000,120,10,12,142,62,58
SUPER_3,7160000,142,27,13,182,68,74
SUPER_3,7170000,112,7,7,126,60,52
SUPER_3,7180000,164,18,16,198,83,81
SUPER_3,7190000,143,15,7,165,81,62
SUPER_3,7200000,126,16,17,159,67,59
SUPER_3,7210000,214,22,19,255,111,103
SUPER_3,7220000,218,21,22,261,113,105
SUPER_3,7230000,105,13,7,125,50,55
SUPER_3,7240000,181,14,22,217,95,86
SUPER_3,7250000,192,14,17,223,96,96
SUPER_3,7260000,151,8,11,170,65,86
SUPER_3,7270000,135,9,19,163,74,61
SUPER_3,7280000,35,5,4,44,16,19
SUPER_3,7290000,173,10,22,205,80,93
SUPER_3,7300000,230,15,16,261,116,114
SUPER_3,7310000,214,15,23,252,110,104
SUPER_3,7320000,120,12,7,139,59,61
SUPER_3,7330000,179,14,10,203,79,100
SUPER_3,7340000,108,10,8,126,58,50
SUPER_3,7350000,84,5,6,95,41,43
SUPER_3,7360000,178,12,17,207,93,85
SUPER_3,7370000,27,1,4,32,16,11
SUPER_3,7380000,52,7,5,64,21,31
SUPER_3,7390000,146,14,11,171,89,57
SUPER_3,7400000,142,6,14,162,79,63
SUPER_3,7410000,119,10,12,141,63,56
SUPER_3,7420000,150,12,19,181,77,73
SUPER_3,7430000,169,22,18,209,89,80
SUPER_3,7440000,220,18,20,258,113,107
SUPER_3,7450000,140,5,12,157,76,64
SUPER_3,7460000,148,12,9,169,79,69
SUPER_3,7470000,197,20,13,230,103,94
SUPER_3,7480000,221,12,18,251,109,112
SUPER_3,7490000,155,12,12,179,84,71
SUPER_3,7500000,213,23,20,256,100,113
SUPER_3,7510000,181,17,22,220,97,84
SUPER_3,7520000,215,20,19,254,111,104
SUPER_3,7530000,125,18,7,150,59,66
SUPER_3,7540000,78,4,4,86,35,43
SUPER_3,7550000,234,14,20,268,124,110
SUPER_3,7560000,225,19,21,265,117,108
SUPER_3,7570000,237,19,24,280,121,116
SUPER_3,7580000,154,5,15,174,58,96
SUPER_3,7590000,96,8,15,119,49,47
SUPER_3,7600000,74,5,8,87,40,34
SUPER_3,7610000,130,9,10,149,70,60
SUPER_3,7620000,0,0,0,0,0,0
SUPER_3,7630000,0,0,0,0,0,0
SUPER_3,7640000,399,26,31,456,204,195
SUPER_3,7650000,186,15,21,222,96,90
SUPER_3,7660000,173,13,17,203,83,90
SUPER_3,7670000,195,15,13,223,93,102
SUPER_3,7680000,219,33,19,271,105,114
SUPER_3,7690000,176,17,17,210,90,86
SUPER_3,7700000,225,15,30,270,106,119
SUPER_3,7710000,210,15,18,243,113,97
SUPER_3,7720000,236,22,24,282,131,105
SUPER_3,7730000,105,6,11,122,52,53
SUPER_3,7740000,141,14,15,170,74,67
SUPER_3,7750000,168,18,12,198,67,101
SUPER_3,7760000,76,5,11,92,41,35
SUPER_3,7770000,111,9,10,130,62,49
SUPER_3,7780000,165,14,20,199,91,74
SUPER_3,7790000,41,3,4,48,21,20
SUPER_3,7800000,126,11,14,151,76,50
SUPER_3,7810000,211,11,26,248,110,101
SUPER_3,7820000,145,11,14,170,71,74
SUPER_3,7830000,160,9,12,181,77,83
SUPER_3,7840000,128,13,13,154,61,67
SUPER_3,7850000,73,9,4,86,44,29
SUPER_3,7860000,89,7,10,106,50,39
SUPER_3,7870000,155,15,20,190,78,77
SUPER_3,7880000,133,7,8,148,75,58
SUPER_3,7890000,78,16,6,100,36,42
SUPER_3,7900000,70,3,9,82,36,34
SUPER_3,7910000,78,6,6,90,46,32
SUPER_3,7920000,126,12,8,146,63,63
SUPER_3,7930000,219,20,20,259,109,110
SUPER_3,7940000,182,19,28,229,96,86
SUPER_3,7950000,120,8,6,134,62,58
SUPER_3,7960000,78,4,12,94,34,44
SUPER_3,7970000,118,7,14,139,61,57
SUPER_3,7980000,244,9,29,282,136,108
SUPER_3,7990000,211,25,13,249,100,111
SUPER_3,8000000,199,25,19,243,108,91
SUPER_3,8010000,204,16,21,241,103,101
SUPER_3,8020000,144,11,11,166,76,68
SUPER_3,8030000,178,18,15,211,88,90
SUPER_3,8040000,140,16,10,166,58,82
SUPER_3,8050000,105,13,5,123,48,57
SUPER_3,8060000,122,9,16,147,61,61
SUPER_3,8070000,125,13,10,148,56,69
SUPER_3,8080000,0,0,0,0,0,0
SUPER_3,8090000,0,0,0,0,0,0
SUPER_3,8100000,243,25,25,293,130,113
SUPER_3,8110000,231,15,17,263,119,112
SUPER_3,8120000,159,10,10,179,80,79
SUPER_3,8130000,78,10,7,95,48,30
SUPER_3,8140000,66,9,6,81,40,26
SUPER_3,8150000,92,6,5,103,43,49
SUPER_3,8160000,47,3,9,59,23,24
SUPER_3,8170000,122,13,15,150,65,57
SUPER_3,8180000,77,6,16,99,34,43
SUPER_3,8190000,190,12,15,217,97,93
SUPER_3,8200000,89,3,12,104,47,42
SUPER_3,8210000,88,10,11,109,45,43
SUPER_3,8220000,96,14,13,123,50,46
SUPER_3,8230000,102,14,7,123,49,53
SUPER_3,8240000,69,3,7,79,35,34
SUPER_3,8250000,73,5,3,81,37,36
SUPER_3,8260000,81,10,12,103,40,41
SUPER_3,8270000,137,14,16,167,59,78
SUPER_3,8280000,67,4,5,76,40,27
SUPER_3,8290000,109,14,14,137,59,50
SUPER_3,8300000,159,14,9,182,84,75
SUPER_3,8310000,96,6,13,115,38,58
SUPER_3,8320000,105,4,6,115,49,56
SUPER_3,8330000,227,14,20,261,109,118
SUPER_3,8340000,186,21,23,230,93,93
SUPER_3,8350000,206,18,21,245,107,99
SUPER_3,8360000,252,24,17,293,140,112
SUPER_3,8370000,77,16,17,110,44,33
SUPER_3,8380000,130,15,13,158,58,72
SUPER_3,8390000,69,8,9,86,28,41
SUPER_3,8400000,146,10,14,170,71,75
SUPER_3,8410000,223,19,21,263,119,104
SUPER_3,8420000,95,8,5,108,44,51
SUPER_3,8430000,163,10,24,197,85,78
SUPER_3,8440000,71,2,4,77,44,27
SUPER_3,8450000,26,5,3,34,15,11
SUPER_3,8460000,3,0,0,3,1,2
SUPER_3,8470000,85,9,7,101,35,50
SUPER_3,8480000,235,26,13,274,120,115
SUPER_3,8490000,229,19,19,267,107,122
SUPER_3,8500000,139,21,21,181,70,69
SUPER_3,8510000,154,17,11,182,83,71
SUPER_3,8520000,113,10,15,138,52,61
SUPER_3,8530000,32,3,3,38,16,16
SUPER_3,8540000,44,11,6,61,22,22
SUPER_3,8550000,205,14,18,237,114,91
SUPER_3,8560000,90,12,3,105,44,46
SUPER_3,8570000,69,9,12,90,40,29
SUPER_3,8580000,110,9,9,128,58,52
SUPER_3,8590000,62,10,5,77,32,30
SUPER_3,8600000,125,9,17,151,58,67
SUPER_3,8610000,174,15,22,211,74,100
SUPER_3,8620000,125,17,22,164,51,74
SUPER_3,8630000,107,8,9,124,47,60
SUPER_3,8640000,226,20,26,272,111,115
SUPER_3,8650000,159,13,5,177,77,82
SUPER_3,8660000,220,17,23,260,100,120
SUPER_3,8670000,201,16,14,231,102,99
SUPER_3,8680000,247,22,29,298,129,118
SUPER_3,8690000,188,18,22,228,90,98
SUPER_3,8700000,137,12,14,163,73,64
SUPER_3,8710000,32,1,2,35,19,13
SUPER_3,8720000,35,3,2,40,16,19
SUPER_3,8730000,198,10,18,226,97,101
SUPER_3,8740000,228,26,15,269,120,108
SUPER_3,8750000,154,16,13,183,75,79
SUPER_3,8760000,22,1,5,28,11,11
SUPER_3,8770000,193,22,17,232,94,99
SUPER_3,8780000,198,12,24,234,94,104
SUPER_3,8790000,36,4,2,42,23,13
SUPER_3,8800000,124,9,12,145,67,57
SUPER_3,8810000,183,14,18,215,104,79
SUPER_3,8820000,60,2,9,71,38,22
SUPER_3,8830000,140,13,11,164,70,70
SUPER_3,8840000,36,0,2,38,20,16
SUPER_3,8850000,32,8,3,43,14,18
SUPER_3,8860000,2,0,1,3,1,1
SUPER_3,8870000,108,11,5,124,60,48
SUPER_3,8880000,131,8,14,153,68,63
SUPER_3,8890000,208,13,20,241,103,105
SUPER_3,8900000,204,13,18,235,105,99
SUPER_3,8910000,187,25,12,224,95,92
SUPER_3,8920000,196,16,13,225,102,94
SUPER_3,8930000,214,19,12,245,92,122
SUPER_3,8940000,194,16,14,224,106,88
SUPER_3,8950000,170,22,15,207,88,82
SUPER_3,8960000,192,15,16,223,96,96
SUPER_3,8970000,146,10,15,171,67,79
SUPER_3,8980000,150,10,15,175,83,67
SUPER_3,8990000,93,6,11,110,47,46
SUPER_3,9000000,197,19,25,241,93,104
SUPER_3,9010000,245,23,26,294,111,134
SUPER_3,9020000,83,4,10,97,37,46
SUPER_3,9030000,77,1,5,83,44,33
SUPER_3,9040000,146,18,17,181,68,78
SUPER_3,9050000,110,13,6,129,67,43
SUPER_3,9060000,162,20,14,196,84,78
SUPER_3,9070000,103,6,3,112,51,52
SUPER_3,9080000,96,9,12,117,56,40
SUPER_3,9090000,97,9,12,118,52,45
SUPER_3,9100000,214,17,14,245,109,105
SUPER_3,9110000,69,2,4,75,29,40
SUPER_3,9120000,88,9,6,103,48,40
SUPER_3,9130000,227,22,23,272,119,108
SUPER_3,9140000,121,11,10,142,59,62
SUPER_3,9150000,113,6,9,128,65,48
SUPER_3,9160000,97,9,13,119,44,53
SUPER_3,9170000,78,8,5,91,40,38
SUPER_3,9180000,14,1,0,15,7,7
SUPER_3,9190000,54,3,6,63,28,26
SUPER_3,9200000,123,15,10,148,60,63
SUPER_3,9210000,98,14,9,121,53,45
SUPER_3,9220000,147,9,18,174,85,62
SUPER_3,9230000,183,13,18,214,97,86
SUPER_3,9240000,157,16,14,187,78,79
SUPER_3,9250000,219,12,14,245,109,110
SUPER_3,9260000,175,19,11,205,78,97
SUPER_3,9270000,102,8,6,116,62,40
SUPER_3,9280000,117,12,10,139,58,59
SUPER_3,9290000,94,4,11,109,41,53
SUPER_3,9300000,230,16,12,258,117,113
SUPER_3,9310000,77,3,7,87,36,41
SUPER_3,9320000,45,2,5,52,26,19
SUPER_3,9330000,91,4,9,104,49,42
SUPER_3,9340000,142,15,12,169,74,68
SUPER_3,9350000,287,22,27,336,136,151
SUPER_3,9360000,245,22,27,294,113,132
SUPER_3,9370000,267,26,24,317,123,144
SUPER_3,9380000,245,15,21,281,125,120
SUPER_3,9390000,94,7,9,110,43,51
SUPER_3,9400000,29,2,3,34,10,19
SUPER_3,9410000,243,20,23,286,112,131
SUPER_3,9420000,174,16,25,215,80,94
SUPER_3,9430000,228,23,13,264,114,114
SUPER_3,9440000,145,7,11,163,70,75
SUPER_3,9450000,176,23,13,212,86,90
SUPER_3,9460000,90,10,5,105,51,39
SUPER_3,9470000,219,18,26,263,119,100
SUPER_3,9480000,71,4,6,81,35,36
SUPER_3,9490000,171,11,19,201,83,88
SUPER_3,9500000,182,21,21,224,85,97
SUPER_3,9510000,207,21,20,248,111,96
SUPER_3,9520000,201,13,21,235,101,100
SUPER_3,9530000,132,13,8,153,69,63
SUPER_3,9540000,147,10,13,170,68,79
SUPER_3,9550000,143,9,8,160,72,71
SUPER_3,9560000,184,19,10,213,87,97
SUPER_3,9570000,188,21,18,227,94,94
SUPER_3,9580000,90,12,11,113,44,46
SUPER_3,9590000,164,11,17,192,86,78
SUPER_3,9600000,190,18,24,232,97,93
SUPER_3,9610000,206,16,13,235,118,88
SUPER_3,9620000,230,21,25,276,108,122
SUPER_3,9630000,182,16,19,217,94,88
SUPER_3,9640000,185,11,32,228,90,95
SUPER_3,9650000,118,8,10,136,65,53
SUPER_3,9660000,221,24,16,261,123,98
SUPER_3,9670000,313,20,27,360,157,156
SUPER_3,9680000,59,3,1,63,33,26
SUPER_3,9690000,179,23,11,213,93,86
SUPER_3,9700000,239,22,17,278,117,122
SUPER_3,9710000,140,9,13,162,72,68
SUPER_3,9720000,121,13,11,145,54,67
SUPER_3,9730000,167,12,16,195,106,61
SUPER_3,9740000,139,9,6,154,71,68
SUPER_3,9750000,171,9,15,195,79,92
SUPER_3,9760000,187,14,16,217,97,90
SUPER_3,9770000,196,23,18,237,93,103
SUPER_3,9780000,57,5,5,67,35,22
SUPER_3,9790000,218,17,16,251,112,106
SUPER_3,9800000,256,21,20,297,122,134
SUPER_3,9810000,157,15,21,193,80,77
SUPER_3,9820000,59,5,6,70,22,37
SUPER_3,9830000,153,16,17,186,69,84
SUPER_3,9840000,57,2,5,64,22,35
SUPER_3,9850000,50,6,9,65,21,29
SUPER_3,9860000,49,8,7,64,17,32
SUPER_3,9870000,25,5,4,34,11,14
SUPER_3,9880000,31,1,9,41,15,16
SUPER_3,9890000,89,8,10,107,50,39
SUPER_3,9900000,176,18,13,207,75,101
SUPER_3,9910000,237,24,26,287,121,116
SUPER_3,9920000,233,24,18,275,123,110
SUPER_3,9930000,71,7,6,84,33,38
SUPER_3,9940000,100,5,15,120,52,48
SUPER_3,9950000,208,20,19,247,109,99
SUPER_3,9960000,203,21,25,249,112,91
SUPER_3,9970000,201,15,19,235,107,94
SUPER_3,9980000,199,23,11,233,103,96
SUPER_3,9990000,0,1,0,1,0,0
SUPER_3,10000000,7,0,1,8,3,4
SUPER_3,10010000,61,2,3,66,30,31
SUPER_3,10020000,81,7,5,93,47,34
SUPER_3,10030000,163,12,10,185,89,74
SUPER_3,10040000,195,9,12,216,97,98
SUPER_3,10050000,169,9,13,191,89,80
SUPER_3,10060000,99,1,5,105,49,50
SUPER_3,10070000,166,10,8,184,88,78
SUPER_3,10080000,205,26,20,251,105,100
SUPER_3,10090000,234,27,20,281,114,120
SUPER_3,10100000,143,15,16,174,75,68
SUPER_3,10110000,0,0,0,0,0,0
SUPER_3,10120000,0,0,0,0,0,0
SUPER_3,10130000,127,11,14,152,69,58
SUPER_3,10140000,170,13,16,199,93,77
SUPER_3,10150000,79,6,12,97,39,40
SUPER_3,10160000,110,10,6,126,57,53
SUPER_3,10170000,174,8,16,198,81,93
SUPER_3,10180000,218,14,18,250,101,117
SUPER_3,10190000,79,4,6,89,36,43
SUPER_3,10200000,188,13,19,220,92,96
SUPER_3,10210000,100,9,13,122,42,58
SUPER_3,10220000,102,11,12,125,51,51
SUPER_3,10230000,172,17,23,212,76,96
SUPER_3,10240000,236,16,27,279,120,116
SUPER_3,10250000,155,19,11,185,85,70
SUPER_3,10260000,180,23,18,221,81,99
SUPER_3,10270000,149,20,7,176,77,72
SUPER_3,10280000,90,10,7,107,48,42
SUPER_3,10290000,34,2,4,40,21,13
SUPER_3,10300000,154,19,23,196,66,88
SUPER_3,10310000,212,20,21,253,105,107
SUPER_3,10320000,173,15,17,205,91,82
SUPER_3,10330000,149,16,16,181,75,74
SUPER_3,10340000,193,20,19,232,98,95
SUPER_3,10350000,176,8,22,206,85,91
SUPER_3,10360000,54,4,4,62,28,26
SUPER_3,10370000,82,10,14,106,36,46
SUPER_3,10380000,133,13,12,158,73,60
SUPER_3,10390000,144,9,15,168,76,68
SUPER_3,10400000,122,7,14,143,63,59
SUPER_3,10410000,92,9,10,111,46,46
SUPER_3,10420000,249,20,21,290,122,127
SUPER_3,10430000,153,13,13,179,88,65
SUPER_3,10440000,72,7,8,87,38,34
SUPER_3,10450000,127,14,18,159,65,62
SUPER_3,10460000,172,20,20,212,84,88
SUPER_3,10470000,135,12,19,166,66,69
SUPER_3,10480000,176,18,23,217,95,81
SUPER_3,10490000,108,9,12,129,57,51
SUPER_3,10500000,85,9,9,103,48,37
SUPER_3,10510000,29,0,3,32,17,12
SUPER_3,10520000,43,9,8,60,20,23
SUPER_3,10530000,179,15,27,221,85,94
SUPER_3,10540000,39,7,5,51,19,20
SUPER_3,10550000,147,12,16,175,67,80
SUPER_3,10560000,225,24,29,278,112,113
SUPER_3,10570000,211,16,23,250,102,109
SUPER_3,10580000,181,23,20,224,86,95
SUPER_3,10590000,101,14,13,128,60,41
SUPER_3,10600000,181,14,14,209,83,98
SUPER_3,10610000,123,10,17,150,60,63
SUPER_3,10620000,148,10,7,165,74,74
SUPER_3,10630000,109,10,7,126,48,61
SUPER_3,10640000,115,18,17,150,65,50
SUPER_3,10650000,148,11,15,174,83,65
SUPER_3,10660000,198,14,16,228,85,113
SUPER_3,10670000,108,14,11,133,50,58
SUPER_3,10680000,108,19,14,141,59,49
SUPER_3,10690000,71,5,2,78,39,32
SUPER_3,10700000,86,6,9,101,41,45
SUPER_3,10710000,24,0,4,28,15,9
SUPER_3,10720000,113,13,11,137,58,55
SUPER_3,10730000,185,16,17,218,88,97
SUPER_3,10740000,164,15,11,190,76,88
SUPER_3,10750000,140,13,14,167,69,71
SUPER_3,10760000,121,18,7,146,48,73
SUPER_3,10770000,92,15,9,116,48,44
SUPER_3,10780000,92,11,9,112,45,47
SUPER_3,10790000,112,11,10,133,55,57
SUPER_3,10800000,46,8,8,62,19,27
SUPER_3,10810000,88,8,7,103,53,35
SUPER_3,10820000,57,8,5,70,25,32
SUPER_3,10830000,99,8,14,121,52,47
SUPER_3,10840000,205,20,20,245,114,91
SUPER_3,10850000,68,7,6,81,30,38
SUPER_3,10860000,83,9,8,100,49,34
SUPER_3,10870000,181,27,26,234,86,95
SUPER_3,10880000,176,20,18,214,82,94
SUPER_3,10890000,284,20,27,331,142,142
SUPER_3,10900000,59,3,9,71,30,29
SUPER_3,10910000,188,20,20,228,82,106
SUPER_3,10920000,202,11,19,232,107,95
SUPER_3,10930000,236,21,21,278,115,121
SUPER_3,10940000,186,16,15,217,81,105
SUPER_3,10950000,125,12,19,156,63,62
SUPER_3,10960000,197,15,14,226,95,102
SUPER_3,10970000,206,15,20,241,96,110
SUPER_3,10980000,81,4,6,91,36,45
SUPER_3,10990000,84,4,12,100,41,43
SUPER_3,11000000,107,6,7,120,60,47
SUPER_3,11010000,19,1,2,22,9,10
SUPER_3,11020000,96,15,9,120,40,56
SUPER_3,11030000,124,7,7,138,60,64
SUPER_3,11040000,154,10,15,179,74,80
SUPER_3,11050000,153,13,19,185,81,72
SUPER_3,11060000,120,10,19,149,62,58
SUPER_3,11070000,55,9,5,69,25,30
SUPER_3,11080000,136,15,11,162,52,84
SUPER_3,11090000,135,6,9,150,64,71
SUPER_3,11100000,80,9,3,92,48,32
SUPER_3,11110000,134,9,12,155,66,68
SUPER_3,11120000,48,2,2,52,25,23
SUPER_3,11130000,71,12,12,95,28,43
SUPER_3,11140000,95,10,13,118,41,54
SUPER_3,11150000,96,9,11,116,36,60
SUPER_3,11160000,129,13,13,155,54,75
SUPER_3,11170000,96,5,7,108,49,47
SUPER_3,11180000,58,2,2,62,29,29
SUPER_3,11190000,186,12,17,215,84,102
SUPER_3,11200000,59,4,10,73,29,30
SUPER_3,11210000,63,9,2,74,35,28
SUPER_3,11220000,2,0,0,2,1,1
SUPER_3,11230000,3,1,0,4,0,3
SUPER_3,11240000,199,17,17,233,103,96
SUPER_3,11250000,160,19,24,203,86,74
SUPER_3,11260000,61,2,10,73,44,17
SUPER_3,11270000,141,17,18,176,70,71
SUPER_3,11280000,53,6,8,67,30,23
SUPER_3,11290000,109,6,11,126,55,54
SUPER_3,11300000,46,1,1,48,25,21
SUPER_3,11310000,30,2,4,36,16,14
SUPER_3,11320000,42,2,2,46,24,18
SUPER_3,11330000,152,8,16,176,77,75
SUPER_3,11340000,203,12,19,234,91,112
SUPER_3,11350000,219,20,9,248,118,101
SUPER_3,11360000,155,16,11,182,78,77
SUPER_3,11370000,124,8,6,138,62,62
SUPER_3,11380000,115,8,8,131,57,58
SUPER_3,11390000,134,7,11,152,77,57
SUPER_3,11400000,182,17,15,214,97,85
SUPER_3,11410000,193,16,11,220,100,93
SUPER_3,11420000,82,4,10,96,44,38
SUPER_3,11430000,207,26,19,252,95,112
SUPER_3,11440000,147,13,13,173,76,71
SUPER_3,11450000,198,23,18,239,102,96
SUPER_3,11460000,186,16,19,221,98,88
SUPER_3,11470000,179,13,19,211,92,87
SUPER_3,11480000,100,9,12,121,51,49
SUPER_3,11490000,149,5,6,160,75,74
SUPER_3,11500000,173,13,23,209,92,81
SUPER_3,11510000,156,11,14,181,86,70
SUPER_3,11520000,197,19,19,235,93,104
SUPER_3,11530000,170,12,18,200,84,86
SUPER_3,11540000,229,18,16,263,114,115
SUPER_3,11550000,152,17,8,177,83,69
SUPER_3,11560000,78,6,11,95,38,40
SUPER_3,11570000,60,2,2,64,25,35
SUPER_3,11580000,165,11,18,194,85,80
SUPER_3,11590000,139,11,13,163,72,67
SUPER_3,11600000,215,15,24,254,117,98
SUPER_3,11610000,248,25,20,293,120,128
SUPER_3,11620000,139,8,11,158,66,73
SUPER_3,11630000,227,17,17,261,116,111
SUPER_3,11640000,203,21,20,244,103,100
SUPER_3,11650000,201,18,10,229,99,102
SUPER_3,11660000,213,20,25,258,99,114
SUPER_3,11670000,120,8,12,140,59,61
SUPER_3,11680000,92,7,8,107,42,50
SUPER_3,11690000,33,3,7,43,17,16
SUPER_3,11700000,283,18,26,327,147,136
SUPER_3,11710000,195,19,17,231,88,107
SUPER_3,11720000,184,19,17,220,91,93
SUPER_3,11730000,186,19,26,231,94,92
SUPER_3,11740000,248,23,27,298,138,110
SUPER_3,11750000,196,19,24,239,96,100
SUPER_3,11760000,181,26,14,221,85,96
SUPER_3,11770000,175,17,15,207,101,74
SUPER_3,11780000,224,15,17,256,106,118
SUPER_3,11790000,153,13,16,182,73,80
SUPER_3,11800000,115,10,13,138,51,64
SUPER_3,11810000,207,27,20,254,107,100
SUPER_3,11820000,209,13,22,244,126,83
SUPER_3,11830000,186,22,19,227,99,87
SUPER_3,11840000,155,12,17,184,75,80
SUPER_3,11850000,223,14,17,254,123,100
SUPER_3,11860000,98,6,8,112,52,46
SUPER_3,11870000,126,7,13,146,58,68
SUPER_3,11880000,120,11,9,140,58,62
SUPER_3,11890000,130,8,11,149,62,68
SUPER_3,11900000,160,8,14,182,81,79
SUPER_3,11910000,210,16,18,244,109,101
SUPER_3,11920000,235,25,15,275,141,94
SUPER_3,11930000,236,11,24,271,114,122
SUPER_3,11940000,233,26,26,285,109,124
SUPER_3,11950000,215,25,19,259,100,115
SUPER_3,11960000,268,29,33,330,128,140
SUPER_3,11970000,212,20,26,258,96,116
SUPER_3,11980000,124,14,11,149,52,72
SUPER_3,11990000,228,18,19,265,127,101
SUPER_3,12000000,152,12,18,182,88,64
SUPER_3,12010000,216,17,19,252,108,108
SUPER_3,12020000,101,13,11,125,46,55
SUPER_3,12030000,209,17,21,247,103,106
SUPER_3,12040000,78,7,7,92,35,43
SUPER_3,12050000,55,8,5,68,26,29
SUPER_3,12060000,189,24,16,229,101,88
SUPER_3,12070000,114,7,12,133,51,63
SUPER_3,12080000,184,16,9,209,92,92
SUPER_3,12090000,173,18,19,210,90,83
SUPER_3,12100000,177,29,21,227,94,83
SUPER_3,12110000,15,0,2,17,9,6
SUPER_3,12120000,219,20,20,259,108,111
SUPER_3,12130000,155,15,14,184,77,78
SUPER_3,12140000,56,2,7,65,31,25
SUPER_3,12150000,173,17,24,214,82,91
SUPER_3,12160000,147,15,12,174,78,69
SUPER_3,12170000,199,17,18,234,106,93
SUPER_3,12180000,84,14,9,107,39,45
SUPER_3,12190000,63,6,14,83,32,31
SUPER_3,12200000,137,15,14,166,69,68
SUPER_3,12210000,75,9,12,96,34,41
SUPER_3,12220000,103,14,10,127,51,52
SUPER_3,12230000,195,28,21,244,101,94
SUPER_3,12240000,186,19,16,221,73,113
SUPER_3,12250000,72,8,15,95,41,31
SUPER_3,12260000,199,11,15,225,108,91
SUPER_3,12270000,147,8,17,172,76,71
SUPER_3,12280000,251,16,24,291,127,124
SUPER_3,12290000,145,23,16,184,75,70
SUPER_3,12300000,153,12,14,179,69,84
SUPER_3,12310000,286,19,25,330,156,130
SUPER_3,12320000,304,20,29,353,131,173
SUPER_3,12330000,282,23,19,324,160,122
SUPER_3,12340000,266,21,23,310,137,129
SUPER_3,12350000,225,21,25,271,103,122
SUPER_3,12360000,210,22,22,254,92,118
SUPER_3,12370000,229,18,18,265,107,122
SUPER_3,12380000,66,8,6,80,35,31
SUPER_3,12390000,0,1,0,1,0,0
SUPER_3,12400000,18,1,1,20,13,5
SUPER_3,12410000,75,4,2,81,36,39
SUPER_3,12420000,74,6,7,87,38,36
SUPER_3,12430000,183,11,15,209,74,109
SUPER_3,12440000,172,7,14,193,82,90
SUPER_3,12450000,1,1,0,2,1,0
SUPER_3,12460000,150,17,13,180,78,72
SUPER_3,12470000,283,28,25,336,141,142
SUPER_3,12480000,269,27,24,320,143,126
SUPER_3,12490000,226,21,35,282,109,117
SUPER_3,12500000,325,17,21,363,160,165
SUPER_3,12510000,273,16,23,312,142,131
SUPER_3,12520000,122,12,16,150,55,67
SUPER_3,12530000,27,4,3,34,13,14
SUPER_3,12540000,115,12,11,138,61,54
SUPER_3,12550000,246,16,18,280,125,121
SUPER_3,12560000,217,11,22,250,114,103
SUPER_3,12570000,159,15,15,189,83,76
SUPER_3,12580000,264,19,18,301,131,133
SUPER_3,12590000,279,19,35,333,133,146
SUPER_3,12600000,288,28,30,346,145,143
SUPER_3,12610000,111,11,13,135,61,50
SUPER_3,12620000,90,4,6,100,50,40
SUPER_3,12630000,162,18,22,202,84,78
SUPER_3,12640000,116,16,13,145,58,58
SUPER_3,12650000,117,14,15,146,53,64
SUPER_3,12660000,165,22,22,209,83,82
SUPER_3,12670000,193,21,13,227,100,93
SUPER_3,12680000,60,7,5,72,37,23
SUPER_3,12690000,86,6,8,100,41,45
SUPER_3,12700000,204,18,19,241,102,102
SUPER_3,12710000,119,4,9,132,71,48
SUPER_3,12720000,26,3,4,33,14,12
SUPER_3,12730000,71,2,4,77,36,35
SUPER_3,12740000,267,22,23,312,128,139
SUPER_3,12750000,294,18,25,337,154,140
SUPER_3,12760000,218,15,13,246,117,101
SUPER_3,12770000,184,8,13,205,88,96
SUPER_3,12780000,90,5,6,101,49,41
SUPER_3,12790000,158,11,8,177,72,86
SUPER_3,12800000,148,12,6,166,67,81
SUPER_3,12810000,170,14,17,201,84,86
SUPER_3,12820000,254,16,28,298,142,112
SUPER_3,12830000,245,16,26,287,109,136
SUPER_3,12840000,196,15,16,227,102,94
SUPER_3,12850000,43,3,3,49,23,20
SUPER_3,12860000,9,0,0,9,5,4
SUPER_3,12870000,18,0,1,19,10,8
SUPER_3,12880000,32,1,4,37,13,19
SUPER_3,12890000,114,7,15,136,60,54
SUPER_3,12900000,108,6,8,122,49,59
SUPER_3,12910000,85,2,2,89,40,45
SUPER_3,12920000,120,9,7,136,55,65
SUPER_3,12930000,181,20,18,219,92,89
SUPER_3,12940000,120,11,5,136,62,58
SUPER_3,12950000,110,15,9,134,66,44
SUPER_3,12960000,164,13,17,194,78,86
SUPER_3,12970000,49,4,4,57,23,26
SUPER_3,12980000,242,12,18,272,112,130
SUPER_3,12990000,262,13,21,296,129,133
SUPER_3,13000000,156,10,15,181,77,79
SUPER_3,13010000,82,10,0,92,34,48
SUPER_3,13020000,157,9,10,176,81,76
SUPER_3,13030000,140,7,12,159,63,77
SUPER_3,13040000,85,6,5,96,48,37
SUPER_3,13050000,3,0,0,3,0,3
SUPER_3,13060000,24,2,1,27,15,9
SUPER_3,13070000,74,4,4,82,43,31
SUPER_3,13080000,74,4,9,87,45,29
SUPER_3,13090000,254,20,15,289,126,128
SUPER_3,13100000,275,19,16,310,144,131
SUPER_3,13110000,291,28,25,344,144,147
SUPER_3,13120000,227,18,19,264,113,114
SUPER_3,13130000,215,22,24,261,103,112
SUPER_3,13140000,0,1,0,1,0,0
SUPER_3,13150000,136,9,13,158,52,84
SUPER_3,13160000,215,18,19,252,114,101
SUPER_3,13170000,277,17,23,317,141,136
SUPER_3,13180000,139,10,10,159,83,56
SUPER_3,13190000,242,23,23,288,123,119
SUPER_3,13200000,151,21,10,182,71,80
SUPER_3,13210000,175,15,18,208,88,87
SUPER_3,13220000,224,20,21,265,108,116
SUPER_3,13230000,191,16,16,223,91,100
SUPER_3,13240000,203,26,15,244,93,110
SUPER_3,13250000,223,14,15,252,121,102
SUPER_3,13260000,198,20,8,226,101,97
SUPER_3,13270000,218,9,12,239,115,103
SUPER_3,13280000,184,8,19,211,89,95
SUPER_3,13290000,95,7,7,109,61,34
SUPER_3,13300000,67,3,11,81,24,43
SUPER_3,13310000,248,18,22,288,123,125
SUPER_3,13320000,9,2,3,14,5,4
SUPER_3,13330000,129,9,13,151,64,65
SUPER_3,13340000,153,11,9,173,71,82
SUPER_3,13350000,102,3,12,117,47,55
SUPER_3,13360000,167,19,18,204,88,79
SUPER_3,13370000,220,16,23,259,111,109
SUPER_3,13380000,268,36,38,342,144,124
SUPER_3,13390000,100,7,5,112,49,51
SUPER_3,13400000,209,10,12,231,107,102
SUPER_3,13410000,43,5,4,52,23,20
SUPER_3,13420000,162,6,7,175,84,78
SUPER_3,13430000,210,12,15,237,115,95
SUPER_3,13440000,302,29,33,364,162,140
SUPER_3,13450000,244,22,19,285,125,119
SUPER_3,13460000,188,9,9,206,94,94
SUPER_3,13470000,189,14,19,222,93,96
SUPER_3,13480000,26,2,2,30,19,7
SUPER_3,13490000,162,12,19,193,86,76
SUPER_3,13500000,219,19,15,253,120,99
SUPER_3,13510000,163,5,17,185,78,85
SUPER_3,13520000,267,22,17,306,124,143
SUPER_3,13530000,143,16,12,171,65,78
SUPER_3,13540000,210,14,18,242,92,118
SUPER_3,13550000,192,21,14,227,98,94
SUPER_3,13560000,19,4,6,29,11,8
SUPER_3,13570000,47,0,0,47,21,26
SUPER_3,13580000,159,13,10,182,79,80
SUPER_3,13590000,245,26,24,295,137,108
SUPER_3,13600000,206,26,37,269,93,113
SUPER_3,13610000,186,23,30,239,101,85
SUPER_3,13620000,215,22,9,246,108,107
SUPER_3,13630000,153,13,9,175,75,78
SUPER_3,13640000,148,11,10,169,81,67
SUPER_3,13650000,202,28,20,250,95,107
SUPER_3,13660000,268,27,26,321,122,146
SUPER_3,13670000,89,7,5,101,38,51
SUPER_3,13680000,196,17,22,235,85,111
SUPER_3,13690000,172,13,11,196,98,74
SUPER_3,13700000,194,17,14,225,119,75
SUPER_3,13710000,37,2,4,43,19,18
SUPER_3,13720000,96,8,10,114,43,53
SUPER_3,13730000,104,7,7,118,57,47
SUPER_3,13740000,293,27,24,344,138,155
SUPER_3,13750000,177,16,11,204,86,91
SUPER_3,13760000,90,5,15,110,43,47
SUPER_3,13770000,59,4,6,69,29,30
SUPER_3,13780000,170,15,17,202,87,83
SUPER_3,13790000,243,16,19,278,137,106
SUPER_3,13800000,236,23,20,279,128,108
SUPER_3,13810000,209,21,19,249,107,102
SUPER_3,13820000,195,11,20,226,101,94
SUPER_3,13830000,47,3,15,65,25,22
SUPER_3,13840000,179,10,7,196,92,87
SUPER_3,13850000,149,11,11,171,57,92
SUPER_3,13860000,105,7,6,118,53,52
SUPER_3,13870000,198,27,18,243,101,97
SUPER_3,13880000,0,0,0,0,0,0
SUPER_3,13890000,0,0,0,0,0,0
SUPER_3,13900000,96,9,12,117,48,48
SUPER_3,13910000,173,12,21,206,73,100
SUPER_3,13920000,92,12,7,111,40,52
SUPER_3,13930000,82,6,6,94,43,39
SUPER_3,13940000,80,7,7,94,37,43
SUPER_3,13950000,72,2,5,79,35,37
SUPER_3,13960000,97,4,13,114,45,52
SUPER_3,13970000,181,17,24,222,99,82
SUPER_3,13980000,250,17,23,290,128,122
SUPER_3,13990000,169,8,20,197,92,77
SUPER_3,14000000,39,2,1,42,21,18
SUPER_3,14010000,62,6,4,72,39,23
SUPER_3,14020000,138,14,16,168,62,76
SUPER_3,14030000,27,2,2,31,15,12
SUPER_3,14040000,0,1,0,1,0,0
SUPER_3,14050000,45,3,7,55,16,29
SUPER_3,14060000,0,0,0,0,0,0
SUPER_3,14070000,0,0,0,0,0,0
SUPER_3,14080000,0,0,0,0,0,0
SUPER_3,14090000,0,0,0,0,0,0
SUPER_3,14100000,0,0,0,0,0,0
SUPER_3,14110000,0,0,0,0,0,0
SUPER_3,14120000,63,4,6,73,31,32
SUPER_3,14130000,30,3,1,34,15,15
SUPER_3,14140000,52,2,11,65,32,20
SUPER_3,14150000,126,12,8,146,62,64
SUPER_3,14160000,297,20,23,340,166,131
SUPER_3,14170000,160,18,10,188,92,68
SUPER_3,14180000,288,18,20,326,140,148
SUPER_3,14190000,305,21,20,346,166,139
SUPER_3,14200000,160,10,15,185,80,80
SUPER_3,14210000,185,23,22,230,91,94
SUPER_3,14220000,301,25,23,349,146,155
SUPER_3,14230000,184,14,21,219,102,82
SUPER_3,14240000,178,9,24,211,87,91
SUPER_3,14250000,116,13,15,144,58,58
SUPER_3,14260000,225,11,21,257,106,119
SUPER_3,14270000,207,11,21,239,121,86
SUPER_3,14280000,270,20,25,315,128,142
SUPER_3,14290000,16,3,1,20,11,5
SUPER_3,14300000,11,4,4,19,5,6
SUPER_3,14310000,21,2,1,24,11,10
SUPER_3,14320000,34,1,6,41,19,15
SUPER_3,14330000,2,0,0,2,1,1
SUPER_3,14340000,0,1,1,2,0,0
SUPER_3,14350000,112,13,14,139,59,53
SUPER_3,14360000,139,6,7,152,74,65
SUPER_3,14370000,158,8,9,175,77,81
SUPER_3,14380000,19,6,2,27,11,8
SUPER_3,14390000,81,4,13,98,44,37
SUPER_3,14400000,125,6,6,137,64,61
SUPER_3,14410000,168,13,23,204,82,86
SUPER_3,14420000,273,26,31,330,128,145
SUPER_3,14430000,145,9,10,164,64,81
SUPER_3,14440000,209,25,14,248,105,104
SUPER_3,14450000,199,18,16,233,106,93
SUPER_3,14460000,75,7,4,86,34,41
SUPER_3,14470000,77,7,9,93,40,37
SUPER_3,14480000,55,2,5,62,26,29
SUPER_3,14490000,208,11,15,234,92,116
SUPER_3,14500000,228,23,19,270,126,102
SUPER_3,14510000,33,1,1,35,21,12
SUPER_3,14520000,120,8,12,140,70,50
SUPER_3,14530000,165,19,11,195,94,71
SUPER_3,14540000,186,18,24,228,100,86
SUPER_3,14550000,78,8,11,97,45,33
SUPER_3,14560000,113,8,10,131,48,65
SUPER_3,14570000,168,14,26,208,72,96
SUPER_3,14580000,203,23,23,249,102,101
SUPER_3,14590000,256,28,24,308,139,117
SUPER_3,14600000,191,21,15,227,93,98
SUPER_3,14610000,222,17,20,259,100,122
SUPER_3,14620000,207,13,32,252,104,103
SUPER_3,14630000,267,20,19,306,137,130
SUPER_3,14640000,216,13,23,252,97,119
SUPER_3,14650000,138,10,3,151,79,59
SUPER_3,14660000,188,16,12,216,112,76
SUPER_3,14670000,174,18,15,207,84,90
SUPER_3,14680000,202,15,12,229,113,89
SUPER_3,14690000,190,20,9,219,94,96
SUPER_3,14700000,162,15,13,190,87,75
SUPER_3,14710000,143,17,8,168,71,72
SUPER_3,14720000,84,8,6,98,46,38
SUPER_3,14730000,118,13,9,140,56,62
SUPER_3,14740000,194,18,14,226,93,101
SUPER_3,14750000,239,25,23,287,123,116
SUPER_3,14760000,181,24,16,221,92,89
SUPER_3,14770000,285,17,24,326,142,143
SUPER_3,14780000,217,24,15,256,100,117
SUPER_3,14790000,195,21,23,239,97,98
SUPER_3,14800000,135,17,10,162,69,66
SUPER_3,14810000,157,21,19,197,81,76
SUPER_3,14820000,156,15,9,180,80,76
SUPER_3,14830000,229,18,14,261,123,106
SUPER_3,14840000,236,25,23,284,127,109
SUPER_3,14850000,115,7,11,133,64,51
SUPER_3,14860000,96,10,6,112,50,46
SUPER_3,14870000,137,8,13,158,68,69
SUPER_3,14880000,172,13,18,203,84,88
SUPER_3,14890000,169,21,15,205,76,93
SUPER_3,14900000,124,12,12,148,59,65
SUPER_3,14910000,234,24,30,288,121,113
SUPER_3,14920000,296,27,20,343,166,130
SUPER_3,14930000,147,11,17,175,82,65
SUPER_3,14940000,130,6,10,146,65,65
SUPER_3,14950000,169,18,8,195,85,84
SUPER_3,14960000,236,17,12,265,124,112
SUPER_3,14970000,111,7,15,133,51,60
SUPER_3,14980000,122,8,8,138,66,56
SUPER_3,14990000,279,21,21,321,148,131
SUPER_3,15000000,139,9,5,153,76,63
SUPER_3,15010000,93,7,4,104,51,42
SUPER_3,15020000,248,30,29,307,129,119
SUPER_3,15030000,118,10,4,132,62,56
SUPER_3,15040000,62,6,5,73,35,27
SUPER_3,15050000,48,5,8,61,22,26
SUPER_3,15060000,1,0,0,1,0,1
SUPER_3,15070000,64,1,4,69,40,24
SUPER_3,15080000,0,0,0,0,0,0
SUPER_3,15090000,0,0,0,0,0,0
SUPER_3,15100000,258,18,18,294,131,127
SUPER_3,15110000,217,17,24,258,103,114
SUPER_3,15120000,269,19,23,311,136,133
SUPER_3,15130000,136,13,12,161,75,61
SUPER_3,15140000,172,10,12,194,102,70
SUPER_3,15150000,135,4,9,148,73,62
SUPER_3,15160000,0,0,0,0,0,0
SUPER_3,15170000,0,0,0,0,0,0
SUPER_3,15180000,0,0,0,0,0,0
SUPER_3,15190000,0,0,0,0,0,0
SUPER_3,15200000,42,4,4,50,31,11
SUPER_3,15210000,6,0,1,7,4,2
SUPER_4,10000,0,0,0,0,0,0
SUPER_4,20000,0,0,0,0,0,0
SUPER_4,30000,0,0,0,0,0,0
SUPER_4,40000,0,0,0,0,0,0
SUPER_4,50000,0,0,0,0,0,0
SUPER_4,60000,0,0,0,0,0,0
SUPER_4,70000,0,0,0,0,0,0
SUPER_4,80000,0,0,0,0,0,0
SUPER_4,90000,0,0,0,0,0,0
SUPER_4,100000,0,0,0,0,0,0
SUPER_4,110000,58,4,5,67,32,26
SUPER_4,120000,94,3,6,103,47,47
SUPER_4,130000,68,0,5,73,40,28
SUPER_4,140000,147,23,8,178,85,62
SUPER_4,150000,152,9,14,175,79,73
SUPER_4,160000,169,10,6,185,92,77
SUPER_4,170000,201,33,14,248,87,114
SUPER_4,180000,95,7,5,107,51,44
SUPER_4,190000,112,10,8,130,58,54
SUPER_4,200000,158,15,12,185,82,76
SUPER_4,210000,244,10,12,266,137,107
SUPER_4,220000,76,2,9,87,36,40
SUPER_4,230000,59,8,5,72,29,30
SUPER_4,240000,157,14,12,183,84,73
SUPER_4,250000,145,11,7,163,79,66
SUPER_4,260000,261,17,24,302,121,140
SUPER_4,270000,40,1,3,44,22,18
SUPER_4,280000,73,2,7,82,46,27
SUPER_4,290000,0,0,0,0,0,0
SUPER_4,300000,0,0,0,0,0,0
SUPER_4,310000,159,9,13,181,83,76
SUPER_4,320000,21,2,0,23,10,11
SUPER_4,330000,192,7,7,206,115,77
SUPER_4,340000,219,18,19,256,111,108
SUPER_4,350000,250,23,18,291,122,128
SUPER_4,360000,82,6,8,96,45,37
SUPER_4,370000,79,8,4,91,42,37
SUPER_4,380000,209,18,17,244,99,110
SUPER_4,390000,84,3,6,93,50,34
SUPER_4,400000,177,7,11,195,101,76
SUPER_4,410000,5,0,2,7,4,1
SUPER_4,420000,93,5,7,105,49,44
SUPER_4,430000,171,11,13,195,84,87
SUPER_4,440000,40,4,2,46,21,19
SUPER_4,450000,28,0,1,29,15,13
SUPER_4,460000,119,7,8,134,71,48
SUPER_4,470000,127,11,4,142,68,59
SUPER_4,480000,243,13,21,277,114,129
SUPER_4,490000,136,17,10,163,56,80
SUPER_4,500000,0,0,0,0,0,0
SUPER_4,510000,0,0,0,0,0,0
SUPER_4,520000,0,0,0,0,0,0
SUPER_4,530000,277,17,19,313,129,148
SUPER_4,540000,155,13,12,180,72,83
SUPER_4,550000,229,18,17,264,112,117
SUPER_4,560000,292,21,32,345,143,149
SUPER_4,570000,225,23,17,265,129,96
SUPER_4,580000,209,8,11,228,125,84
SUPER_4,590000,150,15,10,175,80,70
SUPER_4,600000,75,12,7,94,45,30
SUPER_4,610000,22,0,0,22,13,9
SUPER_4,620000,6,0,0,6,4,2
SUPER_4,630000,82,7,3,92,47,35
SUPER_4,640000,194,16,13,223,98,96
SUPER_4,650000,144,7,2,153,85,59
SUPER_4,660000,285,18,23,326,148,137
SUPER_4,670000,51,1,4,56,35,16
SUPER_4,680000,54,1,7,62,30,24
SUPER_4,690000,232,24,13,269,101,131
SUPER_4,700000,187,22,7,216,90,97
SUPER_4,710000,142,7,8,157,81,61
SUPER_4,720000,99,8,6,113,51,48
SUPER_4,730000,127,4,8,139,72,55
SUPER_4,740000,91,3,8,102,48,43
SUPER_4,750000,270,21,27,318,127,143
SUPER_4,760000,249,16,17,282,111,138
SUPER_4,770000,98,6,4,108,48,50
SUPER_4,780000,178,12,12,202,76,102
SUPER_4,790000,91,7,5,103,43,48
SUPER_4,800000,151,15,8,174,83,68
SUPER_4,810000,245,20,20,285,134,111
SUPER_4,820000,174,8,21,203,90,84
SUPER_4,830000,293,23,29,345,152,141
SUPER_4,840000,220,15,12,247,103,117
SUPER_4,850000,259,14,23,296,135,124
SUPER_4,860000,28,4,2,34,12,16
SUPER_4,870000,34,3,7,44,18,16
SUPER_4,880000,30,5,2,37,20,10
SUPER_4,890000,104,6,5,115,51,53
SUPER_4,900000,63,6,11,80,31,32
SUPER_4,910000,0,0,0,0,0,0
SUPER_4,920000,0,0,0,0,0,0
SUPER_4,930000,99,7,13,119,68,31
SUPER_4,940000,10,1,0,11,3,7
SUPER_4,950000,166,3,2,171,58,108
SUPER_4,960000,149,8,11,168,77,72
SUPER_4,970000,120,11,7,138,63,57
SUPER_4,980000,209,14,24,247,94,115
SUPER_4,990000,257,23,18,298,133,124
SUPER_4,1000000,171,14,10,195,104,67
SUPER_4,1010000,244,18,12,274,113,131
SUPER_4,1020000,199,16,15,230,98,101
SUPER_4,1030000,190,15,13,218,101,89
SUPER_4,1040000,154,7,11,172,66,88
SUPER_4,1050000,80,7,3,90,36,44
SUPER_4,1060000,235,15,16,266,130,105
SUPER_4,1070000,197,18,16,231,107,90
SUPER_4,1080000,175,14,14,203,98,77
SUPER_4,1090000,306,22,26,354,145,161
SUPER_4,1100000,121,13,8,142,59,62
SUPER_4,1110000,102,6,6,114,57,45
SUPER_4,1120000,197,18,25,240,102,95
SUPER_4,1130000,258,19,26,303,128,130
SUPER_4,1140000,56,4,9,69,33,23
SUPER_4,1150000,96,10,5,111,40,56
SUPER_4,1160000,43,1,2,46,25,18
SUPER_4,1170000,22,1,4,27,14,8
SUPER_4,1180000,109,12,2,123,60,49
SUPER_4,1190000,1,0,0,1,1,0
SUPER_4,1200000,275,27,28,330,140,135
SUPER_4,1210000,80,7,5,92,41,39
SUPER_4,1220000,191,26,17,234,93,98
SUPER_4,1230000,241,11,16,268,123,118
SUPER_4,1240000,240,19,22,281,115,125
SUPER_4,1250000,208,11,14,233,108,100
SUPER_4,1260000,204,17,13,234,122,82
SUPER_4,1270000,258,25,16,299,141,117
SUPER_4,1280000,219,15,13,247,108,111
SUPER_4,1290000,122,8,10,140,64,58
SUPER_4,1300000,76,9,13,98,36,40
SUPER_4,1310000,50,1,3,54,25,25
SUPER_4,1320000,77,4,5,86,38,39
SUPER_4,1330000,275,20,15,310,143,132
SUPER_4,1340000,249,20,12,281,126,123
SUPER_4,1350000,189,9,16,214,91,98
SUPER_4,1360000,151,17,14,182,77,74
SUPER_4,1370000,283,22,28,333,148,135
SUPER_4,1380000,128,5,10,143,58,70
SUPER_4,1390000,178,9,17,204,87,91
SUPER_4,1400000,198,15,10,223,100,98
SUPER_4,1410000,76,5,2,83,44,32
SUPER_4,1420000,202,13,22,237,100,102
SUPER_4,1430000,237,16,18,271,123,114
SUPER_4,1440000,71,2,4,77,41,30
SUPER_4,1450000,121,10,10,141,67,54
SUPER_4,1460000,4,0,2,6,4,0
SUPER_4,1470000,14,2,0,16,6,8
SUPER_4,1480000,75,2,8,85,45,30
SUPER_4,1490000,147,7,13,167,77,70
SUPER_4,1500000,50,5,6,61,31,19
SUPER_4,1510000,102,10,10,122,49,53
SUPER_4,1520000,212,26,19,257,106,106
SUPER_4,1530000,128,9,9,146,73,55
SUPER_4,1540000,205,14,12,231,115,90
SUPER_4,1550000,114,11,5,130,54,60
SUPER_4,1560000,108,2,8,118,61,47
SUPER_4,1570000,151,11,19,181,94,57
SUPER_4,1580000,214,18,17,249,112,102
SUPER_4,1590000,199,17,15,231,100,99
SUPER_4,1600000,0,0,0,0,0,0
SUPER_4,1610000,0,0,0,0,0,0
SUPER_4,1620000,270,23,16,309,137,133
SUPER_4,1630000,63,4,12,79,38,25
SUPER_4,1640000,42,3,2,47,18,24
SUPER_4,1650000,125,9,12,146,67,58
SUPER_4,1660000,90,10,7,107,52,38
SUPER_4,1670000,111,7,9,127,52,59
SUPER_4,1680000,31,0,2,33,15,16
SUPER_4,1690000,59,1,6,66,31,28
SUPER_4,1700000,90,10,7,107,43,47
SUPER_4,1710000,108,10,7,125,63,45
SUPER_4,1720000,55,5,6,66,25,30
SUPER_4,1730000,124,10,3,137,60,64
SUPER_4,1740000,205,12,12,229,92,113
SUPER_4,1750000,254,17,19,290,137,117
SUPER_4,1760000,314,24,34,372,166,148
SUPER_4,1770000,270,20,21,311,150,120
SUPER_4,1780000,95,5,8,108,46,49
SUPER_4,1790000,240,15,17,272,121,119
SUPER_4,1800000,64,3,2,69,37,27
SUPER_4,1810000,176,9,26,211,99,77
SUPER_4,1820000,23,5,4,32,10,13
SUPER_4,1830000,46,2,1,49,21,25
SUPER_4,1840000,276,21,30,327,139,137
SUPER_4,1850000,207,19,14,240,112,95
SUPER_4,1860000,186,14,18,218,99,87
SUPER_4,1870000,274,29,18,321,147,127
SUPER_4,1880000,257,16,19,292,133,124
SUPER_4,1890000,179,16,15,210,78,101
SUPER_4,1900000,149,6,6,161,83,66
SUPER_4,1910000,55,2,3,60,28,27
SUPER_4,1920000,185,17,16,218,91,94
SUPER_4,1930000,193,11,12,216,95,98
SUPER_4,1940000,241,25,15,281,104,137
SUPER_4,1950000,93,6,5,104,46,47
SUPER_4,1960000,137,14,15,166,78,59
SUPER_4,1970000,71,6,10,87,40,31
SUPER_4,1980000,0,0,0,0,0,0
SUPER_4,1990000,0,0,0,0,0,0
SUPER_4,2000000,119,7,10,136,67,52
SUPER_4,2010000,103,9,6,118,50,53
SUPER_4,2020000,46,3,5,54,22,24
SUPER_4,2030000,38,2,5,45,21,17
SUPER_4,2040000,76,2,5,83,38,38
SUPER_4,2050000,95,4,12,111,43,52
SUPER_4,2060000,0,0,0,0,0,0
SUPER_4,2070000,0,0,0,0,0,0
SUPER_4,2080000,36,1,2,39,21,15
SUPER_4,2090000,110,19,8,137,47,63
SUPER_4,2100000,21,1,2,24,15,6
SUPER_4,2110000,96,20,16,132,49,47
SUPER_4,2120000,39,5,2,46,17,22
SUPER_4,2130000,188,5,19,212,98,90
SUPER_4,2140000,59,4,6,69,26,33
SUPER_4,2150000,55,5,7,67,30,25
SUPER_4,2160000,86,4,7,97,43,43
SUPER_4,2170000,75,8,5,88,35,40
SUPER_4,2180000,0,0,0,0,0,0
SUPER_4,2190000,0,0,0,0,0,0
SUPER_4,2200000,115,6,7,128,71,44
SUPER_4,2210000,230,15,18,263,109,121
SUPER_4,2220000,235,17,28,280,129,106
SUPER_4,2230000,51,5,10,66,34,17
SUPER_4,2240000,133,4,13,150,63,70
SUPER_4,2250000,202,9,20,231,98,104
SUPER_4,2260000,135,6,7,148,65,70
SUPER_4,2270000,128,4,15,147,66,62
SUPER_4,2280000,246,18,16,280,124,122
SUPER_4,2290000,12,1,1,14,4,8
SUPER_4,2300000,106,6,20,132,51,55
SUPER_4,2310000,243,22,12,277,129,114
SUPER_4,2320000,207,19,19,245,95,112
SUPER_4,2330000,219,20,16,255,110,109
SUPER_4,2340000,44,4,3,51,23,21
SUPER_4,2350000,142,11,6,159,63,79
SUPER_4,2360000,170,6,19,195,93,77
SUPER_4,2370000,209,10,15,234,98,111
SUPER_4,2380000,44,5,1,50,21,23
SUPER_4,2390000,170,15,15,200,95,75
SUPER_4,2400000,138,9,6,153,69,69
SUPER_4,2410000,199,14,12,225,95,104
SUPER_4,2420000,188,18,6,212,92,96
SUPER_4,2430000,177,15,10,202,80,97
SUPER_4,2440000,117,8,10,135,60,57
SUPER_4,2450000,0,0,0,0,0,0
SUPER_4,2460000,0,0,0,0,0,0
SUPER_4,2470000,126,8,10,144,59,67
SUPER_4,2480000,271,22,22,315,133,138
SUPER_4,2490000,183,27,17,227,95,88
SUPER_4,2500000,214,16,20,250,96,118
SUPER_4,2510000,180,17,14,211,92,88
SUPER_4,2520000,218,19,26,263,111,107
SUPER_4,2530000,185,15,8,208,90,95
SUPER_4,2540000,189,15,26,230,98,91
SUPER_4,2550000,224,23,18,265,112,112
SUPER_4,2560000,185,16,13,214,84,101
SUPER_4,2570000,234,20,25,279,118,116
SUPER_4,2580000,201,16,17,234,104,97
SUPER_4,2590000,141,7,7,155,69,72
SUPER_4,2600000,70,8,7,85,33,37
SUPER_4,2610000,106,8,9,123,58,48
SUPER_4,2620000,284,22,20,326,147,137
SUPER_4,2630000,28,2,2,32,10,18
SUPER_4,2640000,55,2,5,62,29,26
SUPER_4,2650000,49,1,3,53,32,17
SUPER_4,2660000,116,2,5,123,58,58
SUPER_4,2670000,271,19,22,312,133,138
SUPER_4,2680000,315,20,28,363,160,155
SUPER_4,2690000,248,30,29,307,133,115
SUPER_4,2700000,200,19,24,243,113,87
SUPER_4,2710000,160,12,19,191,77,83
SUPER_4,2720000,256,29,23,308,104,152
SUPER_4,2730000,284,28,29,341,135,149
SUPER_4,2740000,245,12,23,280,111,134
SUPER_4,2750000,66,6,5,77,34,32
SUPER_4,2760000,229,13,18,260,115,114
SUPER_4,2770000,283,29,32,344,145,138
SUPER_4,2780000,45,7,7,59,28,17
SUPER_4,2790000,233,18,11,262,113,120
SUPER_4,2800000,197,10,17,224,93,104
SUPER_4,2810000,182,20,19,221,90,92
SUPER_4,2820000,126,9,16,151,70,56
SUPER_4,2830000,182,15,13,210,92,90
SUPER_4,2840000,226,20,24,270,132,94
SUPER_4,2850000,225,17,19,261,108,117
SUPER_4,2860000,131,13,21,165,75,56
SUPER_4,2870000,124,19,12,155,75,49
SUPER_4,2880000,108,9,6,123,50,58
SUPER_4,2890000,89,8,7,104,48,41
SUPER_4,2900000,73,11,5,89,35,38
SUPER_4,2910000,181,16,13,210,100,81
SUPER_4,2920000,115,11,11,137,55,60
SUPER_4,2930000,233,15,14,262,129,104
SUPER_4,2940000,136,14,15,165,56,80
SUPER_4,2950000,240,19,16,275,115,125
SUPER_4,2960000,194,16,23,233,103,91
SUPER_4,2970000,140,7,16,163,75,65
SUPER_4,2980000,235,16,26,277,112,123
SUPER_4,2990000,138,12,13,163,70,68
SUPER_4,3000000,189,14,13,216,79,110
SUPER_4,3010000,6,0,1,7,4,2
SUPER_4,3020000,64,9,4,77,34,30
SUPER_4,3030000,191,14,10,215,102,89
SUPER_4,3040000,138,10,11,159,62,76
SUPER_4,3050000,85,6,8,99,45,40
SUPER_4,3060000,236,17,20,273,124,112
SUPER_4,3070000,94,8,8,110,45,49
SUPER_4,3080000,200,15,23,238,105,95
SUPER_4,3090000,190,14,24,228,104,86
SUPER_4,3100000,150,14,9,173,71,79
SUPER_4,3110000,233,21,18,272,120,113
SUPER_4,3120000,298,28,26,352,163,135
SUPER_4,3130000,258,15,17,290,122,136
SUPER_4,3140000,256,22,15,293,116,140
SUPER_4,3150000,200,19,13,232,101,99
SUPER_4,3160000,132,6,8,146,63,69
SUPER_4,3170000,243,14,15,272,122,121
SUPER_4,3180000,126,14,8,148,58,68
SUPER_4,3190000,42,3,4,49,21,21
SUPER_4,3200000,65,2,8,75,38,27
SUPER_4,3210000,235,16,25,276,118,117
SUPER_4,3220000,253,21,24,298,124,129
SUPER_4,3230000,232,24,19,275,106,126
SUPER_4,3240000,228,23,22,273,114,114
SUPER_4,3250000,246,12,25,283,116,130
SUPER_4,3260000,163,15,22,200,74,89
SUPER_4,3270000,50,2,4,56,23,27
SUPER_4,3280000,76,7,4,87,45,31
SUPER_4,3290000,169,15,11,195,95,74
SUPER_4,3300000,309,19,16,344,162,147
SUPER_4,3310000,236,17,28,281,126,110
SUPER_4,3320000,89,8,12,109,41,48
SUPER_4,3330000,48,2,3,53,26,22
SUPER_4,3340000,68,6,4,78,34,34
SUPER_4,3350000,225,22,19,266,113,112
SUPER_4,3360000,233,18,10,261,115,118
SUPER_4,3370000,142,8,7,157,71,71
SUPER_4,3380000,44,4,3,51,18,26
SUPER_4,3390000,126,9,14,149,67,59
SUPER_4,3400000,65,5,6,76,42,23
SUPER_4,3410000,173,14,9,196,73,100
SUPER_4,3420000,110,13,7,130,59,51
SUPER_4,3430000,159,8,13,180,91,68
SUPER_4,3440000,169,13,11,193,81,88
SUPER_4,3450000,56,9,8,73,21,35
SUPER_4,3460000,88,8,10,106,45,43
SUPER_4,3470000,123,12,8,143,67,56
SUPER_4,3480000,160,14,16,190,76,84
SUPER_4,3490000,155,15,12,182,68,87
SUPER_4,3500000,223,17,9,249,118,105
SUPER_4,3510000,247,19,17,283,115,132
SUPER_4,3520000,129,15,11,155,87,42
SUPER_4,3530000,98,6,8,112,52,46
SUPER_4,3540000,190,13,14,217,98,92
SUPER_4,3550000,146,12,12,170,74,72
SUPER_4,3560000,211,13,22,246,111,100
SUPER_4,3570000,110,9,6,125,55,55
SUPER_4,3580000,152,12,17,181,78,74
SUPER_4,3590000,193,18,15,226,97,96
SUPER_4,3600000,101,7,9,117,56,45
SUPER_4,3610000,75,6,2,83,38,37
SUPER_4,3620000,11,3,1,15,5,6
SUPER_4,3630000,112,5,9,126,53,59
SUPER_4,3640000,131,16,11,158,60,71
SUPER_4,3650000,112,9,6,127,59,53
SUPER_4,3660000,213,10,18,241,110,103
SUPER_4,3670000,18,1,2,21,11,7
SUPER_4,3680000,9,1,0,10,8,1
SUPER_4,3690000,0,0,0,0,0,0
SUPER_4,3700000,0,0,0,0,0,0
SUPER_4,3710000,0,0,0,0,0,0
SUPER_4,3720000,59,5,5,69,31,28
SUPER_4,3730000,178,7,22,207,93,85
SUPER_4,3740000,237,21,36,294,132,105
SUPER_4,3750000,51,2,2,55,28,23
SUPER_4,3760000,27,1,1,29,19,8
SUPER_4,3770000,9,3,1,13,8,1
SUPER_4,3780000,0,0,0,0,0,0
SUPER_4,3790000,0,0,0,0,0,0
SUPER_4,3800000,0,0,0,0,0,0
SUPER_4,3810000,0,0,0,0,0,0
SUPER_4,3820000,0,0,0,0,0,0
SUPER_4,3830000,0,0,0,0,0,0
SUPER_4,3840000,67,4,7,78,24,43
SUPER_4,3850000,0,0,0,0,0,0
SUPER_4,3860000,0,0,0,0,0,0
SUPER_4,3870000,0,0,0,0,0,0
SUPER_4,3880000,103,5,4,112,54,49
SUPER_4,3890000,164,9,11,184,88,76
SUPER_4,3900000,172,16,16,204,88,84
SUPER_4,3910000,129,17,11,157,61,68
SUPER_4,3920000,224,11,18,253,114,110
SUPER_4,3930000,137,10,12,159,64,73
SUPER_4,3940000,186,18,17,221,110,76
SUPER_4,3950000,99,9,9,117,54,45
SUPER_4,3960000,177,7,19,203,92,85
SUPER_4,3970000,73,3,3,79,36,37
SUPER_4,3980000,172,19,15,206,92,80
SUPER_4,3990000,161,6,12,179,75,86
SUPER_4,4000000,155,12,10,177,71,84
SUPER_4,4010000,218,15,21,254,83,135
SUPER_4,4020000,85,5,12,102,48,37
SUPER_4,4030000,157,14,19,190,83,74
SUPER_4,4040000,82,10,9,101,44,38
SUPER_4,4050000,79,11,7,97,37,42
SUPER_4,4060000,173,15,18,206,86,87
SUPER_4,4070000,189,13,13,215,103,86
SUPER_4,4080000,22,7,0,29,13,9
SUPER_4,4090000,120,14,12,146,63,57
SUPER_4,4100000,199,19,23,241,99,100
SUPER_4,4110000,253,19,22,294,136,117
SUPER_4,4120000,213,23,18,254,123,90
SUPER_4,4130000,96,11,7,114,53,43
SUPER_4,4140000,55,5,5,65,32,23
SUPER_4,4150000,115,7,6,128,62,53
SUPER_4,4160000,101,12,11,124,51,50
SUPER_4,4170000,101,4,8,113,53,48
SUPER_4,4180000,237,15,20,272,111,126
SUPER_4,4190000,70,4,3,77,39,31
SUPER_4,4200000,76,4,6,86,36,40
SUPER_4,4210000,0,0,0,0,0,0
SUPER_4,4220000,0,0,0,0,0,0
SUPER_4,4230000,165,14,10,189,89,76
SUPER_4,4240000,256,21,14,291,114,142
SUPER_4,4250000,109,7,8,124,55,54
SUPER_4,4260000,113,6,6,125,56,57
SUPER_4,4270000,247,24,15,286,123,124
SUPER_4,4280000,83,7,5,95,33,50
SUPER_4,4290000,125,5,10,140,68,57
SUPER_4,4300000,67,5,12,84,30,37
SUPER_4,4310000,82,4,3,89,47,35
SUPER_4,4320000,117,10,3,130,66,51
SUPER_4,4330000,227,12,15,254,129,98
SUPER_4,4340000,65,2,3,70,38,27
SUPER_4,4350000,265,19,37,321,140,125
SUPER_4,4360000,0,0,0,0,0,0
SUPER_4,4370000,0,0,0,0,0,0
SUPER_4,4380000,199,18,19,236,96,103
SUPER_4,4390000,200,15,20,235,85,115
SUPER_4,4400000,286,25,23,334,140,146
SUPER_4,4410000,275,21,30,326,138,137
SUPER_4,4420000,92,9,4,105,52,40
SUPER_4,4430000,99,9,2,110,43,56
SUPER_4,4440000,14,1,1,16,6,8
SUPER_4,4450000,0,0,1,1,0,0
SUPER_4,4460000,3,0,0,3,3,0
SUPER_4,4470000,41,4,4,49,19,22
SUPER_4,4480000,217,19,18,254,105,112
SUPER_4,4490000,110,8,12,130,51,59
SUPER_4,4500000,256,24,14,294,146,110
SUPER_4,4510000,194,19,24,237,88,106
SUPER_4,4520000,155,12,18,185,78,77
SUPER_4,4530000,220,12,20,252,112,108
SUPER_4,4540000,170,25,12,207,90,80
SUPER_4,4550000,147,10,16,173,66,81
SUPER_4,4560000,215,16,20,251,104,111
SUPER_4,4570000,200,22,15,237,87,113
SUPER_4,4580000,244,19,31,294,107,137
SUPER_4,4590000,248,21,26,295,115,133
SUPER_4,4600000,233,21,21,275,107,126
SUPER_4,4610000,251,32,13,296,131,120
SUPER_4,4620000,258,15,15,288,130,128
SUPER_4,4630000,168,13,17,198,88,80
SUPER_4,4640000,96,11,14,121,47,49
SUPER_4,4650000,215,17,13,245,110,105
SUPER_4,4660000,267,26,27,320,124,143
SUPER_4,4670000,141,13,18,172,74,67
SUPER_4,4680000,104,5,5,114,67,37
SUPER_4,4690000,114,8,15,137,48,66
SUPER_4,4700000,243,16,25,284,118,125
SUPER_4,4710000,222,15,25,262,122,100
SUPER_4,4720000,171,15,15,201,87,84
SUPER_4,4730000,256,16,26,298,115,141
SUPER_4,4740000,102,10,10,122,46,56
SUPER_4,4750000,1,0,0,1,1,0
SUPER_4,4760000,12,1,1,14,4,8
SUPER_4,4770000,140,14,20,174,65,75
SUPER_4,4780000,222,23,15,260,99,123
SUPER_4,4790000,269,25,20,314,121,148
SUPER_4,4800000,241,21,28,290,109,132
SUPER_4,4810000,159,12,16,187,75,84
SUPER_4,4820000,120,6,12,138,67,53
SUPER_4,4830000,0,0,0,0,0,0
SUPER_4,4840000,0,0,0,0,0,0
SUPER_4,4850000,286,10,18,314,130,156
SUPER_4,4860000,55,3,8,66,36,19
SUPER_4,4870000,114,3,12,129,58,56
SUPER_4,4880000,204,17,26,247,106,98
SUPER_4,4890000,72,5,5,82,35,37
SUPER_4,4900000,78,8,6,92,40,38
SUPER_4,4910000,94,4,6,104,48,46
SUPER_4,4920000,165,11,20,196,83,82
SUPER_4,4930000,237,20,21,278,130,107
SUPER_4,4940000,190,18,7,215,94,96
SUPER_4,4950000,150,10,11,171,70,80
SUPER_4,4960000,258,22,19,299,129,129
SUPER_4,4970000,194,10,14,218,100,94
SUPER_4,4980000,115,14,15,144,62,53
SUPER_4,4990000,154,11,14,179,71,83
SUPER_4,5000000,228,23,23,274,117,111
SUPER_4,5010000,221,18,20,259,119,102
SUPER_4,5020000,254,17,30,301,121,133
SUPER_4,5030000,21,2,2,25,12,9
SUPER_4,5040000,37,1,4,42,22,15
SUPER_4,5050000,156,10,13,179,95,61
SUPER_4,5060000,112,4,13,129,48,64
SUPER_4,5070000,250,23,24,297,123,127
SUPER_4,5080000,148,14,17,179,79,69
SUPER_4,5090000,185,15,12,212,102,83
SUPER_4,5100000,168,15,11,194,94,74
SUPER_4,5110000,180,16,18,214,80,100
SUPER_4,5120000,110,6,12,128,58,52
SUPER_4,5130000,1,0,0,1,0,1
SUPER_4,5140000,159,8,11,178,91,68
SUPER_4,5150000,183,15,20,218,91,92
SUPER_4,5160000,181,19,12,212,88,93
SUPER_4,5170000,159,8,17,184,86,73
SUPER_4,5180000,162,10,13,185,100,62
SUPER_4,5190000,198,19,15,232,105,93
SUPER_4,5200000,203,14,16,233,94,109
SUPER_4,5210000,246,17,21,284,109,137
SUPER_4,5220000,232,21,18,271,119,113
SUPER_4,5230000,243,24,13,280,124,119
SUPER_4,5240000,224,18,25,267,105,119
SUPER_4,5250000,222,17,23,262,110,112
SUPER_4,5260000,85,8,13,106,49,36
SUPER_4,5270000,103,6,5,114,52,51
SUPER_4,5280000,153,9,9,171,72,81
SUPER_4,5290000,229,14,28,271,122,107
SUPER_4,5300000,273,40,31,344,129,144
SUPER_4,5310000,133,7,11,151,54,79
SUPER_4,5320000,71,7,4,82,35,36
SUPER_4,5330000,115,10,9,134,52,63
SUPER_4,5340000,202,14,15,231,102,100
SUPER_4,5350000,193,14,15,222,95,98
SUPER_4,5360000,207,19,23,249,109,98
SUPER_4,5370000,98,9,7,114,55,43
SUPER_4,5380000,165,7,14,186,86,79
SUPER_4,5390000,122,16,18,156,61,61
SUPER_4,5400000,156,12,16,184,78,78
SUPER_4,5410000,166,15,19,200,87,79
SUPER_4,5420000,132,10,10,152,63,69
SUPER_4,5430000,59,4,3,66,31,28
SUPER_4,5440000,160,8,12,180,86,74
SUPER_4,5450000,203,19,13,235,102,101
SUPER_4,5460000,263,25,21,309,138,125
SUPER_4,5470000,203,17,19,239,114,89
SUPER_4,5480000,160,15,18,193,90,70
SUPER_4,5490000,150,9,17,176,77,73
SUPER_4,5500000,168,10,7,185,98,70
SUPER_4,5510000,138,18,14,170,60,78
SUPER_4,5520000,66,5,4,75,33,33
SUPER_4,5530000,38,2,2,42,22,16
SUPER_4,5540000,92,6,2,100,47,45
SUPER_4,5550000,59,5,5,69,25,34
SUPER_4,5560000,187,27,25,239,88,99
SUPER_4,5570000,173,18,17,208,86,87
SUPER_4,5580000,105,12,13,130,52,53
SUPER_4,5590000,181,15,15,211,97,84
SUPER_4,5600000,200,12,5,217,94,106
SUPER_4,5610000,196,14,25,235,98,98
SUPER_4,5620000,40,8,1,49,21,19
SUPER_4,5630000,132,12,16,160,63,69
SUPER_4,5640000,241,20,29,290,103,138
SUPER_4,5650000,179,19,15,213,108,71
SUPER_4,5660000,142,16,11,169,65,77
SUPER_4,5670000,241,15,17,273,125,116
SUPER_4,5680000,138,8,15,161,66,72
SUPER_4,5690000,135,12,12,159,75,60
SUPER_4,5700000,138,17,14,169,67,71
SUPER_4,5710000,128,15,13,156,60,68
SUPER_4,5720000,185,23,15,223,93,92
SUPER_4,5730000,179,20,16,215,80,99
SUPER_4,5740000,112,6,7,125,61,51
SUPER_4,5750000,35,2,9,46,19,16
SUPER_4,5760000,103,6,11,120,54,49
SUPER_4,5770000,137,19,13,169,60,77
SUPER_4,5780000,224,20,15,259,116,108
SUPER_4,5790000,179,15,17,211,105,74
SUPER_4,5800000,111,10,13,134,56,55
SUPER_4,5810000,174,8,16,198,84,90
SUPER_4,5820000,125,24,13,162,54,71
SUPER_4,5830000,119,6,17,142,66,53
SUPER_4,5840000,149,14,17,180,74,75
SUPER_4,5850000,146,12,7,165,78,68
SUPER_4,5860000,207,17,25,249,104,103
SUPER_4,5870000,190,16,14,220,96,94
SUPER_4,5880000,213,17,15,245,114,99
SUPER_4,5890000,208,20,11,239,93,115
SUPER_4,5900000,113,16,12,141,57,56
SUPER_4,5910000,276,26,16,318,146,130
SUPER_4,5920000,211,13,20,244,108,103
SUPER_4,5930000,74,0,3,77,40,34
SUPER_4,5940000,103,9,14,126,63,40
SUPER_4,5950000,239,22,21,282,118,121
SUPER_4,5960000,109,10,12,131,56,53
SUPER_4,5970000,64,6,8,78,29,35
SUPER_4,5980000,113,20,15,148,48,65
SUPER_4,5990000,109,13,10,132,41,68
SUPER_4,6000000,154,15,11,180,88,66
SUPER_4,6010000,154,9,15,178,72,82
SUPER_4,6020000,256,19,17,292,140,116
SUPER_4,6030000,149,12,13,174,65,84
SUPER_4,6040000,134,8,9,151,69,65
SUPER_4,6050000,71,7,4,82,41,30
SUPER_4,6060000,25,0,0,25,11,14
SUPER_4,6070000,102,6,6,114,59,43
SUPER_4,6080000,110,6,12,128,58,52
SUPER_4,6090000,79,5,4,88,33,46
SUPER_4,6100000,109,9,11,129,54,55
SUPER_4,6110000,146,9,12,167,68,78
SUPER_4,6120000,139,12,14,165,63,76
SUPER_4,6130000,126,11,12,149,63,63
SUPER_4,6140000,229,22,20,271,111,118
SUPER_4,6150000,173,15,20,208,78,95
SUPER_4,6160000,179,15,18,212,81,98
SUPER_4,6170000,149,19,15,183,62,87
SUPER_4,6180000,124,9,9,142,64,60
SUPER_4,6190000,134,12,12,158,73,61
SUPER_4,6200000,117,12,11,140,49,68
SUPER_4,6210000,163,10,24,197,80,83
SUPER_4,6220000,112,16,20,148,52,60
SUPER_4,6230000,156,13,16,185,76,80
SUPER_4,6240000,43,5,7,55,21,22
SUPER_4,6250000,23,3,4,30,8,15
SUPER_4,6260000,70,4,5,79,35,35
SUPER_4,6270000,113,7,1,121,60,53
SUPER_4,6280000,43,6,8,57,20,23
SUPER_4,6290000,46,7,8,61,25,21
SUPER_4,6300000,79,8,7,94,42,37
SUPER_4,6310000,79,4,9,92,36,43
SUPER_4,6320000,116,12,7,135,57,59
SUPER_4,6330000,105,10,15,130,47,58
SUPER_4,6340000,122,12,12,146,68,54
SUPER_4,6350000,149,15,13,177,60,89
SUPER_4,6360000,52,3,14,69,37,15
SUPER_4,6370000,107,14,10,131,66,41
SUPER_4,6380000,145,13,9,167,78,67
SUPER_4,6390000,94,9,9,112,47,47
SUPER_4,6400000,109,12,9,130,60,49
SUPER_4,6410000,117,15,16,148,54,63
SUPER_4,6420000,120,12,14,146,62,58
SUPER_4,6430000,203,16,19,238,107,96
SUPER_4,6440000,53,2,5,60,35,18
SUPER_4,6450000,121,13,11,145,64,57
SUPER_4,6460000,126,9,11,146,61,65
SUPER_4,6470000,202,20,24,246,91,111
SUPER_4,6480000,258,23,19,300,130,128
SUPER_4,6490000,218,13,17,248,101,117
SUPER_4,6500000,164,9,20,193,82,82
SUPER_4,6510000,10,1,0,11,6,4
SUPER_4,6520000,127,7,7,141,69,58
SUPER_4,6530000,142,13,13,168,72,70
SUPER_4,6540000,89,3,13,105,46,43
SUPER_4,6550000,73,6,10,89,37,36
SUPER_4,6560000,139,11,19,169,74,65
SUPER_4,6570000,49,7,7,63,30,19
SUPER_4,6580000,141,12,14,167,75,66
SUPER_4,6590000,121,8,10,139,61,60
SUPER_4,6600000,55,7,6,68,35,20
SUPER_4,6610000,162,11,18,191,83,79
SUPER_4,6620000,270,21,19,310,136,134
SUPER_4,6630000,179,21,14,214,82,97
SUPER_4,6640000,62,8,6,76,28,34
SUPER_4,6650000,29,4,2,35,15,14
SUPER_4,6660000,141,16,13,170,68,73
SUPER_4,6670000,165,17,18,200,85,80
SUPER_4,6680000,107,6,15,128,60,47
SUPER_4,6690000,92,16,12,120,39,53
SUPER_4,6700000,66,5,4,75,33,33
SUPER_4,6710000,159,7,11,177,78,81
SUPER_4,6720000,84,4,8,96,41,43
SUPER_4,6730000,132,14,10,156,79,53
SUPER_4,6740000,83,9,9,101,42,41
SUPER_4,6750000,152,10,16,178,84,68
SUPER_4,6760000,105,9,7,121,59,46
SUPER_4,6770000,218,23,16,257,120,98
SUPER_4,6780000,252,16,24,292,124,128
SUPER_4,6790000,164,16,18,198,83,81
SUPER_4,6800000,137,10,14,161,53,84
SUPER_4,6810000,117,21,11,149,59,58
SUPER_4,6820000,146,17,12,175,60,86
SUPER_4,6830000,155,16,10,181,79,76
SUPER_4,6840000,137,8,7,152,58,79
SUPER_4,6850000,123,16,4,143,72,51
SUPER_4,6860000,40,6,6,52,24,16
SUPER_4,6870000,52,4,7,63,25,27
SUPER_4,6880000,177,7,12,196,91,86
SUPER_4,6890000,158,17,12,187,83,75
SUPER_4,6900000,81,7,14,102,45,36
SUPER_4,6910000,103,9,8,120,48,55
SUPER_4,6920000,157,11,23,191,67,90
SUPER_4,6930000,189,19,15,223,109,80
SUPER_4,6940000,219,9,20,248,102,117
SUPER_4,6950000,176,17,13,206,75,101
SUPER_4,6960000,95,5,12,112,48,47
SUPER_4,6970000,163,19,17,199,86,77
SUPER_4,6980000,244,20,13,277,120,124
SUPER_4,6990000,256,27,20,303,125,131
SUPER_4,7000000,102,11,5,118,41,61
SUPER_4,7010000,138,11,9,158,76,62
SUPER_4,7020000,223,21,33,277,114,109
SUPER_4,7030000,188,9,21,218,99,89
SUPER_4,7040000,173,13,18,204,96,77
SUPER_4,7050000,234,19,23,276,118,116
SUPER_4,7060000,200,17,19,236,105,95
SUPER_4,7070000,62,3,3,68,24,38
SUPER_4,7080000,56,6,5,67,32,24
SUPER_4,7090000,137,14,18,169,70,67
SUPER_4,7100000,66,3,10,79,31,35
SUPER_4,7110000,103,8,5,116,54,49
SUPER_4,7120000,172,10,14,196,84,88
SUPER_4,7130000,156,17,10,183,74,82
SUPER_4,7140000,68,6,16,90,32,36
SUPER_4,7150000,125,10,9,144,51,74
SUPER_4,7160000,55,6,3,64,29,26
SUPER_4,7170000,65,5,8,78,30,35
SUPER_4,7180000,150,10,13,173,71,79
SUPER_4,7190000,102,14,9,125,52,50
SUPER_4,7200000,104,18,10,132,49,55
SUPER_4,7210000,168,13,27,208,74,94
SUPER_4,7220000,74,6,4,84,41,33
SUPER_4,7230000,162,13,12,187,85,77
SUPER_4,7240000,185,13,15,213,69,116
SUPER_4,7250000,193,13,14,220,97,96
SUPER_4,7260000,204,19,30,253,88,116
SUPER_4,7270000,171,16,21,208,102,69
SUPER_4,7280000,102,19,17,138,46,56
SUPER_4,7290000,142,16,9,167,76,66
SUPER_4,7300000,117,13,9,139,58,59
SUPER_4,7310000,129,17,20,166,52,77
SUPER_4,7320000,115,14,21,150,59,56
SUPER_4,7330000,129,13,9,151,67,62
SUPER_4,7340000,0,0,0,0,0,0
SUPER_4,7350000,0,0,0,0,0,0
SUPER_4,7360000,0,0,0,0,0,0
SUPER_4,7370000,0,0,0,0,0,0
SUPER_4,7380000,4,1,2,7,1,3
SUPER_4,7390000,0,0,2,2,0,0
SUPER_4,7400000,2,0,1,3,0,2
SUPER_4,7410000,94,15,15,124,55,39
SUPER_4,7420000,196,14,20,230,87,109
SUPER_4,7430000,146,12,15,173,76,70
SUPER_4,7440000,159,17,19,195,82,77
SUPER_4,7450000,133,16,15,164,58,75
SUPER_4,7460000,85,11,9,105,44,41
SUPER_4,7470000,212,18,18,248,113,99
SUPER_4,7480000,204,18,17,239,91,113
SUPER_4,7490000,151,11,16,178,71,80
SUPER_4,7500000,78,13,8,99,47,31
SUPER_4,7510000,71,5,6,82,36,35
SUPER_4,7520000,98,13,8,119,42,56
SUPER_4,7530000,158,21,14,193,77,81
SUPER_4,7540000,156,10,12,178,73,83
SUPER_4,7550000,109,8,15,132,54,55
SUPER_4,7560000,123,13,12,148,58,65
SUPER_4,7570000,88,10,13,111,42,46
SUPER_4,7580000,79,2,9,90,37,42
SUPER_4,7590000,156,6,11,173,79,77
SUPER_4,7600000,128,9,11,148,61,67
SUPER_4,7610000,198,20,18,236,94,104
SUPER_4,7620000,100,5,8,113,52,48
SUPER_4,7630000,139,9,9,157,64,75
SUPER_4,7640000,96,12,15,123,51,45
SUPER_4,7650000,145,12,8,165,65,80
SUPER_4,7660000,155,11,15,181,99,56
SUPER_4,7670000,187,17,21,225,93,94
SUPER_4,7680000,134,9,14,157,73,61
SUPER_4,7690000,162,15,19,196,81,81
SUPER_4,7700000,157,12,14,183,85,72
SUPER_4,7710000,90,13,10,113,39,51
SUPER_4,7720000,96,8,6,110,47,49
SUPER_4,7730000,153,15,13,181,84,69
SUPER_4,7740000,166,13,15,194,94,72
SUPER_4,7750000,180,16,12,208,94,86
SUPER_4,7760000,127,6,7,140,67,60
SUPER_4,7770000,108,7,6,121,59,49
SUPER_4,7780000,144,8,8,160,72,72
SUPER_4,7790000,154,10,17,181,83,71
SUPER_4,7800000,126,11,14,151,75,51
SUPER_4,7810000,149,14,8,171,70,79
SUPER_4,7820000,45,7,2,54,23,22
SUPER_4,7830000,0,1,0,1,0,0
SUPER_4,7840000,1,0,0,1,1,0
SUPER_4,7850000,219,29,17,265,113,106
SUPER_4,7860000,86,14,8,108,41,45
SUPER_4,7870000,52,4,6,62,26,26
SUPER_4,7880000,9,0,0,9,4,5
SUPER_4,7890000,41,7,10,58,22,19
SUPER_4,7900000,52,2,4,58,30,22
SUPER_4,7910000,120,16,12,148,63,57
SUPER_4,7920000,79,6,9,94,40,39
SUPER_4,7930000,95,10,10,115,51,44
SUPER_4,7940000,106,5,13,124,47,59
SUPER_4,7950000,162,10,13,185,100,62
SUPER_4,7960000,152,8,14,174,76,76
SUPER_4,7970000,68,14,9,91,33,35
SUPER_4,7980000,155,11,7,173,84,71
SUPER_4,7990000,195,16,15,226,105,90
SUPER_4,8000000,190,14,14,218,90,100
SUPER_4,8010000,26,1,5,32,10,16
SUPER_4,8020000,104,5,11,120,48,56
SUPER_4,8030000,169,12,11,192,73,96
SUPER_4,8040000,42,5,4,51,20,22
SUPER_4,8050000,44,0,4,48,26,18
SUPER_4,8060000,133,11,7,151,61,72
SUPER_4,8070000,138,27,15,180,73,65
SUPER_4,8080000,102,8,13,123,50,52
SUPER_4,8090000,81,4,5,90,43,38
SUPER_4,8100000,48,7,5,60,26,22
SUPER_4,8110000,122,15,9,146,69,53
SUPER_4,8120000,102,14,15,131,50,52
SUPER_4,8130000,94,12,9,115,54,40
SUPER_4,8140000,145,13,15,173,75,70
SUPER_4,8150000,171,14,18,203,75,96
SUPER_4,8160000,170,15,15,200,85,85
SUPER_4,8170000,220,21,15,256,113,107
SUPER_4,8180000,226,22,20,268,116,110
SUPER_4,8190000,182,17,15,214,97,85
SUPER_4,8200000,90,11,8,109,47,43
SUPER_4,8210000,88,15,14,117,48,40
SUPER_4,8220000,71,4,9,84,35,36
SUPER_4,8230000,165,22,11,198,75,90
SUPER_4,8240000,69,10,6,85,33,36
SUPER_4,8250000,148,19,12,179,78,70
SUPER_4,8260000,114,13,12,139,57,57
SUPER_4,8270000,152,8,13,173,64,88
SUPER_4,8280000,116,11,11,138,52,64
SUPER_4,8290000,62,7,8,77,30,32
SUPER_4,8300000,71,5,5,81,34,37
SUPER_4,8310000,161,15,9,185,85,76
SUPER_4,8320000,142,14,16,172,77,65
SUPER_4,8330000,181,15,17,213,80,101
SUPER_4,8340000,238,17,24,279,114,124
SUPER_4,8350000,207,23,23,253,92,115
SUPER_4,8360000,222,21,26,269,111,111
SUPER_4,8370000,232,14,26,272,110,122
SUPER_4,8380000,224,23,31,278,112,112
SUPER_4,8390000,108,8,7,123,51,57
SUPER_4,8400000,20,2,1,23,11,9
SUPER_4,8410000,213,22,17,252,107,106
SUPER_4,8420000,269,20,29,318,125,144
SUPER_4,8430000,202,25,22,249,103,99
SUPER_4,8440000,135,12,16,163,75,60
SUPER_4,8450000,179,16,11,206,72,107
SUPER_4,8460000,138,16,21,175,70,68
SUPER_4,8470000,142,19,15,176,71,71
SUPER_4,8480000,90,7,13,110,47,43
SUPER_4,8490000,79,7,7,93,45,34
SUPER_4,8500000,88,9,12,109,39,49
SUPER_4,8510000,82,13,11,106,44,38
SUPER_4,8520000,136,17,15,168,67,69
SUPER_4,8530000,83,10,10,103,38,45
SUPER_4,8540000,156,13,9,178,84,72
SUPER_4,8550000,147,10,9,166,72,75
SUPER_4,8560000,132,14,18,164,66,66
SUPER_4,8570000,162,18,17,197,87,75
SUPER_4,8580000,165,14,9,188,86,79
SUPER_4,8590000,260,25,25,310,131,129
SUPER_4,8600000,139,9,14,162,63,76
SUPER_4,8610000,170,16,13,199,102,68
SUPER_4,8620000,209,15,15,239,91,118
SUPER_4,8630000,42,6,2,50,22,20
SUPER_4,8640000,170,15,15,200,94,76
SUPER_4,8650000,183,23,17,223,94,89
SUPER_4,8660000,126,16,12,154,57,69
SUPER_4,8670000,113,9,15,137,56,57
SUPER_4,8680000,62,3,9,74,33,29
SUPER_4,8690000,163,16,13,192,84,79
SUPER_4,8700000,100,7,15,122,55,45
SUPER_4,8710000,64,5,5,74,38,26
SUPER_4,8720000,175,14,12,201,84,91
SUPER_4,8730000,124,15,14,153,59,65
SUPER_4,8740000,54,1,4,59,31,23
SUPER_4,8750000,180,10,15,205,96,84
SUPER_4,8760000,202,15,23,240,98,104
SUPER_4,8770000,144,11,15,170,65,79
SUPER_4,8780000,153,8,8,169,78,75
SUPER_4,8790000,72,8,8,88,35,37
SUPER_4,8800000,175,24,18,217,79,96
SUPER_4,8810000,208,26,21,255,103,105
SUPER_4,8820000,163,13,24,200,82,81
SUPER_4,8830000,133,10,14,157,66,67
SUPER_4,8840000,70,10,10,90,33,37
SUPER_4,8850000,88,4,6,98,43,45
SUPER_4,8860000,128,11,11,150,60,68
SUPER_4,8870000,235,19,17,271,109,126
SUPER_4,8880000,174,12,10,196,84,90
SUPER_4,8890000,90,12,11,113,34,56
SUPER_4,8900000,100,9,8,117,52,48
SUPER_4,8910000,180,18,14,212,84,96
SUPER_4,8920000,208,20,29,257,96,112
SUPER_4,8930000,234,17,23,274,111,123
SUPER_4,8940000,252,13,27,292,130,122
SUPER_4,8950000,216,21,17,254,101,115
SUPER_4,8960000,191,19,11,221,98,93
SUPER_4,8970000,266,17,25,308,131,135
SUPER_4,8980000,248,21,22,291,127,121
SUPER_4,8990000,218,17,22,257,101,117
SUPER_4,9000000,243,17,18,278,115,128
SUPER_4,9010000,252,24,30,306,130,122
SUPER_4,9020000,116,13,12,141,62,54
SUPER_4,9030000,62,4,10,76,36,26
SUPER_4,9040000,132,9,10,151,75,57
SUPER_4,9050000,167,14,20,201,87,80
SUPER_4,9060000,128,10,15,153,54,74
SUPER_4,9070000,136,8,10,154,65,71
SUPER_4,9080000,159,19,17,195,86,73
SUPER_4,9090000,204,16,25,245,95,109
SUPER_4,9100000,242,18,24,284,124,118
SUPER_4,9110000,232,14,26,272,121,111
SUPER_4,9120000,42,4,7,53,19,23
SUPER_4,9130000,79,10,3,92,36,43
SUPER_4,9140000,86,9,8,103,42,44
SUPER_4,9150000,104,8,9,121,54,50
SUPER_4,9160000,95,2,4,101,59,36
SUPER_4,9170000,130,14,7,151,62,68
SUPER_4,9180000,89,11,7,107,43,46
SUPER_4,9190000,203,17,23,243,114,89
SUPER_4,9200000,228,22,14,264,122,106
SUPER_4,9210000,179,11,18,208,90,89
SUPER_4,9220000,174,22,15,211,85,89
SUPER_4,9230000,233,16,19,268,134,99
SUPER_4,9240000,217,17,16,250,112,105
SUPER_4,9250000,65,4,6,75,36,29
SUPER_4,9260000,139,11,7,157,70,69
SUPER_4,9270000,212,20,19,251,121,91
SUPER_4,9280000,301,37,33,371,147,154
SUPER_4,9290000,243,12,32,287,116,127
SUPER_4,9300000,174,17,9,200,87,87
SUPER_4,9310000,192,10,15,217,81,111
SUPER_4,9320000,43,3,1,47,17,26
SUPER_4,9330000,78,5,7,90,46,32
SUPER_4,9340000,123,15,11,149,57,66
SUPER_4,9350000,115,7,15,137,67,48
SUPER_4,9360000,251,23,25,299,116,135
SUPER_4,9370000,244,20,15,279,115,129
SUPER_4,9380000,261,18,18,297,130,131
SUPER_4,9390000,291,28,15,334,142,149
SUPER_4,9400000,196,22,14,232,92,104
SUPER_4,9410000,254,25,37,316,124,130
SUPER_4,9420000,118,8,12,138,62,56
SUPER_4,9430000,34,3,3,40,14,20
SUPER_4,9440000,131,10,12,153,63,68
SUPER_4,9450000,60,4,2,66,32,28
SUPER_4,9460000,134,9,12,155,77,57
SUPER_4,9470000,189,14,16,219,106,83
SUPER_4,9480000,239,15,21,275,107,132
SUPER_4,9490000,65,1,9,75,31,34
SUPER_4,9500000,184,10,14,208,98,86
SUPER_4,9510000,144,13,14,171,67,77
SUPER_4,9520000,107,6,10,123,45,62
SUPER_4,9530000,3,1,0,4,3,0
SUPER_4,9540000,62,5,4,71,33,29
SUPER_4,9550000,231,16,20,267,107,124
SUPER_4,9560000,147,13,21,181,78,69
SUPER_4,9570000,62,5,6,73,28,34
SUPER_4,9580000,119,12,7,138,60,59
SUPER_4,9590000,235,19,22,276,109,126
SUPER_4,9600000,19,1,1,21,11,8
SUPER_4,9610000,139,12,12,163,65,74
SUPER_4,9620000,34,2,1,37,17,17
SUPER_4,9630000,4,1,3,8,2,2
SUPER_4,9640000,59,9,3,71,31,28
SUPER_4,9650000,193,17,21,231,100,93
SUPER_4,9660000,76,1,2,79,40,36
SUPER_4,9670000,122,6,5,133,67,55
SUPER_4,9680000,155,16,10,181,83,72
SUPER_4,9690000,251,12,26,289,119,132
SUPER_4,9700000,225,15,20,260,117,108
SUPER_4,9710000,203,20,12,235,105,98
SUPER_4,9720000,206,13,16,235,121,85
SUPER_4,9730000,205,19,16,240,105,100
SUPER_4,9740000,185,19,20,224,82,103
SUPER_4,9750000,148,15,12,175,71,77
SUPER_4,9760000,191,22,13,226,100,91
SUPER_4,9770000,208,19,22,249,113,95
SUPER_4,9780000,99,9,7,115,49,50
SUPER_4,9790000,83,4,7,94,39,44
SUPER_4,9800000,67,6,2,75,36,31
SUPER_4,9810000,110,8,11,129,55,55
SUPER_4,9820000,83,6,5,94,48,35
SUPER_4,9830000,117,14,16,147,61,56
SUPER_4,9840000,183,15,10,208,94,89
SUPER_4,9850000,147,12,8,167,65,82
SUPER_4,9860000,63,7,7,77,37,26
SUPER_4,9870000,138,10,13,161,67,71
SUPER_4,9880000,86,9,10,105,43,43
SUPER_4,9890000,127,8,14,149,60,67
SUPER_4,9900000,152,11,8,171,72,80
SUPER_4,9910000,172,15,14,201,82,90
SUPER_4,9920000,227,13,20,260,132,95
SUPER_4,9930000,205,12,21,238,103,102
SUPER_4,9940000,171,11,7,189,85,86
SUPER_4,9950000,109,12,14,135,53,56
SUPER_4,9960000,214,19,22,255,104,110
SUPER_4,9970000,121,7,11,139,66,55
SUPER_4,9980000,188,14,15,217,92,96
SUPER_4,9990000,202,10,15,227,109,93
SUPER_4,10000000,233,19,17,269,130,103
SUPER_4,10010000,233,21,25,279,118,115
SUPER_4,10020000,180,16,26,222,88,92
SUPER_4,10030000,166,12,21,199,84,82
SUPER_4,10040000,68,1,13,82,38,30
SUPER_4,10050000,63,6,8,77,37,26
SUPER_4,10060000,73,2,4,79,35,38
SUPER_4,10070000,155,15,15,185,68,87
SUPER_4,10080000,125,13,9,147,47,78
SUPER_4,10090000,233,22,29,284,107,126
SUPER_4,10100000,210,15,21,246,103,107
SUPER_4,10110000,181,17,18,216,101,80
SUPER_4,10120000,177,11,23,211,95,82
SUPER_4,10130000,213,18,12,243,99,114
SUPER_4,10140000,188,11,21,220,100,88
SUPER_4,10150000,139,10,21,170,61,78
SUPER_4,10160000,221,24,24,269,107,114
SUPER_4,10170000,273,28,23,324,145,128
SUPER_4,10180000,164,16,13,193,86,78
SUPER_4,10190000,151,6,11,168,83,68
SUPER_4,10200000,176,16,15,207,84,92
SUPER_4,10210000,92,7,10,109,50,42
SUPER_4,10220000,135,6,6,147,83,52
SUPER_4,10230000,48,1,2,51,21,27
SUPER_4,10240000,94,8,11,113,54,40
SUPER_4,10250000,194,20,16,230,104,90
SUPER_4,10260000,67,6,2,75,36,31
SUPER_4,10270000,98,4,8,110,56,42
SUPER_4,10280000,191,21,18,230,113,78
SUPER_4,10290000,142,14,12,168,70,72
SUPER_4,10300000,128,7,9,144,64,64
SUPER_4,10310000,91,7,8,106,39,52
SUPER_4,10320000,127,12,15,154,59,68
SUPER_4,10330000,129,10,17,156,62,67
SUPER_4,10340000,211,15,15,241,120,91
SUPER_4,10350000,295,23,30,348,132,163
SUPER_4,10360000,195,5,10,210,107,88
SUPER_4,10370000,192,13,17,222,90,102
SUPER_4,10380000,151,11,8,170,88,63
SUPER_4,10390000,63,7,7,77,38,25
SUPER_4,10400000,193,14,18,225,101,92
SUPER_4,10410000,134,14,17,165,74,60
SUPER_4,10420000,196,15,20,231,97,99
SUPER_4,10430000,125,15,11,151,60,65
SUPER_4,10440000,145,11,9,165,77,68
SUPER_4,10450000,102,10,10,122,50,52
SUPER_4,10460000,0,0,0,0,0,0
SUPER_4,10470000,0,0,0,0,0,0
SUPER_4,10480000,0,0,0,0,0,0
SUPER_4,10490000,0,2,3,5,0,0
SUPER_4,10500000,1,0,0,1,0,1
SUPER_4,10510000,0,0,0,0,0,0
SUPER_4,10520000,0,0,0,0,0,0
SUPER_4,10530000,0,0,0,0,0,0
SUPER_4,10540000,0,0,0,0,0,0
SUPER_4,10550000,120,12,10,142,49,71
SUPER_4,10560000,129,5,17,151,68,61
SUPER_4,10570000,168,14,6,188,94,74
SUPER_4,10580000,162,14,12,188,80,82
SUPER_4,10590000,170,11,15,196,92,78
SUPER_4,10600000,149,15,7,171,79,70
SUPER_4,10610000,144,11,13,168,64,80
SUPER_4,10620000,74,2,11,87,38,36
SUPER_4,10630000,91,7,11,109,44,47
SUPER_4,10640000,181,12,20,213,94,87
SUPER_4,10650000,148,11,14,173,77,71
SUPER_4,10660000,78,9,5,92,35,43
SUPER_4,10670000,183,14,15,212,100,83
SUPER_4,10680000,215,14,17,246,113,102
SUPER_4,10690000,75,10,14,99,41,34
SUPER_4,10700000,224,10,13,247,104,120
SUPER_4,10710000,69,6,5,80,38,31
SUPER_4,10720000,98,9,14,121,50,48
SUPER_4,10730000,128,9,13,150,67,61
SUPER_4,10740000,90,5,6,101,45,45
SUPER_4,10750000,184,16,12,212,86,98
SUPER_4,10760000,265,19,21,305,129,136
SUPER_4,10770000,181,17,14,212,94,87
SUPER_4,10780000,175,8,11,194,98,77
SUPER_4,10790000,178,15,17,210,85,93
SUPER_4,10800000,152,12,13,177,81,71
SUPER_4,10810000,217,16,22,255,110,107
SUPER_4,10820000,190,20,17,227,86,104
SUPER_4,10830000,162,14,9,185,87,75
SUPER_4,10840000,142,10,10,162,78,64
SUPER_4,10850000,128,5,5,138,81,47
SUPER_4,10860000,9,1,0,10,4,5
SUPER_4,10870000,33,3,4,40,20,13
SUPER_4,10880000,0,0,0,0,0,0
SUPER_4,10890000,0,0,0,0,0,0
SUPER_4,10900000,186,16,16,218,85,101
SUPER_4,10910000,196,17,28,241,90,106
SUPER_4,10920000,256,20,17,293,131,125
SUPER_4,10930000,187,18,14,219,92,95
SUPER_4,10940000,65,6,1,72,36,29
SUPER_4,10950000,63,8,5,76,34,29
SUPER_4,10960000,141,13,11,165,67,74
SUPER_4,10970000,68,9,9,86,39,29
SUPER_4,10980000,102,8,8,118,54,48
SUPER_4,10990000,166,19,13,198,78,88
SUPER_4,11000000,119,19,15,153,54,65
SUPER_4,11010000,205,9,14,228,103,102
SUPER_4,11020000,98,5,11,114,49,49
SUPER_4,11030000,187,17,17,221,106,81
SUPER_4,11040000,302,22,26,350,144,158
SUPER_4,11050000,167,13,15,195,76,91
SUPER_4,11060000,125,7,14,146,63,62
SUPER_4,11070000,184,11,10,205,87,97
SUPER_4,11080000,101,6,11,118,58,43
SUPER_4,11090000,130,12,8,150,72,58
SUPER_4,11100000,181,16,19,216,90,91
SUPER_4,11110000,172,18,22,212,83,89
SUPER_4,11120000,138,11,13,162,77,61
SUPER_4,11130000,78,6,8,92,47,31
SUPER_4,11140000,125,10,7,142,74,51
SUPER_4,11150000,143,10,16,169,78,65
SUPER_4,11160000,115,7,11,133,71,44
SUPER_4,11170000,121,17,13,151,65,56
SUPER_4,11180000,174,15,15,204,105,69
SUPER_4,11190000,79,5,12,96,32,47
SUPER_4,11200000,36,3,2,41,18,18
SUPER_4,11210000,100,8,8,116,44,56
SUPER_4,11220000,156,13,12,181,78,78
SUPER_4,11230000,142,10,11,163,85,57
SUPER_4,11240000,243,26,22,291,118,125
SUPER_4,11250000,89,2,8,99,47,42
SUPER_4,11260000,156,12,11,179,83,73
SUPER_4,11270000,141,15,15,171,74,67
SUPER_4,11280000,105,11,7,123,55,50
SUPER_4,11290000,0,0,0,0,0,0
SUPER_4,11300000,0,0,0,0,0,0
SUPER_4,11310000,77,10,8,95,47,30
SUPER_4,11320000,46,5,2,53,22,24
SUPER_4,11330000,90,4,10,104,48,42
SUPER_4,11340000,142,14,13,169,74,68
SUPER_4,11350000,156,14,15,185,78,78
SUPER_4,11360000,234,14,14,262,107,127
SUPER_4,11370000,176,16,20,212,92,84
SUPER_4,11380000,119,11,9,139,51,68
SUPER_4,11390000,149,10,16,175,64,85
SUPER_4,11400000,163,9,11,183,81,82
SUPER_4,11410000,140,6,9,155,65,75
SUPER_4,11420000,141,11,16,168,74,67
SUPER_4,11430000,156,14,19,189,72,84
SUPER_4,11440000,215,19,15,249,105,110
SUPER_4,11450000,177,20,10,207,93,84
SUPER_4,11460000,140,9,16,165,72,68
SUPER_4,11470000,215,17,13,245,99,116
SUPER_4,11480000,229,10,24,263,127,102
SUPER_4,11490000,215,18,14,247,108,107
SUPER_4,11500000,118,13,16,147,49,69
SUPER_4,11510000,177,13,18,208,84,93
SUPER_4,11520000,153,14,12,179,76,77
SUPER_4,11530000,197,11,22,230,105,92
SUPER_4,11540000,105,11,11,127,44,61
SUPER_4,11550000,71,5,4,80,46,25
SUPER_4,11560000,96,11,6,113,52,44
SUPER_4,11570000,0,0,0,0,0,0
SUPER_4,11580000,0,0,0,0,0,0
SUPER_4,11590000,0,0,0,0,0,0
SUPER_4,11600000,145,8,9,162,70,75
SUPER_4,11610000,15,0,1,16,7,8
SUPER_4,11620000,28,1,1,30,15,13
SUPER_4,11630000,27,2,2,31,10,17
SUPER_4,11640000,1,0,0,1,0,1
SUPER_4,11650000,39,1,2,42,22,17
SUPER_4,11660000,87,6,8,101,45,42
SUPER_4,11670000,123,8,13,144,56,67
SUPER_4,11680000,203,12,20,235,97,106
SUPER_4,11690000,90,8,4,102,43,47
SUPER_4,11700000,13,4,1,18,3,10
SUPER_4,11710000,63,4,7,74,30,33
SUPER_4,11720000,49,3,9,61,22,27
SUPER_4,11730000,81,7,12,100,44,37
SUPER_4,11740000,170,20,17,207,83,87
SUPER_4,11750000,20,1,1,22,9,11
SUPER_4,11760000,50,2,3,55,25,25
SUPER_4,11770000,131,9,14,154,66,65
SUPER_4,11780000,114,9,8,131,62,52
SUPER_4,11790000,174,21,18,213,75,99
SUPER_4,11800000,121,8,11,140,67,54
SUPER_4,11810000,204,16,19,239,98,106
SUPER_4,11820000,207,17,13,237,104,103
SUPER_4,11830000,216,16,11,243,110,106
SUPER_4,11840000,188,8,17,213,94,94
SUPER_4,11850000,200,15,20,235,112,88
SUPER_4,11860000,234,20,21,275,124,110
SUPER_4,11870000,195,15,11,221,94,101
SUPER_4,11880000,194,19,12,225,97,97
SUPER_4,11890000,149,12,13,174,63,86
SUPER_4,11900000,28,4,6,38,9,19
SUPER_4,11910000,144,12,12,168,68,76
SUPER_4,11920000,190,20,24,234,95,95
SUPER_4,11930000,117,10,4,131,62,55
SUPER_4,11940000,102,7,14,123,47,55
SUPER_4,11950000,69,11,3,83,38,31
SUPER_4,11960000,185,15,13,213,90,95
SUPER_4,11970000,165,10,15,190,78,87
SUPER_4,11980000,87,11,11,109,48,39
SUPER_4,11990000,120,13,11,144,58,62
SUPER_4,12000000,144,7,13,164,70,74
SUPER_4,12010000,130,4,11,145,65,65
SUPER_4,12020000,57,5,6,68,32,25
SUPER_4,12030000,139,10,16,165,69,70
SUPER_4,12040000,111,10,7,128,52,59
SUPER_4,12050000,85,6,6,97,49,36
SUPER_4,12060000,48,5,5,58,26,22
SUPER_4,12070000,127,11,14,152,72,55
SUPER_4,12080000,195,14,24,233,93,102
SUPER_4,12090000,210,15,18,243,113,97
SUPER_4,12100000,152,12,13,177,82,70
SUPER_4,12110000,227,18,16,261,120,107
SUPER_4,12120000,106,12,13,131,55,51
SUPER_4,12130000,199,11,12,222,96,103
SUPER_4,12140000,128,5,11,144,71,57
SUPER_4,12150000,28,2,4,34,12,16
SUPER_4,12160000,61,3,9,73,26,35
SUPER_4,12170000,196,20,18,234,108,88
SUPER_4,12180000,33,6,5,44,16,17
SUPER_4,12190000,145,5,13,163,70,75
SUPER_4,12200000,241,17,20,278,119,122
SUPER_4,12210000,232,23,20,275,116,116
SUPER_4,12220000,178,13,20,211,90,88
SUPER_4,12230000,103,6,6,115,60,43
SUPER_4,12240000,159,9,14,182,79,80
SUPER_4,12250000,217,16,17,250,114,103
SUPER_4,12260000,90,5,9,104,45,45
SUPER_4,12270000,210,15,16,241,102,108
SUPER_4,12280000,186,17,19,222,96,90
SUPER_4,12290000,175,15,13,203,88,87
SUPER_4,12300000,150,11,15,176,89,61
SUPER_4,12310000,114,2,12,128,61,53
SUPER_4,12320000,44,0,0,44,31,13
SUPER_4,12330000,7,1,0,8,3,4
SUPER_4,12340000,15,0,2,17,7,8
SUPER_4,12350000,18,2,4,24,6,12
SUPER_4,12360000,18,0,0,18,5,13
SUPER_4,12370000,51,2,3,56,25,26
SUPER_4,12380000,52,3,4,59,29,23
SUPER_4,12390000,248,21,22,291,108,140
SUPER_4,12400000,164,15,13,192,75,89
SUPER_4,12410000,207,14,14,235,105,102
SUPER_4,12420000,104,6,11,121,54,50
SUPER_4,12430000,231,22,18,271,118,113
SUPER_4,12440000,237,21,16,274,119,118
SUPER_4,12450000,200,14,15,229,102,98
SUPER_4,12460000,270,22,22,314,144,126
SUPER_4,12470000,137,16,10,163,67,70
SUPER_4,12480000,202,13,21,236,102,100
SUPER_4,12490000,231,22,22,275,105,126
SUPER_4,12500000,124,11,9,144,70,54
SUPER_4,12510000,73,2,5,80,46,27
SUPER_4,12520000,72,5,10,87,28,44
SUPER_4,12530000,116,4,7,127,61,55
SUPER_4,12540000,46,7,1,54,26,20
SUPER_4,12550000,50,3,5,58,26,24
SUPER_4,12560000,26,5,4,35,12,14
SUPER_4,12570000,102,9,8,119,52,50
SUPER_4,12580000,103,10,10,123,50,53
SUPER_4,12590000,188,14,19,221,94,94
SUPER_4,12600000,90,7,4,101,51,39
SUPER_4,12610000,31,4,3,38,16,15
SUPER_4,12620000,149,12,16,177,65,84
SUPER_4,12630000,164,19,19,202,86,78
SUPER_4,12640000,177,16,15,208,111,66
SUPER_4,12650000,215,21,13,249,110,105
SUPER_4,12660000,119,11,13,143,61,58
SUPER_4,12670000,79,4,11,94,43,36
SUPER_4,12680000,66,9,6,81,26,40
SUPER_4,12690000,278,19,20,317,130,148
SUPER_4,12700000,143,12,7,162,66,77
SUPER_4,12710000,150,14,13,177,76,74
SUPER_4,12720000,226,18,20,264,132,94
SUPER_4,12730000,65,4,8,77,39,26
SUPER_4,12740000,0,0,0,0,0,0
SUPER_4,12750000,0,0,0,0,0,0
SUPER_4,12760000,322,16,26,364,169,153
SUPER_4,12770000,0,0,0,0,0,0
SUPER_4,12780000,0,0,0,0,0,0
SUPER_4,12790000,121,8,13,142,61,60
SUPER_4,12800000,28,0,2,30,8,20
SUPER_4,12810000,90,9,4,103,52,38
SUPER_4,12820000,56,3,5,64,25,31
SUPER_4,12830000,251,13,16,280,134,117
SUPER_4,12840000,35,4,3,42,22,13
SUPER_4,12850000,45,1,1,47,24,21
SUPER_4,12860000,20,2,2,24,14,6
SUPER_4,12870000,96,7,8,111,50,46
SUPER_4,12880000,123,9,7,139,64,59
SUPER_4,12890000,169,13,10,192,86,83
SUPER_4,12900000,123,9,9,141,69,54
SUPER_4,12910000,135,9,8,152,82,53
SUPER_4,12920000,122,15,8,145,61,61
SUPER_4,12930000,156,12,4,172,79,77
SUPER_4,12940000,77,3,3,83,47,30
SUPER_4,12950000,116,9,10,135,65,51
SUPER_4,12960000,107,7,6,120,59,48
SUPER_4,12970000,106,15,13,134,56,50
SUPER_4,12980000,287,10,27,324,148,139
SUPER_4,12990000,97,5,9,111,57,40
SUPER_4,13000000,143,16,12,171,74,69
SUPER_4,13010000,210,27,29,266,95,115
SUPER_4,13020000,163,10,11,184,82,81
SUPER_4,13030000,132,9,17,158,73,59
SUPER_4,13040000,179,16,23,218,85,94
SUPER_4,13050000,250,22,19,291,130,120
SUPER_4,13060000,229,17,18,264,117,112
SUPER_4,13070000,160,8,11,179,94,66
SUPER_4,13080000,109,8,10,127,61,48
SUPER_4,13090000,246,19,25,290,127,119
SUPER_4,13100000,265,19,22,306,128,137
SUPER_4,13110000,30,2,1,33,15,15
SUPER_4,13120000,42,2,2,46,23,19
SUPER_4,13130000,175,22,18,215,89,86
SUPER_4,13140000,214,23,19,256,112,102
SUPER_4,13150000,191,26,19,236,101,90
SUPER_4,13160000,142,14,9,165,77,65
SUPER_4,13170000,73,12,12,97,35,38
SUPER_4,13180000,214,21,16,251,103,111
SUPER_4,13190000,282,24,21,327,140,142
SUPER_4,13200000,266,28,20,314,145,121
SUPER_4,13210000,232,25,21,278,121,111
SUPER_4,13220000,174,18,16,208,92,82
SUPER_4,13230000,195,15,16,226,98,97
SUPER_4,13240000,158,11,11,180,72,86
SUPER_4,13250000,212,15,18,245,114,98
SUPER_4,13260000,219,14,18,251,120,99
SUPER_4,13270000,217,18,14,249,113,104
SUPER_4,13280000,188,15,18,221,98,90
SUPER_4,13290000,248,14,21,283,121,127
SUPER_4,13300000,49,2,5,56,27,22
SUPER_4,13310000,107,7,10,124,58,49
SUPER_4,13320000,236,23,13,272,117,119
SUPER_4,13330000,172,13,9,194,88,84
SUPER_4,13340000,37,0,3,40,22,15
SUPER_4,13350000,28,0,4,32,15,13
SUPER_4,13360000,270,16,17,303,132,138
SUPER_4,13370000,278,19,15,312,141,137
SUPER_4,13380000,122,9,6,137,59,63
SUPER_4,13390000,137,2,8,147,68,69
SUPER_4,13400000,133,14,11,158,70,63
SUPER_4,13410000,281,21,31,333,154,127
SUPER_4,13420000,302,22,18,342,150,152
SUPER_4,13430000,278,15,27,320,146,132
SUPER_4,13440000,155,18,10,183,68,87
SUPER_4,13450000,7,0,1,8,1,6
SUPER_4,13460000,135,10,8,153,75,60
SUPER_4,13470000,38,2,2,42,22,16
SUPER_4,13480000,115,11,9,135,59,56
SUPER_4,13490000,33,2,5,40,17,16
SUPER_4,13500000,206,13,10,229,121,85
SUPER_4,13510000,97,7,10,114,50,47
SUPER_4,13520000,95,10,8,113,44,51
SUPER_4,13530000,148,5,13,166,76,72
SUPER_4,13540000,193,14,11,218,97,96
SUPER_4,13550000,68,3,1,72,36,32
SUPER_4,13560000,170,14,22,206,82,88
SUPER_4,13570000,267,15,21,303,126,141
SUPER_4,13580000,112,7,10,129,57,55
SUPER_4,13590000,175,15,16,206,98,77
SUPER_4,13600000,209,17,11,237,116,93
SUPER_4,13610000,143,6,13,162,83,60
SUPER_4,13620000,230,16,25,271,111,119
SUPER_4,13630000,253,18,23,294,112,141
SUPER_4,13640000,230,13,12,255,104,126
SUPER_4,13650000,241,16,20,277,128,113
SUPER_4,13660000,260,25,18,303,139,121
SUPER_4,13670000,183,12,12,207,94,89
SUPER_4,13680000,217,24,24,265,108,109
SUPER_4,13690000,71,5,9,85,37,34
SUPER_4,13700000,267,25,20,312,141,126
SUPER_4,13710000,263,24,15,302,134,129
SUPER_4,13720000,118,7,8,133,60,58
SUPER_4,13730000,117,3,12,132,61,56
SUPER_4,13740000,213,24,21,258,122,91
SUPER_4,13750000,97,4,6,107,55,42
SUPER_4,13760000,189,12,18,219,84,105
SUPER_4,13770000,121,3,6,130,71,50
SUPER_4,13780000,205,12,19,236,106,99
SUPER_4,13790000,151,11,16,178,71,80
SUPER_4,13800000,248,14,24,286,131,117
SUPER_4,13810000,120,5,12,137,72,48
SUPER_4,13820000,256,21,23,300,125,131
SUPER_4,13830000,253,17,19,289,128,125
SUPER_4,13840000,151,18,10,179,77,74
SUPER_4,13850000,74,9,3,86,39,35
SUPER_4,13860000,96,12,11,119,53,43
SUPER_4,13870000,82,6,3,91,42,40
SUPER_4,13880000,239,17,16,272,125,114
SUPER_4,13890000,151,9,11,171,69,82
SUPER_4,13900000,235,13,25,273,124,111
SUPER_4,13910000,213,23,18,254,104,109
SUPER_4,13920000,130,9,12,151,69,61
SUPER_4,13930000,193,17,17,227,95,98
SUPER_4,13940000,143,16,21,180,68,75
SUPER_4,13950000,177,17,15,209,78,99
SUPER_4,13960000,171,15,11,197,83,88
SUPER_4,13970000,169,15,16,200,103,66
SUPER_4,13980000,168,14,17,199,87,81
SUPER_4,13990000,158,20,14,192,88,70
SUPER_4,14000000,221,26,18,265,93,128
SUPER_4,14010000,267,15,24,306,133,134
SUPER_4,14020000,235,21,21,277,109,126
SUPER_4,14030000,253,18,26,297,122,131
SUPER_4,14040000,92,12,9,113,47,45
SUPER_4,14050000,159,7,14,180,76,83
SUPER_4,14060000,145,6,5,156,78,67
SUPER_4,14070000,158,19,16,193,74,84
SUPER_4,14080000,205,15,20,240,106,99
SUPER_4,14090000,200,29,12,241,103,97
SUPER_4,14100000,114,5,9,128,53,61
SUPER_4,14110000,115,10,10,135,62,53
SUPER_4,14120000,120,4,10,134,62,58
SUPER_4,14130000,91,4,4,99,51,40
SUPER_4,14140000,116,13,9,138,46,70
SUPER_4,14150000,297,39,23,359,154,143
SUPER_4,14160000,179,8,16,203,98,81
SUPER_4,14170000,126,5,11,142,61,65
SUPER_4,14180000,192,15,16,223,102,90
SUPER_4,14190000,138,10,9,157,68,70
SUPER_4,14200000,90,6,6,102,42,48
SUPER_4,14210000,117,7,6,130,69,48
SUPER_4,14220000,207,15,17,239,102,105
SUPER_4,14230000,151,14,12,177,60,91
SUPER_4,14240000,236,14,16,266,132,104
SUPER_4,14250000,194,12,20,226,99,95
SUPER_4,14260000,159,10,18,187,82,77
SUPER_4,14270000,148,8,15,171,77,71
SUPER_4,14280000,194,17,30,241,91,103
SUPER_4,14290000,216,13,15,244,100,116
SUPER_4,14300000,244,15,16,275,112,132
SUPER_4,14310000,258,20,20,298,143,115
SUPER_4,14320000,186,13,15,214,88,98
SUPER_4,14330000,63,6,7,76,26,37
SUPER_4,14340000,45,2,3,50,22,23
SUPER_4,14350000,200,22,13,235,115,85
SUPER_4,14360000,176,22,15,213,86,90
SUPER_4,14370000,170,16,10,196,100,70
SUPER_4,14380000,144,8,13,165,73,71
SUPER_4,14390000,142,18,7,167,69,73
SUPER_4,14400000,157,9,17,183,85,72
SUPER_4,14410000,244,19,19,282,130,114
SUPER_4,14420000,190,19,16,225,97,93
SUPER_4,14430000,253,19,20,292,135,118
SUPER_4,14440000,217,12,14,243,114,103
SUPER_4,14450000,182,15,10,207,101,81
SUPER_4,14460000,185,14,17,216,89,96
SUPER_4,14470000,181,17,15,213,100,81
SUPER_4,14480000,207,9,19,235,105,102
SUPER_4,14490000,207,24,11,242,116,91
SUPER_4,14500000,223,26,27,276,104,119
SUPER_4,14510000,219,19,13,251,105,114
SUPER_4,14520000,190,11,17,218,112,78
SUPER_4,14530000,102,8,8,118,60,42
SUPER_4,14540000,72,4,2,78,40,32
SUPER_4,14550000,176,10,11,197,94,82
SUPER_4,14560000,200,18,22,240,92,108
SUPER_4,14570000,258,16,20,294,124,134
SUPER_4,14580000,254,21,24,299,140,114
SUPER_4,14590000,267,20,13,300,145,122
SUPER_4,14600000,191,16,13,220,105,86
SUPER_4,14610000,255,19,15,289,127,128
SUPER_4,14620000,264,27,17,308,122,142
SUPER_4,14630000,173,15,22,210,85,88
SUPER_4,14640000,106,8,12,126,57,49
SUPER_4,14650000,103,11,11,125,54,49
SUPER_4,14660000,170,17,21,208,92,78
SUPER_4,14670000,0,0,0,0,0,0
SUPER_4,14680000,0,0,0,0,0,0
SUPER_4,14690000,79,7,7,93,34,45
SUPER_4,14700000,126,16,17,159,77,49
SUPER_4,14710000,126,14,15,155,61,65
SUPER_4,14720000,162,15,18,195,82,80
SUPER_4,14730000,176,30,16,222,88,88
SUPER_4,14740000,107,14,14,135,56,51
SUPER_5,10000,134,18,14,166,70,64
SUPER_5,20000,0,2,1,3,0,0
SUPER_5,30000,0,0,0,0,0,0
SUPER_5,40000,0,0,0,0,0,0
SUPER_5,50000,3,1,0,4,3,0
SUPER_5,60000,51,5,0,56,32,19
SUPER_5,70000,11,4,0,15,6,5
SUPER_5,80000,72,7,7,86,40,32
SUPER_5,90000,103,8,7,118,59,44
SUPER_5,100000,80,2,13,95,42,38
SUPER_5,110000,106,14,8,128,48,58
SUPER_5,120000,65,8,7,80,33,32
SUPER_5,130000,120,14,14,148,63,57
SUPER_5,140000,238,19,23,280,116,122
SUPER_5,150000,206,16,14,236,122,84
SUPER_5,160000,128,11,11,150,64,64
SUPER_5,170000,153,13,20,186,74,79
SUPER_5,180000,216,27,28,271,117,99
SUPER_5,190000,82,11,9,102,43,39
SUPER_5,200000,162,11,13,186,89,73
SUPER_5,210000,151,9,13,173,90,61
SUPER_5,220000,178,18,16,212,85,93
SUPER_5,230000,225,15,25,265,109,116
SUPER_5,240000,248,24,18,290,152,96
SUPER_5,250000,128,7,13,148,76,52
SUPER_5,260000,139,12,13,164,80,59
SUPER_5,270000,80,7,8,95,40,40
SUPER_5,280000,217,15,15,247,105,112
SUPER_5,290000,27,1,1,29,17,10
SUPER_5,300000,97,5,5,107,51,46
SUPER_5,310000,250,21,23,294,130,120
SUPER_5,320000,127,7,8,142,76,51
SUPER_5,330000,89,0,3,92,47,42
SUPER_5,340000,39,3,8,50,21,18
SUPER_5,350000,198,19,8,225,98,100
SUPER_5,360000,46,5,4,55,26,20
SUPER_5,370000,120,6,10,136,53,67
SUPER_5,380000,54,3,5,62,35,19
SUPER_5,390000,19,1,1,21,10,9
SUPER_5,400000,85,5,7,97,43,42
SUPER_5,410000,104,5,12,121,49,55
SUPER_5,420000,73,3,7,83,32,41
SUPER_5,430000,20,5,1,26,7,13
SUPER_5,440000,102,13,9,124,57,45
SUPER_5,450000,70,8,6,84,41,29
SUPER_5,460000,18,1,2,21,7,11
SUPER_5,470000,59,11,8,78,31,28
SUPER_5,480000,88,6,5,99,48,40
SUPER_5,490000,165,12,19,196,83,82
SUPER_5,500000,184,16,12,212,92,92
SUPER_5,510000,176,17,19,212,91,85
SUPER_5,520000,205,19,17,241,110,95
SUPER_5,530000,230,24,25,279,123,107
SUPER_5,540000,80,5,5,90,47,33
SUPER_5,550000,38,2,7,47,26,12
SUPER_5,560000,28,4,1,33,19,9
SUPER_5,570000,163,16,16,195,84,79
SUPER_5,580000,254,20,17,291,127,127
SUPER_5,590000,246,11,20,277,122,124
SUPER_5,600000,184,11,18,213,94,90
SUPER_5,610000,104,7,9,120,60,44
SUPER_5,620000,79,6,7,92,50,29
SUPER_5,630000,129,11,11,151,67,62
SUPER_5,640000,66,5,3,74,28,38
SUPER_5,650000,162,17,7,186,88,74
SUPER_5,660000,259,16,25,300,126,133
SUPER_5,670000,257,21,17,295,130,127
SUPER_5,680000,146,17,13,176,73,73
SUPER_5,690000,43,2,4,49,15,28
SUPER_5,700000,31,2,5,38,16,15
SUPER_5,710000,210,11,12,233,109,101
SUPER_5,720000,0,0,0,0,0,0
SUPER_5,730000,0,0,0,0,0,0
SUPER_5,740000,5,0,0,5,0,5
SUPER_5,750000,3,0,0,3,0,3
SUPER_5,760000,13,0,0,13,7,6
SUPER_5,770000,0,0,0,0,0,0
SUPER_5,780000,0,0,0,0,0,0
SUPER_5,790000,7,2,2,11,3,4
SUPER_5,800000,0,0,0,0,0,0
SUPER_5,810000,0,0,0,0,0,0
SUPER_5,820000,9,3,2,14,3,6
SUPER_5,830000,4,1,0,5,0,4
SUPER_5,840000,2,1,0,3,2,0
SUPER_5,850000,17,0,1,18,8,9
SUPER_5,860000,24,2,2,28,14,10
SUPER_5,870000,23,0,0,23,11,12
SUPER_5,880000,23,1,0,24,12,11
SUPER_5,890000,1,1,0,2,0,1
SUPER_5,900000,1,0,0,1,0,1
SUPER_5,910000,5,0,1,6,0,5
SUPER_5,920000,2,0,0,2,1,1
SUPER_5,930000,158,15,16,189,65,93
SUPER_5,940000,208,17,22,247,101,107
SUPER_5,950000,42,2,2,46,20,22
SUPER_5,960000,38,3,1,42,18,20
SUPER_5,970000,17,0,0,17,4,13
SUPER_5,980000,0,0,0,0,0,0
SUPER_5,990000,0,0,0,0,0,0
SUPER_5,1000000,93,8,5,106,58,35
SUPER_5,1010000,129,12,8,149,63,66
SUPER_5,1020000,35,3,1,39,20,15
SUPER_5,1030000,1,0,1,2,1,0
SUPER_5,1040000,111,8,9,128,45,66
SUPER_5,1050000,98,9,9,116,51,47
SUPER_5,1060000,24,3,1,28,15,9
SUPER_5,1070000,79,5,4,88,48,31
SUPER_5,1080000,156,13,10,179,81,75
SUPER_5,1090000,100,6,5,111,52,48
SUPER_5,1100000,54,2,6,62,28,26
SUPER_5,1110000,79,11,13,103,42,37
SUPER_5,1120000,192,22,13,227,102,90
SUPER_5,1130000,44,5,4,53,22,22
SUPER_5,1140000,87,12,7,106,47,40
SUPER_5,1150000,89,3,7,99,46,43
SUPER_5,1160000,36,6,2,44,21,15
SUPER_5,1170000,144,12,2,158,82,62
SUPER_5,1180000,84,4,5,93,50,34
SUPER_5,1190000,135,13,8,156,65,70
SUPER_5,1200000,58,6,11,75,29,29
SUPER_5,1210000,103,6,10,119,49,54
SUPER_5,1220000,99,7,8,114,53,46
SUPER_5,1230000,184,9,26,219,85,99
SUPER_5,1240000,59,5,5,69,26,33
SUPER_5,1250000,164,10,18,192,93,71
SUPER_5,1260000,131,16,12,159,60,71
SUPER_5,1270000,161,19,24,204,97,64
SUPER_5,1280000,207,13,23,243,112,95
SUPER_5,1290000,192,20,18,230,99,93
SUPER_5,1300000,105,11,12,128,61,44
SUPER_5,1310000,135,17,17,169,83,52
SUPER_5,1320000,226,11,21,258,117,109
SUPER_5,1330000,267,26,17,310,137,130
SUPER_5,1340000,230,14,19,263,119,111
SUPER_5,1350000,119,7,15,141,67,52
SUPER_5,1360000,134,7,14,155,63,71
SUPER_5,1370000,199,14,22,235,94,105
SUPER_5,1380000,182,17,16,215,92,90
SUPER_5,1390000,55,3,4,62,27,28
SUPER_5,1400000,216,23,18,257,113,103
SUPER_5,1410000,310,19,26,355,164,146
SUPER_5,1420000,258,20,19,297,131,127
SUPER_5,1430000,262,15,17,294,140,122
SUPER_5,1440000,117,14,10,141,62,55
SUPER_5,1450000,55,4,3,62,32,23
SUPER_5,1460000,192,17,21,230,100,92
SUPER_5,1470000,321,31,30,382,170,151
SUPER_5,1480000,339,29,19,387,187,152
SUPER_5,1490000,117,8,8,133,57,60
SUPER_5,1500000,295,18,25,338,138,157
SUPER_5,1510000,293,16,28,337,148,145
SUPER_5,1520000,312,28,26,366,154,158
SUPER_5,1530000,219,19,12,250,118,101
SUPER_5,1540000,263,18,16,297,132,131
SUPER_5,1550000,256,21,14,291,142,114
SUPER_5,1560000,236,22,21,279,136,100
SUPER_5,1570000,90,4,5,99,42,48
SUPER_5,1580000,13,0,1,14,10,3
SUPER_5,1590000,187,18,15,220,87,100
SUPER_5,1600000,264,20,21,305,140,124
SUPER_5,1610000,167,12,6,185,94,73
SUPER_5,1620000,159,17,25,201,89,70
SUPER_5,1630000,197,14,12,223,87,110
SUPER_5,1640000,102,3,11,116,48,54
SUPER_5,1650000,138,10,5,153,67,71
SUPER_5,1660000,243,15,28,286,121,122
SUPER_5,1670000,78,7,7,92,35,43
SUPER_5,1680000,106,9,9,124,48,58
SUPER_5,1690000,279,24,13,316,143,136
SUPER_5,1700000,219,15,16,250,118,101
SUPER_5,1710000,271,16,27,314,161,110
SUPER_5,1720000,250,29,18,297,126,124
SUPER_5,1730000,227,18,17,262,119,108
SUPER_5,1740000,136,13,10,159,65,71
SUPER_5,1750000,50,4,5,59,29,21
SUPER_5,1760000,185,15,18,218,100,85
SUPER_5,1770000,69,5,8,82,37,32
SUPER_5,1780000,96,8,4,108,56,40
SUPER_5,1790000,230,17,18,265,121,109
SUPER_5,1800000,199,15,18,232,89,110
SUPER_5,1810000,220,16,20,256,113,107
SUPER_5,1820000,271,30,30,331,135,136
SUPER_5,1830000,209,7,14,230,107,102
SUPER_5,1840000,224,20,17,261,127,97
SUPER_5,1850000,78,4,6,88,44,34
SUPER_5,1860000,203,10,11,224,101,102
SUPER_5,1870000,246,24,10,280,129,117
SUPER_5,1880000,159,15,15,189,86,73
SUPER_5,1890000,48,2,3,53,25,23
SUPER_5,1900000,30,1,3,34,17,13
SUPER_5,1910000,137,4,10,151,75,62
SUPER_5,1920000,226,17,20,263,107,119
SUPER_5,1930000,100,18,7,125,41,59
SUPER_5,1940000,97,7,9,113,55,42
SUPER_5,1950000,75,4,6,85,43,32
SUPER_5,1960000,135,6,9,150,72,63
SUPER_5,1970000,9,0,0,9,3,6
SUPER_5,1980000,22,0,0,22,10,12
SUPER_5,1990000,88,3,5,96,53,35
SUPER_5,2000000,234,24,28,286,112,122
SUPER_5,2010000,65,3,2,70,36,29
SUPER_5,2020000,74,3,7,84,34,40
SUPER_5,2030000,0,0,0,0,0,0
SUPER_5,2040000,0,0,0,0,0,0
SUPER_5,2050000,225,16,22,263,119,106
SUPER_5,2060000,152,6,16,174,70,82
SUPER_5,2070000,247,19,20,286,136,111
SUPER_5,2080000,315,29,27,371,159,156
SUPER_5,2090000,156,8,9,173,86,70
SUPER_5,2100000,188,17,17,222,95,93
SUPER_5,2110000,89,8,7,104,43,46
SUPER_5,2120000,78,8,5,91,43,35
SUPER_5,2130000,52,6,8,66,28,24
SUPER_5,2140000,119,22,12,153,58,61
SUPER_5,2150000,141,14,11,166,67,74
SUPER_5,2160000,134,13,13,160,61,73
SUPER_5,2170000,214,19,22,255,115,99
SUPER_5,2180000,121,4,7,132,65,56
SUPER_5,2190000,65,2,7,74,32,33
SUPER_5,2200000,192,19,17,228,97,95
SUPER_5,2210000,162,10,12,184,80,82
SUPER_5,2220000,112,8,8,128,54,58
SUPER_5,2230000,130,11,11,152,59,71
SUPER_5,2240000,247,20,24,291,123,124
SUPER_5,2250000,209,18,23,250,103,106
SUPER_5,2260000,269,16,23,308,136,133
SUPER_5,2270000,267,18,26,311,132,135
SUPER_5,2280000,141,16,12,169,69,72
SUPER_5,2290000,127,8,8,143,60,67
SUPER_5,2300000,190,23,19,232,81,109
SUPER_5,2310000,294,29,22,345,139,155
SUPER_5,2320000,290,23,26,339,140,150
SUPER_5,2330000,130,4,10,144,63,67
SUPER_5,2340000,220,33,20,273,121,99
SUPER_5,2350000,137,18,7,162,73,64
SUPER_5,2360000,51,2,3,56,29,22
SUPER_5,2370000,2,1,1,4,1,1
SUPER_5,2380000,170,17,16,203,69,101
SUPER_5,2390000,185,12,18,215,104,81
SUPER_5,2400000,262,24,24,310,133,129
SUPER_5,2410000,217,19,24,260,107,110
SUPER_5,2420000,112,5,14,131,54,58
SUPER_5,2430000,212,24,20,256,91,121
SUPER_5,2440000,159,15,12,186,73,86
SUPER_5,2450000,178,6,26,210,66,112
SUPER_5,2460000,251,17,23,291,122,129
SUPER_5,2470000,187,10,21,218,91,96
SUPER_5,2480000,208,15,13,236,101,107
SUPER_5,2490000,236,22,23,281,113,123
SUPER_5,2500000,186,22,15,223,96,90
SUPER_5,2510000,191,22,22,235,91,100
SUPER_5,2520000,295,30,35,360,147,148
SUPER_5,2530000,165,21,20,206,75,90
SUPER_5,2540000,149,6,14,169,76,73
SUPER_5,2550000,257,23,24,304,123,134
SUPER_5,2560000,191,22,22,235,96,95
SUPER_5,2570000,165,8,18,191,87,78
SUPER_5,2580000,115,4,9,128,47,68
SUPER_5,2590000,210,20,12,242,104,106
SUPER_5,2600000,256,23,22,301,106,150
SUPER_5,2610000,262,19,26,307,131,131
SUPER_5,2620000,136,13,9,158,71,65
SUPER_5,2630000,164,8,11,183,81,83
SUPER_5,2640000,223,15,22,260,108,115
SUPER_5,2650000,257,24,27,308,138,119
SUPER_5,2660000,213,14,14,241,110,103
SUPER_5,2670000,237,12,22,271,132,105
SUPER_5,2680000,153,21,14,188,74,79
SUPER_5,2690000,176,21,18,215,84,92
SUPER_5,2700000,174,18,18,210,91,83
SUPER_5,2710000,151,13,12,176,66,85
SUPER_5,2720000,198,14,12,224,89,109
SUPER_5,2730000,121,4,7,132,62,59
SUPER_5,2740000,259,25,24,308,127,132
SUPER_5,2750000,233,21,21,275,125,108
SUPER_5,2760000,247,26,28,301,132,115
SUPER_5,2770000,279,29,33,341,142,137
SUPER_5,2780000,132,8,10,150,61,71
SUPER_5,2790000,217,24,37,278,100,117
SUPER_5,2800000,213,11,18,242,102,111
SUPER_5,2810000,133,11,8,152,81,52
SUPER_5,2820000,126,12,8,146,70,56
SUPER_5,2830000,179,20,23,222,88,91
SUPER_5,2840000,202,15,14,231,95,107
SUPER_5,2850000,284,17,26,327,126,158
SUPER_5,2860000,284,22,21,327,148,136
SUPER_5,2870000,303,11,21,335,141,162
SUPER_5,2880000,267,20,23,310,131,136
SUPER_5,2890000,207,22,13,242,100,107
SUPER_5,2900000,229,25,15,269,117,112
SUPER_5,2910000,154,7,18,179,84,70
SUPER_5,2920000,209,23,21,253,108,101
SUPER_5,2930000,210,19,20,249,98,112
SUPER_5,2940000,243,15,23,281,123,120
SUPER_5,2950000,165,13,11,189,85,80
SUPER_5,2960000,229,21,16,266,109,120
SUPER_5,2970000,202,9,22,233,111,91
SUPER_5,2980000,226,15,17,258,114,112
SUPER_5,2990000,186,6,17,209,102,84
SUPER_5,3000000,151,14,15,180,86,65
SUPER_5,3010000,59,9,2,70,26,33
SUPER_5,3020000,138,17,17,172,68,70
SUPER_5,3030000,159,21,22,202,81,78
SUPER_5,3040000,44,8,6,58,20,24
SUPER_5,3050000,178,8,16,202,111,67
SUPER_5,3060000,87,22,14,123,44,43
SUPER_5,3070000,96,6,18,120,49,47
SUPER_5,3080000,249,20,16,285,126,123
SUPER_5,3090000,197,20,21,238,99,98
SUPER_5,3100000,198,16,17,231,97,101
SUPER_5,3110000,136,10,15,161,78,58
SUPER_5,3120000,253,18,18,289,116,137
SUPER_5,3130000,163,13,13,189,66,97
SUPER_5,3140000,168,22,19,209,90,78
SUPER_5,3150000,173,22,19,214,79,94
SUPER_5,3160000,162,16,18,196,77,85
SUPER_5,3170000,182,13,13,208,88,94
SUPER_5,3180000,189,20,18,227,96,93
SUPER_5,3190000,146,8,15,169,77,69
SUPER_5,3200000,233,15,27,275,123,110
SUPER_5,3210000,105,10,12,127,57,48
SUPER_5,3220000,64,2,9,75,27,37
SUPER_5,3230000,99,8,13,120,43,56
SUPER_5,3240000,76,5,8,89,39,37
SUPER_5,3250000,214,24,19,257,98,116
SUPER_5,3260000,201,12,17,230,115,86
SUPER_5,3270000,116,3,11,130,66,50
SUPER_5,3280000,62,3,9,74,32,30
SUPER_5,3290000,182,16,17,215,98,84
SUPER_5,3300000,85,8,8,101,36,49
SUPER_5,3310000,205,22,22,249,94,111
SUPER_5,3320000,114,10,13,137,58,56
SUPER_5,3330000,220,15,24,259,108,112
SUPER_5,3340000,79,2,7,88,43,36
SUPER_5,3350000,32,1,2,35,21,11
SUPER_5,3360000,123,14,7,144,65,58
SUPER_5,3370000,91,8,10,109,43,48
SUPER_5,3380000,197,15,16,228,91,106
SUPER_5,3390000,212,13,22,247,109,103
SUPER_5,3400000,315,17,25,357,163,152
SUPER_5,3410000,138,16,23,177,77,61
SUPER_5,3420000,207,27,14,248,107,100
SUPER_5,3430000,60,4,5,69,36,24
SUPER_5,3440000,69,8,3,80,30,39
SUPER_5,3450000,228,16,19,263,116,112
SUPER_5,3460000,199,22,16,237,103,96
SUPER_5,3470000,321,31,27,379,136,185
SUPER_5,3480000,251,22,21,294,131,120
SUPER_5,3490000,288,28,21,337,152,136
SUPER_5,3500000,275,21,20,316,130,145
SUPER_5,3510000,123,14,12,149,72,51
SUPER_5,3520000,62,5,4,71,26,36
SUPER_5,3530000,235,21,17,273,112,123
SUPER_5,3540000,226,24,19,269,120,106
SUPER_5,3550000,139,8,9,156,73,66
SUPER_5,3560000,156,14,18,188,69,87
SUPER_5,3570000,149,14,9,172,72,77
SUPER_5,3580000,129,14,14,157,54,75
SUPER_5,3590000,283,19,18,320,149,134
SUPER_5,3600000,108,8,7,123,53,55
SUPER_5,3610000,83,6,4,93,49,34
SUPER_5,3620000,226,13,19,258,140,86
SUPER_5,3630000,281,28,18,327,146,135
SUPER_5,3640000,117,12,9,138,69,48
SUPER_5,3650000,165,12,12,189,75,90
SUPER_5,3660000,62,4,4,70,32,30
SUPER_5,3670000,225,22,28,275,104,121
SUPER_5,3680000,251,25,13,289,113,138
SUPER_5,3690000,122,9,11,142,55,67
SUPER_5,3700000,104,2,6,112,65,39
SUPER_5,3710000,122,8,10,140,63,59
SUPER_5,3720000,272,18,24,314,117,155
SUPER_5,3730000,257,14,29,300,131,126
SUPER_5,3740000,259,29,27,315,117,142
SUPER_5,3750000,96,4,8,108,52,44
SUPER_5,3760000,81,6,12,99,42,39
SUPER_5,3770000,105,10,14,129,57,48
SUPER_5,3780000,142,7,9,158,72,70
SUPER_5,3790000,7,0,1,8,2,5
SUPER_5,3800000,173,11,12,196,86,87
SUPER_5,3810000,215,9,18,242,106,109
SUPER_5,3820000,190,20,13,223,102,88
SUPER_5,3830000,135,8,10,153,58,77
SUPER_5,3840000,6,0,0,6,4,2
SUPER_5,3850000,33,1,4,38,22,11
SUPER_5,3860000,120,10,10,140,70,50
SUPER_5,3870000,227,19,26,272,126,101
SUPER_5,3880000,270,21,22,313,122,148
SUPER_5,3890000,155,8,19,182,75,80
SUPER_5,3900000,152,19,10,181,92,60
SUPER_5,3910000,146,19,13,178,80,66
SUPER_5,3920000,82,13,9,104,47,35
SUPER_5,3930000,88,2,7,97,46,42
SUPER_5,3940000,67,3,3,73,35,32
SUPER_5,3950000,144,7,12,163,83,61
SUPER_5,3960000,22,4,4,30,13,9
SUPER_5,3970000,98,4,4,106,52,46
SUPER_5,3980000,196,18,13,227,91,105
SUPER_5,3990000,236,16,17,269,116,120
SUPER_5,4000000,259,19,34,312,120,139
SUPER_5,4010000,224,21,15,260,102,122
SUPER_5,4020000,215,13,19,247,124,91
SUPER_5,4030000,205,13,31,249,109,96
SUPER_5,4040000,170,16,10,196,76,94
SUPER_5,4050000,233,17,24,274,125,108
SUPER_5,4060000,125,7,9,141,65,60
SUPER_5,4070000,125,9,11,145,72,53
SUPER_5,4080000,24,1,1,26,17,7
SUPER_5,4090000,142,15,10,167,67,75
SUPER_5,4100000,226,17,19,262,106,120
SUPER_5,4110000,266,23,28,317,145,121
SUPER_5,4120000,138,9,12,159,70,68
SUPER_5,4130000,105,7,10,122,57,48
SUPER_5,4140000,109,7,5,121,54,55
SUPER_5,4150000,255,14,23,292,131,124
SUPER_5,4160000,165,10,8,183,82,83
SUPER_5,4170000,192,20,17,229,80,112
SUPER_5,4180000,225,16,24,265,114,111
SUPER_5,4190000,222,14,18,254,109,113
SUPER_5,4200000,140,21,22,183,62,78
SUPER_5,4210000,170,20,15,205,86,84
SUPER_5,4220000,176,11,23,210,72,104
SUPER_5,4230000,77,8,12,97,35,42
SUPER_5,4240000,71,4,10,85,27,44
SUPER_5,4250000,131,8,11,150,74,57
SUPER_5,4260000,146,16,18,180,62,84
SUPER_5,4270000,192,8,20,220,94,98
SUPER_5,4280000,243,19,20,282,115,128
SUPER_5,4290000,248,25,21,294,121,127
SUPER_5,4300000,278,30,22,330,120,158
SUPER_5,4310000,203,19,17,239,94,109
SUPER_5,4320000,194,20,11,225,105,89
SUPER_5,4330000,155,17,13,185,81,74
SUPER_5,4340000,100,4,5,109,51,49
SUPER_5,4350000,138,9,8,155,65,73
SUPER_5,4360000,125,7,9,141,64,61
SUPER_5,4370000,151,7,16,174,89,62
SUPER_5,4380000,155,20,18,193,73,82
SUPER_5,4390000,146,15,13,174,67,79
SUPER_5,4400000,130,12,18,160,63,67
SUPER_5,4410000,138,15,18,171,62,76
SUPER_5,4420000,241,26,24,291,118,123
SUPER_5,4430000,194,19,15,228,89,105
SUPER_5,4440000,169,15,17,201,86,83
SUPER_5,4450000,203,25,18,246,98,105
SUPER_5,4460000,151,18,12,181,81,70
SUPER_5,4470000,42,1,4,47,26,16
SUPER_5,4480000,54,9,1,64,30,24
SUPER_5,4490000,118,6,13,137,64,54
SUPER_5,4500000,208,15,20,243,104,104
SUPER_5,4510000,149,15,17,181,77,72
SUPER_5,4520000,137,10,14,161,68,69
SUPER_5,4530000,0,0,0,0,0,0
SUPER_5,4540000,0,0,0,0,0,0
SUPER_5,4550000,242,13,22,277,132,110
SUPER_5,4560000,69,6,8,83,45,24
SUPER_5,4570000,40,3,1,44,20,20
SUPER_5,4580000,183,12,18,213,94,89
SUPER_5,4590000,203,15,17,235,95,108
SUPER_5,4600000,78,7,4,89,37,41
SUPER_5,4610000,55,5,5,65,29,26
SUPER_5,4620000,194,19,15,228,97,97
SUPER_5,4630000,180,16,7,203,90,90
SUPER_5,4640000,194,16,24,234,91,103
SUPER_5,4650000,176,11,10,197,88,88
SUPER_5,4660000,136,13,12,161,73,63
SUPER_5,4670000,72,4,9,85,32,40
SUPER_5,4680000,123,16,5,144,62,61
SUPER_5,4690000,189,21,19,229,92,97
SUPER_5,4700000,136,13,11,160,66,70
SUPER_5,4710000,148,20,5,173,79,69
SUPER_5,4720000,167,11,11,189,72,95
SUPER_5,4730000,159,16,19,194,78,81
SUPER_5,4740000,204,18,14,236,98,106
SUPER_5,4750000,233,21,17,271,109,124
SUPER_5,4760000,167,15,21,203,83,84
SUPER_5,4770000,125,13,18,156,62,63
SUPER_5,4780000,78,11,8,97,38,40
SUPER_5,4790000,62,11,9,82,27,35
SUPER_5,4800000,109,9,14,132,48,61
SUPER_5,4810000,211,15,18,244,110,101
SUPER_5,4820000,75,4,7,86,36,39
SUPER_5,4830000,188,18,18,224,85,103
SUPER_5,4840000,144,18,13,175,71,73
SUPER_5,4850000,28,3,0,31,13,15
SUPER_5,4860000,51,3,5,59,25,26
SUPER_5,4870000,141,8,8,157,76,65
SUPER_5,4880000,159,12,19,190,81,78
SUPER_5,4890000,137,8,10,155,62,75
SUPER_5,4900000,269,24,23,316,138,131
SUPER_5,4910000,197,21,24,242,99,98
SUPER_5,4920000,207,21,15,243,88,119
SUPER_5,4930000,158,10,19,187,68,90
SUPER_5,4940000,195,14,19,228,104,91
SUPER_5,4950000,37,1,5,43,14,23
SUPER_5,4960000,79,3,2,84,42,37
SUPER_5,4970000,174,13,17,204,88,86
SUPER_5,4980000,108,7,13,128,54,54
SUPER_5,4990000,189,9,18,216,89,100
SUPER_5,5000000,228,25,24,277,116,112
SUPER_5,5010000,241,27,18,286,118,123
SUPER_5,5020000,281,34,15,330,133,148
SUPER_5,5030000,178,19,10,207,86,92
SUPER_5,5040000,275,15,17,307,149,126
SUPER_5,5050000,243,27,25,295,104,139
SUPER_5,5060000,121,11,8,140,58,63
SUPER_5,5070000,151,10,16,177,83,68
SUPER_5,5080000,199,17,14,230,108,91
SUPER_5,5090000,177,5,13,195,95,82
SUPER_5,5100000,137,10,12,159,67,70
SUPER_5,5110000,100,2,10,112,47,53
SUPER_5,5120000,151,14,9,174,88,63
SUPER_5,5130000,100,8,7,115,59,41
SUPER_5,5140000,229,20,25,274,115,114
SUPER_5,5150000,190,12,9,211,103,87
SUPER_5,5160000,158,9,9,176,87,71
SUPER_5,5170000,133,4,14,151,70,63
SUPER_5,5180000,133,16,14,163,66,67
SUPER_5,5190000,164,13,10,187,84,80
SUPER_5,5200000,87,7,9,103,45,42
SUPER_5,5210000,85,6,6,97,42,43
SUPER_5,5220000,198,11,19,228,113,85
SUPER_5,5230000,181,23,11,215,84,97
SUPER_5,5240000,136,13,16,165,55,81
SUPER_5,5250000,176,13,12,201,105,71
SUPER_5,5260000,97,8,11,116,51,46
SUPER_5,5270000,137,15,9,161,70,67
SUPER_5,5280000,131,12,15,158,71,60
SUPER_5,5290000,135,8,15,158,62,73
SUPER_5,5300000,146,20,15,181,70,76
SUPER_5,5310000,95,12,15,122,52,43
SUPER_5,5320000,114,5,12,131,44,70
SUPER_5,5330000,75,8,9,92,35,40
SUPER_5,5340000,109,14,9,132,53,56
SUPER_5,5350000,104,4,6,114,57,47
SUPER_5,5360000,98,14,14,126,44,54
SUPER_5,5370000,110,11,9,130,50,60
SUPER_5,5380000,95,9,7,111,45,50
SUPER_5,5390000,110,16,15,141,57,53
SUPER_5,5400000,97,9,14,120,49,48
SUPER_5,5410000,140,13,10,163,64,76
SUPER_5,5420000,202,15,28,245,88,114
SUPER_5,5430000,132,14,13,159,55,77
SUPER_5,5440000,92,14,17,123,40,52
SUPER_5,5450000,142,11,8,161,78,64
SUPER_5,5460000,203,16,27,246,83,120
SUPER_5,5470000,173,20,14,207,90,83
SUPER_5,5480000,193,24,20,237,103,90
SUPER_5,5490000,187,13,10,210,99,88
SUPER_5,5500000,105,15,17,137,51,54
SUPER_5,5510000,220,20,26,266,105,115
SUPER_5,5520000,165,16,15,196,86,79
SUPER_5,5530000,261,18,21,300,115,146
SUPER_5,5540000,66,6,4,76,39,27
SUPER_5,5550000,106,10,7,123,50,56
SUPER_5,5560000,169,18,14,201,81,88
SUPER_5,5570000,140,13,13,166,65,75
SUPER_5,5580000,22,3,4,29,11,11
SUPER_5,5590000,139,10,13,162,66,73
SUPER_5,5600000,93,8,9,110,48,45
SUPER_5,5610000,69,3,11,83,33,36
SUPER_5,5620000,151,14,14,179,85,66
SUPER_5,5630000,205,19,13,237,111,94
SUPER_5,5640000,124,12,9,145,68,56
SUPER_5,5650000,53,7,3,63,24,29
SUPER_5,5660000,113,13,7,133,61,52
SUPER_5,5670000,80,5,6,91,43,37
SUPER_5,5680000,111,11,10,132,65,46
SUPER_5,5690000,163,13,13,189,88,75
SUPER_5,5700000,140,12,10,162,65,75
SUPER_5,5710000,119,13,12,144,53,66
SUPER_5,5720000,221,29,14,264,118,103
SUPER_5,5730000,92,8,6,106,46,46
SUPER_5,5740000,121,13,13,147,72,49
SUPER_5,5750000,49,5,8,62,23,26
SUPER_5,5760000,29,3,4,36,15,14
SUPER_5,5770000,126,7,10,143,70,56
SUPER_5,5780000,83,4,14,101,36,47
SUPER_5,5790000,1,0,0,1,1,0
SUPER_5,5800000,141,11,12,164,66,75
SUPER_5,5810000,47,4,7,58,20,27
SUPER_5,5820000,86,10,6,102,38,48
SUPER_5,5830000,163,20,19,202,71,92
SUPER_5,5840000,263,22,14,299,130,133
SUPER_5,5850000,217,26,24,267,113,104
SUPER_5,5860000,108,10,10,128,64,44
SUPER_5,5870000,193,21,15,229,87,106
SUPER_5,5880000,159,13,20,192,67,92
SUPER_5,5890000,130,7,11,148,72,58
SUPER_5,5900000,180,17,13,210,89,91
SUPER_5,5910000,126,9,5,140,72,54
SUPER_5,5920000,206,21,18,245,110,96
SUPER_5,5930000,113,14,9,136,48,65
SUPER_5,5940000,226,21,21,268,103,123
SUPER_5,5950000,187,13,15,215,82,105
SUPER_5,5960000,238,11,20,269,120,118
SUPER_5,5970000,278,17,23,318,146,132
SUPER_5,5980000,201,20,22,243,108,93
SUPER_5,5990000,154,20,22,196,73,81
SUPER_5,6000000,17,0,0,17,11,6
SUPER_5,6010000,22,0,1,23,9,13
SUPER_5,6020000,137,10,9,156,75,62
SUPER_5,6030000,210,9,15,234,107,103
SUPER_5,6040000,28,2,2,32,16,12
SUPER_5,6050000,131,10,6,147,70,61
SUPER_5,6060000,139,7,15,161,74,65
SUPER_5,6070000,127,8,5,140,50,77
SUPER_5,6080000,190,24,17,231,96,94
SUPER_5,6090000,16,0,1,17,9,7
SUPER_5,6100000,81,8,11,100,43,38
SUPER_5,6110000,93,4,10,107,50,43
SUPER_5,6120000,140,12,8,160,68,72
SUPER_5,6130000,85,9,7,101,46,39
SUPER_5,6140000,171,12,23,206,93,78
SUPER_5,6150000,214,13,25,252,101,113
SUPER_5,6160000,122,7,15,144,61,61
SUPER_5,6170000,106,8,9,123,48,58
SUPER_5,6180000,169,14,17,200,84,85
SUPER_5,6190000,130,14,10,154,68,62
SUPER_5,6200000,153,19,12,184,75,78
SUPER_5,6210000,141,18,14,173,83,58
SUPER_5,6220000,195,14,16,225,101,94
SUPER_5,6230000,168,15,15,198,87,81
SUPER_5,6240000,158,13,16,187,79,79
SUPER_5,6250000,160,14,18,192,77,83
SUPER_5,6260000,97,10,10,117,57,40
SUPER_5,6270000,163,14,17,194,88,75
SUPER_5,6280000,168,18,6,192,81,87
SUPER_5,6290000,84,7,10,101,36,48
SUPER_5,6300000,57,2,2,61,30,27
SUPER_5,6310000,140,14,13,167,70,70
SUPER_5,6320000,167,10,12,189,86,81
SUPER_5,6330000,179,14,14,207,84,95
SUPER_5,6340000,176,16,14,206,88,88
SUPER_5,6350000,184,22,16,222,93,91
SUPER_5,6360000,19,6,2,27,9,10
SUPER_5,6370000,158,20,11,189,86,72
SUPER_5,6380000,117,4,9,130,64,53
SUPER_5,6390000,48,4,6,58,27,21
SUPER_5,6400000,47,12,5,64,21,26
SUPER_5,6410000,77,10,4,91,35,42
SUPER_5,6420000,221,20,26,267,109,112
SUPER_5,6430000,125,12,8,145,53,72
SUPER_5,6440000,179,16,17,212,86,93
SUPER_5,6450000,318,27,29,374,180,138
SUPER_5,6460000,118,9,13,140,55,63
SUPER_5,6470000,174,14,14,202,95,79
SUPER_5,6480000,199,18,20,237,87,112
SUPER_5,6490000,219,16,25,260,97,122
SUPER_5,6500000,119,14,11,144,55,64
SUPER_5,6510000,192,12,18,222,93,99
SUPER_5,6520000,37,9,3,49,23,14
SUPER_5,6530000,175,26,13,214,83,92
SUPER_5,6540000,134,15,10,159,71,63
SUPER_5,6550000,149,7,14,170,70,79
SUPER_5,6560000,93,1,7,101,45,48
SUPER_5,6570000,189,23,19,231,91,98
SUPER_5,6580000,19,2,2,23,10,9
SUPER_5,6590000,64,5,11,80,29,35
SUPER_5,6600000,43,5,5,53,23,20
SUPER_5,6610000,58,2,7,67,27,31
SUPER_5,6620000,200,13,12,225,96,104
SUPER_5,6630000,283,17,22,322,133,150
SUPER_5,6640000,215,12,23,250,111,104
SUPER_5,6650000,207,13,19,239,111,96
SUPER_5,6660000,98,8,12,118,61,37
SUPER_5,6670000,54,6,5,65,27,27
SUPER_5,6680000,157,14,13,184,77,80
SUPER_5,6690000,155,11,15,181,74,81
SUPER_5,6700000,103,9,6,118,52,51
SUPER_5,6710000,209,18,8,235,106,103
SUPER_5,6720000,72,4,8,84,37,35
SUPER_5,6730000,123,14,7,144,63,60
SUPER_5,6740000,270,14,18,302,137,133
SUPER_5,6750000,184,14,17,215,85,99
SUPER_5,6760000,53,8,8,69,29,24
SUPER_5,6770000,0,0,0,0,0,0
SUPER_5,6780000,0,0,0,0,0,0
SUPER_5,6790000,224,14,21,259,114,110
SUPER_5,6800000,252,12,16,280,137,115
SUPER_5,6810000,102,16,14,132,49,53
SUPER_5,6820000,82,10,11,103,37,45
SUPER_5,6830000,175,9,13,197,90,85
SUPER_5,6840000,204,20,33,257,97,107
SUPER_5,6850000,130,7,7,144,71,59
SUPER_5,6860000,100,7,8,115,41,59
SUPER_5,6870000,54,5,5,64,26,28
SUPER_5,6880000,1,1,0,2,0,1
SUPER_5,6890000,43,0,6,49,18,25
SUPER_5,6900000,119,15,12,146,65,54
SUPER_5,6910000,107,15,6,128,61,46
SUPER_5,6920000,96,7,8,111,55,41
SUPER_5,6930000,105,4,11,120,58,47
SUPER_5,6940000,120,11,8,139,63,57
SUPER_5,6950000,138,16,16,170,62,76
SUPER_5,6960000,113,9,8,130,58,55
SUPER_5,6970000,202,17,31,250,106,96
SUPER_5,6980000,157,14,13,184,84,73
SUPER_5,6990000,184,13,16,213,80,104
SUPER_5,7000000,135,13,18,166,63,72
SUPER_5,7010000,108,11,10,129,49,59
SUPER_5,7020000,100,14,9,123,50,50
SUPER_5,7030000,116,13,16,145,61,55
SUPER_5,7040000,96,7,13,116,49,47
SUPER_5,7050000,95,9,6,110,47,48
SUPER_5,7060000,65,13,12,90,34,31
SUPER_5,7070000,87,11,13,111,40,47
SUPER_5,7080000,68,10,7,85,42,26
SUPER_5,7090000,130,13,14,157,71,59
SUPER_5,7100000,100,11,12,123,50,50
SUPER_5,7110000,145,15,10,170,85,60
SUPER_5,7120000,85,9,7,101,40,45
SUPER_5,7130000,98,12,7,117,52,46
SUPER_5,7140000,108,12,16,136,52,56
SUPER_5,7150000,192,17,22,231,99,93
SUPER_5,7160000,19,3,0,22,8,11
SUPER_5,7170000,129,11,16,156,59,70
SUPER_5,7180000,123,13,12,148,53,70
SUPER_5,7190000,89,14,15,118,41,48
SUPER_5,7200000,84,5,15,104,41,43
SUPER_5,7210000,114,10,14,138,52,62
SUPER_5,7220000,135,14,18,167,66,69
SUPER_5,7230000,114,21,11,146,53,61
SUPER_5,7240000,182,16,22,220,92,90
SUPER_5,7250000,99,8,13,120,50,49
SUPER_5,7260000,184,18,17,219,86,98
SUPER_5,7270000,132,13,12,157,68,64
SUPER_5,7280000,131,13,14,158,69,62
SUPER_5,7290000,82,13,7,102,39,43
SUPER_5,7300000,60,7,2,69,28,32
SUPER_5,7310000,108,3,10,121,51,57
SUPER_5,7320000,103,8,13,124,48,55
SUPER_5,7330000,168,11,13,192,79,89
SUPER_5,7340000,205,13,15,233,120,85
SUPER_5,7350000,124,11,14,149,56,68
SUPER_5,7360000,151,9,14,174,80,71
SUPER_5,7370000,61,5,5,71,29,32
SUPER_5,7380000,98,9,0,107,45,53
SUPER_5,7390000,85,17,5,107,33,52
SUPER_5,7400000,0,0,0,0,0,0
SUPER_5,7410000,0,0,0,0,0,0
SUPER_5,7420000,109,10,15,134,64,45
SUPER_5,7430000,5,3,2,10,1,4
SUPER_5,7440000,23,4,2,29,10,13
SUPER_5,7450000,46,6,6,58,21,25
SUPER_5,7460000,80,5,2,87,45,35
SUPER_5,7470000,71,6,8,85,39,32
SUPER_5,7480000,185,15,18,218,93,92
SUPER_5,7490000,139,13,13,165,78,61
SUPER_5,7500000,180,14,7,201,99,81
SUPER_5,7510000,201,13,13,227,95,106
SUPER_5,7520000,186,23,17,226,87,99
SUPER_5,7530000,164,10,16,190,78,86
SUPER_5,7540000,221,23,15,259,107,114
SUPER_5,7550000,123,11,14,148,61,62
SUPER_5,7560000,144,10,5,159,70,74
SUPER_5,7570000,156,16,15,187,72,84
SUPER_5,7580000,91,8,8,107,54,37
SUPER_5,7590000,84,5,5,94,36,48
SUPER_5,7600000,7,0,1,8,3,4
SUPER_5,7610000,93,9,10,112,54,39
SUPER_5,7620000,87,11,3,101,35,52
SUPER_5,7630000,139,14,12,165,66,73
SUPER_5,7640000,84,6,5,95,49,35
SUPER_5,7650000,117,11,14,142,57,60
SUPER_5,7660000,67,7,6,80,40,27
SUPER_5,7670000,133,10,12,155,65,68
SUPER_5,7680000,194,13,17,224,88,106
SUPER_5,7690000,200,24,20,244,106,94
SUPER_5,7700000,184,18,16,218,87,97
SUPER_5,7710000,175,10,13,198,87,88
SUPER_5,7720000,64,9,11,84,36,28
SUPER_5,7730000,143,13,18,174,70,73
SUPER_5,7740000,97,3,8,108,54,43
SUPER_5,7750000,113,15,7,135,57,56
SUPER_5,7760000,172,13,10,195,90,82
SUPER_5,7770000,135,17,10,162,56,79
SUPER_5,7780000,112,5,12,129,59,53
SUPER_5,7790000,39,1,2,42,21,18
SUPER_5,7800000,124,13,11,148,63,61
SUPER_5,7810000,147,12,17,176,76,71
SUPER_5,7820000,81,14,7,102,44,37
SUPER_5,7830000,158,16,15,189,81,77
SUPER_5,7840000,113,9,12,134,58,55
SUPER_5,7850000,134,16,13,163,75,59
SUPER_5,7860000,129,8,14,151,75,54
SUPER_5,7870000,149,16,15,180,70,79
SUPER_5,7880000,88,7,9,104,45,43
SUPER_5,7890000,122,4,9,135,61,61
SUPER_5,7900000,180,13,14,207,89,91
SUPER_5,7910000,66,8,15,89,37,29
SUPER_5,7920000,61,7,6,74,21,40
SUPER_5,7930000,65,4,3,72,32,33
SUPER_5,7940000,99,10,14,123,53,46
SUPER_5,7950000,92,5,9,106,54,38
SUPER_5,7960000,42,6,3,51,23,19
SUPER_5,7970000,32,3,4,39,16,16
SUPER_5,7980000,29,3,5,37,11,18
SUPER_5,7990000,114,7,6,127,60,54
SUPER_5,8000000,80,10,7,97,49,31
SUPER_5,8010000,83,8,10,101,35,48
SUPER_5,8020000,100,7,12,119,53,47
SUPER_5,8030000,115,13,10,138,57,58
SUPER_5,8040000,211,18,23,252,109,102
SUPER_5,8050000,174,12,13,199,85,89
SUPER_5,8060000,91,11,10,112,39,52
SUPER_5,8070000,168,19,16,203,80,88
SUPER_5,8080000,97,13,8,118,50,47
SUPER_5,8090000,22,3,2,27,13,9
SUPER_5,8100000,140,14,18,172,70,70
SUPER_5,8110000,228,15,21,264,119,109
SUPER_5,8120000,138,15,12,165,65,73
SUPER_5,8130000,99,9,9,117,55,44
SUPER_5,8140000,147,19,17,183,78,69
SUPER_5,8150000,102,11,10,123,51,51
SUPER_5,8160000,154,11,5,170,68,86
SUPER_5,8170000,146,14,12,172,70,76
SUPER_5,8180000,204,10,18,232,105,99
SUPER_5,8190000,141,16,22,179,66,75
SUPER_5,8200000,107,7,7,121,66,41
SUPER_5,8210000,165,14,20,199,88,77
SUPER_5,8220000,0,0,0,0,0,0
SUPER_5,8230000,0,0,0,0,0,0
SUPER_5,8240000,0,0,0,0,0,0
SUPER_5,8250000,0,0,0,0,0,0
SUPER_5,8260000,72,7,9,88,31,41
SUPER_5,8270000,0,0,0,0,0,0
SUPER_5,8280000,0,0,0,0,0,0
SUPER_5,8290000,3,1,0,4,2,1
SUPER_5,8300000,1,0,0,1,0,1
SUPER_5,8310000,0,0,0,0,0,0
SUPER_5,8320000,0,0,0,0,0,0
SUPER_5,8330000,3,0,1,4,2,1
SUPER_5,8340000,0,0,0,0,0,0
SUPER_5,8350000,0,0,0,0,0,0
SUPER_5,8360000,3,1,0,4,3,0
SUPER_5,8370000,0,0,0,0,0,0
SUPER_5,8380000,0,0,0,0,0,0
SUPER_5,8390000,143,17,10,170,79,64
SUPER_5,8400000,224,26,14,264,116,108
SUPER_5,8410000,213,23,24,260,100,113
SUPER_5,8420000,81,13,17,111,43,38
SUPER_5,8430000,69,9,8,86,34,35
SUPER_5,8440000,131,9,13,153,69,62
SUPER_5,8450000,205,19,18,242,88,117
SUPER_5,8460000,128,13,14,155,53,75
SUPER_5,8470000,61,6,2,69,25,36
SUPER_5,8480000,48,7,4,59,19,29
SUPER_5,8490000,121,11,8,140,61,60
SUPER_5,8500000,93,12,8,113,40,53
SUPER_5,8510000,153,8,12,173,72,81
SUPER_5,8520000,210,16,20,246,93,117
SUPER_5,8530000,130,12,18,160,60,70
SUPER_5,8540000,251,14,19,284,137,114
SUPER_5,8550000,153,18,13,184,84,69
SUPER_5,8560000,174,11,20,205,89,85
SUPER_5,8570000,168,17,19,204,91,77
SUPER_5,8580000,109,11,8,128,58,51
SUPER_5,8590000,195,21,20,236,91,104
SUPER_5,8600000,219,19,20,258,116,103
SUPER_5,8610000,163,15,21,199,86,77
SUPER_5,8620000,179,11,18,208,88,91
SUPER_5,8630000,233,18,24,275,114,119
SUPER_5,8640000,207,12,13,232,107,100
SUPER_5,8650000,253,20,17,290,134,119
SUPER_5,8660000,170,7,10,187,99,71
SUPER_5,8670000,100,7,6,113,53,47
SUPER_5,8680000,298,24,22,344,141,157
SUPER_5,8690000,152,11,15,178,79,73
SUPER_5,8700000,112,11,10,133,45,67
SUPER_5,8710000,195,17,18,230,114,81
SUPER_5,8720000,240,19,10,269,138,102
SUPER_5,8730000,237,26,23,286,109,128
SUPER_5,8740000,142,17,16,175,75,67
SUPER_5,8750000,103,9,15,127,51,52
SUPER_5,8760000,194,26,18,238,91,103
SUPER_5,8770000,195,19,24,238,89,106
SUPER_5,8780000,190,21,22,233,92,98
SUPER_5,8790000,169,19,15,203,84,85
SUPER_5,8800000,202,14,21,237,96,106
SUPER_5,8810000,188,10,15,213,92,96
SUPER_5,8820000,182,19,21,222,91,91
SUPER_5,8830000,161,16,14,191,74,87
SUPER_5,8840000,162,16,17,195,72,90
SUPER_5,8850000,229,17,18,264,123,106
SUPER_5,8860000,117,12,12,141,58,59
SUPER_5,8870000,157,17,13,187,80,77
SUPER_5,8880000,242,19,22,283,111,131
SUPER_5,8890000,238,29,20,287,106,132
SUPER_5,8900000,185,17,25,227,84,101
SUPER_5,8910000,270,22,21,313,123,147
SUPER_5,8920000,144,10,13,167,67,77
SUPER_5,8930000,226,21,15,262,121,105
SUPER_5,8940000,189,16,14,219,95,94
SUPER_5,8950000,77,7,9,93,51,26
SUPER_5,8960000,215,17,13,245,97,118
SUPER_5,8970000,79,7,6,92,34,45
SUPER_5,8980000,169,16,14,199,68,101
SUPER_5,8990000,129,8,11,148,57,72
SUPER_5,9000000,75,10,4,89,36,39
SUPER_5,9010000,64,6,5,75,26,38
SUPER_5,9020000,103,15,4,122,45,58
SUPER_5,9030000,44,1,4,49,20,24
SUPER_5,9040000,201,16,19,236,94,107
SUPER_5,9050000,142,7,4,153,68,74
SUPER_5,9060000,240,10,25,275,118,122
SUPER_5,9070000,179,17,17,213,101,78
SUPER_5,9080000,52,1,10,63,29,23
SUPER_5,9090000,55,2,6,63,24,31
SUPER_5,9100000,236,21,18,275,122,114
SUPER_5,9110000,241,12,30,283,122,119
SUPER_5,9120000,133,14,8,155,61,72
SUPER_5,9130000,155,14,13,182,82,73
SUPER_5,9140000,180,8,11,199,81,99
SUPER_5,9150000,197,19,13,229,95,102
SUPER_5,9160000,130,6,11,147,61,69
SUPER_5,9170000,182,12,17,211,96,86
SUPER_5,9180000,137,13,20,170,66,71
SUPER_5,9190000,50,7,6,63,29,21
SUPER_5,9200000,94,4,5,103,51,43
SUPER_5,9210000,111,5,13,129,61,50
SUPER_5,9220000,48,7,2,57,26,22
SUPER_5,9230000,70,3,8,81,36,34
SUPER_5,9240000,27,1,1,29,17,10
SUPER_5,9250000,109,7,10,126,42,67
SUPER_5,9260000,224,20,25,269,97,127
SUPER_5,9270000,81,4,11,96,43,38
SUPER_5,9280000,35,1,3,39,19,16
SUPER_5,9290000,144,15,6,165,69,75
SUPER_5,9300000,176,8,17,201,90,86
SUPER_5,9310000,211,22,17,250,111,100
SUPER_5,9320000,106,14,11,131,47,59
SUPER_5,9330000,133,10,16,159,63,70
SUPER_5,9340000,187,14,21,222,90,97
SUPER_5,9350000,293,21,23,337,153,140
SUPER_5,9360000,123,17,10,150,55,68
SUPER_5,9370000,0,0,0,0,0,0
SUPER_5,9380000,0,0,0,0,0,0
SUPER_5,9390000,65,5,6,76,28,37
SUPER_5,9400000,157,19,11,187,79,78
SUPER_5,9410000,94,7,14,115,43,51
SUPER_5,9420000,161,12,8,181,73,88
SUPER_5,9430000,108,9,11,128,53,55
SUPER_5,9440000,93,3,5,101,45,48
SUPER_5,9450000,82,1,11,94,42,40
SUPER_5,9460000,38,3,5,46,17,21
SUPER_5,9470000,60,2,3,65,31,29
SUPER_5,9480000,98,2,4,104,48,50
SUPER_5,9490000,66,6,5,77,22,44
SUPER_5,9500000,38,1,5,44,13,25
SUPER_5,9510000,45,3,4,52,29,16
SUPER_5,9520000,76,5,8,89,35,41
SUPER_5,9530000,66,8,4,78,29,37
SUPER_5,9540000,33,5,3,41,14,19
SUPER_5,9550000,84,10,9,103,38,46
SUPER_5,9560000,65,10,5,80,25,40
SUPER_5,9570000,85,11,4,100,42,43
SUPER_5,9580000,74,9,5,88,39,35
SUPER_5,9590000,123,13,10,146,50,73
SUPER_5,9600000,146,9,11,166,72,74
SUPER_5,9610000,53,3,2,58,34,19
SUPER_5,9620000,97,10,7,114,57,40
SUPER_5,9630000,229,22,34,285,118,111
SUPER_5,9640000,110,7,12,129,54,56
SUPER_5,9650000,44,4,2,50,25,19
SUPER_5,9660000,128,10,14,152,72,56
SUPER_5,9670000,167,24,7,198,84,83
SUPER_5,9680000,54,1,3,58,32,22
SUPER_5,9690000,51,3,4,58,29,22
SUPER_5,9700000,263,18,20,301,124,139
SUPER_5,9710000,268,24,23,315,128,140
SUPER_5,9720000,173,8,10,191,95,78
SUPER_5,9730000,257,19,22,298,128,129
SUPER_5,9740000,277,19,20,316,132,145
SUPER_5,9750000,222,14,14,250,109,113
SUPER_5,9760000,63,8,6,77,27,36
SUPER_5,9770000,9,2,3,14,6,3
SUPER_5,9780000,0,0,0,0,0,0
SUPER_5,9790000,0,0,0,0,0,0
SUPER_5,9800000,0,0,0,0,0,0
SUPER_5,9810000,67,6,9,82,39,28
SUPER_5,9820000,160,10,11,181,79,81
SUPER_5,9830000,148,8,16,172,82,66
SUPER_5,9840000,170,15,11,196,83,87
SUPER_5,9850000,177,17,20,214,98,79
SUPER_5,9860000,81,6,8,95,41,40
SUPER_5,9870000,169,13,16,198,91,78
SUPER_5,9880000,61,7,10,78,31,30
SUPER_5,9890000,50,1,2,53,23,27
SUPER_5,9900000,138,9,9,156,76,62
SUPER_5,9910000,211,16,13,240,125,86
SUPER_5,9920000,242,15,28,285,108,134
SUPER_5,9930000,157,4,11,172,83,74
SUPER_5,9940000,100,11,8,119,53,47
SUPER_5,9950000,209,9,14,232,116,93
SUPER_5,9960000,188,12,12,212,94,94
SUPER_5,9970000,213,15,17,245,118,95
SUPER_5,9980000,167,20,18,205,94,73
SUPER_5,9990000,180,19,14,213,93,87
SUPER_5,10000000,64,6,3,73,31,33
SUPER_5,10010000,90,10,6,106,47,43
SUPER_5,10020000,148,14,20,182,71,77
SUPER_5,10030000,76,4,7,87,37,39
SUPER_5,10040000,187,12,15,214,96,91
SUPER_5,10050000,176,11,8,195,83,93
SUPER_5,10060000,108,11,8,127,49,59
SUPER_5,10070000,191,14,20,225,98,93
SUPER_5,10080000,181,11,18,210,95,86
SUPER_5,10090000,146,3,6,155,72,74
SUPER_5,10100000,137,8,9,154,73,64
SUPER_5,10110000,169,12,12,193,89,80
SUPER_5,10120000,171,15,11,197,94,77
SUPER_5,10130000,83,10,2,95,39,44
SUPER_5,10140000,197,15,12,224,107,90
SUPER_5,10150000,209,23,13,245,107,102
SUPER_5,10160000,189,9,14,212,93,96
SUPER_5,10170000,4,0,0,4,1,3
SUPER_5,10180000,1,0,0,1,0,1
SUPER_5,10190000,1,0,0,1,1,0
SUPER_5,10200000,143,9,22,174,64,79
SUPER_5,10210000,82,6,5,93,39,43
SUPER_5,10220000,86,8,6,100,44,42
SUPER_5,10230000,56,3,4,63,31,25
SUPER_5,10240000,99,2,8,109,46,53
SUPER_5,10250000,86,8,12,106,44,42
SUPER_5,10260000,96,5,11,112,54,42
SUPER_5,10270000,91,14,10,115,54,37
SUPER_5,10280000,137,13,12,162,65,72
SUPER_5,10290000,162,14,16,192,73,89
SUPER_5,10300000,74,2,8,84,39,35
SUPER_5,10310000,233,26,16,275,125,108
SUPER_5,10320000,302,21,26,349,140,162
SUPER_5,10330000,254,28,31,313,119,135
SUPER_5,10340000,213,23,18,254,118,95
SUPER_5,10350000,163,12,4,179,85,78
SUPER_5,10360000,286,28,38,352,137,149
SUPER_5,10370000,241,24,17,282,125,116
SUPER_5,10380000,298,25,30,353,136,162
SUPER_5,10390000,233,21,19,273,131,102
SUPER_5,10400000,73,6,4,83,37,36
SUPER_5,10410000,232,24,28,284,128,104
SUPER_5,10420000,44,3,1,48,22,22
SUPER_5,10430000,55,5,1,61,25,30
SUPER_5,10440000,120,5,6,131,49,71
SUPER_5,10450000,69,8,6,83,40,29
SUPER_5,10460000,226,19,26,271,115,111
SUPER_5,10470000,265,23,21,309,144,121
SUPER_5,10480000,228,17,22,267,122,106
SUPER_5,10490000,258,25,24,307,123,135
SUPER_5,10500000,165,14,22,201,85,80
SUPER_5,10510000,219,12,19,250,126,93
SUPER_5,10520000,272,29,33,334,147,125
SUPER_5,10530000,245,23,19,287,121,124
SUPER_5,10540000,189,15,17,221,102,87
SUPER_5,10550000,163,23,16,202,89,74
SUPER_5,10560000,218,19,16,253,115,103
SUPER_5,10570000,140,13,18,171,65,75
SUPER_5,10580000,84,8,12,104,56,28
SUPER_5,10590000,292,20,25,337,142,150
SUPER_5,10600000,164,11,14,189,95,69
SUPER_5,10610000,123,8,7,138,71,52
SUPER_5,10620000,69,0,5,74,48,21
SUPER_5,10630000,155,10,14,179,72,83
SUPER_5,10640000,62,0,5,67,25,37
SUPER_5,10650000,242,13,19,274,115,127
SUPER_5,10660000,235,14,14,263,118,117
SUPER_5,10670000,86,7,10,103,48,38
SUPER_5,10680000,66,7,6,79,30,36
SUPER_5,10690000,189,20,21,230,98,91
SUPER_5,10700000,280,20,16,316,128,152
SUPER_5,10710000,99,15,9,123,49,50
SUPER_5,10720000,152,14,14,180,74,78
SUPER_5,10730000,90,6,3,99,34,56
SUPER_5,10740000,81,12,4,97,39,42
SUPER_5,10750000,115,6,7,128,72,43
SUPER_5,10760000,5,1,1,7,2,3
SUPER_5,10770000,131,10,13,154,64,67
SUPER_5,10780000,189,14,16,219,84,105
SUPER_5,10790000,174,18,12,204,78,96
SUPER_5,10800000,221,11,21,253,106,115
SUPER_5,10810000,131,9,12,152,70,61
SUPER_5,10820000,227,18,18,263,118,109
SUPER_5,10830000,252,20,22,294,125,127
SUPER_5,10840000,225,11,12,248,116,109
SUPER_5,10850000,253,22,26,301,114,139
SUPER_5,10860000,279,32,24,335,143,136
SUPER_5,10870000,245,29,23,297,124,121
SUPER_5,10880000,273,23,19,315,134,139
SUPER_5,10890000,204,16,16,236,117,87
SUPER_5,10900000,177,10,16,203,84,93
SUPER_5,10910000,143,10,8,161,74,69
SUPER_5,10920000,160,9,15,184,89,71
SUPER_5,10930000,224,16,14,254,103,121
SUPER_5,10940000,235,18,22,275,118,117
SUPER_5,10950000,262,15,18,295,134,128
SUPER_5,10960000,228,16,28,272,116,112
SUPER_5,10970000,258,19,14,291,145,113
SUPER_5,10980000,212,19,13,244,113,99
SUPER_5,10990000,135,6,6,147,75,60
SUPER_5,11000000,71,2,10,83,37,34
SUPER_5,11010000,204,10,32,246,101,103
SUPER_5,11020000,194,23,14,231,94,100
SUPER_5,11030000,284,25,29,338,137,147
SUPER_5,11040000,231,18,21,270,107,124
SUPER_5,11050000,140,8,8,156,78,62
SUPER_5,11060000,85,6,7,98,43,42
SUPER_5,11070000,109,14,14,137,57,52
SUPER_5,11080000,54,4,2,60,27,27
SUPER_5,11090000,17,0,1,18,9,8
SUPER_5,11100000,0,0,0,0,0,0
SUPER_5,11110000,0,0,0,0,0,0
SUPER_5,11120000,111,4,11,126,60,51
SUPER_5,11130000,81,7,7,95,40,41
SUPER_5,11140000,28,2,5,35,19,9
SUPER_5,11150000,47,7,0,54,18,29
SUPER_5,11160000,82,7,5,94,33,49
SUPER_5,11170000,205,21,22,248,107,98
SUPER_5,11180000,315,16,20,351,164,151
SUPER_5,11190000,0,0,0,0,0,0
SUPER_5,11200000,0,0,0,0,0,0
SUPER_5,11210000,38,3,1,42,20,18
SUPER_5,11220000,175,14,15,204,89,86
SUPER_5,11230000,236,18,20,274,130,106
SUPER_5,11240000,150,15,6,171,72,78
SUPER_5,11250000,199,11,28,238,107,92
SUPER_5,11260000,213,22,17,252,116,97
SUPER_5,11270000,254,12,24,290,144,110
SUPER_5,11280000,207,15,24,246,111,96
SUPER_5,11290000,216,16,22,254,117,99
SUPER_5,11300000,203,23,19,245,94,109
SUPER_5,11310000,77,6,9,92,42,35
SUPER_5,11320000,189,9,19,217,98,91
SUPER_5,11330000,88,2,3,93,44,44
SUPER_5,11340000,234,23,24,281,118,116
SUPER_5,11350000,199,18,22,239,94,105
SUPER_5,11360000,210,25,16,251,106,104
SUPER_5,11370000,189,12,11,212,105,84
SUPER_5,11380000,223,24,26,273,111,112
SUPER_5,11390000,15,1,0,16,8,7
SUPER_5,11400000,92,5,15,112,41,51
SUPER_5,11410000,236,11,18,265,109,127
SUPER_5,11420000,168,12,20,200,87,81
SUPER_5,11430000,170,13,14,197,88,82
SUPER_5,11440000,164,12,17,193,89,75
SUPER_5,11450000,190,23,14,227,103,87
SUPER_5,11460000,194,16,14,224,90,104
SUPER_5,11470000,190,13,15,218,92,98
SUPER_5,11480000,147,7,12,166,80,67
SUPER_5,11490000,231,17,28,276,116,115
SUPER_5,11500000,162,15,16,193,86,76
SUPER_5,11510000,102,8,10,120,48,54
SUPER_5,11520000,164,4,12,180,88,76
SUPER_5,11530000,99,6,7,112,47,52
SUPER_5,11540000,159,10,14,183,86,73
SUPER_5,11550000,333,33,23,389,164,169
SUPER_5,11560000,292,20,30,342,141,151
SUPER_5,11570000,162,7,16,185,84,78
SUPER_5,11580000,194,14,13,221,100,94
SUPER_5,11590000,257,20,19,296,140,117
SUPER_5,11600000,147,15,10,172,74,73
SUPER_5,11610000,99,5,15,119,54,45
SUPER_5,11620000,94,6,10,110,44,50
SUPER_5,11630000,36,2,3,41,19,17
SUPER_5,11640000,131,13,6,150,65,66
SUPER_5,11650000,241,23,14,278,117,124
SUPER_5,11660000,83,6,8,97,45,38
SUPER_5,11670000,62,5,3,70,37,25
SUPER_5,11680000,227,18,18,263,119,108
SUPER_5,11690000,162,13,11,186,89,73
SUPER_5,11700000,152,9,13,174,85,67
SUPER_5,11710000,190,20,19,229,101,89
SUPER_5,11720000,205,8,21,234,92,113
SUPER_5,11730000,109,7,6,122,57,52
SUPER_5,11740000,127,9,11,147,62,65
SUPER_5,11750000,253,27,23,303,115,138
SUPER_5,11760000,234,14,24,272,119,115
SUPER_5,11770000,161,12,14,187,84,77
SUPER_5,11780000,232,13,12,257,117,115
SUPER_5,11790000,155,6,13,174,83,72
SUPER_5,11800000,26,3,3,32,10,16
SUPER_5,11810000,160,14,11,185,84,76
SUPER_5,11820000,272,23,27,322,147,125
SUPER_5,11830000,111,12,9,132,61,50
SUPER_5,11840000,243,21,19,283,121,122
SUPER_5,11850000,214,21,14,249,112,102
SUPER_5,11860000,196,15,12,223,100,96
SUPER_5,11870000,139,14,10,163,65,74
SUPER_5,11880000,52,7,5,64,22,30
SUPER_5,11890000,44,3,3,50,21,23
SUPER_5,11900000,195,12,20,227,103,92
SUPER_5,11910000,151,12,13,176,77,74
SUPER_5,11920000,98,9,10,117,54,44
SUPER_5,11930000,121,7,10,138,73,48
SUPER_5,11940000,149,13,10,172,75,74
SUPER_5,11950000,57,9,7,73,29,28
SUPER_5,11960000,235,20,17,272,118,117
SUPER_5,11970000,230,16,22,268,112,118
SUPER_5,11980000,200,11,8,219,117,83
SUPER_5,11990000,65,5,4,74,33,32
SUPER_5,12000000,163,7,14,184,97,66
SUPER_5,12010000,56,7,8,71,38,18
SUPER_5,12020000,31,0,2,33,15,16
SUPER_5,12030000,103,8,5,116,52,51
SUPER_5,12040000,249,13,16,278,116,133
SUPER_5,12050000,108,9,6,123,56,52
SUPER_5,12060000,227,10,24,261,114,113
SUPER_5,12070000,238,26,13,277,104,134
SUPER_5,12080000,53,8,5,66,31,22
SUPER_5,12090000,36,1,5,42,23,13
SUPER_5,12100000,240,26,21,287,106,134
SUPER_5,12110000,10,2,1,13,7,3
SUPER_5,12120000,172,15,21,208,73,99
SUPER_5,12130000,88,4,10,102,45,43
SUPER_5,12140000,52,4,3,59,29,23
SUPER_5,12150000,114,6,11,131,62,52
SUPER_5,12160000,133,8,15,156,67,66
SUPER_5,12170000,120,12,10,142,63,57
SUPER_5,12180000,163,12,12,187,85,78
SUPER_5,12190000,135,11,17,163,71,64
SUPER_5,12200000,98,6,9,113,57,41
SUPER_5,12210000,123,11,7,141,69,54
SUPER_5,12220000,58,8,2,68,25,33
SUPER_5,12230000,139,10,11,160,76,63
SUPER_5,12240000,149,15,12,176,79,70
SUPER_5,12250000,171,21,17,209,85,86
SUPER_5,12260000,257,21,29,307,129,128
SUPER_5,12270000,263,18,15,296,141,122
SUPER_5,12280000,230,20,18,268,111,119
SUPER_5,12290000,189,11,13,213,108,81
SUPER_5,12300000,119,8,16,143,71,48
SUPER_5,12310000,101,14,6,121,53,48
SUPER_5,12320000,18,0,1,19,10,8
SUPER_5,12330000,6,0,0,6,3,3
SUPER_5,12340000,86,6,6,98,45,41
SUPER_5,12350000,63,5,5,73,31,32
SUPER_5,12360000,2,0,2,4,1,1
SUPER_5,12370000,78,2,8,88,44,34
SUPER_5,12380000,16,1,0,17,11,5
SUPER_5,12390000,80,4,10,94,38,42
SUPER_5,12400000,100,1,7,108,50,50
SUPER_5,12410000,253,18,21,292,129,124
SUPER_5,12420000,216,17,17,250,97,119
SUPER_5,12430000,32,1,3,36,21,11
SUPER_5,12440000,67,3,6,76,35,32
SUPER_5,12450000,93,10,12,115,43,50
SUPER_5,12460000,188,13,8,209,104,84
SUPER_5,12470000,57,2,2,61,33,24
SUPER_5,12480000,97,9,6,112,49,48
SUPER_5,12490000,76,3,11,90,48,28
SUPER_5,12500000,204,7,19,230,93,111
SUPER_5,12510000,244,16,31,291,129,115
SUPER_5,12520000,273,17,21,311,153,120
SUPER_5,12530000,120,9,6,135,54,66
SUPER_5,12540000,191,16,11,218,82,109
SUPER_5,12550000,170,6,14,190,96,74
SUPER_5,12560000,251,29,17,297,121,130
SUPER_5,12570000,328,17,23,368,156,172
SUPER_5,12580000,171,10,13,194,87,84
SUPER_5,12590000,259,29,26,314,120,139
SUPER_5,12600000,84,8,6,98,38,46
SUPER_5,12610000,169,7,13,189,88,81
SUPER_5,12620000,174,18,17,209,89,85
SUPER_5,12630000,117,10,7,134,66,51
SUPER_5,12640000,91,6,10,107,41,50
SUPER_5,12650000,175,7,8,190,91,84
SUPER_5,12660000,194,11,16,221,91,103
SUPER_5,12670000,104,4,8,116,68,36
SUPER_5,12680000,18,2,0,20,9,9
SUPER_5,12690000,88,4,7,99,47,41
SUPER_5,12700000,137,13,8,158,63,74
SUPER_5,12710000,154,11,12,177,83,71
SUPER_5,12720000,249,36,15,300,121,128
SUPER_5,12730000,232,28,25,285,108,124
SUPER_5,12740000,261,15,15,291,138,123
SUPER_5,12750000,233,23,16,272,113,120
SUPER_5,12760000,210,19,27,256,111,99
SUPER_5,12770000,223,28,25,276,121,102
SUPER_5,12780000,144,15,4,163,68,76
SUPER_5,12790000,157,14,14,185,86,71
SUPER_5,12800000,215,10,21,246,118,97
SUPER_5,12810000,102,4,7,113,55,47
SUPER_5,12820000,133,13,8,154,78,55
SUPER_5,12830000,145,7,14,166,71,74
SUPER_5,12840000,169,14,11,194,90,79
SUPER_5,12850000,215,17,23,255,105,110
SUPER_5,12860000,313,25,26,364,147,166
SUPER_5,12870000,62,3,6,71,36,26
SUPER_5,12880000,22,1,2,25,14,8
SUPER_5,12890000,41,4,4,49,24,17
SUPER_5,12900000,112,6,9,127,68,44
SUPER_5,12910000,161,15,18,194,84,77
SUPER_5,12920000,237,19,21,277,110,127
SUPER_5,12930000,128,7,7,142,79,49
SUPER_5,12940000,169,16,21,206,76,93
SUPER_5,12950000,40,2,2,44,25,15
SUPER_5,12960000,72,3,3,78,34,38
SUPER_5,12970000,216,24,13,253,124,92
SUPER_5,12980000,249,23,14,286,120,129
SUPER_5,12990000,82,7,3,92,45,37
SUPER_5,13000000,241,27,19,287,137,104
SUPER_5,13010000,223,14,20,257,106,117
SUPER_5,13020000,200,15,20,235,96,104
SUPER_5,13030000,55,5,5,65,26,29
SUPER_5,13040000,13,2,0,15,7,6
SUPER_5,13050000,162,15,10,187,83,79
SUPER_5,13060000,291,18,20,329,134,157
SUPER_5,13070000,193,17,19,229,97,96
SUPER_5,13080000,283,25,44,352,145,138
SUPER_5,13090000,235,29,24,288,131,104
SUPER_5,13100000,296,18,26,340,143,153
SUPER_5,13110000,222,21,24,267,111,111
SUPER_5,13120000,247,16,19,282,122,125
SUPER_5,13130000,198,12,28,238,97,101
SUPER_5,13140000,112,9,16,137,63,49
SUPER_5,13150000,248,24,19,291,119,129
SUPER_5,13160000,130,15,7,152,60,70
SUPER_5,13170000,182,8,12,202,91,91
SUPER_5,13180000,136,16,11,163,60,76
SUPER_5,13190000,167,10,12,189,85,82
SUPER_5,13200000,144,7,16,167,73,71
SUPER_5,13210000,119,9,11,139,52,67
SUPER_5,13220000,209,17,18,244,97,112
SUPER_5,13230000,51,2,1,54,27,24
SUPER_5,13240000,146,15,13,174,72,74
SUPER_5,13250000,243,26,22,291,112,131
SUPER_5,13260000,140,10,14,164,66,74
SUPER_5,13270000,14,1,3,18,9,5
SUPER_5,13280000,137,11,14,162,73,64
SUPER_5,13290000,118,10,5,133,64,54
SUPER_5,13300000,129,9,14,152,62,67
SUPER_5,13310000,88,10,7,105,39,49
SUPER_5,13320000,239,16,13,268,125,114
SUPER_5,13330000,152,10,11,173,86,66
SUPER_5,13340000,224,20,21,265,129,95
SUPER_5,13350000,241,26,21,288,110,131
SUPER_5,13360000,216,20,21,257,114,102
SUPER_5,13370000,178,13,17,208,83,95
SUPER_5,13380000,160,14,13,187,86,74
SUPER_5,13390000,262,20,28,310,132,130
SUPER_5,13400000,97,12,4,113,48,49
SUPER_5,13410000,170,12,19,201,90,80
SUPER_5,13420000,163,14,21,198,83,80
SUPER_5,13430000,146,10,10,166,60,86
SUPER_5,13440000,261,18,14,293,132,129
SUPER_5,13450000,257,17,24,298,134,123
SUPER_5,13460000,265,18,25,308,143,122
SUPER_5,13470000,109,12,14,135,55,54
SUPER_5,13480000,179,11,15,205,90,89
SUPER_5,13490000,256,26,16,298,133,123
SUPER_5,13500000,168,10,11,189,83,85
SUPER_5,13510000,79,6,9,94,49,30
SUPER_5,13520000,190,14,14,218,95,95
SUPER_5,13530000,103,6,8,117,49,54
SUPER_5,13540000,186,14,21,221,80,106
SUPER_5,13550000,251,19,22,292,121,130
SUPER_5,13560000,145,12,9,166,64,81
SUPER_5,13570000,116,6,8,130,59,57
SUPER_5,13580000,212,16,12,240,123,89
SUPER_5,13590000,284,20,27,331,151,133
SUPER_5,13600000,175,13,11,199,92,83
SUPER_5,13610000,100,5,6,111,61,39
SUPER_5,13620000,129,2,6,137,62,67
SUPER_5,13630000,95,3,5,103,54,41
SUPER_5,13640000,227,18,18,263,114,113
SUPER_5,13650000,255,18,14,287,148,107
SUPER_5,13660000,250,17,26,293,113,137
SUPER_5,13670000,233,16,16,265,123,110
SUPER_5,13680000,153,9,13,175,85,68
SUPER_5,13690000,0,0,0,0,0,0
SUPER_5,13700000,0,0,0,0,0,0
SUPER_5,13710000,0,0,0,0,0,0
SUPER_5,13720000,2,0,0,2,0,2
SUPER_5,13730000,61,5,4,70,25,36
SUPER_5,13740000,186,20,20,226,93,93
SUPER_5,13750000,134,7,7,148,68,66
SUPER_5,13760000,56,2,3,61,25,31
SUPER_5,13770000,32,1,1,34,16,16
SUPER_5,13780000,97,3,7,107,51,46
SUPER_5,13790000,42,3,2,47,18,24
SUPER_5,13800000,126,10,8,144,60,66
SUPER_5,13810000,315,24,29,368,175,140
SUPER_5,13820000,255,17,22,294,138,117
SUPER_5,13830000,178,18,10,206,80,98
SUPER_5,13840000,76,3,5,84,42,34
SUPER_5,13850000,70,10,3,83,42,28
SUPER_5,13860000,264,12,15,291,136,128
SUPER_5,13870000,146,17,11,174,77,69
SUPER_5,13880000,6,1,1,8,2,4
SUPER_5,13890000,218,19,19,256,109,109
SUPER_5,13900000,211,27,17,255,113,98
SUPER_5,13910000,36,3,0,39,17,19
SUPER_5,13920000,131,9,7,147,63,68
SUPER_5,13930000,54,2,5,61,20,34
SUPER_5,13940000,78,5,8,91,42,36
SUPER_5,13950000,42,2,5,49,21,21
SUPER_5,13960000,8,0,0,8,7,1
SUPER_5,13970000,46,6,8,60,27,19
SUPER_5,13980000,0,0,0,0,0,0
SUPER_5,13990000,0,0,0,0,0,0
SUPER_5,14000000,40,2,1,43,25,15
SUPER_5,14010000,164,7,9,180,86,78
SUPER_5,14020000,242,15,14,271,126,116
SUPER_5,14030000,249,19,20,288,145,104
SUPER_5,14040000,130,9,9,148,64,66
SUPER_5,14050000,56,3,2,61,28,28
SUPER_5,14060000,33,0,3,36,20,13
SUPER_5,14070000,42,4,8,54,22,20
SUPER_5,14080000,96,10,8,114,55,41
SUPER_5,14090000,180,12,10,202,88,92
SUPER_5,14100000,167,13,13,193,68,99
SUPER_5,14110000,130,9,7,146,65,65
SUPER_5,14120000,112,11,12,135,53,59
SUPER_5,14130000,45,3,7,55,29,16
SUPER_5,14140000,14,2,0,16,6,8
SUPER_5,14150000,30,0,1,31,16,14
SUPER_5,14160000,172,14,18,204,79,93
SUPER_5,14170000,219,16,17,252,127,92
SUPER_5,14180000,77,7,8,92,43,34
SUPER_5,14190000,23,0,1,24,11,12
SUPER_5,14200000,84,7,5,96,38,46
SUPER_5,14210000,33,0,2,35,20,13
SUPER_5,14220000,49,0,6,55,26,23
SUPER_5,14230000,19,0,0,19,10,9
SUPER_5,14240000,46,3,3,52,25,21
SUPER_5,14250000,107,4,8,119,57,50
SUPER_5,14260000,78,6,8,92,39,39
SUPER_5,14270000,176,12,8,196,85,91
SUPER_5,14280000,209,15,24,248,104,105
SUPER_5,14290000,181,15,13,209,95,86
SUPER_5,14300000,250,24,24,298,136,114
SUPER_5,14310000,261,20,32,313,137,124
SUPER_5,14320000,233,10,13,256,112,121
SUPER_5,14330000,239,20,29,288,118,121
SUPER_5,14340000,107,11,8,126,53,54
SUPER_5,14350000,100,7,9,116,56,44
SUPER_5,14360000,189,15,9,213,109,80
SUPER_5,14370000,225,17,24,266,120,105
SUPER_5,14380000,166,18,16,200,90,76
SUPER_5,14390000,180,18,17,215,99,81
SUPER_5,14400000,157,18,12,187,94,63
SUPER_5,14410000,118,17,8,143,61,57
SUPER_5,14420000,179,17,15,211,91,88
SUPER_5,14430000,224,15,24,263,111,113
SUPER_5,14440000,164,13,12,189,88,76
SUPER_5,14450000,169,19,18,206,91,78
SUPER_5,14460000,222,27,26,275,120,102
SUPER_5,14470000,199,16,20,235,111,88
SUPER_5,14480000,265,22,28,315,134,131
SUPER_5,14490000,209,14,12,235,108,101
SUPER_5,14500000,0,0,0,0,0,0
SUPER_5,14510000,0,0,0,0,0,0
SUPER_5,14520000,54,2,5,61,27,27
SUPER_5,14530000,4,0,0,4,2,2
SUPER_5,14540000,4,0,0,4,0,4
SUPER_5,14550000,23,0,2,25,8,15
SUPER_5,14560000,3,0,0,3,0,3
SUPER_5,14570000,12,0,0,12,5,7
SUPER_5,14580000,15,0,0,15,10,5
SUPER_6,10000,14,3,0,17,12,2
SUPER_6,20000,5,0,0,5,2,3
SUPER_6,30000,10,0,0,10,7,3
SUPER_6,40000,0,0,0,0,0,0
SUPER_6,50000,0,0,0,0,0,0
SUPER_6,60000,3,2,0,5,1,2
SUPER_6,70000,0,0,0,0,0,0
SUPER_6,80000,0,0,0,0,0,0
SUPER_6,90000,20,3,2,25,12,8
SUPER_6,100000,32,3,6,41,19,13
SUPER_6,110000,19,3,4,26,10,9
SUPER_6,120000,48,6,5,59,25,23
SUPER_6,130000,108,7,14,129,49,59
SUPER_6,140000,72,4,5,81,38,34
SUPER_6,150000,139,13,19,171,57,82
SUPER_6,160000,169,16,17,202,84,85
SUPER_6,170000,53,5,1,59,27,26
SUPER_6,180000,188,16,16,220,100,88
SUPER_6,190000,207,11,17,235,121,86
SUPER_6,200000,197,13,7,217,109,88
SUPER_6,210000,126,9,13,148,79,47
SUPER_6,220000,182,15,13,210,101,81
SUPER_6,230000,242,24,10,276,126,116
SUPER_6,240000,177,10,13,200,97,80
SUPER_6,250000,178,15,16,209,101,77
SUPER_6,260000,171,16,16,203,89,82
SUPER_6,270000,78,2,9,89,39,39
SUPER_6,280000,148,11,10,169,82,66
SUPER_6,290000,226,6,20,252,128,98
SUPER_6,300000,213,16,17,246,114,99
SUPER_6,310000,89,12,8,109,45,44
SUPER_6,320000,217,18,16,251,112,105
SUPER_6,330000,159,12,9,180,77,82
SUPER_6,340000,168,11,8,187,90,78
SUPER_6,350000,188,12,16,216,99,89
SUPER_6,360000,83,7,15,105,42,41
SUPER_6,370000,86,5,9,100,44,42
SUPER_6,380000,43,1,5,49,22,21
SUPER_6,390000,52,4,8,64,26,26
SUPER_6,400000,90,3,9,102,44,46
SUPER_6,410000,225,16,13,254,115,110
SUPER_6,420000,168,10,11,189,98,70
SUPER_6,430000,234,18,19,271,115,119
SUPER_6,440000,209,19,19,247,111,98
SUPER_6,450000,243,24,23,290,135,108
SUPER_6,460000,197,8,9,214,101,96
SUPER_6,470000,87,5,9,101,44,43
SUPER_6,480000,255,23,20,298,118,137
SUPER_6,490000,155,11,21,187,82,73
SUPER_6,500000,51,4,2,57,23,28
SUPER_6,510000,180,17,19,216,89,91
SUPER_6,520000,237,19,14,270,113,124
SUPER_6,530000,108,15,6,129,63,45
SUPER_6,540000,109,8,9,126,61,48
SUPER_6,550000,284,23,22,329,151,133
SUPER_6,560000,315,10,28,353,162,153
SUPER_6,570000,258,21,29,308,141,117
SUPER_6,580000,195,15,16,226,94,101
SUPER_6,590000,128,8,10,146,59,69
SUPER_6,600000,199,6,20,225,92,107
SUPER_6,610000,134,8,10,152,77,57
SUPER_6,620000,205,22,16,243,96,109
SUPER_6,630000,62,2,8,72,40,22
SUPER_6,640000,197,13,10,220,104,93
SUPER_6,650000,0,0,0,0,0,0
SUPER_6,660000,0,0,0,0,0,0
SUPER_6,670000,0,0,0,0,0,0
SUPER_6,680000,0,0,0,0,0,0
SUPER_6,690000,0,0,0,0,0,0
SUPER_6,700000,165,13,6,184,81,84
SUPER_6,710000,23,2,5,30,8,15
SUPER_6,720000,122,4,14,140,58,64
SUPER_6,730000,109,8,7,124,61,48
SUPER_6,740000,127,4,10,141,57,70
SUPER_6,750000,267,17,14,298,126,141
SUPER_6,760000,228,14,25,267,117,111
SUPER_6,770000,83,13,8,104,37,46
SUPER_6,780000,178,11,12,201,92,86
SUPER_6,790000,249,16,25,290,125,124
SUPER_6,800000,35,3,1,39,20,15
SUPER_6,810000,211,12,15,238,115,96
SUPER_6,820000,270,20,26,316,140,130
SUPER_6,830000,246,19,20,285,120,126
SUPER_6,840000,286,24,19,329,145,141
SUPER_6,850000,211,19,23,253,111,100
SUPER_6,860000,111,3,4,118,60,51
SUPER_6,870000,238,24,15,277,112,126
SUPER_6,880000,117,9,9,135,50,67
SUPER_6,890000,94,11,13,118,49,45
SUPER_6,900000,144,16,26,186,68,76
SUPER_6,910000,143,16,13,172,70,73
SUPER_6,920000,156,18,12,186,82,74
SUPER_6,930000,287,24,28,339,134,153
SUPER_6,940000,207,15,17,239,99,108
SUPER_6,950000,28,1,1,30,16,12
SUPER_6,960000,139,22,5,166,61,78
SUPER_6,970000,211,13,18,242,100,111
SUPER_6,980000,79,6,6,91,35,44
SUPER_6,990000,17,0,3,20,10,7
SUPER_6,1000000,91,7,10,108,54,37
SUPER_6,1010000,96,6,5,107,53,43
SUPER_6,1020000,156,6,14,176,78,78
SUPER_6,1030000,264,17,19,300,117,147
SUPER_6,1040000,297,15,19,331,147,150
SUPER_6,1050000,201,7,14,222,101,100
SUPER_6,1060000,246,17,23,286,121,125
SUPER_6,1070000,286,22,27,335,148,138
SUPER_6,1080000,281,18,18,317,141,140
SUPER_6,1090000,164,15,16,195,70,94
SUPER_6,1100000,252,22,19,293,119,133
SUPER_6,1110000,244,23,19,286,128,116
SUPER_6,1120000,132,9,8,149,80,52
SUPER_6,1130000,165,12,12,189,84,81
SUPER_6,1140000,228,15,27,270,123,105
SUPER_6,1150000,174,14,21,209,94,80
SUPER_6,1160000,263,23,13,299,127,136
SUPER_6,1170000,203,14,16,233,111,92
SUPER_6,1180000,30,1,3,34,15,15
SUPER_6,1190000,165,13,13,191,92,73
SUPER_6,1200000,238,28,21,287,127,111
SUPER_6,1210000,153,5,14,172,94,59
SUPER_6,1220000,204,15,15,234,97,107
SUPER_6,1230000,181,17,14,212,104,77
SUPER_6,1240000,152,13,16,181,79,73
SUPER_6,1250000,212,11,12,235,113,99
SUPER_6,1260000,164,13,20,197,74,90
SUPER_6,1270000,190,10,25,225,102,88
SUPER_6,1280000,234,33,24,291,109,125
SUPER_6,1290000,172,20,15,207,78,94
SUPER_6,1300000,76,6,11,93,37,39
SUPER_6,1310000,113,6,11,130,55,58
SUPER_6,1320000,46,3,6,55,23,23
SUPER_6,1330000,197,15,13,225,117,80
SUPER_6,1340000,125,9,2,136,69,56
SUPER_6,1350000,251,15,17,283,137,114
SUPER_6,1360000,235,21,20,276,115,120
SUPER_6,1370000,217,20,16,253,99,118
SUPER_6,1380000,38,2,2,42,19,19
SUPER_6,1390000,93,8,8,109,56,37
SUPER_6,1400000,286,17,26,329,124,162
SUPER_6,1410000,293,17,20,330,153,140
SUPER_6,1420000,90,7,8,105,41,49
SUPER_6,1430000,163,11,13,187,78,85
SUPER_6,1440000,147,6,21,174,77,70
SUPER_6,1450000,171,13,14,198,87,84
SUPER_6,1460000,59,7,8,74,27,32
SUPER_6,1470000,29,3,6,38,12,17
SUPER_6,1480000,147,14,19,180,69,78
SUPER_6,1490000,155,8,15,178,76,79
SUPER_6,1500000,273,35,26,334,133,140
SUPER_6,1510000,340,26,33,399,191,149
SUPER_6,1520000,182,17,12,211,102,80
SUPER_6,1530000,96,4,5,105,56,40
SUPER_6,1540000,121,10,11,142,58,63
SUPER_6,1550000,221,18,20,259,114,107
SUPER_6,1560000,223,14,18,255,104,119
SUPER_6,1570000,243,16,17,276,117,126
SUPER_6,1580000,144,10,11,165,76,68
SUPER_6,1590000,214,27,14,255,93,121
SUPER_6,1600000,257,25,12,294,119,138
SUPER_6,1610000,217,20,16,253,105,112
SUPER_6,1620000,163,8,13,184,76,87
SUPER_6,1630000,252,17,19,288,136,116
SUPER_6,1640000,75,10,10,95,40,35
SUPER_6,1650000,139,8,8,155,75,64
SUPER_6,1660000,98,3,6,107,39,59
SUPER_6,1670000,209,15,15,239,110,99
SUPER_6,1680000,210,21,8,239,101,109
SUPER_6,1690000,231,26,17,274,112,119
SUPER_6,1700000,78,2,7,87,40,38
SUPER_6,1710000,207,17,20,244,111,96
SUPER_6,1720000,144,14,18,176,72,72
SUPER_6,1730000,217,20,24,261,116,101
SUPER_6,1740000,139,18,7,164,69,70
SUPER_6,1750000,120,7,12,139,78,42
SUPER_6,1760000,300,18,24,342,164,136
SUPER_6,1770000,200,19,25,244,95,105
SUPER_6,1780000,263,21,28,312,125,138
SUPER_6,1790000,293,21,25,339,156,137
SUPER_6,1800000,230,23,23,276,128,102
SUPER_6,1810000,135,13,13,161,75,60
SUPER_6,1820000,199,14,13,226,112,87
SUPER_6,1830000,63,7,8,78,25,38
SUPER_6,1840000,6,1,0,7,4,2
SUPER_6,1850000,100,6,11,117,50,50
SUPER_6,1860000,25,2,5,32,17,8
SUPER_6,1870000,26,1,4,31,14,12
SUPER_6,1880000,147,12,10,169,76,71
SUPER_6,1890000,0,0,1,1,0,0
SUPER_6,1900000,66,5,3,74,34,32
SUPER_6,1910000,98,5,9,112,54,44
SUPER_6,1920000,176,15,16,207,92,84
SUPER_6,1930000,237,16,15,268,126,111
SUPER_6,1940000,120,8,13,141,68,52
SUPER_6,1950000,115,7,9,131,63,52
SUPER_6,1960000,74,5,5,84,31,43
SUPER_6,1970000,131,9,12,152,61,70
SUPER_6,1980000,215,16,17,248,105,110
SUPER_6,1990000,183,8,20,211,103,80
SUPER_6,2000000,150,10,6,166,84,66
SUPER_6,2010000,138,10,8,156,72,66
SUPER_6,2020000,206,17,26,249,97,109
SUPER_6,2030000,227,17,20,264,112,115
SUPER_6,2040000,124,8,9,141,76,48
SUPER_6,2050000,90,6,7,103,43,47
SUPER_6,2060000,131,8,4,143,72,59
SUPER_6,2070000,126,7,6,139,63,63
SUPER_6,2080000,165,19,18,202,85,80
SUPER_6,2090000,252,14,17,283,125,127
SUPER_6,2100000,266,15,27,308,137,129
SUPER_6,2110000,302,18,28,348,164,138
SUPER_6,2120000,206,16,17,239,107,99
SUPER_6,2130000,220,23,24,267,101,119
SUPER_6,2140000,88,4,8,100,47,41
SUPER_6,2150000,243,18,22,283,114,129
SUPER_6,2160000,310,26,23,359,162,148
SUPER_6,2170000,255,20,24,299,111,144
SUPER_6,2180000,96,10,7,113,49,47
SUPER_6,2190000,149,15,9,173,75,74
SUPER_6,2200000,160,9,19,188,70,90
SUPER_6,2210000,74,12,5,91,39,35
SUPER_6,2220000,235,23,19,277,113,122
SUPER_6,2230000,230,24,20,274,122,108
SUPER_6,2240000,182,19,12,213,93,89
SUPER_6,2250000,233,17,14,264,128,105
SUPER_6,2260000,108,10,9,127,56,52
SUPER_6,2270000,192,19,12,223,102,90
SUPER_6,2280000,196,17,28,241,90,106
SUPER_6,2290000,270,17,23,310,139,131
SUPER_6,2300000,158,16,23,197,75,83
SUPER_6,2310000,263,27,15,305,135,128
SUPER_6,2320000,153,14,9,176,85,68
SUPER_6,2330000,201,15,27,243,95,106
SUPER_6,2340000,199,14,23,236,115,84
SUPER_6,2350000,238,21,19,278,121,117
SUPER_6,2360000,219,13,24,256,108,111
SUPER_6,2370000,164,12,17,193,88,76
SUPER_6,2380000,224,19,18,261,100,124
SUPER_6,2390000,253,16,15,284,100,153
SUPER_6,2400000,85,7,13,105,37,48
SUPER_6,2410000,169,15,15,199,85,84
SUPER_6,2420000,149,16,8,173,77,72
SUPER_6,2430000,114,7,7,128,59,55
SUPER_6,2440000,134,7,9,150,65,69
SUPER_6,2450000,164,17,15,196,89,75
SUPER_6,2460000,90,9,13,112,43,47
SUPER_6,2470000,242,23,26,291,122,120
SUPER_6,2480000,198,17,17,232,102,96
SUPER_6,2490000,265,17,27,309,137,128
SUPER_6,2500000,0,0,0,0,0,0
SUPER_6,2510000,0,0,0,0,0,0
SUPER_6,2520000,218,16,19,253,110,108
SUPER_6,2530000,130,5,5,140,75,55
SUPER_6,2540000,191,19,23,233,102,89
SUPER_6,2550000,249,15,23,287,121,128
SUPER_6,2560000,292,26,29,347,139,153
SUPER_6,2570000,283,23,28,334,158,125
SUPER_6,2580000,238,20,26,284,113,125
SUPER_6,2590000,192,19,25,236,84,108
SUPER_6,2600000,282,24,29,335,137,145
SUPER_6,2610000,274,18,30,322,134,140
SUPER_6,2620000,193,14,20,227,103,90
SUPER_6,2630000,270,22,22,314,146,124
SUPER_6,2640000,268,32,27,327,135,133
SUPER_6,2650000,124,11,17,152,67,57
SUPER_6,2660000,157,15,15,187,71,86
SUPER_6,2670000,161,12,14,187,75,86
SUPER_6,2680000,96,11,6,113,44,52
SUPER_6,2690000,198,23,26,247,84,114
SUPER_6,2700000,235,19,22,276,116,119
SUPER_6,2710000,298,25,36,359,141,157
SUPER_6,2720000,249,17,17,283,121,128
SUPER_6,2730000,233,13,16,262,114,119
SUPER_6,2740000,266,17,11,294,134,132
SUPER_6,2750000,81,4,5,90,33,48
SUPER_6,2760000,211,9,15,235,102,109
SUPER_6,2770000,25,1,2,28,14,11
SUPER_6,2780000,76,11,9,96,39,37
SUPER_6,2790000,210,14,20,244,107,103
SUPER_6,2800000,103,18,16,137,46,57
SUPER_6,2810000,261,9,24,294,131,130
SUPER_6,2820000,228,16,12,256,119,109
SUPER_6,2830000,139,9,13,161,76,63
SUPER_6,2840000,97,10,10,117,53,44
SUPER_6,2850000,158,11,10,179,86,72
SUPER_6,2860000,122,9,15,146,64,58
SUPER_6,2870000,184,10,22,216,91,93
SUPER_6,2880000,201,15,18,234,97,104
SUPER_6,2890000,70,4,3,77,37,33
SUPER_6,2900000,135,5,8,148,73,62
SUPER_6,2910000,257,17,27,301,133,124
SUPER_6,2920000,6,0,0,6,1,5
SUPER_6,2930000,134,10,11,155,74,60
SUPER_6,2940000,0,0,1,1,0,0
SUPER_6,2950000,144,11,7,162,71,73
SUPER_6,2960000,196,11,14,221,98,98
SUPER_6,2970000,93,5,9,107,50,43
SUPER_6,2980000,219,16,17,252,111,108
SUPER_6,2990000,322,28,28,378,148,174
SUPER_6,3000000,82,6,5,93,46,36
SUPER_6,3010000,194,19,17,230,99,95
SUPER_6,3020000,96,4,13,113,49,47
SUPER_6,3030000,191,10,9,210,99,92
SUPER_6,3040000,302,24,27,353,144,158
SUPER_6,3050000,79,7,7,93,41,38
SUPER_6,3060000,287,18,29,334,138,149
SUPER_6,3070000,150,10,9,169,71,79
SUPER_6,3080000,67,8,5,80,42,25
SUPER_6,3090000,120,12,9,141,64,56
SUPER_6,3100000,274,22,22,318,137,137
SUPER_6,3110000,245,20,23,288,105,140
SUPER_6,3120000,240,22,31,293,121,119
SUPER_6,3130000,364,28,30,422,175,189
SUPER_6,3140000,301,17,26,344,160,141
SUPER_6,3150000,246,12,22,280,130,116
SUPER_6,3160000,244,15,18,277,133,111
SUPER_6,3170000,59,5,9,73,28,31
SUPER_6,3180000,93,9,6,108,52,41
SUPER_6,3190000,261,14,24,299,140,121
SUPER_6,3200000,181,12,6,199,95,86
SUPER_6,3210000,211,16,12,239,109,102
SUPER_6,3220000,54,3,4,61,28,26
SUPER_6,3230000,213,20,13,246,114,99
SUPER_6,3240000,254,17,21,292,144,110
SUPER_6,3250000,132,9,5,146,70,62
SUPER_6,3260000,106,8,15,129,51,55
SUPER_6,3270000,146,16,9,171,57,89
SUPER_6,3280000,225,14,21,260,122,103
SUPER_6,3290000,259,21,19,299,136,123
SUPER_6,3300000,205,13,16,234,110,95
SUPER_6,3310000,113,12,14,139,49,64
SUPER_6,3320000,91,11,10,112,52,39
SUPER_6,3330000,104,7,4,115,64,40
SUPER_6,3340000,107,10,8,125,55,52
SUPER_6,3350000,218,21,30,269,108,110
SUPER_6,3360000,218,22,16,256,114,104
SUPER_6,3370000,137,12,17,166,64,73
SUPER_6,3380000,170,15,15,200,88,82
SUPER_6,3390000,205,17,22,244,101,104
SUPER_6,3400000,218,20,23,261,101,117
SUPER_6,3410000,150,10,16,176,70,80
SUPER_6,3420000,164,12,15,191,91,73
SUPER_6,3430000,157,18,15,190,79,78
SUPER_6,3440000,219,17,20,256,105,114
SUPER_6,3450000,153,11,9,173,76,77
SUPER_6,3460000,130,11,7,148,71,59
SUPER_6,3470000,122,15,10,147,52,70
SUPER_6,3480000,77,15,6,98,38,39
SUPER_6,3490000,125,10,9,144,69,56
SUPER_6,3500000,173,16,14,203,81,92
SUPER_6,3510000,204,27,20,251,96,108
SUPER_6,3520000,206,12,21,239,107,99
SUPER_6,3530000,115,10,12,137,58,57
SUPER_6,3540000,147,12,15,174,71,76
SUPER_6,3550000,258,19,22,299,133,125
SUPER_6,3560000,269,19,31,319,140,129
SUPER_6,3570000,250,23,20,293,121,129
SUPER_6,3580000,135,13,12,160,79,56
SUPER_6,3590000,52,6,0,58,32,20
SUPER_6,3600000,166,12,20,198,67,99
SUPER_6,3610000,134,12,9,155,65,69
SUPER_6,3620000,127,6,6,139,79,48
SUPER_6,3630000,139,7,17,163,70,69
SUPER_6,3640000,113,13,10,136,55,58
SUPER_6,3650000,130,6,11,147,71,59
SUPER_6,3660000,201,18,22,241,99,102
SUPER_6,3670000,153,9,9,171,72,81
SUPER_6,3680000,180,10,14,204,96,84
SUPER_6,3690000,80,9,5,94,47,33
SUPER_6,3700000,158,27,23,208,76,82
SUPER_6,3710000,185,11,29,225,98,87
SUPER_6,3720000,156,5,11,172,84,72
SUPER_6,3730000,147,10,13,170,78,69
SUPER_6,3740000,173,12,14,199,82,91
SUPER_6,3750000,125,9,15,149,63,62
SUPER_6,3760000,129,13,11,153,68,61
SUPER_6,3770000,109,9,8,126,50,59
SUPER_6,3780000,169,18,9,196,74,95
SUPER_6,3790000,78,5,5,88,35,43
SUPER_6,3800000,105,15,17,137,45,60
SUPER_6,3810000,108,10,8,126,54,54
SUPER_6,3820000,134,13,12,159,70,64
SUPER_6,3830000,220,27,20,267,113,107
SUPER_6,3840000,139,9,13,161,63,76
SUPER_6,3850000,79,3,11,93,45,34
SUPER_6,3860000,129,14,11,154,75,54
SUPER_6,3870000,2,0,1,3,1,1
SUPER_6,3880000,25,4,1,30,14,11
SUPER_6,3890000,154,16,17,187,67,87
SUPER_6,3900000,139,15,18,172,69,70
SUPER_6,3910000,227,20,11,258,118,109
SUPER_6,3920000,87,6,7,100,36,51
SUPER_6,3930000,183,11,23,217,92,91
SUPER_6,3940000,130,12,13,155,62,68
SUPER_6,3950000,228,15,30,273,111,117
SUPER_6,3960000,133,10,13,156,70,63
SUPER_6,3970000,151,10,9,170,76,75
SUPER_6,3980000,153,19,11,183,74,79
SUPER_6,3990000,208,17,18,243,92,116
SUPER_6,4000000,113,21,6,140,55,58
SUPER_6,4010000,92,8,3,103,44,48
SUPER_6,4020000,191,15,14,220,86,105
SUPER_6,4030000,172,16,12,200,89,83
SUPER_6,4040000,103,7,10,120,46,57
SUPER_6,4050000,93,11,6,110,42,51
SUPER_6,4060000,228,20,23,271,105,123
SUPER_6,4070000,193,17,18,228,92,101
SUPER_6,4080000,193,22,12,227,101,92
SUPER_6,4090000,111,11,12,134,57,54
SUPER_6,4100000,115,13,13,141,53,62
SUPER_6,4110000,122,12,10,144,66,56
SUPER_6,4120000,164,10,14,188,88,76
SUPER_6,4130000,150,11,21,182,65,85
SUPER_6,4140000,152,18,17,187,62,90
SUPER_6,4150000,110,5,12,127,57,53
SUPER_6,4160000,102,5,9,116,51,51
SUPER_6,4170000,36,3,3,42,17,19
SUPER_6,4180000,111,6,12,129,56,55
SUPER_6,4190000,135,11,16,162,74,61
SUPER_6,4200000,144,9,12,165,73,71
SUPER_6,4210000,159,15,13,187,77,82
SUPER_6,4220000,169,13,13,195,80,89
SUPER_6,4230000,141,19,11,171,63,78
SUPER_6,4240000,128,11,13,152,61,67
SUPER_6,4250000,177,11,17,205,80,97
SUPER_6,4260000,131,11,10,152,67,64
SUPER_6,4270000,179,17,14,210,91,88
SUPER_6,4280000,128,6,15,149,63,65
SUPER_6,4290000,228,27,25,280,119,109
SUPER_6,4300000,155,7,20,182,72,83
SUPER_6,4310000,65,4,6,75,39,26
SUPER_6,4320000,153,10,8,171,72,81
SUPER_6,4330000,175,23,13,211,86,89
SUPER_6,4340000,139,16,18,173,64,75
SUPER_6,4350000,161,12,12,185,92,69
SUPER_6,4360000,208,16,25,249,98,110
SUPER_6,4370000,99,8,9,116,44,55
SUPER_6,4380000,178,11,28,217,93,85
SUPER_6,4390000,188,24,18,230,101,87
SUPER_6,4400000,125,14,12,151,59,66
SUPER_6,4410000,139,14,18,171,68,71
SUPER_6,4420000,211,21,20,252,104,107
SUPER_6,4430000,127,8,10,145,56,71
SUPER_6,4440000,181,14,18,213,95,86
SUPER_6,4450000,221,16,21,258,120,101
SUPER_6,4460000,142,20,23,185,64,78
SUPER_6,4470000,64,4,8,76,28,36
SUPER_6,4480000,170,16,23,209,80,90
SUPER_6,4490000,121,12,13,146,52,69
SUPER_6,4500000,132,20,21,173,60,72
SUPER_6,4510000,68,12,3,83,31,37
SUPER_6,4520000,108,6,5,119,57,51
SUPER_6,4530000,172,17,18,207,87,85
SUPER_6,4540000,139,12,19,170,77,62
SUPER_6,4550000,70,10,7,87,39,31
SUPER_6,4560000,148,9,12,169,78,70
SUPER_6,4570000,55,4,9,68,32,23
SUPER_6,4580000,150,8,11,169,83,67
SUPER_6,4590000,82,14,8,104,39,43
SUPER_6,4600000,221,18,25,264,117,104
SUPER_6,4610000,189,15,21,225,96,93
SUPER_6,4620000,158,5,14,177,87,71
SUPER_6,4630000,29,3,4,36,17,12
SUPER_6,4640000,173,17,9,199,100,73
SUPER_6,4650000,64,5,6,75,28,36
SUPER_6,4660000,80,10,13,103,45,35
SUPER_6,4670000,106,4,13,123,64,42
SUPER_6,4680000,179,14,17,210,93,86
SUPER_6,4690000,142,13,17,172,65,77
SUPER_6,4700000,136,10,15,161,67,69
SUPER_6,4710000,140,10,10,160,75,65
SUPER_6,4720000,159,10,18,187,82,77
SUPER_6,4730000,142,12,20,174,73,69
SUPER_6,4740000,115,11,14,140,55,60
SUPER_6,4750000,115,13,17,145,60,55
SUPER_6,4760000,160,13,11,184,75,85
SUPER_6,4770000,159,11,15,185,93,66
SUPER_6,4780000,121,17,17,155,58,63
SUPER_6,4790000,145,6,12,163,75,70
SUPER_6,4800000,29,7,0,36,21,8
SUPER_6,4810000,148,11,18,177,70,78
SUPER_6,4820000,173,15,21,209,82,91
SUPER_6,4830000,125,6,7,138,59,66
SUPER_6,4840000,191,14,14,219,94,97
SUPER_6,4850000,158,13,15,186,88,70
SUPER_6,4860000,117,14,11,142,65,52
SUPER_6,4870000,111,15,18,144,45,66
SUPER_6,4880000,184,15,24,223,75,109
SUPER_6,4890000,169,20,18,207,88,81
SUPER_6,4900000,171,14,6,191,91,80
SUPER_6,4910000,160,9,15,184,75,85
SUPER_6,4920000,217,14,18,249,119,98
SUPER_6,4930000,158,15,9,182,80,78
SUPER_6,4940000,231,16,22,269,107,124
SUPER_6,4950000,164,20,16,200,92,72
SUPER_6,4960000,141,16,12,169,65,76
SUPER_6,4970000,142,9,9,160,65,77
SUPER_6,4980000,170,15,10,195,89,81
SUPER_6,4990000,109,11,13,133,58,51
SUPER_6,5000000,154,12,13,179,75,79
SUPER_6,5010000,227,16,18,261,102,125
SUPER_6,5020000,133,9,24,166,75,58
SUPER_6,5030000,79,7,6,92,47,32
SUPER_6,5040000,204,16,24,244,97,107
SUPER_6,5050000,146,7,13,166,62,84
SUPER_6,5060000,212,24,13,249,88,124
SUPER_6,5070000,135,19,14,168,72,63
SUPER_6,5080000,129,12,11,152,61,68
SUPER_6,5090000,146,14,7,167,74,72
SUPER_6,5100000,99,10,11,120,42,57
SUPER_6,5110000,57,1,4,62,29,28
SUPER_6,5120000,82,4,8,94,31,51
SUPER_6,5130000,90,6,13,109,44,46
SUPER_6,5140000,93,3,8,104,50,43
SUPER_6,5150000,156,14,18,188,77,79
SUPER_6,5160000,121,10,6,137,59,62
SUPER_6,5170000,189,18,19,226,96,93
SUPER_6,5180000,168,14,18,200,82,86
SUPER_6,5190000,188,20,23,231,97,91
SUPER_6,5200000,76,7,6,89,30,46
SUPER_6,5210000,110,12,7,129,52,58
SUPER_6,5220000,88,12,12,112,39,49
SUPER_6,5230000,142,12,22,176,70,72
SUPER_6,5240000,51,2,4,57,24,27
SUPER_6,5250000,104,10,9,123,52,52
SUPER_6,5260000,121,9,6,136,66,55
SUPER_6,5270000,137,11,13,161,86,51
SUPER_6,5280000,106,9,7,122,55,51
SUPER_6,5290000,131,19,8,158,57,74
SUPER_6,5300000,173,16,16,205,88,85
SUPER_6,5310000,128,12,18,158,53,75
SUPER_6,5320000,129,8,17,154,68,61
SUPER_6,5330000,164,12,15,191,76,88
SUPER_6,5340000,207,15,22,244,104,103
SUPER_6,5350000,210,28,23,261,91,119
SUPER_6,5360000,177,17,12,206,80,97
SUPER_6,5370000,112,15,7,134,55,57
SUPER_6,5380000,182,14,18,214,95,87
SUPER_6,5390000,213,7,16,236,110,103
SUPER_6,5400000,169,11,21,201,95,74
SUPER_6,5410000,132,8,16,156,67,65
SUPER_6,5420000,219,31,18,268,104,115
SUPER_6,5430000,133,16,20,169,57,76
SUPER_6,5440000,139,17,19,175,61,78
SUPER_6,5450000,68,16,2,86,27,41
SUPER_6,5460000,53,1,1,55,38,15
SUPER_6,5470000,181,20,8,209,97,84
SUPER_6,5480000,204,20,19,243,100,104
SUPER_6,5490000,154,15,8,177,83,71
SUPER_6,5500000,276,25,18,319,154,122
SUPER_6,5510000,139,14,7,160,66,73
SUPER_6,5520000,184,11,18,213,79,105
SUPER_6,5530000,103,14,8,125,48,55
SUPER_6,5540000,164,15,9,188,74,90
SUPER_6,5550000,163,7,13,183,75,88
SUPER_6,5560000,72,11,7,90,28,44
SUPER_6,5570000,71,9,5,85,34,37
SUPER_6,5580000,71,10,11,92,47,24
SUPER_6,5590000,121,8,6,135,65,56
SUPER_6,5600000,174,18,15,207,98,76
SUPER_6,5610000,144,12,13,169,68,76
SUPER_6,5620000,80,5,6,91,43,37
SUPER_6,5630000,52,4,5,61,24,28
SUPER_6,5640000,67,11,7,85,26,41
SUPER_6,5650000,45,5,4,54,25,20
SUPER_6,5660000,103,6,12,121,54,49
SUPER_6,5670000,90,9,10,109,44,46
SUPER_6,5680000,146,7,20,173,79,67
SUPER_6,5690000,74,9,6,89,31,43
SUPER_6,5700000,115,8,16,139,49,66
SUPER_6,5710000,95,9,11,115,49,46
SUPER_6,5720000,84,10,11,105,47,37
SUPER_6,5730000,186,18,10,214,93,93
SUPER_6,5740000,75,5,8,88,29,46
SUPER_6,5750000,117,10,17,144,60,57
SUPER_6,5760000,30,0,2,32,21,9
SUPER_6,5770000,58,3,7,68,32,26
SUPER_6,5780000,88,4,6,98,40,48
SUPER_6,5790000,107,11,11,129,56,51
SUPER_6,5800000,66,9,5,80,38,28
SUPER_6,5810000,116,12,11,139,55,61
SUPER_6,5820000,169,19,18,206,90,79
SUPER_6,5830000,45,9,5,59,14,31
SUPER_6,5840000,122,10,11,143,69,53
SUPER_6,5850000,66,7,7,80,36,30
SUPER_6,5860000,126,13,18,157,67,59
SUPER_6,5870000,63,5,6,74,40,23
SUPER_6,5880000,61,9,7,77,26,35
SUPER_6,5890000,46,5,3,54,23,23
SUPER_6,5900000,117,20,8,145,47,70
SUPER_6,5910000,97,9,14,120,42,55
SUPER_6,5920000,100,6,12,118,48,52
SUPER_6,5930000,96,10,11,117,36,60
SUPER_6,5940000,90,6,10,106,41,49
SUPER_6,5950000,89,7,15,111,46,43
SUPER_6,5960000,126,8,8,142,63,63
SUPER_6,5970000,129,9,12,150,65,64
SUPER_6,5980000,138,17,11,166,75,63
SUPER_6,5990000,179,22,17,218,83,96
SUPER_6,6000000,130,10,11,151,73,57
SUPER_6,6010000,130,9,10,149,71,59
SUPER_6,6020000,143,10,14,167,69,74
SUPER_6,6030000,130,6,13,149,64,66
SUPER_6,6040000,142,18,17,177,69,73
SUPER_6,6050000,236,23,12,271,115,121
SUPER_6,6060000,213,21,12,246,113,100
SUPER_6,6070000,92,3,7,102,35,57
SUPER_6,6080000,63,5,5,73,30,33
SUPER_6,6090000,129,15,15,159,73,56
SUPER_6,6100000,141,11,7,159,71,70
SUPER_6,6110000,268,16,23,307,129,139
SUPER_6,6120000,159,17,9,185,67,92
SUPER_6,6130000,77,6,6,89,44,33
SUPER_6,6140000,62,8,9,79,31,31
SUPER_6,6150000,133,12,10,155,77,56
SUPER_6,6160000,176,13,17,206,86,90
SUPER_6,6170000,204,22,15,241,95,109
SUPER_6,6180000,156,14,13,183,80,76
SUPER_6,6190000,107,14,6,127,54,53
SUPER_6,6200000,51,2,6,59,23,28
SUPER_6,6210000,185,19,19,223,94,91
SUPER_6,6220000,124,12,10,146,70,54
SUPER_6,6230000,2,0,1,3,0,2
SUPER_6,6240000,104,8,10,122,55,49
SUPER_6,6250000,95,13,11,119,34,61
SUPER_6,6260000,82,4,11,97,41,41
SUPER_6,6270000,96,8,10,114,56,40
SUPER_6,6280000,117,5,15,137,60,57
SUPER_6,6290000,136,16,15,167,65,71
SUPER_6,6300000,192,15,17,224,96,96
SUPER_6,6310000,206,27,19,252,108,98
SUPER_6,6320000,156,10,13,179,84,72
SUPER_6,6330000,188,18,14,220,95,93
SUPER_6,6340000,254,19,20,293,123,131
SUPER_6,6350000,159,14,8,181,78,81
SUPER_6,6360000,190,15,17,222,96,94
SUPER_6,6370000,170,10,14,194,84,86
SUPER_6,6380000,0,1,0,1,0,0
SUPER_6,6390000,90,10,10,110,43,47
SUPER_6,6400000,97,12,11,120,49,48
SUPER_6,6410000,212,11,24,247,103,109
SUPER_6,6420000,170,19,10,199,87,83
SUPER_6,6430000,125,13,8,146,71,54
SUPER_6,6440000,259,15,21,295,135,124
SUPER_6,6450000,197,18,19,234,110,87
SUPER_6,6460000,205,16,16,237,115,90
SUPER_6,6470000,125,12,16,153,71,54
SUPER_6,6480000,129,12,13,154,59,70
SUPER_6,6490000,226,23,22,271,107,119
SUPER_6,6500000,173,14,15,202,84,89
SUPER_6,6510000,168,20,18,206,84,84
SUPER_6,6520000,204,16,26,246,91,113
SUPER_6,6530000,79,4,4,87,40,39
SUPER_6,6540000,91,6,12,109,51,40
SUPER_6,6550000,142,10,13,165,72,70
SUPER_6,6560000,68,4,5,77,34,34
SUPER_6,6570000,10,0,1,11,6,4
SUPER_6,6580000,191,21,20,232,100,91
SUPER_6,6590000,122,10,13,145,61,61
SUPER_6,6600000,111,18,12,141,59,52
SUPER_6,6610000,141,12,20,173,80,61
SUPER_6,6620000,172,13,16,201,89,83
SUPER_6,6630000,71,5,5,81,41,30
SUPER_6,6640000,141,15,9,165,70,71
SUPER_6,6650000,151,10,12,173,76,75
SUPER_6,6660000,144,8,8,160,77,67
SUPER_6,6670000,220,26,21,267,110,110
SUPER_6,6680000,150,11,18,179,79,71
SUPER_6,6690000,163,17,12,192,88,75
SUPER_6,6700000,217,15,12,244,94,123
SUPER_6,6710000,133,10,5,148,68,65
SUPER_6,6720000,166,13,15,194,83,83
SUPER_6,6730000,134,11,12,157,72,62
SUPER_6,6740000,106,11,5,122,54,52
SUPER_6,6750000,235,29,21,285,106,129
SUPER_6,6760000,145,13,9,167,70,75
SUPER_6,6770000,176,15,7,198,103,73
SUPER_6,6780000,76,5,8,89,39,37
SUPER_6,6790000,119,5,11,135,62,57
SUPER_6,6800000,137,14,11,162,61,76
SUPER_6,6810000,140,15,15,170,79,61
SUPER_6,6820000,137,10,15,162,84,53
SUPER_6,6830000,247,20,18,285,119,128
SUPER_6,6840000,105,8,6,119,45,60
SUPER_6,6850000,87,12,10,109,40,47
SUPER_6,6860000,161,13,12,186,91,70
SUPER_6,6870000,165,8,7,180,79,86
SUPER_6,6880000,238,18,19,275,111,127
SUPER_6,6890000,226,23,20,269,106,120
SUPER_6,6900000,171,17,9,197,72,99
SUPER_6,6910000,194,20,18,232,106,88
SUPER_6,6920000,170,14,9,193,81,89
SUPER_6,6930000,195,10,14,219,106,89
SUPER_6,6940000,52,11,9,72,25,27
SUPER_6,6950000,82,3,5,90,57,25
SUPER_6,6960000,171,13,17,201,88,83
SUPER_6,6970000,209,17,15,241,109,100
SUPER_6,6980000,201,18,20,239,95,106
SUPER_6,6990000,251,27,24,302,124,127
SUPER_6,7000000,192,30,21,243,103,89
SUPER_6,7010000,215,27,21,263,115,100
SUPER_6,7020000,138,13,19,170,73,65
SUPER_6,7030000,185,17,16,218,86,99
SUPER_6,7040000,109,13,9,131,49,60
SUPER_6,7050000,148,17,23,188,70,78
SUPER_6,7060000,137,16,10,163,73,64
SUPER_6,7070000,93,9,16,118,39,54
SUPER_6,7080000,133,10,20,163,64,69
SUPER_6,7090000,100,8,9,117,55,45
SUPER_6,7100000,198,13,23,234,95,103
SUPER_6,7110000,51,5,4,60,26,25
SUPER_6,7120000,140,11,11,162,82,58
SUPER_6,7130000,8,0,0,8,5,3
SUPER_6,7140000,100,9,5,114,47,53
SUPER_6,7150000,91,9,7,107,41,50
SUPER_6,7160000,206,22,13,241,94,112
SUPER_6,7170000,167,11,14,192,79,88
SUPER_6,7180000,147,13,8,168,76,71
SUPER_6,7190000,141,13,14,168,84,57
SUPER_6,7200000,43,3,3,49,24,19
SUPER_6,7210000,219,19,17,255,124,95
SUPER_6,7220000,208,13,26,247,112,96
SUPER_6,7230000,103,10,11,124,60,43
SUPER_6,7240000,47,5,4,56,23,24
SUPER_6,7250000,120,11,15,146,69,51
SUPER_6,7260000,223,21,22,266,106,117
SUPER_6,7270000,14,2,3,19,7,7
SUPER_6,7280000,37,2,5,44,21,16
SUPER_6,7290000,143,14,13,170,76,67
SUPER_6,7300000,108,10,13,131,57,51
SUPER_6,7310000,89,9,10,108,43,46
SUPER_6,7320000,50,6,4,60,26,24
SUPER_6,7330000,87,14,6,107,42,45
SUPER_6,7340000,157,17,13,187,76,81
SUPER_6,7350000,189,12,13,214,86,103
SUPER_6,7360000,140,9,19,168,69,71
SUPER_6,7370000,111,13,9,133,52,59
SUPER_6,7380000,36,2,4,42,16,20
SUPER_6,7390000,115,7,9,131,55,60
SUPER_6,7400000,175,15,22,212,84,91
SUPER_6,7410000,132,14,14,160,57,75
SUPER_6,7420000,151,15,21,187,88,63
SUPER_6,7430000,136,10,13,159,68,68
SUPER_6,7440000,70,10,13,93,24,46
SUPER_6,7450000,104,6,7,117,46,58
SUPER_6,7460000,115,11,5,131,48,67
SUPER_6,7470000,105,9,5,119,55,50
SUPER_6,7480000,69,8,3,80,34,35
SUPER_6,7490000,31,3,4,38,11,20
SUPER_6,7500000,47,2,3,52,21,26
SUPER_6,7510000,112,12,9,133,51,61
SUPER_6,7520000,57,3,7,67,28,29
SUPER_6,7530000,84,5,8,97,38,46
SUPER_6,7540000,132,20,24,176,70,62
SUPER_6,7550000,122,11,11,144,71,51
SUPER_6,7560000,194,12,19,225,113,81
SUPER_6,7570000,177,19,16,212,83,94
SUPER_6,7580000,123,14,10,147,55,68
SUPER_6,7590000,152,15,16,183,58,94
SUPER_6,7600000,166,14,23,203,85,81
SUPER_6,7610000,119,16,16,151,62,57
SUPER_6,7620000,102,13,10,125,48,54
SUPER_6,7630000,123,6,14,143,60,63
SUPER_6,7640000,135,17,16,168,65,70
SUPER_6,7650000,117,16,6,139,59,58
SUPER_6,7660000,158,12,11,181,71,87
SUPER_6,7670000,163,24,15,202,74,89
SUPER_6,7680000,123,9,12,144,57,66
SUPER_6,7690000,122,13,12,147,56,66
SUPER_6,7700000,111,5,5,121,50,61
SUPER_6,7710000,73,9,9,91,33,40
SUPER_6,7720000,104,7,11,122,39,65
SUPER_6,7730000,113,7,9,129,60,53
SUPER_6,7740000,95,9,4,108,39,56
SUPER_6,7750000,98,10,14,122,44,54
SUPER_6,7760000,123,13,15,151,61,62
SUPER_6,7770000,110,16,13,139,49,61
SUPER_6,7780000,93,5,16,114,46,47
SUPER_6,7790000,130,14,13,157,57,73
SUPER_6,7800000,165,17,21,203,69,96
SUPER_6,7810000,43,3,3,49,18,25
SUPER_6,7820000,50,3,6,59,19,31
SUPER_6,7830000,103,6,8,117,50,53
SUPER_6,7840000,105,9,12,126,54,51
SUPER_6,7850000,127,7,10,144,54,73
SUPER_6,7860000,86,7,7,100,42,44
SUPER_6,7870000,55,3,12,70,29,26
SUPER_6,7880000,44,4,5,53,19,25
SUPER_6,7890000,51,4,6,61,30,21
SUPER_6,7900000,164,22,14,200,85,79
SUPER_6,7910000,81,7,10,98,44,37
SUPER_6,7920000,122,5,11,138,48,74
SUPER_6,7930000,82,8,8,98,33,49
SUPER_6,7940000,68,4,11,83,35,33
SUPER_6,7950000,49,9,3,61,31,18
SUPER_6,7960000,62,2,4,68,29,33
SUPER_6,7970000,155,18,11,184,83,72
SUPER_6,7980000,73,5,9,87,34,39
SUPER_6,7990000,104,9,7,120,54,50
SUPER_6,8000000,24,1,2,27,15,9
SUPER_6,8010000,79,5,13,97,36,43
SUPER_6,8020000,66,9,8,83,30,36
SUPER_6,8030000,65,12,7,84,34,31
SUPER_6,8040000,20,4,3,27,9,11
SUPER_6,8050000,57,6,8,71,26,31
SUPER_6,8060000,128,10,11,149,72,56
SUPER_6,8070000,75,10,7,92,35,40
SUPER_6,8080000,81,9,8,98,42,39
SUPER_6,8090000,128,9,8,145,58,70
SUPER_6,8100000,216,20,24,260,104,112
SUPER_6,8110000,161,12,18,191,64,97
SUPER_6,8120000,119,11,8,138,58,61
SUPER_6,8130000,71,8,7,86,36,35
SUPER_6,8140000,117,13,10,140,54,63
SUPER_6,8150000,163,17,14,194,78,85
SUPER_6,8160000,92,7,12,111,44,48
SUPER_6,8170000,64,5,4,73,30,34
SUPER_6,8180000,93,7,3,103,42,51
SUPER_6,8190000,145,15,11,171,68,77
SUPER_6,8200000,129,15,9,153,53,76
SUPER_6,8210000,102,11,14,127,50,52
SUPER_6,8220000,127,4,11,142,69,58
SUPER_6,8230000,122,14,14,150,59,63
SUPER_6,8240000,99,13,8,120,49,50
SUPER_6,8250000,78,10,10,98,35,43
SUPER_6,8260000,87,6,9,102,46,41
SUPER_6,8270000,139,9,19,167,74,65
SUPER_6,8280000,119,11,8,138,62,57
SUPER_6,8290000,121,13,10,144,69,52
SUPER_6,8300000,148,14,10,172,73,75
SUPER_6,8310000,151,13,15,179,73,78
SUPER_6,8320000,50,9,8,67,22,28
SUPER_6,8330000,97,8,16,121,50,47
SUPER_6,8340000,165,8,19,192,89,76
SUPER_6,8350000,145,6,10,161,65,80
SUPER_6,8360000,118,13,10,141,68,50
SUPER_6,8370000,126,11,12,149,61,65
SUPER_6,8380000,156,18,17,191,88,68
SUPER_6,8390000,85,15,12,112,37,48
SUPER_6,8400000,104,18,19,141,40,64
SUPER_6,8410000,39,3,5,47,17,22
SUPER_6,8420000,9,1,2,12,5,4
SUPER_6,8430000,53,5,0,58,24,29
SUPER_6,8440000,145,8,12,165,66,79
SUPER_6,8450000,104,10,8,122,53,51
SUPER_6,8460000,129,17,15,161,71,58
SUPER_6,8470000,64,9,9,82,36,28
SUPER_6,8480000,53,5,6,64,23,30
SUPER_6,8490000,104,16,7,127,54,50
SUPER_6,8500000,73,8,6,87,32,41
SUPER_6,8510000,96,6,10,112,50,46
SUPER_6,8520000,74,12,7,93,39,35
SUPER_6,8530000,128,10,6,144,66,62
SUPER_6,8540000,45,5,3,53,26,19
SUPER_6,8550000,142,15,13,170,78,64
SUPER_6,8560000,106,6,12,124,50,56
SUPER_6,8570000,207,13,18,238,103,104
SUPER_6,8580000,187,17,19,223,95,92
SUPER_6,8590000,86,7,4,97,42,44
SUPER_6,8600000,129,26,11,166,64,65
SUPER_6,8610000,195,22,17,234,109,86
SUPER_6,8620000,194,11,30,235,93,101
SUPER_6,8630000,195,14,13,222,101,94
SUPER_6,8640000,114,10,8,132,53,61
SUPER_6,8650000,262,15,20,297,128,134
SUPER_6,8660000,170,12,9,191,80,90
SUPER_6,8670000,218,18,13,249,106,112
SUPER_6,8680000,234,17,20,271,131,103
SUPER_6,8690000,156,6,15,177,84,72
SUPER_6,8700000,122,14,14,150,63,59
SUPER_6,8710000,171,20,11,202,95,76
SUPER_6,8720000,237,23,29,289,117,120
SUPER_6,8730000,227,14,13,254,120,107
SUPER_6,8740000,201,23,19,243,100,101
SUPER_6,8750000,168,15,16,199,85,83
SUPER_6,8760000,96,5,9,110,52,44
SUPER_6,8770000,10,0,1,11,6,4
SUPER_6,8780000,89,8,8,105,50,39
SUPER_6,8790000,134,8,10,152,64,70
SUPER_6,8800000,53,4,5,62,32,21
SUPER_6,8810000,200,18,10,228,104,96
SUPER_6,8820000,146,8,12,166,68,78
SUPER_6,8830000,114,9,3,126,62,52
SUPER_6,8840000,114,11,11,136,57,57
SUPER_6,8850000,107,10,9,126,59,48
SUPER_6,8860000,64,4,3,71,31,33
SUPER_6,8870000,122,13,9,144,57,65
SUPER_6,8880000,162,20,16,198,75,87
SUPER_6,8890000,132,10,16,158,68,64
SUPER_6,8900000,129,14,17,160,67,62
SUPER_6,8910000,127,6,14,147,63,64
SUPER_6,8920000,152,9,18,179,73,79
SUPER_6,8930000,170,22,10,202,81,89
SUPER_6,8940000,145,16,10,171,71,74
SUPER_6,8950000,129,15,8,152,62,67
SUPER_6,8960000,116,6,8,130,54,62
SUPER_6,8970000,68,4,6,78,39,29
SUPER_6,8980000,108,8,12,128,55,53
SUPER_6,8990000,168,10,15,193,84,84
SUPER_6,9000000,128,10,19,157,58,70
SUPER_6,9010000,81,2,11,94,39,42
SUPER_6,9020000,87,5,10,102,48,39
SUPER_6,9030000,93,13,3,109,55,38
SUPER_6,9040000,231,11,27,269,101,130
SUPER_6,9050000,164,14,18,196,81,83
SUPER_6,9060000,29,2,4,35,14,15
SUPER_6,9070000,189,15,21,225,102,87
SUPER_6,9080000,222,20,28,270,103,119
SUPER_6,9090000,26,1,2,29,13,13
SUPER_6,9100000,138,15,14,167,66,72
SUPER_6,9110000,166,16,24,206,81,85
SUPER_6,9120000,81,7,12,100,38,43
SUPER_6,9130000,160,16,13,189,81,79
SUPER_6,9140000,182,18,18,218,99,83
SUPER_6,9150000,134,15,15,164,56,78
SUPER_6,9160000,156,16,16,188,72,84
SUPER_6,9170000,139,13,13,165,67,72
SUPER_6,9180000,207,10,24,241,101,106
SUPER_6,9190000,234,27,13,274,128,106
SUPER_6,9200000,188,21,19,228,94,94
SUPER_6,9210000,195,17,9,221,89,106
SUPER_6,9220000,164,17,24,205,81,83
SUPER_6,9230000,173,11,17,201,84,89
SUPER_6,9240000,196,22,13,231,93,103
SUPER_6,9250000,106,3,5,114,50,56
SUPER_6,9260000,111,11,21,143,51,60
SUPER_6,9270000,106,7,11,124,56,50
SUPER_6,9280000,202,13,18,233,104,98
SUPER_6,9290000,161,10,13,184,91,70
SUPER_6,9300000,127,12,13,152,61,66
SUPER_6,9310000,167,13,17,197,78,89
SUPER_6,9320000,203,19,18,240,117,86
SUPER_6,9330000,222,21,24,267,100,122
SUPER_6,9340000,154,13,17,184,79,75
SUPER_6,9350000,262,22,21,305,123,139
SUPER_6,9360000,184,14,23,221,99,85
SUPER_6,9370000,173,9,15,197,97,76
SUPER_6,9380000,49,5,3,57,24,25
SUPER_6,9390000,295,30,22,347,145,150
SUPER_6,9400000,119,12,8,139,62,57
SUPER_6,9410000,104,12,9,125,50,54
SUPER_6,9420000,176,20,15,211,81,95
SUPER_6,9430000,256,22,18,296,128,128
SUPER_6,9440000,103,9,10,122,56,47
SUPER_6,9450000,191,10,21,222,99,92
SUPER_6,9460000,183,14,25,222,98,85
SUPER_6,9470000,122,9,5,136,61,61
SUPER_6,9480000,159,10,16,185,89,70
SUPER_6,9490000,254,19,20,293,121,133
SUPER_6,9500000,251,24,27,302,123,128
SUPER_6,9510000,143,13,12,168,59,84
SUPER_6,9520000,159,13,14,186,83,76
SUPER_6,9530000,183,19,20,222,83,100
SUPER_6,9540000,167,14,15,196,82,85
SUPER_6,9550000,122,5,18,145,55,67
SUPER_6,9560000,118,10,6,134,67,51
SUPER_6,9570000,166,12,19,197,81,85
SUPER_6,9580000,109,12,9,130,55,54
SUPER_6,9590000,71,2,9,82,40,31
SUPER_6,9600000,192,25,15,232,99,93
SUPER_6,9610000,132,12,11,155,62,70
SUPER_6,9620000,158,9,15,182,91,67
SUPER_6,9630000,101,13,4,118,47,54
SUPER_6,9640000,108,11,8,127,59,49
SUPER_6,9650000,155,18,14,187,72,83
SUPER_6,9660000,117,6,5,128,52,65
SUPER_6,9670000,111,11,6,128,60,51
SUPER_6,9680000,173,10,13,196,85,88
SUPER_6,9690000,94,5,8,107,50,44
SUPER_6,9700000,24,1,1,26,17,7
SUPER_6,9710000,219,22,19,260,98,121
SUPER_6,9720000,101,9,12,122,43,58
SUPER_6,9730000,51,5,9,65,27,24
SUPER_6,9740000,47,4,7,58,22,25
SUPER_6,9750000,121,13,10,144,63,58
SUPER_6,9760000,154,18,11,183,78,76
SUPER_6,9770000,44,6,5,55,17,27
SUPER_6,9780000,133,9,12,154,59,74
SUPER_6,9790000,126,18,7,151,63,63
SUPER_6,9800000,155,13,17,185,74,81
SUPER_6,9810000,200,15,17,232,90,110
SUPER_6,9820000,303,33,31,367,153,150
SUPER_6,9830000,182,14,16,212,75,107
SUPER_6,9840000,191,20,16,227,94,97
SUPER_6,9850000,216,18,26,260,98,118
SUPER_6,9860000,174,16,19,209,82,92
SUPER_6,9870000,164,8,17,189,87,77
SUPER_6,9880000,121,4,10,135,66,55
SUPER_6,9890000,222,15,18,255,109,113
SUPER_6,9900000,205,18,18,241,106,99
SUPER_6,9910000,163,12,18,193,84,79
SUPER_6,9920000,142,13,13,168,68,74
SUPER_6,9930000,172,15,23,210,70,102
SUPER_6,9940000,123,14,15,152,53,70
SUPER_6,9950000,163,8,10,181,84,79
SUPER_6,9960000,173,16,14,203,65,108
SUPER_6,9970000,181,17,22,220,83,98
SUPER_6,9980000,176,20,13,209,86,90
SUPER_6,9990000,96,11,7,114,56,40
SUPER_6,10000000,114,19,15,148,52,62
SUPER_6,10010000,201,31,20,252,96,105
SUPER_6,10020000,87,8,7,102,53,34
SUPER_6,10030000,92,10,13,115,42,50
SUPER_6,10040000,180,11,20,211,86,94
SUPER_6,10050000,208,23,11,242,109,99
SUPER_6,10060000,86,3,8,97,45,41
SUPER_6,10070000,143,17,12,172,73,70
SUPER_6,10080000,202,27,13,242,99,103
SUPER_6,10090000,258,23,26,307,123,135
SUPER_6,10100000,215,21,22,258,94,121
SUPER_6,10110000,147,8,4,159,82,65
SUPER_6,10120000,223,22,18,263,108,115
SUPER_6,10130000,95,3,7,105,59,36
SUPER_6,10140000,195,10,17,222,97,98
SUPER_6,10150000,192,20,13,225,78,114
SUPER_6,10160000,209,23,25,257,104,105
SUPER_6,10170000,188,11,13,212,101,87
SUPER_6,10180000,41,6,2,49,16,25
SUPER_6,10190000,65,7,7,79,35,30
SUPER_6,10200000,146,12,16,174,82,64
SUPER_6,10210000,218,18,15,251,104,114
SUPER_6,10220000,155,17,16,188,73,82
SUPER_6,10230000,143,10,23,176,68,75
SUPER_6,10240000,211,21,23,255,97,114
SUPER_6,10250000,213,21,17,251,101,112
SUPER_6,10260000,199,16,20,235,91,108
SUPER_6,10270000,240,16,19,275,128,112
SUPER_6,10280000,135,11,16,162,66,69
SUPER_6,10290000,128,6,7,141,74,54
SUPER_6,10300000,157,15,14,186,76,81
SUPER_6,10310000,239,20,22,281,111,128
SUPER_6,10320000,162,21,11,194,84,78
SUPER_6,10330000,101,6,9,116,47,54
SUPER_6,10340000,29,2,1,32,18,11
SUPER_6,10350000,122,5,7,134,70,52
SUPER_6,10360000,79,3,9,91,47,32
SUPER_6,10370000,79,9,13,101,40,39
SUPER_6,10380000,61,10,10,81,37,24
SUPER_6,10390000,123,12,8,143,69,54
SUPER_6,10400000,141,18,9,168,66,75
SUPER_6,10410000,225,18,13,256,107,118
SUPER_6,10420000,221,12,23,256,100,121
SUPER_6,10430000,209,20,25,254,109,100
SUPER_6,10440000,177,24,11,212,87,90
SUPER_6,10450000,99,12,9,120,57,42
SUPER_6,10460000,146,5,17,168,72,74
SUPER_6,10470000,250,22,19,291,113,137
SUPER_6,10480000,243,22,24,289,122,121
SUPER_6,10490000,236,20,21,277,126,110
SUPER_6,10500000,219,15,21,255,106,113
SUPER_6,10510000,108,7,9,124,59,49
SUPER_6,10520000,230,17,19,266,126,104
SUPER_6,10530000,223,17,17,257,121,102
SUPER_6,10540000,151,10,8,169,75,76
SUPER_6,10550000,150,12,9,171,85,65
SUPER_6,10560000,144,13,11,168,79,65
SUPER_6,10570000,137,13,13,163,62,75
SUPER_6,10580000,160,10,15,185,75,85
SUPER_6,10590000,156,14,11,181,79,77
SUPER_6,10600000,139,15,11,165,71,68
SUPER_6,10610000,53,0,5,58,28,25
SUPER_6,10620000,86,4,5,95,34,52
SUPER_6,10630000,203,19,21,243,91,112
SUPER_6,10640000,286,25,23,334,147,139
SUPER_6,10650000,117,10,12,139,49,68
SUPER_6,10660000,241,24,15,280,125,116
SUPER_6,10670000,257,14,16,287,142,115
SUPER_6,10680000,212,23,24,259,104,108
SUPER_6,10690000,129,11,10,150,62,67
SUPER_6,10700000,172,16,10,198,87,85
SUPER_6,10710000,60,6,4,70,29,31
SUPER_6,10720000,130,12,17,159,58,72
SUPER_6,10730000,127,8,12,147,80,47
SUPER_6,10740000,118,9,6,133,63,55
SUPER_6,10750000,110,11,9,130,58,52
SUPER_6,10760000,212,13,15,240,132,80
SUPER_6,10770000,53,7,7,67,37,16
SUPER_6,10780000,174,17,17,208,96,78
SUPER_6,10790000,234,23,20,277,108,126
SUPER_6,10800000,149,9,11,169,89,60
SUPER_6,10810000,149,8,11,168,77,72
SUPER_6,10820000,268,20,21,309,127,141
SUPER_6,10830000,92,9,7,108,45,47
SUPER_6,10840000,98,5,4,107,52,46
SUPER_6,10850000,134,14,10,158,73,61
SUPER_6,10860000,17,1,2,20,7,10
SUPER_6,10870000,162,12,13,187,82,80
SUPER_6,10880000,128,11,14,153,55,73
SUPER_6,10890000,124,7,15,146,65,59
SUPER_6,10900000,94,13,12,119,44,50
SUPER_6,10910000,51,6,4,61,28,23
SUPER_6,10920000,127,9,13,149,64,63
SUPER_6,10930000,244,25,17,286,119,125
SUPER_6,10940000,107,9,8,124,59,48
SUPER_6,10950000,82,2,4,88,46,36
SUPER_6,10960000,213,20,21,254,106,107
SUPER_6,10970000,168,14,21,203,87,81
SUPER_6,10980000,241,19,18,278,115,126
SUPER_6,10990000,234,16,22,272,128,106
SUPER_6,11000000,302,21,30,353,143,159
SUPER_6,11010000,306,24,25,355,153,153
SUPER_6,11020000,262,24,18,304,146,116
SUPER_6,11030000,134,7,13,154,74,60
SUPER_6,11040000,153,15,16,184,81,72
SUPER_6,11050000,23,1,5,29,12,11
SUPER_6,11060000,174,16,9,199,82,92
SUPER_6,11070000,229,20,11,260,109,120
SUPER_6,11080000,232,14,20,266,125,107
SUPER_6,11090000,223,33,16,272,106,117
SUPER_6,11100000,207,23,18,248,108,99
SUPER_6,11110000,188,15,19,222,92,96
SUPER_6,11120000,187,15,15,217,100,87
SUPER_6,11130000,109,11,12,132,61,48
SUPER_6,11140000,163,19,21,203,86,77
SUPER_6,11150000,121,12,7,140,63,58
SUPER_6,11160000,34,3,1,38,24,10
SUPER_6,11170000,110,8,7,125,71,39
SUPER_6,11180000,72,4,7,83,34,38
SUPER_6,11190000,101,4,9,114,58,43
SUPER_6,11200000,82,8,7,97,40,42
SUPER_6,11210000,100,11,10,121,40,60
SUPER_6,11220000,54,2,2,58,27,27
SUPER_6,11230000,241,16,25,282,115,126
SUPER_6,11240000,176,17,18,211,87,89
SUPER_6,11250000,74,8,9,91,27,47
SUPER_6,11260000,119,9,6,134,56,63
SUPER_6,11270000,157,11,11,179,89,68
SUPER_6,11280000,266,30,22,318,141,125
SUPER_6,11290000,68,8,11,87,37,31
SUPER_6,11300000,138,13,14,165,71,67
SUPER_6,11310000,63,6,8,77,33,30
SUPER_6,11320000,220,16,16,252,117,103
SUPER_6,11330000,220,21,23,264,117,103
SUPER_6,11340000,260,19,36,315,126,134
SUPER_6,11350000,211,16,15,242,87,124
SUPER_6,11360000,6,0,3,9,5,1
SUPER_6,11370000,105,11,11,127,48,57
SUPER_6,11380000,104,10,5,119,54,50
SUPER_6,11390000,47,3,3,53,26,21
SUPER_6,11400000,62,6,9,77,28,34
SUPER_6,11410000,34,0,6,40,23,11
SUPER_6,11420000,10,2,2,14,6,4
SUPER_6,11430000,41,3,2,46,17,24
SUPER_6,11440000,237,23,19,279,110,127
SUPER_6,11450000,276,14,28,318,144,132
SUPER_6,11460000,102,4,9,115,48,54
SUPER_6,11470000,104,8,6,118,52,52
SUPER_6,11480000,241,20,17,278,114,127
SUPER_6,11490000,246,18,23,287,127,119
SUPER_6,11500000,123,7,9,139,65,58
SUPER_6,11510000,214,17,18,249,110,104
SUPER_6,11520000,226,23,19,268,102,124
SUPER_6,11530000,35,0,3,38,16,19
SUPER_6,11540000,0,0,0,0,0,0
SUPER_6,11550000,0,0,0,0,0,0
SUPER_6,11560000,0,0,0,0,0,0
SUPER_6,11570000,0,0,0,0,0,0
SUPER_6,11580000,0,0,0,0,0,0
SUPER_6,11590000,38,4,3,45,17,21
SUPER_6,11600000,13,0,1,14,8,5
SUPER_6,11610000,61,5,13,79,24,37
SUPER_6,11620000,76,5,6,87,40,36
SUPER_6,11630000,205,19,16,240,101,104
SUPER_6,11640000,346,27,31,404,185,161
SUPER_6,11650000,273,22,22,317,132,141
SUPER_6,11660000,252,22,24,298,138,114
SUPER_6,11670000,205,17,21,243,108,97
SUPER_6,11680000,216,15,26,257,97,119
SUPER_6,11690000,198,21,15,234,92,106
SUPER_6,11700000,201,15,24,240,96,105
SUPER_6,11710000,116,7,7,130,61,55
SUPER_6,11720000,115,5,10,130,64,51
SUPER_6,11730000,109,6,5,120,58,51
SUPER_6,11740000,65,2,4,71,36,29
SUPER_6,11750000,258,20,22,300,112,146
SUPER_6,11760000,172,19,20,211,83,89
SUPER_6,11770000,235,12,21,268,114,121
SUPER_6,11780000,82,3,8,93,39,43
SUPER_6,11790000,63,6,4,73,36,27
SUPER_6,11800000,142,14,14,170,70,72
SUPER_6,11810000,243,12,22,277,128,115
SUPER_6,11820000,223,22,43,288,99,124
SUPER_6,11830000,46,4,5,55,25,21
SUPER_6,11840000,264,17,19,300,134,130
SUPER_6,11850000,188,10,25,223,94,94
SUPER_6,11860000,189,13,9,211,103,86
SUPER_6,11870000,190,22,17,229,104,86
SUPER_6,11880000,75,8,3,86,32,43
SUPER_6,11890000,64,6,3,73,36,28
SUPER_6,11900000,179,11,13,203,79,100
SUPER_6,11910000,92,6,4,102,51,41
SUPER_6,11920000,99,9,10,118,56,43
SUPER_6,11930000,139,10,14,163,68,70
SUPER_6,11940000,260,19,22,301,139,121
SUPER_6,11950000,219,14,22,255,107,112
SUPER_6,11960000,315,19,32,366,155,160
SUPER_6,11970000,216,18,12,246,104,112
SUPER_6,11980000,169,14,16,199,86,83
SUPER_6,11990000,319,21,31,371,166,153
SUPER_6,12000000,152,10,17,179,83,69
SUPER_6,12010000,247,20,23,290,119,128
SUPER_6,12020000,258,22,25,305,122,136
SUPER_6,12030000,241,16,32,289,126,115
SUPER_6,12040000,233,15,16,264,121,112
SUPER_6,12050000,235,22,16,273,110,125
SUPER_6,12060000,243,19,20,282,117,126
SUPER_6,12070000,229,18,16,263,115,114
SUPER_6,12080000,257,14,31,302,127,130
SUPER_6,12090000,247,29,32,308,114,133
SUPER_6,12100000,198,17,29,244,92,106
SUPER_6,12110000,307,31,28,366,144,163
SUPER_6,12120000,283,25,13,321,146,137
SUPER_6,12130000,228,15,22,265,103,125
SUPER_6,12140000,168,18,15,201,89,79
SUPER_6,12150000,230,22,21,273,124,106
SUPER_6,12160000,227,15,11,253,113,114
SUPER_6,12170000,55,1,1,57,32,23
SUPER_6,12180000,211,14,19,244,120,91
SUPER_6,12190000,293,25,34,352,139,154
SUPER_6,12200000,275,15,26,316,153,122
SUPER_6,12210000,112,6,10,128,60,52
SUPER_6,12220000,165,16,13,194,79,86
SUPER_6,12230000,103,11,12,126,45,58
SUPER_6,12240000,163,12,11,186,82,81
SUPER_6,12250000,22,0,3,25,11,11
SUPER_6,12260000,147,5,11,163,74,73
SUPER_6,12270000,168,14,22,204,82,86
SUPER_6,12280000,179,16,19,214,98,81
SUPER_6,12290000,145,13,13,171,73,72
SUPER_6,12300000,15,0,0,15,3,12
SUPER_6,12310000,28,3,7,38,12,16
SUPER_6,12320000,3,1,1,5,1,2
SUPER_6,12330000,55,9,6,70,30,25
SUPER_6,12340000,163,19,15,197,74,89
SUPER_6,12350000,140,14,11,165,64,76
SUPER_6,12360000,206,21,17,244,108,98
SUPER_6,12370000,136,7,14,157,77,59
SUPER_6,12380000,237,10,24,271,115,122
SUPER_6,12390000,204,15,18,237,106,98
SUPER_6,12400000,0,0,0,0,0,0
SUPER_6,12410000,0,0,0,0,0,0
SUPER_6,12420000,304,29,32,365,149,155
SUPER_6,12430000,171,9,15,195,81,90
SUPER_6,12440000,54,2,2,58,33,21
SUPER_6,12450000,156,13,5,174,81,75
SUPER_6,12460000,123,7,10,140,60,63
SUPER_6,12470000,96,5,15,116,48,48
SUPER_6,12480000,226,17,27,270,114,112
SUPER_6,12490000,253,18,14,285,126,127
SUPER_6,12500000,251,18,16,285,121,130
SUPER_6,12510000,76,9,6,91,40,36
SUPER_6,12520000,248,25,24,297,132,116
SUPER_6,12530000,143,12,17,172,72,71
SUPER_6,12540000,196,13,23,232,90,106
SUPER_6,12550000,302,27,27,356,139,163
SUPER_6,12560000,253,16,21,290,150,103
SUPER_6,12570000,299,22,22,343,155,144
SUPER_6,12580000,275,23,27,325,138,137
SUPER_6,12590000,231,27,29,287,119,112
SUPER_6,12600000,311,14,27,352,154,157
SUPER_6,12610000,201,27,17,245,97,104
SUPER_6,12620000,59,7,4,70,33,26
SUPER_6,12630000,66,11,3,80,38,28
SUPER_6,12640000,36,2,2,40,19,17
SUPER_6,12650000,147,15,12,174,74,73
SUPER_6,12660000,196,15,17,228,107,89
SUPER_6,12670000,165,13,10,188,75,90
SUPER_6,12680000,172,18,16,206,82,90
SUPER_6,12690000,163,17,11,191,96,67
SUPER_6,12700000,32,2,4,38,16,16
SUPER_6,12710000,80,8,11,99,41,39
SUPER_6,12720000,239,16,21,276,126,113
SUPER_6,12730000,113,7,2,122,51,62
SUPER_6,12740000,275,21,29,325,135,140
SUPER_6,12750000,224,19,28,271,107,117
SUPER_6,12760000,4,0,1,5,2,2
SUPER_6,12770000,16,1,4,21,12,4
SUPER_6,12780000,74,1,3,78,42,32
SUPER_6,12790000,101,3,5,109,51,50
SUPER_6,12800000,115,11,12,138,56,59
SUPER_6,12810000,126,12,15,153,66,60
SUPER_6,12820000,63,4,7,74,27,36
SUPER_6,12830000,71,4,5,80,33,38
SUPER_6,12840000,108,12,11,131,54,54
SUPER_6,12850000,229,18,16,263,114,115
SUPER_6,12860000,164,14,23,201,84,80
SUPER_6,12870000,147,11,9,167,83,64
SUPER_6,12880000,17,1,3,21,9,8
SUPER_6,12890000,73,2,1,76,44,29
SUPER_6,12900000,259,11,25,295,120,139
SUPER_6,12910000,293,27,25,345,128,165
SUPER_6,12920000,315,31,28,374,166,149
SUPER_6,12930000,283,12,32,327,154,129
SUPER_6,12940000,209,15,14,238,121,88
SUPER_6,12950000,272,22,13,307,139,133
SUPER_6,12960000,105,8,8,121,56,49
SUPER_6,12970000,211,22,18,251,102,109
SUPER_6,12980000,102,6,7,115,55,47
SUPER_6,12990000,111,7,8,126,55,56
SUPER_6,13000000,200,19,19,238,116,84
SUPER_6,13010000,54,5,6,65,25,29
SUPER_6,13020000,181,16,20,217,80,101
SUPER_6,13030000,220,26,26,272,101,119
SUPER_6,13040000,238,15,17,270,105,133
SUPER_6,13050000,115,7,10,132,63,52
SUPER_6,13060000,195,15,22,232,93,102
SUPER_6,13070000,240,18,20,278,131,109
SUPER_6,13080000,192,23,19,234,94,98
SUPER_6,13090000,168,17,10,195,81,87
SUPER_6,13100000,241,19,16,276,105,136
SUPER_6,13110000,177,15,12,204,94,83
SUPER_6,13120000,94,8,13,115,51,43
SUPER_6,13130000,205,18,17,240,103,102
SUPER_6,13140000,215,16,26,257,98,117
SUPER_6,13150000,121,13,8,142,65,56
SUPER_6,13160000,222,17,16,255,122,100
SUPER_6,13170000,271,23,31,325,134,137
SUPER_6,13180000,213,26,20,259,123,90
SUPER_6,13190000,142,11,18,171,71,71
SUPER_6,13200000,207,18,14,239,109,98
SUPER_6,13210000,202,18,20,240,102,100
SUPER_6,13220000,3,0,0,3,2,1
SUPER_6,13230000,32,0,2,34,15,17
SUPER_6,13240000,52,2,6,60,26,26
SUPER_6,13250000,90,3,12,105,47,43
SUPER_6,13260000,110,5,11,126,61,49
SUPER_6,13270000,86,5,5,96,46,40
SUPER_6,13280000,193,17,21,231,105,88
SUPER_6,13290000,107,9,12,128,45,62
SUPER_6,13300000,226,22,29,277,106,120
SUPER_6,13310000,257,18,24,299,139,118
SUPER_6,13320000,134,10,9,153,84,50
SUPER_6,13330000,61,3,5,69,31,30
SUPER_6,13340000,90,6,8,104,40,50
SUPER_6,13350000,210,23,13,246,106,104
SUPER_6,13360000,149,11,14,174,78,71
SUPER_6,13370000,237,19,25,281,124,113
SUPER_6,13380000,51,2,1,54,31,20
SUPER_6,13390000,98,6,11,115,52,46
SUPER_6,13400000,86,10,7,103,47,39
SUPER_6,13410000,160,11,15,186,80,80
SUPER_6,13420000,321,17,24,362,158,163
SUPER_6,13430000,201,14,10,225,98,103
SUPER_6,13440000,272,21,28,321,146,126
SUPER_6,13450000,277,29,34,340,137,140
SUPER_6,13460000,246,14,22,282,130,116
SUPER_6,13470000,75,4,1,80,39,36
SUPER_6,13480000,214,12,10,236,112,102
SUPER_6,13490000,350,22,26,398,181,169
SUPER_6,13500000,200,7,18,225,106,94
SUPER_6,13510000,105,10,10,125,61,44
SUPER_6,13520000,89,4,2,95,46,43
SUPER_6,13530000,30,3,3,36,14,16
SUPER_6,13540000,230,15,15,260,109,121
SUPER_6,13550000,294,29,16,339,150,144
SUPER_6,13560000,244,17,22,283,122,122
SUPER_6,13570000,268,22,26,316,129,139
SUPER_6,13580000,105,9,9,123,56,49
SUPER_6,13590000,48,2,3,53,27,21
SUPER_6,13600000,85,4,5,94,46,39
SUPER_6,13610000,129,9,8,146,68,61
SUPER_6,13620000,135,8,10,153,66,69
SUPER_6,13630000,195,11,4,210,86,109
SUPER_6,13640000,146,15,14,175,77,69
SUPER_6,13650000,202,25,10,237,100,102
SUPER_6,13660000,245,22,24,291,143,102
SUPER_6,13670000,290,22,25,337,147,143
SUPER_6,13680000,252,23,20,295,136,116
SUPER_6,13690000,211,18,16,245,106,105
SUPER_6,13700000,248,15,19,282,122,126
SUPER_6,13710000,96,6,11,113,41,55
SUPER_6,13720000,219,10,11,240,121,98
SUPER_6,13730000,300,22,18,340,156,144
SUPER_6,13740000,276,17,27,320,139,137
SUPER_6,13750000,191,10,14,215,107,84
SUPER_6,13760000,120,14,6,140,64,56
SUPER_6,13770000,75,5,9,89,37,38
SUPER_6,13780000,235,22,15,272,125,110
SUPER_6,13790000,232,16,32,280,113,119
SUPER_6,13800000,197,13,10,220,111,86
SUPER_6,13810000,189,20,19,228,97,92
SUPER_6,13820000,23,3,0,26,8,15
SUPER_6,13830000,180,17,15,212,94,86
SUPER_6,13840000,152,11,16,179,72,80
SUPER_6,13850000,57,1,4,62,24,33
SUPER_6,13860000,63,3,3,69,36,27
SUPER_6,13870000,142,11,14,167,86,56
SUPER_6,13880000,31,4,3,38,17,14
SUPER_6,13890000,28,4,2,34,17,11
SUPER_6,13900000,14,0,3,17,10,4
SUPER_6,13910000,61,6,4,71,29,32
SUPER_6,13920000,139,20,16,175,73,66
SUPER_6,13930000,105,6,6,117,60,45
SUPER_6,13940000,30,1,2,33,14,16
SUPER_6,13950000,75,6,11,92,36,39
SUPER_6,13960000,193,14,11,218,113,80
SUPER_6,13970000,235,13,18,266,130,105
SUPER_6,13980000,44,2,1,47,16,28
SUPER_6,13990000,34,3,2,39,19,15
SUPER_6,14000000,49,2,6,57,26,23
SUPER_6,14010000,62,3,2,67,37,25
SUPER_6,14020000,97,10,11,118,48,49
SUPER_6,14030000,238,16,10,264,125,113
SUPER_6,14040000,128,10,11,149,67,61
SUPER_6,14050000,31,2,6,39,15,16
SUPER_6,14060000,208,14,16,238,112,96
SUPER_6,14070000,254,22,18,294,122,132
SUPER_6,14080000,255,18,17,290,112,143
SUPER_6,14090000,316,26,29,371,165,151
SUPER_6,14100000,246,16,21,283,127,119
SUPER_6,14110000,179,14,6,199,93,86
SUPER_6,14120000,94,5,7,106,45,49
SUPER_6,14130000,163,12,8,183,79,84
SUPER_6,14140000,268,20,19,307,120,148
SUPER_6,14150000,136,10,12,158,65,71
SUPER_6,14160000,203,13,14,230,102,101
SUPER_6,14170000,251,18,16,285,135,116
SUPER_6,14180000,225,19,25,269,108,117
SUPER_6,14190000,215,20,21,256,116,99
SUPER_6,14200000,231,11,16,258,127,104
SUPER_6,14210000,112,10,6,128,51,61
SUPER_6,14220000,182,8,9,199,96,86
SUPER_6,14230000,117,10,11,138,65,52
SUPER_6,14240000,53,5,6,64,32,21
SUPER_6,14250000,205,25,18,248,118,87
SUPER_6,14260000,214,13,10,237,109,105
SUPER_6,14270000,149,17,10,176,74,75
SUPER_6,14280000,177,18,15,210,98,79
SUPER_6,14290000,165,13,9,187,89,76
SUPER_6,14300000,103,18,11,132,58,45
SUPER_6,14310000,0,0,0,0,0,0
SUPER_6,14320000,0,0,0,0,0,0
SUPER_6,14330000,282,18,22,322,149,133
SUPER_6,14340000,141,16,12,169,69,72
SUPER_6,14350000,85,8,5,98,45,40
SUPER_6,14360000,126,10,15,151,69,57
SUPER_6,14370000,91,6,10,107,51,40
SUPER_6,14380000,129,12,10,151,83,46
SUPER_6,14390000,66,2,3,71,36,30
SUPER_6,14400000,46,5,3,54,26,20
SUPER_6,14410000,39,3,1,43,20,19
SUPER_6,14420000,31,0,2,33,21,10
SUPER_6,14430000,12,0,0,12,9,3
SUPER_7,10000,0,0,0,0,0,0
SUPER_7,20000,0,0,0,0,0,0
SUPER_7,30000,14,2,0,16,6,8
SUPER_7,40000,0,0,0,0,0,0
SUPER_7,50000,0,0,0,0,0,0
SUPER_7,60000,0,0,0,0,0,0
SUPER_7,70000,0,0,0,0,0,0
SUPER_7,80000,0,0,0,0,0,0
SUPER_7,90000,0,0,0,0,0,0
SUPER_7,100000,0,0,0,0,0,0
SUPER_7,110000,0,0,0,0,0,0
SUPER_7,120000,0,0,0,0,0,0
SUPER_7,130000,21,2,2,25,11,10
SUPER_7,140000,161,14,16,191,72,89
SUPER_7,150000,243,16,18,277,122,121
SUPER_7,160000,235,15,26,276,126,109
SUPER_7,170000,68,6,8,82,34,34
SUPER_7,180000,189,21,15,225,98,91
SUPER_7,190000,153,15,13,181,81,72
SUPER_7,200000,261,15,20,296,131,130
SUPER_7,210000,247,15,21,283,133,114
SUPER_7,220000,274,14,18,306,150,124
SUPER_7,230000,255,26,27,308,131,124
SUPER_7,240000,64,3,8,75,26,38
SUPER_7,250000,62,4,4,70,31,31
SUPER_7,260000,114,5,11,130,58,56
SUPER_7,270000,32,2,1,35,19,13
SUPER_7,280000,20,0,1,21,10,10
SUPER_7,290000,53,4,4,61,31,22
SUPER_7,300000,220,18,19,257,107,113
SUPER_7,310000,227,21,22,270,119,108
SUPER_7,320000,289,24,22,335,132,157
SUPER_7,330000,37,2,2,41,27,10
SUPER_7,340000,9,2,0,11,5,4
SUPER_7,350000,206,18,22,246,108,98
SUPER_7,360000,51,3,1,55,28,23
SUPER_7,370000,205,15,16,236,116,89
SUPER_7,380000,157,12,13,182,76,81
SUPER_7,390000,43,3,5,51,22,21
SUPER_7,400000,79,7,5,91,42,37
SUPER_7,410000,115,14,3,132,58,57
SUPER_7,420000,280,21,34,335,148,132
SUPER_7,430000,207,13,17,237,105,102
SUPER_7,440000,82,9,16,107,34,48
SUPER_7,450000,0,0,0,0,0,0
SUPER_7,460000,0,0,0,0,0,0
SUPER_7,470000,133,14,15,162,65,68
SUPER_7,480000,20,0,1,21,12,8
SUPER_7,490000,76,6,8,90,42,34
SUPER_7,500000,20,1,1,22,12,8
SUPER_7,510000,98,7,7,112,55,43
SUPER_7,520000,112,8,10,130,55,57
SUPER_7,530000,95,11,2,108,49,46
SUPER_7,540000,52,4,6,62,24,28
SUPER_7,550000,214,16,17,247,105,109
SUPER_7,560000,2,1,1,4,1,1
SUPER_7,570000,5,1,0,6,3,2
SUPER_7,580000,103,8,7,118,59,44
SUPER_7,590000,52,5,1,58,29,23
SUPER_7,600000,70,4,7,81,39,31
SUPER_7,610000,168,13,22,203,85,83
SUPER_7,620000,242,26,26,294,129,113
SUPER_7,630000,216,16,18,250,119,97
SUPER_7,640000,266,16,22,304,141,125
SUPER_7,650000,239,17,23,279,129,110
SUPER_7,660000,133,8,9,150,64,69
SUPER_7,670000,208,21,22,251,109,99
SUPER_7,680000,145,9,20,174,70,75
SUPER_7,690000,199,23,14,236,114,85
SUPER_7,700000,226,18,23,267,119,107
SUPER_7,710000,261,25,24,310,128,133
SUPER_7,720000,274,27,23,324,150,124
SUPER_7,730000,151,11,10,172,74,77
SUPER_7,740000,144,7,6,157,78,66
SUPER_7,750000,273,31,16,320,130,143
SUPER_7,760000,193,12,12,217,101,92
SUPER_7,770000,208,18,28,254,109,99
SUPER_7,780000,162,12,13,187,85,77
SUPER_7,790000,229,16,11,256,130,99
SUPER_7,800000,244,19,13,276,127,117
SUPER_7,810000,204,26,21,251,98,106
SUPER_7,820000,207,17,20,244,95,112
SUPER_7,830000,179,8,14,201,101,78
SUPER_7,840000,185,11,14,210,81,104
SUPER_7,850000,140,11,17,168,71,69
SUPER_7,860000,176,10,16,202,95,81
SUPER_7,870000,249,20,22,291,137,112
SUPER_7,880000,185,19,14,218,87,98
SUPER_7,890000,192,13,11,216,96,96
SUPER_7,900000,190,15,11,216,89,101
SUPER_7,910000,231,16,20,267,125,106
SUPER_7,920000,241,28,7,276,130,111
SUPER_7,930000,195,14,13,222,94,101
SUPER_7,940000,240,12,24,276,116,124
SUPER_7,950000,211,15,14,240,111,100
SUPER_7,960000,169,17,20,206,90,79
SUPER_7,970000,300,18,23,341,139,161
SUPER_7,980000,174,9,23,206,95,79
SUPER_7,990000,197,11,18,226,101,96
SUPER_7,1000000,156,14,12,182,84,72
SUPER_7,1010000,135,14,12,161,69,66
SUPER_7,1020000,175,20,14,209,94,81
SUPER_7,1030000,206,17,16,239,105,101
SUPER_7,1040000,204,17,18,239,98,106
SUPER_7,1050000,193,19,8,220,92,101
SUPER_7,1060000,213,13,15,241,129,84
SUPER_7,1070000,164,12,10,186,87,77
SUPER_7,1080000,171,11,11,193,78,93
SUPER_7,1090000,126,11,12,149,64,62
SUPER_7,1100000,246,15,23,284,107,139
SUPER_7,1110000,123,12,8,143,66,57
SUPER_7,1120000,237,15,32,284,111,126
SUPER_7,1130000,236,24,22,282,120,116
SUPER_7,1140000,279,25,24,328,149,130
SUPER_7,1150000,240,20,18,278,117,123
SUPER_7,1160000,81,8,9,98,44,37
SUPER_7,1170000,232,18,20,270,106,126
SUPER_7,1180000,252,18,21,291,141,111
SUPER_7,1190000,263,17,25,305,123,140
SUPER_7,1200000,159,6,10,175,74,85
SUPER_7,1210000,34,4,3,41,16,18
SUPER_7,1220000,170,17,16,203,76,94
SUPER_7,1230000,49,4,9,62,21,28
SUPER_7,1240000,246,7,18,271,133,113
SUPER_7,1250000,115,13,11,139,56,59
SUPER_7,1260000,249,17,25,291,115,134
SUPER_7,1270000,221,13,20,254,107,114
SUPER_7,1280000,119,8,12,139,59,60
SUPER_7,1290000,157,13,14,184,76,81
SUPER_7,1300000,225,18,24,267,115,110
SUPER_7,1310000,198,15,14,227,95,103
SUPER_7,1320000,97,5,6,108,56,41
SUPER_7,1330000,63,9,5,77,28,35
SUPER_7,1340000,188,14,14,216,102,86
SUPER_7,1350000,269,22,24,315,132,137
SUPER_7,1360000,198,20,22,240,93,105
SUPER_7,1370000,233,16,22,271,112,121
SUPER_7,1380000,231,24,18,273,115,116
SUPER_7,1390000,306,22,29,357,145,161
SUPER_7,1400000,164,14,20,198,102,62
SUPER_7,1410000,17,3,4,24,9,8
SUPER_7,1420000,176,11,33,220,90,86
SUPER_7,1430000,271,16,27,314,159,112
SUPER_7,1440000,168,10,23,201,83,85
SUPER_7,1450000,172,13,3,188,84,88
SUPER_7,1460000,275,24,36,335,157,118
SUPER_7,1470000,198,20,19,237,93,105
SUPER_7,1480000,175,15,21,211,74,101
SUPER_7,1490000,40,3,11,54,13,27
SUPER_7,1500000,75,3,6,84,35,40
SUPER_7,1510000,180,11,17,208,94,86
SUPER_7,1520000,47,2,6,55,27,20
SUPER_7,1530000,134,9,15,158,76,58
SUPER_7,1540000,189,23,20,232,112,77
SUPER_7,1550000,250,22,19,291,135,115
SUPER_7,1560000,329,33,32,394,165,164
SUPER_7,1570000,79,4,6,89,36,43
SUPER_7,1580000,108,8,12,128,65,43
SUPER_7,1590000,108,8,9,125,55,53
SUPER_7,1600000,88,8,8,104,40,48
SUPER_7,1610000,121,9,9,139,64,57
SUPER_7,1620000,174,15,13,202,97,77
SUPER_7,1630000,85,4,10,99,45,40
SUPER_7,1640000,22,2,0,24,10,12
SUPER_7,1650000,68,6,7,81,45,23
SUPER_7,1660000,167,15,11,193,85,82
SUPER_7,1670000,238,28,23,289,107,131
SUPER_7,1680000,200,23,17,240,101,99
SUPER_7,1690000,232,14,17,263,127,105
SUPER_7,1700000,143,19,13,175,74,69
SUPER_7,1710000,173,22,15,210,88,85
SUPER_7,1720000,102,6,6,114,49,53
SUPER_7,1730000,109,9,8,126,50,59
SUPER_7,1740000,158,14,16,188,81,77
SUPER_7,1750000,131,11,10,152,62,69
SUPER_7,1760000,184,22,15,221,92,92
SUPER_7,1770000,248,21,21,290,138,110
SUPER_7,1780000,245,23,23,291,141,104
SUPER_7,1790000,249,16,25,290,121,128
SUPER_7,1800000,260,19,22,301,124,136
SUPER_7,1810000,203,16,19,238,103,100
SUPER_7,1820000,152,14,7,173,87,65
SUPER_7,1830000,251,19,22,292,115,136
SUPER_7,1840000,158,11,13,182,84,74
SUPER_7,1850000,186,20,15,221,85,101
SUPER_7,1860000,243,18,17,278,117,126
SUPER_7,1870000,283,22,22,327,144,139
SUPER_7,1880000,203,16,29,248,95,108
SUPER_7,1890000,230,15,21,266,126,104
SUPER_7,1900000,207,13,22,242,95,112
SUPER_7,1910000,263,18,30,311,133,130
SUPER_7,1920000,218,14,11,243,114,104
SUPER_7,1930000,205,14,15,234,108,97
SUPER_7,1940000,283,26,19,328,142,141
SUPER_7,1950000,141,13,11,165,66,75
SUPER_7,1960000,103,9,7,119,54,49
SUPER_7,1970000,120,10,6,136,64,56
SUPER_7,1980000,251,21,17,289,140,111
SUPER_7,1990000,157,15,15,187,63,94
SUPER_7,2000000,249,16,33,298,126,123
SUPER_7,2010000,205,16,18,239,92,113
SUPER_7,2020000,99,13,11,123,53,46
SUPER_7,2030000,275,24,29,328,137,138
SUPER_7,2040000,182,18,22,222,95,87
SUPER_7,2050000,194,16,23,233,98,96
SUPER_7,2060000,184,18,13,215,93,91
SUPER_7,2070000,66,4,4,74,37,29
SUPER_7,2080000,143,14,11,168,62,81
SUPER_7,2090000,252,22,33,307,125,127
SUPER_7,2100000,262,28,25,315,126,136
SUPER_7,2110000,221,21,26,268,122,99
SUPER_7,2120000,62,4,8,74,31,31
SUPER_7,2130000,44,0,0,44,28,16
SUPER_7,2140000,53,3,5,61,33,20
SUPER_7,2150000,90,2,3,95,53,37
SUPER_7,2160000,81,4,2,87,49,32
SUPER_7,2170000,205,22,19,246,96,109
SUPER_7,2180000,189,22,22,233,98,91
SUPER_7,2190000,34,2,1,37,16,18
SUPER_7,2200000,117,11,9,137,68,49
SUPER_7,2210000,97,7,9,113,51,46
SUPER_7,2220000,113,7,8,128,59,54
SUPER_7,2230000,91,10,8,109,46,45
SUPER_7,2240000,33,5,1,39,15,18
SUPER_7,2250000,208,18,22,248,103,105
SUPER_7,2260000,288,26,20,334,154,134
SUPER_7,2270000,253,30,24,307,121,132
SUPER_7,2280000,281,21,27,329,143,138
SUPER_7,2290000,209,20,15,244,105,104
SUPER_7,2300000,49,5,2,56,25,24
SUPER_7,2310000,251,26,23,300,128,123
SUPER_7,2320000,249,25,24,298,116,133
SUPER_7,2330000,134,8,9,151,76,58
SUPER_7,2340000,157,20,9,186,86,71
SUPER_7,2350000,266,20,25,311,129,137
SUPER_7,2360000,175,19,11,205,88,87
SUPER_7,2370000,159,12,19,190,77,82
SUPER_7,2380000,151,15,13,179,72,79
SUPER_7,2390000,87,8,1,96,40,47
SUPER_7,2400000,190,12,16,218,92,98
SUPER_7,2410000,211,22,18,251,105,106
SUPER_7,2420000,108,10,12,130,67,41
SUPER_7,2430000,129,11,15,155,58,71
SUPER_7,2440000,209,30,26,265,94,115
SUPER_7,2450000,90,5,4,99,40,50
SUPER_7,2460000,223,23,17,263,105,118
SUPER_7,2470000,198,10,31,239,97,101
SUPER_7,2480000,275,24,26,325,143,132
SUPER_7,2490000,281,23,27,331,126,155
SUPER_7,2500000,283,28,17,328,142,141
SUPER_7,2510000,233,15,25,273,107,126
SUPER_7,2520000,213,19,12,244,105,108
SUPER_7,2530000,198,11,22,231,107,91
SUPER_7,2540000,181,12,19,212,97,84
SUPER_7,2550000,140,10,13,163,60,80
SUPER_7,2560000,119,11,4,134,63,56
SUPER_7,2570000,121,9,9,139,79,42
SUPER_7,2580000,129,9,9,147,51,78
SUPER_7,2590000,65,2,9,76,33,32
SUPER_7,2600000,206,13,17,236,100,106
SUPER_7,2610000,237,32,27,296,106,131
SUPER_7,2620000,173,15,21,209,85,88
SUPER_7,2630000,142,11,15,168,81,61
SUPER_7,2640000,157,17,15,189,83,74
SUPER_7,2650000,182,20,16,218,97,85
SUPER_7,2660000,249,25,26,300,132,117
SUPER_7,2670000,182,27,14,223,83,99
SUPER_7,2680000,123,6,15,144,57,66
SUPER_7,2690000,69,4,7,80,39,30
SUPER_7,2700000,258,25,24,307,137,121
SUPER_7,2710000,129,5,12,146,65,64
SUPER_7,2720000,157,14,13,184,69,88
SUPER_7,2730000,152,14,9,175,77,75
SUPER_7,2740000,11,1,1,13,3,8
SUPER_7,2750000,124,11,6,141,69,55
SUPER_7,2760000,83,12,10,105,46,37
SUPER_7,2770000,114,14,10,138,63,51
SUPER_7,2780000,193,21,20,234,100,93
SUPER_7,2790000,249,19,36,304,141,108
SUPER_7,2800000,12,0,0,12,8,4
SUPER_7,2810000,23,1,4,28,10,13
SUPER_7,2820000,146,11,12,169,79,67
SUPER_7,2830000,0,0,0,0,0,0
SUPER_7,2840000,0,0,0,0,0,0
SUPER_7,2850000,152,5,18,175,74,78
SUPER_7,2860000,243,21,24,288,119,124
SUPER_7,2870000,21,1,0,22,13,8
SUPER_7,2880000,25,1,1,27,17,8
SUPER_7,2890000,25,0,2,27,14,11
SUPER_7,2900000,45,9,1,55,20,25
SUPER_7,2910000,12,0,1,13,4,8
SUPER_7,2920000,30,2,5,37,15,15
SUPER_7,2930000,9,0,0,9,5,4
SUPER_7,2940000,75,2,2,79,33,42
SUPER_7,2950000,106,6,8,120,56,50
SUPER_7,2960000,210,16,13,239,116,94
SUPER_7,2970000,115,8,9,132,55,60
SUPER_7,2980000,26,0,4,30,15,11
SUPER_7,2990000,143,7,11,161,69,74
SUPER_7,3000000,232,27,17,276,109,123
SUPER_7,3010000,251,19,23,293,136,115
SUPER_7,3020000,300,18,20,338,152,148
SUPER_7,3030000,198,21,14,233,90,108
SUPER_7,3040000,85,4,8,97,41,44
SUPER_7,3050000,201,18,17,236,103,98
SUPER_7,3060000,302,21,25,348,162,140
SUPER_7,3070000,79,6,12,97,47,32
SUPER_7,3080000,76,7,4,87,34,42
SUPER_7,3090000,43,4,4,51,20,23
SUPER_7,3100000,166,8,14,188,89,77
SUPER_7,3110000,0,0,0,0,0,0
SUPER_7,3120000,0,0,0,0,0,0
SUPER_7,3130000,0,0,0,0,0,0
SUPER_7,3140000,0,0,0,0,0,0
SUPER_7,3150000,0,0,0,0,0,0
SUPER_7,3160000,0,0,0,0,0,0
SUPER_7,3170000,0,0,0,0,0,0
SUPER_7,3180000,0,0,0,0,0,0
SUPER_7,3190000,0,0,0,0,0,0
SUPER_7,3200000,0,0,0,0,0,0
SUPER_7,3210000,79,5,4,88,42,37
SUPER_7,3220000,0,0,0,0,0,0
SUPER_7,3230000,0,0,0,0,0,0
SUPER_7,3240000,0,0,0,0,0,0
SUPER_7,3250000,0,0,0,0,0,0
SUPER_7,3260000,0,0,0,0,0,0
SUPER_7,3270000,0,0,0,0,0,0
SUPER_7,3280000,0,0,0,0,0,0
SUPER_7,3290000,24,4,3,31,7,17
SUPER_7,3300000,99,10,10,119,50,49
SUPER_7,3310000,187,7,17,211,97,90
SUPER_7,3320000,209,22,25,256,102,107
SUPER_7,3330000,213,18,13,244,110,103
SUPER_7,3340000,249,28,23,300,112,137
SUPER_7,3350000,110,13,11,134,53,57
SUPER_7,3360000,247,14,24,285,124,123
SUPER_7,3370000,202,19,24,245,102,100
SUPER_7,3380000,183,16,25,224,87,96
SUPER_7,3390000,216,15,16,247,111,105
SUPER_7,3400000,173,30,19,222,79,94
SUPER_7,3410000,190,17,13,220,85,105
SUPER_7,3420000,145,17,11,173,74,71
SUPER_7,3430000,159,8,25,192,74,85
SUPER_7,3440000,181,13,19,213,79,102
SUPER_7,3450000,139,17,9,165,78,61
SUPER_7,3460000,183,19,19,221,94,89
SUPER_7,3470000,241,18,23,282,114,127
SUPER_7,3480000,193,16,20,229,89,104
SUPER_7,3490000,298,31,31,360,140,158
SUPER_7,3500000,196,18,9,223,107,89
SUPER_7,3510000,176,14,23,213,85,91
SUPER_7,3520000,209,20,15,244,100,109
SUPER_7,3530000,239,19,20,278,122,117
SUPER_7,3540000,248,24,30,302,128,120
SUPER_7,3550000,277,26,21,324,122,155
SUPER_7,3560000,284,39,25,348,141,143
SUPER_7,3570000,181,10,24,215,109,72
SUPER_7,3580000,0,0,0,0,0,0
SUPER_7,3590000,0,0,0,0,0,0
SUPER_7,3600000,248,22,28,298,111,137
SUPER_7,3610000,141,19,11,171,62,79
SUPER_7,3620000,159,11,6,176,84,75
SUPER_7,3630000,44,1,3,48,20,24
SUPER_7,3640000,134,6,10,150,68,66
SUPER_7,3650000,261,15,29,305,141,120
SUPER_7,3660000,195,18,13,226,98,97
SUPER_7,3670000,84,11,12,107,40,44
SUPER_7,3680000,148,8,8,164,82,66
SUPER_7,3690000,89,13,5,107,46,43
SUPER_7,3700000,212,26,18,256,112,100
SUPER_7,3710000,133,13,12,158,77,56
SUPER_7,3720000,226,16,22,264,111,115
SUPER_7,3730000,213,20,21,254,111,102
SUPER_7,3740000,81,5,6,92,36,45
SUPER_7,3750000,94,13,17,124,51,43
SUPER_7,3760000,144,20,16,180,69,75
SUPER_7,3770000,172,18,18,208,78,94
SUPER_7,3780000,156,8,19,183,81,75
SUPER_7,3790000,0,0,1,1,0,0
SUPER_7,3800000,25,2,2,29,16,9
SUPER_7,3810000,157,13,15,185,74,83
SUPER_7,3820000,183,10,13,206,78,105
SUPER_7,3830000,158,19,12,189,77,81
SUPER_7,3840000,146,11,14,171,78,68
SUPER_7,3850000,211,23,30,264,109,102
SUPER_7,3860000,101,5,9,115,57,44
SUPER_7,3870000,202,16,23,241,94,108
SUPER_7,3880000,184,10,24,218,98,86
SUPER_7,3890000,1,0,0,1,0,1
SUPER_7,3900000,46,2,6,54,25,21
SUPER_7,3910000,75,5,14,94,35,40
SUPER_7,3920000,57,11,2,70,26,31
SUPER_7,3930000,79,12,2,93,36,43
SUPER_7,3940000,190,24,24,238,90,100
SUPER_7,3950000,121,6,8,135,62,59
SUPER_7,3960000,95,7,9,111,48,47
SUPER_7,3970000,97,7,8,112,50,47
SUPER_7,3980000,89,5,2,96,47,42
SUPER_7,3990000,65,6,4,75,29,36
SUPER_7,4000000,205,19,14,238,100,105
SUPER_7,4010000,232,17,17,266,122,110
SUPER_7,4020000,242,14,28,284,129,113
SUPER_7,4030000,61,3,4,68,35,26
SUPER_7,4040000,74,6,1,81,38,36
SUPER_7,4050000,113,10,5,128,57,56
SUPER_7,4060000,161,13,20,194,81,80
SUPER_7,4070000,227,17,22,266,120,107
SUPER_7,4080000,172,8,9,189,85,87
SUPER_7,4090000,121,4,12,137,66,55
SUPER_7,4100000,211,17,13,241,96,115
SUPER_7,4110000,150,15,12,177,84,66
SUPER_7,4120000,243,15,20,278,116,127
SUPER_7,4130000,284,21,24,329,141,143
SUPER_7,4140000,260,21,20,301,117,143
SUPER_7,4150000,135,5,5,145,62,73
SUPER_7,4160000,88,6,8,102,43,45
SUPER_7,4170000,101,7,8,116,49,52
SUPER_7,4180000,41,2,6,49,22,19
SUPER_7,4190000,236,15,25,276,115,121
SUPER_7,4200000,140,18,10,168,67,73
SUPER_7,4210000,208,14,22,244,92,116
SUPER_7,4220000,34,0,1,35,18,16
SUPER_7,4230000,64,2,4,70,25,39
SUPER_7,4240000,0,0,0,0,0,0
SUPER_7,4250000,0,0,0,0,0,0
SUPER_7,4260000,129,6,9,144,71,58
SUPER_7,4270000,40,5,2,47,20,20
SUPER_7,4280000,45,1,3,49,23,22
SUPER_7,4290000,141,10,17,168,66,75
SUPER_7,4300000,99,2,4,105,54,45
SUPER_7,4310000,69,7,8,84,37,32
SUPER_7,4320000,61,5,3,69,33,28
SUPER_7,4330000,117,9,13,139,71,46
SUPER_7,4340000,222,20,12,254,119,103
SUPER_7,4350000,90,4,9,103,41,49
SUPER_7,4360000,168,11,13,192,93,75
SUPER_7,4370000,104,13,5,122,49,55
SUPER_7,4380000,81,6,4,91,46,35
SUPER_7,4390000,177,16,16,209,104,73
SUPER_7,4400000,230,28,29,287,112,118
SUPER_7,4410000,195,16,20,231,96,99
SUPER_7,4420000,193,19,22,234,90,103
SUPER_7,4430000,158,14,13,185,71,87
SUPER_7,4440000,101,15,7,123,42,59
SUPER_7,4450000,243,15,12,270,136,107
SUPER_7,4460000,103,2,9,114,52,51
SUPER_7,4470000,153,14,17,184,80,73
SUPER_7,4480000,113,8,8,129,59,54
SUPER_7,4490000,196,18,19,233,100,96
SUPER_7,4500000,215,27,20,262,108,107
SUPER_7,4510000,201,12,22,235,106,95
SUPER_7,4520000,156,14,18,188,78,78
SUPER_7,4530000,102,7,8,117,47,55
SUPER_7,4540000,123,10,14,147,49,74
SUPER_7,4550000,84,8,4,96,38,46
SUPER_7,4560000,203,18,18,239,100,103
SUPER_7,4570000,250,23,22,295,115,135
SUPER_7,4580000,243,26,27,296,113,130
SUPER_7,4590000,211,19,24,254,111,100
SUPER_7,4600000,96,20,14,130,55,41
SUPER_7,4610000,144,11,16,171,80,64
SUPER_7,4620000,176,20,17,213,100,76
SUPER_7,4630000,152,18,9,179,88,64
SUPER_7,4640000,157,16,18,191,93,64
SUPER_7,4650000,222,18,26,266,111,111
SUPER_7,4660000,162,12,11,185,80,82
SUPER_7,4670000,69,3,3,75,36,33
SUPER_7,4680000,181,12,16,209,92,89
SUPER_7,4690000,144,10,7,161,68,76
SUPER_7,4700000,177,16,21,214,100,77
SUPER_7,4710000,65,5,6,76,30,35
SUPER_7,4720000,137,12,23,172,70,67
SUPER_7,4730000,228,19,25,272,109,119
SUPER_7,4740000,68,5,4,77,31,37
SUPER_7,4750000,157,17,21,195,85,72
SUPER_7,4760000,79,11,8,98,38,41
SUPER_7,4770000,198,16,15,229,112,86
SUPER_7,4780000,231,23,29,283,122,109
SUPER_7,4790000,188,15,19,222,87,101
SUPER_7,4800000,247,22,21,290,135,112
SUPER_7,4810000,242,18,19,279,128,114
SUPER_7,4820000,74,2,3,79,36,38
SUPER_7,4830000,64,7,8,79,34,30
SUPER_7,4840000,130,12,6,148,65,65
SUPER_7,4850000,253,18,29,300,115,138
SUPER_7,4860000,77,8,5,90,35,42
SUPER_7,4870000,88,4,8,100,43,45
SUPER_7,4880000,76,9,7,92,44,32
SUPER_7,4890000,21,2,2,25,12,9
SUPER_7,4900000,0,0,0,0,0,0
SUPER_7,4910000,0,0,0,0,0,0
SUPER_7,4920000,76,4,6,86,43,33
SUPER_7,4930000,107,14,10,131,50,57
SUPER_7,4940000,187,16,10,213,93,94
SUPER_7,4950000,168,10,17,195,85,83
SUPER_7,4960000,49,4,8,61,28,21
SUPER_7,4970000,4,1,0,5,3,1
SUPER_7,4980000,114,8,8,130,65,49
SUPER_7,4990000,136,11,10,157,78,58
SUPER_7,5000000,133,13,11,157,70,63
SUPER_7,5010000,19,2,4,25,12,7
SUPER_7,5020000,48,3,3,54,25,23
SUPER_7,5030000,81,10,5,96,45,36
SUPER_7,5040000,16,0,2,18,11,5
SUPER_7,5050000,97,5,5,107,53,44
SUPER_7,5060000,139,12,9,160,71,68
SUPER_7,5070000,209,12,15,236,112,97
SUPER_7,5080000,12,3,0,15,5,7
SUPER_7,5090000,40,7,5,52,17,23
SUPER_7,5100000,216,12,12,240,100,116
SUPER_7,5110000,51,6,6,63,28,23
SUPER_7,5120000,111,14,9,134,50,61
SUPER_7,5130000,57,3,4,64,37,20
SUPER_7,5140000,121,4,10,135,76,45
SUPER_7,5150000,253,15,21,289,133,120
SUPER_7,5160000,249,20,22,291,130,119
SUPER_7,5170000,237,24,21,282,113,124
SUPER_7,5180000,228,23,25,276,104,124
SUPER_7,5190000,208,19,19,246,108,100
SUPER_7,5200000,82,6,7,95,39,43
SUPER_7,5210000,235,20,17,272,116,119
SUPER_7,5220000,162,13,15,190,82,80
SUPER_7,5230000,229,18,17,264,101,128
SUPER_7,5240000,249,22,22,293,140,109
SUPER_7,5250000,188,21,24,233,89,99
SUPER_7,5260000,58,3,11,72,32,26
SUPER_7,5270000,118,13,14,145,65,53
SUPER_7,5280000,290,12,18,320,166,124
SUPER_7,5290000,251,25,18,294,130,121
SUPER_7,5300000,160,8,15,183,85,75
SUPER_7,5310000,174,15,12,201,85,89
SUPER_7,5320000,192,16,19,227,94,98
SUPER_7,5330000,222,17,14,253,108,114
SUPER_7,5340000,258,14,13,285,124,134
SUPER_7,5350000,213,17,21,251,113,100
SUPER_7,5360000,244,24,20,288,106,138
SUPER_7,5370000,248,34,33,315,126,122
SUPER_7,5380000,261,23,22,306,141,120
SUPER_7,5390000,142,9,14,165,70,72
SUPER_7,5400000,154,13,20,187,83,71
SUPER_7,5410000,178,21,18,217,84,94
SUPER_7,5420000,138,11,10,159,66,72
SUPER_7,5430000,152,19,13,184,76,76
SUPER_7,5440000,110,10,13,133,57,53
SUPER_7,5450000,148,13,10,171,70,78
SUPER_7,5460000,127,10,23,160,51,76
SUPER_7,5470000,210,18,16,244,92,118
SUPER_7,5480000,126,8,5,139,58,68
SUPER_7,5490000,247,17,17,281,116,131
SUPER_7,5500000,127,9,12,148,68,59
SUPER_7,5510000,202,17,17,236,99,103
SUPER_7,5520000,132,6,14,152,65,67
SUPER_7,5530000,191,15,22,228,98,93
SUPER_7,5540000,214,20,25,259,111,103
SUPER_7,5550000,227,26,18,271,111,116
SUPER_7,5560000,137,11,7,155,69,68
SUPER_7,5570000,117,6,5,128,70,47
SUPER_7,5580000,156,7,12,175,81,75
SUPER_7,5590000,232,19,25,276,118,114
SUPER_7,5600000,212,27,13,252,102,110
SUPER_7,5610000,275,25,16,316,139,136
SUPER_7,5620000,215,23,30,268,108,107
SUPER_7,5630000,191,14,27,232,94,97
SUPER_7,5640000,252,22,25,299,128,124
SUPER_7,5650000,207,14,19,240,107,100
SUPER_7,5660000,228,15,14,257,106,122
SUPER_7,5670000,187,15,18,220,109,78
SUPER_7,5680000,36,3,3,42,19,17
SUPER_7,5690000,121,11,11,143,64,57
SUPER_7,5700000,54,5,6,65,26,28
SUPER_7,5710000,253,15,28,296,118,135
SUPER_7,5720000,146,11,11,168,60,86
SUPER_7,5730000,77,9,7,93,44,33
SUPER_7,5740000,171,7,16,194,91,80
SUPER_7,5750000,161,8,10,179,69,92
SUPER_7,5760000,200,18,17,235,92,108
SUPER_7,5770000,191,15,18,224,98,93
SUPER_7,5780000,115,1,10,126,55,60
SUPER_7,5790000,33,4,2,39,18,15
SUPER_7,5800000,73,7,5,85,41,32
SUPER_7,5810000,59,4,5,68,31,28
SUPER_7,5820000,62,3,9,74,36,26
SUPER_7,5830000,92,15,6,113,45,47
SUPER_7,5840000,86,3,7,96,50,36
SUPER_7,5850000,99,10,6,115,53,46
SUPER_7,5860000,198,25,15,238,103,95
SUPER_7,5870000,188,27,15,230,91,97
SUPER_7,5880000,218,20,15,253,115,103
SUPER_7,5890000,170,16,10,196,81,89
SUPER_7,5900000,75,4,8,87,43,32
SUPER_7,5910000,249,20,20,289,126,123
SUPER_7,5920000,191,20,25,236,82,109
SUPER_7,5930000,82,12,12,106,53,29
SUPER_7,5940000,122,12,8,142,68,54
SUPER_7,5950000,164,18,12,194,72,92
SUPER_7,5960000,309,21,35,365,161,148
SUPER_7,5970000,275,25,27,327,134,141
SUPER_7,5980000,164,9,15,188,94,70
SUPER_7,5990000,149,28,23,200,79,70
SUPER_7,6000000,92,11,10,113,45,47
SUPER_7,6010000,157,14,12,183,75,82
SUPER_7,6020000,232,20,26,278,112,120
SUPER_7,6030000,170,15,22,207,78,92
SUPER_7,6040000,189,18,19,226,98,91
SUPER_7,6050000,239,20,27,286,124,115
SUPER_7,6060000,231,25,23,279,120,111
SUPER_7,6070000,225,21,17,263,110,115
SUPER_7,6080000,172,12,14,198,84,88
SUPER_7,6090000,214,28,12,254,102,112
SUPER_7,6100000,104,9,15,128,59,45
SUPER_7,6110000,149,14,13,176,64,85
SUPER_7,6120000,135,16,13,164,65,70
SUPER_7,6130000,112,8,6,126,58,54
SUPER_7,6140000,160,13,13,186,87,73
SUPER_7,6150000,210,13,23,246,103,107
SUPER_7,6160000,25,2,4,31,8,17
SUPER_7,6170000,148,7,12,167,71,77
SUPER_7,6180000,208,18,21,247,102,106
SUPER_7,6190000,123,11,15,149,59,64
SUPER_7,6200000,253,20,16,289,136,117
SUPER_7,6210000,170,15,11,196,84,86
SUPER_7,6220000,221,18,25,264,114,107
SUPER_7,6230000,193,23,21,237,96,97
SUPER_7,6240000,183,9,19,211,87,96
SUPER_7,6250000,171,18,23,212,73,98
SUPER_7,6260000,180,18,19,217,73,107
SUPER_7,6270000,183,13,12,208,95,88
SUPER_7,6280000,116,5,10,131,62,54
SUPER_7,6290000,99,4,7,110,50,49
SUPER_7,6300000,85,6,13,104,44,41
SUPER_7,6310000,48,2,4,54,22,26
SUPER_7,6320000,162,13,17,192,86,76
SUPER_7,6330000,228,18,31,277,106,122
SUPER_7,6340000,88,13,5,106,37,51
SUPER_7,6350000,5,0,0,5,3,2
SUPER_7,6360000,134,9,15,158,64,70
SUPER_7,6370000,177,23,18,218,89,88
SUPER_7,6380000,183,17,15,215,91,92
SUPER_7,6390000,219,23,20,262,114,105
SUPER_7,6400000,124,11,7,142,65,59
SUPER_7,6410000,26,2,3,31,11,15
SUPER_7,6420000,141,15,11,167,89,52
SUPER_7,6430000,162,16,17,195,75,87
SUPER_7,6440000,103,6,6,115,47,56
SUPER_7,6450000,24,1,4,29,12,12
SUPER_7,6460000,81,2,5,88,34,47
SUPER_7,6470000,190,20,22,232,103,87
SUPER_7,6480000,155,15,15,185,72,83
SUPER_7,6490000,130,12,11,153,67,63
SUPER_7,6500000,109,9,7,125,53,56
SUPER_7,6510000,85,8,5,98,42,43
SUPER_7,6520000,54,14,5,73,22,32
SUPER_7,6530000,32,6,6,44,16,16
SUPER_7,6540000,84,7,6,97,41,43
SUPER_7,6550000,108,13,8,129,54,54
SUPER_7,6560000,116,15,15,146,57,59
SUPER_7,6570000,90,10,6,106,50,40
SUPER_7,6580000,88,10,8,106,45,43
SUPER_7,6590000,119,4,9,132,64,55
SUPER_7,6600000,92,6,4,102,45,47
SUPER_7,6610000,33,2,1,36,22,11
SUPER_7,6620000,72,6,5,83,32,40
SUPER_7,6630000,85,3,12,100,36,49
SUPER_7,6640000,101,8,9,118,43,58
SUPER_7,6650000,124,14,10,148,51,73
SUPER_7,6660000,122,12,15,149,59,63
SUPER_7,6670000,79,4,11,94,30,49
SUPER_7,6680000,92,10,7,109,46,46
SUPER_7,6690000,89,2,10,101,48,41
SUPER_7,6700000,60,6,8,74,31,29
SUPER_7,6710000,85,9,6,100,47,38
SUPER_7,6720000,109,10,12,131,46,63
SUPER_7,6730000,158,18,19,195,77,81
SUPER_7,6740000,83,12,10,105,44,39
SUPER_7,6750000,114,8,13,135,56,58
SUPER_7,6760000,116,12,16,144,56,60
SUPER_7,6770000,157,16,19,192,76,81
SUPER_7,6780000,119,8,15,142,69,50
SUPER_7,6790000,78,9,10,97,38,40
SUPER_7,6800000,70,11,11,92,44,26
SUPER_7,6810000,136,15,12,163,51,85
SUPER_7,6820000,145,14,12,171,75,70
SUPER_7,6830000,50,4,2,56,26,24
SUPER_7,6840000,70,8,12,90,32,38
SUPER_7,6850000,87,5,9,101,51,36
SUPER_7,6860000,55,5,5,65,30,25
SUPER_7,6870000,137,10,9,156,69,68
SUPER_7,6880000,178,16,13,207,86,92
SUPER_7,6890000,56,7,8,71,23,33
SUPER_7,6900000,130,15,12,157,56,74
SUPER_7,6910000,183,13,18,214,98,85
SUPER_7,6920000,126,11,14,151,57,69
SUPER_7,6930000,116,7,8,131,68,48
SUPER_7,6940000,99,6,9,114,52,47
SUPER_7,6950000,100,12,17,129,50,50
SUPER_7,6960000,62,6,4,72,34,28
SUPER_7,6970000,90,8,10,108,42,48
SUPER_7,6980000,133,12,15,160,53,80
SUPER_7,6990000,96,13,10,119,38,58
SUPER_7,7000000,116,11,10,137,50,66
SUPER_7,7010000,3,0,0,3,2,1
SUPER_7,7020000,1,0,0,1,1,0
SUPER_7,7030000,1,0,0,1,0,1
SUPER_7,7040000,47,5,7,59,21,26
SUPER_7,7050000,77,15,11,103,42,35
SUPER_7,7060000,46,4,11,61,27,19
SUPER_7,7070000,58,3,3,64,29,29
SUPER_7,7080000,44,5,6,55,24,20
SUPER_7,7090000,27,1,1,29,10,17
SUPER_7,7100000,84,8,6,98,44,40
SUPER_7,7110000,129,9,12,150,61,68
SUPER_7,7120000,163,9,10,182,77,86
SUPER_7,7130000,240,16,19,275,120,120
SUPER_7,7140000,96,7,8,111,57,39
SUPER_7,7150000,98,8,10,116,44,54
SUPER_7,7160000,100,9,10,119,49,51
SUPER_7,7170000,97,11,18,126,47,50
SUPER_7,7180000,29,4,4,37,18,11
SUPER_7,7190000,17,1,2,20,12,5
SUPER_7,7200000,29,0,2,31,16,13
SUPER_7,7210000,28,5,2,35,12,16
SUPER_7,7220000,27,2,1,30,13,14
SUPER_7,7230000,47,3,2,52,30,17
SUPER_7,7240000,47,6,6,59,26,21
SUPER_7,7250000,39,3,3,45,20,19
SUPER_7,7260000,43,5,5,53,22,21
SUPER_7,7270000,97,13,17,127,44,53
SUPER_7,7280000,104,8,8,120,47,57
SUPER_7,7290000,45,4,5,54,23,22
SUPER_7,7300000,122,9,11,142,52,70
SUPER_7,7310000,112,7,13,132,65,47
SUPER_7,7320000,136,16,18,170,67,69
SUPER_7,7330000,109,14,8,131,63,46
SUPER_7,7340000,162,17,16,195,75,87
SUPER_7,7350000,77,7,7,91,40,37
SUPER_7,7360000,45,2,10,57,21,24
SUPER_7,7370000,99,13,12,124,47,52
SUPER_7,7380000,126,5,13,144,62,64
SUPER_7,7390000,43,7,5,55,15,28
SUPER_7,7400000,52,6,3,61,26,26
SUPER_7,7410000,77,9,7,93,35,42
SUPER_7,7420000,37,4,5,46,19,18
SUPER_7,7430000,106,8,11,125,49,57
SUPER_7,7440000,149,9,12,170,78,71
SUPER_7,7450000,109,11,7,127,46,63
SUPER_7,7460000,237,21,19,277,113,124
SUPER_7,7470000,112,13,17,142,58,54
SUPER_7,7480000,167,8,13,188,79,88
SUPER_7,7490000,205,22,24,251,92,113
SUPER_7,7500000,182,21,20,223,94,88
SUPER_7,7510000,184,19,17,220,100,84
SUPER_7,7520000,147,16,23,186,84,63
SUPER_7,7530000,121,4,10,135,70,51
SUPER_7,7540000,128,3,10,141,72,56
SUPER_7,7550000,133,11,20,164,64,69
SUPER_7,7560000,126,12,9,147,54,72
SUPER_7,7570000,194,17,14,225,91,103
SUPER_7,7580000,161,19,26,206,92,69
SUPER_7,7590000,158,13,17,188,82,76
SUPER_7,7600000,250,20,21,291,118,132
SUPER_7,7610000,100,8,11,119,50,50
SUPER_7,7620000,166,20,14,200,81,85
SUPER_7,7630000,115,8,12,135,47,68
SUPER_7,7640000,109,11,17,137,56,53
SUPER_7,7650000,158,14,15,187,93,65
SUPER_7,7660000,138,11,8,157,70,68
SUPER_7,7670000,148,11,14,173,76,72
SUPER_7,7680000,144,10,21,175,61,83
SUPER_7,7690000,115,9,16,140,53,62
SUPER_7,7700000,171,16,21,208,79,92
SUPER_7,7710000,148,17,12,177,77,71
SUPER_7,7720000,77,4,7,88,35,42
SUPER_7,7730000,143,18,23,184,66,77
SUPER_7,7740000,183,8,16,207,98,85
SUPER_7,7750000,162,14,11,187,74,88
SUPER_7,7760000,193,23,16,232,94,99
SUPER_7,7770000,41,4,3,48,21,20
SUPER_7,7780000,71,12,10,93,34,37
SUPER_7,7790000,114,8,10,132,59,55
SUPER_7,7800000,101,9,6,116,51,50
SUPER_7,7810000,124,15,10,149,73,51
SUPER_7,7820000,201,23,18,242,105,96
SUPER_7,7830000,45,0,1,46,24,21
SUPER_7,7840000,1,0,0,1,0,1
SUPER_7,7850000,14,2,5,21,4,10
SUPER_7,7860000,82,7,13,102,34,48
SUPER_7,7870000,238,21,28,287,105,133
SUPER_7,7880000,183,28,20,231,80,103
SUPER_7,7890000,114,10,12,136,60,54
SUPER_7,7900000,38,3,6,47,27,11
SUPER_7,7910000,131,21,9,161,62,69
SUPER_7,7920000,34,4,2,40,21,13
SUPER_7,7930000,98,6,9,113,53,45
SUPER_7,7940000,149,13,20,182,70,79
SUPER_7,7950000,135,19,6,160,64,71
SUPER_7,7960000,136,14,12,162,75,61
SUPER_7,7970000,84,8,7,99,50,34
SUPER_7,7980000,163,11,13,187,81,82
SUPER_7,7990000,212,22,11,245,120,92
SUPER_7,8000000,105,7,5,117,52,53
SUPER_7,8010000,178,12,16,206,90,88
SUPER_7,8020000,215,8,17,240,111,104
SUPER_7,8030000,145,13,13,171,68,77
SUPER_7,8040000,162,18,18,198,85,77
SUPER_7,8050000,100,11,11,122,53,47
SUPER_7,8060000,137,8,12,157,67,70
SUPER_7,8070000,124,10,13,147,48,76
SUPER_7,8080000,99,14,8,121,48,51
SUPER_7,8090000,101,10,7,118,52,49
SUPER_7,8100000,202,16,22,240,119,83
SUPER_7,8110000,79,3,11,93,43,36
SUPER_7,8120000,99,12,12,123,42,57
SUPER_7,8130000,196,20,16,232,91,105
SUPER_7,8140000,115,10,13,138,69,46
SUPER_7,8150000,106,12,9,127,47,59
SUPER_7,8160000,140,14,14,168,65,75
SUPER_7,8170000,189,13,12,214,90,99
SUPER_7,8180000,156,13,15,184,82,74
SUPER_7,8190000,0,0,0,0,0,0
SUPER_7,8200000,0,0,0,0,0,0
SUPER_7,8210000,0,0,0,0,0,0
SUPER_7,8220000,0,0,0,0,0,0
SUPER_7,8230000,0,0,0,0,0,0
SUPER_7,8240000,0,0,0,0,0,0
SUPER_7,8250000,0,0,0,0,0,0
SUPER_7,8260000,68,6,9,83,34,34
SUPER_7,8270000,127,14,10,151,55,72
SUPER_7,8280000,168,15,17,200,86,82
SUPER_7,8290000,186,20,20,226,88,98
SUPER_7,8300000,140,11,12,163,79,61
SUPER_7,8310000,13,3,2,18,5,8
SUPER_7,8320000,54,5,4,63,28,26
SUPER_7,8330000,110,9,12,131,56,54
SUPER_7,8340000,96,5,10,111,46,50
SUPER_7,8350000,235,26,25,286,109,126
SUPER_7,8360000,166,15,15,196,77,89
SUPER_7,8370000,43,5,3,51,18,25
SUPER_7,8380000,135,13,5,153,66,69
SUPER_7,8390000,114,8,6,128,58,56
SUPER_7,8400000,50,7,6,63,26,24
SUPER_7,8410000,79,6,6,91,42,37
SUPER_7,8420000,107,12,4,123,59,48
SUPER_7,8430000,46,4,3,53,20,26
SUPER_7,8440000,155,10,5,170,86,69
SUPER_7,8450000,140,14,16,170,73,67
SUPER_7,8460000,185,14,16,215,92,93
SUPER_7,8470000,236,14,18,268,122,114
SUPER_7,8480000,253,23,29,305,120,133
SUPER_7,8490000,120,6,7,133,69,51
SUPER_7,8500000,140,13,12,165,74,66
SUPER_7,8510000,119,7,11,137,62,57
SUPER_7,8520000,96,11,9,116,51,45
SUPER_7,8530000,134,19,17,170,64,70
SUPER_7,8540000,119,8,11,138,54,65
SUPER_7,8550000,95,6,8,109,50,45
SUPER_7,8560000,65,2,10,77,41,24
SUPER_7,8570000,160,23,19,202,81,79
SUPER_7,8580000,107,11,9,127,43,64
SUPER_7,8590000,126,6,11,143,63,63
SUPER_7,8600000,137,12,11,160,77,60
SUPER_7,8610000,83,7,13,103,43,40
SUPER_7,8620000,113,12,10,135,67,46
SUPER_7,8630000,150,13,18,181,73,77
SUPER_7,8640000,67,9,7,83,33,34
SUPER_7,8650000,208,16,23,247,106,102
SUPER_7,8660000,154,14,14,182,66,88
SUPER_7,8670000,173,7,20,200,91,82
SUPER_7,8680000,161,12,12,185,80,81
SUPER_7,8690000,165,15,10,190,77,88
SUPER_7,8700000,263,15,21,299,135,128
SUPER_7,8710000,143,10,10,163,84,59
SUPER_7,8720000,170,15,15,200,90,80
SUPER_7,8730000,48,1,2,51,29,19
SUPER_7,8740000,143,12,14,169,77,66
SUPER_7,8750000,170,10,15,195,83,87
SUPER_7,8760000,231,23,30,284,97,134
SUPER_7,8770000,213,17,20,250,108,105
SUPER_7,8780000,203,16,22,241,98,105
SUPER_7,8790000,191,15,17,223,94,97
SUPER_7,8800000,110,11,6,127,61,49
SUPER_7,8810000,191,14,11,216,98,93
SUPER_7,8820000,196,18,17,231,92,104
SUPER_7,8830000,233,20,13,266,112,121
SUPER_7,8840000,212,29,9,250,107,105
SUPER_7,8850000,167,12,17,196,82,85
SUPER_7,8860000,47,7,2,56,22,25
SUPER_7,8870000,23,1,4,28,8,15
SUPER_7,8880000,124,6,4,134,67,57
SUPER_7,8890000,122,10,8,140,71,51
SUPER_7,8900000,275,18,26,319,143,132
SUPER_7,8910000,215,19,13,247,115,100
SUPER_7,8920000,136,20,10,166,67,69
SUPER_7,8930000,105,9,8,122,55,50
SUPER_7,8940000,299,27,22,348,154,145
SUPER_7,8950000,178,26,17,221,91,87
SUPER_7,8960000,261,24,23,308,127,134
SUPER_7,8970000,114,7,12,133,49,65
SUPER_7,8980000,201,22,22,245,95,106
SUPER_7,8990000,91,12,8,111,47,44
SUPER_7,9000000,133,17,9,159,70,63
SUPER_7,9010000,161,16,11,188,80,81
SUPER_7,9020000,177,18,13,208,88,89
SUPER_7,9030000,170,17,12,199,86,84
SUPER_7,9040000,205,17,15,237,103,102
SUPER_7,9050000,155,6,19,180,72,83
SUPER_7,9060000,250,21,23,294,109,141
SUPER_7,9070000,271,20,25,316,146,125
SUPER_7,9080000,255,11,23,289,134,121
SUPER_7,9090000,134,13,12,159,69,65
SUPER_7,9100000,164,12,13,189,89,75
SUPER_7,9110000,1,0,0,1,1,0
SUPER_7,9120000,56,6,2,64,27,29
SUPER_7,9130000,80,6,3,89,35,45
SUPER_7,9140000,218,19,21,258,113,105
SUPER_7,9150000,157,9,16,182,83,74
SUPER_7,9160000,138,8,9,155,69,69
SUPER_7,9170000,170,17,15,202,88,82
SUPER_7,9180000,111,17,11,139,42,69
SUPER_7,9190000,77,9,7,93,44,33
SUPER_7,9200000,134,13,11,158,56,78
SUPER_7,9210000,165,20,16,201,78,87
SUPER_7,9220000,212,16,19,247,113,99
SUPER_7,9230000,201,14,14,229,101,100
SUPER_7,9240000,176,9,17,202,90,86
SUPER_7,9250000,136,5,12,153,55,81
SUPER_7,9260000,145,15,14,174,68,77
SUPER_7,9270000,96,9,6,111,47,49
SUPER_7,9280000,88,9,8,105,39,49
SUPER_7,9290000,110,11,17,138,60,50
SUPER_7,9300000,127,12,11,150,63,64
SUPER_7,9310000,135,9,10,154,69,66
SUPER_7,9320000,85,10,7,102,37,48
SUPER_7,9330000,97,8,16,121,53,44
SUPER_7,9340000,129,10,4,143,73,56
SUPER_7,9350000,79,6,6,91,35,44
SUPER_7,9360000,88,3,6,97,44,44
SUPER_7,9370000,123,11,7,141,63,60
SUPER_7,9380000,85,10,7,102,44,41
SUPER_7,9390000,93,7,10,110,46,47
SUPER_7,9400000,149,10,14,173,71,78
SUPER_7,9410000,103,9,5,117,57,46
SUPER_7,9420000,118,7,13,138,50,68
SUPER_7,9430000,100,14,13,127,56,44
SUPER_7,9440000,105,10,7,122,61,44
SUPER_7,9450000,59,9,6,74,26,33
SUPER_7,9460000,49,11,8,68,31,18
SUPER_7,9470000,122,9,17,148,60,62
SUPER_7,9480000,230,22,16,268,120,110
SUPER_7,9490000,238,14,18,270,130,108
SUPER_7,9500000,92,5,10,107,52,40
SUPER_7,9510000,252,15,18,285,115,137
SUPER_7,9520000,161,13,17,191,81,80
SUPER_7,9530000,175,10,22,207,75,100
SUPER_7,9540000,168,16,16,200,80,88
SUPER_7,9550000,122,11,16,149,63,59
SUPER_7,9560000,101,11,8,120,45,56
SUPER_7,9570000,250,21,31,302,128,122
SUPER_7,9580000,153,10,16,179,73,80
SUPER_7,9590000,219,17,20,256,110,109
SUPER_7,9600000,46,6,5,57,27,19
SUPER_7,9610000,140,16,15,171,83,57
SUPER_7,9620000,163,14,16,193,83,80
SUPER_7,9630000,191,21,7,219,104,87
SUPER_7,9640000,152,11,12,175,70,82
SUPER_7,9650000,92,10,6,108,49,43
SUPER_7,9660000,114,5,7,126,50,64
SUPER_7,9670000,120,8,8,136,78,42
SUPER_7,9680000,163,19,18,200,79,84
SUPER_7,9690000,161,16,13,190,83,78
SUPER_7,9700000,196,8,13,217,105,91
SUPER_7,9710000,144,8,11,163,75,69
SUPER_7,9720000,245,26,15,286,132,113
SUPER_7,9730000,211,24,33,268,100,111
SUPER_7,9740000,208,18,17,243,97,111
SUPER_7,9750000,175,13,20,208,100,75
SUPER_7,9760000,110,9,8,127,48,62
SUPER_7,9770000,185,21,18,224,103,82
SUPER_7,9780000,165,10,15,190,83,82
SUPER_7,9790000,88,10,5,103,42,46
SUPER_7,9800000,173,21,16,210,69,104
SUPER_7,9810000,236,17,25,278,108,128
SUPER_7,9820000,266,17,21,304,137,129
SUPER_7,9830000,171,12,23,206,80,91
SUPER_7,9840000,250,21,23,294,126,124
SUPER_7,9850000,147,11,12,170,67,80
SUPER_7,9860000,29,0,2,31,11,18
SUPER_7,9870000,115,7,11,133,58,57
SUPER_7,9880000,38,5,5,48,15,23
SUPER_7,9890000,205,11,25,241,103,102
SUPER_7,9900000,308,24,25,357,154,154
SUPER_7,9910000,148,4,17,169,71,77
SUPER_7,9920000,77,9,4,90,50,27
SUPER_7,9930000,158,18,16,192,67,91
SUPER_7,9940000,278,20,36,334,134,144
SUPER_7,9950000,245,19,18,282,136,109
SUPER_7,9960000,251,21,21,293,125,126
SUPER_7,9970000,231,19,14,264,104,127
SUPER_7,9980000,274,22,22,318,140,134
SUPER_7,9990000,107,9,12,128,46,61
SUPER_7,10000000,148,13,10,171,78,70
SUPER_7,10010000,37,5,3,45,24,13
SUPER_7,10020000,163,23,14,200,88,75
SUPER_7,10030000,223,22,18,263,117,106
SUPER_7,10040000,173,15,18,206,76,97
SUPER_7,10050000,244,16,18,278,130,114
SUPER_7,10060000,170,16,15,201,85,85
SUPER_7,10070000,4,1,0,5,2,2
SUPER_7,10080000,171,12,14,197,106,65
SUPER_7,10090000,168,11,6,185,94,74
SUPER_7,10100000,227,14,24,265,128,99
SUPER_7,10110000,70,8,9,87,44,26
SUPER_7,10120000,241,13,22,276,138,103
SUPER_7,10130000,102,10,12,124,50,52
SUPER_7,10140000,202,20,13,235,111,91
SUPER_7,10150000,100,8,4,112,52,48
SUPER_7,10160000,113,8,5,126,53,60
SUPER_7,10170000,160,9,14,183,81,79
SUPER_7,10180000,228,16,18,262,120,108
SUPER_7,10190000,213,17,20,250,117,96
SUPER_7,10200000,223,23,20,266,112,111
SUPER_7,10210000,224,14,26,264,117,107
SUPER_7,10220000,207,26,18,251,114,93
SUPER_7,10230000,199,13,16,228,96,103
SUPER_7,10240000,111,10,10,131,51,60
SUPER_7,10250000,169,11,18,198,82,87
SUPER_7,10260000,190,13,20,223,96,94
SUPER_7,10270000,197,10,11,218,96,101
SUPER_7,10280000,152,10,14,176,82,70
SUPER_7,10290000,168,20,9,197,91,77
SUPER_7,10300000,118,6,7,131,68,50
SUPER_7,10310000,142,13,16,171,75,67
SUPER_7,10320000,159,17,6,182,87,72
SUPER_7,10330000,136,16,11,163,58,78
SUPER_7,10340000,221,18,21,260,114,107
SUPER_7,10350000,234,18,30,282,130,104
SUPER_7,10360000,136,12,15,163,66,70
SUPER_7,10370000,114,7,8,129,52,62
SUPER_7,10380000,157,10,12,179,87,70
SUPER_7,10390000,112,11,6,129,60,52
SUPER_7,10400000,242,20,24,286,117,125
SUPER_7,10410000,75,7,9,91,34,41
SUPER_7,10420000,196,16,16,228,97,99
SUPER_7,10430000,201,20,22,243,91,110
SUPER_7,10440000,232,24,26,282,116,116
SUPER_7,10450000,156,8,16,180,77,79
SUPER_7,10460000,136,9,15,160,62,74
SUPER_7,10470000,159,9,15,183,79,80
SUPER_7,10480000,272,15,21,308,122,150
SUPER_7,10490000,196,29,16,241,96,100
SUPER_7,10500000,210,18,21,249,93,117
SUPER_7,10510000,244,23,21,288,131,113
SUPER_7,10520000,246,19,26,291,110,136
SUPER_7,10530000,246,17,13,276,142,104
SUPER_7,10540000,66,6,3,75,29,37
SUPER_7,10550000,86,6,8,100,46,40
SUPER_7,10560000,191,12,12,215,93,98
SUPER_7,10570000,179,9,9,197,95,84
SUPER_7,10580000,218,23,19,260,118,100
SUPER_7,10590000,127,9,18,154,70,57
SUPER_7,10600000,221,14,17,252,114,107
SUPER_7,10610000,195,13,15,223,97,98
SUPER_7,10620000,111,6,11,128,55,56
SUPER_7,10630000,199,16,16,231,105,94
SUPER_7,10640000,228,19,20,267,113,115
SUPER_7,10650000,230,21,13,264,119,111
SUPER_7,10660000,214,18,9,241,108,106
SUPER_7,10670000,296,23,23,342,150,146
SUPER_7,10680000,206,21,20,247,108,98
SUPER_7,10690000,135,8,20,163,65,70
SUPER_7,10700000,103,15,10,128,57,46
SUPER_7,10710000,132,12,19,163,77,55
SUPER_7,10720000,196,19,9,224,106,90
SUPER_7,10730000,244,31,25,300,114,130
SUPER_7,10740000,209,26,14,249,103,106
SUPER_7,10750000,278,14,22,314,161,117
SUPER_7,10760000,229,28,21,278,109,120
SUPER_7,10770000,137,10,8,155,67,70
SUPER_7,10780000,177,12,20,209,91,86
SUPER_7,10790000,190,9,11,210,101,89
SUPER_7,10800000,214,18,12,244,108,106
SUPER_7,10810000,112,14,13,139,57,55
SUPER_7,10820000,118,10,13,141,71,47
SUPER_7,10830000,82,7,7,96,36,46
SUPER_7,10840000,85,4,7,96,47,38
SUPER_7,10850000,163,11,19,193,83,80
SUPER_7,10860000,248,9,15,272,134,114
SUPER_7,10870000,157,17,20,194,80,77
SUPER_7,10880000,188,23,23,234,86,102
SUPER_7,10890000,33,1,3,37,16,17
SUPER_7,10900000,152,13,10,175,65,87
SUPER_7,10910000,259,31,23,313,133,126
SUPER_7,10920000,213,16,14,243,119,94
SUPER_7,10930000,70,2,8,80,31,39
SUPER_7,10940000,0,0,0,0,0,0
SUPER_7,10950000,0,0,0,0,0,0
SUPER_7,10960000,7,0,2,9,2,5
SUPER_7,10970000,108,11,10,129,62,46
SUPER_7,10980000,56,6,5,67,30,26
SUPER_7,10990000,8,1,1,10,3,5
SUPER_7,11000000,189,14,7,210,103,86
SUPER_7,11010000,312,27,30,369,163,149
SUPER_7,11020000,216,18,24,258,102,114
SUPER_7,11030000,153,12,14,179,68,85
SUPER_7,11040000,164,12,12,188,82,82
SUPER_7,11050000,136,10,10,156,67,69
SUPER_7,11060000,160,10,14,184,64,96
SUPER_7,11070000,179,10,16,205,99,80
SUPER_7,11080000,267,20,19,306,134,133
SUPER_7,11090000,125,12,5,142,60,65
SUPER_7,11100000,222,20,15,257,114,108
SUPER_7,11110000,206,14,15,235,95,111
SUPER_7,11120000,121,10,8,139,66,55
SUPER_7,11130000,173,26,19,218,82,91
SUPER_7,11140000,302,21,27,350,151,151
SUPER_7,11150000,111,2,10,123,68,43
SUPER_7,11160000,163,11,14,188,89,74
SUPER_7,11170000,132,7,7,146,60,72
SUPER_7,11180000,243,22,21,286,126,117
SUPER_7,11190000,253,27,31,311,122,131
SUPER_7,11200000,228,13,17,258,110,118
SUPER_7,11210000,34,6,5,45,21,13
SUPER_7,11220000,102,8,20,130,59,43
SUPER_7,11230000,266,21,18,305,120,146
SUPER_7,11240000,234,14,18,266,130,104
SUPER_7,11250000,168,14,13,195,82,86
SUPER_7,11260000,74,5,7,86,40,34
SUPER_7,11270000,218,14,23,255,108,110
SUPER_7,11280000,198,19,26,243,93,105
SUPER_7,11290000,207,22,21,250,96,111
SUPER_7,11300000,65,5,8,78,35,30
SUPER_7,11310000,191,20,12,223,94,97
SUPER_7,11320000,193,18,24,235,84,109
SUPER_7,11330000,138,9,18,165,72,66
SUPER_7,11340000,140,5,12,157,80,60
SUPER_7,11350000,182,18,13,213,89,93
SUPER_7,11360000,221,21,23,265,112,109
SUPER_7,11370000,234,16,16,266,139,95
SUPER_7,11380000,239,16,19,274,118,121
SUPER_7,11390000,198,18,18,234,103,95
SUPER_7,11400000,231,25,17,273,131,100
SUPER_7,11410000,180,14,16,210,97,83
SUPER_7,11420000,227,12,16,255,116,111
SUPER_7,11430000,112,7,13,132,66,46
SUPER_7,11440000,124,8,6,138,66,58
SUPER_7,11450000,203,10,22,235,100,103
SUPER_7,11460000,178,13,20,211,100,78
SUPER_7,11470000,193,13,23,229,114,79
SUPER_7,11480000,168,10,17,195,81,87
SUPER_7,11490000,152,16,17,185,77,75
SUPER_7,11500000,107,11,7,125,50,57
SUPER_7,11510000,241,15,16,272,118,123
SUPER_7,11520000,113,6,8,127,59,54
SUPER_7,11530000,237,29,26,292,122,115
SUPER_7,11540000,235,12,20,267,119,116
SUPER_7,11550000,248,20,17,285,117,131
SUPER_7,11560000,267,20,17,304,128,139
SUPER_7,11570000,306,22,32,360,147,159
SUPER_7,11580000,246,23,21,290,131,115
SUPER_7,11590000,189,12,14,215,88,101
SUPER_7,11600000,7,1,0,8,4,3
SUPER_7,11610000,176,12,12,200,98,78
SUPER_7,11620000,228,22,21,271,101,127
SUPER_7,11630000,39,3,4,46,20,19
SUPER_7,11640000,52,3,3,58,32,20
SUPER_7,11650000,169,13,16,198,83,86
SUPER_7,11660000,213,18,18,249,92,121
SUPER_7,11670000,257,20,26,303,134,123
SUPER_7,11680000,95,13,9,117,52,43
SUPER_7,11690000,58,4,3,65,27,31
SUPER_7,11700000,164,12,15,191,78,86
SUPER_7,11710000,109,12,7,128,52,57
SUPER_7,11720000,111,16,16,143,56,55
SUPER_7,11730000,183,21,19,223,79,104
SUPER_7,11740000,136,13,20,169,58,78
SUPER_7,11750000,160,12,15,187,88,72
SUPER_7,11760000,195,15,16,226,104,91
SUPER_7,11770000,106,7,11,124,67,39
SUPER_7,11780000,178,17,16,211,94,84
SUPER_7,11790000,174,19,21,214,90,84
SUPER_7,11800000,167,12,8,187,83,84
SUPER_7,11810000,12,0,2,14,5,7
SUPER_7,11820000,51,2,3,56,24,27
SUPER_7,11830000,229,11,19,259,109,120
SUPER_7,11840000,242,25,16,283,122,120
SUPER_7,11850000,229,20,32,281,112,117
SUPER_7,11860000,152,19,13,184,74,78
SUPER_7,11870000,229,15,30,274,113,116
SUPER_7,11880000,185,17,15,217,91,94
SUPER_7,11890000,133,6,15,154,71,62
SUPER_7,11900000,67,6,10,83,36,31
SUPER_7,11910000,240,26,27,293,120,120
SUPER_7,11920000,277,24,26,327,137,140
SUPER_7,11930000,210,16,15,241,100,110
SUPER_7,11940000,202,16,20,238,107,95
SUPER_7,11950000,136,11,15,162,71,65
SUPER_7,11960000,258,19,27,304,130,128
SUPER_7,11970000,216,17,21,254,114,102
SUPER_7,11980000,155,17,14,186,85,70
SUPER_7,11990000,246,22,15,283,117,129
SUPER_7,12000000,51,1,6,58,27,24
SUPER_7,12010000,216,26,29,271,105,111
SUPER_7,12020000,217,17,18,252,120,97
SUPER_7,12030000,247,24,30,301,117,130
SUPER_7,12040000,178,19,23,220,91,87
SUPER_7,12050000,223,29,20,272,108,115
SUPER_7,12060000,163,19,16,198,87,76
SUPER_7,12070000,206,15,20,241,96,110
SUPER_7,12080000,179,14,16,209,96,83
SUPER_7,12090000,201,10,19,230,103,98
SUPER_7,12100000,142,4,7,153,68,74
SUPER_7,12110000,99,6,8,113,46,53
SUPER_7,12120000,197,15,17,229,100,97
SUPER_7,12130000,251,23,23,297,120,131
SUPER_7,12140000,91,8,7,106,49,42
SUPER_7,12150000,207,16,24,247,109,98
SUPER_7,12160000,279,23,26,328,125,154
SUPER_7,12170000,289,26,26,341,143,146
SUPER_7,12180000,285,18,33,336,130,155
SUPER_7,12190000,241,23,21,285,127,114
SUPER_7,12200000,266,12,21,299,126,140
SUPER_7,12210000,259,26,17,302,144,115
SUPER_7,12220000,30,3,3,36,18,12
SUPER_7,12230000,172,10,5,187,80,92
SUPER_7,12240000,277,14,19,310,141,136
SUPER_7,12250000,306,25,28,359,139,167
SUPER_7,12260000,133,12,14,159,67,66
SUPER_7,12270000,236,20,19,275,115,121
SUPER_7,12280000,170,19,16,205,75,95
SUPER_7,12290000,112,6,11,129,51,61
SUPER_7,12300000,273,18,25,316,137,136
SUPER_7,12310000,253,22,21,296,121,132
SUPER_7,12320000,316,14,32,362,162,154
SUPER_7,12330000,287,19,24,330,139,148
SUPER_7,12340000,170,13,16,199,79,91
SUPER_7,12350000,91,5,9,105,47,44
SUPER_7,12360000,237,23,23,283,112,125
SUPER_7,12370000,275,22,34,331,137,138
SUPER_7,12380000,290,30,22,342,148,142
SUPER_7,12390000,137,9,6,152,65,72
SUPER_7,12400000,72,2,3,77,38,34
SUPER_7,12410000,188,14,20,222,96,92
SUPER_7,12420000,238,21,18,277,106,132
SUPER_7,12430000,288,23,27,338,133,155
SUPER_7,12440000,268,11,15,294,125,143
SUPER_7,12450000,253,12,20,285,134,119
SUPER_7,12460000,298,23,21,342,150,148
SUPER_7,12470000,201,14,20,235,96,105
SUPER_7,12480000,69,0,3,72,26,43
SUPER_7,12490000,87,2,6,95,49,38
SUPER_7,12500000,116,10,14,140,47,69
SUPER_7,12510000,226,19,15,260,110,116
SUPER_7,12520000,97,8,11,116,36,61
SUPER_7,12530000,104,9,8,121,59,45
SUPER_7,12540000,217,23,19,259,109,108
SUPER_7,12550000,284,21,17,322,135,149
SUPER_7,12560000,216,16,15,247,94,122
SUPER_7,12570000,116,7,4,127,64,52
SUPER_7,12580000,271,12,22,305,137,134
SUPER_7,12590000,108,2,5,115,52,56
SUPER_7,12600000,57,7,1,65,34,23
SUPER_7,12610000,188,14,15,217,91,97
SUPER_7,12620000,265,18,18,301,129,136
SUPER_7,12630000,307,19,36,362,150,157
SUPER_7,12640000,194,19,11,224,112,82
SUPER_7,12650000,275,20,18,313,154,121
SUPER_7,12660000,225,23,21,269,108,117
SUPER_7,12670000,287,22,23,332,138,149
SUPER_7,12680000,214,12,23,249,118,96
SUPER_7,12690000,163,10,12,185,86,77
SUPER_7,12700000,135,9,12,156,74,61
SUPER_7,12710000,238,14,15,267,126,112
SUPER_7,12720000,193,18,16,227,104,89
SUPER_7,12730000,210,15,20,245,115,95
SUPER_7,12740000,216,11,23,250,115,101
SUPER_7,12750000,46,1,2,49,31,15
SUPER_7,12760000,140,12,14,166,67,73
SUPER_7,12770000,223,19,25,267,104,119
SUPER_7,12780000,229,25,23,277,121,108
SUPER_7,12790000,240,27,17,284,125,115
SUPER_7,12800000,249,18,21,288,124,125
SUPER_7,12810000,262,15,30,307,134,128
SUPER_7,12820000,226,15,18,259,116,110
SUPER_7,12830000,53,3,2,58,33,20
SUPER_7,12840000,209,29,23,261,106,103
SUPER_7,12850000,69,7,4,80,39,30
SUPER_7,12860000,38,4,4,46,25,13
SUPER_7,12870000,15,1,2,18,10,5
SUPER_7,12880000,164,7,6,177,80,84
SUPER_7,12890000,206,20,15,241,109,97
SUPER_7,12900000,41,1,5,47,24,17
SUPER_7,12910000,40,0,7,47,19,21
SUPER_7,12920000,128,7,7,142,68,60
SUPER_7,12930000,161,14,16,191,76,85
SUPER_7,12940000,175,9,13,197,83,92
SUPER_7,12950000,134,7,6,147,82,52
SUPER_7,12960000,218,23,17,258,101,117
SUPER_7,12970000,112,8,11,131,49,63
SUPER_7,12980000,87,4,5,96,43,44
SUPER_7,12990000,75,7,8,90,46,29
SUPER_7,13000000,46,2,7,55,26,20
SUPER_7,13010000,75,5,9,89,34,41
SUPER_7,13020000,101,6,7,114,58,43
SUPER_7,13030000,175,15,9,199,81,94
SUPER_7,13040000,253,19,25,297,115,138
SUPER_7,13050000,203,20,13,236,100,103
SUPER_7,13060000,241,22,15,278,125,116
SUPER_7,13070000,254,16,15,285,135,119
SUPER_7,13080000,211,19,15,245,123,88
SUPER_7,13090000,153,10,19,182,88,65
SUPER_7,13100000,252,8,23,283,142,110
SUPER_7,13110000,139,10,9,158,58,81
SUPER_7,13120000,266,18,25,309,150,116
SUPER_7,13130000,269,18,16,303,137,132
SUPER_7,13140000,216,21,22,259,115,101
SUPER_7,13150000,244,20,26,290,135,109
SUPER_7,13160000,259,20,16,295,129,130
SUPER_7,13170000,230,20,14,264,121,109
SUPER_7,13180000,283,23,25,331,126,157
SUPER_7,13190000,222,22,18,262,111,111
SUPER_7,13200000,107,8,14,129,60,47
SUPER_7,13210000,95,13,13,121,55,40
SUPER_7,13220000,203,14,16,233,106,97
SUPER_7,13230000,243,20,20,283,126,117
SUPER_7,13240000,239,22,23,284,132,107
SUPER_7,13250000,128,7,9,144,60,68
SUPER_7,13260000,223,19,21,263,114,109
SUPER_7,13270000,130,8,8,146,71,59
SUPER_7,13280000,184,16,20,220,87,97
SUPER_7,13290000,242,20,21,283,136,106
SUPER_7,13300000,289,28,14,331,171,118
SUPER_7,13310000,208,23,10,241,119,89
SUPER_7,13320000,144,8,10,162,69,75
SUPER_7,13330000,210,25,18,253,102,108
SUPER_7,13340000,146,13,7,166,76,70
SUPER_7,13350000,216,21,22,259,93,123
SUPER_7,13360000,210,17,20,247,105,105
SUPER_7,13370000,208,26,21,255,107,101
SUPER_7,13380000,78,7,14,99,40,38
SUPER_7,13390000,227,15,25,267,124,103
SUPER_7,13400000,53,4,3,60,25,28
SUPER_7,13410000,211,14,21,246,117,94
SUPER_7,13420000,229,15,11,255,127,102
SUPER_7,13430000,239,19,22,280,123,116
SUPER_7,13440000,181,12,14,207,99,82
SUPER_7,13450000,241,12,24,277,123,118
SUPER_7,13460000,127,17,11,155,62,65
SUPER_7,13470000,232,22,23,277,122,110
SUPER_7,13480000,142,13,14,169,71,71
SUPER_7,13490000,72,1,3,76,42,30
SUPER_7,13500000,83,7,4,94,37,46
SUPER_7,13510000,204,13,13,230,86,118
SUPER_7,13520000,125,8,16,149,62,63
SUPER_7,13530000,125,9,8,142,63,62
SUPER_7,13540000,139,17,13,169,68,71
SUPER_7,13550000,216,19,16,251,106,110
SUPER_7,13560000,168,8,19,195,89,79
SUPER_7,13570000,127,10,10,147,65,62
SUPER_7,13580000,87,7,7,101,43,44
SUPER_7,13590000,215,17,17,249,107,108
SUPER_7,13600000,109,9,12,130,50,59
SUPER_7,13610000,118,9,13,140,66,52
SUPER_7,13620000,125,8,9,142,71,54
SUPER_7,13630000,121,10,7,138,56,65
SUPER_7,13640000,130,14,12,156,69,61
SUPER_7,13650000,260,30,15,305,134,126
SUPER_7,13660000,257,29,27,313,131,126
SUPER_7,13670000,132,5,13,150,72,60
SUPER_7,13680000,244,24,22,290,125,119
SUPER_7,13690000,138,4,12,154,67,71
SUPER_7,13700000,21,1,0,22,11,10
SUPER_7,13710000,105,8,8,121,51,54
SUPER_7,13720000,6,2,1,9,3,3
SUPER_7,13730000,121,7,11,139,68,53
SUPER_7,13740000,216,20,16,252,116,100
SUPER_7,13750000,173,12,7,192,94,79
SUPER_7,13760000,66,2,2,70,33,33
SUPER_7,13770000,124,9,8,141,74,50
SUPER_7,13780000,66,4,7,77,34,32
SUPER_7,13790000,193,13,17,223,90,103
SUPER_7,13800000,175,5,14,194,100,75
SUPER_7,13810000,218,20,25,263,121,97
SUPER_7,13820000,190,19,14,223,98,92
SUPER_7,13830000,154,13,13,180,69,85
SUPER_7,13840000,219,18,19,256,105,114
SUPER_7,13850000,133,12,13,158,66,67
SUPER_7,13860000,97,10,6,113,48,49
SUPER_7,13870000,190,10,14,214,114,76
SUPER_7,13880000,105,7,5,117,54,51
SUPER_7,13890000,274,12,33,319,136,138
SUPER_7,13900000,221,23,13,257,129,92
SUPER_7,13910000,144,9,17,170,62,82
SUPER_7,13920000,150,9,14,173,91,59
SUPER_7,13930000,184,10,11,205,91,93
SUPER_7,13940000,18,1,0,19,11,7
SUPER_7,13950000,73,1,7,81,41,32
SUPER_7,13960000,54,4,7,65,31,23
SUPER_7,13970000,242,10,33,285,127,115
SUPER_7,13980000,302,20,29,351,162,140
SUPER_7,13990000,83,7,5,95,42,41
SUPER_7,14000000,41,1,3,45,25,16
SUPER_7,14010000,216,15,14,245,114,102
SUPER_7,14020000,198,14,10,222,111,87
SUPER_7,14030000,256,20,16,292,129,127
SUPER_7,14040000,136,8,14,158,70,66
SUPER_7,14050000,54,5,4,63,27,27
SUPER_7,14060000,49,3,3,55,28,21
SUPER_7,14070000,196,17,22,235,98,98
SUPER_7,14080000,210,14,13,237,132,78
SUPER_7,14090000,141,7,15,163,70,71
SUPER_7,14100000,196,15,13,224,107,89
SUPER_7,14110000,163,15,13,191,91,72
SUPER_7,14120000,124,2,10,136,66,58
SUPER_7,14130000,105,7,9,121,69,36
SUPER_7,14140000,44,8,4,56,28,16
SUPER_7,14150000,3,0,1,4,1,2
SUPER_7,14160000,108,13,4,125,58,50
SUPER_7,14170000,59,6,5,70,33,26
SUPER_7,14180000,0,0,0,0,0,0
SUPER_7,14190000,0,0,0,0,0,0
SUPER_7,14200000,0,0,0,0,0,0
SUPER_7,14210000,0,0,0,0,0,0
SUPER_7,14220000,43,4,6,53,29,14
SUPER_7,14230000,4,0,1,5,1,3
SUPER_7,14240000,4,0,1,5,0,4
SUPER_7,14250000,1,1,0,2,0,1
SUPER_7,14260000,2,0,0,2,0,2
SUPER_7,14270000,2,0,0,2,0,2
SUPER_7,14280000,2,1,0,3,0,2
SUPER_7,14290000,3,1,1,5,0,3
SUPER_7,14300000,0,0,0,0,0,0
SUPER_7,14310000,0,0,0,0,0,0
SUPER_7,14320000,4,1,0,5,1,3
SUPER_7,14330000,0,0,0,0,0,0
SUPER_7,14340000,0,0,0,0,0,0
SUPER_8,10000,116,11,11,138,66,50
SUPER_8,20000,239,20,18,277,133,106
SUPER_8,30000,160,9,18,187,79,81
SUPER_8,40000,185,16,18,219,101,84
SUPER_8,50000,55,2,5,62,30,25
SUPER_8,60000,10,0,0,10,4,6
SUPER_8,70000,169,12,12,193,84,85
SUPER_8,80000,59,5,2,66,27,32
SUPER_8,90000,222,20,19,261,120,102
SUPER_8,100000,121,4,8,133,57,64
SUPER_8,110000,60,3,4,67,24,36
SUPER_8,120000,0,0,0,0,0,0
SUPER_8,130000,0,0,0,0,0,0
SUPER_8,140000,134,8,12,154,82,52
SUPER_8,150000,175,15,12,202,85,90
SUPER_8,160000,77,3,6,86,42,35
SUPER_8,170000,114,7,13,134,61,53
SUPER_8,180000,69,2,2,73,34,35
SUPER_8,190000,292,14,19,325,141,151
SUPER_8,200000,192,21,9,222,104,88
SUPER_8,210000,178,10,9,197,95,83
SUPER_8,220000,263,20,18,301,142,121
SUPER_8,230000,37,3,4,44,19,18
SUPER_8,240000,146,17,17,180,77,69
SUPER_8,250000,231,22,16,269,114,117
SUPER_8,260000,74,5,8,87,39,35
SUPER_8,270000,141,14,11,166,80,61
SUPER_8,280000,183,12,13,208,92,91
SUPER_8,290000,84,11,6,101,48,36
SUPER_8,300000,162,11,15,188,81,81
SUPER_8,310000,254,21,32,307,114,140
SUPER_8,320000,272,30,23,325,137,135
SUPER_8,330000,326,28,21,375,181,145
SUPER_8,340000,332,20,26,378,170,162
SUPER_8,350000,115,5,14,134,63,52
SUPER_8,360000,250,16,20,286,123,127
SUPER_8,370000,176,13,16,205,87,89
SUPER_8,380000,226,9,23,258,118,108
SUPER_8,390000,162,11,13,186,96,66
SUPER_8,400000,280,15,28,323,157,123
SUPER_8,410000,28,3,1,32,14,14
SUPER_8,420000,178,12,10,200,91,87
SUPER_8,430000,70,5,3,78,39,31
SUPER_8,440000,265,22,22,309,131,134
SUPER_8,450000,266,23,16,305,145,121
SUPER_8,460000,188,14,20,222,99,89
SUPER_8,470000,108,6,8,122,62,46
SUPER_8,480000,87,8,6,101,48,39
SUPER_8,490000,224,14,13,251,104,120
SUPER_8,500000,308,20,22,350,189,119
SUPER_8,510000,285,26,26,337,138,147
SUPER_8,520000,259,21,24,304,141,118
SUPER_8,530000,101,10,8,119,54,47
SUPER_8,540000,114,4,13,131,61,53
SUPER_8,550000,150,11,13,174,88,62
SUPER_8,560000,87,6,7,100,37,50
SUPER_8,570000,231,26,21,278,126,105
SUPER_8,580000,76,9,16,101,38,38
SUPER_8,590000,112,5,7,124,55,57
SUPER_8,600000,194,17,18,229,85,109
SUPER_8,610000,214,17,17,248,104,110
SUPER_8,620000,38,0,3,41,18,20
SUPER_8,630000,172,20,16,208,98,74
SUPER_8,640000,256,22,28,306,108,148
SUPER_8,650000,193,20,20,233,100,93
SUPER_8,660000,157,15,15,187,92,65
SUPER_8,670000,188,29,18,235,87,101
SUPER_8,680000,193,15,12,220,84,109
SUPER_8,690000,268,20,27,315,126,142
SUPER_8,700000,190,14,29,233,90,100
SUPER_8,710000,151,14,20,185,65,86
SUPER_8,720000,195,12,23,230,79,116
SUPER_8,730000,176,18,23,217,91,85
SUPER_8,740000,93,5,15,113,53,40
SUPER_8,750000,232,23,24,279,115,117
SUPER_8,760000,253,19,22,294,133,120
SUPER_8,770000,172,13,18,203,84,88
SUPER_8,780000,173,17,14,204,88,85
SUPER_8,790000,194,10,12,216,104,90
SUPER_8,800000,97,4,13,114,44,53
SUPER_8,810000,256,27,17,300,126,130
SUPER_8,820000,194,13,15,222,101,93
SUPER_8,830000,219,22,23,264,102,117
SUPER_8,840000,204,16,26,246,107,97
SUPER_8,850000,152,21,19,192,74,78
SUPER_8,860000,199,18,11,228,109,90
SUPER_8,870000,196,12,12,220,100,96
SUPER_8,880000,58,6,8,72,33,25
SUPER_8,890000,229,20,14,263,118,111
SUPER_8,900000,141,15,15,171,88,53
SUPER_8,910000,103,11,9,123,52,51
SUPER_8,920000,119,11,11,141,60,59
SUPER_8,930000,121,11,10,142,60,61
SUPER_8,940000,147,11,13,171,72,75
SUPER_8,950000,268,24,25,317,135,133
SUPER_8,960000,121,18,6,145,60,61
SUPER_8,970000,262,22,26,310,131,131
SUPER_8,980000,219,26,21,266,108,111
SUPER_8,990000,253,21,21,295,128,125
SUPER_8,1000000,67,3,5,75,34,33
SUPER_8,1010000,219,22,22,263,111,108
SUPER_8,1020000,187,16,15,218,106,81
SUPER_8,1030000,20,0,3,23,9,11
SUPER_8,1040000,220,19,21,260,104,116
SUPER_8,1050000,203,16,10,229,109,94
SUPER_8,1060000,83,6,2,91,42,41
SUPER_8,1070000,142,11,15,168,72,70
SUPER_8,1080000,36,3,6,45,19,17
SUPER_8,1090000,52,3,5,60,29,23
SUPER_8,1100000,63,4,7,74,30,33
SUPER_8,1110000,19,0,5,24,14,5
SUPER_8,1120000,74,2,6,82,42,32
SUPER_8,1130000,74,5,2,81,34,40
SUPER_8,1140000,219,23,14,256,95,124
SUPER_8,1150000,336,19,35,390,156,180
SUPER_8,1160000,51,9,5,65,22,29
SUPER_8,1170000,72,5,2,79,44,28
SUPER_8,1180000,190,11,13,214,100,90
SUPER_8,1190000,257,15,24,296,133,124
SUPER_8,1200000,158,13,10,181,80,78
SUPER_8,1210000,260,18,18,296,119,141
SUPER_8,1220000,278,21,20,319,151,127
SUPER_8,1230000,58,2,3,63,23,35
SUPER_8,1240000,74,2,10,86,42,32
SUPER_8,1250000,29,1,1,31,18,11
SUPER_8,1260000,135,7,11,153,75,60
SUPER_8,1270000,156,18,16,190,81,75
SUPER_8,1280000,203,22,23,248,92,111
SUPER_8,1290000,31,2,1,34,20,11
SUPER_8,1300000,174,17,10,201,95,79
SUPER_8,1310000,71,6,7,84,37,34
SUPER_8,1320000,21,0,0,21,13,8
SUPER_8,1330000,64,10,4,78,26,38
SUPER_8,1340000,135,9,11,155,72,63
SUPER_8,1350000,121,9,5,135,70,51
SUPER_8,1360000,0,0,0,0,0,0
SUPER_8,1370000,0,0,0,0,0,0
SUPER_8,1380000,224,12,14,250,125,99
SUPER_8,1390000,64,4,5,73,45,19
SUPER_8,1400000,5,0,1,6,4,1
SUPER_8,1410000,173,8,20,201,80,93
SUPER_8,1420000,258,21,17,296,135,123
SUPER_8,1430000,171,16,13,200,95,76
SUPER_8,1440000,174,16,14,204,81,93
SUPER_8,1450000,55,3,3,61,24,31
SUPER_8,1460000,166,9,13,188,85,81
SUPER_8,1470000,91,7,7,105,47,44
SUPER_8,1480000,59,8,6,73,32,27
SUPER_8,1490000,131,16,14,161,67,64
SUPER_8,1500000,55,4,2,61,26,29
SUPER_8,1510000,201,16,19,236,99,102
SUPER_8,1520000,38,7,6,51,23,15
SUPER_8,1530000,108,5,8,121,62,46
SUPER_8,1540000,159,19,14,192,83,76
SUPER_8,1550000,43,2,1,46,25,18
SUPER_8,1560000,125,15,12,152,69,56
SUPER_8,1570000,22,3,5,30,10,12
SUPER_8,1580000,32,3,6,41,16,16
SUPER_8,1590000,136,15,21,172,63,73
SUPER_8,1600000,2,0,0,2,1,1
SUPER_8,1610000,28,2,4,34,17,11
SUPER_8,1620000,68,5,6,79,37,31
SUPER_8,1630000,86,13,8,107,46,40
SUPER_8,1640000,19,4,1,24,10,9
SUPER_8,1650000,123,10,12,145,67,56
SUPER_8,1660000,177,15,14,206,96,81
SUPER_8,1670000,0,0,0,0,0,0
SUPER_8,1680000,0,0,0,0,0,0
SUPER_8,1690000,219,24,11,254,115,104
SUPER_8,1700000,203,15,11,229,94,109
SUPER_8,1710000,15,0,0,15,8,7
SUPER_8,1720000,138,6,9,153,76,62
SUPER_8,1730000,120,10,14,144,65,55
SUPER_8,1740000,38,1,3,42,18,20
SUPER_8,1750000,2,0,0,2,1,1
SUPER_8,1760000,76,8,7,91,42,34
SUPER_8,1770000,289,12,24,325,158,131
SUPER_8,1780000,91,11,5,107,51,40
SUPER_8,1790000,0,0,0,0,0,0
SUPER_8,1800000,0,0,0,0,0,0
SUPER_8,1810000,172,8,8,188,92,80
SUPER_8,1820000,93,5,8,106,39,54
SUPER_8,1830000,130,13,10,153,68,62
SUPER_8,1840000,239,11,16,266,139,100
SUPER_8,1850000,267,28,29,324,112,155
SUPER_8,1860000,243,20,28,291,124,119
SUPER_8,1870000,267,18,17,302,141,126
SUPER_8,1880000,282,22,19,323,129,153
SUPER_8,1890000,233,30,28,291,125,108
SUPER_8,1900000,266,28,17,311,121,145
SUPER_8,1910000,186,11,19,216,104,82
SUPER_8,1920000,110,3,14,127,57,53
SUPER_8,1930000,183,19,14,216,87,96
SUPER_8,1940000,249,17,32,298,118,131
SUPER_8,1950000,159,11,12,182,79,80
SUPER_8,1960000,200,13,8,221,102,98
SUPER_8,1970000,245,23,26,294,120,125
SUPER_8,1980000,230,24,27,281,119,111
SUPER_8,1990000,73,5,10,88,39,34
SUPER_8,2000000,67,5,5,77,34,33
SUPER_8,2010000,227,14,12,253,120,107
SUPER_8,2020000,261,17,19,297,135,126
SUPER_8,2030000,217,19,20,256,111,106
SUPER_8,2040000,90,3,8,101,48,42
SUPER_8,2050000,87,12,7,106,45,42
SUPER_8,2060000,68,9,8,85,36,32
SUPER_8,2070000,143,14,15,172,73,70
SUPER_8,2080000,218,16,20,254,113,105
SUPER_8,2090000,14,1,1,16,8,6
SUPER_8,2100000,100,9,12,121,66,34
SUPER_8,2110000,89,2,6,97,45,44
SUPER_8,2120000,45,2,5,52,17,28
SUPER_8,2130000,171,10,19,200,78,93
SUPER_8,2140000,306,19,26,351,161,145
SUPER_8,2150000,208,21,16,245,109,99
SUPER_8,2160000,285,19,20,324,131,154
SUPER_8,2170000,222,25,26,273,121,101
SUPER_8,2180000,288,25,38,351,143,145
SUPER_8,2190000,129,16,11,156,67,62
SUPER_8,2200000,223,28,27,278,112,111
SUPER_8,2210000,207,29,33,269,91,116
SUPER_8,2220000,166,17,19,202,83,83
SUPER_8,2230000,237,25,29,291,123,114
SUPER_8,2240000,296,15,23,334,159,137
SUPER_8,2250000,217,27,17,261,108,109
SUPER_8,2260000,167,24,19,210,75,92
SUPER_8,2270000,152,11,8,171,75,77
SUPER_8,2280000,222,15,16,253,113,109
SUPER_8,2290000,264,20,19,303,127,137
SUPER_8,2300000,88,7,4,99,55,33
SUPER_8,2310000,215,14,19,248,112,103
SUPER_8,2320000,226,17,20,263,115,111
SUPER_8,2330000,172,11,17,200,87,85
SUPER_8,2340000,103,5,4,112,58,45
SUPER_8,2350000,251,20,13,284,133,118
SUPER_8,2360000,252,20,18,290,130,122
SUPER_8,2370000,169,16,13,198,88,81
SUPER_8,2380000,273,31,21,325,140,133
SUPER_8,2390000,225,15,10,250,105,120
SUPER_8,2400000,115,9,13,137,64,51
SUPER_8,2410000,203,19,18,240,107,96
SUPER_8,2420000,211,18,18,247,96,115
SUPER_8,2430000,191,25,18,234,92,99
SUPER_8,2440000,199,21,17,237,110,89
SUPER_8,2450000,246,22,24,292,124,122
SUPER_8,2460000,239,33,24,296,117,122
SUPER_8,2470000,134,8,11,153,63,71
SUPER_8,2480000,174,11,13,198,87,87
SUPER_8,2490000,238,26,19,283,118,120
SUPER_8,2500000,133,6,9,148,60,73
SUPER_8,2510000,175,17,22,214,85,90
SUPER_8,2520000,92,5,4,101,43,49
SUPER_8,2530000,190,18,16,224,112,78
SUPER_8,2540000,100,3,10,113,55,45
SUPER_8,2550000,146,17,9,172,78,68
SUPER_8,2560000,175,9,13,197,98,77
SUPER_8,2570000,76,6,5,87,39,37
SUPER_8,2580000,43,5,2,50,18,25
SUPER_8,2590000,47,2,6,55,27,20
SUPER_8,2600000,161,13,17,191,86,75
SUPER_8,2610000,69,13,10,92,29,40
SUPER_8,2620000,22,0,3,25,8,14
SUPER_8,2630000,111,10,12,133,57,54
SUPER_8,2640000,158,8,19,185,74,84
SUPER_8,2650000,92,5,8,105,55,37
SUPER_8,2660000,73,9,10,92,35,38
SUPER_8,2670000,197,18,17,232,101,96
SUPER_8,2680000,209,14,15,238,97,112
SUPER_8,2690000,208,16,14,238,108,100
SUPER_8,2700000,165,15,16,196,89,76
SUPER_8,2710000,48,4,3,55,34,14
SUPER_8,2720000,118,3,6,127,56,62
SUPER_8,2730000,196,19,25,240,108,88
SUPER_8,2740000,201,21,10,232,94,107
SUPER_8,2750000,53,6,4,63,30,23
SUPER_8,2760000,111,11,8,130,45,66
SUPER_8,2770000,252,18,22,292,124,128
SUPER_8,2780000,70,9,4,83,35,35
SUPER_8,2790000,197,19,16,232,102,95
SUPER_8,2800000,68,6,5,79,32,36
SUPER_8,2810000,119,16,6,141,70,49
SUPER_8,2820000,104,9,11,124,46,58
SUPER_8,2830000,29,4,2,35,15,14
SUPER_8,2840000,84,4,9,97,46,38
SUPER_8,2850000,245,12,18,275,125,120
SUPER_8,2860000,217,19,12,248,122,95
SUPER_8,2870000,89,9,4,102,44,45
SUPER_8,2880000,96,12,2,110,55,41
SUPER_8,2890000,163,7,14,184,72,91
SUPER_8,2900000,112,8,5,125,56,56
SUPER_8,2910000,96,12,13,121,40,56
SUPER_8,2920000,128,18,19,165,63,65
SUPER_8,2930000,0,0,0,0,0,0
SUPER_8,2940000,0,0,0,0,0,0
SUPER_8,2950000,164,14,19,197,74,90
SUPER_8,2960000,191,14,16,221,81,110
SUPER_8,2970000,41,2,4,47,17,24
SUPER_8,2980000,74,3,9,86,44,30
SUPER_8,2990000,233,17,21,271,120,113
SUPER_8,3000000,291,11,20,322,166,125
SUPER_8,3010000,268,18,27,313,125,143
SUPER_8,3020000,212,28,27,267,88,124
SUPER_8,3030000,302,26,19,347,123,179
SUPER_8,3040000,179,18,16,213,92,87
SUPER_8,3050000,90,8,10,108,37,53
SUPER_8,3060000,145,13,14,172,82,63
SUPER_8,3070000,0,0,0,0,0,0
SUPER_8,3080000,0,0,0,0,0,0
SUPER_8,3090000,264,20,23,307,139,125
SUPER_8,3100000,139,13,12,164,78,61
SUPER_8,3110000,197,15,16,228,92,105
SUPER_8,3120000,300,31,32,363,150,150
SUPER_8,3130000,177,14,17,208,85,92
SUPER_8,3140000,159,16,19,194,80,79
SUPER_8,3150000,234,19,17,270,131,103
SUPER_8,3160000,246,23,21,290,128,118
SUPER_8,3170000,306,29,25,360,157,149
SUPER_8,3180000,241,25,19,285,121,120
SUPER_8,3190000,225,22,13,260,131,94
SUPER_8,3200000,199,13,17,229,95,104
SUPER_8,3210000,208,14,12,234,101,107
SUPER_8,3220000,221,15,19,255,110,111
SUPER_8,3230000,82,1,8,91,45,37
SUPER_8,3240000,161,15,19,195,84,77
SUPER_8,3250000,170,17,13,200,87,83
SUPER_8,3260000,34,2,3,39,14,20
SUPER_8,3270000,96,4,7,107,58,38
SUPER_8,3280000,224,19,27,270,110,114
SUPER_8,3290000,231,16,25,272,114,117
SUPER_8,3300000,243,26,29,298,119,124
SUPER_8,3310000,219,18,19,256,121,98
SUPER_8,3320000,181,10,10,201,99,82
SUPER_8,3330000,234,20,20,274,127,107
SUPER_8,3340000,69,6,7,82,29,40
SUPER_8,3350000,224,25,32,281,115,109
SUPER_8,3360000,94,12,11,117,39,55
SUPER_8,3370000,257,25,29,311,117,140
SUPER_8,3380000,180,14,20,214,94,86
SUPER_8,3390000,78,8,3,89,37,41
SUPER_8,3400000,55,4,3,62,20,35
SUPER_8,3410000,171,15,18,204,92,79
SUPER_8,3420000,118,11,6,135,52,66
SUPER_8,3430000,215,16,9,240,116,99
SUPER_8,3440000,125,12,11,148,57,68
SUPER_8,3450000,176,10,17,203,83,93
SUPER_8,3460000,242,15,21,278,134,108
SUPER_8,3470000,248,15,12,275,142,106
SUPER_8,3480000,219,17,15,251,114,105
SUPER_8,3490000,231,21,17,269,115,116
SUPER_8,3500000,184,18,14,216,97,87
SUPER_8,3510000,240,22,27,289,120,120
SUPER_8,3520000,183,18,18,219,86,97
SUPER_8,3530000,178,9,17,204,95,83
SUPER_8,3540000,152,12,15,179,77,75
SUPER_8,3550000,274,29,26,329,126,148
SUPER_8,3560000,253,22,17,292,122,131
SUPER_8,3570000,157,20,16,193,72,85
SUPER_8,3580000,57,3,7,67,29,28
SUPER_8,3590000,149,8,12,169,73,76
SUPER_8,3600000,72,3,6,81,40,32
SUPER_8,3610000,209,17,34,260,108,101
SUPER_8,3620000,228,16,26,270,103,125
SUPER_8,3630000,257,23,25,305,123,134
SUPER_8,3640000,162,20,24,206,71,91
SUPER_8,3650000,321,19,40,380,158,163
SUPER_8,3660000,114,10,12,136,57,57
SUPER_8,3670000,205,19,17,241,94,111
SUPER_8,3680000,145,12,16,173,78,67
SUPER_8,3690000,193,11,11,215,106,87
SUPER_8,3700000,181,7,22,210,94,87
SUPER_8,3710000,224,19,18,261,105,119
SUPER_8,3720000,127,7,11,145,67,60
SUPER_8,3730000,164,15,11,190,94,70
SUPER_8,3740000,104,8,9,121,46,58
SUPER_8,3750000,211,16,16,243,101,110
SUPER_8,3760000,161,15,16,192,88,73
SUPER_8,3770000,63,9,4,76,25,38
SUPER_8,3780000,106,16,10,132,51,55
SUPER_8,3790000,127,8,14,149,56,71
SUPER_8,3800000,277,20,18,315,138,139
SUPER_8,3810000,239,20,25,284,119,120
SUPER_8,3820000,99,6,11,116,53,46
SUPER_8,3830000,250,18,24,292,122,128
SUPER_8,3840000,232,21,17,270,107,125
SUPER_8,3850000,262,18,30,310,137,125
SUPER_8,3860000,260,20,23,303,129,131
SUPER_8,3870000,170,12,12,194,79,91
SUPER_8,3880000,237,24,24,285,118,119
SUPER_8,3890000,215,15,23,253,112,103
SUPER_8,3900000,216,21,23,260,100,116
SUPER_8,3910000,171,15,14,200,75,96
SUPER_8,3920000,72,7,8,87,42,30
SUPER_8,3930000,81,11,5,97,42,39
SUPER_8,3940000,61,2,10,73,31,30
SUPER_8,3950000,48,7,5,60,19,29
SUPER_8,3960000,133,17,12,162,78,55
SUPER_8,3970000,207,14,18,239,113,94
SUPER_8,3980000,219,17,22,258,106,113
SUPER_8,3990000,152,9,12,173,82,70
SUPER_8,4000000,163,10,10,183,90,73
SUPER_8,4010000,223,22,29,274,120,103
SUPER_8,4020000,283,25,19,327,150,133
SUPER_8,4030000,295,23,25,343,142,153
SUPER_8,4040000,227,14,27,268,116,111
SUPER_8,4050000,181,17,24,222,89,92
SUPER_8,4060000,92,6,13,111,40,52
SUPER_8,4070000,146,5,12,163,78,68
SUPER_8,4080000,218,22,17,257,83,135
SUPER_8,4090000,235,27,19,281,119,116
SUPER_8,4100000,274,22,28,324,164,110
SUPER_8,4110000,191,24,14,229,91,100
SUPER_8,4120000,48,6,1,55,31,17
SUPER_8,4130000,4,0,0,4,2,2
SUPER_8,4140000,3,1,1,5,3,0
SUPER_8,4150000,191,18,19,228,99,92
SUPER_8,4160000,29,3,1,33,19,10
SUPER_8,4170000,12,0,1,13,6,6
SUPER_8,4180000,50,1,2,53,24,26
SUPER_8,4190000,129,11,10,150,72,57
SUPER_8,4200000,37,1,4,42,19,18
SUPER_8,4210000,140,13,8,161,70,70
SUPER_8,4220000,299,24,30,353,163,136
SUPER_8,4230000,274,25,22,321,134,140
SUPER_8,4240000,224,24,26,274,110,114
SUPER_8,4250000,258,23,11,292,125,133
SUPER_8,4260000,251,21,24,296,128,123
SUPER_8,4270000,223,19,22,264,109,114
SUPER_8,4280000,245,22,18,285,129,116
SUPER_8,4290000,214,11,29,254,102,112
SUPER_8,4300000,102,8,5,115,48,54
SUPER_8,4310000,85,6,9,100,36,49
SUPER_8,4320000,238,11,16,265,130,108
SUPER_8,4330000,187,18,17,222,100,87
SUPER_8,4340000,91,7,6,104,40,51
SUPER_8,4350000,133,13,11,157,76,57
SUPER_8,4360000,199,17,16,232,99,100
SUPER_8,4370000,198,11,22,231,111,87
SUPER_8,4380000,110,11,8,129,56,54
SUPER_8,4390000,103,8,5,116,55,48
SUPER_8,4400000,155,12,14,181,85,70
SUPER_8,4410000,227,15,16,258,115,112
SUPER_8,4420000,52,6,6,64,19,33
SUPER_8,4430000,46,8,3,57,26,20
SUPER_8,4440000,70,7,10,87,35,35
SUPER_8,4450000,61,7,9,77,25,36
SUPER_8,4460000,201,20,17,238,100,101
SUPER_8,4470000,247,17,26,290,126,121
SUPER_8,4480000,167,9,22,198,84,83
SUPER_8,4490000,106,5,12,123,39,67
SUPER_8,4500000,189,15,17,221,96,93
SUPER_8,4510000,188,12,15,215,86,102
SUPER_8,4520000,246,17,31,294,117,129
SUPER_8,4530000,62,6,9,77,33,29
SUPER_8,4540000,86,3,8,97,38,48
SUPER_8,4550000,0,0,0,0,0,0
SUPER_8,4560000,0,0,0,0,0,0
SUPER_8,4570000,0,0,0,0,0,0
SUPER_8,4580000,209,14,18,241,93,116
SUPER_8,4590000,111,4,10,125,72,39
SUPER_8,4600000,182,12,20,214,98,84
SUPER_8,4610000,198,23,21,242,94,104
SUPER_8,4620000,172,15,17,204,75,97
SUPER_8,4630000,148,7,13,168,71,77
SUPER_8,4640000,101,8,9,118,51,50
SUPER_8,4650000,52,5,10,67,22,30
SUPER_8,4660000,130,8,17,155,66,64
SUPER_8,4670000,76,5,6,87,39,37
SUPER_8,4680000,98,10,11,119,54,44
SUPER_8,4690000,113,6,17,136,55,58
SUPER_8,4700000,107,15,11,133,59,48
SUPER_8,4710000,59,2,4,65,31,28
SUPER_8,4720000,180,9,12,201,95,85
SUPER_8,4730000,103,8,10,121,57,46
SUPER_8,4740000,113,7,5,125,56,57
SUPER_8,4750000,82,5,9,96,43,39
SUPER_8,4760000,69,1,6,76,26,43
SUPER_8,4770000,172,15,10,197,90,82
SUPER_8,4780000,197,10,16,223,94,103
SUPER_8,4790000,88,9,8,105,45,43
SUPER_8,4800000,228,16,20,264,125,103
SUPER_8,4810000,186,23,12,221,100,86
SUPER_8,4820000,192,18,21,231,93,99
SUPER_8,4830000,152,16,13,181,81,71
SUPER_8,4840000,185,12,16,213,98,87
SUPER_8,4850000,206,14,19,239,100,106
SUPER_8,4860000,0,0,0,0,0,0
SUPER_8,4870000,0,0,0,0,0,0
SUPER_8,4880000,0,0,0,0,0,0
SUPER_8,4890000,0,0,0,0,0,0
SUPER_8,4900000,0,0,0,0,0,0
SUPER_8,4910000,192,9,16,217,94,98
SUPER_8,4920000,109,5,10,124,52,57
SUPER_8,4930000,88,4,6,98,46,42
SUPER_8,4940000,54,3,5,62,24,30
SUPER_8,4950000,118,11,5,134,70,48
SUPER_8,4960000,104,8,9,121,50,54
SUPER_8,4970000,254,18,24,296,116,138
SUPER_8,4980000,127,15,18,160,58,69
SUPER_8,4990000,175,13,14,202,83,92
SUPER_8,5000000,184,14,22,220,81,103
SUPER_8,5010000,43,3,5,51,21,22
SUPER_8,5020000,158,11,7,176,74,84
SUPER_8,5030000,160,16,12,188,72,88
SUPER_8,5040000,159,19,13,191,72,87
SUPER_8,5050000,225,17,21,263,116,109
SUPER_8,5060000,172,21,21,214,79,93
SUPER_8,5070000,96,7,8,111,47,49
SUPER_8,5080000,122,16,13,151,65,57
SUPER_8,5090000,159,13,11,183,75,84
SUPER_8,5100000,179,13,8,200,95,84
SUPER_8,5110000,199,10,25,234,96,103
SUPER_8,5120000,205,15,21,241,109,96
SUPER_8,5130000,195,19,18,232,94,101
SUPER_8,5140000,158,11,9,178,80,78
SUPER_8,5150000,185,20,22,227,94,91
SUPER_8,5160000,134,8,13,155,64,70
SUPER_8,5170000,130,7,20,157,52,78
SUPER_8,5180000,21,1,1,23,10,11
SUPER_8,5190000,12,1,0,13,4,8
SUPER_8,5200000,0,0,0,0,0,0
SUPER_8,5210000,0,0,0,0,0,0
SUPER_8,5220000,0,0,0,0,0,0
SUPER_8,5230000,0,0,0,0,0,0
SUPER_8,5240000,0,0,0,0,0,0
SUPER_8,5250000,0,0,0,0,0,0
SUPER_8,5260000,0,0,0,0,0,0
SUPER_8,5270000,24,1,4,29,17,7
SUPER_8,5280000,168,18,20,206,93,75
SUPER_8,5290000,0,0,0,0,0,0
SUPER_8,5300000,0,0,0,0,0,0
SUPER_8,5310000,297,32,24,353,147,150
SUPER_8,5320000,185,12,27,224,85,100
SUPER_8,5330000,293,20,27,340,155,138
SUPER_8,5340000,266,21,20,307,136,130
SUPER_8,5350000,150,9,13,172,88,62
SUPER_8,5360000,109,6,10,125,68,41
SUPER_8,5370000,243,12,21,276,122,121
SUPER_8,5380000,262,17,30,309,142,120
SUPER_8,5390000,56,4,5,65,28,28
SUPER_8,5400000,120,12,10,142,58,62
SUPER_8,5410000,260,23,17,300,143,117
SUPER_8,5420000,213,22,12,247,115,98
SUPER_8,5430000,210,19,21,250,115,95
SUPER_8,5440000,218,18,17,253,106,112
SUPER_8,5450000,68,3,3,74,34,34
SUPER_8,5460000,46,1,4,51,22,24
SUPER_8,5470000,92,10,8,110,48,44
SUPER_8,5480000,0,0,0,0,0,0
SUPER_8,5490000,0,0,0,0,0,0
SUPER_8,5500000,0,0,0,0,0,0
SUPER_8,5510000,37,1,3,41,15,22
SUPER_8,5520000,55,6,4,65,24,31
SUPER_8,5530000,104,5,8,117,58,46
SUPER_8,5540000,133,14,16,163,68,65
SUPER_8,5550000,75,6,6,87,29,46
SUPER_8,5560000,123,7,6,136,69,54
SUPER_8,5570000,160,17,15,192,77,83
SUPER_8,5580000,179,18,15,212,96,83
SUPER_8,5590000,171,9,16,196,89,82
SUPER_8,5600000,41,2,4,47,14,27
SUPER_8,5610000,142,4,12,158,77,65
SUPER_8,5620000,235,13,18,266,113,122
SUPER_8,5630000,49,1,6,56,26,23
SUPER_8,5640000,192,18,12,222,104,88
SUPER_8,5650000,150,8,6,164,85,65
SUPER_8,5660000,127,12,13,152,66,61
SUPER_8,5670000,83,7,10,100,41,42
SUPER_8,5680000,74,4,4,82,35,39
SUPER_8,5690000,65,5,5,75,40,25
SUPER_8,5700000,158,10,15,183,82,76
SUPER_8,5710000,42,3,5,50,22,20
SUPER_8,5720000,150,19,14,183,72,78
SUPER_8,5730000,272,21,26,319,148,124
SUPER_8,5740000,115,16,18,149,55,60
SUPER_8,5750000,46,1,3,50,24,22
SUPER_8,5760000,141,14,11,166,70,71
SUPER_8,5770000,50,2,3,55,27,23
SUPER_8,5780000,85,5,8,98,52,33
SUPER_8,5790000,104,12,13,129,56,48
SUPER_8,5800000,141,8,6,155,79,62
SUPER_8,5810000,52,3,3,58,19,33
SUPER_8,5820000,92,12,6,110,39,53
SUPER_8,5830000,151,8,19,178,80,71
SUPER_8,5840000,109,8,12,129,55,54
SUPER_8,5850000,210,22,19,251,92,118
SUPER_8,5860000,159,11,12,182,81,78
SUPER_8,5870000,98,10,5,113,54,44
SUPER_8,5880000,53,2,2,57,25,28
SUPER_8,5890000,247,28,14,289,130,117
SUPER_8,5900000,70,10,8,88,34,36
SUPER_8,5910000,81,5,11,97,41,40
SUPER_8,5920000,194,24,27,245,104,90
SUPER_8,5930000,141,10,14,165,72,69
SUPER_8,5940000,155,13,10,178,72,83
SUPER_8,5950000,253,14,27,294,119,134
SUPER_8,5960000,255,15,11,281,135,120
SUPER_8,5970000,218,19,10,247,113,105
SUPER_8,5980000,160,12,14,186,65,95
SUPER_8,5990000,142,13,8,163,74,68
SUPER_8,6000000,272,20,29,321,122,150
SUPER_8,6010000,293,28,29,350,156,137
SUPER_8,6020000,113,13,14,140,49,64
SUPER_8,6030000,176,13,16,205,88,88
SUPER_8,6040000,198,15,12,225,96,102
SUPER_8,6050000,255,24,26,305,136,119
SUPER_8,6060000,87,2,9,98,45,42
SUPER_8,6070000,131,7,20,158,73,58
SUPER_8,6080000,214,22,27,263,103,111
SUPER_8,6090000,238,21,16,275,120,118
SUPER_8,6100000,222,18,15,255,115,107
SUPER_8,6110000,42,4,2,48,22,20
SUPER_8,6120000,128,12,16,156,66,62
SUPER_8,6130000,204,19,17,240,100,104
SUPER_8,6140000,229,16,15,260,117,112
SUPER_8,6150000,158,17,17,192,89,69
SUPER_8,6160000,193,19,18,230,92,101
SUPER_8,6170000,133,5,8,146,68,65
SUPER_8,6180000,117,11,11,139,59,58
SUPER_8,6190000,118,8,6,132,62,56
SUPER_8,6200000,227,22,27,276,119,108
SUPER_8,6210000,101,3,7,111,58,43
SUPER_8,6220000,189,17,11,217,96,93
SUPER_8,6230000,232,17,22,271,109,123
SUPER_8,6240000,113,9,10,132,60,53
SUPER_8,6250000,209,23,18,250,115,94
SUPER_8,6260000,261,26,19,306,119,142
SUPER_8,6270000,288,23,26,337,115,173
SUPER_8,6280000,140,9,5,154,68,72
SUPER_8,6290000,148,11,21,180,59,89
SUPER_8,6300000,230,17,23,270,104,126
SUPER_8,6310000,172,11,17,200,79,93
SUPER_8,6320000,241,19,22,282,119,122
SUPER_8,6330000,162,11,16,189,85,77
SUPER_8,6340000,156,13,11,180,78,78
SUPER_8,6350000,204,16,18,238,104,100
SUPER_8,6360000,329,25,17,371,154,175
SUPER_8,6370000,202,19,19,240,95,107
SUPER_8,6380000,236,19,17,272,124,112
SUPER_8,6390000,226,16,22,264,115,111
SUPER_8,6400000,174,18,11,203,81,93
SUPER_8,6410000,104,3,6,113,47,57
SUPER_8,6420000,114,11,7,132,41,73
SUPER_8,6430000,249,25,18,292,136,113
SUPER_8,6440000,172,24,15,211,89,83
SUPER_8,6450000,50,6,11,67,24,26
SUPER_8,6460000,135,14,14,163,79,56
SUPER_8,6470000,134,10,15,159,65,69
SUPER_8,6480000,97,8,8,113,41,56
SUPER_8,6490000,1,0,0,1,1,0
SUPER_8,6500000,63,11,4,78,30,33
SUPER_8,6510000,254,14,21,289,123,131
SUPER_8,6520000,139,15,17,171,72,67
SUPER_8,6530000,33,2,4,39,18,15
SUPER_8,6540000,162,17,18,197,81,81
SUPER_8,6550000,193,15,23,231,96,97
SUPER_8,6560000,24,0,0,24,12,12
SUPER_8,6570000,167,13,13,193,77,90
SUPER_8,6580000,260,21,27,308,123,137
SUPER_8,6590000,177,12,13,202,97,80
SUPER_8,6600000,199,13,13,225,102,97
SUPER_8,6610000,163,7,17,187,82,81
SUPER_8,6620000,122,14,14,150,59,63
SUPER_8,6630000,76,5,3,84,39,37
SUPER_8,6640000,136,10,9,155,71,65
SUPER_8,6650000,180,15,15,210,92,88
SUPER_8,6660000,127,9,10,146,66,61
SUPER_8,6670000,90,6,1,97,48,42
SUPER_8,6680000,51,2,5,58,28,23
SUPER_8,6690000,185,24,17,226,100,85
SUPER_8,6700000,195,13,26,234,108,87
SUPER_8,6710000,68,7,4,79,36,32
SUPER_8,6720000,100,13,9,122,41,59
SUPER_8,6730000,183,14,16,213,91,92
SUPER_8,6740000,96,5,9,110,47,49
SUPER_8,6750000,119,11,5,135,67,52
SUPER_8,6760000,49,4,12,65,26,23
SUPER_8,6770000,163,11,9,183,87,76
SUPER_8,6780000,149,10,12,171,74,75
SUPER_8,6790000,242,12,9,263,115,127
SUPER_8,6800000,180,14,15,209,93,87
SUPER_8,6810000,41,6,1,48,22,19
SUPER_8,6820000,145,14,15,174,76,69
SUPER_8,6830000,78,6,7,91,39,39
SUPER_8,6840000,116,10,12,138,57,59
SUPER_8,6850000,56,2,3,61,28,28
SUPER_8,6860000,74,4,9,87,40,34
SUPER_8,6870000,90,8,14,112,55,35
SUPER_8,6880000,92,3,11,106,35,57
SUPER_8,6890000,84,1,3,88,56,28
SUPER_8,6900000,142,17,11,170,75,67
SUPER_8,6910000,93,4,13,110,43,50
SUPER_8,6920000,139,13,9,161,72,67
SUPER_8,6930000,104,8,5,117,53,51
SUPER_8,6940000,114,13,4,131,55,59
SUPER_8,6950000,197,14,31,242,113,84
SUPER_8,6960000,184,18,18,220,104,80
SUPER_8,6970000,190,20,17,227,105,85
SUPER_8,6980000,160,11,18,189,63,97
SUPER_8,6990000,156,16,15,187,79,77
SUPER_8,7000000,186,17,15,218,100,86
SUPER_8,7010000,235,14,22,271,115,120
SUPER_8,7020000,154,17,17,188,90,64
SUPER_8,7030000,111,9,7,127,56,55
SUPER_8,7040000,141,16,14,171,68,73
SUPER_8,7050000,167,23,15,205,88,79
SUPER_8,7060000,201,10,15,226,100,101
SUPER_8,7070000,162,12,10,184,91,71
SUPER_8,7080000,190,20,18,228,93,97
SUPER_8,7090000,179,17,12,208,87,92
SUPER_8,7100000,88,6,9,103,38,50
SUPER_8,7110000,120,13,13,146,50,70
SUPER_8,7120000,160,12,16,188,80,80
SUPER_8,7130000,158,14,22,194,80,78
SUPER_8,7140000,137,10,16,163,65,72
SUPER_8,7150000,99,13,9,121,54,45
SUPER_8,7160000,70,4,11,85,33,37
SUPER_8,7170000,28,4,5,37,17,11
SUPER_8,7180000,134,11,11,156,55,79
SUPER_8,7190000,142,18,15,175,72,70
SUPER_8,7200000,103,13,13,129,54,49
SUPER_8,7210000,79,14,11,104,37,42
SUPER_8,7220000,52,9,9,70,22,30
SUPER_8,7230000,2,0,0,2,1,1
SUPER_8,7240000,68,3,5,76,28,40
SUPER_8,7250000,160,12,17,189,80,80
SUPER_8,7260000,210,19,19,248,104,106
SUPER_8,7270000,97,6,6,109,56,41
SUPER_8,7280000,154,15,20,189,85,69
SUPER_8,7290000,168,15,16,199,72,96
SUPER_8,7300000,97,9,9,115,50,47
SUPER_8,7310000,6,3,1,10,5,1
SUPER_8,7320000,30,5,0,35,10,20
SUPER_8,7330000,97,12,5,114,46,51
SUPER_8,7340000,148,11,10,169,79,69
SUPER_8,7350000,191,20,15,226,100,91
SUPER_8,7360000,230,23,26,279,120,110
SUPER_8,7370000,225,22,26,273,104,121
SUPER_8,7380000,129,11,11,151,75,54
SUPER_8,7390000,87,11,12,110,43,44
SUPER_8,7400000,55,8,6,69,29,26
SUPER_8,7410000,110,12,10,132,50,60
SUPER_8,7420000,165,14,12,191,79,86
SUPER_8,7430000,182,24,21,227,90,92
SUPER_8,7440000,204,24,22,250,99,105
SUPER_8,7450000,78,6,6,90,32,46
SUPER_8,7460000,100,9,8,117,46,54
SUPER_8,7470000,239,13,35,287,118,121
SUPER_8,7480000,158,12,8,178,88,70
SUPER_8,7490000,244,18,21,283,119,125
SUPER_8,7500000,59,7,4,70,29,30
SUPER_8,7510000,125,19,12,156,63,62
SUPER_8,7520000,96,11,14,121,38,58
SUPER_8,7530000,144,7,15,166,58,86
SUPER_8,7540000,173,9,15,197,78,95
SUPER_8,7550000,106,4,11,121,52,54
SUPER_8,7560000,112,9,12,133,54,58
SUPER_8,7570000,73,8,13,94,26,47
SUPER_8,7580000,32,5,7,44,18,14
SUPER_8,7590000,85,7,5,97,44,41
SUPER_8,7600000,95,10,11,116,50,45
SUPER_8,7610000,98,8,8,114,57,41
SUPER_8,7620000,133,14,12,159,63,70
SUPER_8,7630000,196,15,12,223,93,103
SUPER_8,7640000,178,13,14,205,96,82
SUPER_8,7650000,84,6,12,102,49,35
SUPER_8,7660000,67,5,5,77,41,26
SUPER_8,7670000,96,7,8,111,50,46
SUPER_8,7680000,63,4,10,77,35,28
SUPER_8,7690000,112,11,16,139,62,50
SUPER_8,7700000,162,22,21,205,83,79
SUPER_8,7710000,83,10,16,109,41,42
SUPER_8,7720000,59,1,9,69,29,30
SUPER_8,7730000,158,13,11,182,82,76
SUPER_8,7740000,158,13,12,183,82,76
SUPER_8,7750000,170,14,19,203,89,81
SUPER_8,7760000,164,14,11,189,86,78
SUPER_8,7770000,103,10,12,125,43,60
SUPER_8,7780000,180,11,16,207,94,86
SUPER_8,7790000,204,22,18,244,100,104
SUPER_8,7800000,188,22,20,230,96,92
SUPER_8,7810000,79,6,4,89,38,41
SUPER_8,7820000,90,7,9,106,48,42
SUPER_8,7830000,273,13,26,312,139,134
SUPER_8,7840000,253,29,18,300,121,132
SUPER_8,7850000,75,9,6,90,40,35
SUPER_8,7860000,2,0,0,2,1,1
SUPER_8,7870000,54,5,5,64,23,31
SUPER_8,7880000,216,25,22,263,110,106
SUPER_8,7890000,153,16,16,185,74,79
SUPER_8,7900000,204,15,17,236,97,107
SUPER_8,7910000,112,7,12,131,56,56
SUPER_8,7920000,79,8,5,92,39,40
SUPER_8,7930000,120,7,10,137,55,65
SUPER_8,7940000,129,13,10,152,68,61
SUPER_8,7950000,68,2,7,77,30,38
SUPER_8,7960000,199,17,16,232,85,114
SUPER_8,7970000,244,25,16,285,120,124
SUPER_8,7980000,276,18,24,318,133,143
SUPER_8,7990000,199,10,10,219,97,102
SUPER_8,8000000,157,12,11,180,81,76
SUPER_8,8010000,281,24,27,332,141,140
SUPER_8,8020000,225,22,24,271,118,107
SUPER_8,8030000,86,9,6,101,43,43
SUPER_8,8040000,115,8,10,133,51,64
SUPER_8,8050000,186,13,23,222,91,95
SUPER_8,8060000,188,19,14,221,89,99
SUPER_8,8070000,286,26,38,350,136,150
SUPER_8,8080000,155,17,12,184,83,72
SUPER_8,8090000,117,10,9,136,56,61
SUPER_8,8100000,212,12,16,240,103,109
SUPER_8,8110000,47,6,1,54,29,18
SUPER_8,8120000,135,10,11,156,67,68
SUPER_8,8130000,69,7,12,88,37,32
SUPER_8,8140000,157,12,5,174,80,77
SUPER_8,8150000,239,23,23,285,117,122
SUPER_8,8160000,187,22,16,225,81,106
SUPER_8,8170000,74,13,8,95,44,30
SUPER_8,8180000,126,12,15,153,65,61
SUPER_8,8190000,30,2,4,36,18,12
SUPER_8,8200000,177,7,14,198,115,62
SUPER_8,8210000,1,0,0,1,0,1
SUPER_8,8220000,93,9,11,113,48,45
SUPER_8,8230000,209,16,20,245,95,114
SUPER_8,8240000,284,28,25,337,152,132
SUPER_8,8250000,185,28,24,237,94,91
SUPER_8,8260000,84,7,8,99,46,38
SUPER_8,8270000,108,7,7,122,47,61
SUPER_8,8280000,29,1,1,31,18,11
SUPER_8,8290000,143,16,18,177,75,68
SUPER_8,8300000,228,18,21,267,114,114
SUPER_8,8310000,0,0,0,0,0,0
SUPER_8,8320000,0,0,0,0,0,0
SUPER_8,8330000,293,25,24,342,151,142
SUPER_8,8340000,132,9,6,147,65,67
SUPER_8,8350000,80,8,9,97,33,47
SUPER_8,8360000,110,16,8,134,49,61
SUPER_8,8370000,120,14,7,141,68,52
SUPER_8,8380000,138,3,17,158,67,71
SUPER_8,8390000,243,10,31,284,125,118
SUPER_8,8400000,160,13,11,184,79,81
SUPER_8,8410000,215,16,15,246,101,114
SUPER_8,8420000,132,13,12,157,64,68
SUPER_8,8430000,241,19,17,277,118,123
SUPER_8,8440000,120,10,8,138,59,61
SUPER_8,8450000,191,15,15,221,90,101
SUPER_8,8460000,210,15,13,238,115,95
SUPER_8,8470000,159,16,20,195,64,95
SUPER_8,8480000,77,10,14,101,40,37
SUPER_8,8490000,36,3,2,41,15,21
SUPER_8,8500000,63,9,3,75,32,31
SUPER_8,8510000,230,21,21,272,113,117
SUPER_8,8520000,189,13,17,219,87,102
SUPER_8,8530000,239,16,18,273,128,111
SUPER_8,8540000,34,1,4,39,15,19
SUPER_8,8550000,48,5,10,63,25,23
SUPER_8,8560000,94,8,16,118,41,53
SUPER_8,8570000,74,4,9,87,37,37
SUPER_8,8580000,54,5,6,65,28,26
SUPER_8,8590000,170,25,11,206,90,80
SUPER_8,8600000,216,25,24,265,114,102
SUPER_8,8610000,240,25,22,287,120,120
SUPER_8,8620000,19,0,0,19,11,8
SUPER_8,8630000,103,13,9,125,54,49
SUPER_8,8640000,128,10,12,150,57,71
SUPER_8,8650000,111,11,7,129,52,59
SUPER_8,8660000,205,22,17,244,114,91
SUPER_8,8670000,153,18,20,191,77,76
SUPER_8,8680000,102,4,3,109,53,49
SUPER_8,8690000,66,5,10,81,29,37
SUPER_8,8700000,190,17,24,231,88,102
SUPER_8,8710000,169,22,14,205,77,92
SUPER_8,8720000,82,3,14,99,33,49
SUPER_8,8730000,41,2,3,46,22,19
SUPER_8,8740000,80,12,8,100,48,32
SUPER_8,8750000,151,8,7,166,79,72
SUPER_8,8760000,75,6,13,94,44,31
SUPER_8,8770000,50,4,2,56,28,22
SUPER_8,8780000,27,2,1,30,16,11
SUPER_8,8790000,157,17,9,183,77,80
SUPER_8,8800000,242,16,9,267,123,119
SUPER_8,8810000,77,5,7,89,41,36
SUPER_8,8820000,43,1,4,48,23,20
SUPER_8,8830000,239,18,18,275,126,113
SUPER_8,8840000,179,15,14,208,96,83
SUPER_8,8850000,231,16,13,260,125,106
SUPER_8,8860000,270,24,21,315,131,139
SUPER_8,8870000,197,19,12,228,90,107
SUPER_8,8880000,207,14,13,234,102,105
SUPER_8,8890000,294,16,37,347,140,154
SUPER_8,8900000,199,13,26,238,105,94
SUPER_8,8910000,111,7,8,126,48,63
SUPER_8,8920000,156,10,10,176,80,76
SUPER_8,8930000,0,0,0,0,0,0
SUPER_8,8940000,0,0,0,0,0,0
SUPER_8,8950000,107,9,5,121,58,49
SUPER_8,8960000,8,0,0,8,7,1
SUPER_8,8970000,57,4,0,61,36,21
SUPER_8,8980000,33,2,4,39,17,16
SUPER_8,8990000,30,4,6,40,18,12
SUPER_8,9000000,209,15,20,244,95,114
SUPER_8,9010000,268,19,20,307,126,142
SUPER_8,9020000,76,5,5,86,43,33
SUPER_8,9030000,46,2,3,51,25,21
SUPER_8,9040000,100,10,7,117,51,49
SUPER_8,9050000,224,24,18,266,118,106
SUPER_8,9060000,274,19,29,322,137,137
SUPER_8,9070000,171,11,21,203,92,79
SUPER_8,9080000,138,6,13,157,60,78
SUPER_8,9090000,189,24,14,227,91,98
SUPER_8,9100000,20,0,0,20,8,12
SUPER_8,9110000,89,8,8,105,34,55
SUPER_8,9120000,0,0,0,0,0,0
SUPER_8,9130000,0,0,0,0,0,0
SUPER_8,9140000,67,6,7,80,26,41
SUPER_8,9150000,99,6,7,112,53,46
SUPER_8,9160000,0,0,1,1,0,0
SUPER_8,9170000,0,0,0,0,0,0
SUPER_8,9180000,0,0,0,0,0,0
SUPER_8,9190000,0,0,0,0,0,0
SUPER_8,9200000,0,0,0,0,0,0
SUPER_8,9210000,33,5,6,44,12,21
SUPER_8,9220000,156,14,13,183,84,72
SUPER_8,9230000,224,21,20,265,115,109
SUPER_8,9240000,252,18,30,300,132,120
SUPER_8,9250000,281,23,28,332,142,139
SUPER_8,9260000,195,16,16,227,106,89
SUPER_8,9270000,206,11,18,235,100,106
SUPER_8,9280000,259,13,19,291,145,114
SUPER_8,9290000,112,11,11,134,59,53
SUPER_8,9300000,196,20,12,228,95,101
SUPER_8,9310000,192,8,13,213,95,97
SUPER_8,9320000,198,7,20,225,106,92
SUPER_8,9330000,198,10,13,221,92,106
SUPER_8,9340000,244,19,32,295,132,112
SUPER_8,9350000,196,23,12,231,96,100
SUPER_8,9360000,203,17,14,234,107,96
SUPER_8,9370000,224,14,25,263,103,121
SUPER_8,9380000,307,28,28,363,155,152
SUPER_8,9390000,331,23,24,378,176,155
SUPER_8,9400000,69,11,4,84,37,32
SUPER_8,9410000,172,14,22,208,90,82
SUPER_8,9420000,224,15,19,258,105,119
SUPER_8,9430000,161,19,20,200,74,87
SUPER_8,9440000,219,14,27,260,114,105
SUPER_8,9450000,241,22,22,285,112,129
SUPER_8,9460000,115,11,21,147,50,65
SUPER_8,9470000,33,2,3,38,20,13
SUPER_8,9480000,28,2,4,34,13,15
SUPER_8,9490000,193,10,12,215,108,85
SUPER_8,9500000,201,14,11,226,116,85
SUPER_8,9510000,274,23,25,322,139,135
SUPER_8,9520000,135,18,12,165,67,68
SUPER_8,9530000,150,10,6,166,75,75
SUPER_8,9540000,103,3,3,109,65,38
SUPER_8,9550000,198,15,15,228,103,95
SUPER_8,9560000,127,9,11,147,67,60
SUPER_8,9570000,151,11,15,177,75,76
SUPER_8,9580000,111,9,7,127,61,50
SUPER_8,9590000,250,15,20,285,123,127
SUPER_8,9600000,252,18,24,294,118,134
SUPER_8,9610000,154,15,10,179,78,76
SUPER_8,9620000,102,3,9,114,52,50
SUPER_8,9630000,156,14,13,183,73,83
SUPER_8,9640000,40,5,3,48,23,17
SUPER_8,9650000,170,15,15,200,88,82
SUPER_8,9660000,183,8,18,209,88,95
SUPER_8,9670000,67,2,5,74,32,35
SUPER_8,9680000,17,4,1,22,7,10
SUPER_8,9690000,69,5,7,81,40,29
SUPER_8,9700000,129,12,21,162,65,64
SUPER_8,9710000,106,11,8,125,55,51
SUPER_8,9720000,28,2,3,33,16,12
SUPER_8,9730000,112,13,4,129,70,42
SUPER_8,9740000,96,10,7,113,50,46
SUPER_8,9750000,36,4,4,44,20,16
SUPER_8,9760000,132,13,4,149,69,63
SUPER_8,9770000,91,14,6,111,58,33
SUPER_8,9780000,157,12,12,181,76,81
SUPER_8,9790000,246,10,22,278,122,124
SUPER_8,9800000,260,22,10,292,127,133
SUPER_8,9810000,75,5,3,83,46,29
SUPER_8,9820000,118,7,7,132,68,50
SUPER_8,9830000,242,17,23,282,114,128
SUPER_8,9840000,144,10,9,163,76,68
SUPER_8,9850000,213,12,21,246,115,98
SUPER_8,9860000,185,5,15,205,93,92
SUPER_8,9870000,31,1,2,34,14,17
SUPER_8,9880000,173,19,15,207,85,88
SUPER_8,9890000,216,11,17,244,102,114
SUPER_8,9900000,0,0,0,0,0,0
SUPER_8,9910000,0,0,0,0,0,0
SUPER_8,9920000,76,3,5,84,41,35
SUPER_8,9930000,168,19,9,196,83,85
SUPER_8,9940000,128,12,15,155,58,70
SUPER_8,9950000,252,24,21,297,125,127
SUPER_8,9960000,230,17,20,267,131,99
SUPER_8,9970000,224,16,21,261,108,116
SUPER_8,9980000,176,13,16,205,93,83
SUPER_8,9990000,216,11,9,236,107,109
SUPER_8,10000000,140,9,11,160,60,80
SUPER_8,10010000,60,2,5,67,22,38
SUPER_8,10020000,70,2,14,86,41,29
SUPER_8,10030000,144,11,14,169,77,67
SUPER_8,10040000,90,5,12,107,43,47
SUPER_8,10050000,210,14,12,236,109,101
SUPER_8,10060000,61,6,4,71,33,28
SUPER_8,10070000,157,11,14,182,76,81
SUPER_8,10080000,191,12,12,215,99,92
SUPER_8,10090000,83,10,13,106,43,40
SUPER_8,10100000,227,14,16,257,124,103
SUPER_8,10110000,91,9,10,110,51,40
SUPER_8,10120000,235,18,15,268,109,126
SUPER_8,10130000,320,25,20,365,158,162
SUPER_8,10140000,76,3,0,79,39,37
SUPER_8,10150000,134,10,8,152,63,71
SUPER_8,10160000,77,7,7,91,40,37
SUPER_8,10170000,54,4,2,60,29,25
SUPER_8,10180000,129,8,16,153,67,62
SUPER_8,10190000,62,5,3,70,26,36
SUPER_8,10200000,135,8,11,154,80,55
SUPER_8,10210000,35,1,4,40,23,12
SUPER_8,10220000,60,5,3,68,31,29
SUPER_8,10230000,23,2,0,25,15,8
SUPER_8,10240000,54,4,6,64,29,25
SUPER_8,10250000,182,17,18,217,94,88
SUPER_8,10260000,152,12,4,168,76,76
SUPER_8,10270000,2,0,1,3,1,1
SUPER_8,10280000,82,8,5,95,42,40
SUPER_8,10290000,142,6,17,165,73,69
SUPER_8,10300000,64,4,7,75,31,33
SUPER_8,10310000,80,8,10,98,37,43
SUPER_8,10320000,37,5,7,49,18,19
SUPER_8,10330000,114,10,9,133,60,54
SUPER_8,10340000,154,15,19,188,65,89
SUPER_8,10350000,234,19,26,279,120,114
SUPER_8,10360000,255,20,18,293,116,139
SUPER_8,10370000,196,12,13,221,110,86
SUPER_8,10380000,217,20,21,258,119,98
SUPER_8,10390000,248,20,27,295,130,118
SUPER_8,10400000,270,27,24,321,120,150
SUPER_8,10410000,281,34,25,340,131,150
SUPER_8,10420000,192,19,18,229,97,95
SUPER_8,10430000,315,22,31,368,146,169
SUPER_8,10440000,201,20,26,247,105,96
SUPER_8,10450000,293,33,27,353,154,139
SUPER_8,10460000,281,30,26,337,152,129
SUPER_8,10470000,257,21,29,307,118,139
SUPER_8,10480000,125,9,9,143,70,55
SUPER_8,10490000,184,20,19,223,91,93
SUPER_8,10500000,140,5,18,163,70,70
SUPER_8,10510000,84,9,7,100,44,40
SUPER_8,10520000,129,6,11,146,79,50
SUPER_8,10530000,248,17,25,290,115,133
SUPER_8,10540000,254,18,26,298,122,132
SUPER_8,10550000,148,16,14,178,70,78
SUPER_8,10560000,89,1,8,98,48,41
SUPER_8,10570000,70,3,13,86,37,33
SUPER_8,10580000,293,25,35,353,151,142
SUPER_8,10590000,305,29,30,364,156,149
SUPER_8,10600000,20,0,1,21,9,11
SUPER_8,10610000,64,2,6,72,43,21
SUPER_8,10620000,173,20,8,201,85,88
SUPER_8,10630000,238,15,23,276,115,123
SUPER_8,10640000,219,17,20,256,107,112
SUPER_8,10650000,221,13,26,260,113,108
SUPER_8,10660000,218,23,17,258,104,114
SUPER_8,10670000,45,5,4,54,23,22
SUPER_8,10680000,232,15,18,265,106,126
SUPER_8,10690000,268,18,27,313,131,137
SUPER_8,10700000,159,20,13,192,88,71
SUPER_8,10710000,88,4,6,98,48,40
SUPER_8,10720000,181,21,22,224,83,98
SUPER_8,10730000,205,12,20,237,83,122
SUPER_8,10740000,109,9,11,129,61,48
SUPER_8,10750000,130,14,14,158,59,71
SUPER_8,10760000,190,15,13,218,90,100
SUPER_8,10770000,220,17,33,270,117,103
SUPER_8,10780000,165,16,18,199,77,88
SUPER_8,10790000,229,17,26,272,124,105
SUPER_8,10800000,138,7,14,159,75,63
SUPER_8,10810000,89,6,6,101,45,44
SUPER_8,10820000,290,29,23,342,138,152
SUPER_8,10830000,194,15,21,230,112,82
SUPER_8,10840000,250,22,25,297,115,135
SUPER_8,10850000,232,19,27,278,125,107
SUPER_8,10860000,134,19,16,169,69,65
SUPER_8,10870000,154,17,17,188,76,78
SUPER_8,10880000,115,6,11,132,61,54
SUPER_8,10890000,114,10,10,134,60,54
SUPER_8,10900000,185,15,21,221,93,92
SUPER_8,10910000,263,27,26,316,136,127
SUPER_8,10920000,216,20,15,251,121,95
SUPER_8,10930000,218,19,25,262,106,112
SUPER_8,10940000,142,15,13,170,70,72
SUPER_8,10950000,80,5,8,93,42,38
SUPER_8,10960000,244,18,13,275,117,127
SUPER_8,10970000,199,17,9,225,95,104
SUPER_8,10980000,0,0,0,0,0,0
SUPER_8,10990000,0,0,0,0,0,0
SUPER_8,11000000,124,6,8,138,68,56
SUPER_8,11010000,0,1,0,1,0,0
SUPER_8,11020000,173,15,11,199,88,85
SUPER_8,11030000,111,2,5,118,63,48
SUPER_8,11040000,103,10,15,128,48,55
SUPER_8,11050000,86,8,9,103,41,45
SUPER_8,11060000,180,18,17,215,83,97
SUPER_8,11070000,98,9,4,111,55,43
SUPER_8,11080000,220,17,15,252,107,113
SUPER_8,11090000,109,8,3,120,62,47
SUPER_8,11100000,196,22,20,238,94,102
SUPER_8,11110000,184,9,14,207,95,89
SUPER_8,11120000,210,19,12,241,104,106
SUPER_8,11130000,153,16,12,181,79,74
SUPER_8,11140000,104,11,5,120,57,47
SUPER_8,11150000,206,22,16,244,98,108
SUPER_8,11160000,232,18,21,271,127,105
SUPER_8,11170000,122,8,7,137,66,56
SUPER_8,11180000,84,4,8,96,41,43
SUPER_8,11190000,53,4,5,62,32,21
SUPER_8,11200000,213,20,12,245,105,108
SUPER_8,11210000,104,6,13,123,51,53
SUPER_8,11220000,88,7,15,110,46,42
SUPER_8,11230000,113,10,9,132,65,48
SUPER_8,11240000,159,12,10,181,71,88
SUPER_8,11250000,176,18,17,211,96,80
SUPER_8,11260000,231,13,21,265,113,118
SUPER_8,11270000,122,6,13,141,76,46
SUPER_8,11280000,228,16,19,263,120,108
SUPER_8,11290000,194,15,25,234,100,94
SUPER_8,11300000,0,1,0,1,0,0
SUPER_8,11310000,172,15,9,196,87,85
SUPER_8,11320000,207,15,21,243,98,109
SUPER_8,11330000,175,12,11,198,94,81
SUPER_8,11340000,194,14,12,220,85,109
SUPER_8,11350000,225,31,23,279,118,107
SUPER_8,11360000,145,14,10,169,74,71
SUPER_8,11370000,72,1,6,79,30,42
SUPER_8,11380000,96,5,14,115,54,42
SUPER_8,11390000,189,12,20,221,86,103
SUPER_8,11400000,211,20,13,244,108,103
SUPER_8,11410000,224,25,22,271,106,118
SUPER_8,11420000,169,13,17,199,76,93
SUPER_8,11430000,113,9,8,130,54,59
SUPER_8,11440000,142,12,9,163,71,71
SUPER_8,11450000,184,21,9,214,88,96
SUPER_8,11460000,140,11,20,171,73,67
SUPER_8,11470000,190,9,17,216,93,97
SUPER_8,11480000,233,20,21,274,120,113
SUPER_8,11490000,153,18,9,180,76,77
SUPER_8,11500000,208,16,19,243,104,104
SUPER_8,11510000,194,10,13,217,97,97
SUPER_8,11520000,167,11,10,188,88,79
SUPER_8,11530000,268,19,22,309,126,142
SUPER_8,11540000,227,15,15,257,125,102
SUPER_8,11550000,130,11,9,150,63,67
SUPER_8,11560000,214,23,25,262,108,106
SUPER_8,11570000,106,10,12,128,49,57
SUPER_8,11580000,197,19,14,230,102,95
SUPER_8,11590000,140,20,7,167,74,66
SUPER_8,11600000,79,12,11,102,43,36
SUPER_8,11610000,276,25,33,334,130,146
SUPER_8,11620000,177,18,18,213,97,80
SUPER_8,11630000,240,28,29,297,111,129
SUPER_8,11640000,130,12,14,156,61,69
SUPER_8,11650000,124,12,14,150,78,46
SUPER_8,11660000,186,14,20,220,104,82
SUPER_8,11670000,83,4,7,94,38,45
SUPER_8,11680000,45,2,2,49,22,23
SUPER_8,11690000,17,0,1,18,11,6
SUPER_8,11700000,143,5,10,158,63,80
SUPER_8,11710000,207,13,20,240,96,111
SUPER_8,11720000,163,11,17,191,79,84
SUPER_8,11730000,69,2,7,78,34,35
SUPER_8,11740000,176,18,14,208,93,83
SUPER_8,11750000,47,3,10,60,18,29
SUPER_8,11760000,10,2,0,12,8,2
SUPER_8,11770000,123,14,10,147,59,64
SUPER_8,11780000,0,0,0,0,0,0
SUPER_8,11790000,0,0,0,0,0,0
SUPER_8,11800000,55,3,8,66,38,17
SUPER_8,11810000,0,0,0,0,0,0
SUPER_8,11820000,0,0,0,0,0,0
SUPER_8,11830000,0,0,0,0,0,0
SUPER_8,11840000,0,0,0,0,0,0
SUPER_8,11850000,0,0,0,0,0,0
SUPER_8,11860000,212,16,16,244,104,108
SUPER_8,11870000,23,0,0,23,14,9
SUPER_8,11880000,34,4,5,43,16,18
SUPER_8,11890000,155,9,13,177,70,85
SUPER_8,11900000,117,5,15,137,67,50
SUPER_8,11910000,166,10,12,188,87,79
SUPER_8,11920000,220,9,25,254,115,105
SUPER_8,11930000,140,4,9,153,80,60
SUPER_8,11940000,5,1,0,6,4,1
SUPER_8,11950000,194,10,17,221,103,91
SUPER_8,11960000,328,30,17,375,163,165
SUPER_8,11970000,226,20,26,272,101,125
SUPER_8,11980000,363,41,34,438,180,183
SUPER_8,11990000,170,15,13,198,94,76
SUPER_8,12000000,229,18,19,266,116,113
SUPER_8,12010000,312,31,27,370,149,163
SUPER_8,12020000,293,38,22,353,151,142
SUPER_8,12030000,207,12,17,236,123,84
SUPER_8,12040000,221,14,17,252,114,107
SUPER_8,12050000,70,2,4,76,42,28
SUPER_8,12060000,67,4,7,78,31,36
SUPER_8,12070000,204,14,14,232,108,96
SUPER_8,12080000,195,17,8,220,100,95
SUPER_8,12090000,258,16,30,304,123,135
SUPER_8,12100000,168,11,15,194,83,85
SUPER_8,12110000,87,10,6,103,50,37
SUPER_8,12120000,244,19,18,281,136,108
SUPER_8,12130000,261,23,28,312,138,123
SUPER_8,12140000,196,9,12,217,104,92
SUPER_8,12150000,241,15,21,277,117,124
SUPER_8,12160000,143,9,12,164,63,80
SUPER_8,12170000,166,11,20,197,76,90
SUPER_8,12180000,130,6,11,147,61,69
SUPER_8,12190000,199,24,21,244,91,108
SUPER_8,12200000,117,7,7,131,55,62
SUPER_8,12210000,0,0,0,0,0,0
SUPER_8,12220000,0,0,0,0,0,0
SUPER_8,12230000,130,7,11,148,69,61
SUPER_8,12240000,134,7,10,151,75,59
SUPER_8,12250000,328,23,22,373,173,155
SUPER_8,12260000,218,12,27,257,122,96
SUPER_8,12270000,255,14,15,284,137,118
SUPER_8,12280000,112,12,9,133,59,53
SUPER_8,12290000,103,9,10,122,53,50
SUPER_8,12300000,60,9,5,74,36,24
SUPER_8,12310000,103,9,9,121,47,56
SUPER_8,12320000,29,1,1,31,19,10
SUPER_8,12330000,119,11,7,137,64,55
SUPER_8,12340000,44,1,1,46,18,26
SUPER_8,12350000,123,7,8,138,59,64
SUPER_8,12360000,315,18,21,354,170,145
SUPER_8,12370000,281,16,32,329,135,146
SUPER_8,12380000,128,7,16,151,69,59
SUPER_8,12390000,192,19,19,230,95,97
SUPER_8,12400000,268,17,12,297,130,138
SUPER_8,12410000,279,17,16,312,136,143
SUPER_8,12420000,256,30,12,298,131,125
SUPER_8,12430000,170,9,7,186,100,70
SUPER_8,12440000,144,15,12,171,73,71
SUPER_8,12450000,283,33,25,341,140,143
SUPER_8,12460000,75,6,8,89,32,43
SUPER_8,12470000,248,27,17,292,116,132
SUPER_8,12480000,196,12,18,226,93,103
SUPER_8,12490000,170,22,18,210,86,84
SUPER_8,12500000,199,18,18,235,110,89
SUPER_8,12510000,294,22,33,349,143,151
SUPER_8,12520000,227,15,20,262,118,109
SUPER_8,12530000,309,28,20,357,151,158
SUPER_8,12540000,196,21,20,237,100,96
SUPER_8,12550000,190,11,15,216,91,99
SUPER_8,12560000,0,0,0,0,0,0
SUPER_8,12570000,0,0,0,0,0,0
SUPER_8,12580000,283,24,24,331,158,125
SUPER_8,12590000,184,9,7,200,102,82
SUPER_8,12600000,295,21,19,335,157,138
SUPER_8,12610000,213,12,21,246,109,104
SUPER_8,12620000,187,23,24,234,98,89
SUPER_8,12630000,225,23,10,258,114,111
SUPER_8,12640000,65,5,5,75,36,29
SUPER_8,12650000,203,22,9,234,113,90
SUPER_8,12660000,297,21,33,351,134,163
SUPER_8,12670000,317,25,27,369,151,166
SUPER_8,12680000,136,6,16,158,75,61
SUPER_8,12690000,166,14,23,203,73,93
SUPER_8,12700000,234,16,19,269,105,129
SUPER_8,12710000,97,13,13,123,50,47
SUPER_8,12720000,42,6,4,52,21,21
SUPER_8,12730000,234,16,23,273,115,119
SUPER_8,12740000,303,22,18,343,150,153
SUPER_8,12750000,28,1,0,29,18,10
SUPER_8,12760000,32,2,3,37,18,14
SUPER_8,12770000,66,1,6,73,38,28
SUPER_8,12780000,8,0,1,9,2,6
SUPER_8,12790000,0,0,0,0,0,0
SUPER_8,12800000,0,0,0,0,0,0
SUPER_8,12810000,57,5,7,69,31,26
SUPER_8,12820000,52,2,3,57,22,30
SUPER_8,12830000,10,1,2,13,5,5
SUPER_8,12840000,0,0,0,0,0,0
SUPER_8,12850000,0,0,0,0,0,0
SUPER_8,12860000,243,16,17,276,123,120
SUPER_8,12870000,187,19,17,223,90,97
SUPER_8,12880000,99,6,9,114,54,45
SUPER_8,12890000,234,20,16,270,133,101
SUPER_8,12900000,289,27,22,338,145,144
SUPER_8,12910000,50,1,5,56,22,28
SUPER_8,12920000,149,10,9,168,78,71
SUPER_8,12930000,92,1,7,100,49,43
SUPER_8,12940000,112,5,5,122,59,53
SUPER_8,12950000,85,6,4,95,49,36
SUPER_8,12960000,45,2,2,49,26,19
SUPER_8,12970000,49,3,3,55,24,25
SUPER_8,12980000,68,3,8,79,41,27
SUPER_8,12990000,75,5,6,86,34,41
SUPER_8,13000000,155,16,11,182,82,73
SUPER_8,13010000,249,18,21,288,121,128
SUPER_8,13020000,199,13,12,224,99,100
SUPER_8,13030000,114,11,6,131,55,59
SUPER_8,13040000,143,7,10,160,78,65
SUPER_8,13050000,236,25,17,278,141,95
SUPER_8,13060000,91,10,5,106,45,46
SUPER_8,13070000,88,5,8,101,48,40
SUPER_8,13080000,254,16,24,294,144,110
SUPER_8,13090000,277,23,26,326,149,128
SUPER_8,13100000,11,0,1,12,6,5
SUPER_8,13110000,18,1,2,21,10,8
SUPER_8,13120000,46,1,0,47,25,21
SUPER_8,13130000,49,4,2,55,31,18
SUPER_8,13140000,85,1,3,89,35,50
SUPER_8,13150000,0,0,0,0,0,0
SUPER_8,13160000,0,0,0,0,0,0
SUPER_8,13170000,0,0,0,0,0,0
SUPER_8,13180000,136,12,5,153,75,61
SUPER_8,13190000,270,19,19,308,150,120
SUPER_8,13200000,247,22,25,294,118,129
SUPER_8,13210000,279,25,21,325,144,135
SUPER_8,13220000,241,20,21,282,106,135
SUPER_8,13230000,17,2,2,21,7,10
SUPER_8,13240000,156,17,12,185,91,65
SUPER_8,13250000,103,10,3,116,59,44
SUPER_8,13260000,264,24,15,303,131,133
SUPER_8,13270000,233,17,27,277,131,102
SUPER_8,13280000,264,20,18,302,126,138
SUPER_8,13290000,280,20,36,336,164,116
SUPER_8,13300000,256,28,25,309,132,124
SUPER_8,13310000,246,18,19,283,130,116
SUPER_8,13320000,269,23,29,321,118,151
SUPER_8,13330000,93,8,9,110,47,46
SUPER_8,13340000,35,2,1,38,21,14
SUPER_8,13350000,115,6,8,129,56,59
SUPER_8,13360000,310,20,29,359,170,140
SUPER_8,13370000,174,15,16,205,83,91
SUPER_8,13380000,281,14,24,319,137,144
SUPER_8,13390000,265,21,29,315,129,136
SUPER_8,13400000,225,11,16,252,123,102
SUPER_8,13410000,74,4,5,83,37,37
SUPER_8,13420000,104,4,7,115,62,42
SUPER_8,13430000,66,6,6,78,41,25
SUPER_8,13440000,191,23,20,234,100,91
SUPER_8,13450000,142,16,16,174,83,59
SUPER_8,13460000,156,6,12,174,86,70
SUPER_8,13470000,0,0,0,0,0,0
SUPER_8,13480000,0,0,0,0,0,0
SUPER_8,13490000,0,0,0,0,0,0
SUPER_8,13500000,0,0,0,0,0,0
SUPER_8,13510000,285,20,24,329,144,141
SUPER_8,13520000,168,9,18,195,90,78
SUPER_8,13530000,119,6,10,135,53,66
SUPER_8,13540000,58,1,1,60,33,25
SUPER_8,13550000,89,6,10,105,43,46
SUPER_8,13560000,21,2,2,25,11,10
SUPER_8,13570000,56,7,6,69,32,24
SUPER_8,13580000,27,3,1,31,16,11
SUPER_8,13590000,69,2,4,75,41,28
SUPER_8,13600000,0,0,0,0,0,0
SUPER_8,13610000,0,0,0,0,0,0
SUPER_8,13620000,242,26,15,283,129,113
SUPER_8,13630000,237,14,18,269,118,119
SUPER_8,13640000,106,5,7,118,54,52
SUPER_8,13650000,219,14,19,252,116,103
SUPER_8,13660000,232,9,15,256,128,104
SUPER_8,13670000,51,3,3,57,27,24
SUPER_8,13680000,22,1,2,25,13,9
SUPER_8,13690000,186,13,17,216,100,86
SUPER_8,13700000,161,19,13,193,73,88
SUPER_8,13710000,107,8,8,123,57,50
SUPER_8,13720000,146,10,12,168,85,61
SUPER_8,13730000,191,18,12,221,106,85
SUPER_8,13740000,220,24,23,267,115,105
SUPER_8,13750000,0,0,0,0,0,0
SUPER_8,13760000,0,0,0,0,0,0
SUPER_8,13770000,87,5,7,99,50,37
SUPER_8,13780000,1,0,0,1,0,1
SUPER_8,13790000,23,1,2,26,13,10
SUPER_9,10000,16,5,2,23,8,8
SUPER_9,20000,0,0,0,0,0,0
SUPER_9,30000,0,0,0,0,0,0
SUPER_9,40000,0,0,0,0,0,0
SUPER_9,50000,0,0,0,0,0,0
SUPER_9,60000,0,0,0,0,0,0
SUPER_9,70000,123,8,7,138,59,64
SUPER_9,80000,163,13,14,190,74,89
SUPER_9,90000,175,19,15,209,94,81
SUPER_9,100000,122,14,8,144,74,48
SUPER_9,110000,158,13,12,183,85,73
SUPER_9,120000,164,15,17,196,81,83
SUPER_9,130000,93,5,5,103,55,38
SUPER_9,140000,184,19,21,224,103,81
SUPER_9,150000,211,15,16,242,110,101
SUPER_9,160000,118,10,6,134,65,53
SUPER_9,170000,240,30,28,298,126,114
SUPER_9,180000,158,16,17,191,84,74
SUPER_9,190000,198,16,16,230,108,90
SUPER_9,200000,150,10,13,173,82,68
SUPER_9,210000,232,20,17,269,130,102
SUPER_9,220000,267,22,19,308,149,118
SUPER_9,230000,52,2,3,57,27,25
SUPER_9,240000,189,16,11,216,101,88
SUPER_9,250000,106,8,9,123,53,53
SUPER_9,260000,127,14,11,152,65,62
SUPER_9,270000,107,7,9,123,59,48
SUPER_9,280000,206,17,17,240,105,101
SUPER_9,290000,67,7,7,81,32,35
SUPER_9,300000,170,11,18,199,82,88
SUPER_9,310000,195,12,30,237,95,100
SUPER_9,320000,136,13,14,163,68,68
SUPER_9,330000,105,8,12,125,53,52
SUPER_9,340000,148,3,14,165,84,64
SUPER_9,350000,223,15,15,253,137,86
SUPER_9,360000,101,10,7,118,52,49
SUPER_9,370000,111,10,10,131,53,58
SUPER_9,380000,132,10,10,152,67,65
SUPER_9,390000,109,9,4,122,62,47
SUPER_9,400000,202,12,14,228,101,101
SUPER_9,410000,280,22,25,327,146,134
SUPER_9,420000,45,4,0,49,22,23
SUPER_9,430000,81,2,10,93,46,35
SUPER_9,440000,246,13,21,280,113,133
SUPER_9,450000,278,25,25,328,131,147
SUPER_9,460000,227,22,22,271,115,112
SUPER_9,470000,163,9,10,182,87,76
SUPER_9,480000,121,11,9,141,71,50
SUPER_9,490000,217,12,10,239,116,101
SUPER_9,500000,195,20,21,236,109,86
SUPER_9,510000,261,22,19,302,129,132
SUPER_9,520000,192,20,13,225,97,95
SUPER_9,530000,183,11,12,206,96,87
SUPER_9,540000,87,7,5,99,48,39
SUPER_9,550000,204,18,16,238,95,109
SUPER_9,560000,240,25,17,282,118,122
SUPER_9,570000,203,20,22,245,104,99
SUPER_9,580000,209,16,19,244,106,103
SUPER_9,590000,303,18,26,347,149,154
SUPER_9,600000,139,15,19,173,67,72
SUPER_9,610000,107,8,6,121,63,44
SUPER_9,620000,291,30,25,346,151,140
SUPER_9,630000,243,27,20,290,120,123
SUPER_9,640000,208,24,28,260,108,100
SUPER_9,650000,136,9,13,158,72,64
SUPER_9,660000,14,1,0,15,7,7
SUPER_9,670000,156,11,13,180,91,65
SUPER_9,680000,137,6,12,155,64,73
SUPER_9,690000,101,8,11,120,53,48
SUPER_9,700000,219,20,18,257,118,101
SUPER_9,710000,258,25,24,307,128,130
SUPER_9,720000,218,18,16,252,115,103
SUPER_9,730000,130,13,14,157,75,55
SUPER_9,740000,0,0,0,0,0,0
SUPER_9,750000,0,0,0,0,0,0
SUPER_9,760000,281,23,23,327,140,141
SUPER_9,770000,137,12,19,168,68,69
SUPER_9,780000,136,7,10,153,58,78
SUPER_9,790000,221,16,16,253,110,111
SUPER_9,800000,166,18,10,194,76,90
SUPER_9,810000,131,12,11,154,67,64
SUPER_9,820000,202,18,15,235,105,97
SUPER_9,830000,28,1,2,31,17,11
SUPER_9,840000,151,12,16,179,73,78
SUPER_9,850000,3,0,1,4,2,1
SUPER_9,860000,113,6,7,126,60,53
SUPER_9,870000,6,0,1,7,2,4
SUPER_9,880000,191,10,19,220,84,107
SUPER_9,890000,80,7,8,95,48,32
SUPER_9,900000,15,2,2,19,5,10
SUPER_9,910000,4,0,1,5,1,3
SUPER_9,920000,25,2,1,28,11,14
SUPER_9,930000,235,26,11,272,127,108
SUPER_9,940000,276,13,21,310,152,124
SUPER_9,950000,230,18,18,266,101,129
SUPER_9,960000,30,3,1,34,16,14
SUPER_9,970000,116,5,6,127,67,49
SUPER_9,980000,147,7,12,166,72,75
SUPER_9,990000,44,4,5,53,22,22
SUPER_9,1000000,187,14,13,214,87,100
SUPER_9,1010000,186,12,17,215,99,87
SUPER_9,1020000,33,0,5,38,17,16
SUPER_9,1030000,88,4,8,100,43,45
SUPER_9,1040000,98,13,10,121,54,44
SUPER_9,1050000,1,0,0,1,1,0
SUPER_9,1060000,99,8,11,118,51,48
SUPER_9,1070000,148,12,11,171,75,73
SUPER_9,1080000,200,13,14,227,108,92
SUPER_9,1090000,162,17,11,190,92,70
SUPER_9,1100000,129,11,14,154,69,60
SUPER_9,1110000,41,3,4,48,28,13
SUPER_9,1120000,150,11,11,172,70,80
SUPER_9,1130000,190,13,12,215,96,94
SUPER_9,1140000,106,4,5,115,65,41
SUPER_9,1150000,85,1,4,90,51,34
SUPER_9,1160000,103,3,4,110,64,39
SUPER_9,1170000,70,3,2,75,34,36
SUPER_9,1180000,40,4,4,48,20,20
SUPER_9,1190000,77,7,5,89,38,39
SUPER_9,1200000,253,21,27,301,145,108
SUPER_9,1210000,234,15,23,272,114,120
SUPER_9,1220000,113,4,7,124,64,49
SUPER_9,1230000,90,3,6,99,52,38
SUPER_9,1240000,226,17,19,262,116,110
SUPER_9,1250000,182,11,10,203,108,74
SUPER_9,1260000,97,8,10,115,54,43
SUPER_9,1270000,153,6,8,167,80,73
SUPER_9,1280000,16,2,0,18,9,7
SUPER_9,1290000,5,2,1,8,4,1
SUPER_9,1300000,25,1,6,32,12,13
SUPER_9,1310000,118,6,20,144,67,51
SUPER_9,1320000,185,17,22,224,98,87
SUPER_9,1330000,86,3,4,93,47,39
SUPER_9,1340000,117,4,5,126,60,57
SUPER_9,1350000,11,0,0,11,7,4
SUPER_9,1360000,102,7,3,112,53,49
SUPER_9,1370000,196,14,13,223,108,88
SUPER_9,1380000,220,28,17,265,119,101
SUPER_9,1390000,197,21,20,238,100,97
SUPER_9,1400000,149,11,13,173,77,72
SUPER_9,1410000,240,23,26,289,106,134
SUPER_9,1420000,251,21,23,295,144,107
SUPER_9,1430000,288,35,20,343,162,126
SUPER_9,1440000,240,23,22,285,116,124
SUPER_9,1450000,254,18,27,299,141,113
SUPER_9,1460000,167,17,15,199,81,86
SUPER_9,1470000,249,18,24,291,120,129
SUPER_9,1480000,266,19,19,304,138,128
SUPER_9,1490000,194,14,17,225,104,90
SUPER_9,1500000,210,17,16,243,109,101
SUPER_9,1510000,234,16,20,270,122,112
SUPER_9,1520000,207,18,18,243,102,105
SUPER_9,1530000,199,19,12,230,105,94
SUPER_9,1540000,270,25,21,316,134,136
SUPER_9,1550000,332,27,28,387,169,163
SUPER_9,1560000,292,18,18,328,160,132
SUPER_9,1570000,262,24,17,303,138,124
SUPER_9,1580000,269,18,31,318,124,145
SUPER_9,1590000,38,4,7,49,20,18
SUPER_9,1600000,146,19,15,180,71,75
SUPER_9,1610000,248,28,16,292,130,118
SUPER_9,1620000,218,21,18,257,111,107
SUPER_9,1630000,181,19,24,224,99,82
SUPER_9,1640000,157,10,7,174,79,78
SUPER_9,1650000,174,17,23,214,97,77
SUPER_9,1660000,269,24,25,318,126,143
SUPER_9,1670000,236,17,25,278,121,115
SUPER_9,1680000,237,22,23,282,111,126
SUPER_9,1690000,179,23,17,219,98,81
SUPER_9,1700000,156,10,15,181,80,76
SUPER_9,1710000,271,26,30,327,121,150
SUPER_9,1720000,223,15,27,265,124,99
SUPER_9,1730000,264,23,21,308,138,126
SUPER_9,1740000,291,19,19,329,140,151
SUPER_9,1750000,241,15,22,278,121,120
SUPER_9,1760000,0,0,0,0,0,0
SUPER_9,1770000,0,0,0,0,0,0
SUPER_9,1780000,0,0,0,0,0,0
SUPER_9,1790000,297,25,23,345,147,150
SUPER_9,1800000,221,24,18,263,109,112
SUPER_9,1810000,264,20,23,307,129,135
SUPER_9,1820000,259,20,18,297,140,119
SUPER_9,1830000,266,27,12,305,148,118
SUPER_9,1840000,173,12,16,201,95,78
SUPER_9,1850000,52,5,6,63,28,24
SUPER_9,1860000,15,2,0,17,9,6
SUPER_9,1870000,16,1,0,17,10,6
SUPER_9,1880000,82,0,7,89,40,42
SUPER_9,1890000,136,19,11,166,64,72
SUPER_9,1900000,271,28,35,334,128,143
SUPER_9,1910000,111,9,6,126,54,57
SUPER_9,1920000,85,3,7,95,42,43
SUPER_9,1930000,156,9,12,177,81,75
SUPER_9,1940000,102,5,9,116,55,47
SUPER_9,1950000,242,27,21,290,127,115
SUPER_9,1960000,225,24,19,268,124,101
SUPER_9,1970000,108,13,16,137,66,42
SUPER_9,1980000,155,13,14,182,72,83
SUPER_9,1990000,162,19,15,196,82,80
SUPER_9,2000000,161,13,12,186,81,80
SUPER_9,2010000,237,21,15,273,110,127
SUPER_9,2020000,187,19,16,222,89,98
SUPER_9,2030000,89,7,11,107,41,48
SUPER_9,2040000,197,11,19,227,94,103
SUPER_9,2050000,104,9,12,125,60,44
SUPER_9,2060000,73,12,7,92,35,38
SUPER_9,2070000,142,5,11,158,80,62
SUPER_9,2080000,95,8,6,109,46,49
SUPER_9,2090000,73,4,2,79,32,41
SUPER_9,2100000,84,10,6,100,48,36
SUPER_9,2110000,117,4,8,129,52,65
SUPER_9,2120000,162,20,15,197,75,87
SUPER_9,2130000,225,15,19,259,116,109
SUPER_9,2140000,49,1,3,53,33,16
SUPER_9,2150000,119,14,11,144,69,50
SUPER_9,2160000,104,5,6,115,52,52
SUPER_9,2170000,34,2,2,38,23,11
SUPER_9,2180000,159,10,15,184,80,79
SUPER_9,2190000,276,21,16,313,158,118
SUPER_9,2200000,178,20,18,216,80,98
SUPER_9,2210000,50,5,4,59,34,16
SUPER_9,2220000,0,1,1,2,0,0
SUPER_9,2230000,61,5,7,73,29,32
SUPER_9,2240000,139,13,10,162,63,76
SUPER_9,2250000,0,0,0,0,0,0
SUPER_9,2260000,0,0,0,0,0,0
SUPER_9,2270000,0,0,0,0,0,0
SUPER_9,2280000,130,10,16,156,57,73
SUPER_9,2290000,84,3,5,92,48,36
SUPER_9,2300000,68,4,7,79,32,36
SUPER_9,2310000,99,7,7,113,53,46
SUPER_9,2320000,179,20,13,212,95,84
SUPER_9,2330000,146,12,9,167,71,75
SUPER_9,2340000,54,3,5,62,30,24
SUPER_9,2350000,80,6,14,100,39,41
SUPER_9,2360000,97,5,3,105,52,45
SUPER_9,2370000,0,0,0,0,0,0
SUPER_9,2380000,0,0,0,0,0,0
SUPER_9,2390000,121,10,8,139,68,53
SUPER_9,2400000,153,9,13,175,77,76
SUPER_9,2410000,160,7,18,185,88,72
SUPER_9,2420000,61,5,5,71,34,27
SUPER_9,2430000,150,14,19,183,80,70
SUPER_9,2440000,58,5,2,65,38,20
SUPER_9,2450000,12,2,0,14,8,4
SUPER_9,2460000,44,3,3,50,18,26
SUPER_9,2470000,58,5,7,70,29,29
SUPER_9,2480000,66,6,6,78,35,31
SUPER_9,2490000,32,2,5,39,9,23
SUPER_9,2500000,29,3,5,37,18,11
SUPER_9,2510000,41,9,5,55,19,22
SUPER_9,2520000,67,13,5,85,31,36
SUPER_9,2530000,46,3,7,56,28,18
SUPER_9,2540000,16,2,0,18,6,10
SUPER_9,2550000,68,3,4,75,40,28
SUPER_9,2560000,44,9,4,57,26,18
SUPER_9,2570000,207,26,15,248,109,98
SUPER_9,2580000,124,14,11,149,59,65
SUPER_9,2590000,240,27,19,286,124,116
SUPER_9,2600000,0,0,0,0,0,0
SUPER_9,2610000,0,0,0,0,0,0
SUPER_9,2620000,217,12,28,257,119,98
SUPER_9,2630000,109,16,15,140,60,49
SUPER_9,2640000,85,2,9,96,46,39
SUPER_9,2650000,5,0,0,5,2,3
SUPER_9,2660000,31,1,5,37,17,14
SUPER_9,2670000,44,6,1,51,18,26
SUPER_9,2680000,18,2,0,20,10,8
SUPER_9,2690000,23,0,0,23,12,11
SUPER_9,2700000,66,3,11,80,40,26
SUPER_9,2710000,91,6,10,107,55,36
SUPER_9,2720000,114,10,7,131,61,53
SUPER_9,2730000,142,14,18,174,73,69
SUPER_9,2740000,220,21,19,260,123,97
SUPER_9,2750000,190,11,12,213,103,87
SUPER_9,2760000,85,6,12,103,40,45
SUPER_9,2770000,216,19,24,259,110,106
SUPER_9,2780000,160,12,20,192,76,84
SUPER_9,2790000,68,6,8,82,34,34
SUPER_9,2800000,0,0,0,0,0,0
SUPER_9,2810000,0,0,0,0,0,0
SUPER_9,2820000,0,0,0,0,0,0
SUPER_9,2830000,17,0,2,19,11,6
SUPER_9,2840000,72,4,7,83,40,32
SUPER_9,2850000,143,10,9,162,79,64
SUPER_9,2860000,169,18,18,205,96,73
SUPER_9,2870000,138,15,23,176,64,74
SUPER_9,2880000,120,7,11,138,64,56
SUPER_9,2890000,88,4,11,103,46,42
SUPER_9,2900000,119,9,12,140,58,61
SUPER_9,2910000,121,10,8,139,71,50
SUPER_9,2920000,212,14,18,244,115,97
SUPER_9,2930000,111,12,6,129,55,56
SUPER_9,2940000,84,9,3,96,49,35
SUPER_9,2950000,32,4,4,40,14,18
SUPER_9,2960000,76,5,5,86,43,33
SUPER_9,2970000,72,8,11,91,45,27
SUPER_9,2980000,191,8,19,218,106,85
SUPER_9,2990000,146,12,13,171,70,76
SUPER_9,3000000,117,10,13,140,51,66
SUPER_9,3010000,169,13,15,197,89,80
SUPER_9,3020000,302,27,26,355,149,153
SUPER_9,3030000,225,17,22,264,115,110
SUPER_9,3040000,166,3,8,177,95,71
SUPER_9,3050000,243,21,28,292,117,126
SUPER_9,3060000,249,22,31,302,119,130
SUPER_9,3070000,221,20,24,265,114,107
SUPER_9,3080000,196,17,15,228,81,115
SUPER_9,3090000,96,7,9,112,45,51
SUPER_9,3100000,71,2,13,86,36,35
SUPER_9,3110000,202,16,13,231,96,106
SUPER_9,3120000,260,24,23,307,120,140
SUPER_9,3130000,201,22,22,245,110,91
SUPER_9,3140000,210,14,20,244,106,104
SUPER_9,3150000,262,11,24,297,132,130
SUPER_9,3160000,172,13,11,196,79,93
SUPER_9,3170000,104,10,13,127,54,50
SUPER_9,3180000,237,17,19,273,118,119
SUPER_9,3190000,0,0,0,0,0,0
SUPER_9,3200000,0,0,0,0,0,0
SUPER_9,3210000,237,28,27,292,126,111
SUPER_9,3220000,159,11,23,193,72,87
SUPER_9,3230000,165,9,13,187,100,65
SUPER_9,3240000,191,23,24,238,93,98
SUPER_9,3250000,224,23,18,265,110,114
SUPER_9,3260000,221,23,21,265,125,96
SUPER_9,3270000,195,16,22,233,96,99
SUPER_9,3280000,82,11,9,102,43,39
SUPER_9,3290000,163,19,29,211,82,81
SUPER_9,3300000,156,24,15,195,70,86
SUPER_9,3310000,156,13,11,180,71,85
SUPER_9,3320000,0,0,0,0,0,0
SUPER_9,3330000,0,0,0,0,0,0
SUPER_9,3340000,161,17,20,198,81,80
SUPER_9,3350000,153,13,7,173,81,72
SUPER_9,3360000,80,3,10,93,44,36
SUPER_9,3370000,144,8,13,165,71,73
SUPER_9,3380000,179,13,16,208,90,89
SUPER_9,3390000,261,20,32,313,122,139
SUPER_9,3400000,176,14,12,202,84,92
SUPER_9,3410000,127,10,14,151,63,64
SUPER_9,3420000,155,16,17,188,74,81
SUPER_9,3430000,257,13,26,296,127,130
SUPER_9,3440000,152,8,14,174,71,81
SUPER_9,3450000,216,16,19,251,109,107
SUPER_9,3460000,211,25,17,253,106,105
SUPER_9,3470000,259,15,25,299,117,142
SUPER_9,3480000,236,35,23,294,112,124
SUPER_9,3490000,230,23,23,276,119,111
SUPER_9,3500000,198,13,10,221,93,105
SUPER_9,3510000,220,15,22,257,113,107
SUPER_9,3520000,0,0,0,0,0,0
SUPER_9,3530000,0,0,0,0,0,0
SUPER_9,3540000,0,0,0,0,0,0
SUPER_9,3550000,0,0,0,0,0,0
SUPER_9,3560000,0,0,0,0,0,0
SUPER_9,3570000,189,18,12,219,107,82
SUPER_9,3580000,166,12,10,188,93,73
SUPER_9,3590000,104,7,9,120,53,51
SUPER_9,3600000,98,8,9,115,47,51
SUPER_9,3610000,194,14,14,222,96,98
SUPER_9,3620000,104,15,9,128,49,55
SUPER_9,3630000,158,13,14,185,86,72
SUPER_9,3640000,185,22,22,229,90,95
SUPER_9,3650000,122,10,10,142,56,66
SUPER_9,3660000,126,6,8,140,57,69
SUPER_9,3670000,117,11,4,132,69,48
SUPER_9,3680000,156,12,14,182,76,80
SUPER_9,3690000,58,12,11,81,29,29
SUPER_9,3700000,150,6,19,175,97,53
SUPER_9,3710000,196,15,13,224,105,91
SUPER_9,3720000,165,11,17,193,81,84
SUPER_9,3730000,211,13,16,240,95,116
SUPER_9,3740000,250,22,28,300,118,132
SUPER_9,3750000,188,17,27,232,96,92
SUPER_9,3760000,205,13,16,234,97,108
SUPER_9,3770000,97,6,6,109,49,48
SUPER_9,3780000,140,15,14,169,69,71
SUPER_9,3790000,22,5,1,28,12,10
SUPER_9,3800000,58,4,7,69,27,31
SUPER_9,3810000,24,2,2,28,12,12
SUPER_9,3820000,72,8,7,87,35,37
SUPER_9,3830000,54,8,8,70,21,33
SUPER_9,3840000,176,17,23,216,76,100
SUPER_9,3850000,245,13,16,274,130,115
SUPER_9,3860000,198,13,12,223,87,111
SUPER_9,3870000,131,7,17,155,68,63
SUPER_9,3880000,183,15,13,211,99,84
SUPER_9,3890000,225,14,13,252,109,116
SUPER_9,3900000,153,16,14,183,76,77
SUPER_9,3910000,170,19,10,199,93,77
SUPER_9,3920000,219,23,14,256,114,105
SUPER_9,3930000,210,18,20,248,100,110
SUPER_9,3940000,172,15,22,209,83,89
SUPER_9,3950000,204,20,13,237,95,109
SUPER_9,3960000,140,11,15,166,74,66
SUPER_9,3970000,162,8,12,182,85,77
SUPER_9,3980000,237,20,22,279,122,115
SUPER_9,3990000,236,26,16,278,119,117
SUPER_9,4000000,29,4,4,37,20,9
SUPER_9,4010000,159,8,11,178,97,62
SUPER_9,4020000,187,17,18,222,95,92
SUPER_9,4030000,57,9,5,71,22,35
SUPER_9,4040000,72,6,5,83,38,34
SUPER_9,4050000,188,17,22,227,92,96
SUPER_9,4060000,141,17,8,166,67,74
SUPER_9,4070000,191,19,17,227,77,114
SUPER_9,4080000,67,9,13,89,35,32
SUPER_9,4090000,211,14,19,244,114,97
SUPER_9,4100000,209,19,17,245,119,90
SUPER_9,4110000,230,15,16,261,134,96
SUPER_9,4120000,125,13,10,148,70,55
SUPER_9,4130000,73,10,7,90,43,30
SUPER_9,4140000,88,9,15,112,50,38
SUPER_9,4150000,162,13,12,187,81,81
SUPER_9,4160000,167,16,11,194,86,81
SUPER_9,4170000,153,12,16,181,80,73
SUPER_9,4180000,172,31,14,217,84,88
SUPER_9,4190000,15,2,1,18,9,6
SUPER_9,4200000,190,15,19,224,92,98
SUPER_9,4210000,153,14,18,185,76,77
SUPER_9,4220000,142,18,15,175,80,62
SUPER_9,4230000,125,5,9,139,62,63
SUPER_9,4240000,85,5,10,100,41,44
SUPER_9,4250000,63,4,3,70,30,33
SUPER_9,4260000,49,4,3,56,28,21
SUPER_9,4270000,194,15,26,235,89,105
SUPER_9,4280000,274,20,32,326,132,142
SUPER_9,4290000,179,28,16,223,87,92
SUPER_9,4300000,92,5,10,107,41,51
SUPER_9,4310000,213,16,18,247,110,103
SUPER_9,4320000,184,17,15,216,87,97
SUPER_9,4330000,204,18,12,234,89,115
SUPER_9,4340000,26,2,5,33,16,10
SUPER_9,4350000,155,13,10,178,70,85
SUPER_9,4360000,182,17,21,220,85,97
SUPER_9,4370000,170,24,22,216,76,94
SUPER_9,4380000,150,10,9,169,87,63
SUPER_9,4390000,218,16,26,260,111,107
SUPER_9,4400000,149,17,21,187,66,83
SUPER_9,4410000,159,15,14,188,82,77
SUPER_9,4420000,99,7,5,111,56,43
SUPER_9,4430000,179,17,16,212,89,90
SUPER_9,4440000,85,11,6,102,49,36
SUPER_9,4450000,165,21,12,198,86,79
SUPER_9,4460000,136,13,14,163,70,66
SUPER_9,4470000,247,29,27,303,113,134
SUPER_9,4480000,189,15,21,225,100,89
SUPER_9,4490000,211,13,18,242,105,106
SUPER_9,4500000,92,12,7,111,41,51
SUPER_9,4510000,129,11,6,146,58,71
SUPER_9,4520000,184,24,11,219,88,96
SUPER_9,4530000,75,5,4,84,38,37
SUPER_9,4540000,121,13,9,143,60,61
SUPER_9,4550000,204,18,15,237,101,103
SUPER_9,4560000,159,17,11,187,72,87
SUPER_9,4570000,137,10,17,164,69,68
SUPER_9,4580000,229,21,11,261,103,126
SUPER_9,4590000,213,30,15,258,120,93
SUPER_9,4600000,98,17,9,124,49,49
SUPER_9,4610000,120,17,11,148,50,70
SUPER_9,4620000,147,27,14,188,67,80
SUPER_9,4630000,194,19,18,231,86,108
SUPER_9,4640000,105,11,12,128,53,52
SUPER_9,4650000,187,18,19,224,87,100
SUPER_9,4660000,107,11,9,127,58,49
SUPER_9,4670000,99,10,3,112,55,44
SUPER_9,4680000,83,12,13,108,40,43
SUPER_9,4690000,45,6,2,53,24,21
SUPER_9,4700000,89,7,8,104,39,50
SUPER_9,4710000,150,18,11,179,77,73
SUPER_9,4720000,139,17,15,171,62,77
SUPER_9,4730000,154,13,20,187,74,80
SUPER_9,4740000,133,10,10,153,70,63
SUPER_9,4750000,149,14,25,188,61,88
SUPER_9,4760000,113,13,12,138,52,61
SUPER_9,4770000,147,21,18,186,72,75
SUPER_9,4780000,124,16,11,151,62,62
SUPER_9,4790000,139,14,17,170,70,69
SUPER_9,4800000,106,6,12,124,54,52
SUPER_9,4810000,143,18,8,169,71,72
SUPER_9,4820000,174,21,18,213,87,87
SUPER_9,4830000,145,17,27,189,79,66
SUPER_9,4840000,135,5,11,151,59,76
SUPER_9,4850000,95,12,13,120,42,53
SUPER_9,4860000,68,6,3,77,33,35
SUPER_9,4870000,143,14,16,173,68,75
SUPER_9,4880000,144,15,13,172,71,73
SUPER_9,4890000,136,6,15,157,66,70
SUPER_9,4900000,20,2,5,27,12,8
SUPER_9,4910000,56,2,5,63,29,27
SUPER_9,4920000,49,8,2,59,21,28
SUPER_9,4930000,97,10,5,112,48,49
SUPER_9,4940000,170,14,17,201,84,86
SUPER_9,4950000,140,6,16,162,76,64
SUPER_9,4960000,108,14,12,134,53,55
SUPER_9,4970000,191,14,21,226,106,85
SUPER_9,4980000,153,21,15,189,82,71
SUPER_9,4990000,189,15,18,222,80,109
SUPER_9,5000000,69,6,13,88,35,34
SUPER_9,5010000,145,11,13,169,83,62
SUPER_9,5020000,77,8,5,90,36,41
SUPER_9,5030000,121,15,15,151,73,48
SUPER_9,5040000,109,11,7,127,59,50
SUPER_9,5050000,110,10,16,136,53,57
SUPER_9,5060000,140,6,7,153,82,58
SUPER_9,5070000,81,11,6,98,42,39
SUPER_9,5080000,115,9,12,136,59,56
SUPER_9,5090000,123,9,19,151,61,62
SUPER_9,5100000,146,11,11,168,61,85
SUPER_9,5110000,13,0,2,15,9,4
SUPER_9,5120000,104,6,8,118,49,55
SUPER_9,5130000,96,6,10,112,50,46
SUPER_9,5140000,4,0,2,6,2,2
SUPER_9,5150000,141,10,4,155,67,74
SUPER_9,5160000,111,8,14,133,51,60
SUPER_9,5170000,206,24,22,252,104,102
SUPER_9,5180000,89,5,4,98,38,51
SUPER_9,5190000,97,6,7,110,56,41
SUPER_9,5200000,97,5,14,116,56,41
SUPER_9,5210000,147,14,21,182,65,82
SUPER_9,5220000,78,10,8,96,42,36
SUPER_9,5230000,217,21,14,252,115,102
SUPER_9,5240000,166,18,21,205,75,91
SUPER_9,5250000,70,6,7,83,36,34
SUPER_9,5260000,129,12,8,149,68,61
SUPER_9,5270000,113,10,8,131,68,45
SUPER_9,5280000,134,15,14,163,67,67
SUPER_9,5290000,128,9,7,144,78,50
SUPER_9,5300000,148,13,9,170,72,76
SUPER_9,5310000,94,15,16,125,42,52
SUPER_9,5320000,99,5,10,114,60,39
SUPER_9,5330000,92,8,9,109,49,43
SUPER_9,5340000,135,9,11,155,66,69
SUPER_9,5350000,112,6,10,128,48,64
SUPER_9,5360000,73,8,7,88,34,39
SUPER_9,5370000,97,9,8,114,53,44
SUPER_9,5380000,89,9,8,106,46,43
SUPER_9,5390000,59,5,6,70,32,27
SUPER_9,5400000,199,20,16,235,99,100
SUPER_9,5410000,122,7,13,142,52,70
SUPER_9,5420000,116,15,9,140,51,65
SUPER_9,5430000,105,11,11,127,52,53
SUPER_9,5440000,111,16,5,132,53,58
SUPER_9,5450000,114,13,20,147,53,61
SUPER_9,5460000,122,8,19,149,64,58
SUPER_9,5470000,188,15,18,221,95,93
SUPER_9,5480000,73,5,1,79,30,43
SUPER_9,5490000,76,3,6,85,33,43
SUPER_9,5500000,120,10,14,144,55,65
SUPER_9,5510000,152,14,13,179,77,75
SUPER_9,5520000,207,25,15,247,97,110
SUPER_9,5530000,228,20,17,265,106,122
SUPER_9,5540000,247,17,13,277,114,133
SUPER_9,5550000,145,6,15,166,73,72
SUPER_9,5560000,89,10,5,104,45,44
SUPER_9,5570000,189,23,23,235,85,104
SUPER_9,5580000,216,16,14,246,109,107
SUPER_9,5590000,98,11,11,120,60,38
SUPER_9,5600000,106,7,8,121,53,53
SUPER_9,5610000,111,18,18,147,55,56
SUPER_9,5620000,84,6,12,102,40,44
SUPER_9,5630000,175,21,25,221,79,96
SUPER_9,5640000,141,11,13,165,68,73
SUPER_9,5650000,116,16,13,145,52,64
SUPER_9,5660000,94,11,11,116,46,48
SUPER_9,5670000,35,0,3,38,15,20
SUPER_9,5680000,103,12,10,125,61,42
SUPER_9,5690000,93,10,16,119,44,49
SUPER_9,5700000,86,12,12,110,45,41
SUPER_9,5710000,51,10,6,67,28,23
SUPER_9,5720000,154,14,11,179,77,77
SUPER_9,5730000,156,18,8,182,77,79
SUPER_9,5740000,75,7,9,91,46,29
SUPER_9,5750000,138,8,19,165,72,66
SUPER_9,5760000,66,12,11,89,28,38
SUPER_9,5770000,56,5,7,68,27,29
SUPER_9,5780000,160,10,15,185,87,73
SUPER_9,5790000,116,13,15,144,49,67
SUPER_9,5800000,26,5,5,36,12,14
SUPER_9,5810000,3,0,0,3,1,2
SUPER_9,5820000,90,13,11,114,48,42
SUPER_9,5830000,41,5,5,51,19,22
SUPER_9,5840000,100,6,21,127,52,48
SUPER_9,5850000,112,9,12,133,61,51
SUPER_9,5860000,98,12,10,120,58,40
SUPER_9,5870000,142,11,8,161,71,71
SUPER_9,5880000,188,23,15,226,92,96
SUPER_9,5890000,172,13,23,208,84,88
SUPER_9,5900000,167,17,13,197,94,73
SUPER_9,5910000,136,15,11,162,72,64
SUPER_9,5920000,59,4,8,71,29,30
SUPER_9,5930000,148,18,9,175,82,66
SUPER_9,5940000,123,6,6,135,60,63
SUPER_9,5950000,67,10,4,81,34,33
SUPER_9,5960000,66,9,10,85,33,33
SUPER_9,5970000,14,4,0,18,5,9
SUPER_9,5980000,24,4,4,32,14,10
SUPER_9,5990000,93,5,12,110,50,43
SUPER_9,6000000,137,12,16,165,58,79
SUPER_9,6010000,119,14,8,141,62,57
SUPER_9,6020000,118,7,14,139,49,69
SUPER_9,6030000,141,12,16,169,68,73
SUPER_9,6040000,104,9,11,124,46,58
SUPER_9,6050000,54,2,6,62,30,24
SUPER_9,6060000,112,19,14,145,56,56
SUPER_9,6070000,59,13,10,82,26,33
SUPER_9,6080000,178,17,24,219,87,91
SUPER_9,6090000,131,13,12,156,73,58
SUPER_9,6100000,122,11,18,151,57,65
SUPER_9,6110000,138,16,17,171,76,62
SUPER_9,6120000,144,11,12,167,67,77
SUPER_9,6130000,62,9,9,80,37,25
SUPER_9,6140000,59,7,4,70,33,26
SUPER_9,6150000,104,14,17,135,54,50
SUPER_9,6160000,63,9,13,85,32,31
SUPER_9,6170000,62,8,9,79,29,33
SUPER_9,6180000,155,9,17,181,74,81
SUPER_9,6190000,155,17,20,192,85,70
SUPER_9,6200000,155,20,24,199,69,86
SUPER_9,6210000,132,15,7,154,62,70
SUPER_9,6220000,94,19,11,124,40,54
SUPER_9,6230000,52,2,4,58,31,21
SUPER_9,6240000,105,12,7,124,47,58
SUPER_9,6250000,126,10,6,142,56,70
SUPER_9,6260000,169,10,8,187,86,83
SUPER_9,6270000,64,7,8,79,25,39
SUPER_9,6280000,127,23,10,160,68,59
SUPER_9,6290000,108,9,16,133,44,64
SUPER_9,6300000,5,1,1,7,2,3
SUPER_9,6310000,85,8,4,97,49,36
SUPER_9,6320000,29,0,4,33,20,9
SUPER_9,6330000,47,2,1,50,26,21
SUPER_9,6340000,126,11,12,149,65,61
SUPER_9,6350000,68,6,10,84,35,33
SUPER_9,6360000,85,9,2,96,41,44
SUPER_9,6370000,53,8,9,70,27,26
SUPER_9,6380000,74,11,9,94,40,34
SUPER_9,6390000,178,7,14,199,89,89
SUPER_9,6400000,171,21,16,208,85,86
SUPER_9,6410000,179,8,16,203,82,97
SUPER_9,6420000,124,8,20,152,58,66
SUPER_9,6430000,140,11,18,169,75,65
SUPER_9,6440000,154,7,10,171,74,80
SUPER_9,6450000,144,8,15,167,67,77
SUPER_9,6460000,158,14,25,197,84,74
SUPER_9,6470000,81,14,19,114,40,41
SUPER_9,6480000,183,26,18,227,81,102
SUPER_9,6490000,136,18,15,169,67,69
SUPER_9,6500000,89,9,13,111,43,46
SUPER_9,6510000,179,20,13,212,92,87
SUPER_9,6520000,109,9,4,122,54,55
SUPER_9,6530000,149,12,15,176,73,76
SUPER_9,6540000,118,5,5,128,55,63
SUPER_9,6550000,156,16,14,186,84,72
SUPER_9,6560000,53,3,4,60,28,25
SUPER_9,6570000,42,5,5,52,22,20
SUPER_9,6580000,131,12,10,153,70,61
SUPER_9,6590000,102,5,9,116,43,59
SUPER_9,6600000,121,17,8,146,64,57
SUPER_9,6610000,108,16,9,133,42,66
SUPER_9,6620000,20,1,7,28,9,11
SUPER_9,6630000,7,1,0,8,4,3
SUPER_9,6640000,0,0,1,1,0,0
SUPER_9,6650000,57,7,11,75,23,34
SUPER_9,6660000,131,10,14,155,83,48
SUPER_9,6670000,143,3,12,158,69,74
SUPER_9,6680000,117,9,11,137,62,55
SUPER_9,6690000,113,9,9,131,59,54
SUPER_9,6700000,203,13,22,238,103,100
SUPER_9,6710000,10,3,0,13,4,6
SUPER_9,6720000,138,9,13,160,69,69
SUPER_9,6730000,135,12,8,155,73,62
SUPER_9,6740000,128,11,16,155,56,72
SUPER_9,6750000,90,10,5,105,39,51
SUPER_9,6760000,125,18,9,152,58,67
SUPER_9,6770000,133,10,9,152,78,55
SUPER_9,6780000,223,16,21,260,107,116
SUPER_9,6790000,121,17,19,157,66,55
SUPER_9,6800000,137,13,14,164,74,63
SUPER_9,6810000,114,8,9,131,58,56
SUPER_9,6820000,127,9,8,144,67,60
SUPER_9,6830000,38,4,4,46,19,19
SUPER_9,6840000,0,0,0,0,0,0
SUPER_9,6850000,0,0,0,0,0,0
SUPER_9,6860000,148,17,11,176,68,80
SUPER_9,6870000,0,0,0,0,0,0
SUPER_9,6880000,0,0,0,0,0,0
SUPER_9,6890000,83,8,10,101,42,41
SUPER_9,6900000,93,17,10,120,47,46
SUPER_9,6910000,54,3,2,59,38,16
SUPER_9,6920000,93,4,4,101,40,53
SUPER_9,6930000,24,1,1,26,13,11
SUPER_9,6940000,6,1,0,7,5,1
SUPER_9,6950000,80,10,6,96,41,39
SUPER_9,6960000,102,5,6,113,59,43
SUPER_9,6970000,81,1,9,91,47,34
SUPER_9,6980000,91,8,6,105,51,40
SUPER_9,6990000,77,9,8,94,40,37
SUPER_9,7000000,198,16,14,228,98,100
SUPER_9,7010000,167,18,20,205,87,80
SUPER_9,7020000,107,6,6,119,56,51
SUPER_9,7030000,196,13,25,234,86,110
SUPER_9,7040000,186,18,21,225,84,102
SUPER_9,7050000,101,14,11,126,43,58
SUPER_9,7060000,92,9,7,108,45,47
SUPER_9,7070000,180,15,12,207,89,91
SUPER_9,7080000,122,11,6,139,65,57
SUPER_9,7090000,199,18,22,239,95,104
SUPER_9,7100000,163,17,12,192,87,76
SUPER_9,7110000,115,14,14,143,44,71
SUPER_9,7120000,156,11,12,179,84,72
SUPER_9,7130000,109,12,17,138,60,49
SUPER_9,7140000,117,9,15,141,59,58
SUPER_9,7150000,144,16,14,174,72,72
SUPER_9,7160000,117,12,20,149,47,70
SUPER_9,7170000,157,13,19,189,76,81
SUPER_9,7180000,176,27,13,216,83,93
SUPER_9,7190000,154,12,16,182,95,59
SUPER_9,7200000,162,12,10,184,72,90
SUPER_9,7210000,145,13,7,165,71,74
SUPER_9,7220000,242,32,26,300,116,126
SUPER_9,7230000,134,17,12,163,55,79
SUPER_9,7240000,50,1,4,55,32,18
SUPER_9,7250000,136,9,12,157,78,58
SUPER_9,7260000,167,22,26,215,73,94
SUPER_9,7270000,185,11,13,209,105,80
SUPER_9,7280000,196,25,14,235,85,111
SUPER_9,7290000,242,27,21,290,124,118
SUPER_9,7300000,181,11,24,216,102,79
SUPER_9,7310000,179,16,16,211,87,92
SUPER_9,7320000,89,12,9,110,53,36
SUPER_9,7330000,107,9,12,128,49,58
SUPER_9,7340000,128,15,14,157,45,83
SUPER_9,7350000,112,13,9,134,57,55
SUPER_9,7360000,115,12,13,140,60,55
SUPER_9,7370000,163,8,15,186,77,86
SUPER_9,7380000,145,10,19,174,75,70
SUPER_9,7390000,185,16,22,223,94,91
SUPER_9,7400000,143,17,6,166,69,74
SUPER_9,7410000,203,11,11,225,100,103
SUPER_9,7420000,113,13,3,129,52,61
SUPER_9,7430000,222,18,22,262,108,114
SUPER_9,7440000,96,4,8,108,47,49
SUPER_9,7450000,128,7,14,149,62,66
SUPER_9,7460000,157,12,16,185,87,70
SUPER_9,7470000,172,18,17,207,83,89
SUPER_9,7480000,124,11,8,143,52,72
SUPER_9,7490000,7,4,1,12,0,7
SUPER_9,7500000,1,0,1,2,1,0
SUPER_9,7510000,26,4,2,32,13,13
SUPER_9,7520000,138,17,15,170,66,72
SUPER_9,7530000,50,3,5,58,26,24
SUPER_9,7540000,76,11,12,99,36,40
SUPER_9,7550000,212,23,22,257,101,111
SUPER_9,7560000,104,12,19,135,59,45
SUPER_9,7570000,106,4,7,117,46,60
SUPER_9,7580000,69,10,18,97,38,31
SUPER_9,7590000,90,10,6,106,43,47
SUPER_9,7600000,72,3,6,81,39,33
SUPER_9,7610000,159,15,15,189,76,83
SUPER_9,7620000,164,10,8,182,76,88
SUPER_9,7630000,211,18,23,252,97,114
SUPER_9,7640000,79,10,7,96,39,40
SUPER_9,7650000,91,8,6,105,51,40
SUPER_9,7660000,68,7,9,84,41,27
SUPER_9,7670000,116,8,13,137,71,45
SUPER_9,7680000,182,22,19,223,88,94
SUPER_9,7690000,161,18,18,197,70,91
SUPER_9,7700000,0,0,0,0,0,0
SUPER_9,7710000,0,0,0,0,0,0
SUPER_9,7720000,0,0,0,0,0,0
SUPER_9,7730000,0,0,0,0,0,0
SUPER_9,7740000,0,0,0,0,0,0
SUPER_9,7750000,0,0,0,0,0,0
SUPER_9,7760000,90,16,14,120,41,49
SUPER_9,7770000,0,0,0,0,0,0
SUPER_9,7780000,0,0,0,0,0,0
SUPER_9,7790000,62,12,9,83,30,32
SUPER_9,7800000,244,18,19,281,121,123
SUPER_9,7810000,226,18,27,271,111,115
SUPER_9,7820000,45,6,6,57,21,24
SUPER_9,7830000,48,6,7,61,29,19
SUPER_9,7840000,220,27,27,274,111,109
SUPER_9,7850000,142,12,9,163,64,78
SUPER_9,7860000,5,0,1,6,5,0
SUPER_9,7870000,91,8,9,108,54,37
SUPER_9,7880000,202,11,14,227,111,91
SUPER_9,7890000,252,25,31,308,104,148
SUPER_9,7900000,167,25,15,207,62,105
SUPER_9,7910000,232,19,28,279,126,106
SUPER_9,7920000,301,16,29,346,142,159
SUPER_9,7930000,142,12,17,171,67,75
SUPER_9,7940000,80,13,9,102,41,39
SUPER_9,7950000,156,14,21,191,77,79
SUPER_9,7960000,143,13,10,166,73,70
SUPER_9,7970000,87,5,10,102,33,54
SUPER_9,7980000,172,14,10,196,91,81
SUPER_9,7990000,13,4,2,19,5,8
SUPER_9,8000000,127,14,17,158,56,71
SUPER_9,8010000,161,12,13,186,78,83
SUPER_9,8020000,268,14,28,310,143,125
SUPER_9,8030000,191,20,22,233,78,113
SUPER_9,8040000,172,16,14,202,80,92
SUPER_9,8050000,243,29,25,297,112,131
SUPER_9,8060000,193,20,15,228,89,104
SUPER_9,8070000,211,20,19,250,118,93
SUPER_9,8080000,0,0,0,0,0,0
SUPER_9,8090000,0,0,0,0,0,0
SUPER_9,8100000,249,18,21,288,136,113
SUPER_9,8110000,206,23,20,249,109,97
SUPER_9,8120000,162,11,17,190,78,84
SUPER_9,8130000,113,9,13,135,60,53
SUPER_9,8140000,138,16,13,167,81,57
SUPER_9,8150000,101,16,7,124,52,49
SUPER_9,8160000,74,4,8,86,37,37
SUPER_9,8170000,203,19,12,234,102,101
SUPER_9,8180000,206,18,19,243,100,106
SUPER_9,8190000,173,14,13,200,98,75
SUPER_9,8200000,177,14,12,203,83,94
SUPER_9,8210000,179,18,15,212,73,106
SUPER_9,8220000,204,13,11,228,90,114
SUPER_9,8230000,123,8,6,137,67,56
SUPER_9,8240000,196,21,17,234,97,99
SUPER_9,8250000,206,22,18,246,110,96
SUPER_9,8260000,189,19,14,222,93,96
SUPER_9,8270000,211,13,18,242,116,95
SUPER_9,8280000,198,14,13,225,92,106
SUPER_9,8290000,121,9,19,149,61,60
SUPER_9,8300000,121,6,10,137,67,54
SUPER_9,8310000,190,12,19,221,100,90
SUPER_9,8320000,225,25,21,271,114,111
SUPER_9,8330000,52,3,4,59,27,25
SUPER_9,8340000,139,14,7,160,80,59
SUPER_9,8350000,92,13,16,121,45,47
SUPER_9,8360000,210,17,24,251,109,101
SUPER_9,8370000,264,18,26,308,131,133
SUPER_9,8380000,157,9,15,181,83,74
SUPER_9,8390000,63,2,6,71,30,33
SUPER_9,8400000,150,15,13,178,75,75
SUPER_9,8410000,198,13,15,226,94,104
SUPER_9,8420000,131,11,8,150,63,68
SUPER_9,8430000,123,12,13,148,52,71
SUPER_9,8440000,181,14,16,211,84,97
SUPER_9,8450000,157,10,14,181,92,65
SUPER_9,8460000,125,10,10,145,64,61
SUPER_9,8470000,71,5,4,80,39,32
SUPER_9,8480000,158,14,12,184,85,73
SUPER_9,8490000,168,17,19,204,81,87
SUPER_9,8500000,71,4,5,80,40,31
SUPER_9,8510000,138,14,16,168,69,69
SUPER_9,8520000,209,12,22,243,113,96
SUPER_9,8530000,146,12,17,175,68,78
SUPER_9,8540000,97,12,10,119,61,36
SUPER_9,8550000,44,4,6,54,26,18
SUPER_9,8560000,199,16,19,234,102,97
SUPER_9,8570000,196,14,15,225,107,89
SUPER_9,8580000,110,20,10,140,48,62
SUPER_9,8590000,209,7,14,230,106,103
SUPER_9,8600000,276,16,21,313,143,133
SUPER_9,8610000,178,32,17,227,82,96
SUPER_9,8620000,94,10,15,119,49,45
SUPER_9,8630000,4,1,2,7,3,1
SUPER_9,8640000,3,1,0,4,2,1
SUPER_9,8650000,101,9,13,123,55,46
SUPER_9,8660000,95,2,5,102,44,51
SUPER_9,8670000,132,6,11,149,62,70
SUPER_9,8680000,44,6,6,56,23,21
SUPER_9,8690000,70,2,2,74,40,30
SUPER_9,8700000,136,9,16,161,77,59
SUPER_9,8710000,0,0,0,0,0,0
SUPER_9,8720000,0,0,0,0,0,0
SUPER_9,8730000,0,0,0,0,0,0
SUPER_9,8740000,72,3,6,81,36,36
SUPER_9,8750000,0,0,0,0,0,0
SUPER_9,8760000,0,0,0,0,0,0
SUPER_9,8770000,0,0,0,0,0,0
SUPER_9,8780000,0,0,0,0,0,0
SUPER_9,8790000,0,0,0,0,0,0
SUPER_9,8800000,0,0,0,0,0,0
SUPER_9,8810000,0,0,0,0,0,0
SUPER_9,8820000,0,0,0,0,0,0
SUPER_9,8830000,0,0,0,0,0,0
SUPER_9,8840000,0,0,0,0,0,0
SUPER_9,8850000,68,3,4,75,37,31
SUPER_9,8860000,0,0,0,0,0,0
SUPER_9,8870000,0,0,0,0,0,0
SUPER_9,8880000,0,0,0,0,0,0
SUPER_9,8890000,0,0,0,0,0,0
SUPER_9,8900000,0,0,0,0,0,0
SUPER_9,8910000,0,0,0,0,0,0
SUPER_9,8920000,35,3,4,42,13,22
SUPER_9,8930000,162,13,18,193,78,84
SUPER_9,8940000,165,17,17,199,87,78
SUPER_9,8950000,61,4,9,74,37,24
SUPER_9,8960000,69,6,6,81,34,35
SUPER_9,8970000,70,5,9,84,41,29
SUPER_9,8980000,67,3,7,77,37,30
SUPER_9,8990000,46,6,4,56,24,22
SUPER_9,9000000,7,0,1,8,2,5
SUPER_9,9010000,193,14,8,215,100,93
SUPER_9,9020000,97,11,9,117,48,49
SUPER_9,9030000,133,8,13,154,67,66
SUPER_9,9040000,81,5,8,94,42,39
SUPER_9,9050000,82,4,3,89,42,40
SUPER_9,9060000,174,24,16,214,89,85
SUPER_9,9070000,14,0,0,14,9,5
SUPER_9,9080000,78,8,5,91,40,38
SUPER_9,9090000,228,14,25,267,106,122
SUPER_9,9100000,119,16,9,144,74,45
SUPER_9,9110000,122,10,15,147,61,61
SUPER_9,9120000,172,12,17,201,82,90
SUPER_9,9130000,92,8,10,110,47,45
SUPER_9,9140000,45,5,5,55,23,22
SUPER_9,9150000,118,9,8,135,66,52
SUPER_9,9160000,63,3,8,74,28,35
SUPER_9,9170000,0,0,0,0,0,0
SUPER_9,9180000,0,0,0,0,0,0
SUPER_9,9190000,89,16,16,121,43,46
SUPER_9,9200000,165,11,15,191,82,83
SUPER_9,9210000,141,12,14,167,73,68
SUPER_9,9220000,206,19,21,246,98,108
SUPER_9,9230000,132,13,6,151,65,67
SUPER_9,9240000,168,10,7,185,86,82
SUPER_9,9250000,126,6,14,146,58,68
SUPER_9,9260000,231,27,26,284,101,130
SUPER_9,9270000,228,19,22,269,124,104
SUPER_9,9280000,124,9,10,143,68,56
SUPER_9,9290000,92,0,5,97,48,44
SUPER_9,9300000,111,5,7,123,51,60
SUPER_9,9310000,111,11,7,129,64,47
SUPER_9,9320000,152,9,9,170,88,64
SUPER_9,9330000,109,10,9,128,56,53
SUPER_9,9340000,111,10,12,133,56,55
SUPER_9,9350000,188,21,16,225,97,91
SUPER_9,9360000,7,0,0,7,4,3
SUPER_9,9370000,16,2,1,19,9,7
SUPER_9,9380000,147,7,16,170,85,62
SUPER_9,9390000,132,6,15,153,61,71
SUPER_9,9400000,58,11,8,77,26,32
SUPER_9,9410000,111,4,15,130,51,60
SUPER_9,9420000,163,19,21,203,93,70
SUPER_9,9430000,130,7,11,148,66,64
SUPER_9,9440000,203,16,21,240,102,101
SUPER_9,9450000,112,18,11,141,57,55
SUPER_9,9460000,232,14,15,261,126,106
SUPER_9,9470000,211,22,15,248,106,105
SUPER_9,9480000,182,17,11,210,91,91
SUPER_9,9490000,115,6,9,130,57,58
SUPER_9,9500000,136,16,14,166,69,67
SUPER_9,9510000,64,14,8,86,33,31
SUPER_9,9520000,208,25,31,264,100,108
SUPER_9,9530000,249,17,29,295,118,131
SUPER_9,9540000,68,3,1,72,31,37
SUPER_9,9550000,130,11,13,154,56,74
SUPER_9,9560000,30,4,2,36,17,13
SUPER_9,9570000,194,14,24,232,99,95
SUPER_9,9580000,133,15,12,160,65,68
SUPER_9,9590000,218,10,14,242,128,90
SUPER_9,9600000,126,10,16,152,52,74
SUPER_9,9610000,201,16,18,235,102,99
SUPER_9,9620000,149,9,18,176,60,89
SUPER_9,9630000,206,24,17,247,106,100
SUPER_9,9640000,170,17,23,210,82,88
SUPER_9,9650000,125,9,7,141,64,61
SUPER_9,9660000,150,12,16,178,68,82
SUPER_9,9670000,236,23,19,278,122,114
SUPER_9,9680000,152,12,12,176,79,73
SUPER_9,9690000,172,9,19,200,76,96
SUPER_9,9700000,206,15,28,249,100,106
SUPER_9,9710000,239,13,21,273,116,123
SUPER_9,9720000,167,10,12,189,90,77
SUPER_9,9730000,155,16,14,185,73,82
SUPER_9,9740000,96,10,11,117,47,49
SUPER_9,9750000,118,9,15,142,59,59
SUPER_9,9760000,67,7,6,80,30,37
SUPER_9,9770000,229,22,23,274,111,118
SUPER_9,9780000,236,20,16,272,113,123
SUPER_9,9790000,298,32,27,357,161,137
SUPER_9,9800000,154,13,10,177,74,80
SUPER_9,9810000,194,15,17,226,90,104
SUPER_9,9820000,205,25,17,247,104,101
SUPER_9,9830000,249,20,40,309,129,120
SUPER_9,9840000,217,22,25,264,110,107
SUPER_9,9850000,0,0,0,0,0,0
SUPER_9,9860000,0,0,0,0,0,0
SUPER_9,9870000,71,6,3,80,44,27
SUPER_9,9880000,7,1,1,9,6,1
SUPER_9,9890000,188,17,13,218,88,100
SUPER_9,9900000,202,14,21,237,85,117
SUPER_9,9910000,138,9,16,163,69,69
SUPER_9,9920000,193,9,16,218,99,94
SUPER_9,9930000,185,10,21,216,94,91
SUPER_9,9940000,164,12,15,191,88,76
SUPER_9,9950000,158,17,20,195,70,88
SUPER_9,9960000,155,19,13,187,74,81
SUPER_9,9970000,117,4,6,127,71,46
SUPER_9,9980000,76,7,4,87,38,38
SUPER_9,9990000,128,10,11,149,69,59
SUPER_9,10000000,193,20,27,240,99,94
SUPER_9,10010000,97,10,8,115,47,50
SUPER_9,10020000,279,19,22,320,130,149
SUPER_9,10030000,143,19,7,169,78,65
SUPER_9,10040000,117,8,7,132,59,58
SUPER_9,10050000,105,6,7,118,49,56
SUPER_9,10060000,164,20,19,203,83,81
SUPER_9,10070000,219,18,15,252,105,114
SUPER_9,10080000,143,9,21,173,75,68
SUPER_9,10090000,230,13,19,262,123,107
SUPER_9,10100000,248,21,17,286,121,127
SUPER_9,10110000,217,13,17,247,107,110
SUPER_9,10120000,98,12,13,123,45,53
SUPER_9,10130000,86,10,11,107,41,45
SUPER_9,10140000,152,12,13,177,63,89
SUPER_9,10150000,123,7,10,140,64,59
SUPER_9,10160000,168,17,18,203,89,79
SUPER_9,10170000,89,6,12,107,49,40
SUPER_9,10180000,132,15,17,164,58,74
SUPER_9,10190000,257,13,26,296,128,129
SUPER_9,10200000,123,17,11,151,60,63
SUPER_9,10210000,7,0,0,7,5,2
SUPER_9,10220000,101,2,9,112,57,44
SUPER_9,10230000,187,15,22,224,106,81
SUPER_9,10240000,117,14,13,144,60,57
SUPER_9,10250000,22,1,0,23,11,11
SUPER_9,10260000,154,10,12,176,84,70
SUPER_9,10270000,173,15,17,205,89,84
SUPER_9,10280000,86,12,12,110,45,41
SUPER_9,10290000,135,7,17,159,68,67
SUPER_9,10300000,118,12,9,139,65,53
SUPER_9,10310000,88,4,12,104,51,37
SUPER_9,10320000,125,12,6,143,63,62
SUPER_9,10330000,119,10,15,144,52,67
SUPER_9,10340000,101,14,14,129,58,43
SUPER_9,10350000,21,0,1,22,15,6
SUPER_9,10360000,132,10,10,152,62,70
SUPER_9,10370000,176,28,11,215,87,89
SUPER_9,10380000,139,8,15,162,70,69
SUPER_9,10390000,10,0,2,12,5,5
SUPER_9,10400000,30,4,4,38,18,12
SUPER_9,10410000,110,9,5,124,62,48
SUPER_9,10420000,170,13,12,195,77,93
SUPER_9,10430000,128,11,7,146,73,55
SUPER_9,10440000,61,3,5,69,26,35
SUPER_9,10450000,39,1,3,43,25,14
SUPER_9,10460000,171,12,17,200,89,82
SUPER_9,10470000,243,23,29,295,114,129
SUPER_9,10480000,268,26,23,317,137,131
SUPER_9,10490000,214,21,16,251,126,88
SUPER_9,10500000,206,18,18,242,101,105
SUPER_9,10510000,215,13,15,243,118,97
SUPER_9,10520000,241,20,26,287,117,124
SUPER_9,10530000,211,18,22,251,106,105
SUPER_9,10540000,76,9,4,89,37,39
SUPER_9,10550000,192,18,15,225,90,102
SUPER_9,10560000,242,29,17,288,138,104
SUPER_9,10570000,37,2,5,44,16,21
SUPER_9,10580000,25,1,4,30,9,16
SUPER_9,10590000,140,14,16,170,73,67
SUPER_9,10600000,76,4,8,88,30,46
SUPER_9,10610000,77,6,2,85,38,39
SUPER_9,10620000,24,3,2,29,12,12
SUPER_9,10630000,58,3,1,62,26,32
SUPER_9,10640000,94,8,8,110,52,42
SUPER_9,10650000,50,4,2,56,22,28
SUPER_9,10660000,5,1,1,7,2,3
SUPER_9,10670000,0,0,0,0,0,0
SUPER_9,10680000,0,0,0,0,0,0
SUPER_9,10690000,0,0,0,0,0,0
SUPER_9,10700000,0,0,0,0,0,0
SUPER_9,10710000,0,0,0,0,0,0
SUPER_9,10720000,0,0,0,0,0,0
SUPER_9,10730000,145,13,8,166,69,76
SUPER_9,10740000,163,8,11,182,83,80
SUPER_9,10750000,111,10,8,129,61,50
SUPER_9,10760000,47,5,3,55,21,26
SUPER_9,10770000,76,7,7,90,41,35
SUPER_9,10780000,218,20,19,257,104,114
SUPER_9,10790000,266,21,22,309,132,134
SUPER_9,10800000,61,3,5,69,30,31
SUPER_9,10810000,161,10,16,187,97,64
SUPER_9,10820000,42,3,3,48,25,17
SUPER_9,10830000,133,16,9,158,68,65
SUPER_9,10840000,222,19,29,270,109,113
SUPER_9,10850000,242,13,25,280,119,123
SUPER_9,10860000,211,14,22,247,119,92
SUPER_9,10870000,2,1,0,3,1,1
SUPER_9,10880000,0,1,0,1,0,0
SUPER_9,10890000,205,15,20,240,92,113
SUPER_9,10900000,117,12,13,142,56,61
SUPER_9,10910000,307,28,28,363,145,162
SUPER_9,10920000,276,27,32,335,123,153
SUPER_9,10930000,255,14,22,291,138,117
SUPER_9,10940000,153,17,13,183,77,76
SUPER_9,10950000,102,6,11,119,47,55
SUPER_9,10960000,78,11,6,95,37,41
SUPER_9,10970000,145,13,13,171,81,64
SUPER_9,10980000,153,10,25,188,77,76
SUPER_9,10990000,215,20,20,255,102,113
SUPER_9,11000000,263,18,23,304,124,139
SUPER_9,11010000,308,26,31,365,146,162
SUPER_9,11020000,95,3,5,103,47,48
SUPER_9,11030000,179,7,14,200,93,86
SUPER_9,11040000,168,25,12,205,79,89
SUPER_9,11050000,276,34,33,343,117,159
SUPER_9,11060000,242,11,20,273,126,116
SUPER_9,11070000,160,14,14,188,81,79
SUPER_9,11080000,141,11,15,167,63,78
SUPER_9,11090000,105,12,9,126,58,47
SUPER_9,11100000,257,20,22,299,140,117
SUPER_9,11110000,144,8,12,164,74,70
SUPER_9,11120000,98,7,5,110,48,50
SUPER_9,11130000,217,26,17,260,101,116
SUPER_9,11140000,229,22,18,269,114,115
SUPER_9,11150000,128,9,16,153,67,61
SUPER_9,11160000,152,19,27,198,65,87
SUPER_9,11170000,118,16,12,146,75,43
SUPER_9,11180000,65,2,7,74,25,40
SUPER_9,11190000,2,0,0,2,0,2
SUPER_9,11200000,100,7,9,116,43,57
SUPER_9,11210000,57,4,4,65,30,27
SUPER_9,11220000,67,1,9,77,38,29
SUPER_9,11230000,43,0,1,44,26,17
SUPER_9,11240000,43,3,4,50,21,22
SUPER_9,11250000,176,22,24,222,78,98
SUPER_9,11260000,138,8,12,158,83,55
SUPER_9,11270000,17,3,2,22,9,8
SUPER_9,11280000,52,2,3,57,28,24
SUPER_9,11290000,44,2,7,53,26,18
SUPER_9,11300000,19,0,1,20,13,6
SUPER_9,11310000,21,1,4,26,14,7
SUPER_9,11320000,237,14,21,272,119,118
SUPER_9,11330000,137,10,11,158,78,59
SUPER_9,11340000,268,21,30,319,144,124
SUPER_9,11350000,47,1,4,52,22,25
SUPER_9,11360000,71,6,6,83,35,36
SUPER_9,11370000,0,0,0,0,0,0
SUPER_9,11380000,0,0,0,0,0,0
SUPER_9,11390000,73,3,2,78,32,41
SUPER_9,11400000,113,9,4,126,64,49
SUPER_9,11410000,0,0,1,1,0,0
SUPER_9,11420000,24,5,3,32,8,16
SUPER_9,11430000,158,4,8,170,76,82
SUPER_9,11440000,296,28,22,346,151,145
SUPER_9,11450000,206,25,15,246,111,95
SUPER_9,11460000,178,7,14,199,85,93
SUPER_9,11470000,93,8,9,110,55,38
SUPER_9,11480000,59,7,8,74,33,26
SUPER_9,11490000,32,6,2,40,18,14
SUPER_9,11500000,200,12,21,233,101,99
SUPER_9,11510000,30,2,5,37,12,18
SUPER_9,11520000,83,8,5,96,42,41
SUPER_9,11530000,185,15,14,214,94,91
SUPER_9,11540000,147,11,12,170,75,72
SUPER_9,11550000,130,6,12,148,60,70
SUPER_9,11560000,109,11,6,126,56,53
SUPER_9,11570000,209,14,12,235,111,98
SUPER_9,11580000,135,5,13,153,68,67
SUPER_9,11590000,315,24,21,360,132,183
SUPER_9,11600000,252,16,15,283,135,117
SUPER_9,11610000,272,13,14,299,131,141
SUPER_9,11620000,25,5,2,32,13,12
SUPER_9,11630000,181,7,7,195,100,81
SUPER_9,11640000,90,7,8,105,49,41
SUPER_9,11650000,113,5,6,124,55,58
SUPER_9,11660000,113,5,7,125,59,54
SUPER_9,11670000,183,14,19,216,100,83
SUPER_9,11680000,33,3,6,42,14,19
SUPER_9,11690000,214,18,13,245,99,115
SUPER_9,11700000,202,12,15,229,114,88
SUPER_9,11710000,43,3,2,48,18,25
SUPER_9,11720000,39,4,1,44,12,27
SUPER_9,11730000,103,4,5,112,54,49
SUPER_9,11740000,140,7,18,165,69,71
SUPER_9,11750000,37,3,1,41,17,20
SUPER_9,11760000,0,0,0,0,0,0
SUPER_9,11770000,0,0,0,0,0,0
SUPER_9,11780000,99,10,11,120,57,42
SUPER_9,11790000,121,8,15,144,55,66
SUPER_9,11800000,172,21,12,205,77,95
SUPER_9,11810000,67,11,4,82,31,36
SUPER_9,11820000,137,5,15,157,71,66
SUPER_9,11830000,91,5,6,102,45,46
SUPER_9,11840000,271,23,25,319,119,152
SUPER_9,11850000,165,19,10,194,86,79
SUPER_9,11860000,164,10,13,187,75,89
SUPER_9,11870000,281,19,23,323,137,144
SUPER_9,11880000,212,21,21,254,108,104
SUPER_9,11890000,64,4,12,80,27,37
SUPER_9,11900000,201,24,13,238,103,98
SUPER_9,11910000,28,1,5,34,11,17
SUPER_9,11920000,222,20,24,266,120,102
SUPER_9,11930000,70,4,4,78,35,35
SUPER_9,11940000,123,12,15,150,65,58
SUPER_9,11950000,32,3,3,38,17,15
SUPER_9,11960000,143,5,12,160,71,72
SUPER_9,11970000,166,7,14,187,88,78
SUPER_9,11980000,86,6,8,100,35,51
SUPER_9,11990000,148,9,12,169,68,80
SUPER_9,12000000,69,7,3,79,36,33
SUPER_9,12010000,263,18,25,306,126,137
SUPER_9,12020000,237,14,23,274,115,122
SUPER_9,12030000,162,17,16,195,78,84
SUPER_9,12040000,268,17,14,299,122,146
SUPER_9,12050000,200,18,13,231,101,99
SUPER_9,12060000,74,12,5,91,36,38
SUPER_9,12070000,147,16,14,177,80,67
SUPER_9,12080000,285,25,17,327,128,157
SUPER_9,12090000,82,6,11,99,43,39
SUPER_9,12100000,70,10,8,88,39,31
SUPER_9,12110000,23,0,1,24,15,8
SUPER_9,12120000,118,10,13,141,56,62
SUPER_9,12130000,87,10,12,109,49,38
SUPER_9,12140000,184,16,19,219,95,89
SUPER_9,12150000,242,20,20,282,123,119
SUPER_9,12160000,293,17,24,334,148,145
SUPER_9,12170000,223,18,18,259,106,117
SUPER_9,12180000,138,5,12,155,80,58
SUPER_9,12190000,175,8,18,201,100,75
SUPER_9,12200000,232,20,22,274,106,126
SUPER_9,12210000,329,18,18,365,179,150
SUPER_9,12220000,213,19,14,246,110,103
SUPER_9,12230000,227,17,19,263,120,107
SUPER_9,12240000,245,16,13,274,119,126
SUPER_9,12250000,126,14,7,147,74,52
SUPER_9,12260000,163,12,8,183,86,77
SUPER_9,12270000,253,20,30,303,133,120
SUPER_9,12280000,199,21,18,238,111,88
SUPER_9,12290000,151,9,8,168,76,75
SUPER_9,12300000,137,9,11,157,66,71
SUPER_9,12310000,57,5,6,68,31,26
SUPER_9,12320000,187,7,9,203,96,91
SUPER_9,12330000,308,27,30,365,157,151
SUPER_9,12340000,210,15,25,250,107,103
SUPER_9,12350000,264,18,22,304,154,110
SUPER_9,12360000,238,15,20,273,120,118
SUPER_9,12370000,171,15,18,204,97,74
SUPER_9,12380000,257,13,28,298,135,122
SUPER_9,12390000,260,22,18,300,111,149
SUPER_9,12400000,69,3,6,78,38,31
SUPER_9,12410000,209,16,15,240,110,99
SUPER_9,12420000,276,28,17,321,121,155
SUPER_9,12430000,231,16,24,271,116,115
SUPER_9,12440000,211,17,10,238,111,100
SUPER_9,12450000,231,11,18,260,114,117
SUPER_9,12460000,249,31,25,305,120,129
SUPER_9,12470000,243,21,17,281,122,121
SUPER_9,12480000,122,2,12,136,60,62
SUPER_9,12490000,198,13,12,223,104,94
SUPER_9,12500000,289,22,25,336,149,140
SUPER_9,12510000,233,20,25,278,115,118
SUPER_9,12520000,214,14,26,254,107,107
SUPER_9,12530000,198,23,16,237,83,115
SUPER_9,12540000,264,23,28,315,148,116
SUPER_9,12550000,181,16,12,209,95,86
SUPER_9,12560000,152,6,15,173,72,80
SUPER_9,12570000,244,19,12,275,138,106
SUPER_9,12580000,236,17,21,274,112,124
SUPER_9,12590000,257,17,31,305,147,110
SUPER_9,12600000,181,8,12,201,108,73
SUPER_9,12610000,72,8,8,88,35,37
SUPER_9,12620000,133,10,10,153,75,58
SUPER_9,12630000,191,14,18,223,88,103
SUPER_9,12640000,259,12,17,288,119,140
SUPER_9,12650000,223,13,9,245,107,116
SUPER_9,12660000,196,14,15,225,101,95
SUPER_9,12670000,243,16,19,278,132,111
SUPER_9,12680000,148,14,11,173,64,84
SUPER_9,12690000,256,22,12,290,126,130
SUPER_9,12700000,148,13,14,175,76,72
SUPER_9,12710000,123,6,11,140,55,68
SUPER_9,12720000,96,7,8,111,54,42
SUPER_9,12730000,96,7,8,111,45,51
SUPER_9,12740000,157,10,25,192,85,72
SUPER_9,12750000,237,18,18,273,125,112
SUPER_9,12760000,183,21,13,217,106,77
SUPER_9,12770000,38,1,6,45,24,14
SUPER_9,12780000,85,11,9,105,44,41
SUPER_9,12790000,49,7,8,64,22,27
SUPER_9,12800000,59,8,4,71,28,31
SUPER_9,12810000,153,19,11,183,79,74
SUPER_9,12820000,124,6,10,140,67,57
SUPER_9,12830000,183,18,13,214,85,98
SUPER_9,12840000,220,12,20,252,114,106
SUPER_9,12850000,25,2,4,31,14,11
SUPER_9,12860000,37,5,5,47,15,22
SUPER_9,12870000,65,5,6,76,31,34
SUPER_9,12880000,103,9,10,122,50,53
SUPER_9,12890000,127,13,13,153,62,65
SUPER_9,12900000,129,7,12,148,64,65
SUPER_9,12910000,184,11,14,209,95,89
SUPER_9,12920000,187,22,11,220,86,101
SUPER_9,12930000,185,11,18,214,106,79
SUPER_9,12940000,56,5,5,66,31,25
SUPER_9,12950000,120,15,11,146,60,60
SUPER_9,12960000,124,12,9,145,63,61
SUPER_9,12970000,307,24,23,354,149,158
SUPER_9,12980000,156,8,10,174,76,80
SUPER_9,12990000,102,3,6,111,63,39
SUPER_9,13000000,181,4,16,201,106,75
SUPER_9,13010000,282,22,23,327,152,130
SUPER_9,13020000,245,16,23,284,133,112
SUPER_9,13030000,195,14,14,223,111,84
SUPER_9,13040000,165,14,12,191,87,78
SUPER_9,13050000,306,22,26,354,158,148
SUPER_9,13060000,203,19,17,239,111,92
SUPER_9,13070000,159,16,15,190,82,77
SUPER_9,13080000,205,15,16,236,112,93
SUPER_9,13090000,222,23,12,257,113,109
SUPER_9,13100000,146,11,11,168,71,75
SUPER_9,13110000,254,18,26,298,139,115
SUPER_9,13120000,136,7,12,155,73,63
SUPER_9,13130000,227,22,12,261,117,110
SUPER_9,13140000,161,11,12,184,85,76
SUPER_9,13150000,154,6,11,171,91,63
SUPER_9,13160000,234,17,11,262,109,125
SUPER_9,13170000,290,21,23,334,153,137
SUPER_9,13180000,278,19,23,320,134,144
SUPER_9,13190000,232,20,15,267,111,121
SUPER_9,13200000,265,20,17,302,135,130
SUPER_9,13210000,298,22,18,338,149,149
SUPER_9,13220000,289,12,29,330,144,145
SUPER_9,13230000,168,9,21,198,84,84
SUPER_9,13240000,76,0,7,83,40,36
SUPER_9,13250000,271,24,23,318,140,131
SUPER_9,13260000,301,25,18,344,151,150
SUPER_9,13270000,210,17,13,240,107,103
SUPER_9,13280000,186,10,11,207,105,81
SUPER_9,13290000,271,14,23,308,136,135
SUPER_9,13300000,0,0,0,0,0,0
SUPER_9,13310000,0,0,0,0,0,0
SUPER_9,13320000,183,9,15,207,85,98
SUPER_9,13330000,315,28,27,370,143,172
SUPER_9,13340000,330,28,28,386,158,172
SUPER_9,13350000,239,15,19,273,111,128
SUPER_9,13360000,40,0,3,43,17,23
SUPER_9,13370000,243,25,19,287,119,124
SUPER_9,13380000,160,12,12,184,70,90
SUPER_9,13390000,45,0,0,45,26,19
SUPER_9,13400000,116,13,2,131,54,62
SUPER_9,13410000,261,15,15,291,128,133
SUPER_9,13420000,246,19,23,288,127,119
SUPER_9,13430000,184,13,15,212,94,90
SUPER_9,13440000,68,10,9,87,31,37
SUPER_9,13450000,181,13,11,205,107,74
SUPER_9,13460000,57,1,5,63,22,35
SUPER_9,13470000,219,22,24,265,104,115
SUPER_9,13480000,90,7,3,100,47,43
SUPER_9,13490000,209,17,14,240,111,98
SUPER_9,13500000,88,7,7,102,46,42
SUPER_9,13510000,185,17,17,219,100,85
SUPER_9,13520000,194,16,20,230,84,110
SUPER_9,13530000,137,10,11,158,68,69
SUPER_9,13540000,228,12,19,259,114,114
SUPER_9,13550000,158,7,13,178,88,70
SUPER_9,13560000,166,9,14,189,89,77
SUPER_9,13570000,235,21,23,279,128,107
SUPER_9,13580000,186,17,18,221,94,92
SUPER_9,13590000,132,9,5,146,75,57
SUPER_9,13600000,136,13,16,165,74,62
SUPER_9,13610000,158,12,14,184,75,83
SUPER_9,13620000,201,11,16,228,106,95
SUPER_9,13630000,226,24,28,278,94,132
SUPER_9,13640000,154,8,15,177,71,83
SUPER_9,13650000,130,12,13,155,64,66
SUPER_9,13660000,103,16,5,124,55,48
SUPER_9,13670000,134,12,13,159,75,59
SUPER_9,13680000,116,11,11,138,63,53
SUPER_9,13690000,44,3,6,53,29,15
SUPER_9,13700000,143,16,8,167,72,71
SUPER_9,13710000,111,6,13,130,55,56
SUPER_9,13720000,216,13,9,238,113,103
SUPER_9,13730000,118,16,6,140,64,54
SUPER_9,13740000,0,0,0,0,0,0
SUPER_9,13750000,0,0,0,0,0,0
SUPER_9,13760000,91,9,9,109,41,50
SUPER_10,10000,2,4,0,6,1,1
SUPER_10,20000,5,1,0,6,5,0
SUPER_10,30000,1,0,0,1,1,0
SUPER_10,40000,27,3,3,33,12,15
SUPER_10,50000,110,15,12,137,57,53
SUPER_10,60000,96,5,11,112,58,38
SUPER_10,70000,147,11,20,178,76,71
SUPER_10,80000,102,17,14,133,54,48
SUPER_10,90000,126,14,9,149,61,65
SUPER_10,100000,119,15,13,147,51,68
SUPER_10,110000,202,15,18,235,96,106
SUPER_10,120000,209,13,21,243,111,98
SUPER_10,130000,166,12,18,196,88,78
SUPER_10,140000,216,29,13,258,108,108
SUPER_10,150000,193,13,14,220,111,82
SUPER_10,160000,139,13,13,165,69,70
SUPER_10,170000,183,17,17,217,98,85
SUPER_10,180000,205,14,9,228,108,97
SUPER_10,190000,194,14,11,219,98,96
SUPER_10,200000,219,17,11,247,122,97
SUPER_10,210000,153,8,8,169,85,68
SUPER_10,220000,201,22,12,235,115,86
SUPER_10,230000,162,20,13,195,84,78
SUPER_10,240000,200,13,17,230,125,75
SUPER_10,250000,54,3,9,66,30,24
SUPER_10,260000,151,10,14,175,83,68
SUPER_10,270000,143,6,9,158,71,72
SUPER_10,280000,193,14,14,221,107,86
SUPER_10,290000,48,6,3,57,27,21
SUPER_10,300000,99,7,7,113,62,37
SUPER_10,310000,199,12,10,221,98,101
SUPER_10,320000,305,21,22,348,150,155
SUPER_10,330000,281,27,17,325,148,133
SUPER_10,340000,109,7,12,128,59,50
SUPER_10,350000,132,9,9,150,69,63
SUPER_10,360000,208,9,16,233,98,110
SUPER_10,370000,69,4,9,82,37,32
SUPER_10,380000,187,9,16,212,100,87
SUPER_10,390000,278,14,20,312,148,130
SUPER_10,400000,205,15,21,241,98,107
SUPER_10,410000,219,4,15,238,112,107
SUPER_10,420000,193,9,11,213,110,83
SUPER_10,430000,155,4,8,167,74,81
SUPER_10,440000,146,14,11,171,77,69
SUPER_10,450000,72,6,6,84,38,34
SUPER_10,460000,145,14,10,169,65,80
SUPER_10,470000,90,5,5,100,51,39
SUPER_10,480000,264,16,24,304,121,143
SUPER_10,490000,288,24,20,332,143,145
SUPER_10,500000,183,18,15,216,95,88
SUPER_10,510000,267,22,36,325,143,124
SUPER_10,520000,139,8,11,158,68,71
SUPER_10,530000,25,0,0,25,13,12
SUPER_10,540000,47,4,3,54,23,24
SUPER_10,550000,39,1,6,46,21,18
SUPER_10,560000,168,9,15,192,86,82
SUPER_10,570000,193,16,23,232,95,98
SUPER_10,580000,252,23,18,293,131,121
SUPER_10,590000,87,5,10,102,43,44
SUPER_10,600000,215,11,22,248,103,112
SUPER_10,610000,285,37,24,346,146,139
SUPER_10,620000,207,15,17,239,103,104
SUPER_10,630000,201,18,21,240,101,100
SUPER_10,640000,239,21,27,287,108,131
SUPER_10,650000,0,0,0,0,0,0
SUPER_10,660000,0,0,0,0,0,0
SUPER_10,670000,0,0,0,0,0,0
SUPER_10,680000,0,0,0,0,0,0
SUPER_10,690000,304,28,16,348,162,142
SUPER_10,700000,319,29,25,373,154,165
SUPER_10,710000,316,31,32,379,157,159
SUPER_10,720000,260,25,20,305,115,145
SUPER_10,730000,250,18,17,285,135,115
SUPER_10,740000,174,15,13,202,74,100
SUPER_10,750000,33,2,6,41,15,18
SUPER_10,760000,51,8,9,68,25,26
SUPER_10,770000,200,10,12,222,124,76
SUPER_10,780000,190,21,19,230,111,79
SUPER_10,790000,195,19,14,228,87,108
SUPER_10,800000,201,22,17,240,89,112
SUPER_10,810000,211,13,16,240,106,105
SUPER_10,820000,220,18,23,261,101,119
SUPER_10,830000,161,21,19,201,77,84
SUPER_10,840000,110,9,14,133,53,57
SUPER_10,850000,160,20,13,193,77,83
SUPER_10,860000,248,14,18,280,132,116
SUPER_10,870000,146,7,7,160,74,72
SUPER_10,880000,1,0,1,2,0,1
SUPER_10,890000,2,0,0,2,1,1
SUPER_10,900000,0,0,0,0,0,0
SUPER_10,910000,0,0,0,0,0,0
SUPER_10,920000,0,0,0,0,0,0
SUPER_10,930000,0,0,0,0,0,0
SUPER_10,940000,138,14,20,172,78,60
SUPER_10,950000,201,17,22,240,113,88
SUPER_10,960000,276,29,24,329,140,136
SUPER_10,970000,239,21,25,285,129,110
SUPER_10,980000,235,12,34,281,115,120
SUPER_10,990000,147,10,15,172,86,61
SUPER_10,1000000,71,4,7,82,40,31
SUPER_10,1010000,210,10,16,236,123,87
SUPER_10,1020000,177,21,11,209,93,84
SUPER_10,1030000,150,14,13,177,65,85
SUPER_10,1040000,160,13,10,183,76,84
SUPER_10,1050000,126,7,11,144,67,59
SUPER_10,1060000,133,11,9,153,60,73
SUPER_10,1070000,166,16,26,208,83,83
SUPER_10,1080000,87,9,11,107,50,37
SUPER_10,1090000,74,8,6,88,41,33
SUPER_10,1100000,104,16,8,128,58,46
SUPER_10,1110000,167,19,21,207,94,73
SUPER_10,1120000,0,0,0,0,0,0
SUPER_10,1130000,0,0,0,0,0,0
SUPER_10,1140000,167,5,9,181,103,64
SUPER_10,1150000,53,6,1,60,31,22
SUPER_10,1160000,38,5,5,48,20,18
SUPER_10,1170000,0,0,0,0,0,0
SUPER_10,1180000,0,0,0,0,0,0
SUPER_10,1190000,0,0,0,0,0,0
SUPER_10,1200000,0,0,0,0,0,0
SUPER_10,1210000,35,2,4,41,18,17
SUPER_10,1220000,93,13,16,122,51,42
SUPER_10,1230000,66,9,4,79,35,31
SUPER_10,1240000,85,5,5,95,52,33
SUPER_10,1250000,32,6,4,42,18,14
SUPER_10,1260000,23,2,1,26,9,14
SUPER_10,1270000,29,1,1,31,14,15
SUPER_10,1280000,5,0,0,5,3,2
SUPER_10,1290000,0,0,0,0,0,0
SUPER_10,1300000,0,0,0,0,0,0
SUPER_10,1310000,75,4,8,87,34,41
SUPER_10,1320000,199,10,15,224,99,100
SUPER_10,1330000,305,17,21,343,160,145
SUPER_10,1340000,281,16,18,315,146,135
SUPER_10,1350000,69,4,2,75,37,32
SUPER_10,1360000,154,12,13,179,77,77
SUPER_10,1370000,23,3,0,26,13,10
SUPER_10,1380000,51,4,7,62,30,21
SUPER_10,1390000,95,10,3,108,53,42
SUPER_10,1400000,6,0,2,8,3,3
SUPER_10,1410000,120,8,13,141,62,58
SUPER_10,1420000,194,12,14,220,119,75
SUPER_10,1430000,252,12,19,283,112,140
SUPER_10,1440000,71,9,6,86,33,38
SUPER_10,1450000,167,13,17,197,89,78
SUPER_10,1460000,296,31,22,349,156,140
SUPER_10,1470000,217,16,21,254,109,108
SUPER_10,1480000,41,2,3,46,21,20
SUPER_10,1490000,34,2,3,39,16,18
SUPER_10,1500000,37,2,1,40,21,16
SUPER_10,1510000,110,11,10,131,62,48
SUPER_10,1520000,184,13,11,208,83,101
SUPER_10,1530000,59,5,1,65,38,21
SUPER_10,1540000,242,12,24,278,136,106
SUPER_10,1550000,104,8,13,125,53,51
SUPER_10,1560000,47,2,3,52,27,20
SUPER_10,1570000,86,1,8,95,39,47
SUPER_10,1580000,127,5,15,147,59,68
SUPER_10,1590000,225,14,17,256,131,94
SUPER_10,1600000,118,7,14,139,66,52
SUPER_10,1610000,175,17,5,197,88,87
SUPER_10,1620000,223,15,20,258,120,103
SUPER_10,1630000,75,8,7,90,26,49
SUPER_10,1640000,95,5,5,105,52,43
SUPER_10,1650000,112,7,7,126,55,57
SUPER_10,1660000,140,9,8,157,85,55
SUPER_10,1670000,128,11,11,150,72,56
SUPER_10,1680000,101,9,6,116,56,45
SUPER_10,1690000,155,7,7,169,80,75
SUPER_10,1700000,228,14,18,260,111,117
SUPER_10,1710000,229,33,18,280,109,120
SUPER_10,1720000,237,14,20,271,105,132
SUPER_10,1730000,84,6,5,95,49,35
SUPER_10,1740000,47,1,2,50,28,19
SUPER_10,1750000,83,5,5,93,42,41
SUPER_10,1760000,49,3,0,52,26,23
SUPER_10,1770000,245,23,21,289,123,122
SUPER_10,1780000,304,32,26,362,148,156
SUPER_10,1790000,262,23,20,305,137,125
SUPER_10,1800000,169,20,14,203,85,84
SUPER_10,1810000,205,15,15,235,98,107
SUPER_10,1820000,284,20,32,336,143,141
SUPER_10,1830000,105,4,9,118,46,59
SUPER_10,1840000,152,11,18,181,75,77
SUPER_10,1850000,260,17,33,310,133,127
SUPER_10,1860000,205,23,23,251,96,109
SUPER_10,1870000,64,5,11,80,27,37
SUPER_10,1880000,173,15,24,212,80,93
SUPER_10,1890000,198,24,26,248,91,107
SUPER_10,1900000,200,19,15,234,99,101
SUPER_10,1910000,318,16,28,362,166,152
SUPER_10,1920000,183,9,19,211,85,98
SUPER_10,1930000,166,9,19,194,94,72
SUPER_10,1940000,217,24,16,257,108,109
SUPER_10,1950000,65,3,3,71,34,31
SUPER_10,1960000,108,11,11,130,47,61
SUPER_10,1970000,158,10,6,174,84,74
SUPER_10,1980000,15,0,0,15,9,6
SUPER_10,1990000,111,14,18,143,55,56
SUPER_10,2000000,251,22,15,288,130,121
SUPER_10,2010000,203,15,15,233,99,104
SUPER_10,2020000,189,14,22,225,92,97
SUPER_10,2030000,231,12,11,254,117,114
SUPER_10,2040000,81,10,10,101,36,45
SUPER_10,2050000,265,23,24,312,138,127
SUPER_10,2060000,169,16,9,194,90,79
SUPER_10,2070000,43,0,2,45,17,26
SUPER_10,2080000,157,14,11,182,85,72
SUPER_10,2090000,86,2,9,97,50,36
SUPER_10,2100000,74,9,8,91,47,27
SUPER_10,2110000,275,14,14,303,164,111
SUPER_10,2120000,157,13,10,180,81,76
SUPER_10,2130000,80,5,5,90,52,28
SUPER_10,2140000,237,19,21,277,124,113
SUPER_10,2150000,124,15,11,150,67,57
SUPER_10,2160000,81,6,7,94,42,39
SUPER_10,2170000,183,13,17,213,89,94
SUPER_10,2180000,254,20,20,294,130,124
SUPER_10,2190000,216,16,12,244,108,108
SUPER_10,2200000,279,20,31,330,147,132
SUPER_10,2210000,269,31,18,318,119,150
SUPER_10,2220000,158,13,12,183,97,61
SUPER_10,2230000,176,13,17,206,78,98
SUPER_10,2240000,126,9,13,148,64,62
SUPER_10,2250000,119,13,6,138,66,53
SUPER_10,2260000,229,11,16,256,118,111
SUPER_10,2270000,270,21,26,317,141,129
SUPER_10,2280000,244,22,18,284,123,121
SUPER_10,2290000,243,21,32,296,113,130
SUPER_10,2300000,267,21,21,309,133,134
SUPER_10,2310000,93,3,8,104,40,53
SUPER_10,2320000,135,10,12,157,74,61
SUPER_10,2330000,122,10,13,145,67,55
SUPER_10,2340000,141,12,13,166,66,75
SUPER_10,2350000,156,7,10,173,84,72
SUPER_10,2360000,115,10,10,135,53,62
SUPER_10,2370000,268,22,34,324,134,134
SUPER_10,2380000,165,18,23,206,77,88
SUPER_10,2390000,101,9,17,127,52,49
SUPER_10,2400000,175,17,13,205,94,81
SUPER_10,2410000,166,18,11,195,75,91
SUPER_10,2420000,220,9,21,250,120,100
SUPER_10,2430000,54,1,2,57,28,26
SUPER_10,2440000,82,10,7,99,42,40
SUPER_10,2450000,257,21,19,297,141,116
SUPER_10,2460000,255,21,17,293,122,133
SUPER_10,2470000,262,23,21,306,130,132
SUPER_10,2480000,213,15,19,247,120,93
SUPER_10,2490000,192,20,10,222,91,101
SUPER_10,2500000,197,18,14,229,98,99
SUPER_10,2510000,123,8,4,135,58,65
SUPER_10,2520000,314,21,25,360,151,163
SUPER_10,2530000,245,21,19,285,116,129
SUPER_10,2540000,247,10,19,276,126,121
SUPER_10,2550000,169,15,14,198,73,96
SUPER_10,2560000,133,12,14,159,78,55
SUPER_10,2570000,83,5,6,94,44,39
SUPER_10,2580000,1,0,0,1,1,0
SUPER_10,2590000,43,5,1,49,23,20
SUPER_10,2600000,180,15,14,209,89,91
SUPER_10,2610000,199,12,13,224,101,98
SUPER_10,2620000,56,5,1,62,28,28
SUPER_10,2630000,242,15,15,272,141,101
SUPER_10,2640000,189,15,9,213,90,99
SUPER_10,2650000,82,6,13,101,38,44
SUPER_10,2660000,148,10,16,174,68,80
SUPER_10,2670000,117,8,12,137,68,49
SUPER_10,2680000,201,12,24,237,103,98
SUPER_10,2690000,156,21,12,189,77,79
SUPER_10,2700000,296,17,25,338,146,150
SUPER_10,2710000,175,16,17,208,74,101
SUPER_10,2720000,100,5,10,115,51,49
SUPER_10,2730000,268,16,27,311,143,125
SUPER_10,2740000,182,16,13,211,101,81
SUPER_10,2750000,248,19,22,289,127,121
SUPER_10,2760000,0,0,0,0,0,0
SUPER_10,2770000,0,0,0,0,0,0
SUPER_10,2780000,117,7,4,128,65,52
SUPER_10,2790000,58,8,6,72,25,33
SUPER_10,2800000,61,7,3,71,27,34
SUPER_10,2810000,145,11,15,171,70,75
SUPER_10,2820000,6,3,2,11,3,3
SUPER_10,2830000,60,2,5,67,30,30
SUPER_10,2840000,72,8,3,83,35,37
SUPER_10,2850000,121,7,10,138,61,60
SUPER_10,2860000,123,6,7,136,74,49
SUPER_10,2870000,27,0,4,31,11,16
SUPER_10,2880000,162,12,22,196,80,82
SUPER_10,2890000,154,12,16,182,75,79
SUPER_10,2900000,307,19,27,353,140,167
SUPER_10,2910000,190,12,16,218,95,95
SUPER_10,2920000,94,0,7,101,46,48
SUPER_10,2930000,19,2,1,22,11,8
SUPER_10,2940000,22,3,0,25,16,6
SUPER_10,2950000,176,9,16,201,86,90
SUPER_10,2960000,212,10,27,249,102,110
SUPER_10,2970000,180,13,23,216,99,81
SUPER_10,2980000,166,15,12,193,68,98
SUPER_10,2990000,131,12,8,151,58,73
SUPER_10,3000000,124,4,8,136,53,71
SUPER_10,3010000,61,0,2,63,34,27
SUPER_10,3020000,86,9,3,98,57,29
SUPER_10,3030000,167,16,18,201,74,93
SUPER_10,3040000,158,16,10,184,76,82
SUPER_10,3050000,256,30,24,310,118,138
SUPER_10,3060000,172,15,22,209,77,95
SUPER_10,3070000,29,0,0,29,16,13
SUPER_10,3080000,74,3,10,87,34,40
SUPER_10,3090000,181,11,23,215,86,95
SUPER_10,3100000,124,8,5,137,71,53
SUPER_10,3110000,254,15,26,295,123,131
SUPER_10,3120000,347,36,32,415,163,184
SUPER_10,3130000,275,16,33,324,129,146
SUPER_10,3140000,310,24,35,369,157,153
SUPER_10,3150000,87,6,19,112,45,42
SUPER_10,3160000,254,15,23,292,136,118
SUPER_10,3170000,93,11,7,111,51,42
SUPER_10,3180000,122,9,6,137,60,62
SUPER_10,3190000,32,5,3,40,16,16
SUPER_10,3200000,44,6,4,54,24,20
SUPER_10,3210000,129,11,7,147,78,51
SUPER_10,3220000,207,15,15,237,108,99
SUPER_10,3230000,274,17,28,319,122,152
SUPER_10,3240000,199,15,13,227,111,88
SUPER_10,3250000,81,6,7,94,36,45
SUPER_10,3260000,253,22,17,292,121,132
SUPER_10,3270000,216,22,22,260,94,122
SUPER_10,3280000,60,6,3,69,31,29
SUPER_10,3290000,81,4,12,97,46,35
SUPER_10,3300000,65,4,6,75,29,36
SUPER_10,3310000,148,13,13,174,73,75
SUPER_10,3320000,146,5,17,168,88,58
SUPER_10,3330000,125,16,15,156,67,58
SUPER_10,3340000,41,2,1,44,27,14
SUPER_10,3350000,66,8,6,80,32,34
SUPER_10,3360000,94,11,10,115,43,51
SUPER_10,3370000,218,16,19,253,111,107
SUPER_10,3380000,287,17,26,330,147,140
SUPER_10,3390000,134,17,15,166,55,79
SUPER_10,3400000,52,5,3,60,31,21
SUPER_10,3410000,94,8,8,110,46,48
SUPER_10,3420000,123,7,12,142,62,61
SUPER_10,3430000,208,21,18,247,111,97
SUPER_10,3440000,155,18,13,186,91,64
SUPER_10,3450000,132,20,21,173,65,67
SUPER_10,3460000,232,14,26,272,106,126
SUPER_10,3470000,101,10,6,117,53,48
SUPER_10,3480000,105,8,11,124,54,51
SUPER_10,3490000,177,16,18,211,95,82
SUPER_10,3500000,170,12,14,196,80,90
SUPER_10,3510000,232,25,20,277,124,108
SUPER_10,3520000,106,9,11,126,51,55
SUPER_10,3530000,43,0,6,49,21,22
SUPER_10,3540000,137,4,17,158,72,65
SUPER_10,3550000,150,10,8,168,82,68
SUPER_10,3560000,114,12,9,135,52,62
SUPER_10,3570000,168,8,16,192,68,100
SUPER_10,3580000,148,13,13,174,70,78
SUPER_10,3590000,112,12,9,133,50,62
SUPER_10,3600000,160,15,11,186,72,88
SUPER_10,3610000,252,20,26,298,117,135
SUPER_10,3620000,142,9,15,166,81,61
SUPER_10,3630000,197,29,7,233,96,101
SUPER_10,3640000,196,16,21,233,101,95
SUPER_10,3650000,143,13,15,171,52,91
SUPER_10,3660000,198,18,24,240,115,83
SUPER_10,3670000,239,17,22,278,105,134
SUPER_10,3680000,255,34,20,309,110,145
SUPER_10,3690000,189,18,14,221,94,95
SUPER_10,3700000,183,17,29,229,94,89
SUPER_10,3710000,217,24,18,259,105,112
SUPER_10,3720000,270,28,20,318,121,149
SUPER_10,3730000,84,4,6,94,42,42
SUPER_10,3740000,112,15,11,138,62,50
SUPER_10,3750000,115,10,13,138,53,62
SUPER_10,3760000,206,16,24,246,101,105
SUPER_10,3770000,247,9,19,275,128,119
SUPER_10,3780000,111,3,4,118,59,52
SUPER_10,3790000,208,19,20,247,98,110
SUPER_10,3800000,75,5,7,87,34,41
SUPER_10,3810000,142,10,12,164,78,64
SUPER_10,3820000,166,11,12,189,83,83
SUPER_10,3830000,144,15,13,172,62,82
SUPER_10,3840000,96,4,6,106,46,50
SUPER_10,3850000,79,8,9,96,40,39
SUPER_10,3860000,108,11,10,129,55,53
SUPER_10,3870000,198,16,20,234,97,101
SUPER_10,3880000,255,14,26,295,131,124
SUPER_10,3890000,197,11,17,225,92,105
SUPER_10,3900000,152,10,14,176,82,70
SUPER_10,3910000,95,10,8,113,49,46
SUPER_10,3920000,16,1,5,22,8,8
SUPER_10,3930000,166,13,16,195,76,90
SUPER_10,3940000,46,2,5,53,25,21
SUPER_10,3950000,162,13,13,188,81,81
SUPER_10,3960000,206,23,13,242,103,103
SUPER_10,3970000,217,13,18,248,97,120
SUPER_10,3980000,42,3,2,47,17,25
SUPER_10,3990000,36,6,0,42,13,23
SUPER_10,4000000,248,13,18,279,125,123
SUPER_10,4010000,237,22,18,277,118,119
SUPER_10,4020000,264,18,19,301,148,116
SUPER_10,4030000,185,13,19,217,102,83
SUPER_10,4040000,132,11,9,152,59,73
SUPER_10,4050000,114,7,7,128,69,45
SUPER_10,4060000,75,8,9,92,42,33
SUPER_10,4070000,162,19,16,197,90,72
SUPER_10,4080000,197,15,15,227,92,105
SUPER_10,4090000,83,2,4,89,46,37
SUPER_10,4100000,106,10,3,119,54,52
SUPER_10,4110000,271,21,17,309,136,135
SUPER_10,4120000,237,14,13,264,110,127
SUPER_10,4130000,193,24,17,234,98,95
SUPER_10,4140000,159,12,20,191,72,87
SUPER_10,4150000,148,11,13,172,77,71
SUPER_10,4160000,116,6,6,128,57,59
SUPER_10,4170000,120,10,12,142,59,61
SUPER_10,4180000,231,21,16,268,114,117
SUPER_10,4190000,200,13,15,228,109,91
SUPER_10,4200000,114,5,13,132,58,56
SUPER_10,4210000,59,6,3,68,34,25
SUPER_10,4220000,19,3,4,26,9,10
SUPER_10,4230000,46,8,2,56,23,23
SUPER_10,4240000,205,24,23,252,97,108
SUPER_10,4250000,127,7,12,146,62,65
SUPER_10,4260000,208,16,17,241,102,106
SUPER_10,4270000,120,5,10,135,59,61
SUPER_10,4280000,59,3,8,70,30,29
SUPER_10,4290000,26,7,3,36,14,12
SUPER_10,4300000,51,6,2,59,33,18
SUPER_10,4310000,133,9,4,146,79,54
SUPER_10,4320000,31,1,2,34,12,19
SUPER_10,4330000,159,13,9,181,94,65
SUPER_10,4340000,110,9,4,123,56,54
SUPER_10,4350000,25,1,3,29,18,7
SUPER_10,4360000,52,3,5,60,25,27
SUPER_10,4370000,200,7,12,219,119,81
SUPER_10,4380000,230,20,26,276,116,114
SUPER_10,4390000,131,13,20,164,62,69
SUPER_10,4400000,181,17,18,216,89,92
SUPER_10,4410000,225,17,27,269,118,107
SUPER_10,4420000,190,16,17,223,103,87
SUPER_10,4430000,131,13,11,155,72,59
SUPER_10,4440000,248,20,25,293,120,128
SUPER_10,4450000,73,5,10,88,33,40
SUPER_10,4460000,95,3,12,110,51,44
SUPER_10,4470000,199,16,10,225,100,99
SUPER_10,4480000,87,5,5,97,48,39
SUPER_10,4490000,158,7,10,175,75,83
SUPER_10,4500000,54,1,2,57,31,23
SUPER_10,4510000,140,9,19,168,70,70
SUPER_10,4520000,242,21,21,284,105,137
SUPER_10,4530000,225,23,17,265,105,120
SUPER_10,4540000,154,6,7,167,75,79
SUPER_10,4550000,100,4,7,111,51,49
SUPER_10,4560000,72,5,3,80,45,27
SUPER_10,4570000,195,10,20,225,97,98
SUPER_10,4580000,146,12,16,174,74,72
SUPER_10,4590000,157,26,20,203,76,81
SUPER_10,4600000,241,21,28,290,123,118
SUPER_10,4610000,172,12,15,199,92,80
SUPER_10,4620000,132,10,9,151,59,73
SUPER_10,4630000,122,15,18,155,54,68
SUPER_10,4640000,147,10,12,169,65,82
SUPER_10,4650000,239,21,14,274,116,123
SUPER_10,4660000,182,18,18,218,96,86
SUPER_10,4670000,189,14,14,217,91,98
SUPER_10,4680000,180,19,13,212,90,90
SUPER_10,4690000,107,9,14,130,54,53
SUPER_10,4700000,195,21,24,240,83,112
SUPER_10,4710000,273,18,31,322,117,156
SUPER_10,4720000,240,19,25,284,116,124
SUPER_10,4730000,269,20,22,311,120,149
SUPER_10,4740000,219,17,18,254,104,115
SUPER_10,4750000,229,17,21,267,109,120
SUPER_10,4760000,204,13,22,239,93,111
SUPER_10,4770000,132,14,13,159,65,67
SUPER_10,4780000,194,25,14,233,99,95
SUPER_10,4790000,151,14,11,176,80,71
SUPER_10,4800000,145,9,7,161,72,73
SUPER_10,4810000,158,16,17,191,72,86
SUPER_10,4820000,154,12,23,189,70,84
SUPER_10,4830000,100,5,14,119,48,52
SUPER_10,4840000,278,22,22,322,137,141
SUPER_10,4850000,247,15,27,289,126,121
SUPER_10,4860000,239,15,26,280,134,105
SUPER_10,4870000,111,7,11,129,53,58
SUPER_10,4880000,52,2,4,58,29,23
SUPER_10,4890000,100,4,11,115,55,45
SUPER_10,4900000,173,12,17,202,93,80
SUPER_10,4910000,140,11,11,162,77,63
SUPER_10,4920000,143,16,20,179,66,77
SUPER_10,4930000,161,16,22,199,71,90
SUPER_10,4940000,34,3,3,40,20,14
SUPER_10,4950000,150,11,7,168,71,79
SUPER_10,4960000,199,21,30,250,83,116
SUPER_10,4970000,184,14,17,215,90,94
SUPER_10,4980000,236,25,25,286,128,108
SUPER_10,4990000,157,15,17,189,74,83
SUPER_10,5000000,175,17,22,214,92,83
SUPER_10,5010000,210,17,20,247,102,108
SUPER_10,5020000,149,12,10,171,68,81
SUPER_10,5030000,240,19,18,277,117,123
SUPER_10,5040000,230,18,13,261,111,119
SUPER_10,5050000,138,12,11,161,62,76
SUPER_10,5060000,65,6,6,77,33,32
SUPER_10,5070000,204,25,9,238,108,96
SUPER_10,5080000,170,20,18,208,88,82
SUPER_10,5090000,241,20,25,286,117,124
SUPER_10,5100000,254,16,25,295,122,132
SUPER_10,5110000,235,18,20,273,114,121
SUPER_10,5120000,203,8,25,236,99,104
SUPER_10,5130000,146,8,15,169,66,80
SUPER_10,5140000,241,23,21,285,121,120
SUPER_10,5150000,54,2,4,60,27,27
SUPER_10,5160000,100,13,8,121,54,46
SUPER_10,5170000,219,19,11,249,114,105
SUPER_10,5180000,229,22,18,269,126,103
SUPER_10,5190000,143,11,10,164,68,75
SUPER_10,5200000,178,14,22,214,78,100
SUPER_10,5210000,214,26,22,262,97,117
SUPER_10,5220000,204,12,21,237,107,97
SUPER_10,5230000,252,18,25,295,115,137
SUPER_10,5240000,219,18,20,257,113,106
SUPER_10,5250000,142,12,14,168,63,79
SUPER_10,5260000,117,11,9,137,57,60
SUPER_10,5270000,238,23,29,290,126,112
SUPER_10,5280000,279,21,26,326,144,135
SUPER_10,5290000,240,24,21,285,111,129
SUPER_10,5300000,252,19,18,289,122,130
SUPER_10,5310000,257,21,19,297,130,127
SUPER_10,5320000,128,11,9,148,53,75
SUPER_10,5330000,243,18,19,280,122,121
SUPER_10,5340000,232,14,22,268,116,116
SUPER_10,5350000,252,19,23,294,115,137
SUPER_10,5360000,267,20,26,313,127,140
SUPER_10,5370000,256,15,21,292,130,126
SUPER_10,5380000,234,22,12,268,121,113
SUPER_10,5390000,106,12,6,124,59,47
SUPER_10,5400000,95,10,18,123,46,49
SUPER_10,5410000,46,4,3,53,20,26
SUPER_10,5420000,42,3,6,51,22,20
SUPER_10,5430000,60,3,2,65,23,37
SUPER_10,5440000,10,0,0,10,5,5
SUPER_10,5450000,60,7,3,70,24,36
SUPER_10,5460000,247,19,20,286,117,130
SUPER_10,5470000,63,8,3,74,32,31
SUPER_10,5480000,94,7,10,111,51,43
SUPER_10,5490000,165,19,13,197,66,99
SUPER_10,5500000,165,20,21,206,78,87
SUPER_10,5510000,243,23,18,284,122,121
SUPER_10,5520000,208,23,20,251,103,105
SUPER_10,5530000,156,12,19,187,76,80
SUPER_10,5540000,236,24,26,286,107,129
SUPER_10,5550000,288,20,25,333,148,140
SUPER_10,5560000,124,16,19,159,67,57
SUPER_10,5570000,260,24,22,306,121,139
SUPER_10,5580000,254,29,31,314,113,141
SUPER_10,5590000,205,15,19,239,94,111
SUPER_10,5600000,214,19,30,263,120,94
SUPER_10,5610000,176,21,15,212,85,91
SUPER_10,5620000,246,18,25,289,113,133
SUPER_10,5630000,269,22,22,313,134,135
SUPER_10,5640000,145,8,14,167,77,68
SUPER_10,5650000,153,14,4,171,81,72
SUPER_10,5660000,55,4,0,59,27,28
SUPER_10,5670000,141,11,9,161,78,63
SUPER_10,5680000,75,7,10,92,42,33
SUPER_10,5690000,78,5,6,89,38,40
SUPER_10,5700000,60,5,8,73,26,34
SUPER_10,5710000,168,9,13,190,80,88
SUPER_10,5720000,160,6,8,174,84,76
SUPER_10,5730000,183,10,17,210,92,91
SUPER_10,5740000,33,6,4,43,17,16
SUPER_10,5750000,100,15,12,127,66,34
SUPER_10,5760000,117,7,10,134,50,67
SUPER_10,5770000,194,13,12,219,112,82
SUPER_10,5780000,129,10,12,151,66,63
SUPER_10,5790000,131,10,14,155,57,74
SUPER_10,5800000,181,11,12,204,105,76
SUPER_10,5810000,32,1,2,35,16,16
SUPER_10,5820000,109,11,10,130,52,57
SUPER_10,5830000,88,3,9,100,50,38
SUPER_10,5840000,121,2,13,136,53,68
SUPER_10,5850000,135,17,17,169,71,64
SUPER_10,5860000,154,14,14,182,75,79
SUPER_10,5870000,181,14,18,213,93,88
SUPER_10,5880000,141,15,19,175,69,72
SUPER_10,5890000,147,21,15,183,69,78
SUPER_10,5900000,209,21,15,245,114,95
SUPER_10,5910000,66,4,6,76,34,32
SUPER_10,5920000,139,13,9,161,78,61
SUPER_10,5930000,130,10,10,150,70,60
SUPER_10,5940000,88,6,8,102,38,50
SUPER_10,5950000,161,24,18,203,84,77
SUPER_10,5960000,167,20,18,205,73,94
SUPER_10,5970000,63,3,5,71,34,29
SUPER_10,5980000,79,3,5,87,42,37
SUPER_10,5990000,21,2,0,23,11,10
SUPER_10,6000000,10,1,1,12,5,5
SUPER_10,6010000,31,1,6,38,18,13
SUPER_10,6020000,111,12,9,132,61,50
SUPER_10,6030000,81,6,1,88,43,38
SUPER_10,6040000,124,14,7,145,66,58
SUPER_10,6050000,126,15,12,153,60,66
SUPER_10,6060000,168,17,27,212,86,82
SUPER_10,6070000,118,12,9,139,64,54
SUPER_10,6080000,126,7,13,146,73,53
SUPER_10,6090000,97,11,10,118,47,50
SUPER_10,6100000,205,24,22,251,98,107
SUPER_10,6110000,104,8,9,121,52,52
SUPER_10,6120000,105,8,18,131,50,55
SUPER_10,6130000,27,6,4,37,13,14
SUPER_10,6140000,188,30,13,231,94,94
SUPER_10,6150000,171,9,23,203,79,92
SUPER_10,6160000,131,10,16,157,63,68
SUPER_10,6170000,154,11,15,180,67,87
SUPER_10,6180000,160,19,9,188,83,77
SUPER_10,6190000,190,21,17,228,94,96
SUPER_10,6200000,142,11,17,170,68,74
SUPER_10,6210000,152,15,14,181,76,76
SUPER_10,6220000,193,23,22,238,84,109
SUPER_10,6230000,171,11,20,202,90,81
SUPER_10,6240000,138,16,11,165,68,70
SUPER_10,6250000,201,28,13,242,97,104
SUPER_10,6260000,209,25,26,260,102,107
SUPER_10,6270000,153,9,13,175,70,83
SUPER_10,6280000,102,5,15,122,53,49
SUPER_10,6290000,103,5,16,124,58,45
SUPER_10,6300000,145,21,21,187,76,69
SUPER_10,6310000,185,16,24,225,96,89
SUPER_10,6320000,155,12,14,181,82,73
SUPER_10,6330000,106,8,9,123,54,52
SUPER_10,6340000,196,16,20,232,93,103
SUPER_10,6350000,183,12,19,214,94,89
SUPER_10,6360000,91,8,8,107,47,44
SUPER_10,6370000,121,11,15,147,60,61
SUPER_10,6380000,90,11,5,106,45,45
SUPER_10,6390000,154,9,12,175,62,92
SUPER_10,6400000,178,18,33,229,91,87
SUPER_10,6410000,31,4,0,35,14,17
SUPER_10,6420000,0,0,1,1,0,0
SUPER_10,6430000,13,1,1,15,6,7
SUPER_10,6440000,98,6,7,111,50,48
SUPER_10,6450000,39,0,3,42,18,21
SUPER_10,6460000,31,3,2,36,15,16
SUPER_10,6470000,95,6,9,110,40,55
SUPER_10,6480000,183,17,12,212,83,100
SUPER_10,6490000,202,13,15,230,92,110
SUPER_10,6500000,49,3,4,56,24,25
SUPER_10,6510000,224,18,16,258,109,115
SUPER_10,6520000,154,12,14,180,75,79
SUPER_10,6530000,173,11,16,200,91,82
SUPER_10,6540000,115,11,8,134,54,61
SUPER_10,6550000,236,28,16,280,133,103
SUPER_10,6560000,213,18,16,247,101,112
SUPER_10,6570000,156,7,14,177,74,82
SUPER_10,6580000,207,16,16,239,110,97
SUPER_10,6590000,232,23,25,280,109,123
SUPER_10,6600000,239,20,13,272,134,105
SUPER_10,6610000,151,13,14,178,72,79
SUPER_10,6620000,146,6,8,160,89,57
SUPER_10,6630000,87,8,2,97,41,46
SUPER_10,6640000,91,7,8,106,53,38
SUPER_10,6650000,86,11,7,104,32,54
SUPER_10,6660000,189,19,16,224,84,105
SUPER_10,6670000,3,1,0,4,2,1
SUPER_10,6680000,107,12,12,131,50,57
SUPER_10,6690000,131,9,14,154,67,64
SUPER_10,6700000,188,17,11,216,97,91
SUPER_10,6710000,200,23,19,242,102,98
SUPER_10,6720000,143,15,14,172,84,59
SUPER_10,6730000,145,9,15,169,75,70
SUPER_10,6740000,122,7,10,139,57,65
SUPER_10,6750000,165,13,15,193,91,74
SUPER_10,6760000,98,6,7,111,50,48
SUPER_10,6770000,179,12,12,203,91,88
SUPER_10,6780000,186,24,16,226,92,94
SUPER_10,6790000,222,16,18,256,112,110
SUPER_10,6800000,88,3,9,100,47,41
SUPER_10,6810000,163,11,19,193,79,84
SUPER_10,6820000,74,9,12,95,35,39
SUPER_10,6830000,182,13,13,208,70,112
SUPER_10,6840000,200,18,17,235,95,105
SUPER_10,6850000,133,10,8,151,56,77
SUPER_10,6860000,103,9,6,118,60,43
SUPER_10,6870000,45,5,12,62,24,21
SUPER_10,6880000,31,1,1,33,17,14
SUPER_10,6890000,59,7,8,74,32,27
SUPER_10,6900000,96,6,7,109,58,38
SUPER_10,6910000,12,3,0,15,7,5
SUPER_10,6920000,108,16,13,137,48,60
SUPER_10,6930000,83,8,15,106,38,45
SUPER_10,6940000,33,4,3,40,14,19
SUPER_10,6950000,95,4,16,115,43,52
SUPER_10,6960000,173,33,20,226,82,91
SUPER_10,6970000,217,24,22,263,98,119
SUPER_10,6980000,124,8,7,139,62,62
SUPER_10,6990000,127,15,5,147,66,61
SUPER_10,7000000,178,26,20,224,84,94
SUPER_10,7010000,184,17,18,219,99,85
SUPER_10,7020000,134,15,14,163,70,64
SUPER_10,7030000,181,12,22,215,86,95
SUPER_10,7040000,199,24,21,244,88,111
SUPER_10,7050000,66,5,3,74,38,28
SUPER_10,7060000,185,10,15,210,88,97
SUPER_10,7070000,215,25,20,260,104,111
SUPER_10,7080000,208,17,17,242,110,98
SUPER_10,7090000,198,19,19,236,103,95
SUPER_10,7100000,180,19,10,209,79,101
SUPER_10,7110000,176,22,15,213,82,94
SUPER_10,7120000,186,9,20,215,87,99
SUPER_10,7130000,214,26,26,266,110,104
SUPER_10,7140000,204,13,26,243,94,110
SUPER_10,7150000,122,8,12,142,64,58
SUPER_10,7160000,167,12,15,194,89,78
SUPER_10,7170000,215,22,24,261,110,105
SUPER_10,7180000,243,15,20,278,128,115
SUPER_10,7190000,251,26,30,307,123,128
SUPER_10,7200000,171,15,12,198,81,90
SUPER_10,7210000,82,3,12,97,49,33
SUPER_10,7220000,208,16,17,241,101,107
SUPER_10,7230000,132,14,14,160,72,60
SUPER_10,7240000,105,7,11,123,62,43
SUPER_10,7250000,179,10,20,209,93,86
SUPER_10,7260000,167,4,10,181,89,78
SUPER_10,7270000,69,6,3,78,37,32
SUPER_10,7280000,224,25,18,267,111,113
SUPER_10,7290000,137,11,13,161,67,70
SUPER_10,7300000,210,19,16,245,101,109
SUPER_10,7310000,157,13,13,183,65,92
SUPER_10,7320000,151,23,17,191,60,91
SUPER_10,7330000,254,21,22,297,128,126
SUPER_10,7340000,207,13,25,245,95,112
SUPER_10,7350000,216,14,16,246,107,109
SUPER_10,7360000,82,8,5,95,47,35
SUPER_10,7370000,81,14,9,104,38,43
SUPER_10,7380000,262,21,24,307,126,136
SUPER_10,7390000,139,8,13,160,59,80
SUPER_10,7400000,200,16,23,239,95,105
SUPER_10,7410000,160,16,16,192,78,82
SUPER_10,7420000,211,14,19,244,108,103
SUPER_10,7430000,171,16,22,209,81,90
SUPER_10,7440000,117,11,7,135,49,68
SUPER_10,7450000,166,20,16,202,76,90
SUPER_10,7460000,155,10,17,182,82,73
SUPER_10,7470000,260,25,29,314,153,107
SUPER_10,7480000,246,25,21,292,144,102
SUPER_10,7490000,173,12,12,197,83,90
SUPER_10,7500000,246,26,21,293,120,126
SUPER_10,7510000,213,18,24,255,107,106
SUPER_10,7520000,187,17,14,218,91,96
SUPER_10,7530000,264,25,25,314,121,143
SUPER_10,7540000,118,11,11,140,59,59
SUPER_10,7550000,231,24,28,283,102,129
SUPER_10,7560000,218,18,25,261,93,125
SUPER_10,7570000,197,18,20,235,95,102
SUPER_10,7580000,227,25,26,278,106,121
SUPER_10,7590000,152,12,16,180,71,81
SUPER_10,7600000,243,16,31,290,124,119
SUPER_10,7610000,230,21,15,266,111,119
SUPER_10,7620000,203,19,14,236,100,103
SUPER_10,7630000,87,6,11,104,33,54
SUPER_10,7640000,75,4,9,88,39,36
SUPER_10,7650000,158,18,17,193,66,92
SUPER_10,7660000,99,6,13,118,49,50
SUPER_10,7670000,181,15,13,209,82,99
SUPER_10,7680000,230,17,23,270,109,121
SUPER_10,7690000,142,15,13,170,72,70
SUPER_10,7700000,125,6,14,145,53,72
SUPER_10,7710000,122,12,21,155,60,62
SUPER_10,7720000,242,20,21,283,120,122
SUPER_10,7730000,205,26,12,243,96,109
SUPER_10,7740000,212,15,14,241,115,97
SUPER_10,7750000,195,23,11,229,99,96
SUPER_10,7760000,149,19,9,177,81,68
SUPER_10,7770000,219,13,26,258,113,106
SUPER_10,7780000,233,18,22,273,120,113
SUPER_10,7790000,222,18,19,259,114,108
SUPER_10,7800000,63,5,2,70,26,37
SUPER_10,7810000,155,12,13,180,81,74
SUPER_10,7820000,291,23,22,336,138,153
SUPER_10,7830000,80,5,4,89,41,39
SUPER_10,7840000,169,12,13,194,96,73
SUPER_10,7850000,79,4,6,89,39,40
SUPER_10,7860000,120,14,13,147,50,70
SUPER_10,7870000,130,9,11,150,61,69
SUPER_10,7880000,183,13,15,211,89,94
SUPER_10,7890000,154,14,21,189,64,90
SUPER_10,7900000,38,5,2,45,23,15
SUPER_10,7910000,132,9,16,157,73,59
SUPER_10,7920000,224,20,16,260,118,106
SUPER_10,7930000,170,16,14,200,92,78
SUPER_10,7940000,235,22,12,269,117,118
SUPER_10,7950000,212,18,22,252,102,110
SUPER_10,7960000,88,9,12,109,37,51
SUPER_10,7970000,201,16,23,240,112,89
SUPER_10,7980000,160,18,6,184,83,77
SUPER_10,7990000,133,4,3,140,77,56
SUPER_10,8000000,95,15,12,122,36,59
SUPER_10,8010000,167,14,14,195,78,89
SUPER_10,8020000,232,15,24,271,119,113
SUPER_10,8030000,130,6,11,147,54,76
SUPER_10,8040000,82,11,6,99,41,41
SUPER_10,8050000,168,11,25,204,80,88
SUPER_10,8060000,35,3,2,40,20,15
SUPER_10,8070000,38,2,10,50,15,23
SUPER_10,8080000,31,1,2,34,10,21
SUPER_10,8090000,31,2,0,33,13,18
SUPER_10,8100000,21,3,4,28,9,12
SUPER_10,8110000,16,0,3,19,10,6
SUPER_10,8120000,6,3,2,11,4,2
SUPER_10,8130000,37,6,2,45,17,20
SUPER_10,8140000,56,8,3,67,34,22
SUPER_10,8150000,11,2,1,14,2,9
SUPER_10,8160000,0,0,0,0,0,0
SUPER_10,8170000,0,0,0,0,0,0
SUPER_10,8180000,0,0,0,0,0,0
SUPER_10,8190000,0,0,0,0,0,0
SUPER_10,8200000,0,0,0,0,0,0
SUPER_10,8210000,0,0,0,0,0,0
SUPER_10,8220000,0,0,0,0,0,0
SUPER_10,8230000,43,4,5,52,25,18
SUPER_10,8240000,12,1,2,15,6,6
SUPER_10,8250000,0,0,0,0,0,0
SUPER_10,8260000,0,0,0,0,0,0
SUPER_10,8270000,0,0,0,0,0,0
SUPER_10,8280000,0,0,0,0,0,0
SUPER_10,8290000,0,0,0,0,0,0
SUPER_10,8300000,0,0,0,0,0,0
SUPER_10,8310000,0,0,0,0,0,0
SUPER_10,8320000,0,0,0,0,0,0
SUPER_10,8330000,0,0,0,0,0,0
SUPER_10,8340000,0,0,0,0,0,0
SUPER_10,8350000,0,0,0,0,0,0
SUPER_10,8360000,0,0,0,0,0,0
SUPER_10,8370000,0,0,0,0,0,0
SUPER_10,8380000,0,0,0,0,0,0
SUPER_10,8390000,41,2,2,45,26,15
SUPER_10,8400000,38,6,5,49,20,18
SUPER_10,8410000,0,0,0,0,0,0
SUPER_10,8420000,0,0,0,0,0,0
SUPER_10,8430000,0,0,0,0,0,0
SUPER_10,8440000,0,0,0,0,0,0
SUPER_10,8450000,0,0,0,0,0,0
SUPER_10,8460000,0,0,0,0,0,0
SUPER_10,8470000,24,3,2,29,14,10
SUPER_10,8480000,0,0,0,0,0,0
SUPER_10,8490000,0,0,0,0,0,0
SUPER_10,8500000,0,0,0,0,0,0
SUPER_10,8510000,0,0,0,0,0,0
SUPER_10,8520000,0,0,0,0,0,0
SUPER_10,8530000,0,0,0,0,0,0
SUPER_10,8540000,0,0,0,0,0,0
SUPER_10,8550000,4,0,2,6,2,2
SUPER_10,8560000,19,5,1,25,9,10
SUPER_10,8570000,0,0,0,0,0,0
SUPER_10,8580000,0,0,0,0,0,0
SUPER_10,8590000,0,0,0,0,0,0
SUPER_10,8600000,0,0,0,0,0,0
SUPER_10,8610000,0,0,0,0,0,0
SUPER_10,8620000,0,0,0,0,0,0
SUPER_10,8630000,53,2,8,63,25,28
SUPER_10,8640000,9,0,0,9,2,7
SUPER_10,8650000,4,0,0,4,2,2
SUPER_10,8660000,16,1,2,19,8,8
SUPER_10,8670000,0,0,0,0,0,0
SUPER_10,8680000,0,0,0,0,0,0
SUPER_10,8690000,21,2,1,24,8,13
SUPER_10,8700000,17,5,2,24,8,9
SUPER_10,8710000,0,0,0,0,0,0
SUPER_10,8720000,0,0,0,0,0,0
SUPER_10,8730000,0,0,0,0,0,0
SUPER_10,8740000,24,3,4,31,8,16
SUPER_10,8750000,37,5,2,44,15,22
SUPER_10,8760000,29,2,3,34,19,10
SUPER_10,8770000,23,7,4,34,7,16
SUPER_10,8780000,13,1,0,14,8,5
SUPER_10,8790000,16,3,4,23,9,7
SUPER_10,8800000,9,1,0,10,6,3
SUPER_10,8810000,17,3,2,22,9,8
SUPER_10,8820000,12,3,0,15,4,8
SUPER_10,8830000,45,6,5,56,25,20
SUPER_10,8840000,12,0,0,12,6,6
SUPER_10,8850000,10,1,4,15,6,4
SUPER_10,8860000,13,1,3,17,7,6
SUPER_10,8870000,21,3,1,25,11,10
SUPER_10,8880000,17,3,7,27,10,7
SUPER_10,8890000,35,4,2,41,21,14
SUPER_10,8900000,30,3,5,38,16,14
SUPER_10,8910000,48,6,5,59,23,25
SUPER_10,8920000,27,2,2,31,13,14
SUPER_10,8930000,15,0,2,17,10,5
SUPER_10,8940000,16,1,2,19,9,7
SUPER_10,8950000,40,8,6,54,19,21
SUPER_10,8960000,30,3,1,34,11,19
SUPER_10,8970000,7,0,0,7,7,0
SUPER_10,8980000,12,0,1,13,7,5
SUPER_10,8990000,4,0,2,6,3,1
SUPER_10,9000000,1,0,0,1,1,0
SUPER_10,9010000,21,0,2,23,13,8
SUPER_10,9020000,39,5,8,52,17,22
SUPER_10,9030000,0,0,0,0,0,0
SUPER_10,9040000,0,0,0,0,0,0
SUPER_10,9050000,23,0,1,24,13,10
SUPER_10,9060000,37,7,1,45,21,16
SUPER_10,9070000,9,2,0,11,6,3
SUPER_10,9080000,0,0,0,0,0,0
SUPER_10,9090000,0,0,0,0,0,0
SUPER_10,9100000,0,0,0,0,0,0
SUPER_10,9110000,0,0,0,0,0,0
SUPER_10,9120000,0,0,0,0,0,0
SUPER_10,9130000,39,7,4,50,23,16
SUPER_10,9140000,12,0,0,12,7,5
SUPER_10,9150000,3,0,0,3,3,0
SUPER_10,9160000,0,1,0,1,0,0
SUPER_10,9170000,36,3,2,41,24,12
SUPER_10,9180000,0,0,0,0,0,0
SUPER_10,9190000,0,0,0,0,0,0
SUPER_10,9200000,0,0,0,0,0,0
SUPER_10,9210000,24,2,2,28,18,6
SUPER_10,9220000,16,0,1,17,9,7
SUPER_10,9230000,25,2,2,29,13,12
SUPER_10,9240000,12,0,2,14,7,5
SUPER_10,9250000,22,0,2,24,8,14
SUPER_10,9260000,32,2,4,38,11,21
SUPER_10,9270000,41,3,2,46,22,19
SUPER_10,9280000,0,0,0,0,0,0
SUPER_10,9290000,0,0,0,0,0,0
SUPER_10,9300000,0,0,0,0,0,0
SUPER_10,9310000,0,0,0,0,0,0
SUPER_10,9320000,0,0,0,0,0,0
SUPER_10,9330000,0,0,0,0,0,0
SUPER_10,9340000,62,6,6,74,35,27
SUPER_10,9350000,0,0,0,0,0,0
SUPER_10,9360000,0,0,0,0,0,0
SUPER_10,9370000,0,0,0,0,0,0
SUPER_10,9380000,0,0,0,0,0,0
SUPER_10,9390000,0,0,0,0,0,0
SUPER_10,9400000,0,0,0,0,0,0
SUPER_10,9410000,52,4,9,65,31,21
SUPER_10,9420000,23,1,1,25,13,10
SUPER_10,9430000,0,1,0,1,0,0
SUPER_10,9440000,13,1,1,15,7,6
SUPER_10,9450000,62,9,0,71,31,31
SUPER_10,9460000,43,0,1,44,21,22
SUPER_10,9470000,48,6,6,60,22,26
SUPER_10,9480000,0,0,0,0,0,0
SUPER_10,9490000,0,0,0,0,0,0
SUPER_10,9500000,0,0,0,0,0,0
SUPER_10,9510000,0,0,0,0,0,0
SUPER_10,9520000,29,2,4,35,17,12
SUPER_10,9530000,26,2,1,29,15,11
SUPER_10,9540000,21,2,6,29,8,13
SUPER_10,9550000,36,3,7,46,14,22
SUPER_10,9560000,31,2,4,37,14,17
SUPER_10,9570000,24,2,5,31,15,9
SUPER_10,9580000,24,2,0,26,12,12
SUPER_10,9590000,38,1,1,40,17,21
SUPER_10,9600000,46,3,4,53,24,22
SUPER_10,9610000,43,12,8,63,23,20
SUPER_10,9620000,43,5,5,53,19,24
SUPER_10,9630000,66,9,7,82,27,39
SUPER_10,9640000,72,11,5,88,38,34
SUPER_10,9650000,0,0,0,0,0,0
SUPER_10,9660000,0,0,0,0,0,0
SUPER_10,9670000,62,7,7,76,30,32
SUPER_10,9680000,43,4,5,52,16,27
SUPER_10,9690000,55,5,7,67,37,18
SUPER_10,9700000,0,0,0,0,0,0
SUPER_10,9710000,0,0,0,0,0,0
SUPER_10,9720000,104,7,7,118,58,46
SUPER_10,9730000,21,5,2,28,13,8
SUPER_10,9740000,58,1,4,63,36,22
SUPER_10,9750000,44,2,6,52,20,24
SUPER_10,9760000,96,5,8,109,47,49
SUPER_10,9770000,129,9,11,149,69,60
SUPER_10,9780000,266,28,23,317,140,126
SUPER_10,9790000,262,21,18,301,139,123
SUPER_10,9800000,172,19,18,209,87,85
SUPER_10,9810000,276,22,18,316,112,164
SUPER_10,9820000,135,10,11,156,63,72
SUPER_10,9830000,232,11,18,261,111,121
SUPER_10,9840000,242,20,27,289,116,126
SUPER_10,9850000,170,17,17,204,81,89
SUPER_10,9860000,220,23,18,261,111,109
SUPER_10,9870000,104,9,12,125,58,46
SUPER_10,9880000,93,12,10,115,46,47
SUPER_10,9890000,180,15,12,207,97,83
SUPER_10,9900000,161,13,10,184,72,89
SUPER_10,9910000,205,11,22,238,121,84
SUPER_10,9920000,243,24,21,288,128,115
SUPER_10,9930000,151,11,13,175,68,83
SUPER_10,9940000,258,20,18,296,122,136
SUPER_10,9950000,264,17,24,305,128,136
SUPER_10,9960000,150,15,13,178,81,69
SUPER_10,9970000,189,22,25,236,94,95
SUPER_10,9980000,95,6,15,116,54,41
SUPER_10,9990000,100,6,5,111,43,57
SUPER_10,10000000,189,10,21,220,90,99
SUPER_10,10010000,138,5,11,154,63,75
SUPER_10,10020000,263,19,23,305,140,123
SUPER_10,10030000,70,6,5,81,39,31
SUPER_10,10040000,91,8,10,109,47,44
SUPER_10,10050000,168,10,13,191,81,87
SUPER_10,10060000,37,7,1,45,13,24
SUPER_10,10070000,238,19,23,280,126,112
SUPER_10,10080000,207,17,12,236,102,105
SUPER_10,10090000,146,15,11,172,64,82
SUPER_10,10100000,251,22,21,294,150,101
SUPER_10,10110000,106,8,9,123,54,52
SUPER_10,10120000,122,11,8,141,64,58
SUPER_10,10130000,94,8,11,113,52,42
SUPER_10,10140000,143,7,12,162,81,62
SUPER_10,10150000,219,24,22,265,113,106
SUPER_10,10160000,213,14,23,250,117,96
SUPER_10,10170000,167,12,10,189,84,83
SUPER_10,10180000,80,4,5,89,45,35
SUPER_10,10190000,254,29,26,309,120,134
SUPER_10,10200000,208,14,33,255,99,109
SUPER_10,10210000,221,20,19,260,108,113
SUPER_10,10220000,201,23,13,237,101,100
SUPER_10,10230000,99,7,14,120,53,46
SUPER_10,10240000,61,2,6,69,33,28
SUPER_10,10250000,159,13,11,183,82,77
SUPER_10,10260000,150,13,7,170,76,74
SUPER_10,10270000,150,11,14,175,78,72
SUPER_10,10280000,169,13,18,200,80,89
SUPER_10,10290000,79,16,3,98,43,36
SUPER_10,10300000,173,8,11,192,108,65
SUPER_10,10310000,119,10,6,135,67,52
SUPER_10,10320000,110,14,9,133,58,52
SUPER_10,10330000,169,20,22,211,87,82
SUPER_10,10340000,157,22,12,191,79,78
SUPER_10,10350000,217,23,22,262,106,111
SUPER_10,10360000,142,18,5,165,67,75
SUPER_10,10370000,198,13,17,228,93,105
SUPER_10,10380000,172,12,13,197,78,94
SUPER_10,10390000,151,11,10,172,78,73
SUPER_10,10400000,309,17,25,351,147,162
SUPER_10,10410000,127,14,10,151,52,75
SUPER_10,10420000,242,20,18,280,125,117
SUPER_10,10430000,130,5,21,156,61,69
SUPER_10,10440000,119,11,8,138,58,61
SUPER_10,10450000,174,19,24,217,68,106
SUPER_10,10460000,186,17,8,211,95,91
SUPER_10,10470000,220,26,24,270,114,106
SUPER_10,10480000,258,22,23,303,136,122
SUPER_10,10490000,243,16,21,280,115,128
SUPER_10,10500000,212,14,19,245,111,101
SUPER_10,10510000,160,13,13,186,83,77
SUPER_10,10520000,275,16,25,316,131,144
SUPER_10,10530000,259,27,17,303,152,107
SUPER_10,10540000,237,20,20,277,117,120
SUPER_10,10550000,160,15,12,187,84,76
SUPER_10,10560000,19,1,1,21,13,6
SUPER_10,10570000,87,3,7,97,45,42
SUPER_10,10580000,92,13,7,112,52,40
SUPER_10,10590000,217,19,18,254,111,106
SUPER_10,10600000,265,17,26,308,141,124
SUPER_10,10610000,215,20,28,263,111,104
SUPER_10,10620000,225,17,24,266,118,107
SUPER_10,10630000,295,23,26,344,159,136
SUPER_10,10640000,238,10,22,270,123,115
SUPER_10,10650000,251,17,15,283,131,120
SUPER_10,10660000,265,15,18,298,137,128
SUPER_10,10670000,122,10,6,138,70,52
SUPER_10,10680000,177,14,17,208,84,93
SUPER_10,10690000,162,9,12,183,82,80
SUPER_10,10700000,277,24,17,318,148,129
SUPER_10,10710000,154,16,19,189,83,71
SUPER_10,10720000,84,10,9,103,43,41
SUPER_10,10730000,101,5,9,115,45,56
SUPER_10,10740000,220,19,19,258,121,99
SUPER_10,10750000,244,18,23,285,117,127
SUPER_10,10760000,137,18,10,165,58,79
SUPER_10,10770000,179,22,11,212,99,80
SUPER_10,10780000,145,12,11,168,71,74
SUPER_10,10790000,207,19,18,244,105,102
SUPER_10,10800000,212,18,21,251,111,101
SUPER_10,10810000,82,3,4,89,48,34
SUPER_10,10820000,1,0,0,1,0,1
SUPER_10,10830000,190,21,15,226,96,94
SUPER_10,10840000,101,10,14,125,56,45
SUPER_10,10850000,210,17,18,245,104,106
SUPER_10,10860000,251,26,22,299,123,128
SUPER_10,10870000,296,21,24,341,146,150
SUPER_10,10880000,129,11,13,153,61,68
SUPER_10,10890000,160,11,15,186,82,78
SUPER_10,10900000,57,2,5,64,27,30
SUPER_10,10910000,45,5,5,55,26,19
SUPER_10,10920000,41,5,6,52,16,25
SUPER_10,10930000,14,0,0,14,7,7
SUPER_10,10940000,122,8,10,140,59,63
SUPER_10,10950000,217,23,23,263,109,108
SUPER_10,10960000,203,14,16,233,105,98
SUPER_10,10970000,156,7,14,177,81,75
SUPER_10,10980000,88,5,10,103,47,41
SUPER_10,10990000,224,19,17,260,120,104
SUPER_10,11000000,195,8,19,222,107,88
SUPER_10,11010000,190,19,18,227,107,83
SUPER_10,11020000,243,11,18,272,128,115
SUPER_10,11030000,58,3,5,66,25,33
SUPER_10,11040000,16,1,0,17,9,7
SUPER_10,11050000,51,2,3,56,25,26
SUPER_10,11060000,0,0,0,0,0,0
SUPER_10,11070000,0,0,0,0,0,0
SUPER_10,11080000,97,6,6,109,60,37
SUPER_10,11090000,103,8,8,119,49,54
SUPER_10,11100000,106,7,9,122,54,52
SUPER_10,11110000,36,4,6,46,22,14
SUPER_10,11120000,124,8,7,139,68,56
SUPER_10,11130000,0,0,0,0,0,0
SUPER_10,11140000,0,0,0,0,0,0
SUPER_10,11150000,161,18,16,195,82,79
SUPER_10,11160000,0,0,0,0,0,0
SUPER_10,11170000,0,0,0,0,0,0
SUPER_10,11180000,140,13,13,166,71,69
SUPER_10,11190000,187,12,21,220,84,103
SUPER_10,11200000,223,14,18,255,109,114
SUPER_10,11210000,224,22,21,267,107,117
SUPER_10,11220000,119,12,13,144,57,62
SUPER_10,11230000,313,36,22,371,182,131
SUPER_10,11240000,198,14,17,229,99,99
SUPER_10,11250000,189,17,16,222,111,78
SUPER_10,11260000,70,15,7,92,38,32
SUPER_10,11270000,73,5,7,85,39,34
SUPER_10,11280000,112,5,11,128,59,53
SUPER_10,11290000,117,11,6,134,62,55
SUPER_10,11300000,148,17,15,180,75,73
SUPER_10,11310000,255,21,22,298,108,147
SUPER_10,11320000,199,14,16,229,107,92
SUPER_10,11330000,192,18,22,232,92,100
SUPER_10,11340000,220,30,22,272,103,117
SUPER_10,11350000,129,13,17,159,68,61
SUPER_10,11360000,137,13,21,171,58,79
SUPER_10,11370000,3,0,0,3,1,2
SUPER_10,11380000,84,8,5,97,46,38
SUPER_10,11390000,207,16,21,244,96,111
SUPER_10,11400000,164,12,18,194,82,82
SUPER_10,11410000,160,12,13,185,79,81
SUPER_10,11420000,101,7,8,116,56,45
SUPER_10,11430000,107,7,3,117,57,50
SUPER_10,11440000,177,24,21,222,79,98
SUPER_10,11450000,263,20,24,307,144,119
SUPER_10,11460000,199,9,15,223,113,86
SUPER_10,11470000,40,1,0,41,21,19
SUPER_10,11480000,81,6,16,103,35,46
SUPER_10,11490000,136,14,10,160,62,74
SUPER_10,11500000,144,14,14,172,59,85
SUPER_10,11510000,206,11,16,233,96,110
SUPER_10,11520000,215,13,16,244,110,105
SUPER_10,11530000,8,0,0,8,7,1
SUPER_10,11540000,46,6,5,57,28,18
SUPER_10,11550000,193,12,20,225,99,94
SUPER_10,11560000,248,24,18,290,124,124
SUPER_10,11570000,284,32,18,334,144,140
SUPER_10,11580000,73,4,7,84,38,35
SUPER_10,11590000,242,21,25,288,127,115
SUPER_10,11600000,284,35,23,342,139,145
SUPER_10,11610000,0,0,0,0,0,0
SUPER_10,11620000,0,0,0,0,0,0
SUPER_10,11630000,0,0,0,0,0,0
SUPER_10,11640000,111,11,12,134,63,48
SUPER_10,11650000,54,5,9,68,30,24
SUPER_10,11660000,74,5,6,85,44,30
SUPER_10,11670000,113,15,9,137,61,52
SUPER_10,11680000,189,15,14,218,99,90
SUPER_10,11690000,178,13,13,204,85,93
SUPER_10,11700000,266,22,23,311,138,128
SUPER_10,11710000,274,25,32,331,127,147
SUPER_10,11720000,230,22,16,268,116,114
SUPER_10,11730000,137,9,19,165,70,67
SUPER_10,11740000,215,23,18,256,110,105
SUPER_10,11750000,129,18,17,164,64,65
SUPER_10,11760000,179,22,17,218,104,75
SUPER_10,11770000,216,26,18,260,116,100
SUPER_10,11780000,244,18,31,293,122,122
SUPER_10,11790000,168,12,9,189,75,93
SUPER_10,11800000,177,22,8,207,86,91
SUPER_10,11810000,77,6,3,86,37,40
SUPER_10,11820000,176,11,15,202,91,85
SUPER_10,11830000,42,3,5,50,19,23
SUPER_10,11840000,132,5,8,145,59,73
SUPER_10,11850000,198,15,22,235,100,98
SUPER_10,11860000,241,19,26,286,111,130
SUPER_10,11870000,102,12,9,123,48,54
SUPER_10,11880000,134,11,21,166,61,73
SUPER_10,11890000,110,3,16,129,60,50
SUPER_10,11900000,59,5,4,68,33,26
SUPER_10,11910000,90,8,5,103,53,37
SUPER_10,11920000,141,13,13,167,73,68
SUPER_10,11930000,223,21,26,270,109,114
SUPER_10,11940000,239,19,21,279,105,134
SUPER_10,11950000,192,11,27,230,104,88
SUPER_10,11960000,143,18,18,179,70,73
SUPER_10,11970000,231,17,19,267,107,124
SUPER_10,11980000,168,20,13,201,98,70
SUPER_10,11990000,328,23,29,380,165,163
SUPER_10,12000000,217,19,20,256,111,106
SUPER_10,12010000,237,25,32,294,106,131
SUPER_10,12020000,202,21,19,242,103,99
SUPER_10,12030000,214,18,22,254,109,105
SUPER_10,12040000,256,18,29,303,127,129
SUPER_10,12050000,253,17,24,294,113,140
SUPER_10,12060000,273,26,21,320,142,131
SUPER_10,12070000,159,16,10,185,81,78
SUPER_10,12080000,256,20,17,293,141,115
SUPER_10,12090000,299,19,30,348,146,153
SUPER_10,12100000,128,6,11,145,65,63
SUPER_10,12110000,46,4,4,54,25,21
SUPER_10,12120000,83,6,10,99,43,40
SUPER_10,12130000,258,17,22,297,112,146
SUPER_10,12140000,206,6,12,224,114,92
SUPER_10,12150000,272,29,30,331,154,118
SUPER_10,12160000,101,3,4,108,56,45
SUPER_10,12170000,13,0,2,15,7,6
SUPER_10,12180000,233,13,24,270,132,101
SUPER_10,12190000,182,11,17,210,82,100
SUPER_10,12200000,178,12,11,201,99,79
SUPER_10,12210000,309,16,21,346,141,168
SUPER_10,12220000,84,3,4,91,42,42
SUPER_10,12230000,16,1,1,18,6,10
SUPER_10,12240000,0,0,0,0,0,0
SUPER_10,12250000,0,0,0,0,0,0
SUPER_10,12260000,70,8,6,84,44,26
SUPER_10,12270000,98,10,11,119,58,40
SUPER_10,12280000,27,2,1,30,12,15
SUPER_10,12290000,46,3,1,50,26,20
SUPER_10,12300000,113,10,9,132,60,53
SUPER_10,12310000,194,17,13,224,98,96
SUPER_10,12320000,82,6,6,94,47,35
SUPER_10,12330000,118,5,10,133,59,59
SUPER_10,12340000,182,12,9,203,87,95
SUPER_10,12350000,91,3,9,103,50,41
SUPER_10,12360000,35,5,3,43,19,16
SUPER_10,12370000,79,4,7,90,36,43
SUPER_10,12380000,88,5,8,101,50,38
SUPER_10,12390000,66,6,10,82,37,29
SUPER_10,12400000,0,0,0,0,0,0
SUPER_10,12410000,0,0,0,0,0,0
SUPER_10,12420000,155,13,15,183,73,82
SUPER_10,12430000,85,6,9,100,42,43
SUPER_10,12440000,21,0,2,23,10,11
SUPER_10,12450000,0,0,0,0,0,0
SUPER_10,12460000,0,0,0,0,0,0
SUPER_10,12470000,103,3,4,110,56,47
SUPER_10,12480000,44,4,1,49,22,22
SUPER_10,12490000,10,0,0,10,4,6
SUPER_10,12500000,120,7,8,135,65,55
SUPER_10,12510000,121,11,11,143,60,61
SUPER_10,12520000,269,25,27,321,131,138
SUPER_10,12530000,15,1,1,17,8,7
SUPER_10,12540000,88,5,6,99,48,40
SUPER_10,12550000,236,10,29,275,134,102
SUPER_10,12560000,149,9,12,170,78,71
SUPER_10,12570000,308,27,38,373,148,160
SUPER_10,12580000,333,20,32,385,177,156
SUPER_10,12590000,56,4,9,69,32,24
SUPER_10,12600000,169,20,16,205,96,73
SUPER_10,12610000,229,20,19,268,122,107
SUPER_10,12620000,33,2,3,38,15,18
SUPER_10,12630000,241,14,24,279,131,110
SUPER_10,12640000,16,3,2,21,5,11
SUPER_10,12650000,48,5,1,54,26,22
SUPER_10,12660000,198,9,18,225,109,89
SUPER_10,12670000,90,3,14,107,41,49
SUPER_10,12680000,72,1,6,79,41,31
SUPER_10,12690000,32,2,3,37,17,15
SUPER_10,12700000,159,5,9,173,80,79
SUPER_10,12710000,99,8,8,115,52,47
SUPER_10,12720000,77,10,8,95,42,35
SUPER_10,12730000,171,15,10,196,85,86
SUPER_10,12740000,134,9,17,160,69,65
SUPER_10,12750000,153,16,10,179,68,85
SUPER_10,12760000,80,11,20,111,39,41
SUPER_10,12770000,216,20,19,255,101,115
SUPER_10,12780000,309,30,37,376,158,151
SUPER_10,12790000,257,25,22,304,120,137
SUPER_10,12800000,282,16,28,326,156,126
SUPER_10,12810000,109,9,11,129,52,57
SUPER_10,12820000,174,15,11,200,89,85
SUPER_10,12830000,209,21,18,248,109,100
SUPER_10,12840000,285,20,25,330,126,159
SUPER_10,12850000,60,2,3,65,30,30
SUPER_10,12860000,173,14,11,198,90,83
SUPER_10,12870000,59,5,5,69,26,33
SUPER_10,12880000,141,13,14,168,57,84
SUPER_10,12890000,171,21,19,211,79,92
SUPER_10,12900000,264,26,25,315,137,127
SUPER_10,12910000,177,14,14,205,88,89
SUPER_10,12920000,94,4,12,110,42,52
SUPER_10,12930000,59,3,4,66,35,24
SUPER_10,12940000,151,10,16,177,77,74
SUPER_10,12950000,203,25,20,248,108,95
SUPER_10,12960000,189,21,15,225,92,97
SUPER_10,12970000,191,17,20,228,97,94
SUPER_10,12980000,52,2,2,56,29,23
SUPER_10,12990000,88,3,7,98,47,41
SUPER_10,13000000,174,12,15,201,92,82
SUPER_10,13010000,265,26,15,306,126,139
SUPER_10,13020000,74,6,4,84,52,22
SUPER_10,13030000,221,9,12,242,115,106
SUPER_10,13040000,254,23,18,295,132,122
SUPER_10,13050000,86,8,7,101,42,44
SUPER_10,13060000,55,3,4,62,29,26
SUPER_10,13070000,219,13,23,255,114,105
SUPER_10,13080000,130,9,12,151,56,74
SUPER_10,13090000,25,1,4,30,16,9
SUPER_10,13100000,118,8,15,141,60,58
SUPER_10,13110000,290,21,19,330,132,158
SUPER_10,13120000,205,16,17,238,105,100
SUPER_10,13130000,201,15,20,236,112,89
SUPER_10,13140000,150,9,8,167,81,69
SUPER_10,13150000,205,17,14,236,111,94
SUPER_10,13160000,339,19,22,380,161,178
SUPER_10,13170000,254,16,12,282,132,122
SUPER_10,13180000,164,11,17,192,88,76
SUPER_10,13190000,229,17,14,260,128,101
SUPER_10,13200000,277,22,18,317,160,117
SUPER_10,13210000,165,19,9,193,76,89
SUPER_10,13220000,139,8,12,159,71,68
SUPER_10,13230000,289,22,27,338,146,143
SUPER_10,13240000,115,6,5,126,59,56
SUPER_10,13250000,128,10,5,143,78,50
SUPER_10,13260000,147,8,11,166,73,74
SUPER_10,13270000,235,19,20,274,113,122
SUPER_10,13280000,196,10,15,221,111,85
SUPER_10,13290000,165,11,16,192,80,85
SUPER_10,13300000,1,0,0,1,0,1
SUPER_10,13310000,2,0,0,2,0,2
SUPER_10,13320000,187,6,14,207,97,90
SUPER_10,13330000,102,6,13,121,51,51
SUPER_10,13340000,93,3,7,103,47,46
SUPER_10,13350000,166,18,8,192,89,77
SUPER_10,13360000,247,17,14,278,118,129
SUPER_10,13370000,295,15,31,341,151,144
SUPER_10,13380000,259,21,17,297,135,124
SUPER_10,13390000,246,23,29,298,130,116
SUPER_10,13400000,209,14,15,238,101,108
SUPER_10,13410000,101,7,11,119,54,47
SUPER_10,13420000,200,14,15,229,112,88
SUPER_10,13430000,92,7,13,112,44,48
SUPER_10,13440000,179,21,14,214,84,95
SUPER_10,13450000,295,9,23,327,157,138
SUPER_10,13460000,138,8,7,153,82,56
SUPER_10,13470000,195,16,12,223,96,99
SUPER_10,13480000,182,12,10,204,99,83
SUPER_10,13490000,207,9,24,240,102,105
SUPER_10,13500000,33,0,2,35,20,13
SUPER_10,13510000,41,1,0,42,23,18
SUPER_10,13520000,170,10,13,193,85,85
SUPER_10,13530000,299,15,15,329,163,136
SUPER_10,13540000,89,9,2,100,45,44
SUPER_10,13550000,74,1,6,81,33,41
SUPER_10,13560000,137,8,11,156,69,68
SUPER_10,13570000,181,10,13,204,99,82
SUPER_10,13580000,114,12,9,135,76,38
SUPER_10,13590000,213,12,14,239,116,97
SUPER_10,13600000,246,19,23,288,122,124
SUPER_10,13610000,222,17,17,256,112,110
SUPER_10,13620000,117,4,6,127,65,52
SUPER_10,13630000,49,0,4,53,28,21
SUPER_10,13640000,171,13,7,191,91,80
SUPER_10,13650000,133,17,10,160,77,56
SUPER_10,13660000,171,16,15,202,97,74
SUPER_10,13670000,115,5,13,133,66,49
SUPER_10,13680000,122,8,8,138,68,54
SUPER_10,13690000,41,6,5,52,22,19
SUPER_10,13700000,22,1,4,27,13,9
SUPER_10,13710000,1,3,2,6,0,1
SUPER_10,13720000,35,2,1,38,23,12
SUPER_10,13730000,49,25,36,110,28,21
SUPER_11,10000,0,0,0,0,0,0
SUPER_11,20000,0,0,0,0,0,0
SUPER_11,30000,0,0,0,0,0,0
SUPER_11,40000,0,0,0,0,0,0
SUPER_11,50000,0,0,0,0,0,0
SUPER_11,60000,27,11,37,75,12,15
SUPER_11,70000,126,10,7,143,74,52
SUPER_11,80000,304,24,21,349,158,146
SUPER_11,90000,147,12,11,170,72,75
SUPER_11,100000,285,13,25,323,156,129
SUPER_11,110000,278,13,16,307,129,149
SUPER_11,120000,232,23,10,265,123,109
SUPER_11,130000,107,5,8,120,55,52
SUPER_11,140000,26,1,4,31,17,9
SUPER_11,150000,0,0,1,1,0,0
SUPER_11,160000,0,0,0,0,0,0
SUPER_11,170000,0,0,0,0,0,0
SUPER_11,180000,135,4,13,152,71,64
SUPER_11,190000,26,1,0,27,15,11
SUPER_11,200000,6,0,0,6,3,3
SUPER_11,210000,212,16,16,244,122,90
SUPER_11,220000,237,15,20,272,134,103
SUPER_11,230000,208,21,22,251,111,97
SUPER_11,240000,1,0,0,1,0,1
SUPER_11,250000,0,0,0,0,0,0
SUPER_11,260000,0,0,0,0,0,0
SUPER_11,270000,0,0,0,0,0,0
SUPER_11,280000,0,0,0,0,0,0
SUPER_11,290000,0,0,0,0,0,0
SUPER_11,300000,0,0,0,0,0,0
SUPER_11,310000,46,5,2,53,26,20
SUPER_11,320000,6,1,1,8,3,3
SUPER_11,330000,46,4,2,52,28,18
SUPER_11,340000,112,11,7,130,50,62
SUPER_11,350000,0,0,0,0,0,0
SUPER_11,360000,0,0,0,0,0,0
SUPER_11,370000,0,0,0,0,0,0
SUPER_11,380000,0,0,0,0,0,0
SUPER_11,390000,140,7,5,152,69,71
SUPER_11,400000,94,6,4,104,48,46
SUPER_11,410000,0,0,0,0,0,0
SUPER_11,420000,0,0,0,0,0,0
SUPER_11,430000,0,0,0,0,0,0
SUPER_11,440000,0,0,0,0,0,0
SUPER_11,450000,0,0,0,0,0,0
SUPER_11,460000,0,0,0,0,0,0
SUPER_11,470000,62,1,6,69,26,36
SUPER_11,480000,0,0,0,0,0,0
SUPER_11,490000,0,0,0,0,0,0
SUPER_11,500000,49,4,4,57,28,21
SUPER_11,510000,55,3,4,62,23,32
SUPER_11,520000,90,9,6,105,43,47
SUPER_11,530000,136,7,9,152,70,66
SUPER_11,540000,117,5,12,134,61,56
SUPER_11,550000,78,9,7,94,46,32
SUPER_11,560000,7,1,0,8,4,3
SUPER_11,570000,6,0,0,6,2,4
SUPER_11,580000,130,3,9,142,60,70
SUPER_11,590000,143,10,7,160,72,71
SUPER_11,600000,273,19,12,304,143,130
SUPER_11,610000,189,26,18,233,87,102
SUPER_11,620000,136,12,6,154,84,52
SUPER_11,630000,282,17,13,312,135,147
SUPER_11,640000,114,12,6,132,64,50
SUPER_11,650000,119,14,3,136,67,52
SUPER_11,660000,33,1,1,35,17,16
SUPER_11,670000,45,2,2,49,23,22
SUPER_11,680000,123,9,12,144,58,65
SUPER_11,690000,137,13,8,158,67,70
SUPER_11,700000,149,14,7,170,73,76
SUPER_11,710000,194,10,10,214,97,97
SUPER_11,720000,57,3,3,63,27,30
SUPER_11,730000,41,6,6,53,23,18
SUPER_11,740000,12,0,1,13,9,3
SUPER_11,750000,131,5,8,144,63,68
SUPER_11,760000,29,1,3,33,15,14
SUPER_11,770000,186,20,11,217,90,96
SUPER_11,780000,281,19,22,322,149,132
SUPER_11,790000,71,6,5,82,36,35
SUPER_11,800000,55,3,3,61,27,28
SUPER_11,810000,198,17,13,228,104,94
SUPER_11,820000,42,3,1,46,17,25
SUPER_11,830000,55,6,2,63,31,24
SUPER_11,840000,78,1,6,85,43,35
SUPER_11,850000,102,5,6,113,60,42
SUPER_11,860000,282,27,21,330,147,135
SUPER_11,870000,176,13,11,200,84,92
SUPER_11,880000,19,0,1,20,5,14
SUPER_11,890000,145,5,17,167,77,68
SUPER_11,900000,3,0,1,4,1,2
SUPER_11,910000,149,8,13,170,68,81
SUPER_11,920000,228,11,11,250,111,117
SUPER_11,930000,65,2,2,69,32,33
SUPER_11,940000,59,0,5,64,39,20
SUPER_11,950000,160,11,10,181,85,75
SUPER_11,960000,135,10,5,150,75,60
SUPER_11,970000,95,4,8,107,52,43
SUPER_11,980000,141,13,13,167,71,70
SUPER_11,990000,68,1,5,74,38,30
SUPER_11,1000000,93,5,5,103,45,48
SUPER_11,1010000,60,1,3,64,42,18
SUPER_11,1020000,0,0,0,0,0,0
SUPER_11,1030000,0,0,0,0,0,0
SUPER_11,1040000,228,14,29,271,114,114
SUPER_11,1050000,69,3,6,78,34,35
SUPER_11,1060000,205,19,12,236,101,104
SUPER_11,1070000,261,26,18,305,133,128
SUPER_11,1080000,94,6,4,104,51,43
SUPER_11,1090000,102,7,6,115,50,52
SUPER_11,1100000,106,10,7,123,56,50
SUPER_11,1110000,259,21,20,300,131,128
SUPER_11,1120000,141,17,10,168,79,62
SUPER_11,1130000,168,10,8,186,81,87
SUPER_11,1140000,150,12,7,169,66,84
SUPER_11,1150000,39,3,2,44,23,16
SUPER_11,1160000,103,8,6,117,57,46
SUPER_11,1170000,30,2,4,36,13,17
SUPER_11,1180000,10,1,2,13,2,8
SUPER_11,1190000,167,16,15,198,84,83
SUPER_11,1200000,239,25,24,288,121,118
SUPER_11,1210000,171,17,21,209,77,94
SUPER_11,1220000,142,6,10,158,87,55
SUPER_11,1230000,127,7,8,142,70,57
SUPER_11,1240000,294,31,31,356,160,134
SUPER_11,1250000,170,14,9,193,82,88
SUPER_11,1260000,245,26,23,294,140,105
SUPER_11,1270000,282,22,29,333,137,145
SUPER_11,1280000,130,11,13,154,63,67
SUPER_11,1290000,181,17,20,218,86,95
SUPER_11,1300000,109,3,9,121,62,47
SUPER_11,1310000,251,25,18,294,134,117
SUPER_11,1320000,147,11,12,170,73,74
SUPER_11,1330000,235,18,21,274,126,109
SUPER_11,1340000,272,24,26,322,150,122
SUPER_11,1350000,121,8,15,144,59,62
SUPER_11,1360000,206,20,19,245,105,101
SUPER_11,1370000,127,10,15,152,60,67
SUPER_11,1380000,138,11,9,158,79,59
SUPER_11,1390000,29,3,3,35,16,13
SUPER_11,1400000,131,5,7,143,70,61
SUPER_11,1410000,195,17,11,223,102,93
SUPER_11,1420000,18,0,0,18,11,7
SUPER_11,1430000,14,1,1,16,8,6
SUPER_11,1440000,114,12,3,129,66,48
SUPER_11,1450000,273,23,21,317,136,137
SUPER_11,1460000,139,6,6,151,73,66
SUPER_11,1470000,77,7,10,94,37,40
SUPER_11,1480000,153,13,11,177,85,68
SUPER_11,1490000,238,17,23,278,126,112
SUPER_11,1500000,135,11,15,161,68,67
SUPER_11,1510000,156,13,13,182,84,72
SUPER_11,1520000,109,7,12,128,54,55
SUPER_11,1530000,198,14,17,229,110,88
SUPER_11,1540000,304,22,20,346,166,138
SUPER_11,1550000,331,33,22,386,160,171
SUPER_11,1560000,234,19,29,282,107,127
SUPER_11,1570000,159,11,18,188,75,84
SUPER_11,1580000,97,7,10,114,46,51
SUPER_11,1590000,196,18,17,231,103,93
SUPER_11,1600000,107,3,6,116,45,62
SUPER_11,1610000,86,9,8,103,43,43
SUPER_11,1620000,187,17,18,222,81,106
SUPER_11,1630000,69,5,6,80,28,41
SUPER_11,1640000,113,11,7,131,53,60
SUPER_11,1650000,149,9,17,175,69,80
SUPER_11,1660000,208,22,16,246,121,87
SUPER_11,1670000,209,12,21,242,114,95
SUPER_11,1680000,75,5,8,88,29,46
SUPER_11,1690000,290,25,24,339,156,134
SUPER_11,1700000,158,15,21,194,77,81
SUPER_11,1710000,189,22,20,231,98,91
SUPER_11,1720000,0,0,0,0,0,0
SUPER_11,1730000,0,0,0,0,0,0
SUPER_11,1740000,256,21,23,300,134,122
SUPER_11,1750000,264,19,29,312,125,139
SUPER_11,1760000,285,24,28,337,154,131
SUPER_11,1770000,198,19,19,236,94,104
SUPER_11,1780000,294,19,28,341,162,132
SUPER_11,1790000,293,26,32,351,171,122
SUPER_11,1800000,261,15,23,299,117,144
SUPER_11,1810000,22,3,3,28,12,10
SUPER_11,1820000,38,1,5,44,19,19
SUPER_11,1830000,97,9,6,112,53,44
SUPER_11,1840000,48,2,5,55,22,26
SUPER_11,1850000,237,16,22,275,126,111
SUPER_11,1860000,254,21,20,295,133,121
SUPER_11,1870000,100,12,12,124,57,43
SUPER_11,1880000,257,22,15,294,129,128
SUPER_11,1890000,298,37,30,365,147,151
SUPER_11,1900000,169,10,18,197,84,85
SUPER_11,1910000,243,18,20,281,119,124
SUPER_11,1920000,286,19,28,333,156,130
SUPER_11,1930000,245,12,11,268,113,132
SUPER_11,1940000,159,11,21,191,82,77
SUPER_11,1950000,207,21,15,243,101,106
SUPER_11,1960000,229,18,16,263,116,113
SUPER_11,1970000,112,7,17,136,51,61
SUPER_11,1980000,48,0,2,50,23,25
SUPER_11,1990000,48,5,5,58,18,30
SUPER_11,2000000,16,1,0,17,11,5
SUPER_11,2010000,39,2,5,46,21,18
SUPER_11,2020000,6,3,3,12,2,4
SUPER_11,2030000,32,2,0,34,14,18
SUPER_11,2040000,82,5,4,91,42,40
SUPER_11,2050000,48,6,4,58,21,27
SUPER_11,2060000,0,1,0,1,0,0
SUPER_11,2070000,79,10,5,94,43,36
SUPER_11,2080000,34,7,1,42,16,18
SUPER_11,2090000,72,11,6,89,46,26
SUPER_11,2100000,26,2,3,31,15,11
SUPER_11,2110000,29,4,3,36,11,18
SUPER_11,2120000,204,13,14,231,104,100
SUPER_11,2130000,302,22,23,347,163,139
SUPER_11,2140000,30,2,0,32,18,12
SUPER_11,2150000,57,2,2,61,19,38
SUPER_11,2160000,0,0,0,0,0,0
SUPER_11,2170000,0,0,0,0,0,0
SUPER_11,2180000,157,7,11,175,87,70
SUPER_11,2190000,241,21,22,284,122,119
SUPER_11,2200000,154,10,13,177,75,79
SUPER_11,2210000,228,23,14,265,117,111
SUPER_11,2220000,182,14,9,205,99,83
SUPER_11,2230000,233,21,28,282,111,122
SUPER_11,2240000,300,21,19,340,159,141
SUPER_11,2250000,114,4,15,133,60,54
SUPER_11,2260000,119,7,16,142,69,50
SUPER_11,2270000,73,2,6,81,35,38
SUPER_11,2280000,120,7,9,136,54,66
SUPER_11,2290000,60,4,1,65,34,26
SUPER_11,2300000,58,6,5,69,36,22
SUPER_11,2310000,106,12,20,138,53,53
SUPER_11,2320000,286,27,29,342,137,149
SUPER_11,2330000,116,22,11,149,62,54
SUPER_11,2340000,20,1,2,23,7,13
SUPER_11,2350000,120,8,7,135,59,61
SUPER_11,2360000,63,0,4,67,24,39
SUPER_11,2370000,289,24,21,334,166,123
SUPER_11,2380000,298,24,30,352,156,142
SUPER_11,2390000,112,7,11,130,60,52
SUPER_11,2400000,15,1,4,20,8,7
SUPER_11,2410000,156,11,15,182,80,76
SUPER_11,2420000,96,13,9,118,48,48
SUPER_11,2430000,139,12,11,162,82,57
SUPER_11,2440000,206,13,18,237,110,96
SUPER_11,2450000,121,5,6,132,65,56
SUPER_11,2460000,123,10,16,149,64,59
SUPER_11,2470000,57,2,8,67,26,31
SUPER_11,2480000,49,2,1,52,29,20
SUPER_11,2490000,48,4,2,54,19,29
SUPER_11,2500000,105,9,10,124,52,53
SUPER_11,2510000,248,25,19,292,133,115
SUPER_11,2520000,79,5,5,89,37,42
SUPER_11,2530000,30,1,0,31,14,16
SUPER_11,2540000,4,0,2,6,0,4
SUPER_11,2550000,59,4,4,67,35,24
SUPER_11,2560000,90,4,8,102,45,45
SUPER_11,2570000,8,1,0,9,3,5
SUPER_11,2580000,152,12,16,180,75,77
SUPER_11,2590000,250,17,30,297,136,114
SUPER_11,2600000,39,4,7,50,21,18
SUPER_11,2610000,36,5,2,43,23,13
SUPER_11,2620000,172,16,16,204,92,80
SUPER_11,2630000,45,5,3,53,22,23
SUPER_11,2640000,162,15,18,195,85,77
SUPER_11,2650000,260,22,24,306,131,129
SUPER_11,2660000,136,7,5,148,79,57
SUPER_11,2670000,81,5,6,92,38,43
SUPER_11,2680000,61,4,6,71,30,31
SUPER_11,2690000,59,3,7,69,30,29
SUPER_11,2700000,64,3,7,74,30,34
SUPER_11,2710000,87,7,4,98,39,48
SUPER_11,2720000,115,4,6,125,68,47
SUPER_11,2730000,62,5,2,69,32,30
SUPER_11,2740000,30,1,1,32,13,17
SUPER_11,2750000,146,7,10,163,70,76
SUPER_11,2760000,230,19,14,263,109,121
SUPER_11,2770000,234,19,11,264,115,119
SUPER_11,2780000,30,2,3,35,14,16
SUPER_11,2790000,110,11,9,130,65,45
SUPER_11,2800000,110,12,10,132,47,63
SUPER_11,2810000,87,2,5,94,40,47
SUPER_11,2820000,49,5,5,59,26,23
SUPER_11,2830000,132,3,13,148,68,64
SUPER_11,2840000,35,0,6,41,22,13
SUPER_11,2850000,87,4,3,94,54,33
SUPER_11,2860000,42,4,1,47,26,16
SUPER_11,2870000,91,6,14,111,50,41
SUPER_11,2880000,46,4,3,53,25,21
SUPER_11,2890000,112,5,7,124,58,54
SUPER_11,2900000,240,14,26,280,125,115
SUPER_11,2910000,178,21,12,211,90,88
SUPER_11,2920000,231,25,21,277,107,124
SUPER_11,2930000,299,17,22,338,144,155
SUPER_11,2940000,265,29,35,329,132,133
SUPER_11,2950000,204,11,26,241,96,108
SUPER_11,2960000,37,1,2,40,24,13
SUPER_11,2970000,150,19,19,188,79,71
SUPER_11,2980000,287,24,27,338,140,147
SUPER_11,2990000,299,29,26,354,139,160
SUPER_11,3000000,182,20,21,223,111,71
SUPER_11,3010000,227,14,28,269,106,121
SUPER_11,3020000,178,18,17,213,72,106
SUPER_11,3030000,209,16,10,235,102,107
SUPER_11,3040000,266,21,25,312,136,130
SUPER_11,3050000,238,16,29,283,124,114
SUPER_11,3060000,317,30,28,375,144,173
SUPER_11,3070000,200,20,20,240,92,108
SUPER_11,3080000,125,8,11,144,61,64
SUPER_11,3090000,193,18,15,226,100,93
SUPER_11,3100000,246,17,31,294,127,119
SUPER_11,3110000,146,9,10,165,69,77
SUPER_11,3120000,76,7,9,92,37,39
SUPER_11,3130000,224,18,14,256,106,118
SUPER_11,3140000,301,31,29,361,156,145
SUPER_11,3150000,194,5,15,214,85,109
SUPER_11,3160000,263,24,27,314,126,137
SUPER_11,3170000,113,7,6,126,64,49
SUPER_11,3180000,7,0,0,7,4,3
SUPER_11,3190000,42,4,6,52,22,20
SUPER_11,3200000,6,1,4,11,2,4
SUPER_11,3210000,42,3,7,52,20,22
SUPER_11,3220000,86,8,8,102,50,36
SUPER_11,3230000,317,22,31,370,149,168
SUPER_11,3240000,339,22,18,379,161,178
SUPER_11,3250000,184,16,14,214,85,99
SUPER_11,3260000,179,7,17,203,101,78
SUPER_11,3270000,0,0,0,0,0,0
SUPER_11,3280000,0,0,0,0,0,0
SUPER_11,3290000,205,18,13,236,120,85
SUPER_11,3300000,0,0,0,0,0,0
SUPER_11,3310000,0,0,0,0,0,0
SUPER_11,3320000,44,2,4,50,24,20
SUPER_11,3330000,148,11,13,172,77,71
SUPER_11,3340000,87,2,6,95,42,45
SUPER_11,3350000,119,8,11,138,58,61
SUPER_11,3360000,12,0,1,13,4,8
SUPER_11,3370000,101,4,8,113,53,48
SUPER_11,3380000,200,12,17,229,118,82
SUPER_11,3390000,234,24,21,279,115,119
SUPER_11,3400000,179,20,32,231,83,96
SUPER_11,3410000,280,23,13,316,150,130
SUPER_11,3420000,97,9,15,121,55,42
SUPER_11,3430000,142,9,13,164,81,61
SUPER_11,3440000,117,10,9,136,59,58
SUPER_11,3450000,28,2,7,37,12,16
SUPER_11,3460000,165,11,15,191,79,86
SUPER_11,3470000,146,12,17,175,63,83
SUPER_11,3480000,161,10,17,188,93,68
SUPER_11,3490000,269,14,22,305,134,135
SUPER_11,3500000,278,27,18,323,139,139
SUPER_11,3510000,247,18,27,292,124,123
SUPER_11,3520000,295,24,28,347,149,146
SUPER_11,3530000,267,20,29,316,129,138
SUPER_11,3540000,304,16,21,341,169,135
SUPER_11,3550000,249,13,16,278,124,125
SUPER_11,3560000,81,10,7,98,45,36
SUPER_11,3570000,216,19,14,249,117,99
SUPER_11,3580000,0,0,0,0,0,0
SUPER_11,3590000,0,0,0,0,0,0
SUPER_11,3600000,280,25,21,326,148,132
SUPER_11,3610000,255,11,15,281,134,121
SUPER_11,3620000,230,13,24,267,109,121
SUPER_11,3630000,112,2,5,119,61,51
SUPER_11,3640000,217,15,20,252,123,94
SUPER_11,3650000,62,7,4,73,29,33
SUPER_11,3660000,79,4,7,90,42,37
SUPER_11,3670000,234,23,22,279,118,116
SUPER_11,3680000,157,21,17,195,75,82
SUPER_11,3690000,194,18,17,229,89,105
SUPER_11,3700000,186,14,18,218,101,85
SUPER_11,3710000,87,4,8,99,41,46
SUPER_11,3720000,160,19,14,193,73,87
SUPER_11,3730000,163,21,25,209,73,90
SUPER_11,3740000,257,27,20,304,141,116
SUPER_11,3750000,214,15,18,247,105,109
SUPER_11,3760000,212,21,11,244,98,114
SUPER_11,3770000,213,15,19,247,96,117
SUPER_11,3780000,177,13,25,215,80,97
SUPER_11,3790000,218,13,25,256,110,108
SUPER_11,3800000,129,17,7,153,63,66
SUPER_11,3810000,91,4,4,99,39,52
SUPER_11,3820000,200,24,14,238,102,98
SUPER_11,3830000,106,7,10,123,52,54
SUPER_11,3840000,256,21,23,300,134,122
SUPER_11,3850000,182,13,15,210,87,95
SUPER_11,3860000,133,9,7,149,75,58
SUPER_11,3870000,236,18,13,267,108,128
SUPER_11,3880000,186,22,23,231,92,94
SUPER_11,3890000,292,30,36,358,142,150
SUPER_11,3900000,294,34,32,360,145,149
SUPER_11,3910000,204,16,16,236,97,107
SUPER_11,3920000,222,16,15,253,117,105
SUPER_11,3930000,179,7,12,198,94,85
SUPER_11,3940000,25,0,0,25,14,11
SUPER_11,3950000,33,4,8,45,20,13
SUPER_11,3960000,22,0,4,26,11,11
SUPER_11,3970000,69,3,4,76,39,30
SUPER_11,3980000,111,13,9,133,59,52
SUPER_11,3990000,217,25,18,260,112,105
SUPER_11,4000000,253,27,34,314,135,118
SUPER_11,4010000,261,20,22,303,132,129
SUPER_11,4020000,178,12,14,204,108,70
SUPER_11,4030000,171,9,20,200,97,74
SUPER_11,4040000,117,9,9,135,66,51
SUPER_11,4050000,50,1,6,57,30,20
SUPER_11,4060000,21,1,2,24,10,11
SUPER_11,4070000,53,1,4,58,30,23
SUPER_11,4080000,95,7,9,111,45,50
SUPER_11,4090000,0,0,0,0,0,0
SUPER_11,4100000,0,0,0,0,0,0
SUPER_11,4110000,204,16,20,240,107,97
SUPER_11,4120000,109,4,10,123,55,54
SUPER_11,4130000,4,0,0,4,2,2
SUPER_11,4140000,102,4,7,113,50,52
SUPER_11,4150000,164,5,20,189,76,88
SUPER_11,4160000,143,15,11,169,81,62
SUPER_11,4170000,193,18,14,225,100,93
SUPER_11,4180000,99,11,12,122,45,54
SUPER_11,4190000,132,3,13,148,59,73
SUPER_11,4200000,228,15,13,256,107,121
SUPER_11,4210000,120,7,13,140,49,71
SUPER_11,4220000,42,2,2,46,26,16
SUPER_11,4230000,128,11,12,151,63,65
SUPER_11,4240000,243,12,13,268,140,103
SUPER_11,4250000,151,15,11,177,79,72
SUPER_11,4260000,127,13,17,157,64,63
SUPER_11,4270000,20,1,2,23,11,9
SUPER_11,4280000,3,0,0,3,3,0
SUPER_11,4290000,36,5,4,45,15,21
SUPER_11,4300000,66,5,8,79,29,37
SUPER_11,4310000,106,21,11,138,52,54
SUPER_11,4320000,137,11,3,151,65,72
SUPER_11,4330000,39,6,8,53,23,16
SUPER_11,4340000,30,1,7,38,13,17
SUPER_11,4350000,48,3,4,55,23,25
SUPER_11,4360000,93,11,7,111,49,44
SUPER_11,4370000,186,15,19,220,90,96
SUPER_11,4380000,176,14,15,205,84,92
SUPER_11,4390000,223,16,15,254,99,124
SUPER_11,4400000,151,14,15,180,79,72
SUPER_11,4410000,175,13,15,203,87,88
SUPER_11,4420000,169,17,25,211,84,85
SUPER_11,4430000,188,19,20,227,88,100
SUPER_11,4440000,200,11,21,232,95,105
SUPER_11,4450000,251,23,30,304,110,141
SUPER_11,4460000,261,18,22,301,122,139
SUPER_11,4470000,205,11,16,232,112,93
SUPER_11,4480000,132,10,12,154,69,63
SUPER_11,4490000,152,11,6,169,76,76
SUPER_11,4500000,196,15,12,223,94,102
SUPER_11,4510000,256,21,26,303,109,147
SUPER_11,4520000,278,25,26,329,125,153
SUPER_11,4530000,157,14,13,184,67,90
SUPER_11,4540000,168,9,19,196,75,93
SUPER_11,4550000,258,19,27,304,138,120
SUPER_11,4560000,208,19,28,255,116,92
SUPER_11,4570000,228,19,18,265,127,101
SUPER_11,4580000,108,6,13,127,53,55
SUPER_11,4590000,61,4,1,66,28,33
SUPER_11,4600000,60,2,3,65,32,28
SUPER_11,4610000,175,16,19,210,83,92
SUPER_11,4620000,130,7,6,143,82,48
SUPER_11,4630000,153,12,17,182,81,72
SUPER_11,4640000,157,11,10,178,87,70
SUPER_11,4650000,0,0,0,0,0,0
SUPER_11,4660000,0,0,0,0,0,0
SUPER_11,4670000,225,18,16,259,123,102
SUPER_11,4680000,17,4,7,28,9,8
SUPER_11,4690000,202,11,18,231,121,81
SUPER_11,4700000,134,8,9,151,74,60
SUPER_11,4710000,164,11,16,191,92,72
SUPER_11,4720000,85,7,7,99,50,35
SUPER_11,4730000,124,12,12,148,75,49
SUPER_11,4740000,289,26,30,345,146,143
SUPER_11,4750000,327,22,19,368,167,160
SUPER_11,4760000,209,15,17,241,93,116
SUPER_11,4770000,134,13,12,159,61,73
SUPER_11,4780000,110,7,5,122,49,61
SUPER_11,4790000,203,15,18,236,113,90
SUPER_11,4800000,107,14,7,128,56,51
SUPER_11,4810000,274,17,26,317,139,135
SUPER_11,4820000,81,8,9,98,45,36
SUPER_11,4830000,228,8,25,261,116,112
SUPER_11,4840000,114,8,11,133,53,61
SUPER_11,4850000,71,3,2,76,39,32
SUPER_11,4860000,156,12,10,178,81,75
SUPER_11,4870000,120,9,13,142,57,63
SUPER_11,4880000,139,8,14,161,68,71
SUPER_11,4890000,261,17,22,300,143,118
SUPER_11,4900000,208,23,29,260,118,90
SUPER_11,4910000,278,24,15,317,138,140
SUPER_11,4920000,209,16,20,245,108,101
SUPER_11,4930000,219,10,12,241,117,102
SUPER_11,4940000,189,12,20,221,101,88
SUPER_11,4950000,242,12,32,286,116,126
SUPER_11,4960000,61,8,5,74,30,31
SUPER_11,4970000,130,9,8,147,68,62
SUPER_11,4980000,63,4,10,77,47,16
SUPER_11,4990000,47,2,1,50,18,29
SUPER_11,5000000,123,11,13,147,66,57
SUPER_11,5010000,199,21,17,237,109,90
SUPER_11,5020000,123,10,7,140,73,50
SUPER_11,5030000,159,5,20,184,79,80
SUPER_11,5040000,229,15,25,269,117,112
SUPER_11,5050000,98,9,9,116,44,54
SUPER_11,5060000,40,3,3,46,22,18
SUPER_11,5070000,183,10,12,205,102,81
SUPER_11,5080000,243,18,18,279,117,126
SUPER_11,5090000,26,3,2,31,18,8
SUPER_11,5100000,227,22,16,265,103,124
SUPER_11,5110000,105,6,4,115,54,51
SUPER_11,5120000,71,5,11,87,36,35
SUPER_11,5130000,229,16,21,266,126,103
SUPER_11,5140000,225,24,26,275,103,122
SUPER_11,5150000,206,19,18,243,101,105
SUPER_11,5160000,245,15,23,283,119,126
SUPER_11,5170000,199,18,13,230,103,96
SUPER_11,5180000,101,5,17,123,42,59
SUPER_11,5190000,164,21,9,194,76,88
SUPER_11,5200000,281,23,22,326,150,131
SUPER_11,5210000,178,19,19,216,88,90
SUPER_11,5220000,223,21,19,263,123,100
SUPER_11,5230000,202,23,13,238,104,98
SUPER_11,5240000,133,11,14,158,71,62
SUPER_11,5250000,149,14,13,176,85,64
SUPER_11,5260000,188,20,22,230,90,98
SUPER_11,5270000,253,22,30,305,122,131
SUPER_11,5280000,55,2,7,64,30,25
SUPER_11,5290000,144,10,13,167,77,67
SUPER_11,5300000,196,14,23,233,104,92
SUPER_11,5310000,212,21,23,256,94,118
SUPER_11,5320000,204,12,16,232,104,100
SUPER_11,5330000,150,8,11,169,76,74
SUPER_11,5340000,32,6,2,40,17,15
SUPER_11,5350000,110,14,9,133,55,55
SUPER_11,5360000,184,19,16,219,83,101
SUPER_11,5370000,180,18,20,218,104,76
SUPER_11,5380000,108,6,11,125,51,57
SUPER_11,5390000,181,18,14,213,84,97
SUPER_11,5400000,62,6,9,77,35,27
SUPER_11,5410000,122,9,16,147,68,54
SUPER_11,5420000,151,15,22,188,75,76
SUPER_11,5430000,153,12,16,181,78,75
SUPER_11,5440000,196,16,22,234,106,90
SUPER_11,5450000,137,10,19,166,67,70
SUPER_11,5460000,150,11,14,175,76,74
SUPER_11,5470000,205,19,25,249,105,100
SUPER_11,5480000,283,27,23,333,135,148
SUPER_11,5490000,219,27,14,260,112,107
SUPER_11,5500000,229,23,21,273,119,110
SUPER_11,5510000,146,20,19,185,59,87
SUPER_11,5520000,140,17,18,175,73,67
SUPER_11,5530000,71,8,6,85,34,37
SUPER_11,5540000,4,2,1,7,2,2
SUPER_11,5550000,23,2,4,29,11,12
SUPER_11,5560000,103,14,12,129,45,58
SUPER_11,5570000,80,3,6,89,49,31
SUPER_11,5580000,63,7,0,70,35,28
SUPER_11,5590000,85,4,16,105,38,47
SUPER_11,5600000,70,8,14,92,42,28
SUPER_11,5610000,117,11,10,138,58,59
SUPER_11,5620000,61,8,10,79,32,29
SUPER_11,5630000,115,10,11,136,61,54
SUPER_11,5640000,118,7,11,136,58,60
SUPER_11,5650000,163,14,18,195,84,79
SUPER_11,5660000,201,16,13,230,92,109
SUPER_11,5670000,198,16,15,229,92,106
SUPER_11,5680000,161,9,16,186,83,78
SUPER_11,5690000,165,24,16,205,79,86
SUPER_11,5700000,175,14,21,210,86,89
SUPER_11,5710000,140,20,15,175,69,71
SUPER_11,5720000,151,11,12,174,72,79
SUPER_11,5730000,88,7,6,101,44,44
SUPER_11,5740000,65,6,6,77,33,32
SUPER_11,5750000,95,12,9,116,48,47
SUPER_11,5760000,95,7,9,111,43,52
SUPER_11,5770000,148,9,16,173,75,73
SUPER_11,5780000,122,16,12,150,55,67
SUPER_11,5790000,108,7,2,117,64,44
SUPER_11,5800000,99,11,13,123,44,55
SUPER_11,5810000,73,11,13,97,26,47
SUPER_11,5820000,94,12,8,114,53,41
SUPER_11,5830000,65,8,6,79,35,30
SUPER_11,5840000,94,3,6,103,46,48
SUPER_11,5850000,150,15,10,175,86,64
SUPER_11,5860000,70,6,3,79,35,35
SUPER_11,5870000,167,16,16,199,80,87
SUPER_11,5880000,193,14,14,221,103,90
SUPER_11,5890000,79,10,9,98,43,36
SUPER_11,5900000,133,10,4,147,70,63
SUPER_11,5910000,166,23,22,211,83,83
SUPER_11,5920000,70,6,7,83,36,34
SUPER_11,5930000,178,16,15,209,85,93
SUPER_11,5940000,0,0,0,0,0,0
SUPER_11,5950000,0,0,0,0,0,0
SUPER_11,5960000,233,19,16,268,133,100
SUPER_11,5970000,88,9,9,106,48,40
SUPER_11,5980000,0,0,0,0,0,0
SUPER_11,5990000,0,0,0,0,0,0
SUPER_11,6000000,30,4,3,37,16,14
SUPER_11,6010000,53,6,3,62,27,26
SUPER_11,6020000,141,5,15,161,62,79
SUPER_11,6030000,77,6,7,90,39,38
SUPER_11,6040000,144,18,18,180,69,75
SUPER_11,6050000,210,23,25,258,111,99
SUPER_11,6060000,211,21,26,258,103,108
SUPER_11,6070000,142,12,13,167,72,70
SUPER_11,6080000,90,8,6,104,53,37
SUPER_11,6090000,252,24,22,298,144,108
SUPER_11,6100000,164,17,11,192,87,77
SUPER_11,6110000,141,4,10,155,67,74
SUPER_11,6120000,178,20,22,220,88,90
SUPER_11,6130000,55,4,4,63,32,23
SUPER_11,6140000,152,21,13,186,89,63
SUPER_11,6150000,180,21,7,208,94,86
SUPER_11,6160000,154,16,16,186,78,76
SUPER_11,6170000,162,14,11,187,79,83
SUPER_11,6180000,65,7,8,80,32,33
SUPER_11,6190000,114,7,4,125,58,56
SUPER_11,6200000,83,10,8,101,51,32
SUPER_11,6210000,203,18,10,231,117,86
SUPER_11,6220000,118,7,11,136,55,63
SUPER_11,6230000,39,5,7,51,18,21
SUPER_11,6240000,89,5,7,101,40,49
SUPER_11,6250000,86,8,7,101,51,35
SUPER_11,6260000,7,1,1,9,5,2
SUPER_11,6270000,155,19,8,182,86,69
SUPER_11,6280000,165,12,16,193,84,81
SUPER_11,6290000,111,5,6,122,61,50
SUPER_11,6300000,115,6,13,134,50,65
SUPER_11,6310000,128,5,10,143,64,64
SUPER_11,6320000,177,15,7,199,90,87
SUPER_11,6330000,60,9,7,76,30,30
SUPER_11,6340000,103,8,14,125,53,50
SUPER_11,6350000,82,7,9,98,42,40
SUPER_11,6360000,1,0,0,1,0,1
SUPER_11,6370000,34,2,2,38,19,15
SUPER_11,6380000,215,11,14,240,114,101
SUPER_11,6390000,222,31,17,270,101,121
SUPER_11,6400000,181,13,14,208,93,88
SUPER_11,6410000,203,15,20,238,108,95
SUPER_11,6420000,125,10,13,148,71,54
SUPER_11,6430000,196,14,13,223,115,81
SUPER_11,6440000,134,9,9,152,75,59
SUPER_11,6450000,162,12,15,189,75,87
SUPER_11,6460000,116,11,8,135,51,65
SUPER_11,6470000,147,21,15,183,75,72
SUPER_11,6480000,68,5,11,84,30,38
SUPER_11,6490000,70,3,7,80,39,31
SUPER_11,6500000,112,8,4,124,58,54
SUPER_11,6510000,172,19,14,205,80,92
SUPER_11,6520000,206,14,24,244,103,103
SUPER_11,6530000,162,14,18,194,79,83
SUPER_11,6540000,76,6,11,93,35,41
SUPER_11,6550000,145,10,10,165,69,76
SUPER_11,6560000,234,14,24,272,117,117
SUPER_11,6570000,221,21,22,264,108,113
SUPER_11,6580000,104,10,10,124,52,52
SUPER_11,6590000,138,9,17,164,80,58
SUPER_11,6600000,205,9,18,232,101,104
SUPER_11,6610000,230,20,21,271,123,107
SUPER_11,6620000,36,7,5,48,15,21
SUPER_11,6630000,129,12,18,159,63,66
SUPER_11,6640000,155,14,13,182,82,73
SUPER_11,6650000,88,15,8,111,43,45
SUPER_11,6660000,111,7,10,128,57,54
SUPER_11,6670000,121,18,11,150,60,61
SUPER_11,6680000,119,21,11,151,73,46
SUPER_11,6690000,92,5,15,112,49,43
SUPER_11,6700000,137,12,17,166,70,67
SUPER_11,6710000,70,9,4,83,37,33
SUPER_11,6720000,122,11,18,151,74,48
SUPER_11,6730000,41,3,5,49,25,16
SUPER_11,6740000,102,4,6,112,55,47
SUPER_11,6750000,308,21,26,355,146,162
SUPER_11,6760000,58,2,4,64,27,31
SUPER_11,6770000,129,19,16,164,63,66
SUPER_11,6780000,119,13,15,147,56,63
SUPER_11,6790000,116,12,12,140,65,51
SUPER_11,6800000,123,11,12,146,64,59
SUPER_11,6810000,236,27,17,280,108,128
SUPER_11,6820000,108,18,18,144,48,60
SUPER_11,6830000,79,12,18,109,27,52
SUPER_11,6840000,68,4,1,73,34,34
SUPER_11,6850000,191,16,17,224,96,95
SUPER_11,6860000,108,9,9,126,59,49
SUPER_11,6870000,96,8,9,113,59,37
SUPER_11,6880000,155,18,19,192,68,87
SUPER_11,6890000,43,3,10,56,18,25
SUPER_11,6900000,152,16,21,189,79,73
SUPER_11,6910000,157,12,22,191,68,89
SUPER_11,6920000,280,20,28,328,140,140
SUPER_11,6930000,70,5,7,82,36,34
SUPER_11,6940000,149,16,8,173,83,66
SUPER_11,6950000,160,12,14,186,79,81
SUPER_11,6960000,177,16,17,210,98,79
SUPER_11,6970000,147,23,16,186,71,76
SUPER_11,6980000,154,16,15,185,70,84
SUPER_11,6990000,126,17,20,163,69,57
SUPER_11,7000000,155,10,16,181,67,88
SUPER_11,7010000,192,15,20,227,80,112
SUPER_11,7020000,220,24,20,264,106,114
SUPER_11,7030000,194,15,21,230,105,89
SUPER_11,7040000,193,15,18,226,101,92
SUPER_11,7050000,55,5,10,70,31,24
SUPER_11,7060000,124,9,6,139,60,64
SUPER_11,7070000,101,13,7,121,54,47
SUPER_11,7080000,107,3,8,118,61,46
SUPER_11,7090000,150,10,12,172,76,74
SUPER_11,7100000,152,11,11,174,71,81
SUPER_11,7110000,193,20,15,228,100,93
SUPER_11,7120000,124,11,14,149,55,69
SUPER_11,7130000,224,18,28,270,108,116
SUPER_11,7140000,166,15,15,196,75,91
SUPER_11,7150000,61,6,5,72,31,30
SUPER_11,7160000,203,20,20,243,98,105
SUPER_11,7170000,224,17,12,253,110,114
SUPER_11,7180000,219,26,18,263,100,119
SUPER_11,7190000,199,13,18,230,104,95
SUPER_11,7200000,125,12,11,148,56,69
SUPER_11,7210000,148,8,12,168,68,80
SUPER_11,7220000,146,6,13,165,78,68
SUPER_11,7230000,119,8,8,135,62,57
SUPER_11,7240000,126,13,14,153,62,64
SUPER_11,7250000,139,15,13,167,69,70
SUPER_11,7260000,196,19,14,229,108,88
SUPER_11,7270000,235,31,21,287,124,111
SUPER_11,7280000,226,27,16,269,114,112
SUPER_11,7290000,169,20,11,200,74,95
SUPER_11,7300000,9,0,1,10,6,3
SUPER_11,7310000,108,12,9,129,55,53
SUPER_11,7320000,205,23,24,252,91,114
SUPER_11,7330000,81,2,10,93,36,45
SUPER_11,7340000,98,6,11,115,57,41
SUPER_11,7350000,191,14,22,227,91,100
SUPER_11,7360000,84,6,5,95,43,41
SUPER_11,7370000,53,3,3,59,25,28
SUPER_11,7380000,120,12,11,143,60,60
SUPER_11,7390000,253,17,17,287,127,126
SUPER_11,7400000,207,13,17,237,104,103
SUPER_11,7410000,63,4,7,74,38,25
SUPER_11,7420000,119,4,17,140,60,59
SUPER_11,7430000,115,15,15,145,56,59
SUPER_11,7440000,161,13,13,187,81,80
SUPER_11,7450000,167,19,15,201,90,77
SUPER_11,7460000,247,16,22,285,117,130
SUPER_11,7470000,125,13,9,147,66,59
SUPER_11,7480000,49,2,3,54,28,21
SUPER_11,7490000,1,2,1,4,1,0
SUPER_11,7500000,0,0,0,0,0,0
SUPER_11,7510000,0,0,0,0,0,0
SUPER_11,7520000,60,6,14,80,22,38
SUPER_11,7530000,225,20,21,266,110,115
SUPER_11,7540000,198,23,10,231,107,91
SUPER_11,7550000,156,12,14,182,84,72
SUPER_11,7560000,213,12,19,244,118,95
SUPER_11,7570000,137,11,12,160,59,78
SUPER_11,7580000,133,17,15,165,68,65
SUPER_11,7590000,190,13,7,210,94,96
SUPER_11,7600000,134,15,4,153,68,66
SUPER_11,7610000,78,4,8,90,41,37
SUPER_11,7620000,229,16,26,271,122,107
SUPER_11,7630000,37,6,6,49,16,21
SUPER_11,7640000,111,5,15,131,58,53
SUPER_11,7650000,141,12,9,162,76,65
SUPER_11,7660000,107,6,12,125,53,54
SUPER_11,7670000,85,11,8,104,50,35
SUPER_11,7680000,105,13,9,127,50,55
SUPER_11,7690000,127,8,10,145,59,68
SUPER_11,7700000,115,11,7,133,58,57
SUPER_11,7710000,141,17,14,172,62,79
SUPER_11,7720000,191,16,23,230,80,111
SUPER_11,7730000,164,19,21,204,70,94
SUPER_11,7740000,134,9,6,149,74,60
SUPER_11,7750000,98,7,10,115,46,52
SUPER_11,7760000,129,6,9,144,68,61
SUPER_11,7770000,128,10,9,147,64,64
SUPER_11,7780000,54,5,5,64,30,24
SUPER_11,7790000,55,7,4,66,29,26
SUPER_11,7800000,40,5,9,54,19,21
SUPER_11,7810000,56,2,6,64,27,29
SUPER_11,7820000,164,23,11,198,67,97
SUPER_11,7830000,94,9,6,109,54,40
SUPER_11,7840000,95,14,9,118,55,40
SUPER_11,7850000,107,13,11,131,47,60
SUPER_11,7860000,144,9,15,168,69,75
SUPER_11,7870000,135,12,10,157,54,81
SUPER_11,7880000,138,13,14,165,71,67
SUPER_11,7890000,115,10,8,133,55,60
SUPER_11,7900000,84,8,8,100,53,31
SUPER_11,7910000,42,3,6,51,21,21
SUPER_11,7920000,71,6,4,81,41,30
SUPER_11,7930000,103,10,13,126,54,49
SUPER_11,7940000,67,12,2,81,39,28
SUPER_11,7950000,130,14,16,160,71,59
SUPER_11,7960000,131,14,9,154,59,72
SUPER_11,7970000,158,29,12,199,80,78
SUPER_11,7980000,114,8,9,131,57,57
SUPER_11,7990000,67,7,6,80,36,31
SUPER_11,8000000,58,2,4,64,29,29
SUPER_11,8010000,104,5,5,114,50,54
SUPER_11,8020000,98,15,14,127,44,54
SUPER_11,8030000,134,11,11,156,80,54
SUPER_11,8040000,165,12,17,194,63,102
SUPER_11,8050000,193,21,15,229,94,99
SUPER_11,8060000,202,20,15,237,98,104
SUPER_11,8070000,207,26,22,255,98,109
SUPER_11,8080000,207,23,26,256,93,114
SUPER_11,8090000,163,8,10,181,80,83
SUPER_11,8100000,105,8,6,119,55,50
SUPER_11,8110000,32,0,2,34,12,20
SUPER_11,8120000,63,5,9,77,38,25
SUPER_11,8130000,130,13,10,153,67,63
SUPER_11,8140000,167,18,21,206,92,75
SUPER_11,8150000,43,1,6,50,20,23
SUPER_11,8160000,126,10,6,142,57,69
SUPER_11,8170000,153,14,10,177,68,85
SUPER_11,8180000,168,19,20,207,80,88
SUPER_11,8190000,197,20,15,232,99,98
SUPER_11,8200000,153,13,14,180,84,69
SUPER_11,8210000,155,18,17,190,77,78
SUPER_11,8220000,193,13,19,225,109,84
SUPER_11,8230000,176,14,11,201,96,80
SUPER_11,8240000,191,13,18,222,90,101
SUPER_11,8250000,114,12,12,138,65,49
SUPER_11,8260000,132,16,13,161,61,71
SUPER_11,8270000,163,9,17,189,85,78
SUPER_11,8280000,113,7,9,129,62,51
SUPER_11,8290000,194,13,18,225,103,91
SUPER_11,8300000,180,11,10,201,86,94
SUPER_11,8310000,130,7,10,147,71,59
SUPER_11,8320000,134,9,9,152,66,68
SUPER_11,8330000,161,9,11,181,97,64
SUPER_11,8340000,29,4,1,34,15,14
SUPER_11,8350000,48,4,4,56,21,27
SUPER_11,8360000,250,21,27,298,141,109
SUPER_11,8370000,234,20,23,277,121,113
SUPER_11,8380000,166,14,13,193,85,81
SUPER_11,8390000,164,15,21,200,70,94
SUPER_11,8400000,159,8,19,186,69,90
SUPER_11,8410000,163,10,16,189,81,82
SUPER_11,8420000,189,21,20,230,79,110
SUPER_11,8430000,164,14,11,189,89,75
SUPER_11,8440000,246,16,26,288,127,119
SUPER_11,8450000,136,20,8,164,83,53
SUPER_11,8460000,101,12,9,122,53,48
SUPER_11,8470000,168,13,22,203,78,90
SUPER_11,8480000,90,8,6,104,51,39
SUPER_11,8490000,55,3,7,65,26,29
SUPER_11,8500000,127,13,7,147,69,58
SUPER_11,8510000,54,2,7,63,36,18
SUPER_11,8520000,51,5,5,61,28,23
SUPER_11,8530000,111,13,10,134,63,48
SUPER_11,8540000,86,4,6,96,38,48
SUPER_11,8550000,59,5,5,69,29,30
SUPER_11,8560000,115,11,19,145,62,53
SUPER_11,8570000,161,15,19,195,83,78
SUPER_11,8580000,214,20,23,257,95,119
SUPER_11,8590000,155,14,10,179,84,71
SUPER_11,8600000,113,15,11,139,55,58
SUPER_11,8610000,64,19,8,91,34,30
SUPER_11,8620000,141,13,20,174,74,67
SUPER_11,8630000,103,10,6,119,59,44
SUPER_11,8640000,126,11,12,149,54,72
SUPER_11,8650000,119,5,9,133,59,60
SUPER_11,8660000,103,10,12,125,50,53
SUPER_11,8670000,0,0,0,0,0,0
SUPER_11,8680000,0,0,0,0,0,0
SUPER_11,8690000,0,0,0,0,0,0
SUPER_11,8700000,139,7,10,156,63,76
SUPER_11,8710000,69,10,5,84,34,35
SUPER_11,8720000,83,7,8,98,39,44
SUPER_11,8730000,109,9,8,126,49,60
SUPER_11,8740000,109,8,13,130,56,53
SUPER_11,8750000,102,12,15,129,52,50
SUPER_11,8760000,146,9,12,167,65,81
SUPER_11,8770000,112,5,7,124,45,67
SUPER_11,8780000,126,6,9,141,65,61
SUPER_11,8790000,107,14,10,131,53,54
SUPER_11,8800000,193,22,17,232,93,100
SUPER_11,8810000,134,12,12,158,56,78
SUPER_11,8820000,195,16,15,226,96,99
SUPER_11,8830000,214,23,10,247,105,109
SUPER_11,8840000,196,17,12,225,100,96
SUPER_11,8850000,120,13,13,146,57,63
SUPER_11,8860000,214,30,15,259,100,114
SUPER_11,8870000,194,21,22,237,90,104
SUPER_11,8880000,198,9,28,235,90,108
SUPER_11,8890000,202,15,25,242,82,120
SUPER_11,8900000,249,23,15,287,110,139
SUPER_11,8910000,108,12,14,134,62,46
SUPER_11,8920000,90,2,7,99,47,43
SUPER_11,8930000,139,19,12,170,70,69
SUPER_11,8940000,185,23,19,227,95,90
SUPER_11,8950000,121,17,20,158,64,57
SUPER_11,8960000,127,13,13,153,70,57
SUPER_11,8970000,157,10,10,177,73,84
SUPER_11,8980000,229,25,27,281,120,109
SUPER_11,8990000,116,14,12,142,55,61
SUPER_11,9000000,85,10,5,100,43,42
SUPER_11,9010000,186,22,12,220,90,96
SUPER_11,9020000,228,26,28,282,111,117
SUPER_11,9030000,80,10,4,94,41,39
SUPER_11,9040000,108,11,11,130,58,50
SUPER_11,9050000,81,6,8,95,41,40
SUPER_11,9060000,111,4,7,122,62,49
SUPER_11,9070000,146,13,21,180,79,67
SUPER_11,9080000,143,17,12,172,85,58
SUPER_11,9090000,42,3,7,52,26,16
SUPER_11,9100000,0,0,0,0,0,0
SUPER_11,9110000,0,0,0,0,0,0
SUPER_11,9120000,13,0,2,15,7,6
SUPER_11,9130000,31,3,5,39,15,16
SUPER_11,9140000,79,11,6,96,41,38
SUPER_11,9150000,184,21,16,221,88,96
SUPER_11,9160000,84,6,8,98,47,37
SUPER_11,9170000,103,6,8,117,56,47
SUPER_11,9180000,12,3,4,19,6,6
SUPER_11,9190000,83,9,8,100,45,38
SUPER_11,9200000,70,4,7,81,38,32
SUPER_11,9210000,181,12,18,211,94,87
SUPER_11,9220000,146,15,22,183,71,75
SUPER_11,9230000,154,18,15,187,65,89
SUPER_11,9240000,276,27,23,326,133,143
SUPER_11,9250000,117,13,16,146,62,55
SUPER_11,9260000,143,17,14,174,80,63
SUPER_11,9270000,107,8,7,122,56,51
SUPER_11,9280000,89,6,10,105,53,36
SUPER_11,9290000,148,13,12,173,69,79
SUPER_11,9300000,126,8,11,145,72,54
SUPER_11,9310000,0,0,0,0,0,0
SUPER_11,9320000,0,0,0,0,0,0
SUPER_11,9330000,290,30,24,344,144,146
SUPER_11,9340000,101,4,11,116,42,59
SUPER_11,9350000,88,5,7,100,44,44
SUPER_11,9360000,10,1,3,14,7,3
SUPER_11,9370000,1,1,0,2,0,1
SUPER_11,9380000,101,6,8,115,50,51
SUPER_11,9390000,58,2,4,64,29,29
SUPER_11,9400000,167,16,11,194,73,94
SUPER_11,9410000,230,17,21,268,125,105
SUPER_11,9420000,262,19,9,290,120,142
SUPER_11,9430000,180,11,18,209,77,103
SUPER_11,9440000,118,4,8,130,71,47
SUPER_11,9450000,230,21,14,265,125,105
SUPER_11,9460000,301,26,20,347,157,144
SUPER_11,9470000,259,19,14,292,121,138
SUPER_11,9480000,199,9,20,228,88,111
SUPER_11,9490000,277,21,23,321,148,129
SUPER_11,9500000,136,7,7,150,66,70
SUPER_11,9510000,127,11,6,144,71,56
SUPER_11,9520000,151,17,14,182,86,65
SUPER_11,9530000,143,13,6,162,76,67
SUPER_11,9540000,189,14,13,216,94,95
SUPER_11,9550000,32,4,2,38,19,13
SUPER_11,9560000,182,15,24,221,87,95
SUPER_11,9570000,125,9,10,144,65,60
SUPER_11,9580000,162,10,14,186,83,79
SUPER_11,9590000,88,11,4,103,42,46
SUPER_11,9600000,137,16,9,162,96,41
SUPER_11,9610000,131,10,9,150,74,57
SUPER_11,9620000,83,5,6,94,45,38
SUPER_11,9630000,56,2,2,60,31,25
SUPER_11,9640000,32,10,0,42,11,21
SUPER_11,9650000,281,20,27,328,147,134
SUPER_11,9660000,141,18,9,168,67,74
SUPER_11,9670000,70,4,9,83,33,37
SUPER_11,9680000,189,13,11,213,112,77
SUPER_11,9690000,236,12,19,267,129,107
SUPER_11,9700000,32,2,4,38,13,19
SUPER_11,9710000,126,12,9,147,67,59
SUPER_11,9720000,135,8,10,153,66,69
SUPER_11,9730000,58,10,7,75,30,28
SUPER_11,9740000,128,13,8,149,62,66
SUPER_11,9750000,129,14,12,155,58,71
SUPER_11,9760000,232,19,22,273,114,118
SUPER_11,9770000,120,11,9,140,58,62
SUPER_11,9780000,151,14,15,180,76,75
SUPER_11,9790000,167,17,16,200,90,77
SUPER_11,9800000,213,17,24,254,117,96
SUPER_11,9810000,131,13,12,156,73,58
SUPER_11,9820000,187,23,23,233,102,85
SUPER_11,9830000,99,16,12,127,49,50
SUPER_11,9840000,186,17,20,223,103,83
SUPER_11,9850000,263,18,27,308,121,142
SUPER_11,9860000,176,22,20,218,83,93
SUPER_11,9870000,121,7,9,137,64,57
SUPER_11,9880000,187,16,22,225,93,94
SUPER_11,9890000,209,18,16,243,96,113
SUPER_11,9900000,19,0,0,19,13,6
SUPER_11,9910000,172,19,7,198,89,83
SUPER_11,9920000,225,20,23,268,112,113
SUPER_11,9930000,230,18,20,268,117,113
SUPER_11,9940000,173,12,16,201,91,82
SUPER_11,9950000,165,15,18,198,95,70
SUPER_11,9960000,61,7,5,73,32,29
SUPER_11,9970000,163,12,18,193,82,81
SUPER_11,9980000,307,26,20,353,139,168
SUPER_11,9990000,189,15,13,217,88,101
SUPER_11,10000000,240,16,23,279,116,124
SUPER_11,10010000,288,27,25,340,155,133
SUPER_11,10020000,149,9,14,172,66,83
SUPER_11,10030000,66,5,4,75,37,29
SUPER_11,10040000,24,1,4,29,12,12
SUPER_11,10050000,159,15,13,187,87,72
SUPER_11,10060000,209,19,18,246,101,108
SUPER_11,10070000,201,18,21,240,94,107
SUPER_11,10080000,111,11,11,133,62,49
SUPER_11,10090000,278,21,34,333,129,149
SUPER_11,10100000,227,17,34,278,114,113
SUPER_11,10110000,145,10,23,178,75,70
SUPER_11,10120000,63,3,5,71,39,24
SUPER_11,10130000,106,8,7,121,62,44
SUPER_11,10140000,96,14,4,114,42,54
SUPER_11,10150000,83,9,9,101,38,45
SUPER_11,10160000,64,7,7,78,24,40
SUPER_11,10170000,115,10,10,135,63,52
SUPER_11,10180000,205,18,14,237,111,94
SUPER_11,10190000,218,22,22,262,108,110
SUPER_11,10200000,11,3,1,15,5,6
SUPER_11,10210000,53,9,7,69,27,26
SUPER_11,10220000,138,17,10,165,81,57
SUPER_11,10230000,103,10,13,126,56,47
SUPER_11,10240000,210,22,24,256,106,104
SUPER_11,10250000,246,21,23,290,131,115
SUPER_11,10260000,114,6,19,139,54,60
SUPER_11,10270000,197,13,19,229,92,105
SUPER_11,10280000,258,23,23,304,133,125
SUPER_11,10290000,226,25,19,270,106,120
SUPER_11,10300000,149,9,11,169,71,78
SUPER_11,10310000,65,5,6,76,29,36
SUPER_11,10320000,58,7,5,70,26,32
SUPER_11,10330000,213,18,17,248,99,114
SUPER_11,10340000,60,5,5,70,30,30
SUPER_11,10350000,173,8,18,199,91,82
SUPER_11,10360000,3,0,1,4,2,1
SUPER_11,10370000,83,15,12,110,39,44
SUPER_11,10380000,47,3,9,59,28,19
SUPER_11,10390000,82,7,9,98,43,39
SUPER_11,10400000,104,12,13,129,47,57
SUPER_11,10410000,59,2,6,67,34,25
SUPER_11,10420000,79,3,9,91,42,37
SUPER_11,10430000,30,2,4,36,15,15
SUPER_11,10440000,166,23,9,198,86,80
SUPER_11,10450000,258,23,29,310,138,120
SUPER_11,10460000,41,2,6,49,26,15
SUPER_11,10470000,46,6,4,56,17,29
SUPER_11,10480000,55,3,7,65,30,25
SUPER_11,10490000,16,4,1,21,7,9
SUPER_11,10500000,123,14,7,144,68,55
SUPER_11,10510000,99,13,13,125,43,56
SUPER_11,10520000,189,15,19,223,89,100
SUPER_11,10530000,222,12,16,250,115,107
SUPER_11,10540000,235,16,24,275,124,111
SUPER_11,10550000,214,25,19,258,110,104
SUPER_11,10560000,237,30,26,293,126,111
SUPER_11,10570000,87,8,8,103,46,41
SUPER_11,10580000,133,8,13,154,79,54
SUPER_11,10590000,103,5,5,113,56,47
SUPER_11,10600000,156,11,13,180,83,73
SUPER_11,10610000,22,0,0,22,12,10
SUPER_11,10620000,34,5,2,41,16,18
SUPER_11,10630000,7,3,2,12,4,3
SUPER_11,10640000,190,11,14,215,96,94
SUPER_11,10650000,21,4,3,28,13,8
SUPER_11,10660000,161,24,12,197,78,83
SUPER_11,10670000,143,14,16,173,77,66
SUPER_11,10680000,266,22,16,304,132,134
SUPER_11,10690000,232,15,19,266,90,142
SUPER_11,10700000,74,5,5,84,45,29
SUPER_11,10710000,54,4,5,63,21,33
SUPER_11,10720000,18,0,1,19,11,7
SUPER_11,10730000,0,0,0,0,0,0
SUPER_11,10740000,0,0,0,0,0,0
SUPER_11,10750000,74,9,7,90,36,38
SUPER_11,10760000,102,10,4,116,48,54
SUPER_11,10770000,258,18,22,298,137,121
SUPER_11,10780000,11,0,0,11,6,5
SUPER_11,10790000,13,0,0,13,6,7
SUPER_11,10800000,45,1,6,52,25,20
SUPER_11,10810000,245,14,19,278,116,129
SUPER_11,10820000,153,20,17,190,76,77
SUPER_11,10830000,218,13,26,257,108,110
SUPER_11,10840000,246,16,26,288,122,124
SUPER_11,10850000,295,20,21,336,138,157
SUPER_11,10860000,130,6,14,150,61,69
SUPER_11,10870000,197,12,21,230,119,78
SUPER_11,10880000,299,15,24,338,149,150
SUPER_11,10890000,119,12,9,140,65,54
SUPER_11,10900000,198,14,20,232,89,109
SUPER_11,10910000,217,16,19,252,113,104
SUPER_11,10920000,195,14,18,227,104,91
SUPER_11,10930000,200,13,17,230,92,108
SUPER_11,10940000,141,16,5,162,79,62
SUPER_11,10950000,138,5,10,153,65,73
SUPER_11,10960000,252,18,17,287,128,124
SUPER_11,10970000,224,13,15,252,125,99
SUPER_11,10980000,100,6,11,117,42,58
SUPER_11,10990000,155,11,17,183,86,69
SUPER_11,11000000,252,20,20,292,133,119
SUPER_11,11010000,187,25,14,226,73,114
SUPER_11,11020000,64,6,6,76,24,40
SUPER_11,11030000,70,1,7,78,36,34
SUPER_11,11040000,69,6,6,81,31,38
SUPER_11,11050000,20,0,2,22,5,15
SUPER_11,11060000,64,3,13,80,35,29
SUPER_11,11070000,169,15,11,195,76,93
SUPER_11,11080000,137,12,10,159,76,61
SUPER_11,11090000,168,16,16,200,84,84
SUPER_11,11100000,0,0,0,0,0,0
SUPER_11,11110000,0,0,0,0,0,0
SUPER_11,11120000,330,29,17,376,191,139
SUPER_11,11130000,43,1,2,46,22,21
SUPER_11,11140000,52,1,2,55,25,27
SUPER_11,11150000,225,22,24,271,115,110
SUPER_11,11160000,171,11,13,195,91,80
SUPER_11,11170000,232,18,27,277,121,111
SUPER_11,11180000,212,19,15,246,99,113
SUPER_11,11190000,154,13,4,171,80,74
SUPER_11,11200000,269,18,29,316,132,137
SUPER_11,11210000,41,5,3,49,22,19
SUPER_11,11220000,33,5,5,43,17,16
SUPER_11,11230000,150,13,10,173,78,72
SUPER_11,11240000,74,2,5,81,32,42
SUPER_11,11250000,15,1,2,18,9,6
SUPER_11,11260000,62,4,3,69,34,28
SUPER_11,11270000,107,8,11,126,57,50
SUPER_11,11280000,128,8,14,150,64,64
SUPER_11,11290000,135,12,14,161,70,65
SUPER_11,11300000,32,4,0,36,19,13
SUPER_11,11310000,169,21,16,206,73,96
SUPER_11,11320000,135,20,15,170,69,66
SUPER_11,11330000,156,16,15,187,78,78
SUPER_11,11340000,211,10,23,244,97,114
SUPER_11,11350000,83,6,10,99,35,48
SUPER_11,11360000,243,20,27,290,115,128
SUPER_11,11370000,246,28,22,296,122,124
SUPER_11,11380000,255,21,26,302,125,130
SUPER_11,11390000,220,16,17,253,107,113
SUPER_11,11400000,92,12,7,111,43,49
SUPER_11,11410000,210,16,24,250,102,108
SUPER_11,11420000,133,13,11,157,69,64
SUPER_11,11430000,14,0,1,15,4,10
SUPER_11,11440000,232,20,15,267,116,116
SUPER_11,11450000,285,15,25,325,137,148
SUPER_11,11460000,90,4,10,104,55,35
SUPER_11,11470000,116,7,5,128,59,57
SUPER_11,11480000,160,9,13,182,80,80
SUPER_11,11490000,313,37,27,377,168,145
SUPER_11,11500000,139,13,15,167,78,61
SUPER_11,11510000,40,4,3,47,22,18
SUPER_11,11520000,228,12,19,259,121,107
SUPER_11,11530000,132,13,10,155,78,54
SUPER_11,11540000,174,18,11,203,102,72
SUPER_11,11550000,71,5,3,79,34,37
SUPER_11,11560000,166,19,16,201,98,68
SUPER_11,11570000,163,19,17,199,77,86
SUPER_11,11580000,257,28,30,315,132,125
SUPER_11,11590000,251,22,27,300,122,129
SUPER_11,11600000,204,11,20,235,100,104
SUPER_11,11610000,208,18,19,245,86,122
SUPER_11,11620000,228,16,15,259,119,109
SUPER_11,11630000,65,4,5,74,28,37
SUPER_11,11640000,173,18,13,204,87,86
SUPER_11,11650000,50,6,1,57,25,25
SUPER_11,11660000,165,15,20,200,89,76
SUPER_11,11670000,254,32,32,318,116,138
SUPER_11,11680000,121,12,13,146,67,54
SUPER_11,11690000,266,21,28,315,130,136
SUPER_11,11700000,246,23,25,294,123,123
SUPER_11,11710000,0,0,0,0,0,0
SUPER_11,11720000,0,0,0,0,0,0
SUPER_11,11730000,96,9,10,115,50,46
SUPER_11,11740000,157,10,17,184,77,80
SUPER_11,11750000,125,12,12,149,62,63
SUPER_11,11760000,99,5,6,110,48,51
SUPER_11,11770000,143,11,16,170,67,76
SUPER_11,11780000,94,5,10,109,57,37
SUPER_11,11790000,207,19,15,241,105,102
SUPER_11,11800000,280,24,27,331,131,149
SUPER_11,11810000,25,4,5,34,12,13
SUPER_11,11820000,251,23,14,288,132,119
SUPER_11,11830000,289,22,21,332,147,142
SUPER_11,11840000,213,16,30,259,111,102
SUPER_11,11850000,177,20,12,209,81,96
SUPER_11,11860000,282,21,17,320,133,149
SUPER_11,11870000,254,23,20,297,134,120
SUPER_11,11880000,160,8,16,184,85,75
SUPER_11,11890000,68,3,10,81,37,31
SUPER_11,11900000,88,10,6,104,42,46
SUPER_11,11910000,216,14,19,249,107,109
SUPER_11,11920000,88,8,3,99,40,48
SUPER_11,11930000,23,0,3,26,14,9
SUPER_11,11940000,104,11,8,123,55,49
SUPER_11,11950000,88,10,3,101,41,47
SUPER_11,11960000,268,15,12,295,138,130
SUPER_11,11970000,33,2,8,43,13,20
SUPER_11,11980000,146,16,15,177,68,78
SUPER_11,11990000,248,26,18,292,126,122
SUPER_11,12000000,253,26,22,301,128,125
SUPER_11,12010000,268,23,12,303,127,141
SUPER_11,12020000,217,17,24,258,107,110
SUPER_11,12030000,132,9,12,153,64,68
SUPER_11,12040000,128,9,8,145,66,62
SUPER_11,12050000,203,17,22,242,94,109
SUPER_11,12060000,206,18,30,254,106,100
SUPER_11,12070000,128,10,13,151,61,67
SUPER_11,12080000,171,14,22,207,82,89
SUPER_11,12090000,247,22,31,300,136,111
SUPER_11,12100000,159,10,14,183,74,85
SUPER_11,12110000,102,5,9,116,60,42
SUPER_11,12120000,288,26,30,344,146,142
SUPER_11,12130000,306,36,24,366,144,162
SUPER_11,12140000,108,9,13,130,47,61
SUPER_11,12150000,106,12,16,134,47,59
SUPER_11,12160000,177,17,13,207,97,80
SUPER_11,12170000,73,7,5,85,34,39
SUPER_11,12180000,247,17,18,282,136,111
SUPER_11,12190000,139,13,14,166,69,70
SUPER_11,12200000,210,18,6,234,94,116
SUPER_11,12210000,243,17,15,275,124,119
SUPER_11,12220000,202,13,23,238,112,90
SUPER_11,12230000,126,11,11,148,71,55
SUPER_11,12240000,153,8,9,170,84,69
SUPER_11,12250000,288,25,24,337,151,137
SUPER_11,12260000,310,28,29,367,151,159
SUPER_11,12270000,210,14,20,244,103,107
SUPER_11,12280000,110,10,10,130,59,51
SUPER_11,12290000,268,22,21,311,139,129
SUPER_11,12300000,276,24,24,324,132,144
SUPER_11,12310000,318,26,19,363,159,159
SUPER_11,12320000,306,24,33,363,146,160
SUPER_11,12330000,242,28,17,287,118,124
SUPER_11,12340000,187,19,16,222,105,82
SUPER_11,12350000,254,21,23,298,124,130
SUPER_11,12360000,192,18,16,226,103,89
SUPER_11,12370000,213,29,22,264,106,107
SUPER_11,12380000,178,13,17,208,86,92
SUPER_11,12390000,158,7,8,173,86,72
SUPER_11,12400000,52,9,5,66,30,22
SUPER_11,12410000,259,16,22,297,124,135
SUPER_11,12420000,226,20,18,264,113,113
SUPER_11,12430000,85,19,15,119,33,52
SUPER_11,12440000,71,5,4,80,34,37
SUPER_11,12450000,283,27,23,333,151,132
SUPER_11,12460000,116,9,8,133,57,59
SUPER_11,12470000,276,21,29,326,132,144
SUPER_11,12480000,282,23,21,326,122,160
SUPER_11,12490000,26,1,2,29,10,16
SUPER_11,12500000,108,9,24,141,52,56
SUPER_11,12510000,247,24,23,294,120,127
SUPER_11,12520000,197,16,11,224,104,93
SUPER_11,12530000,160,13,15,188,84,76
SUPER_11,12540000,164,7,19,190,66,98
SUPER_11,12550000,81,3,4,88,37,44
SUPER_11,12560000,174,16,13,203,92,82
SUPER_11,12570000,108,8,14,130,53,55
SUPER_11,12580000,201,11,19,231,108,93
SUPER_11,12590000,192,16,14,222,98,94
SUPER_11,12600000,225,19,28,272,103,122
SUPER_11,12610000,280,24,21,325,143,137
SUPER_11,12620000,250,20,19,289,126,124
SUPER_11,12630000,192,15,14,221,102,90
SUPER_11,12640000,1,0,0,1,0,1
SUPER_11,12650000,162,13,11,186,85,77
SUPER_11,12660000,254,30,23,307,129,125
SUPER_11,12670000,221,21,20,262,110,111
SUPER_11,12680000,91,7,7,105,43,48
SUPER_11,12690000,177,11,14,202,87,90
SUPER_11,12700000,199,20,16,235,104,95
SUPER_11,12710000,272,21,17,310,126,146
SUPER_11,12720000,241,12,28,281,120,121
SUPER_11,12730000,209,13,19,241,111,98
SUPER_11,12740000,149,10,18,177,81,68
SUPER_11,12750000,183,16,16,215,97,86
SUPER_11,12760000,88,4,9,101,48,40
SUPER_11,12770000,161,15,20,196,84,77
SUPER_11,12780000,173,13,15,201,78,95
SUPER_11,12790000,170,26,19,215,96,74
SUPER_11,12800000,143,8,7,158,85,58
SUPER_11,12810000,275,11,25,311,140,135
SUPER_11,12820000,156,9,16,181,74,82
SUPER_11,12830000,117,3,7,127,56,61
SUPER_11,12840000,244,17,28,289,117,127
SUPER_11,12850000,265,19,21,305,130,135
SUPER_11,12860000,196,15,15,226,103,93
SUPER_11,12870000,223,23,13,259,111,112
SUPER_11,12880000,146,5,8,159,74,72
SUPER_11,12890000,241,20,23,284,124,117
SUPER_11,12900000,236,14,15,265,111,125
SUPER_11,12910000,32,2,1,35,17,15
SUPER_11,12920000,164,7,10,181,87,77
SUPER_11,12930000,187,19,15,221,92,95
SUPER_11,12940000,159,10,17,186,68,91
SUPER_11,12950000,137,10,18,165,75,62
SUPER_11,12960000,53,4,4,61,28,25
SUPER_11,12970000,124,11,9,144,62,62
SUPER_11,12980000,123,13,10,146,68,55
SUPER_11,12990000,222,14,16,252,113,109
SUPER_11,13000000,0,0,0,0,0,0
SUPER_11,13010000,0,0,0,0,0,0
SUPER_11,13020000,0,0,0,0,0,0
SUPER_11,13030000,0,0,0,0,0,0
SUPER_11,13040000,97,8,8,113,45,52
SUPER_11,13050000,15,0,1,16,9,6
SUPER_11,13060000,24,0,0,24,11,13
SUPER_11,13070000,12,0,1,13,5,7
SUPER_11,13080000,183,15,14,212,90,93
SUPER_11,13090000,200,9,18,227,96,104
SUPER_11,13100000,36,2,5,43,25,11
SUPER_11,13110000,14,0,2,16,8,6
SUPER_11,13120000,162,14,14,190,72,90
SUPER_11,13130000,179,11,10,200,95,84
SUPER_11,13140000,139,6,16,161,83,56
SUPER_11,13150000,214,20,21,255,100,114
SUPER_11,13160000,246,26,21,293,117,129
SUPER_11,13170000,80,8,5,93,46,34
SUPER_11,13180000,243,16,16,275,123,120
SUPER_11,13190000,165,16,13,194,86,79
SUPER_11,13200000,319,27,37,383,153,166
SUPER_11,13210000,25,1,6,32,11,14
SUPER_11,13220000,11,0,1,12,6,5
SUPER_11,13230000,57,4,7,68,35,22
SUPER_11,13240000,31,7,2,40,16,15
SUPER_11,13250000,33,1,2,36,16,17
SUPER_11,13260000,40,4,3,47,21,19
SUPER_11,13270000,0,0,0,0,0,0
SUPER_11,13280000,0,0,0,0,0,0
SUPER_11,13290000,0,0,0,0,0,0
SUPER_11,13300000,45,5,4,54,19,26
SUPER_11,13310000,0,0,0,0,0,0
SUPER_11,13320000,0,0,0,0,0,0
SUPER_11,13330000,0,0,0,0,0,0
SUPER_11,13340000,0,0,0,0,0,0
SUPER_11,13350000,56,7,10,73,25,31
SUPER_12,10000,2,3,0,5,0,2
SUPER_12,20000,0,0,0,0,0,0
SUPER_12,30000,0,0,0,0,0,0
SUPER_12,40000,0,3,1,4,0,0
SUPER_12,50000,62,2,8,72,39,23
SUPER_12,60000,15,2,2,19,5,10
SUPER_12,70000,110,6,16,132,64,46
SUPER_12,80000,140,10,10,160,76,64
SUPER_12,90000,54,4,4,62,28,26
SUPER_12,100000,154,15,18,187,77,77
SUPER_12,110000,200,14,23,237,105,95
SUPER_12,120000,224,21,13,258,121,103
SUPER_12,130000,3,0,0,3,3,0
SUPER_12,140000,6,1,0,7,1,5
SUPER_12,150000,97,10,9,116,53,44
SUPER_12,160000,107,6,7,120,60,47
SUPER_12,170000,118,6,7,131,58,60
SUPER_12,180000,178,19,11,208,85,93
SUPER_12,190000,84,10,11,105,46,38
SUPER_12,200000,66,4,3,73,33,33
SUPER_12,210000,210,22,15,247,98,112
SUPER_12,220000,183,16,22,221,95,88
SUPER_12,230000,193,16,18,227,96,97
SUPER_12,240000,216,18,22,256,123,93
SUPER_12,250000,208,14,19,241,109,99
SUPER_12,260000,270,26,27,323,141,129
SUPER_12,270000,279,25,22,326,145,134
SUPER_12,280000,10,2,3,15,2,8
SUPER_12,290000,203,14,25,242,103,100
SUPER_12,300000,180,14,20,214,90,90
SUPER_12,310000,179,14,15,208,94,85
SUPER_12,320000,100,5,6,111,48,52
SUPER_12,330000,73,6,7,86,38,35
SUPER_12,340000,225,16,31,272,119,106
SUPER_12,350000,240,15,20,275,137,103
SUPER_12,360000,276,19,22,317,144,132
SUPER_12,370000,27,0,4,31,15,12
SUPER_12,380000,176,20,11,207,91,85
SUPER_12,390000,149,18,12,179,71,78
SUPER_12,400000,221,17,19,257,102,119
SUPER_12,410000,146,12,19,177,70,76
SUPER_12,420000,178,10,14,202,90,88
SUPER_12,430000,263,22,22,307,136,127
SUPER_12,440000,164,16,13,193,83,81
SUPER_12,450000,35,0,0,35,22,13
SUPER_12,460000,0,0,0,0,0,0
SUPER_12,470000,0,0,0,0,0,0
SUPER_12,480000,199,8,17,224,112,87
SUPER_12,490000,140,10,20,170,70,70
SUPER_12,500000,62,6,6,74,30,32
SUPER_12,510000,95,13,8,116,51,44
SUPER_12,520000,230,17,25,272,116,114
SUPER_12,530000,265,39,23,327,124,141
SUPER_12,540000,255,18,23,296,114,141
SUPER_12,550000,175,16,17,208,83,92
SUPER_12,560000,133,10,6,149,74,59
SUPER_12,570000,239,22,13,274,110,129
SUPER_12,580000,217,30,22,269,107,110
SUPER_12,590000,118,4,4,126,65,53
SUPER_12,600000,124,10,6,140,69,55
SUPER_12,610000,226,11,28,265,124,102
SUPER_12,620000,198,19,17,234,93,105
SUPER_12,630000,247,31,22,300,122,125
SUPER_12,640000,187,11,15,213,94,93
SUPER_12,650000,139,10,10,159,65,74
SUPER_12,660000,250,24,20,294,125,125
SUPER_12,670000,65,2,4,71,34,31
SUPER_12,680000,71,2,8,81,31,40
SUPER_12,690000,216,20,17,253,107,109
SUPER_12,700000,203,19,12,234,114,89
SUPER_12,710000,60,4,5,69,24,36
SUPER_12,720000,80,11,3,94,38,42
SUPER_12,730000,266,20,29,315,136,130
SUPER_12,740000,200,23,11,234,107,93
SUPER_12,750000,251,20,29,300,127,124
SUPER_12,760000,258,20,22,300,135,123
SUPER_12,770000,152,9,10,171,92,60
SUPER_12,780000,208,16,13,237,111,97
SUPER_12,790000,0,0,0,0,0,0
SUPER_12,800000,0,0,0,0,0,0
SUPER_12,810000,0,0,0,0,0,0
SUPER_12,820000,132,12,7,151,71,61
SUPER_12,830000,170,31,18,219,81,89
SUPER_12,840000,232,16,21,269,107,125
SUPER_12,850000,282,26,21,329,137,145
SUPER_12,860000,307,23,42,372,158,149
SUPER_12,870000,294,18,30,342,158,136
SUPER_12,880000,206,23,11,240,115,91
SUPER_12,890000,209,13,11,233,128,81
SUPER_12,900000,215,19,9,243,108,107
SUPER_12,910000,13,1,2,16,7,6
SUPER_12,920000,65,4,6,75,33,32
SUPER_12,930000,175,14,8,197,93,82
SUPER_12,940000,0,0,2,2,0,0
SUPER_12,950000,30,3,2,35,19,11
SUPER_12,960000,94,4,5,103,52,42
SUPER_12,970000,120,6,12,138,60,60
SUPER_12,980000,104,7,12,123,55,49
SUPER_12,990000,107,7,11,125,49,58
SUPER_12,1000000,233,19,15,267,132,101
SUPER_12,1010000,69,1,8,78,35,34
SUPER_12,1020000,153,12,17,182,77,76
SUPER_12,1030000,251,18,18,287,111,140
SUPER_12,1040000,224,23,26,273,108,116
SUPER_12,1050000,110,6,8,124,53,57
SUPER_12,1060000,66,11,5,82,39,27
SUPER_12,1070000,124,11,13,148,68,56
SUPER_12,1080000,139,4,11,154,73,66
SUPER_12,1090000,166,12,18,196,80,86
SUPER_12,1100000,171,12,17,200,79,92
SUPER_12,1110000,47,8,5,60,24,23
SUPER_12,1120000,79,6,5,90,45,34
SUPER_12,1130000,249,17,21,287,117,132
SUPER_12,1140000,205,14,18,237,105,100
SUPER_12,1150000,246,25,19,290,135,111
SUPER_12,1160000,252,25,20,297,122,130
SUPER_12,1170000,320,13,30,363,153,167
SUPER_12,1180000,221,10,24,255,111,110
SUPER_12,1190000,209,22,16,247,98,111
SUPER_12,1200000,281,17,33,331,143,138
SUPER_12,1210000,131,10,12,153,62,69
SUPER_12,1220000,66,2,6,74,28,38
SUPER_12,1230000,109,8,6,123,55,54
SUPER_12,1240000,226,17,14,257,129,97
SUPER_12,1250000,225,14,19,258,114,111
SUPER_12,1260000,224,13,22,259,124,100
SUPER_12,1270000,118,11,12,141,61,57
SUPER_12,1280000,243,27,26,296,122,121
SUPER_12,1290000,280,26,20,326,127,153
SUPER_12,1300000,64,6,4,74,29,35
SUPER_12,1310000,57,7,4,68,26,31
SUPER_12,1320000,176,13,14,203,101,75
SUPER_12,1330000,206,10,13,229,107,99
SUPER_12,1340000,203,13,14,230,113,90
SUPER_12,1350000,194,5,19,218,99,95
SUPER_12,1360000,136,5,10,151,88,48
SUPER_12,1370000,197,22,26,245,99,98
SUPER_12,1380000,219,16,18,253,115,104
SUPER_12,1390000,240,18,10,268,117,123
SUPER_12,1400000,244,19,14,277,127,117
SUPER_12,1410000,133,5,8,146,77,56
SUPER_12,1420000,123,5,10,138,54,69
SUPER_12,1430000,147,11,15,173,74,73
SUPER_12,1440000,219,27,23,269,99,120
SUPER_12,1450000,175,18,11,204,92,83
SUPER_12,1460000,155,11,17,183,81,74
SUPER_12,1470000,106,7,7,120,51,55
SUPER_12,1480000,155,13,17,185,77,78
SUPER_12,1490000,205,18,25,248,101,104
SUPER_12,1500000,270,23,19,312,138,132
SUPER_12,1510000,68,9,9,86,42,26
SUPER_12,1520000,209,20,20,249,91,118
SUPER_12,1530000,288,31,21,340,152,136
SUPER_12,1540000,203,16,26,245,101,102
SUPER_12,1550000,248,21,18,287,121,127
SUPER_12,1560000,161,3,21,185,79,82
SUPER_12,1570000,193,10,18,221,102,91
SUPER_12,1580000,264,22,21,307,133,131
SUPER_12,1590000,81,6,9,96,40,41
SUPER_12,1600000,42,5,2,49,24,18
SUPER_12,1610000,58,3,3,64,23,35
SUPER_12,1620000,200,13,13,226,103,97
SUPER_12,1630000,248,19,22,289,127,121
SUPER_12,1640000,238,21,23,282,115,123
SUPER_12,1650000,111,12,8,131,57,54
SUPER_12,1660000,284,33,18,335,139,145
SUPER_12,1670000,241,24,15,280,125,116
SUPER_12,1680000,117,12,9,138,63,54
SUPER_12,1690000,134,14,6,154,70,64
SUPER_12,1700000,159,17,10,186,81,78
SUPER_12,1710000,77,7,9,93,43,34
SUPER_12,1720000,145,13,17,175,83,62
SUPER_12,1730000,41,4,4,49,28,13
SUPER_12,1740000,171,21,10,202,91,80
SUPER_12,1750000,226,22,27,275,114,112
SUPER_12,1760000,300,25,43,368,161,139
SUPER_12,1770000,256,27,30,313,129,127
SUPER_12,1780000,250,24,19,293,137,113
SUPER_12,1790000,52,5,7,64,26,26
SUPER_12,1800000,22,0,3,25,9,13
SUPER_12,1810000,194,24,22,240,84,110
SUPER_12,1820000,222,17,23,262,118,104
SUPER_12,1830000,125,11,7,143,67,58
SUPER_12,1840000,237,15,23,275,117,120
SUPER_12,1850000,270,31,20,321,139,131
SUPER_12,1860000,238,19,12,269,131,107
SUPER_12,1870000,55,1,6,62,26,29
SUPER_12,1880000,90,8,6,104,43,47
SUPER_12,1890000,59,6,6,71,30,29
SUPER_12,1900000,51,3,5,59,34,17
SUPER_12,1910000,112,6,13,131,60,52
SUPER_12,1920000,122,7,12,141,65,57
SUPER_12,1930000,241,7,19,267,124,117
SUPER_12,1940000,127,7,16,150,76,51
SUPER_12,1950000,164,12,13,189,91,73
SUPER_12,1960000,190,22,13,225,87,103
SUPER_12,1970000,207,20,17,244,93,114
SUPER_12,1980000,224,24,25,273,123,101
SUPER_12,1990000,268,33,24,325,139,129
SUPER_12,2000000,313,28,22,363,158,155
SUPER_12,2010000,172,12,17,201,85,87
SUPER_12,2020000,176,13,13,202,100,76
SUPER_12,2030000,121,14,12,147,67,54
SUPER_12,2040000,112,3,6,121,59,53
SUPER_12,2050000,182,17,13,212,89,93
SUPER_12,2060000,223,20,21,264,105,118
SUPER_12,2070000,239,18,22,279,139,100
SUPER_12,2080000,314,22,31,367,155,159
SUPER_12,2090000,151,13,13,177,75,76
SUPER_12,2100000,41,0,3,44,20,21
SUPER_12,2110000,277,22,23,322,147,130
SUPER_12,2120000,226,16,12,254,123,103
SUPER_12,2130000,100,10,7,117,50,50
SUPER_12,2140000,73,8,7,88,29,44
SUPER_12,2150000,57,3,6,66,33,24
SUPER_12,2160000,11,0,0,11,7,4
SUPER_12,2170000,24,2,6,32,11,13
SUPER_12,2180000,90,8,4,102,48,42
SUPER_12,2190000,59,7,6,72,29,30
SUPER_12,2200000,264,19,19,302,132,132
SUPER_12,2210000,73,3,8,84,32,41
SUPER_12,2220000,88,4,4,96,33,55
SUPER_12,2230000,19,0,0,19,7,12
SUPER_12,2240000,96,6,7,109,54,42
SUPER_12,2250000,87,5,10,102,49,38
SUPER_12,2260000,171,14,16,201,80,91
SUPER_12,2270000,96,9,10,115,53,43
SUPER_12,2280000,8,0,0,8,5,3
SUPER_12,2290000,124,12,11,147,70,54
SUPER_12,2300000,133,10,6,149,67,66
SUPER_12,2310000,0,0,0,0,0,0
SUPER_12,2320000,0,0,0,0,0,0
SUPER_12,2330000,54,2,5,61,26,28
SUPER_12,2340000,190,14,15,219,103,87
SUPER_12,2350000,238,20,22,280,116,122
SUPER_12,2360000,294,15,27,336,144,150
SUPER_12,2370000,5,0,1,6,3,2
SUPER_12,2380000,12,0,1,13,8,4
SUPER_12,2390000,138,15,15,168,60,78
SUPER_12,2400000,199,16,19,234,104,95
SUPER_12,2410000,211,16,21,248,100,111
SUPER_12,2420000,214,15,28,257,98,116
SUPER_12,2430000,175,16,14,205,80,95
SUPER_12,2440000,90,7,5,102,50,40
SUPER_12,2450000,231,23,20,274,108,123
SUPER_12,2460000,228,19,16,263,102,126
SUPER_12,2470000,283,20,27,330,133,150
SUPER_12,2480000,124,14,7,145,60,64
SUPER_12,2490000,72,4,2,78,37,35
SUPER_12,2500000,114,11,15,140,56,58
SUPER_12,2510000,122,7,6,135,70,52
SUPER_12,2520000,3,0,0,3,1,2
SUPER_12,2530000,21,1,0,22,10,11
SUPER_12,2540000,24,4,8,36,15,9
SUPER_12,2550000,29,6,5,40,14,15
SUPER_12,2560000,60,5,3,68,34,26
SUPER_12,2570000,40,3,3,46,18,22
SUPER_12,2580000,144,15,11,170,76,68
SUPER_12,2590000,91,10,4,105,46,45
SUPER_12,2600000,111,11,11,133,59,52
SUPER_12,2610000,130,8,12,150,68,62
SUPER_12,2620000,55,5,7,67,22,33
SUPER_12,2630000,139,12,8,159,76,63
SUPER_12,2640000,204,11,8,223,99,105
SUPER_12,2650000,234,22,16,272,113,121
SUPER_12,2660000,153,7,11,171,78,75
SUPER_12,2670000,2,0,0,2,0,2
SUPER_12,2680000,37,1,4,42,20,17
SUPER_12,2690000,43,4,4,51,22,21
SUPER_12,2700000,0,0,0,0,0,0
SUPER_12,2710000,0,0,0,0,0,0
SUPER_12,2720000,88,8,12,108,40,48
SUPER_12,2730000,59,6,3,68,30,29
SUPER_12,2740000,41,1,6,48,19,22
SUPER_12,2750000,54,1,10,65,27,27
SUPER_12,2760000,44,3,3,50,28,16
SUPER_12,2770000,14,2,1,17,5,9
SUPER_12,2780000,39,5,6,50,21,18
SUPER_12,2790000,0,0,0,0,0,0
SUPER_12,2800000,0,0,0,0,0,0
SUPER_12,2810000,184,19,22,225,92,92
SUPER_12,2820000,102,11,5,118,42,60
SUPER_12,2830000,226,15,27,268,96,130
SUPER_12,2840000,231,12,27,270,113,118
SUPER_12,2850000,173,10,22,205,86,87
SUPER_12,2860000,184,21,13,218,97,87
SUPER_12,2870000,157,13,19,189,81,76
SUPER_12,2880000,194,17,21,232,100,94
SUPER_12,2890000,160,14,20,194,79,81
SUPER_12,2900000,168,13,11,192,75,93
SUPER_12,2910000,161,13,19,193,85,76
SUPER_12,2920000,156,10,14,180,81,75
SUPER_12,2930000,162,12,24,198,79,83
SUPER_12,2940000,130,11,14,155,60,70
SUPER_12,2950000,195,14,20,229,93,102
SUPER_12,2960000,181,13,20,214,94,87
SUPER_12,2970000,84,7,8,99,40,44
SUPER_12,2980000,100,10,10,120,51,49
SUPER_12,2990000,90,10,4,104,38,52
SUPER_12,3000000,169,16,15,200,77,92
SUPER_12,3010000,129,12,11,152,76,53
SUPER_12,3020000,102,10,11,123,55,47
SUPER_12,3030000,89,6,6,101,49,40
SUPER_12,3040000,101,7,9,117,42,59
SUPER_12,3050000,153,12,20,185,75,78
SUPER_12,3060000,126,12,10,148,72,54
SUPER_12,3070000,159,20,12,191,77,82
SUPER_12,3080000,149,9,12,170,85,64
SUPER_12,3090000,143,9,16,168,64,79
SUPER_12,3100000,165,19,19,203,73,92
SUPER_12,3110000,109,11,6,126,49,60
SUPER_12,3120000,52,4,6,62,24,28
SUPER_12,3130000,3,1,1,5,0,3
SUPER_12,3140000,111,11,10,132,52,59
SUPER_12,3150000,122,9,11,142,71,51
SUPER_12,3160000,134,12,10,156,64,70
SUPER_12,3170000,90,3,19,112,48,42
SUPER_12,3180000,153,8,10,171,82,71
SUPER_12,3190000,111,17,12,140,68,43
SUPER_12,3200000,167,9,12,188,69,98
SUPER_12,3210000,27,5,4,36,15,12
SUPER_12,3220000,58,8,2,68,23,35
SUPER_12,3230000,43,5,3,51,20,23
SUPER_12,3240000,157,10,21,188,75,82
SUPER_12,3250000,162,7,15,184,80,82
SUPER_12,3260000,174,15,14,203,84,90
SUPER_12,3270000,113,13,16,142,50,63
SUPER_12,3280000,100,13,9,122,54,46
SUPER_12,3290000,134,18,14,166,54,80
SUPER_12,3300000,50,3,3,56,17,33
SUPER_12,3310000,100,11,9,120,54,46
SUPER_12,3320000,177,19,11,207,86,91
SUPER_12,3330000,151,9,14,174,68,83
SUPER_12,3340000,78,8,11,97,37,41
SUPER_12,3350000,55,3,4,62,30,25
SUPER_12,3360000,152,19,9,180,74,78
SUPER_12,3370000,194,28,15,237,85,109
SUPER_12,3380000,205,17,17,239,119,86
SUPER_12,3390000,100,13,7,120,63,37
SUPER_12,3400000,136,8,15,159,76,60
SUPER_12,3410000,189,9,15,213,91,98
SUPER_12,3420000,95,6,8,109,53,42
SUPER_12,3430000,89,8,7,104,39,50
SUPER_12,3440000,167,13,13,193,70,97
SUPER_12,3450000,178,14,19,211,86,92
SUPER_12,3460000,166,6,19,191,89,77
SUPER_12,3470000,30,6,4,40,12,18
SUPER_12,3480000,84,3,7,94,48,36
SUPER_12,3490000,275,20,29,324,144,131
SUPER_12,3500000,132,12,11,155,81,51
SUPER_12,3510000,61,3,6,70,34,27
SUPER_12,3520000,61,2,7,70,32,29
SUPER_12,3530000,87,3,6,96,46,41
SUPER_12,3540000,86,5,11,102,43,43
SUPER_12,3550000,122,12,13,147,59,63
SUPER_12,3560000,175,14,20,209,88,87
SUPER_12,3570000,237,12,15,264,123,114
SUPER_12,3580000,31,4,3,38,17,14
SUPER_12,3590000,66,5,6,77,26,40
SUPER_12,3600000,36,6,6,48,15,21
SUPER_12,3610000,92,6,8,106,41,51
SUPER_12,3620000,86,8,10,104,46,40
SUPER_12,3630000,163,9,16,188,71,92
SUPER_12,3640000,125,12,13,150,57,68
SUPER_12,3650000,4,1,0,5,1,3
SUPER_12,3660000,1,0,0,1,1,0
SUPER_12,3670000,75,5,4,84,26,49
SUPER_12,3680000,216,15,12,243,119,97
SUPER_12,3690000,15,0,0,15,6,9
SUPER_12,3700000,8,0,0,8,4,4
SUPER_12,3710000,2,0,0,2,1,1
SUPER_12,3720000,0,0,0,0,0,0
SUPER_12,3730000,0,0,0,0,0,0
SUPER_12,3740000,5,3,2,10,1,4
SUPER_12,3750000,188,17,14,219,101,87
SUPER_12,3760000,160,20,16,196,83,77
SUPER_12,3770000,146,13,12,171,84,62
SUPER_12,3780000,158,5,13,176,74,84
SUPER_12,3790000,157,11,14,182,71,86
SUPER_12,3800000,178,13,28,219,96,82
SUPER_12,3810000,75,6,5,86,34,41
SUPER_12,3820000,191,20,12,223,98,93
SUPER_12,3830000,256,20,27,303,119,137
SUPER_12,3840000,110,13,7,130,46,64
SUPER_12,3850000,58,5,7,70,28,30
SUPER_12,3860000,51,2,8,61,27,24
SUPER_12,3870000,222,21,23,266,103,119
SUPER_12,3880000,152,9,11,172,81,71
SUPER_12,3890000,99,7,5,111,53,46
SUPER_12,3900000,181,13,14,208,97,84
SUPER_12,3910000,180,16,13,209,106,74
SUPER_12,3920000,187,10,13,210,89,98
SUPER_12,3930000,94,7,7,108,55,39
SUPER_12,3940000,150,9,16,175,63,87
SUPER_12,3950000,232,17,22,271,104,128
SUPER_12,3960000,203,20,21,244,90,113
SUPER_12,3970000,198,13,24,235,95,103
SUPER_12,3980000,288,23,17,328,136,152
SUPER_12,3990000,220,20,23,263,95,125
SUPER_12,4000000,240,21,27,288,123,117
SUPER_12,4010000,180,17,14,211,92,88
SUPER_12,4020000,61,2,5,68,30,31
SUPER_12,4030000,150,10,11,171,71,79
SUPER_12,4040000,32,2,1,35,18,14
SUPER_12,4050000,76,6,9,91,41,35
SUPER_12,4060000,41,5,5,51,22,19
SUPER_12,4070000,76,4,5,85,34,42
SUPER_12,4080000,234,22,25,281,117,117
SUPER_12,4090000,237,16,30,283,110,127
SUPER_12,4100000,185,11,25,221,87,98
SUPER_12,4110000,138,15,10,163,62,76
SUPER_12,4120000,153,10,14,177,75,78
SUPER_12,4130000,181,15,18,214,83,98
SUPER_12,4140000,207,18,14,239,94,113
SUPER_12,4150000,260,10,22,292,138,122
SUPER_12,4160000,174,24,23,221,85,89
SUPER_12,4170000,220,15,17,252,105,115
SUPER_12,4180000,129,15,21,165,67,62
SUPER_12,4190000,164,10,15,189,84,80
SUPER_12,4200000,154,13,20,187,73,81
SUPER_12,4210000,99,6,8,113,45,54
SUPER_12,4220000,143,17,15,175,72,71
SUPER_12,4230000,128,14,2,144,62,66
SUPER_12,4240000,155,15,16,186,69,86
SUPER_12,4250000,135,12,10,157,58,77
SUPER_12,4260000,155,15,11,181,80,75
SUPER_12,4270000,177,14,20,211,90,87
SUPER_12,4280000,160,18,15,193,88,72
SUPER_12,4290000,15,3,3,21,5,10
SUPER_12,4300000,157,18,10,185,80,77
SUPER_12,4310000,143,17,9,169,70,73
SUPER_12,4320000,172,16,22,210,91,81
SUPER_12,4330000,225,21,19,265,95,130
SUPER_12,4340000,226,14,25,265,103,123
SUPER_12,4350000,138,16,10,164,72,66
SUPER_12,4360000,114,11,13,138,53,61
SUPER_12,4370000,183,20,11,214,85,98
SUPER_12,4380000,125,14,14,153,59,66
SUPER_12,4390000,171,9,24,204,73,98
SUPER_12,4400000,136,16,10,162,63,73
SUPER_12,4410000,103,15,12,130,41,62
SUPER_12,4420000,115,10,16,141,60,55
SUPER_12,4430000,86,10,11,107,51,35
SUPER_12,4440000,118,11,7,136,52,66
SUPER_12,4450000,215,19,16,250,103,112
SUPER_12,4460000,121,7,15,143,61,60
SUPER_12,4470000,84,14,7,105,44,40
SUPER_12,4480000,139,8,8,155,71,68
SUPER_12,4490000,230,17,17,264,109,121
SUPER_12,4500000,69,11,3,83,29,40
SUPER_12,4510000,144,16,7,167,71,73
SUPER_12,4520000,139,10,11,160,67,72
SUPER_12,4530000,132,6,16,154,65,67
SUPER_12,4540000,90,3,9,102,42,48
SUPER_12,4550000,144,22,12,178,73,71
SUPER_12,4560000,170,22,15,207,86,84
SUPER_12,4570000,182,17,22,221,82,100
SUPER_12,4580000,133,18,10,161,74,59
SUPER_12,4590000,136,12,14,162,64,72
SUPER_12,4600000,121,16,13,150,66,55
SUPER_12,4610000,181,9,21,211,98,83
SUPER_12,4620000,152,21,19,192,71,81
SUPER_12,4630000,189,15,19,223,95,94
SUPER_12,4640000,210,21,17,248,113,97
SUPER_12,4650000,97,6,9,112,57,40
SUPER_12,4660000,137,18,14,169,60,77
SUPER_12,4670000,193,12,14,219,99,94
SUPER_12,4680000,100,9,14,123,50,50
SUPER_12,4690000,265,19,18,302,127,138
SUPER_12,4700000,89,5,9,103,52,37
SUPER_12,4710000,159,9,12,180,84,75
SUPER_12,4720000,186,17,22,225,88,98
SUPER_12,4730000,118,9,11,138,67,51
SUPER_12,4740000,127,3,12,142,74,53
SUPER_12,4750000,110,14,10,134,57,53
SUPER_12,4760000,78,8,6,92,35,43
SUPER_12,4770000,98,10,12,120,48,50
SUPER_12,4780000,42,7,6,55,17,25
SUPER_12,4790000,75,7,14,96,33,42
SUPER_12,4800000,55,9,9,73,29,26
SUPER_12,4810000,172,22,15,209,87,85
SUPER_12,4820000,3,0,0,3,2,1
SUPER_12,4830000,145,10,8,163,66,79
SUPER_12,4840000,160,15,16,191,78,82
SUPER_12,4850000,165,9,22,196,75,90
SUPER_12,4860000,123,4,12,139,54,69
SUPER_12,4870000,93,6,12,111,56,37
SUPER_12,4880000,92,8,12,112,44,48
SUPER_12,4890000,65,12,8,85,36,29
SUPER_12,4900000,47,3,5,55,24,23
SUPER_12,4910000,120,12,6,138,74,46
SUPER_12,4920000,89,12,9,110,47,42
SUPER_12,4930000,189,12,16,217,93,96
SUPER_12,4940000,119,14,10,143,57,62
SUPER_12,4950000,159,11,12,182,80,79
SUPER_12,4960000,101,8,9,118,57,44
SUPER_12,4970000,106,13,12,131,51,55
SUPER_12,4980000,117,17,9,143,61,56
SUPER_12,4990000,123,10,15,148,50,73
SUPER_12,5000000,186,23,19,228,96,90
SUPER_12,5010000,79,10,5,94,36,43
SUPER_12,5020000,46,7,1,54,27,19
SUPER_12,5030000,53,6,9,68,23,30
SUPER_12,5040000,77,12,5,94,43,34
SUPER_12,5050000,71,2,5,78,30,41
SUPER_12,5060000,68,6,6,80,33,35
SUPER_12,5070000,31,2,5,38,10,21
SUPER_12,5080000,102,9,12,123,51,51
SUPER_12,5090000,34,5,10,49,19,15
SUPER_12,5100000,78,2,5,85,37,41
SUPER_12,5110000,103,12,5,120,44,59
SUPER_12,5120000,168,12,16,196,78,90
SUPER_12,5130000,96,15,11,122,55,41
SUPER_12,5140000,114,7,11,132,51,63
SUPER_12,5150000,234,20,16,270,116,118
SUPER_12,5160000,177,16,15,208,75,102
SUPER_12,5170000,183,17,14,214,106,77
SUPER_12,5180000,96,4,11,111,47,49
SUPER_12,5190000,29,0,1,30,16,13
SUPER_12,5200000,69,6,6,81,37,32
SUPER_12,5210000,128,14,11,153,71,57
SUPER_12,5220000,76,11,7,94,39,37
SUPER_12,5230000,27,3,2,32,15,12
SUPER_12,5240000,135,8,25,168,69,66
SUPER_12,5250000,266,21,24,311,135,131
SUPER_12,5260000,225,17,15,257,105,120
SUPER_12,5270000,40,5,3,48,20,20
SUPER_12,5280000,137,26,21,184,66,71
SUPER_12,5290000,224,12,14,250,122,102
SUPER_12,5300000,177,13,8,198,95,82
SUPER_12,5310000,103,4,4,111,56,47
SUPER_12,5320000,22,2,1,25,14,8
SUPER_12,5330000,108,15,12,135,48,60
SUPER_12,5340000,10,1,1,12,8,2
SUPER_12,5350000,99,8,16,123,45,54
SUPER_12,5360000,80,9,4,93,43,37
SUPER_12,5370000,164,12,15,191,82,82
SUPER_12,5380000,210,12,26,248,98,112
SUPER_12,5390000,124,8,17,149,71,53
SUPER_12,5400000,187,15,16,218,83,104
SUPER_12,5410000,127,17,11,155,57,70
SUPER_12,5420000,84,9,13,106,39,45
SUPER_12,5430000,111,14,14,139,54,57
SUPER_12,5440000,155,14,19,188,76,79
SUPER_12,5450000,116,12,6,134,58,58
SUPER_12,5460000,167,18,15,200,86,81
SUPER_12,5470000,114,9,11,134,51,63
SUPER_12,5480000,212,20,13,245,116,96
SUPER_12,5490000,200,13,12,225,102,98
SUPER_12,5500000,271,17,20,308,136,135
SUPER_12,5510000,118,14,17,149,53,65
SUPER_12,5520000,89,9,14,112,49,40
SUPER_12,5530000,130,14,16,160,56,74
SUPER_12,5540000,39,4,3,46,19,20
SUPER_12,5550000,2,1,0,3,2,0
SUPER_12,5560000,0,0,0,0,0,0
SUPER_12,5570000,0,0,0,0,0,0
SUPER_12,5580000,9,0,1,10,5,4
SUPER_12,5590000,212,27,17,256,100,112
SUPER_12,5600000,276,25,26,327,131,145
SUPER_12,5610000,179,10,12,201,93,86
SUPER_12,5620000,207,15,16,238,111,96
SUPER_12,5630000,257,22,24,303,127,130
SUPER_12,5640000,237,24,28,289,115,122
SUPER_12,5650000,228,28,18,274,123,105
SUPER_12,5660000,216,18,23,257,110,106
SUPER_12,5670000,125,8,6,139,56,69
SUPER_12,5680000,174,22,16,212,86,88
SUPER_12,5690000,251,22,15,288,122,129
SUPER_12,5700000,127,9,5,141,63,64
SUPER_12,5710000,140,11,7,158,73,67
SUPER_12,5720000,214,8,17,239,101,113
SUPER_12,5730000,264,13,21,298,138,126
SUPER_12,5740000,267,23,21,311,143,124
SUPER_12,5750000,264,24,14,302,132,132
SUPER_12,5760000,112,9,10,131,60,52
SUPER_12,5770000,186,14,12,212,91,95
SUPER_12,5780000,84,9,3,96,46,38
SUPER_12,5790000,142,12,13,167,67,75
SUPER_12,5800000,64,7,5,76,35,29
SUPER_12,5810000,49,5,4,58,23,26
SUPER_12,5820000,146,5,12,163,71,75
SUPER_12,5830000,111,13,9,133,54,57
SUPER_12,5840000,238,23,25,286,126,112
SUPER_12,5850000,53,6,1,60,36,17
SUPER_12,5860000,58,10,11,79,30,28
SUPER_12,5870000,106,14,12,132,55,51
SUPER_12,5880000,111,11,9,131,54,57
SUPER_12,5890000,173,12,14,199,91,82
SUPER_12,5900000,113,10,13,136,51,62
SUPER_12,5910000,263,19,27,309,123,140
SUPER_12,5920000,154,17,19,190,76,78
SUPER_12,5930000,115,12,9,136,66,49
SUPER_12,5940000,124,13,19,156,60,64
SUPER_12,5950000,163,14,10,187,89,74
SUPER_12,5960000,148,11,11,170,85,63
SUPER_12,5970000,138,8,12,158,80,58
SUPER_12,5980000,187,13,19,219,100,87
SUPER_12,5990000,0,0,0,0,0,0
SUPER_12,6000000,0,0,0,0,0,0
SUPER_12,6010000,288,24,28,340,156,132
SUPER_12,6020000,178,18,15,211,89,89
SUPER_12,6030000,156,11,18,185,79,77
SUPER_12,6040000,183,13,14,210,89,94
SUPER_12,6050000,78,7,4,89,42,36
SUPER_12,6060000,54,3,4,61,25,29
SUPER_12,6070000,55,3,6,64,29,26
SUPER_12,6080000,151,13,9,173,58,93
SUPER_12,6090000,125,18,11,154,60,65
SUPER_12,6100000,40,2,3,45,21,19
SUPER_12,6110000,2,1,1,4,2,0
SUPER_12,6120000,0,0,1,1,0,0
SUPER_12,6130000,1,0,0,1,0,1
SUPER_12,6140000,1,0,0,1,0,1
SUPER_12,6150000,77,5,4,86,32,45
SUPER_12,6160000,239,14,15,268,118,121
SUPER_12,6170000,181,17,18,216,101,80
SUPER_12,6180000,178,19,14,211,94,84
SUPER_12,6190000,172,19,19,210,84,88
SUPER_12,6200000,167,13,12,192,88,79
SUPER_12,6210000,231,23,23,277,120,111
SUPER_12,6220000,109,8,12,129,62,47
SUPER_12,6230000,66,7,1,74,31,35
SUPER_12,6240000,96,7,6,109,58,38
SUPER_12,6250000,160,14,20,194,72,88
SUPER_12,6260000,162,14,21,197,77,85
SUPER_12,6270000,244,19,15,278,122,122
SUPER_12,6280000,131,7,11,149,69,62
SUPER_12,6290000,157,12,14,183,77,80
SUPER_12,6300000,205,18,9,232,98,107
SUPER_12,6310000,198,25,19,242,88,110
SUPER_12,6320000,250,19,26,295,114,136
SUPER_12,6330000,189,15,13,217,99,90
SUPER_12,6340000,246,15,33,294,118,128
SUPER_12,6350000,119,15,10,144,56,63
SUPER_12,6360000,263,23,16,302,148,115
SUPER_12,6370000,184,12,22,218,92,92
SUPER_12,6380000,107,8,10,125,63,44
SUPER_12,6390000,222,7,25,254,114,108
SUPER_12,6400000,180,37,21,238,77,103
SUPER_12,6410000,169,13,11,193,90,79
SUPER_12,6420000,160,24,15,199,77,83
SUPER_12,6430000,187,23,16,226,96,91
SUPER_12,6440000,179,21,15,215,92,87
SUPER_12,6450000,104,10,14,128,51,53
SUPER_12,6460000,8,0,0,8,3,5
SUPER_12,6470000,125,10,13,148,65,60
SUPER_12,6480000,132,4,12,148,61,71
SUPER_12,6490000,167,10,14,191,87,80
SUPER_12,6500000,48,3,5,56,27,21
SUPER_12,6510000,47,2,6,55,23,24
SUPER_12,6520000,162,12,22,196,71,91
SUPER_12,6530000,192,20,20,232,93,99
SUPER_12,6540000,190,17,18,225,90,100
SUPER_12,6550000,67,6,9,82,29,38
SUPER_12,6560000,121,13,12,146,65,56
SUPER_12,6570000,64,3,6,73,36,28
SUPER_12,6580000,99,6,10,115,48,51
SUPER_12,6590000,124,7,12,143,67,57
SUPER_12,6600000,169,19,13,201,99,70
SUPER_12,6610000,118,14,15,147,66,52
SUPER_12,6620000,99,9,4,112,60,39
SUPER_12,6630000,193,13,19,225,101,92
SUPER_12,6640000,29,2,4,35,14,15
SUPER_12,6650000,156,12,12,180,97,59
SUPER_12,6660000,103,13,10,126,47,56
SUPER_12,6670000,197,15,18,230,91,106
SUPER_12,6680000,163,12,13,188,82,81
SUPER_12,6690000,206,18,16,240,102,104
SUPER_12,6700000,0,0,0,0,0,0
SUPER_12,6710000,0,0,0,0,0,0
SUPER_12,6720000,213,17,18,248,103,110
SUPER_12,6730000,194,19,13,226,102,92
SUPER_12,6740000,29,2,4,35,15,14
SUPER_12,6750000,0,0,1,1,0,0
SUPER_12,6760000,3,1,0,4,1,2
SUPER_12,6770000,56,7,2,65,31,25
SUPER_12,6780000,78,7,6,91,37,41
SUPER_12,6790000,18,1,4,23,6,12
SUPER_12,6800000,92,8,14,114,48,44
SUPER_12,6810000,119,8,10,137,59,60
SUPER_12,6820000,93,7,12,112,51,42
SUPER_12,6830000,187,21,9,217,101,86
SUPER_12,6840000,86,3,7,96,39,47
SUPER_12,6850000,70,5,12,87,33,37
SUPER_12,6860000,205,16,14,235,91,114
SUPER_12,6870000,78,5,5,88,42,36
SUPER_12,6880000,42,2,8,52,24,18
SUPER_12,6890000,179,8,19,206,80,99
SUPER_12,6900000,112,10,6,128,61,51
SUPER_12,6910000,245,17,17,279,138,107
SUPER_12,6920000,156,15,14,185,75,81
SUPER_12,6930000,18,3,0,21,10,8
SUPER_12,6940000,129,5,12,146,79,50
SUPER_12,6950000,141,12,15,168,79,62
SUPER_12,6960000,232,18,15,265,116,116
SUPER_12,6970000,98,6,6,110,46,52
SUPER_12,6980000,90,7,14,111,51,39
SUPER_12,6990000,239,9,25,273,110,129
SUPER_12,7000000,237,18,19,274,114,123
SUPER_12,7010000,51,6,2,59,28,23
SUPER_12,7020000,120,12,10,142,57,63
SUPER_12,7030000,180,14,11,205,83,97
SUPER_12,7040000,79,9,5,93,40,39
SUPER_12,7050000,91,8,4,103,45,46
SUPER_12,7060000,50,0,3,53,20,30
SUPER_12,7070000,36,4,2,42,20,16
SUPER_12,7080000,121,9,8,138,61,60
SUPER_12,7090000,168,16,24,208,69,99
SUPER_12,7100000,242,24,27,293,116,126
SUPER_12,7110000,212,23,18,253,106,106
SUPER_12,7120000,58,2,7,67,34,24
SUPER_12,7130000,79,4,8,91,39,40
SUPER_12,7140000,169,15,16,200,88,81
SUPER_12,7150000,63,1,4,68,33,30
SUPER_12,7160000,163,14,22,199,79,84
SUPER_12,7170000,199,24,14,237,101,98
SUPER_12,7180000,246,11,27,284,129,117
SUPER_12,7190000,206,21,17,244,94,112
SUPER_12,7200000,254,20,27,301,134,120
SUPER_12,7210000,58,6,3,67,28,30
SUPER_12,7220000,127,18,20,165,69,58
SUPER_12,7230000,204,22,12,238,97,107
SUPER_12,7240000,225,16,23,264,109,116
SUPER_12,7250000,216,15,16,247,99,117
SUPER_12,7260000,79,10,9,98,36,43
SUPER_12,7270000,181,15,11,207,89,92
SUPER_12,7280000,242,19,18,279,121,121
SUPER_12,7290000,199,13,12,224,93,106
SUPER_12,7300000,282,26,28,336,145,137
SUPER_12,7310000,231,24,17,272,109,122
SUPER_12,7320000,186,10,17,213,101,85
SUPER_12,7330000,31,5,3,39,12,19
SUPER_12,7340000,124,9,8,141,67,57
SUPER_12,7350000,67,6,1,74,36,31
SUPER_12,7360000,151,13,12,176,75,76
SUPER_12,7370000,104,8,14,126,49,55
SUPER_12,7380000,115,10,12,137,58,57
SUPER_12,7390000,128,12,14,154,60,68
SUPER_12,7400000,125,7,7,139,67,58
SUPER_12,7410000,153,19,11,183,73,80
SUPER_12,7420000,216,20,20,256,104,112
SUPER_12,7430000,239,28,22,289,121,118
SUPER_12,7440000,257,21,28,306,135,122
SUPER_12,7450000,69,3,3,75,36,33
SUPER_12,7460000,41,2,7,50,25,16
SUPER_12,7470000,165,10,12,187,81,84
SUPER_12,7480000,272,27,19,318,136,136
SUPER_12,7490000,334,28,30,392,179,155
SUPER_12,7500000,271,20,30,321,130,141
SUPER_12,7510000,239,27,25,291,114,125
SUPER_12,7520000,212,21,16,249,111,101
SUPER_12,7530000,273,20,13,306,135,138
SUPER_12,7540000,269,29,22,320,138,131
SUPER_12,7550000,280,27,31,338,127,153
SUPER_12,7560000,194,20,13,227,98,96
SUPER_12,7570000,292,24,27,343,162,130
SUPER_12,7580000,216,16,11,243,113,103
SUPER_12,7590000,241,23,18,282,119,122
SUPER_12,7600000,111,16,18,145,62,49
SUPER_12,7610000,129,17,18,164,62,67
SUPER_12,7620000,157,15,27,199,73,84
SUPER_12,7630000,178,13,19,210,87,91
SUPER_12,7640000,262,24,11,297,137,125
SUPER_12,7650000,195,16,25,236,87,108
SUPER_12,7660000,232,19,30,281,126,106
SUPER_12,7670000,101,8,5,114,48,53
SUPER_12,7680000,214,18,19,251,118,96
SUPER_12,7690000,256,30,19,305,126,130
SUPER_12,7700000,208,14,22,244,99,109
SUPER_12,7710000,111,4,10,125,66,45
SUPER_12,7720000,219,19,18,256,117,102
SUPER_12,7730000,142,6,15,163,74,68
SUPER_12,7740000,28,2,2,32,11,17
SUPER_12,7750000,66,2,8,76,36,30
SUPER_12,7760000,254,13,25,292,123,131
SUPER_12,7770000,215,17,23,255,102,113
SUPER_12,7780000,151,22,18,191,64,87
SUPER_12,7790000,219,10,20,249,117,102
SUPER_12,7800000,204,18,27,249,106,98
SUPER_12,7810000,60,5,10,75,40,20
SUPER_12,7820000,207,19,18,244,101,106
SUPER_12,7830000,249,22,22,293,124,125
SUPER_12,7840000,146,12,8,166,80,66
SUPER_12,7850000,137,13,10,160,83,54
SUPER_12,7860000,98,9,15,122,45,53
SUPER_12,7870000,112,8,6,126,64,48
SUPER_12,7880000,88,5,6,99,47,41
SUPER_12,7890000,114,12,16,142,53,61
SUPER_12,7900000,149,18,14,181,83,66
SUPER_12,7910000,135,12,16,163,73,62
SUPER_12,7920000,137,14,16,167,73,64
SUPER_12,7930000,129,12,14,155,67,62
SUPER_12,7940000,171,14,16,201,98,73
SUPER_12,7950000,171,16,9,196,92,79
SUPER_12,7960000,102,8,12,122,45,57
SUPER_12,7970000,102,12,20,134,48,54
SUPER_12,7980000,43,3,0,46,27,16
SUPER_12,7990000,122,9,5,136,63,59
SUPER_12,8000000,237,17,18,272,126,111
SUPER_12,8010000,311,14,30,355,169,142
SUPER_12,8020000,287,18,29,334,140,147
SUPER_12,8030000,234,17,25,276,111,123
SUPER_12,8040000,173,8,17,198,92,81
SUPER_12,8050000,198,10,19,227,94,104
SUPER_12,8060000,264,21,28,313,106,158
SUPER_12,8070000,209,13,11,233,115,94
SUPER_12,8080000,101,9,6,116,51,50
SUPER_12,8090000,9,2,0,11,6,3
SUPER_12,8100000,133,10,7,150,65,68
SUPER_12,8110000,140,5,11,156,70,70
SUPER_12,8120000,240,10,25,275,129,111
SUPER_12,8130000,153,6,7,166,73,80
SUPER_12,8140000,148,11,13,172,81,67
SUPER_12,8150000,0,0,0,0,0,0
SUPER_12,8160000,0,0,0,0,0,0
SUPER_12,8170000,137,12,14,163,73,64
SUPER_12,8180000,104,5,6,115,46,58
SUPER_12,8190000,84,6,10,100,46,38
SUPER_12,8200000,235,17,13,265,115,120
SUPER_12,8210000,241,26,23,290,131,110
SUPER_12,8220000,207,21,14,242,104,103
SUPER_12,8230000,211,19,22,252,102,109
SUPER_12,8240000,54,5,7,66,28,26
SUPER_12,8250000,198,19,20,237,103,95
SUPER_12,8260000,140,15,7,162,73,67
SUPER_12,8270000,47,10,4,61,24,23
SUPER_12,8280000,185,17,15,217,89,96
SUPER_12,8290000,220,14,13,247,108,112
SUPER_12,8300000,142,7,14,163,78,64
SUPER_12,8310000,115,10,6,131,60,55
SUPER_12,8320000,81,5,8,94,41,40
SUPER_12,8330000,80,6,5,91,43,37
SUPER_12,8340000,164,19,19,202,90,74
SUPER_12,8350000,220,12,20,252,109,111
SUPER_12,8360000,255,30,24,309,124,131
SUPER_12,8370000,258,20,29,307,116,142
SUPER_12,8380000,125,8,7,140,57,68
SUPER_12,8390000,104,8,10,122,61,43
SUPER_12,8400000,87,7,5,99,43,44
SUPER_12,8410000,106,6,12,124,60,46
SUPER_12,8420000,39,2,1,42,22,17
SUPER_12,8430000,21,2,0,23,9,12
SUPER_12,8440000,143,20,15,178,76,67
SUPER_12,8450000,172,10,19,201,90,82
SUPER_12,8460000,124,10,8,142,58,66
SUPER_12,8470000,107,7,6,120,55,52
SUPER_12,8480000,104,9,13,126,49,55
SUPER_12,8490000,163,12,13,188,78,85
SUPER_12,8500000,119,9,15,143,65,54
SUPER_12,8510000,0,0,0,0,0,0
SUPER_12,8520000,0,0,0,0,0,0
SUPER_12,8530000,106,9,16,131,55,51
SUPER_12,8540000,0,0,0,0,0,0
SUPER_12,8550000,0,0,0,0,0,0
SUPER_12,8560000,0,0,0,0,0,0
SUPER_12,8570000,0,0,0,0,0,0
SUPER_12,8580000,0,0,0,0,0,0
SUPER_12,8590000,0,0,0,0,0,0
SUPER_12,8600000,198,15,15,228,110,88
SUPER_12,8610000,82,4,5,91,41,41
SUPER_12,8620000,92,7,10,109,45,47
SUPER_12,8630000,108,5,4,117,42,66
SUPER_12,8640000,84,4,6,94,43,41
SUPER_12,8650000,32,1,2,35,11,21
SUPER_12,8660000,115,10,10,135,61,54
SUPER_12,8670000,127,8,11,146,64,63
SUPER_12,8680000,76,10,11,97,38,38
SUPER_12,8690000,98,9,9,116,47,51
SUPER_12,8700000,85,6,4,95,46,39
SUPER_12,8710000,95,6,14,115,39,56
SUPER_12,8720000,0,0,0,0,0,0
SUPER_12,8730000,0,0,0,0,0,0
SUPER_12,8740000,207,16,11,234,103,104
SUPER_12,8750000,116,8,14,138,59,57
SUPER_12,8760000,103,11,17,131,48,55
SUPER_12,8770000,106,15,9,130,56,50
SUPER_12,8780000,70,5,6,81,38,32
SUPER_12,8790000,74,14,4,92,34,40
SUPER_12,8800000,119,10,8,137,38,81
SUPER_12,8810000,30,4,6,40,16,14
SUPER_12,8820000,221,21,13,255,128,93
SUPER_12,8830000,68,7,7,82,33,35
SUPER_12,8840000,116,8,9,133,59,57
SUPER_12,8850000,226,18,26,270,115,111
SUPER_12,8860000,199,7,13,219,97,102
SUPER_12,8870000,245,18,21,284,129,116
SUPER_12,8880000,0,0,0,0,0,0
SUPER_12,8890000,0,0,0,0,0,0
SUPER_12,8900000,273,18,23,314,132,141
SUPER_12,8910000,186,17,22,225,92,94
SUPER_12,8920000,197,5,19,221,108,89
SUPER_12,8930000,123,7,16,146,68,55
SUPER_12,8940000,56,4,2,62,28,28
SUPER_12,8950000,156,7,16,179,76,80
SUPER_12,8960000,52,4,8,64,27,25
SUPER_12,8970000,72,4,6,82,45,27
SUPER_12,8980000,114,7,8,129,61,53
SUPER_12,8990000,214,21,19,254,114,100
SUPER_12,9000000,195,19,23,237,103,92
SUPER_12,9010000,160,11,14,185,83,77
SUPER_12,9020000,41,2,3,46,15,26
SUPER_12,9030000,178,12,20,210,90,88
SUPER_12,9040000,49,6,4,59,25,24
SUPER_12,9050000,85,7,10,102,52,33
SUPER_12,9060000,123,10,11,144,57,66
SUPER_12,9070000,202,15,31,248,112,90
SUPER_12,9080000,39,1,7,47,22,17
SUPER_12,9090000,118,7,7,132,61,57
SUPER_12,9100000,197,18,24,239,89,108
SUPER_12,9110000,43,5,3,51,23,20
SUPER_12,9120000,115,6,6,127,65,50
SUPER_12,9130000,97,10,11,118,45,52
SUPER_12,9140000,217,21,13,251,121,96
SUPER_12,9150000,117,16,7,140,57,60
SUPER_12,9160000,7,0,0,7,4,3
SUPER_12,9170000,83,3,7,93,39,44
SUPER_12,9180000,200,25,17,242,90,110
SUPER_12,9190000,102,7,4,113,60,42
SUPER_12,9200000,162,12,11,185,78,84
SUPER_12,9210000,187,20,18,225,79,108
SUPER_12,9220000,154,12,6,172,82,72
SUPER_12,9230000,130,2,7,139,66,64
SUPER_12,9240000,241,24,22,287,134,107
SUPER_12,9250000,134,16,9,159,65,69
SUPER_12,9260000,178,12,11,201,90,88
SUPER_12,9270000,59,7,6,72,26,33
SUPER_12,9280000,175,12,25,212,90,85
SUPER_12,9290000,158,12,6,176,82,76
SUPER_12,9300000,183,11,16,210,91,92
SUPER_12,9310000,217,15,20,252,107,110
SUPER_12,9320000,172,11,11,194,84,88
SUPER_12,9330000,196,20,9,225,100,96
SUPER_12,9340000,30,3,1,34,13,17
SUPER_12,9350000,92,8,11,111,41,51
SUPER_12,9360000,94,5,12,111,49,45
SUPER_12,9370000,83,5,9,97,48,35
SUPER_12,9380000,199,20,14,233,87,112
SUPER_12,9390000,99,7,7,113,48,51
SUPER_12,9400000,126,8,14,148,62,64
SUPER_12,9410000,248,22,26,296,120,128
SUPER_12,9420000,254,14,17,285,129,125
SUPER_12,9430000,232,18,26,276,125,107
SUPER_12,9440000,291,22,36,349,149,142
SUPER_12,9450000,243,18,14,275,122,121
SUPER_12,9460000,94,2,7,103,52,42
SUPER_12,9470000,100,6,9,115,52,48
SUPER_12,9480000,214,19,22,255,98,116
SUPER_12,9490000,170,7,12,189,82,88
SUPER_12,9500000,242,16,19,277,136,106
SUPER_12,9510000,228,25,20,273,108,120
SUPER_12,9520000,210,10,26,246,104,106
SUPER_12,9530000,133,11,6,150,68,65
SUPER_12,9540000,284,21,33,338,159,125
SUPER_12,9550000,110,14,11,135,52,58
SUPER_12,9560000,46,2,0,48,25,21
SUPER_12,9570000,184,17,8,209,92,92
SUPER_12,9580000,60,4,6,70,33,27
SUPER_12,9590000,137,7,4,148,73,64
SUPER_12,9600000,282,26,19,327,137,145
SUPER_12,9610000,268,15,27,310,128,140
SUPER_12,9620000,215,15,23,253,96,119
SUPER_12,9630000,216,15,15,246,98,118
SUPER_12,9640000,250,23,23,296,115,135
SUPER_12,9650000,198,13,10,221,95,103
SUPER_12,9660000,112,8,10,130,48,64
SUPER_12,9670000,94,6,9,109,50,44
SUPER_12,9680000,127,13,14,154,72,55
SUPER_12,9690000,143,12,8,163,65,78
SUPER_12,9700000,261,17,16,294,141,120
SUPER_12,9710000,178,15,11,204,93,85
SUPER_12,9720000,215,23,22,260,108,107
SUPER_12,9730000,158,17,9,184,85,73
SUPER_12,9740000,227,15,15,257,118,109
SUPER_12,9750000,254,20,32,306,124,130
SUPER_12,9760000,133,6,5,144,56,77
SUPER_12,9770000,213,18,27,258,107,106
SUPER_12,9780000,66,3,2,71,38,28
SUPER_12,9790000,100,10,6,116,59,41
SUPER_12,9800000,137,6,9,152,76,61
SUPER_12,9810000,181,10,13,204,79,102
SUPER_12,9820000,147,8,17,172,72,75
SUPER_12,9830000,126,6,15,147,62,64
SUPER_12,9840000,120,6,8,134,53,67
SUPER_12,9850000,4,0,2,6,2,2
SUPER_12,9860000,54,8,7,69,24,30
SUPER_12,9870000,0,0,0,0,0,0
SUPER_12,9880000,0,0,0,0,0,0
SUPER_12,9890000,157,10,13,180,66,91
SUPER_12,9900000,146,11,13,170,81,65
SUPER_12,9910000,201,8,12,221,117,84
SUPER_12,9920000,195,12,23,230,103,92
SUPER_12,9930000,125,8,10,143,64,61
SUPER_12,9940000,127,11,12,150,68,59
SUPER_12,9950000,165,14,13,192,88,77
SUPER_12,9960000,183,9,14,206,105,78
SUPER_12,9970000,58,2,5,65,31,27
SUPER_12,9980000,18,2,5,25,10,8
SUPER_12,9990000,110,8,16,134,48,62
SUPER_12,10000000,127,18,15,160,63,64
SUPER_12,10010000,17,2,2,21,6,11
SUPER_12,10020000,94,9,12,115,46,48
SUPER_12,10030000,147,9,15,171,74,73
SUPER_12,10040000,45,1,0,46,22,23
SUPER_12,10050000,83,5,3,91,44,39
SUPER_12,10060000,101,12,6,119,57,44
SUPER_12,10070000,196,27,22,245,99,97
SUPER_12,10080000,208,19,20,247,114,94
SUPER_12,10090000,121,11,17,149,62,59
SUPER_12,10100000,142,15,20,177,71,71
SUPER_12,10110000,137,8,9,154,75,62
SUPER_12,10120000,53,7,9,69,22,31
SUPER_12,10130000,31,3,2,36,21,10
SUPER_12,10140000,132,7,14,153,78,54
SUPER_12,10150000,182,17,14,213,75,107
SUPER_12,10160000,117,7,13,137,60,57
SUPER_12,10170000,223,16,23,262,113,110
SUPER_12,10180000,251,19,28,298,122,129
SUPER_12,10190000,211,18,18,247,114,97
SUPER_12,10200000,138,8,9,155,76,62
SUPER_12,10210000,202,21,27,250,92,110
SUPER_12,10220000,288,23,29,340,141,147
SUPER_12,10230000,194,18,23,235,98,96
SUPER_12,10240000,167,17,4,188,90,77
SUPER_12,10250000,156,10,16,182,81,75
SUPER_12,10260000,286,22,26,334,132,154
SUPER_12,10270000,148,22,11,181,65,83
SUPER_12,10280000,158,20,11,189,88,70
SUPER_12,10290000,192,15,14,221,89,103
SUPER_12,10300000,41,4,0,45,25,16
SUPER_12,10310000,91,1,5,97,51,40
SUPER_12,10320000,217,16,15,248,99,118
SUPER_12,10330000,146,10,12,168,92,54
SUPER_12,10340000,27,0,6,33,13,14
SUPER_12,10350000,57,0,7,64,32,25
SUPER_12,10360000,199,17,13,229,99,100
SUPER_12,10370000,30,0,4,34,14,16
SUPER_12,10380000,120,7,14,141,70,50
SUPER_12,10390000,284,16,23,323,149,135
SUPER_12,10400000,87,8,10,105,51,36
SUPER_12,10410000,220,15,28,263,121,99
SUPER_12,10420000,152,12,11,175,80,72
SUPER_12,10430000,34,1,4,39,16,18
SUPER_12,10440000,213,17,15,245,117,96
SUPER_12,10450000,211,11,21,243,103,108
SUPER_12,10460000,305,28,23,356,154,151
SUPER_12,10470000,220,20,15,255,109,111
SUPER_12,10480000,156,12,14,182,89,67
SUPER_12,10490000,166,17,13,196,78,88
SUPER_12,10500000,240,27,18,285,128,112
SUPER_12,10510000,270,22,16,308,142,128
SUPER_12,10520000,242,21,22,285,114,128
SUPER_12,10530000,221,9,23,253,104,117
SUPER_12,10540000,142,9,15,166,69,73
SUPER_12,10550000,191,11,27,229,100,91
SUPER_12,10560000,169,14,9,192,83,86
SUPER_12,10570000,172,13,15,200,81,91
SUPER_12,10580000,158,9,13,180,82,76
SUPER_12,10590000,226,18,18,262,120,106
SUPER_12,10600000,234,22,17,273,119,115
SUPER_12,10610000,126,5,12,143,64,62
SUPER_12,10620000,214,12,14,240,102,112
SUPER_12,10630000,230,15,19,264,111,119
SUPER_12,10640000,112,9,13,134,63,49
SUPER_12,10650000,58,7,4,69,29,29
SUPER_12,10660000,82,2,7,91,39,43
SUPER_12,10670000,93,10,5,108,45,48
SUPER_12,10680000,170,13,12,195,77,93
SUPER_12,10690000,240,21,24,285,118,122
SUPER_12,10700000,166,15,15,196,79,87
SUPER_12,10710000,107,12,9,128,63,44
SUPER_12,10720000,82,7,10,99,40,42
SUPER_12,10730000,107,9,8,124,57,50
SUPER_12,10740000,151,11,10,172,82,69
SUPER_12,10750000,176,16,16,208,84,92
SUPER_12,10760000,228,15,21,264,110,118
SUPER_12,10770000,153,13,14,180,75,78
SUPER_12,10780000,126,7,2,135,66,60
SUPER_12,10790000,251,21,29,301,119,132
SUPER_12,10800000,230,16,16,262,124,106
SUPER_12,10810000,195,11,14,220,91,104
SUPER_12,10820000,162,9,16,187,85,77
SUPER_12,10830000,184,11,11,206,80,104
SUPER_12,10840000,215,19,21,255,109,106
SUPER_12,10850000,150,3,19,172,64,86
SUPER_12,10860000,229,20,16,265,116,113
SUPER_12,10870000,235,16,26,277,112,123
SUPER_12,10880000,225,15,17,257,112,113
SUPER_12,10890000,139,7,24,170,75,64
SUPER_12,10900000,67,8,5,80,31,36
SUPER_12,10910000,217,16,29,262,87,130
SUPER_12,10920000,118,7,13,138,67,51
SUPER_12,10930000,128,13,10,151,54,74
SUPER_12,10940000,168,9,11,188,89,79
SUPER_12,10950000,142,15,8,165,70,72
SUPER_12,10960000,228,20,17,265,113,115
SUPER_12,10970000,266,26,20,312,143,123
SUPER_12,10980000,267,25,16,308,155,112
SUPER_12,10990000,223,15,26,264,112,111
SUPER_12,11000000,119,10,8,137,68,51
SUPER_12,11010000,266,13,18,297,136,130
SUPER_12,11020000,207,22,10,239,107,100
SUPER_12,11030000,237,21,15,273,121,116
SUPER_12,11040000,218,15,17,250,111,107
SUPER_12,11050000,207,14,21,242,105,102
SUPER_12,11060000,193,18,18,229,93,100
SUPER_12,11070000,136,9,15,160,71,65
SUPER_12,11080000,162,11,20,193,88,74
SUPER_12,11090000,165,16,7,188,88,77
SUPER_12,11100000,236,21,22,279,122,114
SUPER_12,11110000,200,10,15,225,104,96
SUPER_12,11120000,184,20,19,223,103,81
SUPER_12,11130000,224,21,18,263,116,108
SUPER_12,11140000,226,17,24,267,108,118
SUPER_12,11150000,205,21,12,238,106,99
SUPER_12,11160000,236,8,24,268,120,116
SUPER_12,11170000,256,30,26,312,115,141
SUPER_12,11180000,249,11,17,277,129,120
SUPER_12,11190000,224,19,26,269,121,103
SUPER_12,11200000,231,18,24,273,112,119
SUPER_12,11210000,248,32,21,301,109,139
SUPER_12,11220000,114,10,5,129,66,48
SUPER_12,11230000,16,1,2,19,11,5
SUPER_12,11240000,156,11,12,179,75,81
SUPER_12,11250000,221,23,14,258,116,105
SUPER_12,11260000,214,10,9,233,118,96
SUPER_12,11270000,125,8,10,143,60,65
SUPER_12,11280000,46,1,1,48,27,19
SUPER_12,11290000,92,8,5,105,44,48
SUPER_12,11300000,142,16,15,173,63,79
SUPER_12,11310000,128,7,7,142,71,57
SUPER_12,11320000,38,3,5,46,20,18
SUPER_12,11330000,194,15,21,230,108,86
SUPER_12,11340000,139,12,5,156,69,70
SUPER_12,11350000,184,22,9,215,101,83
SUPER_12,11360000,162,10,12,184,97,65
SUPER_12,11370000,196,9,16,221,104,92
SUPER_12,11380000,189,23,16,228,102,87
SUPER_12,11390000,227,22,20,269,122,105
SUPER_12,11400000,179,18,20,217,84,95
SUPER_12,11410000,176,19,24,219,90,86
SUPER_12,11420000,136,9,11,156,67,69
SUPER_12,11430000,201,18,22,241,112,89
SUPER_12,11440000,241,15,20,276,113,128
SUPER_12,11450000,58,4,6,68,28,30
SUPER_12,11460000,174,18,13,205,90,84
SUPER_12,11470000,206,24,24,254,103,103
SUPER_12,11480000,211,10,20,241,109,102
SUPER_12,11490000,228,23,18,269,120,108
SUPER_12,11500000,138,9,17,164,69,69
SUPER_12,11510000,240,17,17,274,112,128
SUPER_12,11520000,231,16,25,272,110,121
SUPER_12,11530000,207,21,17,245,104,103
SUPER_12,11540000,200,11,18,229,108,92
SUPER_12,11550000,251,30,29,310,124,127
SUPER_12,11560000,254,13,30,297,121,133
SUPER_12,11570000,172,12,23,207,84,88
SUPER_12,11580000,205,16,23,244,115,90
SUPER_12,11590000,65,3,1,69,37,28
SUPER_12,11600000,119,12,11,142,66,53
SUPER_12,11610000,137,6,10,153,81,56
SUPER_12,11620000,98,13,22,133,46,52
SUPER_12,11630000,103,9,7,119,45,58
SUPER_12,11640000,72,8,11,91,40,32
SUPER_12,11650000,216,10,9,235,128,88
SUPER_12,11660000,76,2,6,84,44,32
SUPER_12,11670000,207,26,17,250,105,102
SUPER_12,11680000,107,10,17,134,55,52
SUPER_12,11690000,15,1,1,17,9,6
SUPER_12,11700000,151,16,14,181,75,76
SUPER_12,11710000,270,15,19,304,154,116
SUPER_12,11720000,220,18,15,253,94,126
SUPER_12,11730000,107,8,10,125,59,48
SUPER_12,11740000,155,7,11,173,78,77
SUPER_12,11750000,227,17,23,267,110,117
SUPER_12,11760000,195,9,6,210,98,97
SUPER_12,11770000,172,16,17,205,94,78
SUPER_12,11780000,285,22,24,331,155,130
SUPER_12,11790000,70,2,7,79,47,23
SUPER_12,11800000,102,5,9,116,46,56
SUPER_12,11810000,252,21,16,289,135,117
SUPER_12,11820000,194,23,16,233,95,99
SUPER_12,11830000,152,12,9,173,70,82
SUPER_12,11840000,29,3,6,38,18,11
SUPER_12,11850000,163,10,13,186,83,80
SUPER_12,11860000,270,13,25,308,138,132
SUPER_12,11870000,95,6,3,104,47,48
SUPER_12,11880000,126,10,12,148,69,57
SUPER_12,11890000,48,6,9,63,26,22
SUPER_12,11900000,85,2,5,92,50,35
SUPER_12,11910000,20,1,0,21,11,9
SUPER_12,11920000,53,1,4,58,30,23
SUPER_12,11930000,120,7,12,139,56,64
SUPER_12,11940000,122,9,10,141,68,54
SUPER_12,11950000,129,6,7,142,74,55
SUPER_12,11960000,235,18,18,271,130,105
SUPER_12,11970000,52,3,4,59,27,25
SUPER_12,11980000,17,0,1,18,10,7
SUPER_12,11990000,60,4,0,64,39,21
SUPER_12,12000000,0,0,0,0,0,0
SUPER_12,12010000,0,0,0,0,0,0
SUPER_12,12020000,116,8,10,134,55,61
SUPER_12,12030000,179,12,26,217,82,97
SUPER_12,12040000,157,12,10,179,74,83
SUPER_12,12050000,214,21,26,261,118,96
SUPER_12,12060000,133,12,12,157,60,73
SUPER_12,12070000,103,12,8,123,58,45
SUPER_12,12080000,159,15,13,187,81,78
SUPER_12,12090000,191,23,26,240,96,95
SUPER_12,12100000,19,2,2,23,12,7
SUPER_12,12110000,84,2,4,90,47,37
SUPER_12,12120000,163,16,11,190,81,82
SUPER_12,12130000,188,13,19,220,107,81
SUPER_12,12140000,283,26,15,324,143,140
SUPER_12,12150000,86,5,9,100,49,37
SUPER_12,12160000,226,13,21,260,113,113
SUPER_12,12170000,233,26,16,275,130,103
SUPER_12,12180000,274,17,26,317,133,141
SUPER_12,12190000,128,4,12,144,71,57
SUPER_12,12200000,51,4,3,58,30,21
SUPER_12,12210000,148,12,13,173,64,84
SUPER_12,12220000,244,23,23,290,116,128
SUPER_12,12230000,12,2,3,17,6,6
SUPER_12,12240000,98,9,8,115,55,43
SUPER_12,12250000,214,12,18,244,118,96
SUPER_12,12260000,166,12,12,190,93,73
SUPER_12,12270000,83,7,1,91,45,38
SUPER_12,12280000,56,2,6,64,23,33
SUPER_12,12290000,228,22,21,271,139,89
SUPER_12,12300000,45,1,5,51,29,16
SUPER_12,12310000,70,9,7,86,24,46
SUPER_12,12320000,101,9,8,118,49,52
SUPER_12,12330000,97,4,13,114,40,57
SUPER_12,12340000,65,3,7,75,32,33
SUPER_12,12350000,64,5,9,78,27,37
SUPER_12,12360000,89,11,11,111,47,42
SUPER_12,12370000,74,8,6,88,39,35
SUPER_12,12380000,100,10,8,118,61,39
SUPER_12,12390000,155,18,14,187,68,87
SUPER_12,12400000,164,10,15,189,78,86
SUPER_12,12410000,259,25,29,313,135,124
SUPER_12,12420000,225,20,15,260,116,109
SUPER_12,12430000,177,17,15,209,104,73
SUPER_12,12440000,210,18,15,243,104,106
SUPER_12,12450000,284,19,28,331,144,140
SUPER_12,12460000,215,29,20,264,110,105
SUPER_12,12470000,231,19,30,280,114,117
SUPER_12,12480000,219,21,16,256,113,106
SUPER_12,12490000,214,24,16,254,99,115
SUPER_12,12500000,54,4,3,61,30,24
SUPER_12,12510000,213,17,19,249,111,102
SUPER_12,12520000,202,13,18,233,98,104
SUPER_12,12530000,195,16,18,229,99,96
SUPER_12,12540000,251,22,24,297,128,123
SUPER_12,12550000,58,4,3,65,33,25
SUPER_12,12560000,112,12,12,136,55,57
SUPER_12,12570000,155,15,14,184,84,71
SUPER_12,12580000,245,19,23,287,116,129
SUPER_12,12590000,208,15,20,243,107,101
SUPER_12,12600000,84,16,12,112,43,41
SUPER_12,12610000,198,14,18,230,95,103
SUPER_12,12620000,151,10,9,170,90,61
SUPER_12,12630000,169,13,18,200,98,71
SUPER_12,12640000,229,20,12,261,126,103
SUPER_12,12650000,126,12,7,145,69,57
SUPER_12,12660000,67,3,4,74,31,36
SUPER_12,12670000,127,8,11,146,67,60
SUPER_12,12680000,188,12,12,212,80,108
SUPER_12,12690000,254,15,15,284,148,106
SUPER_12,12700000,252,25,34,311,130,122
SUPER_12,12710000,124,7,11,142,67,57
SUPER_12,12720000,219,16,15,250,111,108
SUPER_12,12730000,206,16,17,239,106,100
SUPER_12,12740000,222,22,24,268,123,99
SUPER_12,12750000,118,9,5,132,70,48
SUPER_12,12760000,151,8,13,172,77,74
SUPER_12,12770000,124,7,2,133,63,61
SUPER_12,12780000,149,6,23,178,72,77
SUPER_12,12790000,192,14,9,215,109,83
SUPER_12,12800000,137,7,6,150,77,60
SUPER_12,12810000,247,22,21,290,130,117
SUPER_12,12820000,302,24,25,351,161,141
SUPER_12,12830000,184,19,20,223,106,78
SUPER_12,12840000,195,20,18,233,105,90
SUPER_12,12850000,213,17,18,248,100,113
SUPER_12,12860000,170,22,11,203,90,80
SUPER_12,12870000,171,22,19,212,106,65
SUPER_12,12880000,237,30,27,294,116,121
SUPER_12,12890000,269,23,13,305,146,123
SUPER_12,12900000,136,11,6,153,75,61
SUPER_12,12910000,77,6,4,87,39,38
SUPER_12,12920000,147,14,8,169,85,62
SUPER_12,12930000,200,17,19,236,97,103
SUPER_12,12940000,266,18,20,304,127,139
SUPER_12,12950000,288,16,24,328,157,131
SUPER_12,12960000,175,16,13,204,100,75
SUPER_12,12970000,176,11,21,208,88,88
SUPER_12,12980000,278,23,20,321,136,142
SUPER_12,12990000,51,1,4,56,30,21
SUPER_12,13000000,242,19,12,273,135,107
SUPER_12,13010000,197,9,13,219,99,98
SUPER_12,13020000,152,17,15,184,78,74
SUPER_12,13030000,171,14,19,204,83,88
SUPER_12,13040000,259,25,20,304,143,116
SUPER_12,13050000,158,10,10,178,79,79
SUPER_12,13060000,0,0,0,0,0,0
SUPER_12,13070000,0,0,0,0,0,0
SUPER_12,13080000,0,0,0,0,0,0
SUPER_12,13090000,0,0,0,0,0,0
SUPER_12,13100000,0,0,0,0,0,0
SUPER_12,13110000,212,5,18,235,116,96
SUPER_12,13120000,192,21,17,230,98,94
SUPER_12,13130000,265,24,16,305,128,137
SUPER_12,13140000,73,1,9,83,40,33
SUPER_12,13150000,152,20,11,183,76,76
SUPER_12,13160000,202,21,12,235,118,84
SUPER_12,13170000,218,17,19,254,111,107
SUPER_12,13180000,55,6,3,64,33,22
SUPER_12,13190000,142,17,14,173,74,68
SUPER_12,13200000,132,14,11,157,67,65
SUPER_12,13210000,60,2,5,67,27,33
SUPER_12,13220000,52,5,5,62,25,27
SUPER_12,13230000,111,9,7,127,62,49
SUPER_12,13240000,19,6,12,37,6,13
SUPER_13,10000,34,7,10,51,21,13
SUPER_13,20000,84,3,6,93,42,42
SUPER_13,30000,126,9,12,147,63,63
SUPER_13,40000,160,9,14,183,87,73
SUPER_13,50000,138,4,13,155,77,61
SUPER_13,60000,113,7,18,138,58,55
SUPER_13,70000,186,8,12,206,92,94
SUPER_13,80000,188,11,6,205,98,90
SUPER_13,90000,210,19,21,250,110,100
SUPER_13,100000,170,11,13,194,82,88
SUPER_13,110000,166,13,17,196,95,71
SUPER_13,120000,241,19,16,276,119,122
SUPER_13,130000,251,20,15,286,131,120
SUPER_13,140000,198,12,13,223,108,90
SUPER_13,150000,238,13,13,264,122,116
SUPER_13,160000,232,21,14,267,121,111
SUPER_13,170000,266,22,23,311,146,120
SUPER_13,180000,237,23,21,281,136,101
SUPER_13,190000,200,22,25,247,103,97
SUPER_13,200000,229,20,17,266,122,107
SUPER_13,210000,181,21,14,216,83,98
SUPER_13,220000,137,7,12,156,70,67
SUPER_13,230000,178,11,10,199,85,93
SUPER_13,240000,135,4,8,147,80,55
SUPER_13,250000,256,16,29,301,136,120
SUPER_13,260000,175,18,12,205,90,85
SUPER_13,270000,61,2,3,66,29,32
SUPER_13,280000,209,16,24,249,114,95
SUPER_13,290000,250,15,26,291,136,114
SUPER_13,300000,257,16,15,288,132,125
SUPER_13,310000,238,12,19,269,111,127
SUPER_13,320000,257,11,23,291,136,121
SUPER_13,330000,153,7,14,174,75,78
SUPER_13,340000,6,0,1,7,4,2
SUPER_13,350000,118,5,6,129,72,46
SUPER_13,360000,301,28,19,348,169,132
SUPER_13,370000,44,4,2,50,29,15
SUPER_13,380000,2,1,0,3,1,1
SUPER_13,390000,70,4,4,78,40,30
SUPER_13,400000,224,22,24,270,119,105
SUPER_13,410000,142,16,3,161,85,57
SUPER_13,420000,223,20,16,259,112,111
SUPER_13,430000,306,23,33,362,161,145
SUPER_13,440000,266,23,17,306,143,123
SUPER_13,450000,0,0,0,0,0,0
SUPER_13,460000,0,0,0,0,0,0
SUPER_13,470000,295,17,31,343,153,142
SUPER_13,480000,247,18,26,291,130,117
SUPER_13,490000,234,20,24,278,120,114
SUPER_13,500000,251,19,17,287,129,122
SUPER_13,510000,360,18,21,399,191,169
SUPER_13,520000,124,8,6,138,64,60
SUPER_13,530000,91,8,11,110,46,45
SUPER_13,540000,121,8,14,143,66,55
SUPER_13,550000,147,10,16,173,71,76
SUPER_13,560000,146,14,9,169,63,83
SUPER_13,570000,273,14,25,312,132,141
SUPER_13,580000,238,12,17,267,121,117
SUPER_13,590000,336,28,35,399,171,165
SUPER_13,600000,310,26,29,365,168,142
SUPER_13,610000,255,24,19,298,127,128
SUPER_13,620000,188,10,14,212,101,87
SUPER_13,630000,101,7,4,112,50,51
SUPER_13,640000,88,8,4,100,51,37
SUPER_13,650000,171,9,18,198,100,71
SUPER_13,660000,233,16,18,267,124,109
SUPER_13,670000,143,10,6,159,70,73
SUPER_13,680000,96,8,9,113,56,40
SUPER_13,690000,308,27,23,358,148,160
SUPER_13,700000,208,14,18,240,106,102
SUPER_13,710000,106,12,7,125,51,55
SUPER_13,720000,257,17,17,291,129,128
SUPER_13,730000,290,24,29,343,135,155
SUPER_13,740000,143,9,11,163,88,55
SUPER_13,750000,139,13,12,164,75,64
SUPER_13,760000,219,14,21,254,106,113
SUPER_13,770000,212,12,21,245,109,103
SUPER_13,780000,83,5,10,98,40,43
SUPER_13,790000,1,0,0,1,0,1
SUPER_13,800000,157,5,13,175,83,74
SUPER_13,810000,220,17,14,251,117,103
SUPER_13,820000,93,5,10,108,48,45
SUPER_13,830000,68,2,9,79,27,41
SUPER_13,840000,208,18,19,245,106,102
SUPER_13,850000,163,16,17,196,80,83
SUPER_13,860000,182,15,13,210,100,82
SUPER_13,870000,26,1,2,29,12,14
SUPER_13,880000,105,7,10,122,65,40
SUPER_13,890000,218,18,19,255,111,107
SUPER_13,900000,286,22,21,329,143,143
SUPER_13,910000,189,24,11,224,91,98
SUPER_13,920000,260,15,22,297,139,121
SUPER_13,930000,99,4,12,115,53,46
SUPER_13,940000,47,2,2,51,21,26
SUPER_13,950000,142,10,5,157,71,71
SUPER_13,960000,162,14,16,192,87,75
SUPER_13,970000,131,9,20,160,65,66
SUPER_13,980000,217,12,15,244,111,106
SUPER_13,990000,13,1,5,19,8,5
SUPER_13,1000000,32,1,1,34,19,13
SUPER_13,1010000,166,18,10,194,83,83
SUPER_13,1020000,238,15,27,280,124,114
SUPER_13,1030000,115,12,5,132,61,54
SUPER_13,1040000,188,13,15,216,98,90
SUPER_13,1050000,73,7,7,87,38,35
SUPER_13,1060000,187,14,22,223,94,93
SUPER_13,1070000,167,18,13,198,88,79
SUPER_13,1080000,44,3,10,57,23,21
SUPER_13,1090000,160,15,15,190,80,80
SUPER_13,1100000,251,16,23,290,119,132
SUPER_13,1110000,213,19,23,255,105,108
SUPER_13,1120000,22,1,4,27,15,7
SUPER_13,1130000,166,10,19,195,83,83
SUPER_13,1140000,254,17,13,284,141,113
SUPER_13,1150000,124,9,9,142,60,64
SUPER_13,1160000,38,4,4,46,23,15
SUPER_13,1170000,49,1,1,51,27,22
SUPER_13,1180000,3,0,0,3,1,2
SUPER_13,1190000,206,11,20,237,106,100
SUPER_13,1200000,146,4,12,162,66,80
SUPER_13,1210000,142,7,8,157,73,69
SUPER_13,1220000,238,12,30,280,125,113
SUPER_13,1230000,89,8,7,104,46,43
SUPER_13,1240000,123,8,13,144,70,53
SUPER_13,1250000,49,8,3,60,27,22
SUPER_13,1260000,32,2,6,40,18,14
SUPER_13,1270000,133,7,8,148,62,71
SUPER_13,1280000,10,1,0,11,3,7
SUPER_13,1290000,59,5,5,69,34,25
SUPER_13,1300000,55,4,4,63,29,26
SUPER_13,1310000,71,1,2,74,37,34
SUPER_13,1320000,40,3,3,46,18,22
SUPER_13,1330000,21,3,0,24,13,8
SUPER_13,1340000,167,13,14,194,88,79
SUPER_13,1350000,77,8,5,90,42,35
SUPER_13,1360000,202,12,13,227,100,102
SUPER_13,1370000,7,2,0,9,4,3
SUPER_13,1380000,95,6,9,110,49,46
SUPER_13,1390000,89,5,8,102,51,38
SUPER_13,1400000,55,2,5,62,24,31
SUPER_13,1410000,15,2,0,17,12,3
SUPER_13,1420000,110,9,13,132,63,47
SUPER_13,1430000,256,21,20,297,127,129
SUPER_13,1440000,68,2,6,76,34,34
SUPER_13,1450000,177,13,19,209,94,83
SUPER_13,1460000,63,4,8,75,27,36
SUPER_13,1470000,215,15,26,256,113,102
SUPER_13,1480000,119,11,9,139,64,55
SUPER_13,1490000,231,20,9,260,125,106
SUPER_13,1500000,258,18,21,297,131,127
SUPER_13,1510000,250,18,17,285,127,123
SUPER_13,1520000,196,7,19,222,96,100
SUPER_13,1530000,200,15,16,231,101,99
SUPER_13,1540000,291,13,29,333,141,150
SUPER_13,1550000,119,6,14,139,69,50
SUPER_13,1560000,183,12,10,205,83,100
SUPER_13,1570000,50,1,4,55,28,22
SUPER_13,1580000,134,19,16,169,72,62
SUPER_13,1590000,116,2,2,120,59,57
SUPER_13,1600000,108,5,11,124,70,38
SUPER_13,1610000,77,1,13,91,34,43
SUPER_13,1620000,166,11,11,188,78,88
SUPER_13,1630000,261,18,23,302,127,134
SUPER_13,1640000,185,10,18,213,86,99
SUPER_13,1650000,132,10,9,151,76,56
SUPER_13,1660000,99,8,8,115,59,40
SUPER_13,1670000,287,15,29,331,145,142
SUPER_13,1680000,268,19,22,309,133,135
SUPER_13,1690000,202,17,13,232,102,100
SUPER_13,1700000,69,3,2,74,36,33
SUPER_13,1710000,143,11,15,169,77,66
SUPER_13,1720000,94,6,9,109,55,39
SUPER_13,1730000,178,12,11,201,90,88
SUPER_13,1740000,33,2,4,39,17,16
SUPER_13,1750000,49,4,4,57,18,31
SUPER_13,1760000,88,10,8,106,45,43
SUPER_13,1770000,129,8,9,146,69,60
SUPER_13,1780000,96,9,12,117,46,50
SUPER_13,1790000,11,0,1,12,9,2
SUPER_13,1800000,175,9,17,201,84,91
SUPER_13,1810000,224,24,17,265,109,115
SUPER_13,1820000,66,4,5,75,34,32
SUPER_13,1830000,10,0,1,11,8,2
SUPER_13,1840000,170,9,7,186,79,91
SUPER_13,1850000,118,5,7,130,58,60
SUPER_13,1860000,70,3,6,79,42,28
SUPER_13,1870000,204,11,15,230,106,98
SUPER_13,1880000,133,19,16,168,65,68
SUPER_13,1890000,156,10,12,178,79,77
SUPER_13,1900000,218,16,18,252,119,99
SUPER_13,1910000,110,10,5,125,63,47
SUPER_13,1920000,1,0,0,1,1,0
SUPER_13,1930000,1,0,0,1,1,0
SUPER_13,1940000,215,15,16,246,108,107
SUPER_13,1950000,4,0,0,4,1,3
SUPER_13,1960000,150,6,15,171,83,67
SUPER_13,1970000,272,13,26,311,138,134
SUPER_13,1980000,152,8,8,168,77,75
SUPER_13,1990000,224,18,17,259,102,122
SUPER_13,2000000,47,4,1,52,26,21
SUPER_13,2010000,109,7,7,123,57,52
SUPER_13,2020000,33,4,3,40,20,13
SUPER_13,2030000,0,0,0,0,0,0
SUPER_13,2040000,0,0,0,0,0,0
SUPER_13,2050000,173,20,21,214,88,85
SUPER_13,2060000,266,20,21,307,144,122
SUPER_13,2070000,277,26,25,328,135,142
SUPER_13,2080000,34,0,2,36,23,11
SUPER_13,2090000,121,7,7,135,74,47
SUPER_13,2100000,283,17,19,319,150,133
SUPER_13,2110000,92,6,5,103,46,46
SUPER_13,2120000,46,3,7,56,27,19
SUPER_13,2130000,32,0,4,36,15,17
SUPER_13,2140000,34,1,2,37,21,13
SUPER_13,2150000,152,20,9,181,79,73
SUPER_13,2160000,254,19,17,290,128,126
SUPER_13,2170000,144,9,13,166,79,65
SUPER_13,2180000,150,22,10,182,86,64
SUPER_13,2190000,120,18,8,146,65,55
SUPER_13,2200000,227,20,32,279,114,113
SUPER_13,2210000,230,18,22,270,122,108
SUPER_13,2220000,92,10,5,107,49,43
SUPER_13,2230000,100,8,7,115,47,53
SUPER_13,2240000,93,13,12,118,42,51
SUPER_13,2250000,172,11,27,210,95,77
SUPER_13,2260000,204,19,23,246,103,101
SUPER_13,2270000,200,9,20,229,99,101
SUPER_13,2280000,99,7,10,116,55,44
SUPER_13,2290000,103,6,8,117,54,49
SUPER_13,2300000,205,23,15,243,114,91
SUPER_13,2310000,68,6,4,78,34,34
SUPER_13,2320000,98,7,7,112,41,57
SUPER_13,2330000,213,20,17,250,106,107
SUPER_13,2340000,104,5,6,115,49,55
SUPER_13,2350000,105,11,13,129,52,53
SUPER_13,2360000,238,12,25,275,118,120
SUPER_13,2370000,180,16,18,214,90,90
SUPER_13,2380000,92,5,9,106,54,38
SUPER_13,2390000,210,14,23,247,112,98
SUPER_13,2400000,89,10,10,109,45,44
SUPER_13,2410000,87,5,8,100,43,44
SUPER_13,2420000,92,12,9,113,44,48
SUPER_13,2430000,143,15,18,176,81,62
SUPER_13,2440000,173,17,13,203,85,88
SUPER_13,2450000,101,10,6,117,51,50
SUPER_13,2460000,104,10,10,124,53,51
SUPER_13,2470000,180,16,19,215,93,87
SUPER_13,2480000,258,26,28,312,129,129
SUPER_13,2490000,223,28,26,277,104,119
SUPER_13,2500000,88,13,7,108,45,43
SUPER_13,2510000,132,12,15,159,63,69
SUPER_13,2520000,152,10,7,169,79,73
SUPER_13,2530000,185,15,16,216,98,87
SUPER_13,2540000,268,26,31,325,128,140
SUPER_13,2550000,189,19,27,235,89,100
SUPER_13,2560000,284,25,30,339,124,160
SUPER_13,2570000,243,18,20,281,125,118
SUPER_13,2580000,218,9,13,240,104,114
SUPER_13,2590000,216,23,25,264,112,104
SUPER_13,2600000,109,8,10,127,56,53
SUPER_13,2610000,156,10,14,180,81,75
SUPER_13,2620000,240,15,26,281,118,122
SUPER_13,2630000,103,6,9,118,52,51
SUPER_13,2640000,10,2,2,14,6,4
SUPER_13,2650000,114,8,6,128,61,53
SUPER_13,2660000,21,2,2,25,10,11
SUPER_13,2670000,0,0,0,0,0,0
SUPER_13,2680000,0,0,0,0,0,0
SUPER_13,2690000,0,0,0,0,0,0
SUPER_13,2700000,0,0,0,0,0,0
SUPER_13,2710000,0,0,0,0,0,0
SUPER_13,2720000,0,0,0,0,0,0
SUPER_13,2730000,0,0,0,0,0,0
SUPER_13,2740000,0,0,0,0,0,0
SUPER_13,2750000,0,0,0,0,0,0
SUPER_13,2760000,12,1,2,15,8,4
SUPER_13,2770000,66,4,5,75,40,26
SUPER_13,2780000,60,7,6,73,28,32
SUPER_13,2790000,0,0,0,0,0,0
SUPER_13,2800000,0,0,0,0,0,0
SUPER_13,2810000,187,16,12,215,93,94
SUPER_13,2820000,89,14,9,112,37,52
SUPER_13,2830000,139,11,8,158,67,72
SUPER_13,2840000,200,14,10,224,93,107
SUPER_13,2850000,228,19,21,268,125,103
SUPER_13,2860000,218,28,14,260,101,117
SUPER_13,2870000,270,30,22,322,128,142
SUPER_13,2880000,141,15,18,174,74,67
SUPER_13,2890000,193,13,18,224,102,91
SUPER_13,2900000,187,10,22,219,99,88
SUPER_13,2910000,256,13,25,294,132,124
SUPER_13,2920000,246,26,15,287,126,120
SUPER_13,2930000,244,19,24,287,113,131
SUPER_13,2940000,165,19,15,199,89,76
SUPER_13,2950000,190,22,19,231,101,89
SUPER_13,2960000,169,22,14,205,87,82
SUPER_13,2970000,196,17,26,239,88,108
SUPER_13,2980000,131,17,15,163,70,61
SUPER_13,2990000,100,3,11,114,46,54
SUPER_13,3000000,135,8,13,156,73,62
SUPER_13,3010000,219,18,33,270,111,108
SUPER_13,3020000,66,5,4,75,31,35
SUPER_13,3030000,268,18,28,314,136,132
SUPER_13,3040000,181,23,18,222,98,83
SUPER_13,3050000,36,3,5,44,21,15
SUPER_13,3060000,40,2,4,46,24,16
SUPER_13,3070000,86,6,4,96,43,43
SUPER_13,3080000,25,3,1,29,11,14
SUPER_13,3090000,60,3,10,73,34,26
SUPER_13,3100000,350,18,20,388,182,168
SUPER_13,3110000,191,17,8,216,98,93
SUPER_13,3120000,0,0,0,0,0,0
SUPER_13,3130000,0,0,0,0,0,0
SUPER_13,3140000,29,0,6,35,19,10
SUPER_13,3150000,78,1,7,86,41,37
SUPER_13,3160000,173,16,23,212,84,89
SUPER_13,3170000,264,17,23,304,123,141
SUPER_13,3180000,305,25,21,351,149,156
SUPER_13,3190000,291,21,19,331,139,152
SUPER_13,3200000,325,29,17,371,168,157
SUPER_13,3210000,260,17,21,298,126,134
SUPER_13,3220000,90,10,11,111,36,54
SUPER_13,3230000,155,18,12,185,77,78
SUPER_13,3240000,271,23,25,319,133,138
SUPER_13,3250000,183,14,8,205,91,92
SUPER_13,3260000,96,7,8,111,55,41
SUPER_13,3270000,140,17,9,166,63,77
SUPER_13,3280000,101,8,7,116,50,51
SUPER_13,3290000,168,21,14,203,72,96
SUPER_13,3300000,123,4,9,136,63,60
SUPER_13,3310000,160,7,9,176,91,69
SUPER_13,3320000,215,13,17,245,109,106
SUPER_13,3330000,300,28,25,353,153,147
SUPER_13,3340000,234,17,13,264,126,108
SUPER_13,3350000,232,17,26,275,130,102
SUPER_13,3360000,134,12,15,161,72,62
SUPER_13,3370000,105,3,6,114,63,42
SUPER_13,3380000,43,4,2,49,22,21
SUPER_13,3390000,186,11,14,211,98,88
SUPER_13,3400000,65,5,4,74,33,32
SUPER_13,3410000,29,7,5,41,14,15
SUPER_13,3420000,168,11,12,191,80,88
SUPER_13,3430000,103,8,4,115,57,46
SUPER_13,3440000,32,3,10,45,11,21
SUPER_13,3450000,34,4,0,38,19,15
SUPER_13,3460000,94,5,9,108,53,41
SUPER_13,3470000,74,6,8,88,50,24
SUPER_13,3480000,86,4,5,95,41,45
SUPER_13,3490000,193,13,12,218,86,107
SUPER_13,3500000,142,9,14,165,72,70
SUPER_13,3510000,151,17,13,181,77,74
SUPER_13,3520000,24,3,1,28,11,13
SUPER_13,3530000,24,2,1,27,17,7
SUPER_13,3540000,131,12,14,157,69,62
SUPER_13,3550000,54,3,5,62,30,24
SUPER_13,3560000,182,13,14,209,87,95
SUPER_13,3570000,178,19,16,213,92,86
SUPER_13,3580000,86,4,7,97,39,47
SUPER_13,3590000,99,6,9,114,47,52
SUPER_13,3600000,58,2,3,63,33,25
SUPER_13,3610000,97,6,7,110,44,53
SUPER_13,3620000,285,17,14,316,143,142
SUPER_13,3630000,245,21,19,285,127,118
SUPER_13,3640000,244,11,15,270,136,108
SUPER_13,3650000,176,19,15,210,81,95
SUPER_13,3660000,210,21,22,253,98,112
SUPER_13,3670000,295,21,22,338,156,139
SUPER_13,3680000,259,13,25,297,127,132
SUPER_13,3690000,290,27,21,338,146,144
SUPER_13,3700000,153,12,19,184,86,67
SUPER_13,3710000,188,15,25,228,95,93
SUPER_13,3720000,202,20,19,241,110,92
SUPER_13,3730000,120,15,9,144,58,62
SUPER_13,3740000,226,21,17,264,111,115
SUPER_13,3750000,187,14,11,212,99,88
SUPER_13,3760000,226,20,18,264,119,107
SUPER_13,3770000,188,15,17,220,88,100
SUPER_13,3780000,148,8,9,165,70,78
SUPER_13,3790000,28,2,3,33,14,14
SUPER_13,3800000,195,14,10,219,98,97
SUPER_13,3810000,271,18,30,319,126,145
SUPER_13,3820000,209,32,15,256,110,99
SUPER_13,3830000,54,3,8,65,26,28
SUPER_13,3840000,104,2,8,114,57,47
SUPER_13,3850000,143,6,12,161,83,60
SUPER_13,3860000,102,2,6,110,58,44
SUPER_13,3870000,127,7,7,141,51,76
SUPER_13,3880000,177,14,7,198,101,76
SUPER_13,3890000,255,12,27,294,129,126
SUPER_13,3900000,238,27,24,289,115,123
SUPER_13,3910000,155,8,19,182,82,73
SUPER_13,3920000,203,12,12,227,98,105
SUPER_13,3930000,246,27,27,300,122,124
SUPER_13,3940000,238,21,22,281,123,115
SUPER_13,3950000,115,12,10,137,64,51
SUPER_13,3960000,99,8,13,120,52,47
SUPER_13,3970000,40,6,5,51,18,22
SUPER_13,3980000,74,2,6,82,36,38
SUPER_13,3990000,215,19,20,254,98,117
SUPER_13,4000000,273,15,22,310,136,137
SUPER_13,4010000,263,32,25,320,137,126
SUPER_13,4020000,182,15,17,214,93,89
SUPER_13,4030000,73,8,8,89,43,30
SUPER_13,4040000,265,12,21,298,130,135
SUPER_13,4050000,211,20,18,249,108,103
SUPER_13,4060000,117,16,8,141,69,48
SUPER_13,4070000,181,15,12,208,92,89
SUPER_13,4080000,145,14,11,170,81,64
SUPER_13,4090000,227,17,17,261,113,114
SUPER_13,4100000,208,18,24,250,94,114
SUPER_13,4110000,84,3,2,89,46,38
SUPER_13,4120000,214,23,22,259,114,100
SUPER_13,4130000,224,19,13,256,112,112
SUPER_13,4140000,64,5,1,70,29,35
SUPER_13,4150000,177,19,20,216,99,78
SUPER_13,4160000,259,15,20,294,128,131
SUPER_13,4170000,103,7,7,117,52,51
SUPER_13,4180000,182,18,23,223,73,109
SUPER_13,4190000,222,25,15,262,113,109
SUPER_13,4200000,156,12,23,191,69,87
SUPER_13,4210000,107,3,11,121,61,46
SUPER_13,4220000,131,16,10,157,73,58
SUPER_13,4230000,244,23,37,304,116,128
SUPER_13,4240000,214,12,15,241,103,111
SUPER_13,4250000,52,3,2,57,22,30
SUPER_13,4260000,94,6,8,108,49,45
SUPER_13,4270000,176,15,18,209,91,85
SUPER_13,4280000,138,20,17,175,66,72
SUPER_13,4290000,51,4,3,58,28,23
SUPER_13,4300000,206,23,8,237,97,109
SUPER_13,4310000,258,21,29,308,137,121
SUPER_13,4320000,209,24,18,251,115,94
SUPER_13,4330000,249,13,34,296,129,120
SUPER_13,4340000,33,5,4,42,16,17
SUPER_13,4350000,29,3,7,39,15,14
SUPER_13,4360000,6,0,1,7,5,1
SUPER_13,4370000,24,3,5,32,13,11
SUPER_13,4380000,97,6,9,112,50,47
SUPER_13,4390000,224,23,17,264,115,109
SUPER_13,4400000,235,9,21,265,114,121
SUPER_13,4410000,299,23,18,340,148,151
SUPER_13,4420000,157,12,13,182,71,86
SUPER_13,4430000,58,3,3,64,32,26
SUPER_13,4440000,240,28,21,289,125,115
SUPER_13,4450000,60,2,4,66,40,20
SUPER_13,4460000,0,0,0,0,0,0
SUPER_13,4470000,0,0,0,0,0,0
SUPER_13,4480000,10,0,1,11,7,3
SUPER_13,4490000,64,3,4,71,31,33
SUPER_13,4500000,144,14,19,177,70,74
SUPER_13,4510000,175,11,13,199,84,91
SUPER_13,4520000,15,2,1,18,12,3
SUPER_13,4530000,206,16,14,236,100,106
SUPER_13,4540000,150,10,8,168,75,75
SUPER_13,4550000,45,5,3,53,25,20
SUPER_13,4560000,101,7,11,119,48,53
SUPER_13,4570000,66,4,4,74,35,31
SUPER_13,4580000,58,7,3,68,29,29
SUPER_13,4590000,101,7,9,117,47,54
SUPER_13,4600000,38,3,6,47,18,20
SUPER_13,4610000,52,6,5,63,20,32
SUPER_13,4620000,141,11,7,159,58,83
SUPER_13,4630000,61,7,4,72,31,30
SUPER_13,4640000,93,5,10,108,48,45
SUPER_13,4650000,196,15,18,229,100,96
SUPER_13,4660000,43,2,4,49,28,15
SUPER_13,4670000,158,15,9,182,75,83
SUPER_13,4680000,303,23,20,346,158,145
SUPER_13,4690000,152,14,13,179,75,77
SUPER_13,4700000,207,19,11,237,97,110
SUPER_13,4710000,139,12,15,166,69,70
SUPER_13,4720000,10,0,0,10,4,6
SUPER_13,4730000,127,8,9,144,65,62
SUPER_13,4740000,182,16,7,205,100,82
SUPER_13,4750000,125,14,11,150,69,56
SUPER_13,4760000,77,6,5,88,39,38
SUPER_13,4770000,37,2,2,41,16,21
SUPER_13,4780000,238,16,30,284,116,122
SUPER_13,4790000,194,8,27,229,101,93
SUPER_13,4800000,185,18,13,216,101,84
SUPER_13,4810000,196,15,11,222,92,104
SUPER_13,4820000,212,12,25,249,100,112
SUPER_13,4830000,172,10,15,197,83,89
SUPER_13,4840000,204,13,23,240,94,110
SUPER_13,4850000,251,20,24,295,137,114
SUPER_13,4860000,259,21,20,300,122,137
SUPER_13,4870000,251,16,22,289,115,136
SUPER_13,4880000,245,22,29,296,115,130
SUPER_13,4890000,211,19,27,257,105,106
SUPER_13,4900000,107,6,4,117,68,39
SUPER_13,4910000,102,7,6,115,49,53
SUPER_13,4920000,263,24,17,304,136,127
SUPER_13,4930000,297,28,23,348,152,145
SUPER_13,4940000,242,19,15,276,123,119
SUPER_13,4950000,74,5,5,84,32,42
SUPER_13,4960000,85,5,6,96,46,39
SUPER_13,4970000,76,5,3,84,40,36
SUPER_13,4980000,187,21,26,234,77,110
SUPER_13,4990000,283,28,21,332,146,137
SUPER_13,5000000,227,12,13,252,122,105
SUPER_13,5010000,32,1,0,33,19,13
SUPER_13,5020000,205,28,19,252,99,106
SUPER_13,5030000,163,4,13,180,79,84
SUPER_13,5040000,71,11,12,94,34,37
SUPER_13,5050000,240,18,20,278,129,111
SUPER_13,5060000,226,17,21,264,108,118
SUPER_13,5070000,241,25,24,290,128,113
SUPER_13,5080000,192,19,19,230,106,86
SUPER_13,5090000,145,11,18,174,64,81
SUPER_13,5100000,47,4,1,52,27,20
SUPER_13,5110000,112,11,8,131,55,57
SUPER_13,5120000,86,6,9,101,48,38
SUPER_13,5130000,138,15,7,160,62,76
SUPER_13,5140000,190,11,15,216,103,87
SUPER_13,5150000,200,12,13,225,93,107
SUPER_13,5160000,108,9,6,123,62,46
SUPER_13,5170000,222,11,18,251,130,92
SUPER_13,5180000,94,11,5,110,48,46
SUPER_13,5190000,148,11,11,170,85,63
SUPER_13,5200000,86,8,14,108,46,40
SUPER_13,5210000,251,22,21,294,128,123
SUPER_13,5220000,226,12,15,253,115,111
SUPER_13,5230000,216,15,19,250,96,120
SUPER_13,5240000,259,29,19,307,128,131
SUPER_13,5250000,64,6,3,73,28,36
SUPER_13,5260000,100,9,13,122,53,47
SUPER_13,5270000,116,8,11,135,49,67
SUPER_13,5280000,58,7,10,75,31,27
SUPER_13,5290000,105,11,14,130,40,65
SUPER_13,5300000,226,22,16,264,112,114
SUPER_13,5310000,72,7,5,84,35,37
SUPER_13,5320000,91,6,7,104,50,41
SUPER_13,5330000,114,8,6,128,61,53
SUPER_13,5340000,218,21,22,261,106,112
SUPER_13,5350000,234,17,14,265,116,118
SUPER_13,5360000,131,11,9,151,66,65
SUPER_13,5370000,14,1,1,16,8,6
SUPER_13,5380000,0,0,0,0,0,0
SUPER_13,5390000,0,0,0,0,0,0
SUPER_13,5400000,95,5,7,107,47,48
SUPER_13,5410000,77,3,9,89,44,33
SUPER_13,5420000,35,3,1,39,22,13
SUPER_13,5430000,40,4,2,46,19,21
SUPER_13,5440000,179,17,14,210,96,83
SUPER_13,5450000,206,30,17,253,109,97
SUPER_13,5460000,194,17,17,228,104,90
SUPER_13,5470000,29,0,8,37,12,17
SUPER_13,5480000,99,6,1,106,58,41
SUPER_13,5490000,73,9,9,91,35,38
SUPER_13,5500000,136,8,8,152,71,65
SUPER_13,5510000,11,0,1,12,6,5
SUPER_13,5520000,110,7,19,136,47,63
SUPER_13,5530000,124,9,3,136,64,60
SUPER_13,5540000,146,14,6,166,64,82
SUPER_13,5550000,48,4,5,57,26,22
SUPER_13,5560000,119,12,8,139,64,55
SUPER_13,5570000,72,6,3,81,33,39
SUPER_13,5580000,23,4,1,28,10,13
SUPER_13,5590000,136,9,21,166,61,75
SUPER_13,5600000,130,6,14,150,67,63
SUPER_13,5610000,98,14,10,122,43,55
SUPER_13,5620000,74,4,6,84,43,31
SUPER_13,5630000,57,0,8,65,23,34
SUPER_13,5640000,163,16,8,187,81,82
SUPER_13,5650000,172,12,17,201,78,94
SUPER_13,5660000,146,4,7,157,74,72
SUPER_13,5670000,37,0,2,39,17,20
SUPER_13,5680000,79,5,6,90,50,29
SUPER_13,5690000,154,5,9,168,90,64
SUPER_13,5700000,165,15,17,197,79,86
SUPER_13,5710000,188,16,18,222,112,76
SUPER_13,5720000,203,12,9,224,95,108
SUPER_13,5730000,138,17,10,165,66,72
SUPER_13,5740000,128,8,12,148,64,64
SUPER_13,5750000,127,10,6,143,58,69
SUPER_13,5760000,229,14,21,264,107,122
SUPER_13,5770000,236,17,21,274,114,122
SUPER_13,5780000,121,5,12,138,62,59
SUPER_13,5790000,219,18,19,256,114,105
SUPER_13,5800000,176,17,25,218,82,94
SUPER_13,5810000,125,9,12,146,64,61
SUPER_13,5820000,12,0,0,12,6,6
SUPER_13,5830000,92,6,6,104,48,44
SUPER_13,5840000,227,20,19,266,116,111
SUPER_13,5850000,206,16,21,243,92,114
SUPER_13,5860000,195,10,15,220,105,90
SUPER_13,5870000,72,3,5,80,32,40
SUPER_13,5880000,63,3,3,69,40,23
SUPER_13,5890000,79,6,8,93,39,40
SUPER_13,5900000,201,18,21,240,100,101
SUPER_13,5910000,113,10,10,133,52,61
SUPER_13,5920000,177,11,17,205,92,85
SUPER_13,5930000,84,4,8,96,43,41
SUPER_13,5940000,80,4,3,87,41,39
SUPER_13,5950000,172,12,13,197,96,76
SUPER_13,5960000,110,12,5,127,54,56
SUPER_13,5970000,128,10,14,152,73,55
SUPER_13,5980000,185,15,16,216,94,91
SUPER_13,5990000,51,3,2,56,22,29
SUPER_13,6000000,123,14,11,148,65,58
SUPER_13,6010000,130,5,13,148,67,63
SUPER_13,6020000,202,16,22,240,107,95
SUPER_13,6030000,90,5,6,101,55,35
SUPER_13,6040000,129,7,9,145,67,62
SUPER_13,6050000,107,9,3,119,63,44
SUPER_13,6060000,203,15,21,239,102,101
SUPER_13,6070000,226,22,18,266,94,132
SUPER_13,6080000,224,15,18,257,120,104
SUPER_13,6090000,213,15,15,243,102,111
SUPER_13,6100000,237,21,15,273,129,108
SUPER_13,6110000,138,13,17,168,63,75
SUPER_13,6120000,118,8,12,138,54,64
SUPER_13,6130000,208,21,27,256,100,108
SUPER_13,6140000,71,9,13,93,36,35
SUPER_13,6150000,94,8,18,120,42,52
SUPER_13,6160000,169,12,11,192,90,79
SUPER_13,6170000,210,14,15,239,107,103
SUPER_13,6180000,149,15,22,186,78,71
SUPER_13,6190000,196,17,24,237,106,90
SUPER_13,6200000,84,6,7,97,42,42
SUPER_13,6210000,194,14,19,227,84,110
SUPER_13,6220000,152,13,12,177,84,68
SUPER_13,6230000,247,18,18,283,127,120
SUPER_13,6240000,120,10,11,141,57,63
SUPER_13,6250000,19,0,1,20,6,13
SUPER_13,6260000,41,0,5,46,25,16
SUPER_13,6270000,45,2,3,50,24,21
SUPER_13,6280000,114,15,8,137,58,56
SUPER_13,6290000,148,10,12,170,65,83
SUPER_13,6300000,114,8,13,135,55,59
SUPER_13,6310000,130,8,16,154,52,78
SUPER_13,6320000,117,12,8,137,55,62
SUPER_13,6330000,199,20,24,243,82,117
SUPER_13,6340000,173,15,18,206,83,90
SUPER_13,6350000,84,11,7,102,48,36
SUPER_13,6360000,174,19,11,204,105,69
SUPER_13,6370000,118,7,12,137,59,59
SUPER_13,6380000,56,8,3,67,27,29
SUPER_13,6390000,0,0,0,0,0,0
SUPER_13,6400000,0,0,0,0,0,0
SUPER_13,6410000,10,0,1,11,7,3
SUPER_13,6420000,88,13,12,113,44,44
SUPER_13,6430000,69,10,5,84,34,35
SUPER_13,6440000,120,10,15,145,69,51
SUPER_13,6450000,116,11,5,132,51,65
SUPER_13,6460000,81,7,4,92,43,38
SUPER_13,6470000,68,4,4,76,39,29
SUPER_13,6480000,104,4,9,117,53,51
SUPER_13,6490000,239,15,25,279,108,131
SUPER_13,6500000,127,13,10,150,59,68
SUPER_13,6510000,119,12,10,141,54,65
SUPER_13,6520000,158,12,15,185,76,82
SUPER_13,6530000,128,10,11,149,75,53
SUPER_13,6540000,174,13,25,212,94,80
SUPER_13,6550000,0,0,0,0,0,0
SUPER_13,6560000,0,0,0,0,0,0
SUPER_13,6570000,156,17,10,183,79,77
SUPER_13,6580000,27,3,3,33,12,15
SUPER_13,6590000,117,7,10,134,60,57
SUPER_13,6600000,131,9,11,151,65,66
SUPER_13,6610000,209,16,15,240,113,96
SUPER_13,6620000,146,19,17,182,75,71
SUPER_13,6630000,36,7,5,48,20,16
SUPER_13,6640000,57,7,5,69,24,33
SUPER_13,6650000,200,19,24,243,93,107
SUPER_13,6660000,76,11,2,89,48,28
SUPER_13,6670000,94,11,11,116,52,42
SUPER_13,6680000,136,19,9,164,71,65
SUPER_13,6690000,91,13,4,108,38,53
SUPER_13,6700000,124,6,19,149,61,63
SUPER_13,6710000,94,7,9,110,44,50
SUPER_13,6720000,25,0,1,26,13,12
SUPER_13,6730000,44,6,2,52,15,29
SUPER_13,6740000,81,7,11,99,32,49
SUPER_13,6750000,103,3,15,121,60,43
SUPER_13,6760000,0,0,0,0,0,0
SUPER_13,6770000,0,0,0,0,0,0
SUPER_13,6780000,125,8,10,143,68,57
SUPER_13,6790000,89,7,9,105,43,46
SUPER_13,6800000,161,17,18,196,82,79
SUPER_13,6810000,98,3,9,110,51,47
SUPER_13,6820000,12,1,2,15,10,2
SUPER_13,6830000,28,0,3,31,20,8
SUPER_13,6840000,88,7,7,102,34,54
SUPER_13,6850000,64,6,4,74,29,35
SUPER_13,6860000,99,11,6,116,49,50
SUPER_13,6870000,196,15,12,223,97,99
SUPER_13,6880000,137,6,7,150,71,66
SUPER_13,6890000,130,15,13,158,65,65
SUPER_13,6900000,178,13,22,213,86,92
SUPER_13,6910000,148,8,19,175,72,76
SUPER_13,6920000,122,12,8,142,62,60
SUPER_13,6930000,97,10,9,116,42,55
SUPER_13,6940000,146,10,12,168,82,64
SUPER_13,6950000,99,11,10,120,40,59
SUPER_13,6960000,154,10,11,175,76,78
SUPER_13,6970000,247,23,18,288,123,124
SUPER_13,6980000,112,8,11,131,60,52
SUPER_13,6990000,82,5,8,95,39,43
SUPER_13,7000000,204,23,22,249,104,100
SUPER_13,7010000,80,12,13,105,46,34
SUPER_13,7020000,272,22,24,318,140,132
SUPER_13,7030000,160,11,18,189,72,88
SUPER_13,7040000,227,14,14,255,118,109
SUPER_13,7050000,13,2,2,17,9,4
SUPER_13,7060000,39,1,8,48,25,14
SUPER_13,7070000,51,1,4,56,28,23
SUPER_13,7080000,12,0,0,12,7,5
SUPER_13,7090000,68,3,2,73,30,38
SUPER_13,7100000,59,2,8,69,31,28
SUPER_13,7110000,10,1,0,11,5,5
SUPER_13,7120000,42,6,5,53,20,22
SUPER_13,7130000,54,4,4,62,28,26
SUPER_13,7140000,122,6,14,142,55,67
SUPER_13,7150000,123,3,14,140,56,67
SUPER_13,7160000,260,23,26,309,137,123
SUPER_13,7170000,252,15,21,288,122,130
SUPER_13,7180000,130,12,11,153,67,63
SUPER_13,7190000,203,20,14,237,101,102
SUPER_13,7200000,164,16,10,190,75,89
SUPER_13,7210000,148,9,17,174,64,84
SUPER_13,7220000,221,21,21,263,99,122
SUPER_13,7230000,200,11,21,232,96,104
SUPER_13,7240000,181,18,13,212,75,106
SUPER_13,7250000,202,24,20,246,96,106
SUPER_13,7260000,188,22,15,225,92,96
SUPER_13,7270000,177,13,20,210,90,87
SUPER_13,7280000,245,24,22,291,110,135
SUPER_13,7290000,177,17,19,213,81,96
SUPER_13,7300000,184,10,15,209,96,88
SUPER_13,7310000,170,16,11,197,86,84
SUPER_13,7320000,221,18,28,267,99,122
SUPER_13,7330000,187,11,15,213,84,103
SUPER_13,7340000,250,16,23,289,93,157
SUPER_13,7350000,128,7,13,148,70,58
SUPER_13,7360000,139,17,10,166,71,68
SUPER_13,7370000,165,26,21,212,71,94
SUPER_13,7380000,161,5,18,184,72,89
SUPER_13,7390000,168,15,18,201,76,92
SUPER_13,7400000,67,12,12,91,35,32
SUPER_13,7410000,94,8,11,113,46,48
SUPER_13,7420000,153,11,15,179,77,76
SUPER_13,7430000,212,18,22,252,108,104
SUPER_13,7440000,159,15,12,186,87,72
SUPER_13,7450000,83,3,6,92,41,42
SUPER_13,7460000,163,18,16,197,86,77
SUPER_13,7470000,148,22,18,188,78,70
SUPER_13,7480000,236,23,25,284,100,136
SUPER_13,7490000,125,11,11,147,55,70
SUPER_13,7500000,96,10,11,117,45,51
SUPER_13,7510000,68,5,11,84,33,35
SUPER_13,7520000,168,10,16,194,79,89
SUPER_13,7530000,183,13,21,217,98,85
SUPER_13,7540000,161,8,15,184,83,78
SUPER_13,7550000,69,7,4,80,36,33
SUPER_13,7560000,32,2,3,37,18,14
SUPER_13,7570000,122,7,9,138,58,64
SUPER_13,7580000,119,16,12,147,66,53
SUPER_13,7590000,129,19,15,163,51,78
SUPER_13,7600000,122,9,5,136,61,61
SUPER_13,7610000,67,8,4,79,32,35
SUPER_13,7620000,60,3,5,68,41,19
SUPER_13,7630000,148,13,13,174,81,67
SUPER_13,7640000,239,20,26,285,131,108
SUPER_13,7650000,158,16,15,189,78,80
SUPER_13,7660000,213,10,14,237,112,101
SUPER_13,7670000,193,15,12,220,97,96
SUPER_13,7680000,198,14,22,234,101,97
SUPER_13,7690000,137,13,23,173,67,70
SUPER_13,7700000,193,16,24,233,102,91
SUPER_13,7710000,149,14,10,173,82,67
SUPER_13,7720000,195,14,14,223,91,104
SUPER_13,7730000,121,17,12,150,66,55
SUPER_13,7740000,167,11,15,193,96,71
SUPER_13,7750000,200,21,14,235,96,104
SUPER_13,7760000,84,9,6,99,44,40
SUPER_13,7770000,91,8,11,110,38,53
SUPER_13,7780000,122,4,10,136,56,66
SUPER_13,7790000,156,11,19,186,83,73
SUPER_13,7800000,122,10,12,144,54,68
SUPER_13,7810000,87,7,9,103,49,38
SUPER_13,7820000,115,10,13,138,63,52
SUPER_13,7830000,138,11,12,161,73,65
SUPER_13,7840000,106,3,7,116,55,51
SUPER_13,7850000,123,13,14,150,57,66
SUPER_13,7860000,79,7,6,92,42,37
SUPER_13,7870000,135,10,13,158,73,62
SUPER_13,7880000,151,18,10,179,77,74
SUPER_13,7890000,158,17,19,194,82,76
SUPER_13,7900000,0,0,0,0,0,0
SUPER_13,7910000,0,0,0,0,0,0
SUPER_13,7920000,148,20,15,183,74,74
SUPER_13,7930000,59,4,3,66,30,29
SUPER_13,7940000,90,7,10,107,50,40
SUPER_13,7950000,64,5,7,76,27,37
SUPER_13,7960000,156,12,14,182,77,79
SUPER_13,7970000,202,16,26,244,104,98
SUPER_13,7980000,206,18,20,244,104,102
SUPER_13,7990000,72,6,8,86,38,34
SUPER_13,8000000,107,11,15,133,61,46
SUPER_13,8010000,121,12,12,145,70,51
SUPER_13,8020000,139,8,23,170,60,79
SUPER_13,8030000,57,3,2,62,27,30
SUPER_13,8040000,121,10,8,139,63,58
SUPER_13,8050000,36,5,3,44,19,17
SUPER_13,8060000,48,4,8,60,25,23
SUPER_13,8070000,96,14,15,125,41,55
SUPER_13,8080000,144,17,10,171,76,68
SUPER_13,8090000,116,11,15,142,57,59
SUPER_13,8100000,174,22,11,207,88,86
SUPER_13,8110000,282,24,16,322,137,145
SUPER_13,8120000,161,10,10,181,87,74
SUPER_13,8130000,171,18,14,203,79,92
SUPER_13,8140000,50,2,4,56,23,27
SUPER_13,8150000,81,13,13,107,33,48
SUPER_13,8160000,130,11,9,150,66,64
SUPER_13,8170000,217,31,15,263,109,108
SUPER_13,8180000,205,23,21,249,97,108
SUPER_13,8190000,99,4,12,115,54,45
SUPER_13,8200000,183,17,14,214,99,84
SUPER_13,8210000,217,26,27,270,94,123
SUPER_13,8220000,219,16,19,254,107,112
SUPER_13,8230000,144,14,15,173,70,74
SUPER_13,8240000,121,10,10,141,56,65
SUPER_13,8250000,139,13,6,158,68,71
SUPER_13,8260000,0,0,0,0,0,0
SUPER_13,8270000,0,0,0,0,0,0
SUPER_13,8280000,108,8,8,124,58,50
SUPER_13,8290000,152,5,11,168,79,73
SUPER_13,8300000,142,15,19,176,67,75
SUPER_13,8310000,271,19,25,315,145,126
SUPER_13,8320000,142,17,15,174,70,72
SUPER_13,8330000,150,11,10,171,72,78
SUPER_13,8340000,244,18,23,285,120,124
SUPER_13,8350000,128,6,16,150,75,53
SUPER_13,8360000,203,21,22,246,97,106
SUPER_13,8370000,156,15,8,179,77,79
SUPER_13,8380000,187,17,14,218,101,86
SUPER_13,8390000,120,7,10,137,65,55
SUPER_13,8400000,213,21,17,251,105,108
SUPER_13,8410000,218,16,17,251,113,105
SUPER_13,8420000,268,28,24,320,135,133
SUPER_13,8430000,241,15,15,271,111,130
SUPER_13,8440000,207,17,21,245,102,105
SUPER_13,8450000,228,22,19,269,120,108
SUPER_13,8460000,241,18,29,288,117,124
SUPER_13,8470000,201,15,22,238,104,97
SUPER_13,8480000,135,11,14,160,59,76
SUPER_13,8490000,176,17,11,204,91,85
SUPER_13,8500000,214,24,21,259,107,107
SUPER_13,8510000,150,10,18,178,72,78
SUPER_13,8520000,167,16,17,200,91,76
SUPER_13,8530000,194,19,16,229,90,104
SUPER_13,8540000,153,10,17,180,73,80
SUPER_13,8550000,200,14,10,224,98,102
SUPER_13,8560000,161,16,16,193,75,86
SUPER_13,8570000,229,16,13,258,105,124
SUPER_13,8580000,218,18,19,255,107,111
SUPER_13,8590000,168,14,11,193,100,68
SUPER_13,8600000,146,8,9,163,81,65
SUPER_13,8610000,129,11,15,155,66,63
SUPER_13,8620000,148,10,15,173,64,84
SUPER_13,8630000,128,6,10,144,68,60
SUPER_13,8640000,236,23,27,286,106,130
SUPER_13,8650000,181,11,23,215,94,87
SUPER_13,8660000,209,16,23,248,97,112
SUPER_13,8670000,190,22,15,227,104,86
SUPER_13,8680000,227,20,17,264,108,119
SUPER_13,8690000,150,15,20,185,89,61
SUPER_13,8700000,116,14,13,143,50,66
SUPER_13,8710000,143,14,17,174,74,69
SUPER_13,8720000,198,27,17,242,100,98
SUPER_13,8730000,218,16,15,249,111,107
SUPER_13,8740000,168,11,12,191,88,80
SUPER_13,8750000,157,15,23,195,76,81
SUPER_13,8760000,134,23,13,170,78,56
SUPER_13,8770000,89,7,8,104,42,47
SUPER_13,8780000,91,6,3,100,44,47
SUPER_13,8790000,159,13,6,178,69,90
SUPER_13,8800000,140,15,10,165,54,86
SUPER_13,8810000,128,15,10,153,72,56
SUPER_13,8820000,91,7,5,103,47,44
SUPER_13,8830000,165,17,9,191,90,75
SUPER_13,8840000,192,21,17,230,94,98
SUPER_13,8850000,210,17,18,245,103,107
SUPER_13,8860000,252,21,22,295,113,139
SUPER_13,8870000,240,15,19,274,128,112
SUPER_13,8880000,186,16,10,212,98,88
SUPER_13,8890000,146,16,14,176,67,79
SUPER_13,8900000,118,11,16,145,62,56
SUPER_13,8910000,161,13,15,189,66,95
SUPER_13,8920000,195,18,18,231,108,87
SUPER_13,8930000,158,13,13,184,91,67
SUPER_13,8940000,187,11,22,220,94,93
SUPER_13,8950000,154,10,16,180,86,68
SUPER_13,8960000,113,13,10,136,58,55
SUPER_13,8970000,203,20,21,244,104,99
SUPER_13,8980000,186,14,10,210,98,88
SUPER_13,8990000,112,18,16,146,56,56
SUPER_13,9000000,119,18,10,147,57,62
SUPER_13,9010000,162,18,15,195,78,84
SUPER_13,9020000,86,4,14,104,43,43
SUPER_13,9030000,136,7,10,153,65,71
SUPER_13,9040000,219,13,24,256,107,112
SUPER_13,9050000,249,26,22,297,112,137
SUPER_13,9060000,173,17,17,207,87,86
SUPER_13,9070000,149,14,18,181,80,69
SUPER_13,9080000,246,19,24,289,119,127
SUPER_13,9090000,181,10,13,204,103,78
SUPER_13,9100000,231,17,16,264,110,121
SUPER_13,9110000,199,17,21,237,105,94
SUPER_13,9120000,169,17,13,199,88,81
SUPER_13,9130000,149,6,16,171,74,75
SUPER_13,9140000,140,7,10,157,64,76
SUPER_13,9150000,282,23,25,330,148,134
SUPER_13,9160000,226,16,26,268,110,116
SUPER_13,9170000,136,9,15,160,58,78
SUPER_13,9180000,140,12,9,161,68,72
SUPER_13,9190000,259,23,17,299,142,117
SUPER_13,9200000,165,18,14,197,73,92
SUPER_13,9210000,181,21,19,221,81,100
SUPER_13,9220000,193,22,13,228,88,105
SUPER_13,9230000,280,33,20,333,160,120
SUPER_13,9240000,182,13,17,212,88,94
SUPER_13,9250000,66,6,10,82,33,33
SUPER_13,9260000,198,11,18,227,98,100
SUPER_13,9270000,169,8,14,191,81,88
SUPER_13,9280000,159,12,11,182,81,78
SUPER_13,9290000,176,5,5,186,85,91
SUPER_13,9300000,140,14,10,164,63,77
SUPER_13,9310000,145,9,21,175,74,71
SUPER_13,9320000,196,13,13,222,118,78
SUPER_13,9330000,92,5,9,106,41,51
SUPER_13,9340000,87,4,3,94,40,47
SUPER_13,9350000,125,8,11,144,64,61
SUPER_13,9360000,183,15,27,225,84,99
SUPER_13,9370000,260,18,24,302,130,130
SUPER_13,9380000,202,20,21,243,109,93
SUPER_13,9390000,219,20,8,247,106,113
SUPER_13,9400000,218,23,19,260,127,91
SUPER_13,9410000,197,15,31,243,96,101
SUPER_13,9420000,153,18,9,180,84,69
SUPER_13,9430000,99,10,11,120,42,57
SUPER_13,9440000,194,22,25,241,98,96
SUPER_13,9450000,56,7,8,71,30,26
SUPER_13,9460000,26,5,4,35,13,13
SUPER_13,9470000,45,3,7,55,27,18
SUPER_13,9480000,177,12,13,202,96,81
SUPER_13,9490000,135,16,13,164,59,76
SUPER_13,9500000,148,7,14,169,65,83
SUPER_13,9510000,117,7,13,137,64,53
SUPER_13,9520000,19,0,2,21,10,9
SUPER_13,9530000,77,1,7,85,40,37
SUPER_13,9540000,56,7,0,63,28,28
SUPER_13,9550000,103,8,6,117,48,55
SUPER_13,9560000,98,11,7,116,49,49
SUPER_13,9570000,62,9,8,79,33,29
SUPER_13,9580000,124,11,16,151,57,67
SUPER_13,9590000,180,17,10,207,91,89
SUPER_13,9600000,129,10,11,150,67,62
SUPER_13,9610000,190,24,15,229,99,91
SUPER_13,9620000,149,12,11,172,71,78
SUPER_13,9630000,176,16,16,208,86,90
SUPER_13,9640000,104,10,6,120,52,52
SUPER_13,9650000,212,16,23,251,104,108
SUPER_13,9660000,214,19,17,250,86,128
SUPER_13,9670000,120,8,9,137,59,61
SUPER_13,9680000,113,5,8,126,66,47
SUPER_13,9690000,186,11,17,214,98,88
SUPER_13,9700000,143,14,12,169,61,82
SUPER_13,9710000,176,9,8,193,99,77
SUPER_13,9720000,101,9,8,118,44,57
SUPER_13,9730000,78,6,8,92,41,37
SUPER_13,9740000,168,8,18,194,86,82
SUPER_13,9750000,23,1,2,26,11,12
SUPER_13,9760000,123,6,12,141,51,72
SUPER_13,9770000,210,21,18,249,97,113
SUPER_13,9780000,142,5,16,163,70,72
SUPER_13,9790000,96,6,4,106,45,51
SUPER_13,9800000,76,4,5,85,39,37
SUPER_13,9810000,119,13,13,145,53,66
SUPER_13,9820000,128,2,7,137,71,57
SUPER_13,9830000,121,7,7,135,60,61
SUPER_13,9840000,228,18,19,265,116,112
SUPER_13,9850000,125,19,13,157,67,58
SUPER_13,9860000,223,8,26,257,118,105
SUPER_13,9870000,49,2,4,55,17,32
SUPER_13,9880000,39,2,8,49,22,17
SUPER_13,9890000,105,6,8,119,57,48
SUPER_13,9900000,210,27,18,255,119,91
SUPER_13,9910000,248,20,11,279,118,130
SUPER_13,9920000,135,7,6,148,77,58
SUPER_13,9930000,54,5,5,64,27,27
SUPER_13,9940000,66,3,5,74,36,30
SUPER_13,9950000,17,0,4,21,12,5
SUPER_13,9960000,40,2,2,44,24,16
SUPER_13,9970000,32,7,5,44,19,13
SUPER_13,9980000,69,4,6,79,32,37
SUPER_13,9990000,169,12,9,190,85,84
SUPER_13,10000000,77,4,6,87,44,33
SUPER_13,10010000,167,12,10,189,93,74
SUPER_13,10020000,44,3,0,47,24,20
SUPER_13,10030000,77,5,10,92,47,30
SUPER_13,10040000,44,2,4,50,25,19
SUPER_13,10050000,31,1,2,34,15,16
SUPER_13,10060000,194,15,21,230,100,94
SUPER_13,10070000,102,11,16,129,49,53
SUPER_13,10080000,183,11,12,206,89,94
SUPER_13,10090000,113,15,13,141,59,54
SUPER_13,10100000,70,8,10,88,45,25
SUPER_13,10110000,75,6,7,88,38,37
SUPER_13,10120000,79,9,6,94,43,36
SUPER_13,10130000,239,31,21,291,107,132
SUPER_13,10140000,280,19,28,327,150,130
SUPER_13,10150000,169,12,14,195,82,87
SUPER_13,10160000,42,5,4,51,24,18
SUPER_13,10170000,109,19,9,137,64,45
SUPER_13,10180000,154,11,11,176,86,68
SUPER_13,10190000,58,5,3,66,31,27
SUPER_13,10200000,190,16,26,232,97,93
SUPER_13,10210000,89,9,8,106,46,43
SUPER_13,10220000,23,2,1,26,13,10
SUPER_13,10230000,113,12,15,140,55,58
SUPER_13,10240000,104,9,10,123,60,44
SUPER_13,10250000,123,8,14,145,66,57
SUPER_13,10260000,182,19,21,222,95,87
SUPER_13,10270000,70,8,4,82,42,28
SUPER_13,10280000,152,21,16,189,83,69
SUPER_13,10290000,180,19,16,215,78,102
SUPER_13,10300000,176,20,20,216,82,94
SUPER_13,10310000,143,9,18,170,70,73
SUPER_13,10320000,170,9,16,195,80,90
SUPER_13,10330000,132,10,13,155,67,65
SUPER_13,10340000,104,4,11,119,50,54
SUPER_13,10350000,238,16,19,273,117,121
SUPER_13,10360000,48,3,8,59,27,21
SUPER_13,10370000,64,5,9,78,35,29
SUPER_13,10380000,89,5,10,104,52,37
SUPER_13,10390000,89,11,6,106,40,49
SUPER_13,10400000,131,10,18,159,54,77
SUPER_13,10410000,40,4,3,47,23,17
SUPER_13,10420000,86,6,12,104,47,39
SUPER_13,10430000,100,9,10,119,48,52
SUPER_13,10440000,66,4,7,77,32,34
SUPER_13,10450000,214,21,16,251,114,100
SUPER_13,10460000,160,22,13,195,82,78
SUPER_13,10470000,74,0,6,80,34,40
SUPER_13,10480000,82,7,8,97,44,38
SUPER_13,10490000,185,28,17,230,100,85
SUPER_13,10500000,205,18,11,234,106,99
SUPER_13,10510000,142,13,14,169,66,76
SUPER_13,10520000,104,10,8,122,48,56
SUPER_13,10530000,78,11,6,95,36,42
SUPER_13,10540000,62,4,2,68,37,25
SUPER_13,10550000,95,12,13,120,48,47
SUPER_13,10560000,129,8,16,153,71,58
SUPER_13,10570000,112,13,16,141,56,56
SUPER_13,10580000,88,18,11,117,38,50
SUPER_13,10590000,122,14,12,148,57,65
SUPER_13,10600000,61,5,3,69,30,31
SUPER_13,10610000,84,8,3,95,41,43
SUPER_13,10620000,132,13,18,163,68,64
SUPER_13,10630000,131,13,17,161,72,59
SUPER_13,10640000,242,22,18,282,126,116
SUPER_13,10650000,194,19,17,230,112,82
SUPER_13,10660000,168,15,11,194,91,77
SUPER_13,10670000,121,7,9,137,64,57
SUPER_13,10680000,194,22,27,243,87,107
SUPER_13,10690000,209,14,16,239,110,99
SUPER_13,10700000,88,5,4,97,44,44
SUPER_13,10710000,227,19,22,268,110,117
SUPER_13,10720000,114,8,10,132,45,69
SUPER_13,10730000,106,5,11,122,53,53
SUPER_13,10740000,96,6,3,105,50,46
SUPER_13,10750000,189,12,13,214,97,92
SUPER_13,10760000,150,15,14,179,81,69
SUPER_13,10770000,261,22,25,308,122,139
SUPER_13,10780000,122,7,13,142,59,63
SUPER_13,10790000,162,10,22,194,89,73
SUPER_13,10800000,182,18,11,211,71,111
SUPER_13,10810000,229,9,19,257,109,120
SUPER_13,10820000,32,4,6,42,14,18
SUPER_13,10830000,65,2,8,75,29,36
SUPER_13,10840000,193,28,23,244,86,107
SUPER_13,10850000,252,25,17,294,119,133
SUPER_13,10860000,168,12,18,198,83,85
SUPER_13,10870000,223,22,21,266,113,110
SUPER_13,10880000,120,13,11,144,63,57
SUPER_13,10890000,233,19,27,279,113,120
SUPER_13,10900000,238,16,22,276,110,128
SUPER_13,10910000,223,22,17,262,117,106
SUPER_13,10920000,164,18,26,208,73,91
SUPER_13,10930000,198,16,17,231,102,96
SUPER_13,10940000,220,9,22,251,91,129
SUPER_13,10950000,259,25,22,306,134,125
SUPER_13,10960000,263,28,17,308,125,138
SUPER_13,10970000,113,7,13,133,66,47
SUPER_13,10980000,192,13,28,233,94,98
SUPER_13,10990000,334,27,21,382,161,173
SUPER_13,11000000,253,19,19,291,124,129
SUPER_13,11010000,146,10,14,170,79,67
SUPER_13,11020000,205,14,14,233,96,109
SUPER_13,11030000,175,7,14,196,82,93
SUPER_13,11040000,263,18,22,303,132,131
SUPER_13,11050000,97,3,11,111,43,54
SUPER_13,11060000,25,0,2,27,14,11
SUPER_13,11070000,117,8,11,136,55,62
SUPER_13,11080000,159,12,13,184,87,72
SUPER_13,11090000,72,5,5,82,45,27
SUPER_13,11100000,29,2,3,34,12,17
SUPER_13,11110000,49,0,5,54,23,26
SUPER_13,11120000,94,4,2,100,47,47
SUPER_13,11130000,60,4,2,66,37,23
SUPER_13,11140000,151,8,14,173,81,70
SUPER_13,11150000,26,1,2,29,17,9
SUPER_13,11160000,93,7,5,105,50,43
SUPER_13,11170000,252,10,14,276,134,118
SUPER_13,11180000,264,19,26,309,114,150
SUPER_13,11190000,263,23,34,320,135,128
SUPER_13,11200000,80,9,6,95,39,41
SUPER_13,11210000,44,6,7,57,29,15
SUPER_13,11220000,275,13,24,312,133,142
SUPER_13,11230000,139,8,12,159,73,66
SUPER_13,11240000,282,23,24,329,134,148
SUPER_13,11250000,303,34,33,370,144,159
SUPER_13,11260000,116,11,17,144,62,54
SUPER_13,11270000,30,1,0,31,18,12
SUPER_13,11280000,116,7,10,133,57,59
SUPER_13,11290000,259,22,28,309,135,124
SUPER_13,11300000,244,13,27,284,127,117
SUPER_13,11310000,320,27,27,374,180,140
SUPER_13,11320000,275,18,18,311,145,130
SUPER_13,11330000,173,21,19,213,79,94
SUPER_13,11340000,235,21,17,273,114,121
SUPER_13,11350000,262,26,26,314,148,114
SUPER_13,11360000,292,22,27,341,149,143
SUPER_13,11370000,264,26,28,318,137,127
SUPER_13,11380000,259,15,26,300,121,138
SUPER_13,11390000,8,2,0,10,3,5
SUPER_13,11400000,76,4,5,85,34,42
SUPER_13,11410000,61,9,8,78,41,20
SUPER_13,11420000,175,5,21,201,102,73
SUPER_13,11430000,124,11,11,146,55,69
SUPER_13,11440000,78,5,7,90,38,40
SUPER_13,11450000,139,17,18,174,72,67
SUPER_13,11460000,135,1,11,147,68,67
SUPER_13,11470000,146,14,16,176,71,75
SUPER_13,11480000,225,16,16,257,116,109
SUPER_13,11490000,110,7,5,122,60,50
SUPER_13,11500000,113,8,7,128,50,63
SUPER_13,11510000,176,21,12,209,96,80
SUPER_13,11520000,155,20,19,194,67,88
SUPER_13,11530000,239,14,16,269,124,115
SUPER_13,11540000,214,14,22,250,113,101
SUPER_13,11550000,216,13,21,250,109,107
SUPER_13,11560000,199,20,13,232,90,109
SUPER_13,11570000,163,14,9,186,86,77
SUPER_13,11580000,64,3,2,69,32,32
SUPER_13,11590000,215,15,21,251,97,118
SUPER_13,11600000,160,16,8,184,89,71
SUPER_13,11610000,176,9,13,198,91,85
SUPER_13,11620000,201,13,16,230,106,95
SUPER_13,11630000,209,17,24,250,110,99
SUPER_13,11640000,213,17,21,251,100,113
SUPER_13,11650000,85,9,14,108,41,44
SUPER_13,11660000,145,12,14,171,79,66
SUPER_13,11670000,263,22,22,307,140,123
SUPER_13,11680000,189,9,17,215,93,96
SUPER_13,11690000,143,14,13,170,66,77
SUPER_13,11700000,16,0,0,16,10,6
SUPER_13,11710000,163,14,14,191,85,78
SUPER_13,11720000,158,13,11,182,75,83
SUPER_13,11730000,22,1,0,23,9,13
SUPER_13,11740000,62,6,7,75,32,30
SUPER_13,11750000,191,14,17,222,94,97
SUPER_13,11760000,239,18,22,279,115,124
SUPER_13,11770000,277,23,28,328,150,127
SUPER_13,11780000,259,29,16,304,121,138
SUPER_13,11790000,176,16,15,207,101,75
SUPER_13,11800000,129,7,10,146,68,61
SUPER_13,11810000,211,14,18,243,117,94
SUPER_13,11820000,169,22,7,198,68,101
SUPER_13,11830000,230,17,22,269,109,121
SUPER_13,11840000,161,15,10,186,85,76
SUPER_13,11850000,100,11,12,123,59,41
SUPER_13,11860000,230,17,21,268,129,101
SUPER_13,11870000,49,1,3,53,27,22
SUPER_13,11880000,168,11,13,192,80,88
SUPER_13,11890000,159,23,12,194,74,85
SUPER_13,11900000,204,7,17,228,101,103
SUPER_13,11910000,142,16,10,168,69,73
SUPER_13,11920000,38,5,2,45,27,11
SUPER_13,11930000,213,10,16,239,120,93
SUPER_13,11940000,212,16,16,244,112,100
SUPER_13,11950000,139,13,14,166,72,67
SUPER_13,11960000,184,16,13,213,98,86
SUPER_13,11970000,55,2,7,64,21,34
SUPER_13,11980000,275,20,19,314,122,153
SUPER_13,11990000,233,24,16,273,102,131
SUPER_13,12000000,142,11,16,169,69,73
SUPER_13,12010000,189,20,15,224,91,98
SUPER_13,12020000,228,25,27,280,101,127
SUPER_13,12030000,12,3,0,15,9,3
SUPER_13,12040000,6,0,1,7,2,4
SUPER_13,12050000,43,7,4,54,22,21
SUPER_13,12060000,54,4,5,63,27,27
SUPER_13,12070000,30,4,3,37,12,18
SUPER_13,12080000,89,3,8,100,42,47
SUPER_13,12090000,91,7,6,104,49,42
SUPER_13,12100000,94,6,8,108,41,53
SUPER_13,12110000,94,6,8,108,49,45
SUPER_13,12120000,63,5,6,74,31,32
SUPER_13,12130000,258,13,25,296,144,114
SUPER_13,12140000,52,4,2,58,25,27
SUPER_13,12150000,99,12,13,124,50,49
SUPER_13,12160000,202,14,15,231,100,102
SUPER_13,12170000,117,9,12,138,61,56
SUPER_13,12180000,222,26,18,266,116,106
SUPER_13,12190000,208,18,25,251,108,100
SUPER_13,12200000,242,27,23,292,129,113
SUPER_13,12210000,72,6,6,84,33,39
SUPER_13,12220000,161,10,20,191,71,90
SUPER_13,12230000,199,14,17,230,98,101
SUPER_13,12240000,273,29,28,330,134,139
SUPER_13,12250000,238,18,21,277,111,127
SUPER_13,12260000,237,19,19,275,130,107
SUPER_13,12270000,256,31,17,304,121,135
SUPER_13,12280000,96,6,4,106,49,47
SUPER_13,12290000,153,11,12,176,90,63
SUPER_13,12300000,115,14,5,134,45,70
SUPER_13,12310000,147,7,23,177,67,80
SUPER_13,12320000,205,21,15,241,103,102
SUPER_13,12330000,212,18,25,255,105,107
SUPER_13,12340000,100,10,12,122,56,44
SUPER_13,12350000,150,10,22,182,78,72
SUPER_13,12360000,87,9,4,100,50,37
SUPER_13,12370000,88,8,7,103,40,48
SUPER_13,12380000,143,5,10,158,81,62
SUPER_13,12390000,241,11,17,269,136,105
SUPER_13,12400000,265,16,17,298,133,132
SUPER_13,12410000,251,24,28,303,123,128
SUPER_13,12420000,110,8,11,129,63,47
SUPER_13,12430000,63,7,3,73,38,25
SUPER_13,12440000,9,0,1,10,5,4
SUPER_13,12450000,77,7,6,90,34,43
SUPER_13,12460000,207,11,17,235,100,107
SUPER_13,12470000,28,4,1,33,14,14
SUPER_13,12480000,181,14,22,217,95,86
SUPER_13,12490000,224,10,12,246,116,108
SUPER_13,12500000,318,26,28,372,157,161
SUPER_13,12510000,188,10,17,215,93,95
SUPER_13,12520000,232,16,17,265,107,125
SUPER_13,12530000,152,6,13,171,70,82
SUPER_13,12540000,199,15,16,230,110,89
SUPER_13,12550000,152,8,16,176,77,75
SUPER_13,12560000,81,9,2,92,38,43
SUPER_13,12570000,106,5,7,118,71,35
SUPER_13,12580000,31,1,1,33,19,12
SUPER_13,12590000,69,5,5,79,41,28
SUPER_13,12600000,198,18,21,237,108,90
SUPER_13,12610000,250,29,20,299,135,115
SUPER_13,12620000,131,6,7,144,71,60
SUPER_13,12630000,221,16,11,248,114,107
SUPER_13,12640000,88,4,4,96,51,37
SUPER_13,12650000,133,11,13,157,58,75
SUPER_13,12660000,93,8,4,105,49,44
SUPER_13,12670000,264,23,19,306,133,131
SUPER_13,12680000,138,5,15,158,82,56
SUPER_13,12690000,69,8,5,82,36,33
SUPER_13,12700000,128,7,11,146,66,62
SUPER_13,12710000,179,11,16,206,93,86
SUPER_13,12720000,234,13,18,265,112,122
SUPER_13,12730000,241,20,18,279,114,127
SUPER_13,12740000,105,12,9,126,54,51
SUPER_13,12750000,259,19,20,298,134,125
SUPER_13,12760000,94,5,6,105,46,48
SUPER_13,12770000,61,1,7,69,34,27
SUPER_13,12780000,130,10,10,150,64,66
SUPER_13,12790000,158,16,14,188,80,78
SUPER_13,12800000,187,16,12,215,87,100
SUPER_13,12810000,90,5,5,100,51,39
SUPER_13,12820000,74,5,4,83,42,32
SUPER_13,12830000,278,18,20,316,151,127
SUPER_13,12840000,205,16,10,231,101,104
SUPER_13,12850000,43,5,1,49,23,20
SUPER_13,12860000,93,5,8,106,53,40
SUPER_13,12870000,18,1,0,19,11,7
SUPER_13,12880000,93,5,7,105,46,47
SUPER_13,12890000,186,14,14,214,99,87
SUPER_13,12900000,285,10,4,299,153,132
SUPER_13,12910000,164,17,9,190,81,83
SUPER_13,12920000,110,7,9,126,55,55
SUPER_13,12930000,148,9,13,170,74,74
SUPER_13,12940000,135,9,13,157,74,61
SUPER_13,12950000,147,8,12,167,68,79
SUPER_13,12960000,263,20,24,307,130,133
SUPER_13,12970000,137,10,8,155,68,69
SUPER_13,12980000,287,20,22,329,151,136
SUPER_13,12990000,306,23,16,345,159,147
SUPER_13,13000000,174,14,13,201,77,97
SUPER_13,13010000,200,18,15,233,95,105
SUPER_13,13020000,150,16,10,176,80,70
SUPER_13,13030000,134,14,19,167,74,60
SUPER_13,13040000,78,9,9,96,39,39
SUPER_13,13050000,46,3,4,53,29,17
SUPER_13,13060000,132,14,8,154,73,59
SUPER_13,13070000,150,15,16,181,78,72
SUPER_13,13080000,82,8,11,101,39,43
SUPER_13,13090000,79,13,8,100,44,35
SUPER_13,13100000,41,1,2,44,24,17
SUPER_13,13110000,38,2,1,41,21,17
SUPER_13,13120000,116,11,5,132,60,56
SUPER_13,13130000,33,6,5,44,16,17
SUPER_13,13140000,6,5,1,12,2,4
SUPER_13,13150000,15,3,3,21,6,9
SUPER_13,13160000,21,1,2,24,8,13
SUPER_13,13170000,13,1,0,14,9,4
SUPER_14,10000,29,4,2,35,18,11
SUPER_14,20000,18,2,2,22,8,10
SUPER_14,30000,25,3,3,31,16,9
SUPER_14,40000,58,6,1,65,29,29
SUPER_14,50000,76,7,8,91,41,35
SUPER_14,60000,86,5,7,98,36,50
SUPER_14,70000,132,13,7,152,72,60
SUPER_14,80000,120,15,15,150,55,65
SUPER_14,90000,215,12,12,239,119,96
SUPER_14,100000,97,6,2,105,48,49
SUPER_14,110000,73,7,5,85,35,38
SUPER_14,120000,47,4,3,54,25,22
SUPER_14,130000,203,20,4,227,101,102
SUPER_14,140000,0,0,0,0,0,0
SUPER_14,150000,0,0,0,0,0,0
SUPER_14,160000,192,10,10,212,87,105
SUPER_14,170000,205,18,21,244,96,109
SUPER_14,180000,253,17,19,289,125,128
SUPER_14,190000,59,7,3,69,34,25
SUPER_14,200000,56,6,2,64,37,19
SUPER_14,210000,252,19,28,299,125,127
SUPER_14,220000,125,9,10,144,70,55
SUPER_14,230000,21,1,1,23,13,8
SUPER_14,240000,119,9,10,138,60,59
SUPER_14,250000,279,28,28,335,141,138
SUPER_14,260000,177,16,16,209,83,94
SUPER_14,270000,217,19,23,259,109,108
SUPER_14,280000,322,28,30,380,157,165
SUPER_14,290000,210,22,20,252,102,108
SUPER_14,300000,37,3,6,46,25,12
SUPER_14,310000,253,15,11,279,134,119
SUPER_14,320000,59,2,3,64,35,24
SUPER_14,330000,156,12,8,176,93,63
SUPER_14,340000,75,0,2,77,54,21
SUPER_14,350000,232,18,19,269,119,113
SUPER_14,360000,256,18,22,296,132,124
SUPER_14,370000,276,23,22,321,149,127
SUPER_14,380000,58,7,5,70,30,28
SUPER_14,390000,49,1,0,50,24,25
SUPER_14,400000,9,0,0,9,6,3
SUPER_14,410000,88,5,3,96,49,39
SUPER_14,420000,90,8,10,108,53,37
SUPER_14,430000,227,12,17,256,131,96
SUPER_14,440000,155,10,16,181,68,87
SUPER_14,450000,230,20,20,270,118,112
SUPER_14,460000,139,17,8,164,79,60
SUPER_14,470000,31,4,2,37,15,16
SUPER_14,480000,168,15,17,200,84,84
SUPER_14,490000,218,20,15,253,119,99
SUPER_14,500000,246,19,25,290,110,136
SUPER_14,510000,191,17,13,221,81,110
SUPER_14,520000,165,11,21,197,87,78
SUPER_14,530000,142,7,18,167,61,81
SUPER_14,540000,69,2,1,72,42,27
SUPER_14,550000,62,2,0,64,45,17
SUPER_14,560000,174,14,16,204,95,79
SUPER_14,570000,247,24,29,300,127,120
SUPER_14,580000,223,17,15,255,110,113
SUPER_14,590000,144,5,9,158,66,78
SUPER_14,600000,196,22,15,233,97,99
SUPER_14,610000,40,0,1,41,22,18
SUPER_14,620000,246,18,17,281,121,125
SUPER_14,630000,102,11,12,125,52,50
SUPER_14,640000,190,16,23,229,95,95
SUPER_14,650000,298,24,25,347,148,150
SUPER_14,660000,265,19,24,308,125,140
SUPER_14,670000,303,26,27,356,161,142
SUPER_14,680000,218,13,22,253,108,110
SUPER_14,690000,296,25,23,344,143,153
SUPER_14,700000,75,6,2,83,45,30
SUPER_14,710000,96,9,8,113,49,47
SUPER_14,720000,138,9,4,151,72,66
SUPER_14,730000,103,4,5,112,60,43
SUPER_14,740000,175,17,9,201,91,84
SUPER_14,750000,247,16,9,272,122,125
SUPER_14,760000,235,18,24,277,126,109
SUPER_14,770000,158,6,14,178,60,98
SUPER_14,780000,217,15,8,240,106,111
SUPER_14,790000,278,20,26,324,148,130
SUPER_14,800000,251,19,21,291,116,135
SUPER_14,810000,179,12,8,199,86,93
SUPER_14,820000,123,7,9,139,66,57
SUPER_14,830000,155,14,17,186,76,79
SUPER_14,840000,92,6,1,99,51,41
SUPER_14,850000,131,5,5,141,68,63
SUPER_14,860000,87,3,10,100,52,35
SUPER_14,870000,226,14,14,254,109,117
SUPER_14,880000,194,20,18,232,92,102
SUPER_14,890000,35,2,3,40,22,13
SUPER_14,900000,205,21,19,245,105,100
SUPER_14,910000,213,20,17,250,114,99
SUPER_14,920000,270,21,20,311,134,136
SUPER_14,930000,311,24,20,355,147,164
SUPER_14,940000,282,22,19,323,139,143
SUPER_14,950000,204,17,20,241,103,101
SUPER_14,960000,112,7,10,129,60,52
SUPER_14,970000,22,1,0,23,9,13
SUPER_14,980000,172,10,14,196,90,82
SUPER_14,990000,177,13,5,195,82,95
SUPER_14,1000000,181,7,14,202,91,90
SUPER_14,1010000,101,2,12,115,50,51
SUPER_14,1020000,113,13,9,135,61,52
SUPER_14,1030000,24,1,3,28,13,11
SUPER_14,1040000,102,8,14,124,50,52
SUPER_14,1050000,221,18,19,258,113,108
SUPER_14,1060000,144,14,15,173,84,60
SUPER_14,1070000,279,17,23,319,140,139
SUPER_14,1080000,296,26,25,347,165,131
SUPER_14,1090000,227,20,13,260,117,110
SUPER_14,1100000,286,20,25,331,149,137
SUPER_14,1110000,281,20,28,329,138,143
SUPER_14,1120000,203,15,16,234,96,107
SUPER_14,1130000,74,4,3,81,41,33
SUPER_14,1140000,0,0,0,0,0,0
SUPER_14,1150000,0,0,0,0,0,0
SUPER_14,1160000,282,29,28,339,151,131
SUPER_14,1170000,307,28,29,364,155,152
SUPER_14,1180000,123,13,6,142,61,62
SUPER_14,1190000,244,32,25,301,111,133
SUPER_14,1200000,18,2,2,22,8,10
SUPER_14,1210000,67,1,5,73,31,36
SUPER_14,1220000,101,9,9,119,59,42
SUPER_14,1230000,124,6,14,144,66,58
SUPER_14,1240000,245,26,28,299,123,122
SUPER_14,1250000,177,12,14,203,99,78
SUPER_14,1260000,272,14,27,313,143,129
SUPER_14,1270000,158,16,9,183,93,65
SUPER_14,1280000,88,5,5,98,46,42
SUPER_14,1290000,121,10,7,138,52,69
SUPER_14,1300000,288,23,17,328,152,136
SUPER_14,1310000,127,19,14,160,60,67
SUPER_14,1320000,135,5,12,152,79,56
SUPER_14,1330000,144,18,12,174,65,79
SUPER_14,1340000,157,12,12,181,89,68
SUPER_14,1350000,153,19,14,186,74,79
SUPER_14,1360000,154,10,18,182,77,77
SUPER_14,1370000,174,14,10,198,77,97
SUPER_14,1380000,55,3,4,62,30,25
SUPER_14,1390000,224,24,19,267,107,117
SUPER_14,1400000,67,3,6,76,41,26
SUPER_14,1410000,18,0,1,19,10,8
SUPER_14,1420000,37,4,7,48,13,24
SUPER_14,1430000,0,0,0,0,0,0
SUPER_14,1440000,0,0,0,0,0,0
SUPER_14,1450000,0,0,0,0,0,0
SUPER_14,1460000,271,12,20,303,140,131
SUPER_14,1470000,127,8,9,144,59,68
SUPER_14,1480000,276,10,16,302,126,150
SUPER_14,1490000,220,20,15,255,119,101
SUPER_14,1500000,140,10,9,159,68,72
SUPER_14,1510000,360,25,34,419,188,172
SUPER_14,1520000,260,22,19,301,145,115
SUPER_14,1530000,89,8,4,101,44,45
SUPER_14,1540000,47,2,1,50,32,15
SUPER_14,1550000,153,14,18,185,75,78
SUPER_14,1560000,200,25,23,248,85,115
SUPER_14,1570000,21,0,2,23,12,9
SUPER_14,1580000,198,19,20,237,105,93
SUPER_14,1590000,309,24,33,366,153,156
SUPER_14,1600000,169,10,16,195,88,81
SUPER_14,1610000,174,15,15,204,91,83
SUPER_14,1620000,101,10,8,119,51,50
SUPER_14,1630000,169,15,22,206,84,85
SUPER_14,1640000,91,3,7,101,56,35
SUPER_14,1650000,179,13,12,204,98,81
SUPER_14,1660000,259,26,22,307,126,133
SUPER_14,1670000,282,20,26,328,143,139
SUPER_14,1680000,243,21,24,288,113,130
SUPER_14,1690000,76,7,6,89,39,37
SUPER_14,1700000,8,0,1,9,4,4
SUPER_14,1710000,52,2,2,56,26,26
SUPER_14,1720000,46,3,2,51,23,23
SUPER_14,1730000,32,1,4,37,16,16
SUPER_14,1740000,98,8,15,121,48,50
SUPER_14,1750000,199,11,12,222,101,98
SUPER_14,1760000,168,7,13,188,88,80
SUPER_14,1770000,158,14,6,178,86,72
SUPER_14,1780000,172,11,17,200,86,86
SUPER_14,1790000,200,15,19,234,96,104
SUPER_14,1800000,257,22,26,305,132,125
SUPER_14,1810000,70,5,6,81,33,37
SUPER_14,1820000,33,3,4,40,17,16
SUPER_14,1830000,2,1,0,3,1,1
SUPER_14,1840000,8,0,0,8,6,2
SUPER_14,1850000,174,19,19,212,79,95
SUPER_14,1860000,218,17,20,255,110,108
SUPER_14,1870000,240,27,18,285,116,124
SUPER_14,1880000,308,21,30,359,148,160
SUPER_14,1890000,245,25,20,290,120,125
SUPER_14,1900000,202,10,21,233,101,101
SUPER_14,1910000,27,1,2,30,14,13
SUPER_14,1920000,71,2,2,75,32,39
SUPER_14,1930000,74,6,9,89,36,38
SUPER_14,1940000,0,0,0,0,0,0
SUPER_14,1950000,0,0,0,0,0,0
SUPER_14,1960000,0,0,0,0,0,0
SUPER_14,1970000,192,14,16,222,103,89
SUPER_14,1980000,1,0,0,1,0,1
SUPER_14,1990000,131,11,8,150,59,72
SUPER_14,2000000,67,5,2,74,31,36
SUPER_14,2010000,71,5,2,78,38,33
SUPER_14,2020000,17,0,4,21,10,7
SUPER_14,2030000,63,3,2,68,34,29
SUPER_14,2040000,30,0,6,36,15,15
SUPER_14,2050000,193,14,18,225,102,91
SUPER_14,2060000,149,9,11,169,76,73
SUPER_14,2070000,80,4,9,93,51,29
SUPER_14,2080000,22,2,2,26,9,13
SUPER_14,2090000,148,15,13,176,86,62
SUPER_14,2100000,170,12,16,198,90,80
SUPER_14,2110000,173,9,17,199,84,89
SUPER_14,2120000,63,8,7,78,31,32
SUPER_14,2130000,120,11,14,145,57,63
SUPER_14,2140000,177,7,11,195,87,90
SUPER_14,2150000,216,28,22,266,109,107
SUPER_14,2160000,223,14,25,262,111,112
SUPER_14,2170000,135,15,12,162,67,68
SUPER_14,2180000,63,5,9,77,31,32
SUPER_14,2190000,22,1,4,27,14,8
SUPER_14,2200000,224,15,18,257,118,106
SUPER_14,2210000,299,19,30,348,133,166
SUPER_14,2220000,185,15,14,214,89,96
SUPER_14,2230000,255,14,30,299,142,113
SUPER_14,2240000,264,23,33,320,132,132
SUPER_14,2250000,195,12,16,223,101,94
SUPER_14,2260000,78,8,7,93,39,39
SUPER_14,2270000,76,11,5,92,45,31
SUPER_14,2280000,57,7,4,68,31,26
SUPER_14,2290000,175,11,12,198,79,96
SUPER_14,2300000,9,0,1,10,6,3
SUPER_14,2310000,107,14,16,137,63,44
SUPER_14,2320000,220,14,18,252,109,111
SUPER_14,2330000,126,7,7,140,63,63
SUPER_14,2340000,287,32,27,346,143,144
SUPER_14,2350000,187,13,24,224,91,96
SUPER_14,2360000,220,22,22,264,114,106
SUPER_14,2370000,109,12,4,125,54,55
SUPER_14,2380000,159,13,8,180,77,82
SUPER_14,2390000,79,11,7,97,43,36
SUPER_14,2400000,143,14,14,171,69,74
SUPER_14,2410000,57,2,6,65,27,30
SUPER_14,2420000,79,4,6,89,43,36
SUPER_14,2430000,250,24,21,295,108,142
SUPER_14,2440000,309,22,21,352,150,159
SUPER_14,2450000,282,20,26,328,142,140
SUPER_14,2460000,267,25,31,323,120,147
SUPER_14,2470000,316,30,19,365,159,157
SUPER_14,2480000,308,29,21,358,165,143
SUPER_14,2490000,294,24,29,347,164,130
SUPER_14,2500000,353,27,27,407,178,175
SUPER_14,2510000,186,15,15,216,95,91
SUPER_14,2520000,251,15,31,297,127,124
SUPER_14,2530000,160,4,11,175,76,84
SUPER_14,2540000,163,13,13,189,74,89
SUPER_14,2550000,152,15,13,180,85,67
SUPER_14,2560000,35,1,2,38,20,15
SUPER_14,2570000,173,16,18,207,97,76
SUPER_14,2580000,278,25,31,334,124,154
SUPER_14,2590000,174,11,20,205,87,87
SUPER_14,2600000,217,13,20,250,102,115
SUPER_14,2610000,235,20,23,278,122,113
SUPER_14,2620000,287,34,21,342,143,144
SUPER_14,2630000,51,4,4,59,29,22
SUPER_14,2640000,144,15,14,173,70,74
SUPER_14,2650000,240,24,27,291,112,128
SUPER_14,2660000,299,22,19,340,152,147
SUPER_14,2670000,150,16,17,183,81,69
SUPER_14,2680000,185,12,17,214,96,89
SUPER_14,2690000,277,20,16,313,132,145
SUPER_14,2700000,292,19,25,336,146,146
SUPER_14,2710000,191,13,19,223,88,103
SUPER_14,2720000,192,11,27,230,95,97
SUPER_14,2730000,82,6,5,93,41,41
SUPER_14,2740000,141,10,18,169,77,64
SUPER_14,2750000,182,22,19,223,82,100
SUPER_14,2760000,62,8,6,76,27,35
SUPER_14,2770000,176,9,11,196,93,83
SUPER_14,2780000,237,19,28,284,109,128
SUPER_14,2790000,239,22,31,292,106,133
SUPER_14,2800000,229,19,25,273,99,130
SUPER_14,2810000,229,12,28,269,109,120
SUPER_14,2820000,253,14,28,295,123,130
SUPER_14,2830000,192,23,12,227,87,105
SUPER_14,2840000,125,17,11,153,61,64
SUPER_14,2850000,155,10,11,176,87,68
SUPER_14,2860000,119,5,9,133,61,58
SUPER_14,2870000,192,19,14,225,95,97
SUPER_14,2880000,251,17,18,286,127,124
SUPER_14,2890000,172,17,25,214,80,92
SUPER_14,2900000,192,19,24,235,96,96
SUPER_14,2910000,229,24,15,268,102,127
SUPER_14,2920000,240,22,23,285,125,115
SUPER_14,2930000,37,4,2,43,17,20
SUPER_14,2940000,129,8,6,143,70,59
SUPER_14,2950000,135,10,10,155,66,69
SUPER_14,2960000,266,18,20,304,141,125
SUPER_14,2970000,182,21,14,217,94,88
SUPER_14,2980000,146,12,9,167,78,68
SUPER_14,2990000,245,32,26,303,133,112
SUPER_14,3000000,293,25,39,357,162,131
SUPER_14,3010000,275,27,20,322,128,147
SUPER_14,3020000,108,12,10,130,47,61
SUPER_14,3030000,143,11,13,167,72,71
SUPER_14,3040000,184,13,9,206,94,90
SUPER_14,3050000,137,9,9,155,71,66
SUPER_14,3060000,162,7,22,191,81,81
SUPER_14,3070000,156,16,11,183,80,76
SUPER_14,3080000,215,15,20,250,117,98
SUPER_14,3090000,64,3,1,68,26,38
SUPER_14,3100000,259,28,22,309,128,131
SUPER_14,3110000,271,29,22,322,155,116
SUPER_14,3120000,303,17,29,349,161,142
SUPER_14,3130000,241,18,14,273,125,116
SUPER_14,3140000,251,21,18,290,127,124
SUPER_14,3150000,200,22,10,232,82,118
SUPER_14,3160000,45,3,5,53,23,22
SUPER_14,3170000,159,10,16,185,85,74
SUPER_14,3180000,246,22,29,297,110,136
SUPER_14,3190000,207,13,14,234,103,104
SUPER_14,3200000,134,10,16,160,63,71
SUPER_14,3210000,106,11,4,121,61,45
SUPER_14,3220000,33,4,9,46,17,16
SUPER_14,3230000,171,16,17,204,91,80
SUPER_14,3240000,260,8,21,289,145,115
SUPER_14,3250000,100,7,12,119,58,42
SUPER_14,3260000,164,15,15,194,92,72
SUPER_14,3270000,109,17,19,145,51,58
SUPER_14,3280000,80,9,10,99,44,36
SUPER_14,3290000,120,5,7,132,69,51
SUPER_14,3300000,156,6,11,173,78,78
SUPER_14,3310000,112,8,11,131,65,47
SUPER_14,3320000,147,13,17,177,70,77
SUPER_14,3330000,132,7,15,154,68,64
SUPER_14,3340000,94,7,11,112,52,42
SUPER_14,3350000,90,9,8,107,44,46
SUPER_14,3360000,22,0,4,26,9,13
SUPER_14,3370000,158,13,11,182,84,74
SUPER_14,3380000,66,5,10,81,32,34
SUPER_14,3390000,220,32,28,280,114,106
SUPER_14,3400000,85,7,4,96,51,34
SUPER_14,3410000,59,3,3,65,37,22
SUPER_14,3420000,134,9,11,154,70,64
SUPER_14,3430000,47,7,4,58,26,21
SUPER_14,3440000,273,18,22,313,124,149
SUPER_14,3450000,163,14,19,196,91,72
SUPER_14,3460000,200,15,20,235,96,104
SUPER_14,3470000,118,16,12,146,59,59
SUPER_14,3480000,144,18,15,177,63,81
SUPER_14,3490000,169,13,14,196,89,80
SUPER_14,3500000,136,10,16,162,68,68
SUPER_14,3510000,51,3,2,56,29,22
SUPER_14,3520000,61,8,6,75,31,30
SUPER_14,3530000,138,9,15,162,76,62
SUPER_14,3540000,132,9,17,158,66,66
SUPER_14,3550000,245,21,29,295,122,123
SUPER_14,3560000,45,2,6,53,24,21
SUPER_14,3570000,158,12,11,181,79,79
SUPER_14,3580000,67,6,5,78,33,34
SUPER_14,3590000,181,12,14,207,92,89
SUPER_14,3600000,205,14,16,235,109,96
SUPER_14,3610000,105,8,5,118,61,44
SUPER_14,3620000,205,15,14,234,109,96
SUPER_14,3630000,191,15,20,226,92,99
SUPER_14,3640000,261,22,20,303,127,134
SUPER_14,3650000,164,14,17,195,79,85
SUPER_14,3660000,73,7,3,83,42,31
SUPER_14,3670000,204,17,18,239,96,108
SUPER_14,3680000,160,14,15,189,71,89
SUPER_14,3690000,170,14,15,199,93,77
SUPER_14,3700000,243,10,25,278,108,135
SUPER_14,3710000,225,13,13,251,123,102
SUPER_14,3720000,259,29,32,320,129,130
SUPER_14,3730000,244,19,27,290,121,123
SUPER_14,3740000,225,25,17,267,106,119
SUPER_14,3750000,263,19,22,304,118,145
SUPER_14,3760000,162,13,9,184,91,71
SUPER_14,3770000,102,4,6,112,52,50
SUPER_14,3780000,228,26,19,273,95,133
SUPER_14,3790000,253,23,19,295,131,122
SUPER_14,3800000,235,20,19,274,113,122
SUPER_14,3810000,283,22,24,329,135,148
SUPER_14,3820000,209,13,24,246,101,108
SUPER_14,3830000,230,21,27,278,114,116
SUPER_14,3840000,209,25,20,254,102,107
SUPER_14,3850000,230,17,24,271,120,110
SUPER_14,3860000,232,34,11,277,116,116
SUPER_14,3870000,239,10,26,275,113,126
SUPER_14,3880000,105,4,13,122,58,47
SUPER_14,3890000,6,1,1,8,3,3
SUPER_14,3900000,33,1,2,36,19,14
SUPER_14,3910000,152,16,18,186,77,75
SUPER_14,3920000,223,22,25,270,111,112
SUPER_14,3930000,199,20,24,243,92,107
SUPER_14,3940000,205,20,24,249,97,108
SUPER_14,3950000,239,25,25,289,112,127
SUPER_14,3960000,206,17,21,244,102,104
SUPER_14,3970000,92,2,11,105,46,46
SUPER_14,3980000,227,24,17,268,113,114
SUPER_14,3990000,206,11,19,236,115,91
SUPER_14,4000000,205,9,11,225,102,103
SUPER_14,4010000,158,5,10,173,86,72
SUPER_14,4020000,230,12,16,258,108,122
SUPER_14,4030000,255,26,24,305,128,127
SUPER_14,4040000,200,19,17,236,96,104
SUPER_14,4050000,176,11,24,211,80,96
SUPER_14,4060000,179,16,7,202,91,88
SUPER_14,4070000,214,22,20,256,107,107
SUPER_14,4080000,249,15,17,281,135,114
SUPER_14,4090000,57,6,6,69,37,20
SUPER_14,4100000,82,3,4,89,42,40
SUPER_14,4110000,175,22,25,222,89,86
SUPER_14,4120000,139,6,17,162,77,62
SUPER_14,4130000,286,27,25,338,136,150
SUPER_14,4140000,243,26,24,293,133,110
SUPER_14,4150000,107,15,14,136,49,58
SUPER_14,4160000,32,2,1,35,18,14
SUPER_14,4170000,24,2,2,28,14,10
SUPER_14,4180000,19,1,0,20,13,6
SUPER_14,4190000,203,14,15,232,118,85
SUPER_14,4200000,250,29,26,305,124,126
SUPER_14,4210000,152,18,16,186,76,76
SUPER_14,4220000,127,11,12,150,78,49
SUPER_14,4230000,186,7,17,210,101,85
SUPER_14,4240000,124,10,15,149,56,68
SUPER_14,4250000,175,10,13,198,77,98
SUPER_14,4260000,205,19,20,244,104,101
SUPER_14,4270000,299,19,32,350,141,158
SUPER_14,4280000,84,4,9,97,34,50
SUPER_14,4290000,103,15,10,128,51,52
SUPER_14,4300000,155,11,19,185,74,81
SUPER_14,4310000,64,3,6,73,32,32
SUPER_14,4320000,116,11,17,144,55,61
SUPER_14,4330000,302,26,31,359,145,157
SUPER_14,4340000,186,12,15,213,102,84
SUPER_14,4350000,208,17,15,240,92,116
SUPER_14,4360000,132,6,14,152,63,69
SUPER_14,4370000,150,11,11,172,72,78
SUPER_14,4380000,83,11,6,100,49,34
SUPER_14,4390000,143,6,15,164,69,74
SUPER_14,4400000,236,21,23,280,109,127
SUPER_14,4410000,123,10,15,148,63,60
SUPER_14,4420000,191,23,18,232,93,98
SUPER_14,4430000,172,15,14,201,89,83
SUPER_14,4440000,165,17,8,190,84,81
SUPER_14,4450000,145,11,7,163,75,70
SUPER_14,4460000,185,9,21,215,100,85
SUPER_14,4470000,110,12,12,134,53,57
SUPER_14,4480000,251,31,29,311,124,127
SUPER_14,4490000,172,29,19,220,74,98
SUPER_14,4500000,55,0,5,60,24,31
SUPER_14,4510000,52,4,2,58,31,21
SUPER_14,4520000,32,2,5,39,13,19
SUPER_14,4530000,116,9,4,129,55,61
SUPER_14,4540000,162,12,18,192,80,82
SUPER_14,4550000,161,14,20,195,83,78
SUPER_14,4560000,39,3,5,47,17,22
SUPER_14,4570000,65,4,10,79,30,35
SUPER_14,4580000,181,16,17,214,100,81
SUPER_14,4590000,103,10,6,119,56,47
SUPER_14,4600000,165,23,21,209,66,99
SUPER_14,4610000,145,14,16,175,79,66
SUPER_14,4620000,233,23,29,285,117,116
SUPER_14,4630000,208,20,23,251,104,104
SUPER_14,4640000,260,16,22,298,126,134
SUPER_14,4650000,192,16,19,227,93,99
SUPER_14,4660000,66,8,10,84,35,31
SUPER_14,4670000,64,8,6,78,29,35
SUPER_14,4680000,51,6,6,63,26,25
SUPER_14,4690000,32,1,6,39,17,15
SUPER_14,4700000,84,11,7,102,46,38
SUPER_14,4710000,170,7,17,194,72,98
SUPER_14,4720000,99,10,5,114,49,50
SUPER_14,4730000,99,9,6,114,41,58
SUPER_14,4740000,186,18,14,218,94,92
SUPER_14,4750000,194,19,16,229,79,115
SUPER_14,4760000,51,5,6,62,23,28
SUPER_14,4770000,65,2,4,71,29,36
SUPER_14,4780000,167,14,15,196,90,77
SUPER_14,4790000,97,4,7,108,52,45
SUPER_14,4800000,164,10,11,185,89,75
SUPER_14,4810000,132,12,13,157,62,70
SUPER_14,4820000,120,11,9,140,56,64
SUPER_14,4830000,1,0,0,1,1,0
SUPER_14,4840000,1,0,0,1,0,1
SUPER_14,4850000,2,0,0,2,0,2
SUPER_14,4860000,38,3,4,45,20,18
SUPER_14,4870000,57,2,6,65,31,26
SUPER_14,4880000,173,11,8,192,86,87
SUPER_14,4890000,110,9,10,129,48,62
SUPER_14,4900000,92,11,4,107,48,44
SUPER_14,4910000,110,6,7,123,49,61
SUPER_14,4920000,199,12,20,231,85,114
SUPER_14,4930000,105,13,10,128,53,52
SUPER_14,4940000,135,16,14,165,69,66
SUPER_14,4950000,144,25,11,180,71,73
SUPER_14,4960000,142,19,23,184,59,83
SUPER_14,4970000,35,6,3,44,15,20
SUPER_14,4980000,109,15,10,134,60,49
SUPER_14,4990000,29,1,1,31,17,12
SUPER_14,5000000,61,7,5,73,30,31
SUPER_14,5010000,86,10,11,107,45,41
SUPER_14,5020000,106,11,16,133,51,55
SUPER_14,5030000,93,10,5,108,44,49
SUPER_14,5040000,125,10,8,143,71,54
SUPER_14,5050000,88,11,10,109,46,42
SUPER_14,5060000,145,13,12,170,76,69
SUPER_14,5070000,88,7,13,108,39,49
SUPER_14,5080000,71,6,7,84,31,40
SUPER_14,5090000,123,8,4,135,57,66
SUPER_14,5100000,188,21,15,224,107,81
SUPER_14,5110000,144,19,9,172,74,70
SUPER_14,5120000,93,11,9,113,49,44
SUPER_14,5130000,190,17,14,221,96,94
SUPER_14,5140000,148,15,14,177,73,75
SUPER_14,5150000,195,13,19,227,99,96
SUPER_14,5160000,148,20,11,179,77,71
SUPER_14,5170000,199,12,15,226,91,108
SUPER_14,5180000,0,0,0,0,0,0
SUPER_14,5190000,0,0,0,0,0,0
SUPER_14,5200000,266,26,32,324,131,135
SUPER_14,5210000,173,19,22,214,93,80
SUPER_14,5220000,186,13,19,218,83,103
SUPER_14,5230000,244,28,22,294,107,137
SUPER_14,5240000,198,14,17,229,90,108
SUPER_14,5250000,77,14,5,96,41,36
SUPER_14,5260000,26,2,1,29,15,11
SUPER_14,5270000,194,9,21,224,94,100
SUPER_14,5280000,171,13,21,205,85,86
SUPER_14,5290000,106,5,8,119,62,44
SUPER_14,5300000,85,5,12,102,45,40
SUPER_14,5310000,107,13,21,141,51,56
SUPER_14,5320000,55,11,7,73,33,22
SUPER_14,5330000,113,17,10,140,55,58
SUPER_14,5340000,75,8,9,92,35,40
SUPER_14,5350000,25,3,3,31,13,12
SUPER_14,5360000,82,6,6,94,40,42
SUPER_14,5370000,80,4,6,90,40,40
SUPER_14,5380000,100,10,11,121,55,45
SUPER_14,5390000,92,9,11,112,42,50
SUPER_14,5400000,89,10,4,103,55,34
SUPER_14,5410000,142,10,10,162,66,76
SUPER_14,5420000,168,16,12,196,93,75
SUPER_14,5430000,71,8,6,85,29,42
SUPER_14,5440000,110,11,11,132,62,48
SUPER_14,5450000,129,14,13,156,62,67
SUPER_14,5460000,118,15,13,146,47,71
SUPER_14,5470000,142,10,11,163,78,64
SUPER_14,5480000,46,3,8,57,21,25
SUPER_14,5490000,169,10,14,193,84,85
SUPER_14,5500000,109,8,7,124,45,64
SUPER_14,5510000,177,18,17,212,91,86
SUPER_14,5520000,277,25,33,335,149,128
SUPER_14,5530000,157,17,13,187,75,82
SUPER_14,5540000,103,5,17,125,51,52
SUPER_14,5550000,106,13,20,139,50,56
SUPER_14,5560000,100,3,9,112,43,57
SUPER_14,5570000,179,13,13,205,83,96
SUPER_14,5580000,155,9,19,183,77,78
SUPER_14,5590000,126,15,14,155,56,70
SUPER_14,5600000,155,18,13,186,63,92
SUPER_14,5610000,45,5,3,53,22,23
SUPER_14,5620000,55,6,7,68,27,28
SUPER_14,5630000,90,9,5,104,42,48
SUPER_14,5640000,23,4,4,31,11,12
SUPER_14,5650000,27,2,2,31,14,13
SUPER_14,5660000,46,5,9,60,20,26
SUPER_14,5670000,71,7,9,87,44,27
SUPER_14,5680000,46,3,7,56,21,25
SUPER_14,5690000,84,2,4,90,43,41
SUPER_14,5700000,103,8,11,122,56,47
SUPER_14,5710000,95,10,11,116,55,40
SUPER_14,5720000,147,16,20,183,82,65
SUPER_14,5730000,81,12,10,103,43,38
SUPER_14,5740000,85,10,2,97,40,45
SUPER_14,5750000,29,2,2,33,16,13
SUPER_14,5760000,50,2,1,53,29,21
SUPER_14,5770000,121,7,7,135,64,57
SUPER_14,5780000,65,6,5,76,40,25
SUPER_14,5790000,87,3,3,93,45,42
SUPER_14,5800000,53,8,8,69,27,26
SUPER_14,5810000,75,7,12,94,45,30
SUPER_14,5820000,92,13,9,114,45,47
SUPER_14,5830000,85,7,6,98,47,38
SUPER_14,5840000,83,6,10,99,44,39
SUPER_14,5850000,139,10,10,159,63,76
SUPER_14,5860000,50,2,5,57,24,26
SUPER_14,5870000,73,8,6,87,39,34
SUPER_14,5880000,177,11,27,215,86,91
SUPER_14,5890000,16,2,3,21,7,9
SUPER_14,5900000,49,4,5,58,27,22
SUPER_14,5910000,50,7,5,62,29,21
SUPER_14,5920000,58,10,8,76,36,22
SUPER_14,5930000,113,11,17,141,53,60
SUPER_14,5940000,178,19,19,216,89,89
SUPER_14,5950000,169,16,19,204,71,98
SUPER_14,5960000,196,16,17,229,100,96
SUPER_14,5970000,162,14,11,187,72,90
SUPER_14,5980000,207,16,21,244,118,89
SUPER_14,5990000,283,22,32,337,132,151
SUPER_14,6000000,154,16,13,183,78,76
SUPER_14,6010000,150,9,18,177,79,71
SUPER_14,6020000,196,19,28,243,104,92
SUPER_14,6030000,191,18,16,225,105,86
SUPER_14,6040000,186,19,17,222,97,89
SUPER_14,6050000,227,24,20,271,121,106
SUPER_14,6060000,108,11,6,125,54,54
SUPER_14,6070000,188,12,15,215,101,87
SUPER_14,6080000,170,21,13,204,86,84
SUPER_14,6090000,135,7,14,156,70,65
SUPER_14,6100000,37,6,2,45,26,11
SUPER_14,6110000,155,12,23,190,68,87
SUPER_14,6120000,85,9,9,103,39,46
SUPER_14,6130000,203,24,19,246,93,110
SUPER_14,6140000,192,18,21,231,98,94
SUPER_14,6150000,110,10,14,134,56,54
SUPER_14,6160000,39,1,1,41,19,20
SUPER_14,6170000,61,9,9,79,27,34
SUPER_14,6180000,23,2,5,30,15,8
SUPER_14,6190000,17,3,0,20,9,8
SUPER_14,6200000,56,7,5,68,28,28
SUPER_14,6210000,124,5,14,143,67,57
SUPER_14,6220000,215,18,23,256,103,112
SUPER_14,6230000,187,18,13,218,82,105
SUPER_14,6240000,136,10,14,160,82,54
SUPER_14,6250000,206,14,15,235,99,107
SUPER_14,6260000,25,3,3,31,15,10
SUPER_14,6270000,91,12,11,114,47,44
SUPER_14,6280000,153,12,12,177,67,86
SUPER_14,6290000,147,13,12,172,74,73
SUPER_14,6300000,52,7,4,63,26,26
SUPER_14,6310000,136,11,6,153,67,69
SUPER_14,6320000,129,12,15,156,53,76
SUPER_14,6330000,222,19,25,266,105,117
SUPER_14,6340000,190,8,17,215,96,94
SUPER_14,6350000,210,25,17,252,99,111
SUPER_14,6360000,125,12,11,148,61,64
SUPER_14,6370000,104,12,10,126,61,43
SUPER_14,6380000,118,8,13,139,58,60
SUPER_14,6390000,185,15,21,221,88,97
SUPER_14,6400000,112,8,17,137,57,55
SUPER_14,6410000,123,19,5,147,68,55
SUPER_14,6420000,66,5,5,76,33,33
SUPER_14,6430000,178,18,16,212,89,89
SUPER_14,6440000,160,16,15,191,74,86
SUPER_14,6450000,138,16,18,172,67,71
SUPER_14,6460000,129,18,14,161,70,59
SUPER_14,6470000,171,20,24,215,82,89
SUPER_14,6480000,108,7,11,126,61,47
SUPER_14,6490000,108,14,13,135,51,57
SUPER_14,6500000,35,6,9,50,20,15
SUPER_14,6510000,113,11,11,135,64,49
SUPER_14,6520000,103,10,12,125,46,57
SUPER_14,6530000,180,20,14,214,97,83
SUPER_14,6540000,162,12,17,191,82,80
SUPER_14,6550000,138,13,20,171,57,81
SUPER_14,6560000,88,6,13,107,38,50
SUPER_14,6570000,135,12,10,157,56,79
SUPER_14,6580000,74,10,10,94,44,30
SUPER_14,6590000,48,4,4,56,24,24
SUPER_14,6600000,125,8,13,146,57,68
SUPER_14,6610000,170,14,13,197,74,96
SUPER_14,6620000,51,5,5,61,27,24
SUPER_14,6630000,205,20,19,244,110,95
SUPER_14,6640000,81,5,11,97,42,39
SUPER_14,6650000,129,12,14,155,60,69
SUPER_14,6660000,134,6,18,158,73,61
SUPER_14,6670000,127,13,7,147,65,62
SUPER_14,6680000,103,10,11,124,58,45
SUPER_14,6690000,91,10,5,106,46,45
SUPER_14,6700000,230,17,20,267,123,107
SUPER_14,6710000,156,10,16,182,85,71
SUPER_14,6720000,22,1,4,27,10,12
SUPER_14,6730000,45,0,2,47,20,25
SUPER_14,6740000,66,2,7,75,44,22
SUPER_14,6750000,102,13,9,124,43,59
SUPER_14,6760000,195,14,10,219,98,97
SUPER_14,6770000,82,5,9,96,39,43
SUPER_14,6780000,41,6,2,49,22,19
SUPER_14,6790000,0,0,0,0,0,0
SUPER_14,6800000,0,0,0,0,0,0
SUPER_14,6810000,34,4,2,40,16,18
SUPER_14,6820000,6,1,0,7,4,2
SUPER_14,6830000,34,3,1,38,19,15
SUPER_14,6840000,0,0,0,0,0,0
SUPER_14,6850000,0,0,0,0,0,0
SUPER_14,6860000,0,0,0,0,0,0
SUPER_14,6870000,0,0,0,0,0,0
SUPER_14,6880000,0,0,0,0,0,0
SUPER_14,6890000,0,0,0,0,0,0
SUPER_14,6900000,0,0,0,0,0,0
SUPER_14,6910000,117,11,8,136,63,54
SUPER_14,6920000,65,9,4,78,37,28
SUPER_14,6930000,50,7,7,64,29,21
SUPER_14,6940000,27,3,1,31,10,17
SUPER_14,6950000,35,3,8,46,14,21
SUPER_14,6960000,46,3,3,52,20,26
SUPER_14,6970000,0,0,0,0,0,0
SUPER_14,6980000,0,0,0,0,0,0
SUPER_14,6990000,155,9,12,176,89,66
SUPER_14,7000000,110,11,9,130,55,55
SUPER_14,7010000,202,18,19,239,93,109
SUPER_14,7020000,45,2,0,47,25,20
SUPER_14,7030000,212,15,13,240,113,99
SUPER_14,7040000,192,19,18,229,90,102
SUPER_14,7050000,205,19,27,251,98,107
SUPER_14,7060000,186,14,13,213,86,100
SUPER_14,7070000,254,27,22,303,112,142
SUPER_14,7080000,244,20,25,289,121,123
SUPER_14,7090000,250,24,27,301,114,136
SUPER_14,7100000,105,10,7,122,44,61
SUPER_14,7110000,8,0,0,8,6,2
SUPER_14,7120000,57,4,1,62,34,23
SUPER_14,7130000,64,8,5,77,33,31
SUPER_14,7140000,29,3,5,37,14,15
SUPER_14,7150000,139,15,13,167,70,69
SUPER_14,7160000,85,5,5,95,46,39
SUPER_14,7170000,234,16,27,277,124,110
SUPER_14,7180000,169,24,19,212,75,94
SUPER_14,7190000,254,24,19,297,121,133
SUPER_14,7200000,226,13,24,263,111,115
SUPER_14,7210000,108,11,7,126,60,48
SUPER_14,7220000,203,16,23,242,96,107
SUPER_14,7230000,181,16,8,205,102,79
SUPER_14,7240000,182,17,19,218,97,85
SUPER_14,7250000,224,18,11,253,108,116
SUPER_14,7260000,88,6,6,100,52,36
SUPER_14,7270000,67,3,6,76,43,24
SUPER_14,7280000,46,5,5,56,30,16
SUPER_14,7290000,105,5,9,119,53,52
SUPER_14,7300000,134,8,11,153,63,71
SUPER_14,7310000,170,7,18,195,94,76
SUPER_14,7320000,260,18,23,301,139,121
SUPER_14,7330000,127,9,8,144,68,59
SUPER_14,7340000,140,15,9,164,62,78
SUPER_14,7350000,239,19,24,282,112,127
SUPER_14,7360000,0,0,0,0,0,0
SUPER_14,7370000,0,0,0,0,0,0
SUPER_14,7380000,340,39,28,407,164,176
SUPER_14,7390000,105,4,10,119,53,52
SUPER_14,7400000,187,9,10,206,91,96
SUPER_14,7410000,263,19,21,303,129,134
SUPER_14,7420000,286,24,23,333,136,150
SUPER_14,7430000,229,27,24,280,121,108
SUPER_14,7440000,227,18,22,267,103,124
SUPER_14,7450000,238,20,18,276,117,121
SUPER_14,7460000,239,13,18,270,113,126
SUPER_14,7470000,162,12,9,183,80,82
SUPER_14,7480000,129,7,16,152,66,63
SUPER_14,7490000,177,13,15,205,97,80
SUPER_14,7500000,89,11,3,103,51,38
SUPER_14,7510000,31,5,2,38,15,16
SUPER_14,7520000,139,12,11,162,62,77
SUPER_14,7530000,164,8,13,185,89,75
SUPER_14,7540000,197,12,25,234,105,92
SUPER_14,7550000,249,22,20,291,123,126
SUPER_14,7560000,230,16,18,264,122,108
SUPER_14,7570000,184,15,20,219,87,97
SUPER_14,7580000,174,14,10,198,95,79
SUPER_14,7590000,159,14,12,185,95,64
SUPER_14,7600000,91,6,3,100,47,44
SUPER_14,7610000,176,23,9,208,103,73
SUPER_14,7620000,185,20,14,219,87,98
SUPER_14,7630000,187,27,16,230,82,105
SUPER_14,7640000,245,29,30,304,131,114
SUPER_14,7650000,117,9,12,138,64,53
SUPER_14,7660000,109,5,16,130,59,50
SUPER_14,7670000,220,14,17,251,111,109
SUPER_14,7680000,227,25,18,270,106,121
SUPER_14,7690000,135,14,10,159,73,62
SUPER_14,7700000,121,11,9,141,68,53
SUPER_14,7710000,79,8,2,89,34,45
SUPER_14,7720000,51,2,3,56,32,19
SUPER_14,7730000,137,9,19,165,69,68
SUPER_14,7740000,155,14,18,187,74,81
SUPER_14,7750000,125,11,14,150,62,63
SUPER_14,7760000,118,16,11,145,63,55
SUPER_14,7770000,129,10,19,158,71,58
SUPER_14,7780000,132,12,16,160,61,71
SUPER_14,7790000,153,9,13,175,66,87
SUPER_14,7800000,217,14,11,242,106,111
SUPER_14,7810000,172,20,12,204,85,87
SUPER_14,7820000,223,25,18,266,114,109
SUPER_14,7830000,43,5,4,52,18,25
SUPER_14,7840000,177,12,14,203,84,93
SUPER_14,7850000,146,13,18,177,76,70
SUPER_14,7860000,134,9,5,148,73,61
SUPER_14,7870000,145,14,15,174,74,71
SUPER_14,7880000,165,15,19,199,79,86
SUPER_14,7890000,108,7,14,129,48,60
SUPER_14,7900000,70,9,5,84,30,40
SUPER_14,7910000,63,6,7,76,35,28
SUPER_14,7920000,141,16,7,164,77,64
SUPER_14,7930000,60,9,3,72,34,26
SUPER_14,7940000,59,7,10,76,21,38
SUPER_14,7950000,67,8,12,87,31,36
SUPER_14,7960000,45,4,7,56,24,21
SUPER_14,7970000,156,8,11,175,81,75
SUPER_14,7980000,144,13,20,177,66,78
SUPER_14,7990000,207,26,16,249,87,120
SUPER_14,8000000,47,2,3,52,21,26
SUPER_14,8010000,86,3,6,95,51,35
SUPER_14,8020000,121,14,8,143,59,62
SUPER_14,8030000,161,14,15,190,82,79
SUPER_14,8040000,204,13,15,232,91,113
SUPER_14,8050000,110,10,5,125,55,55
SUPER_14,8060000,188,12,18,218,92,96
SUPER_14,8070000,140,13,16,169,69,71
SUPER_14,8080000,142,13,9,164,72,70
SUPER_14,8090000,37,9,4,50,18,19
SUPER_14,8100000,190,28,12,230,92,98
SUPER_14,8110000,147,15,17,179,70,77
SUPER_14,8120000,106,7,7,120,51,55
SUPER_14,8130000,192,12,16,220,91,101
SUPER_14,8140000,175,20,20,215,89,86
SUPER_14,8150000,132,10,5,147,69,63
SUPER_14,8160000,130,14,12,156,70,60
SUPER_14,8170000,152,10,22,184,66,86
SUPER_14,8180000,183,20,20,223,93,90
SUPER_14,8190000,43,4,4,51,24,19
SUPER_14,8200000,113,7,8,128,57,56
SUPER_14,8210000,177,19,21,217,86,91
SUPER_14,8220000,73,7,5,85,33,40
SUPER_14,8230000,54,8,5,67,21,33
SUPER_14,8240000,46,2,3,51,23,23
SUPER_14,8250000,164,15,17,196,87,77
SUPER_14,8260000,17,1,1,19,9,8
SUPER_14,8270000,132,10,11,153,75,57
SUPER_14,8280000,106,12,8,126,63,43
SUPER_14,8290000,138,8,11,157,65,73
SUPER_14,8300000,125,15,11,151,67,58
SUPER_14,8310000,121,12,7,140,51,70
SUPER_14,8320000,257,15,18,290,133,124
SUPER_14,8330000,235,12,21,268,119,116
SUPER_14,8340000,136,8,17,161,70,66
SUPER_14,8350000,156,10,21,187,92,64
SUPER_14,8360000,205,18,23,246,105,100
SUPER_14,8370000,128,9,10,147,68,60
SUPER_14,8380000,184,12,15,211,88,96
SUPER_14,8390000,243,13,20,276,139,104
SUPER_14,8400000,280,13,21,314,147,133
SUPER_14,8410000,190,16,16,222,91,99
SUPER_14,8420000,233,17,23,273,137,96
SUPER_14,8430000,31,4,4,39,19,12
SUPER_14,8440000,93,6,7,106,63,30
SUPER_14,8450000,179,16,18,213,81,98
SUPER_14,8460000,197,18,17,232,102,95
SUPER_14,8470000,114,10,7,131,65,49
SUPER_14,8480000,83,4,4,91,39,44
SUPER_14,8490000,122,7,4,133,69,53
SUPER_14,8500000,84,5,3,92,49,35
SUPER_14,8510000,0,0,0,0,0,0
SUPER_14,8520000,0,0,0,0,0,0
SUPER_14,8530000,0,0,0,0,0,0
SUPER_14,8540000,0,0,0,0,0,0
SUPER_14,8550000,130,11,13,154,48,82
SUPER_14,8560000,119,9,12,140,48,71
SUPER_14,8570000,277,29,25,331,129,148
SUPER_14,8580000,115,13,8,136,59,56
SUPER_14,8590000,115,8,15,138,52,63
SUPER_14,8600000,151,7,15,173,78,73
SUPER_14,8610000,52,11,2,65,22,30
SUPER_14,8620000,2,1,0,3,1,1
SUPER_14,8630000,1,0,0,1,0,1
SUPER_14,8640000,1,0,1,2,0,1
SUPER_14,8650000,110,11,21,142,52,58
SUPER_14,8660000,204,17,11,232,100,104
SUPER_14,8670000,57,7,4,68,30,27
SUPER_14,8680000,94,9,4,107,49,45
SUPER_14,8690000,196,15,24,235,102,94
SUPER_14,8700000,112,11,15,138,55,57
SUPER_14,8710000,110,13,7,130,55,55
SUPER_14,8720000,43,5,1,49,16,27
SUPER_14,8730000,92,5,5,102,53,39
SUPER_14,8740000,235,27,20,282,110,125
SUPER_14,8750000,176,11,23,210,91,85
SUPER_14,8760000,32,3,3,38,15,17
SUPER_14,8770000,119,11,12,142,57,62
SUPER_14,8780000,147,11,10,168,66,81
SUPER_14,8790000,200,20,12,232,100,100
SUPER_14,8800000,115,3,8,126,53,62
SUPER_14,8810000,133,7,6,146,60,73
SUPER_14,8820000,143,13,5,161,73,70
SUPER_14,8830000,0,0,0,0,0,0
SUPER_14,8840000,0,0,0,0,0,0
SUPER_14,8850000,12,0,0,12,8,4
SUPER_14,8860000,102,8,7,117,57,45
SUPER_14,8870000,148,7,8,163,84,64
SUPER_14,8880000,188,11,12,211,95,93
SUPER_14,8890000,162,12,11,185,77,85
SUPER_14,8900000,38,0,3,41,17,21
SUPER_14,8910000,183,8,10,201,93,90
SUPER_14,8920000,153,7,14,174,75,78
SUPER_14,8930000,55,3,4,62,35,20
SUPER_14,8940000,20,0,4,24,13,7
SUPER_14,8950000,51,4,5,60,21,30
SUPER_14,8960000,12,1,2,15,4,8
SUPER_14,8970000,144,8,13,165,73,71
SUPER_14,8980000,228,26,22,276,106,122
SUPER_14,8990000,48,7,5,60,28,20
SUPER_14,9000000,103,3,3,109,54,49
SUPER_14,9010000,149,13,16,178,69,80
SUPER_14,9020000,66,1,6,73,41,25
SUPER_14,9030000,73,7,8,88,41,32
SUPER_14,9040000,97,10,3,110,48,49
SUPER_14,9050000,214,28,19,261,95,119
SUPER_14,9060000,206,15,22,243,100,106
SUPER_14,9070000,276,21,23,320,149,127
SUPER_14,9080000,271,14,17,302,134,137
SUPER_14,9090000,292,16,30,338,151,141
SUPER_14,9100000,227,25,13,265,117,110
SUPER_14,9110000,241,17,19,277,112,129
SUPER_14,9120000,304,32,26,362,136,168
SUPER_14,9130000,233,15,15,263,128,105
SUPER_14,9140000,305,24,39,368,145,160
SUPER_14,9150000,241,28,18,287,114,127
SUPER_14,9160000,275,23,21,319,132,143
SUPER_14,9170000,218,15,19,252,108,110
SUPER_14,9180000,118,13,15,146,53,65
SUPER_14,9190000,80,7,3,90,44,36
SUPER_14,9200000,107,10,13,130,61,46
SUPER_14,9210000,99,2,7,108,61,38
SUPER_14,9220000,169,12,17,198,85,84
SUPER_14,9230000,176,14,16,206,93,83
SUPER_14,9240000,142,16,10,168,72,70
SUPER_14,9250000,251,19,27,297,114,137
SUPER_14,9260000,252,32,17,301,111,141
SUPER_14,9270000,231,15,29,275,103,128
SUPER_14,9280000,143,11,11,165,72,71
SUPER_14,9290000,258,14,23,295,124,134
SUPER_14,9300000,274,30,34,338,128,146
SUPER_14,9310000,34,2,3,39,24,10
SUPER_14,9320000,151,8,11,170,75,76
SUPER_14,9330000,103,12,3,118,55,48
SUPER_14,9340000,11,0,2,13,4,7
SUPER_14,9350000,165,9,9,183,78,87
SUPER_14,9360000,257,14,32,303,146,111
SUPER_14,9370000,282,21,27,330,138,144
SUPER_14,9380000,261,27,15,303,138,123
SUPER_14,9390000,137,9,14,160,69,68
SUPER_14,9400000,158,13,15,186,79,79
SUPER_14,9410000,101,7,2,110,57,44
SUPER_14,9420000,91,2,8,101,51,40
SUPER_14,9430000,76,3,10,89,37,39
SUPER_14,9440000,172,23,15,210,97,75
SUPER_14,9450000,240,15,17,272,121,119
SUPER_14,9460000,305,16,26,347,149,156
SUPER_14,9470000,174,13,20,207,93,81
SUPER_14,9480000,149,10,22,181,65,84
SUPER_14,9490000,152,14,9,175,77,75
SUPER_14,9500000,133,18,10,161,67,66
SUPER_14,9510000,294,34,25,353,130,164
SUPER_14,9520000,128,10,15,153,72,56
SUPER_14,9530000,86,8,9,103,47,39
SUPER_14,9540000,244,21,19,284,124,120
SUPER_14,9550000,194,23,15,232,91,103
SUPER_14,9560000,213,15,18,246,108,105
SUPER_14,9570000,74,6,7,87,36,38
SUPER_14,9580000,58,7,6,71,27,31
SUPER_14,9590000,89,8,4,101,49,40
SUPER_14,9600000,99,3,3,105,60,39
SUPER_14,9610000,14,4,4,22,4,10
SUPER_14,9620000,125,7,9,141,59,66
SUPER_14,9630000,218,17,24,259,106,112
SUPER_14,9640000,88,14,9,111,51,37
SUPER_14,9650000,215,16,22,253,112,103
SUPER_14,9660000,192,16,24,232,84,108
SUPER_14,9670000,196,14,19,229,103,93
SUPER_14,9680000,86,9,3,98,50,36
SUPER_14,9690000,229,18,16,263,108,121
SUPER_14,9700000,96,9,11,116,46,50
SUPER_14,9710000,223,12,26,261,127,96
SUPER_14,9720000,301,26,33,360,165,136
SUPER_14,9730000,223,28,17,268,114,109
SUPER_14,9740000,234,21,22,277,122,112
SUPER_14,9750000,223,24,21,268,117,106
SUPER_14,9760000,186,16,19,221,100,86
SUPER_14,9770000,265,14,22,301,121,144
SUPER_14,9780000,213,22,16,251,107,106
SUPER_14,9790000,189,18,11,218,86,103
SUPER_14,9800000,229,24,26,279,114,115
SUPER_14,9810000,229,19,25,273,96,133
SUPER_14,9820000,65,2,4,71,31,34
SUPER_14,9830000,204,24,20,248,96,108
SUPER_14,9840000,140,13,4,157,76,64
SUPER_14,9850000,130,4,7,141,60,70
SUPER_14,9860000,247,16,24,287,135,112
SUPER_14,9870000,271,21,20,312,154,117
SUPER_14,9880000,187,20,23,230,89,98
SUPER_14,9890000,210,16,20,246,96,114
SUPER_14,9900000,200,14,22,236,98,102
SUPER_14,9910000,242,21,22,285,121,121
SUPER_14,9920000,134,8,11,153,66,68
SUPER_14,9930000,171,21,11,203,81,90
SUPER_14,9940000,166,20,6,192,74,92
SUPER_14,9950000,179,18,14,211,73,106
SUPER_14,9960000,254,25,15,294,126,128
SUPER_14,9970000,232,21,18,271,106,126
SUPER_14,9980000,193,22,8,223,81,112
SUPER_14,9990000,211,9,15,235,117,94
SUPER_14,10000000,224,15,23,262,111,113
SUPER_14,10010000,183,15,14,212,96,87
SUPER_14,10020000,174,20,19,213,87,87
SUPER_14,10030000,186,11,22,219,107,79
SUPER_14,10040000,16,2,3,21,9,7
SUPER_14,10050000,167,10,19,196,88,79
SUPER_14,10060000,250,14,21,285,139,111
SUPER_14,10070000,165,13,12,190,88,77
SUPER_14,10080000,188,12,20,220,97,91
SUPER_14,10090000,104,18,7,129,51,53
SUPER_14,10100000,184,11,21,216,92,92
SUPER_14,10110000,72,5,6,83,39,33
SUPER_14,10120000,196,17,23,236,98,98
SUPER_14,10130000,131,8,9,148,79,52
SUPER_14,10140000,112,13,9,134,58,54
SUPER_14,10150000,230,17,22,269,111,119
SUPER_14,10160000,190,12,22,224,114,76
SUPER_14,10170000,57,8,8,73,24,33
SUPER_14,10180000,221,23,14,258,96,125
SUPER_14,10190000,299,27,29,355,158,141
SUPER_14,10200000,140,11,11,162,79,61
SUPER_14,10210000,113,9,9,131,57,56
SUPER_14,10220000,268,17,18,303,140,128
SUPER_14,10230000,57,7,1,65,31,26
SUPER_14,10240000,69,3,5,77,37,32
SUPER_14,10250000,25,1,2,28,15,10
SUPER_14,10260000,71,6,5,82,44,27
SUPER_14,10270000,21,3,5,29,10,11
SUPER_14,10280000,69,14,3,86,34,35
SUPER_14,10290000,93,9,17,119,39,54
SUPER_14,10300000,209,22,13,244,108,101
SUPER_14,10310000,22,0,0,22,14,8
SUPER_14,10320000,58,1,9,68,23,35
SUPER_14,10330000,204,21,14,239,103,101
SUPER_14,10340000,140,12,15,167,66,74
SUPER_14,10350000,230,22,27,279,106,124
SUPER_14,10360000,33,3,3,39,18,15
SUPER_14,10370000,45,2,2,49,29,16
SUPER_14,10380000,24,4,2,30,12,12
SUPER_14,10390000,136,6,9,151,73,63
SUPER_14,10400000,175,13,20,208,87,88
SUPER_14,10410000,217,12,23,252,111,106
SUPER_14,10420000,107,17,5,129,61,46
SUPER_14,10430000,129,7,9,145,55,74
SUPER_14,10440000,71,4,2,77,42,29
SUPER_14,10450000,0,0,0,0,0,0
SUPER_14,10460000,0,0,0,0,0,0
SUPER_14,10470000,10,1,2,13,6,4
SUPER_14,10480000,3,2,2,7,0,3
SUPER_14,10490000,138,16,7,161,79,59
SUPER_14,10500000,43,3,4,50,21,22
SUPER_14,10510000,49,3,4,56,30,19
SUPER_14,10520000,188,10,21,219,90,98
SUPER_14,10530000,194,15,23,232,95,99
SUPER_14,10540000,245,21,20,286,130,115
SUPER_14,10550000,245,24,16,285,125,120
SUPER_14,10560000,0,0,0,0,0,0
SUPER_14,10570000,0,0,0,0,0,0
SUPER_14,10580000,73,8,5,86,38,35
SUPER_14,10590000,109,7,8,124,56,53
SUPER_14,10600000,28,2,1,31,15,13
SUPER_14,10610000,48,4,6,58,22,26
SUPER_14,10620000,222,23,23,268,103,119
SUPER_14,10630000,47,5,4,56,23,24
SUPER_14,10640000,214,19,24,257,117,97
SUPER_14,10650000,108,6,9,123,59,49
SUPER_14,10660000,111,8,12,131,62,49
SUPER_14,10670000,157,8,15,180,78,79
SUPER_14,10680000,161,15,19,195,81,80
SUPER_14,10690000,252,24,23,299,119,133
SUPER_14,10700000,196,21,16,233,91,105
SUPER_14,10710000,113,13,18,144,54,59
SUPER_14,10720000,98,4,1,103,47,51
SUPER_14,10730000,186,17,16,219,87,99
SUPER_14,10740000,77,6,2,85,43,34
SUPER_14,10750000,64,5,10,79,31,33
SUPER_14,10760000,162,13,13,188,79,83
SUPER_14,10770000,257,22,26,305,120,137
SUPER_14,10780000,226,20,17,263,101,125
SUPER_14,10790000,68,8,6,82,36,32
SUPER_14,10800000,201,23,21,245,111,90
SUPER_14,10810000,233,24,22,279,118,115
SUPER_14,10820000,152,10,16,178,63,89
SUPER_14,10830000,267,25,22,314,130,137
SUPER_14,10840000,276,18,24,318,126,150
SUPER_14,10850000,266,23,20,309,128,138
SUPER_14,10860000,241,22,22,285,115,126
SUPER_14,10870000,251,22,18,291,111,140
SUPER_14,10880000,226,18,14,258,114,112
SUPER_14,10890000,244,20,21,285,117,127
SUPER_14,10900000,264,21,27,312,106,158
SUPER_14,10910000,285,22,12,319,152,133
SUPER_14,10920000,258,28,21,307,144,114
SUPER_14,10930000,292,24,31,347,142,150
SUPER_14,10940000,261,21,30,312,125,136
SUPER_14,10950000,186,14,17,217,82,104
SUPER_14,10960000,84,9,5,98,44,40
SUPER_14,10970000,191,18,25,234,85,106
SUPER_14,10980000,112,11,15,138,48,64
SUPER_14,10990000,113,16,14,143,60,53
SUPER_14,11000000,185,18,13,216,87,98
SUPER_14,11010000,51,4,2,57,30,21
SUPER_14,11020000,189,9,16,214,95,94
SUPER_14,11030000,229,26,20,275,121,108
SUPER_14,11040000,128,10,17,155,69,59
SUPER_14,11050000,91,7,9,107,48,43
SUPER_14,11060000,164,15,19,198,71,93
SUPER_14,11070000,49,3,4,56,20,29
SUPER_14,11080000,155,13,14,182,69,86
SUPER_14,11090000,189,23,17,229,97,92
SUPER_14,11100000,170,18,28,216,93,77
SUPER_14,11110000,0,0,0,0,0,0
SUPER_14,11120000,0,0,0,0,0,0
SUPER_14,11130000,371,35,32,438,195,176
SUPER_14,11140000,44,5,6,55,25,19
SUPER_14,11150000,123,8,15,146,57,66
SUPER_14,11160000,166,16,20,202,86,80
SUPER_14,11170000,280,20,27,327,145,135
SUPER_14,11180000,202,13,11,226,109,93
SUPER_14,11190000,94,7,13,114,44,50
SUPER_14,11200000,152,26,20,198,68,84
SUPER_14,11210000,100,5,7,112,46,54
SUPER_14,11220000,17,2,3,22,8,9
SUPER_14,11230000,107,11,6,124,53,54
SUPER_14,11240000,111,11,17,139,58,53
SUPER_14,11250000,173,14,15,202,80,93
SUPER_14,11260000,173,20,18,211,91,82
SUPER_14,11270000,267,22,23,312,141,126
SUPER_14,11280000,103,7,9,119,55,48
SUPER_14,11290000,215,31,23,269,107,108
SUPER_14,11300000,251,24,25,300,130,121
SUPER_14,11310000,218,17,18,253,107,111
SUPER_14,11320000,325,29,22,376,178,147
SUPER_14,11330000,305,19,28,352,144,161
SUPER_14,11340000,232,29,23,284,119,113
SUPER_14,11350000,351,34,35,420,179,172
SUPER_14,11360000,209,21,24,254,99,110
SUPER_14,11370000,81,7,7,95,47,34
SUPER_14,11380000,84,5,10,99,47,37
SUPER_14,11390000,72,7,8,87,30,42
SUPER_14,11400000,253,20,24,297,114,139
SUPER_14,11410000,108,7,3,118,55,53
SUPER_14,11420000,234,15,14,263,108,126
SUPER_14,11430000,313,23,24,360,158,155
SUPER_14,11440000,185,10,17,212,91,94
SUPER_14,11450000,201,21,16,238,96,105
SUPER_14,11460000,229,19,11,259,108,121
SUPER_14,11470000,100,6,8,114,55,45
SUPER_14,11480000,200,17,23,240,109,91
SUPER_14,11490000,250,19,24,293,123,127
SUPER_14,11500000,151,9,10,170,73,78
SUPER_14,11510000,196,14,14,224,86,110
SUPER_14,11520000,126,11,11,148,80,46
SUPER_14,11530000,25,1,5,31,10,15
SUPER_14,11540000,145,6,12,163,72,73
SUPER_14,11550000,74,3,6,83,34,40
SUPER_14,11560000,208,22,20,250,94,114
SUPER_14,11570000,220,7,16,243,102,118
SUPER_14,11580000,108,7,4,119,54,54
SUPER_14,11590000,200,19,19,238,88,112
SUPER_14,11600000,210,19,21,250,104,106
SUPER_14,11610000,145,14,21,180,70,75
SUPER_14,11620000,241,22,29,292,109,132
SUPER_14,11630000,309,22,13,344,151,158
SUPER_14,11640000,123,6,9,138,61,62
SUPER_14,11650000,156,10,10,176,84,72
SUPER_14,11660000,50,4,2,56,25,25
SUPER_14,11670000,60,3,4,67,23,37
SUPER_14,11680000,240,16,19,275,128,112
SUPER_14,11690000,109,3,8,120,55,54
SUPER_14,11700000,109,2,7,118,65,44
SUPER_14,11710000,245,19,23,287,125,120
SUPER_14,11720000,110,7,9,126,64,46
SUPER_14,11730000,43,6,2,51,21,22
SUPER_14,11740000,103,9,11,123,55,48
SUPER_14,11750000,88,5,2,95,38,50
SUPER_14,11760000,134,20,12,166,70,64
SUPER_14,11770000,105,9,14,128,56,49
SUPER_14,11780000,93,8,6,107,58,35
SUPER_14,11790000,105,11,13,129,53,52
SUPER_14,11800000,53,3,3,59,28,25
SUPER_14,11810000,44,1,3,48,26,18
SUPER_14,11820000,73,8,7,88,38,35
SUPER_14,11830000,304,21,21,346,144,160
SUPER_14,11840000,131,9,10,150,68,63
SUPER_14,11850000,170,13,17,200,95,75
SUPER_14,11860000,278,20,22,320,140,138
SUPER_14,11870000,173,17,15,205,91,82
SUPER_14,11880000,140,13,14,167,65,75
SUPER_14,11890000,74,6,8,88,39,35
SUPER_14,11900000,191,13,19,223,107,84
SUPER_14,11910000,232,24,17,273,119,113
SUPER_14,11920000,180,9,9,198,94,86
SUPER_14,11930000,150,15,22,187,71,79
SUPER_14,11940000,290,19,17,326,151,139
SUPER_14,11950000,154,11,11,176,82,72
SUPER_14,11960000,45,6,4,55,22,23
SUPER_14,11970000,6,1,1,8,3,3
SUPER_14,11980000,1,0,0,1,0,1
SUPER_14,11990000,46,5,2,53,24,22
SUPER_14,12000000,272,24,26,322,119,153
SUPER_14,12010000,187,24,15,226,91,96
SUPER_14,12020000,104,8,8,120,53,51
SUPER_14,12030000,124,4,6,134,53,71
SUPER_14,12040000,158,12,10,180,94,64
SUPER_14,12050000,156,13,12,181,73,83
SUPER_14,12060000,94,4,10,108,41,53
SUPER_14,12070000,159,16,6,181,78,81
SUPER_14,12080000,30,2,4,36,21,9
SUPER_14,12090000,145,8,15,168,83,62
SUPER_14,12100000,80,4,9,93,44,36
SUPER_14,12110000,237,12,26,275,116,121
SUPER_14,12120000,220,18,20,258,123,97
SUPER_14,12130000,134,9,17,160,72,62
SUPER_14,12140000,177,16,13,206,86,91
SUPER_14,12150000,220,19,24,263,120,100
SUPER_14,12160000,247,20,17,284,126,121
SUPER_14,12170000,162,16,18,196,84,78
SUPER_14,12180000,194,16,26,236,107,87
SUPER_14,12190000,194,12,10,216,95,99
SUPER_14,12200000,212,13,16,241,108,104
SUPER_14,12210000,230,12,18,260,124,106
SUPER_14,12220000,51,5,3,59,26,25
SUPER_14,12230000,73,8,6,87,38,35
SUPER_14,12240000,25,4,1,30,11,14
SUPER_14,12250000,110,6,13,129,60,50
SUPER_14,12260000,85,4,7,96,50,35
SUPER_14,12270000,137,7,13,157,65,72
SUPER_14,12280000,142,10,10,162,73,69
SUPER_14,12290000,200,19,26,245,91,109
SUPER_14,12300000,139,6,4,149,69,70
SUPER_14,12310000,84,9,11,104,41,43
SUPER_14,12320000,209,26,19,254,100,109
SUPER_14,12330000,139,6,9,154,77,62
SUPER_14,12340000,83,7,8,98,40,43
SUPER_14,12350000,55,7,4,66,26,29
SUPER_14,12360000,248,19,26,293,129,119
SUPER_14,12370000,122,15,12,149,69,53
SUPER_14,12380000,204,20,20,244,103,101
SUPER_14,12390000,249,23,22,294,122,127
SUPER_14,12400000,299,26,22,347,153,146
SUPER_14,12410000,287,19,21,327,139,148
SUPER_14,12420000,200,17,29,246,98,102
SUPER_14,12430000,270,20,25,315,133,137
SUPER_14,12440000,134,12,14,160,67,67
SUPER_14,12450000,70,4,2,76,39,31
SUPER_14,12460000,129,7,12,148,72,57
SUPER_14,12470000,87,9,9,105,53,34
SUPER_14,12480000,187,18,16,221,92,95
SUPER_14,12490000,133,14,4,151,76,57
SUPER_14,12500000,50,4,4,58,27,23
SUPER_14,12510000,28,3,2,33,14,14
SUPER_14,12520000,127,10,9,146,64,63
SUPER_14,12530000,174,14,14,202,90,84
SUPER_14,12540000,79,3,5,87,47,32
SUPER_14,12550000,223,15,13,251,123,100
SUPER_14,12560000,40,1,4,45,24,16
SUPER_14,12570000,16,0,0,16,8,8
SUPER_14,12580000,101,11,12,124,57,44
SUPER_14,12590000,31,3,2,36,12,19
SUPER_14,12600000,125,6,10,141,68,57
SUPER_14,12610000,256,26,15,297,141,115
SUPER_14,12620000,149,9,12,170,67,82
SUPER_14,12630000,226,22,24,272,117,109
SUPER_14,12640000,94,9,8,111,52,42
SUPER_14,12650000,174,19,17,210,94,80
SUPER_14,12660000,211,12,7,230,114,97
SUPER_14,12670000,209,26,15,250,104,105
SUPER_14,12680000,256,20,16,292,136,120
SUPER_14,12690000,129,9,14,152,61,68
SUPER_14,12700000,256,19,17,292,121,135
SUPER_14,12710000,195,20,25,240,93,102
SUPER_14,12720000,161,17,17,195,78,83
SUPER_14,12730000,85,5,12,102,43,42
SUPER_14,12740000,127,8,14,149,65,62
SUPER_14,12750000,159,12,22,193,82,77
SUPER_14,12760000,140,10,10,160,73,67
SUPER_14,12770000,107,7,10,124,64,43
SUPER_14,12780000,148,10,19,177,79,69
SUPER_14,12790000,109,9,7,125,58,51
SUPER_14,12800000,177,18,30,225,98,79
SUPER_14,12810000,112,14,11,137,59,53
SUPER_14,12820000,125,9,20,154,79,46
SUPER_14,12830000,69,6,8,83,41,28
SUPER_14,12840000,36,2,2,40,23,13
SUPER_14,12850000,0,0,0,0,0,0
SUPER_14,12860000,0,0,0,0,0,0
SUPER_14,12870000,0,0,0,0,0,0
SUPER_14,12880000,0,0,0,0,0,0
SUPER_14,12890000,0,0,0,0,0,0
SUPER_14,12900000,0,0,0,0,0,0
SUPER_14,12910000,23,5,11,39,10,13
SUPER_15,10000,0,0,0,0,0,0
SUPER_15,20000,0,0,0,0,0,0
SUPER_15,30000,0,0,0,0,0,0
SUPER_15,40000,0,0,0,0,0,0
SUPER_15,50000,17,5,5,27,14,3
SUPER_15,60000,0,1,0,1,0,0
SUPER_15,70000,0,0,0,0,0,0
SUPER_15,80000,0,0,0,0,0,0
SUPER_15,90000,116,10,8,134,56,60
SUPER_15,100000,84,6,10,100,51,33
SUPER_15,110000,205,13,5,223,106,99
SUPER_15,120000,166,10,14,190,89,77
SUPER_15,130000,100,5,7,112,54,46
SUPER_15,140000,117,6,9,132,65,52
SUPER_15,150000,164,14,21,199,94,70
SUPER_15,160000,218,13,12,243,121,97
SUPER_15,170000,122,4,14,140,64,58
SUPER_15,180000,245,23,12,280,124,121
SUPER_15,190000,212,16,16,244,105,107
SUPER_15,200000,209,25,16,250,110,99
SUPER_15,210000,228,17,18,263,109,119
SUPER_15,220000,192,10,15,217,97,95
SUPER_15,230000,211,20,18,249,105,106
SUPER_15,240000,52,2,8,62,27,25
SUPER_15,250000,104,10,8,122,57,47
SUPER_15,260000,74,8,5,87,34,40
SUPER_15,270000,91,7,9,107,41,50
SUPER_15,280000,199,21,20,240,101,98
SUPER_15,290000,270,27,21,318,136,134
SUPER_15,300000,223,23,18,264,117,106
SUPER_15,310000,163,6,14,183,75,88
SUPER_15,320000,15,1,3,19,10,5
SUPER_15,330000,133,11,13,157,74,59
SUPER_15,340000,0,0,0,0,0,0
SUPER_15,350000,0,0,0,0,0,0
SUPER_15,360000,187,13,24,224,90,97
SUPER_15,370000,94,5,8,107,46,48
SUPER_15,380000,148,19,15,182,80,68
SUPER_15,390000,173,14,13,200,92,81
SUPER_15,400000,129,10,9,148,72,57
SUPER_15,410000,154,16,7,177,82,72
SUPER_15,420000,77,2,7,86,42,35
SUPER_15,430000,53,4,2,59,37,16
SUPER_15,440000,146,4,11,161,79,67
SUPER_15,450000,260,17,25,302,125,135
SUPER_15,460000,218,16,25,259,108,110
SUPER_15,470000,101,8,10,119,43,58
SUPER_15,480000,114,4,7,125,48,66
SUPER_15,490000,225,19,23,267,109,116
SUPER_15,500000,109,5,4,118,60,49
SUPER_15,510000,265,14,20,299,141,124
SUPER_15,520000,28,1,1,30,13,15
SUPER_15,530000,181,19,12,212,91,90
SUPER_15,540000,150,7,13,170,81,69
SUPER_15,550000,7,1,1,9,2,5
SUPER_15,560000,55,3,8,66,28,27
SUPER_15,570000,175,14,15,204,85,90
SUPER_15,580000,203,19,17,239,103,100
SUPER_15,590000,233,19,16,268,123,110
SUPER_15,600000,116,9,17,142,64,52
SUPER_15,610000,128,4,7,139,69,59
SUPER_15,620000,155,14,11,180,80,75
SUPER_15,630000,217,16,27,260,113,104
SUPER_15,640000,53,5,3,61,28,25
SUPER_15,650000,98,11,10,119,44,54
SUPER_15,660000,68,5,2,75,41,27
SUPER_15,670000,184,15,17,216,93,91
SUPER_15,680000,162,13,14,189,73,89
SUPER_15,690000,85,4,6,95,40,45
SUPER_15,700000,136,10,13,159,77,59
SUPER_15,710000,199,19,10,228,95,104
SUPER_15,720000,0,0,0,0,0,0
SUPER_15,730000,0,0,0,0,0,0
SUPER_15,740000,0,0,0,0,0,0
SUPER_15,750000,0,0,0,0,0,0
SUPER_15,760000,0,0,0,0,0,0
SUPER_15,770000,206,18,19,243,101,105
SUPER_15,780000,40,0,3,43,21,19
SUPER_15,790000,148,11,16,175,79,69
SUPER_15,800000,302,24,25,351,164,138
SUPER_15,810000,94,5,7,106,53,41
SUPER_15,820000,161,10,22,193,90,71
SUPER_15,830000,190,16,19,225,96,94
SUPER_15,840000,91,3,9,103,48,43
SUPER_15,850000,174,7,18,199,80,94
SUPER_15,860000,153,7,9,169,86,67
SUPER_15,870000,42,2,2,46,25,17
SUPER_15,880000,27,3,3,33,16,11
SUPER_15,890000,6,1,0,7,1,5
SUPER_15,900000,94,8,9,111,48,46
SUPER_15,910000,84,6,8,98,47,37
SUPER_15,920000,261,35,33,329,116,145
SUPER_15,930000,220,16,17,253,123,97
SUPER_15,940000,20,2,2,24,11,9
SUPER_15,950000,25,1,1,27,17,8
SUPER_15,960000,119,6,6,131,66,53
SUPER_15,970000,266,28,27,321,127,139
SUPER_15,980000,195,13,15,223,89,106
SUPER_15,990000,114,7,13,134,58,56
SUPER_15,1000000,89,0,0,89,44,45
SUPER_15,1010000,111,0,0,111,55,56
SUPER_15,1020000,179,0,1,180,78,101
SUPER_15,1030000,218,24,19,261,105,113
SUPER_15,1040000,239,18,19,276,115,124
SUPER_15,1050000,309,23,22,354,155,154
SUPER_15,1060000,36,0,1,37,15,21
SUPER_15,1070000,192,9,12,213,94,98
SUPER_15,1080000,257,19,21,297,130,127
SUPER_15,1090000,288,19,18,325,138,150
SUPER_15,1100000,338,21,24,383,175,163
SUPER_15,1110000,210,21,15,246,103,107
SUPER_15,1120000,309,22,43,374,162,147
SUPER_15,1130000,84,3,8,95,43,41
SUPER_15,1140000,147,10,18,175,72,75
SUPER_15,1150000,214,10,11,235,104,110
SUPER_15,1160000,75,3,5,83,44,31
SUPER_15,1170000,198,22,11,231,117,81
SUPER_15,1180000,313,17,33,363,154,159
SUPER_15,1190000,207,12,15,234,114,93
SUPER_15,1200000,129,6,10,145,74,55
SUPER_15,1210000,159,14,19,192,93,66
SUPER_15,1220000,103,9,9,121,56,47
SUPER_15,1230000,30,8,2,40,13,17
SUPER_15,1240000,39,4,7,50,19,20
SUPER_15,1250000,90,3,8,101,54,36
SUPER_15,1260000,286,29,23,338,134,152
SUPER_15,1270000,213,15,17,245,100,113
SUPER_15,1280000,166,10,7,183,89,77
SUPER_15,1290000,290,28,32,350,139,151
SUPER_15,1300000,198,19,9,226,103,95
SUPER_15,1310000,166,8,8,182,81,85
SUPER_15,1320000,284,24,21,329,147,137
SUPER_15,1330000,117,7,11,135,56,61
SUPER_15,1340000,82,8,6,96,44,38
SUPER_15,1350000,41,3,3,47,23,18
SUPER_15,1360000,94,3,7,104,59,35
SUPER_15,1370000,180,14,16,210,90,90
SUPER_15,1380000,150,12,7,169,65,85
SUPER_15,1390000,182,10,19,211,94,88
SUPER_15,1400000,240,16,23,279,117,123
SUPER_15,1410000,187,23,19,229,92,95
SUPER_15,1420000,138,6,5,149,73,65
SUPER_15,1430000,249,22,20,291,123,126
SUPER_15,1440000,163,12,16,191,77,86
SUPER_15,1450000,119,6,6,131,66,53
SUPER_15,1460000,176,10,17,203,79,97
SUPER_15,1470000,112,8,13,133,61,51
SUPER_15,1480000,57,5,7,69,32,25
SUPER_15,1490000,0,0,0,0,0,0
SUPER_15,1500000,0,0,0,0,0,0
SUPER_15,1510000,129,9,8,146,59,70
SUPER_15,1520000,121,12,9,142,62,59
SUPER_15,1530000,165,16,11,192,87,78
SUPER_15,1540000,5,1,0,6,3,2
SUPER_15,1550000,21,2,2,25,9,12
SUPER_15,1560000,26,0,1,27,14,12
SUPER_15,1570000,30,2,3,35,15,15
SUPER_15,1580000,0,0,0,0,0,0
SUPER_15,1590000,0,0,0,0,0,0
SUPER_15,1600000,0,0,0,0,0,0
SUPER_15,1610000,216,9,19,244,110,106
SUPER_15,1620000,62,3,6,71,34,28
SUPER_15,1630000,185,12,15,212,92,93
SUPER_15,1640000,194,11,20,225,111,83
SUPER_15,1650000,128,10,13,151,75,53
SUPER_15,1660000,176,11,16,203,101,75
SUPER_15,1670000,55,8,4,67,22,33
SUPER_15,1680000,6,1,1,8,3,3
SUPER_15,1690000,28,2,2,32,16,12
SUPER_15,1700000,98,8,7,113,54,44
SUPER_15,1710000,272,24,23,319,141,131
SUPER_15,1720000,245,19,19,283,107,138
SUPER_15,1730000,157,8,20,185,82,75
SUPER_15,1740000,177,17,12,206,93,84
SUPER_15,1750000,24,1,3,28,14,10
SUPER_15,1760000,58,2,4,64,31,27
SUPER_15,1770000,85,8,12,105,33,52
SUPER_15,1780000,102,3,8,113,46,56
SUPER_15,1790000,83,4,6,93,48,35
SUPER_15,1800000,85,6,5,96,42,43
SUPER_15,1810000,51,3,3,57,31,20
SUPER_15,1820000,53,4,1,58,21,32
SUPER_15,1830000,98,13,16,127,50,48
SUPER_15,1840000,181,14,10,205,96,85
SUPER_15,1850000,112,8,10,130,60,52
SUPER_15,1860000,245,25,31,301,121,124
SUPER_15,1870000,121,8,12,141,59,62
SUPER_15,1880000,271,19,26,316,134,137
SUPER_15,1890000,241,20,15,276,123,118
SUPER_15,1900000,99,4,6,109,54,45
SUPER_15,1910000,128,8,12,148,78,50
SUPER_15,1920000,235,18,12,265,143,92
SUPER_15,1930000,256,15,17,288,130,126
SUPER_15,1940000,14,1,1,16,8,6
SUPER_15,1950000,39,2,3,44,19,20
SUPER_15,1960000,69,3,7,79,40,29
SUPER_15,1970000,38,4,1,43,21,17
SUPER_15,1980000,29,0,3,32,16,13
SUPER_15,1990000,28,2,5,35,15,13
SUPER_15,2000000,51,6,4,61,28,23
SUPER_15,2010000,123,5,8,136,71,52
SUPER_15,2020000,127,12,8,147,83,44
SUPER_15,2030000,75,9,5,89,46,29
SUPER_15,2040000,272,20,25,317,135,137
SUPER_15,2050000,233,9,24,266,118,115
SUPER_15,2060000,136,17,6,159,75,61
SUPER_15,2070000,44,2,5,51,21,23
SUPER_15,2080000,47,4,4,55,26,21
SUPER_15,2090000,215,6,16,237,104,111
SUPER_15,2100000,14,0,0,14,8,6
SUPER_15,2110000,54,5,1,60,29,25
SUPER_15,2120000,0,0,0,0,0,0
SUPER_15,2130000,0,0,0,0,0,0
SUPER_15,2140000,0,0,0,0,0,0
SUPER_15,2150000,86,8,7,101,49,37
SUPER_15,2160000,121,12,11,144,58,63
SUPER_15,2170000,69,6,6,81,40,29
SUPER_15,2180000,90,5,3,98,47,43
SUPER_15,2190000,44,1,4,49,16,28
SUPER_15,2200000,139,14,15,168,79,60
SUPER_15,2210000,281,18,26,325,132,149
SUPER_15,2220000,157,8,9,174,83,74
SUPER_15,2230000,284,10,16,310,143,141
SUPER_15,2240000,182,16,9,207,90,92
SUPER_15,2250000,29,2,1,32,18,11
SUPER_15,2260000,101,8,3,112,54,47
SUPER_15,2270000,140,14,11,165,76,64
SUPER_15,2280000,191,16,19,226,105,86
SUPER_15,2290000,240,23,22,285,107,133
SUPER_15,2300000,278,18,29,325,141,137
SUPER_15,2310000,168,14,11,193,86,82
SUPER_15,2320000,120,4,10,134,60,60
SUPER_15,2330000,19,2,0,21,9,10
SUPER_15,2340000,0,0,0,0,0,0
SUPER_15,2350000,0,0,0,0,0,0
SUPER_15,2360000,118,10,6,134,66,52
SUPER_15,2370000,185,14,11,210,95,90
SUPER_15,2380000,71,3,8,82,51,20
SUPER_15,2390000,172,14,17,203,80,92
SUPER_15,2400000,153,13,14,180,72,81
SUPER_15,2410000,238,11,17,266,121,117
SUPER_15,2420000,32,2,5,39,11,21
SUPER_15,2430000,69,6,5,80,40,29
SUPER_15,2440000,33,2,1,36,19,14
SUPER_15,2450000,13,3,2,18,10,3
SUPER_15,2460000,63,2,3,68,31,32
SUPER_15,2470000,137,8,7,152,71,66
SUPER_15,2480000,200,18,14,232,102,98
SUPER_15,2490000,124,10,11,145,70,54
SUPER_15,2500000,212,18,16,246,108,104
SUPER_15,2510000,222,18,17,257,109,113
SUPER_15,2520000,74,4,5,83,45,29
SUPER_15,2530000,254,27,22,303,116,138
SUPER_15,2540000,110,10,11,131,49,61
SUPER_15,2550000,111,4,19,134,47,64
SUPER_15,2560000,145,14,16,175,80,65
SUPER_15,2570000,276,17,23,316,148,128
SUPER_15,2580000,332,30,31,393,165,167
SUPER_15,2590000,161,14,17,192,91,70
SUPER_15,2600000,49,3,5,57,29,20
SUPER_15,2610000,90,9,11,110,47,43
SUPER_15,2620000,30,3,2,35,13,17
SUPER_15,2630000,77,7,8,92,35,42
SUPER_15,2640000,225,18,17,260,110,115
SUPER_15,2650000,313,21,31,365,146,167
SUPER_15,2660000,302,25,22,349,153,149
SUPER_15,2670000,110,4,11,125,51,59
SUPER_15,2680000,231,20,24,275,109,122
SUPER_15,2690000,159,7,12,178,82,77
SUPER_15,2700000,248,13,28,289,129,119
SUPER_15,2710000,85,10,6,101,36,49
SUPER_15,2720000,111,9,13,133,54,57
SUPER_15,2730000,6,1,0,7,2,4
SUPER_15,2740000,132,14,11,157,57,75
SUPER_15,2750000,179,20,8,207,95,84
SUPER_15,2760000,39,3,6,48,19,20
SUPER_15,2770000,223,18,16,257,114,109
SUPER_15,2780000,82,4,4,90,45,37
SUPER_15,2790000,138,7,12,157,63,75
SUPER_15,2800000,33,2,0,35,11,22
SUPER_15,2810000,144,6,11,161,82,62
SUPER_15,2820000,182,11,15,208,102,80
SUPER_15,2830000,170,16,16,202,86,84
SUPER_15,2840000,69,7,6,82,36,33
SUPER_15,2850000,168,11,10,189,94,74
SUPER_15,2860000,254,16,27,297,134,120
SUPER_15,2870000,80,6,5,91,31,49
SUPER_15,2880000,205,19,11,235,92,113
SUPER_15,2890000,84,5,10,99,39,45
SUPER_15,2900000,162,11,16,189,94,68
SUPER_15,2910000,112,9,5,126,62,50
SUPER_15,2920000,181,13,12,206,91,90
SUPER_15,2930000,71,3,2,76,35,36
SUPER_15,2940000,30,3,4,37,19,11
SUPER_15,2950000,110,10,10,130,56,54
SUPER_15,2960000,154,14,16,184,87,67
SUPER_15,2970000,217,16,21,254,103,114
SUPER_15,2980000,209,18,10,237,107,102
SUPER_15,2990000,197,17,16,230,98,99
SUPER_15,3000000,189,18,18,225,94,95
SUPER_15,3010000,196,16,12,224,106,90
SUPER_15,3020000,68,6,11,85,36,32
SUPER_15,3030000,1,0,0,1,0,1
SUPER_15,3040000,1,0,1,2,1,0
SUPER_15,3050000,1,0,1,2,1,0
SUPER_15,3060000,273,23,20,316,140,133
SUPER_15,3070000,212,19,14,245,115,97
SUPER_15,3080000,281,25,30,336,139,142
SUPER_15,3090000,0,0,0,0,0,0
SUPER_15,3100000,0,0,0,0,0,0
SUPER_15,3110000,216,13,21,250,105,111
SUPER_15,3120000,70,3,5,78,38,32
SUPER_15,3130000,135,7,6,148,70,65
SUPER_15,3140000,87,8,11,106,44,43
SUPER_15,3150000,86,1,9,96,48,38
SUPER_15,3160000,17,2,2,21,8,9
SUPER_15,3170000,33,1,1,35,15,18
SUPER_15,3180000,126,5,7,138,65,61
SUPER_15,3190000,30,2,2,34,18,12
SUPER_15,3200000,181,11,9,201,97,84
SUPER_15,3210000,259,23,27,309,115,144
SUPER_15,3220000,0,0,0,0,0,0
SUPER_15,3230000,0,0,0,0,0,0
SUPER_15,3240000,220,28,23,271,107,113
SUPER_15,3250000,181,20,13,214,89,92
SUPER_15,3260000,172,18,16,206,83,89
SUPER_15,3270000,283,18,33,334,134,149
SUPER_15,3280000,141,6,15,162,70,71
SUPER_15,3290000,209,17,25,251,106,103
SUPER_15,3300000,170,10,13,193,90,80
SUPER_15,3310000,224,20,20,264,120,104
SUPER_15,3320000,162,16,14,192,86,76
SUPER_15,3330000,165,14,14,193,82,83
SUPER_15,3340000,117,5,13,135,55,62
SUPER_15,3350000,245,27,26,298,128,117
SUPER_15,3360000,174,15,12,201,91,83
SUPER_15,3370000,256,26,24,306,115,141
SUPER_15,3380000,47,4,3,54,26,21
SUPER_15,3390000,145,15,11,171,68,77
SUPER_15,3400000,78,4,6,88,37,41
SUPER_15,3410000,51,8,10,69,23,28
SUPER_15,3420000,115,5,20,140,58,57
SUPER_15,3430000,69,4,9,82,30,39
SUPER_15,3440000,156,5,14,175,78,78
SUPER_15,3450000,56,5,8,69,22,34
SUPER_15,3460000,17,1,4,22,9,8
SUPER_15,3470000,154,20,13,187,81,73
SUPER_15,3480000,173,11,10,194,73,100
SUPER_15,3490000,106,21,12,139,57,49
SUPER_15,3500000,87,5,8,100,56,31
SUPER_15,3510000,249,25,28,302,126,123
SUPER_15,3520000,162,16,12,190,94,68
SUPER_15,3530000,191,21,13,225,98,93
SUPER_15,3540000,212,16,22,250,102,110
SUPER_15,3550000,52,3,3,58,20,32
SUPER_15,3560000,207,13,25,245,98,109
SUPER_15,3570000,206,20,16,242,98,108
SUPER_15,3580000,46,1,5,52,20,26
SUPER_15,3590000,21,1,1,23,10,11
SUPER_15,3600000,112,13,8,133,59,53
SUPER_15,3610000,246,29,29,304,120,126
SUPER_15,3620000,198,16,27,241,91,107
SUPER_15,3630000,193,13,21,227,102,91
SUPER_15,3640000,166,14,20,200,79,87
SUPER_15,3650000,22,2,2,26,14,8
SUPER_15,3660000,144,13,17,174,67,77
SUPER_15,3670000,170,17,22,209,80,90
SUPER_15,3680000,172,10,13,195,76,96
SUPER_15,3690000,204,17,18,239,107,97
SUPER_15,3700000,278,19,23,320,136,142
SUPER_15,3710000,185,17,18,220,91,94
SUPER_15,3720000,79,7,6,92,38,41
SUPER_15,3730000,211,19,19,249,105,106
SUPER_15,3740000,179,8,14,201,86,93
SUPER_15,3750000,78,5,6,89,44,34
SUPER_15,3760000,110,4,10,124,56,54
SUPER_15,3770000,211,14,17,242,107,104
SUPER_15,3780000,194,15,10,219,97,97
SUPER_15,3790000,113,7,6,126,61,52
SUPER_15,3800000,206,19,23,248,104,102
SUPER_15,3810000,186,19,12,217,94,92
SUPER_15,3820000,147,16,13,176,79,68
SUPER_15,3830000,262,25,25,312,138,124
SUPER_15,3840000,257,27,16,300,130,127
SUPER_15,3850000,279,17,20,316,153,126
SUPER_15,3860000,170,10,16,196,91,79
SUPER_15,3870000,42,3,1,46,23,19
SUPER_15,3880000,111,5,6,122,58,53
SUPER_15,3890000,163,15,13,191,89,74
SUPER_15,3900000,130,12,13,155,73,57
SUPER_15,3910000,66,7,4,77,30,36
SUPER_15,3920000,75,7,5,87,38,37
SUPER_15,3930000,127,9,10,146,65,62
SUPER_15,3940000,88,10,14,112,50,38
SUPER_15,3950000,214,16,22,252,108,106
SUPER_15,3960000,137,9,6,152,63,74
SUPER_15,3970000,52,4,5,61,30,22
SUPER_15,3980000,43,2,7,52,23,20
SUPER_15,3990000,65,6,5,76,32,33
SUPER_15,4000000,34,2,4,40,20,14
SUPER_15,4010000,119,6,13,138,64,55
SUPER_15,4020000,76,6,8,90,36,40
SUPER_15,4030000,137,13,9,159,68,69
SUPER_15,4040000,245,20,25,290,120,125
SUPER_15,4050000,139,16,15,170,68,71
SUPER_15,4060000,94,9,8,111,52,42
SUPER_15,4070000,195,17,11,223,89,106
SUPER_15,4080000,248,25,30,303,124,124
SUPER_15,4090000,319,25,23,367,164,155
SUPER_15,4100000,232,15,19,266,121,111
SUPER_15,4110000,285,26,20,331,149,136
SUPER_15,4120000,261,23,16,300,128,133
SUPER_15,4130000,237,4,22,263,139,98
SUPER_15,4140000,137,13,5,155,66,71
SUPER_15,4150000,19,1,0,20,12,7
SUPER_15,4160000,184,11,14,209,93,91
SUPER_15,4170000,255,24,29,308,138,117
SUPER_15,4180000,305,28,23,356,156,149
SUPER_15,4190000,190,14,19,223,111,79
SUPER_15,4200000,70,8,3,81,36,34
SUPER_15,4210000,79,7,9,95,37,42
SUPER_15,4220000,202,17,18,237,101,101
SUPER_15,4230000,256,21,18,295,130,126
SUPER_15,4240000,34,1,3,38,18,16
SUPER_15,4250000,185,11,14,210,104,81
SUPER_15,4260000,128,10,6,144,60,68
SUPER_15,4270000,232,22,27,281,117,115
SUPER_15,4280000,253,15,28,296,127,126
SUPER_15,4290000,260,24,27,311,112,148
SUPER_15,4300000,168,16,10,194,92,76
SUPER_15,4310000,201,24,25,250,90,111
SUPER_15,4320000,173,21,17,211,93,80
SUPER_15,4330000,188,16,24,228,98,90
SUPER_15,4340000,105,5,9,119,54,51
SUPER_15,4350000,155,8,11,174,79,76
SUPER_15,4360000,177,23,20,220,89,88
SUPER_15,4370000,149,13,14,176,71,78
SUPER_15,4380000,130,8,10,148,76,54
SUPER_15,4390000,68,4,7,79,40,28
SUPER_15,4400000,154,16,8,178,69,85
SUPER_15,4410000,90,8,4,102,49,41
SUPER_15,4420000,106,12,20,138,52,54
SUPER_15,4430000,243,22,30,295,131,112
SUPER_15,4440000,189,17,13,219,99,90
SUPER_15,4450000,113,13,17,143,59,54
SUPER_15,4460000,242,18,21,281,108,134
SUPER_15,4470000,119,8,11,138,60,59
SUPER_15,4480000,1,0,1,2,0,1
SUPER_15,4490000,58,2,8,68,29,29
SUPER_15,4500000,20,3,2,25,13,7
SUPER_15,4510000,222,21,18,261,107,115
SUPER_15,4520000,149,17,12,178,60,89
SUPER_15,4530000,45,4,4,53,19,26
SUPER_15,4540000,204,19,19,242,98,106
SUPER_15,4550000,246,20,27,293,115,131
SUPER_15,4560000,130,11,9,150,77,53
SUPER_15,4570000,195,15,15,225,93,102
SUPER_15,4580000,256,31,19,306,120,136
SUPER_15,4590000,237,23,15,275,119,118
SUPER_15,4600000,279,19,11,309,142,137
SUPER_15,4610000,66,4,4,74,26,40
SUPER_15,4620000,114,17,8,139,68,46
SUPER_15,4630000,185,22,14,221,89,96
SUPER_15,4640000,267,24,15,306,105,162
SUPER_15,4650000,279,29,24,332,146,133
SUPER_15,4660000,246,22,16,284,121,125
SUPER_15,4670000,231,14,21,266,114,117
SUPER_15,4680000,220,20,14,254,120,100
SUPER_15,4690000,193,19,19,231,104,89
SUPER_15,4700000,292,19,30,341,139,153
SUPER_15,4710000,224,14,22,260,104,120
SUPER_15,4720000,108,9,6,123,51,57
SUPER_15,4730000,29,0,4,33,16,13
SUPER_15,4740000,105,11,18,134,49,56
SUPER_15,4750000,232,15,18,265,117,115
SUPER_15,4760000,79,7,10,96,47,32
SUPER_15,4770000,135,16,12,163,73,62
SUPER_15,4780000,270,22,29,321,129,141
SUPER_15,4790000,119,9,8,136,63,56
SUPER_15,4800000,160,15,22,197,77,83
SUPER_15,4810000,169,14,20,203,94,75
SUPER_15,4820000,168,16,21,205,81,87
SUPER_15,4830000,189,15,18,222,91,98
SUPER_15,4840000,200,8,11,219,95,105
SUPER_15,4850000,189,8,16,213,102,87
SUPER_15,4860000,106,13,10,129,59,47
SUPER_15,4870000,93,8,6,107,52,41
SUPER_15,4880000,211,9,17,237,108,103
SUPER_15,4890000,53,4,5,62,25,28
SUPER_15,4900000,80,12,8,100,41,39
SUPER_15,4910000,138,13,12,163,70,68
SUPER_15,4920000,206,26,17,249,99,107
SUPER_15,4930000,203,18,18,239,101,102
SUPER_15,4940000,253,16,30,299,114,139
SUPER_15,4950000,192,10,25,227,102,90
SUPER_15,4960000,145,20,11,176,82,63
SUPER_15,4970000,151,13,12,176,81,70
SUPER_15,4980000,98,6,7,111,46,52
SUPER_15,4990000,110,12,8,130,67,43
SUPER_15,5000000,126,9,9,144,57,69
SUPER_15,5010000,93,12,9,114,55,38
SUPER_15,5020000,129,12,14,155,60,69
SUPER_15,5030000,204,10,23,237,95,109
SUPER_15,5040000,137,14,15,166,65,72
SUPER_15,5050000,162,13,10,185,80,82
SUPER_15,5060000,100,8,5,113,51,49
SUPER_15,5070000,78,5,9,92,40,38
SUPER_15,5080000,222,17,19,258,108,114
SUPER_15,5090000,128,8,11,147,65,63
SUPER_15,5100000,118,8,14,140,62,56
SUPER_15,5110000,210,23,19,252,121,89
SUPER_15,5120000,125,10,9,144,75,50
SUPER_15,5130000,145,16,17,178,72,73
SUPER_15,5140000,74,3,7,84,38,36
SUPER_15,5150000,175,18,17,210,93,82
SUPER_15,5160000,138,14,11,163,81,57
SUPER_15,5170000,89,8,7,104,43,46
SUPER_15,5180000,106,11,9,126,53,53
SUPER_15,5190000,191,20,13,224,95,96
SUPER_15,5200000,137,10,14,161,59,78
SUPER_15,5210000,62,10,4,76,28,34
SUPER_15,5220000,81,7,10,98,47,34
SUPER_15,5230000,126,14,14,154,71,55
SUPER_15,5240000,133,15,11,159,73,60
SUPER_15,5250000,219,21,21,261,106,113
SUPER_15,5260000,204,14,19,237,98,106
SUPER_15,5270000,245,26,23,294,129,116
SUPER_15,5280000,100,16,10,126,54,46
SUPER_15,5290000,183,20,15,218,83,100
SUPER_15,5300000,228,19,20,267,108,120
SUPER_15,5310000,250,22,20,292,134,116
SUPER_15,5320000,145,10,17,172,80,65
SUPER_15,5330000,222,27,17,266,108,114
SUPER_15,5340000,195,15,17,227,109,86
SUPER_15,5350000,96,9,7,112,61,35
SUPER_15,5360000,135,16,13,164,69,66
SUPER_15,5370000,104,13,9,126,52,52
SUPER_15,5380000,93,7,6,106,45,48
SUPER_15,5390000,180,20,18,218,94,86
SUPER_15,5400000,195,17,15,227,99,96
SUPER_15,5410000,150,18,17,185,68,82
SUPER_15,5420000,189,15,25,229,94,95
SUPER_15,5430000,87,3,3,93,52,35
SUPER_15,5440000,147,13,13,173,75,72
SUPER_15,5450000,15,0,2,17,3,12
SUPER_15,5460000,96,21,16,133,41,55
SUPER_15,5470000,234,16,26,276,127,107
SUPER_15,5480000,97,5,4,106,61,36
SUPER_15,5490000,133,14,12,159,76,57
SUPER_15,5500000,142,18,8,168,61,81
SUPER_15,5510000,36,2,2,40,18,18
SUPER_15,5520000,54,4,10,68,27,27
SUPER_15,5530000,202,14,15,231,104,98
SUPER_15,5540000,274,18,30,322,140,134
SUPER_15,5550000,150,10,11,171,82,68
SUPER_15,5560000,0,0,0,0,0,0
SUPER_15,5570000,0,0,0,0,0,0
SUPER_15,5580000,168,15,10,193,79,89
SUPER_15,5590000,120,16,11,147,56,64
SUPER_15,5600000,270,21,26,317,141,129
SUPER_15,5610000,192,12,18,222,91,101
SUPER_15,5620000,89,6,9,104,44,45
SUPER_15,5630000,192,19,14,225,97,95
SUPER_15,5640000,178,17,24,219,90,88
SUPER_15,5650000,58,3,10,71,28,30
SUPER_15,5660000,50,8,6,64,28,22
SUPER_15,5670000,72,7,3,82,40,32
SUPER_15,5680000,205,15,21,241,106,99
SUPER_15,5690000,167,11,12,190,85,82
SUPER_15,5700000,190,12,17,219,92,98
SUPER_15,5710000,92,7,9,108,57,35
SUPER_15,5720000,141,16,13,170,67,74
SUPER_15,5730000,263,16,27,306,123,140
SUPER_15,5740000,299,17,18,334,157,142
SUPER_15,5750000,84,8,9,101,42,42
SUPER_15,5760000,119,9,13,141,68,51
SUPER_15,5770000,120,13,9,142,71,49
SUPER_15,5780000,126,13,10,149,62,64
SUPER_15,5790000,154,16,9,179,75,79
SUPER_15,5800000,211,24,14,249,106,105
SUPER_15,5810000,186,26,19,231,88,98
SUPER_15,5820000,59,5,8,72,29,30
SUPER_15,5830000,183,13,20,216,89,94
SUPER_15,5840000,214,10,18,242,118,96
SUPER_15,5850000,183,15,25,223,87,96
SUPER_15,5860000,55,3,5,63,34,21
SUPER_15,5870000,29,1,1,31,15,14
SUPER_15,5880000,16,1,1,18,11,5
SUPER_15,5890000,30,2,0,32,23,7
SUPER_15,5900000,150,12,11,173,70,80
SUPER_15,5910000,189,11,19,219,95,94
SUPER_15,5920000,236,24,23,283,119,117
SUPER_15,5930000,128,10,11,149,65,63
SUPER_15,5940000,152,15,19,186,65,87
SUPER_15,5950000,147,10,17,174,79,68
SUPER_15,5960000,190,20,19,229,92,98
SUPER_15,5970000,92,7,2,101,48,44
SUPER_15,5980000,81,5,8,94,43,38
SUPER_15,5990000,134,5,11,150,63,71
SUPER_15,6000000,199,4,12,215,117,82
SUPER_15,6010000,89,10,2,101,41,48
SUPER_15,6020000,123,17,8,148,65,58
SUPER_15,6030000,64,5,6,75,30,34
SUPER_15,6040000,58,7,5,70,31,27
SUPER_15,6050000,199,18,19,236,106,93
SUPER_15,6060000,168,10,11,189,97,71
SUPER_15,6070000,137,6,15,158,72,65
SUPER_15,6080000,215,22,27,264,102,113
SUPER_15,6090000,302,21,35,358,154,148
SUPER_15,6100000,183,18,16,217,86,97
SUPER_15,6110000,91,6,13,110,56,35
SUPER_15,6120000,125,17,7,149,60,65
SUPER_15,6130000,77,11,7,95,33,44
SUPER_15,6140000,183,19,19,221,89,94
SUPER_15,6150000,269,26,24,319,121,148
SUPER_15,6160000,47,2,3,52,25,22
SUPER_15,6170000,118,7,11,136,55,63
SUPER_15,6180000,228,23,33,284,112,116
SUPER_15,6190000,225,17,14,256,104,121
SUPER_15,6200000,191,19,21,231,100,91
SUPER_15,6210000,53,6,4,63,24,29
SUPER_15,6220000,152,17,12,181,82,70
SUPER_15,6230000,95,8,6,109,41,54
SUPER_15,6240000,180,17,12,209,85,95
SUPER_15,6250000,180,18,15,213,87,93
SUPER_15,6260000,201,26,14,241,99,102
SUPER_15,6270000,216,21,16,253,111,105
SUPER_15,6280000,53,6,4,63,26,27
SUPER_15,6290000,207,26,21,254,105,102
SUPER_15,6300000,159,11,15,185,69,90
SUPER_15,6310000,233,16,21,270,112,121
SUPER_15,6320000,152,15,15,182,70,82
SUPER_15,6330000,249,23,18,290,121,128
SUPER_15,6340000,216,13,23,252,118,98
SUPER_15,6350000,127,17,10,154,68,59
SUPER_15,6360000,201,17,25,243,90,111
SUPER_15,6370000,139,18,19,176,73,66
SUPER_15,6380000,157,12,15,184,79,78
SUPER_15,6390000,82,8,9,99,43,39
SUPER_15,6400000,167,8,12,187,91,76
SUPER_15,6410000,119,9,13,141,72,47
SUPER_15,6420000,87,5,15,107,40,47
SUPER_15,6430000,36,3,2,41,19,17
SUPER_15,6440000,186,15,9,210,96,90
SUPER_15,6450000,33,2,2,37,13,20
SUPER_15,6460000,12,1,1,14,7,5
SUPER_15,6470000,132,11,8,151,67,65
SUPER_15,6480000,245,21,26,292,136,109
SUPER_15,6490000,161,22,14,197,76,85
SUPER_15,6500000,209,17,21,247,102,107
SUPER_15,6510000,205,18,25,248,105,100
SUPER_15,6520000,274,13,18,305,148,126
SUPER_15,6530000,162,15,21,198,81,81
SUPER_15,6540000,243,23,25,291,116,127
SUPER_15,6550000,206,14,16,236,103,103
SUPER_15,6560000,156,11,13,180,73,83
SUPER_15,6570000,66,3,8,77,28,38
SUPER_15,6580000,33,2,1,36,22,11
SUPER_15,6590000,86,7,10,103,46,40
SUPER_15,6600000,110,14,19,143,57,53
SUPER_15,6610000,43,2,3,48,24,19
SUPER_15,6620000,138,4,13,155,71,67
SUPER_15,6630000,149,14,9,172,69,80
SUPER_15,6640000,202,23,21,246,101,101
SUPER_15,6650000,68,4,6,78,31,37
SUPER_15,6660000,59,5,6,70,29,30
SUPER_15,6670000,75,5,9,89,38,37
SUPER_15,6680000,161,17,12,190,76,85
SUPER_15,6690000,246,20,23,289,128,118
SUPER_15,6700000,83,5,4,92,40,43
SUPER_15,6710000,13,0,1,14,7,6
SUPER_15,6720000,26,2,12,40,13,13
SUPER_15,6730000,148,16,11,175,77,71
SUPER_15,6740000,131,8,7,146,53,78
SUPER_15,6750000,138,17,14,169,70,68
SUPER_15,6760000,76,3,8,87,38,38
SUPER_15,6770000,81,7,9,97,44,37
SUPER_15,6780000,166,11,13,190,90,76
SUPER_15,6790000,112,17,15,144,44,68
SUPER_15,6800000,181,17,24,222,77,104
SUPER_15,6810000,228,16,18,262,119,109
SUPER_15,6820000,50,3,5,58,24,26
SUPER_15,6830000,110,10,11,131,61,49
SUPER_15,6840000,209,19,25,253,91,118
SUPER_15,6850000,23,5,2,30,12,11
SUPER_15,6860000,103,11,12,126,54,49
SUPER_15,6870000,132,7,6,145,67,65
SUPER_15,6880000,178,12,12,202,90,88
SUPER_15,6890000,179,17,14,210,88,91
SUPER_15,6900000,211,16,15,242,103,108
SUPER_15,6910000,147,10,21,178,83,64
SUPER_15,6920000,135,8,16,159,64,71
SUPER_15,6930000,231,21,23,275,126,105
SUPER_15,6940000,155,8,8,171,70,85
SUPER_15,6950000,61,1,5,67,37,24
SUPER_15,6960000,128,6,12,146,63,65
SUPER_15,6970000,233,21,12,266,122,111
SUPER_15,6980000,14,2,1,17,6,8
SUPER_15,6990000,24,2,2,28,16,8
SUPER_15,7000000,116,12,12,140,67,49
SUPER_15,7010000,225,11,19,255,108,117
SUPER_15,7020000,123,5,11,139,59,64
SUPER_15,7030000,208,15,23,246,97,111
SUPER_15,7040000,173,16,12,201,81,92
SUPER_15,7050000,155,9,17,181,87,68
SUPER_15,7060000,179,19,14,212,89,90
SUPER_15,7070000,150,9,10,169,71,79
SUPER_15,7080000,111,14,4,129,50,61
SUPER_15,7090000,156,10,15,181,83,73
SUPER_15,7100000,172,20,21,213,93,79
SUPER_15,7110000,127,8,15,150,69,58
SUPER_15,7120000,160,9,22,191,78,82
SUPER_15,7130000,71,6,6,83,37,34
SUPER_15,7140000,106,6,8,120,49,57
SUPER_15,7150000,250,28,24,302,120,130
SUPER_15,7160000,308,30,29,367,160,148
SUPER_15,7170000,52,5,7,64,20,32
SUPER_15,7180000,0,0,0,0,0,0
SUPER_15,7190000,0,0,0,0,0,0
SUPER_15,7200000,4,1,0,5,0,4
SUPER_15,7210000,1,0,0,1,1,0
SUPER_15,7220000,53,3,6,62,26,27
SUPER_15,7230000,154,10,13,177,71,83
SUPER_15,7240000,150,12,18,180,63,87
SUPER_15,7250000,122,11,10,143,61,61
SUPER_15,7260000,111,16,15,142,62,49
SUPER_15,7270000,111,10,11,132,59,52
SUPER_15,7280000,196,18,18,232,84,112
SUPER_15,7290000,196,26,17,239,94,102
SUPER_15,7300000,298,29,23,350,142,156
SUPER_15,7310000,290,21,22,333,150,140
SUPER_15,7320000,214,11,19,244,112,102
SUPER_15,7330000,117,9,11,137,58,59
SUPER_15,7340000,183,17,22,222,98,85
SUPER_15,7350000,117,6,11,134,63,54
SUPER_15,7360000,299,27,24,350,153,146
SUPER_15,7370000,112,7,9,128,55,57
SUPER_15,7380000,136,10,7,153,73,63
SUPER_15,7390000,181,14,23,218,85,96
SUPER_15,7400000,190,24,18,232,89,101
SUPER_15,7410000,120,11,8,139,67,53
SUPER_15,7420000,67,5,10,82,38,29
SUPER_15,7430000,107,8,11,126,61,46
SUPER_15,7440000,18,5,3,26,9,9
SUPER_15,7450000,161,11,13,185,78,83
SUPER_15,7460000,153,13,11,177,76,77
SUPER_15,7470000,236,27,25,288,131,105
SUPER_15,7480000,43,2,3,48,17,26
SUPER_15,7490000,178,11,15,204,82,96
SUPER_15,7500000,275,22,20,317,134,141
SUPER_15,7510000,196,10,16,222,105,91
SUPER_15,7520000,183,14,16,213,90,93
SUPER_15,7530000,172,14,7,193,87,85
SUPER_15,7540000,226,16,14,256,103,123
SUPER_15,7550000,270,14,21,305,138,132
SUPER_15,7560000,171,22,14,207,79,92
SUPER_15,7570000,187,20,17,224,82,105
SUPER_15,7580000,155,19,23,197,78,77
SUPER_15,7590000,217,14,17,248,95,122
SUPER_15,7600000,162,21,14,197,87,75
SUPER_15,7610000,100,12,10,122,53,47
SUPER_15,7620000,232,19,19,270,107,125
SUPER_15,7630000,176,23,10,209,82,94
SUPER_15,7640000,209,13,15,237,113,96
SUPER_15,7650000,86,7,12,105,42,44
SUPER_15,7660000,2,1,0,3,2,0
SUPER_15,7670000,16,3,1,20,9,7
SUPER_15,7680000,192,21,25,238,104,88
SUPER_15,7690000,261,19,30,310,130,131
SUPER_15,7700000,103,13,14,130,56,47
SUPER_15,7710000,58,6,6,70,34,24
SUPER_15,7720000,66,3,7,76,33,33
SUPER_15,7730000,12,0,1,13,6,6
SUPER_15,7740000,115,3,10,128,49,66
SUPER_15,7750000,202,15,14,231,107,95
SUPER_15,7760000,138,14,18,170,72,66
SUPER_15,7770000,47,8,8,63,20,27
SUPER_15,7780000,104,12,18,134,59,45
SUPER_15,7790000,113,10,7,130,59,54
SUPER_15,7800000,106,7,10,123,53,53
SUPER_15,7810000,79,10,5,94,41,38
SUPER_15,7820000,155,7,23,185,73,82
SUPER_15,7830000,0,0,0,0,0,0
SUPER_15,7840000,0,0,0,0,0,0
SUPER_15,7850000,208,16,24,248,107,101
SUPER_15,7860000,30,4,1,35,13,17
SUPER_15,7870000,89,9,5,103,49,40
SUPER_15,7880000,72,7,10,89,36,36
SUPER_15,7890000,166,16,15,197,77,89
SUPER_15,7900000,128,9,11,148,60,68
SUPER_15,7910000,67,3,6,76,34,33
SUPER_15,7920000,66,6,4,76,34,32
SUPER_15,7930000,64,5,4,73,35,29
SUPER_15,7940000,134,12,14,160,61,73
SUPER_15,7950000,50,2,0,52,29,21
SUPER_15,7960000,116,10,10,136,56,60
SUPER_15,7970000,123,16,13,152,62,61
SUPER_15,7980000,168,14,13,195,88,80
SUPER_15,7990000,113,22,9,144,53,60
SUPER_15,8000000,151,12,22,185,69,82
SUPER_15,8010000,129,16,13,158,65,64
SUPER_15,8020000,23,3,3,29,11,12
SUPER_15,8030000,1,0,0,1,1,0
SUPER_15,8040000,1,0,0,1,0,1
SUPER_15,8050000,0,0,0,0,0,0
SUPER_15,8060000,0,0,0,0,0,0
SUPER_15,8070000,0,0,0,0,0,0
SUPER_15,8080000,0,0,0,0,0,0
SUPER_15,8090000,8,2,1,11,2,6
SUPER_15,8100000,20,1,2,23,11,9
SUPER_15,8110000,199,12,19,230,109,90
SUPER_15,8120000,216,17,20,253,109,107
SUPER_15,8130000,169,11,15,195,87,82
SUPER_15,8140000,73,4,6,83,30,43
SUPER_15,8150000,77,6,9,92,47,30
SUPER_15,8160000,93,10,7,110,55,38
SUPER_15,8170000,100,8,10,118,56,44
SUPER_15,8180000,215,18,14,247,101,114
SUPER_15,8190000,72,7,6,85,35,37
SUPER_15,8200000,6,2,3,11,4,2
SUPER_15,8210000,178,12,11,201,96,82
SUPER_15,8220000,255,33,22,310,141,114
SUPER_15,8230000,130,8,12,150,64,66
SUPER_15,8240000,147,16,8,171,70,77
SUPER_15,8250000,136,13,15,164,70,66
SUPER_15,8260000,53,0,6,59,28,25
SUPER_15,8270000,53,3,5,61,28,25
SUPER_15,8280000,20,2,2,24,10,10
SUPER_15,8290000,161,20,19,200,88,73
SUPER_15,8300000,205,23,16,244,107,98
SUPER_15,8310000,111,6,10,127,55,56
SUPER_15,8320000,206,14,15,235,106,100
SUPER_15,8330000,122,4,10,136,56,66
SUPER_15,8340000,223,25,18,266,116,107
SUPER_15,8350000,29,3,1,33,17,12
SUPER_15,8360000,0,1,0,1,0,0
SUPER_15,8370000,0,0,0,0,0,0
SUPER_15,8380000,0,0,0,0,0,0
SUPER_15,8390000,0,0,0,0,0,0
SUPER_15,8400000,0,0,0,0,0,0
SUPER_15,8410000,0,0,0,0,0,0
SUPER_15,8420000,0,0,0,0,0,0
SUPER_15,8430000,0,0,0,0,0,0
SUPER_15,8440000,0,0,0,0,0,0
SUPER_15,8450000,5,2,2,9,2,3
SUPER_15,8460000,1,0,0,1,1,0
SUPER_15,8470000,0,0,0,0,0,0
SUPER_15,8480000,0,0,0,0,0,0
SUPER_15,8490000,197,15,14,226,115,82
SUPER_15,8500000,176,22,17,215,91,85
SUPER_15,8510000,133,17,15,165,61,72
SUPER_15,8520000,129,5,17,151,76,53
SUPER_15,8530000,110,9,8,127,56,54
SUPER_15,8540000,177,18,18,213,90,87
SUPER_15,8550000,111,8,8,127,58,53
SUPER_15,8560000,76,4,5,85,37,39
SUPER_15,8570000,183,22,7,212,96,87
SUPER_15,8580000,89,9,8,106,56,33
SUPER_15,8590000,193,9,22,224,103,90
SUPER_15,8600000,141,14,13,168,69,72
SUPER_15,8610000,144,18,12,174,62,82
SUPER_15,8620000,24,2,5,31,8,16
SUPER_15,8630000,82,3,8,93,31,51
SUPER_15,8640000,177,9,15,201,94,83
SUPER_15,8650000,158,11,21,190,79,79
SUPER_15,8660000,86,12,7,105,36,50
SUPER_15,8670000,38,3,7,48,19,19
SUPER_15,8680000,88,4,5,97,51,37
SUPER_15,8690000,49,4,6,59,29,20
SUPER_15,8700000,99,8,10,117,52,47
SUPER_15,8710000,50,4,2,56,19,31
SUPER_15,8720000,59,2,9,70,29,30
SUPER_15,8730000,54,5,4,63,21,33
SUPER_15,8740000,144,12,11,167,71,73
SUPER_15,8750000,286,22,27,335,136,150
SUPER_15,8760000,119,7,12,138,66,53
SUPER_15,8770000,109,9,7,125,56,53
SUPER_15,8780000,150,16,15,181,69,81
SUPER_15,8790000,73,5,5,83,29,44
SUPER_15,8800000,173,14,13,200,87,86
SUPER_15,8810000,92,8,9,109,47,45
SUPER_15,8820000,147,14,19,180,82,65
SUPER_15,8830000,189,18,12,219,86,103
SUPER_15,8840000,183,19,12,214,91,92
SUPER_15,8850000,245,17,19,281,119,126
SUPER_15,8860000,81,8,8,97,33,48
SUPER_15,8870000,186,13,26,225,99,87
SUPER_15,8880000,111,12,9,132,50,61
SUPER_15,8890000,132,9,4,145,65,67
SUPER_15,8900000,71,7,3,81,35,36
SUPER_15,8910000,189,15,17,221,80,109
SUPER_15,8920000,87,5,3,95,48,39
SUPER_15,8930000,164,17,20,201,80,84
SUPER_15,8940000,187,10,17,214,90,97
SUPER_15,8950000,94,7,7,108,49,45
SUPER_15,8960000,159,10,15,184,92,67
SUPER_15,8970000,243,17,21,281,129,114
SUPER_15,8980000,118,10,14,142,56,62
SUPER_15,8990000,125,11,9,145,59,66
SUPER_15,9000000,202,23,26,251,105,97
SUPER_15,9010000,121,7,14,142,56,65
SUPER_15,9020000,81,11,7,99,47,34
SUPER_15,9030000,114,11,10,135,70,44
SUPER_15,9040000,222,19,25,266,106,116
SUPER_15,9050000,57,6,4,67,30,27
SUPER_15,9060000,102,6,9,117,48,54
SUPER_15,9070000,238,19,21,278,127,111
SUPER_15,9080000,174,10,18,202,88,86
SUPER_15,9090000,231,20,22,273,133,98
SUPER_15,9100000,113,11,8,132,59,54
SUPER_15,9110000,73,6,7,86,39,34
SUPER_15,9120000,83,9,10,102,44,39
SUPER_15,9130000,55,3,1,59,26,29
SUPER_15,9140000,67,9,15,91,36,31
SUPER_15,9150000,100,6,5,111,60,40
SUPER_15,9160000,63,5,15,83,34,29
SUPER_15,9170000,170,15,17,202,87,83
SUPER_15,9180000,137,13,18,168,70,67
SUPER_15,9190000,130,10,6,146,66,64
SUPER_15,9200000,150,12,5,167,75,75
SUPER_15,9210000,177,15,12,204,83,94
SUPER_15,9220000,174,15,20,209,89,85
SUPER_15,9230000,141,19,12,172,65,76
SUPER_15,9240000,154,11,12,177,75,79
SUPER_15,9250000,72,6,8,86,46,26
SUPER_15,9260000,154,16,11,181,78,76
SUPER_15,9270000,153,12,10,175,78,75
SUPER_15,9280000,196,20,19,235,111,85
SUPER_15,9290000,139,21,12,172,74,65
SUPER_15,9300000,64,6,3,73,42,22
SUPER_15,9310000,98,8,10,116,54,44
SUPER_15,9320000,241,17,13,271,132,109
SUPER_15,9330000,220,24,17,261,107,113
SUPER_15,9340000,246,22,18,286,141,105
SUPER_15,9350000,233,19,33,285,116,117
SUPER_15,9360000,201,17,22,240,91,110
SUPER_15,9370000,180,11,20,211,86,94
SUPER_15,9380000,238,24,23,285,110,128
SUPER_15,9390000,104,4,8,116,53,51
SUPER_15,9400000,49,3,12,64,27,22
SUPER_15,9410000,202,15,23,240,97,105
SUPER_15,9420000,213,14,10,237,116,97
SUPER_15,9430000,233,18,21,272,118,115
SUPER_15,9440000,200,13,14,227,96,104
SUPER_15,9450000,283,26,29,338,142,141
SUPER_15,9460000,115,8,6,129,57,58
SUPER_15,9470000,132,9,12,153,68,64
SUPER_15,9480000,199,22,12,233,96,103
SUPER_15,9490000,231,15,15,261,108,123
SUPER_15,9500000,238,19,19,276,115,123
SUPER_15,9510000,215,22,16,253,110,105
SUPER_15,9520000,115,8,6,129,70,45
SUPER_15,9530000,50,6,7,63,27,23
SUPER_15,9540000,148,11,13,172,72,76
SUPER_15,9550000,198,14,17,229,107,91
SUPER_15,9560000,207,12,17,236,111,96
SUPER_15,9570000,256,24,21,301,123,133
SUPER_15,9580000,211,18,27,256,101,110
SUPER_15,9590000,169,18,15,202,79,90
SUPER_15,9600000,274,21,27,322,133,141
SUPER_15,9610000,304,23,23,350,150,154
SUPER_15,9620000,116,9,8,133,64,52
SUPER_15,9630000,29,2,0,31,19,10
SUPER_15,9640000,246,25,19,290,112,134
SUPER_15,9650000,177,20,17,214,96,81
SUPER_15,9660000,112,4,14,130,54,58
SUPER_15,9670000,220,13,22,255,125,95
SUPER_15,9680000,207,17,16,240,97,110
SUPER_15,9690000,166,10,11,187,87,79
SUPER_15,9700000,126,8,13,147,65,61
SUPER_15,9710000,34,1,1,36,17,17
SUPER_15,9720000,57,8,11,76,35,22
SUPER_15,9730000,112,10,7,129,51,61
SUPER_15,9740000,169,17,20,206,76,93
SUPER_15,9750000,152,4,22,178,77,75
SUPER_15,9760000,175,18,22,215,82,93
SUPER_15,9770000,265,26,27,318,131,134
SUPER_15,9780000,261,22,26,309,148,113
SUPER_15,9790000,136,16,16,168,75,61
SUPER_15,9800000,258,27,31,316,143,115
SUPER_15,9810000,134,16,14,164,72,62
SUPER_15,9820000,169,25,13,207,74,95
SUPER_15,9830000,140,13,10,163,64,76
SUPER_15,9840000,89,6,16,111,29,60
SUPER_15,9850000,140,15,15,170,58,82
SUPER_15,9860000,279,24,28,331,141,138
SUPER_15,9870000,238,17,24,279,112,126
SUPER_15,9880000,265,17,26,308,124,141
SUPER_15,9890000,259,23,21,303,125,134
SUPER_15,9900000,196,23,30,249,98,98
SUPER_15,9910000,146,17,17,180,68,78
SUPER_15,9920000,294,30,22,346,143,151
SUPER_15,9930000,249,16,19,284,122,127
SUPER_15,9940000,154,17,18,189,62,92
SUPER_15,9950000,103,4,13,120,51,52
SUPER_15,9960000,223,19,20,262,123,100
SUPER_15,9970000,265,23,20,308,136,129
SUPER_15,9980000,111,12,10,133,63,48
SUPER_15,9990000,77,12,7,96,42,35
SUPER_15,10000000,40,5,2,47,20,20
SUPER_15,10010000,43,6,2,51,21,22
SUPER_15,10020000,63,7,9,79,27,36
SUPER_15,10030000,191,15,19,225,99,92
SUPER_15,10040000,98,13,10,121,46,52
SUPER_15,10050000,91,6,13,110,48,43
SUPER_15,10060000,175,16,18,209,90,85
SUPER_15,10070000,190,14,15,219,99,91
SUPER_15,10080000,160,15,20,195,80,80
SUPER_15,10090000,110,16,7,133,55,55
SUPER_15,10100000,146,16,11,173,74,72
SUPER_15,10110000,0,0,0,0,0,0
SUPER_15,10120000,0,0,0,0,0,0
SUPER_15,10130000,116,10,17,143,57,59
SUPER_15,10140000,60,5,9,74,30,30
SUPER_15,10150000,73,9,6,88,35,38
SUPER_15,10160000,232,27,20,279,110,122
SUPER_15,10170000,227,17,25,269,110,117
SUPER_15,10180000,181,22,10,213,97,84
SUPER_15,10190000,151,10,13,174,73,78
SUPER_15,10200000,131,12,17,160,62,69
SUPER_15,10210000,187,8,15,210,94,93
SUPER_15,10220000,255,22,26,303,124,131
SUPER_15,10230000,182,10,21,213,92,90
SUPER_15,10240000,263,21,23,307,132,131
SUPER_15,10250000,182,19,16,217,95,87
SUPER_15,10260000,274,26,21,321,118,156
SUPER_15,10270000,279,18,24,321,144,135
SUPER_15,10280000,215,17,19,251,105,110
SUPER_15,10290000,266,21,30,317,135,131
SUPER_15,10300000,91,10,7,108,43,48
SUPER_15,10310000,163,19,14,196,88,75
SUPER_15,10320000,169,12,11,192,77,92
SUPER_15,10330000,224,16,17,257,116,108
SUPER_15,10340000,244,16,10,270,126,118
SUPER_15,10350000,129,11,15,155,82,47
SUPER_15,10360000,70,5,5,80,37,33
SUPER_15,10370000,150,16,8,174,66,84
SUPER_15,10380000,176,9,9,194,83,93
SUPER_15,10390000,201,15,15,231,112,89
SUPER_15,10400000,202,18,13,233,104,98
SUPER_15,10410000,173,8,13,194,78,95
SUPER_15,10420000,205,14,22,241,110,95
SUPER_15,10430000,235,17,15,267,116,119
SUPER_15,10440000,48,2,4,54,26,22
SUPER_15,10450000,126,20,7,153,71,55
SUPER_15,10460000,196,21,17,234,85,111
SUPER_15,10470000,192,15,20,227,98,94
SUPER_15,10480000,287,17,27,331,149,138
SUPER_15,10490000,253,19,9,281,109,144
SUPER_15,10500000,225,21,20,266,116,109
SUPER_15,10510000,87,5,11,103,45,42
SUPER_15,10520000,199,23,18,240,102,97
SUPER_15,10530000,270,26,27,323,146,124
SUPER_15,10540000,257,22,19,298,139,118
SUPER_15,10550000,311,28,22,361,157,154
SUPER_15,10560000,245,24,29,298,127,118
SUPER_15,10570000,196,22,15,233,107,89
SUPER_15,10580000,157,7,10,174,76,81
SUPER_15,10590000,263,15,22,300,150,113
SUPER_15,10600000,126,15,11,152,60,66
SUPER_15,10610000,300,18,15,333,162,138
SUPER_15,10620000,262,26,16,304,123,139
SUPER_15,10630000,0,0,0,0,0,0
SUPER_15,10640000,0,0,0,0,0,0
SUPER_15,10650000,0,0,0,0,0,0
SUPER_15,10660000,0,0,0,0,0,0
SUPER_15,10670000,262,20,20,302,132,130
SUPER_15,10680000,31,1,1,33,22,9
SUPER_15,10690000,120,3,12,135,53,67
SUPER_15,10700000,85,5,9,99,44,41
SUPER_15,10710000,123,20,10,153,66,57
SUPER_15,10720000,25,1,1,27,13,12
SUPER_15,10730000,75,8,8,91,40,35
SUPER_15,10740000,177,14,17,208,87,90
SUPER_15,10750000,77,11,10,98,42,35
SUPER_15,10760000,90,9,5,104,45,45
SUPER_15,10770000,84,9,6,99,43,41
SUPER_15,10780000,37,5,6,48,22,15
SUPER_15,10790000,152,13,20,185,91,61
SUPER_15,10800000,298,24,35,357,163,135
SUPER_15,10810000,166,13,20,199,73,93
SUPER_15,10820000,173,13,17,203,88,85
SUPER_15,10830000,320,28,35,383,148,172
SUPER_15,10840000,117,19,17,153,50,67
SUPER_15,10850000,58,3,6,67,30,28
SUPER_15,10860000,45,7,6,58,15,30
SUPER_15,10870000,90,7,18,115,40,50
SUPER_15,10880000,183,5,18,206,90,93
SUPER_15,10890000,175,14,10,199,97,78
SUPER_15,10900000,142,12,10,164,67,75
SUPER_15,10910000,88,4,6,98,49,39
SUPER_15,10920000,229,21,23,273,128,101
SUPER_15,10930000,99,6,21,126,57,42
SUPER_15,10940000,59,5,5,69,35,24
SUPER_15,10950000,165,10,11,186,90,75
SUPER_15,10960000,50,4,6,60,30,20
SUPER_15,10970000,83,5,5,93,41,42
SUPER_15,10980000,5,0,1,6,1,4
SUPER_15,10990000,40,3,4,47,21,19
SUPER_15,11000000,100,7,11,118,58,42
SUPER_15,11010000,328,12,16,356,147,181
SUPER_15,11020000,145,7,9,161,83,62
SUPER_15,11030000,131,8,6,145,68,63
SUPER_15,11040000,253,16,25,294,142,111
SUPER_15,11050000,199,13,15,227,113,86
SUPER_15,11060000,149,9,7,165,83,66
SUPER_15,11070000,145,19,7,171,86,59
SUPER_15,11080000,122,7,9,138,68,54
SUPER_15,11090000,95,11,1,107,49,46
SUPER_15,11100000,64,3,7,74,35,29
SUPER_15,11110000,176,18,14,208,86,90
SUPER_15,11120000,236,18,20,274,127,109
SUPER_15,11130000,124,10,10,144,71,53
SUPER_15,11140000,267,12,16,295,146,121
SUPER_15,11150000,273,23,25,321,137,136
SUPER_15,11160000,257,15,18,290,141,116
SUPER_15,11170000,226,16,21,263,121,105
SUPER_15,11180000,77,7,5,89,43,34
SUPER_15,11190000,121,5,9,135,68,53
SUPER_15,11200000,242,24,23,289,127,115
SUPER_15,11210000,237,19,17,273,123,114
SUPER_15,11220000,101,8,8,117,48,53
SUPER_15,11230000,29,1,0,30,14,15
SUPER_15,11240000,103,9,8,120,45,58
SUPER_15,11250000,132,4,12,148,58,74
SUPER_15,11260000,144,9,11,164,67,77
SUPER_15,11270000,111,6,12,129,58,53
SUPER_15,11280000,161,10,12,183,70,91
SUPER_15,11290000,168,7,11,186,78,90
SUPER_15,11300000,37,5,2,44,19,18
SUPER_15,11310000,52,0,5,57,28,24
SUPER_15,11320000,165,10,11,186,87,78
SUPER_15,11330000,80,4,12,96,47,33
SUPER_15,11340000,148,7,14,169,61,87
SUPER_15,11350000,143,17,3,163,71,72
SUPER_15,11360000,194,11,21,226,94,100
SUPER_15,11370000,136,3,17,156,70,66
SUPER_15,11380000,123,9,9,141,74,49
SUPER_15,11390000,236,23,13,272,115,121
SUPER_15,11400000,54,1,2,57,26,28
SUPER_15,11410000,114,13,9,136,55,59
SUPER_15,11420000,184,17,23,224,95,89
SUPER_15,11430000,121,11,7,139,61,60
SUPER_15,11440000,127,10,11,148,71,56
SUPER_15,11450000,52,3,4,59,28,24
SUPER_15,11460000,25,3,0,28,14,11
SUPER_15,11470000,37,2,0,39,19,18
SUPER_15,11480000,115,9,4,128,68,47
SUPER_15,11490000,92,8,9,109,50,42
SUPER_15,11500000,122,5,11,138,57,65
SUPER_15,11510000,205,13,16,234,100,105
SUPER_15,11520000,90,7,5,102,42,48
SUPER_15,11530000,6,0,1,7,4,2
SUPER_15,11540000,96,6,10,112,39,57
SUPER_15,11550000,62,5,8,75,26,36
SUPER_15,11560000,215,17,22,254,108,107
SUPER_15,11570000,247,25,19,291,122,125
SUPER_15,11580000,204,18,12,234,108,96
SUPER_15,11590000,263,22,17,302,128,135
SUPER_15,11600000,250,21,19,290,131,119
SUPER_15,11610000,209,15,20,244,99,110
SUPER_15,11620000,141,16,9,166,77,64
SUPER_15,11630000,156,12,15,183,89,67
SUPER_15,11640000,119,9,16,144,62,57
SUPER_15,11650000,203,20,16,239,112,91
SUPER_15,11660000,289,19,25,333,149,140
SUPER_15,11670000,232,18,22,272,110,122
SUPER_15,11680000,177,7,13,197,88,89
SUPER_15,11690000,271,13,18,302,137,134
SUPER_15,11700000,78,3,9,90,38,40
SUPER_15,11710000,144,12,8,164,68,76
SUPER_15,11720000,181,11,12,204,91,90
SUPER_15,11730000,171,9,22,202,85,86
SUPER_15,11740000,281,22,25,328,144,137
SUPER_15,11750000,226,16,24,266,122,104
SUPER_15,11760000,267,19,17,303,139,128
SUPER_15,11770000,82,6,4,92,42,40
SUPER_15,11780000,208,12,21,241,103,105
SUPER_15,11790000,262,19,26,307,130,132
SUPER_15,11800000,226,18,27,271,119,107
SUPER_15,11810000,211,19,19,249,108,103
SUPER_15,11820000,173,13,13,199,95,78
SUPER_15,11830000,65,6,8,79,39,26
SUPER_15,11840000,187,21,21,229,91,96
SUPER_15,11850000,143,16,11,170,59,84
SUPER_15,11860000,139,14,15,168,59,80
SUPER_15,11870000,240,19,19,278,125,115
SUPER_15,11880000,265,17,28,310,142,123
SUPER_15,11890000,299,17,23,339,163,136
SUPER_15,11900000,200,21,18,239,108,92
SUPER_15,11910000,121,10,11,142,65,56
SUPER_15,11920000,251,16,18,285,128,123
SUPER_15,11930000,112,6,16,134,52,60
SUPER_15,11940000,78,2,7,87,42,36
SUPER_15,11950000,53,9,3,65,31,22
SUPER_15,11960000,76,1,7,84,40,36
SUPER_15,11970000,106,9,5,120,57,49
SUPER_15,11980000,12,0,0,12,8,4
SUPER_15,11990000,5,0,0,5,1,4
SUPER_15,12000000,41,1,1,43,26,15
SUPER_15,12010000,148,19,15,182,81,67
SUPER_15,12020000,107,7,4,118,54,53
SUPER_15,12030000,141,10,12,163,64,77
SUPER_15,12040000,187,19,13,219,106,81
SUPER_15,12050000,112,11,5,128,61,51
SUPER_15,12060000,34,3,4,41,19,15
SUPER_15,12070000,139,8,13,160,78,61
SUPER_15,12080000,138,11,14,163,77,61
SUPER_15,12090000,132,9,13,154,64,68
SUPER_15,12100000,99,4,5,108,58,41
SUPER_15,12110000,108,11,6,125,51,57
SUPER_15,12120000,177,10,8,195,92,85
SUPER_15,12130000,0,0,0,0,0,0
SUPER_15,12140000,0,0,0,0,0,0
SUPER_15,12150000,146,11,16,173,80,66
SUPER_15,12160000,112,14,11,137,50,62
SUPER_15,12170000,155,13,14,182,82,73
SUPER_15,12180000,232,14,21,267,121,111
SUPER_15,12190000,217,20,22,259,108,109
SUPER_15,12200000,119,4,5,128,66,53
SUPER_15,12210000,157,10,14,181,95,62
SUPER_15,12220000,104,6,4,114,65,39
SUPER_15,12230000,237,16,17,270,114,123
SUPER_15,12240000,243,13,18,274,137,106
SUPER_15,12250000,110,5,4,119,64,46
SUPER_15,12260000,123,9,5,137,56,67
SUPER_15,12270000,212,8,19,239,115,97
SUPER_15,12280000,160,17,20,197,88,72
SUPER_15,12290000,159,8,10,177,85,74
SUPER_15,12300000,133,9,16,158,70,63
SUPER_15,12310000,122,9,13,144,69,53
SUPER_15,12320000,263,17,24,304,126,137
SUPER_15,12330000,140,7,14,161,77,63
SUPER_15,12340000,176,10,16,202,87,89
SUPER_15,12350000,172,7,8,187,97,75
SUPER_15,12360000,265,22,17,304,154,111
SUPER_15,12370000,306,19,15,340,139,167
SUPER_15,12380000,101,7,9,117,48,53
SUPER_15,12390000,106,7,8,121,55,51
SUPER_15,12400000,75,3,7,85,40,35
SUPER_15,12410000,243,17,18,278,140,103
SUPER_15,12420000,313,23,36,372,158,155
SUPER_15,12430000,250,18,19,287,128,122
SUPER_15,12440000,133,6,12,151,75,58
SUPER_15,12450000,135,7,10,152,74,61
SUPER_15,12460000,205,11,19,235,104,101
SUPER_15,12470000,204,19,16,239,90,114
SUPER_15,12480000,262,25,21,308,129,133
SUPER_15,12490000,39,1,6,46,21,18
SUPER_15,12500000,94,9,10,113,48,46
SUPER_15,12510000,3,0,0,3,2,1
SUPER_15,12520000,7,0,1,8,3,4
SUPER_15,12530000,52,8,2,62,31,21
SUPER_15,12540000,0,0,0,0,0,0
SUPER_15,12550000,0,0,0,0,0,0
SUPER_15,12560000,270,15,17,302,129,141
SUPER_15,12570000,37,2,2,41,14,23
SUPER_15,12580000,66,3,5,74,35,31
SUPER_15,12590000,27,1,2,30,20,7
SUPER_15,12600000,204,14,18,236,108,96
SUPER_15,12610000,68,4,2,74,42,26
SUPER_15,12620000,108,6,4,118,52,56
SUPER_15,12630000,79,7,8,94,39,40
SUPER_15,12640000,179,14,19,212,103,76
SUPER_15,12650000,129,6,15,150,75,54
SUPER_15,12660000,54,4,8,66,29,25
SUPER_15,12670000,177,10,16,203,92,85
SUPER_15,12680000,220,19,15,254,119,101
SUPER_15,12690000,170,14,20,204,97,73
SUPER_15,12700000,246,22,23,291,113,133
SUPER_15,12710000,189,14,15,218,108,81
SUPER_15,12720000,187,9,18,214,90,97
SUPER_15,12730000,135,16,15,166,78,57
SUPER_15,12740000,196,20,19,235,101,95
SUPER_15,12750000,124,7,8,139,69,55
SUPER_15,12760000,191,12,8,211,105,86
SUPER_15,12770000,124,14,5,143,66,58
SUPER_15,12780000,130,11,11,152,77,53
SUPER_15,12790000,115,7,9,131,65,50
SUPER_15,12800000,112,7,13,132,68,44
SUPER_15,12810000,73,5,6,84,32,41
SUPER_15,12820000,31,4,3,38,18,13
SUPER_15,12830000,49,2,2,53,28,21
SUPER_16,10000,0,0,0,0,0,0
SUPER_16,20000,0,0,0,0,0,0
SUPER_16,30000,0,0,0,0,0,0
SUPER_16,40000,0,0,0,0,0,0
SUPER_16,50000,0,0,0,0,0,0
SUPER_16,60000,0,0,0,0,0,0
SUPER_16,70000,0,0,0,0,0,0
SUPER_16,80000,0,0,0,0,0,0
SUPER_16,90000,0,0,0,0,0,0
SUPER_16,100000,0,0,0,0,0,0
SUPER_16,110000,0,0,0,0,0,0
SUPER_16,120000,16,2,1,19,9,7
SUPER_16,130000,137,8,12,157,61,76
SUPER_16,140000,130,4,9,143,68,62
SUPER_16,150000,125,14,13,152,76,49
SUPER_16,160000,97,7,14,118,46,51
SUPER_16,170000,133,11,11,155,64,69
SUPER_16,180000,83,6,8,97,41,42
SUPER_16,190000,84,7,5,96,43,41
SUPER_16,200000,150,12,11,173,67,83
SUPER_16,210000,180,19,14,213,102,78
SUPER_16,220000,166,11,15,192,90,76
SUPER_16,230000,104,5,9,118,55,49
SUPER_16,240000,0,0,0,0,0,0
SUPER_16,250000,0,0,0,0,0,0
SUPER_16,260000,34,3,3,40,18,16
SUPER_16,270000,188,13,15,216,98,90
SUPER_16,280000,289,17,24,330,149,140
SUPER_16,290000,171,20,17,208,92,79
SUPER_16,300000,198,12,7,217,107,91
SUPER_16,310000,192,15,12,219,89,103
SUPER_16,320000,211,13,13,237,115,96
SUPER_16,330000,271,18,8,297,128,143
SUPER_16,340000,270,19,19,308,134,136
SUPER_16,350000,221,18,19,258,104,117
SUPER_16,360000,167,11,13,191,83,84
SUPER_16,370000,209,18,19,246,101,108
SUPER_16,380000,276,17,27,320,149,127
SUPER_16,390000,333,30,30,393,163,170
SUPER_16,400000,261,15,19,295,135,126
SUPER_16,410000,65,3,2,70,28,37
SUPER_16,420000,105,7,8,120,60,45
SUPER_16,430000,73,6,5,84,34,39
SUPER_16,440000,167,17,22,206,78,89
SUPER_16,450000,284,22,39,345,140,144
SUPER_16,460000,166,13,23,202,88,78
SUPER_16,470000,209,14,21,244,117,92
SUPER_16,480000,4,1,0,5,2,2
SUPER_16,490000,27,2,4,33,19,8
SUPER_16,500000,290,34,24,348,151,139
SUPER_16,510000,178,16,18,212,98,80
SUPER_16,520000,197,19,15,231,101,96
SUPER_16,530000,226,25,14,265,121,105
SUPER_16,540000,238,14,19,271,126,112
SUPER_16,550000,274,16,22,312,138,136
SUPER_16,560000,262,20,30,312,123,139
SUPER_16,570000,144,9,10,163,74,70
SUPER_16,580000,315,31,32,378,143,172
SUPER_16,590000,155,16,15,186,88,67
SUPER_16,600000,85,8,9,102,40,45
SUPER_16,610000,210,14,14,238,105,105
SUPER_16,620000,132,10,13,155,73,59
SUPER_16,630000,182,14,11,207,96,86
SUPER_16,640000,58,3,8,69,36,22
SUPER_16,650000,200,14,23,237,104,96
SUPER_16,660000,157,20,19,196,73,84
SUPER_16,670000,148,11,17,176,79,69
SUPER_16,680000,119,13,10,142,61,58
SUPER_16,690000,229,20,23,272,116,113
SUPER_16,700000,105,6,10,121,56,49
SUPER_16,710000,160,14,15,189,80,80
SUPER_16,720000,115,9,17,141,43,72
SUPER_16,730000,242,15,21,278,133,109
SUPER_16,740000,147,13,13,173,73,74
SUPER_16,750000,71,14,8,93,37,34
SUPER_16,760000,200,16,21,237,109,91
SUPER_16,770000,292,31,34,357,148,144
SUPER_16,780000,288,22,18,328,158,130
SUPER_16,790000,286,26,21,333,141,145
SUPER_16,800000,320,24,27,371,170,150
SUPER_16,810000,237,16,21,274,108,129
SUPER_16,820000,276,12,31,319,125,151
SUPER_16,830000,144,13,8,165,73,71
SUPER_16,840000,0,0,1,1,0,0
SUPER_16,850000,105,8,7,120,59,46
SUPER_16,860000,150,21,12,183,80,70
SUPER_16,870000,307,29,31,367,146,161
SUPER_16,880000,258,24,23,305,130,128
SUPER_16,890000,56,3,4,63,27,29
SUPER_16,900000,241,14,23,278,115,126
SUPER_16,910000,76,14,4,94,38,38
SUPER_16,920000,172,7,26,205,90,82
SUPER_16,930000,129,4,17,150,61,68
SUPER_16,940000,250,18,13,281,126,124
SUPER_16,950000,84,6,6,96,42,42
SUPER_16,960000,53,7,4,64,27,26
SUPER_16,970000,31,3,4,38,12,19
SUPER_16,980000,86,4,8,98,47,39
SUPER_16,990000,333,25,26,384,185,148
SUPER_16,1000000,219,17,18,254,104,115
SUPER_16,1010000,65,4,4,73,37,28
SUPER_16,1020000,75,1,3,79,42,33
SUPER_16,1030000,261,23,14,298,126,135
SUPER_16,1040000,186,14,11,211,97,89
SUPER_16,1050000,213,10,16,239,114,99
SUPER_16,1060000,233,15,31,279,123,110
SUPER_16,1070000,167,8,10,185,79,88
SUPER_16,1080000,163,17,5,185,95,68
SUPER_16,1090000,149,15,10,174,79,70
SUPER_16,1100000,81,7,6,94,35,46
SUPER_16,1110000,186,14,19,219,93,93
SUPER_16,1120000,151,7,14,172,73,78
SUPER_16,1130000,51,4,5,60,31,20
SUPER_16,1140000,20,3,6,29,10,10
SUPER_16,1150000,73,4,11,88,46,27
SUPER_16,1160000,56,8,3,67,31,25
SUPER_16,1170000,157,14,15,186,77,80
SUPER_16,1180000,256,26,23,305,134,122
SUPER_16,1190000,288,22,32,342,149,139
SUPER_16,1200000,77,4,12,93,41,36
SUPER_16,1210000,153,18,18,189,77,76
SUPER_16,1220000,236,18,21,275,135,101
SUPER_16,1230000,122,8,5,135,67,55
SUPER_16,1240000,129,10,4,143,61,68
SUPER_16,1250000,260,19,28,307,127,133
SUPER_16,1260000,240,15,25,280,133,107
SUPER_16,1270000,296,28,26,350,154,142
SUPER_16,1280000,96,6,7,109,51,45
SUPER_16,1290000,275,21,27,323,147,128
SUPER_16,1300000,88,12,5,105,48,40
SUPER_16,1310000,49,0,5,54,20,29
SUPER_16,1320000,124,3,4,131,66,58
SUPER_16,1330000,187,13,10,210,100,87
SUPER_16,1340000,160,10,14,184,92,68
SUPER_16,1350000,82,8,5,95,39,43
SUPER_16,1360000,234,13,15,262,123,111
SUPER_16,1370000,142,11,10,163,68,74
SUPER_16,1380000,192,16,15,223,97,95
SUPER_16,1390000,188,18,10,216,107,81
SUPER_16,1400000,237,19,19,275,124,113
SUPER_16,1410000,69,2,6,77,37,32
SUPER_16,1420000,133,10,11,154,67,66
SUPER_16,1430000,267,23,17,307,139,128
SUPER_16,1440000,213,15,20,248,112,101
SUPER_16,1450000,256,16,14,286,130,126
SUPER_16,1460000,71,2,5,78,33,38
SUPER_16,1470000,244,19,16,279,112,132
SUPER_16,1480000,352,17,29,398,174,178
SUPER_16,1490000,241,15,20,276,124,117
SUPER_16,1500000,128,7,10,145,69,59
SUPER_16,1510000,133,14,6,153,73,60
SUPER_16,1520000,137,6,7,150,69,68
SUPER_16,1530000,210,19,18,247,103,107
SUPER_16,1540000,202,15,17,234,107,95
SUPER_16,1550000,141,9,11,161,68,73
SUPER_16,1560000,62,3,2,67,33,29
SUPER_16,1570000,204,21,19,244,107,97
SUPER_16,1580000,182,5,14,201,104,78
SUPER_16,1590000,203,19,25,247,104,99
SUPER_16,1600000,204,13,14,231,114,90
SUPER_16,1610000,75,1,3,79,40,35
SUPER_16,1620000,164,8,9,181,88,76
SUPER_16,1630000,230,16,15,261,137,93
SUPER_16,1640000,273,22,15,310,148,125
SUPER_16,1650000,125,9,9,143,59,66
SUPER_16,1660000,96,7,7,110,51,45
SUPER_16,1670000,106,10,10,126,57,49
SUPER_16,1680000,97,5,7,109,46,51
SUPER_16,1690000,147,14,14,175,65,82
SUPER_16,1700000,48,1,4,53,22,26
SUPER_16,1710000,127,14,5,146,72,55
SUPER_16,1720000,181,16,22,219,96,85
SUPER_16,1730000,223,16,25,264,133,90
SUPER_16,1740000,251,17,21,289,138,113
SUPER_16,1750000,116,10,9,135,55,61
SUPER_16,1760000,217,16,14,247,124,93
SUPER_16,1770000,215,20,13,248,89,126
SUPER_16,1780000,93,5,4,102,43,50
SUPER_16,1790000,87,9,4,100,48,39
SUPER_16,1800000,220,14,18,252,117,103
SUPER_16,1810000,29,0,5,34,16,13
SUPER_16,1820000,112,11,9,132,50,62
SUPER_16,1830000,239,17,16,272,136,103
SUPER_16,1840000,223,21,19,263,118,105
SUPER_16,1850000,35,2,3,40,21,14
SUPER_16,1860000,72,2,9,83,35,37
SUPER_16,1870000,225,23,24,272,119,106
SUPER_16,1880000,191,13,17,221,96,95
SUPER_16,1890000,218,14,19,251,121,97
SUPER_16,1900000,118,8,10,136,61,57
SUPER_16,1910000,149,10,10,169,72,77
SUPER_16,1920000,146,9,7,162,77,69
SUPER_16,1930000,207,14,16,237,99,108
SUPER_16,1940000,187,18,11,216,97,90
SUPER_16,1950000,49,5,3,57,28,21
SUPER_16,1960000,163,14,12,189,83,80
SUPER_16,1970000,282,15,16,313,142,140
SUPER_16,1980000,93,5,9,107,54,39
SUPER_16,1990000,48,2,4,54,35,13
SUPER_16,2000000,132,8,16,156,59,73
SUPER_16,2010000,195,15,18,228,101,94
SUPER_16,2020000,91,6,10,107,56,35
SUPER_16,2030000,55,2,4,61,35,20
SUPER_16,2040000,91,6,6,103,47,44
SUPER_16,2050000,94,5,8,107,45,49
SUPER_16,2060000,102,5,8,115,58,44
SUPER_16,2070000,137,9,13,159,69,68
SUPER_16,2080000,72,8,3,83,35,37
SUPER_16,2090000,57,7,9,73,26,31
SUPER_16,2100000,96,6,10,112,52,44
SUPER_16,2110000,140,9,18,167,83,57
SUPER_16,2120000,3,0,0,3,1,2
SUPER_16,2130000,0,0,0,0,0,0
SUPER_16,2140000,0,0,0,0,0,0
SUPER_16,2150000,103,10,11,124,53,50
SUPER_16,2160000,68,4,4,76,41,27
SUPER_16,2170000,182,10,15,207,91,91
SUPER_16,2180000,34,1,7,42,13,21
SUPER_16,2190000,231,17,15,263,112,119
SUPER_16,2200000,63,4,4,71,39,24
SUPER_16,2210000,124,11,8,143,64,60
SUPER_16,2220000,148,10,5,163,81,67
SUPER_16,2230000,71,5,6,82,35,36
SUPER_16,2240000,190,9,10,209,97,93
SUPER_16,2250000,112,7,9,128,62,50
SUPER_16,2260000,154,11,14,179,84,70
SUPER_16,2270000,226,20,22,268,108,118
SUPER_16,2280000,191,12,10,213,87,104
SUPER_16,2290000,121,11,5,137,60,61
SUPER_16,2300000,171,14,11,196,88,83
SUPER_16,2310000,121,10,12,143,59,62
SUPER_16,2320000,135,10,13,158,79,56
SUPER_16,2330000,122,7,11,140,59,63
SUPER_16,2340000,225,11,18,254,119,106
SUPER_16,2350000,201,23,11,235,103,98
SUPER_16,2360000,51,3,2,56,26,25
SUPER_16,2370000,31,2,1,34,9,22
SUPER_16,2380000,105,12,9,126,60,45
SUPER_16,2390000,80,8,5,93,41,39
SUPER_16,2400000,34,4,1,39,19,15
SUPER_16,2410000,9,0,0,9,5,4
SUPER_16,2420000,14,2,2,18,6,8
SUPER_16,2430000,32,2,1,35,20,12
SUPER_16,2440000,234,16,21,271,119,115
SUPER_16,2450000,220,12,19,251,111,109
SUPER_16,2460000,50,5,2,57,25,25
SUPER_16,2470000,90,7,6,103,51,39
SUPER_16,2480000,281,23,24,328,149,132
SUPER_16,2490000,71,3,7,81,35,36
SUPER_16,2500000,116,7,7,130,69,47
SUPER_16,2510000,99,8,12,119,49,50
SUPER_16,2520000,229,15,19,263,121,108
SUPER_16,2530000,69,3,4,76,31,38
SUPER_16,2540000,16,1,1,18,9,7
SUPER_16,2550000,138,5,10,153,66,72
SUPER_16,2560000,190,15,18,223,84,106
SUPER_16,2570000,216,13,23,252,114,102
SUPER_16,2580000,0,0,0,0,0,0
SUPER_16,2590000,0,0,0,0,0,0
SUPER_16,2600000,151,10,25,186,68,83
SUPER_16,2610000,91,3,7,101,52,39
SUPER_16,2620000,185,11,13,209,94,91
SUPER_16,2630000,278,22,36,336,128,150
SUPER_16,2640000,130,12,6,148,68,62
SUPER_16,2650000,57,3,6,66,29,28
SUPER_16,2660000,121,15,10,146,55,66
SUPER_16,2670000,180,19,13,212,98,82
SUPER_16,2680000,225,19,20,264,105,120
SUPER_16,2690000,159,18,20,197,83,76
SUPER_16,2700000,256,27,20,303,129,127
SUPER_16,2710000,185,12,10,207,101,84
SUPER_16,2720000,21,0,4,25,15,6
SUPER_16,2730000,24,2,2,28,11,13
SUPER_16,2740000,65,4,11,80,43,22
SUPER_16,2750000,200,16,17,233,87,113
SUPER_16,2760000,238,19,20,277,130,108
SUPER_16,2770000,102,7,12,121,55,47
SUPER_16,2780000,202,10,13,225,94,108
SUPER_16,2790000,198,13,20,231,104,94
SUPER_16,2800000,188,19,16,223,97,91
SUPER_16,2810000,144,13,7,164,79,65
SUPER_16,2820000,34,1,0,35,23,11
SUPER_16,2830000,113,5,14,132,60,53
SUPER_16,2840000,22,1,4,27,14,8
SUPER_16,2850000,70,4,12,86,40,30
SUPER_16,2860000,185,21,20,226,101,84
SUPER_16,2870000,112,7,3,122,68,44
SUPER_16,2880000,0,0,0,0,0,0
SUPER_16,2890000,0,0,0,0,0,0
SUPER_16,2900000,97,5,7,109,49,48
SUPER_16,2910000,20,0,2,22,11,9
SUPER_16,2920000,153,9,17,179,83,70
SUPER_16,2930000,260,21,18,299,146,114
SUPER_16,2940000,152,12,18,182,84,68
SUPER_16,2950000,5,1,0,6,3,2
SUPER_16,2960000,115,11,6,132,62,53
SUPER_16,2970000,288,25,20,333,147,141
SUPER_16,2980000,101,7,10,118,41,60
SUPER_16,2990000,25,2,2,29,12,13
SUPER_16,3000000,164,14,17,195,78,86
SUPER_16,3010000,156,16,8,180,82,74
SUPER_16,3020000,181,15,17,213,93,88
SUPER_16,3030000,231,18,14,263,120,111
SUPER_16,3040000,283,26,37,346,145,138
SUPER_16,3050000,215,22,15,252,109,106
SUPER_16,3060000,92,8,9,109,40,52
SUPER_16,3070000,162,8,17,187,91,71
SUPER_16,3080000,129,13,13,155,63,66
SUPER_16,3090000,6,0,0,6,4,2
SUPER_16,3100000,159,10,16,185,80,79
SUPER_16,3110000,159,15,10,184,75,84
SUPER_16,3120000,25,1,0,26,13,12
SUPER_16,3130000,24,2,1,27,11,13
SUPER_16,3140000,120,8,11,139,66,54
SUPER_16,3150000,180,14,19,213,98,82
SUPER_16,3160000,219,18,19,256,105,114
SUPER_16,3170000,59,6,2,67,33,26
SUPER_16,3180000,72,7,7,86,30,42
SUPER_16,3190000,162,11,13,186,80,82
SUPER_16,3200000,183,8,15,206,89,94
SUPER_16,3210000,82,2,4,88,42,40
SUPER_16,3220000,151,9,17,177,78,73
SUPER_16,3230000,243,12,25,280,136,107
SUPER_16,3240000,160,4,18,182,84,76
SUPER_16,3250000,227,25,26,278,100,127
SUPER_16,3260000,152,16,13,181,64,88
SUPER_16,3270000,84,6,9,99,42,42
SUPER_16,3280000,134,10,14,158,69,65
SUPER_16,3290000,199,14,12,225,101,98
SUPER_16,3300000,183,14,12,209,77,106
SUPER_16,3310000,88,4,10,102,39,49
SUPER_16,3320000,176,19,13,208,80,96
SUPER_16,3330000,164,13,12,189,75,89
SUPER_16,3340000,24,1,1,26,13,11
SUPER_16,3350000,127,7,7,141,61,66
SUPER_16,3360000,145,15,16,176,73,72
SUPER_16,3370000,174,12,6,192,72,102
SUPER_16,3380000,235,19,22,276,122,113
SUPER_16,3390000,189,18,15,222,91,98
SUPER_16,3400000,125,13,10,148,62,63
SUPER_16,3410000,99,6,8,113,48,51
SUPER_16,3420000,38,8,3,49,18,20
SUPER_16,3430000,112,11,8,131,57,55
SUPER_16,3440000,1,0,1,2,1,0
SUPER_16,3450000,11,0,0,11,7,4
SUPER_16,3460000,81,10,11,102,49,32
SUPER_16,3470000,0,0,0,0,0,0
SUPER_16,3480000,0,0,0,0,0,0
SUPER_16,3490000,182,11,16,209,94,88
SUPER_16,3500000,246,24,30,300,124,122
SUPER_16,3510000,291,19,39,349,165,126
SUPER_16,3520000,220,18,20,258,130,90
SUPER_16,3530000,200,14,11,225,83,117
SUPER_16,3540000,59,4,6,69,40,19
SUPER_16,3550000,81,10,7,98,43,38
SUPER_16,3560000,45,5,5,55,27,18
SUPER_16,3570000,123,13,13,149,60,63
SUPER_16,3580000,200,25,19,244,98,102
SUPER_16,3590000,236,26,18,280,117,119
SUPER_16,3600000,167,14,15,196,78,89
SUPER_16,3610000,221,10,21,252,119,102
SUPER_16,3620000,33,0,5,38,25,8
SUPER_16,3630000,55,6,6,67,31,24
SUPER_16,3640000,85,3,1,89,42,43
SUPER_16,3650000,54,4,4,62,27,27
SUPER_16,3660000,244,15,21,280,138,106
SUPER_16,3670000,111,6,9,126,63,48
SUPER_16,3680000,88,7,4,99,42,46
SUPER_16,3690000,173,12,23,208,70,103
SUPER_16,3700000,223,16,16,255,117,106
SUPER_16,3710000,219,11,22,252,121,98
SUPER_16,3720000,221,23,25,269,111,110
SUPER_16,3730000,217,24,24,265,104,113
SUPER_16,3740000,242,24,27,293,112,130
SUPER_16,3750000,130,13,8,151,67,63
SUPER_16,3760000,94,4,8,106,49,45
SUPER_16,3770000,173,9,18,200,80,93
SUPER_16,3780000,228,18,20,266,109,119
SUPER_16,3790000,199,18,16,233,98,101
SUPER_16,3800000,293,19,21,333,159,134
SUPER_16,3810000,166,18,20,204,82,84
SUPER_16,3820000,39,3,6,48,20,19
SUPER_16,3830000,144,11,18,173,68,76
SUPER_16,3840000,153,12,18,183,79,74
SUPER_16,3850000,113,9,18,140,60,53
SUPER_16,3860000,280,21,40,341,140,140
SUPER_16,3870000,120,14,7,141,64,56
SUPER_16,3880000,253,25,27,305,128,125
SUPER_16,3890000,267,18,24,309,137,130
SUPER_16,3900000,210,17,26,253,101,109
SUPER_16,3910000,276,21,23,320,134,142
SUPER_16,3920000,215,14,27,256,98,117
SUPER_16,3930000,178,13,19,210,90,88
SUPER_16,3940000,42,6,4,52,20,22
SUPER_16,3950000,187,11,19,217,93,94
SUPER_16,3960000,229,23,15,267,115,114
SUPER_16,3970000,219,14,21,254,105,114
SUPER_16,3980000,171,18,15,204,93,78
SUPER_16,3990000,231,18,29,278,112,119
SUPER_16,4000000,205,19,19,243,98,107
SUPER_16,4010000,220,9,22,251,107,113
SUPER_16,4020000,302,21,26,349,134,168
SUPER_16,4030000,248,29,31,308,121,127
SUPER_16,4040000,131,10,16,157,60,71
SUPER_16,4050000,177,12,20,209,75,102
SUPER_16,4060000,204,19,10,233,97,107
SUPER_16,4070000,190,20,18,228,76,114
SUPER_16,4080000,198,18,15,231,97,101
SUPER_16,4090000,177,14,19,210,87,90
SUPER_16,4100000,14,0,0,14,8,6
SUPER_16,4110000,152,4,11,167,75,77
SUPER_16,4120000,257,22,31,310,121,136
SUPER_16,4130000,212,28,19,259,105,107
SUPER_16,4140000,290,23,23,336,137,153
SUPER_16,4150000,214,16,12,242,105,109
SUPER_16,4160000,201,24,17,242,110,91
SUPER_16,4170000,78,8,5,91,31,47
SUPER_16,4180000,240,11,28,279,120,120
SUPER_16,4190000,295,25,30,350,141,154
SUPER_16,4200000,264,29,27,320,126,138
SUPER_16,4210000,186,16,18,220,95,91
SUPER_16,4220000,251,24,30,305,121,130
SUPER_16,4230000,116,15,12,143,56,60
SUPER_16,4240000,116,8,11,135,55,61
SUPER_16,4250000,257,23,17,297,127,130
SUPER_16,4260000,143,16,17,176,74,69
SUPER_16,4270000,152,12,12,176,61,91
SUPER_16,4280000,214,13,21,248,109,105
SUPER_16,4290000,158,14,5,177,89,69
SUPER_16,4300000,199,20,16,235,101,98
SUPER_16,4310000,151,11,19,181,71,80
SUPER_16,4320000,107,16,15,138,49,58
SUPER_16,4330000,242,23,18,283,117,125
SUPER_16,4340000,243,26,22,291,127,116
SUPER_16,4350000,233,19,21,273,124,109
SUPER_16,4360000,231,20,23,274,123,108
SUPER_16,4370000,92,10,12,114,45,47
SUPER_16,4380000,80,4,4,88,35,45
SUPER_16,4390000,213,20,28,261,107,106
SUPER_16,4400000,153,13,10,176,70,83
SUPER_16,4410000,196,22,24,242,85,111
SUPER_16,4420000,247,23,29,299,119,128
SUPER_16,4430000,143,6,13,162,69,74
SUPER_16,4440000,120,9,16,145,61,59
SUPER_16,4450000,54,5,4,63,27,27
SUPER_16,4460000,139,16,18,173,66,73
SUPER_16,4470000,147,14,14,175,69,78
SUPER_16,4480000,218,24,23,265,114,104
SUPER_16,4490000,228,15,30,273,108,120
SUPER_16,4500000,253,19,25,297,122,131
SUPER_16,4510000,245,13,23,281,129,116
SUPER_16,4520000,183,12,13,208,85,98
SUPER_16,4530000,146,13,11,170,77,69
SUPER_16,4540000,136,16,10,162,74,62
SUPER_16,4550000,74,7,5,86,32,42
SUPER_16,4560000,192,17,17,226,87,105
SUPER_16,4570000,134,5,17,156,60,74
SUPER_16,4580000,84,10,13,107,45,39
SUPER_16,4590000,236,25,17,278,119,117
SUPER_16,4600000,137,6,14,157,73,64
SUPER_16,4610000,265,19,19,303,151,114
SUPER_16,4620000,141,13,11,165,59,82
SUPER_16,4630000,215,23,17,255,99,116
SUPER_16,4640000,192,17,14,223,93,99
SUPER_16,4650000,87,9,10,106,39,48
SUPER_16,4660000,146,13,14,173,75,71
SUPER_16,4670000,128,5,13,146,60,68
SUPER_16,4680000,178,21,8,207,83,95
SUPER_16,4690000,162,14,17,193,80,82
SUPER_16,4700000,139,11,12,162,63,76
SUPER_16,4710000,198,15,17,230,112,86
SUPER_16,4720000,226,15,13,254,99,127
SUPER_16,4730000,230,16,24,270,118,112
SUPER_16,4740000,229,23,17,269,114,115
SUPER_16,4750000,99,16,16,131,55,44
SUPER_16,4760000,73,3,6,82,41,32
SUPER_16,4770000,69,7,5,81,41,28
SUPER_16,4780000,82,8,5,95,45,37
SUPER_16,4790000,195,22,20,237,98,97
SUPER_16,4800000,257,23,25,305,119,138
SUPER_16,4810000,116,15,10,141,56,60
SUPER_16,4820000,142,11,14,167,81,61
SUPER_16,4830000,168,15,17,200,80,88
SUPER_16,4840000,144,12,10,166,74,70
SUPER_16,4850000,251,21,25,297,122,129
SUPER_16,4860000,183,17,16,216,98,85
SUPER_16,4870000,149,17,11,177,87,62
SUPER_16,4880000,204,16,20,240,107,97
SUPER_16,4890000,204,17,13,234,109,95
SUPER_16,4900000,188,15,18,221,103,85
SUPER_16,4910000,67,7,7,81,40,27
SUPER_16,4920000,166,9,12,187,88,78
SUPER_16,4930000,200,14,12,226,96,104
SUPER_16,4940000,109,5,8,122,59,50
SUPER_16,4950000,119,10,14,143,55,64
SUPER_16,4960000,189,21,24,234,106,83
SUPER_16,4970000,230,22,21,273,101,129
SUPER_16,4980000,186,9,17,212,91,95
SUPER_16,4990000,97,5,5,107,43,54
SUPER_16,5000000,155,17,13,185,68,87
SUPER_16,5010000,215,22,18,255,105,110
SUPER_16,5020000,215,30,22,267,102,113
SUPER_16,5030000,264,22,25,311,128,136
SUPER_16,5040000,194,14,15,223,103,91
SUPER_16,5050000,151,13,10,174,79,72
SUPER_16,5060000,147,16,18,181,74,73
SUPER_16,5070000,142,10,11,163,65,77
SUPER_16,5080000,191,21,12,224,99,92
SUPER_16,5090000,273,29,21,323,157,116
SUPER_16,5100000,200,23,16,239,95,105
SUPER_16,5110000,170,21,17,208,81,89
SUPER_16,5120000,293,21,32,346,161,132
SUPER_16,5130000,231,22,13,266,118,113
SUPER_16,5140000,242,27,20,289,128,114
SUPER_16,5150000,123,8,20,151,67,56
SUPER_16,5160000,234,12,29,275,111,123
SUPER_16,5170000,165,22,18,205,88,77
SUPER_16,5180000,197,15,18,230,103,94
SUPER_16,5190000,175,14,14,203,93,82
SUPER_16,5200000,112,11,15,138,62,50
SUPER_16,5210000,111,8,7,126,60,51
SUPER_16,5220000,147,11,18,176,73,74
SUPER_16,5230000,55,3,2,60,34,21
SUPER_16,5240000,165,20,10,195,80,85
SUPER_16,5250000,176,18,16,210,92,84
SUPER_16,5260000,179,11,16,206,84,95
SUPER_16,5270000,154,10,16,180,86,68
SUPER_16,5280000,158,13,8,179,87,71
SUPER_16,5290000,115,5,9,129,61,54
SUPER_16,5300000,82,10,11,103,42,40
SUPER_16,5310000,72,5,5,82,36,36
SUPER_16,5320000,102,5,12,119,48,54
SUPER_16,5330000,227,19,21,267,112,115
SUPER_16,5340000,109,12,14,135,55,54
SUPER_16,5350000,189,17,18,224,99,90
SUPER_16,5360000,252,23,19,294,119,133
SUPER_16,5370000,260,17,30,307,144,116
SUPER_16,5380000,171,20,12,203,82,89
SUPER_16,5390000,211,28,17,256,96,115
SUPER_16,5400000,189,15,13,217,80,109
SUPER_16,5410000,161,17,19,197,83,77
SUPER_16,5420000,157,13,12,182,82,75
SUPER_16,5430000,86,7,6,99,42,44
SUPER_16,5440000,105,8,6,119,58,47
SUPER_16,5450000,136,14,12,162,64,72
SUPER_16,5460000,169,13,15,197,78,91
SUPER_16,5470000,104,7,10,121,53,51
SUPER_16,5480000,103,9,13,125,50,53
SUPER_16,5490000,65,7,8,80,35,30
SUPER_16,5500000,101,3,10,114,51,50
SUPER_16,5510000,132,10,8,150,70,62
SUPER_16,5520000,198,24,20,242,92,106
SUPER_16,5530000,171,11,12,194,81,90
SUPER_16,5540000,195,19,14,228,99,96
SUPER_16,5550000,198,20,22,240,113,85
SUPER_16,5560000,105,15,7,127,51,54
SUPER_16,5570000,133,10,8,151,64,69
SUPER_16,5580000,95,6,5,106,54,41
SUPER_16,5590000,147,12,14,173,70,77
SUPER_16,5600000,133,16,16,165,58,75
SUPER_16,5610000,177,17,17,211,84,93
SUPER_16,5620000,202,23,12,237,97,105
SUPER_16,5630000,154,11,23,188,68,86
SUPER_16,5640000,175,12,13,200,95,80
SUPER_16,5650000,42,2,2,46,24,18
SUPER_16,5660000,87,4,10,101,45,42
SUPER_16,5670000,89,4,5,98,52,37
SUPER_16,5680000,166,8,11,185,86,79
SUPER_16,5690000,149,15,10,174,62,87
SUPER_16,5700000,239,20,22,281,116,123
SUPER_16,5710000,130,11,14,155,72,58
SUPER_16,5720000,147,11,12,170,79,68
SUPER_16,5730000,113,12,10,135,52,61
SUPER_16,5740000,119,11,6,136,52,67
SUPER_16,5750000,120,13,14,147,60,60
SUPER_16,5760000,113,6,7,126,52,61
SUPER_16,5770000,171,19,16,206,88,83
SUPER_16,5780000,118,14,17,149,52,66
SUPER_16,5790000,161,17,16,194,82,79
SUPER_16,5800000,218,12,20,250,101,117
SUPER_16,5810000,154,16,16,186,73,81
SUPER_16,5820000,175,15,18,208,82,93
SUPER_16,5830000,188,16,18,222,96,92
SUPER_16,5840000,162,11,18,191,85,77
SUPER_16,5850000,102,9,9,120,57,45
SUPER_16,5860000,142,15,16,173,75,67
SUPER_16,5870000,156,12,13,181,82,74
SUPER_16,5880000,134,8,14,156,71,63
SUPER_16,5890000,191,16,10,217,102,89
SUPER_16,5900000,142,11,10,163,76,66
SUPER_16,5910000,202,10,19,231,105,97
SUPER_16,5920000,143,12,5,160,86,57
SUPER_16,5930000,125,8,12,145,59,66
SUPER_16,5940000,130,8,18,156,68,62
SUPER_16,5950000,202,14,15,231,99,103
SUPER_16,5960000,164,11,15,190,79,85
SUPER_16,5970000,150,10,13,173,82,68
SUPER_16,5980000,149,17,14,180,82,67
SUPER_16,5990000,111,9,15,135,51,60
SUPER_16,6000000,140,13,15,168,66,74
SUPER_16,6010000,147,15,13,175,72,75
SUPER_16,6020000,140,17,16,173,65,75
SUPER_16,6030000,106,13,8,127,61,45
SUPER_16,6040000,97,9,10,116,42,55
SUPER_16,6050000,184,14,21,219,108,76
SUPER_16,6060000,165,15,20,200,81,84
SUPER_16,6070000,108,8,6,122,56,52
SUPER_16,6080000,101,6,9,116,49,52
SUPER_16,6090000,191,17,14,222,95,96
SUPER_16,6100000,110,9,9,128,57,53
SUPER_16,6110000,192,19,21,232,76,116
SUPER_16,6120000,110,7,11,128,60,50
SUPER_16,6130000,134,20,21,175,64,70
SUPER_16,6140000,129,8,12,149,82,47
SUPER_16,6150000,83,9,6,98,41,42
SUPER_16,6160000,40,3,1,44,18,22
SUPER_16,6170000,130,17,8,155,64,66
SUPER_16,6180000,107,19,18,144,52,55
SUPER_16,6190000,135,8,13,156,70,65
SUPER_16,6200000,258,24,26,308,140,118
SUPER_16,6210000,178,19,21,218,89,89
SUPER_16,6220000,151,10,10,171,77,74
SUPER_16,6230000,146,12,16,174,71,75
SUPER_16,6240000,220,13,24,257,99,121
SUPER_16,6250000,155,14,14,183,80,75
SUPER_16,6260000,1,0,0,1,0,1
SUPER_16,6270000,132,16,12,160,63,69
SUPER_16,6280000,109,10,15,134,55,54
SUPER_16,6290000,211,25,15,251,97,114
SUPER_16,6300000,171,12,14,197,91,80
SUPER_16,6310000,194,23,19,236,95,99
SUPER_16,6320000,167,12,17,196,88,79
SUPER_16,6330000,229,21,20,270,104,125
SUPER_16,6340000,166,15,22,203,87,79
SUPER_16,6350000,192,24,28,244,86,106
SUPER_16,6360000,126,13,12,151,68,58
SUPER_16,6370000,98,13,11,122,56,42
SUPER_16,6380000,103,6,14,123,56,47
SUPER_16,6390000,87,6,13,106,40,47
SUPER_16,6400000,73,9,7,89,32,41
SUPER_16,6410000,64,6,3,73,29,35
SUPER_16,6420000,99,7,9,115,45,54
SUPER_16,6430000,206,17,19,242,100,106
SUPER_16,6440000,141,9,9,159,79,62
SUPER_16,6450000,206,29,23,258,96,110
SUPER_16,6460000,25,0,2,27,20,5
SUPER_16,6470000,116,9,13,138,66,50
SUPER_16,6480000,241,24,30,295,108,133
SUPER_16,6490000,190,19,19,228,99,91
SUPER_16,6500000,229,16,23,268,111,118
SUPER_16,6510000,166,15,25,206,79,87
SUPER_16,6520000,222,30,25,277,95,127
SUPER_16,6530000,123,6,8,137,63,60
SUPER_16,6540000,154,22,16,192,75,79
SUPER_16,6550000,224,17,29,270,116,108
SUPER_16,6560000,229,31,22,282,115,114
SUPER_16,6570000,17,3,1,21,9,8
SUPER_16,6580000,1,1,0,2,1,0
SUPER_16,6590000,76,6,3,85,41,35
SUPER_16,6600000,238,23,26,287,123,115
SUPER_16,6610000,216,19,22,257,104,112
SUPER_16,6620000,120,7,8,135,59,61
SUPER_16,6630000,157,24,11,192,84,73
SUPER_16,6640000,138,7,5,150,62,76
SUPER_16,6650000,214,18,19,251,110,104
SUPER_16,6660000,172,20,18,210,93,79
SUPER_16,6670000,120,15,9,144,69,51
SUPER_16,6680000,161,27,10,198,84,77
SUPER_16,6690000,141,12,14,167,66,75
SUPER_16,6700000,191,9,9,209,97,94
SUPER_16,6710000,115,10,20,145,56,59
SUPER_16,6720000,40,2,3,45,18,22
SUPER_16,6730000,20,4,1,25,10,10
SUPER_16,6740000,35,3,6,44,17,18
SUPER_16,6750000,108,16,6,130,53,55
SUPER_16,6760000,104,9,15,128,58,46
SUPER_16,6770000,100,10,14,124,52,48
SUPER_16,6780000,163,10,12,185,81,82
SUPER_16,6790000,103,8,15,126,46,57
SUPER_16,6800000,166,13,25,204,83,83
SUPER_16,6810000,221,16,14,251,101,120
SUPER_16,6820000,180,19,21,220,83,97
SUPER_16,6830000,123,10,13,146,72,51
SUPER_16,6840000,89,7,11,107,49,40
SUPER_16,6850000,51,5,5,61,26,25
SUPER_16,6860000,167,8,12,187,78,89
SUPER_16,6870000,99,9,12,120,43,56
SUPER_16,6880000,100,3,9,112,54,46
SUPER_16,6890000,24,2,4,30,9,15
SUPER_16,6900000,155,12,12,179,74,81
SUPER_16,6910000,163,22,21,206,90,73
SUPER_16,6920000,223,24,23,270,112,111
SUPER_16,6930000,230,18,34,282,106,124
SUPER_16,6940000,169,13,7,189,82,87
SUPER_16,6950000,168,16,10,194,82,86
SUPER_16,6960000,51,3,6,60,21,30
SUPER_16,6970000,97,3,9,109,55,42
SUPER_16,6980000,199,17,18,234,100,99
SUPER_16,6990000,197,18,6,221,117,80
SUPER_16,7000000,202,22,11,235,106,96
SUPER_16,7010000,182,18,25,225,82,100
SUPER_16,7020000,116,6,19,141,53,63
SUPER_16,7030000,186,16,8,210,110,76
SUPER_16,7040000,202,20,25,247,98,104
SUPER_16,7050000,152,16,10,178,71,81
SUPER_16,7060000,210,16,11,237,110,100
SUPER_16,7070000,231,17,24,272,101,130
SUPER_16,7080000,183,15,18,216,88,95
SUPER_16,7090000,21,2,1,24,10,11
SUPER_16,7100000,144,9,8,161,75,69
SUPER_16,7110000,86,7,6,99,37,49
SUPER_16,7120000,28,2,5,35,10,18
SUPER_16,7130000,162,17,15,194,70,92
SUPER_16,7140000,146,17,18,181,79,67
SUPER_16,7150000,156,22,13,191,71,85
SUPER_16,7160000,145,12,15,172,72,73
SUPER_16,7170000,82,6,13,101,38,44
SUPER_16,7180000,106,7,12,125,61,45
SUPER_16,7190000,108,10,10,128,46,62
SUPER_16,7200000,161,23,18,202,81,80
SUPER_16,7210000,187,19,32,238,84,103
SUPER_16,7220000,164,11,16,191,79,85
SUPER_16,7230000,144,11,5,160,73,71
SUPER_16,7240000,197,21,16,234,88,109
SUPER_16,7250000,118,5,10,133,67,51
SUPER_16,7260000,223,15,23,261,122,101
SUPER_16,7270000,120,9,13,142,62,58
SUPER_16,7280000,246,15,23,284,138,108
SUPER_16,7290000,200,20,17,237,87,113
SUPER_16,7300000,122,8,10,140,58,64
SUPER_16,7310000,94,4,9,107,48,46
SUPER_16,7320000,247,19,25,291,120,127
SUPER_16,7330000,222,19,14,255,111,111
SUPER_16,7340000,170,21,12,203,95,75
SUPER_16,7350000,220,13,15,248,117,103
SUPER_16,7360000,105,12,16,133,54,51
SUPER_16,7370000,210,17,18,245,98,112
SUPER_16,7380000,233,22,18,273,93,140
SUPER_16,7390000,135,10,5,150,73,62
SUPER_16,7400000,75,4,4,83,38,37
SUPER_16,7410000,91,5,4,100,50,41
SUPER_16,7420000,181,15,19,215,94,87
SUPER_16,7430000,126,14,10,150,60,66
SUPER_16,7440000,231,16,20,267,118,113
SUPER_16,7450000,205,10,30,245,101,104
SUPER_16,7460000,236,18,21,275,129,107
SUPER_16,7470000,146,12,9,167,62,84
SUPER_16,7480000,128,9,13,150,55,73
SUPER_16,7490000,106,6,8,120,47,59
SUPER_16,7500000,181,18,23,222,81,100
SUPER_16,7510000,254,20,14,288,110,144
SUPER_16,7520000,233,18,21,272,110,123
SUPER_16,7530000,199,15,25,239,102,97
SUPER_16,7540000,213,22,19,254,100,113
SUPER_16,7550000,233,20,18,271,114,119
SUPER_16,7560000,194,15,10,219,98,96
SUPER_16,7570000,165,10,19,194,78,87
SUPER_16,7580000,138,13,12,163,80,58
SUPER_16,7590000,140,18,18,176,74,66
SUPER_16,7600000,156,16,14,186,82,74
SUPER_16,7610000,135,12,10,157,68,67
SUPER_16,7620000,167,16,18,201,76,91
SUPER_16,7630000,211,23,22,256,105,106
SUPER_16,7640000,95,4,8,107,54,41
SUPER_16,7650000,173,20,17,210,69,104
SUPER_16,7660000,104,8,8,120,54,50
SUPER_16,7670000,134,10,17,161,76,58
SUPER_16,7680000,188,19,16,223,92,96
SUPER_16,7690000,110,7,15,132,63,47
SUPER_16,7700000,163,17,13,193,78,85
SUPER_16,7710000,144,18,14,176,77,67
SUPER_16,7720000,112,8,11,131,63,49
SUPER_16,7730000,73,9,8,90,49,24
SUPER_16,7740000,177,16,12,205,79,98
SUPER_16,7750000,195,25,20,240,93,102
SUPER_16,7760000,276,34,30,340,136,140
SUPER_16,7770000,78,7,6,91,44,34
SUPER_16,7780000,135,14,8,157,66,69
SUPER_16,7790000,150,12,14,176,64,86
SUPER_16,7800000,267,24,22,313,123,144
SUPER_16,7810000,160,14,18,192,78,82
SUPER_16,7820000,141,9,9,159,75,66
SUPER_16,7830000,108,7,10,125,43,65
SUPER_16,7840000,129,11,9,149,59,70
SUPER_16,7850000,102,13,12,127,44,58
SUPER_16,7860000,70,7,7,84,37,33
SUPER_16,7870000,23,2,3,28,11,12
SUPER_16,7880000,148,10,21,179,74,74
SUPER_16,7890000,208,15,20,243,109,99
SUPER_16,7900000,257,23,17,297,125,132
SUPER_16,7910000,83,5,6,94,36,47
SUPER_16,7920000,193,14,15,222,98,95
SUPER_16,7930000,107,13,6,126,59,48
SUPER_16,7940000,210,15,27,252,96,114
SUPER_16,7950000,206,25,27,258,96,110
SUPER_16,7960000,119,8,12,139,57,62
SUPER_16,7970000,194,10,14,218,82,112
SUPER_16,7980000,178,20,19,217,80,98
SUPER_16,7990000,173,17,19,209,77,96
SUPER_16,8000000,168,17,18,203,87,81
SUPER_16,8010000,230,22,20,272,113,117
SUPER_16,8020000,218,17,18,253,90,128
SUPER_16,8030000,82,14,4,100,43,39
SUPER_16,8040000,47,4,6,57,27,20
SUPER_16,8050000,117,9,11,137,61,56
SUPER_16,8060000,246,20,17,283,124,122
SUPER_16,8070000,199,16,20,235,108,91
SUPER_16,8080000,239,16,28,283,121,118
SUPER_16,8090000,301,29,29,359,153,148
SUPER_16,8100000,233,19,16,268,131,102
SUPER_16,8110000,149,9,14,172,76,73
SUPER_16,8120000,134,15,12,161,66,68
SUPER_16,8130000,162,16,17,195,81,81
SUPER_16,8140000,152,18,11,181,78,74
SUPER_16,8150000,58,4,8,70,29,29
SUPER_16,8160000,97,7,8,112,46,51
SUPER_16,8170000,171,13,11,195,91,80
SUPER_16,8180000,98,6,9,113,51,47
SUPER_16,8190000,30,1,2,33,17,13
SUPER_16,8200000,105,8,4,117,59,46
SUPER_16,8210000,59,6,2,67,25,34
SUPER_16,8220000,180,16,15,211,88,92
SUPER_16,8230000,211,11,26,248,111,100
SUPER_16,8240000,202,17,18,237,115,87
SUPER_16,8250000,121,13,11,145,59,62
SUPER_16,8260000,71,10,6,87,39,32
SUPER_16,8270000,218,29,17,264,99,119
SUPER_16,8280000,213,14,10,237,105,108
SUPER_16,8290000,39,7,8,54,22,17
SUPER_16,8300000,100,5,7,112,47,53
SUPER_16,8310000,81,8,13,102,36,45
SUPER_16,8320000,153,12,14,179,79,74
SUPER_16,8330000,80,5,9,94,41,39
SUPER_16,8340000,175,23,14,212,85,90
SUPER_16,8350000,146,13,20,179,68,78
SUPER_16,8360000,181,22,23,226,82,99
SUPER_16,8370000,199,16,15,230,93,106
SUPER_16,8380000,241,33,16,290,140,101
SUPER_16,8390000,203,18,24,245,99,104
SUPER_16,8400000,150,9,17,176,66,84
SUPER_16,8410000,189,10,18,217,103,86
SUPER_16,8420000,206,23,8,237,100,106
SUPER_16,8430000,197,15,16,228,93,104
SUPER_16,8440000,51,2,2,55,27,24
SUPER_16,8450000,18,1,1,20,9,9
SUPER_16,8460000,57,6,6,69,28,29
SUPER_16,8470000,113,4,8,125,50,63
SUPER_16,8480000,178,12,12,202,96,82
SUPER_16,8490000,239,22,18,279,123,116
SUPER_16,8500000,113,7,9,129,64,49
SUPER_16,8510000,196,21,14,231,104,92
SUPER_16,8520000,76,8,7,91,36,40
SUPER_16,8530000,154,17,10,181,77,77
SUPER_16,8540000,214,25,26,265,105,109
SUPER_16,8550000,168,5,15,188,86,82
SUPER_16,8560000,73,10,4,87,39,34
SUPER_16,8570000,237,23,19,279,98,139
SUPER_16,8580000,278,20,21,319,139,139
SUPER_16,8590000,178,19,17,214,67,111
SUPER_16,8600000,235,28,23,286,132,103
SUPER_16,8610000,284,20,20,324,149,135
SUPER_16,8620000,209,17,19,245,94,115
SUPER_16,8630000,98,12,13,123,55,43
SUPER_16,8640000,211,17,28,256,104,107
SUPER_16,8650000,219,16,25,260,102,117
SUPER_16,8660000,79,8,5,92,49,30
SUPER_16,8670000,171,23,15,209,79,92
SUPER_16,8680000,116,11,11,138,56,60
SUPER_16,8690000,182,15,13,210,100,82
SUPER_16,8700000,237,19,24,280,110,127
SUPER_16,8710000,180,19,12,211,87,93
SUPER_16,8720000,107,4,6,117,57,50
SUPER_16,8730000,222,15,29,266,95,127
SUPER_16,8740000,207,22,21,250,106,101
SUPER_16,8750000,197,13,24,234,94,103
SUPER_16,8760000,101,15,8,124,53,48
SUPER_16,8770000,199,27,15,241,106,93
SUPER_16,8780000,130,17,10,157,59,71
SUPER_16,8790000,148,9,15,172,70,78
SUPER_16,8800000,138,11,15,164,60,78
SUPER_16,8810000,172,17,19,208,81,91
SUPER_16,8820000,263,20,22,305,130,133
SUPER_16,8830000,44,6,4,54,21,23
SUPER_16,8840000,157,17,13,187,68,89
SUPER_16,8850000,130,7,13,150,67,63
SUPER_16,8860000,243,16,26,285,126,117
SUPER_16,8870000,233,18,22,273,101,132
SUPER_16,8880000,237,23,21,281,111,126
SUPER_16,8890000,186,20,11,217,101,85
SUPER_16,8900000,146,7,4,157,72,74
SUPER_16,8910000,63,4,8,75,23,40
SUPER_16,8920000,127,13,8,148,61,66
SUPER_16,8930000,86,6,16,108,55,31
SUPER_16,8940000,92,5,12,109,44,48
SUPER_16,8950000,68,6,5,79,38,30
SUPER_16,8960000,256,21,25,302,130,126
SUPER_16,8970000,252,19,20,291,130,122
SUPER_16,8980000,179,12,16,207,84,95
SUPER_16,8990000,204,19,18,241,96,108
SUPER_16,9000000,260,21,32,313,130,130
SUPER_16,9010000,261,16,24,301,118,143
SUPER_16,9020000,246,15,30,291,111,135
SUPER_16,9030000,114,8,11,133,55,59
SUPER_16,9040000,184,16,10,210,94,90
SUPER_16,9050000,276,25,22,323,140,136
SUPER_16,9060000,265,23,14,302,124,141
SUPER_16,9070000,282,20,28,330,145,137
SUPER_16,9080000,271,28,31,330,128,143
SUPER_16,9090000,257,35,20,312,124,133
SUPER_16,9100000,135,14,13,162,65,70
SUPER_16,9110000,183,14,21,218,92,91
SUPER_16,9120000,132,15,18,165,63,69
SUPER_16,9130000,101,13,5,119,46,55
SUPER_16,9140000,160,15,15,190,80,80
SUPER_16,9150000,224,24,16,264,121,103
SUPER_16,9160000,170,15,15,200,88,82
SUPER_16,9170000,181,23,15,219,86,95
SUPER_16,9180000,148,18,15,181,69,79
SUPER_16,9190000,197,18,12,227,103,94
SUPER_16,9200000,182,16,14,212,88,94
SUPER_16,9210000,186,12,24,222,94,92
SUPER_16,9220000,249,27,19,295,132,117
SUPER_16,9230000,215,15,19,249,111,104
SUPER_16,9240000,200,10,18,228,98,102
SUPER_16,9250000,248,16,13,277,131,117
SUPER_16,9260000,229,22,22,273,109,120
SUPER_16,9270000,257,15,34,306,126,131
SUPER_16,9280000,130,11,11,152,64,66
SUPER_16,9290000,96,11,5,112,52,44
SUPER_16,9300000,85,6,8,99,45,40
SUPER_16,9310000,108,5,9,122,57,51
SUPER_16,9320000,73,5,5,83,39,34
SUPER_16,9330000,63,7,5,75,38,25
SUPER_16,9340000,236,19,28,283,114,122
SUPER_16,9350000,171,11,11,193,92,79
SUPER_16,9360000,108,14,11,133,57,51
SUPER_16,9370000,62,2,5,69,26,36
SUPER_16,9380000,147,8,13,168,79,68
SUPER_16,9390000,287,20,22,329,146,141
SUPER_16,9400000,248,23,16,287,133,115
SUPER_16,9410000,279,22,31,332,142,137
SUPER_16,9420000,278,32,20,330,127,151
SUPER_16,9430000,204,11,17,232,111,93
SUPER_16,9440000,244,17,23,284,114,130
SUPER_16,9450000,271,18,19,308,129,142
SUPER_16,9460000,77,4,16,97,40,37
SUPER_16,9470000,114,11,9,134,55,59
SUPER_16,9480000,214,17,26,257,106,108
SUPER_16,9490000,287,23,30,340,146,141
SUPER_16,9500000,215,15,21,251,99,116
SUPER_16,9510000,174,15,20,209,95,79
SUPER_16,9520000,287,20,23,330,147,140
SUPER_16,9530000,243,18,20,281,125,118
SUPER_16,9540000,89,13,14,116,39,50
SUPER_16,9550000,77,9,9,95,45,32
SUPER_16,9560000,113,8,8,129,63,50
SUPER_16,9570000,0,0,0,0,0,0
SUPER_16,9580000,0,0,0,0,0,0
SUPER_16,9590000,236,31,25,292,122,114
SUPER_16,9600000,167,14,14,195,92,75
SUPER_16,9610000,232,21,30,283,117,115
SUPER_16,9620000,127,18,13,158,74,53
SUPER_16,9630000,190,15,24,229,101,89
SUPER_16,9640000,101,6,12,119,49,52
SUPER_16,9650000,83,8,4,95,49,34
SUPER_16,9660000,129,14,15,158,58,71
SUPER_16,9670000,158,15,10,183,89,69
SUPER_16,9680000,0,0,0,0,0,0
SUPER_16,9690000,0,0,0,0,0,0
SUPER_16,9700000,0,0,0,0,0,0
SUPER_16,9710000,0,0,0,0,0,0
SUPER_16,9720000,0,0,0,0,0,0
SUPER_16,9730000,301,27,21,349,160,141
SUPER_16,9740000,183,15,24,222,81,102
SUPER_16,9750000,144,4,22,170,73,71
SUPER_16,9760000,9,1,2,12,6,3
SUPER_16,9770000,110,3,12,125,55,55
SUPER_16,9780000,71,6,6,83,39,32
SUPER_16,9790000,143,8,14,165,80,63
SUPER_16,9800000,176,15,14,205,98,78
SUPER_16,9810000,265,28,19,312,138,127
SUPER_16,9820000,258,24,24,306,128,130
SUPER_16,9830000,267,25,22,314,130,137
SUPER_16,9840000,96,13,5,114,59,37
SUPER_16,9850000,38,1,4,43,22,16
SUPER_16,9860000,46,5,4,55,25,21
SUPER_16,9870000,159,13,15,187,83,76
SUPER_16,9880000,81,12,9,102,46,35
SUPER_16,9890000,97,4,11,112,59,38
SUPER_16,9900000,30,2,5,37,18,12
SUPER_16,9910000,150,15,10,175,81,69
SUPER_16,9920000,79,3,6,88,48,31
SUPER_16,9930000,227,17,25,269,108,119
SUPER_16,9940000,220,16,17,253,118,102
SUPER_16,9950000,26,2,3,31,10,16
SUPER_16,9960000,179,19,14,212,103,76
SUPER_16,9970000,185,12,21,218,93,92
SUPER_16,9980000,265,26,36,327,124,141
SUPER_16,9990000,291,19,28,338,155,136
SUPER_16,10000000,302,38,18,358,151,151
SUPER_16,10010000,245,24,35,304,120,125
SUPER_16,10020000,174,15,13,202,93,81
SUPER_16,10030000,147,18,17,182,65,82
SUPER_16,10040000,73,2,9,84,41,32
SUPER_16,10050000,172,16,16,204,78,94
SUPER_16,10060000,167,14,17,198,79,88
SUPER_16,10070000,191,12,14,217,105,86
SUPER_16,10080000,142,11,12,165,76,66
SUPER_16,10090000,219,18,26,263,105,114
SUPER_16,10100000,47,4,8,59,25,22
SUPER_16,10110000,88,3,12,103,49,39
SUPER_16,10120000,220,21,30,271,111,109
SUPER_16,10130000,113,1,4,118,68,45
SUPER_16,10140000,208,24,22,254,109,99
SUPER_16,10150000,294,30,29,353,159,135
SUPER_16,10160000,89,4,6,99,48,41
SUPER_16,10170000,71,6,10,87,33,38
SUPER_16,10180000,207,9,20,236,109,98
SUPER_16,10190000,227,30,27,284,109,118
SUPER_16,10200000,66,8,2,76,35,31
SUPER_16,10210000,12,0,1,13,6,6
SUPER_16,10220000,125,15,14,154,78,47
SUPER_16,10230000,77,7,9,93,39,38
SUPER_16,10240000,81,11,12,104,36,45
SUPER_16,10250000,155,7,13,175,69,86
SUPER_16,10260000,80,5,5,90,39,41
SUPER_16,10270000,9,0,1,10,4,5
SUPER_16,10280000,205,13,19,237,101,104
SUPER_16,10290000,121,10,11,142,64,57
SUPER_16,10300000,186,15,21,222,105,81
SUPER_16,10310000,98,8,9,115,46,52
SUPER_16,10320000,94,10,7,111,51,43
SUPER_16,10330000,230,17,18,265,101,129
SUPER_16,10340000,277,28,21,326,125,152
SUPER_16,10350000,245,20,23,288,117,128
SUPER_16,10360000,149,13,16,178,69,80
SUPER_16,10370000,198,18,18,234,99,99
SUPER_16,10380000,197,13,20,230,93,104
SUPER_16,10390000,105,6,18,129,52,53
SUPER_16,10400000,164,20,21,205,82,82
SUPER_16,10410000,186,17,13,216,104,82
SUPER_16,10420000,137,11,15,163,82,55
SUPER_16,10430000,88,6,11,105,52,36
SUPER_16,10440000,159,7,10,176,89,70
SUPER_16,10450000,84,4,8,96,41,43
SUPER_16,10460000,24,2,0,26,12,12
SUPER_16,10470000,25,2,4,31,10,15
SUPER_16,10480000,60,4,7,71,29,31
SUPER_16,10490000,6,0,1,7,2,4
SUPER_16,10500000,51,5,1,57,20,31
SUPER_16,10510000,0,0,0,0,0,0
SUPER_16,10520000,0,0,0,0,0,0
SUPER_16,10530000,245,19,19,283,131,114
SUPER_16,10540000,193,9,14,216,107,86
SUPER_16,10550000,114,10,6,130,53,61
SUPER_16,10560000,229,19,21,269,110,119
SUPER_16,10570000,40,2,3,45,16,24
SUPER_16,10580000,141,11,13,165,75,66
SUPER_16,10590000,171,16,13,200,96,75
SUPER_16,10600000,285,28,25,338,135,150
SUPER_16,10610000,264,23,21,308,144,120
SUPER_16,10620000,164,11,11,186,93,71
SUPER_16,10630000,97,5,6,108,56,41
SUPER_16,10640000,136,13,13,162,66,70
SUPER_16,10650000,209,28,18,255,101,108
SUPER_16,10660000,206,19,16,241,100,106
SUPER_16,10670000,177,16,14,207,85,92
SUPER_16,10680000,117,6,14,137,59,58
SUPER_16,10690000,89,6,7,102,45,44
SUPER_16,10700000,0,0,0,0,0,0
SUPER_16,10710000,0,0,0,0,0,0
SUPER_16,10720000,258,27,29,314,131,127
SUPER_16,10730000,132,10,12,154,68,64
SUPER_16,10740000,272,20,27,319,147,125
SUPER_16,10750000,120,10,8,138,60,60
SUPER_16,10760000,115,8,4,127,52,63
SUPER_16,10770000,286,21,26,333,151,135
SUPER_16,10780000,250,24,13,287,132,118
SUPER_16,10790000,285,17,27,329,145,140
SUPER_16,10800000,177,8,13,198,94,83
SUPER_16,10810000,189,19,18,226,90,99
SUPER_16,10820000,126,5,9,140,64,62
SUPER_16,10830000,157,16,8,181,76,81
SUPER_16,10840000,71,3,3,77,34,37
SUPER_16,10850000,158,23,13,194,61,97
SUPER_16,10860000,105,6,9,120,52,53
SUPER_16,10870000,123,6,8,137,63,60
SUPER_16,10880000,193,13,19,225,105,88
SUPER_16,10890000,13,3,1,17,8,5
SUPER_16,10900000,78,2,6,86,44,34
SUPER_16,10910000,231,23,19,273,118,113
SUPER_16,10920000,248,22,25,295,130,118
SUPER_16,10930000,286,26,29,341,146,140
SUPER_16,10940000,185,16,7,208,92,93
SUPER_16,10950000,252,21,31,304,129,123
SUPER_16,10960000,177,10,17,204,87,90
SUPER_16,10970000,241,21,23,285,123,118
SUPER_16,10980000,68,3,10,81,31,37
SUPER_16,10990000,137,7,10,154,79,58
SUPER_16,11000000,83,2,5,90,43,40
SUPER_16,11010000,202,16,15,233,96,106
SUPER_16,11020000,178,10,13,201,91,87
SUPER_16,11030000,222,17,18,257,121,101
SUPER_16,11040000,14,1,0,15,8,6
SUPER_16,11050000,184,14,14,212,85,99
SUPER_16,11060000,216,9,25,250,104,112
SUPER_16,11070000,293,26,13,332,138,155
SUPER_16,11080000,263,22,23,308,134,129
SUPER_16,11090000,305,29,25,359,159,146
SUPER_16,11100000,248,25,14,287,133,115
SUPER_16,11110000,136,14,20,170,63,73
SUPER_16,11120000,208,20,21,249,107,101
SUPER_16,11130000,192,24,21,237,93,99
SUPER_16,11140000,99,6,7,112,52,47
SUPER_16,11150000,77,9,9,95,38,39
SUPER_16,11160000,23,0,2,25,9,14
SUPER_16,11170000,127,5,10,142,74,53
SUPER_16,11180000,4,0,2,6,3,1
SUPER_16,11190000,98,3,7,108,55,43
SUPER_16,11200000,247,17,25,289,124,123
SUPER_16,11210000,242,19,24,285,132,110
SUPER_16,11220000,293,17,40,350,144,149
SUPER_16,11230000,53,4,6,63,25,28
SUPER_16,11240000,89,6,8,103,41,48
SUPER_16,11250000,0,0,1,1,0,0
SUPER_16,11260000,43,1,2,46,20,23
SUPER_16,11270000,13,1,1,15,7,6
SUPER_16,11280000,91,3,1,95,42,49
SUPER_16,11290000,44,2,2,48,19,25
SUPER_16,11300000,88,3,7,98,51,37
SUPER_16,11310000,137,9,5,151,61,76
SUPER_16,11320000,43,1,2,46,22,21
SUPER_16,11330000,79,5,14,98,39,40
SUPER_16,11340000,153,11,8,172,93,60
SUPER_16,11350000,159,14,11,184,79,80
SUPER_16,11360000,196,16,12,224,99,97
SUPER_16,11370000,197,11,10,218,88,109
SUPER_16,11380000,319,17,34,370,157,162
SUPER_16,11390000,344,16,15,375,181,163
SUPER_16,11400000,44,3,3,50,22,22
SUPER_16,11410000,22,3,8,33,13,9
SUPER_16,11420000,61,6,2,69,33,28
SUPER_16,11430000,31,3,2,36,17,14
SUPER_16,11440000,58,3,1,62,26,32
SUPER_16,11450000,0,0,0,0,0,0
SUPER_16,11460000,0,0,0,0,0,0
SUPER_16,11470000,153,6,13,172,79,74
SUPER_16,11480000,76,7,3,86,38,38
SUPER_16,11490000,275,21,22,318,146,129
SUPER_16,11500000,50,4,3,57,27,23
SUPER_16,11510000,81,12,5,98,46,35
SUPER_16,11520000,277,14,14,305,134,143
SUPER_16,11530000,123,10,9,142,64,59
SUPER_16,11540000,192,13,10,215,99,93
SUPER_16,11550000,207,22,20,249,111,96
SUPER_16,11560000,122,3,12,137,65,57
SUPER_16,11570000,111,10,5,126,56,55
SUPER_16,11580000,118,12,12,142,50,68
SUPER_16,11590000,188,10,12,210,100,88
SUPER_16,11600000,89,9,11,109,42,47
SUPER_16,11610000,166,16,14,196,92,74
SUPER_16,11620000,85,7,8,100,39,46
SUPER_16,11630000,3,0,0,3,3,0
SUPER_16,11640000,0,0,0,0,0,0
SUPER_16,11650000,0,0,0,0,0,0
SUPER_16,11660000,0,0,0,0,0,0
SUPER_16,11670000,0,0,0,0,0,0
SUPER_16,11680000,195,20,10,225,105,90
SUPER_16,11690000,163,7,16,186,86,77
SUPER_16,11700000,90,6,8,104,44,46
SUPER_16,11710000,143,10,14,167,75,68
SUPER_16,11720000,244,11,18,273,136,108
SUPER_16,11730000,288,16,20,324,151,137
SUPER_16,11740000,69,4,7,80,31,38
SUPER_16,11750000,105,6,18,129,55,50
SUPER_16,11760000,31,1,3,35,16,15
SUPER_16,11770000,17,2,0,19,14,3
SUPER_16,11780000,99,3,8,110,55,44
SUPER_16,11790000,50,5,6,61,24,26
SUPER_16,11800000,180,13,16,209,100,80
SUPER_16,11810000,151,6,12,169,79,72
SUPER_16,11820000,214,13,17,244,104,110
SUPER_16,11830000,222,17,26,265,112,110
SUPER_16,11840000,285,22,32,339,159,126
SUPER_16,11850000,276,12,14,302,137,139
SUPER_16,11860000,260,20,19,299,128,132
SUPER_16,11870000,108,5,6,119,60,48
SUPER_16,11880000,131,5,11,147,64,67
SUPER_16,11890000,248,16,13,277,132,116
SUPER_16,11900000,149,17,14,180,81,68
SUPER_16,11910000,149,10,14,173,71,78
SUPER_16,11920000,265,14,29,308,131,134
SUPER_16,11930000,212,17,15,244,106,106
SUPER_16,11940000,79,9,3,91,37,42
SUPER_16,11950000,33,1,2,36,22,11
SUPER_16,11960000,0,0,0,0,0,0
SUPER_16,11970000,0,0,0,0,0,0
SUPER_16,11980000,98,11,9,118,57,41
SUPER_16,11990000,3,1,2,6,2,1
SUPER_16,12000000,103,8,4,115,55,48
SUPER_16,12010000,120,11,5,136,60,60
SUPER_16,12020000,116,5,13,134,64,52
SUPER_16,12030000,261,13,24,298,140,121
SUPER_16,12040000,103,3,9,115,55,48
SUPER_16,12050000,12,2,1,15,7,5
SUPER_16,12060000,47,3,6,56,24,23
SUPER_16,12070000,258,17,15,290,133,125
SUPER_16,12080000,305,30,25,360,163,142
SUPER_16,12090000,250,22,14,286,130,120
SUPER_16,12100000,256,27,20,303,136,120
SUPER_16,12110000,148,15,10,173,80,68
SUPER_16,12120000,360,24,38,422,183,177
SUPER_16,12130000,287,18,27,332,147,140
SUPER_16,12140000,331,31,28,390,179,152
SUPER_16,12150000,212,19,18,249,102,110
SUPER_16,12160000,286,14,24,324,139,147
SUPER_16,12170000,147,8,7,162,73,74
SUPER_16,12180000,79,2,3,84,28,51
SUPER_16,12190000,77,7,5,89,38,39
SUPER_16,12200000,199,14,17,230,106,93
SUPER_16,12210000,114,17,14,145,56,58
SUPER_16,12220000,158,19,10,187,87,71
SUPER_16,12230000,197,17,19,233,99,98
SUPER_16,12240000,118,8,6,132,76,42
SUPER_16,12250000,25,5,4,34,14,11
SUPER_16,12260000,186,19,11,216,90,96
SUPER_16,12270000,224,12,23,259,111,113
SUPER_16,12280000,270,18,20,308,135,135
SUPER_16,12290000,116,3,9,128,61,55
SUPER_16,12300000,257,25,16,298,142,115
SUPER_16,12310000,162,10,7,179,74,88
SUPER_16,12320000,90,8,3,101,45,45
SUPER_16,12330000,57,5,7,69,30,27
SUPER_16,12340000,25,2,2,29,14,11
SUPER_16,12350000,27,3,2,32,15,12
SUPER_16,12360000,134,8,10,152,75,59
SUPER_16,12370000,211,18,11,240,118,93
SUPER_16,12380000,170,13,14,197,100,70
SUPER_16,12390000,180,9,6,195,97,83
SUPER_16,12400000,131,11,16,158,64,67
SUPER_16,12410000,82,7,3,92,42,40
SUPER_16,12420000,125,12,9,146,78,47
SUPER_16,12430000,129,10,12,151,69,60
SUPER_16,12440000,59,2,4,65,31,28
SUPER_16,12450000,89,4,3,96,51,38
SUPER_16,12460000,118,10,8,136,58,60
SUPER_16,12470000,137,17,22,176,73,64
SUPER_16,12480000,156,12,15,183,75,81
SUPER_16,12490000,51,4,3,58,31,20
SUPER_16,12500000,126,10,15,151,69,57
SUPER_17,10000,16,2,2,20,8,8
SUPER_17,20000,0,1,0,1,0,0
SUPER_17,30000,0,0,0,0,0,0
SUPER_17,40000,0,0,0,0,0,0
SUPER_17,50000,0,0,0,0,0,0
SUPER_17,60000,0,0,0,0,0,0
SUPER_17,70000,0,0,0,0,0,0
SUPER_17,80000,0,0,0,0,0,0
SUPER_17,90000,0,0,0,0,0,0
SUPER_17,100000,0,0,0,0,0,0
SUPER_17,110000,0,0,0,0,0,0
SUPER_17,120000,0,0,0,0,0,0
SUPER_17,130000,0,2,2,4,0,0
SUPER_17,140000,3,0,0,3,0,3
SUPER_17,150000,206,10,19,235,110,96
SUPER_17,160000,212,17,19,248,114,98
SUPER_17,170000,274,27,23,324,151,123
SUPER_17,180000,251,21,17,289,129,122
SUPER_17,190000,260,24,30,314,136,124
SUPER_17,200000,129,16,12,157,72,57
SUPER_17,210000,78,2,4,84,33,45
SUPER_17,220000,217,11,26,254,111,106
SUPER_17,230000,81,5,4,90,42,39
SUPER_17,240000,72,4,7,83,48,24
SUPER_17,250000,83,3,7,93,52,31
SUPER_17,260000,188,14,14,216,98,90
SUPER_17,270000,65,6,6,77,40,25
SUPER_17,280000,109,7,4,120,61,48
SUPER_17,290000,0,0,0,0,0,0
SUPER_17,300000,0,0,0,0,0,0
SUPER_17,310000,249,20,18,287,137,112
SUPER_17,320000,186,14,18,218,98,88
SUPER_17,330000,187,14,13,214,107,80
SUPER_17,340000,250,17,20,287,138,112
SUPER_17,350000,186,14,17,217,96,90
SUPER_17,360000,96,11,13,120,46,50
SUPER_17,370000,74,5,5,84,44,30
SUPER_17,380000,69,3,6,78,31,38
SUPER_17,390000,206,15,13,234,113,93
SUPER_17,400000,212,23,22,257,102,110
SUPER_17,410000,236,19,15,270,124,112
SUPER_17,420000,162,17,15,194,89,73
SUPER_17,430000,179,18,18,215,93,86
SUPER_17,440000,190,14,16,220,88,102
SUPER_17,450000,2,0,0,2,2,0
SUPER_17,460000,88,10,9,107,42,46
SUPER_17,470000,0,0,0,0,0,0
SUPER_17,480000,0,0,0,0,0,0
SUPER_17,490000,124,7,11,142,64,60
SUPER_17,500000,237,26,25,288,112,125
SUPER_17,510000,166,15,22,203,90,76
SUPER_17,520000,79,2,6,87,46,33
SUPER_17,530000,60,2,9,71,26,34
SUPER_17,540000,29,5,0,34,15,14
SUPER_17,550000,139,10,10,159,64,75
SUPER_17,560000,264,20,17,301,145,119
SUPER_17,570000,229,18,22,269,121,108
SUPER_17,580000,135,12,6,153,78,57
SUPER_17,590000,268,24,17,309,131,137
SUPER_17,600000,276,16,9,301,152,124
SUPER_17,610000,179,9,26,214,88,91
SUPER_17,620000,104,3,5,112,53,51
SUPER_17,630000,63,7,10,80,35,28
SUPER_17,640000,34,8,3,45,16,18
SUPER_17,650000,1,0,0,1,0,1
SUPER_17,660000,61,5,2,68,31,30
SUPER_17,670000,0,0,0,0,0,0
SUPER_17,680000,0,0,0,0,0,0
SUPER_17,690000,19,3,3,25,12,7
SUPER_17,700000,40,3,1,44,23,17
SUPER_17,710000,56,7,8,71,31,25
SUPER_17,720000,27,1,1,29,17,10
SUPER_17,730000,0,0,0,0,0,0
SUPER_17,740000,0,0,0,0,0,0
SUPER_17,750000,0,0,0,0,0,0
SUPER_17,760000,0,0,0,0,0,0
SUPER_17,770000,0,0,0,0,0,0
SUPER_17,780000,96,8,9,113,52,44
SUPER_17,790000,7,1,0,8,3,4
SUPER_17,800000,48,2,4,54,29,19
SUPER_17,810000,0,0,0,0,0,0
SUPER_17,820000,0,0,0,0,0,0
SUPER_17,830000,0,0,0,0,0,0
SUPER_17,840000,82,11,10,103,41,41
SUPER_17,850000,1,0,1,2,1,0
SUPER_17,860000,15,0,1,16,10,5
SUPER_17,870000,92,7,5,104,49,43
SUPER_17,880000,12,0,1,13,5,7
SUPER_17,890000,76,4,4,84,44,32
SUPER_17,900000,49,7,3,59,29,20
SUPER_17,910000,34,3,1,38,18,16
SUPER_17,920000,188,14,15,217,105,83
SUPER_17,930000,77,7,4,88,42,35
SUPER_17,940000,30,0,3,33,13,17
SUPER_17,950000,144,14,10,168,69,75
SUPER_17,960000,323,23,29,375,167,156
SUPER_17,970000,132,2,11,145,67,65
SUPER_17,980000,41,1,4,46,22,19
SUPER_17,990000,48,3,1,52,24,24
SUPER_17,1000000,234,18,21,273,117,117
SUPER_17,1010000,233,16,24,273,111,122
SUPER_17,1020000,106,8,3,117,57,49
SUPER_17,1030000,240,15,21,276,121,119
SUPER_17,1040000,218,21,22,261,115,103
SUPER_17,1050000,142,11,16,169,67,75
SUPER_17,1060000,28,4,4,36,10,18
SUPER_17,1070000,28,0,1,29,16,12
SUPER_17,1080000,17,1,1,19,7,10
SUPER_17,1090000,139,7,13,159,74,65
SUPER_17,1100000,281,28,21,330,153,128
SUPER_17,1110000,126,4,5,135,58,68
SUPER_17,1120000,294,26,30,350,140,154
SUPER_17,1130000,190,14,14,218,92,98
SUPER_17,1140000,168,10,12,190,109,59
SUPER_17,1150000,184,9,8,201,87,97
SUPER_17,1160000,132,16,10,158,70,62
SUPER_17,1170000,51,1,5,57,24,27
SUPER_17,1180000,300,23,27,350,147,153
SUPER_17,1190000,176,19,15,210,95,81
SUPER_17,1200000,272,21,23,316,143,129
SUPER_17,1210000,84,9,8,101,42,42
SUPER_17,1220000,190,14,8,212,96,94
SUPER_17,1230000,284,27,13,324,155,129
SUPER_17,1240000,238,17,20,275,125,113
SUPER_17,1250000,126,11,9,146,67,59
SUPER_17,1260000,183,16,19,218,90,93
SUPER_17,1270000,281,18,16,315,140,141
SUPER_17,1280000,271,24,22,317,135,136
SUPER_17,1290000,97,7,8,112,55,42
SUPER_17,1300000,70,5,6,81,41,29
SUPER_17,1310000,130,15,13,158,61,69
SUPER_17,1320000,132,10,16,158,63,69
SUPER_17,1330000,151,19,18,188,81,70
SUPER_17,1340000,48,5,3,56,27,21
SUPER_17,1350000,80,2,5,87,45,35
SUPER_17,1360000,31,3,6,40,16,15
SUPER_17,1370000,94,5,9,108,51,43
SUPER_17,1380000,197,14,16,227,108,89
SUPER_17,1390000,113,7,9,129,54,59
SUPER_17,1400000,122,14,8,144,61,61
SUPER_17,1410000,30,2,3,35,17,13
SUPER_17,1420000,71,10,5,86,40,31
SUPER_17,1430000,59,7,7,73,36,23
SUPER_17,1440000,169,13,16,198,94,75
SUPER_17,1450000,70,9,4,83,38,32
SUPER_17,1460000,131,13,13,157,75,56
SUPER_17,1470000,208,19,18,245,104,104
SUPER_17,1480000,203,18,22,243,103,100
SUPER_17,1490000,207,18,24,249,95,112
SUPER_17,1500000,245,20,23,288,133,112
SUPER_17,1510000,229,16,20,265,113,116
SUPER_17,1520000,162,14,20,196,90,72
SUPER_17,1530000,110,7,4,121,57,53
SUPER_17,1540000,50,3,1,54,30,20
SUPER_17,1550000,40,5,2,47,21,19
SUPER_17,1560000,65,7,8,80,32,33
SUPER_17,1570000,246,26,17,289,118,128
SUPER_17,1580000,171,16,18,205,78,93
SUPER_17,1590000,78,6,6,90,29,49
SUPER_17,1600000,162,14,14,190,89,73
SUPER_17,1610000,206,16,11,233,93,113
SUPER_17,1620000,89,10,7,106,37,52
SUPER_17,1630000,77,1,8,86,38,39
SUPER_17,1640000,71,7,8,86,40,31
SUPER_17,1650000,268,15,22,305,128,140
SUPER_17,1660000,217,17,20,254,99,118
SUPER_17,1670000,136,12,10,158,63,73
SUPER_17,1680000,180,20,22,222,81,99
SUPER_17,1690000,218,21,16,255,110,108
SUPER_17,1700000,177,13,16,206,84,93
SUPER_17,1710000,191,14,17,222,103,88
SUPER_17,1720000,180,15,24,219,97,83
SUPER_17,1730000,160,18,14,192,91,69
SUPER_17,1740000,244,24,24,292,116,128
SUPER_17,1750000,303,22,26,351,144,159
SUPER_17,1760000,330,23,19,372,147,183
SUPER_17,1770000,330,24,26,380,165,165
SUPER_17,1780000,263,18,24,305,132,131
SUPER_17,1790000,229,15,19,263,116,113
SUPER_17,1800000,193,14,8,215,96,97
SUPER_17,1810000,268,20,24,312,138,130
SUPER_17,1820000,58,3,7,68,36,22
SUPER_17,1830000,151,9,12,172,69,82
SUPER_17,1840000,277,23,25,325,145,132
SUPER_17,1850000,302,23,28,353,164,138
SUPER_17,1860000,165,9,23,197,84,81
SUPER_17,1870000,342,26,39,407,172,170
SUPER_17,1880000,156,21,13,190,80,76
SUPER_17,1890000,123,14,8,145,68,55
SUPER_17,1900000,154,10,6,170,87,67
SUPER_17,1910000,96,9,6,111,37,59
SUPER_17,1920000,151,2,7,160,83,68
SUPER_17,1930000,215,20,19,254,104,111
SUPER_17,1940000,0,0,0,0,0,0
SUPER_17,1950000,0,0,0,0,0,0
SUPER_17,1960000,0,0,0,0,0,0
SUPER_17,1970000,0,0,0,0,0,0
SUPER_17,1980000,296,20,25,341,153,143
SUPER_17,1990000,198,18,23,239,106,92
SUPER_17,2000000,116,13,12,141,59,57
SUPER_17,2010000,9,0,0,9,3,6
SUPER_17,2020000,26,2,2,30,16,10
SUPER_17,2030000,47,2,7,56,25,22
SUPER_17,2040000,252,26,16,294,132,120
SUPER_17,2050000,307,24,22,353,150,157
SUPER_17,2060000,249,21,22,292,129,120
SUPER_17,2070000,188,16,13,217,105,83
SUPER_17,2080000,236,20,25,281,114,122
SUPER_17,2090000,355,29,26,410,174,181
SUPER_17,2100000,241,28,25,294,121,120
SUPER_17,2110000,318,23,29,370,162,156
SUPER_17,2120000,286,26,35,347,142,144
SUPER_17,2130000,296,29,27,352,153,143
SUPER_17,2140000,220,20,22,262,111,109
SUPER_17,2150000,94,6,6,106,46,48
SUPER_17,2160000,32,5,4,41,16,16
SUPER_17,2170000,87,7,5,99,47,40
SUPER_17,2180000,167,19,18,204,80,87
SUPER_17,2190000,159,14,15,188,75,84
SUPER_17,2200000,163,12,10,185,106,57
SUPER_17,2210000,151,11,8,170,70,81
SUPER_17,2220000,248,12,20,280,121,127
SUPER_17,2230000,160,8,13,181,81,79
SUPER_17,2240000,147,14,8,169,66,81
SUPER_17,2250000,240,19,15,274,118,122
SUPER_17,2260000,261,15,16,292,131,130
SUPER_17,2270000,134,9,7,150,61,73
SUPER_17,2280000,153,8,8,169,93,60
SUPER_17,2290000,79,4,1,84,41,38
SUPER_17,2300000,236,26,20,282,120,116
SUPER_17,2310000,212,10,24,246,108,104
SUPER_17,2320000,222,22,24,268,110,112
SUPER_17,2330000,170,8,15,193,91,79
SUPER_17,2340000,205,29,24,258,108,97
SUPER_17,2350000,114,10,17,141,52,62
SUPER_17,2360000,202,26,24,252,93,109
SUPER_17,2370000,184,6,22,212,105,79
SUPER_17,2380000,149,8,13,170,78,71
SUPER_17,2390000,253,17,16,286,130,123
SUPER_17,2400000,308,21,25,354,160,148
SUPER_17,2410000,186,12,18,216,99,87
SUPER_17,2420000,150,8,14,172,96,54
SUPER_17,2430000,224,23,17,264,105,119
SUPER_17,2440000,221,26,26,273,113,108
SUPER_17,2450000,304,15,30,349,150,154
SUPER_17,2460000,131,12,9,152,72,59
SUPER_17,2470000,117,9,16,142,55,62
SUPER_17,2480000,103,5,7,115,52,51
SUPER_17,2490000,137,12,15,164,78,59
SUPER_17,2500000,251,21,18,290,131,120
SUPER_17,2510000,147,15,12,174,82,65
SUPER_17,2520000,36,3,1,40,19,17
SUPER_17,2530000,136,15,12,163,71,65
SUPER_17,2540000,11,1,1,13,3,8
SUPER_17,2550000,137,18,7,162,72,65
SUPER_17,2560000,90,13,2,105,44,46
SUPER_17,2570000,111,6,13,130,58,53
SUPER_17,2580000,229,16,24,269,124,105
SUPER_17,2590000,111,9,7,127,61,50
SUPER_17,2600000,172,15,8,195,91,81
SUPER_17,2610000,246,28,25,299,116,130
SUPER_17,2620000,177,11,16,204,97,80
SUPER_17,2630000,153,15,8,176,72,81
SUPER_17,2640000,148,17,12,177,70,78
SUPER_17,2650000,135,15,13,163,71,64
SUPER_17,2660000,228,14,25,267,111,117
SUPER_17,2670000,43,6,4,53,18,25
SUPER_17,2680000,183,20,10,213,90,93
SUPER_17,2690000,98,7,13,118,51,47
SUPER_17,2700000,100,16,9,125,55,45
SUPER_17,2710000,207,14,19,240,110,97
SUPER_17,2720000,192,21,12,225,80,112
SUPER_17,2730000,272,21,21,314,143,129
SUPER_17,2740000,266,22,31,319,122,144
SUPER_17,2750000,209,14,15,238,119,90
SUPER_17,2760000,100,5,9,114,49,51
SUPER_17,2770000,257,21,18,296,134,123
SUPER_17,2780000,247,16,16,279,122,125
SUPER_17,2790000,83,7,4,94,47,36
SUPER_17,2800000,183,5,15,203,105,78
SUPER_17,2810000,159,10,11,180,89,70
SUPER_17,2820000,5,1,0,6,2,3
SUPER_17,2830000,119,17,14,150,53,66
SUPER_17,2840000,111,4,6,121,52,59
SUPER_17,2850000,188,10,12,210,105,83
SUPER_17,2860000,0,0,0,0,0,0
SUPER_17,2870000,0,0,0,0,0,0
SUPER_17,2880000,175,10,21,206,88,87
SUPER_17,2890000,148,7,14,169,73,75
SUPER_17,2900000,183,7,22,212,85,98
SUPER_17,2910000,30,5,2,37,16,14
SUPER_17,2920000,38,2,4,44,16,22
SUPER_17,2930000,164,17,15,196,78,86
SUPER_17,2940000,297,28,21,346,157,140
SUPER_17,2950000,216,16,25,257,120,96
SUPER_17,2960000,60,11,7,78,31,29
SUPER_17,2970000,165,11,14,190,85,80
SUPER_17,2980000,119,8,5,132,59,60
SUPER_17,2990000,0,0,0,0,0,0
SUPER_17,3000000,0,0,0,0,0,0
SUPER_17,3010000,0,0,0,0,0,0
SUPER_17,3020000,75,3,6,84,44,31
SUPER_17,3030000,0,0,0,0,0,0
SUPER_17,3040000,0,0,0,0,0,0
SUPER_17,3050000,0,0,0,0,0,0
SUPER_17,3060000,0,0,0,0,0,0
SUPER_17,3070000,0,0,0,0,0,0
SUPER_17,3080000,0,0,0,0,0,0
SUPER_17,3090000,0,0,0,0,0,0
SUPER_17,3100000,0,0,0,0,0,0
SUPER_17,3110000,0,0,0,0,0,0
SUPER_17,3120000,170,21,18,209,85,85
SUPER_17,3130000,97,8,11,116,49,48
SUPER_17,3140000,31,4,2,37,17,14
SUPER_17,3150000,11,2,1,14,6,5
SUPER_17,3160000,0,0,0,0,0,0
SUPER_17,3170000,0,0,0,0,0,0
SUPER_17,3180000,0,0,0,0,0,0
SUPER_17,3190000,0,0,0,0,0,0
SUPER_17,3200000,0,0,0,0,0,0
SUPER_17,3210000,0,0,0,0,0,0
SUPER_17,3220000,0,0,0,0,0,0
SUPER_17,3230000,0,0,0,0,0,0
SUPER_17,3240000,0,0,0,0,0,0
SUPER_17,3250000,0,0,0,0,0,0
SUPER_17,3260000,41,6,5,52,20,21
SUPER_17,3270000,212,10,7,229,111,101
SUPER_17,3280000,78,14,8,100,44,34
SUPER_17,3290000,113,5,2,120,62,51
SUPER_17,3300000,0,0,0,0,0,0
SUPER_17,3310000,0,0,0,0,0,0
SUPER_17,3320000,0,0,0,0,0,0
SUPER_17,3330000,148,4,9,161,83,65
SUPER_17,3340000,1,0,3,4,0,1
SUPER_17,3350000,41,6,8,55,20,21
SUPER_17,3360000,3,1,0,4,1,2
SUPER_17,3370000,2,1,1,4,0,2
SUPER_17,3380000,119,6,12,137,79,40
SUPER_17,3390000,28,2,3,33,14,14
SUPER_17,3400000,107,16,7,130,48,59
SUPER_17,3410000,120,10,9,139,60,60
SUPER_17,3420000,189,13,13,215,96,93
SUPER_17,3430000,38,6,3,47,24,14
SUPER_17,3440000,42,2,2,46,17,25
SUPER_17,3450000,36,3,4,43,15,21
SUPER_17,3460000,39,2,1,42,17,22
SUPER_17,3470000,15,2,2,19,8,7
SUPER_17,3480000,14,1,0,15,8,6
SUPER_17,3490000,6,1,2,9,3,3
SUPER_17,3500000,36,3,5,44,18,18
SUPER_17,3510000,42,2,4,48,20,22
SUPER_17,3520000,33,6,2,41,21,12
SUPER_17,3530000,27,1,2,30,13,14
SUPER_17,3540000,9,2,3,14,4,5
SUPER_17,3550000,32,4,3,39,21,11
SUPER_17,3560000,134,9,9,152,66,68
SUPER_17,3570000,52,5,3,60,25,27
SUPER_17,3580000,34,2,1,37,18,16
SUPER_17,3590000,17,0,0,17,10,7
SUPER_17,3600000,98,5,4,107,51,47
SUPER_17,3610000,47,3,2,52,19,28
SUPER_17,3620000,85,7,7,99,45,40
SUPER_17,3630000,34,3,4,41,16,18
SUPER_17,3640000,76,11,7,94,33,43
SUPER_17,3650000,120,9,7,136,66,54
SUPER_17,3660000,201,18,15,234,103,98
SUPER_17,3670000,243,16,16,275,119,124
SUPER_17,3680000,141,14,20,175,73,68
SUPER_17,3690000,313,15,19,347,180,133
SUPER_17,3700000,267,20,23,310,145,122
SUPER_17,3710000,243,24,10,277,107,136
SUPER_17,3720000,196,23,11,230,98,98
SUPER_17,3730000,231,15,39,285,109,122
SUPER_17,3740000,189,20,15,224,94,95
SUPER_17,3750000,106,6,10,122,52,54
SUPER_17,3760000,41,1,2,44,25,16
SUPER_17,3770000,141,12,20,173,63,78
SUPER_17,3780000,255,13,16,284,132,123
SUPER_17,3790000,210,15,22,247,103,107
SUPER_17,3800000,245,18,15,278,134,111
SUPER_17,3810000,65,6,5,76,37,28
SUPER_17,3820000,112,4,8,124,50,62
SUPER_17,3830000,175,12,14,201,95,80
SUPER_17,3840000,169,16,14,199,103,66
SUPER_17,3850000,107,7,14,128,58,49
SUPER_17,3860000,187,19,19,225,97,90
SUPER_17,3870000,182,12,9,203,82,100
SUPER_17,3880000,3,0,0,3,1,2
SUPER_17,3890000,67,4,11,82,32,35
SUPER_17,3900000,218,22,10,250,122,96
SUPER_17,3910000,196,14,16,226,84,112
SUPER_17,3920000,113,7,6,126,65,48
SUPER_17,3930000,35,3,2,40,24,11
SUPER_17,3940000,106,12,15,133,57,49
SUPER_17,3950000,166,8,15,189,83,83
SUPER_17,3960000,65,4,6,75,27,38
SUPER_17,3970000,82,8,11,101,34,48
SUPER_17,3980000,32,1,2,35,15,17
SUPER_17,3990000,66,10,6,82,31,35
SUPER_17,4000000,235,28,29,292,111,124
SUPER_17,4010000,235,24,29,288,118,117
SUPER_17,4020000,206,22,25,253,102,104
SUPER_17,4030000,112,12,5,129,49,63
SUPER_17,4040000,104,13,9,126,51,53
SUPER_17,4050000,174,10,19,203,83,91
SUPER_17,4060000,160,14,11,185,76,84
SUPER_17,4070000,252,23,23,298,132,120
SUPER_17,4080000,87,3,6,96,47,40
SUPER_17,4090000,276,15,26,317,145,131
SUPER_17,4100000,309,25,24,358,146,163
SUPER_17,4110000,158,6,16,180,78,80
SUPER_17,4120000,124,5,9,138,67,57
SUPER_17,4130000,35,1,1,37,22,13
SUPER_17,4140000,79,6,2,87,37,42
SUPER_17,4150000,66,3,8,77,30,36
SUPER_17,4160000,211,29,18,258,108,103
SUPER_17,4170000,304,17,22,343,162,142
SUPER_17,4180000,232,27,20,279,118,114
SUPER_17,4190000,226,29,25,280,108,118
SUPER_17,4200000,113,15,14,142,51,62
SUPER_17,4210000,92,8,6,106,54,38
SUPER_17,4220000,182,22,17,221,95,87
SUPER_17,4230000,167,20,20,207,90,77
SUPER_17,4240000,66,5,7,78,28,38
SUPER_17,4250000,70,4,3,77,35,35
SUPER_17,4260000,211,16,19,246,110,101
SUPER_17,4270000,337,18,30,385,172,165
SUPER_17,4280000,157,13,26,196,90,67
SUPER_17,4290000,238,14,18,270,134,104
SUPER_17,4300000,198,20,18,236,108,90
SUPER_17,4310000,193,25,24,242,99,94
SUPER_17,4320000,138,17,10,165,82,56
SUPER_17,4330000,165,19,21,205,73,92
SUPER_17,4340000,123,9,11,143,60,63
SUPER_17,4350000,243,16,21,280,117,126
SUPER_17,4360000,94,9,12,115,54,40
SUPER_17,4370000,176,9,20,205,90,86
SUPER_17,4380000,172,12,18,202,87,85
SUPER_17,4390000,159,15,13,187,69,90
SUPER_17,4400000,35,0,4,39,11,24
SUPER_17,4410000,33,1,1,35,20,13
SUPER_17,4420000,112,14,10,136,58,54
SUPER_17,4430000,59,3,4,66,26,33
SUPER_17,4440000,226,17,24,267,115,111
SUPER_17,4450000,207,14,19,240,107,100
SUPER_17,4460000,49,2,3,54,26,23
SUPER_17,4470000,206,8,12,226,113,93
SUPER_17,4480000,270,18,19,307,140,130
SUPER_17,4490000,205,12,22,239,100,105
SUPER_17,4500000,243,19,22,284,110,133
SUPER_17,4510000,214,20,16,250,99,115
SUPER_17,4520000,22,2,1,25,10,12
SUPER_17,4530000,267,11,25,303,135,132
SUPER_17,4540000,317,19,35,371,164,153
SUPER_17,4550000,138,12,11,161,58,80
SUPER_17,4560000,90,5,6,101,50,40
SUPER_17,4570000,89,1,5,95,54,35
SUPER_17,4580000,82,6,4,92,39,43
SUPER_17,4590000,62,1,2,65,39,23
SUPER_17,4600000,158,9,20,187,70,88
SUPER_17,4610000,194,20,19,233,97,97
SUPER_17,4620000,237,11,31,279,126,111
SUPER_17,4630000,272,19,24,315,118,154
SUPER_17,4640000,171,14,34,219,91,80
SUPER_17,4650000,8,0,1,9,5,3
SUPER_17,4660000,121,8,11,140,60,61
SUPER_17,4670000,151,12,13,176,73,78
SUPER_17,4680000,245,23,30,298,111,134
SUPER_17,4690000,163,10,22,195,92,71
SUPER_17,4700000,162,17,22,201,82,80
SUPER_17,4710000,88,5,5,98,49,39
SUPER_17,4720000,139,14,9,162,71,68
SUPER_17,4730000,291,28,26,345,139,152
SUPER_17,4740000,186,17,18,221,97,89
SUPER_17,4750000,201,16,17,234,104,97
SUPER_17,4760000,145,9,16,170,83,62
SUPER_17,4770000,123,9,10,142,51,72
SUPER_17,4780000,140,17,9,166,84,56
SUPER_17,4790000,70,1,1,72,41,29
SUPER_17,4800000,103,9,5,117,51,52
SUPER_17,4810000,110,5,2,117,61,49
SUPER_17,4820000,259,24,17,300,122,137
SUPER_17,4830000,202,13,18,233,112,90
SUPER_17,4840000,269,16,35,320,126,143
SUPER_17,4850000,253,22,26,301,114,139
SUPER_17,4860000,245,19,23,287,125,120
SUPER_17,4870000,102,8,15,125,45,57
SUPER_17,4880000,273,24,23,320,131,142
SUPER_17,4890000,270,21,22,313,132,138
SUPER_17,4900000,17,0,3,20,10,7
SUPER_17,4910000,51,3,6,60,27,24
SUPER_17,4920000,104,10,9,123,58,46
SUPER_17,4930000,201,27,25,253,104,97
SUPER_17,4940000,189,16,9,214,98,91
SUPER_17,4950000,103,8,11,122,40,63
SUPER_17,4960000,94,6,8,108,46,48
SUPER_17,4970000,238,23,19,280,129,109
SUPER_17,4980000,294,24,30,348,145,149
SUPER_17,4990000,204,9,19,232,118,86
SUPER_17,5000000,128,9,12,149,61,67
SUPER_17,5010000,211,14,25,250,116,95
SUPER_17,5020000,208,21,20,249,113,95
SUPER_17,5030000,60,5,9,74,31,29
SUPER_17,5040000,23,1,0,24,11,12
SUPER_17,5050000,55,4,3,62,31,24
SUPER_17,5060000,173,15,13,201,74,99
SUPER_17,5070000,142,10,12,164,64,78
SUPER_17,5080000,200,12,20,232,102,98
SUPER_17,5090000,87,7,2,96,42,45
SUPER_17,5100000,4,1,1,6,2,2
SUPER_17,5110000,46,4,2,52,26,20
SUPER_17,5120000,1,0,1,2,0,1
SUPER_17,5130000,11,1,0,12,2,9
SUPER_17,5140000,98,8,11,117,54,44
SUPER_17,5150000,60,7,7,74,23,37
SUPER_17,5160000,128,10,14,152,72,56
SUPER_17,5170000,203,18,15,236,114,89
SUPER_17,5180000,164,13,18,195,100,64
SUPER_17,5190000,264,17,35,316,118,146
SUPER_17,5200000,149,15,15,179,77,72
SUPER_17,5210000,66,5,5,76,34,32
SUPER_17,5220000,172,14,11,197,82,90
SUPER_17,5230000,160,18,18,196,78,82
SUPER_17,5240000,66,5,4,75,36,30
SUPER_17,5250000,133,12,12,157,66,67
SUPER_17,5260000,156,15,8,179,77,79
SUPER_17,5270000,153,14,12,179,75,78
SUPER_17,5280000,179,16,12,207,89,90
SUPER_17,5290000,35,4,5,44,22,13
SUPER_17,5300000,67,6,7,80,38,29
SUPER_17,5310000,118,11,15,144,56,62
SUPER_17,5320000,149,18,12,179,84,65
SUPER_17,5330000,170,16,15,201,101,69
SUPER_17,5340000,201,18,18,237,97,104
SUPER_17,5350000,171,15,17,203,85,86
SUPER_17,5360000,211,24,20,255,104,107
SUPER_17,5370000,68,2,5,75,39,29
SUPER_17,5380000,97,13,6,116,54,43
SUPER_17,5390000,41,3,6,50,21,20
SUPER_17,5400000,178,9,23,210,85,93
SUPER_17,5410000,115,12,11,138,57,58
SUPER_17,5420000,123,10,10,143,55,68
SUPER_17,5430000,166,12,14,192,86,80
SUPER_17,5440000,169,22,25,216,73,96
SUPER_17,5450000,195,21,21,237,83,112
SUPER_17,5460000,86,7,17,110,42,44
SUPER_17,5470000,170,15,16,201,80,90
SUPER_17,5480000,145,17,20,182,78,67
SUPER_17,5490000,69,1,9,79,35,34
SUPER_17,5500000,119,6,10,135,59,60
SUPER_17,5510000,134,15,12,161,68,66
SUPER_17,5520000,240,14,18,272,102,138
SUPER_17,5530000,93,8,3,104,35,58
SUPER_17,5540000,102,11,22,135,54,48
SUPER_17,5550000,166,9,18,193,82,84
SUPER_17,5560000,135,13,14,162,69,66
SUPER_17,5570000,188,13,18,219,96,92
SUPER_17,5580000,153,14,15,182,67,86
SUPER_17,5590000,141,12,14,167,64,77
SUPER_17,5600000,269,21,18,308,134,135
SUPER_17,5610000,0,0,0,0,0,0
SUPER_17,5620000,0,0,0,0,0,0
SUPER_17,5630000,0,0,0,0,0,0
SUPER_17,5640000,0,0,0,0,0,0
SUPER_17,5650000,105,6,12,123,50,55
SUPER_17,5660000,76,4,5,85,38,38
SUPER_17,5670000,174,15,14,203,93,81
SUPER_17,5680000,211,24,21,256,116,95
SUPER_17,5690000,286,23,23,332,138,148
SUPER_17,5700000,277,17,15,309,147,130
SUPER_17,5710000,194,17,16,227,105,89
SUPER_17,5720000,110,8,13,131,56,54
SUPER_17,5730000,124,9,10,143,66,58
SUPER_17,5740000,107,13,10,130,47,60
SUPER_17,5750000,7,0,0,7,4,3
SUPER_17,5760000,89,5,7,101,40,49
SUPER_17,5770000,192,17,16,225,92,100
SUPER_17,5780000,81,4,8,93,38,43
SUPER_17,5790000,111,10,9,130,54,57
SUPER_17,5800000,179,16,14,209,90,89
SUPER_17,5810000,127,14,12,153,69,58
SUPER_17,5820000,170,20,17,207,91,79
SUPER_17,5830000,125,23,10,158,72,53
SUPER_17,5840000,287,31,32,350,145,142
SUPER_17,5850000,176,16,15,207,85,91
SUPER_17,5860000,103,5,4,112,58,45
SUPER_17,5870000,130,6,11,147,78,52
SUPER_17,5880000,147,11,16,174,64,83
SUPER_17,5890000,181,12,22,215,90,91
SUPER_17,5900000,185,10,21,216,86,99
SUPER_17,5910000,172,15,37,224,77,95
SUPER_17,5920000,284,18,37,339,146,138
SUPER_17,5930000,143,16,18,177,65,78
SUPER_17,5940000,274,20,13,307,128,146
SUPER_17,5950000,277,20,27,324,120,157
SUPER_17,5960000,299,30,31,360,158,141
SUPER_17,5970000,190,16,10,216,105,85
SUPER_17,5980000,130,5,3,138,77,53
SUPER_17,5990000,214,19,24,257,114,100
SUPER_17,6000000,204,12,23,239,111,93
SUPER_17,6010000,113,7,13,133,57,56
SUPER_17,6020000,133,7,16,156,68,65
SUPER_17,6030000,214,14,18,246,119,95
SUPER_17,6040000,207,13,25,245,101,106
SUPER_17,6050000,289,19,33,341,132,157
SUPER_17,6060000,292,26,20,338,137,155
SUPER_17,6070000,234,24,19,277,115,119
SUPER_17,6080000,202,12,15,229,99,103
SUPER_17,6090000,194,17,14,225,101,93
SUPER_17,6100000,209,11,23,243,123,86
SUPER_17,6110000,189,17,21,227,100,89
SUPER_17,6120000,263,24,26,313,132,131
SUPER_17,6130000,244,20,28,292,129,115
SUPER_17,6140000,254,26,23,303,124,130
SUPER_17,6150000,190,21,16,227,96,94
SUPER_17,6160000,161,15,13,189,78,83
SUPER_17,6170000,76,6,10,92,35,41
SUPER_17,6180000,139,9,15,163,68,71
SUPER_17,6190000,129,10,10,149,76,53
SUPER_17,6200000,151,6,18,175,69,82
SUPER_17,6210000,186,23,12,221,100,86
SUPER_17,6220000,253,19,20,292,128,125
SUPER_17,6230000,133,21,13,167,63,70
SUPER_17,6240000,195,10,17,222,105,90
SUPER_17,6250000,276,28,23,327,131,145
SUPER_17,6260000,169,22,22,213,70,99
SUPER_17,6270000,261,37,22,320,129,132
SUPER_17,6280000,117,10,15,142,53,64
SUPER_17,6290000,148,13,29,190,72,76
SUPER_17,6300000,171,10,10,191,97,74
SUPER_17,6310000,186,16,21,223,111,75
SUPER_17,6320000,273,27,25,325,119,154
SUPER_17,6330000,102,7,12,121,47,55
SUPER_17,6340000,249,23,20,292,131,118
SUPER_17,6350000,223,15,35,273,118,105
SUPER_17,6360000,226,24,28,278,101,125
SUPER_17,6370000,48,3,2,53,22,26
SUPER_17,6380000,73,4,6,83,36,37
SUPER_17,6390000,140,7,9,156,75,65
SUPER_17,6400000,234,22,20,276,128,106
SUPER_17,6410000,270,26,25,321,137,133
SUPER_17,6420000,0,1,0,1,0,0
SUPER_17,6430000,29,3,2,34,12,17
SUPER_17,6440000,205,16,23,244,104,101
SUPER_17,6450000,201,6,10,217,124,77
SUPER_17,6460000,225,11,20,256,106,119
SUPER_17,6470000,169,10,12,191,66,103
SUPER_17,6480000,97,8,10,115,46,51
SUPER_17,6490000,73,6,6,85,38,35
SUPER_17,6500000,73,8,6,87,44,29
SUPER_17,6510000,241,17,22,280,114,127
SUPER_17,6520000,158,11,14,183,86,72
SUPER_17,6530000,126,10,17,153,55,71
SUPER_17,6540000,198,20,10,228,95,103
SUPER_17,6550000,206,17,18,241,109,97
SUPER_17,6560000,190,23,21,234,104,86
SUPER_17,6570000,220,29,35,284,93,127
SUPER_17,6580000,139,19,15,173,65,74
SUPER_17,6590000,159,19,18,196,82,77
SUPER_17,6600000,169,11,12,192,78,91
SUPER_17,6610000,222,22,21,265,111,111
SUPER_17,6620000,171,8,12,191,74,97
SUPER_17,6630000,114,9,7,130,61,53
SUPER_17,6640000,159,20,15,194,83,76
SUPER_17,6650000,115,8,7,130,51,64
SUPER_17,6660000,64,7,3,74,40,24
SUPER_17,6670000,88,9,11,108,41,47
SUPER_17,6680000,150,8,17,175,72,78
SUPER_17,6690000,249,22,38,309,113,136
SUPER_17,6700000,173,18,16,207,100,73
SUPER_17,6710000,201,19,14,234,100,101
SUPER_17,6720000,158,12,14,184,89,69
SUPER_17,6730000,211,21,14,246,101,110
SUPER_17,6740000,106,10,10,126,61,45
SUPER_17,6750000,139,15,19,173,71,68
SUPER_17,6760000,175,19,11,205,91,84
SUPER_17,6770000,105,14,9,128,50,55
SUPER_17,6780000,161,12,23,196,75,86
SUPER_17,6790000,139,18,10,167,66,73
SUPER_17,6800000,249,16,16,281,128,121
SUPER_17,6810000,194,22,17,233,105,89
SUPER_17,6820000,259,32,20,311,127,132
SUPER_17,6830000,218,19,24,261,115,103
SUPER_17,6840000,100,8,8,116,52,48
SUPER_17,6850000,81,6,11,98,41,40
SUPER_17,6860000,131,18,18,167,54,77
SUPER_17,6870000,55,3,5,63,28,27
SUPER_17,6880000,147,10,21,178,59,88
SUPER_17,6890000,166,18,22,206,68,98
SUPER_17,6900000,161,24,23,208,81,80
SUPER_17,6910000,156,13,18,187,74,82
SUPER_17,6920000,138,14,14,166,76,62
SUPER_17,6930000,70,6,7,83,31,39
SUPER_17,6940000,239,19,29,287,115,124
SUPER_17,6950000,118,12,6,136,63,55
SUPER_17,6960000,180,13,19,212,92,88
SUPER_17,6970000,207,21,16,244,95,112
SUPER_17,6980000,261,20,17,298,121,140
SUPER_17,6990000,205,15,18,238,107,98
SUPER_17,7000000,203,18,29,250,98,105
SUPER_17,7010000,137,10,20,167,69,68
SUPER_17,7020000,106,9,3,118,63,43
SUPER_17,7030000,109,9,8,126,55,54
SUPER_17,7040000,162,12,15,189,83,79
SUPER_17,7050000,185,25,20,230,82,103
SUPER_17,7060000,115,9,8,132,67,48
SUPER_17,7070000,203,15,25,243,88,115
SUPER_17,7080000,31,1,3,35,19,12
SUPER_17,7090000,116,5,15,136,52,64
SUPER_17,7100000,51,3,5,59,27,24
SUPER_17,7110000,25,1,1,27,14,11
SUPER_17,7120000,166,14,14,194,92,74
SUPER_17,7130000,65,3,8,76,35,30
SUPER_17,7140000,85,8,13,106,42,43
SUPER_17,7150000,191,22,24,237,92,99
SUPER_17,7160000,123,10,4,137,56,67
SUPER_17,7170000,229,16,13,258,137,92
SUPER_17,7180000,40,2,5,47,22,18
SUPER_17,7190000,194,15,17,226,103,91
SUPER_17,7200000,183,16,16,215,97,86
SUPER_17,7210000,146,5,6,157,71,75
SUPER_17,7220000,116,10,6,132,56,60
SUPER_17,7230000,117,12,19,148,58,59
SUPER_17,7240000,243,14,20,277,121,122
SUPER_17,7250000,206,18,20,244,104,102
SUPER_17,7260000,223,21,15,259,116,107
SUPER_17,7270000,260,18,22,300,132,128
SUPER_17,7280000,130,11,8,149,65,65
SUPER_17,7290000,134,7,10,151,64,70
SUPER_17,7300000,226,20,16,262,116,110
SUPER_17,7310000,122,14,8,144,68,54
SUPER_17,7320000,122,8,11,141,71,51
SUPER_17,7330000,43,1,0,44,20,23
SUPER_17,7340000,87,8,7,102,48,39
SUPER_17,7350000,40,0,8,48,23,17
SUPER_17,7360000,146,13,10,169,80,66
SUPER_17,7370000,183,20,22,225,87,96
SUPER_17,7380000,301,26,22,349,129,172
SUPER_17,7390000,159,11,12,182,88,71
SUPER_17,7400000,60,4,6,70,26,34
SUPER_17,7410000,2,0,0,2,2,0
SUPER_17,7420000,111,8,14,133,57,54
SUPER_17,7430000,220,15,17,252,117,103
SUPER_17,7440000,66,6,8,80,30,36
SUPER_17,7450000,116,11,11,138,65,51
SUPER_17,7460000,194,13,17,224,94,100
SUPER_17,7470000,242,16,24,282,127,115
SUPER_17,7480000,153,10,10,173,93,60
SUPER_17,7490000,176,8,7,191,95,81
SUPER_17,7500000,123,10,3,136,68,55
SUPER_17,7510000,209,22,20,251,106,103
SUPER_17,7520000,252,15,30,297,119,133
SUPER_17,7530000,151,8,9,168,66,85
SUPER_17,7540000,234,17,21,272,123,111
SUPER_17,7550000,142,9,9,160,77,65
SUPER_17,7560000,102,12,7,121,42,60
SUPER_17,7570000,210,13,27,250,102,108
SUPER_17,7580000,368,29,42,439,182,186
SUPER_17,7590000,48,2,1,51,27,21
SUPER_17,7600000,36,4,1,41,22,14
SUPER_17,7610000,113,7,7,127,50,63
SUPER_17,7620000,214,12,20,246,116,98
SUPER_17,7630000,155,7,9,171,78,77
SUPER_17,7640000,135,12,14,161,75,60
SUPER_17,7650000,140,6,16,162,79,61
SUPER_17,7660000,116,13,18,147,59,57
SUPER_17,7670000,151,14,19,184,78,73
SUPER_17,7680000,200,20,10,230,95,105
SUPER_17,7690000,189,9,16,214,91,98
SUPER_17,7700000,89,9,10,108,40,49
SUPER_17,7710000,148,10,21,179,80,68
SUPER_17,7720000,104,9,11,124,41,63
SUPER_17,7730000,176,25,18,219,79,97
SUPER_17,7740000,161,18,19,198,88,73
SUPER_17,7750000,280,19,34,333,128,152
SUPER_17,7760000,250,25,23,298,130,120
SUPER_17,7770000,231,11,24,266,114,117
SUPER_17,7780000,60,5,9,74,29,31
SUPER_17,7790000,73,5,3,81,43,30
SUPER_17,7800000,137,18,6,161,61,76
SUPER_17,7810000,268,20,26,314,131,137
SUPER_17,7820000,228,21,17,266,114,114
SUPER_17,7830000,159,20,11,190,93,66
SUPER_17,7840000,90,5,6,101,35,55
SUPER_17,7850000,82,6,7,95,43,39
SUPER_17,7860000,46,4,8,58,27,19
SUPER_17,7870000,58,5,10,73,27,31
SUPER_17,7880000,48,4,2,54,25,23
SUPER_17,7890000,58,5,4,67,31,27
SUPER_17,7900000,8,0,2,10,4,4
SUPER_17,7910000,20,2,6,28,13,7
SUPER_17,7920000,57,5,6,68,26,31
SUPER_17,7930000,55,4,1,60,29,26
SUPER_17,7940000,70,3,7,80,36,34
SUPER_17,7950000,85,6,9,100,35,50
SUPER_17,7960000,85,9,11,105,49,36
SUPER_17,7970000,247,17,16,280,135,112
SUPER_17,7980000,161,12,21,194,89,72
SUPER_17,7990000,73,5,6,84,35,38
SUPER_17,8000000,90,12,9,111,51,39
SUPER_17,8010000,87,2,7,96,37,50
SUPER_17,8020000,125,8,9,142,68,57
SUPER_17,8030000,47,4,5,56,29,18
SUPER_17,8040000,218,25,17,260,95,123
SUPER_17,8050000,270,20,19,309,134,136
SUPER_17,8060000,84,8,13,105,43,41
SUPER_17,8070000,67,6,8,81,31,36
SUPER_17,8080000,21,0,5,26,11,10
SUPER_17,8090000,159,11,13,183,85,74
SUPER_17,8100000,267,20,21,308,152,115
SUPER_17,8110000,97,5,8,110,49,48
SUPER_17,8120000,259,24,21,304,126,133
SUPER_17,8130000,119,14,14,147,61,58
SUPER_17,8140000,168,17,12,197,89,79
SUPER_17,8150000,179,17,20,216,107,72
SUPER_17,8160000,118,8,12,138,61,57
SUPER_17,8170000,123,12,11,146,74,49
SUPER_17,8180000,90,6,8,104,43,47
SUPER_17,8190000,125,9,8,142,71,54
SUPER_17,8200000,107,8,11,126,48,59
SUPER_17,8210000,214,15,17,246,100,114
SUPER_17,8220000,140,10,14,164,75,65
SUPER_17,8230000,228,15,8,251,125,103
SUPER_17,8240000,41,2,3,46,20,21
SUPER_17,8250000,106,9,9,124,52,54
SUPER_17,8260000,109,3,18,130,51,58
SUPER_17,8270000,196,15,21,232,109,87
SUPER_17,8280000,36,0,4,40,20,16
SUPER_17,8290000,43,1,4,48,21,22
SUPER_17,8300000,118,11,10,139,69,49
SUPER_17,8310000,176,13,17,206,94,82
SUPER_17,8320000,147,7,10,164,83,64
SUPER_17,8330000,133,6,17,156,80,53
SUPER_17,8340000,190,17,17,224,100,90
SUPER_17,8350000,305,30,21,356,161,144
SUPER_17,8360000,104,10,12,126,60,44
SUPER_17,8370000,141,12,5,158,73,68
SUPER_17,8380000,180,18,12,210,100,80
SUPER_17,8390000,264,20,19,303,133,131
SUPER_17,8400000,235,18,30,283,123,112
SUPER_17,8410000,138,11,18,167,65,73
SUPER_17,8420000,145,13,12,170,70,75
SUPER_17,8430000,220,19,19,258,102,118
SUPER_17,8440000,128,17,9,154,67,61
SUPER_17,8450000,126,12,11,149,62,64
SUPER_17,8460000,161,16,19,196,91,70
SUPER_17,8470000,201,20,26,247,101,100
SUPER_17,8480000,167,12,15,194,78,89
SUPER_17,8490000,195,16,18,229,108,87
SUPER_17,8500000,94,3,5,102,51,43
SUPER_17,8510000,46,4,4,54,21,25
SUPER_17,8520000,121,10,2,133,58,63
SUPER_17,8530000,157,7,15,179,82,75
SUPER_17,8540000,109,4,10,123,50,59
SUPER_17,8550000,170,22,19,211,92,78
SUPER_17,8560000,247,25,23,295,121,126
SUPER_17,8570000,208,15,16,239,103,105
SUPER_17,8580000,298,28,31,357,127,171
SUPER_17,8590000,311,35,29,375,152,159
SUPER_17,8600000,121,11,7,139,64,57
SUPER_17,8610000,46,5,1,52,24,22
SUPER_17,8620000,240,23,16,279,120,120
SUPER_17,8630000,34,1,5,40,14,20
SUPER_17,8640000,96,4,3,103,56,40
SUPER_17,8650000,242,24,18,284,128,114
SUPER_17,8660000,246,24,26,296,132,114
SUPER_17,8670000,77,6,12,95,40,37
SUPER_17,8680000,165,9,18,192,75,90
SUPER_17,8690000,148,14,13,175,64,84
SUPER_17,8700000,162,15,16,193,94,68
SUPER_17,8710000,153,8,12,173,81,72
SUPER_17,8720000,123,13,9,145,65,58
SUPER_17,8730000,146,13,19,178,61,85
SUPER_17,8740000,187,10,17,214,84,103
SUPER_17,8750000,152,11,14,177,76,76
SUPER_17,8760000,89,10,10,109,46,43
SUPER_17,8770000,131,13,9,153,75,56
SUPER_17,8780000,207,15,9,231,116,91
SUPER_17,8790000,75,7,3,85,36,39
SUPER_17,8800000,115,8,13,136,67,48
SUPER_17,8810000,69,4,11,84,42,27
SUPER_17,8820000,22,0,0,22,8,14
SUPER_17,8830000,116,16,12,144,50,66
SUPER_17,8840000,189,10,16,215,95,94
SUPER_17,8850000,274,19,22,315,147,126
SUPER_17,8860000,0,0,0,0,0,0
SUPER_17,8870000,0,0,0,0,0,0
SUPER_17,8880000,0,0,0,0,0,0
SUPER_17,8890000,0,0,0,0,0,0
SUPER_17,8900000,0,0,0,0,0,0
SUPER_17,8910000,0,0,0,0,0,0
SUPER_17,8920000,0,0,0,0,0,0
SUPER_17,8930000,221,15,25,261,105,116
SUPER_17,8940000,0,0,0,0,0,0
SUPER_17,8950000,0,0,0,0,0,0
SUPER_17,8960000,0,0,0,0,0,0
SUPER_17,8970000,229,17,19,265,130,99
SUPER_17,8980000,0,0,0,0,0,0
SUPER_17,8990000,0,0,0,0,0,0
SUPER_17,9000000,0,0,0,0,0,0
SUPER_17,9010000,197,13,11,221,93,104
SUPER_17,9020000,0,0,0,0,0,0
SUPER_17,9030000,0,0,0,0,0,0
SUPER_17,9040000,0,0,0,0,0,0
SUPER_17,9050000,0,0,0,0,0,0
SUPER_17,9060000,33,3,1,37,19,14
SUPER_17,9070000,0,0,0,0,0,0
SUPER_17,9080000,0,0,0,0,0,0
SUPER_17,9090000,0,0,0,0,0,0
SUPER_17,9100000,0,0,0,0,0,0
SUPER_17,9110000,109,9,10,128,57,52
SUPER_17,9120000,77,5,8,90,35,42
SUPER_17,9130000,0,0,0,0,0,0
SUPER_17,9140000,0,0,0,0,0,0
SUPER_17,9150000,0,0,0,0,0,0
SUPER_17,9160000,0,0,0,0,0,0
SUPER_17,9170000,0,0,0,0,0,0
SUPER_17,9180000,0,0,0,0,0,0
SUPER_17,9190000,27,1,0,28,13,14
SUPER_17,9200000,0,0,0,0,0,0
SUPER_17,9210000,0,0,0,0,0,0
SUPER_17,9220000,0,0,0,0,0,0
SUPER_17,9230000,4,2,2,8,0,4
SUPER_17,9240000,8,1,2,11,5,3
SUPER_17,9250000,53,1,1,55,32,21
SUPER_17,9260000,1,0,0,1,1,0
SUPER_17,9270000,35,3,3,41,16,19
SUPER_17,9280000,106,12,10,128,54,52
SUPER_17,9290000,3,0,0,3,1,2
SUPER_17,9300000,0,0,0,0,0,0
SUPER_17,9310000,0,0,0,0,0,0
SUPER_17,9320000,0,0,0,0,0,0
SUPER_17,9330000,0,0,0,0,0,0
SUPER_17,9340000,14,1,3,18,4,10
SUPER_17,9350000,0,0,0,0,0,0
SUPER_17,9360000,0,0,0,0,0,0
SUPER_17,9370000,0,0,0,0,0,0
SUPER_17,9380000,0,0,0,0,0,0
SUPER_17,9390000,0,0,0,0,0,0
SUPER_17,9400000,0,0,0,0,0,0
SUPER_17,9410000,0,0,0,0,0,0
SUPER_17,9420000,0,0,0,0,0,0
SUPER_17,9430000,0,0,0,0,0,0
SUPER_17,9440000,0,0,0,0,0,0
SUPER_17,9450000,0,0,0,0,0,0
SUPER_17,9460000,0,0,0,0,0,0
SUPER_17,9470000,123,11,17,151,62,61
SUPER_17,9480000,82,3,5,90,34,48
SUPER_17,9490000,80,4,1,85,46,34
SUPER_17,9500000,0,0,0,0,0,0
SUPER_17,9510000,0,0,0,0,0,0
SUPER_17,9520000,0,0,0,0,0,0
SUPER_17,9530000,0,0,0,0,0,0
SUPER_17,9540000,0,0,0,0,0,0
SUPER_17,9550000,59,2,8,69,32,27
SUPER_17,9560000,1,0,0,1,0,1
SUPER_17,9570000,2,0,0,2,0,2
SUPER_17,9580000,1,0,0,1,1,0
SUPER_17,9590000,0,0,0,0,0,0
SUPER_17,9600000,0,0,0,0,0,0
SUPER_17,9610000,0,0,0,0,0,0
SUPER_17,9620000,0,0,0,0,0,0
SUPER_17,9630000,0,0,0,0,0,0
SUPER_17,9640000,69,4,4,77,33,36
SUPER_17,9650000,60,6,1,67,24,36
SUPER_17,9660000,1,0,0,1,1,0
SUPER_17,9670000,0,0,0,0,0,0
SUPER_17,9680000,0,0,0,0,0,0
SUPER_17,9690000,153,10,13,176,84,69
SUPER_17,9700000,119,11,8,138,55,64
SUPER_17,9710000,0,0,0,0,0,0
SUPER_17,9720000,0,0,0,0,0,0
SUPER_17,9730000,0,0,0,0,0,0
SUPER_17,9740000,0,0,0,0,0,0
SUPER_17,9750000,0,0,0,0,0,0
SUPER_17,9760000,0,0,0,0,0,0
SUPER_17,9770000,0,0,0,0,0,0
SUPER_17,9780000,0,0,0,0,0,0
SUPER_17,9790000,0,0,0,0,0,0
SUPER_17,9800000,0,0,0,0,0,0
SUPER_17,9810000,0,0,0,0,0,0
SUPER_17,9820000,0,0,0,0,0,0
SUPER_17,9830000,0,0,0,0,0,0
SUPER_17,9840000,0,0,0,0,0,0
SUPER_17,9850000,0,0,0,0,0,0
SUPER_17,9860000,0,0,0,0,0,0
SUPER_17,9870000,0,0,0,0,0,0
SUPER_17,9880000,0,0,0,0,0,0
SUPER_17,9890000,111,9,16,136,60,51
SUPER_17,9900000,0,0,0,0,0,0
SUPER_17,9910000,0,0,0,0,0,0
SUPER_17,9920000,0,0,0,0,0,0
SUPER_17,9930000,0,0,0,0,0,0
SUPER_17,9940000,0,0,0,0,0,0
SUPER_17,9950000,0,0,0,0,0,0
SUPER_17,9960000,118,7,6,131,72,46
SUPER_17,9970000,0,0,0,0,0,0
SUPER_17,9980000,0,0,0,0,0,0
SUPER_17,9990000,55,4,5,64,30,25
SUPER_17,10000000,64,4,7,75,24,40
SUPER_17,10010000,165,12,14,191,75,90
SUPER_17,10020000,106,8,11,125,51,55
SUPER_17,10030000,89,6,14,109,51,38
SUPER_17,10040000,72,11,4,87,34,38
SUPER_17,10050000,63,4,5,72,31,32
SUPER_17,10060000,181,15,17,213,85,96
SUPER_17,10070000,259,20,30,309,140,119
SUPER_17,10080000,60,2,1,63,34,26
SUPER_17,10090000,7,2,1,10,4,3
SUPER_17,10100000,8,2,1,11,4,4
SUPER_17,10110000,90,8,3,101,48,42
SUPER_17,10120000,27,2,1,30,13,14
SUPER_17,10130000,51,2,6,59,29,22
SUPER_17,10140000,41,2,4,47,20,21
SUPER_17,10150000,0,0,0,0,0,0
SUPER_17,10160000,0,0,0,0,0,0
SUPER_17,10170000,138,10,9,157,81,57
SUPER_17,10180000,265,27,37,329,134,131
SUPER_17,10190000,260,23,22,305,149,111
SUPER_17,10200000,158,13,14,185,77,81
SUPER_17,10210000,187,11,19,217,98,89
SUPER_17,10220000,172,14,14,200,83,89
SUPER_17,10230000,111,18,16,145,46,65
SUPER_17,10240000,22,1,1,24,14,8
SUPER_17,10250000,80,6,5,91,49,31
SUPER_17,10260000,101,5,10,116,48,53
SUPER_17,10270000,146,6,12,164,85,61
SUPER_17,10280000,200,20,16,236,108,92
SUPER_17,10290000,156,10,16,182,82,74
SUPER_17,10300000,217,30,23,270,101,116
SUPER_17,10310000,177,16,14,207,96,81
SUPER_17,10320000,221,27,15,263,99,122
SUPER_17,10330000,239,12,18,269,123,116
SUPER_17,10340000,131,11,9,151,57,74
SUPER_17,10350000,158,14,17,189,76,82
SUPER_17,10360000,135,14,13,162,65,70
SUPER_17,10370000,202,25,15,242,102,100
SUPER_17,10380000,292,23,33,348,124,168
SUPER_17,10390000,281,19,24,324,140,141
SUPER_17,10400000,289,25,30,344,146,143
SUPER_17,10410000,180,9,15,204,91,89
SUPER_17,10420000,255,26,23,304,131,124
SUPER_17,10430000,236,11,23,270,123,113
SUPER_17,10440000,219,17,14,250,107,112
SUPER_17,10450000,293,17,30,340,154,139
SUPER_17,10460000,41,6,4,51,25,16
SUPER_17,10470000,9,0,2,11,5,4
SUPER_17,10480000,197,11,13,221,112,85
SUPER_17,10490000,252,15,18,285,126,126
SUPER_17,10500000,276,28,29,333,131,145
SUPER_17,10510000,278,21,20,319,140,138
SUPER_17,10520000,238,23,23,284,123,115
SUPER_17,10530000,323,20,23,366,162,161
SUPER_17,10540000,331,34,23,388,177,154
SUPER_17,10550000,295,31,32,358,164,131
SUPER_17,10560000,114,11,4,129,56,58
SUPER_17,10570000,243,20,14,277,131,112
SUPER_17,10580000,178,14,16,208,95,83
SUPER_17,10590000,314,25,20,359,161,153
SUPER_17,10600000,182,13,12,207,94,88
SUPER_17,10610000,111,5,13,129,58,53
SUPER_17,10620000,286,17,21,324,151,135
SUPER_17,10630000,305,25,32,362,145,160
SUPER_17,10640000,347,27,29,403,173,174
SUPER_17,10650000,211,24,22,257,120,91
SUPER_17,10660000,257,20,18,295,126,131
SUPER_17,10670000,37,1,6,44,25,12
SUPER_17,10680000,49,1,4,54,21,28
SUPER_17,10690000,176,13,12,201,99,77
SUPER_17,10700000,275,19,29,323,141,134
SUPER_17,10710000,268,22,25,315,133,135
SUPER_17,10720000,272,19,22,313,144,128
SUPER_17,10730000,306,25,22,353,154,152
SUPER_17,10740000,289,25,23,337,141,148
SUPER_17,10750000,123,12,15,150,65,58
SUPER_17,10760000,269,17,22,308,144,125
SUPER_17,10770000,252,23,26,301,129,123
SUPER_17,10780000,58,6,2,66,23,35
SUPER_17,10790000,254,22,28,304,136,118
SUPER_17,10800000,269,20,22,311,127,142
SUPER_17,10810000,117,11,12,140,71,46
SUPER_17,10820000,320,27,19,366,164,156
SUPER_17,10830000,292,18,20,330,171,121
SUPER_17,10840000,189,9,18,216,88,101
SUPER_17,10850000,130,12,10,152,71,59
SUPER_17,10860000,260,19,31,310,117,143
SUPER_17,10870000,179,15,7,201,96,83
SUPER_17,10880000,202,18,8,228,116,86
SUPER_17,10890000,96,4,7,107,51,45
SUPER_17,10900000,293,21,19,333,145,148
SUPER_17,10910000,149,19,8,176,79,70
SUPER_17,10920000,170,11,9,190,85,85
SUPER_17,10930000,5,1,1,7,3,2
SUPER_17,10940000,111,5,10,126,63,48
SUPER_17,10950000,193,15,16,224,103,90
SUPER_17,10960000,195,21,13,229,92,103
SUPER_17,10970000,16,0,4,20,11,5
SUPER_17,10980000,125,11,12,148,54,71
SUPER_17,10990000,136,10,15,161,66,70
SUPER_17,11000000,217,14,21,252,114,103
SUPER_17,11010000,63,6,4,73,29,34
SUPER_17,11020000,135,11,11,157,78,57
SUPER_17,11030000,246,20,29,295,127,119
SUPER_17,11040000,310,29,24,363,141,169
SUPER_17,11050000,125,10,10,145,58,67
SUPER_17,11060000,35,0,9,44,17,18
SUPER_17,11070000,86,3,10,99,44,42
SUPER_17,11080000,247,15,23,285,129,118
SUPER_17,11090000,322,26,33,381,172,150
SUPER_17,11100000,83,6,8,97,48,35
SUPER_17,11110000,141,12,13,166,76,65
SUPER_17,11120000,162,15,12,189,76,86
SUPER_17,11130000,197,16,21,234,101,96
SUPER_17,11140000,300,23,24,347,153,147
SUPER_17,11150000,310,17,35,362,155,155
SUPER_17,11160000,223,28,24,275,110,113
SUPER_17,11170000,262,18,30,310,124,138
SUPER_17,11180000,273,23,24,320,135,138
SUPER_17,11190000,92,7,10,109,51,41
SUPER_17,11200000,103,16,14,133,49,54
SUPER_17,11210000,200,18,27,245,100,100
SUPER_17,11220000,60,8,6,74,31,29
SUPER_17,11230000,202,9,23,234,95,107
SUPER_17,11240000,226,24,24,274,109,117
SUPER_17,11250000,252,23,34,309,121,131
SUPER_17,11260000,37,3,2,42,19,18
SUPER_17,11270000,54,4,4,62,24,30
SUPER_17,11280000,28,1,3,32,15,13
SUPER_17,11290000,86,9,8,103,47,39
SUPER_17,11300000,10,0,2,12,4,6
SUPER_17,11310000,47,6,5,58,23,24
SUPER_17,11320000,100,6,5,111,40,60
SUPER_17,11330000,5,2,2,9,2,2
SUPER_17,11340000,1,1,0,2,0,1
SUPER_17,11350000,131,6,9,146,67,64
SUPER_17,11360000,4,1,1,6,2,2
SUPER_17,11370000,39,2,1,42,16,23
SUPER_17,11380000,51,12,9,72,33,18
SUPER_17,11390000,287,28,23,338,138,149
SUPER_17,11400000,262,19,24,305,133,129
SUPER_17,11410000,141,11,8,160,83,58
SUPER_17,11420000,134,6,7,147,72,62
SUPER_17,11430000,225,33,28,286,113,112
SUPER_17,11440000,96,6,8,110,47,49
SUPER_17,11450000,47,4,6,57,20,27
SUPER_17,11460000,161,14,10,185,97,64
SUPER_17,11470000,220,16,15,251,120,100
SUPER_17,11480000,263,18,26,307,123,140
SUPER_17,11490000,4,1,0,5,2,2
SUPER_17,11500000,68,6,6,80,46,22
SUPER_17,11510000,69,3,6,78,38,31
SUPER_17,11520000,88,7,12,107,44,44
SUPER_17,11530000,22,0,2,24,15,7
SUPER_17,11540000,79,5,3,87,52,27
SUPER_17,11550000,11,1,0,12,5,6
SUPER_17,11560000,152,9,11,172,88,64
SUPER_17,11570000,99,6,10,115,51,48
SUPER_17,11580000,56,2,3,61,30,26
SUPER_17,11590000,253,20,23,296,122,131
SUPER_17,11600000,240,19,29,288,125,115
SUPER_17,11610000,279,19,19,317,151,128
SUPER_17,11620000,0,0,0,0,0,0
SUPER_17,11630000,0,0,0,0,0,0
SUPER_17,11640000,0,0,0,0,0,0
SUPER_17,11650000,0,0,0,0,0,0
SUPER_17,11660000,0,0,0,0,0,0
SUPER_17,11670000,0,0,0,0,0,0
SUPER_17,11680000,99,8,7,114,54,45
SUPER_17,11690000,19,4,2,25,14,5
SUPER_17,11700000,58,5,5,68,37,21
SUPER_17,11710000,123,5,9,137,75,48
SUPER_17,11720000,112,13,10,135,57,55
SUPER_17,11730000,15,3,3,21,8,7
SUPER_17,11740000,75,3,11,89,43,32
SUPER_17,11750000,9,0,0,9,4,5
SUPER_17,11760000,112,6,9,127,60,52
SUPER_17,11770000,16,4,0,20,4,12
SUPER_17,11780000,11,1,1,13,4,7
SUPER_17,11790000,82,3,6,91,38,44
SUPER_17,11800000,138,15,8,161,70,68
SUPER_17,11810000,257,19,19,295,137,120
SUPER_17,11820000,263,16,15,294,135,128
SUPER_17,11830000,9,2,1,12,6,3
SUPER_17,11840000,99,6,7,112,55,44
SUPER_17,11850000,98,7,4,109,51,47
SUPER_17,11860000,54,8,4,66,35,19
SUPER_17,11870000,168,11,16,195,84,84
SUPER_17,11880000,85,8,7,100,42,43
SUPER_17,11890000,23,1,1,25,11,12
SUPER_17,11900000,86,6,5,97,38,48
SUPER_17,11910000,76,3,9,88,27,49
SUPER_17,11920000,346,21,21,388,177,169
SUPER_17,11930000,32,4,2,38,18,14
SUPER_17,11940000,91,6,11,108,52,39
SUPER_17,11950000,82,4,4,90,47,35
SUPER_17,11960000,105,5,8,118,51,54
SUPER_17,11970000,30,2,3,35,15,15
SUPER_17,11980000,46,2,3,51,25,21
SUPER_17,11990000,70,4,4,78,36,34
SUPER_17,12000000,60,4,2,66,26,34
SUPER_17,12010000,183,10,13,206,91,92
SUPER_17,12020000,156,7,6,169,89,67
SUPER_17,12030000,9,0,0,9,6,3
SUPER_17,12040000,54,2,5,61,33,21
SUPER_17,12050000,136,9,6,151,75,61
SUPER_17,12060000,29,3,0,32,13,16
SUPER_17,12070000,49,2,6,57,27,22
SUPER_17,12080000,172,7,12,191,88,84
SUPER_17,12090000,165,13,12,190,81,84
SUPER_17,12100000,45,2,2,49,22,23
SUPER_17,12110000,136,8,10,154,70,66
SUPER_17,12120000,116,3,8,127,58,58
SUPER_17,12130000,146,12,13,171,79,67
SUPER_17,12140000,47,2,4,53,26,21
SUPER_17,12150000,21,0,0,21,8,13
SUPER_17,12160000,64,4,2,70,33,31
SUPER_17,12170000,21,2,4,27,8,13
SUPER_17,12180000,7,0,0,7,5,2
SUPER_17,12190000,152,9,15,176,80,72
SUPER_17,12200000,255,23,23,301,144,111
SUPER_17,12210000,151,15,13,179,91,60
SUPER_17,12220000,174,7,20,201,81,93
SUPER_17,12230000,224,15,18,257,120,104
SUPER_17,12240000,225,19,13,257,111,114
SUPER_17,12250000,196,11,14,221,98,98
SUPER_17,12260000,179,12,22,213,102,77
SUPER_17,12270000,88,8,6,102,45,43
SUPER_17,12280000,0,0,0,0,0,0
SUPER_17,12290000,0,0,0,0,0,0
SUPER_17,12300000,0,0,0,0,0,0
SUPER_17,12310000,0,0,0,0,0,0
SUPER_17,12320000,99,9,9,117,48,51
SUPER_18,10000,9,0,2,11,7,2
SUPER_18,20000,1,1,0,2,1,0
SUPER_18,30000,3,1,0,4,3,0
SUPER_18,40000,3,0,1,4,3,0
SUPER_18,50000,0,0,0,0,0,0
SUPER_18,60000,0,0,0,0,0,0
SUPER_18,70000,61,4,4,69,37,24
SUPER_18,80000,87,10,9,106,56,31
SUPER_18,90000,155,12,10,177,80,75
SUPER_18,100000,69,6,5,80,45,24
SUPER_18,110000,131,5,9,145,75,56
SUPER_18,120000,202,20,15,237,100,102
SUPER_18,130000,132,7,15,154,69,63
SUPER_18,140000,43,1,5,49,25,18
SUPER_18,150000,90,7,15,112,47,43
SUPER_18,160000,64,2,7,73,34,30
SUPER_18,170000,205,13,18,236,108,97
SUPER_18,180000,235,19,16,270,123,112
SUPER_18,190000,224,19,23,266,129,95
SUPER_18,200000,121,11,14,146,61,60
SUPER_18,210000,234,19,14,267,124,110
SUPER_18,220000,2,0,0,2,2,0
SUPER_18,230000,1,2,0,3,0,1
SUPER_18,240000,104,5,11,120,61,43
SUPER_18,250000,79,2,12,93,39,40
SUPER_18,260000,83,6,5,94,49,34
SUPER_18,270000,94,3,6,103,55,39
SUPER_18,280000,194,12,17,223,101,93
SUPER_18,290000,161,12,8,181,93,68
SUPER_18,300000,261,22,21,304,138,123
SUPER_18,310000,130,10,9,149,60,70
SUPER_18,320000,88,9,4,101,47,41
SUPER_18,330000,134,12,11,157,62,72
SUPER_18,340000,193,10,12,215,110,83
SUPER_18,350000,204,13,16,233,104,100
SUPER_18,360000,0,0,0,0,0,0
SUPER_18,370000,0,0,0,0,0,0
SUPER_18,380000,146,6,9,161,77,69
SUPER_18,390000,166,12,14,192,94,72
SUPER_18,400000,183,18,11,212,104,79
SUPER_18,410000,98,6,13,117,41,57
SUPER_18,420000,62,6,8,76,33,29
SUPER_18,430000,146,15,13,174,81,65
SUPER_18,440000,179,16,12,207,95,84
SUPER_18,450000,109,7,9,125,58,51
SUPER_18,460000,160,11,8,179,79,81
SUPER_18,470000,140,11,8,159,75,65
SUPER_18,480000,219,20,17,256,125,94
SUPER_18,490000,31,1,3,35,15,16
SUPER_18,500000,219,14,18,251,122,97
SUPER_18,510000,242,8,25,275,94,148
SUPER_18,520000,155,17,11,183,85,70
SUPER_18,530000,306,15,28,349,143,163
SUPER_18,540000,235,15,20,270,112,123
SUPER_18,550000,183,13,13,209,87,96
SUPER_18,560000,216,24,25,265,110,106
SUPER_18,570000,178,16,11,205,91,87
SUPER_18,580000,182,11,17,210,85,97
SUPER_18,590000,266,25,20,311,137,129
SUPER_18,600000,171,6,12,189,78,93
SUPER_18,610000,224,18,22,264,98,126
SUPER_18,620000,169,22,3,194,87,82
SUPER_18,630000,171,15,11,197,82,89
SUPER_18,640000,21,3,1,25,10,11
SUPER_18,650000,177,5,16,198,86,91
SUPER_18,660000,289,14,21,324,156,133
SUPER_18,670000,66,1,1,68,30,36
SUPER_18,680000,78,6,9,93,38,40
SUPER_18,690000,192,9,17,218,92,100
SUPER_18,700000,25,5,2,32,17,8
SUPER_18,710000,140,13,7,160,71,69
SUPER_18,720000,280,23,27,330,145,135
SUPER_18,730000,221,29,18,268,114,107
SUPER_18,740000,48,2,0,50,27,21
SUPER_18,750000,108,6,9,123,57,51
SUPER_18,760000,110,5,15,130,62,48
SUPER_18,770000,244,18,25,287,125,119
SUPER_18,780000,275,19,26,320,131,144
SUPER_18,790000,220,21,19,260,116,104
SUPER_18,800000,253,23,20,296,124,129
SUPER_18,810000,166,8,11,185,87,79
SUPER_18,820000,181,12,10,203,94,87
SUPER_18,830000,126,7,8,141,64,62
SUPER_18,840000,65,8,7,80,31,34
SUPER_18,850000,234,10,23,267,109,125
SUPER_18,860000,151,11,7,169,70,81
SUPER_18,870000,92,5,11,108,56,36
SUPER_18,880000,97,9,10,116,45,52
SUPER_18,890000,206,16,22,244,118,88
SUPER_18,900000,189,18,16,223,110,79
SUPER_18,910000,220,19,16,255,95,125
SUPER_18,920000,246,23,18,287,124,122
SUPER_18,930000,193,21,19,233,97,96
SUPER_18,940000,285,21,27,333,152,133
SUPER_18,950000,261,13,25,299,133,128
SUPER_18,960000,141,14,14,169,67,74
SUPER_18,970000,100,9,5,114,49,51
SUPER_18,980000,133,3,8,144,70,63
SUPER_18,990000,121,21,12,154,64,57
SUPER_18,1000000,220,15,27,262,91,129
SUPER_18,1010000,138,9,9,156,64,74
SUPER_18,1020000,68,6,9,83,30,38
SUPER_18,1030000,152,17,8,177,84,68
SUPER_18,1040000,168,21,9,198,101,67
SUPER_18,1050000,250,22,20,292,110,140
SUPER_18,1060000,256,21,22,299,142,114
SUPER_18,1070000,228,10,23,261,105,123
SUPER_18,1080000,0,0,0,0,0,0
SUPER_18,1090000,0,0,0,0,0,0
SUPER_18,1100000,149,13,20,182,74,75
SUPER_18,1110000,28,2,2,32,10,18
SUPER_18,1120000,71,5,3,79,33,38
SUPER_18,1130000,173,14,11,198,92,81
SUPER_18,1140000,116,10,8,134,62,54
SUPER_18,1150000,207,15,22,244,104,103
SUPER_18,1160000,275,22,26,323,130,145
SUPER_18,1170000,37,3,6,46,20,17
SUPER_18,1180000,33,1,2,36,16,17
SUPER_18,1190000,155,17,12,184,91,64
SUPER_18,1200000,189,24,10,223,103,86
SUPER_18,1210000,81,2,4,87,42,39
SUPER_18,1220000,219,23,27,269,113,106
SUPER_18,1230000,251,31,17,299,133,118
SUPER_18,1240000,169,15,13,197,100,69
SUPER_18,1250000,231,15,23,269,112,119
SUPER_18,1260000,60,5,5,70,27,33
SUPER_18,1270000,162,9,14,185,83,79
SUPER_18,1280000,119,16,7,142,65,54
SUPER_18,1290000,39,2,2,43,17,22
SUPER_18,1300000,46,2,2,50,27,19
SUPER_18,1310000,34,1,0,35,16,18
SUPER_18,1320000,2,0,0,2,1,1
SUPER_18,1330000,246,25,16,287,120,126
SUPER_18,1340000,99,9,9,117,51,48
SUPER_18,1350000,145,11,19,175,69,76
SUPER_18,1360000,235,16,12,263,123,112
SUPER_18,1370000,29,1,2,32,17,12
SUPER_18,1380000,8,0,0,8,5,3
SUPER_18,1390000,101,7,9,117,49,52
SUPER_18,1400000,47,3,3,53,27,20
SUPER_18,1410000,152,9,8,169,80,72
SUPER_18,1420000,42,4,5,51,22,20
SUPER_18,1430000,237,15,12,264,128,109
SUPER_18,1440000,247,24,16,287,120,127
SUPER_18,1450000,180,11,17,208,84,96
SUPER_18,1460000,6,1,3,10,4,2
SUPER_18,1470000,85,7,4,96,44,41
SUPER_18,1480000,234,17,19,270,121,113
SUPER_18,1490000,161,21,8,190,79,82
SUPER_18,1500000,201,11,18,230,103,98
SUPER_18,1510000,267,24,25,316,131,136
SUPER_18,1520000,287,20,26,333,143,144
SUPER_18,1530000,153,7,8,168,86,67
SUPER_18,1540000,139,7,11,157,82,57
SUPER_18,1550000,0,0,0,0,0,0
SUPER_18,1560000,0,0,0,0,0,0
SUPER_18,1570000,209,14,21,244,93,116
SUPER_18,1580000,268,21,23,312,142,126
SUPER_18,1590000,1,1,1,3,0,1
SUPER_18,1600000,120,4,14,138,59,61
SUPER_18,1610000,253,29,20,302,125,128
SUPER_18,1620000,257,22,24,303,134,123
SUPER_18,1630000,178,14,18,210,86,92
SUPER_18,1640000,177,13,14,204,77,100
SUPER_18,1650000,125,16,17,158,57,68
SUPER_18,1660000,213,16,14,243,106,107
SUPER_18,1670000,199,23,22,244,119,80
SUPER_18,1680000,192,18,17,227,95,97
SUPER_18,1690000,181,16,13,210,95,86
SUPER_18,1700000,204,19,29,252,114,90
SUPER_18,1710000,87,5,8,100,45,42
SUPER_18,1720000,129,8,11,148,64,65
SUPER_18,1730000,161,16,8,185,78,83
SUPER_18,1740000,134,7,12,153,66,68
SUPER_18,1750000,81,6,3,90,46,35
SUPER_18,1760000,84,12,11,107,47,37
SUPER_18,1770000,146,17,18,181,68,78
SUPER_18,1780000,203,23,16,242,91,112
SUPER_18,1790000,137,9,15,161,75,62
SUPER_18,1800000,31,2,2,35,11,20
SUPER_18,1810000,99,4,8,111,57,42
SUPER_18,1820000,97,4,13,114,48,49
SUPER_18,1830000,176,14,23,213,78,98
SUPER_18,1840000,255,23,16,294,117,138
SUPER_18,1850000,163,17,21,201,80,83
SUPER_18,1860000,217,15,16,248,108,109
SUPER_18,1870000,242,24,27,293,112,130
SUPER_18,1880000,0,0,0,0,0,0
SUPER_18,1890000,0,0,0,0,0,0
SUPER_18,1900000,0,0,0,0,0,0
SUPER_18,1910000,105,7,14,126,54,51
SUPER_18,1920000,76,5,5,86,49,27
SUPER_18,1930000,21,0,1,22,12,9
SUPER_18,1940000,51,6,6,63,28,23
SUPER_18,1950000,88,5,3,96,45,43
SUPER_18,1960000,135,6,9,150,69,66
SUPER_18,1970000,120,6,10,136,69,51
SUPER_18,1980000,223,17,14,254,117,106
SUPER_18,1990000,112,6,12,130,53,59
SUPER_18,2000000,182,16,20,218,84,98
SUPER_18,2010000,228,24,20,272,107,121
SUPER_18,2020000,171,10,12,193,85,86
SUPER_18,2030000,180,15,20,215,99,81
SUPER_18,2040000,208,18,21,247,108,100
SUPER_18,2050000,237,25,19,281,117,120
SUPER_18,2060000,143,14,14,171,79,64
SUPER_18,2070000,80,5,9,94,43,37
SUPER_18,2080000,218,25,22,265,107,111
SUPER_18,2090000,339,28,25,392,163,176
SUPER_18,2100000,188,19,21,228,94,94
SUPER_18,2110000,123,18,5,146,51,72
SUPER_18,2120000,58,2,4,64,27,31
SUPER_18,2130000,0,0,0,0,0,0
SUPER_18,2140000,0,0,0,0,0,0
SUPER_18,2150000,0,0,0,0,0,0
SUPER_18,2160000,44,2,1,47,20,24
SUPER_18,2170000,0,0,0,0,0,0
SUPER_18,2180000,0,0,0,0,0,0
SUPER_18,2190000,206,19,16,241,100,106
SUPER_18,2200000,195,13,19,227,114,81
SUPER_18,2210000,108,6,8,122,59,49
SUPER_18,2220000,223,19,25,267,124,99
SUPER_18,2230000,0,0,0,0,0,0
SUPER_18,2240000,0,0,0,0,0,0
SUPER_18,2250000,147,12,11,170,78,69
SUPER_18,2260000,77,3,7,87,40,37
SUPER_18,2270000,44,1,0,45,20,24
SUPER_18,2280000,49,4,5,58,29,20
SUPER_18,2290000,112,6,11,129,56,56
SUPER_18,2300000,275,20,15,310,154,121
SUPER_18,2310000,261,19,18,298,127,134
SUPER_18,2320000,173,14,15,202,92,81
SUPER_18,2330000,0,0,0,0,0,0
SUPER_18,2340000,0,0,0,0,0,0
SUPER_18,2350000,159,17,9,185,88,71
SUPER_18,2360000,53,7,5,65,25,28
SUPER_18,2370000,64,3,6,73,37,27
SUPER_18,2380000,91,6,8,105,47,44
SUPER_18,2390000,58,2,5,65,39,19
SUPER_18,2400000,185,21,16,222,87,98
SUPER_18,2410000,245,18,22,285,141,104
SUPER_18,2420000,99,10,5,114,40,59
SUPER_18,2430000,247,20,23,290,124,123
SUPER_18,2440000,284,18,24,326,148,136
SUPER_18,2450000,269,16,28,313,133,136
SUPER_18,2460000,332,21,31,384,177,155
SUPER_18,2470000,282,17,24,323,153,129
SUPER_18,2480000,145,8,14,167,81,64
SUPER_18,2490000,273,14,19,306,127,146
SUPER_18,2500000,93,9,6,108,51,42
SUPER_18,2510000,35,5,5,45,17,18
SUPER_18,2520000,166,10,17,193,88,78
SUPER_18,2530000,0,0,0,0,0,0
SUPER_18,2540000,0,0,0,0,0,0
SUPER_18,2550000,330,20,24,374,168,162
SUPER_18,2560000,23,2,2,27,15,8
SUPER_18,2570000,31,3,6,40,15,16
SUPER_18,2580000,183,15,16,214,94,89
SUPER_18,2590000,157,13,8,178,79,78
SUPER_18,2600000,249,11,25,285,126,123
SUPER_18,2610000,185,12,16,213,98,87
SUPER_18,2620000,245,16,23,284,120,125
SUPER_18,2630000,146,10,9,165,82,64
SUPER_18,2640000,240,21,16,277,119,121
SUPER_18,2650000,232,23,20,275,106,126
SUPER_18,2660000,134,14,10,158,63,71
SUPER_18,2670000,106,5,3,114,50,56
SUPER_18,2680000,203,21,24,248,95,108
SUPER_18,2690000,187,12,13,212,92,95
SUPER_18,2700000,158,14,16,188,87,71
SUPER_18,2710000,233,17,20,270,129,104
SUPER_18,2720000,250,24,24,298,132,118
SUPER_18,2730000,26,0,2,28,11,15
SUPER_18,2740000,50,7,6,63,31,19
SUPER_18,2750000,72,4,5,81,40,32
SUPER_18,2760000,218,20,24,262,93,125
SUPER_18,2770000,101,3,11,115,44,57
SUPER_18,2780000,59,4,7,70,28,31
SUPER_18,2790000,37,1,1,39,19,18
SUPER_18,2800000,15,0,2,17,7,8
SUPER_18,2810000,174,8,15,197,87,87
SUPER_18,2820000,265,17,32,314,135,130
SUPER_18,2830000,303,37,24,364,140,163
SUPER_18,2840000,108,9,6,123,52,56
SUPER_18,2850000,224,21,22,267,114,110
SUPER_18,2860000,249,12,21,282,127,122
SUPER_18,2870000,243,20,22,285,112,131
SUPER_18,2880000,267,23,18,308,139,128
SUPER_18,2890000,285,25,24,334,133,152
SUPER_18,2900000,287,18,19,324,157,130
SUPER_18,2910000,268,32,29,329,117,151
SUPER_18,2920000,155,11,11,177,79,76
SUPER_18,2930000,63,2,5,70,32,31
SUPER_18,2940000,202,16,22,240,104,98
SUPER_18,2950000,237,13,20,270,125,112
SUPER_18,2960000,99,8,13,120,50,49
SUPER_18,2970000,215,17,25,257,104,111
SUPER_18,2980000,233,19,23,275,114,119
SUPER_18,2990000,193,15,9,217,95,98
SUPER_18,3000000,227,16,20,263,115,112
SUPER_18,3010000,169,22,19,210,96,73
SUPER_18,3020000,307,25,34,366,151,156
SUPER_18,3030000,130,14,12,156,61,69
SUPER_18,3040000,128,7,12,147,80,48
SUPER_18,3050000,60,1,4,65,35,25
SUPER_18,3060000,189,14,20,223,90,99
SUPER_18,3070000,147,15,8,170,86,61
SUPER_18,3080000,193,13,26,232,110,83
SUPER_18,3090000,198,14,19,231,96,102
SUPER_18,3100000,198,15,14,227,95,103
SUPER_18,3110000,279,17,30,326,158,121
SUPER_18,3120000,314,24,31,369,144,170
SUPER_18,3130000,216,23,23,262,107,109
SUPER_18,3140000,191,15,17,223,90,101
SUPER_18,3150000,307,28,30,365,145,162
SUPER_18,3160000,98,14,10,122,40,58
SUPER_18,3170000,158,11,14,183,80,78
SUPER_18,3180000,95,8,5,108,50,45
SUPER_18,3190000,107,9,15,131,46,61
SUPER_18,3200000,85,5,13,103,43,42
SUPER_18,3210000,95,9,11,115,52,43
SUPER_18,3220000,223,9,17,249,104,119
SUPER_18,3230000,227,28,20,275,114,113
SUPER_18,3240000,269,36,25,330,128,141
SUPER_18,3250000,143,18,13,174,71,72
SUPER_18,3260000,99,8,9,116,51,48
SUPER_18,3270000,143,15,10,168,67,76
SUPER_18,3280000,203,21,19,243,101,102
SUPER_18,3290000,170,14,19,203,82,88
SUPER_18,3300000,286,25,33,344,148,138
SUPER_18,3310000,221,22,15,258,104,117
SUPER_18,3320000,263,29,27,319,135,128
SUPER_18,3330000,110,11,8,129,63,47
SUPER_18,3340000,54,5,5,64,27,27
SUPER_18,3350000,92,9,18,119,50,42
SUPER_18,3360000,98,11,7,116,46,52
SUPER_18,3370000,244,19,11,274,125,119
SUPER_18,3380000,109,9,5,123,58,51
SUPER_18,3390000,133,11,14,158,80,53
SUPER_18,3400000,114,5,11,130,73,41
SUPER_18,3410000,176,7,12,195,92,84
SUPER_18,3420000,193,14,20,227,104,89
SUPER_18,3430000,193,21,21,235,95,98
SUPER_18,3440000,163,17,11,191,81,82
SUPER_18,3450000,31,0,0,31,16,15
SUPER_18,3460000,95,12,4,111,46,49
SUPER_18,3470000,159,11,12,182,87,72
SUPER_18,3480000,141,15,14,170,70,71
SUPER_18,3490000,143,14,19,176,67,76
SUPER_18,3500000,163,19,20,202,77,86
SUPER_18,3510000,195,14,27,236,105,90
SUPER_18,3520000,147,15,19,181,71,76
SUPER_18,3530000,118,17,14,149,54,64
SUPER_18,3540000,118,12,17,147,62,56
SUPER_18,3550000,172,10,21,203,81,91
SUPER_18,3560000,200,23,12,235,92,108
SUPER_18,3570000,196,25,20,241,86,110
SUPER_18,3580000,154,11,11,176,74,80
SUPER_18,3590000,159,13,13,185,78,81
SUPER_18,3600000,68,2,11,81,34,34
SUPER_18,3610000,181,8,15,204,93,88
SUPER_18,3620000,51,4,0,55,18,33
SUPER_18,3630000,107,9,10,126,51,56
SUPER_18,3640000,13,1,3,17,8,5
SUPER_18,3650000,0,0,0,0,0,0
SUPER_18,3660000,0,0,0,0,0,0
SUPER_18,3670000,109,7,5,121,51,58
SUPER_18,3680000,137,16,11,164,62,75
SUPER_18,3690000,0,0,0,0,0,0
SUPER_18,3700000,0,0,0,0,0,0
SUPER_18,3710000,0,0,0,0,0,0
SUPER_18,3720000,113,5,14,132,58,55
SUPER_18,3730000,48,4,14,66,23,25
SUPER_18,3740000,79,6,1,86,43,36
SUPER_18,3750000,124,18,11,153,69,55
SUPER_18,3760000,86,8,6,100,55,31
SUPER_18,3770000,114,8,8,130,58,56
SUPER_18,3780000,220,26,25,271,109,111
SUPER_18,3790000,249,19,33,301,120,129
SUPER_18,3800000,260,21,20,301,129,131
SUPER_18,3810000,195,15,11,221,99,96
SUPER_18,3820000,100,9,7,116,56,44
SUPER_18,3830000,26,3,4,33,14,12
SUPER_18,3840000,7,2,0,9,2,5
SUPER_18,3850000,85,7,9,101,48,37
SUPER_18,3860000,223,13,20,256,119,104
SUPER_18,3870000,221,18,20,259,123,98
SUPER_18,3880000,283,16,23,322,157,126
SUPER_18,3890000,242,20,21,283,126,116
SUPER_18,3900000,230,17,21,268,111,119
SUPER_18,3910000,165,13,15,193,89,76
SUPER_18,3920000,36,0,1,37,20,16
SUPER_18,3930000,169,12,16,197,94,75
SUPER_18,3940000,213,24,15,252,98,115
SUPER_18,3950000,92,12,4,108,46,46
SUPER_18,3960000,125,7,10,142,61,64
SUPER_18,3970000,98,8,7,113,50,48
SUPER_18,3980000,30,1,3,34,13,17
SUPER_18,3990000,109,9,11,129,54,55
SUPER_18,4000000,135,12,8,155,71,64
SUPER_18,4010000,143,11,16,170,73,70
SUPER_18,4020000,69,6,6,81,33,36
SUPER_18,4030000,157,18,12,187,80,77
SUPER_18,4040000,204,19,20,243,103,101
SUPER_18,4050000,281,32,33,346,152,129
SUPER_18,4060000,191,20,12,223,104,87
SUPER_18,4070000,118,12,14,144,47,71
SUPER_18,4080000,135,16,7,158,70,65
SUPER_18,4090000,78,9,8,95,44,34
SUPER_18,4100000,39,1,7,47,20,19
SUPER_18,4110000,188,12,18,218,107,81
SUPER_18,4120000,271,24,21,316,129,142
SUPER_18,4130000,263,19,20,302,112,151
SUPER_18,4140000,8,0,2,10,3,5
SUPER_18,4150000,170,15,13,198,93,77
SUPER_18,4160000,184,12,20,216,96,88
SUPER_18,4170000,257,23,15,295,127,130
SUPER_18,4180000,192,18,14,224,88,104
SUPER_18,4190000,261,21,25,307,134,127
SUPER_18,4200000,266,18,25,309,131,135
SUPER_18,4210000,228,12,22,262,128,100
SUPER_18,4220000,241,19,11,271,117,124
SUPER_18,4230000,87,13,5,105,55,32
SUPER_18,4240000,75,3,6,84,45,30
SUPER_18,4250000,268,30,21,319,131,137
SUPER_18,4260000,238,27,21,286,127,111
SUPER_18,4270000,137,13,17,167,80,57
SUPER_18,4280000,41,2,3,46,27,14
SUPER_18,4290000,30,4,0,34,19,11
SUPER_18,4300000,144,15,16,175,60,84
SUPER_18,4310000,160,13,14,187,70,90
SUPER_18,4320000,213,23,23,259,105,108
SUPER_18,4330000,189,13,16,218,92,97
SUPER_18,4340000,222,27,24,273,117,105
SUPER_18,4350000,137,12,15,164,62,75
SUPER_18,4360000,132,10,12,154,65,67
SUPER_18,4370000,130,14,14,158,65,65
SUPER_18,4380000,240,20,25,285,123,117
SUPER_18,4390000,243,18,19,280,120,123
SUPER_18,4400000,248,22,26,296,119,129
SUPER_18,4410000,232,19,21,272,123,109
SUPER_18,4420000,199,18,22,239,111,88
SUPER_18,4430000,152,17,9,178,79,73
SUPER_18,4440000,138,23,13,174,58,80
SUPER_18,4450000,157,12,14,183,77,80
SUPER_18,4460000,237,18,19,274,107,130
SUPER_18,4470000,250,23,19,292,124,126
SUPER_18,4480000,168,18,16,202,93,75
SUPER_18,4490000,174,19,15,208,83,91
SUPER_18,4500000,96,6,11,113,56,40
SUPER_18,4510000,201,21,21,243,100,101
SUPER_18,4520000,240,40,29,309,124,116
SUPER_18,4530000,0,0,0,0,0,0
SUPER_18,4540000,0,0,0,0,0,0
SUPER_18,4550000,158,10,11,179,99,59
SUPER_18,4560000,58,4,6,68,27,31
SUPER_18,4570000,199,16,13,228,110,89
SUPER_18,4580000,195,13,28,236,109,86
SUPER_18,4590000,216,19,18,253,114,102
SUPER_18,4600000,146,4,7,157,72,74
SUPER_18,4610000,227,22,30,279,123,104
SUPER_18,4620000,262,28,33,323,142,120
SUPER_18,4630000,198,14,11,223,90,108
SUPER_18,4640000,240,16,22,278,130,110
SUPER_18,4650000,168,15,8,191,83,85
SUPER_18,4660000,134,10,13,157,64,70
SUPER_18,4670000,230,17,22,269,116,114
SUPER_18,4680000,112,5,16,133,52,60
SUPER_18,4690000,183,13,14,210,95,88
SUPER_18,4700000,139,11,11,161,70,69
SUPER_18,4710000,176,11,21,208,81,95
SUPER_18,4720000,226,17,29,272,119,107
SUPER_18,4730000,268,22,24,314,146,122
SUPER_18,4740000,239,15,21,275,133,106
SUPER_18,4750000,287,29,23,339,158,129
SUPER_18,4760000,193,12,25,230,95,98
SUPER_18,4770000,198,20,12,230,101,97
SUPER_18,4780000,122,11,13,146,63,59
SUPER_18,4790000,144,9,7,160,78,66
SUPER_18,4800000,202,12,19,233,107,95
SUPER_18,4810000,133,12,10,155,59,74
SUPER_18,4820000,99,7,10,116,53,46
SUPER_18,4830000,254,21,34,309,133,121
SUPER_18,4840000,248,21,33,302,115,133
SUPER_18,4850000,191,23,22,236,102,89
SUPER_18,4860000,133,10,11,154,71,62
SUPER_18,4870000,154,14,17,185,73,81
SUPER_18,4880000,159,18,16,193,80,79
SUPER_18,4890000,121,9,9,139,69,52
SUPER_18,4900000,180,19,17,216,84,96
SUPER_18,4910000,261,25,25,311,124,137
SUPER_18,4920000,220,21,22,263,96,124
SUPER_18,4930000,132,10,8,150,76,56
SUPER_18,4940000,188,7,6,201,107,81
SUPER_18,4950000,119,7,16,142,57,62
SUPER_18,4960000,133,1,1,135,83,50
SUPER_18,4970000,145,10,12,167,78,67
SUPER_18,4980000,246,24,27,297,126,120
SUPER_18,4990000,156,20,16,192,71,85
SUPER_18,5000000,145,14,12,171,70,75
SUPER_18,5010000,149,16,16,181,80,69
SUPER_18,5020000,205,17,13,235,100,105
SUPER_18,5030000,128,17,12,157,58,70
SUPER_18,5040000,187,7,17,211,94,93
SUPER_18,5050000,9,0,0,9,6,3
SUPER_18,5060000,69,2,3,74,30,39
SUPER_18,5070000,79,9,6,94,45,34
SUPER_18,5080000,142,14,16,172,68,74
SUPER_18,5090000,141,9,9,159,77,64
SUPER_18,5100000,60,5,5,70,37,23
SUPER_18,5110000,23,1,1,25,9,14
SUPER_18,5120000,62,8,3,73,33,29
SUPER_18,5130000,92,8,2,102,45,47
SUPER_18,5140000,145,10,14,169,84,61
SUPER_18,5150000,205,17,23,245,120,85
SUPER_18,5160000,181,14,12,207,84,97
SUPER_18,5170000,126,6,11,143,65,61
SUPER_18,5180000,148,10,13,171,73,75
SUPER_18,5190000,127,6,10,143,66,61
SUPER_18,5200000,15,3,1,19,3,12
SUPER_18,5210000,75,5,12,92,34,41
SUPER_18,5220000,68,5,7,80,35,33
SUPER_18,5230000,103,6,7,116,50,53
SUPER_18,5240000,97,7,4,108,50,47
SUPER_18,5250000,23,0,0,23,7,16
SUPER_18,5260000,87,7,7,101,42,45
SUPER_18,5270000,42,4,3,49,20,22
SUPER_18,5280000,168,20,15,203,81,87
SUPER_18,5290000,143,10,8,161,77,66
SUPER_18,5300000,223,16,24,263,115,108
SUPER_18,5310000,89,10,10,109,45,44
SUPER_18,5320000,111,7,6,124,61,50
SUPER_18,5330000,159,9,10,178,79,80
SUPER_18,5340000,199,13,15,227,98,101
SUPER_18,5350000,201,20,20,241,98,103
SUPER_18,5360000,109,19,14,142,53,56
SUPER_18,5370000,161,14,8,183,78,83
SUPER_18,5380000,170,15,17,202,81,89
SUPER_18,5390000,54,5,6,65,26,28
SUPER_18,5400000,102,10,4,116,54,48
SUPER_18,5410000,133,14,11,158,64,69
SUPER_18,5420000,184,10,27,221,82,102
SUPER_18,5430000,92,10,15,117,55,37
SUPER_18,5440000,168,16,13,197,77,91
SUPER_18,5450000,189,20,8,217,80,109
SUPER_18,5460000,200,12,25,237,97,103
SUPER_18,5470000,191,14,10,215,98,93
SUPER_18,5480000,67,7,9,83,33,34
SUPER_18,5490000,206,5,17,228,106,100
SUPER_18,5500000,147,15,27,189,87,60
SUPER_18,5510000,3,0,0,3,2,1
SUPER_18,5520000,63,7,5,75,29,34
SUPER_18,5530000,213,17,16,246,121,92
SUPER_18,5540000,225,13,19,257,111,114
SUPER_18,5550000,204,18,22,244,95,109
SUPER_18,5560000,77,7,4,88,38,39
SUPER_18,5570000,184,18,20,222,83,101
SUPER_18,5580000,90,3,9,102,42,48
SUPER_18,5590000,32,4,6,42,19,13
SUPER_18,5600000,124,9,12,145,64,60
SUPER_18,5610000,151,20,18,189,65,86
SUPER_18,5620000,170,14,14,198,97,73
SUPER_18,5630000,168,7,14,189,88,80
SUPER_18,5640000,147,14,14,175,64,83
SUPER_18,5650000,148,12,14,174,73,75
SUPER_18,5660000,170,7,11,188,89,81
SUPER_18,5670000,78,6,11,95,38,40
SUPER_18,5680000,128,9,23,160,76,52
SUPER_18,5690000,194,13,17,224,96,98
SUPER_18,5700000,288,31,25,344,122,166
SUPER_18,5710000,238,22,23,283,126,112
SUPER_18,5720000,155,7,11,173,73,82
SUPER_18,5730000,74,1,1,76,35,39
SUPER_18,5740000,216,27,26,269,105,111
SUPER_18,5750000,205,20,23,248,100,105
SUPER_18,5760000,205,12,16,233,109,96
SUPER_18,5770000,178,17,15,210,90,88
SUPER_18,5780000,247,17,19,283,127,120
SUPER_18,5790000,71,4,4,79,41,30
SUPER_18,5800000,147,12,11,170,77,70
SUPER_18,5810000,137,12,11,160,76,61
SUPER_18,5820000,136,13,15,164,70,66
SUPER_18,5830000,42,1,2,45,21,21
SUPER_18,5840000,57,8,7,72,28,29
SUPER_18,5850000,11,0,0,11,4,7
SUPER_18,5860000,128,12,13,153,76,52
SUPER_18,5870000,161,18,9,188,89,72
SUPER_18,5880000,168,5,11,184,92,76
SUPER_18,5890000,205,14,20,239,99,106
SUPER_18,5900000,0,0,0,0,0,0
SUPER_18,5910000,0,0,0,0,0,0
SUPER_18,5920000,183,14,22,219,99,84
SUPER_18,5930000,114,8,14,136,66,48
SUPER_18,5940000,149,7,10,166,76,73
SUPER_18,5950000,230,17,27,274,123,107
SUPER_18,5960000,57,1,7,65,32,25
SUPER_18,5970000,31,3,4,38,15,16
SUPER_18,5980000,84,7,6,97,39,45
SUPER_18,5990000,97,8,8,113,60,37
SUPER_18,6000000,181,15,4,200,95,86
SUPER_18,6010000,145,18,11,174,85,60
SUPER_18,6020000,83,11,9,103,49,34
SUPER_18,6030000,179,15,14,208,91,88
SUPER_18,6040000,283,15,17,315,150,133
SUPER_18,6050000,253,26,30,309,127,126
SUPER_18,6060000,123,10,12,145,61,62
SUPER_18,6070000,19,1,0,20,9,10
SUPER_18,6080000,65,3,5,73,32,33
SUPER_18,6090000,161,14,13,188,93,68
SUPER_18,6100000,243,20,21,284,120,123
SUPER_18,6110000,5,0,0,5,2,3
SUPER_18,6120000,80,8,6,94,38,42
SUPER_18,6130000,39,3,4,46,18,21
SUPER_18,6140000,166,13,10,189,82,84
SUPER_18,6150000,161,16,18,195,101,60
SUPER_18,6160000,86,4,4,94,47,39
SUPER_18,6170000,43,5,2,50,17,26
SUPER_18,6180000,1,0,0,1,1,0
SUPER_18,6190000,86,8,7,101,35,51
SUPER_18,6200000,28,5,5,38,14,14
SUPER_18,6210000,29,1,1,31,17,12
SUPER_18,6220000,0,0,0,0,0,0
SUPER_18,6230000,0,0,0,0,0,0
SUPER_18,6240000,38,2,2,42,16,22
SUPER_18,6250000,54,3,2,59,22,32
SUPER_18,6260000,162,11,15,188,79,83
SUPER_18,6270000,272,26,26,324,138,134
SUPER_18,6280000,262,22,18,302,134,128
SUPER_18,6290000,140,13,25,178,78,62
SUPER_18,6300000,45,3,3,51,19,26
SUPER_18,6310000,43,0,4,47,16,27
SUPER_18,6320000,217,18,15,250,109,108
SUPER_18,6330000,173,9,21,203,91,82
SUPER_18,6340000,219,17,13,249,105,114
SUPER_18,6350000,177,14,18,209,82,95
SUPER_18,6360000,184,17,13,214,105,79
SUPER_18,6370000,116,7,10,133,59,57
SUPER_18,6380000,212,17,16,245,103,109
SUPER_18,6390000,258,20,28,306,123,135
SUPER_18,6400000,91,4,9,104,59,32
SUPER_18,6410000,179,15,16,210,89,90
SUPER_18,6420000,111,9,7,127,70,41
SUPER_18,6430000,248,22,15,285,117,131
SUPER_18,6440000,233,12,21,266,119,114
SUPER_18,6450000,171,18,17,206,94,77
SUPER_18,6460000,83,4,5,92,41,42
SUPER_18,6470000,212,15,25,252,107,105
SUPER_18,6480000,211,19,18,248,106,105
SUPER_18,6490000,240,17,29,286,119,121
SUPER_18,6500000,17,2,2,21,11,6
SUPER_18,6510000,68,9,10,87,37,31
SUPER_18,6520000,93,7,6,106,50,43
SUPER_18,6530000,268,13,19,300,126,142
SUPER_18,6540000,273,16,30,319,123,150
SUPER_18,6550000,268,26,20,314,135,133
SUPER_18,6560000,213,10,17,240,99,114
SUPER_18,6570000,166,20,11,197,92,74
SUPER_18,6580000,222,20,20,262,112,110
SUPER_18,6590000,222,20,24,266,86,136
SUPER_18,6600000,77,9,5,91,43,34
SUPER_18,6610000,133,9,15,157,69,64
SUPER_18,6620000,200,27,13,240,97,103
SUPER_18,6630000,129,8,10,147,70,59
SUPER_18,6640000,115,11,15,141,50,65
SUPER_18,6650000,112,17,14,143,57,55
SUPER_18,6660000,256,22,32,310,123,133
SUPER_18,6670000,117,8,7,132,63,54
SUPER_18,6680000,160,10,11,181,100,60
SUPER_18,6690000,140,10,19,169,68,72
SUPER_18,6700000,173,18,18,209,95,78
SUPER_18,6710000,289,26,19,334,132,157
SUPER_18,6720000,256,21,17,294,128,128
SUPER_18,6730000,259,22,21,302,136,123
SUPER_18,6740000,159,16,10,185,66,93
SUPER_18,6750000,241,16,16,273,123,118
SUPER_18,6760000,256,30,17,303,149,107
SUPER_18,6770000,83,10,8,101,46,37
SUPER_18,6780000,206,18,18,242,99,107
SUPER_18,6790000,133,17,16,166,63,70
SUPER_18,6800000,52,6,9,67,28,24
SUPER_18,6810000,192,11,17,220,94,98
SUPER_18,6820000,107,14,12,133,54,53
SUPER_18,6830000,69,5,3,77,35,34
SUPER_18,6840000,174,13,14,201,103,71
SUPER_18,6850000,112,5,10,127,61,51
SUPER_18,6860000,216,22,18,256,107,109
SUPER_18,6870000,276,15,24,315,150,126
SUPER_18,6880000,0,0,0,0,0,0
SUPER_18,6890000,0,0,0,0,0,0
SUPER_18,6900000,138,16,22,176,72,66
SUPER_18,6910000,161,16,18,195,91,70
SUPER_18,6920000,109,9,3,121,61,48
SUPER_18,6930000,249,19,29,297,133,116
SUPER_18,6940000,135,10,15,160,74,61
SUPER_18,6950000,177,19,17,213,97,80
SUPER_18,6960000,272,33,23,328,130,142
SUPER_18,6970000,160,13,13,186,77,83
SUPER_18,6980000,145,17,18,180,70,75
SUPER_18,6990000,149,14,10,173,77,72
SUPER_18,7000000,61,6,7,74,33,28
SUPER_18,7010000,124,10,11,145,71,53
SUPER_18,7020000,55,4,6,65,28,27
SUPER_18,7030000,117,4,16,137,63,54
SUPER_18,7040000,88,7,7,102,56,32
SUPER_18,7050000,140,9,14,163,60,80
SUPER_18,7060000,159,15,11,185,74,85
SUPER_18,7070000,133,10,17,160,85,48
SUPER_18,7080000,165,19,12,196,76,89
SUPER_18,7090000,238,16,18,272,131,107
SUPER_18,7100000,199,15,17,231,97,102
SUPER_18,7110000,175,13,18,206,78,97
SUPER_18,7120000,89,8,4,101,42,47
SUPER_18,7130000,148,19,16,183,71,77
SUPER_18,7140000,26,2,3,31,13,13
SUPER_18,7150000,98,6,10,114,35,63
SUPER_18,7160000,41,4,3,48,21,20
SUPER_18,7170000,56,6,5,67,35,21
SUPER_18,7180000,148,17,13,178,80,68
SUPER_18,7190000,154,14,17,185,69,85
SUPER_18,7200000,217,17,16,250,116,101
SUPER_18,7210000,196,17,17,230,96,100
SUPER_18,7220000,176,20,23,219,89,87
SUPER_18,7230000,127,17,8,152,70,57
SUPER_18,7240000,283,22,27,332,128,155
SUPER_18,7250000,239,23,21,283,122,117
SUPER_18,7260000,169,12,17,198,90,79
SUPER_18,7270000,54,8,7,69,27,27
SUPER_18,7280000,188,14,23,225,101,87
SUPER_18,7290000,261,28,27,316,132,129
SUPER_18,7300000,167,15,18,200,73,94
SUPER_18,7310000,122,8,7,137,58,64
SUPER_18,7320000,78,8,3,89,33,45
SUPER_18,7330000,68,8,10,86,35,33
SUPER_18,7340000,141,5,13,159,68,73
SUPER_18,7350000,68,6,7,81,46,22
SUPER_18,7360000,152,7,14,173,72,80
SUPER_18,7370000,198,13,14,225,99,99
SUPER_18,7380000,169,7,13,189,92,77
SUPER_18,7390000,215,23,14,252,93,122
SUPER_18,7400000,85,10,12,107,38,47
SUPER_18,7410000,124,11,12,147,64,60
SUPER_18,7420000,260,28,31,319,124,136
SUPER_18,7430000,132,13,12,157,57,75
SUPER_18,7440000,85,7,4,96,44,41
SUPER_18,7450000,190,15,18,223,87,103
SUPER_18,7460000,212,19,20,251,100,112
SUPER_18,7470000,234,23,21,278,124,110
SUPER_18,7480000,235,18,18,271,116,119
SUPER_18,7490000,127,9,17,153,60,67
SUPER_18,7500000,181,12,19,212,80,101
SUPER_18,7510000,26,4,4,34,17,9
SUPER_18,7520000,161,6,13,180,86,75
SUPER_18,7530000,61,4,12,77,35,26
SUPER_18,7540000,179,18,15,212,85,94
SUPER_18,7550000,171,20,14,205,84,87
SUPER_18,7560000,139,17,18,174,69,70
SUPER_18,7570000,215,19,23,257,111,104
SUPER_18,7580000,173,21,15,209,100,73
SUPER_18,7590000,138,13,15,166,56,82
SUPER_18,7600000,126,10,10,146,64,62
SUPER_18,7610000,162,12,14,188,83,79
SUPER_18,7620000,298,24,23,345,164,134
SUPER_18,7630000,95,9,13,117,55,40
SUPER_18,7640000,185,22,9,216,87,98
SUPER_18,7650000,94,12,6,112,54,40
SUPER_18,7660000,103,12,12,127,50,53
SUPER_18,7670000,171,12,14,197,84,87
SUPER_18,7680000,278,23,26,327,149,129
SUPER_18,7690000,200,18,26,244,96,104
SUPER_18,7700000,153,17,15,185,73,80
SUPER_18,7710000,260,21,30,311,132,128
SUPER_18,7720000,137,18,10,165,60,77
SUPER_18,7730000,146,15,27,188,76,70
SUPER_18,7740000,58,5,12,75,27,31
SUPER_18,7750000,136,12,19,167,67,69
SUPER_18,7760000,256,16,20,292,122,134
SUPER_18,7770000,227,21,19,267,112,115
SUPER_18,7780000,121,13,13,147,67,54
SUPER_18,7790000,224,24,17,265,105,119
SUPER_18,7800000,218,17,22,257,113,105
SUPER_18,7810000,207,22,22,251,114,93
SUPER_18,7820000,82,6,14,102,40,42
SUPER_18,7830000,162,15,19,196,92,70
SUPER_18,7840000,243,24,22,289,121,122
SUPER_18,7850000,231,22,30,283,106,125
SUPER_18,7860000,217,19,25,261,109,108
SUPER_18,7870000,241,20,21,282,124,117
SUPER_18,7880000,259,22,18,299,116,143
SUPER_18,7890000,229,18,17,264,117,112
SUPER_18,7900000,94,8,14,116,47,47
SUPER_18,7910000,121,15,7,143,55,66
SUPER_18,7920000,186,16,28,230,90,96
SUPER_18,7930000,230,15,20,265,121,109
SUPER_18,7940000,261,16,29,306,135,126
SUPER_18,7950000,202,20,21,243,95,107
SUPER_18,7960000,223,17,12,252,113,110
SUPER_18,7970000,260,29,26,315,118,142
SUPER_18,7980000,264,24,29,317,144,120
SUPER_18,7990000,143,8,14,165,70,73
SUPER_18,8000000,105,7,9,121,46,59
SUPER_18,8010000,209,15,21,245,106,103
SUPER_18,8020000,104,7,12,123,63,41
SUPER_18,8030000,46,5,4,55,22,24
SUPER_18,8040000,112,12,11,135,58,54
SUPER_18,8050000,156,14,16,186,69,87
SUPER_18,8060000,96,10,10,116,42,54
SUPER_18,8070000,168,21,22,211,85,83
SUPER_18,8080000,137,12,13,162,81,56
SUPER_18,8090000,55,4,4,63,29,26
SUPER_18,8100000,131,8,10,149,77,54
SUPER_18,8110000,105,12,6,123,56,49
SUPER_18,8120000,125,17,14,156,52,73
SUPER_18,8130000,162,13,15,190,75,87
SUPER_18,8140000,114,8,13,135,53,61
SUPER_18,8150000,129,14,6,149,75,54
SUPER_18,8160000,143,10,13,166,82,61
SUPER_18,8170000,234,19,10,263,109,125
SUPER_18,8180000,221,20,13,254,110,111
SUPER_18,8190000,262,29,29,320,130,132
SUPER_18,8200000,196,18,19,233,101,95
SUPER_18,8210000,184,31,23,238,84,100
SUPER_18,8220000,99,12,13,124,45,54
SUPER_18,8230000,105,5,11,121,55,50
SUPER_18,8240000,227,32,24,283,93,134
SUPER_18,8250000,229,18,19,266,119,110
SUPER_18,8260000,169,16,14,199,86,83
SUPER_18,8270000,90,10,9,109,44,46
SUPER_18,8280000,27,3,3,33,15,12
SUPER_18,8290000,138,10,14,162,61,77
SUPER_18,8300000,86,17,12,115,55,31
SUPER_18,8310000,87,10,10,107,42,45
SUPER_18,8320000,77,8,10,95,39,38
SUPER_18,8330000,129,18,13,160,60,69
SUPER_18,8340000,122,13,13,148,59,63
SUPER_18,8350000,143,13,12,168,69,74
SUPER_18,8360000,63,0,3,66,38,25
SUPER_18,8370000,105,8,13,126,54,51
SUPER_18,8380000,203,19,16,238,112,91
SUPER_18,8390000,150,13,9,172,74,76
SUPER_18,8400000,88,9,10,107,56,32
SUPER_18,8410000,259,23,17,299,137,122
SUPER_18,8420000,231,18,21,270,102,129
SUPER_18,8430000,0,0,0,0,0,0
SUPER_18,8440000,0,0,0,0,0,0
SUPER_18,8450000,28,2,4,34,8,20
SUPER_18,8460000,113,17,13,143,57,56
SUPER_18,8470000,183,9,12,204,94,89
SUPER_18,8480000,282,30,32,344,142,140
SUPER_18,8490000,171,18,19,208,77,94
SUPER_18,8500000,93,6,8,107,53,40
SUPER_18,8510000,252,21,19,292,125,127
SUPER_18,8520000,239,18,21,278,113,126
SUPER_18,8530000,240,25,19,284,120,120
SUPER_18,8540000,114,10,14,138,56,58
SUPER_18,8550000,175,12,22,209,91,84
SUPER_18,8560000,217,20,34,271,106,111
SUPER_18,8570000,242,31,22,295,104,138
SUPER_18,8580000,241,24,28,293,128,113
SUPER_18,8590000,214,17,22,253,116,98
SUPER_18,8600000,210,19,20,249,104,106
SUPER_18,8610000,112,11,12,135,65,47
SUPER_18,8620000,185,20,15,220,97,88
SUPER_18,8630000,17,1,0,18,4,13
SUPER_18,8640000,139,7,11,157,64,75
SUPER_18,8650000,31,0,5,36,15,16
SUPER_18,8660000,77,5,6,88,42,35
SUPER_18,8670000,113,7,11,131,58,55
SUPER_18,8680000,81,3,10,94,43,38
SUPER_18,8690000,222,29,19,270,113,109
SUPER_18,8700000,201,22,26,249,102,99
SUPER_18,8710000,244,21,32,297,115,129
SUPER_18,8720000,98,9,9,116,54,44
SUPER_18,8730000,68,7,6,81,32,36
SUPER_18,8740000,173,15,19,207,90,83
SUPER_18,8750000,146,12,12,170,62,84
SUPER_18,8760000,105,10,7,122,61,44
SUPER_18,8770000,179,18,12,209,94,85
SUPER_18,8780000,160,18,16,194,91,69
SUPER_18,8790000,161,10,15,186,72,89
SUPER_18,8800000,144,8,13,165,83,61
SUPER_18,8810000,118,2,11,131,60,58
SUPER_18,8820000,63,1,4,68,35,28
SUPER_18,8830000,66,3,4,73,30,36
SUPER_18,8840000,125,15,15,155,63,62
SUPER_18,8850000,49,3,5,57,24,25
SUPER_18,8860000,71,10,6,87,30,41
SUPER_18,8870000,199,11,10,220,106,93
SUPER_18,8880000,181,21,13,215,85,96
SUPER_18,8890000,166,24,14,204,68,98
SUPER_18,8900000,169,13,22,204,81,88
SUPER_18,8910000,95,6,12,113,56,39
SUPER_18,8920000,184,12,17,213,83,101
SUPER_18,8930000,120,14,5,139,64,56
SUPER_18,8940000,134,14,12,160,63,71
SUPER_18,8950000,99,9,15,123,60,39
SUPER_18,8960000,244,22,18,284,138,106
SUPER_18,8970000,173,11,26,210,86,87
SUPER_18,8980000,165,13,15,193,89,76
SUPER_18,8990000,76,9,10,95,38,38
SUPER_18,9000000,6,1,0,7,5,1
SUPER_18,9010000,127,12,11,150,61,66
SUPER_18,9020000,205,18,16,239,105,100
SUPER_18,9030000,161,14,14,189,86,75
SUPER_18,9040000,86,8,4,98,44,42
SUPER_18,9050000,146,7,12,165,70,76
SUPER_18,9060000,206,20,20,246,111,95
SUPER_18,9070000,227,23,25,275,105,122
SUPER_18,9080000,173,13,13,199,85,88
SUPER_18,9090000,90,5,5,100,52,38
SUPER_18,9100000,221,20,15,256,117,104
SUPER_18,9110000,270,13,24,307,131,139
SUPER_18,9120000,262,30,18,310,123,139
SUPER_18,9130000,263,18,16,297,149,114
SUPER_18,9140000,311,21,23,355,177,134
SUPER_18,9150000,251,24,30,305,121,130
SUPER_18,9160000,352,28,39,419,169,183
SUPER_18,9170000,281,19,22,322,143,138
SUPER_18,9180000,321,29,22,372,163,158
SUPER_18,9190000,172,13,21,206,91,81
SUPER_18,9200000,65,8,4,77,31,34
SUPER_18,9210000,35,2,4,41,19,16
SUPER_18,9220000,120,6,12,138,60,60
SUPER_18,9230000,170,12,16,198,84,86
SUPER_18,9240000,154,9,15,178,71,83
SUPER_18,9250000,117,8,4,129,46,71
SUPER_18,9260000,150,6,11,167,82,68
SUPER_18,9270000,250,24,28,302,114,136
SUPER_18,9280000,186,18,14,218,93,93
SUPER_18,9290000,61,4,2,67,37,24
SUPER_18,9300000,130,18,11,159,62,68
SUPER_18,9310000,197,20,20,237,100,97
SUPER_18,9320000,187,17,14,218,83,104
SUPER_18,9330000,121,9,10,140,61,60
SUPER_18,9340000,241,16,22,279,115,126
SUPER_18,9350000,166,15,11,192,83,83
SUPER_18,9360000,104,8,7,119,40,64
SUPER_18,9370000,20,0,0,20,12,8
SUPER_18,9380000,138,18,6,162,74,64
SUPER_18,9390000,84,13,8,105,37,47
SUPER_18,9400000,200,16,19,235,112,88
SUPER_18,9410000,172,10,13,195,86,86
SUPER_18,9420000,255,15,24,294,123,132
SUPER_18,9430000,102,7,10,119,54,48
SUPER_18,9440000,186,15,17,218,87,99
SUPER_18,9450000,63,1,7,71,33,30
SUPER_18,9460000,121,12,15,148,63,58
SUPER_18,9470000,192,16,18,226,93,99
SUPER_18,9480000,201,13,20,234,94,107
SUPER_18,9490000,51,10,3,64,28,23
SUPER_18,9500000,77,5,7,89,40,37
SUPER_18,9510000,176,13,16,205,78,98
SUPER_18,9520000,46,1,8,55,25,21
SUPER_18,9530000,201,21,16,238,83,118
SUPER_18,9540000,242,21,28,291,113,129
SUPER_18,9550000,283,27,26,336,137,146
SUPER_18,9560000,173,11,21,205,86,87
SUPER_18,9570000,169,18,14,201,85,84
SUPER_18,9580000,131,13,20,164,72,59
SUPER_18,9590000,145,7,7,159,70,75
SUPER_18,9600000,68,5,6,79,36,32
SUPER_18,9610000,191,16,17,224,95,96
SUPER_18,9620000,253,28,30,311,118,135
SUPER_18,9630000,179,13,11,203,99,80
SUPER_18,9640000,58,3,7,68,26,32
SUPER_18,9650000,27,3,4,34,16,11
SUPER_18,9660000,229,15,21,265,126,103
SUPER_18,9670000,171,13,11,195,91,80
SUPER_18,9680000,156,9,16,181,88,68
SUPER_18,9690000,349,19,28,396,186,163
SUPER_18,9700000,156,11,6,173,83,73
SUPER_18,9710000,150,9,15,174,77,73
SUPER_18,9720000,212,13,14,239,108,104
SUPER_18,9730000,137,8,15,160,62,75
SUPER_18,9740000,259,22,22,303,135,124
SUPER_18,9750000,117,6,10,133,60,57
SUPER_18,9760000,252,16,13,281,133,119
SUPER_18,9770000,96,9,11,116,53,43
SUPER_18,9780000,89,4,10,103,49,40
SUPER_18,9790000,67,3,5,75,32,35
SUPER_18,9800000,21,3,0,24,14,7
SUPER_18,9810000,92,8,2,102,54,38
SUPER_18,9820000,42,4,4,50,18,24
SUPER_18,9830000,86,9,7,102,39,47
SUPER_18,9840000,204,13,16,233,88,116
SUPER_18,9850000,279,23,27,329,147,132
SUPER_18,9860000,266,18,22,306,140,126
SUPER_18,9870000,176,12,18,206,94,82
SUPER_18,9880000,103,5,14,122,54,49
SUPER_18,9890000,152,10,13,175,76,76
SUPER_18,9900000,132,19,16,167,62,70
SUPER_18,9910000,109,7,8,124,47,62
SUPER_18,9920000,237,20,18,275,129,108
SUPER_18,9930000,202,14,16,232,103,99
SUPER_18,9940000,235,20,26,281,129,106
SUPER_18,9950000,132,10,13,155,65,67
SUPER_18,9960000,206,12,11,229,105,101
SUPER_18,9970000,24,3,1,28,11,13
SUPER_18,9980000,204,15,16,235,116,88
SUPER_18,9990000,336,23,25,384,185,151
SUPER_18,10000000,268,19,25,312,137,131
SUPER_18,10010000,189,12,12,213,101,88
SUPER_18,10020000,258,23,18,299,128,130
SUPER_18,10030000,142,15,5,162,73,69
SUPER_18,10040000,209,18,20,247,113,96
SUPER_18,10050000,87,3,8,98,43,44
SUPER_18,10060000,263,23,27,313,136,127
SUPER_18,10070000,98,11,4,113,54,44
SUPER_18,10080000,86,5,6,97,58,28
SUPER_18,10090000,41,5,2,48,28,13
SUPER_18,10100000,201,14,13,228,101,100
SUPER_18,10110000,92,7,11,110,46,46
SUPER_18,10120000,76,6,9,91,46,30
SUPER_18,10130000,257,20,18,295,124,133
SUPER_18,10140000,153,10,8,171,84,69
SUPER_18,10150000,156,17,9,182,83,73
SUPER_18,10160000,91,9,13,113,44,47
SUPER_18,10170000,58,4,4,66,32,26
SUPER_18,10180000,250,17,17,284,134,116
SUPER_18,10190000,26,1,1,28,14,12
SUPER_18,10200000,109,16,8,133,56,53
SUPER_18,10210000,230,14,14,258,129,101
SUPER_18,10220000,0,0,0,0,0,0
SUPER_18,10230000,0,0,0,0,0,0
SUPER_18,10240000,192,7,7,206,119,73
SUPER_18,10250000,125,7,1,133,66,59
SUPER_18,10260000,146,11,10,167,85,61
SUPER_18,10270000,223,21,13,257,118,105
SUPER_18,10280000,70,1,2,73,39,31
SUPER_18,10290000,134,9,9,152,77,57
SUPER_18,10300000,54,6,3,63,24,30
SUPER_18,10310000,91,9,9,109,43,48
SUPER_18,10320000,160,12,17,189,75,85
SUPER_18,10330000,81,4,7,92,45,36
SUPER_18,10340000,36,0,2,38,17,19
SUPER_18,10350000,133,11,11,155,70,63
SUPER_18,10360000,260,16,24,300,117,143
SUPER_18,10370000,65,3,5,73,28,37
SUPER_18,10380000,130,5,8,143,76,54
SUPER_18,10390000,122,3,3,128,56,66
SUPER_18,10400000,155,8,12,175,68,87
SUPER_18,10410000,0,0,0,0,0,0
SUPER_18,10420000,0,0,0,0,0,0
SUPER_18,10430000,183,13,17,213,97,86
SUPER_18,10440000,253,19,13,285,128,125
SUPER_18,10450000,96,7,3,106,50,46
SUPER_18,10460000,53,2,0,55,30,23
SUPER_18,10470000,9,2,0,11,4,5
SUPER_18,10480000,1,1,0,2,1,0
SUPER_18,10490000,103,7,6,116,57,46
SUPER_18,10500000,0,0,0,0,0,0
SUPER_18,10510000,0,0,0,0,0,0
SUPER_18,10520000,100,6,3,109,49,51
SUPER_18,10530000,37,1,4,42,13,24
SUPER_18,10540000,152,8,15,175,77,75
SUPER_18,10550000,84,9,9,102,43,41
SUPER_18,10560000,78,9,5,92,46,32
SUPER_18,10570000,307,26,20,353,163,144
SUPER_18,10580000,20,3,5,28,15,5
SUPER_18,10590000,2,0,1,3,0,2
SUPER_18,10600000,0,0,0,0,0,0
SUPER_18,10610000,0,0,0,0,0,0
SUPER_18,10620000,113,15,15,143,49,64
SUPER_18,10630000,205,14,13,232,106,99
SUPER_18,10640000,187,34,17,238,86,101
SUPER_18,10650000,247,15,26,288,142,105
SUPER_18,10660000,141,13,6,160,70,71
SUPER_18,10670000,23,4,4,31,10,13
SUPER_18,10680000,4,0,0,4,1,3
SUPER_18,10690000,35,1,1,37,22,13
SUPER_18,10700000,3,0,0,3,0,3
SUPER_18,10710000,190,13,14,217,93,97
SUPER_18,10720000,94,7,11,112,47,47
SUPER_18,10730000,104,8,7,119,49,55
SUPER_18,10740000,133,10,8,151,76,57
SUPER_18,10750000,242,23,17,282,110,132
SUPER_18,10760000,144,13,10,167,72,72
SUPER_18,10770000,23,0,2,25,12,11
SUPER_18,10780000,100,5,6,111,46,54
SUPER_18,10790000,32,0,1,33,17,15
SUPER_18,10800000,69,6,5,80,36,33
SUPER_18,10810000,133,6,11,150,66,67
SUPER_18,10820000,111,7,13,131,55,56
SUPER_18,10830000,243,16,17,276,128,115
SUPER_18,10840000,322,31,26,379,150,172
SUPER_18,10850000,259,23,21,303,139,120
SUPER_18,10860000,233,12,18,263,126,107
SUPER_18,10870000,348,26,31,405,178,170
SUPER_18,10880000,77,8,7,92,31,46
SUPER_18,10890000,101,6,6,113,44,57
SUPER_18,10900000,252,25,18,295,140,112
SUPER_18,10910000,25,2,1,28,12,13
SUPER_18,10920000,224,20,18,262,116,108
SUPER_18,10930000,121,8,12,141,53,68
SUPER_18,10940000,13,0,0,13,8,5
SUPER_18,10950000,53,2,5,60,29,24
SUPER_18,10960000,10,0,0,10,6,4
SUPER_18,10970000,116,11,11,138,57,59
SUPER_18,10980000,37,1,1,39,12,25
SUPER_18,10990000,124,6,9,139,64,60
SUPER_18,11000000,149,11,9,169,67,82
SUPER_18,11010000,13,1,3,17,6,7
SUPER_18,11020000,103,14,5,122,49,54
SUPER_18,11030000,61,5,4,70,31,30
SUPER_18,11040000,104,8,8,120,42,62
SUPER_18,11050000,72,4,7,83,43,29
SUPER_18,11060000,8,1,0,9,4,4
SUPER_18,11070000,7,1,0,8,5,2
SUPER_18,11080000,115,8,15,138,66,49
SUPER_18,11090000,121,11,9,141,52,69
SUPER_18,11100000,90,6,11,107,51,39
SUPER_18,11110000,35,0,3,38,18,17
SUPER_18,11120000,162,19,18,199,75,87
SUPER_18,11130000,237,23,20,280,127,110
SUPER_18,11140000,0,0,0,0,0,0
SUPER_18,11150000,0,0,0,0,0,0
SUPER_18,11160000,199,20,14,233,98,101
SUPER_18,11170000,121,4,3,128,66,55
SUPER_18,11180000,5,0,0,5,3,2
SUPER_18,11190000,99,7,7,113,57,42
SUPER_18,11200000,65,3,3,71,39,26
SUPER_18,11210000,239,32,13,284,128,111
SUPER_18,11220000,241,19,20,280,119,122
SUPER_18,11230000,137,12,8,157,64,73
SUPER_18,11240000,63,2,6,71,31,32
SUPER_18,11250000,172,8,10,190,84,88
SUPER_18,11260000,148,6,6,160,81,67
SUPER_18,11270000,151,11,14,176,92,59
SUPER_18,11280000,97,7,4,108,46,51
SUPER_18,11290000,271,24,15,310,136,135
SUPER_18,11300000,0,0,0,0,0,0
SUPER_18,11310000,0,0,0,0,0,0
SUPER_18,11320000,0,0,0,0,0,0
SUPER_18,11330000,0,0,0,0,0,0
SUPER_18,11340000,0,0,0,0,0,0
SUPER_18,11350000,0,0,0,0,0,0
SUPER_18,11360000,0,0,0,0,0,0
SUPER_18,11370000,0,0,0,0,0,0
SUPER_18,11380000,0,0,0,0,0,0
SUPER_18,11390000,0,0,0,0,0,0
SUPER_18,11400000,0,0,0,0,0,0
SUPER_18,11410000,0,0,0,0,0,0
SUPER_18,11420000,0,0,0,0,0,0
SUPER_18,11430000,0,0,0,0,0,0
SUPER_18,11440000,0,0,0,0,0,0
SUPER_18,11450000,0,0,0,0,0,0
SUPER_18,11460000,0,0,0,0,0,0
SUPER_18,11470000,0,0,0,0,0,0
SUPER_18,11480000,125,11,12,148,59,66
SUPER_18,11490000,199,10,16,225,99,100
SUPER_18,11500000,0,0,0,0,0,0
SUPER_18,11510000,0,0,0,0,0,0
SUPER_18,11520000,0,0,0,0,0,0
SUPER_18,11530000,0,0,0,0,0,0
SUPER_18,11540000,58,6,3,67,32,26
SUPER_18,11550000,131,15,10,156,71,60
SUPER_18,11560000,196,19,20,235,106,90
SUPER_18,11570000,45,2,1,48,20,25
SUPER_18,11580000,104,9,13,126,58,46
SUPER_18,11590000,170,16,15,201,89,81
SUPER_18,11600000,126,13,11,150,63,63
SUPER_18,11610000,91,4,6,101,57,34
SUPER_18,11620000,222,14,12,248,115,107
SUPER_18,11630000,187,8,17,212,110,77
SUPER_18,11640000,144,22,17,183,68,76
SUPER_18,11650000,190,18,21,229,92,98
SUPER_18,11660000,158,24,17,199,71,87
SUPER_18,11670000,7,0,0,7,5,2
SUPER_18,11680000,182,14,7,203,97,85
SUPER_18,11690000,276,23,24,323,160,116
SUPER_18,11700000,209,12,28,249,102,107
SUPER_18,11710000,195,13,20,228,103,92
SUPER_18,11720000,293,26,22,341,159,134
SUPER_18,11730000,267,25,17,309,164,103
SUPER_18,11740000,141,11,12,164,70,71
SUPER_18,11750000,90,6,6,102,47,43
SUPER_18,11760000,321,21,22,364,162,159
SUPER_18,11770000,271,19,26,316,139,132
SUPER_18,11780000,297,28,22,347,155,142
SUPER_18,11790000,285,19,26,330,135,150
SUPER_18,11800000,299,32,18,349,170,129
SUPER_18,11810000,213,9,23,245,107,106
SUPER_18,11820000,178,18,13,209,99,79
SUPER_18,11830000,279,16,19,314,150,129
SUPER_18,11840000,334,32,34,400,182,152
SUPER_18,11850000,214,10,15,239,117,97
SUPER_18,11860000,311,17,36,364,146,165
SUPER_18,11870000,281,21,24,326,129,152
SUPER_18,11880000,273,24,14,311,144,129
SUPER_18,11890000,252,20,23,295,121,131
SUPER_18,11900000,283,26,27,336,146,137
SUPER_18,11910000,47,2,6,55,22,25
SUPER_18,11920000,99,2,1,102,61,38
SUPER_18,11930000,244,23,29,296,121,123
SUPER_18,11940000,158,15,13,186,76,82
SUPER_18,11950000,224,20,14,258,116,108
SUPER_18,11960000,113,6,12,131,70,43
SUPER_18,11970000,224,12,17,253,118,106
SUPER_18,11980000,245,22,17,284,140,105
SUPER_18,11990000,160,10,15,185,89,71
SUPER_18,12000000,0,0,0,0,0,0
SUPER_18,12010000,0,0,0,0,0,0
SUPER_18,12020000,300,21,19,340,166,134
SUPER_18,12030000,135,9,11,155,79,56
SUPER_18,12040000,157,4,15,176,77,80
SUPER_18,12050000,225,27,26,278,126,99
SUPER_18,12060000,164,14,19,197,99,65
SUPER_18,12070000,162,13,12,187,89,73
SUPER_18,12080000,77,5,7,89,44,33
SUPER_18,12090000,0,0,0,0,0,0
SUPER_18,12100000,0,0,0,0,0,0
SUPER_18,12110000,0,0,0,0,0,0
SUPER_18,12120000,0,0,0,0,0,0
SUPER_18,12130000,0,0,0,0,0,0
SUPER_18,12140000,0,0,0,0,0,0
SUPER_19,10000,113,42,41,196,61,52
SUPER_19,20000,49,1,4,54,25,24
SUPER_19,30000,98,15,12,125,44,54
SUPER_19,40000,54,1,3,58,29,25
SUPER_19,50000,59,2,8,69,29,30
SUPER_19,60000,139,10,12,161,73,66
SUPER_19,70000,229,14,17,260,108,121
SUPER_19,80000,115,12,10,137,58,57
SUPER_19,90000,155,16,15,186,72,83
SUPER_19,100000,135,15,7,157,72,63
SUPER_19,110000,133,10,9,152,65,68
SUPER_19,120000,140,2,9,151,83,57
SUPER_19,130000,152,10,18,180,70,82
SUPER_19,140000,195,25,17,237,91,104
SUPER_19,150000,183,19,11,213,90,93
SUPER_19,160000,201,14,20,235,107,94
SUPER_19,170000,186,8,16,210,96,90
SUPER_19,180000,181,11,9,201,86,95
SUPER_19,190000,169,13,11,193,86,83
SUPER_19,200000,161,7,13,181,86,75
SUPER_19,210000,174,14,7,195,81,93
SUPER_19,220000,218,20,20,258,103,115
SUPER_19,230000,147,19,4,170,74,73
SUPER_19,240000,247,16,15,278,130,117
SUPER_19,250000,243,23,17,283,126,117
SUPER_19,260000,255,20,16,291,143,112
SUPER_19,270000,237,26,25,288,121,116
SUPER_19,280000,223,20,11,254,121,102
SUPER_19,290000,61,3,6,70,25,36
SUPER_19,300000,237,26,20,283,134,103
SUPER_19,310000,104,4,6,114,52,52
SUPER_19,320000,185,17,13,215,104,81
SUPER_19,330000,238,19,24,281,129,109
SUPER_19,340000,200,14,25,239,107,93
SUPER_19,350000,149,10,16,175,70,79
SUPER_19,360000,145,8,18,171,81,64
SUPER_19,370000,49,2,2,53,25,24
SUPER_19,380000,55,5,4,64,24,31
SUPER_19,390000,91,12,11,114,41,50
SUPER_19,400000,34,0,2,36,17,17
SUPER_19,410000,87,9,2,98,43,44
SUPER_19,420000,0,0,0,0,0,0
SUPER_19,430000,0,0,0,0,0,0
SUPER_19,440000,55,3,2,60,29,26
SUPER_19,450000,73,5,8,86,44,29
SUPER_19,460000,36,3,4,43,24,12
SUPER_19,470000,47,3,4,54,24,23
SUPER_19,480000,0,0,0,0,0,0
SUPER_19,490000,0,0,0,0,0,0
SUPER_19,500000,129,3,4,136,73,56
SUPER_19,510000,139,13,13,165,76,63
SUPER_19,520000,176,9,13,198,93,83
SUPER_19,530000,84,5,5,94,46,38
SUPER_19,540000,99,12,3,114,51,48
SUPER_19,550000,35,2,4,41,14,21
SUPER_19,560000,131,15,16,162,64,67
SUPER_19,570000,268,17,19,304,149,119
SUPER_19,580000,127,11,6,144,61,66
SUPER_19,590000,110,8,6,124,57,53
SUPER_19,600000,34,0,2,36,24,10
SUPER_19,610000,49,1,2,52,25,24
SUPER_19,620000,220,12,14,246,113,107
SUPER_19,630000,318,19,24,361,163,155
SUPER_19,640000,89,7,6,102,49,40
SUPER_19,650000,2,0,1,3,0,2
SUPER_19,660000,115,4,12,131,61,54
SUPER_19,670000,107,7,5,119,54,53
SUPER_19,680000,60,2,3,65,33,27
SUPER_19,690000,44,2,2,48,20,24
SUPER_19,700000,45,5,4,54,21,24
SUPER_19,710000,93,7,7,107,55,38
SUPER_19,720000,248,26,30,304,127,121
SUPER_19,730000,233,17,24,274,124,109
SUPER_19,740000,243,21,21,285,123,120
SUPER_19,750000,164,15,8,187,89,75
SUPER_19,760000,272,20,26,318,137,135
SUPER_19,770000,246,13,31,290,123,123
SUPER_19,780000,209,14,19,242,101,108
SUPER_19,790000,265,22,31,318,122,143
SUPER_19,800000,218,16,9,243,123,95
SUPER_19,810000,223,17,25,265,118,105
SUPER_19,820000,224,26,15,265,103,121
SUPER_19,830000,139,13,9,161,63,76
SUPER_19,840000,286,21,28,335,138,148
SUPER_19,850000,255,23,23,301,121,134
SUPER_19,860000,241,16,26,283,133,108
SUPER_19,870000,72,4,7,83,34,38
SUPER_19,880000,174,11,14,199,80,94
SUPER_19,890000,254,23,21,298,134,120
SUPER_19,900000,295,20,27,342,148,147
SUPER_19,910000,249,16,20,285,132,117
SUPER_19,920000,57,4,2,63,31,26
SUPER_19,930000,181,12,11,204,90,91
SUPER_19,940000,181,16,16,213,96,85
SUPER_19,950000,144,5,8,157,80,64
SUPER_19,960000,200,23,14,237,120,80
SUPER_19,970000,208,19,21,248,115,93
SUPER_19,980000,65,7,5,77,29,36
SUPER_19,990000,249,19,18,286,128,121
SUPER_19,1000000,276,18,24,318,131,145
SUPER_19,1010000,60,4,2,66,29,31
SUPER_19,1020000,47,2,5,54,28,19
SUPER_19,1030000,91,8,7,106,47,44
SUPER_19,1040000,183,9,15,207,88,95
SUPER_19,1050000,195,17,18,230,108,87
SUPER_19,1060000,179,17,15,211,89,90
SUPER_19,1070000,47,1,1,49,29,18
SUPER_19,1080000,151,8,9,168,72,79
SUPER_19,1090000,164,14,13,191,79,85
SUPER_19,1100000,26,0,0,26,15,11
SUPER_19,1110000,40,3,4,47,25,15
SUPER_19,1120000,179,9,11,199,93,86
SUPER_19,1130000,271,15,15,301,134,137
SUPER_19,1140000,86,5,10,101,49,37
SUPER_19,1150000,17,1,5,23,5,12
SUPER_19,1160000,46,5,4,55,30,16
SUPER_19,1170000,238,14,24,276,118,120
SUPER_19,1180000,314,21,24,359,167,147
SUPER_19,1190000,313,14,32,359,165,148
SUPER_19,1200000,265,24,23,312,129,136
SUPER_19,1210000,309,26,14,349,166,143
SUPER_19,1220000,155,14,17,186,78,77
SUPER_19,1230000,256,16,18,290,144,112
SUPER_19,1240000,85,6,6,97,37,48
SUPER_19,1250000,142,9,17,168,73,69
SUPER_19,1260000,65,5,4,74,39,26
SUPER_19,1270000,104,10,12,126,56,48
SUPER_19,1280000,233,18,16,267,99,134
SUPER_19,1290000,237,21,19,277,115,122
SUPER_19,1300000,262,7,21,290,142,120
SUPER_19,1310000,53,4,4,61,33,20
SUPER_19,1320000,43,7,2,52,21,22
SUPER_19,1330000,50,1,8,59,31,19
SUPER_19,1340000,193,11,18,222,93,100
SUPER_19,1350000,272,22,24,318,136,136
SUPER_19,1360000,225,22,20,267,123,102
SUPER_19,1370000,165,6,19,190,96,69
SUPER_19,1380000,79,7,10,96,40,39
SUPER_19,1390000,145,6,15,166,82,63
SUPER_19,1400000,298,25,27,350,167,131
SUPER_19,1410000,267,22,14,303,139,128
SUPER_19,1420000,0,0,0,0,0,0
SUPER_19,1430000,0,0,0,0,0,0
SUPER_19,1440000,272,23,16,311,130,142
SUPER_19,1450000,152,12,11,175,82,70
SUPER_19,1460000,208,16,15,239,120,88
SUPER_19,1470000,103,5,6,114,45,58
SUPER_19,1480000,159,15,7,181,84,75
SUPER_19,1490000,182,13,15,210,102,80
SUPER_19,1500000,300,26,21,347,154,146
SUPER_19,1510000,178,9,17,204,103,75
SUPER_19,1520000,172,17,8,197,83,89
SUPER_19,1530000,39,4,7,50,19,20
SUPER_19,1540000,127,9,7,143,75,52
SUPER_19,1550000,242,22,20,284,123,119
SUPER_19,1560000,162,11,19,192,85,77
SUPER_19,1570000,153,20,16,189,73,80
SUPER_19,1580000,149,19,11,179,62,87
SUPER_19,1590000,204,22,19,245,101,103
SUPER_19,1600000,64,1,7,72,35,29
SUPER_19,1610000,180,19,13,212,83,97
SUPER_19,1620000,235,21,22,278,118,117
SUPER_19,1630000,136,15,14,165,63,73
SUPER_19,1640000,44,1,10,55,27,17
SUPER_19,1650000,177,12,19,208,88,89
SUPER_19,1660000,77,10,4,91,40,37
SUPER_19,1670000,37,1,1,39,22,15
SUPER_19,1680000,114,10,10,134,62,52
SUPER_19,1690000,178,10,14,202,100,78
SUPER_19,1700000,268,27,26,321,130,138
SUPER_19,1710000,292,24,23,339,159,133
SUPER_19,1720000,98,7,11,116,56,42
SUPER_19,1730000,114,7,10,131,57,57
SUPER_19,1740000,69,4,9,82,39,30
SUPER_19,1750000,33,2,3,38,21,12
SUPER_19,1760000,122,9,8,139,67,55
SUPER_19,1770000,191,13,20,224,110,81
SUPER_19,1780000,141,8,10,159,72,69
SUPER_19,1790000,77,2,6,85,39,38
SUPER_19,1800000,59,3,5,67,30,29
SUPER_19,1810000,133,7,6,146,64,69
SUPER_19,1820000,186,13,14,213,90,96
SUPER_19,1830000,242,13,28,283,124,118
SUPER_19,1840000,42,2,3,47,25,17
SUPER_19,1850000,25,5,5,35,10,15
SUPER_19,1860000,206,11,16,233,112,94
SUPER_19,1870000,215,22,20,257,116,99
SUPER_19,1880000,137,12,16,165,69,68
SUPER_19,1890000,135,14,9,158,56,79
SUPER_19,1900000,170,8,19,197,91,79
SUPER_19,1910000,307,23,23,353,161,146
SUPER_19,1920000,49,2,6,57,25,24
SUPER_19,1930000,80,4,4,88,48,32
SUPER_19,1940000,286,18,18,322,149,137
SUPER_19,1950000,170,12,12,194,85,85
SUPER_19,1960000,75,6,9,90,39,36
SUPER_19,1970000,221,17,27,265,104,117
SUPER_19,1980000,160,12,10,182,77,83
SUPER_19,1990000,199,12,12,223,117,82
SUPER_19,2000000,281,21,25,327,152,129
SUPER_19,2010000,57,4,5,66,28,29
SUPER_19,2020000,34,0,1,35,24,10
SUPER_19,2030000,152,6,7,165,83,69
SUPER_19,2040000,181,11,14,206,93,88
SUPER_19,2050000,259,27,21,307,134,125
SUPER_19,2060000,255,16,24,295,123,132
SUPER_19,2070000,122,8,12,142,53,69
SUPER_19,2080000,261,16,24,301,138,123
SUPER_19,2090000,124,10,8,142,67,57
SUPER_19,2100000,249,19,23,291,134,115
SUPER_19,2110000,166,13,18,197,96,70
SUPER_19,2120000,107,9,7,123,49,58
SUPER_19,2130000,29,2,3,34,12,17
SUPER_19,2140000,194,18,9,221,96,98
SUPER_19,2150000,84,6,9,99,49,35
SUPER_19,2160000,83,7,7,97,39,44
SUPER_19,2170000,48,2,2,52,25,23
SUPER_19,2180000,67,5,7,79,35,32
SUPER_19,2190000,178,7,15,200,92,86
SUPER_19,2200000,229,17,20,266,132,97
SUPER_19,2210000,278,17,34,329,147,131
SUPER_19,2220000,109,11,6,126,58,51
SUPER_19,2230000,175,16,18,209,89,86
SUPER_19,2240000,29,1,1,31,21,8
SUPER_19,2250000,66,2,9,77,38,28
SUPER_19,2260000,74,7,3,84,40,34
SUPER_19,2270000,228,23,24,275,125,103
SUPER_19,2280000,203,7,13,223,100,103
SUPER_19,2290000,69,3,11,83,32,37
SUPER_19,2300000,152,10,11,173,78,74
SUPER_19,2310000,208,19,23,250,109,99
SUPER_19,2320000,36,3,2,41,18,18
SUPER_19,2330000,95,8,6,109,58,37
SUPER_19,2340000,95,3,7,105,56,39
SUPER_19,2350000,129,14,6,149,61,68
SUPER_19,2360000,66,0,4,70,34,32
SUPER_19,2370000,176,10,15,201,85,91
SUPER_19,2380000,150,19,15,184,64,86
SUPER_19,2390000,84,5,9,98,44,40
SUPER_19,2400000,187,18,21,226,97,90
SUPER_19,2410000,269,25,20,314,140,129
SUPER_19,2420000,240,12,22,274,115,125
SUPER_19,2430000,223,22,13,258,109,114
SUPER_19,2440000,36,1,2,39,20,16
SUPER_19,2450000,169,17,15,201,80,89
SUPER_19,2460000,267,21,25,313,134,133
SUPER_19,2470000,175,16,19,210,86,89
SUPER_19,2480000,237,19,20,276,122,115
SUPER_19,2490000,153,11,5,169,76,77
SUPER_19,2500000,143,7,7,157,65,78
SUPER_19,2510000,278,29,16,323,137,141
SUPER_19,2520000,296,27,25,348,148,148
SUPER_19,2530000,293,22,28,343,156,137
SUPER_19,2540000,301,30,19,350,164,137
SUPER_19,2550000,146,12,10,168,77,69
SUPER_19,2560000,218,12,15,245,97,121
SUPER_19,2570000,140,10,15,165,83,57
SUPER_19,2580000,197,13,14,224,107,90
SUPER_19,2590000,185,14,23,222,104,81
SUPER_19,2600000,250,21,20,291,133,117
SUPER_19,2610000,246,16,21,283,130,116
SUPER_19,2620000,124,10,11,145,63,61
SUPER_19,2630000,200,15,24,239,103,97
SUPER_19,2640000,125,13,12,150,66,59
SUPER_19,2650000,90,11,3,104,43,47
SUPER_19,2660000,197,6,13,216,99,98
SUPER_19,2670000,273,22,23,318,143,130
SUPER_19,2680000,297,24,28,349,133,164
SUPER_19,2690000,199,15,10,224,103,96
SUPER_19,2700000,198,13,13,224,99,99
SUPER_19,2710000,326,25,36,387,154,172
SUPER_19,2720000,143,16,14,173,75,68
SUPER_19,2730000,201,18,23,242,103,98
SUPER_19,2740000,146,7,11,164,71,75
SUPER_19,2750000,152,20,11,183,78,74
SUPER_19,2760000,61,2,2,65,33,28
SUPER_19,2770000,149,11,8,168,78,71
SUPER_19,2780000,175,22,18,215,100,75
SUPER_19,2790000,137,13,17,167,64,73
SUPER_19,2800000,77,9,6,92,38,39
SUPER_19,2810000,123,11,18,152,66,57
SUPER_19,2820000,114,6,11,131,47,67
SUPER_19,2830000,194,9,17,220,105,89
SUPER_19,2840000,175,11,19,205,87,88
SUPER_19,2850000,241,18,20,279,123,118
SUPER_19,2860000,242,16,26,284,131,111
SUPER_19,2870000,252,21,32,305,119,133
SUPER_19,2880000,217,24,26,267,110,107
SUPER_19,2890000,213,19,16,248,95,118
SUPER_19,2900000,227,16,16,259,102,125
SUPER_19,2910000,168,15,19,202,84,84
SUPER_19,2920000,271,25,19,315,141,130
SUPER_19,2930000,76,8,3,87,45,31
SUPER_19,2940000,244,25,28,297,103,141
SUPER_19,2950000,215,24,25,264,110,105
SUPER_19,2960000,233,17,18,268,119,114
SUPER_19,2970000,120,7,13,140,66,54
SUPER_19,2980000,221,20,22,263,115,106
SUPER_19,2990000,203,22,17,242,111,92
SUPER_19,3000000,244,19,25,288,119,125
SUPER_19,3010000,157,9,26,192,68,89
SUPER_19,3020000,148,10,10,168,70,78
SUPER_19,3030000,167,7,12,186,96,71
SUPER_19,3040000,241,29,15,285,121,120
SUPER_19,3050000,296,24,18,338,176,120
SUPER_19,3060000,233,23,22,278,109,124
SUPER_19,3070000,242,23,24,289,123,119
SUPER_19,3080000,285,24,24,333,148,137
SUPER_19,3090000,189,14,12,215,106,83
SUPER_19,3100000,5,2,0,7,3,2
SUPER_19,3110000,99,8,10,117,43,56
SUPER_19,3120000,133,14,9,156,65,68
SUPER_19,3130000,102,8,8,118,57,45
SUPER_19,3140000,327,24,31,382,157,170
SUPER_19,3150000,245,11,21,277,129,116
SUPER_19,3160000,211,24,19,254,113,98
SUPER_19,3170000,129,15,16,160,60,69
SUPER_19,3180000,177,9,10,196,89,88
SUPER_19,3190000,102,6,5,113,55,47
SUPER_19,3200000,227,21,23,271,119,108
SUPER_19,3210000,341,27,37,405,182,159
SUPER_19,3220000,206,14,24,244,95,111
SUPER_19,3230000,206,12,14,232,104,102
SUPER_19,3240000,266,29,23,318,124,142
SUPER_19,3250000,282,26,24,332,149,133
SUPER_19,3260000,261,17,20,298,132,129
SUPER_19,3270000,296,31,27,354,130,166
SUPER_19,3280000,86,3,10,99,47,39
SUPER_19,3290000,194,11,19,224,89,105
SUPER_19,3300000,207,25,20,252,99,108
SUPER_19,3310000,37,1,5,43,24,13
SUPER_19,3320000,190,10,16,216,105,85
SUPER_19,3330000,184,14,19,217,93,91
SUPER_19,3340000,66,0,11,77,32,34
SUPER_19,3350000,233,25,25,283,119,114
SUPER_19,3360000,196,13,13,222,106,90
SUPER_19,3370000,183,13,18,214,94,89
SUPER_19,3380000,177,20,12,209,98,79
SUPER_19,3390000,55,1,6,62,31,24
SUPER_19,3400000,251,1,11,263,116,135
SUPER_19,3410000,240,19,18,277,101,139
SUPER_19,3420000,108,5,8,121,53,55
SUPER_19,3430000,261,16,26,303,146,115
SUPER_19,3440000,204,26,25,255,101,103
SUPER_19,3450000,273,27,24,324,122,151
SUPER_19,3460000,213,24,18,255,96,117
SUPER_19,3470000,217,17,19,253,97,120
SUPER_19,3480000,167,19,15,201,81,86
SUPER_19,3490000,181,21,16,218,100,81
SUPER_19,3500000,245,24,22,291,127,118
SUPER_19,3510000,161,19,12,192,84,77
SUPER_19,3520000,105,11,18,134,50,55
SUPER_19,3530000,103,11,12,126,39,64
SUPER_19,3540000,178,20,14,212,88,90
SUPER_19,3550000,50,7,7,64,31,19
SUPER_19,3560000,53,3,5,61,26,27
SUPER_19,3570000,174,18,14,206,92,82
SUPER_19,3580000,206,20,9,235,106,100
SUPER_19,3590000,33,1,1,35,13,20
SUPER_19,3600000,170,18,30,218,83,87
SUPER_19,3610000,240,28,22,290,140,100
SUPER_19,3620000,261,23,18,302,129,132
SUPER_19,3630000,306,18,24,348,167,139
SUPER_19,3640000,188,8,6,202,87,101
SUPER_19,3650000,104,9,7,120,44,60
SUPER_19,3660000,151,10,9,170,82,69
SUPER_19,3670000,201,16,18,235,87,114
SUPER_19,3680000,290,24,32,346,135,155
SUPER_19,3690000,178,8,19,205,83,95
SUPER_19,3700000,24,4,3,31,13,11
SUPER_19,3710000,198,8,21,227,113,85
SUPER_19,3720000,201,20,27,248,96,105
SUPER_19,3730000,168,14,15,197,78,90
SUPER_19,3740000,288,24,27,339,159,129
SUPER_19,3750000,172,14,11,197,86,86
SUPER_19,3760000,300,21,25,346,149,151
SUPER_19,3770000,140,7,11,158,71,69
SUPER_19,3780000,237,17,21,275,109,128
SUPER_19,3790000,118,7,15,140,51,67
SUPER_19,3800000,90,9,13,112,49,41
SUPER_19,3810000,193,19,28,240,98,95
SUPER_19,3820000,55,4,4,63,30,25
SUPER_19,3830000,260,24,15,299,122,138
SUPER_19,3840000,266,23,33,322,132,134
SUPER_19,3850000,134,18,16,168,75,59
SUPER_19,3860000,184,12,15,211,98,86
SUPER_19,3870000,80,6,6,92,35,45
SUPER_19,3880000,182,13,13,208,79,103
SUPER_19,3890000,187,8,14,209,91,96
SUPER_19,3900000,96,12,8,116,53,43
SUPER_19,3910000,305,30,28,363,147,158
SUPER_19,3920000,234,23,22,279,108,126
SUPER_19,3930000,19,2,0,21,9,10
SUPER_19,3940000,91,6,2,99,41,50
SUPER_19,3950000,36,3,3,42,21,15
SUPER_19,3960000,227,18,22,267,119,108
SUPER_19,3970000,251,23,20,294,114,137
SUPER_19,3980000,259,22,15,296,132,127
SUPER_19,3990000,152,14,16,182,76,76
SUPER_19,4000000,218,18,13,249,104,114
SUPER_19,4010000,267,21,19,307,120,147
SUPER_19,4020000,216,18,17,251,110,106
SUPER_19,4030000,89,8,13,110,45,44
SUPER_19,4040000,171,7,16,194,86,85
SUPER_19,4050000,186,19,20,225,89,97
SUPER_19,4060000,258,24,18,300,133,125
SUPER_19,4070000,132,8,6,146,72,60
SUPER_19,4080000,185,13,19,217,103,82
SUPER_19,4090000,20,1,2,23,11,9
SUPER_19,4100000,134,10,14,158,76,58
SUPER_19,4110000,179,19,13,211,84,95
SUPER_19,4120000,120,11,16,147,53,67
SUPER_19,4130000,155,11,14,180,81,74
SUPER_19,4140000,283,23,28,334,145,138
SUPER_19,4150000,8,1,1,10,3,5
SUPER_19,4160000,110,11,6,127,45,65
SUPER_19,4170000,274,26,29,329,120,154
SUPER_19,4180000,180,21,16,217,96,84
SUPER_19,4190000,175,17,12,204,90,85
SUPER_19,4200000,231,10,22,263,120,111
SUPER_19,4210000,207,20,15,242,102,105
SUPER_19,4220000,28,0,2,30,16,12
SUPER_19,4230000,155,8,16,179,84,71
SUPER_19,4240000,149,18,13,180,70,79
SUPER_19,4250000,228,18,9,255,110,118
SUPER_19,4260000,135,8,7,150,68,67
SUPER_19,4270000,54,9,5,68,33,21
SUPER_19,4280000,133,10,6,149,70,63
SUPER_19,4290000,123,4,5,132,62,61
SUPER_19,4300000,61,6,3,70,33,28
SUPER_19,4310000,69,6,8,83,35,34
SUPER_19,4320000,134,9,8,151,73,61
SUPER_19,4330000,195,19,14,228,112,83
SUPER_19,4340000,278,24,22,324,135,143
SUPER_19,4350000,199,15,12,226,95,104
SUPER_19,4360000,49,2,7,58,25,24
SUPER_19,4370000,89,9,14,112,42,47
SUPER_19,4380000,0,0,0,0,0,0
SUPER_19,4390000,0,0,0,0,0,0
SUPER_19,4400000,0,0,0,0,0,0
SUPER_19,4410000,114,11,13,138,54,60
SUPER_19,4420000,109,13,15,137,54,55
SUPER_19,4430000,38,4,4,46,25,13
SUPER_19,4440000,76,11,12,99,35,41
SUPER_19,4450000,49,4,7,60,22,27
SUPER_19,4460000,178,13,19,210,93,85
SUPER_19,4470000,213,22,19,254,106,107
SUPER_19,4480000,185,21,14,220,105,80
SUPER_19,4490000,133,6,12,151,61,72
SUPER_19,4500000,210,22,31,263,104,106
SUPER_19,4510000,213,29,22,264,99,114
SUPER_19,4520000,160,10,15,185,85,75
SUPER_19,4530000,245,27,30,302,132,113
SUPER_19,4540000,208,14,16,238,105,103
SUPER_19,4550000,112,6,14,132,50,62
SUPER_19,4560000,182,11,7,200,90,92
SUPER_19,4570000,152,11,12,175,74,78
SUPER_19,4580000,115,11,14,140,47,68
SUPER_19,4590000,136,14,13,163,66,70
SUPER_19,4600000,178,10,17,205,104,74
SUPER_19,4610000,96,5,19,120,51,45
SUPER_19,4620000,175,16,14,205,86,89
SUPER_19,4630000,81,7,11,99,43,38
SUPER_19,4640000,161,12,22,195,77,84
SUPER_19,4650000,213,19,23,255,110,103
SUPER_19,4660000,203,16,29,248,89,114
SUPER_19,4670000,161,13,12,186,84,77
SUPER_19,4680000,74,4,12,90,39,35
SUPER_19,4690000,53,5,5,63,23,30
SUPER_19,4700000,129,10,17,156,68,61
SUPER_19,4710000,88,8,14,110,44,44
SUPER_19,4720000,159,12,12,183,87,72
SUPER_19,4730000,112,11,7,130,48,64
SUPER_19,4740000,114,9,12,135,52,62
SUPER_19,4750000,163,20,16,199,89,74
SUPER_19,4760000,86,6,6,98,53,33
SUPER_19,4770000,200,12,17,229,111,89
SUPER_19,4780000,172,13,14,199,96,76
SUPER_19,4790000,196,12,26,234,106,90
SUPER_19,4800000,126,14,9,149,64,62
SUPER_19,4810000,222,16,12,250,109,113
SUPER_19,4820000,108,5,11,124,57,51
SUPER_19,4830000,148,15,7,170,82,66
SUPER_19,4840000,142,7,11,160,81,61
SUPER_19,4850000,164,12,18,194,83,81
SUPER_19,4860000,91,9,6,106,55,36
SUPER_19,4870000,126,6,11,143,67,59
SUPER_19,4880000,229,15,17,261,122,107
SUPER_19,4890000,133,9,12,154,58,75
SUPER_19,4900000,216,15,22,253,103,113
SUPER_19,4910000,140,11,11,162,70,70
SUPER_19,4920000,81,3,6,90,43,38
SUPER_19,4930000,99,8,14,121,54,45
SUPER_19,4940000,82,5,7,94,34,48
SUPER_19,4950000,95,5,6,106,59,36
SUPER_19,4960000,190,18,29,237,97,93
SUPER_19,4970000,162,14,22,198,96,66
SUPER_19,4980000,183,11,18,212,93,90
SUPER_19,4990000,135,10,12,157,72,63
SUPER_19,5000000,143,12,13,168,84,59
SUPER_19,5010000,220,18,28,266,112,108
SUPER_19,5020000,64,5,5,74,35,29
SUPER_19,5030000,57,8,5,70,27,30
SUPER_19,5040000,117,9,10,136,63,54
SUPER_19,5050000,0,1,0,1,0,0
SUPER_19,5060000,117,12,12,141,61,56
SUPER_19,5070000,58,3,6,67,27,31
SUPER_19,5080000,132,14,12,158,72,60
SUPER_19,5090000,114,11,11,136,49,65
SUPER_19,5100000,41,2,4,47,24,17
SUPER_19,5110000,193,12,15,220,92,101
SUPER_19,5120000,101,12,10,123,49,52
SUPER_19,5130000,141,18,9,168,61,80
SUPER_19,5140000,148,15,12,175,77,71
SUPER_19,5150000,190,12,19,221,95,95
SUPER_19,5160000,119,16,10,145,67,52
SUPER_19,5170000,212,23,23,258,110,102
SUPER_19,5180000,181,12,16,209,88,93
SUPER_19,5190000,280,25,18,323,138,142
SUPER_19,5200000,302,22,33,357,140,162
SUPER_19,5210000,115,13,12,140,54,61
SUPER_19,5220000,231,21,13,265,113,118
SUPER_19,5230000,180,15,21,216,80,100
SUPER_19,5240000,140,7,16,163,74,66
SUPER_19,5250000,187,23,24,234,83,104
SUPER_19,5260000,131,8,16,155,67,64
SUPER_19,5270000,236,22,16,274,120,116
SUPER_19,5280000,152,11,14,177,74,78
SUPER_19,5290000,228,19,28,275,130,98
SUPER_19,5300000,210,20,22,252,103,107
SUPER_19,5310000,243,19,21,283,127,116
SUPER_19,5320000,41,3,6,50,24,17
SUPER_19,5330000,153,12,13,178,79,74
SUPER_19,5340000,210,15,14,239,107,103
SUPER_19,5350000,194,8,14,216,105,89
SUPER_19,5360000,57,3,4,64,34,23
SUPER_19,5370000,117,14,15,146,62,55
SUPER_19,5380000,208,15,16,239,119,89
SUPER_19,5390000,193,21,16,230,96,97
SUPER_19,5400000,113,5,6,124,61,52
SUPER_19,5410000,209,18,24,251,100,109
SUPER_19,5420000,276,18,17,311,135,141
SUPER_19,5430000,99,14,7,120,40,59
SUPER_19,5440000,226,28,17,271,102,124
SUPER_19,5450000,101,9,6,116,55,46
SUPER_19,5460000,97,8,13,118,52,45
SUPER_19,5470000,228,12,21,261,117,111
SUPER_19,5480000,169,15,15,199,83,86
SUPER_19,5490000,118,12,5,135,54,64
SUPER_19,5500000,90,3,8,101,43,47
SUPER_19,5510000,153,16,15,184,73,80
SUPER_19,5520000,242,20,16,278,113,129
SUPER_19,5530000,281,13,20,314,150,131
SUPER_19,5540000,200,23,22,245,117,83
SUPER_19,5550000,261,27,22,310,131,130
SUPER_19,5560000,129,14,20,163,67,62
SUPER_19,5570000,264,25,18,307,134,130
SUPER_19,5580000,186,20,13,219,69,117
SUPER_19,5590000,221,18,18,257,113,108
SUPER_19,5600000,278,22,19,319,140,138
SUPER_19,5610000,187,16,16,219,99,88
SUPER_19,5620000,145,17,13,175,81,64
SUPER_19,5630000,52,3,5,60,20,32
SUPER_19,5640000,166,20,21,207,82,84
SUPER_19,5650000,47,3,5,55,22,25
SUPER_19,5660000,108,14,6,128,60,48
SUPER_19,5670000,249,23,26,298,120,129
SUPER_19,5680000,136,14,9,159,63,73
SUPER_19,5690000,138,13,14,165,68,70
SUPER_19,5700000,96,5,9,110,51,45
SUPER_19,5710000,170,10,30,210,74,96
SUPER_19,5720000,141,12,15,168,62,79
SUPER_19,5730000,119,7,7,133,62,57
SUPER_19,5740000,180,10,19,209,91,89
SUPER_19,5750000,118,9,13,140,64,54
SUPER_19,5760000,0,0,0,0,0,0
SUPER_19,5770000,0,0,0,0,0,0
SUPER_19,5780000,279,20,34,333,135,144
SUPER_19,5790000,208,17,17,242,114,94
SUPER_19,5800000,184,9,14,207,92,92
SUPER_19,5810000,158,12,20,190,80,78
SUPER_19,5820000,228,15,16,259,123,105
SUPER_19,5830000,111,5,13,129,64,47
SUPER_19,5840000,13,2,3,18,5,8
SUPER_19,5850000,109,9,5,123,48,61
SUPER_19,5860000,60,5,9,74,28,32
SUPER_19,5870000,166,10,15,191,86,80
SUPER_19,5880000,74,7,5,86,35,39
SUPER_19,5890000,120,10,6,136,62,58
SUPER_19,5900000,126,10,11,147,56,70
SUPER_19,5910000,78,8,9,95,40,38
SUPER_19,5920000,207,14,20,241,90,117
SUPER_19,5930000,197,14,21,232,77,120
SUPER_19,5940000,62,7,3,72,37,25
SUPER_19,5950000,97,9,13,119,57,40
SUPER_19,5960000,56,7,3,66,27,29
SUPER_19,5970000,224,19,23,266,95,129
SUPER_19,5980000,188,11,12,211,86,102
SUPER_19,5990000,217,16,27,260,118,99
SUPER_19,6000000,103,10,12,125,47,56
SUPER_19,6010000,190,21,22,233,98,92
SUPER_19,6020000,94,6,12,112,41,53
SUPER_19,6030000,153,19,11,183,61,92
SUPER_19,6040000,185,16,21,222,94,91
SUPER_19,6050000,142,15,11,168,69,73
SUPER_19,6060000,240,23,18,281,113,127
SUPER_19,6070000,185,18,25,228,97,88
SUPER_19,6080000,102,15,10,127,51,51
SUPER_19,6090000,186,22,17,225,90,96
SUPER_19,6100000,263,27,26,316,128,135
SUPER_19,6110000,273,22,38,333,117,156
SUPER_19,6120000,155,18,15,188,86,69
SUPER_19,6130000,161,11,17,189,78,83
SUPER_19,6140000,307,21,21,349,148,159
SUPER_19,6150000,101,10,9,120,59,42
SUPER_19,6160000,203,12,22,237,108,95
SUPER_19,6170000,65,9,8,82,35,30
SUPER_19,6180000,90,11,8,109,58,32
SUPER_19,6190000,151,11,16,178,71,80
SUPER_19,6200000,160,14,11,185,77,83
SUPER_19,6210000,229,22,21,272,115,114
SUPER_19,6220000,155,14,9,178,74,81
SUPER_19,6230000,161,7,19,187,82,79
SUPER_19,6240000,121,18,14,153,55,66
SUPER_19,6250000,179,6,15,200,102,77
SUPER_19,6260000,123,11,7,141,69,54
SUPER_19,6270000,50,12,2,64,30,20
SUPER_19,6280000,249,20,24,293,126,123
SUPER_19,6290000,162,13,14,189,93,69
SUPER_19,6300000,135,15,8,158,71,64
SUPER_19,6310000,264,33,24,321,142,122
SUPER_19,6320000,176,14,17,207,85,91
SUPER_19,6330000,195,15,18,228,85,110
SUPER_19,6340000,137,13,7,157,77,60
SUPER_19,6350000,143,12,10,165,65,78
SUPER_19,6360000,114,11,7,132,64,50
SUPER_19,6370000,243,27,18,288,123,120
SUPER_19,6380000,245,20,21,286,117,128
SUPER_19,6390000,42,1,3,46,19,23
SUPER_19,6400000,165,18,9,192,84,81
SUPER_19,6410000,197,14,10,221,103,94
SUPER_19,6420000,145,16,6,167,77,68
SUPER_19,6430000,235,36,18,289,105,130
SUPER_19,6440000,112,9,8,129,52,60
SUPER_19,6450000,31,2,1,34,14,17
SUPER_19,6460000,112,14,8,134,72,40
SUPER_19,6470000,211,10,13,234,115,96
SUPER_19,6480000,106,5,5,116,54,52
SUPER_19,6490000,0,0,0,0,0,0
SUPER_19,6500000,0,0,0,0,0,0
SUPER_19,6510000,247,22,21,290,126,121
SUPER_19,6520000,202,32,25,259,104,98
SUPER_19,6530000,243,15,22,280,133,110
SUPER_19,6540000,234,20,11,265,107,127
SUPER_19,6550000,243,27,21,291,117,126
SUPER_19,6560000,76,4,2,82,47,29
SUPER_19,6570000,37,1,1,39,26,11
SUPER_19,6580000,135,12,5,152,66,69
SUPER_19,6590000,102,7,7,116,62,40
SUPER_19,6600000,46,4,3,53,28,18
SUPER_19,6610000,0,0,0,0,0,0
SUPER_19,6620000,0,0,0,0,0,0
SUPER_19,6630000,0,0,0,0,0,0
SUPER_19,6640000,0,0,0,0,0,0
SUPER_19,6650000,0,0,0,0,0,0
SUPER_19,6660000,0,0,0,0,0,0
SUPER_19,6670000,0,0,0,0,0,0
SUPER_19,6680000,0,0,0,0,0,0
SUPER_19,6690000,0,0,0,0,0,0
SUPER_19,6700000,0,0,0,0,0,0
SUPER_19,6710000,0,0,0,0,0,0
SUPER_19,6720000,0,0,0,0,0,0
SUPER_19,6730000,55,2,5,62,28,27
SUPER_19,6740000,66,10,5,81,29,37
SUPER_19,6750000,1,1,0,2,0,1
SUPER_19,6760000,0,0,0,0,0,0
SUPER_19,6770000,0,0,0,0,0,0
SUPER_19,6780000,33,4,1,38,23,10
SUPER_19,6790000,87,8,10,105,43,44
SUPER_19,6800000,21,2,3,26,9,12
SUPER_19,6810000,95,5,9,109,48,47
SUPER_19,6820000,42,4,7,53,22,20
SUPER_19,6830000,0,0,0,0,0,0
SUPER_19,6840000,0,0,0,0,0,0
SUPER_19,6850000,0,0,0,0,0,0
SUPER_19,6860000,0,0,0,0,0,0
SUPER_19,6870000,0,0,0,0,0,0
SUPER_19,6880000,0,0,0,0,0,0
SUPER_19,6890000,0,0,0,0,0,0
SUPER_19,6900000,0,0,0,0,0,0
SUPER_19,6910000,0,0,0,0,0,0
SUPER_19,6920000,0,0,0,0,0,0
SUPER_19,6930000,30,0,4,34,13,17
SUPER_19,6940000,43,4,7,54,19,24
SUPER_19,6950000,0,0,0,0,0,0
SUPER_19,6960000,0,0,0,0,0,0
SUPER_19,6970000,0,0,0,0,0,0
SUPER_19,6980000,0,0,0,0,0,0
SUPER_19,6990000,0,0,0,0,0,0
SUPER_19,7000000,0,0,0,0,0,0
SUPER_19,7010000,19,1,2,22,12,7
SUPER_19,7020000,0,0,0,0,0,0
SUPER_19,7030000,0,0,0,0,0,0
SUPER_19,7040000,0,0,0,0,0,0
SUPER_19,7050000,0,0,0,0,0,0
SUPER_19,7060000,0,0,0,0,0,0
SUPER_19,7070000,0,0,0,0,0,0
SUPER_19,7080000,0,0,0,0,0,0
SUPER_19,7090000,59,4,2,65,35,24
SUPER_19,7100000,23,1,3,27,10,13
SUPER_19,7110000,28,2,4,34,15,13
SUPER_19,7120000,30,7,4,41,11,19
SUPER_19,7130000,19,1,1,21,10,9
SUPER_19,7140000,23,5,4,32,15,8
SUPER_19,7150000,129,9,21,159,59,70
SUPER_19,7160000,75,2,8,85,43,32
SUPER_19,7170000,37,2,2,41,18,19
SUPER_19,7180000,92,8,11,111,43,49
SUPER_19,7190000,233,12,23,268,120,113
SUPER_19,7200000,263,19,31,313,131,132
SUPER_19,7210000,229,27,15,271,119,110
SUPER_19,7220000,72,2,7,81,34,38
SUPER_19,7230000,100,14,16,130,41,59
SUPER_19,7240000,179,22,20,221,101,78
SUPER_19,7250000,114,14,4,132,61,53
SUPER_19,7260000,170,14,14,198,95,75
SUPER_19,7270000,189,20,21,230,99,90
SUPER_19,7280000,107,9,19,135,49,58
SUPER_19,7290000,129,14,15,158,52,77
SUPER_19,7300000,227,25,24,276,114,113
SUPER_19,7310000,263,28,24,315,130,133
SUPER_19,7320000,215,21,21,257,108,107
SUPER_19,7330000,119,8,13,140,65,54
SUPER_19,7340000,126,11,6,143,67,59
SUPER_19,7350000,81,12,17,110,35,46
SUPER_19,7360000,90,8,3,101,48,42
SUPER_19,7370000,101,9,14,124,38,63
SUPER_19,7380000,1,1,0,2,1,0
SUPER_19,7390000,132,13,15,160,60,72
SUPER_19,7400000,181,18,16,215,103,78
SUPER_19,7410000,180,15,15,210,87,93
SUPER_19,7420000,69,5,8,82,31,38
SUPER_19,7430000,181,19,18,218,74,107
SUPER_19,7440000,68,7,8,83,28,40
SUPER_19,7450000,68,9,7,84,30,38
SUPER_19,7460000,132,18,11,161,50,82
SUPER_19,7470000,146,17,13,176,70,76
SUPER_19,7480000,208,13,22,243,82,126
SUPER_19,7490000,52,7,7,66,21,31
SUPER_19,7500000,134,18,17,169,65,69
SUPER_19,7510000,259,26,17,302,128,131
SUPER_19,7520000,226,22,12,260,116,110
SUPER_19,7530000,152,22,13,187,73,79
SUPER_19,7540000,19,1,1,21,9,10
SUPER_19,7550000,0,0,0,0,0,0
SUPER_19,7560000,0,0,0,0,0,0
SUPER_19,7570000,0,0,0,0,0,0
SUPER_19,7580000,0,0,0,0,0,0
SUPER_19,7590000,0,0,0,0,0,0
SUPER_19,7600000,0,0,0,0,0,0
SUPER_19,7610000,81,1,9,91,48,33
SUPER_19,7620000,73,7,4,84,37,36
SUPER_19,7630000,101,8,12,121,55,46
SUPER_19,7640000,254,19,20,293,128,126
SUPER_19,7650000,189,14,16,219,103,86
SUPER_19,7660000,52,3,5,60,32,20
SUPER_19,7670000,155,13,16,184,75,80
SUPER_19,7680000,147,8,13,168,90,57
SUPER_19,7690000,215,21,22,258,99,116
SUPER_19,7700000,142,12,15,169,76,66
SUPER_19,7710000,132,11,8,151,68,64
SUPER_19,7720000,230,16,25,271,124,106
SUPER_19,7730000,59,8,5,72,27,32
SUPER_19,7740000,69,3,5,77,31,38
SUPER_19,7750000,17,0,6,23,9,8
SUPER_19,7760000,70,2,4,76,41,29
SUPER_19,7770000,128,8,12,148,65,63
SUPER_19,7780000,229,26,31,286,123,106
SUPER_19,7790000,33,3,0,36,14,19
SUPER_19,7800000,84,7,6,97,42,42
SUPER_19,7810000,77,4,6,87,39,38
SUPER_19,7820000,61,6,7,74,33,28
SUPER_19,7830000,117,14,12,143,62,55
SUPER_19,7840000,238,13,24,275,126,112
SUPER_19,7850000,240,20,17,277,122,118
SUPER_19,7860000,104,2,6,112,46,58
SUPER_19,7870000,115,7,5,127,63,52
SUPER_19,7880000,262,27,20,309,141,121
SUPER_19,7890000,20,0,1,21,11,9
SUPER_19,7900000,66,8,4,78,31,35
SUPER_19,7910000,123,9,17,149,67,56
SUPER_19,7920000,221,23,13,257,114,107
SUPER_19,7930000,75,6,5,86,44,31
SUPER_19,7940000,74,7,9,90,47,27
SUPER_19,7950000,122,6,11,139,67,55
SUPER_19,7960000,163,22,13,198,73,90
SUPER_19,7970000,207,19,16,242,109,98
SUPER_19,7980000,179,11,13,203,98,81
SUPER_19,7990000,229,17,22,268,123,106
SUPER_19,8000000,98,4,6,108,49,49
SUPER_19,8010000,187,10,19,216,106,81
SUPER_19,8020000,140,11,6,157,61,79
SUPER_19,8030000,62,3,5,70,40,22
SUPER_19,8040000,90,7,8,105,49,41
SUPER_19,8050000,231,23,17,271,124,107
SUPER_19,8060000,158,13,16,187,77,81
SUPER_19,8070000,196,12,23,231,106,90
SUPER_19,8080000,170,9,14,193,89,81
SUPER_19,8090000,166,13,16,195,94,72
SUPER_19,8100000,196,14,27,237,88,108
SUPER_19,8110000,246,21,28,295,128,118
SUPER_19,8120000,224,18,22,264,105,119
SUPER_19,8130000,110,7,13,130,65,45
SUPER_19,8140000,186,15,27,228,96,90
SUPER_19,8150000,164,17,20,201,81,83
SUPER_19,8160000,189,19,22,230,98,91
SUPER_19,8170000,92,2,14,108,50,42
SUPER_19,8180000,127,11,8,146,56,71
SUPER_19,8190000,245,16,20,281,131,114
SUPER_19,8200000,116,7,7,130,64,52
SUPER_19,8210000,173,9,17,199,90,83
SUPER_19,8220000,193,14,18,225,99,94
SUPER_19,8230000,142,11,11,164,81,61
SUPER_19,8240000,204,12,15,231,97,107
SUPER_19,8250000,148,11,14,173,66,82
SUPER_19,8260000,174,16,13,203,88,86
SUPER_19,8270000,34,2,3,39,14,20
SUPER_19,8280000,183,18,14,215,88,95
SUPER_19,8290000,97,11,9,117,44,53
SUPER_19,8300000,37,3,3,43,20,17
SUPER_19,8310000,253,22,22,297,117,136
SUPER_19,8320000,216,13,10,239,122,94
SUPER_19,8330000,194,21,15,230,87,107
SUPER_19,8340000,261,17,29,307,139,122
SUPER_19,8350000,277,22,22,321,126,151
SUPER_19,8360000,139,15,10,164,68,71
SUPER_19,8370000,101,8,10,119,56,45
SUPER_19,8380000,95,11,3,109,51,44
SUPER_19,8390000,0,0,0,0,0,0
SUPER_19,8400000,0,0,0,0,0,0
SUPER_19,8410000,55,1,9,65,26,29
SUPER_19,8420000,110,12,15,137,58,52
SUPER_19,8430000,222,23,22,267,99,123
SUPER_19,8440000,228,18,19,265,114,114
SUPER_19,8450000,239,20,16,275,141,98
SUPER_19,8460000,88,3,8,99,50,38
SUPER_19,8470000,139,6,15,160,74,65
SUPER_19,8480000,172,13,17,202,78,94
SUPER_19,8490000,107,11,7,125,63,44
SUPER_19,8500000,106,6,13,125,57,49
SUPER_19,8510000,84,11,13,108,51,33
SUPER_19,8520000,0,0,0,0,0,0
SUPER_19,8530000,0,0,0,0,0,0
SUPER_19,8540000,248,6,23,277,120,128
SUPER_19,8550000,97,5,2,104,42,55
SUPER_19,8560000,47,4,4,55,22,25
SUPER_19,8570000,62,2,3,67,29,33
SUPER_19,8580000,67,4,3,74,31,36
SUPER_19,8590000,122,4,6,132,57,65
SUPER_19,8600000,40,2,5,47,17,23
SUPER_19,8610000,125,7,4,136,72,53
SUPER_19,8620000,215,17,8,240,118,97
SUPER_19,8630000,134,3,22,159,62,72
SUPER_19,8640000,207,24,9,240,116,91
SUPER_19,8650000,150,4,16,170,68,82
SUPER_19,8660000,55,3,6,64,31,24
SUPER_19,8670000,224,19,15,258,114,110
SUPER_19,8680000,142,8,16,166,76,66
SUPER_19,8690000,202,9,17,228,104,98
SUPER_19,8700000,198,19,17,234,96,102
SUPER_19,8710000,26,2,3,31,14,12
SUPER_19,8720000,80,6,6,92,36,44
SUPER_19,8730000,95,12,9,116,52,43
SUPER_19,8740000,172,17,5,194,94,78
SUPER_19,8750000,274,17,19,310,138,136
SUPER_19,8760000,282,27,18,327,133,149
SUPER_19,8770000,154,13,10,177,72,82
SUPER_19,8780000,201,16,17,234,92,109
SUPER_19,8790000,187,14,16,217,95,92
SUPER_19,8800000,247,25,21,293,126,121
SUPER_19,8810000,282,22,22,326,155,127
SUPER_19,8820000,206,19,17,242,106,100
SUPER_19,8830000,314,22,24,360,152,162
SUPER_19,8840000,187,16,12,215,98,89
SUPER_19,8850000,116,7,13,136,59,57
SUPER_19,8860000,101,6,4,111,49,52
SUPER_19,8870000,236,16,18,270,120,116
SUPER_19,8880000,169,16,20,205,87,82
SUPER_19,8890000,164,13,19,196,89,75
SUPER_19,8900000,76,7,10,93,39,37
SUPER_19,8910000,78,8,10,96,45,33
SUPER_19,8920000,154,7,12,173,83,71
SUPER_19,8930000,100,8,6,114,44,56
SUPER_19,8940000,61,3,1,65,35,26
SUPER_19,8950000,82,5,5,92,44,38
SUPER_19,8960000,56,3,4,63,31,25
SUPER_19,8970000,206,20,13,239,98,108
SUPER_19,8980000,227,14,15,256,123,104
SUPER_19,8990000,223,34,14,271,112,111
SUPER_19,9000000,222,16,27,265,105,117
SUPER_19,9010000,289,30,36,355,153,136
SUPER_19,9020000,174,22,20,216,87,87
SUPER_19,9030000,125,16,7,148,67,58
SUPER_19,9040000,101,11,5,117,51,50
SUPER_19,9050000,44,2,1,47,26,18
SUPER_19,9060000,32,1,2,35,17,15
SUPER_19,9070000,59,0,2,61,36,23
SUPER_19,9080000,43,5,7,55,18,25
SUPER_19,9090000,64,5,7,76,26,38
SUPER_19,9100000,55,9,4,68,23,32
SUPER_19,9110000,130,15,4,149,61,69
SUPER_19,9120000,83,8,14,105,45,38
SUPER_19,9130000,202,15,21,238,100,102
SUPER_19,9140000,239,29,22,290,113,126
SUPER_19,9150000,282,20,26,328,140,142
SUPER_19,9160000,249,15,20,284,133,116
SUPER_19,9170000,76,5,8,89,43,33
SUPER_19,9180000,24,5,1,30,11,13
SUPER_19,9190000,87,4,8,99,46,41
SUPER_19,9200000,221,19,22,262,113,108
SUPER_19,9210000,229,13,28,270,107,122
SUPER_19,9220000,67,11,8,86,38,29
SUPER_19,9230000,173,19,14,206,89,84
SUPER_19,9240000,89,8,7,104,43,46
SUPER_19,9250000,65,3,2,70,39,26
SUPER_19,9260000,204,13,26,243,105,99
SUPER_19,9270000,95,9,12,116,48,47
SUPER_19,9280000,106,10,8,124,48,58
SUPER_19,9290000,19,0,0,19,11,8
SUPER_19,9300000,170,20,25,215,86,84
SUPER_19,9310000,257,21,16,294,125,132
SUPER_19,9320000,34,2,5,41,16,18
SUPER_19,9330000,12,1,4,17,7,5
SUPER_19,9340000,76,6,4,86,36,40
SUPER_19,9350000,70,4,7,81,37,33
SUPER_19,9360000,237,34,21,292,121,116
SUPER_19,9370000,229,15,25,269,109,120
SUPER_19,9380000,142,6,15,163,70,72
SUPER_19,9390000,155,8,13,176,83,72
SUPER_19,9400000,278,19,23,320,149,129
SUPER_19,9410000,44,0,3,47,20,24
SUPER_19,9420000,101,11,10,122,48,53
SUPER_19,9430000,1,2,2,5,0,1
SUPER_19,9440000,2,1,0,3,0,2
SUPER_19,9450000,0,1,1,2,0,0
SUPER_19,9460000,26,5,5,36,10,16
SUPER_19,9470000,92,6,2,100,36,56
SUPER_19,9480000,68,3,10,81,35,33
SUPER_19,9490000,168,9,10,187,88,80
SUPER_19,9500000,310,18,19,347,153,157
SUPER_19,9510000,193,21,12,226,107,86
SUPER_19,9520000,91,3,8,102,55,36
SUPER_19,9530000,147,15,13,175,75,72
SUPER_19,9540000,180,11,11,202,92,88
SUPER_19,9550000,216,19,12,247,112,104
SUPER_19,9560000,79,2,4,85,42,37
SUPER_19,9570000,65,5,9,79,33,32
SUPER_19,9580000,94,4,3,101,59,35
SUPER_19,9590000,48,2,3,53,23,25
SUPER_19,9600000,126,9,10,145,62,64
SUPER_19,9610000,104,6,8,118,66,38
SUPER_19,9620000,175,11,11,197,87,88
SUPER_19,9630000,139,11,9,159,80,59
SUPER_19,9640000,151,10,9,170,77,74
SUPER_19,9650000,135,7,14,156,69,66
SUPER_19,9660000,228,21,26,275,118,110
SUPER_19,9670000,143,14,14,171,63,80
SUPER_19,9680000,54,2,2,58,25,29
SUPER_19,9690000,120,13,13,146,55,65
SUPER_19,9700000,253,15,19,287,139,114
SUPER_19,9710000,152,10,10,172,77,75
SUPER_19,9720000,215,21,15,251,101,114
SUPER_19,9730000,133,10,10,153,71,62
SUPER_19,9740000,152,10,10,172,72,80
SUPER_19,9750000,249,19,12,280,112,137
SUPER_19,9760000,150,9,16,175,76,74
SUPER_19,9770000,30,2,1,33,14,16
SUPER_19,9780000,41,1,4,46,20,21
SUPER_19,9790000,118,8,9,135,54,64
SUPER_19,9800000,277,20,19,316,140,137
SUPER_19,9810000,90,2,7,99,47,43
SUPER_19,9820000,62,7,4,73,30,32
SUPER_19,9830000,176,18,11,205,87,89
SUPER_19,9840000,279,23,20,322,141,138
SUPER_19,9850000,241,19,16,276,131,110
SUPER_19,9860000,224,20,12,256,113,111
SUPER_19,9870000,108,12,11,131,60,48
SUPER_19,9880000,259,27,14,300,129,130
SUPER_19,9890000,272,13,12,297,144,128
SUPER_19,9900000,172,10,12,194,79,93
SUPER_19,9910000,93,3,13,109,55,38
SUPER_19,9920000,55,2,2,59,33,22
SUPER_19,9930000,105,6,14,125,56,49
SUPER_19,9940000,242,12,21,275,128,114
SUPER_19,9950000,181,11,11,203,91,90
SUPER_19,9960000,93,6,7,106,50,43
SUPER_19,9970000,110,8,11,129,53,57
SUPER_19,9980000,118,8,10,136,62,56
SUPER_19,9990000,79,2,10,91,38,41
SUPER_19,10000000,201,12,14,227,107,94
SUPER_19,10010000,310,24,27,361,163,147
SUPER_19,10020000,107,11,9,127,45,62
SUPER_19,10030000,257,21,12,290,142,115
SUPER_19,10040000,130,6,8,144,66,64
SUPER_19,10050000,54,6,6,66,26,28
SUPER_19,10060000,120,8,17,145,55,65
SUPER_19,10070000,37,1,2,40,19,18
SUPER_19,10080000,41,1,10,52,23,18
SUPER_19,10090000,110,12,6,128,63,47
SUPER_19,10100000,294,25,20,339,138,156
SUPER_19,10110000,232,14,12,258,110,122
SUPER_19,10120000,72,4,3,79,38,34
SUPER_19,10130000,177,10,13,200,84,93
SUPER_19,10140000,151,12,16,179,78,73
SUPER_19,10150000,10,0,3,13,7,3
SUPER_19,10160000,114,11,19,144,58,56
SUPER_19,10170000,364,22,27,413,175,189
SUPER_19,10180000,197,13,24,234,92,105
SUPER_19,10190000,141,10,13,164,59,82
SUPER_19,10200000,1,0,0,1,1,0
SUPER_19,10210000,87,9,10,106,41,46
SUPER_19,10220000,267,26,21,314,159,108
SUPER_19,10230000,105,9,14,128,48,57
SUPER_19,10240000,79,6,8,93,43,36
SUPER_19,10250000,305,17,28,350,143,162
SUPER_19,10260000,231,20,14,265,109,122
SUPER_19,10270000,44,4,7,55,24,20
SUPER_19,10280000,105,4,12,121,54,51
SUPER_19,10290000,79,4,5,88,42,37
SUPER_19,10300000,94,4,2,100,55,39
SUPER_19,10310000,256,29,26,311,120,136
SUPER_19,10320000,249,22,15,286,128,121
SUPER_19,10330000,7,0,0,7,1,6
SUPER_19,10340000,10,1,3,14,9,1
SUPER_19,10350000,10,1,2,13,5,5
SUPER_19,10360000,31,2,1,34,17,14
SUPER_19,10370000,3,0,2,5,1,2
SUPER_19,10380000,121,7,14,142,65,56
SUPER_19,10390000,213,21,21,255,106,107
SUPER_19,10400000,284,16,25,325,151,133
SUPER_19,10410000,221,10,11,242,120,101
SUPER_19,10420000,35,3,2,40,15,20
SUPER_19,10430000,35,1,3,39,16,19
SUPER_19,10440000,156,16,10,182,77,79
SUPER_19,10450000,299,19,29,347,150,149
SUPER_19,10460000,86,5,13,104,53,33
SUPER_19,10470000,48,2,2,52,22,26
SUPER_19,10480000,33,7,8,48,17,16
SUPER_19,10490000,41,4,1,46,26,15
SUPER_19,10500000,122,5,10,137,65,57
SUPER_19,10510000,166,18,13,197,82,84
SUPER_19,10520000,29,3,1,33,21,8
SUPER_19,10530000,184,10,8,202,105,79
SUPER_19,10540000,123,10,11,144,54,69
SUPER_19,10550000,77,4,13,94,36,41
SUPER_19,10560000,66,5,6,77,37,29
SUPER_19,10570000,56,3,4,63,32,24
SUPER_19,10580000,170,15,18,203,97,73
SUPER_19,10590000,127,9,13,149,59,68
SUPER_19,10600000,84,6,5,95,54,30
SUPER_19,10610000,94,11,11,116,44,50
SUPER_19,10620000,92,5,8,105,44,48
SUPER_19,10630000,0,0,0,0,0,0
SUPER_19,10640000,0,0,0,0,0,0
SUPER_19,10650000,120,13,14,147,49,71
SUPER_19,10660000,232,26,29,287,127,105
SUPER_19,10670000,301,22,25,348,154,147
SUPER_19,10680000,237,17,20,274,111,126
SUPER_19,10690000,62,5,7,74,32,30
SUPER_19,10700000,55,6,5,66,31,24
SUPER_19,10710000,140,10,12,162,64,76
SUPER_19,10720000,207,23,13,243,104,103
SUPER_19,10730000,155,5,13,173,80,75
SUPER_19,10740000,167,12,17,196,80,87
SUPER_19,10750000,168,11,21,200,85,83
SUPER_19,10760000,138,19,14,171,81,57
SUPER_19,10770000,228,23,14,265,109,119
SUPER_19,10780000,114,12,14,140,53,61
SUPER_19,10790000,174,18,20,212,92,82
SUPER_19,10800000,105,10,11,126,55,50
SUPER_19,10810000,143,13,12,168,76,67
SUPER_19,10820000,203,23,12,238,104,99
SUPER_19,10830000,161,22,12,195,77,84
SUPER_19,10840000,186,15,18,219,101,85
SUPER_19,10850000,154,21,17,192,77,77
SUPER_19,10860000,158,14,19,191,85,73
SUPER_19,10870000,231,20,23,274,118,113
SUPER_19,10880000,131,17,9,157,63,68
SUPER_19,10890000,134,12,14,160,70,64
SUPER_19,10900000,205,25,14,244,104,101
SUPER_19,10910000,132,13,13,158,66,66
SUPER_19,10920000,179,14,14,207,95,84
SUPER_19,10930000,255,11,18,284,133,122
SUPER_19,10940000,267,22,22,311,127,140
SUPER_19,10950000,150,12,8,170,70,80
SUPER_19,10960000,165,4,17,186,86,79
SUPER_19,10970000,160,13,20,193,94,66
SUPER_19,10980000,234,18,26,278,106,128
SUPER_19,10990000,124,13,12,149,65,59
SUPER_19,11000000,72,11,8,91,40,32
SUPER_19,11010000,69,6,10,85,40,29
SUPER_19,11020000,188,14,14,216,97,91
SUPER_19,11030000,262,16,22,300,132,130
SUPER_19,11040000,95,6,7,108,54,41
SUPER_19,11050000,198,10,19,227,99,99
SUPER_19,11060000,53,4,2,59,29,24
SUPER_19,11070000,128,12,5,145,57,71
SUPER_19,11080000,49,5,3,57,22,27
SUPER_19,11090000,211,20,18,249,105,106
SUPER_19,11100000,48,3,5,56,32,16
SUPER_19,11110000,167,12,8,187,88,79
SUPER_19,11120000,289,21,28,338,126,163
SUPER_19,11130000,241,14,18,273,126,115
SUPER_19,11140000,188,13,21,222,100,88
SUPER_19,11150000,235,21,24,280,104,131
SUPER_19,11160000,218,20,29,267,111,107
SUPER_19,11170000,210,14,19,243,135,75
SUPER_19,11180000,47,2,3,52,26,21
SUPER_19,11190000,25,3,2,30,14,11
SUPER_19,11200000,70,6,7,83,35,35
SUPER_19,11210000,200,15,16,231,96,104
SUPER_19,11220000,242,17,21,280,112,130
SUPER_19,11230000,197,8,17,222,106,91
SUPER_19,11240000,79,5,1,85,42,37
SUPER_19,11250000,84,9,10,103,42,42
SUPER_19,11260000,181,19,19,219,89,92
SUPER_19,11270000,189,19,16,224,85,104
SUPER_19,11280000,229,17,35,281,115,114
SUPER_19,11290000,244,21,30,295,141,103
SUPER_19,11300000,224,20,14,258,128,96
SUPER_19,11310000,299,25,25,349,164,135
SUPER_19,11320000,275,19,22,316,159,116
SUPER_19,11330000,64,3,4,71,31,33
SUPER_19,11340000,113,8,5,126,56,57
SUPER_19,11350000,219,18,31,268,115,104
SUPER_19,11360000,250,14,13,277,125,125
SUPER_19,11370000,0,0,0,0,0,0
SUPER_19,11380000,0,0,0,0,0,0
SUPER_19,11390000,0,0,0,0,0,0
SUPER_19,11400000,228,15,12,255,132,96
SUPER_19,11410000,131,8,15,154,55,76
SUPER_19,11420000,180,18,17,215,99,81
SUPER_19,11430000,82,9,8,99,46,36
SUPER_19,11440000,249,18,23,290,125,124
SUPER_19,11450000,195,12,19,226,98,97
SUPER_19,11460000,77,4,4,85,50,27
SUPER_19,11470000,99,6,13,118,54,45
SUPER_19,11480000,228,23,17,268,112,116
SUPER_19,11490000,220,22,25,267,114,106
SUPER_19,11500000,92,2,3,97,53,39
SUPER_19,11510000,87,10,10,107,50,37
SUPER_19,11520000,283,17,20,320,146,137
SUPER_19,11530000,206,24,21,251,102,104
SUPER_19,11540000,221,17,25,263,103,118
SUPER_19,11550000,209,19,19,247,111,98
SUPER_19,11560000,211,11,22,244,113,98
SUPER_19,11570000,169,14,20,203,70,99
SUPER_19,11580000,188,14,13,215,95,93
SUPER_19,11590000,0,0,0,0,0,0
SUPER_19,11600000,0,0,0,0,0,0
SUPER_19,11610000,249,29,29,307,131,118
SUPER_19,11620000,107,8,9,124,46,61
SUPER_19,11630000,239,24,27,290,119,120
SUPER_19,11640000,164,14,9,187,83,81
SUPER_19,11650000,123,11,9,143,62,61
SUPER_19,11660000,200,15,20,235,101,99
SUPER_19,11670000,170,14,8,192,84,86
SUPER_19,11680000,237,17,21,275,118,119
SUPER_19,11690000,313,18,32,363,162,151
SUPER_19,11700000,211,16,16,243,106,105
SUPER_19,11710000,86,0,0,86,43,43
SUPER_19,11720000,256,21,19,296,116,140
SUPER_19,11730000,17,0,2,19,9,8
SUPER_19,11740000,159,8,14,181,86,73
SUPER_19,11750000,73,5,6,84,35,38
SUPER_19,11760000,250,17,27,294,119,131
SUPER_19,11770000,240,18,19,277,124,116
SUPER_19,11780000,223,25,21,269,118,105
SUPER_19,11790000,162,14,18,194,97,65
SUPER_19,11800000,55,1,0,56,30,25
SUPER_19,11810000,208,15,19,242,111,97
SUPER_19,11820000,93,5,9,107,53,40
SUPER_19,11830000,19,1,1,21,13,6
SUPER_19,11840000,200,12,13,225,100,100
SUPER_19,11850000,275,21,25,321,117,158
SUPER_19,11860000,166,12,12,190,82,84
SUPER_19,11870000,180,13,22,215,114,66
SUPER_19,11880000,160,8,10,178,89,71
SUPER_19,11890000,294,22,17,333,171,123
SUPER_19,11900000,260,24,21,305,134,126
SUPER_19,11910000,279,24,22,325,142,137
SUPER_19,11920000,280,16,32,328,144,136
SUPER_19,11930000,279,14,16,309,152,127
SUPER_19,11940000,134,5,5,144,69,65
SUPER_19,11950000,254,7,19,280,132,122
SUPER_19,11960000,215,17,23,255,113,102
SUPER_19,11970000,218,26,17,261,105,113
SUPER_19,11980000,147,11,13,171,85,62
SUPER_19,11990000,230,12,22,264,124,106
SUPER_19,12000000,0,0,0,0,0,0
SUPER_19,12010000,0,0,0,0,0,0
SUPER_19,12020000,0,0,0,0,0,0
SUPER_19,12030000,37,4,3,44,16,21
SUPER_19,12040000,2,1,0,3,1,1
SUPER_19,12050000,1,0,1,2,1,0
SUPER_19,12060000,10,3,1,14,4,6
SUPER_19,12070000,35,3,0,38,27,8
SUPER_19,12080000,46,6,1,53,30,16
SUPER_19,12090000,37,3,3,43,25,12
SUPER_19,12100000,1,3,1,5,0,1
SUPER_19,12110000,0,1,0,1,0,0
SUPER_19,12120000,4,1,0,5,4,0
SUPER_20,10000,0,0,0,0,0,0
SUPER_20,20000,0,0,0,0,0,0
SUPER_20,30000,0,0,0,0,0,0
SUPER_20,40000,0,0,0,0,0,0
SUPER_20,50000,0,0,0,0,0,0
SUPER_20,60000,23,11,9,43,15,8
SUPER_20,70000,138,7,15,160,72,66
SUPER_20,80000,214,24,18,256,109,105
SUPER_20,90000,65,7,6,78,35,30
SUPER_20,100000,155,11,20,186,88,67
SUPER_20,110000,202,23,15,240,93,109
SUPER_20,120000,112,12,9,133,61,51
SUPER_20,130000,111,4,7,122,66,45
SUPER_20,140000,54,1,5,60,27,27
SUPER_20,150000,191,17,13,221,102,89
SUPER_20,160000,214,11,16,241,121,93
SUPER_20,170000,226,24,19,269,109,117
SUPER_20,180000,183,7,14,204,94,89
SUPER_20,190000,106,4,7,117,64,42
SUPER_20,200000,223,20,12,255,106,117
SUPER_20,210000,41,3,4,48,23,18
SUPER_20,220000,151,7,11,169,87,64
SUPER_20,230000,56,4,3,63,33,23
SUPER_20,240000,26,1,1,28,14,12
SUPER_20,250000,87,6,5,98,50,37
SUPER_20,260000,215,19,26,260,104,111
SUPER_20,270000,170,17,18,205,93,77
SUPER_20,280000,65,14,5,84,40,25
SUPER_20,290000,16,1,0,17,7,9
SUPER_20,300000,121,10,7,138,61,60
SUPER_20,310000,269,21,17,307,121,148
SUPER_20,320000,213,17,14,244,110,103
SUPER_20,330000,151,11,16,178,76,75
SUPER_20,340000,164,6,29,199,95,69
SUPER_20,350000,245,21,27,293,112,133
SUPER_20,360000,171,18,11,200,84,87
SUPER_20,370000,17,2,0,19,12,5
SUPER_20,380000,95,9,4,108,53,42
SUPER_20,390000,194,12,12,218,108,86
SUPER_20,400000,291,22,28,341,163,128
SUPER_20,410000,229,26,15,270,110,119
SUPER_20,420000,284,20,16,320,146,138
SUPER_20,430000,218,25,17,260,104,114
SUPER_20,440000,240,19,31,290,105,135
SUPER_20,450000,92,8,4,104,37,55
SUPER_20,460000,85,5,1,91,40,45
SUPER_20,470000,224,21,19,264,108,116
SUPER_20,480000,179,16,19,214,91,88
SUPER_20,490000,297,31,35,363,143,154
SUPER_20,500000,227,14,26,267,115,112
SUPER_20,510000,158,7,11,176,82,76
SUPER_20,520000,95,7,11,113,53,42
SUPER_20,530000,160,17,7,184,83,77
SUPER_20,540000,157,11,15,183,86,71
SUPER_20,550000,248,20,30,298,138,110
SUPER_20,560000,212,15,21,248,100,112
SUPER_20,570000,59,3,3,65,35,24
SUPER_20,580000,55,3,7,65,32,23
SUPER_20,590000,117,10,8,135,60,57
SUPER_20,600000,136,11,8,155,65,71
SUPER_20,610000,84,4,7,95,49,35
SUPER_20,620000,249,13,24,286,142,107
SUPER_20,630000,218,18,17,253,112,106
SUPER_20,640000,26,1,0,27,16,10
SUPER_20,650000,173,12,13,198,88,85
SUPER_20,660000,300,26,32,358,166,134
SUPER_20,670000,73,6,2,81,34,39
SUPER_20,680000,112,11,7,130,64,48
SUPER_20,690000,105,14,6,125,62,43
SUPER_20,700000,143,12,7,162,76,67
SUPER_20,710000,16,0,5,21,9,7
SUPER_20,720000,108,10,7,125,58,50
SUPER_20,730000,102,7,14,123,48,54
SUPER_20,740000,126,10,9,145,77,49
SUPER_20,750000,277,22,25,324,138,139
SUPER_20,760000,198,10,22,230,100,98
SUPER_20,770000,216,16,23,255,112,104
SUPER_20,780000,289,23,29,341,147,142
SUPER_20,790000,302,19,30,351,147,155
SUPER_20,800000,267,25,31,323,127,140
SUPER_20,810000,249,23,28,300,114,135
SUPER_20,820000,256,24,22,302,128,128
SUPER_20,830000,210,16,23,249,117,93
SUPER_20,840000,166,12,12,190,83,83
SUPER_20,850000,219,10,20,249,112,107
SUPER_20,860000,304,27,30,361,166,138
SUPER_20,870000,164,14,11,189,83,81
SUPER_20,880000,106,12,17,135,46,60
SUPER_20,890000,200,16,13,229,102,98
SUPER_20,900000,21,0,0,21,13,8
SUPER_20,910000,122,10,9,141,58,64
SUPER_20,920000,57,3,4,64,33,24
SUPER_20,930000,35,2,2,39,15,20
SUPER_20,940000,146,10,12,168,82,64
SUPER_20,950000,284,17,35,336,135,149
SUPER_20,960000,0,0,0,0,0,0
SUPER_20,970000,0,0,0,0,0,0
SUPER_20,980000,200,9,17,226,93,107
SUPER_20,990000,179,17,20,216,91,88
SUPER_20,1000000,51,4,3,58,28,23
SUPER_20,1010000,77,6,8,91,38,39
SUPER_20,1020000,0,0,0,0,0,0
SUPER_20,1030000,0,0,0,0,0,0
SUPER_20,1040000,18,2,1,21,10,8
SUPER_20,1050000,0,0,0,0,0,0
SUPER_20,1060000,0,0,0,0,0,0
SUPER_20,1070000,69,7,7,83,38,31
SUPER_20,1080000,246,23,22,291,119,127
SUPER_20,1090000,279,19,16,314,153,126
SUPER_20,1100000,253,20,18,291,130,123
SUPER_20,1110000,224,12,13,249,122,102
SUPER_20,1120000,113,4,9,126,64,49
SUPER_20,1130000,256,9,30,295,126,130
SUPER_20,1140000,206,18,16,240,106,100
SUPER_20,1150000,277,18,26,321,149,128
SUPER_20,1160000,28,0,2,30,17,11
SUPER_20,1170000,214,16,20,250,111,103
SUPER_20,1180000,164,14,16,194,95,69
SUPER_20,1190000,225,31,21,277,114,111
SUPER_20,1200000,251,18,34,303,128,123
SUPER_20,1210000,293,24,20,337,155,138
SUPER_20,1220000,195,20,22,237,96,99
SUPER_20,1230000,131,11,12,154,74,57
SUPER_20,1240000,171,18,15,204,79,92
SUPER_20,1250000,192,24,19,235,91,101
SUPER_20,1260000,259,20,21,300,121,138
SUPER_20,1270000,266,18,15,299,139,127
SUPER_20,1280000,214,12,12,238,116,98
SUPER_20,1290000,202,13,18,233,107,95
SUPER_20,1300000,258,24,20,302,114,144
SUPER_20,1310000,172,17,22,211,84,88
SUPER_20,1320000,184,14,24,222,87,97
SUPER_20,1330000,249,20,25,294,133,116
SUPER_20,1340000,120,5,10,135,73,47
SUPER_20,1350000,84,4,4,92,43,41
SUPER_20,1360000,25,1,1,27,14,11
SUPER_20,1370000,54,7,8,69,18,36
SUPER_20,1380000,212,19,17,248,109,103
SUPER_20,1390000,69,4,6,79,36,33
SUPER_20,1400000,162,14,12,188,96,66
SUPER_20,1410000,197,16,19,232,94,103
SUPER_20,1420000,184,22,16,222,84,100
SUPER_20,1430000,33,3,5,41,21,12
SUPER_20,1440000,198,14,17,229,114,84
SUPER_20,1450000,9,0,1,10,6,3
SUPER_20,1460000,18,1,5,24,12,6
SUPER_20,1470000,151,11,11,173,68,83
SUPER_20,1480000,105,13,6,124,49,56
SUPER_20,1490000,148,14,9,171,64,84
SUPER_20,1500000,79,10,5,94,41,38
SUPER_20,1510000,221,20,21,262,118,103
SUPER_20,1520000,169,15,19,203,85,84
SUPER_20,1530000,199,21,20,240,92,107
SUPER_20,1540000,116,4,7,127,66,50
SUPER_20,1550000,324,14,38,376,151,173
SUPER_20,1560000,315,23,27,365,165,150
SUPER_20,1570000,231,18,12,261,111,120
SUPER_20,1580000,109,11,5,125,59,50
SUPER_20,1590000,173,16,14,203,90,83
SUPER_20,1600000,168,14,12,194,83,85
SUPER_20,1610000,267,18,22,307,150,117
SUPER_20,1620000,225,21,24,270,103,122
SUPER_20,1630000,143,12,9,164,66,77
SUPER_20,1640000,241,16,20,277,126,115
SUPER_20,1650000,181,11,13,205,104,77
SUPER_20,1660000,67,11,3,81,35,32
SUPER_20,1670000,103,9,6,118,57,46
SUPER_20,1680000,244,15,21,280,133,111
SUPER_20,1690000,231,17,26,274,119,112
SUPER_20,1700000,164,11,10,185,89,75
SUPER_20,1710000,228,10,21,259,124,104
SUPER_20,1720000,213,24,7,244,103,110
SUPER_20,1730000,64,6,3,73,41,23
SUPER_20,1740000,182,15,13,210,92,90
SUPER_20,1750000,247,12,19,278,130,117
SUPER_20,1760000,58,9,4,71,33,25
SUPER_20,1770000,97,6,14,117,45,52
SUPER_20,1780000,97,7,12,116,52,45
SUPER_20,1790000,78,8,5,91,45,33
SUPER_20,1800000,61,4,3,68,33,28
SUPER_20,1810000,0,0,0,0,0,0
SUPER_20,1820000,0,0,0,0,0,0
SUPER_20,1830000,332,25,25,382,158,174
SUPER_20,1840000,69,7,16,92,39,30
SUPER_20,1850000,209,20,19,248,104,105
SUPER_20,1860000,64,4,6,74,38,26
SUPER_20,1870000,3,0,0,3,3,0
SUPER_20,1880000,74,6,10,90,36,38
SUPER_20,1890000,244,32,23,299,131,113
SUPER_20,1900000,115,7,14,136,53,62
SUPER_20,1910000,259,22,16,297,129,130
SUPER_20,1920000,224,21,26,271,110,114
SUPER_20,1930000,276,13,23,312,135,141
SUPER_20,1940000,154,14,17,185,80,74
SUPER_20,1950000,253,13,24,290,122,131
SUPER_20,1960000,24,0,2,26,11,13
SUPER_20,1970000,44,1,0,45,20,24
SUPER_20,1980000,134,5,13,152,84,50
SUPER_20,1990000,236,15,21,272,128,108
SUPER_20,2000000,313,20,30,363,163,150
SUPER_20,2010000,186,12,20,218,95,91
SUPER_20,2020000,253,26,27,306,144,109
SUPER_20,2030000,256,19,19,294,138,118
SUPER_20,2040000,263,20,22,305,114,149
SUPER_20,2050000,186,14,17,217,94,92
SUPER_20,2060000,116,8,10,134,62,54
SUPER_20,2070000,126,8,5,139,74,52
SUPER_20,2080000,198,8,11,217,102,96
SUPER_20,2090000,174,11,7,192,76,98
SUPER_20,2100000,114,7,6,127,59,55
SUPER_20,2110000,52,0,7,59,27,25
SUPER_20,2120000,119,6,8,133,55,64
SUPER_20,2130000,179,20,13,212,85,94
SUPER_20,2140000,123,2,14,139,59,64
SUPER_20,2150000,275,21,28,324,126,149
SUPER_20,2160000,118,11,15,144,62,56
SUPER_20,2170000,135,11,18,164,66,69
SUPER_20,2180000,177,12,17,206,85,92
SUPER_20,2190000,176,10,12,198,88,88
SUPER_20,2200000,273,17,28,318,141,132
SUPER_20,2210000,90,8,8,106,50,40
SUPER_20,2220000,164,13,7,184,86,78
SUPER_20,2230000,246,18,21,285,111,135
SUPER_20,2240000,304,23,24,351,157,147
SUPER_20,2250000,253,22,20,295,124,129
SUPER_20,2260000,275,25,27,327,126,149
SUPER_20,2270000,188,18,16,222,98,90
SUPER_20,2280000,0,0,0,0,0,0
SUPER_20,2290000,0,0,0,0,0,0
SUPER_20,2300000,228,18,17,263,112,116
SUPER_20,2310000,271,22,24,317,133,138
SUPER_20,2320000,117,10,9,136,71,46
SUPER_20,2330000,221,19,13,253,109,112
SUPER_20,2340000,126,11,6,143,64,62
SUPER_20,2350000,61,2,6,69,28,33
SUPER_20,2360000,45,3,7,55,25,20
SUPER_20,2370000,216,8,17,241,114,102
SUPER_20,2380000,310,19,30,359,151,159
SUPER_20,2390000,273,18,33,324,129,144
SUPER_20,2400000,263,12,16,291,128,135
SUPER_20,2410000,156,9,10,175,87,69
SUPER_20,2420000,133,6,8,147,62,71
SUPER_20,2430000,184,16,14,214,87,97
SUPER_20,2440000,37,0,2,39,13,24
SUPER_20,2450000,30,3,2,35,21,9
SUPER_20,2460000,0,0,0,0,0,0
SUPER_20,2470000,0,0,0,0,0,0
SUPER_20,2480000,0,0,0,0,0,0
SUPER_20,2490000,0,0,0,0,0,0
SUPER_20,2500000,0,0,0,0,0,0
SUPER_20,2510000,84,10,2,96,41,43
SUPER_20,2520000,0,0,0,0,0,0
SUPER_20,2530000,0,0,0,0,0,0
SUPER_20,2540000,0,0,0,0,0,0
SUPER_20,2550000,0,0,0,0,0,0
SUPER_20,2560000,0,0,0,0,0,0
SUPER_20,2570000,0,0,0,0,0,0
SUPER_20,2580000,0,0,0,0,0,0
SUPER_20,2590000,0,0,0,0,0,0
SUPER_20,2600000,0,0,0,0,0,0
SUPER_20,2610000,128,19,14,161,56,72
SUPER_20,2620000,9,1,0,10,5,4
SUPER_20,2630000,41,1,3,45,20,21
SUPER_20,2640000,73,5,5,83,39,34
SUPER_20,2650000,49,6,5,60,27,22
SUPER_20,2660000,5,0,1,6,3,2
SUPER_20,2670000,75,13,7,95,41,34
SUPER_20,2680000,52,3,4,59,28,24
SUPER_20,2690000,122,9,9,140,56,66
SUPER_20,2700000,45,4,3,52,28,17
SUPER_20,2710000,0,0,1,1,0,0
SUPER_20,2720000,1,1,0,2,0,1
SUPER_20,2730000,54,7,5,66,30,24
SUPER_20,2740000,98,5,5,108,35,63
SUPER_20,2750000,50,7,3,60,32,18
SUPER_20,2760000,0,0,0,0,0,0
SUPER_20,2770000,0,0,0,0,0,0
SUPER_20,2780000,0,0,0,0,0,0
SUPER_20,2790000,0,0,0,0,0,0
SUPER_20,2800000,98,6,6,110,50,48
SUPER_20,2810000,45,2,1,48,15,30
SUPER_20,2820000,2,0,0,2,1,1
SUPER_20,2830000,56,2,2,60,29,27
SUPER_20,2840000,22,2,1,25,11,11
SUPER_20,2850000,37,4,5,46,17,20
SUPER_20,2860000,7,0,1,8,2,5
SUPER_20,2870000,18,3,2,23,7,11
SUPER_20,2880000,26,1,2,29,13,13
SUPER_20,2890000,33,4,1,38,15,18
SUPER_20,2900000,109,7,11,127,46,63
SUPER_20,2910000,84,3,10,97,51,33
SUPER_20,2920000,103,5,3,111,53,50
SUPER_20,2930000,144,15,10,169,82,62
SUPER_20,2940000,141,15,10,166,78,63
SUPER_20,2950000,42,2,4,48,23,19
SUPER_20,2960000,93,8,12,113,49,44
SUPER_20,2970000,4,0,0,4,2,2
SUPER_20,2980000,110,9,7,126,58,52
SUPER_20,2990000,201,17,26,244,113,88
SUPER_20,3000000,177,8,7,192,101,76
SUPER_20,3010000,224,21,14,259,106,118
SUPER_20,3020000,75,1,7,83,42,33
SUPER_20,3030000,197,18,12,227,91,106
SUPER_20,3040000,63,8,5,76,30,33
SUPER_20,3050000,128,9,11,148,64,64
SUPER_20,3060000,96,8,11,115,45,51
SUPER_20,3070000,207,11,19,237,106,101
SUPER_20,3080000,45,3,4,52,27,18
SUPER_20,3090000,226,15,18,259,110,116
SUPER_20,3100000,135,14,9,158,72,63
SUPER_20,3110000,159,14,14,187,83,76
SUPER_20,3120000,243,25,26,294,122,121
SUPER_20,3130000,198,19,19,236,92,106
SUPER_20,3140000,116,2,9,127,58,58
SUPER_20,3150000,74,5,8,87,31,43
SUPER_20,3160000,239,13,29,281,129,110
SUPER_20,3170000,224,17,28,269,113,111
SUPER_20,3180000,245,29,28,302,115,130
SUPER_20,3190000,153,18,21,192,65,88
SUPER_20,3200000,18,1,1,20,11,7
SUPER_20,3210000,249,19,20,288,130,119
SUPER_20,3220000,261,24,25,310,136,125
SUPER_20,3230000,239,27,21,287,106,133
SUPER_20,3240000,131,8,11,150,69,62
SUPER_20,3250000,225,15,14,254,115,110
SUPER_20,3260000,302,17,28,347,153,149
SUPER_20,3270000,252,26,29,307,135,117
SUPER_20,3280000,293,22,23,338,167,126
SUPER_20,3290000,266,23,14,303,117,149
SUPER_20,3300000,275,21,29,325,140,135
SUPER_20,3310000,168,8,14,190,89,79
SUPER_20,3320000,172,7,12,191,85,87
SUPER_20,3330000,102,7,9,118,56,46
SUPER_20,3340000,234,16,16,266,113,121
SUPER_20,3350000,193,15,10,218,87,106
SUPER_20,3360000,150,11,11,172,82,68
SUPER_20,3370000,87,13,4,104,47,40
SUPER_20,3380000,0,0,0,0,0,0
SUPER_20,3390000,0,0,0,0,0,0
SUPER_20,3400000,77,13,5,95,34,43
SUPER_20,3410000,157,15,17,189,78,79
SUPER_20,3420000,262,21,21,304,119,143
SUPER_20,3430000,215,12,22,249,112,103
SUPER_20,3440000,229,23,22,274,98,131
SUPER_20,3450000,155,11,11,177,80,75
SUPER_20,3460000,72,4,4,80,42,30
SUPER_20,3470000,53,6,6,65,29,24
SUPER_20,3480000,69,5,6,80,31,38
SUPER_20,3490000,93,13,5,111,45,48
SUPER_20,3500000,175,13,21,209,91,84
SUPER_20,3510000,239,16,24,279,137,102
SUPER_20,3520000,314,18,20,352,155,159
SUPER_20,3530000,238,20,20,278,113,125
SUPER_20,3540000,209,14,15,238,100,109
SUPER_20,3550000,80,9,9,98,39,41
SUPER_20,3560000,222,31,24,277,108,114
SUPER_20,3570000,243,19,17,279,102,141
SUPER_20,3580000,232,17,12,261,123,109
SUPER_20,3590000,67,4,4,75,36,31
SUPER_20,3600000,84,11,6,101,47,37
SUPER_20,3610000,233,29,18,280,115,118
SUPER_20,3620000,126,11,11,148,67,59
SUPER_20,3630000,32,1,3,36,19,13
SUPER_20,3640000,114,7,4,125,60,54
SUPER_20,3650000,225,20,21,266,124,101
SUPER_20,3660000,269,15,20,304,127,142
SUPER_20,3670000,100,9,4,113,54,46
SUPER_20,3680000,225,26,29,280,107,118
SUPER_20,3690000,246,27,20,293,127,119
SUPER_20,3700000,80,4,9,93,39,41
SUPER_20,3710000,211,17,14,242,108,103
SUPER_20,3720000,261,23,35,319,128,133
SUPER_20,3730000,326,24,29,379,165,161
SUPER_20,3740000,76,8,1,85,40,36
SUPER_20,3750000,68,2,8,78,34,34
SUPER_20,3760000,253,24,24,301,122,131
SUPER_20,3770000,205,16,25,246,107,98
SUPER_20,3780000,276,17,31,324,144,132
SUPER_20,3790000,223,17,20,260,122,101
SUPER_20,3800000,252,17,24,293,133,119
SUPER_20,3810000,230,27,21,278,102,128
SUPER_20,3820000,278,17,27,322,141,137
SUPER_20,3830000,120,5,13,138,60,60
SUPER_20,3840000,172,20,15,207,77,95
SUPER_20,3850000,119,11,16,146,53,66
SUPER_20,3860000,113,8,5,126,51,62
SUPER_20,3870000,110,8,16,134,54,56
SUPER_20,3880000,112,15,6,133,63,49
SUPER_20,3890000,102,9,6,117,59,43
SUPER_20,3900000,162,10,22,194,76,86
SUPER_20,3910000,266,21,18,305,120,146
SUPER_20,3920000,325,24,30,379,165,160
SUPER_20,3930000,179,18,14,211,97,82
SUPER_20,3940000,287,17,24,328,128,159
SUPER_20,3950000,239,17,36,292,104,135
SUPER_20,3960000,154,9,11,174,89,65
SUPER_20,3970000,244,16,28,288,113,131
SUPER_20,3980000,282,27,29,338,163,119
SUPER_20,3990000,237,22,17,276,119,118
SUPER_20,4000000,103,4,13,120,55,48
SUPER_20,4010000,257,22,17,296,128,129
SUPER_20,4020000,189,17,17,223,99,90
SUPER_20,4030000,154,13,14,181,67,87
SUPER_20,4040000,222,14,22,258,120,102
SUPER_20,4050000,221,14,20,255,112,109
SUPER_20,4060000,201,24,17,242,98,103
SUPER_20,4070000,261,26,18,305,137,124
SUPER_20,4080000,254,19,21,294,139,115
SUPER_20,4090000,252,12,19,283,139,113
SUPER_20,4100000,259,24,22,305,132,127
SUPER_20,4110000,172,11,13,196,81,91
SUPER_20,4120000,2,0,0,2,1,1
SUPER_20,4130000,176,28,13,217,86,90
SUPER_20,4140000,211,12,23,246,105,106
SUPER_20,4150000,179,20,13,212,86,93
SUPER_20,4160000,87,11,13,111,53,34
SUPER_20,4170000,78,5,12,95,40,38
SUPER_20,4180000,61,4,4,69,33,28
SUPER_20,4190000,100,7,13,120,46,54
SUPER_20,4200000,148,9,12,169,66,82
SUPER_20,4210000,207,16,15,238,103,104
SUPER_20,4220000,154,17,12,183,80,74
SUPER_20,4230000,235,25,19,279,113,122
SUPER_20,4240000,141,8,9,158,68,73
SUPER_20,4250000,164,18,12,194,86,78
SUPER_20,4260000,233,21,20,274,121,112
SUPER_20,4270000,241,18,19,278,123,118
SUPER_20,4280000,131,14,13,158,63,68
SUPER_20,4290000,208,15,15,238,86,122
SUPER_20,4300000,169,22,14,205,80,89
SUPER_20,4310000,209,16,18,243,104,105
SUPER_20,4320000,232,23,22,277,124,108
SUPER_20,4330000,198,18,12,228,103,95
SUPER_20,4340000,202,17,21,240,103,99
SUPER_20,4350000,199,7,15,221,95,104
SUPER_20,4360000,156,12,15,183,77,79
SUPER_20,4370000,117,11,9,137,58,59
SUPER_20,4380000,78,8,7,93,37,41
SUPER_20,4390000,205,23,17,245,106,99
SUPER_20,4400000,239,14,16,269,99,140
SUPER_20,4410000,253,24,26,303,133,120
SUPER_20,4420000,193,18,13,224,92,101
SUPER_20,4430000,226,30,18,274,108,118
SUPER_20,4440000,171,20,13,204,66,105
SUPER_20,4450000,223,13,23,259,122,101
SUPER_20,4460000,293,26,32,351,157,136
SUPER_20,4470000,185,12,12,209,90,95
SUPER_20,4480000,106,18,17,141,53,53
SUPER_20,4490000,265,19,22,306,123,142
SUPER_20,4500000,265,17,18,300,145,120
SUPER_20,4510000,237,22,22,281,115,122
SUPER_20,4520000,252,13,20,285,132,120
SUPER_20,4530000,160,18,7,185,80,80
SUPER_20,4540000,197,9,21,227,108,89
SUPER_20,4550000,200,14,14,228,90,110
SUPER_20,4560000,219,16,18,253,111,108
SUPER_20,4570000,247,18,27,292,118,129
SUPER_20,4580000,225,22,21,268,106,119
SUPER_20,4590000,182,22,13,217,98,84
SUPER_20,4600000,270,18,15,303,134,136
SUPER_20,4610000,244,20,28,292,121,123
SUPER_20,4620000,180,14,23,217,102,78
SUPER_20,4630000,201,19,14,234,91,110
SUPER_20,4640000,110,8,5,123,61,49
SUPER_20,4650000,218,15,18,251,111,107
SUPER_20,4660000,265,23,24,312,135,130
SUPER_20,4670000,231,22,18,271,124,107
SUPER_20,4680000,97,2,6,105,47,50
SUPER_20,4690000,222,17,21,260,114,108
SUPER_20,4700000,164,14,11,189,91,73
SUPER_20,4710000,170,14,14,198,82,88
SUPER_20,4720000,213,16,23,252,102,111
SUPER_20,4730000,178,23,25,226,91,87
SUPER_20,4740000,137,6,13,156,73,64
SUPER_20,4750000,196,12,26,234,105,91
SUPER_20,4760000,104,9,7,120,53,51
SUPER_20,4770000,97,9,8,114,45,52
SUPER_20,4780000,224,17,17,258,114,110
SUPER_20,4790000,194,17,20,231,101,93
SUPER_20,4800000,161,11,17,189,98,63
SUPER_20,4810000,150,13,7,170,74,76
SUPER_20,4820000,0,0,0,0,0,0
SUPER_20,4830000,0,0,0,0,0,0
SUPER_20,4840000,159,12,16,187,77,82
SUPER_20,4850000,118,17,7,142,52,66
SUPER_20,4860000,21,1,1,23,10,11
SUPER_20,4870000,171,12,13,196,87,84
SUPER_20,4880000,136,16,10,162,76,60
SUPER_20,4890000,56,4,4,64,34,22
SUPER_20,4900000,192,19,18,229,95,97
SUPER_20,4910000,190,20,22,232,99,91
SUPER_20,4920000,157,18,16,191,77,80
SUPER_20,4930000,135,8,15,158,79,56
SUPER_20,4940000,152,7,19,178,66,86
SUPER_20,4950000,204,20,21,245,97,107
SUPER_20,4960000,210,21,18,249,114,96
SUPER_20,4970000,215,13,22,250,104,111
SUPER_20,4980000,228,25,16,269,107,121
SUPER_20,4990000,104,6,4,114,56,48
SUPER_20,5000000,14,2,2,18,9,5
SUPER_20,5010000,166,12,13,191,97,69
SUPER_20,5020000,202,19,23,244,93,109
SUPER_20,5030000,121,14,8,143,63,58
SUPER_20,5040000,214,20,18,252,110,104
SUPER_20,5050000,205,15,16,236,97,108
SUPER_20,5060000,233,30,18,281,107,126
SUPER_20,5070000,124,12,13,149,71,53
SUPER_20,5080000,170,17,17,204,98,72
SUPER_20,5090000,195,17,15,227,90,105
SUPER_20,5100000,137,13,14,164,77,60
SUPER_20,5110000,177,14,9,200,95,82
SUPER_20,5120000,168,22,17,207,88,80
SUPER_20,5130000,151,15,12,178,56,95
SUPER_20,5140000,75,13,13,101,42,33
SUPER_20,5150000,32,1,1,34,17,15
SUPER_20,5160000,56,4,5,65,34,22
SUPER_20,5170000,167,14,14,195,92,75
SUPER_20,5180000,94,10,8,112,42,52
SUPER_20,5190000,151,13,10,174,71,80
SUPER_20,5200000,158,13,10,181,71,87
SUPER_20,5210000,169,11,18,198,94,75
SUPER_20,5220000,110,13,7,130,45,65
SUPER_20,5230000,65,9,5,79,34,31
SUPER_20,5240000,138,11,18,167,55,83
SUPER_20,5250000,65,9,4,78,31,34
SUPER_20,5260000,57,5,8,70,29,28
SUPER_20,5270000,178,18,19,215,90,88
SUPER_20,5280000,205,18,18,241,97,108
SUPER_20,5290000,80,7,5,92,35,45
SUPER_20,5300000,79,11,14,104,45,34
SUPER_20,5310000,37,3,5,45,23,14
SUPER_20,5320000,63,5,2,70,34,29
SUPER_20,5330000,163,26,21,210,85,78
SUPER_20,5340000,33,1,4,38,13,20
SUPER_20,5350000,80,7,4,91,34,46
SUPER_20,5360000,103,12,15,130,47,56
SUPER_20,5370000,113,16,12,141,55,58
SUPER_20,5380000,70,3,5,78,39,31
SUPER_20,5390000,169,13,20,202,86,83
SUPER_20,5400000,10,2,1,13,5,5
SUPER_20,5410000,33,2,3,38,18,15
SUPER_20,5420000,50,4,2,56,26,24
SUPER_20,5430000,24,2,3,29,13,11
SUPER_20,5440000,82,6,13,101,37,45
SUPER_20,5450000,65,8,10,83,30,35
SUPER_20,5460000,177,15,21,213,95,82
SUPER_20,5470000,228,17,15,260,113,115
SUPER_20,5480000,104,2,12,118,52,52
SUPER_20,5490000,124,14,12,150,67,57
SUPER_20,5500000,130,13,14,157,58,72
SUPER_20,5510000,144,16,22,182,73,71
SUPER_20,5520000,134,10,17,161,69,65
SUPER_20,5530000,118,13,15,146,62,56
SUPER_20,5540000,52,3,4,59,30,22
SUPER_20,5550000,97,9,13,119,43,54
SUPER_20,5560000,134,6,18,158,63,71
SUPER_20,5570000,220,12,21,253,112,108
SUPER_20,5580000,276,26,23,325,142,134
SUPER_20,5590000,153,7,16,176,72,81
SUPER_20,5600000,90,10,9,109,51,39
SUPER_20,5610000,172,13,17,202,84,88
SUPER_20,5620000,193,11,20,224,92,101
SUPER_20,5630000,166,13,19,198,76,90
SUPER_20,5640000,241,21,22,284,112,129
SUPER_20,5650000,186,9,20,215,83,103
SUPER_20,5660000,171,11,20,202,100,71
SUPER_20,5670000,128,11,11,150,61,67
SUPER_20,5680000,95,5,6,106,46,49
SUPER_20,5690000,180,16,17,213,104,76
SUPER_20,5700000,24,2,3,29,10,14
SUPER_20,5710000,21,1,1,23,10,11
SUPER_20,5720000,27,1,3,31,11,16
SUPER_20,5730000,96,5,7,108,57,39
SUPER_20,5740000,209,27,9,245,99,110
SUPER_20,5750000,188,11,15,214,98,90
SUPER_20,5760000,166,12,14,192,89,77
SUPER_20,5770000,260,27,29,316,136,124
SUPER_20,5780000,278,19,27,324,136,142
SUPER_20,5790000,131,12,10,153,76,55
SUPER_20,5800000,225,18,24,267,131,94
SUPER_20,5810000,146,14,12,172,70,76
SUPER_20,5820000,134,7,13,154,64,70
SUPER_20,5830000,292,26,15,333,155,137
SUPER_20,5840000,231,16,18,265,121,110
SUPER_20,5850000,18,1,1,20,10,8
SUPER_20,5860000,137,12,10,159,82,55
SUPER_20,5870000,100,11,12,123,56,44
SUPER_20,5880000,111,10,9,130,47,64
SUPER_20,5890000,91,7,8,106,39,52
SUPER_20,5900000,191,22,19,232,92,99
SUPER_20,5910000,123,6,11,140,64,59
SUPER_20,5920000,117,10,9,136,56,61
SUPER_20,5930000,117,13,6,136,59,58
SUPER_20,5940000,68,6,9,83,38,30
SUPER_20,5950000,154,14,16,184,71,83
SUPER_20,5960000,49,5,5,59,31,18
SUPER_20,5970000,77,5,2,84,42,35
SUPER_20,5980000,167,19,23,209,83,84
SUPER_20,5990000,156,13,14,183,65,91
SUPER_20,6000000,149,13,11,173,77,72
SUPER_20,6010000,200,18,11,229,109,91
SUPER_20,6020000,132,13,13,158,60,72
SUPER_20,6030000,143,12,16,171,78,65
SUPER_20,6040000,124,9,11,144,66,58
SUPER_20,6050000,143,16,12,171,62,81
SUPER_20,6060000,133,9,14,156,70,63
SUPER_20,6070000,232,13,20,265,116,116
SUPER_20,6080000,147,13,14,174,82,65
SUPER_20,6090000,17,2,0,19,6,11
SUPER_20,6100000,259,14,22,295,140,119
SUPER_20,6110000,169,13,18,200,88,81
SUPER_20,6120000,11,4,3,18,5,6
SUPER_20,6130000,7,0,1,8,2,5
SUPER_20,6140000,81,5,12,98,40,41
SUPER_20,6150000,101,13,12,126,50,51
SUPER_20,6160000,231,17,23,271,108,123
SUPER_20,6170000,365,24,31,420,176,189
SUPER_20,6180000,280,16,23,319,132,148
SUPER_20,6190000,291,29,18,338,141,150
SUPER_20,6200000,160,10,12,182,82,78
SUPER_20,6210000,186,13,18,217,95,91
SUPER_20,6220000,21,2,6,29,10,11
SUPER_20,6230000,90,6,11,107,42,48
SUPER_20,6240000,67,5,6,78,31,36
SUPER_20,6250000,146,11,2,159,82,64
SUPER_20,6260000,225,19,16,260,122,103
SUPER_20,6270000,43,1,1,45,28,15
SUPER_20,6280000,112,12,8,132,66,46
SUPER_20,6290000,40,5,0,45,19,21
SUPER_20,6300000,155,19,22,196,74,81
SUPER_20,6310000,57,2,3,62,35,22
SUPER_20,6320000,2,0,0,2,1,1
SUPER_20,6330000,247,15,20,282,140,107
SUPER_20,6340000,11,2,1,14,8,3
SUPER_20,6350000,220,11,14,245,104,116
SUPER_20,6360000,201,12,20,233,108,93
SUPER_20,6370000,176,14,19,209,73,103
SUPER_20,6380000,210,19,29,258,98,112
SUPER_20,6390000,232,23,16,271,106,126
SUPER_20,6400000,303,30,19,352,138,165
SUPER_20,6410000,255,17,22,294,116,139
SUPER_20,6420000,87,6,9,102,39,48
SUPER_20,6430000,203,16,19,238,92,111
SUPER_20,6440000,174,15,15,204,87,87
SUPER_20,6450000,105,4,8,117,59,46
SUPER_20,6460000,236,19,23,278,113,123
SUPER_20,6470000,264,14,21,299,124,140
SUPER_20,6480000,150,19,12,181,63,87
SUPER_20,6490000,106,9,17,132,43,63
SUPER_20,6500000,162,15,14,191,86,76
SUPER_20,6510000,217,11,19,247,121,96
SUPER_20,6520000,130,9,18,157,63,67
SUPER_20,6530000,152,10,14,176,75,77
SUPER_20,6540000,148,15,20,183,65,83
SUPER_20,6550000,245,19,23,287,124,121
SUPER_20,6560000,160,12,17,189,83,77
SUPER_20,6570000,110,12,7,129,50,60
SUPER_20,6580000,31,0,2,33,16,15
SUPER_20,6590000,147,17,15,179,64,83
SUPER_20,6600000,255,19,22,296,145,110
SUPER_20,6610000,149,11,14,174,84,65
SUPER_20,6620000,176,19,16,211,108,68
SUPER_20,6630000,160,13,14,187,80,80
SUPER_20,6640000,116,13,6,135,67,49
SUPER_20,6650000,46,4,7,57,17,29
SUPER_20,6660000,84,7,15,106,49,35
SUPER_20,6670000,106,6,7,119,56,50
SUPER_20,6680000,226,22,15,263,116,110
SUPER_20,6690000,117,14,7,138,66,51
SUPER_20,6700000,20,2,2,24,11,9
SUPER_20,6710000,49,2,3,54,26,23
SUPER_20,6720000,65,6,4,75,40,25
SUPER_20,6730000,194,22,17,233,99,95
SUPER_20,6740000,201,20,13,234,96,105
SUPER_20,6750000,117,8,19,144,56,61
SUPER_20,6760000,173,18,10,201,84,89
SUPER_20,6770000,136,11,10,157,77,59
SUPER_20,6780000,194,17,17,228,95,99
SUPER_20,6790000,181,14,21,216,88,93
SUPER_20,6800000,190,17,12,219,97,93
SUPER_20,6810000,127,12,8,147,70,57
SUPER_20,6820000,162,19,10,191,79,83
SUPER_20,6830000,207,18,19,244,106,101
SUPER_20,6840000,233,18,15,266,110,123
SUPER_20,6850000,297,21,29,347,144,153
SUPER_20,6860000,234,13,15,262,100,134
SUPER_20,6870000,143,9,9,161,74,69
SUPER_20,6880000,169,14,22,205,79,90
SUPER_20,6890000,204,21,14,239,104,100
SUPER_20,6900000,199,30,12,241,89,110
SUPER_20,6910000,237,22,18,277,112,125
SUPER_20,6920000,154,10,15,179,85,69
SUPER_20,6930000,172,14,17,203,85,87
SUPER_20,6940000,213,14,11,238,107,106
SUPER_20,6950000,126,11,8,145,70,56
SUPER_20,6960000,253,23,22,298,121,132
SUPER_20,6970000,251,25,29,305,130,121
SUPER_20,6980000,47,5,2,54,27,20
SUPER_20,6990000,104,11,10,125,54,50
SUPER_20,7000000,29,5,1,35,20,9
SUPER_20,7010000,36,2,3,41,14,22
SUPER_20,7020000,133,8,15,156,73,60
SUPER_20,7030000,147,14,21,182,65,82
SUPER_20,7040000,258,17,18,293,122,136
SUPER_20,7050000,53,5,7,65,24,29
SUPER_20,7060000,52,6,4,62,28,24
SUPER_20,7070000,75,6,6,87,34,41
SUPER_20,7080000,228,20,18,266,126,102
SUPER_20,7090000,44,2,6,52,18,26
SUPER_20,7100000,25,2,2,29,13,12
SUPER_20,7110000,0,0,0,0,0,0
SUPER_20,7120000,0,0,0,0,0,0
SUPER_20,7130000,135,11,16,162,69,66
SUPER_20,7140000,248,17,24,289,138,110
SUPER_20,7150000,249,23,28,300,113,136
SUPER_20,7160000,235,23,30,288,108,127
SUPER_20,7170000,104,9,13,126,57,47
SUPER_20,7180000,143,16,10,169,79,64
SUPER_20,7190000,114,6,13,133,59,55
SUPER_20,7200000,294,25,26,345,147,147
SUPER_20,7210000,140,24,8,172,77,63
SUPER_20,7220000,120,3,10,133,54,66
SUPER_20,7230000,243,28,24,295,127,116
SUPER_20,7240000,150,10,21,181,73,77
SUPER_20,7250000,238,26,20,284,115,123
SUPER_20,7260000,285,25,20,330,129,156
SUPER_20,7270000,80,8,8,96,40,40
SUPER_20,7280000,169,18,19,206,80,89
SUPER_20,7290000,229,17,23,269,110,119
SUPER_20,7300000,237,21,15,273,116,121
SUPER_20,7310000,178,14,22,214,97,81
SUPER_20,7320000,143,16,10,169,72,71
SUPER_20,7330000,152,11,15,178,86,66
SUPER_20,7340000,68,17,9,94,33,35
SUPER_20,7350000,115,20,13,148,44,71
SUPER_20,7360000,123,8,15,146,63,60
SUPER_20,7370000,189,14,8,211,105,84
SUPER_20,7380000,223,21,20,264,113,110
SUPER_20,7390000,260,24,19,303,135,125
SUPER_20,7400000,266,23,23,312,120,146
SUPER_20,7410000,306,19,22,347,165,141
SUPER_20,7420000,203,16,19,238,106,97
SUPER_20,7430000,186,16,6,208,97,89
SUPER_20,7440000,125,9,6,140,63,62
SUPER_20,7450000,21,2,2,25,10,11
SUPER_20,7460000,113,9,15,137,56,57
SUPER_20,7470000,150,10,9,169,78,72
SUPER_20,7480000,163,12,15,190,67,96
SUPER_20,7490000,150,6,16,172,71,79
SUPER_20,7500000,0,0,0,0,0,0
SUPER_20,7510000,0,0,0,0,0,0
SUPER_20,7520000,312,37,29,378,148,164
SUPER_20,7530000,206,23,22,251,102,104
SUPER_20,7540000,233,21,29,283,119,114
SUPER_20,7550000,137,11,13,161,78,59
SUPER_20,7560000,229,17,24,270,104,125
SUPER_20,7570000,260,25,29,314,119,141
SUPER_20,7580000,259,27,18,304,134,125
SUPER_20,7590000,160,14,8,182,89,71
SUPER_20,7600000,217,19,21,257,118,99
SUPER_20,7610000,96,6,15,117,44,52
SUPER_20,7620000,85,6,8,99,55,30
SUPER_20,7630000,38,1,2,41,23,15
SUPER_20,7640000,239,20,16,275,110,129
SUPER_20,7650000,179,16,8,203,94,85
SUPER_20,7660000,266,25,16,307,135,131
SUPER_20,7670000,180,19,23,222,84,96
SUPER_20,7680000,79,6,10,95,39,40
SUPER_20,7690000,117,10,10,137,58,59
SUPER_20,7700000,139,10,11,160,56,83
SUPER_20,7710000,210,23,23,256,108,102
SUPER_20,7720000,271,25,20,316,127,144
SUPER_20,7730000,237,21,22,280,118,119
SUPER_20,7740000,201,23,24,248,102,99
SUPER_20,7750000,51,1,3,55,17,34
SUPER_20,7760000,72,5,9,86,47,25
SUPER_20,7770000,229,18,26,273,116,113
SUPER_20,7780000,221,18,24,263,107,114
SUPER_20,7790000,110,5,9,124,62,48
SUPER_20,7800000,221,9,17,247,112,109
SUPER_20,7810000,42,0,5,47,22,20
SUPER_20,7820000,148,23,12,183,73,75
SUPER_20,7830000,174,11,15,200,89,85
SUPER_20,7840000,234,20,21,275,128,106
SUPER_20,7850000,80,3,6,89,48,32
SUPER_20,7860000,43,2,3,48,27,16
SUPER_20,7870000,0,0,0,0,0,0
SUPER_20,7880000,0,0,0,0,0,0
SUPER_20,7890000,212,16,17,245,112,100
SUPER_20,7900000,95,4,6,105,54,41
SUPER_20,7910000,83,5,3,91,46,37
SUPER_20,7920000,60,3,3,66,30,30
SUPER_20,7930000,60,2,3,65,32,28
SUPER_20,7940000,255,16,33,304,135,120
SUPER_20,7950000,222,17,22,261,122,100
SUPER_20,7960000,188,11,15,214,99,89
SUPER_20,7970000,0,0,0,0,0,0
SUPER_20,7980000,0,0,0,0,0,0
SUPER_20,7990000,0,0,0,0,0,0
SUPER_20,8000000,0,0,0,0,0,0
SUPER_20,8010000,50,3,4,57,26,24
SUPER_20,8020000,150,18,12,180,85,65
SUPER_20,8030000,188,12,25,225,95,93
SUPER_20,8040000,258,23,23,304,139,119
SUPER_20,8050000,125,3,5,133,60,65
SUPER_20,8060000,284,24,20,328,136,148
SUPER_20,8070000,259,17,20,296,158,101
SUPER_20,8080000,291,20,16,327,148,143
SUPER_20,8090000,160,5,18,183,94,66
SUPER_20,8100000,182,14,10,206,95,87
SUPER_20,8110000,267,19,19,305,131,136
SUPER_20,8120000,12,0,2,14,6,6
SUPER_20,8130000,77,5,6,88,40,37
SUPER_20,8140000,254,22,22,298,131,123
SUPER_20,8150000,165,23,14,202,71,94
SUPER_20,8160000,198,10,17,225,106,92
SUPER_20,8170000,246,17,24,287,127,119
SUPER_20,8180000,299,32,24,355,162,137
SUPER_20,8190000,234,21,21,276,124,110
SUPER_20,8200000,178,16,23,217,90,88
SUPER_20,8210000,83,6,5,94,40,43
SUPER_20,8220000,191,13,13,217,95,96
SUPER_20,8230000,193,13,14,220,92,101
SUPER_20,8240000,209,11,26,246,106,103
SUPER_20,8250000,266,20,19,305,147,119
SUPER_20,8260000,301,17,26,344,167,134
SUPER_20,8270000,194,14,19,227,91,103
SUPER_20,8280000,107,8,13,128,49,58
SUPER_20,8290000,77,7,5,89,39,38
SUPER_20,8300000,222,18,16,256,124,98
SUPER_20,8310000,248,15,18,281,130,118
SUPER_20,8320000,0,0,0,0,0,0
SUPER_20,8330000,0,0,0,0,0,0
SUPER_20,8340000,267,26,20,313,131,136
SUPER_20,8350000,10,0,0,10,5,5
SUPER_20,8360000,132,11,9,152,69,63
SUPER_20,8370000,95,4,5,104,57,38
SUPER_20,8380000,109,6,9,124,54,55
SUPER_20,8390000,244,21,22,287,132,112
SUPER_20,8400000,288,30,27,345,145,143
SUPER_20,8410000,286,17,18,321,142,144
SUPER_20,8420000,74,0,6,80,40,34
SUPER_20,8430000,23,1,2,26,12,11
SUPER_20,8440000,161,12,11,184,79,82
SUPER_20,8450000,274,18,18,310,140,134
SUPER_20,8460000,187,9,18,214,94,93
SUPER_20,8470000,220,9,24,253,95,125
SUPER_20,8480000,318,24,25,367,151,167
SUPER_20,8490000,117,6,8,131,62,55
SUPER_20,8500000,80,6,4,90,33,47
SUPER_20,8510000,87,11,6,104,47,40
SUPER_20,8520000,239,22,16,277,124,115
SUPER_20,8530000,138,9,7,154,64,74
SUPER_20,8540000,221,18,14,253,105,116
SUPER_20,8550000,160,14,16,190,75,85
SUPER_20,8560000,262,16,23,301,147,115
SUPER_20,8570000,136,15,15,166,65,71
SUPER_20,8580000,301,26,29,356,140,161
SUPER_20,8590000,56,4,5,65,29,27
SUPER_20,8600000,39,4,4,47,18,21
SUPER_20,8610000,203,12,28,243,111,92
SUPER_20,8620000,142,8,10,160,73,69
SUPER_20,8630000,132,6,11,149,75,57
SUPER_20,8640000,102,3,5,110,46,56
SUPER_20,8650000,49,0,2,51,19,30
SUPER_20,8660000,82,9,6,97,45,37
SUPER_20,8670000,32,4,3,39,19,13
SUPER_20,8680000,0,0,0,0,0,0
SUPER_20,8690000,0,0,0,0,0,0
SUPER_20,8700000,0,0,0,0,0,0
SUPER_20,8710000,0,0,0,0,0,0
SUPER_20,8720000,0,0,0,0,0,0
SUPER_20,8730000,0,0,0,0,0,0
SUPER_20,8740000,158,6,7,171,89,69
SUPER_20,8750000,0,0,0,0,0,0
SUPER_20,8760000,0,0,0,0,0,0
SUPER_20,8770000,0,0,0,0,0,0
SUPER_20,8780000,0,0,0,0,0,0
SUPER_20,8790000,0,0,0,0,0,0
SUPER_20,8800000,43,4,2,49,25,18
SUPER_20,8810000,0,0,0,0,0,0
SUPER_20,8820000,0,0,0,0,0,0
SUPER_20,8830000,0,0,0,0,0,0
SUPER_20,8840000,6,1,2,9,3,3
SUPER_20,8850000,44,0,7,51,22,22
SUPER_20,8860000,210,11,15,236,108,102
SUPER_20,8870000,56,8,2,66,23,33
SUPER_20,8880000,8,0,0,8,5,3
SUPER_20,8890000,0,0,0,0,0,0
SUPER_20,8900000,0,0,0,0,0,0
SUPER_20,8910000,7,0,0,7,3,4
SUPER_20,8920000,14,1,0,15,10,4
SUPER_20,8930000,13,1,1,15,7,6
SUPER_20,8940000,2,1,0,3,1,1
SUPER_20,8950000,10,2,2,14,6,4
SUPER_20,8960000,92,6,6,104,47,45
SUPER_20,8970000,149,16,14,179,78,71
SUPER_20,8980000,113,9,12,134,55,58
SUPER_20,8990000,0,0,0,0,0,0
SUPER_20,9000000,0,0,0,0,0,0
SUPER_20,9010000,99,9,10,118,47,52
SUPER_20,9020000,146,9,8,163,82,64
SUPER_20,9030000,2,0,0,2,1,1
SUPER_20,9040000,45,3,3,51,20,25
SUPER_20,9050000,124,11,15,150,64,60
SUPER_20,9060000,180,7,13,200,102,78
SUPER_20,9070000,77,4,12,93,38,39
SUPER_20,9080000,38,4,4,46,18,20
SUPER_20,9090000,138,12,9,159,68,70
SUPER_20,9100000,243,20,18,281,118,125
SUPER_20,9110000,189,9,16,214,94,95
SUPER_20,9120000,313,11,32,356,178,135
SUPER_20,9130000,218,15,20,253,123,95
SUPER_20,9140000,277,22,29,328,150,127
SUPER_20,9150000,217,15,17,249,120,97
SUPER_20,9160000,286,26,25,337,139,147
SUPER_20,9170000,216,10,16,242,109,107
SUPER_20,9180000,177,13,16,206,86,91
SUPER_20,9190000,60,3,1,64,26,34
SUPER_20,9200000,244,11,15,270,115,129
SUPER_20,9210000,231,23,19,273,103,128
SUPER_20,9220000,59,6,3,68,32,27
SUPER_20,9230000,118,5,5,128,59,59
SUPER_20,9240000,236,18,19,273,136,100
SUPER_20,9250000,228,17,22,267,114,114
SUPER_20,9260000,115,12,12,139,64,51
SUPER_20,9270000,128,11,6,145,72,56
SUPER_20,9280000,243,18,19,280,128,115
SUPER_20,9290000,237,8,24,269,116,121
SUPER_20,9300000,84,7,4,95,48,36
SUPER_20,9310000,118,6,7,131,60,58
SUPER_20,9320000,129,6,8,143,70,59
SUPER_20,9330000,72,4,9,85,36,36
SUPER_20,9340000,12,0,1,13,7,5
SUPER_20,9350000,198,17,16,231,95,103
SUPER_20,9360000,248,11,17,276,129,119
SUPER_20,9370000,209,15,31,255,117,92
SUPER_20,9380000,194,13,15,222,94,100
SUPER_20,9390000,50,5,6,61,30,20
SUPER_20,9400000,197,16,16,229,103,94
SUPER_20,9410000,204,17,12,233,111,93
SUPER_20,9420000,22,2,1,25,11,11
SUPER_20,9430000,119,9,11,139,55,64
SUPER_20,9440000,137,12,11,160,74,63
SUPER_20,9450000,167,13,17,197,92,75
SUPER_20,9460000,145,15,14,174,81,64
SUPER_20,9470000,287,27,19,333,141,146
SUPER_20,9480000,281,27,24,332,138,143
SUPER_20,9490000,120,18,13,151,76,44
SUPER_20,9500000,110,7,10,127,58,52
SUPER_20,9510000,153,14,17,184,76,77
SUPER_20,9520000,29,2,7,38,17,12
SUPER_20,9530000,12,1,1,14,6,6
SUPER_20,9540000,119,7,7,133,72,47
SUPER_20,9550000,350,26,34,410,190,160
SUPER_20,9560000,275,16,18,309,143,132
SUPER_20,9570000,247,15,21,283,125,122
SUPER_20,9580000,249,24,20,293,136,113
SUPER_20,9590000,85,3,7,95,42,43
SUPER_20,9600000,110,16,11,137,56,54
SUPER_20,9610000,154,12,14,180,77,77
SUPER_20,9620000,221,16,25,262,117,104
SUPER_20,9630000,239,20,23,282,117,122
SUPER_20,9640000,262,19,19,300,136,126
SUPER_20,9650000,279,24,12,315,158,121
SUPER_20,9660000,93,9,11,113,49,44
SUPER_20,9670000,201,16,23,240,102,99
SUPER_20,9680000,266,25,27,318,121,145
SUPER_20,9690000,143,15,13,171,78,65
SUPER_20,9700000,258,16,24,298,130,128
SUPER_20,9710000,86,7,13,106,46,40
SUPER_20,9720000,81,6,15,102,39,42
SUPER_20,9730000,44,3,7,54,18,26
SUPER_20,9740000,31,1,2,34,20,11
SUPER_20,9750000,38,7,1,46,18,20
SUPER_20,9760000,67,4,4,75,37,30
SUPER_20,9770000,91,5,7,103,50,41
SUPER_20,9780000,89,4,7,100,49,40
SUPER_20,9790000,163,12,11,186,83,80
SUPER_20,9800000,12,0,0,12,10,2
SUPER_20,9810000,43,0,6,49,21,22
SUPER_20,9820000,94,6,10,110,49,45
SUPER_20,9830000,117,8,11,136,60,57
SUPER_20,9840000,242,19,29,290,116,126
SUPER_20,9850000,241,16,25,282,121,120
SUPER_20,9860000,204,13,23,240,103,101
SUPER_20,9870000,112,8,12,132,64,48
SUPER_20,9880000,80,12,10,102,40,40
SUPER_20,9890000,38,3,2,43,10,28
SUPER_20,9900000,44,3,3,50,25,19
SUPER_20,9910000,72,7,6,85,39,33
SUPER_20,9920000,109,8,9,126,62,47
SUPER_20,9930000,43,3,5,51,21,22
SUPER_20,9940000,58,4,4,66,30,28
SUPER_20,9950000,23,1,2,26,12,11
SUPER_20,9960000,192,11,12,215,109,83
SUPER_20,9970000,218,13,20,251,127,91
SUPER_20,9980000,174,18,7,199,82,92
SUPER_20,9990000,137,4,13,154,78,59
SUPER_20,10000000,35,2,4,41,16,19
SUPER_20,10010000,176,10,19,205,102,74
SUPER_20,10020000,0,0,0,0,0,0
SUPER_20,10030000,0,0,0,0,0,0
SUPER_20,10040000,210,16,18,244,100,110
SUPER_20,10050000,89,9,8,106,45,44
SUPER_20,10060000,92,5,7,104,44,48
SUPER_20,10070000,62,4,9,75,33,29
SUPER_20,10080000,17,1,1,19,15,2
SUPER_20,10090000,26,3,3,32,17,9
SUPER_20,10100000,182,9,12,203,90,92
SUPER_20,10110000,250,12,19,281,140,110
SUPER_20,10120000,129,10,11,150,62,67
SUPER_20,10130000,2,0,0,2,1,1
SUPER_20,10140000,7,0,3,10,5,2
SUPER_20,10150000,114,2,10,126,56,58
SUPER_20,10160000,53,13,9,75,21,32
SUPER_20,10170000,145,25,16,186,68,77
SUPER_20,10180000,0,0,0,0,0,0
SUPER_20,10190000,0,0,0,0,0,0
SUPER_20,10200000,137,11,14,162,73,64
SUPER_20,10210000,3,1,0,4,2,1
SUPER_20,10220000,121,11,10,142,64,57
SUPER_20,10230000,199,15,22,236,100,99
SUPER_20,10240000,222,19,12,253,119,103
SUPER_20,10250000,169,11,9,189,77,92
SUPER_20,10260000,200,17,19,236,112,88
SUPER_20,10270000,295,19,33,347,151,144
SUPER_20,10280000,210,23,14,247,120,90
SUPER_20,10290000,274,22,17,313,159,115
SUPER_20,10300000,242,21,24,287,116,126
SUPER_20,10310000,146,6,11,163,77,69
SUPER_20,10320000,142,3,11,156,87,55
SUPER_20,10330000,149,13,9,171,76,73
SUPER_20,10340000,118,8,11,137,60,58
SUPER_20,10350000,54,2,7,63,26,28
SUPER_20,10360000,176,8,11,195,102,74
SUPER_20,10370000,232,15,22,269,103,129
SUPER_20,10380000,56,2,3,61,26,30
SUPER_20,10390000,116,17,11,144,64,52
SUPER_20,10400000,62,3,4,69,28,34
SUPER_20,10410000,101,6,5,112,50,51
SUPER_20,10420000,129,13,18,160,69,60
SUPER_20,10430000,208,21,21,250,109,99
SUPER_20,10440000,211,21,22,254,92,119
SUPER_20,10450000,77,2,7,86,38,39
SUPER_20,10460000,70,6,7,83,33,37
SUPER_20,10470000,121,14,9,144,80,41
SUPER_20,10480000,103,7,8,118,53,50
SUPER_20,10490000,40,2,4,46,20,20
SUPER_20,10500000,232,24,19,275,118,114
SUPER_20,10510000,174,20,19,213,91,83
SUPER_20,10520000,146,11,9,166,83,63
SUPER_20,10530000,26,2,3,31,14,12
SUPER_20,10540000,252,15,17,284,130,122
SUPER_20,10550000,272,26,24,322,124,148
SUPER_20,10560000,239,23,30,292,121,118
SUPER_20,10570000,69,0,4,73,35,34
SUPER_20,10580000,44,0,1,45,26,18
SUPER_20,10590000,101,11,7,119,56,45
SUPER_20,10600000,198,24,21,243,92,106
SUPER_20,10610000,258,23,23,304,125,133
SUPER_20,10620000,246,26,22,294,112,134
SUPER_20,10630000,96,8,9,113,47,49
SUPER_20,10640000,121,7,12,140,67,54
SUPER_20,10650000,121,4,11,136,73,48
SUPER_20,10660000,41,3,3,47,19,22
SUPER_20,10670000,200,21,19,240,103,97
SUPER_20,10680000,256,7,20,283,144,112
SUPER_20,10690000,241,14,15,270,125,116
SUPER_20,10700000,191,24,19,234,94,97
SUPER_20,10710000,165,12,12,189,80,85
SUPER_20,10720000,186,16,10,212,116,70
SUPER_20,10730000,180,15,11,206,106,74
SUPER_20,10740000,128,12,10,150,65,63
SUPER_20,10750000,218,22,12,252,107,111
SUPER_20,10760000,249,19,22,290,132,117
SUPER_20,10770000,293,23,31,347,141,152
SUPER_20,10780000,120,3,15,138,60,60
SUPER_20,10790000,194,20,23,237,93,101
SUPER_20,10800000,225,20,14,259,111,114
SUPER_20,10810000,94,3,5,102,46,48
SUPER_20,10820000,220,21,22,263,115,105
SUPER_20,10830000,98,4,10,112,51,47
SUPER_20,10840000,49,5,4,58,24,25
SUPER_20,10850000,125,5,12,142,72,53
SUPER_20,10860000,164,13,14,191,102,62
SUPER_20,10870000,274,14,22,310,143,131
SUPER_20,10880000,239,26,17,282,109,130
SUPER_20,10890000,132,9,8,149,71,61
SUPER_20,10900000,68,11,7,86,37,31
SUPER_20,10910000,192,18,11,221,91,101
SUPER_20,10920000,213,12,12,237,116,97
SUPER_20,10930000,105,4,5,114,64,41
SUPER_20,10940000,270,24,29,323,127,143
SUPER_20,10950000,135,13,7,155,61,74
SUPER_20,10960000,76,2,11,89,41,35
SUPER_20,10970000,256,14,23,293,146,110
SUPER_20,10980000,235,15,30,280,114,121
SUPER_20,10990000,285,16,25,326,144,141
SUPER_20,11000000,252,23,15,290,123,129
SUPER_20,11010000,257,15,25,297,140,117
SUPER_20,11020000,189,14,8,211,107,82
SUPER_20,11030000,222,21,19,262,117,105
SUPER_20,11040000,250,22,28,300,145,105
SUPER_20,11050000,301,24,31,356,163,138
SUPER_20,11060000,213,16,23,252,118,95
SUPER_20,11070000,207,13,20,240,96,111
SUPER_20,11080000,95,8,7,110,48,47
SUPER_20,11090000,46,5,5,56,23,23
SUPER_20,11100000,86,8,9,103,34,52
SUPER_20,11110000,29,7,1,37,11,18
SUPER_20,11120000,72,4,3,79,40,32
SUPER_20,11130000,9,0,1,10,3,6
SUPER_20,11140000,70,11,4,85,33,37
SUPER_20,11150000,122,10,11,143,71,51
SUPER_20,11160000,63,9,11,83,37,26
SUPER_20,11170000,43,0,1,44,19,24
SUPER_20,11180000,14,31,21,66,7,7
SUPER_20,11190000,24,19,28,71,16,8
SUPER_20,11200000,25,31,15,71,13,12
SUPER_21,10000,0,0,0,0,0,0
SUPER_21,20000,0,0,0,0,0,0
SUPER_21,30000,4,2,1,7,3,1
SUPER_21,40000,0,0,0,0,0,0
SUPER_21,50000,0,0,0,0,0,0
SUPER_21,60000,0,0,0,0,0,0
SUPER_21,70000,0,0,0,0,0,0
SUPER_21,80000,67,1,8,76,34,33
SUPER_21,90000,205,21,22,248,119,86
SUPER_21,100000,151,19,14,184,88,63
SUPER_21,110000,202,19,25,246,111,91
SUPER_21,120000,106,15,10,131,55,51
SUPER_21,130000,217,20,17,254,108,109
SUPER_21,140000,103,11,9,123,57,46
SUPER_21,150000,238,21,16,275,111,127
SUPER_21,160000,162,5,14,181,93,69
SUPER_21,170000,0,0,0,0,0,0
SUPER_21,180000,0,0,0,0,0,0
SUPER_21,190000,0,0,0,0,0,0
SUPER_21,200000,189,20,17,226,95,94
SUPER_21,210000,139,12,7,158,71,68
SUPER_21,220000,247,24,15,286,133,114
SUPER_21,230000,195,10,17,222,100,95
SUPER_21,240000,269,14,22,305,138,131
SUPER_21,250000,242,26,17,285,126,116
SUPER_21,260000,300,27,14,341,141,159
SUPER_21,270000,314,28,32,374,157,157
SUPER_21,280000,307,22,28,357,156,151
SUPER_21,290000,104,4,4,112,60,44
SUPER_21,300000,118,8,8,134,67,51
SUPER_21,310000,82,9,9,100,41,41
SUPER_21,320000,166,11,16,193,76,90
SUPER_21,330000,23,1,3,27,13,10
SUPER_21,340000,1,0,1,2,1,0
SUPER_21,350000,162,15,11,188,88,74
SUPER_21,360000,308,24,25,357,145,163
SUPER_21,370000,32,2,5,39,12,20
SUPER_21,380000,56,6,4,66,26,30
SUPER_21,390000,84,13,5,102,43,41
SUPER_21,400000,229,16,22,267,111,118
SUPER_21,410000,216,23,15,254,106,110
SUPER_21,420000,60,3,7,70,35,25
SUPER_21,430000,102,6,9,117,50,52
SUPER_21,440000,215,18,24,257,105,110
SUPER_21,450000,237,18,14,269,111,126
SUPER_21,460000,25,3,1,29,13,12
SUPER_21,470000,172,13,13,198,83,89
SUPER_21,480000,175,13,12,200,95,80
SUPER_21,490000,81,8,8,97,42,39
SUPER_21,500000,37,4,1,42,22,15
SUPER_21,510000,68,4,4,76,35,33
SUPER_21,520000,45,3,2,50,22,23
SUPER_21,530000,9,1,1,11,5,4
SUPER_21,540000,29,2,3,34,11,18
SUPER_21,550000,98,8,11,117,44,54
SUPER_21,560000,189,9,8,206,95,94
SUPER_21,570000,44,0,2,46,30,14
SUPER_21,580000,172,7,10,189,85,87
SUPER_21,590000,114,14,9,137,68,46
SUPER_21,600000,127,10,12,149,76,51
SUPER_21,610000,116,8,11,135,66,50
SUPER_21,620000,97,7,6,110,56,41
SUPER_21,630000,148,11,5,164,69,79
SUPER_21,640000,132,11,9,152,58,74
SUPER_21,650000,64,8,3,75,33,31
SUPER_21,660000,182,13,19,214,95,87
SUPER_21,670000,45,2,6,53,22,23
SUPER_21,680000,151,9,12,172,79,72
SUPER_21,690000,90,8,11,109,37,53
SUPER_21,700000,228,26,30,284,131,97
SUPER_21,710000,90,6,4,100,45,45
SUPER_21,720000,6,0,0,6,1,5
SUPER_21,730000,27,0,4,31,16,11
SUPER_21,740000,20,3,2,25,12,8
SUPER_21,750000,235,14,18,267,120,115
SUPER_21,760000,293,19,29,341,135,158
SUPER_21,770000,122,17,11,150,66,56
SUPER_21,780000,31,3,6,40,15,16
SUPER_21,790000,217,16,17,250,108,109
SUPER_21,800000,243,21,21,285,109,134
SUPER_21,810000,250,17,18,285,117,133
SUPER_21,820000,266,19,27,312,147,119
SUPER_21,830000,169,10,16,195,93,76
SUPER_21,840000,99,5,9,113,52,47
SUPER_21,850000,52,2,1,55,24,28
SUPER_21,860000,111,5,5,121,61,50
SUPER_21,870000,0,0,0,0,0,0
SUPER_21,880000,0,0,0,0,0,0
SUPER_21,890000,131,7,8,146,69,62
SUPER_21,900000,190,15,11,216,94,96
SUPER_21,910000,235,18,15,268,126,109
SUPER_21,920000,88,6,7,101,44,44
SUPER_21,930000,79,8,12,99,45,34
SUPER_21,940000,63,5,7,75,38,25
SUPER_21,950000,73,6,7,86,37,36
SUPER_21,960000,189,11,10,210,102,87
SUPER_21,970000,287,24,30,341,131,156
SUPER_21,980000,301,22,24,347,134,167
SUPER_21,990000,50,2,3,55,28,22
SUPER_21,1000000,318,26,26,370,149,169
SUPER_21,1010000,58,7,6,71,35,23
SUPER_21,1020000,176,22,18,216,85,91
SUPER_21,1030000,76,2,10,88,38,38
SUPER_21,1040000,36,3,5,44,20,16
SUPER_21,1050000,31,4,2,37,15,16
SUPER_21,1060000,156,8,14,178,97,59
SUPER_21,1070000,161,9,13,183,91,70
SUPER_21,1080000,194,26,17,237,84,110
SUPER_21,1090000,210,24,9,243,101,109
SUPER_21,1100000,216,19,12,247,108,108
SUPER_21,1110000,182,9,13,204,93,89
SUPER_21,1120000,34,1,0,35,21,13
SUPER_21,1130000,98,12,3,113,50,48
SUPER_21,1140000,288,25,29,342,164,124
SUPER_21,1150000,326,13,26,365,160,166
SUPER_21,1160000,259,17,23,299,138,121
SUPER_21,1170000,253,16,22,291,120,133
SUPER_21,1180000,271,28,30,329,130,141
SUPER_21,1190000,179,13,14,206,82,97
SUPER_21,1200000,208,19,17,244,103,105
SUPER_21,1210000,25,0,1,26,11,14
SUPER_21,1220000,41,2,2,45,18,23
SUPER_21,1230000,31,5,4,40,19,12
SUPER_21,1240000,112,5,7,124,62,50
SUPER_21,1250000,113,7,10,130,61,52
SUPER_21,1260000,68,9,8,85,38,30
SUPER_21,1270000,46,4,3,53,18,28
SUPER_21,1280000,115,8,10,133,58,57
SUPER_21,1290000,24,1,2,27,15,9
SUPER_21,1300000,71,4,7,82,37,34
SUPER_21,1310000,0,0,0,0,0,0
SUPER_21,1320000,0,0,0,0,0,0
SUPER_21,1330000,164,16,17,197,101,63
SUPER_21,1340000,185,12,24,221,90,95
SUPER_21,1350000,158,5,8,171,88,70
SUPER_21,1360000,71,2,4,77,48,23
SUPER_21,1370000,59,12,3,74,27,32
SUPER_21,1380000,0,0,0,0,0,0
SUPER_21,1390000,0,0,0,0,0,0
SUPER_21,1400000,57,11,7,75,26,31
SUPER_21,1410000,9,2,0,11,3,6
SUPER_21,1420000,73,0,14,87,40,33
SUPER_21,1430000,0,0,0,0,0,0
SUPER_21,1440000,0,0,0,0,0,0
SUPER_21,1450000,241,14,18,273,109,132
SUPER_21,1460000,156,6,12,174,88,68
SUPER_21,1470000,92,12,16,120,48,44
SUPER_21,1480000,56,9,4,69,29,27
SUPER_21,1490000,149,15,12,176,75,74
SUPER_21,1500000,255,20,20,295,135,120
SUPER_21,1510000,75,9,2,86,33,42
SUPER_21,1520000,113,7,4,124,59,54
SUPER_21,1530000,244,30,23,297,125,119
SUPER_21,1540000,37,2,6,45,19,18
SUPER_21,1550000,166,8,10,184,84,82
SUPER_21,1560000,146,9,14,169,67,79
SUPER_21,1570000,107,5,8,120,51,56
SUPER_21,1580000,269,20,15,304,138,131
SUPER_21,1590000,179,25,11,215,89,90
SUPER_21,1600000,293,16,31,340,143,150
SUPER_21,1610000,143,12,7,162,78,65
SUPER_21,1620000,213,22,19,254,111,102
SUPER_21,1630000,201,27,16,244,103,98
SUPER_21,1640000,285,32,25,342,146,139
SUPER_21,1650000,0,0,0,0,0,0
SUPER_21,1660000,0,0,0,0,0,0
SUPER_21,1670000,268,18,22,308,153,115
SUPER_21,1680000,98,6,11,115,52,46
SUPER_21,1690000,243,20,20,283,125,118
SUPER_21,1700000,178,17,22,217,92,86
SUPER_21,1710000,26,2,4,32,11,15
SUPER_21,1720000,227,14,27,268,107,120
SUPER_21,1730000,175,28,18,221,98,77
SUPER_21,1740000,192,13,18,223,91,101
SUPER_21,1750000,250,26,25,301,115,135
SUPER_21,1760000,270,20,22,312,145,125
SUPER_21,1770000,135,12,8,155,74,61
SUPER_21,1780000,25,1,1,27,16,9
SUPER_21,1790000,21,2,2,25,12,9
SUPER_21,1800000,67,5,5,77,38,29
SUPER_21,1810000,132,10,5,147,72,60
SUPER_21,1820000,230,15,24,269,118,112
SUPER_21,1830000,253,12,24,289,135,118
SUPER_21,1840000,31,4,6,41,14,17
SUPER_21,1850000,190,18,21,229,93,97
SUPER_21,1860000,190,22,17,229,108,82
SUPER_21,1870000,9,0,2,11,2,7
SUPER_21,1880000,192,10,2,204,99,93
SUPER_21,1890000,125,12,13,150,62,63
SUPER_21,1900000,170,16,15,201,93,77
SUPER_21,1910000,65,2,3,70,37,28
SUPER_21,1920000,2,0,0,2,2,0
SUPER_21,1930000,233,20,16,269,104,129
SUPER_21,1940000,203,13,18,234,110,93
SUPER_21,1950000,294,17,21,332,146,148
SUPER_21,1960000,231,23,21,275,114,117
SUPER_21,1970000,242,24,18,284,116,126
SUPER_21,1980000,213,21,25,259,94,119
SUPER_21,1990000,15,3,0,18,5,10
SUPER_21,2000000,91,2,4,97,57,34
SUPER_21,2010000,191,22,12,225,100,91
SUPER_21,2020000,231,25,13,269,139,92
SUPER_21,2030000,67,3,2,72,37,30
SUPER_21,2040000,24,2,2,28,10,14
SUPER_21,2050000,134,17,8,159,78,56
SUPER_21,2060000,101,5,9,115,53,48
SUPER_21,2070000,189,12,11,212,89,100
SUPER_21,2080000,124,8,14,146,72,52
SUPER_21,2090000,281,23,17,321,128,153
SUPER_21,2100000,258,25,21,304,123,135
SUPER_21,2110000,242,26,29,297,112,130
SUPER_21,2120000,277,13,25,315,147,130
SUPER_21,2130000,177,17,10,204,85,92
SUPER_21,2140000,233,23,21,277,123,110
SUPER_21,2150000,279,28,29,336,138,141
SUPER_21,2160000,272,13,17,302,148,124
SUPER_21,2170000,100,6,10,116,52,48
SUPER_21,2180000,40,3,4,47,22,18
SUPER_21,2190000,179,20,13,212,101,78
SUPER_21,2200000,268,20,21,309,138,130
SUPER_21,2210000,201,18,21,240,103,98
SUPER_21,2220000,274,25,28,327,143,131
SUPER_21,2230000,334,25,33,392,173,161
SUPER_21,2240000,113,7,8,128,56,57
SUPER_21,2250000,286,19,22,327,143,143
SUPER_21,2260000,299,16,24,339,135,164
SUPER_21,2270000,19,3,1,23,14,5
SUPER_21,2280000,117,12,10,139,56,61
SUPER_21,2290000,78,9,11,98,44,34
SUPER_21,2300000,180,22,22,224,94,86
SUPER_21,2310000,218,25,29,272,111,107
SUPER_21,2320000,251,21,23,295,115,136
SUPER_21,2330000,195,29,19,243,99,96
SUPER_21,2340000,261,21,25,307,141,120
SUPER_21,2350000,182,17,12,211,97,85
SUPER_21,2360000,103,9,4,116,52,51
SUPER_21,2370000,193,16,25,234,94,99
SUPER_21,2380000,209,22,12,243,99,110
SUPER_21,2390000,198,10,15,223,106,92
SUPER_21,2400000,256,23,32,311,130,126
SUPER_21,2410000,0,0,0,0,0,0
SUPER_21,2420000,0,0,0,0,0,0
SUPER_21,2430000,262,23,16,301,111,151
SUPER_21,2440000,117,6,10,133,60,57
SUPER_21,2450000,281,23,28,332,139,142
SUPER_21,2460000,229,20,24,273,112,117
SUPER_21,2470000,41,0,0,41,18,23
SUPER_21,2480000,160,3,13,176,73,87
SUPER_21,2490000,254,25,19,298,138,116
SUPER_21,2500000,282,14,31,327,146,136
SUPER_21,2510000,98,9,7,114,58,40
SUPER_21,2520000,184,13,16,213,87,97
SUPER_21,2530000,133,9,17,159,70,63
SUPER_21,2540000,194,21,21,236,96,98
SUPER_21,2550000,113,14,10,137,61,52
SUPER_21,2560000,117,13,13,143,49,68
SUPER_21,2570000,105,10,11,126,40,65
SUPER_21,2580000,238,13,26,277,104,134
SUPER_21,2590000,247,23,31,301,130,117
SUPER_21,2600000,211,12,29,252,100,111
SUPER_21,2610000,292,33,21,346,163,129
SUPER_21,2620000,187,14,18,219,86,101
SUPER_21,2630000,166,13,16,195,81,85
SUPER_21,2640000,193,18,13,224,85,108
SUPER_21,2650000,240,30,21,291,132,108
SUPER_21,2660000,137,15,14,166,66,71
SUPER_21,2670000,136,16,14,166,65,71
SUPER_21,2680000,35,2,2,39,16,19
SUPER_21,2690000,121,6,13,140,65,56
SUPER_21,2700000,179,12,14,205,92,87
SUPER_21,2710000,167,16,17,200,88,79
SUPER_21,2720000,121,10,7,138,67,54
SUPER_21,2730000,259,24,22,305,131,128
SUPER_21,2740000,194,17,11,222,104,90
SUPER_21,2750000,170,14,13,197,91,79
SUPER_21,2760000,181,20,18,219,99,82
SUPER_21,2770000,168,11,17,196,90,78
SUPER_21,2780000,171,13,10,194,96,75
SUPER_21,2790000,231,22,21,274,111,120
SUPER_21,2800000,275,24,27,326,152,123
SUPER_21,2810000,26,5,1,32,13,13
SUPER_21,2820000,100,8,10,118,52,48
SUPER_21,2830000,123,10,9,142,60,63
SUPER_21,2840000,106,6,13,125,53,53
SUPER_21,2850000,88,8,7,103,39,49
SUPER_21,2860000,128,9,8,145,64,64
SUPER_21,2870000,233,20,24,277,113,120
SUPER_21,2880000,293,18,26,337,133,160
SUPER_21,2890000,266,22,33,321,131,135
SUPER_21,2900000,225,13,20,258,124,101
SUPER_21,2910000,70,2,3,75,34,36
SUPER_21,2920000,154,2,19,175,86,68
SUPER_21,2930000,194,17,25,236,95,99
SUPER_21,2940000,169,13,18,200,82,87
SUPER_21,2950000,187,17,12,216,83,104
SUPER_21,2960000,25,2,2,29,10,15
SUPER_21,2970000,123,10,10,143,59,64
SUPER_21,2980000,171,11,17,199,77,94
SUPER_21,2990000,25,4,1,30,12,13
SUPER_21,3000000,18,1,4,23,8,10
SUPER_21,3010000,266,25,23,314,127,139
SUPER_21,3020000,238,19,25,282,134,104
SUPER_21,3030000,22,2,1,25,11,11
SUPER_21,3040000,0,0,0,0,0,0
SUPER_21,3050000,0,0,0,0,0,0
SUPER_21,3060000,143,10,13,166,72,71
SUPER_21,3070000,104,5,6,115,64,40
SUPER_21,3080000,225,18,21,264,111,114
SUPER_21,3090000,130,11,7,148,63,67
SUPER_21,3100000,194,14,10,218,99,95
SUPER_21,3110000,104,6,6,116,54,50
SUPER_21,3120000,156,11,14,181,88,68
SUPER_21,3130000,174,10,16,200,95,79
SUPER_21,3140000,96,6,11,113,58,38
SUPER_21,3150000,265,19,29,313,122,143
SUPER_21,3160000,274,29,23,326,140,134
SUPER_21,3170000,289,26,31,346,137,152
SUPER_21,3180000,220,22,17,259,102,118
SUPER_21,3190000,131,8,14,153,56,75
SUPER_21,3200000,234,25,25,284,112,122
SUPER_21,3210000,199,19,20,238,107,92
SUPER_21,3220000,226,14,19,259,108,118
SUPER_21,3230000,295,31,25,351,150,145
SUPER_21,3240000,240,27,19,286,131,109
SUPER_21,3250000,304,27,20,351,155,149
SUPER_21,3260000,301,25,35,361,131,170
SUPER_21,3270000,299,28,35,362,140,159
SUPER_21,3280000,140,10,11,161,88,52
SUPER_21,3290000,3,0,0,3,1,2
SUPER_21,3300000,13,1,0,14,8,5
SUPER_21,3310000,15,1,1,17,7,8
SUPER_21,3320000,200,12,28,240,105,95
SUPER_21,3330000,89,8,6,103,47,42
SUPER_21,3340000,174,11,19,204,83,91
SUPER_21,3350000,46,1,5,52,22,24
SUPER_21,3360000,91,2,6,99,39,52
SUPER_21,3370000,172,14,18,204,86,86
SUPER_21,3380000,62,1,3,66,31,31
SUPER_21,3390000,122,11,10,143,65,57
SUPER_21,3400000,122,14,9,145,69,53
SUPER_21,3410000,65,7,4,76,30,35
SUPER_21,3420000,29,1,3,33,19,10
SUPER_21,3430000,106,11,11,128,55,51
SUPER_21,3440000,246,27,30,303,105,141
SUPER_21,3450000,66,3,8,77,33,33
SUPER_21,3460000,185,18,19,222,87,98
SUPER_21,3470000,245,29,19,293,124,121
SUPER_21,3480000,312,35,17,364,149,163
SUPER_21,3490000,243,18,23,284,118,125
SUPER_21,3500000,234,20,21,275,117,117
SUPER_21,3510000,46,2,5,53,20,26
SUPER_21,3520000,162,11,10,183,88,74
SUPER_21,3530000,263,19,22,304,136,127
SUPER_21,3540000,151,11,17,179,83,68
SUPER_21,3550000,92,7,10,109,44,48
SUPER_21,3560000,81,10,6,97,42,39
SUPER_21,3570000,90,10,7,107,46,44
SUPER_21,3580000,313,27,27,367,159,154
SUPER_21,3590000,189,20,16,225,107,82
SUPER_21,3600000,155,13,12,180,79,76
SUPER_21,3610000,134,9,16,159,63,71
SUPER_21,3620000,39,0,4,43,15,24
SUPER_21,3630000,79,5,8,92,34,45
SUPER_21,3640000,280,19,21,320,143,137
SUPER_21,3650000,204,9,17,230,103,101
SUPER_21,3660000,86,7,13,106,46,40
SUPER_21,3670000,145,13,17,175,76,69
SUPER_21,3680000,222,20,23,265,119,103
SUPER_21,3690000,203,31,24,258,98,105
SUPER_21,3700000,206,15,12,233,98,108
SUPER_21,3710000,72,13,6,91,37,35
SUPER_21,3720000,294,23,30,347,127,167
SUPER_21,3730000,143,20,12,175,82,61
SUPER_21,3740000,266,22,32,320,135,131
SUPER_21,3750000,348,23,20,391,195,153
SUPER_21,3760000,265,25,25,315,129,136
SUPER_21,3770000,167,14,14,195,80,87
SUPER_21,3780000,179,17,21,217,95,84
SUPER_21,3790000,268,22,24,314,138,130
SUPER_21,3800000,299,25,25,349,149,150
SUPER_21,3810000,229,19,18,266,127,102
SUPER_21,3820000,267,21,30,318,121,146
SUPER_21,3830000,133,4,11,148,63,70
SUPER_21,3840000,177,18,19,214,104,73
SUPER_21,3850000,222,30,26,278,103,119
SUPER_21,3860000,296,20,21,337,145,151
SUPER_21,3870000,92,12,8,112,43,49
SUPER_21,3880000,143,14,10,167,74,69
SUPER_21,3890000,149,15,17,181,69,80
SUPER_21,3900000,214,19,11,244,123,91
SUPER_21,3910000,158,13,14,185,80,78
SUPER_21,3920000,253,22,18,293,116,137
SUPER_21,3930000,111,5,5,121,67,44
SUPER_21,3940000,261,23,16,300,127,134
SUPER_21,3950000,241,21,26,288,118,123
SUPER_21,3960000,276,24,21,321,137,139
SUPER_21,3970000,252,20,22,294,123,129
SUPER_21,3980000,80,5,11,96,47,33
SUPER_21,3990000,59,8,9,76,26,33
SUPER_21,4000000,106,8,10,124,52,54
SUPER_21,4010000,68,3,10,81,37,31
SUPER_21,4020000,60,1,5,66,28,32
SUPER_21,4030000,244,10,22,276,120,124
SUPER_21,4040000,300,16,23,339,145,155
SUPER_21,4050000,227,23,18,268,110,117
SUPER_21,4060000,68,8,3,79,33,35
SUPER_21,4070000,145,14,10,169,74,71
SUPER_21,4080000,81,6,8,95,42,39
SUPER_21,4090000,192,14,23,229,102,90
SUPER_21,4100000,270,28,26,324,132,138
SUPER_21,4110000,218,17,15,250,95,123
SUPER_21,4120000,269,27,29,325,127,142
SUPER_21,4130000,272,25,25,322,145,127
SUPER_21,4140000,174,9,18,201,99,75
SUPER_21,4150000,15,1,3,19,10,5
SUPER_21,4160000,140,13,15,168,76,64
SUPER_21,4170000,292,19,31,342,130,162
SUPER_21,4180000,218,17,22,257,116,102
SUPER_21,4190000,93,7,8,108,44,49
SUPER_21,4200000,301,18,23,342,157,144
SUPER_21,4210000,270,19,37,326,123,147
SUPER_21,4220000,269,25,23,317,131,138
SUPER_21,4230000,207,24,16,247,95,112
SUPER_21,4240000,88,3,7,98,45,43
SUPER_21,4250000,200,21,13,234,101,99
SUPER_21,4260000,234,14,13,261,118,116
SUPER_21,4270000,164,15,24,203,75,89
SUPER_21,4280000,178,16,13,207,86,92
SUPER_21,4290000,259,16,17,292,121,138
SUPER_21,4300000,159,11,11,181,75,84
SUPER_21,4310000,192,16,23,231,93,99
SUPER_21,4320000,126,6,12,144,77,49
SUPER_21,4330000,265,32,27,324,133,132
SUPER_21,4340000,177,16,20,213,90,87
SUPER_21,4350000,133,12,11,156,69,64
SUPER_21,4360000,251,12,21,284,130,121
SUPER_21,4370000,245,13,15,273,118,127
SUPER_21,4380000,111,4,9,124,56,55
SUPER_21,4390000,275,11,21,307,151,124
SUPER_21,4400000,95,7,7,109,58,37
SUPER_21,4410000,201,17,17,235,94,107
SUPER_21,4420000,194,14,15,223,93,101
SUPER_21,4430000,190,16,18,224,92,98
SUPER_21,4440000,175,15,14,204,84,91
SUPER_21,4450000,200,14,16,230,95,105
SUPER_21,4460000,107,10,17,134,54,53
SUPER_21,4470000,128,8,3,139,51,77
SUPER_21,4480000,193,16,23,232,85,108
SUPER_21,4490000,231,12,20,263,108,123
SUPER_21,4500000,214,11,20,245,117,97
SUPER_21,4510000,216,27,18,261,113,103
SUPER_21,4520000,177,19,13,209,88,89
SUPER_21,4530000,220,14,20,254,117,103
SUPER_21,4540000,184,15,19,218,92,92
SUPER_21,4550000,185,12,12,209,99,86
SUPER_21,4560000,114,12,4,130,72,42
SUPER_21,4570000,65,7,6,78,28,37
SUPER_21,4580000,96,10,14,120,49,47
SUPER_21,4590000,141,13,15,169,68,73
SUPER_21,4600000,29,3,7,39,9,20
SUPER_21,4610000,91,6,10,107,40,51
SUPER_21,4620000,101,9,9,119,62,39
SUPER_21,4630000,252,21,28,301,114,138
SUPER_21,4640000,67,4,4,75,33,34
SUPER_21,4650000,118,9,6,133,65,53
SUPER_21,4660000,216,15,20,251,109,107
SUPER_21,4670000,178,12,14,204,90,88
SUPER_21,4680000,113,3,13,129,50,63
SUPER_21,4690000,184,16,26,226,90,94
SUPER_21,4700000,209,19,22,250,119,90
SUPER_21,4710000,261,21,18,300,133,128
SUPER_21,4720000,274,16,24,314,140,134
SUPER_21,4730000,238,19,18,275,111,127
SUPER_21,4740000,218,20,19,257,109,109
SUPER_21,4750000,261,16,25,302,136,125
SUPER_21,4760000,188,25,14,227,99,89
SUPER_21,4770000,153,19,19,191,67,86
SUPER_21,4780000,157,7,24,188,78,79
SUPER_21,4790000,211,18,17,246,102,109
SUPER_21,4800000,61,10,4,75,26,35
SUPER_21,4810000,121,14,14,149,44,77
SUPER_21,4820000,181,21,21,223,91,90
SUPER_21,4830000,162,11,20,193,69,93
SUPER_21,4840000,105,7,9,121,55,50
SUPER_21,4850000,117,10,17,144,56,61
SUPER_21,4860000,194,15,15,224,87,107
SUPER_21,4870000,318,35,31,384,163,155
SUPER_21,4880000,30,0,2,32,16,14
SUPER_21,4890000,85,11,5,101,48,37
SUPER_21,4900000,72,7,4,83,33,39
SUPER_21,4910000,101,7,9,117,54,47
SUPER_21,4920000,67,3,8,78,37,30
SUPER_21,4930000,6,0,1,7,3,3
SUPER_21,4940000,47,3,2,52,21,26
SUPER_21,4950000,252,31,18,301,125,127
SUPER_21,4960000,227,20,18,265,100,127
SUPER_21,4970000,215,16,29,260,111,104
SUPER_21,4980000,97,8,9,114,57,40
SUPER_21,4990000,27,3,1,31,12,15
SUPER_21,5000000,116,12,10,138,64,52
SUPER_21,5010000,40,6,5,51,21,19
SUPER_21,5020000,163,6,11,180,88,75
SUPER_21,5030000,72,8,9,89,34,38
SUPER_21,5040000,6,2,1,9,3,3
SUPER_21,5050000,130,5,9,144,72,58
SUPER_21,5060000,68,7,3,78,40,28
SUPER_21,5070000,44,4,7,55,26,18
SUPER_21,5080000,21,1,2,24,7,14
SUPER_21,5090000,93,9,14,116,48,45
SUPER_21,5100000,184,19,18,221,88,96
SUPER_21,5110000,91,5,9,105,43,48
SUPER_21,5120000,156,13,14,183,81,75
SUPER_21,5130000,301,15,30,346,154,147
SUPER_21,5140000,168,10,14,192,81,87
SUPER_21,5150000,163,9,13,185,87,76
SUPER_21,5160000,201,11,13,225,95,106
SUPER_21,5170000,218,22,29,269,103,115
SUPER_21,5180000,247,16,18,281,138,109
SUPER_21,5190000,200,12,17,229,100,100
SUPER_21,5200000,247,10,14,271,141,106
SUPER_21,5210000,220,9,14,243,115,105
SUPER_21,5220000,34,2,5,41,15,19
SUPER_21,5230000,131,9,15,155,73,58
SUPER_21,5240000,0,0,0,0,0,0
SUPER_21,5250000,0,0,0,0,0,0
SUPER_21,5260000,85,9,6,100,47,38
SUPER_21,5270000,1,0,0,1,0,1
SUPER_21,5280000,258,22,32,312,135,123
SUPER_21,5290000,121,11,13,145,58,63
SUPER_21,5300000,60,4,3,67,28,32
SUPER_21,5310000,100,7,10,117,57,43
SUPER_21,5320000,19,0,3,22,11,8
SUPER_21,5330000,139,11,10,160,63,76
SUPER_21,5340000,44,1,2,47,29,15
SUPER_21,5350000,75,5,2,82,43,32
SUPER_21,5360000,83,4,5,92,40,43
SUPER_21,5370000,186,15,12,213,107,79
SUPER_21,5380000,257,15,27,299,137,120
SUPER_21,5390000,141,9,11,161,83,58
SUPER_21,5400000,111,12,13,136,64,47
SUPER_21,5410000,222,17,16,255,115,107
SUPER_21,5420000,86,8,6,100,46,40
SUPER_21,5430000,64,5,9,78,31,33
SUPER_21,5440000,51,4,6,61,23,28
SUPER_21,5450000,0,0,0,0,0,0
SUPER_21,5460000,0,0,0,0,0,0
SUPER_21,5470000,0,0,0,0,0,0
SUPER_21,5480000,152,10,15,177,81,71
SUPER_21,5490000,10,0,3,13,6,4
SUPER_21,5500000,37,2,6,45,19,18
SUPER_21,5510000,4,1,1,6,2,2
SUPER_21,5520000,8,1,2,11,5,3
SUPER_21,5530000,9,4,2,15,4,5
SUPER_21,5540000,5,2,0,7,1,4
SUPER_21,5550000,56,6,8,70,24,32
SUPER_21,5560000,248,17,32,297,117,131
SUPER_21,5570000,268,22,26,316,133,135
SUPER_21,5580000,258,23,21,302,134,124
SUPER_21,5590000,214,15,19,248,101,113
SUPER_21,5600000,273,29,20,322,153,120
SUPER_21,5610000,116,10,8,134,56,60
SUPER_21,5620000,108,6,7,121,61,47
SUPER_21,5630000,36,5,1,42,21,15
SUPER_21,5640000,45,1,2,48,26,19
SUPER_21,5650000,57,3,3,63,29,28
SUPER_21,5660000,0,0,0,0,0,0
SUPER_21,5670000,0,0,0,0,0,0
SUPER_21,5680000,0,0,0,0,0,0
SUPER_21,5690000,44,2,1,47,28,16
SUPER_21,5700000,49,4,5,58,26,23
SUPER_21,5710000,171,13,22,206,86,85
SUPER_21,5720000,90,10,10,110,44,46
SUPER_21,5730000,66,2,6,74,38,28
SUPER_21,5740000,68,5,5,78,38,30
SUPER_21,5750000,215,16,16,247,112,103
SUPER_21,5760000,0,0,0,0,0,0
SUPER_21,5770000,0,0,0,0,0,0
SUPER_21,5780000,200,11,19,230,104,96
SUPER_21,5790000,146,11,15,172,68,78
SUPER_21,5800000,67,6,2,75,39,28
SUPER_21,5810000,182,16,14,212,104,78
SUPER_21,5820000,271,20,18,309,143,128
SUPER_21,5830000,52,4,5,61,24,28
SUPER_21,5840000,195,14,9,218,107,88
SUPER_21,5850000,0,0,0,0,0,0
SUPER_21,5860000,0,0,0,0,0,0
SUPER_21,5870000,228,15,17,260,115,113
SUPER_21,5880000,102,1,4,107,46,56
SUPER_21,5890000,11,0,3,14,7,4
SUPER_21,5900000,184,16,16,216,87,97
SUPER_21,5910000,50,1,5,56,30,20
SUPER_21,5920000,170,13,16,199,79,91
SUPER_21,5930000,112,6,17,135,62,50
SUPER_21,5940000,175,13,20,208,79,96
SUPER_21,5950000,159,12,16,187,89,70
SUPER_21,5960000,101,4,10,115,55,46
SUPER_21,5970000,182,18,13,213,91,91
SUPER_21,5980000,237,20,17,274,119,118
SUPER_21,5990000,241,16,35,292,121,120
SUPER_21,6000000,210,18,18,246,110,100
SUPER_21,6010000,190,17,21,228,81,109
SUPER_21,6020000,287,34,25,346,147,140
SUPER_21,6030000,240,30,24,294,128,112
SUPER_21,6040000,174,18,19,211,77,97
SUPER_21,6050000,73,7,6,86,34,39
SUPER_21,6060000,136,7,15,158,68,68
SUPER_21,6070000,195,15,22,232,94,101
SUPER_21,6080000,207,13,16,236,105,102
SUPER_21,6090000,115,14,10,139,58,57
SUPER_21,6100000,147,11,17,175,69,78
SUPER_21,6110000,257,22,21,300,143,114
SUPER_21,6120000,210,26,17,253,113,97
SUPER_21,6130000,175,22,18,215,94,81
SUPER_21,6140000,153,13,12,178,84,69
SUPER_21,6150000,193,14,11,218,90,103
SUPER_21,6160000,189,15,14,218,100,89
SUPER_21,6170000,266,34,14,314,126,140
SUPER_21,6180000,261,20,21,302,131,130
SUPER_21,6190000,222,15,17,254,123,99
SUPER_21,6200000,249,26,27,302,107,142
SUPER_21,6210000,109,4,12,125,58,51
SUPER_21,6220000,70,6,7,83,31,39
SUPER_21,6230000,193,22,18,233,94,99
SUPER_21,6240000,233,19,23,275,108,125
SUPER_21,6250000,61,8,7,76,30,31
SUPER_21,6260000,211,17,20,248,120,91
SUPER_21,6270000,243,19,20,282,112,131
SUPER_21,6280000,217,16,19,252,131,86
SUPER_21,6290000,169,15,18,202,82,87
SUPER_21,6300000,69,5,8,82,41,28
SUPER_21,6310000,224,15,19,258,120,104
SUPER_21,6320000,227,12,21,260,106,121
SUPER_21,6330000,2,0,0,2,1,1
SUPER_21,6340000,75,4,3,82,47,28
SUPER_21,6350000,203,17,17,237,104,99
SUPER_21,6360000,94,4,6,104,46,48
SUPER_21,6370000,12,0,0,12,6,6
SUPER_21,6380000,166,15,12,193,95,71
SUPER_21,6390000,71,4,7,82,38,33
SUPER_21,6400000,0,0,0,0,0,0
SUPER_21,6410000,0,0,0,0,0,0
SUPER_21,6420000,255,29,22,306,132,123
SUPER_21,6430000,0,0,0,0,0,0
SUPER_21,6440000,0,0,0,0,0,0
SUPER_21,6450000,0,0,0,0,0,0
SUPER_21,6460000,129,8,12,149,71,58
SUPER_21,6470000,258,21,20,299,136,122
SUPER_21,6480000,287,20,24,331,146,141
SUPER_21,6490000,22,2,2,26,10,12
SUPER_21,6500000,1,0,0,1,1,0
SUPER_21,6510000,73,4,3,80,37,36
SUPER_21,6520000,190,13,7,210,96,94
SUPER_21,6530000,153,5,9,167,77,76
SUPER_21,6540000,102,11,8,121,55,47
SUPER_21,6550000,31,1,1,33,14,17
SUPER_21,6560000,94,3,5,102,44,50
SUPER_21,6570000,227,12,22,261,114,113
SUPER_21,6580000,247,17,29,293,114,133
SUPER_21,6590000,121,5,9,135,55,66
SUPER_21,6600000,18,0,3,21,12,6
SUPER_21,6610000,54,12,10,76,27,27
SUPER_21,6620000,69,2,7,78,34,35
SUPER_21,6630000,240,15,21,276,130,110
SUPER_21,6640000,287,23,27,337,150,137
SUPER_21,6650000,246,30,21,297,145,101
SUPER_21,6660000,249,15,31,295,135,114
SUPER_21,6670000,237,16,27,280,117,120
SUPER_21,6680000,283,35,35,353,132,151
SUPER_21,6690000,246,21,19,286,129,117
SUPER_21,6700000,88,8,5,101,49,39
SUPER_21,6710000,102,6,11,119,55,47
SUPER_21,6720000,262,22,27,311,125,137
SUPER_21,6730000,43,2,6,51,28,15
SUPER_21,6740000,123,5,6,134,66,57
SUPER_21,6750000,244,21,18,283,118,126
SUPER_21,6760000,346,30,24,400,182,164
SUPER_21,6770000,235,25,18,278,108,127
SUPER_21,6780000,243,20,31,294,118,125
SUPER_21,6790000,267,27,27,321,133,134
SUPER_21,6800000,110,7,7,124,65,45
SUPER_21,6810000,117,15,12,144,63,54
SUPER_21,6820000,161,7,15,183,81,80
SUPER_21,6830000,127,13,8,148,60,67
SUPER_21,6840000,16,1,2,19,8,8
SUPER_21,6850000,72,6,7,85,37,35
SUPER_21,6860000,50,3,5,58,27,23
SUPER_21,6870000,103,10,14,127,53,50
SUPER_21,6880000,13,2,0,15,8,5
SUPER_21,6890000,94,3,8,105,57,37
SUPER_21,6900000,176,13,20,209,97,79
SUPER_21,6910000,181,21,15,217,94,87
SUPER_21,6920000,132,10,14,156,66,66
SUPER_21,6930000,53,2,6,61,24,29
SUPER_21,6940000,85,10,10,105,40,45
SUPER_21,6950000,120,6,6,132,63,57
SUPER_21,6960000,40,3,2,45,21,19
SUPER_21,6970000,126,11,13,150,76,50
SUPER_21,6980000,196,9,10,215,110,86
SUPER_21,6990000,223,23,13,259,119,104
SUPER_21,7000000,150,13,7,170,74,76
SUPER_21,7010000,152,17,18,187,89,63
SUPER_21,7020000,112,16,12,140,46,66
SUPER_21,7030000,143,13,15,171,82,61
SUPER_21,7040000,142,20,13,175,72,70
SUPER_21,7050000,271,33,28,332,122,149
SUPER_21,7060000,225,20,16,261,108,117
SUPER_21,7070000,267,18,24,309,133,134
SUPER_21,7080000,196,16,29,241,78,118
SUPER_21,7090000,272,30,29,331,126,146
SUPER_21,7100000,255,27,27,309,135,120
SUPER_21,7110000,139,13,13,165,70,69
SUPER_21,7120000,78,3,10,91,38,40
SUPER_21,7130000,156,8,13,177,76,80
SUPER_21,7140000,254,30,17,301,116,138
SUPER_21,7150000,192,5,11,208,96,96
SUPER_21,7160000,80,10,12,102,41,39
SUPER_21,7170000,268,16,18,302,146,122
SUPER_21,7180000,50,10,7,67,28,22
SUPER_21,7190000,146,17,11,174,71,75
SUPER_21,7200000,181,14,11,206,96,85
SUPER_21,7210000,150,14,21,185,80,70
SUPER_21,7220000,239,30,24,293,108,131
SUPER_21,7230000,311,32,28,371,150,161
SUPER_21,7240000,159,17,22,198,82,77
SUPER_21,7250000,145,16,19,180,66,79
SUPER_21,7260000,208,25,24,257,99,109
SUPER_21,7270000,264,20,29,313,147,117
SUPER_21,7280000,229,15,15,259,113,116
SUPER_21,7290000,140,15,14,169,74,66
SUPER_21,7300000,11,0,0,11,4,7
SUPER_21,7310000,147,6,20,173,77,70
SUPER_21,7320000,187,24,21,232,91,96
SUPER_21,7330000,180,17,11,208,94,86
SUPER_21,7340000,158,14,18,190,72,86
SUPER_21,7350000,158,16,14,188,81,77
SUPER_21,7360000,184,18,19,221,82,102
SUPER_21,7370000,253,8,19,280,132,121
SUPER_21,7380000,120,10,10,140,50,70
SUPER_21,7390000,243,10,18,271,133,110
SUPER_21,7400000,271,24,24,319,141,130
SUPER_21,7410000,277,33,25,335,130,147
SUPER_21,7420000,242,21,20,283,123,119
SUPER_21,7430000,97,7,8,112,46,51
SUPER_21,7440000,126,11,11,148,57,69
SUPER_21,7450000,197,18,18,233,97,100
SUPER_21,7460000,213,17,28,258,100,113
SUPER_21,7470000,74,17,4,95,37,37
SUPER_21,7480000,138,10,14,162,70,68
SUPER_21,7490000,148,13,10,171,76,72
SUPER_21,7500000,130,6,9,145,63,67
SUPER_21,7510000,185,18,12,215,99,86
SUPER_21,7520000,165,23,16,204,79,86
SUPER_21,7530000,239,22,11,272,121,118
SUPER_21,7540000,109,5,10,124,55,54
SUPER_21,7550000,286,32,23,341,141,145
SUPER_21,7560000,129,7,12,148,66,63
SUPER_21,7570000,188,9,18,215,107,81
SUPER_21,7580000,307,24,23,354,169,138
SUPER_21,7590000,301,25,26,352,146,155
SUPER_21,7600000,201,14,22,237,106,95
SUPER_21,7610000,92,5,3,100,43,49
SUPER_21,7620000,113,11,8,132,57,56
SUPER_21,7630000,37,7,4,48,17,20
SUPER_21,7640000,110,12,10,132,62,48
SUPER_21,7650000,257,32,26,315,117,140
SUPER_21,7660000,101,9,9,119,50,51
SUPER_21,7670000,157,14,19,190,85,72
SUPER_21,7680000,145,15,13,173,81,64
SUPER_21,7690000,81,4,3,88,44,37
SUPER_21,7700000,247,25,20,292,126,121
SUPER_21,7710000,224,23,22,269,116,108
SUPER_21,7720000,0,0,0,0,0,0
SUPER_21,7730000,0,0,0,0,0,0
SUPER_21,7740000,168,8,12,188,81,87
SUPER_21,7750000,287,30,20,337,147,140
SUPER_21,7760000,275,26,25,326,125,150
SUPER_21,7770000,242,21,21,284,112,130
SUPER_21,7780000,204,18,12,234,101,103
SUPER_21,7790000,275,14,21,310,148,127
SUPER_21,7800000,62,2,6,70,32,30
SUPER_21,7810000,166,7,7,180,80,86
SUPER_21,7820000,251,16,20,287,133,118
SUPER_21,7830000,189,14,17,220,102,87
SUPER_21,7840000,207,14,11,232,107,100
SUPER_21,7850000,225,24,21,270,107,118
SUPER_21,7860000,293,20,22,335,165,128
SUPER_21,7870000,270,12,33,315,147,123
SUPER_21,7880000,208,14,13,235,92,116
SUPER_21,7890000,205,19,12,236,106,99
SUPER_21,7900000,175,10,18,203,77,98
SUPER_21,7910000,0,0,0,0,0,0
SUPER_21,7920000,0,0,0,0,0,0
SUPER_21,7930000,239,14,21,274,135,104
SUPER_21,7940000,80,1,4,85,29,51
SUPER_21,7950000,249,14,21,284,116,133
SUPER_21,7960000,120,15,7,142,59,61
SUPER_21,7970000,113,7,10,130,61,52
SUPER_21,7980000,161,17,13,191,84,77
SUPER_21,7990000,140,7,9,156,69,71
SUPER_21,8000000,135,4,15,154,70,65
SUPER_21,8010000,214,17,20,251,108,106
SUPER_21,8020000,219,15,16,250,113,106
SUPER_21,8030000,265,25,22,312,128,137
SUPER_21,8040000,215,17,22,254,109,106
SUPER_21,8050000,85,6,10,101,46,39
SUPER_21,8060000,209,9,15,233,101,108
SUPER_21,8070000,252,24,17,293,123,129
SUPER_21,8080000,251,27,25,303,131,120
SUPER_21,8090000,158,14,26,198,58,100
SUPER_21,8100000,164,20,11,195,77,87
SUPER_21,8110000,190,19,10,219,98,92
SUPER_21,8120000,216,26,15,257,105,111
SUPER_21,8130000,150,25,12,187,76,74
SUPER_21,8140000,65,8,8,81,38,27
SUPER_21,8150000,146,8,11,165,80,66
SUPER_21,8160000,136,9,7,152,73,63
SUPER_21,8170000,53,6,3,62,22,31
SUPER_21,8180000,175,23,15,213,87,88
SUPER_21,8190000,225,23,18,266,117,108
SUPER_21,8200000,245,17,22,284,128,117
SUPER_21,8210000,134,12,16,162,68,66
SUPER_21,8220000,10,0,0,10,6,4
SUPER_21,8230000,135,5,14,154,72,63
SUPER_21,8240000,0,0,0,0,0,0
SUPER_21,8250000,0,0,0,0,0,0
SUPER_21,8260000,0,0,0,0,0,0
SUPER_21,8270000,0,0,0,0,0,0
SUPER_21,8280000,311,20,21,352,170,141
SUPER_21,8290000,58,5,9,72,27,31
SUPER_21,8300000,0,0,0,0,0,0
SUPER_21,8310000,0,0,0,0,0,0
SUPER_21,8320000,0,0,0,0,0,0
SUPER_21,8330000,41,3,5,49,20,21
SUPER_21,8340000,13,0,1,14,7,6
SUPER_21,8350000,150,16,15,181,76,74
SUPER_21,8360000,238,18,38,294,107,131
SUPER_21,8370000,210,26,22,258,99,111
SUPER_21,8380000,106,8,11,125,57,49
SUPER_21,8390000,233,16,21,270,116,117
SUPER_21,8400000,275,21,25,321,153,122
SUPER_21,8410000,118,13,10,141,69,49
SUPER_21,8420000,133,11,9,153,68,65
SUPER_21,8430000,117,8,7,132,56,61
SUPER_21,8440000,46,2,7,55,21,25
SUPER_21,8450000,41,1,4,46,23,18
SUPER_21,8460000,123,8,14,145,58,65
SUPER_21,8470000,191,12,23,226,104,87
SUPER_21,8480000,134,16,10,160,57,77
SUPER_21,8490000,131,14,10,155,64,67
SUPER_21,8500000,17,1,0,18,10,7
SUPER_21,8510000,105,5,10,120,55,50
SUPER_21,8520000,238,28,23,289,124,114
SUPER_21,8530000,253,19,32,304,135,118
SUPER_21,8540000,221,27,19,267,112,109
SUPER_21,8550000,215,22,25,262,97,118
SUPER_21,8560000,153,19,17,189,81,72
SUPER_21,8570000,140,13,14,167,60,80
SUPER_21,8580000,117,6,11,134,61,56
SUPER_21,8590000,136,4,15,155,58,78
SUPER_21,8600000,0,0,0,0,0,0
SUPER_21,8610000,0,0,0,0,0,0
SUPER_21,8620000,317,12,22,351,152,165
SUPER_21,8630000,0,0,0,0,0,0
SUPER_21,8640000,0,0,0,0,0,0
SUPER_21,8650000,214,16,20,250,127,87
SUPER_21,8660000,177,13,16,206,84,93
SUPER_21,8670000,70,3,2,75,36,34
SUPER_21,8680000,127,6,11,144,66,61
SUPER_21,8690000,262,15,24,301,123,139
SUPER_21,8700000,113,10,9,132,67,46
SUPER_21,8710000,43,2,4,49,16,27
SUPER_21,8720000,17,1,2,20,11,6
SUPER_21,8730000,158,18,13,189,76,82
SUPER_21,8740000,238,20,33,291,113,125
SUPER_21,8750000,37,1,3,41,23,14
SUPER_21,8760000,73,10,4,87,41,32
SUPER_21,8770000,101,9,12,122,51,50
SUPER_21,8780000,89,2,7,98,48,41
SUPER_21,8790000,150,18,21,189,73,77
SUPER_21,8800000,185,13,15,213,87,98
SUPER_21,8810000,221,19,22,262,116,105
SUPER_21,8820000,70,5,7,82,37,33
SUPER_21,8830000,39,3,3,45,25,14
SUPER_21,8840000,42,2,5,49,20,22
SUPER_21,8850000,129,10,7,146,66,63
SUPER_21,8860000,0,0,0,0,0,0
SUPER_21,8870000,0,0,0,0,0,0
SUPER_21,8880000,174,13,13,200,86,88
SUPER_21,8890000,51,3,2,56,29,22
SUPER_21,8900000,164,11,15,190,95,69
SUPER_21,8910000,202,13,20,235,103,99
SUPER_21,8920000,21,0,3,24,9,12
SUPER_21,8930000,115,6,12,133,65,50
SUPER_21,8940000,147,5,17,169,80,67
SUPER_21,8950000,121,10,9,140,58,63
SUPER_21,8960000,284,19,23,326,149,135
SUPER_21,8970000,200,15,12,227,95,105
SUPER_21,8980000,204,18,15,237,97,107
SUPER_21,8990000,290,22,31,343,147,143
SUPER_21,9000000,189,9,21,219,93,96
SUPER_21,9010000,108,9,9,126,58,50
SUPER_21,9020000,105,8,5,118,59,46
SUPER_21,9030000,161,10,13,184,83,78
SUPER_21,9040000,320,28,27,375,151,169
SUPER_21,9050000,232,11,15,258,117,115
SUPER_21,9060000,163,26,16,205,69,94
SUPER_21,9070000,91,13,14,118,48,43
SUPER_21,9080000,115,8,10,133,59,56
SUPER_21,9090000,244,19,20,283,143,101
SUPER_21,9100000,143,16,10,169,81,62
SUPER_21,9110000,65,1,6,72,33,32
SUPER_21,9120000,76,1,6,83,45,31
SUPER_21,9130000,0,2,0,2,0,0
SUPER_21,9140000,227,13,19,259,125,102
SUPER_21,9150000,54,5,8,67,29,25
SUPER_21,9160000,62,7,4,73,32,30
SUPER_21,9170000,146,15,12,173,66,80
SUPER_21,9180000,89,7,9,105,46,43
SUPER_21,9190000,1,1,0,2,1,0
SUPER_21,9200000,81,10,8,99,35,46
SUPER_21,9210000,78,6,6,90,47,31
SUPER_21,9220000,46,6,4,56,19,27
SUPER_21,9230000,121,12,11,144,71,50
SUPER_21,9240000,221,15,16,252,103,118
SUPER_21,9250000,138,19,18,175,72,66
SUPER_21,9260000,139,9,6,154,70,69
SUPER_21,9270000,194,10,14,218,99,95
SUPER_21,9280000,70,8,5,83,38,32
SUPER_21,9290000,121,4,14,139,61,60
SUPER_21,9300000,232,24,17,273,126,106
SUPER_21,9310000,313,31,35,379,170,143
SUPER_21,9320000,248,20,17,285,123,125
SUPER_21,9330000,289,20,27,336,163,126
SUPER_21,9340000,29,1,6,36,14,15
SUPER_21,9350000,84,5,7,96,55,29
SUPER_21,9360000,286,17,24,327,133,153
SUPER_21,9370000,260,27,22,309,126,134
SUPER_21,9380000,284,23,24,331,131,153
SUPER_21,9390000,247,27,22,296,124,123
SUPER_21,9400000,178,18,24,220,90,88
SUPER_21,9410000,89,3,5,97,39,50
SUPER_21,9420000,105,7,8,120,51,54
SUPER_21,9430000,200,14,24,238,92,108
SUPER_21,9440000,303,19,34,356,154,149
SUPER_21,9450000,295,37,37,369,168,127
SUPER_21,9460000,101,7,9,117,42,59
SUPER_21,9470000,147,15,11,173,79,68
SUPER_21,9480000,176,9,14,199,93,83
SUPER_21,9490000,85,6,10,101,53,32
SUPER_21,9500000,129,14,7,150,70,59
SUPER_21,9510000,144,5,16,165,74,70
SUPER_21,9520000,120,13,14,147,66,54
SUPER_21,9530000,226,9,25,260,109,117
SUPER_21,9540000,245,23,12,280,127,118
SUPER_21,9550000,253,25,22,300,126,127
SUPER_21,9560000,62,1,5,68,29,33
SUPER_21,9570000,191,15,18,224,91,100
SUPER_21,9580000,164,15,15,194,75,89
SUPER_21,9590000,195,14,20,229,99,96
SUPER_21,9600000,204,22,11,237,104,100
SUPER_21,9610000,258,25,27,310,128,130
SUPER_21,9620000,224,17,22,263,94,130
SUPER_21,9630000,214,15,17,246,101,113
SUPER_21,9640000,143,15,19,177,69,74
SUPER_21,9650000,240,27,22,289,122,118
SUPER_21,9660000,157,13,15,185,84,73
SUPER_21,9670000,95,11,10,116,48,47
SUPER_21,9680000,88,5,2,95,48,40
SUPER_21,9690000,164,21,15,200,80,84
SUPER_21,9700000,78,3,2,83,38,40
SUPER_21,9710000,170,14,14,198,98,72
SUPER_21,9720000,246,24,30,300,124,122
SUPER_21,9730000,303,25,18,346,145,158
SUPER_21,9740000,230,26,22,278,123,107
SUPER_21,9750000,144,14,12,170,79,65
SUPER_21,9760000,154,7,19,180,77,77
SUPER_21,9770000,207,15,17,239,101,106
SUPER_21,9780000,121,12,8,141,49,72
SUPER_21,9790000,192,14,18,224,100,92
SUPER_21,9800000,109,3,4,116,56,53
SUPER_21,9810000,72,13,5,90,32,40
SUPER_21,9820000,186,20,16,222,105,81
SUPER_21,9830000,247,15,17,279,129,118
SUPER_21,9840000,256,17,17,290,129,127
SUPER_21,9850000,259,27,24,310,127,132
SUPER_21,9860000,212,20,19,251,97,115
SUPER_21,9870000,187,18,17,222,100,87
SUPER_21,9880000,170,7,10,187,105,65
SUPER_21,9890000,173,10,19,202,92,81
SUPER_21,9900000,142,9,13,164,63,79
SUPER_21,9910000,209,18,19,246,95,114
SUPER_21,9920000,184,14,10,208,96,88
SUPER_21,9930000,148,13,21,182,79,69
SUPER_21,9940000,216,17,36,269,90,126
SUPER_21,9950000,184,23,19,226,100,84
SUPER_21,9960000,158,14,25,197,81,77
SUPER_21,9970000,137,9,14,160,69,68
SUPER_21,9980000,107,8,7,122,63,44
SUPER_21,9990000,103,6,11,120,49,54
SUPER_21,10000000,121,6,8,135,54,67
SUPER_21,10010000,102,4,7,113,49,53
SUPER_21,10020000,134,4,10,148,60,74
SUPER_21,10030000,146,10,10,166,78,68
SUPER_21,10040000,78,4,9,91,40,38
SUPER_21,10050000,167,13,14,194,78,89
SUPER_21,10060000,215,22,18,255,110,105
SUPER_21,10070000,96,14,12,122,52,44
SUPER_21,10080000,84,8,9,101,55,29
SUPER_21,10090000,35,2,4,41,23,12
SUPER_21,10100000,145,15,15,175,74,71
SUPER_21,10110000,187,11,16,214,101,86
SUPER_21,10120000,184,19,15,218,98,86
SUPER_21,10130000,140,21,20,181,74,66
SUPER_21,10140000,228,25,26,279,103,125
SUPER_21,10150000,167,14,15,196,81,86
SUPER_21,10160000,155,6,16,177,80,75
SUPER_21,10170000,153,15,17,185,79,74
SUPER_21,10180000,128,13,17,158,83,45
SUPER_21,10190000,117,11,15,143,64,53
SUPER_21,10200000,207,16,16,239,94,113
SUPER_21,10210000,210,12,16,238,105,105
SUPER_21,10220000,175,21,19,215,89,86
SUPER_21,10230000,57,13,5,75,28,29
SUPER_21,10240000,150,9,13,172,65,85
SUPER_21,10250000,230,24,23,277,118,112
SUPER_21,10260000,170,10,17,197,90,80
SUPER_21,10270000,96,12,9,117,44,52
SUPER_21,10280000,127,23,9,159,61,66
SUPER_21,10290000,70,6,7,83,32,38
SUPER_21,10300000,84,4,9,97,45,39
SUPER_21,10310000,58,4,8,70,30,28
SUPER_21,10320000,118,10,7,135,56,62
SUPER_21,10330000,116,6,12,134,56,60
SUPER_21,10340000,105,12,7,124,50,55
SUPER_21,10350000,86,7,10,103,43,43
SUPER_21,10360000,52,3,3,58,30,22
SUPER_21,10370000,75,4,6,85,36,39
SUPER_21,10380000,13,1,0,14,9,4
SUPER_21,10390000,0,0,0,0,0,0
SUPER_21,10400000,0,0,0,0,0,0
SUPER_21,10410000,47,1,3,51,32,15
SUPER_21,10420000,3,0,1,4,1,2
SUPER_21,10430000,12,3,1,16,3,9
SUPER_21,10440000,0,0,0,0,0,0
SUPER_21,10450000,0,0,0,0,0,0
SUPER_21,10460000,0,0,0,0,0,0
SUPER_21,10470000,0,0,0,0,0,0
SUPER_21,10480000,9,2,1,12,4,5
SUPER_21,10490000,15,6,0,21,3,12
SUPER_21,10500000,11,3,0,14,4,7
SUPER_21,10510000,7,1,1,9,5,2
SUPER_21,10520000,1,0,1,2,1,0
SUPER_21,10530000,1,0,0,1,1,0
SUPER_21,10540000,8,4,0,12,3,5
SUPER_21,10550000,30,3,8,41,8,22
SUPER_22,10000,7,4,0,11,2,5
SUPER_22,20000,0,2,1,3,0,0
SUPER_22,30000,106,8,1,115,46,60
SUPER_22,40000,79,2,6,87,34,45
SUPER_22,50000,104,10,7,121,55,49
SUPER_22,60000,156,8,15,179,80,76
SUPER_22,70000,166,12,13,191,88,78
SUPER_22,80000,151,9,11,171,84,67
SUPER_22,90000,185,9,18,212,104,81
SUPER_22,100000,179,13,12,204,93,86
SUPER_22,110000,207,22,21,250,100,107
SUPER_22,120000,163,12,12,187,88,75
SUPER_22,130000,291,30,31,352,133,158
SUPER_22,140000,79,6,3,88,38,41
SUPER_22,150000,121,4,8,133,72,49
SUPER_22,160000,235,13,13,261,120,115
SUPER_22,170000,203,14,16,233,101,102
SUPER_22,180000,30,1,1,32,13,17
SUPER_22,190000,2,2,0,4,0,2
SUPER_22,200000,42,5,3,50,20,22
SUPER_22,210000,317,17,27,361,154,163
SUPER_22,220000,247,9,18,274,131,116
SUPER_22,230000,50,1,1,52,28,22
SUPER_22,240000,50,5,9,64,30,20
SUPER_22,250000,224,20,17,261,115,109
SUPER_22,260000,119,14,2,135,55,64
SUPER_22,270000,158,11,9,178,87,71
SUPER_22,280000,48,3,8,59,20,28
SUPER_22,290000,131,4,4,139,71,60
SUPER_22,300000,201,16,14,231,101,100
SUPER_22,310000,248,13,14,275,138,110
SUPER_22,320000,257,19,21,297,138,119
SUPER_22,330000,320,28,23,371,167,153
SUPER_22,340000,82,3,11,96,42,40
SUPER_22,350000,131,13,13,157,67,64
SUPER_22,360000,94,6,11,111,43,51
SUPER_22,370000,124,8,9,141,66,58
SUPER_22,380000,235,12,17,264,127,108
SUPER_22,390000,121,7,12,140,59,62
SUPER_22,400000,8,0,0,8,5,3
SUPER_22,410000,46,4,6,56,20,26
SUPER_22,420000,198,13,11,222,105,93
SUPER_22,430000,111,5,12,128,49,62
SUPER_22,440000,0,0,0,0,0,0
SUPER_22,450000,0,0,0,0,0,0
SUPER_22,460000,0,0,0,0,0,0
SUPER_22,470000,0,0,0,0,0,0
SUPER_22,480000,0,0,0,0,0,0
SUPER_22,490000,0,0,0,0,0,0
SUPER_22,500000,0,0,0,0,0,0
SUPER_22,510000,0,0,0,0,0,0
SUPER_22,520000,0,0,0,0,0,0
SUPER_22,530000,0,0,0,0,0,0
SUPER_22,540000,0,0,0,0,0,0
SUPER_22,550000,124,6,8,138,63,61
SUPER_22,560000,175,14,19,208,87,88
SUPER_22,570000,217,22,19,258,111,106
SUPER_22,580000,3,0,0,3,2,1
SUPER_22,590000,61,3,4,68,29,32
SUPER_22,600000,0,0,0,0,0,0
SUPER_22,610000,0,0,0,0,0,0
SUPER_22,620000,126,11,11,148,69,57
SUPER_22,630000,70,7,6,83,36,34
SUPER_22,640000,4,0,0,4,2,2
SUPER_22,650000,68,6,8,82,37,31
SUPER_22,660000,1,1,0,2,0,1
SUPER_22,670000,0,0,0,0,0,0
SUPER_22,680000,0,0,0,0,0,0
SUPER_22,690000,22,1,5,28,11,11
SUPER_22,700000,221,9,27,257,113,108
SUPER_22,710000,0,0,0,0,0,0
SUPER_22,720000,0,0,0,0,0,0
SUPER_22,730000,302,14,29,345,150,152
SUPER_22,740000,248,16,13,277,121,127
SUPER_22,750000,100,11,8,119,50,50
SUPER_22,760000,40,5,4,49,15,25
SUPER_22,770000,59,4,7,70,28,31
SUPER_22,780000,0,0,0,0,0,0
SUPER_22,790000,0,0,0,0,0,0
SUPER_22,800000,206,11,14,231,103,103
SUPER_22,810000,226,18,18,262,111,115
SUPER_22,820000,84,4,6,94,52,32
SUPER_22,830000,313,21,20,354,149,164
SUPER_22,840000,141,16,12,169,71,70
SUPER_22,850000,233,32,22,287,120,113
SUPER_22,860000,218,16,12,246,121,97
SUPER_22,870000,232,12,21,265,129,103
SUPER_22,880000,34,2,5,41,23,11
SUPER_22,890000,138,4,12,154,78,60
SUPER_22,900000,259,19,22,300,129,130
SUPER_22,910000,10,0,0,10,8,2
SUPER_22,920000,40,4,5,49,19,21
SUPER_22,930000,23,2,6,31,12,11
SUPER_22,940000,12,3,2,17,5,7
SUPER_22,950000,0,0,0,0,0,0
SUPER_22,960000,0,0,0,0,0,0
SUPER_22,970000,68,3,5,76,45,23
SUPER_22,980000,46,3,4,53,23,23
SUPER_22,990000,46,2,4,52,24,22
SUPER_22,1000000,18,2,2,22,10,8
SUPER_22,1010000,316,30,24,370,165,151
SUPER_22,1020000,319,36,31,386,153,166
SUPER_22,1030000,177,16,20,213,95,82
SUPER_22,1040000,56,1,6,63,26,30
SUPER_22,1050000,48,3,5,56,22,26
SUPER_22,1060000,163,13,10,186,77,86
SUPER_22,1070000,262,21,24,307,141,121
SUPER_22,1080000,249,18,17,284,143,106
SUPER_22,1090000,258,19,24,301,145,113
SUPER_22,1100000,124,12,10,146,69,55
SUPER_22,1110000,85,2,4,91,42,43
SUPER_22,1120000,152,14,11,177,84,68
SUPER_22,1130000,81,10,5,96,39,42
SUPER_22,1140000,58,1,8,67,27,31
SUPER_22,1150000,92,3,6,101,45,47
SUPER_22,1160000,46,1,4,51,24,22
SUPER_22,1170000,154,5,15,174,77,77
SUPER_22,1180000,69,8,5,82,38,31
SUPER_22,1190000,39,2,1,42,25,14
SUPER_22,1200000,101,7,8,116,54,47
SUPER_22,1210000,152,14,13,179,75,77
SUPER_22,1220000,268,17,22,307,137,131
SUPER_22,1230000,153,8,13,174,77,76
SUPER_22,1240000,21,1,1,23,11,10
SUPER_22,1250000,40,8,6,54,23,17
SUPER_22,1260000,247,18,13,278,132,115
SUPER_22,1270000,127,19,15,161,72,55
SUPER_22,1280000,132,13,13,158,70,62
SUPER_22,1290000,125,17,7,149,67,58
SUPER_22,1300000,160,16,11,187,75,85
SUPER_22,1310000,241,27,34,302,114,127
SUPER_22,1320000,197,16,18,231,100,97
SUPER_22,1330000,157,19,17,193,72,85
SUPER_22,1340000,20,1,3,24,11,9
SUPER_22,1350000,81,7,12,100,39,42
SUPER_22,1360000,104,11,8,123,54,50
SUPER_22,1370000,83,7,4,94,37,46
SUPER_22,1380000,179,12,12,203,82,97
SUPER_22,1390000,116,11,13,140,59,57
SUPER_22,1400000,147,10,11,168,78,69
SUPER_22,1410000,138,8,9,155,75,63
SUPER_22,1420000,76,6,9,91,38,38
SUPER_22,1430000,203,19,22,244,106,97
SUPER_22,1440000,238,16,24,278,123,115
SUPER_22,1450000,140,6,10,156,81,59
SUPER_22,1460000,119,10,9,138,68,51
SUPER_22,1470000,28,3,1,32,18,10
SUPER_22,1480000,145,8,12,165,62,83
SUPER_22,1490000,134,10,24,168,74,60
SUPER_22,1500000,61,2,4,67,29,32
SUPER_22,1510000,110,9,4,123,55,55
SUPER_22,1520000,112,9,9,130,51,61
SUPER_22,1530000,189,12,22,223,97,92
SUPER_22,1540000,114,11,20,145,52,62
SUPER_22,1550000,137,13,16,166,74,63
SUPER_22,1560000,194,14,15,223,102,92
SUPER_22,1570000,239,16,18,273,119,120
SUPER_22,1580000,307,31,31,369,147,160
SUPER_22,1590000,297,23,19,339,177,120
SUPER_22,1600000,306,19,20,345,165,141
SUPER_22,1610000,239,19,21,279,116,123
SUPER_22,1620000,291,16,24,331,137,154
SUPER_22,1630000,210,19,19,248,113,97
SUPER_22,1640000,243,20,22,285,121,122
SUPER_22,1650000,55,7,4,66,30,25
SUPER_22,1660000,165,11,14,190,86,79
SUPER_22,1670000,193,18,13,224,84,109
SUPER_22,1680000,113,7,8,128,58,55
SUPER_22,1690000,52,3,4,59,29,23
SUPER_22,1700000,0,0,0,0,0,0
SUPER_22,1710000,0,0,0,0,0,0
SUPER_22,1720000,80,5,3,88,40,40
SUPER_22,1730000,7,0,3,10,4,3
SUPER_22,1740000,156,8,14,178,96,60
SUPER_22,1750000,51,2,2,55,26,25
SUPER_22,1760000,39,2,2,43,20,19
SUPER_22,1770000,182,22,17,221,88,94
SUPER_22,1780000,226,13,23,262,112,114
SUPER_22,1790000,94,3,7,104,45,49
SUPER_22,1800000,118,4,10,132,62,56
SUPER_22,1810000,4,1,0,5,4,0
SUPER_22,1820000,104,12,12,128,55,49
SUPER_22,1830000,104,11,14,129,46,58
SUPER_22,1840000,238,24,16,278,118,120
SUPER_22,1850000,337,25,22,384,160,177
SUPER_22,1860000,292,22,22,336,157,135
SUPER_22,1870000,147,10,15,172,87,60
SUPER_22,1880000,51,2,5,58,28,23
SUPER_22,1890000,110,7,13,130,63,47
SUPER_22,1900000,81,4,4,89,43,38
SUPER_22,1910000,11,2,2,15,7,4
SUPER_22,1920000,161,16,11,188,92,69
SUPER_22,1930000,6,0,0,6,2,4
SUPER_22,1940000,137,9,11,157,65,72
SUPER_22,1950000,204,16,22,242,98,106
SUPER_22,1960000,133,6,12,151,69,64
SUPER_22,1970000,261,21,26,308,138,123
SUPER_22,1980000,129,9,13,151,71,58
SUPER_22,1990000,227,23,27,277,113,114
SUPER_22,2000000,188,19,11,218,96,92
SUPER_22,2010000,280,18,27,325,124,156
SUPER_22,2020000,108,12,10,130,57,51
SUPER_22,2030000,221,15,23,259,114,107
SUPER_22,2040000,162,14,26,202,96,66
SUPER_22,2050000,176,14,6,196,104,72
SUPER_22,2060000,60,5,6,71,32,28
SUPER_22,2070000,130,8,14,152,68,62
SUPER_22,2080000,82,1,12,95,45,37
SUPER_22,2090000,189,13,19,221,97,92
SUPER_22,2100000,233,18,25,276,116,117
SUPER_22,2110000,209,17,13,239,88,121
SUPER_22,2120000,187,12,14,213,108,79
SUPER_22,2130000,126,10,14,150,58,68
SUPER_22,2140000,232,11,21,264,115,117
SUPER_22,2150000,224,17,21,262,108,116
SUPER_22,2160000,95,11,9,115,50,45
SUPER_22,2170000,101,4,11,116,55,46
SUPER_22,2180000,228,21,9,258,104,124
SUPER_22,2190000,116,8,10,134,60,56
SUPER_22,2200000,96,7,7,110,51,45
SUPER_22,2210000,124,10,11,145,57,67
SUPER_22,2220000,237,19,23,279,120,117
SUPER_22,2230000,177,19,16,212,79,98
SUPER_22,2240000,190,20,20,230,101,89
SUPER_22,2250000,162,19,15,196,81,81
SUPER_22,2260000,283,14,24,321,133,150
SUPER_22,2270000,257,25,29,311,141,116
SUPER_22,2280000,218,24,29,271,110,108
SUPER_22,2290000,169,13,21,203,75,94
SUPER_22,2300000,200,17,11,228,102,98
SUPER_22,2310000,311,22,30,363,162,149
SUPER_22,2320000,197,20,21,238,89,108
SUPER_22,2330000,244,25,23,292,118,126
SUPER_22,2340000,286,16,29,331,154,132
SUPER_22,2350000,333,24,28,385,177,156
SUPER_22,2360000,0,0,0,0,0,0
SUPER_22,2370000,0,0,0,0,0,0
SUPER_22,2380000,128,11,12,151,65,63
SUPER_22,2390000,131,9,10,150,67,64
SUPER_22,2400000,342,31,32,405,163,179
SUPER_22,2410000,285,20,18,323,154,131
SUPER_22,2420000,206,17,19,242,119,87
SUPER_22,2430000,22,3,1,26,11,11
SUPER_22,2440000,97,9,9,115,42,55
SUPER_22,2450000,170,17,18,205,76,94
SUPER_22,2460000,165,19,11,195,90,75
SUPER_22,2470000,154,19,17,190,69,85
SUPER_22,2480000,222,25,20,267,113,109
SUPER_22,2490000,226,22,20,268,98,128
SUPER_22,2500000,184,24,24,232,86,98
SUPER_22,2510000,248,35,23,306,128,120
SUPER_22,2520000,248,18,23,289,140,108
SUPER_22,2530000,263,17,28,308,147,116
SUPER_22,2540000,271,23,24,318,129,142
SUPER_22,2550000,228,21,20,269,112,116
SUPER_22,2560000,214,20,21,255,112,102
SUPER_22,2570000,322,23,26,371,164,158
SUPER_22,2580000,253,12,18,283,110,143
SUPER_22,2590000,169,7,11,187,75,94
SUPER_22,2600000,160,16,24,200,75,85
SUPER_22,2610000,20,4,2,26,8,12
SUPER_22,2620000,77,11,14,102,42,35
SUPER_22,2630000,76,3,8,87,43,33
SUPER_22,2640000,228,24,24,276,120,108
SUPER_22,2650000,93,6,7,106,53,40
SUPER_22,2660000,24,1,1,26,15,9
SUPER_22,2670000,275,20,17,312,129,146
SUPER_22,2680000,372,35,40,447,168,204
SUPER_22,2690000,150,8,13,171,71,79
SUPER_22,2700000,205,19,20,244,112,93
SUPER_22,2710000,134,14,10,158,63,71
SUPER_22,2720000,6,0,0,6,2,4
SUPER_22,2730000,107,10,9,126,58,49
SUPER_22,2740000,97,5,11,113,56,41
SUPER_22,2750000,168,16,18,202,86,82
SUPER_22,2760000,17,0,1,18,8,9
SUPER_22,2770000,85,11,14,110,55,30
SUPER_22,2780000,140,20,13,173,71,69
SUPER_22,2790000,202,11,21,234,91,111
SUPER_22,2800000,242,14,19,275,115,127
SUPER_22,2810000,118,12,13,143,58,60
SUPER_22,2820000,230,28,24,282,126,104
SUPER_22,2830000,295,21,29,345,156,139
SUPER_22,2840000,182,14,14,210,89,93
SUPER_22,2850000,176,12,15,203,91,85
SUPER_22,2860000,53,4,5,62,27,26
SUPER_22,2870000,75,3,7,85,35,40
SUPER_22,2880000,72,9,8,89,44,28
SUPER_22,2890000,183,17,16,216,90,93
SUPER_22,2900000,296,22,22,340,145,151
SUPER_22,2910000,229,17,22,268,125,104
SUPER_22,2920000,67,3,9,79,41,26
SUPER_22,2930000,151,13,12,176,82,69
SUPER_22,2940000,166,14,18,198,97,69
SUPER_22,2950000,188,14,12,214,103,85
SUPER_22,2960000,129,7,8,144,56,73
SUPER_22,2970000,249,15,23,287,142,107
SUPER_22,2980000,287,27,30,344,144,143
SUPER_22,2990000,219,23,22,264,110,109
SUPER_22,3000000,175,10,16,201,74,101
SUPER_22,3010000,158,11,17,186,78,80
SUPER_22,3020000,72,0,0,72,41,31
SUPER_22,3030000,87,2,3,92,47,40
SUPER_22,3040000,190,21,24,235,93,97
SUPER_22,3050000,171,11,15,197,99,72
SUPER_22,3060000,104,12,3,119,44,60
SUPER_22,3070000,105,16,23,144,42,63
SUPER_22,3080000,141,13,14,168,64,77
SUPER_22,3090000,209,8,23,240,103,106
SUPER_22,3100000,165,7,9,181,79,86
SUPER_22,3110000,191,17,20,228,103,88
SUPER_22,3120000,238,19,21,278,124,114
SUPER_22,3130000,205,10,9,224,95,110
SUPER_22,3140000,234,25,17,276,125,109
SUPER_22,3150000,50,2,7,59,22,28
SUPER_22,3160000,60,5,7,72,33,27
SUPER_22,3170000,202,20,20,242,107,95
SUPER_22,3180000,285,24,21,330,157,128
SUPER_22,3190000,210,20,16,246,94,116
SUPER_22,3200000,120,6,5,131,61,59
SUPER_22,3210000,77,3,6,86,39,38
SUPER_22,3220000,109,8,10,127,49,60
SUPER_22,3230000,238,18,25,281,127,111
SUPER_22,3240000,65,8,2,75,29,36
SUPER_22,3250000,73,5,4,82,47,26
SUPER_22,3260000,114,6,6,126,61,53
SUPER_22,3270000,117,7,6,130,57,60
SUPER_22,3280000,55,4,10,69,25,30
SUPER_22,3290000,105,8,8,121,58,47
SUPER_22,3300000,187,10,20,217,90,97
SUPER_22,3310000,228,15,24,267,113,115
SUPER_22,3320000,253,17,24,294,127,126
SUPER_22,3330000,135,11,10,156,63,72
SUPER_22,3340000,165,13,20,198,76,89
SUPER_22,3350000,259,16,21,296,142,117
SUPER_22,3360000,169,15,12,196,87,82
SUPER_22,3370000,117,12,9,138,57,60
SUPER_22,3380000,163,15,21,199,68,95
SUPER_22,3390000,230,12,18,260,110,120
SUPER_22,3400000,103,11,7,121,52,51
SUPER_22,3410000,207,20,24,251,100,107
SUPER_22,3420000,54,4,2,60,23,31
SUPER_22,3430000,149,16,11,176,82,67
SUPER_22,3440000,244,14,14,272,118,126
SUPER_22,3450000,187,19,19,225,87,100
SUPER_22,3460000,220,19,23,262,110,110
SUPER_22,3470000,185,13,23,221,76,109
SUPER_22,3480000,79,11,7,97,41,38
SUPER_22,3490000,176,21,23,220,86,90
SUPER_22,3500000,32,1,1,34,15,17
SUPER_22,3510000,29,1,4,34,13,16
SUPER_22,3520000,203,17,18,238,97,106
SUPER_22,3530000,283,19,18,320,156,127
SUPER_22,3540000,160,9,3,172,77,83
SUPER_22,3550000,268,19,19,306,134,134
SUPER_22,3560000,33,5,7,45,13,20
SUPER_22,3570000,235,23,18,276,111,124
SUPER_22,3580000,241,20,25,286,126,115
SUPER_22,3590000,217,19,11,247,121,96
SUPER_22,3600000,263,14,18,295,136,127
SUPER_22,3610000,53,4,1,58,28,25
SUPER_22,3620000,180,18,10,208,85,95
SUPER_22,3630000,240,26,16,282,110,130
SUPER_22,3640000,321,30,24,375,171,150
SUPER_22,3650000,192,22,19,233,89,103
SUPER_22,3660000,249,20,27,296,117,132
SUPER_22,3670000,154,23,13,190,85,69
SUPER_22,3680000,180,17,13,210,89,91
SUPER_22,3690000,195,17,17,229,98,97
SUPER_22,3700000,215,21,21,257,97,118
SUPER_22,3710000,242,17,17,276,111,131
SUPER_22,3720000,270,19,30,319,151,119
SUPER_22,3730000,205,18,21,244,98,107
SUPER_22,3740000,282,20,18,320,146,136
SUPER_22,3750000,177,13,19,209,92,85
SUPER_22,3760000,271,25,21,317,131,140
SUPER_22,3770000,29,2,4,35,18,11
SUPER_22,3780000,122,10,9,141,66,56
SUPER_22,3790000,282,20,13,315,163,119
SUPER_22,3800000,235,21,17,273,120,115
SUPER_22,3810000,130,11,6,147,64,66
SUPER_22,3820000,99,10,10,119,48,51
SUPER_22,3830000,103,9,9,121,41,62
SUPER_22,3840000,198,9,22,229,97,101
SUPER_22,3850000,226,15,22,263,116,110
SUPER_22,3860000,104,6,11,121,50,54
SUPER_22,3870000,194,21,9,224,106,88
SUPER_22,3880000,205,19,22,246,107,98
SUPER_22,3890000,279,28,22,329,140,139
SUPER_22,3900000,236,24,27,287,105,131
SUPER_22,3910000,242,22,18,282,134,108
SUPER_22,3920000,105,5,9,119,48,57
SUPER_22,3930000,63,2,3,68,31,32
SUPER_22,3940000,51,4,2,57,17,34
SUPER_22,3950000,129,13,10,152,60,69
SUPER_22,3960000,176,17,14,207,101,75
SUPER_22,3970000,218,19,20,257,101,117
SUPER_22,3980000,49,4,5,58,26,23
SUPER_22,3990000,38,5,2,45,22,16
SUPER_22,4000000,19,1,0,20,8,11
SUPER_22,4010000,20,1,1,22,15,5
SUPER_22,4020000,133,6,10,149,73,60
SUPER_22,4030000,105,9,10,124,61,44
SUPER_22,4040000,4,1,1,6,1,3
SUPER_22,4050000,170,12,14,196,87,83
SUPER_22,4060000,82,7,7,96,46,36
SUPER_22,4070000,85,7,2,94,48,37
SUPER_22,4080000,228,18,19,265,118,110
SUPER_22,4090000,266,23,18,307,135,131
SUPER_22,4100000,90,7,7,104,45,45
SUPER_22,4110000,130,16,9,155,73,57
SUPER_22,4120000,87,4,1,92,44,43
SUPER_22,4130000,87,5,7,99,50,37
SUPER_22,4140000,59,1,5,65,28,31
SUPER_22,4150000,131,10,7,148,67,64
SUPER_22,4160000,42,3,3,48,25,17
SUPER_22,4170000,140,11,15,166,75,65
SUPER_22,4180000,214,11,25,250,108,106
SUPER_22,4190000,87,7,9,103,47,40
SUPER_22,4200000,173,21,16,210,87,86
SUPER_22,4210000,75,3,7,85,35,40
SUPER_22,4220000,0,1,0,1,0,0
SUPER_22,4230000,179,15,20,214,92,87
SUPER_22,4240000,51,3,3,57,26,25
SUPER_22,4250000,142,8,7,157,74,68
SUPER_22,4260000,271,22,21,314,130,141
SUPER_22,4270000,208,18,19,245,110,98
SUPER_22,4280000,193,16,16,225,94,99
SUPER_22,4290000,162,11,25,198,84,78
SUPER_22,4300000,164,10,18,192,79,85
SUPER_22,4310000,228,21,22,271,114,114
SUPER_22,4320000,88,13,10,111,42,46
SUPER_22,4330000,63,6,4,73,26,37
SUPER_22,4340000,123,9,11,143,60,63
SUPER_22,4350000,183,13,17,213,85,98
SUPER_22,4360000,129,14,11,154,69,60
SUPER_22,4370000,296,25,19,340,154,142
SUPER_22,4380000,248,26,25,299,124,124
SUPER_22,4390000,277,22,19,318,149,128
SUPER_22,4400000,104,5,10,119,59,45
SUPER_22,4410000,98,5,7,110,56,42
SUPER_22,4420000,120,6,13,139,58,62
SUPER_22,4430000,183,14,13,210,94,89
SUPER_22,4440000,269,17,28,314,130,139
SUPER_22,4450000,167,16,10,193,94,73
SUPER_22,4460000,97,3,3,103,47,50
SUPER_22,4470000,121,13,8,142,70,51
SUPER_22,4480000,117,3,9,129,67,50
SUPER_22,4490000,164,14,13,191,88,76
SUPER_22,4500000,230,21,19,270,115,115
SUPER_22,4510000,263,15,22,300,128,135
SUPER_22,4520000,295,30,24,349,153,142
SUPER_22,4530000,177,17,11,205,86,91
SUPER_22,4540000,65,3,3,71,38,27
SUPER_22,4550000,136,17,15,168,75,61
SUPER_22,4560000,104,6,8,118,63,41
SUPER_22,4570000,45,2,4,51,22,23
SUPER_22,4580000,131,17,19,167,65,66
SUPER_22,4590000,270,19,27,316,147,123
SUPER_22,4600000,279,21,31,331,145,134
SUPER_22,4610000,195,17,19,231,90,105
SUPER_22,4620000,168,12,19,199,89,79
SUPER_22,4630000,144,17,17,178,62,82
SUPER_22,4640000,136,11,11,158,68,68
SUPER_22,4650000,169,20,12,201,89,80
SUPER_22,4660000,184,24,18,226,84,100
SUPER_22,4670000,24,5,3,32,11,13
SUPER_22,4680000,129,8,7,144,67,62
SUPER_22,4690000,258,22,27,307,124,134
SUPER_22,4700000,252,28,15,295,118,134
SUPER_22,4710000,214,16,17,247,98,116
SUPER_22,4720000,171,16,14,201,95,76
SUPER_22,4730000,261,32,26,319,126,135
SUPER_22,4740000,249,21,25,295,144,105
SUPER_22,4750000,287,32,28,347,143,144
SUPER_22,4760000,173,14,13,200,84,89
SUPER_22,4770000,148,8,11,167,72,76
SUPER_22,4780000,82,5,9,96,35,47
SUPER_22,4790000,244,14,21,279,115,129
SUPER_22,4800000,233,20,28,281,114,119
SUPER_22,4810000,144,8,17,169,78,66
SUPER_22,4820000,187,16,15,218,98,89
SUPER_22,4830000,168,15,12,195,83,85
SUPER_22,4840000,281,31,21,333,146,135
SUPER_22,4850000,261,32,29,322,132,129
SUPER_22,4860000,88,6,10,104,45,43
SUPER_22,4870000,13,1,1,15,7,6
SUPER_22,4880000,130,14,13,157,64,66
SUPER_22,4890000,243,27,15,285,127,116
SUPER_22,4900000,63,6,5,74,36,27
SUPER_22,4910000,152,9,10,171,86,66
SUPER_22,4920000,155,9,17,181,60,95
SUPER_22,4930000,337,23,31,391,179,158
SUPER_22,4940000,316,21,25,362,163,153
SUPER_22,4950000,62,5,5,72,36,26
SUPER_22,4960000,89,1,2,92,52,37
SUPER_22,4970000,119,14,8,141,62,57
SUPER_22,4980000,131,11,11,153,70,61
SUPER_22,4990000,57,6,4,67,25,32
SUPER_22,5000000,89,7,5,101,55,34
SUPER_22,5010000,94,10,7,111,50,44
SUPER_22,5020000,238,12,18,268,122,116
SUPER_22,5030000,59,1,6,66,34,25
SUPER_22,5040000,268,23,24,315,137,131
SUPER_22,5050000,283,24,28,335,152,131
SUPER_22,5060000,327,24,36,387,179,148
SUPER_22,5070000,265,18,28,311,139,126
SUPER_22,5080000,261,15,24,300,146,115
SUPER_22,5090000,269,19,19,307,148,121
SUPER_22,5100000,263,32,23,318,116,147
SUPER_22,5110000,94,10,7,111,44,50
SUPER_22,5120000,102,9,12,123,49,53
SUPER_22,5130000,236,13,17,266,129,107
SUPER_22,5140000,129,12,16,157,64,65
SUPER_22,5150000,107,12,8,127,51,56
SUPER_22,5160000,240,19,22,281,130,110
SUPER_22,5170000,270,20,20,310,131,139
SUPER_22,5180000,175,18,20,213,82,93
SUPER_22,5190000,149,15,22,186,85,64
SUPER_22,5200000,210,31,23,264,98,112
SUPER_22,5210000,147,9,14,170,76,71
SUPER_22,5220000,97,8,4,109,47,50
SUPER_22,5230000,121,10,11,142,67,54
SUPER_22,5240000,37,2,5,44,25,12
SUPER_22,5250000,165,8,22,195,68,97
SUPER_22,5260000,184,13,12,209,81,103
SUPER_22,5270000,62,2,6,70,33,29
SUPER_22,5280000,270,24,19,313,132,138
SUPER_22,5290000,228,18,25,271,115,113
SUPER_22,5300000,216,21,19,256,100,116
SUPER_22,5310000,72,2,7,81,39,33
SUPER_22,5320000,250,22,15,287,112,138
SUPER_22,5330000,172,19,14,205,91,81
SUPER_22,5340000,72,10,10,92,35,37
SUPER_22,5350000,226,17,21,264,116,110
SUPER_22,5360000,238,24,20,282,110,128
SUPER_22,5370000,234,9,27,270,113,121
SUPER_22,5380000,228,21,29,278,109,119
SUPER_22,5390000,200,15,21,236,100,100
SUPER_22,5400000,183,8,17,208,98,85
SUPER_22,5410000,111,13,7,131,52,59
SUPER_22,5420000,92,3,6,101,51,41
SUPER_22,5430000,116,12,11,139,54,62
SUPER_22,5440000,209,26,17,252,95,114
SUPER_22,5450000,174,12,13,199,98,76
SUPER_22,5460000,101,9,9,119,55,46
SUPER_22,5470000,229,15,22,266,118,111
SUPER_22,5480000,146,15,11,172,65,81
SUPER_22,5490000,223,19,19,261,108,115
SUPER_22,5500000,259,24,22,305,138,121
SUPER_22,5510000,252,21,19,292,154,98
SUPER_22,5520000,183,15,7,205,92,91
SUPER_22,5530000,113,11,13,137,62,51
SUPER_22,5540000,291,19,35,345,141,150
SUPER_22,5550000,277,17,29,323,166,111
SUPER_22,5560000,137,9,11,157,62,75
SUPER_22,5570000,157,24,12,193,84,73
SUPER_22,5580000,82,8,10,100,38,44
SUPER_22,5590000,142,9,7,158,69,73
SUPER_22,5600000,167,17,15,199,75,92
SUPER_22,5610000,178,17,22,217,72,106
SUPER_22,5620000,163,18,16,197,75,88
SUPER_22,5630000,191,16,26,233,78,113
SUPER_22,5640000,167,16,16,199,71,96
SUPER_22,5650000,230,24,31,285,117,113
SUPER_22,5660000,125,15,12,152,58,67
SUPER_22,5670000,177,8,8,193,102,75
SUPER_22,5680000,152,11,16,179,78,74
SUPER_22,5690000,56,1,5,62,32,24
SUPER_22,5700000,64,4,4,72,38,26
SUPER_22,5710000,151,15,10,176,79,72
SUPER_22,5720000,153,7,10,170,76,77
SUPER_22,5730000,89,6,6,101,51,38
SUPER_22,5740000,113,7,10,130,61,52
SUPER_22,5750000,105,8,6,119,54,51
SUPER_22,5760000,139,6,11,156,76,63
SUPER_22,5770000,155,18,9,182,81,74
SUPER_22,5780000,117,6,11,134,62,55
SUPER_22,5790000,225,18,17,260,114,111
SUPER_22,5800000,52,2,3,57,35,17
SUPER_22,5810000,54,2,4,60,23,31
SUPER_22,5820000,0,0,1,1,0,0
SUPER_22,5830000,97,11,7,115,49,48
SUPER_22,5840000,159,9,13,181,86,73
SUPER_22,5850000,108,8,5,121,59,49
SUPER_22,5860000,195,9,17,221,90,105
SUPER_22,5870000,169,20,11,200,89,80
SUPER_22,5880000,160,21,10,191,81,79
SUPER_22,5890000,219,24,23,266,102,117
SUPER_22,5900000,254,23,27,304,124,130
SUPER_22,5910000,212,15,15,242,121,91
SUPER_22,5920000,51,4,5,60,20,31
SUPER_22,5930000,49,4,5,58,25,24
SUPER_22,5940000,64,18,6,88,25,39
SUPER_22,5950000,183,18,14,215,88,95
SUPER_22,5960000,105,5,14,124,63,42
SUPER_22,5970000,284,12,24,320,138,146
SUPER_22,5980000,208,17,15,240,113,95
SUPER_22,5990000,206,23,25,254,115,91
SUPER_22,6000000,176,16,19,211,95,81
SUPER_22,6010000,209,16,17,242,96,113
SUPER_22,6020000,137,20,13,170,74,63
SUPER_22,6030000,200,17,24,241,101,99
SUPER_22,6040000,104,12,10,126,47,57
SUPER_22,6050000,109,12,6,127,54,55
SUPER_22,6060000,228,16,13,257,109,119
SUPER_22,6070000,84,8,9,101,42,42
SUPER_22,6080000,272,18,13,303,125,147
SUPER_22,6090000,333,27,33,393,159,174
SUPER_22,6100000,246,27,21,294,115,131
SUPER_22,6110000,293,20,28,341,146,147
SUPER_22,6120000,278,18,26,322,142,136
SUPER_22,6130000,204,12,24,240,99,105
SUPER_22,6140000,92,4,4,100,50,42
SUPER_22,6150000,274,24,21,319,138,136
SUPER_22,6160000,15,1,2,18,7,8
SUPER_22,6170000,136,10,17,163,78,58
SUPER_22,6180000,217,19,29,265,113,104
SUPER_22,6190000,124,5,9,138,59,65
SUPER_22,6200000,221,28,29,278,107,114
SUPER_22,6210000,116,6,6,128,59,57
SUPER_22,6220000,119,10,4,133,59,60
SUPER_22,6230000,295,24,30,349,151,144
SUPER_22,6240000,279,29,33,341,132,147
SUPER_22,6250000,222,25,24,271,122,100
SUPER_22,6260000,245,20,29,294,120,125
SUPER_22,6270000,189,14,22,225,90,99
SUPER_22,6280000,223,14,24,261,113,110
SUPER_22,6290000,164,12,12,188,83,81
SUPER_22,6300000,294,25,30,349,155,139
SUPER_22,6310000,179,11,11,201,96,83
SUPER_22,6320000,286,24,37,347,132,154
SUPER_22,6330000,284,19,27,330,137,147
SUPER_22,6340000,199,13,13,225,102,97
SUPER_22,6350000,260,21,17,298,110,150
SUPER_22,6360000,304,24,21,349,159,145
SUPER_22,6370000,116,9,9,134,59,57
SUPER_22,6380000,271,16,12,299,139,132
SUPER_22,6390000,220,21,14,255,112,108
SUPER_22,6400000,91,4,8,103,43,48
SUPER_22,6410000,146,10,8,164,78,68
SUPER_22,6420000,129,6,9,144,69,60
SUPER_22,6430000,120,10,7,137,68,52
SUPER_22,6440000,212,15,19,246,101,111
SUPER_22,6450000,289,25,22,336,138,151
SUPER_22,6460000,261,21,17,299,123,138
SUPER_22,6470000,27,4,5,36,14,13
SUPER_22,6480000,134,12,13,159,69,65
SUPER_22,6490000,299,19,27,345,143,156
SUPER_22,6500000,272,14,19,305,133,139
SUPER_22,6510000,222,17,16,255,117,105
SUPER_22,6520000,238,19,15,272,122,116
SUPER_22,6530000,259,17,25,301,129,130
SUPER_22,6540000,294,24,24,342,148,146
SUPER_22,6550000,271,14,35,320,152,119
SUPER_22,6560000,18,1,4,23,7,11
SUPER_22,6570000,136,13,16,165,62,74
SUPER_22,6580000,279,20,22,321,148,131
SUPER_22,6590000,157,17,18,192,76,81
SUPER_22,6600000,37,2,5,44,20,17
SUPER_22,6610000,98,4,3,105,49,49
SUPER_22,6620000,159,13,14,186,76,83
SUPER_22,6630000,48,3,5,56,21,27
SUPER_22,6640000,168,17,14,199,91,77
SUPER_22,6650000,265,20,22,307,136,129
SUPER_22,6660000,262,14,22,298,134,128
SUPER_22,6670000,55,3,6,64,31,24
SUPER_22,6680000,170,15,10,195,81,89
SUPER_22,6690000,280,18,23,321,130,150
SUPER_22,6700000,189,21,19,229,106,83
SUPER_22,6710000,224,25,24,273,109,115
SUPER_22,6720000,96,5,12,113,53,43
SUPER_22,6730000,224,25,22,271,119,105
SUPER_22,6740000,140,12,7,159,64,76
SUPER_22,6750000,69,6,6,81,36,33
SUPER_22,6760000,140,23,19,182,65,75
SUPER_22,6770000,56,5,6,67,32,24
SUPER_22,6780000,58,1,2,61,38,20
SUPER_22,6790000,138,8,10,156,69,69
SUPER_22,6800000,66,4,6,76,34,32
SUPER_22,6810000,0,0,0,0,0,0
SUPER_22,6820000,0,0,0,0,0,0
SUPER_22,6830000,0,0,0,0,0,0
SUPER_22,6840000,0,0,0,0,0,0
SUPER_22,6850000,0,0,0,0,0,0
SUPER_22,6860000,0,0,0,0,0,0
SUPER_22,6870000,0,0,0,0,0,0
SUPER_22,6880000,0,0,0,0,0,0
SUPER_22,6890000,0,0,0,0,0,0
SUPER_22,6900000,0,0,0,0,0,0
SUPER_22,6910000,0,0,0,0,0,0
SUPER_22,6920000,0,0,0,0,0,0
SUPER_22,6930000,0,0,0,0,0,0
SUPER_22,6940000,0,0,0,0,0,0
SUPER_22,6950000,0,0,0,0,0,0
SUPER_22,6960000,0,0,0,0,0,0
SUPER_22,6970000,0,0,0,0,0,0
SUPER_22,6980000,0,0,0,0,0,0
SUPER_22,6990000,0,0,0,0,0,0
SUPER_22,7000000,0,0,0,0,0,0
SUPER_22,7010000,0,0,0,0,0,0
SUPER_22,7020000,0,0,0,0,0,0
SUPER_22,7030000,0,0,0,0,0,0
SUPER_22,7040000,0,0,0,0,0,0
SUPER_22,7050000,0,0,0,0,0,0
SUPER_22,7060000,0,0,0,0,0,0
SUPER_22,7070000,319,23,16,358,172,147
SUPER_22,7080000,121,11,8,140,60,61
SUPER_22,7090000,2,1,0,3,2,0
SUPER_22,7100000,96,9,7,112,46,50
SUPER_22,7110000,225,29,20,274,119,106
SUPER_22,7120000,136,8,13,157,69,67
SUPER_22,7130000,261,17,25,303,142,119
SUPER_22,7140000,99,10,9,118,42,57
SUPER_22,7150000,65,6,2,73,31,34
SUPER_22,7160000,61,4,2,67,28,33
SUPER_22,7170000,122,2,8,132,62,60
SUPER_22,7180000,43,2,2,47,18,25
SUPER_22,7190000,39,5,7,51,15,24
SUPER_22,7200000,14,0,2,16,6,8
SUPER_22,7210000,195,20,30,245,103,92
SUPER_22,7220000,303,19,22,344,158,145
SUPER_22,7230000,65,7,8,80,31,34
SUPER_22,7240000,70,7,8,85,28,42
SUPER_22,7250000,93,10,12,115,48,45
SUPER_22,7260000,60,7,5,72,30,30
SUPER_22,7270000,41,4,2,47,15,26
SUPER_22,7280000,176,21,23,220,76,100
SUPER_22,7290000,1,0,0,1,1,0
SUPER_22,7300000,127,15,10,152,66,61
SUPER_22,7310000,77,6,6,89,36,41
SUPER_22,7320000,163,19,22,204,78,85
SUPER_22,7330000,120,8,11,139,57,63
SUPER_22,7340000,131,9,10,150,66,65
SUPER_22,7350000,129,13,11,153,58,71
SUPER_22,7360000,245,20,24,289,122,123
SUPER_22,7370000,245,16,18,279,124,121
SUPER_22,7380000,180,18,16,214,88,92
SUPER_22,7390000,106,9,8,123,59,47
SUPER_22,7400000,222,10,14,246,103,119
SUPER_22,7410000,131,17,10,158,60,71
SUPER_22,7420000,21,4,2,27,8,13
SUPER_22,7430000,121,6,8,135,65,56
SUPER_22,7440000,59,7,4,70,34,25
SUPER_22,7450000,184,23,15,222,97,87
SUPER_22,7460000,228,21,15,264,114,114
SUPER_22,7470000,228,18,15,261,119,109
SUPER_22,7480000,103,6,10,119,47,56
SUPER_22,7490000,31,1,2,34,14,17
SUPER_22,7500000,126,7,16,149,69,57
SUPER_22,7510000,241,19,25,285,143,98
SUPER_22,7520000,265,25,29,319,132,133
SUPER_22,7530000,133,9,8,150,69,64
SUPER_22,7540000,133,8,6,147,65,68
SUPER_22,7550000,214,12,15,241,115,99
SUPER_22,7560000,145,8,9,162,73,72
SUPER_22,7570000,23,2,0,25,15,8
SUPER_22,7580000,99,7,10,116,59,40
SUPER_22,7590000,167,17,14,198,81,86
SUPER_22,7600000,46,1,2,49,26,20
SUPER_22,7610000,117,9,12,138,55,62
SUPER_22,7620000,58,5,4,67,34,24
SUPER_22,7630000,165,8,14,187,94,71
SUPER_22,7640000,251,25,25,301,115,136
SUPER_22,7650000,221,19,20,260,110,111
SUPER_22,7660000,304,20,17,341,146,158
SUPER_22,7670000,24,3,2,29,13,11
SUPER_22,7680000,176,15,18,209,79,97
SUPER_22,7690000,136,8,15,159,68,68
SUPER_22,7700000,93,7,10,110,47,46
SUPER_22,7710000,242,13,21,276,134,108
SUPER_22,7720000,156,19,13,188,88,68
SUPER_22,7730000,0,0,0,0,0,0
SUPER_22,7740000,0,0,0,0,0,0
SUPER_22,7750000,178,8,17,203,96,82
SUPER_22,7760000,91,9,8,108,53,38
SUPER_22,7770000,0,1,1,2,0,0
SUPER_22,7780000,75,8,5,88,43,32
SUPER_22,7790000,215,11,12,238,114,101
SUPER_22,7800000,5,3,0,8,3,2
SUPER_22,7810000,25,0,1,26,16,9
SUPER_22,7820000,71,9,3,83,40,31
SUPER_22,7830000,58,5,9,72,26,32
SUPER_22,7840000,151,11,8,170,68,83
SUPER_22,7850000,91,8,3,102,47,44
SUPER_22,7860000,25,7,1,33,12,13
SUPER_22,7870000,119,8,12,139,54,65
SUPER_22,7880000,257,20,23,300,119,138
SUPER_22,7890000,233,24,23,280,110,123
SUPER_22,7900000,54,8,2,64,30,24
SUPER_22,7910000,217,21,18,256,115,102
SUPER_22,7920000,77,3,8,88,45,32
SUPER_22,7930000,227,20,22,269,124,103
SUPER_22,7940000,113,11,11,135,69,44
SUPER_22,7950000,66,4,7,77,35,31
SUPER_22,7960000,61,7,5,73,30,31
SUPER_22,7970000,16,2,0,18,5,11
SUPER_22,7980000,107,12,13,132,48,59
SUPER_22,7990000,110,12,9,131,63,47
SUPER_22,8000000,233,15,20,268,105,128
SUPER_22,8010000,156,14,9,179,67,89
SUPER_22,8020000,17,1,2,20,9,8
SUPER_22,8030000,133,13,13,159,69,64
SUPER_22,8040000,127,13,14,154,65,62
SUPER_22,8050000,97,8,8,113,42,55
SUPER_22,8060000,231,21,19,271,125,106
SUPER_22,8070000,83,5,5,93,48,35
SUPER_22,8080000,3,1,0,4,1,2
SUPER_22,8090000,109,7,7,123,67,42
SUPER_22,8100000,171,15,11,197,95,76
SUPER_22,8110000,0,0,0,0,0,0
SUPER_22,8120000,0,0,0,0,0,0
SUPER_22,8130000,0,0,0,0,0,0
SUPER_22,8140000,60,8,7,75,34,26
SUPER_22,8150000,0,0,0,0,0,0
SUPER_22,8160000,0,0,0,0,0,0
SUPER_22,8170000,0,0,0,0,0,0
SUPER_22,8180000,0,0,0,0,0,0
SUPER_22,8190000,0,0,0,0,0,0
SUPER_22,8200000,85,6,5,96,39,46
SUPER_22,8210000,24,0,1,25,13,11
SUPER_22,8220000,38,2,4,44,20,18
SUPER_22,8230000,10,1,0,11,6,4
SUPER_22,8240000,0,0,0,0,0,0
SUPER_22,8250000,0,0,0,0,0,0
SUPER_22,8260000,45,2,3,50,20,25
SUPER_22,8270000,0,0,0,0,0,0
SUPER_22,8280000,0,0,0,0,0,0
SUPER_22,8290000,0,0,0,0,0,0
SUPER_22,8300000,0,0,0,0,0,0
SUPER_22,8310000,25,1,2,28,20,5
SUPER_22,8320000,0,0,0,0,0,0
SUPER_22,8330000,0,0,0,0,0,0
SUPER_22,8340000,0,0,0,0,0,0
SUPER_22,8350000,53,4,3,60,21,32
SUPER_22,8360000,29,1,3,33,13,16
SUPER_22,8370000,0,0,0,0,0,0
SUPER_22,8380000,0,0,0,0,0,0
SUPER_22,8390000,0,0,0,0,0,0
SUPER_22,8400000,0,0,0,0,0,0
SUPER_22,8410000,168,10,9,187,90,77
SUPER_22,8420000,247,18,21,286,118,129
SUPER_22,8430000,243,24,19,286,122,121
SUPER_22,8440000,227,18,19,264,116,111
SUPER_22,8450000,111,10,9,130,52,59
SUPER_22,8460000,227,19,24,270,113,114
SUPER_22,8470000,190,17,26,233,91,99
SUPER_22,8480000,233,20,19,272,113,120
SUPER_22,8490000,261,17,24,302,131,130
SUPER_22,8500000,97,10,10,117,47,50
SUPER_22,8510000,114,9,10,133,59,55
SUPER_22,8520000,51,4,8,63,28,23
SUPER_22,8530000,215,20,20,255,105,110
SUPER_22,8540000,252,27,36,315,127,125
SUPER_22,8550000,202,20,18,240,109,93
SUPER_22,8560000,73,7,6,86,33,40
SUPER_22,8570000,6,1,1,8,2,4
SUPER_22,8580000,130,10,22,162,76,54
SUPER_22,8590000,16,1,2,19,9,7
SUPER_22,8600000,178,10,16,204,86,92
SUPER_22,8610000,226,20,13,259,115,111
SUPER_22,8620000,257,22,24,303,140,117
SUPER_22,8630000,107,7,9,123,54,53
SUPER_22,8640000,82,5,12,99,45,37
SUPER_22,8650000,27,0,2,29,16,11
SUPER_22,8660000,21,2,1,24,13,8
SUPER_22,8670000,11,1,3,15,8,3
SUPER_22,8680000,40,5,3,48,24,16
SUPER_22,8690000,249,23,24,296,119,130
SUPER_22,8700000,249,25,26,300,123,126
SUPER_22,8710000,158,17,13,188,72,86
SUPER_22,8720000,189,22,8,219,85,104
SUPER_22,8730000,5,0,0,5,2,3
SUPER_22,8740000,182,8,10,200,92,90
SUPER_22,8750000,227,15,24,266,122,105
SUPER_22,8760000,182,9,16,207,96,86
SUPER_22,8770000,45,8,10,63,26,19
SUPER_22,8780000,140,14,11,165,74,66
SUPER_22,8790000,110,5,9,124,55,55
SUPER_22,8800000,92,8,20,120,39,53
SUPER_22,8810000,185,16,25,226,89,96
SUPER_22,8820000,283,19,28,330,131,152
SUPER_22,8830000,63,1,7,71,24,39
SUPER_22,8840000,43,6,10,59,26,17
SUPER_22,8850000,30,0,2,32,15,15
SUPER_22,8860000,70,7,6,83,37,33
SUPER_22,8870000,57,3,6,66,30,27
SUPER_22,8880000,140,11,10,161,65,75
SUPER_22,8890000,333,31,30,394,184,149
SUPER_22,8900000,229,20,17,266,121,108
SUPER_22,8910000,204,13,11,228,103,101
SUPER_22,8920000,123,18,15,156,68,55
SUPER_22,8930000,204,21,18,243,110,94
SUPER_22,8940000,279,23,20,322,140,139
SUPER_22,8950000,240,19,29,288,124,116
SUPER_22,8960000,177,7,15,199,83,94
SUPER_22,8970000,281,19,22,322,151,130
SUPER_22,8980000,207,20,20,247,111,96
SUPER_22,8990000,51,2,3,56,26,25
SUPER_22,9000000,167,8,17,192,81,86
SUPER_22,9010000,21,0,1,22,10,11
SUPER_22,9020000,90,6,2,98,37,53
SUPER_22,9030000,243,18,18,279,133,110
SUPER_22,9040000,303,26,17,346,163,140
SUPER_22,9050000,306,14,18,338,161,145
SUPER_22,9060000,307,25,25,357,164,143
SUPER_22,9070000,287,20,29,336,138,149
SUPER_22,9080000,248,17,17,282,118,130
SUPER_22,9090000,211,14,13,238,111,100
SUPER_22,9100000,176,10,14,200,90,86
SUPER_22,9110000,256,29,29,314,140,116
SUPER_22,9120000,178,17,15,210,90,88
SUPER_22,9130000,9,1,0,10,7,2
SUPER_22,9140000,50,3,5,58,25,25
SUPER_22,9150000,28,1,7,36,17,11
SUPER_22,9160000,34,0,1,35,19,15
SUPER_22,9170000,58,2,6,66,28,30
SUPER_22,9180000,78,3,8,89,47,31
SUPER_22,9190000,162,21,18,201,93,69
SUPER_22,9200000,263,19,17,299,140,123
SUPER_22,9210000,206,17,26,249,102,104
SUPER_22,9220000,97,6,17,120,50,47
SUPER_22,9230000,242,20,18,280,128,114
SUPER_22,9240000,233,17,16,266,121,112
SUPER_22,9250000,0,0,0,0,0,0
SUPER_22,9260000,0,0,0,0,0,0
SUPER_22,9270000,241,22,24,287,127,114
SUPER_22,9280000,43,4,7,54,21,22
SUPER_22,9290000,262,22,30,314,146,116
SUPER_22,9300000,201,12,12,225,102,99
SUPER_22,9310000,191,21,10,222,101,90
SUPER_22,9320000,260,17,32,309,142,118
SUPER_22,9330000,338,26,28,392,163,175
SUPER_22,9340000,209,14,9,232,113,96
SUPER_22,9350000,284,23,24,331,136,148
SUPER_22,9360000,0,0,0,0,0,0
SUPER_22,9370000,0,0,0,0,0,0
SUPER_22,9380000,0,0,0,0,0,0
SUPER_22,9390000,0,0,0,0,0,0
SUPER_22,9400000,0,0,0,0,0,0
SUPER_22,9410000,0,0,0,0,0,0
SUPER_22,9420000,0,0,0,0,0,0
SUPER_22,9430000,0,0,0,0,0,0
SUPER_22,9440000,0,0,0,0,0,0
SUPER_22,9450000,0,0,0,0,0,0
SUPER_22,9460000,0,0,0,0,0,0
SUPER_22,9470000,0,0,0,0,0,0
SUPER_22,9480000,0,0,0,0,0,0
SUPER_22,9490000,0,0,0,0,0,0
SUPER_22,9500000,0,0,0,0,0,0
SUPER_22,9510000,0,0,0,0,0,0
SUPER_22,9520000,236,12,17,265,146,90
SUPER_22,9530000,0,0,0,0,0,0
SUPER_22,9540000,0,0,0,0,0,0
SUPER_22,9550000,0,0,0,0,0,0
SUPER_22,9560000,0,0,0,0,0,0
SUPER_22,9570000,0,0,0,0,0,0
SUPER_22,9580000,0,0,0,0,0,0
SUPER_22,9590000,0,0,0,0,0,0
SUPER_22,9600000,0,0,0,0,0,0
SUPER_22,9610000,0,0,0,0,0,0
SUPER_22,9620000,0,0,0,0,0,0
SUPER_22,9630000,0,0,0,0,0,0
SUPER_22,9640000,0,0,0,0,0,0
SUPER_22,9650000,0,0,0,0,0,0
SUPER_22,9660000,0,0,0,0,0,0
SUPER_22,9670000,0,0,0,0,0,0
SUPER_22,9680000,0,0,0,0,0,0
SUPER_22,9690000,0,0,0,0,0,0
SUPER_22,9700000,0,0,0,0,0,0
SUPER_22,9710000,0,0,0,0,0,0
SUPER_22,9720000,0,0,0,0,0,0
SUPER_22,9730000,0,0,0,0,0,0
SUPER_22,9740000,0,0,0,0,0,0
SUPER_22,9750000,0,0,0,0,0,0
SUPER_22,9760000,0,0,0,0,0,0
SUPER_22,9770000,0,0,0,0,0,0
SUPER_22,9780000,0,0,0,0,0,0
SUPER_22,9790000,0,0,0,0,0,0
SUPER_22,9800000,0,0,0,0,0,0
SUPER_22,9810000,0,0,0,0,0,0
SUPER_22,9820000,0,0,0,0,0,0
SUPER_22,9830000,0,0,0,0,0,0
SUPER_22,9840000,0,0,0,0,0,0
SUPER_22,9850000,0,0,0,0,0,0
SUPER_22,9860000,0,0,0,0,0,0
SUPER_22,9870000,0,0,0,0,0,0
SUPER_22,9880000,0,0,0,0,0,0
SUPER_22,9890000,0,0,0,0,0,0
SUPER_22,9900000,91,9,6,106,44,47
SUPER_22,9910000,0,0,0,0,0,0
SUPER_22,9920000,0,0,0,0,0,0
SUPER_22,9930000,0,0,0,0,0,0
SUPER_22,9940000,39,4,2,45,24,15
SUPER_22,9950000,1,0,0,1,0,1
SUPER_22,9960000,0,0,0,0,0,0
SUPER_22,9970000,0,0,0,0,0,0
SUPER_22,9980000,0,1,2,3,0,0
SUPER_23,10000,1,2,1,4,1,0
SUPER_23,20000,3,0,2,5,1,2
SUPER_23,30000,4,0,1,5,2,2
SUPER_23,40000,1,1,3,5,0,1
SUPER_23,50000,2,0,0,2,1,1
SUPER_23,60000,97,10,8,115,56,41
SUPER_23,70000,51,2,2,55,30,21
SUPER_23,80000,173,20,13,206,79,94
SUPER_23,90000,110,12,11,133,57,53
SUPER_23,100000,170,13,25,208,95,75
SUPER_23,110000,205,18,20,243,106,99
SUPER_23,120000,300,21,26,347,153,147
SUPER_23,130000,216,17,8,241,112,104
SUPER_23,140000,153,7,9,169,92,61
SUPER_23,150000,22,1,1,24,12,10
SUPER_23,160000,72,6,9,87,38,34
SUPER_23,170000,69,5,11,85,46,23
SUPER_23,180000,189,13,20,222,107,82
SUPER_23,190000,240,22,21,283,129,111
SUPER_23,200000,149,11,11,171,83,66
SUPER_23,210000,223,16,19,258,129,94
SUPER_23,220000,205,22,17,244,99,106
SUPER_23,230000,95,6,6,107,54,41
SUPER_23,240000,19,1,2,22,10,9
SUPER_23,250000,139,6,8,153,73,66
SUPER_23,260000,39,3,2,44,19,20
SUPER_23,270000,202,11,15,228,109,93
SUPER_23,280000,232,21,20,273,124,108
SUPER_23,290000,178,10,10,198,104,74
SUPER_23,300000,60,4,9,73,26,34
SUPER_23,310000,102,6,5,113,62,40
SUPER_23,320000,9,2,1,12,4,5
SUPER_23,330000,156,12,11,179,75,81
SUPER_23,340000,238,17,15,270,117,121
SUPER_23,350000,262,22,19,303,141,121
SUPER_23,360000,96,5,8,109,58,38
SUPER_23,370000,40,0,3,43,22,18
SUPER_23,380000,1,0,0,1,1,0
SUPER_23,390000,0,0,0,0,0,0
SUPER_23,400000,0,0,0,0,0,0
SUPER_23,410000,78,12,7,97,41,37
SUPER_23,420000,184,18,15,217,91,93
SUPER_23,430000,93,8,7,108,50,43
SUPER_23,440000,12,1,0,13,3,9
SUPER_23,450000,382,25,33,440,194,188
SUPER_23,460000,182,10,10,202,86,96
SUPER_23,470000,19,1,4,24,8,11
SUPER_23,480000,108,12,7,127,49,59
SUPER_23,490000,273,22,12,307,134,139
SUPER_23,500000,302,19,26,347,168,134
SUPER_23,510000,153,18,11,182,92,61
SUPER_23,520000,195,8,12,215,119,76
SUPER_23,530000,37,5,2,44,19,18
SUPER_23,540000,229,16,15,260,118,111
SUPER_23,550000,127,7,8,142,58,69
SUPER_23,560000,72,11,4,87,36,36
SUPER_23,570000,0,0,0,0,0,0
SUPER_23,580000,0,0,0,0,0,0
SUPER_23,590000,121,11,10,142,56,65
SUPER_23,600000,62,3,7,72,34,28
SUPER_23,610000,51,4,3,58,21,30
SUPER_23,620000,71,4,1,76,38,33
SUPER_23,630000,47,2,1,50,28,19
SUPER_23,640000,94,6,3,103,53,41
SUPER_23,650000,112,7,3,122,58,54
SUPER_23,660000,267,23,30,320,131,136
SUPER_23,670000,223,21,19,263,110,113
SUPER_23,680000,79,3,10,92,42,37
SUPER_23,690000,5,1,1,7,4,1
SUPER_23,700000,27,2,5,34,11,16
SUPER_23,710000,201,17,6,224,118,83
SUPER_23,720000,75,13,7,95,42,33
SUPER_23,730000,256,14,20,290,122,134
SUPER_23,740000,157,12,13,182,85,72
SUPER_23,750000,91,4,8,103,49,42
SUPER_23,760000,83,3,5,91,42,41
SUPER_23,770000,120,8,7,135,58,62
SUPER_23,780000,115,6,7,128,60,55
SUPER_23,790000,19,1,0,20,10,9
SUPER_23,800000,20,1,1,22,10,10
SUPER_23,810000,68,8,9,85,33,35
SUPER_23,820000,224,16,19,259,110,114
SUPER_23,830000,272,34,23,329,146,126
SUPER_23,840000,184,21,24,229,81,103
SUPER_23,850000,15,0,1,16,9,6
SUPER_23,860000,126,12,14,152,63,63
SUPER_23,870000,239,14,22,275,115,124
SUPER_23,880000,111,6,8,125,59,52
SUPER_23,890000,142,10,13,165,71,71
SUPER_23,900000,298,30,20,348,151,147
SUPER_23,910000,151,6,8,165,78,73
SUPER_23,920000,38,2,5,45,21,17
SUPER_23,930000,58,4,8,70,43,15
SUPER_23,940000,35,3,2,40,13,22
SUPER_23,950000,282,24,24,330,141,141
SUPER_23,960000,117,10,5,132,59,58
SUPER_23,970000,53,3,5,61,28,25
SUPER_23,980000,0,0,0,0,0,0
SUPER_23,990000,0,0,0,0,0,0
SUPER_23,1000000,129,5,13,147,77,52
SUPER_23,1010000,134,11,5,150,64,70
SUPER_23,1020000,153,5,10,168,83,70
SUPER_23,1030000,265,23,20,308,152,113
SUPER_23,1040000,242,22,19,283,121,121
SUPER_23,1050000,218,25,17,260,118,100
SUPER_23,1060000,21,0,1,22,9,12
SUPER_23,1070000,132,10,16,158,77,55
SUPER_23,1080000,200,15,13,228,99,101
SUPER_23,1090000,282,22,14,318,139,143
SUPER_23,1100000,250,20,25,295,151,99
SUPER_23,1110000,229,16,19,264,111,118
SUPER_23,1120000,278,14,17,309,153,125
SUPER_23,1130000,62,6,7,75,25,37
SUPER_23,1140000,94,10,6,110,41,53
SUPER_23,1150000,243,33,22,298,123,120
SUPER_23,1160000,0,0,0,0,0,0
SUPER_23,1170000,0,0,0,0,0,0
SUPER_23,1180000,176,25,14,215,97,79
SUPER_23,1190000,262,23,22,307,136,126
SUPER_23,1200000,84,11,10,105,43,41
SUPER_23,1210000,130,10,8,148,72,58
SUPER_23,1220000,147,7,5,159,75,72
SUPER_23,1230000,77,6,2,85,38,39
SUPER_23,1240000,101,8,11,120,47,54
SUPER_23,1250000,231,17,17,265,108,123
SUPER_23,1260000,120,10,10,140,65,55
SUPER_23,1270000,147,11,12,170,80,67
SUPER_23,1280000,0,0,1,1,0,0
SUPER_23,1290000,22,1,3,26,11,11
SUPER_23,1300000,0,0,0,0,0,0
SUPER_23,1310000,0,0,0,0,0,0
SUPER_23,1320000,353,29,20,402,176,177
SUPER_23,1330000,273,20,18,311,136,137
SUPER_23,1340000,316,22,27,365,168,148
SUPER_23,1350000,241,19,31,291,131,110
SUPER_23,1360000,65,5,9,79,25,40
SUPER_23,1370000,53,1,7,61,29,24
SUPER_23,1380000,12,1,1,14,8,4
SUPER_23,1390000,217,15,17,249,112,105
SUPER_23,1400000,25,0,4,29,9,16
SUPER_23,1410000,102,4,12,118,46,56
SUPER_23,1420000,19,1,1,21,10,9
SUPER_23,1430000,117,5,8,130,69,48
SUPER_23,1440000,157,15,12,184,87,70
SUPER_23,1450000,110,11,13,134,46,64
SUPER_23,1460000,126,2,11,139,70,56
SUPER_23,1470000,116,13,10,139,66,50
SUPER_23,1480000,176,16,16,208,92,84
SUPER_23,1490000,295,27,17,339,141,154
SUPER_23,1500000,117,4,7,128,63,54
SUPER_23,1510000,298,22,29,349,140,158
SUPER_23,1520000,226,21,21,268,110,116
SUPER_23,1530000,106,3,7,116,58,48
SUPER_23,1540000,56,7,1,64,28,28
SUPER_23,1550000,17,3,1,21,8,9
SUPER_23,1560000,79,2,4,85,41,38
SUPER_23,1570000,57,3,4,64,33,24
SUPER_23,1580000,0,0,0,0,0,0
SUPER_23,1590000,0,0,0,0,0,0
SUPER_23,1600000,126,10,11,147,59,67
SUPER_23,1610000,0,0,0,0,0,0
SUPER_23,1620000,0,0,0,0,0,0
SUPER_23,1630000,0,0,0,0,0,0
SUPER_23,1640000,188,8,13,209,101,87
SUPER_23,1650000,175,15,22,212,85,90
SUPER_23,1660000,281,14,20,315,148,133
SUPER_23,1670000,4,0,0,4,3,1
SUPER_23,1680000,45,3,3,51,31,14
SUPER_23,1690000,151,11,20,182,67,84
SUPER_23,1700000,265,21,18,304,125,140
SUPER_23,1710000,163,11,20,194,82,81
SUPER_23,1720000,148,8,14,170,74,74
SUPER_23,1730000,79,9,16,104,43,36
SUPER_23,1740000,254,12,17,283,129,125
SUPER_23,1750000,294,27,28,349,146,148
SUPER_23,1760000,252,13,14,279,128,124
SUPER_23,1770000,254,22,24,300,130,124
SUPER_23,1780000,351,22,29,402,163,188
SUPER_23,1790000,281,23,16,320,143,138
SUPER_23,1800000,151,12,15,178,71,80
SUPER_23,1810000,53,0,4,57,26,27
SUPER_23,1820000,157,8,12,177,80,77
SUPER_23,1830000,180,10,12,202,93,87
SUPER_23,1840000,226,9,18,253,120,106
SUPER_23,1850000,272,22,23,317,140,132
SUPER_23,1860000,221,10,14,245,119,102
SUPER_23,1870000,164,12,4,180,72,92
SUPER_23,1880000,233,22,20,275,125,108
SUPER_23,1890000,72,2,11,85,39,33
SUPER_23,1900000,1,1,1,3,1,0
SUPER_23,1910000,64,2,3,69,42,22
SUPER_23,1920000,47,2,3,52,21,26
SUPER_23,1930000,211,20,15,246,94,117
SUPER_23,1940000,117,5,9,131,59,58
SUPER_23,1950000,0,0,0,0,0,0
SUPER_23,1960000,0,0,0,0,0,0
SUPER_23,1970000,208,11,21,240,111,97
SUPER_23,1980000,107,9,8,124,58,49
SUPER_23,1990000,0,1,0,1,0,0
SUPER_23,2000000,32,2,3,37,18,14
SUPER_23,2010000,0,0,0,0,0,0
SUPER_23,2020000,0,0,0,0,0,0
SUPER_23,2030000,0,0,0,0,0,0
SUPER_23,2040000,46,5,4,55,28,18
SUPER_23,2050000,90,4,6,100,52,38
SUPER_23,2060000,53,5,4,62,22,31
SUPER_23,2070000,24,1,0,25,12,12
SUPER_23,2080000,91,5,8,104,57,34
SUPER_23,2090000,281,24,22,327,145,136
SUPER_23,2100000,205,18,20,243,109,96
SUPER_23,2110000,131,14,21,166,73,58
SUPER_23,2120000,102,5,10,117,57,45
SUPER_23,2130000,80,6,6,92,46,34
SUPER_23,2140000,108,5,5,118,63,45
SUPER_23,2150000,89,5,9,103,41,48
SUPER_23,2160000,22,2,3,27,12,10
SUPER_23,2170000,268,22,25,315,149,119
SUPER_23,2180000,261,19,18,298,134,127
SUPER_23,2190000,285,23,27,335,150,135
SUPER_23,2200000,67,5,5,77,35,32
SUPER_23,2210000,99,2,6,107,47,52
SUPER_23,2220000,269,17,26,312,149,120
SUPER_23,2230000,4,0,0,4,1,3
SUPER_23,2240000,98,5,10,113,59,39
SUPER_23,2250000,215,22,22,259,108,107
SUPER_23,2260000,185,25,18,228,92,93
SUPER_23,2270000,0,0,0,0,0,0
SUPER_23,2280000,0,0,0,0,0,0
SUPER_23,2290000,284,15,27,326,138,146
SUPER_23,2300000,103,7,13,123,45,58
SUPER_23,2310000,56,2,6,64,27,29
SUPER_23,2320000,88,6,10,104,45,43
SUPER_23,2330000,91,13,4,108,47,44
SUPER_23,2340000,176,12,19,207,93,83
SUPER_23,2350000,36,5,3,44,17,19
SUPER_23,2360000,92,8,5,105,42,50
SUPER_23,2370000,230,24,19,273,123,107
SUPER_23,2380000,253,29,25,307,118,135
SUPER_23,2390000,215,24,18,257,99,116
SUPER_23,2400000,238,21,11,270,114,124
SUPER_23,2410000,183,15,21,219,98,85
SUPER_23,2420000,219,16,21,256,109,110
SUPER_23,2430000,166,6,20,192,90,76
SUPER_23,2440000,110,7,8,125,55,55
SUPER_23,2450000,199,18,17,234,106,93
SUPER_23,2460000,258,19,21,298,133,125
SUPER_23,2470000,225,15,15,255,122,103
SUPER_23,2480000,242,21,23,286,119,123
SUPER_23,2490000,115,6,7,128,55,60
SUPER_23,2500000,107,11,6,124,55,52
SUPER_23,2510000,133,19,16,168,69,64
SUPER_23,2520000,227,18,25,270,116,111
SUPER_23,2530000,199,23,20,242,90,109
SUPER_23,2540000,169,12,16,197,80,89
SUPER_23,2550000,223,20,20,263,110,113
SUPER_23,2560000,224,27,23,274,95,129
SUPER_23,2570000,246,23,19,288,131,115
SUPER_23,2580000,267,20,25,312,146,121
SUPER_23,2590000,215,20,18,253,129,86
SUPER_23,2600000,123,15,8,146,65,58
SUPER_23,2610000,226,14,15,255,125,101
SUPER_23,2620000,9,4,4,17,7,2
SUPER_23,2630000,35,2,2,39,22,13
SUPER_23,2640000,8,1,3,12,3,5
SUPER_23,2650000,174,15,11,200,98,76
SUPER_23,2660000,71,7,11,89,37,34
SUPER_23,2670000,173,13,12,198,85,88
SUPER_23,2680000,12,0,2,14,6,6
SUPER_23,2690000,102,5,9,116,56,46
SUPER_23,2700000,163,18,21,202,80,83
SUPER_23,2710000,128,9,18,155,62,66
SUPER_23,2720000,165,12,19,196,77,88
SUPER_23,2730000,140,10,8,158,68,72
SUPER_23,2740000,144,7,10,161,80,64
SUPER_23,2750000,113,7,11,131,53,60
SUPER_23,2760000,34,2,1,37,19,15
SUPER_23,2770000,94,7,9,110,47,47
SUPER_23,2780000,133,13,10,156,63,70
SUPER_23,2790000,154,11,9,174,75,79
SUPER_23,2800000,63,5,7,75,30,33
SUPER_23,2810000,137,8,13,158,83,54
SUPER_23,2820000,240,22,14,276,109,131
SUPER_23,2830000,111,5,4,120,64,47
SUPER_23,2840000,39,8,5,52,25,14
SUPER_23,2850000,191,18,14,223,88,103
SUPER_23,2860000,137,13,14,164,55,82
SUPER_23,2870000,177,8,12,197,70,107
SUPER_23,2880000,301,31,26,358,150,151
SUPER_23,2890000,256,31,22,309,118,138
SUPER_23,2900000,312,21,21,354,140,172
SUPER_23,2910000,220,24,15,259,115,105
SUPER_23,2920000,143,13,19,175,80,63
SUPER_23,2930000,243,19,21,283,121,122
SUPER_23,2940000,247,25,32,304,126,121
SUPER_23,2950000,240,24,29,293,115,125
SUPER_23,2960000,159,8,11,178,81,78
SUPER_23,2970000,194,14,12,220,111,83
SUPER_23,2980000,78,7,8,93,45,33
SUPER_23,2990000,139,15,3,157,60,79
SUPER_23,3000000,58,1,5,64,34,24
SUPER_23,3010000,16,1,1,18,11,5
SUPER_23,3020000,30,2,2,34,15,15
SUPER_23,3030000,22,0,2,24,13,9
SUPER_23,3040000,18,2,3,23,7,11
SUPER_23,3050000,88,1,4,93,48,40
SUPER_23,3060000,35,1,3,39,18,17
SUPER_23,3070000,118,7,12,137,65,53
SUPER_23,3080000,64,1,4,69,37,27
SUPER_23,3090000,34,2,2,38,15,19
SUPER_23,3100000,172,11,16,199,85,87
SUPER_23,3110000,163,11,17,191,80,83
SUPER_23,3120000,50,2,7,59,24,26
SUPER_23,3130000,180,16,16,212,100,80
SUPER_23,3140000,28,3,4,35,17,11
SUPER_23,3150000,181,16,13,210,91,90
SUPER_23,3160000,317,32,30,379,148,169
SUPER_23,3170000,216,21,19,256,104,112
SUPER_23,3180000,163,14,7,184,77,86
SUPER_23,3190000,254,18,16,288,134,120
SUPER_23,3200000,98,10,15,123,52,46
SUPER_23,3210000,219,20,21,260,111,108
SUPER_23,3220000,255,13,27,295,140,115
SUPER_23,3230000,42,2,6,50,19,23
SUPER_23,3240000,155,13,9,177,84,71
SUPER_23,3250000,200,21,25,246,92,108
SUPER_23,3260000,170,16,12,198,77,93
SUPER_23,3270000,141,6,12,159,66,75
SUPER_23,3280000,163,5,14,182,96,67
SUPER_23,3290000,107,6,5,118,46,61
SUPER_23,3300000,150,6,14,170,72,78
SUPER_23,3310000,190,18,17,225,93,97
SUPER_23,3320000,146,11,10,167,87,59
SUPER_23,3330000,139,7,17,163,67,72
SUPER_23,3340000,176,8,10,194,87,89
SUPER_23,3350000,60,0,6,66,29,31
SUPER_23,3360000,170,15,12,197,85,85
SUPER_23,3370000,90,7,10,107,48,42
SUPER_23,3380000,230,18,25,273,120,110
SUPER_23,3390000,112,8,9,129,57,55
SUPER_23,3400000,276,26,30,332,120,156
SUPER_23,3410000,176,11,18,205,90,86
SUPER_23,3420000,194,12,21,227,102,92
SUPER_23,3430000,232,18,8,258,121,111
SUPER_23,3440000,242,16,19,277,118,124
SUPER_23,3450000,89,7,11,107,46,43
SUPER_23,3460000,39,2,1,42,20,19
SUPER_23,3470000,121,11,12,144,57,64
SUPER_23,3480000,289,15,17,321,150,139
SUPER_23,3490000,156,6,14,176,80,76
SUPER_23,3500000,222,15,12,249,115,107
SUPER_23,3510000,335,36,29,400,142,193
SUPER_23,3520000,242,20,24,286,121,121
SUPER_23,3530000,105,8,9,122,53,52
SUPER_23,3540000,1,0,0,1,0,1
SUPER_23,3550000,222,21,21,264,115,107
SUPER_23,3560000,309,31,15,355,157,152
SUPER_23,3570000,243,17,25,285,127,116
SUPER_23,3580000,95,9,6,110,50,45
SUPER_23,3590000,256,16,35,307,116,140
SUPER_23,3600000,199,21,13,233,93,106
SUPER_23,3610000,156,11,17,184,79,77
SUPER_23,3620000,268,14,19,301,144,124
SUPER_23,3630000,126,14,14,154,54,72
SUPER_23,3640000,154,16,10,180,79,75
SUPER_23,3650000,329,24,34,387,152,177
SUPER_23,3660000,234,16,23,273,118,116
SUPER_23,3670000,222,16,16,254,120,102
SUPER_23,3680000,101,7,14,122,48,53
SUPER_23,3690000,64,0,7,71,36,28
SUPER_23,3700000,119,11,6,136,62,57
SUPER_23,3710000,22,4,0,26,11,11
SUPER_23,3720000,49,4,3,56,20,29
SUPER_23,3730000,152,10,8,170,73,79
SUPER_23,3740000,99,8,2,109,53,46
SUPER_23,3750000,42,6,5,53,22,20
SUPER_23,3760000,51,5,3,59,25,26
SUPER_23,3770000,148,15,12,175,82,66
SUPER_23,3780000,118,5,8,131,61,57
SUPER_23,3790000,66,8,12,86,37,29
SUPER_23,3800000,0,0,0,0,0,0
SUPER_23,3810000,0,0,0,0,0,0
SUPER_23,3820000,110,10,9,129,57,53
SUPER_23,3830000,2,0,0,2,1,1
SUPER_23,3840000,52,1,6,59,31,21
SUPER_23,3850000,96,13,11,120,53,43
SUPER_23,3860000,47,6,5,58,21,26
SUPER_23,3870000,0,0,0,0,0,0
SUPER_23,3880000,0,0,0,0,0,0
SUPER_23,3890000,141,14,12,167,77,64
SUPER_23,3900000,78,9,9,96,34,44
SUPER_23,3910000,124,7,16,147,54,70
SUPER_23,3920000,267,19,29,315,158,109
SUPER_23,3930000,72,1,4,77,37,35
SUPER_23,3940000,90,8,9,107,43,47
SUPER_23,3950000,138,12,11,161,73,65
SUPER_23,3960000,92,4,7,103,49,43
SUPER_23,3970000,0,0,0,0,0,0
SUPER_23,3980000,0,0,0,0,0,0
SUPER_23,3990000,122,12,14,148,54,68
SUPER_23,4000000,73,4,7,84,38,35
SUPER_23,4010000,17,1,1,19,9,8
SUPER_23,4020000,52,0,2,54,22,30
SUPER_23,4030000,110,8,8,126,59,51
SUPER_23,4040000,0,0,0,0,0,0
SUPER_23,4050000,0,0,0,0,0,0
SUPER_23,4060000,163,9,11,183,72,91
SUPER_23,4070000,170,11,19,200,81,89
SUPER_23,4080000,34,2,2,38,17,17
SUPER_23,4090000,165,11,10,186,74,91
SUPER_23,4100000,213,19,15,247,110,103
SUPER_23,4110000,198,16,13,227,90,108
SUPER_23,4120000,297,24,25,346,150,147
SUPER_23,4130000,287,15,17,319,139,148
SUPER_23,4140000,107,7,12,126,59,48
SUPER_23,4150000,201,15,15,231,99,102
SUPER_23,4160000,87,3,10,100,58,29
SUPER_23,4170000,214,12,16,242,120,94
SUPER_23,4180000,243,21,18,282,123,120
SUPER_23,4190000,154,16,14,184,78,76
SUPER_23,4200000,212,16,20,248,112,100
SUPER_23,4210000,205,14,23,242,107,98
SUPER_23,4220000,15,1,2,18,7,8
SUPER_23,4230000,145,16,11,172,64,81
SUPER_23,4240000,263,26,19,308,129,134
SUPER_23,4250000,102,8,9,119,48,54
SUPER_23,4260000,40,1,2,43,20,20
SUPER_23,4270000,0,0,0,0,0,0
SUPER_23,4280000,0,0,0,0,0,0
SUPER_23,4290000,101,5,4,110,51,50
SUPER_23,4300000,15,0,0,15,8,7
SUPER_23,4310000,46,4,3,53,22,24
SUPER_23,4320000,69,7,11,87,31,38
SUPER_23,4330000,141,8,11,160,84,57
SUPER_23,4340000,250,25,27,302,127,123
SUPER_23,4350000,216,15,18,249,110,106
SUPER_23,4360000,85,14,7,106,47,38
SUPER_23,4370000,234,16,26,276,108,126
SUPER_23,4380000,0,0,0,0,0,0
SUPER_23,4390000,0,0,0,0,0,0
SUPER_23,4400000,289,21,21,331,143,146
SUPER_23,4410000,47,5,4,56,25,22
SUPER_23,4420000,85,8,6,99,39,46
SUPER_23,4430000,114,9,8,131,51,63
SUPER_23,4440000,42,2,6,50,19,23
SUPER_23,4450000,37,7,7,51,18,19
SUPER_23,4460000,221,14,20,255,109,112
SUPER_23,4470000,221,15,20,256,105,116
SUPER_23,4480000,86,6,6,98,38,48
SUPER_23,4490000,56,5,5,66,30,26
SUPER_23,4500000,120,4,6,130,65,55
SUPER_23,4510000,223,22,20,265,105,118
SUPER_23,4520000,86,10,12,108,42,44
SUPER_23,4530000,177,7,17,201,78,99
SUPER_23,4540000,96,9,12,117,55,41
SUPER_23,4550000,158,12,14,184,71,87
SUPER_23,4560000,98,9,10,117,51,47
SUPER_23,4570000,46,3,2,51,24,22
SUPER_23,4580000,37,5,3,45,16,21
SUPER_23,4590000,148,13,12,173,76,72
SUPER_23,4600000,138,9,6,153,73,65
SUPER_23,4610000,106,2,6,114,59,47
SUPER_23,4620000,74,7,5,86,36,38
SUPER_23,4630000,223,17,20,260,114,109
SUPER_23,4640000,80,3,2,85,38,42
SUPER_23,4650000,44,3,3,50,25,19
SUPER_23,4660000,92,11,9,112,47,45
SUPER_23,4670000,129,5,15,149,61,68
SUPER_23,4680000,32,5,4,41,20,12
SUPER_23,4690000,6,0,0,6,2,4
SUPER_23,4700000,43,4,2,49,20,23
SUPER_23,4710000,127,5,14,146,66,61
SUPER_23,4720000,136,4,6,146,76,60
SUPER_23,4730000,178,11,26,215,90,88
SUPER_23,4740000,279,22,36,337,140,139
SUPER_23,4750000,302,24,26,352,169,133
SUPER_23,4760000,211,12,11,234,107,104
SUPER_23,4770000,246,15,26,287,117,129
SUPER_23,4780000,255,26,16,297,120,135
SUPER_23,4790000,173,7,10,190,87,86
SUPER_23,4800000,128,14,6,148,72,56
SUPER_23,4810000,289,25,19,333,147,142
SUPER_23,4820000,271,23,24,318,123,148
SUPER_23,4830000,167,9,18,194,60,107
SUPER_23,4840000,161,11,12,184,85,76
SUPER_23,4850000,92,8,6,106,46,46
SUPER_23,4860000,228,17,18,263,114,114
SUPER_23,4870000,139,10,9,158,77,62
SUPER_23,4880000,119,7,2,128,61,58
SUPER_23,4890000,240,16,19,275,121,119
SUPER_23,4900000,38,3,3,44,13,25
SUPER_23,4910000,58,2,3,63,29,29
SUPER_23,4920000,219,21,25,265,102,117
SUPER_23,4930000,116,5,5,126,53,63
SUPER_23,4940000,25,0,4,29,9,16
SUPER_23,4950000,44,1,8,53,19,25
SUPER_23,4960000,169,15,17,201,82,87
SUPER_23,4970000,102,5,6,113,56,46
SUPER_23,4980000,131,5,15,151,67,64
SUPER_23,4990000,139,10,10,159,65,74
SUPER_23,5000000,130,10,13,153,69,61
SUPER_23,5010000,237,22,16,275,125,112
SUPER_23,5020000,18,0,0,18,8,10
SUPER_23,5030000,136,6,12,154,77,59
SUPER_23,5040000,28,4,0,32,12,16
SUPER_23,5050000,62,3,4,69,32,30
SUPER_23,5060000,62,5,6,73,37,25
SUPER_23,5070000,101,9,9,119,47,54
SUPER_23,5080000,16,0,0,16,9,7
SUPER_23,5090000,99,5,6,110,52,47
SUPER_23,5100000,142,14,12,168,72,70
SUPER_23,5110000,30,2,1,33,18,12
SUPER_23,5120000,21,2,5,28,9,12
SUPER_23,5130000,205,15,23,243,113,92
SUPER_23,5140000,157,17,18,192,86,71
SUPER_23,5150000,164,13,14,191,99,65
SUPER_23,5160000,190,20,26,236,100,90
SUPER_23,5170000,206,15,18,239,105,101
SUPER_23,5180000,224,19,23,266,101,123
SUPER_23,5190000,257,23,25,305,129,128
SUPER_23,5200000,59,3,4,66,28,31
SUPER_23,5210000,235,12,16,263,126,109
SUPER_23,5220000,218,22,15,255,94,124
SUPER_23,5230000,138,7,8,153,69,69
SUPER_23,5240000,96,9,12,117,48,48
SUPER_23,5250000,153,12,13,178,76,77
SUPER_23,5260000,63,3,4,70,29,34
SUPER_23,5270000,213,20,18,251,90,123
SUPER_23,5280000,239,17,24,280,110,129
SUPER_23,5290000,190,14,22,226,102,88
SUPER_23,5300000,279,20,26,325,138,141
SUPER_23,5310000,224,21,17,262,98,126
SUPER_23,5320000,183,17,20,220,91,92
SUPER_23,5330000,209,22,17,248,100,109
SUPER_23,5340000,266,23,29,318,138,128
SUPER_23,5350000,276,24,21,321,133,143
SUPER_23,5360000,241,21,20,282,121,120
SUPER_23,5370000,270,29,23,322,126,144
SUPER_23,5380000,208,27,15,250,99,109
SUPER_23,5390000,142,3,12,157,73,69
SUPER_23,5400000,7,0,0,7,3,4
SUPER_23,5410000,249,17,27,293,118,131
SUPER_23,5420000,215,19,18,252,114,101
SUPER_23,5430000,45,5,7,57,21,24
SUPER_23,5440000,95,6,4,105,47,48
SUPER_23,5450000,97,9,12,118,48,49
SUPER_23,5460000,83,3,3,89,49,34
SUPER_23,5470000,170,10,15,195,89,81
SUPER_23,5480000,212,14,15,241,113,99
SUPER_23,5490000,198,10,18,226,113,85
SUPER_23,5500000,234,16,15,265,120,114
SUPER_23,5510000,175,14,16,205,87,88
SUPER_23,5520000,80,6,12,98,39,41
SUPER_23,5530000,266,22,30,318,129,137
SUPER_23,5540000,252,31,26,309,110,142
SUPER_23,5550000,114,4,8,126,62,52
SUPER_23,5560000,111,10,12,133,47,64
SUPER_23,5570000,279,13,24,316,137,142
SUPER_23,5580000,296,30,27,353,133,163
SUPER_23,5590000,136,12,8,156,70,66
SUPER_23,5600000,251,19,17,287,119,132
SUPER_23,5610000,199,21,16,236,96,103
SUPER_23,5620000,169,18,18,205,92,77
SUPER_23,5630000,207,22,23,252,116,91
SUPER_23,5640000,224,17,20,261,127,97
SUPER_23,5650000,261,36,31,328,130,131
SUPER_23,5660000,206,15,20,241,102,104
SUPER_23,5670000,216,17,19,252,110,106
SUPER_23,5680000,67,5,11,83,34,33
SUPER_23,5690000,115,14,12,141,65,50
SUPER_23,5700000,138,14,8,160,80,58
SUPER_23,5710000,85,9,9,103,50,35
SUPER_23,5720000,5,0,0,5,3,2
SUPER_23,5730000,133,6,16,155,68,65
SUPER_23,5740000,64,7,2,73,29,35
SUPER_23,5750000,109,7,13,129,53,56
SUPER_23,5760000,164,16,18,198,77,87
SUPER_23,5770000,230,24,27,281,104,126
SUPER_23,5780000,201,24,26,251,93,108
SUPER_23,5790000,104,9,6,119,46,58
SUPER_23,5800000,214,17,16,247,103,111
SUPER_23,5810000,281,14,24,319,139,142
SUPER_23,5820000,127,9,10,146,47,80
SUPER_23,5830000,124,15,4,143,66,58
SUPER_23,5840000,187,13,14,214,96,91
SUPER_23,5850000,200,17,19,236,99,101
SUPER_23,5860000,218,15,19,252,110,108
SUPER_23,5870000,156,23,17,196,81,75
SUPER_23,5880000,192,22,12,226,96,96
SUPER_23,5890000,272,17,26,315,140,132
SUPER_23,5900000,126,7,10,143,59,67
SUPER_23,5910000,84,5,7,96,44,40
SUPER_23,5920000,142,7,10,159,73,69
SUPER_23,5930000,89,7,5,101,42,47
SUPER_23,5940000,61,7,11,79,37,24
SUPER_23,5950000,55,3,7,65,24,31
SUPER_23,5960000,62,6,9,77,34,28
SUPER_23,5970000,202,20,17,239,103,99
SUPER_23,5980000,133,11,13,157,65,68
SUPER_23,5990000,128,21,16,165,64,64
SUPER_23,6000000,245,15,14,274,122,123
SUPER_23,6010000,176,16,19,211,105,71
SUPER_23,6020000,157,21,15,193,66,91
SUPER_23,6030000,127,5,11,143,59,68
SUPER_23,6040000,143,12,16,171,63,80
SUPER_23,6050000,100,5,5,110,52,48
SUPER_23,6060000,97,6,5,108,54,43
SUPER_23,6070000,205,18,17,240,108,97
SUPER_23,6080000,239,23,23,285,117,122
SUPER_23,6090000,208,13,14,235,106,102
SUPER_23,6100000,62,13,2,77,29,33
SUPER_23,6110000,135,9,13,157,75,60
SUPER_23,6120000,226,9,27,262,113,113
SUPER_23,6130000,170,11,20,201,96,74
SUPER_23,6140000,203,12,12,227,103,100
SUPER_23,6150000,26,4,3,33,14,12
SUPER_23,6160000,134,8,14,156,64,70
SUPER_23,6170000,96,5,4,105,50,46
SUPER_23,6180000,27,0,4,31,13,14
SUPER_23,6190000,47,4,4,55,25,22
SUPER_23,6200000,43,4,6,53,23,20
SUPER_23,6210000,170,12,12,194,98,72
SUPER_23,6220000,349,24,31,404,166,183
SUPER_23,6230000,294,22,30,346,134,160
SUPER_23,6240000,63,6,8,77,32,31
SUPER_23,6250000,217,20,14,251,110,107
SUPER_23,6260000,164,12,11,187,75,89
SUPER_23,6270000,119,9,12,140,52,67
SUPER_23,6280000,130,13,19,162,59,71
SUPER_23,6290000,195,11,14,220,97,98
SUPER_23,6300000,249,13,23,285,116,133
SUPER_23,6310000,135,9,16,160,70,65
SUPER_23,6320000,302,19,26,347,141,161
SUPER_23,6330000,93,9,11,113,44,49
SUPER_23,6340000,187,17,13,217,94,93
SUPER_23,6350000,85,9,10,104,46,39
SUPER_23,6360000,189,26,32,247,99,90
SUPER_23,6370000,244,29,20,293,112,132
SUPER_23,6380000,88,7,7,102,49,39
SUPER_23,6390000,210,14,23,247,93,117
SUPER_23,6400000,16,1,0,17,8,8
SUPER_23,6410000,3,0,0,3,0,3
SUPER_23,6420000,89,11,10,110,50,39
SUPER_23,6430000,45,4,7,56,27,18
SUPER_23,6440000,33,1,3,37,18,15
SUPER_23,6450000,29,5,2,36,17,12
SUPER_23,6460000,87,6,6,99,39,48
SUPER_23,6470000,161,12,14,187,89,72
SUPER_23,6480000,171,26,16,213,100,71
SUPER_23,6490000,175,11,15,201,96,79
SUPER_23,6500000,73,6,14,93,41,32
SUPER_23,6510000,18,2,1,21,10,8
SUPER_23,6520000,79,7,7,93,43,36
SUPER_23,6530000,230,17,18,265,109,121
SUPER_23,6540000,85,5,12,102,41,44
SUPER_23,6550000,11,0,1,12,4,7
SUPER_23,6560000,28,4,4,36,15,13
SUPER_23,6570000,61,11,2,74,37,24
SUPER_23,6580000,97,9,4,110,46,51
SUPER_23,6590000,47,2,3,52,21,26
SUPER_23,6600000,58,4,8,70,31,27
SUPER_23,6610000,184,8,13,205,101,83
SUPER_23,6620000,317,27,20,364,158,159
SUPER_23,6630000,139,5,10,154,67,72
SUPER_23,6640000,186,18,21,225,85,101
SUPER_23,6650000,186,13,14,213,86,100
SUPER_23,6660000,0,0,0,0,0,0
SUPER_23,6670000,0,0,0,0,0,0
SUPER_23,6680000,0,0,0,0,0,0
SUPER_23,6690000,0,0,0,0,0,0
SUPER_23,6700000,326,26,25,377,173,153
SUPER_23,6710000,155,15,14,184,80,75
SUPER_23,6720000,41,7,2,50,19,22
SUPER_23,6730000,124,7,11,142,59,65
SUPER_23,6740000,199,13,12,224,101,98
SUPER_23,6750000,188,8,6,202,87,101
SUPER_23,6760000,141,8,16,165,81,60
SUPER_23,6770000,298,17,24,339,150,148
SUPER_23,6780000,284,15,42,341,151,133
SUPER_23,6790000,265,24,23,312,142,123
SUPER_23,6800000,323,27,22,372,171,152
SUPER_23,6810000,120,8,10,138,59,61
SUPER_23,6820000,14,0,0,14,7,7
SUPER_23,6830000,31,1,5,37,16,15
SUPER_23,6840000,212,24,23,259,112,100
SUPER_23,6850000,153,15,6,174,78,75
SUPER_23,6860000,138,8,16,162,68,70
SUPER_23,6870000,212,21,18,251,123,89
SUPER_23,6880000,100,8,5,113,58,42
SUPER_23,6890000,138,7,13,158,65,73
SUPER_23,6900000,127,11,6,144,64,63
SUPER_23,6910000,95,8,8,111,52,43
SUPER_23,6920000,229,19,18,266,113,116
SUPER_23,6930000,43,1,3,47,24,19
SUPER_23,6940000,93,8,10,111,39,54
SUPER_23,6950000,109,10,19,138,42,67
SUPER_23,6960000,269,14,26,309,142,127
SUPER_23,6970000,209,25,23,257,115,94
SUPER_23,6980000,104,11,11,126,61,43
SUPER_23,6990000,60,4,3,67,32,28
SUPER_23,7000000,188,15,17,220,93,95
SUPER_23,7010000,171,25,19,215,79,92
SUPER_23,7020000,158,14,13,185,90,68
SUPER_23,7030000,171,14,13,198,87,84
SUPER_23,7040000,217,30,14,261,99,118
SUPER_23,7050000,243,27,18,288,127,116
SUPER_23,7060000,205,14,30,249,90,115
SUPER_23,7070000,221,17,27,265,108,113
SUPER_23,7080000,167,21,16,204,91,76
SUPER_23,7090000,344,27,27,398,172,172
SUPER_23,7100000,220,21,23,264,104,116
SUPER_23,7110000,258,26,19,303,127,131
SUPER_23,7120000,283,12,19,314,153,130
SUPER_23,7130000,260,27,21,308,119,141
SUPER_23,7140000,354,26,31,411,164,190
SUPER_23,7150000,264,24,18,306,139,125
SUPER_23,7160000,284,22,19,325,156,128
SUPER_23,7170000,89,13,8,110,51,38
SUPER_23,7180000,237,19,19,275,113,124
SUPER_23,7190000,316,17,25,358,163,153
SUPER_23,7200000,303,26,19,348,154,149
SUPER_23,7210000,56,3,6,65,23,33
SUPER_23,7220000,214,16,17,247,110,104
SUPER_23,7230000,273,29,25,327,134,139
SUPER_23,7240000,41,0,2,43,17,24
SUPER_23,7250000,56,5,3,64,31,25
SUPER_23,7260000,34,1,1,36,19,15
SUPER_23,7270000,5,0,1,6,4,1
SUPER_23,7280000,87,4,8,99,42,45
SUPER_23,7290000,93,11,13,117,52,41
SUPER_23,7300000,157,10,12,179,74,83
SUPER_23,7310000,172,11,10,193,97,75
SUPER_23,7320000,304,25,31,360,167,137
SUPER_23,7330000,163,9,9,181,86,77
SUPER_23,7340000,161,5,7,173,84,77
SUPER_23,7350000,194,18,24,236,100,94
SUPER_23,7360000,256,32,25,313,131,125
SUPER_23,7370000,267,14,20,301,123,144
SUPER_23,7380000,251,18,25,294,128,123
SUPER_23,7390000,136,6,16,158,60,76
SUPER_23,7400000,104,14,10,128,56,48
SUPER_23,7410000,35,0,1,36,20,15
SUPER_23,7420000,162,17,17,196,88,74
SUPER_23,7430000,106,9,11,126,51,55
SUPER_23,7440000,145,11,6,162,80,65
SUPER_23,7450000,61,10,3,74,36,25
SUPER_23,7460000,113,6,9,128,59,54
SUPER_23,7470000,44,2,7,53,21,23
SUPER_23,7480000,106,5,4,115,50,56
SUPER_23,7490000,47,0,4,51,33,14
SUPER_23,7500000,122,6,8,136,58,64
SUPER_23,7510000,238,16,19,273,133,105
SUPER_23,7520000,295,24,31,350,147,148
SUPER_23,7530000,292,21,34,347,138,154
SUPER_23,7540000,169,15,12,196,89,80
SUPER_23,7550000,138,15,10,163,82,56
SUPER_23,7560000,51,0,11,62,28,23
SUPER_23,7570000,154,9,19,182,71,83
SUPER_23,7580000,238,23,12,273,131,107
SUPER_23,7590000,149,10,7,166,80,69
SUPER_23,7600000,0,0,0,0,0,0
SUPER_23,7610000,0,0,0,0,0,0
SUPER_23,7620000,0,0,0,0,0,0
SUPER_23,7630000,0,0,0,0,0,0
SUPER_23,7640000,0,0,0,0,0,0
SUPER_23,7650000,0,0,0,0,0,0
SUPER_23,7660000,0,0,0,0,0,0
SUPER_23,7670000,0,0,0,0,0,0
SUPER_23,7680000,0,0,0,0,0,0
SUPER_23,7690000,213,20,18,251,105,108
SUPER_23,7700000,285,23,35,343,138,147
SUPER_23,7710000,239,19,29,287,123,116
SUPER_23,7720000,231,15,17,263,127,104
SUPER_23,7730000,279,26,22,327,131,148
SUPER_23,7740000,242,24,23,289,120,122
SUPER_23,7750000,86,4,11,101,39,47
SUPER_23,7760000,209,15,19,243,86,123
SUPER_23,7770000,238,26,17,281,128,110
SUPER_23,7780000,277,36,22,335,135,142
SUPER_23,7790000,203,24,28,255,97,106
SUPER_23,7800000,182,8,17,207,96,86
SUPER_23,7810000,6,0,0,6,3,3
SUPER_23,7820000,289,35,34,358,150,139
SUPER_23,7830000,28,2,1,31,16,12
SUPER_23,7840000,22,4,0,26,10,12
SUPER_23,7850000,161,9,19,189,78,83
SUPER_23,7860000,74,7,5,86,36,38
SUPER_23,7870000,94,5,10,109,51,43
SUPER_23,7880000,37,1,1,39,20,17
SUPER_23,7890000,53,1,7,61,31,22
SUPER_23,7900000,200,18,16,234,83,117
SUPER_23,7910000,85,6,12,103,38,47
SUPER_23,7920000,43,4,2,49,26,17
SUPER_23,7930000,25,2,1,28,10,15
SUPER_23,7940000,170,18,21,209,85,85
SUPER_23,7950000,0,0,0,0,0,0
SUPER_23,7960000,0,0,0,0,0,0
SUPER_23,7970000,0,0,0,0,0,0
SUPER_23,7980000,0,0,0,0,0,0
SUPER_23,7990000,0,0,0,0,0,0
SUPER_23,8000000,330,21,27,378,154,176
SUPER_23,8010000,154,13,24,191,76,78
SUPER_23,8020000,44,5,9,58,21,23
SUPER_23,8030000,0,0,0,0,0,0
SUPER_23,8040000,0,0,0,0,0,0
SUPER_23,8050000,0,0,0,0,0,0
SUPER_23,8060000,25,1,1,27,11,14
SUPER_23,8070000,137,10,12,159,79,58
SUPER_23,8080000,149,11,13,173,85,64
SUPER_23,8090000,116,9,10,135,60,56
SUPER_23,8100000,284,14,17,315,150,134
SUPER_23,8110000,28,0,6,34,14,14
SUPER_23,8120000,143,6,16,165,68,75
SUPER_23,8130000,0,0,0,0,0,0
SUPER_23,8140000,0,0,0,0,0,0
SUPER_23,8150000,227,15,15,257,130,97
SUPER_23,8160000,197,17,6,220,105,92
SUPER_23,8170000,174,18,13,205,93,81
SUPER_23,8180000,60,2,4,66,30,30
SUPER_23,8190000,253,18,21,292,126,127
SUPER_23,8200000,312,26,20,358,167,145
SUPER_23,8210000,68,3,4,75,38,30
SUPER_23,8220000,108,5,4,117,61,47
SUPER_23,8230000,47,4,3,54,20,27
SUPER_23,8240000,130,6,13,149,69,61
SUPER_23,8250000,76,4,4,84,43,33
SUPER_23,8260000,117,8,7,132,74,43
SUPER_23,8270000,209,15,18,242,99,110
SUPER_23,8280000,273,18,27,318,127,146
SUPER_23,8290000,63,4,3,70,34,29
SUPER_23,8300000,151,17,8,176,80,71
SUPER_23,8310000,105,9,6,120,53,52
SUPER_23,8320000,198,11,17,226,104,94
SUPER_23,8330000,131,7,13,151,63,68
SUPER_23,8340000,271,27,15,313,132,139
SUPER_23,8350000,75,5,11,91,43,32
SUPER_23,8360000,146,6,10,162,81,65
SUPER_23,8370000,222,21,19,262,121,101
SUPER_23,8380000,136,9,9,154,63,73
SUPER_23,8390000,79,2,7,88,42,37
SUPER_23,8400000,53,3,2,58,29,24
SUPER_23,8410000,88,7,14,109,45,43
SUPER_23,8420000,265,17,19,301,138,127
SUPER_23,8430000,195,23,19,237,94,101
SUPER_23,8440000,66,5,8,79,34,32
SUPER_23,8450000,21,0,2,23,9,12
SUPER_23,8460000,216,9,11,236,92,124
SUPER_23,8470000,178,9,15,202,87,91
SUPER_23,8480000,232,15,21,268,129,103
SUPER_23,8490000,131,7,11,149,73,58
SUPER_23,8500000,79,7,4,90,51,28
SUPER_23,8510000,52,3,6,61,33,19
SUPER_23,8520000,248,22,24,294,129,119
SUPER_23,8530000,119,4,12,135,56,63
SUPER_23,8540000,117,14,11,142,73,44
SUPER_23,8550000,92,12,3,107,46,46
SUPER_23,8560000,99,15,6,120,60,39
SUPER_23,8570000,63,3,11,77,26,37
SUPER_23,8580000,83,6,7,96,47,36
SUPER_23,8590000,33,4,0,37,19,14
SUPER_23,8600000,52,4,5,61,24,28
SUPER_23,8610000,233,11,11,255,124,109
SUPER_23,8620000,4,0,0,4,2,2
SUPER_23,8630000,9,0,1,10,3,6
SUPER_23,8640000,146,4,6,156,82,64
SUPER_23,8650000,185,18,19,222,89,96
SUPER_23,8660000,184,10,19,213,103,81
SUPER_23,8670000,246,20,18,284,134,112
SUPER_23,8680000,321,17,27,365,172,149
SUPER_23,8690000,122,7,10,139,60,62
SUPER_23,8700000,240,18,25,283,123,117
SUPER_23,8710000,299,15,25,339,163,136
SUPER_23,8720000,218,12,18,248,128,90
SUPER_23,8730000,226,15,14,255,131,95
SUPER_23,8740000,290,22,31,343,150,140
SUPER_23,8750000,238,25,23,286,125,113
SUPER_23,8760000,212,18,16,246,104,108
SUPER_23,8770000,51,2,3,56,23,28
SUPER_23,8780000,204,21,28,253,97,107
SUPER_23,8790000,255,23,22,300,134,121
SUPER_23,8800000,108,6,3,117,59,49
SUPER_23,8810000,103,11,5,119,51,52
SUPER_23,8820000,90,7,11,108,49,41
SUPER_23,8830000,150,12,21,183,75,75
SUPER_23,8840000,135,10,14,159,75,60
SUPER_23,8850000,251,20,19,290,112,139
SUPER_23,8860000,11,0,2,13,3,8
SUPER_23,8870000,120,13,13,146,59,61
SUPER_23,8880000,281,25,21,327,142,139
SUPER_23,8890000,125,11,10,146,70,55
SUPER_23,8900000,18,1,3,22,10,8
SUPER_23,8910000,178,20,12,210,90,88
SUPER_23,8920000,79,6,9,94,36,43
SUPER_23,8930000,168,20,16,204,71,97
SUPER_23,8940000,0,0,0,0,0,0
SUPER_23,8950000,0,0,0,0,0,0
SUPER_23,8960000,0,0,0,0,0,0
SUPER_23,8970000,0,0,0,0,0,0
SUPER_23,8980000,0,0,0,0,0,0
SUPER_23,8990000,0,0,0,0,0,0
SUPER_23,9000000,0,0,0,0,0,0
SUPER_23,9010000,0,0,0,0,0,0
SUPER_23,9020000,0,0,0,0,0,0
SUPER_23,9030000,0,0,0,0,0,0
SUPER_23,9040000,0,0,0,0,0,0
SUPER_23,9050000,0,0,0,0,0,0
SUPER_23,9060000,0,0,0,0,0,0
SUPER_23,9070000,0,0,0,0,0,0
SUPER_23,9080000,0,0,0,0,0,0
SUPER_23,9090000,0,0,0,0,0,0
SUPER_23,9100000,39,4,4,47,22,17
SUPER_23,9110000,73,10,12,95,44,29
SUPER_23,9120000,53,7,5,65,34,19
SUPER_23,9130000,75,6,5,86,45,30
SUPER_23,9140000,176,17,7,200,95,81
SUPER_23,9150000,315,31,31,377,134,181
SUPER_23,9160000,16,1,2,19,12,4
SUPER_23,9170000,44,1,5,50,24,20
SUPER_23,9180000,92,5,9,106,53,39
SUPER_23,9190000,257,15,21,293,132,125
SUPER_23,9200000,110,9,11,130,48,62
SUPER_23,9210000,186,17,12,215,100,86
SUPER_23,9220000,247,23,24,294,127,120
SUPER_23,9230000,136,16,18,170,68,68
SUPER_23,9240000,215,18,28,261,112,103
SUPER_23,9250000,261,30,20,311,123,138
SUPER_23,9260000,35,0,5,40,21,14
SUPER_23,9270000,166,14,15,195,80,86
SUPER_23,9280000,212,18,14,244,116,96
SUPER_23,9290000,113,8,10,131,70,43
SUPER_23,9300000,253,22,11,286,121,132
SUPER_23,9310000,197,12,17,226,106,91
SUPER_23,9320000,45,4,3,52,32,13
SUPER_23,9330000,176,8,15,199,93,83
SUPER_23,9340000,135,4,11,150,67,68
SUPER_23,9350000,279,20,23,322,144,135
SUPER_23,9360000,83,3,9,95,43,40
SUPER_23,9370000,58,4,6,68,37,21
SUPER_23,9380000,210,21,19,250,108,102
SUPER_23,9390000,43,3,3,49,29,14
SUPER_23,9400000,240,12,13,265,133,107
SUPER_23,9410000,166,12,11,189,84,82
SUPER_23,9420000,96,7,8,111,44,52
SUPER_23,9430000,187,8,17,212,101,86
SUPER_23,9440000,103,7,4,114,57,46
SUPER_23,9450000,250,17,23,290,124,126
SUPER_23,9460000,153,20,15,188,79,74
SUPER_23,9470000,198,13,19,230,88,110
SUPER_23,9480000,81,3,6,90,46,35
SUPER_23,9490000,196,11,15,222,99,97
SUPER_23,9500000,224,11,21,256,120,104
SUPER_23,9510000,132,6,15,153,82,50
SUPER_23,9520000,272,13,18,303,134,138
SUPER_23,9530000,203,11,10,224,124,79
SUPER_23,9540000,41,1,3,45,27,14
SUPER_23,9550000,181,14,11,206,102,79
SUPER_23,9560000,196,18,17,231,110,86
SUPER_23,9570000,126,8,11,145,64,62
SUPER_23,9580000,205,13,22,240,110,95
SUPER_23,9590000,155,16,9,180,91,64
SUPER_23,9600000,99,9,6,114,54,45
SUPER_23,9610000,0,0,0,0,0,0
SUPER_23,9620000,0,0,0,0,0,0
SUPER_23,9630000,0,0,0,0,0,0
SUPER_23,9640000,0,0,0,0,0,0
SUPER_23,9650000,0,0,0,0,0,0
SUPER_23,9660000,0,0,0,0,0,0
SUPER_23,9670000,9,0,0,9,4,5
SUPER_23,9680000,20,2,3,25,12,8
SUPER_23,9690000,1,0,0,1,1,0
SUPER_23,9700000,6,0,2,8,2,4
SUPER_23,9710000,14,1,1,16,6,8
SUPER_23,9720000,15,1,2,18,7,8
SUPER_23,9730000,36,1,3,40,18,18
SUPER_23,9740000,0,0,0,0,0,0
SUPER_23,9750000,0,0,0,0,0,0
SUPER_23,9760000,0,0,0,0,0,0
SUPER_23,9770000,13,1,2,16,5,8
SUPER_23,9780000,11,2,3,16,6,5
SUPER_24,10000,23,32,35,90,6,17
SUPER_24,20000,0,0,0,0,0,0
SUPER_24,30000,0,0,0,0,0,0
SUPER_24,40000,66,7,6,79,31,35
SUPER_24,50000,60,5,9,74,28,32
SUPER_24,60000,112,19,7,138,51,61
SUPER_24,70000,56,1,2,59,32,24
SUPER_24,80000,39,4,4,47,19,20
SUPER_24,90000,151,11,5,167,73,78
SUPER_24,100000,72,6,4,82,42,30
SUPER_24,110000,235,21,15,271,133,102
SUPER_24,120000,114,11,4,129,60,54
SUPER_24,130000,165,9,17,191,88,77
SUPER_24,140000,211,27,18,256,116,95
SUPER_24,150000,159,10,11,180,97,62
SUPER_24,160000,126,10,12,148,61,65
SUPER_24,170000,103,7,7,117,52,51
SUPER_24,180000,10,0,1,11,2,8
SUPER_24,190000,34,1,1,36,18,16
SUPER_24,200000,91,5,8,104,43,48
SUPER_24,210000,94,3,11,108,55,39
SUPER_24,220000,167,13,11,191,84,83
SUPER_24,230000,263,21,19,303,146,117
SUPER_24,240000,151,10,6,167,88,63
SUPER_24,250000,218,18,12,248,99,119
SUPER_24,260000,105,10,9,124,60,45
SUPER_24,270000,117,8,3,128,61,56
SUPER_24,280000,119,15,8,142,56,63
SUPER_24,290000,14,2,4,20,9,5
SUPER_24,300000,149,8,10,167,87,62
SUPER_24,310000,120,7,11,138,65,55
SUPER_24,320000,91,10,3,104,43,48
SUPER_24,330000,104,7,9,120,58,46
SUPER_24,340000,35,0,2,37,18,17
SUPER_24,350000,164,8,11,183,83,81
SUPER_24,360000,87,3,3,93,49,38
SUPER_24,370000,64,7,8,79,35,29
SUPER_24,380000,222,12,19,253,110,112
SUPER_24,390000,83,6,8,97,47,36
SUPER_24,400000,74,8,8,90,35,39
SUPER_24,410000,318,24,20,362,179,139
SUPER_24,420000,289,20,27,336,163,126
SUPER_24,430000,0,0,0,0,0,0
SUPER_24,440000,0,0,0,0,0,0
SUPER_24,450000,124,10,7,141,66,58
SUPER_24,460000,97,11,8,116,46,51
SUPER_24,470000,99,9,4,112,53,46
SUPER_24,480000,10,1,1,12,4,6
SUPER_24,490000,19,0,5,24,9,10
SUPER_24,500000,27,5,3,35,16,11
SUPER_24,510000,2,0,0,2,1,1
SUPER_24,520000,7,0,1,8,4,3
SUPER_24,530000,46,3,6,55,29,17
SUPER_24,540000,191,20,13,224,96,95
SUPER_24,550000,314,20,28,362,173,141
SUPER_24,560000,245,17,20,282,128,117
SUPER_24,570000,2,0,0,2,0,2
SUPER_24,580000,64,5,3,72,34,30
SUPER_24,590000,71,3,4,78,43,28
SUPER_24,600000,116,5,6,127,63,53
SUPER_24,610000,138,8,6,152,67,71
SUPER_24,620000,217,16,19,252,107,110
SUPER_24,630000,0,1,0,1,0,0
SUPER_24,640000,134,14,13,161,75,59
SUPER_24,650000,71,3,8,82,42,29
SUPER_24,660000,190,12,10,212,93,97
SUPER_24,670000,276,20,28,324,135,141
SUPER_24,680000,181,11,8,200,98,83
SUPER_24,690000,186,18,16,220,87,99
SUPER_24,700000,235,15,26,276,122,113
SUPER_24,710000,97,9,11,117,62,35
SUPER_24,720000,245,25,26,296,122,123
SUPER_24,730000,255,16,29,300,138,117
SUPER_24,740000,267,27,24,318,127,140
SUPER_24,750000,215,21,21,257,107,108
SUPER_24,760000,221,22,11,254,102,119
SUPER_24,770000,170,8,9,187,96,74
SUPER_24,780000,134,11,7,152,66,68
SUPER_24,790000,8,0,2,10,4,4
SUPER_24,800000,65,6,12,83,36,29
SUPER_24,810000,82,8,7,97,40,42
SUPER_24,820000,148,14,16,178,75,73
SUPER_24,830000,181,19,16,216,79,102
SUPER_24,840000,160,16,10,186,82,78
SUPER_24,850000,270,25,18,313,139,131
SUPER_24,860000,333,27,23,383,180,153
SUPER_24,870000,121,13,16,150,59,62
SUPER_24,880000,140,14,15,169,66,74
SUPER_24,890000,154,10,20,184,72,82
SUPER_24,900000,113,4,8,125,57,56
SUPER_24,910000,183,5,19,207,92,91
SUPER_24,920000,149,12,12,173,77,72
SUPER_24,930000,254,19,14,287,131,123
SUPER_24,940000,255,29,21,305,121,134
SUPER_24,950000,141,11,10,162,69,72
SUPER_24,960000,28,2,2,32,12,16
SUPER_24,970000,222,14,20,256,109,113
SUPER_24,980000,218,25,15,258,116,102
SUPER_24,990000,37,2,0,39,25,12
SUPER_24,1000000,121,11,11,143,61,60
SUPER_24,1010000,117,9,11,137,66,51
SUPER_24,1020000,147,9,7,163,74,73
SUPER_24,1030000,42,23,6,71,20,22
SUPER_24,1040000,8,0,1,9,3,5
SUPER_24,1050000,52,2,2,56,27,25
SUPER_24,1060000,76,6,7,89,33,43
SUPER_24,1070000,73,9,7,89,48,25
SUPER_24,1080000,0,0,0,0,0,0
SUPER_24,1090000,0,0,0,0,0,0
SUPER_24,1100000,0,0,0,0,0,0
SUPER_24,1110000,0,0,0,0,0,0
SUPER_24,1120000,0,0,0,0,0,0
SUPER_24,1130000,0,0,0,0,0,0
SUPER_24,1140000,0,0,0,0,0,0
SUPER_24,1150000,0,0,0,0,0,0
SUPER_24,1160000,0,0,0,0,0,0
SUPER_24,1170000,0,0,0,0,0,0
SUPER_24,1180000,0,0,0,0,0,0
SUPER_24,1190000,0,0,0,0,0,0
SUPER_24,1200000,0,0,0,0,0,0
SUPER_24,1210000,0,0,0,0,0,0
SUPER_24,1220000,0,0,0,0,0,0
SUPER_24,1230000,0,0,0,0,0,0
SUPER_24,1240000,0,0,0,0,0,0
SUPER_24,1250000,0,0,0,0,0,0
SUPER_24,1260000,0,0,0,0,0,0
SUPER_24,1270000,0,0,0,0,0,0
SUPER_24,1280000,0,0,0,0,0,0
SUPER_24,1290000,0,0,0,0,0,0
SUPER_24,1300000,0,0,0,0,0,0
SUPER_24,1310000,0,0,0,0,0,0
SUPER_24,1320000,0,0,0,0,0,0
SUPER_24,1330000,0,0,0,0,0,0
SUPER_24,1340000,0,0,0,0,0,0
SUPER_24,1350000,0,0,0,0,0,0
SUPER_24,1360000,0,0,0,0,0,0
SUPER_24,1370000,0,0,0,0,0,0
SUPER_24,1380000,0,0,0,0,0,0
SUPER_24,1390000,0,0,0,0,0,0
SUPER_24,1400000,0,0,0,0,0,0
SUPER_24,1410000,0,0,0,0,0,0
SUPER_24,1420000,97,3,3,103,50,47
SUPER_24,1430000,62,4,6,72,33,29
SUPER_24,1440000,48,7,4,59,29,19
SUPER_24,1450000,186,7,16,209,100,86
SUPER_24,1460000,153,10,15,178,69,84
SUPER_24,1470000,88,4,5,97,48,40
SUPER_24,1480000,29,0,4,33,11,18
SUPER_24,1490000,198,17,21,236,93,105
SUPER_24,1500000,276,23,28,327,139,137
SUPER_24,1510000,308,35,25,368,154,154
SUPER_24,1520000,254,16,30,300,126,128
SUPER_24,1530000,206,17,18,241,113,93
SUPER_24,1540000,174,7,14,195,106,68
SUPER_24,1550000,288,25,18,331,148,140
SUPER_24,1560000,80,8,5,93,40,40
SUPER_24,1570000,107,6,10,123,55,52
SUPER_24,1580000,195,13,18,226,92,103
SUPER_24,1590000,207,12,19,238,113,94
SUPER_24,1600000,152,10,9,171,76,76
SUPER_24,1610000,130,6,16,152,67,63
SUPER_24,1620000,47,2,2,51,28,19
SUPER_24,1630000,8,0,2,10,5,3
SUPER_24,1640000,78,12,8,98,57,21
SUPER_24,1650000,14,1,0,15,6,8
SUPER_24,1660000,61,5,4,70,39,22
SUPER_24,1670000,230,19,19,268,125,105
SUPER_24,1680000,282,19,24,325,143,139
SUPER_24,1690000,251,10,17,278,140,111
SUPER_24,1700000,77,7,3,87,46,31
SUPER_24,1710000,69,5,4,78,36,33
SUPER_24,1720000,162,5,14,181,104,58
SUPER_24,1730000,63,5,5,73,27,36
SUPER_24,1740000,122,12,7,141,68,54
SUPER_24,1750000,47,3,4,54,27,20
SUPER_24,1760000,150,11,17,178,79,71
SUPER_24,1770000,143,15,7,165,79,64
SUPER_24,1780000,259,15,16,290,137,122
SUPER_24,1790000,88,7,6,101,44,44
SUPER_24,1800000,183,20,12,215,91,92
SUPER_24,1810000,83,9,4,96,44,39
SUPER_24,1820000,115,10,9,134,67,48
SUPER_24,1830000,314,29,28,371,179,135
SUPER_24,1840000,344,24,29,397,152,192
SUPER_24,1850000,261,27,26,314,119,142
SUPER_24,1860000,131,9,11,151,59,72
SUPER_24,1870000,34,2,3,39,17,17
SUPER_24,1880000,220,14,22,256,114,106
SUPER_24,1890000,89,8,6,103,46,43
SUPER_24,1900000,92,5,7,104,52,40
SUPER_24,1910000,137,11,9,157,84,53
SUPER_24,1920000,39,3,2,44,23,16
SUPER_24,1930000,52,5,5,62,27,25
SUPER_24,1940000,0,0,0,0,0,0
SUPER_24,1950000,0,0,0,0,0,0
SUPER_24,1960000,231,13,23,267,134,97
SUPER_24,1970000,9,0,0,9,4,5
SUPER_24,1980000,18,2,1,21,7,11
SUPER_24,1990000,0,0,0,0,0,0
SUPER_24,2000000,0,0,0,0,0,0
SUPER_24,2010000,139,12,10,161,73,66
SUPER_24,2020000,193,16,17,226,109,84
SUPER_24,2030000,0,1,0,1,0,0
SUPER_24,2040000,28,3,3,34,10,18
SUPER_24,2050000,71,8,7,86,32,39
SUPER_24,2060000,0,0,0,0,0,0
SUPER_24,2070000,0,0,0,0,0,0
SUPER_24,2080000,0,0,0,0,0,0
SUPER_24,2090000,0,0,0,0,0,0
SUPER_24,2100000,98,5,11,114,57,41
SUPER_24,2110000,238,9,14,261,133,105
SUPER_24,2120000,172,11,9,192,88,84
SUPER_24,2130000,91,6,6,103,46,45
SUPER_24,2140000,6,0,0,6,1,5
SUPER_24,2150000,238,15,19,272,136,102
SUPER_24,2160000,59,6,3,68,28,31
SUPER_24,2170000,51,4,3,58,25,26
SUPER_24,2180000,209,20,6,235,91,118
SUPER_24,2190000,284,25,27,336,144,140
SUPER_24,2200000,199,13,15,227,99,100
SUPER_24,2210000,168,15,14,197,75,93
SUPER_24,2220000,74,4,5,83,43,31
SUPER_24,2230000,15,0,1,16,9,6
SUPER_24,2240000,155,9,12,176,70,85
SUPER_24,2250000,219,10,19,248,105,114
SUPER_24,2260000,139,12,15,166,73,66
SUPER_24,2270000,78,6,7,91,35,43
SUPER_24,2280000,21,1,1,23,7,14
SUPER_24,2290000,10,2,0,12,4,6
SUPER_24,2300000,44,3,6,53,23,21
SUPER_24,2310000,73,1,6,80,31,42
SUPER_24,2320000,164,12,8,184,93,71
SUPER_24,2330000,238,15,12,265,120,118
SUPER_24,2340000,114,3,6,123,56,58
SUPER_24,2350000,63,1,2,66,33,30
SUPER_24,2360000,26,0,1,27,12,14
SUPER_24,2370000,199,15,20,234,86,113
SUPER_24,2380000,289,16,23,328,146,143
SUPER_24,2390000,75,7,1,83,44,31
SUPER_24,2400000,93,1,3,97,53,40
SUPER_24,2410000,250,19,25,294,130,120
SUPER_24,2420000,228,18,16,262,118,110
SUPER_24,2430000,17,1,2,20,8,9
SUPER_24,2440000,153,16,6,175,83,70
SUPER_24,2450000,231,17,18,266,123,108
SUPER_24,2460000,56,5,4,65,27,29
SUPER_24,2470000,217,10,23,250,125,92
SUPER_24,2480000,208,26,33,267,102,106
SUPER_24,2490000,178,22,32,232,84,94
SUPER_24,2500000,164,17,18,199,80,84
SUPER_24,2510000,121,8,6,135,59,62
SUPER_24,2520000,47,8,4,59,22,25
SUPER_24,2530000,152,12,12,176,73,79
SUPER_24,2540000,235,18,12,265,109,126
SUPER_24,2550000,265,24,28,317,136,129
SUPER_24,2560000,153,15,16,184,82,71
SUPER_24,2570000,111,10,16,137,57,54
SUPER_24,2580000,43,2,2,47,24,19
SUPER_24,2590000,51,2,5,58,28,23
SUPER_24,2600000,150,6,7,163,83,67
SUPER_24,2610000,203,19,21,243,92,111
SUPER_24,2620000,79,4,11,94,39,40
SUPER_24,2630000,33,5,1,39,13,20
SUPER_24,2640000,196,26,21,243,90,106
SUPER_24,2650000,132,12,4,148,76,56
SUPER_24,2660000,137,16,12,165,64,73
SUPER_24,2670000,115,12,17,144,54,61
SUPER_24,2680000,251,29,24,304,108,143
SUPER_24,2690000,157,8,9,174,86,71
SUPER_24,2700000,217,14,17,248,114,103
SUPER_24,2710000,159,9,13,181,93,66
SUPER_24,2720000,127,4,3,134,58,69
SUPER_24,2730000,295,13,28,336,143,152
SUPER_24,2740000,192,19,12,223,94,98
SUPER_24,2750000,246,27,15,288,134,112
SUPER_24,2760000,232,21,21,274,119,113
SUPER_24,2770000,270,23,18,311,148,122
SUPER_24,2780000,129,10,14,153,66,63
SUPER_24,2790000,57,4,7,68,24,33
SUPER_24,2800000,219,25,17,261,110,109
SUPER_24,2810000,312,26,24,362,145,167
SUPER_24,2820000,255,24,37,316,121,134
SUPER_24,2830000,263,11,28,302,118,145
SUPER_24,2840000,313,26,19,358,163,150
SUPER_24,2850000,198,19,17,234,101,97
SUPER_24,2860000,221,23,14,258,122,99
SUPER_24,2870000,119,2,9,130,73,46
SUPER_24,2880000,13,3,3,19,5,8
SUPER_24,2890000,76,6,5,87,44,32
SUPER_24,2900000,201,15,27,243,104,97
SUPER_24,2910000,296,18,22,336,154,142
SUPER_24,2920000,147,15,14,176,75,72
SUPER_24,2930000,0,0,1,1,0,0
SUPER_24,2940000,76,4,6,86,40,36
SUPER_24,2950000,0,0,0,0,0,0
SUPER_24,2960000,0,0,0,0,0,0
SUPER_24,2970000,239,20,26,285,129,110
SUPER_24,2980000,210,11,15,236,105,105
SUPER_24,2990000,91,11,9,111,43,48
SUPER_24,3000000,38,4,2,44,22,16
SUPER_24,3010000,28,1,1,30,11,17
SUPER_24,3020000,62,11,5,78,34,28
SUPER_24,3030000,71,5,5,81,39,32
SUPER_24,3040000,143,16,17,176,73,70
SUPER_24,3050000,84,8,3,95,38,46
SUPER_24,3060000,33,1,3,37,16,17
SUPER_24,3070000,74,11,5,90,43,31
SUPER_24,3080000,57,4,8,69,28,29
SUPER_24,3090000,10,2,1,13,4,6
SUPER_24,3100000,49,4,7,60,35,14
SUPER_24,3110000,163,12,18,193,85,78
SUPER_24,3120000,157,7,5,169,86,71
SUPER_24,3130000,219,36,27,282,107,112
SUPER_24,3140000,330,19,26,375,164,166
SUPER_24,3150000,226,29,25,280,114,112
SUPER_24,3160000,268,18,19,305,137,131
SUPER_24,3170000,185,8,24,217,88,97
SUPER_24,3180000,163,8,12,183,87,76
SUPER_24,3190000,269,26,23,318,122,147
SUPER_24,3200000,171,26,20,217,82,89
SUPER_24,3210000,265,24,36,325,130,135
SUPER_24,3220000,249,25,30,304,111,138
SUPER_24,3230000,314,32,19,365,141,173
SUPER_24,3240000,269,33,28,330,123,146
SUPER_24,3250000,118,13,12,143,60,58
SUPER_24,3260000,203,27,23,253,110,93
SUPER_24,3270000,246,22,23,291,117,129
SUPER_24,3280000,195,19,27,241,88,107
SUPER_24,3290000,68,5,11,84,38,30
SUPER_24,3300000,93,13,8,114,51,42
SUPER_24,3310000,209,21,28,258,95,114
SUPER_24,3320000,119,17,9,145,57,62
SUPER_24,3330000,225,16,17,258,131,94
SUPER_24,3340000,203,17,23,243,109,94
SUPER_24,3350000,181,20,23,224,87,94
SUPER_24,3360000,161,23,28,212,77,84
SUPER_24,3370000,123,19,18,160,56,67
SUPER_24,3380000,68,8,8,84,37,31
SUPER_24,3390000,81,11,6,98,38,43
SUPER_24,3400000,1,0,0,1,0,1
SUPER_24,3410000,156,17,15,188,74,82
SUPER_24,3420000,103,8,5,116,49,54
SUPER_24,3430000,200,18,36,254,105,95
SUPER_24,3440000,170,24,31,225,84,86
SUPER_24,3450000,168,9,17,194,90,78
SUPER_24,3460000,80,5,3,88,42,38
SUPER_24,3470000,71,4,11,86,37,34
SUPER_24,3480000,43,3,5,51,24,19
SUPER_24,3490000,78,5,6,89,43,35
SUPER_24,3500000,207,22,22,251,105,102
SUPER_24,3510000,243,22,30,295,122,121
SUPER_24,3520000,187,8,14,209,92,95
SUPER_24,3530000,186,16,10,212,98,88
SUPER_24,3540000,0,1,0,1,0,0
SUPER_24,3550000,181,17,12,210,95,86
SUPER_24,3560000,302,19,33,354,145,157
SUPER_24,3570000,201,14,19,234,106,95
SUPER_24,3580000,24,1,1,26,17,7
SUPER_24,3590000,12,2,2,16,8,4
SUPER_24,3600000,25,4,2,31,11,14
SUPER_24,3610000,172,9,14,195,98,74
SUPER_24,3620000,217,11,20,248,115,102
SUPER_24,3630000,115,8,14,137,62,53
SUPER_24,3640000,298,26,29,353,141,157
SUPER_24,3650000,202,19,11,232,103,99
SUPER_24,3660000,161,12,17,190,83,78
SUPER_24,3670000,56,4,2,62,31,25
SUPER_24,3680000,147,10,16,173,77,70
SUPER_24,3690000,147,15,14,176,80,67
SUPER_24,3700000,1,1,1,3,1,0
SUPER_24,3710000,5,0,2,7,3,2
SUPER_24,3720000,213,15,18,246,110,103
SUPER_24,3730000,215,14,15,244,116,99
SUPER_24,3740000,123,11,10,144,61,62
SUPER_24,3750000,22,4,4,30,11,11
SUPER_24,3760000,24,1,2,27,13,11
SUPER_24,3770000,5,0,0,5,0,5
SUPER_24,3780000,303,20,20,343,164,139
SUPER_24,3790000,82,6,5,93,41,41
SUPER_24,3800000,84,4,8,96,41,43
SUPER_24,3810000,116,5,8,129,71,45
SUPER_24,3820000,252,19,22,293,139,113
SUPER_24,3830000,261,11,19,291,141,120
SUPER_24,3840000,265,26,26,317,143,122
SUPER_24,3850000,230,19,20,269,127,103
SUPER_24,3860000,52,2,8,62,24,28
SUPER_24,3870000,48,5,6,59,22,26
SUPER_24,3880000,67,5,6,78,33,34
SUPER_24,3890000,20,0,2,22,10,10
SUPER_24,3900000,71,4,10,85,35,36
SUPER_24,3910000,130,12,8,150,62,68
SUPER_24,3920000,110,6,13,129,62,48
SUPER_24,3930000,280,22,22,324,145,135
SUPER_24,3940000,211,20,18,249,98,113
SUPER_24,3950000,103,12,16,131,54,49
SUPER_24,3960000,160,14,19,193,76,84
SUPER_24,3970000,139,13,17,169,67,72
SUPER_24,3980000,139,11,7,157,88,51
SUPER_24,3990000,1,1,0,2,1,0
SUPER_24,4000000,86,4,11,101,49,37
SUPER_24,4010000,218,16,16,250,119,99
SUPER_24,4020000,30,0,3,33,12,18
SUPER_24,4030000,207,16,24,247,97,110
SUPER_24,4040000,82,5,8,95,55,27
SUPER_24,4050000,182,15,8,205,87,95
SUPER_24,4060000,216,16,24,256,110,106
SUPER_24,4070000,130,8,12,150,66,64
SUPER_24,4080000,267,31,25,323,141,126
SUPER_24,4090000,285,31,32,348,135,150
SUPER_24,4100000,283,12,25,320,144,139
SUPER_24,4110000,212,19,26,257,113,99
SUPER_24,4120000,8,1,2,11,5,3
SUPER_24,4130000,94,5,7,106,51,43
SUPER_24,4140000,72,3,8,83,41,31
SUPER_24,4150000,276,19,29,324,145,131
SUPER_24,4160000,247,17,19,283,109,138
SUPER_24,4170000,273,28,27,328,139,134
SUPER_24,4180000,150,16,15,181,72,78
SUPER_24,4190000,187,25,15,227,83,104
SUPER_24,4200000,248,25,16,289,119,129
SUPER_24,4210000,246,24,27,297,128,118
SUPER_24,4220000,248,19,24,291,119,129
SUPER_24,4230000,189,20,18,227,98,91
SUPER_24,4240000,109,8,8,125,59,50
SUPER_24,4250000,144,8,12,164,75,69
SUPER_24,4260000,234,20,15,269,114,120
SUPER_24,4270000,256,26,24,306,121,135
SUPER_24,4280000,171,14,22,207,87,84
SUPER_24,4290000,137,9,22,168,60,77
SUPER_24,4300000,109,11,14,134,53,56
SUPER_24,4310000,124,8,16,148,70,54
SUPER_24,4320000,235,20,24,279,116,119
SUPER_24,4330000,206,22,18,246,107,99
SUPER_24,4340000,242,20,23,285,120,122
SUPER_24,4350000,259,23,23,305,131,128
SUPER_24,4360000,146,14,15,175,74,72
SUPER_24,4370000,215,13,15,243,106,109
SUPER_24,4380000,194,20,29,243,93,101
SUPER_24,4390000,238,21,24,283,111,127
SUPER_24,4400000,286,21,18,325,151,135
SUPER_24,4410000,116,7,15,138,58,58
SUPER_24,4420000,105,18,12,135,50,55
SUPER_24,4430000,275,24,34,333,133,142
SUPER_24,4440000,127,15,10,152,63,64
SUPER_24,4450000,158,15,14,187,77,81
SUPER_24,4460000,1,1,1,3,1,0
SUPER_24,4470000,84,14,7,105,48,36
SUPER_24,4480000,238,25,26,289,117,121
SUPER_24,4490000,127,9,16,152,75,52
SUPER_24,4500000,160,7,6,173,93,67
SUPER_24,4510000,187,22,14,223,90,97
SUPER_24,4520000,217,30,23,270,107,110
SUPER_24,4530000,238,23,18,279,117,121
SUPER_24,4540000,31,3,2,36,17,14
SUPER_24,4550000,206,17,24,247,109,97
SUPER_24,4560000,288,19,27,334,149,139
SUPER_24,4570000,306,25,29,360,152,154
SUPER_24,4580000,251,20,27,298,121,130
SUPER_24,4590000,279,21,23,323,151,128
SUPER_24,4600000,225,22,22,269,121,104
SUPER_24,4610000,150,6,14,170,82,68
SUPER_24,4620000,87,5,9,101,42,45
SUPER_24,4630000,144,6,14,164,66,78
SUPER_24,4640000,147,11,9,167,71,76
SUPER_24,4650000,98,8,13,119,48,50
SUPER_24,4660000,246,18,22,286,120,126
SUPER_24,4670000,260,11,19,290,138,122
SUPER_24,4680000,46,4,4,54,29,17
SUPER_24,4690000,31,4,3,38,11,20
SUPER_24,4700000,177,12,15,204,89,88
SUPER_24,4710000,279,27,32,338,144,135
SUPER_24,4720000,283,28,31,342,137,146
SUPER_24,4730000,104,8,8,120,48,56
SUPER_24,4740000,279,23,22,324,145,134
SUPER_24,4750000,164,4,16,184,75,89
SUPER_24,4760000,204,11,14,229,100,104
SUPER_24,4770000,69,3,10,82,25,44
SUPER_24,4780000,232,13,16,261,113,119
SUPER_24,4790000,295,20,25,340,152,143
SUPER_24,4800000,142,10,14,166,58,84
SUPER_24,4810000,117,8,6,131,62,55
SUPER_24,4820000,217,13,19,249,110,107
SUPER_24,4830000,104,12,3,119,54,50
SUPER_24,4840000,162,12,15,189,75,87
SUPER_24,4850000,158,9,12,179,84,74
SUPER_24,4860000,126,8,10,144,59,67
SUPER_24,4870000,250,22,22,294,131,119
SUPER_24,4880000,199,19,16,234,91,108
SUPER_24,4890000,202,20,29,251,102,100
SUPER_24,4900000,240,23,24,287,125,115
SUPER_24,4910000,302,20,18,340,152,150
SUPER_24,4920000,122,9,8,139,62,60
SUPER_24,4930000,270,21,26,317,134,136
SUPER_24,4940000,324,34,27,385,147,177
SUPER_24,4950000,242,17,30,289,114,128
SUPER_24,4960000,293,31,20,344,140,153
SUPER_24,4970000,114,11,7,132,46,68
SUPER_24,4980000,207,19,19,245,103,104
SUPER_24,4990000,187,16,14,217,87,100
SUPER_24,5000000,114,11,12,137,58,56
SUPER_24,5010000,98,5,10,113,49,49
SUPER_24,5020000,26,0,2,28,12,14
SUPER_24,5030000,101,6,7,114,56,45
SUPER_24,5040000,145,7,16,168,74,71
SUPER_24,5050000,82,7,6,95,42,40
SUPER_24,5060000,187,19,22,228,94,93
SUPER_24,5070000,225,15,24,264,115,110
SUPER_24,5080000,19,1,2,22,8,11
SUPER_24,5090000,181,15,20,216,86,95
SUPER_24,5100000,243,27,26,296,122,121
SUPER_24,5110000,42,4,4,50,27,15
SUPER_24,5120000,141,12,4,157,81,60
SUPER_24,5130000,171,12,14,197,91,80
SUPER_24,5140000,314,21,34,369,149,165
SUPER_24,5150000,363,14,31,408,189,174
SUPER_24,5160000,182,8,14,204,105,77
SUPER_24,5170000,36,5,3,44,16,20
SUPER_24,5180000,187,10,15,212,100,87
SUPER_24,5190000,69,5,8,82,34,35
SUPER_24,5200000,135,12,18,165,79,56
SUPER_24,5210000,121,9,7,137,60,61
SUPER_24,5220000,115,12,8,135,48,67
SUPER_24,5230000,215,16,16,247,131,84
SUPER_24,5240000,260,17,21,298,138,122
SUPER_24,5250000,188,17,20,225,78,110
SUPER_24,5260000,36,8,3,47,13,23
SUPER_24,5270000,19,3,1,23,10,9
SUPER_24,5280000,34,2,5,41,21,13
SUPER_24,5290000,214,25,24,263,111,103
SUPER_24,5300000,206,15,17,238,107,99
SUPER_24,5310000,108,20,15,143,57,51
SUPER_24,5320000,188,24,22,234,90,98
SUPER_24,5330000,59,6,6,71,28,31
SUPER_24,5340000,151,20,16,187,76,75
SUPER_24,5350000,135,8,11,154,65,70
SUPER_24,5360000,167,21,6,194,99,68
SUPER_24,5370000,80,1,8,89,37,43
SUPER_24,5380000,125,11,8,144,68,57
SUPER_24,5390000,30,1,0,31,22,8
SUPER_24,5400000,116,3,14,133,60,56
SUPER_24,5410000,90,7,8,105,55,35
SUPER_24,5420000,27,5,5,37,15,12
SUPER_24,5430000,119,8,11,138,68,51
SUPER_24,5440000,53,3,6,62,27,26
SUPER_24,5450000,177,19,21,217,93,84
SUPER_24,5460000,351,18,19,388,179,172
SUPER_24,5470000,158,5,21,184,88,70
SUPER_24,5480000,0,0,0,0,0,0
SUPER_24,5490000,0,0,0,0,0,0
SUPER_24,5500000,0,0,0,0,0,0
SUPER_24,5510000,0,0,0,0,0,0
SUPER_24,5520000,0,0,0,0,0,0
SUPER_24,5530000,0,0,0,0,0,0
SUPER_24,5540000,0,0,0,0,0,0
SUPER_24,5550000,408,24,31,463,213,195
SUPER_24,5560000,161,14,17,192,83,78
SUPER_24,5570000,132,11,9,152,77,55
SUPER_24,5580000,253,21,13,287,121,132
SUPER_24,5590000,215,18,21,254,97,118
SUPER_24,5600000,189,27,22,238,108,81
SUPER_24,5610000,104,11,13,128,51,53
SUPER_24,5620000,36,3,3,42,12,24
SUPER_24,5630000,1,0,0,1,0,1
SUPER_24,5640000,89,8,2,99,46,43
SUPER_24,5650000,266,20,37,323,124,142
SUPER_24,5660000,218,16,23,257,109,109
SUPER_24,5670000,293,32,28,353,134,159
SUPER_24,5680000,299,19,22,340,140,159
SUPER_24,5690000,144,10,11,165,76,68
SUPER_24,5700000,40,7,1,48,18,22
SUPER_24,5710000,61,2,3,66,35,26
SUPER_24,5720000,38,2,2,42,17,21
SUPER_24,5730000,175,10,16,201,91,84
SUPER_24,5740000,201,16,13,230,102,99
SUPER_24,5750000,164,16,16,196,83,81
SUPER_24,5760000,207,17,24,248,109,98
SUPER_24,5770000,144,13,11,168,76,68
SUPER_24,5780000,286,20,25,331,147,139
SUPER_24,5790000,272,16,25,313,133,139
SUPER_24,5800000,296,17,39,352,142,154
SUPER_24,5810000,302,24,23,349,161,141
SUPER_24,5820000,170,14,12,196,100,70
SUPER_24,5830000,172,18,14,204,88,84
SUPER_24,5840000,21,1,4,26,14,7
SUPER_24,5850000,81,3,9,93,46,35
SUPER_24,5860000,82,7,6,95,32,50
SUPER_24,5870000,80,10,6,96,44,36
SUPER_24,5880000,128,12,10,150,63,65
SUPER_24,5890000,59,8,5,72,29,30
SUPER_24,5900000,206,15,15,236,93,113
SUPER_24,5910000,236,16,42,294,118,118
SUPER_24,5920000,153,20,16,189,77,76
SUPER_24,5930000,43,2,0,45,21,22
SUPER_24,5940000,19,3,2,24,11,8
SUPER_24,5950000,74,9,13,96,37,37
SUPER_24,5960000,248,23,16,287,115,133
SUPER_24,5970000,239,15,23,277,143,96
SUPER_24,5980000,129,13,7,149,78,51
SUPER_24,5990000,86,3,8,97,41,45
SUPER_24,6000000,236,23,22,281,114,122
SUPER_24,6010000,268,35,20,323,146,122
SUPER_24,6020000,181,16,10,207,94,87
SUPER_24,6030000,293,23,32,348,135,158
SUPER_24,6040000,255,32,22,309,129,126
SUPER_24,6050000,315,17,37,369,157,158
SUPER_24,6060000,30,2,4,36,14,16
SUPER_24,6070000,193,14,12,219,85,108
SUPER_24,6080000,261,19,25,305,137,124
SUPER_24,6090000,142,20,9,171,58,84
SUPER_24,6100000,203,24,24,251,99,104
SUPER_24,6110000,210,15,18,243,110,100
SUPER_24,6120000,273,25,23,321,136,137
SUPER_24,6130000,129,11,10,150,75,54
SUPER_24,6140000,133,10,13,156,59,74
SUPER_24,6150000,283,17,33,333,148,135
SUPER_24,6160000,194,28,15,237,97,97
SUPER_24,6170000,52,2,4,58,26,26
SUPER_24,6180000,40,1,4,45,17,23
SUPER_24,6190000,100,7,6,113,46,54
SUPER_24,6200000,231,24,26,281,119,112
SUPER_24,6210000,140,12,10,162,56,84
SUPER_24,6220000,193,16,13,222,110,83
SUPER_24,6230000,73,5,6,84,38,35
SUPER_24,6240000,109,8,11,128,62,47
SUPER_24,6250000,56,2,1,59,34,22
SUPER_24,6260000,84,2,5,91,31,53
SUPER_24,6270000,1,0,0,1,1,0
SUPER_24,6280000,60,5,2,67,36,24
SUPER_24,6290000,47,3,2,52,25,22
SUPER_24,6300000,9,0,0,9,4,5
SUPER_24,6310000,32,5,2,39,22,10
SUPER_24,6320000,9,0,1,10,4,5
SUPER_24,6330000,32,5,6,43,14,18
SUPER_24,6340000,266,21,23,310,142,124
SUPER_24,6350000,333,22,34,389,174,159
SUPER_24,6360000,137,10,10,157,72,65
SUPER_24,6370000,110,7,13,130,73,37
SUPER_24,6380000,42,2,5,49,25,17
SUPER_24,6390000,127,7,8,142,74,53
SUPER_24,6400000,58,2,3,63,31,27
SUPER_24,6410000,166,12,11,189,76,90
SUPER_24,6420000,179,16,27,222,86,93
SUPER_24,6430000,132,16,19,167,59,73
SUPER_24,6440000,110,16,7,133,64,46
SUPER_24,6450000,85,5,7,97,35,50
SUPER_24,6460000,111,12,17,140,58,53
SUPER_24,6470000,143,6,10,159,82,61
SUPER_24,6480000,169,15,18,202,89,80
SUPER_24,6490000,173,11,16,200,93,80
SUPER_24,6500000,139,10,7,156,72,67
SUPER_24,6510000,220,22,25,267,115,105
SUPER_24,6520000,98,8,7,113,52,46
SUPER_24,6530000,35,2,1,38,20,15
SUPER_24,6540000,72,7,2,81,40,32
SUPER_24,6550000,95,9,4,108,43,52
SUPER_24,6560000,29,1,2,32,16,13
SUPER_24,6570000,66,1,3,70,45,21
SUPER_24,6580000,198,9,15,222,101,97
SUPER_24,6590000,135,14,17,166,82,53
SUPER_24,6600000,98,14,6,118,53,45
SUPER_24,6610000,256,19,29,304,113,143
SUPER_24,6620000,285,29,26,340,133,152
SUPER_24,6630000,276,27,20,323,135,141
SUPER_24,6640000,145,13,18,176,77,68
SUPER_24,6650000,103,9,12,124,38,65
SUPER_24,6660000,162,13,15,190,91,71
SUPER_24,6670000,0,0,0,0,0,0
SUPER_24,6680000,0,0,0,0,0,0
SUPER_24,6690000,0,0,0,0,0,0
SUPER_24,6700000,0,0,0,0,0,0
SUPER_24,6710000,131,15,9,155,69,62
SUPER_24,6720000,44,4,4,52,25,19
SUPER_24,6730000,235,13,21,269,117,118
SUPER_24,6740000,80,5,6,91,50,30
SUPER_24,6750000,55,5,9,69,34,21
SUPER_24,6760000,177,8,17,202,86,91
SUPER_24,6770000,49,4,2,55,28,21
SUPER_24,6780000,169,12,20,201,96,73
SUPER_24,6790000,288,23,31,342,135,153
SUPER_24,6800000,164,14,10,188,91,73
SUPER_24,6810000,108,9,7,124,59,49
SUPER_24,6820000,158,16,8,182,81,77
SUPER_24,6830000,159,11,7,177,82,77
SUPER_24,6840000,236,14,16,266,115,121
SUPER_24,6850000,210,26,20,256,93,117
SUPER_24,6860000,242,26,19,287,111,131
SUPER_24,6870000,96,12,12,120,46,50
SUPER_24,6880000,77,5,6,88,41,36
SUPER_24,6890000,135,12,11,158,71,64
SUPER_24,6900000,39,1,1,41,23,16
SUPER_24,6910000,57,7,4,68,26,31
SUPER_24,6920000,236,13,20,269,132,104
SUPER_24,6930000,257,18,13,288,111,146
SUPER_24,6940000,77,6,10,93,33,44
SUPER_24,6950000,96,9,12,117,41,55
SUPER_24,6960000,211,12,16,239,111,100
SUPER_24,6970000,44,4,3,51,20,24
SUPER_24,6980000,62,7,4,73,34,28
SUPER_24,6990000,79,10,11,100,44,35
SUPER_24,7000000,119,3,10,132,63,56
SUPER_24,7010000,46,4,5,55,27,19
SUPER_24,7020000,115,6,14,135,58,57
SUPER_24,7030000,152,14,13,179,68,84
SUPER_24,7040000,252,20,20,292,132,120
SUPER_24,7050000,231,10,14,255,106,125
SUPER_24,7060000,147,9,16,172,75,72
SUPER_24,7070000,49,3,2,54,24,25
SUPER_24,7080000,156,15,20,191,86,70
SUPER_24,7090000,262,28,27,317,136,126
SUPER_24,7100000,289,30,31,350,133,156
SUPER_24,7110000,76,9,3,88,42,34
SUPER_24,7120000,142,13,23,178,65,77
SUPER_24,7130000,119,9,9,137,60,59
SUPER_24,7140000,113,4,8,125,70,43
SUPER_24,7150000,209,16,24,249,103,106
SUPER_24,7160000,56,5,10,71,26,30
SUPER_24,7170000,70,3,6,79,29,41
SUPER_24,7180000,44,4,1,49,29,15
SUPER_24,7190000,62,8,5,75,42,20
SUPER_24,7200000,117,8,14,139,59,58
SUPER_24,7210000,153,6,9,168,77,76
SUPER_24,7220000,129,6,11,146,68,61
SUPER_24,7230000,34,2,1,37,19,15
SUPER_24,7240000,88,4,3,95,43,45
SUPER_24,7250000,84,10,9,103,42,42
SUPER_24,7260000,130,11,7,148,69,61
SUPER_24,7270000,57,8,10,75,32,25
SUPER_24,7280000,155,18,13,186,75,80
SUPER_24,7290000,198,9,23,230,98,100
SUPER_24,7300000,231,14,17,262,120,111
SUPER_24,7310000,174,12,8,194,86,88
SUPER_24,7320000,251,21,18,290,138,113
SUPER_24,7330000,93,10,12,115,50,43
SUPER_24,7340000,95,3,6,104,55,40
SUPER_24,7350000,0,0,0,0,0,0
SUPER_24,7360000,0,0,0,0,0,0
SUPER_24,7370000,254,14,15,283,130,124
SUPER_24,7380000,57,2,8,67,30,27
SUPER_24,7390000,205,8,7,220,103,102
SUPER_24,7400000,111,4,8,123,68,43
SUPER_24,7410000,132,8,11,151,66,66
SUPER_24,7420000,181,9,15,205,105,76
SUPER_24,7430000,98,9,7,114,56,42
SUPER_24,7440000,261,20,16,297,120,141
SUPER_24,7450000,270,24,15,309,139,131
SUPER_24,7460000,34,0,4,38,18,16
SUPER_24,7470000,104,3,5,112,51,53
SUPER_24,7480000,59,5,4,68,29,30
SUPER_24,7490000,197,14,12,223,111,86
SUPER_24,7500000,23,2,2,27,16,7
SUPER_24,7510000,9,3,1,13,5,4
SUPER_24,7520000,115,7,7,129,65,50
SUPER_24,7530000,49,6,3,58,18,31
SUPER_24,7540000,154,8,11,173,83,71
SUPER_24,7550000,99,5,10,114,59,40
SUPER_24,7560000,0,0,0,0,0,0
SUPER_24,7570000,0,0,0,0,0,0
SUPER_24,7580000,0,0,0,0,0,0
SUPER_24,7590000,0,0,0,0,0,0
SUPER_24,7600000,0,0,0,0,0,0
SUPER_24,7610000,39,3,1,43,25,14
SUPER_24,7620000,0,0,0,0,0,0
SUPER_24,7630000,0,0,0,0,0,0
SUPER_24,7640000,0,0,0,0,0,0
SUPER_24,7650000,0,0,0,0,0,0
SUPER_24,7660000,0,0,0,0,0,0
SUPER_24,7670000,0,0,0,0,0,0
SUPER_24,7680000,0,0,0,0,0,0
SUPER_24,7690000,0,0,0,0,0,0
SUPER_24,7700000,0,0,0,0,0,0
SUPER_24,7710000,0,0,0,0,0,0
SUPER_24,7720000,0,0,0,0,0,0
SUPER_24,7730000,79,11,7,97,31,48
SUPER_24,7740000,23,1,3,27,15,8
SUPER_24,7750000,54,5,4,63,20,34
SUPER_24,7760000,189,10,15,214,109,80
SUPER_24,7770000,141,10,10,161,65,76
SUPER_24,7780000,233,20,21,274,117,116
SUPER_24,7790000,37,5,6,48,12,25
SUPER_24,7800000,78,4,9,91,48,30
SUPER_24,7810000,217,25,22,264,113,104
SUPER_24,7820000,178,13,12,203,80,98
SUPER_24,7830000,59,3,6,68,24,35
SUPER_24,7840000,148,10,14,172,69,79
SUPER_24,7850000,216,19,32,267,107,109
SUPER_24,7860000,300,17,25,342,160,140
SUPER_24,7870000,189,11,16,216,95,94
SUPER_24,7880000,59,4,6,69,32,27
SUPER_24,7890000,95,13,4,112,46,49
SUPER_24,7900000,258,16,15,289,131,127
SUPER_24,7910000,69,2,13,84,35,34
SUPER_24,7920000,48,2,6,56,26,22
SUPER_24,7930000,42,1,4,47,24,18
SUPER_24,7940000,56,3,5,64,29,27
SUPER_24,7950000,24,3,0,27,14,10
SUPER_24,7960000,68,3,5,76,34,34
SUPER_24,7970000,44,3,1,48,25,19
SUPER_24,7980000,137,15,5,157,56,81
SUPER_24,7990000,0,0,0,0,0,0
SUPER_24,8000000,0,0,0,0,0,0
SUPER_24,8010000,301,25,15,341,147,154
SUPER_24,8020000,7,0,0,7,3,4
SUPER_24,8030000,113,3,7,123,70,43
SUPER_24,8040000,162,11,20,193,82,80
SUPER_24,8050000,204,23,11,238,96,108
SUPER_24,8060000,71,5,6,82,43,28
SUPER_24,8070000,91,3,7,101,50,41
SUPER_24,8080000,120,13,14,147,60,60
SUPER_24,8090000,96,3,4,103,45,51
SUPER_24,8100000,168,12,14,194,81,87
SUPER_24,8110000,67,3,9,79,38,29
SUPER_24,8120000,125,6,4,135,66,59
SUPER_24,8130000,175,9,12,196,91,84
SUPER_24,8140000,109,5,7,121,52,57
SUPER_24,8150000,141,11,10,162,70,71
SUPER_24,8160000,83,2,8,93,45,38
SUPER_24,8170000,167,10,15,192,69,98
SUPER_24,8180000,79,4,5,88,46,33
SUPER_24,8190000,216,16,8,240,114,102
SUPER_24,8200000,44,4,5,53,31,13
SUPER_24,8210000,56,6,3,65,33,23
SUPER_24,8220000,315,25,24,364,151,164
SUPER_24,8230000,111,10,13,134,68,43
SUPER_24,8240000,227,18,11,256,116,111
SUPER_24,8250000,237,18,21,276,123,114
SUPER_24,8260000,36,1,6,43,19,17
SUPER_24,8270000,17,1,0,18,10,7
SUPER_24,8280000,82,8,6,96,44,38
SUPER_24,8290000,11,3,0,14,5,6
SUPER_24,8300000,141,11,8,160,79,62
SUPER_24,8310000,104,11,8,123,46,58
SUPER_24,8320000,124,7,11,142,64,60
SUPER_24,8330000,237,14,24,275,114,123
SUPER_24,8340000,221,16,23,260,120,101
SUPER_24,8350000,180,18,15,213,91,89
SUPER_24,8360000,178,9,15,202,95,83
SUPER_24,8370000,67,7,9,83,33,34
SUPER_24,8380000,171,18,26,215,83,88
SUPER_24,8390000,296,16,25,337,145,151
SUPER_24,8400000,224,13,11,248,106,118
SUPER_24,8410000,116,6,11,133,58,58
SUPER_24,8420000,80,3,4,87,48,32
SUPER_24,8430000,174,11,11,196,90,84
SUPER_24,8440000,38,3,4,45,20,18
SUPER_24,8450000,111,11,5,127,56,55
SUPER_24,8460000,185,19,17,221,95,90
SUPER_24,8470000,0,0,0,0,0,0
SUPER_24,8480000,0,0,0,0,0,0
SUPER_24,8490000,224,17,10,251,135,89
SUPER_24,8500000,127,7,14,148,66,61
SUPER_24,8510000,260,18,17,295,130,130
SUPER_24,8520000,209,17,21,247,104,105
SUPER_24,8530000,59,4,4,67,30,29
SUPER_24,8540000,173,16,15,204,92,81
SUPER_24,8550000,282,21,32,335,145,137
SUPER_24,8560000,301,21,25,347,163,138
SUPER_24,8570000,90,5,12,107,41,49
SUPER_24,8580000,180,11,13,204,97,83
SUPER_24,8590000,231,25,19,275,113,118
SUPER_24,8600000,64,8,4,76,36,28
SUPER_24,8610000,113,10,10,133,64,49
SUPER_24,8620000,300,26,23,349,144,156
SUPER_24,8630000,322,24,22,368,175,147
SUPER_24,8640000,320,28,35,383,162,158
SUPER_24,8650000,118,12,9,139,66,52
SUPER_24,8660000,250,18,21,289,133,117
SUPER_24,8670000,185,16,17,218,81,104
SUPER_24,8680000,238,13,17,268,127,111
SUPER_24,8690000,333,25,24,382,179,154
SUPER_24,8700000,62,4,3,69,33,29
SUPER_24,8710000,76,9,5,90,42,34
SUPER_24,8720000,75,4,11,90,31,44
SUPER_24,8730000,138,16,9,163,79,59
SUPER_24,8740000,293,26,27,346,144,149
SUPER_24,8750000,224,15,16,255,114,110
SUPER_24,8760000,129,8,12,149,61,68
SUPER_24,8770000,1,0,0,1,0,1
SUPER_24,8780000,115,5,17,137,60,55
SUPER_24,8790000,97,6,5,108,63,34
SUPER_24,8800000,178,17,12,207,78,100
SUPER_24,8810000,178,17,19,214,84,94
SUPER_24,8820000,95,6,6,107,51,44
SUPER_24,8830000,114,8,9,131,60,54
SUPER_24,8840000,204,14,13,231,104,100
SUPER_24,8850000,88,1,10,99,47,41
SUPER_24,8860000,186,19,22,227,96,90
SUPER_24,8870000,203,14,19,236,107,96
SUPER_24,8880000,33,1,1,35,21,12
SUPER_24,8890000,32,5,3,40,19,13
SUPER_24,8900000,86,5,8,99,48,38
SUPER_24,8910000,130,6,6,142,72,58
SUPER_24,8920000,237,17,24,278,111,126
SUPER_24,8930000,291,20,23,334,159,132
SUPER_24,8940000,174,19,19,212,78,96
SUPER_24,8950000,142,9,7,158,78,64
SUPER_24,8960000,149,4,11,164,81,68
SUPER_24,8970000,157,11,16,184,81,76
SUPER_24,8980000,160,13,14,187,90,70
SUPER_24,8990000,109,12,8,129,60,49
SUPER_24,9000000,111,11,4,126,65,46
SUPER_24,9010000,36,1,3,40,18,18
SUPER_24,9020000,88,5,5,98,51,37
SUPER_24,9030000,144,12,14,170,74,70
SUPER_24,9040000,294,20,28,342,152,142
SUPER_24,9050000,328,25,22,375,171,157
SUPER_24,9060000,98,11,17,126,44,54
SUPER_24,9070000,93,10,12,115,43,50
SUPER_24,9080000,133,18,9,160,70,63
SUPER_24,9090000,217,15,24,256,92,125
SUPER_24,9100000,26,2,3,31,17,9
SUPER_24,9110000,47,1,2,50,19,28
SUPER_24,9120000,222,20,20,262,95,127
SUPER_24,9130000,75,3,1,79,35,40
SUPER_24,9140000,58,5,9,72,37,21
SUPER_24,9150000,204,24,13,241,102,102
SUPER_24,9160000,232,24,29,285,110,122
SUPER_24,9170000,157,11,10,178,85,72
SUPER_24,9180000,170,9,13,192,88,82
SUPER_24,9190000,129,10,15,154,68,61
SUPER_24,9200000,146,11,5,162,72,74
SUPER_24,9210000,126,9,9,144,64,62
SUPER_24,9220000,157,7,8,172,83,74
SUPER_24,9230000,234,14,14,262,121,113
SUPER_24,9240000,91,13,10,114,40,51
SUPER_24,9250000,24,6,3,33,13,11
SUPER_24,9260000,126,10,8,144,75,51
SUPER_24,9270000,249,21,18,288,133,116
SUPER_24,9280000,174,10,14,198,86,88
SUPER_24,9290000,79,1,13,93,50,29
SUPER_24,9300000,133,12,15,160,71,62
SUPER_24,9310000,59,3,11,73,30,29
SUPER_24,9320000,237,13,20,270,130,107
SUPER_24,9330000,275,28,15,318,145,130
SUPER_24,9340000,185,16,18,219,84,101
SUPER_24,9350000,286,20,21,327,132,154
SUPER_24,9360000,271,18,20,309,140,131
SUPER_24,9370000,222,15,20,257,116,106
SUPER_24,9380000,135,10,13,158,66,69
SUPER_24,9390000,82,13,9,104,44,38
SUPER_24,9400000,136,11,9,156,76,60
SUPER_24,9410000,126,17,16,159,71,55
SUPER_24,9420000,141,3,9,153,71,70
SUPER_24,9430000,174,12,8,194,96,78
SUPER_24,9440000,158,16,12,186,86,72
SUPER_24,9450000,181,14,22,217,96,85
SUPER_24,9460000,250,20,14,284,126,124
SUPER_24,9470000,218,21,24,263,105,113
SUPER_24,9480000,226,17,16,259,122,104
SUPER_24,9490000,137,13,16,166,84,53
SUPER_24,9500000,105,7,8,120,53,52
SUPER_24,9510000,61,1,3,65,40,21
SUPER_24,9520000,88,7,11,106,54,34
SUPER_24,9530000,134,12,15,161,68,66
SUPER_24,9540000,209,25,23,257,120,89
SUPER_24,9550000,128,9,8,145,62,66
SUPER_24,9560000,103,15,13,131,47,56
SUPER_24,9570000,253,22,21,296,122,131
SUPER_24,9580000,213,22,18,253,116,97
SUPER_24,9590000,81,1,11,93,35,46
SUPER_24,9600000,0,0,0,0,0,0
SUPER_24,9610000,0,0,0,0,0,0
SUPER_24,9620000,0,0,0,0,0,0
SUPER_24,9630000,105,6,7,118,66,39
SUPER_24,9640000,95,20,6,121,52,43
SUPER_24,9650000,96,5,9,110,53,43
SUPER_24,9660000,7,0,0,7,3,4
SUPER_24,9670000,54,7,7,68,31,23
SUPER_24,9680000,69,10,5,84,38,31
SUPER_24,9690000,21,0,3,24,15,6
SUPER_24,9700000,3,0,0,3,2,1
SUPER_24,9710000,3,0,0,3,2,1
SUPER_24,9720000,6,0,1,7,3,3
SUPER_24,9730000,34,3,3,40,9,25
SUPER_24,9740000,14,3,3,20,7,7
SUPER_24,9750000,12,3,0,15,4,8
SUPER_24,9760000,4,2,0,6,3,1
SUPER_24,9770000,0,0,0,0,0,0
SUPER_24,9780000,0,0,0,0,0,0
SUPER_24,9790000,3,1,0,4,0,3
SUPER_24,9800000,1,0,0,1,0,1
SUPER_24,9810000,2,0,0,2,1,1
SUPER_24,9820000,20,0,0,20,13,7
SUPER_25,10000,21,15,8,44,9,12
SUPER_25,20000,0,0,2,2,0,0
SUPER_25,30000,0,0,0,0,0,0
SUPER_25,40000,0,0,0,0,0,0
SUPER_25,50000,47,7,3,57,25,22
SUPER_25,60000,100,3,7,110,48,52
SUPER_25,70000,260,22,26,308,121,139
SUPER_25,80000,183,20,20,223,93,90
SUPER_25,90000,253,13,18,284,128,125
SUPER_25,100000,51,5,4,60,32,19
SUPER_25,110000,170,14,13,197,93,77
SUPER_25,120000,253,25,13,291,128,125
SUPER_25,130000,294,23,24,341,123,171
SUPER_25,140000,225,17,18,260,127,98
SUPER_25,150000,145,6,17,168,71,74
SUPER_25,160000,36,2,2,40,17,19
SUPER_25,170000,0,0,0,0,0,0
SUPER_25,180000,0,0,0,0,0,0
SUPER_25,190000,0,0,0,0,0,0
SUPER_25,200000,150,16,10,176,79,71
SUPER_25,210000,108,8,11,127,60,48
SUPER_25,220000,167,6,18,191,93,74
SUPER_25,230000,261,22,17,300,137,124
SUPER_25,240000,247,18,22,287,125,122
SUPER_25,250000,153,9,11,173,85,68
SUPER_25,260000,36,2,4,42,17,19
SUPER_25,270000,96,3,10,109,48,48
SUPER_25,280000,242,19,22,283,131,111
SUPER_25,290000,267,21,25,313,125,142
SUPER_25,300000,146,3,19,168,66,80
SUPER_25,310000,0,0,0,0,0,0
SUPER_25,320000,0,0,0,0,0,0
SUPER_25,330000,229,14,25,268,127,102
SUPER_25,340000,180,14,17,211,98,82
SUPER_25,350000,147,9,14,170,76,71
SUPER_25,360000,50,5,8,63,31,19
SUPER_25,370000,57,3,4,64,28,29
SUPER_25,380000,133,11,14,158,71,62
SUPER_25,390000,78,7,8,93,46,32
SUPER_25,400000,134,15,10,159,72,62
SUPER_25,410000,253,20,26,299,129,124
SUPER_25,420000,262,19,21,302,125,137
SUPER_25,430000,22,4,2,28,10,12
SUPER_25,440000,96,7,9,112,38,58
SUPER_25,450000,190,6,19,215,93,97
SUPER_25,460000,171,11,16,198,76,95
SUPER_25,470000,279,15,34,328,153,126
SUPER_25,480000,214,12,15,241,99,115
SUPER_25,490000,59,3,3,65,25,34
SUPER_25,500000,268,18,25,311,125,143
SUPER_25,510000,194,18,11,223,96,98
SUPER_25,520000,101,7,7,115,55,46
SUPER_25,530000,70,2,1,73,40,30
SUPER_25,540000,69,4,8,81,32,37
SUPER_25,550000,237,32,21,290,126,111
SUPER_25,560000,278,21,20,319,128,150
SUPER_25,570000,216,14,25,255,104,112
SUPER_25,580000,112,5,12,129,50,62
SUPER_25,590000,145,12,13,170,76,69
SUPER_25,600000,167,9,19,195,87,80
SUPER_25,610000,149,13,12,174,80,69
SUPER_25,620000,211,18,10,239,114,97
SUPER_25,630000,296,30,33,359,144,152
SUPER_25,640000,10,0,0,10,3,7
SUPER_25,650000,25,2,4,31,10,15
SUPER_25,660000,62,5,6,73,31,31
SUPER_25,670000,204,25,20,249,106,98
SUPER_25,680000,57,4,7,68,28,29
SUPER_25,690000,180,10,14,204,88,92
SUPER_25,700000,136,16,5,157,78,58
SUPER_25,710000,89,13,10,112,51,38
SUPER_25,720000,131,10,10,151,71,60
SUPER_25,730000,160,13,12,185,85,75
SUPER_25,740000,37,4,2,43,16,21
SUPER_25,750000,66,5,10,81,34,32
SUPER_25,760000,255,13,26,294,128,127
SUPER_25,770000,227,20,11,258,112,115
SUPER_25,780000,16,0,1,17,12,4
SUPER_25,790000,150,10,7,167,98,52
SUPER_25,800000,281,19,19,319,150,131
SUPER_25,810000,81,3,5,89,49,32
SUPER_25,820000,79,5,16,100,42,37
SUPER_25,830000,282,21,24,327,134,148
SUPER_25,840000,17,1,2,20,8,9
SUPER_25,850000,148,7,13,168,71,77
SUPER_25,860000,295,26,25,346,158,137
SUPER_25,870000,244,20,19,283,121,123
SUPER_25,880000,68,4,6,78,31,37
SUPER_25,890000,129,6,11,146,72,57
SUPER_25,900000,35,1,3,39,15,20
SUPER_25,910000,76,2,7,85,39,37
SUPER_25,920000,51,1,4,56,24,27
SUPER_25,930000,259,16,14,289,130,129
SUPER_25,940000,207,22,17,246,91,116
SUPER_25,950000,92,10,8,110,44,48
SUPER_25,960000,18,0,1,19,5,13
SUPER_25,970000,117,19,17,153,63,54
SUPER_25,980000,121,8,4,133,72,49
SUPER_25,990000,118,10,10,138,56,62
SUPER_25,1000000,129,10,22,161,57,72
SUPER_25,1010000,273,25,24,322,135,138
SUPER_25,1020000,154,12,11,177,75,79
SUPER_25,1030000,125,6,9,140,63,62
SUPER_25,1040000,124,15,18,157,59,65
SUPER_25,1050000,80,3,3,86,36,44
SUPER_25,1060000,94,4,3,101,53,41
SUPER_25,1070000,203,14,18,235,103,100
SUPER_25,1080000,268,24,15,307,132,136
SUPER_25,1090000,199,17,23,239,97,102
SUPER_25,1100000,33,2,5,40,16,17
SUPER_25,1110000,87,6,6,99,40,47
SUPER_25,1120000,169,10,11,190,97,72
SUPER_25,1130000,173,13,9,195,91,82
SUPER_25,1140000,66,4,4,74,40,26
SUPER_25,1150000,180,12,17,209,86,94
SUPER_25,1160000,215,18,18,251,96,119
SUPER_25,1170000,247,23,9,279,136,111
SUPER_25,1180000,260,16,24,300,134,126
SUPER_25,1190000,282,26,19,327,158,124
SUPER_25,1200000,275,18,25,318,146,129
SUPER_25,1210000,288,13,18,319,151,137
SUPER_25,1220000,197,14,15,226,100,97
SUPER_25,1230000,71,5,6,82,40,31
SUPER_25,1240000,26,3,4,33,14,12
SUPER_25,1250000,198,15,21,234,105,93
SUPER_25,1260000,188,15,11,214,89,99
SUPER_25,1270000,111,11,3,125,49,62
SUPER_25,1280000,32,2,5,39,23,9
SUPER_25,1290000,29,3,2,34,17,12
SUPER_25,1300000,73,6,8,87,45,28
SUPER_25,1310000,97,15,6,118,52,45
SUPER_25,1320000,45,1,6,52,19,26
SUPER_25,1330000,164,8,16,188,89,75
SUPER_25,1340000,224,13,19,256,113,111
SUPER_25,1350000,76,4,6,86,32,44
SUPER_25,1360000,117,7,5,129,56,61
SUPER_25,1370000,114,11,6,131,54,60
SUPER_25,1380000,199,20,19,238,91,108
SUPER_25,1390000,209,12,16,237,111,98
SUPER_25,1400000,234,20,20,274,125,109
SUPER_25,1410000,236,20,21,277,108,128
SUPER_25,1420000,179,14,9,202,89,90
SUPER_25,1430000,160,21,14,195,83,77
SUPER_25,1440000,94,5,6,105,49,45
SUPER_25,1450000,41,2,4,47,22,19
SUPER_25,1460000,51,5,4,60,35,16
SUPER_25,1470000,60,1,2,63,32,28
SUPER_25,1480000,78,7,5,90,33,45
SUPER_25,1490000,136,5,16,157,76,60
SUPER_25,1500000,0,0,0,0,0,0
SUPER_25,1510000,0,0,0,0,0,0
SUPER_25,1520000,240,15,29,284,121,119
SUPER_25,1530000,238,17,22,277,130,108
SUPER_25,1540000,77,4,10,91,40,37
SUPER_25,1550000,31,2,2,35,20,11
SUPER_25,1560000,56,5,8,69,27,29
SUPER_25,1570000,195,16,20,231,95,100
SUPER_25,1580000,39,3,1,43,27,12
SUPER_25,1590000,37,6,7,50,17,20
SUPER_25,1600000,219,17,26,262,122,97
SUPER_25,1610000,249,16,22,287,133,116
SUPER_25,1620000,81,4,9,94,39,42
SUPER_25,1630000,263,14,20,297,125,138
SUPER_25,1640000,219,26,26,271,109,110
SUPER_25,1650000,217,17,20,254,114,103
SUPER_25,1660000,270,16,10,296,128,142
SUPER_25,1670000,149,8,10,167,70,79
SUPER_25,1680000,267,25,23,315,123,144
SUPER_25,1690000,305,31,27,363,151,154
SUPER_25,1700000,275,26,21,322,129,146
SUPER_25,1710000,72,5,7,84,39,33
SUPER_25,1720000,178,14,14,206,89,89
SUPER_25,1730000,0,0,0,0,0,0
SUPER_25,1740000,0,0,0,0,0,0
SUPER_25,1750000,238,16,13,267,129,109
SUPER_25,1760000,17,5,3,25,5,12
SUPER_25,1770000,159,6,15,180,75,84
SUPER_25,1780000,318,15,17,350,162,156
SUPER_25,1790000,128,9,8,145,69,59
SUPER_25,1800000,199,16,8,223,90,109
SUPER_25,1810000,43,1,6,50,24,19
SUPER_25,1820000,226,17,20,263,113,113
SUPER_25,1830000,297,28,27,352,166,131
SUPER_25,1840000,290,26,23,339,154,136
SUPER_25,1850000,295,34,25,354,149,146
SUPER_25,1860000,24,0,3,27,15,9
SUPER_25,1870000,55,5,7,67,33,22
SUPER_25,1880000,166,11,18,195,89,77
SUPER_25,1890000,310,19,23,352,149,161
SUPER_25,1900000,199,26,9,234,102,97
SUPER_25,1910000,84,8,7,99,42,42
SUPER_25,1920000,183,17,25,225,97,86
SUPER_25,1930000,265,23,18,306,124,141
SUPER_25,1940000,73,4,8,85,41,32
SUPER_25,1950000,97,7,3,107,44,53
SUPER_25,1960000,66,5,5,76,28,38
SUPER_25,1970000,22,1,4,27,11,11
SUPER_25,1980000,0,0,0,0,0,0
SUPER_25,1990000,0,0,0,0,0,0
SUPER_25,2000000,194,17,18,229,98,96
SUPER_25,2010000,307,24,24,355,160,147
SUPER_25,2020000,311,21,29,361,145,166
SUPER_25,2030000,0,0,0,0,0,0
SUPER_25,2040000,0,0,0,0,0,0
SUPER_25,2050000,243,18,21,282,109,134
SUPER_25,2060000,101,6,6,113,53,48
SUPER_25,2070000,168,8,18,194,84,84
SUPER_25,2080000,80,4,3,87,36,44
SUPER_25,2090000,88,6,7,101,46,42
SUPER_25,2100000,56,8,3,67,31,25
SUPER_25,2110000,181,11,16,208,90,91
SUPER_25,2120000,294,21,21,336,151,143
SUPER_25,2130000,263,14,24,301,134,129
SUPER_25,2140000,269,16,22,307,136,133
SUPER_25,2150000,226,17,14,257,112,114
SUPER_25,2160000,311,28,28,367,158,153
SUPER_25,2170000,245,28,18,291,129,116
SUPER_25,2180000,119,10,12,141,65,54
SUPER_25,2190000,147,9,12,168,77,70
SUPER_25,2200000,144,11,24,179,72,72
SUPER_25,2210000,214,26,16,256,123,91
SUPER_25,2220000,256,26,31,313,123,133
SUPER_25,2230000,262,21,19,302,148,114
SUPER_25,2240000,101,11,9,121,52,49
SUPER_25,2250000,176,16,13,205,95,81
SUPER_25,2260000,39,4,3,46,24,15
SUPER_25,2270000,104,8,10,122,36,68
SUPER_25,2280000,176,13,18,207,83,93
SUPER_25,2290000,60,0,4,64,27,33
SUPER_25,2300000,171,14,10,195,80,91
SUPER_25,2310000,289,17,21,327,154,135
SUPER_25,2320000,272,24,14,310,136,136
SUPER_25,2330000,73,3,8,84,38,35
SUPER_25,2340000,94,8,8,110,36,58
SUPER_25,2350000,137,11,7,155,64,73
SUPER_25,2360000,234,20,15,269,123,111
SUPER_25,2370000,159,12,16,187,76,83
SUPER_25,2380000,63,6,9,78,35,28
SUPER_25,2390000,171,13,9,193,99,72
SUPER_25,2400000,39,4,5,48,21,18
SUPER_25,2410000,229,21,24,274,112,117
SUPER_25,2420000,142,9,15,166,78,64
SUPER_25,2430000,176,20,11,207,82,94
SUPER_25,2440000,111,10,14,135,60,51
SUPER_25,2450000,35,2,1,38,18,17
SUPER_25,2460000,113,15,10,138,70,43
SUPER_25,2470000,294,28,30,352,150,144
SUPER_25,2480000,274,24,18,316,152,122
SUPER_25,2490000,143,4,14,161,82,61
SUPER_25,2500000,109,4,10,123,62,47
SUPER_25,2510000,160,13,10,183,96,64
SUPER_25,2520000,62,3,6,71,26,36
SUPER_25,2530000,200,8,21,229,100,100
SUPER_25,2540000,273,22,22,317,133,140
SUPER_25,2550000,201,17,16,234,103,98
SUPER_25,2560000,87,10,13,110,48,39
SUPER_25,2570000,118,13,8,139,55,63
SUPER_25,2580000,98,10,19,127,52,46
SUPER_25,2590000,306,23,23,352,160,146
SUPER_25,2600000,265,19,26,310,141,124
SUPER_25,2610000,310,20,23,353,142,168
SUPER_25,2620000,260,23,26,309,113,147
SUPER_25,2630000,50,2,5,57,23,27
SUPER_25,2640000,145,14,17,176,59,86
SUPER_25,2650000,279,25,25,329,145,134
SUPER_25,2660000,289,21,23,333,139,150
SUPER_25,2670000,309,28,29,366,160,149
SUPER_25,2680000,306,30,29,365,166,140
SUPER_25,2690000,255,19,21,295,118,137
SUPER_25,2700000,212,14,17,243,113,99
SUPER_25,2710000,203,23,22,248,119,84
SUPER_25,2720000,272,20,24,316,148,124
SUPER_25,2730000,225,23,17,265,113,112
SUPER_25,2740000,199,20,12,231,99,100
SUPER_25,2750000,181,13,16,210,86,95
SUPER_25,2760000,206,23,13,242,109,97
SUPER_25,2770000,297,21,22,340,139,158
SUPER_25,2780000,73,2,2,77,42,31
SUPER_25,2790000,144,14,14,172,75,69
SUPER_25,2800000,92,6,9,107,54,38
SUPER_25,2810000,226,14,24,264,105,121
SUPER_25,2820000,181,20,14,215,89,92
SUPER_25,2830000,78,5,2,85,41,37
SUPER_25,2840000,117,9,8,134,66,51
SUPER_25,2850000,33,0,7,40,19,14
SUPER_25,2860000,63,3,7,73,29,34
SUPER_25,2870000,6,1,0,7,4,2
SUPER_25,2880000,87,13,12,112,48,39
SUPER_25,2890000,45,2,2,49,20,25
SUPER_25,2900000,90,7,10,107,45,45
SUPER_25,2910000,33,1,4,38,21,12
SUPER_25,2920000,25,3,11,39,14,11
SUPER_25,2930000,0,0,0,0,0,0
SUPER_25,2940000,0,0,0,0,0,0
SUPER_25,2950000,0,0,0,0,0,0
SUPER_25,2960000,0,0,0,0,0,0
SUPER_25,2970000,272,14,23,309,148,124
SUPER_25,2980000,0,0,0,0,0,0
SUPER_25,2990000,0,0,0,0,0,0
SUPER_25,3000000,132,6,12,150,72,60
SUPER_25,3010000,263,13,23,299,142,121
SUPER_25,3020000,55,5,4,64,28,27
SUPER_25,3030000,144,8,7,159,70,74
SUPER_25,3040000,158,8,15,181,71,87
SUPER_25,3050000,184,10,15,209,108,76
SUPER_25,3060000,145,11,11,167,78,67
SUPER_25,3070000,70,5,3,78,31,39
SUPER_25,3080000,197,20,15,232,98,99
SUPER_25,3090000,260,23,30,313,123,137
SUPER_25,3100000,66,6,2,74,36,30
SUPER_25,3110000,52,1,4,57,36,16
SUPER_25,3120000,210,25,12,247,106,104
SUPER_25,3130000,128,5,11,144,63,65
SUPER_25,3140000,104,13,9,126,51,53
SUPER_25,3150000,311,26,25,362,146,165
SUPER_25,3160000,214,18,24,256,103,111
SUPER_25,3170000,151,10,15,176,80,71
SUPER_25,3180000,224,9,15,248,106,118
SUPER_25,3190000,348,27,21,396,168,180
SUPER_25,3200000,122,8,13,143,69,53
SUPER_25,3210000,68,6,4,78,36,32
SUPER_25,3220000,160,15,6,181,83,77
SUPER_25,3230000,151,7,18,176,84,67
SUPER_25,3240000,232,18,14,264,99,133
SUPER_25,3250000,247,22,18,287,145,102
SUPER_25,3260000,255,14,19,288,130,125
SUPER_25,3270000,246,11,16,273,142,104
SUPER_25,3280000,236,11,16,263,110,126
SUPER_25,3290000,54,0,4,58,30,24
SUPER_25,3300000,167,15,15,197,89,78
SUPER_25,3310000,152,2,7,161,91,61
SUPER_25,3320000,202,20,19,241,96,106
SUPER_25,3330000,59,3,9,71,29,30
SUPER_25,3340000,77,10,8,95,44,33
SUPER_25,3350000,73,2,8,83,46,27
SUPER_25,3360000,5,0,0,5,3,2
SUPER_25,3370000,59,9,4,72,29,30
SUPER_25,3380000,66,5,6,77,30,36
SUPER_25,3390000,53,7,7,67,26,27
SUPER_25,3400000,159,17,12,188,75,84
SUPER_25,3410000,69,10,4,83,35,34
SUPER_25,3420000,28,2,3,33,15,13
SUPER_25,3430000,192,16,17,225,98,94
SUPER_25,3440000,5,1,0,6,1,4
SUPER_25,3450000,52,4,4,60,23,29
SUPER_25,3460000,172,12,11,195,85,87
SUPER_25,3470000,131,13,9,153,70,61
SUPER_25,3480000,133,9,6,148,61,72
SUPER_25,3490000,110,9,7,126,58,52
SUPER_25,3500000,21,0,1,22,13,8
SUPER_25,3510000,200,16,10,226,90,110
SUPER_25,3520000,289,30,10,329,157,132
SUPER_25,3530000,35,5,6,46,14,21
SUPER_25,3540000,0,0,0,0,0,0
SUPER_25,3550000,0,0,0,0,0,0
SUPER_25,3560000,225,15,17,257,107,118
SUPER_25,3570000,88,4,5,97,44,44
SUPER_25,3580000,218,13,23,254,119,99
SUPER_25,3590000,236,12,15,263,125,111
SUPER_25,3600000,306,26,31,363,153,153
SUPER_25,3610000,274,16,26,316,140,134
SUPER_25,3620000,100,12,11,123,50,50
SUPER_25,3630000,85,12,10,107,42,43
SUPER_25,3640000,61,4,8,73,34,27
SUPER_25,3650000,195,7,10,212,99,96
SUPER_25,3660000,280,24,30,334,139,141
SUPER_25,3670000,198,12,21,231,98,100
SUPER_25,3680000,140,15,10,165,71,69
SUPER_25,3690000,15,0,0,15,12,3
SUPER_25,3700000,67,4,8,79,30,37
SUPER_25,3710000,70,5,9,84,38,32
SUPER_25,3720000,18,0,5,23,13,5
SUPER_25,3730000,141,10,14,165,68,73
SUPER_25,3740000,42,1,7,50,22,20
SUPER_25,3750000,28,0,2,30,11,17
SUPER_25,3760000,109,5,7,121,58,51
SUPER_25,3770000,86,7,6,99,42,44
SUPER_25,3780000,29,0,5,34,19,10
SUPER_25,3790000,215,16,16,247,121,94
SUPER_25,3800000,40,5,5,50,27,13
SUPER_25,3810000,239,15,17,271,130,109
SUPER_25,3820000,241,19,19,279,123,118
SUPER_25,3830000,96,3,6,105,52,44
SUPER_25,3840000,255,12,20,287,127,128
SUPER_25,3850000,158,22,18,198,87,71
SUPER_25,3860000,109,8,9,126,72,37
SUPER_25,3870000,235,21,26,282,129,106
SUPER_25,3880000,93,4,8,105,41,52
SUPER_25,3890000,17,2,3,22,10,7
SUPER_25,3900000,136,11,10,157,64,72
SUPER_25,3910000,183,17,13,213,96,87
SUPER_25,3920000,127,9,11,147,65,62
SUPER_25,3930000,193,15,17,225,102,91
SUPER_25,3940000,313,24,34,371,150,163
SUPER_25,3950000,288,18,21,327,159,129
SUPER_25,3960000,274,24,19,317,127,147
SUPER_25,3970000,19,3,2,24,12,7
SUPER_25,3980000,187,11,17,215,92,95
SUPER_25,3990000,186,22,26,234,89,97
SUPER_25,4000000,39,4,2,45,23,16
SUPER_25,4010000,49,5,2,56,23,26
SUPER_25,4020000,14,0,0,14,6,8
SUPER_25,4030000,46,4,4,54,29,17
SUPER_25,4040000,214,10,24,248,101,113
SUPER_25,4050000,246,16,21,283,136,110
SUPER_25,4060000,154,11,17,182,89,65
SUPER_25,4070000,169,15,14,198,82,87
SUPER_25,4080000,40,6,3,49,13,27
SUPER_25,4090000,189,10,13,212,87,102
SUPER_25,4100000,253,19,22,294,131,122
SUPER_25,4110000,182,12,18,212,89,93
SUPER_25,4120000,146,10,10,166,75,71
SUPER_25,4130000,15,0,0,15,9,6
SUPER_25,4140000,131,7,8,146,67,64
SUPER_25,4150000,222,10,20,252,108,114
SUPER_25,4160000,146,8,12,166,73,73
SUPER_25,4170000,58,5,3,66,34,24
SUPER_25,4180000,68,7,5,80,30,38
SUPER_25,4190000,140,12,11,163,80,60
SUPER_25,4200000,162,11,11,184,82,80
SUPER_25,4210000,144,17,9,170,79,65
SUPER_25,4220000,125,5,20,150,68,57
SUPER_25,4230000,134,10,12,156,69,65
SUPER_25,4240000,38,3,1,42,17,21
SUPER_25,4250000,129,6,10,145,60,69
SUPER_25,4260000,202,19,17,238,118,84
SUPER_25,4270000,235,17,14,266,117,118
SUPER_25,4280000,125,5,13,143,55,70
SUPER_25,4290000,23,3,3,29,10,13
SUPER_25,4300000,97,10,7,114,51,46
SUPER_25,4310000,110,4,10,124,56,54
SUPER_25,4320000,225,23,15,263,103,122
SUPER_25,4330000,255,17,21,293,129,126
SUPER_25,4340000,110,10,11,131,53,57
SUPER_25,4350000,263,29,18,310,130,133
SUPER_25,4360000,192,19,16,227,103,89
SUPER_25,4370000,291,19,25,335,152,139
SUPER_25,4380000,272,21,24,317,133,139
SUPER_25,4390000,245,18,14,277,130,115
SUPER_25,4400000,155,13,7,175,83,72
SUPER_25,4410000,169,8,17,194,88,81
SUPER_25,4420000,168,13,18,199,89,79
SUPER_25,4430000,118,12,11,141,54,64
SUPER_25,4440000,20,3,2,25,12,8
SUPER_25,4450000,16,0,1,17,10,6
SUPER_25,4460000,1,1,1,3,1,0
SUPER_25,4470000,163,11,14,188,87,76
SUPER_25,4480000,274,17,18,309,133,141
SUPER_25,4490000,208,19,18,245,99,109
SUPER_25,4500000,23,1,0,24,12,11
SUPER_25,4510000,99,14,6,119,50,49
SUPER_25,4520000,217,12,20,249,108,109
SUPER_25,4530000,17,1,6,24,8,9
SUPER_25,4540000,225,18,15,258,108,117
SUPER_25,4550000,254,18,22,294,137,117
SUPER_25,4560000,87,5,9,101,47,40
SUPER_25,4570000,95,5,7,107,46,49
SUPER_25,4580000,239,21,22,282,121,118
SUPER_25,4590000,27,2,2,31,16,11
SUPER_25,4600000,114,5,14,133,57,57
SUPER_25,4610000,196,16,23,235,100,96
SUPER_25,4620000,163,9,11,183,92,71
SUPER_25,4630000,259,22,22,303,149,110
SUPER_25,4640000,92,7,12,111,47,45
SUPER_25,4650000,132,8,17,157,77,55
SUPER_25,4660000,104,10,11,125,53,51
SUPER_25,4670000,105,8,5,118,43,62
SUPER_25,4680000,110,12,8,130,60,50
SUPER_25,4690000,240,25,24,289,138,102
SUPER_25,4700000,257,27,26,310,130,127
SUPER_25,4710000,306,21,30,357,148,158
SUPER_25,4720000,133,5,18,156,72,61
SUPER_25,4730000,265,19,16,300,142,123
SUPER_25,4740000,265,18,29,312,120,145
SUPER_25,4750000,182,12,18,212,91,91
SUPER_25,4760000,50,5,3,58,19,31
SUPER_25,4770000,179,10,20,209,93,86
SUPER_25,4780000,115,7,9,131,57,58
SUPER_25,4790000,65,6,7,78,31,34
SUPER_25,4800000,82,10,10,102,42,40
SUPER_25,4810000,134,8,15,157,71,63
SUPER_25,4820000,82,11,7,100,40,42
SUPER_25,4830000,243,23,12,278,126,117
SUPER_25,4840000,244,21,33,298,114,130
SUPER_25,4850000,223,10,24,257,88,135
SUPER_25,4860000,118,12,14,144,66,52
SUPER_25,4870000,119,6,11,136,62,57
SUPER_25,4880000,60,2,3,65,38,22
SUPER_25,4890000,69,6,3,78,41,28
SUPER_25,4900000,301,24,37,362,155,146
SUPER_25,4910000,79,7,6,92,35,44
SUPER_25,4920000,184,12,6,202,98,86
SUPER_25,4930000,142,12,10,164,79,63
SUPER_25,4940000,209,20,27,256,106,103
SUPER_25,4950000,41,2,2,45,23,18
SUPER_25,4960000,84,4,8,96,41,43
SUPER_25,4970000,44,6,1,51,23,21
SUPER_25,4980000,251,15,19,285,141,110
SUPER_25,4990000,161,8,12,181,74,87
SUPER_25,5000000,221,8,16,245,119,102
SUPER_25,5010000,146,12,11,169,75,71
SUPER_25,5020000,277,23,28,328,149,128
SUPER_25,5030000,159,7,15,181,73,86
SUPER_25,5040000,52,11,2,65,31,21
SUPER_25,5050000,153,7,16,176,88,65
SUPER_25,5060000,50,2,6,58,24,26
SUPER_25,5070000,181,9,17,207,88,93
SUPER_25,5080000,210,14,12,236,104,106
SUPER_25,5090000,209,17,14,240,121,88
SUPER_25,5100000,224,24,21,269,111,113
SUPER_25,5110000,9,1,1,11,9,0
SUPER_25,5120000,105,7,8,120,60,45
SUPER_25,5130000,91,6,16,113,48,43
SUPER_25,5140000,73,6,6,85,42,31
SUPER_25,5150000,189,11,13,213,97,92
SUPER_25,5160000,113,4,13,130,59,54
SUPER_25,5170000,61,4,2,67,36,25
SUPER_25,5180000,124,6,13,143,58,66
SUPER_25,5190000,234,19,18,271,120,114
SUPER_25,5200000,31,0,0,31,21,10
SUPER_25,5210000,13,1,1,15,5,8
SUPER_25,5220000,63,6,7,76,36,27
SUPER_25,5230000,129,11,9,149,66,63
SUPER_25,5240000,54,3,5,62,31,23
SUPER_25,5250000,162,15,6,183,77,85
SUPER_25,5260000,69,5,3,77,32,37
SUPER_25,5270000,151,12,5,168,78,73
SUPER_25,5280000,85,4,3,92,34,51
SUPER_25,5290000,146,8,7,161,75,71
SUPER_25,5300000,203,24,23,250,97,106
SUPER_25,5310000,135,9,8,152,70,65
SUPER_25,5320000,126,11,11,148,63,63
SUPER_25,5330000,182,14,14,210,77,105
SUPER_25,5340000,268,20,24,312,128,140
SUPER_25,5350000,117,10,14,141,59,58
SUPER_25,5360000,57,3,5,65,31,26
SUPER_25,5370000,14,0,2,16,9,5
SUPER_25,5380000,162,19,13,194,75,87
SUPER_25,5390000,103,5,9,117,45,58
SUPER_25,5400000,157,9,12,178,77,80
SUPER_25,5410000,142,14,11,167,71,71
SUPER_25,5420000,104,6,6,116,53,51
SUPER_25,5430000,173,14,15,202,79,94
SUPER_25,5440000,286,22,22,330,146,140
SUPER_25,5450000,114,12,8,134,69,45
SUPER_25,5460000,23,3,4,30,10,13
SUPER_25,5470000,35,4,3,42,17,18
SUPER_25,5480000,122,8,6,136,48,74
SUPER_25,5490000,101,6,7,114,57,44
SUPER_25,5500000,120,13,10,143,57,63
SUPER_25,5510000,41,3,1,45,26,15
SUPER_25,5520000,122,4,3,129,72,50
SUPER_25,5530000,180,16,12,208,80,100
SUPER_25,5540000,44,0,6,50,26,18
SUPER_25,5550000,17,1,2,20,6,11
SUPER_25,5560000,44,5,6,55,21,23
SUPER_25,5570000,121,9,7,137,70,51
SUPER_25,5580000,58,3,1,62,28,30
SUPER_25,5590000,150,13,9,172,72,78
SUPER_25,5600000,127,5,5,137,52,75
SUPER_25,5610000,10,0,1,11,5,5
SUPER_25,5620000,17,1,2,20,10,7
SUPER_25,5630000,173,11,23,207,77,96
SUPER_25,5640000,240,22,17,279,119,121
SUPER_25,5650000,177,12,11,200,94,83
SUPER_25,5660000,30,3,1,34,18,12
SUPER_25,5670000,131,11,7,149,64,67
SUPER_25,5680000,196,13,16,225,99,97
SUPER_25,5690000,69,6,6,81,39,30
SUPER_25,5700000,1,0,0,1,0,1
SUPER_25,5710000,2,0,1,3,1,1
SUPER_25,5720000,4,1,0,5,1,3
SUPER_25,5730000,66,3,7,76,29,37
SUPER_25,5740000,20,0,4,24,7,13
SUPER_25,5750000,69,4,9,82,48,21
SUPER_25,5760000,265,17,21,303,145,120
SUPER_25,5770000,79,6,8,93,41,38
SUPER_25,5780000,1,0,0,1,1,0
SUPER_25,5790000,50,5,5,60,27,23
SUPER_25,5800000,72,3,4,79,34,38
SUPER_25,5810000,130,9,6,145,75,55
SUPER_25,5820000,191,15,15,221,99,92
SUPER_25,5830000,137,5,10,152,60,77
SUPER_25,5840000,188,10,21,219,98,90
SUPER_25,5850000,225,14,17,256,111,114
SUPER_25,5860000,92,1,11,104,46,46
SUPER_25,5870000,82,1,6,89,39,43
SUPER_25,5880000,110,7,7,124,46,64
SUPER_25,5890000,210,17,25,252,113,97
SUPER_25,5900000,99,4,7,110,59,40
SUPER_25,5910000,92,4,8,104,41,51
SUPER_25,5920000,59,1,1,61,27,32
SUPER_25,5930000,34,0,0,34,22,12
SUPER_25,5940000,119,7,6,132,52,67
SUPER_25,5950000,37,5,8,50,18,19
SUPER_25,5960000,291,24,19,334,142,149
SUPER_25,5970000,288,26,25,339,144,144
SUPER_25,5980000,208,25,12,245,103,105
SUPER_25,5990000,189,26,22,237,87,102
SUPER_25,6000000,192,14,18,224,104,88
SUPER_25,6010000,147,12,15,174,78,69
SUPER_25,6020000,29,3,2,34,14,15
SUPER_25,6030000,16,2,6,24,7,9
SUPER_25,6040000,67,6,8,81,39,28
SUPER_25,6050000,128,13,14,155,69,59
SUPER_25,6060000,106,6,12,124,63,43
SUPER_25,6070000,322,21,20,363,149,173
SUPER_25,6080000,206,17,18,241,112,94
SUPER_25,6090000,83,2,6,91,42,41
SUPER_25,6100000,82,4,7,93,43,39
SUPER_25,6110000,148,8,12,168,81,67
SUPER_25,6120000,204,17,22,243,108,96
SUPER_25,6130000,207,15,18,240,110,97
SUPER_25,6140000,224,11,13,248,128,96
SUPER_25,6150000,44,6,5,55,27,17
SUPER_25,6160000,14,1,2,17,6,8
SUPER_25,6170000,70,8,5,83,34,36
SUPER_25,6180000,28,1,4,33,14,14
SUPER_25,6190000,199,13,9,221,98,101
SUPER_25,6200000,309,20,27,356,154,155
SUPER_25,6210000,155,7,14,176,96,59
SUPER_25,6220000,220,12,15,247,124,96
SUPER_25,6230000,41,1,2,44,27,14
SUPER_25,6240000,75,2,3,80,45,30
SUPER_25,6250000,215,22,13,250,103,112
SUPER_25,6260000,106,9,6,121,48,58
SUPER_25,6270000,130,9,9,148,59,71
SUPER_25,6280000,1,0,1,2,0,1
SUPER_25,6290000,104,7,8,119,47,57
SUPER_25,6300000,189,14,14,217,104,85
SUPER_25,6310000,218,14,17,249,110,108
SUPER_25,6320000,93,5,9,107,52,41
SUPER_25,6330000,128,9,4,141,74,54
SUPER_25,6340000,41,2,8,51,19,22
SUPER_25,6350000,150,13,17,180,83,67
SUPER_25,6360000,4,1,1,6,1,3
SUPER_25,6370000,66,4,6,76,35,31
SUPER_25,6380000,235,15,22,272,122,113
SUPER_25,6390000,37,0,4,41,17,20
SUPER_25,6400000,85,4,1,90,44,41
SUPER_25,6410000,152,11,11,174,79,73
SUPER_25,6420000,234,12,14,260,112,122
SUPER_25,6430000,179,12,14,205,92,87
SUPER_25,6440000,130,15,6,151,66,64
SUPER_25,6450000,110,11,12,133,60,50
SUPER_25,6460000,129,7,9,145,70,59
SUPER_25,6470000,253,20,23,296,119,134
SUPER_25,6480000,205,17,17,239,99,106
SUPER_25,6490000,260,20,30,310,112,148
SUPER_25,6500000,240,16,21,277,122,118
SUPER_25,6510000,136,7,6,149,72,64
SUPER_25,6520000,107,6,4,117,55,52
SUPER_25,6530000,50,5,5,60,23,27
SUPER_25,6540000,71,5,5,81,34,37
SUPER_25,6550000,67,5,8,80,29,38
SUPER_25,6560000,161,8,12,181,80,81
SUPER_25,6570000,260,22,18,300,143,117
SUPER_25,6580000,269,22,26,317,134,135
SUPER_25,6590000,56,5,4,65,32,24
SUPER_25,6600000,145,10,6,161,75,70
SUPER_25,6610000,136,12,10,158,64,72
SUPER_25,6620000,29,1,4,34,15,14
SUPER_25,6630000,123,7,17,147,63,60
SUPER_25,6640000,117,14,7,138,54,63
SUPER_25,6650000,87,5,11,103,44,43
SUPER_25,6660000,169,15,12,196,90,79
SUPER_25,6670000,152,8,11,171,75,77
SUPER_25,6680000,6,0,0,6,2,4
SUPER_25,6690000,49,5,7,61,28,21
SUPER_25,6700000,207,25,18,250,102,105
SUPER_25,6710000,260,25,27,312,134,126
SUPER_25,6720000,273,21,27,321,141,132
SUPER_25,6730000,196,26,18,240,90,106
SUPER_25,6740000,193,23,16,232,94,99
SUPER_25,6750000,36,1,2,39,22,14
SUPER_25,6760000,110,10,14,134,56,54
SUPER_25,6770000,206,11,18,235,110,96
SUPER_25,6780000,124,11,5,140,57,67
SUPER_25,6790000,102,11,8,121,57,45
SUPER_25,6800000,269,10,16,295,134,135
SUPER_25,6810000,165,6,13,184,81,84
SUPER_25,6820000,177,19,9,205,96,81
SUPER_25,6830000,237,19,20,276,117,120
SUPER_25,6840000,174,10,17,201,86,88
SUPER_25,6850000,66,5,7,78,33,33
SUPER_25,6860000,152,12,13,177,75,77
SUPER_25,6870000,163,23,24,210,78,85
SUPER_25,6880000,129,9,15,153,60,69
SUPER_25,6890000,255,24,16,295,127,128
SUPER_25,6900000,155,16,16,187,76,79
SUPER_25,6910000,134,7,10,151,59,75
SUPER_25,6920000,52,1,4,57,24,28
SUPER_25,6930000,217,21,17,255,114,103
SUPER_25,6940000,260,21,27,308,129,131
SUPER_25,6950000,288,24,23,335,152,136
SUPER_25,6960000,119,7,10,136,61,58
SUPER_25,6970000,185,23,15,223,85,100
SUPER_25,6980000,98,8,13,119,41,57
SUPER_25,6990000,99,13,14,126,42,57
SUPER_25,7000000,148,7,16,171,71,77
SUPER_25,7010000,2,0,0,2,1,1
SUPER_25,7020000,78,6,6,90,44,34
SUPER_25,7030000,56,1,2,59,28,28
SUPER_25,7040000,53,3,7,63,31,22
SUPER_25,7050000,152,6,6,164,85,67
SUPER_25,7060000,110,6,9,125,59,51
SUPER_25,7070000,108,8,17,133,52,56
SUPER_25,7080000,62,6,4,72,34,28
SUPER_25,7090000,0,1,0,1,0,0
SUPER_25,7100000,41,3,4,48,19,22
SUPER_25,7110000,133,5,9,147,59,74
SUPER_25,7120000,147,10,13,170,72,75
SUPER_25,7130000,88,9,8,105,48,40
SUPER_25,7140000,48,2,7,57,26,22
SUPER_25,7150000,123,10,13,146,61,62
SUPER_25,7160000,97,7,8,112,50,47
SUPER_25,7170000,193,16,11,220,96,97
SUPER_25,7180000,167,14,13,194,85,82
SUPER_25,7190000,99,6,5,110,43,56
SUPER_25,7200000,211,19,12,242,100,111
SUPER_25,7210000,82,4,5,91,51,31
SUPER_25,7220000,0,0,1,1,0,0
SUPER_25,7230000,76,4,4,84,38,38
SUPER_25,7240000,15,1,1,17,8,7
SUPER_25,7250000,152,14,7,173,88,64
SUPER_25,7260000,124,15,6,145,64,60
SUPER_25,7270000,144,4,9,157,57,87
SUPER_25,7280000,225,18,11,254,116,109
SUPER_25,7290000,259,17,18,294,132,127
SUPER_25,7300000,99,5,6,110,53,46
SUPER_25,7310000,55,5,3,63,31,24
SUPER_25,7320000,278,35,19,332,137,141
SUPER_25,7330000,183,8,12,203,95,88
SUPER_25,7340000,67,4,4,75,36,31
SUPER_25,7350000,201,17,10,228,110,91
SUPER_25,7360000,83,7,6,96,35,48
SUPER_25,7370000,229,19,21,269,120,109
SUPER_25,7380000,0,0,0,0,0,0
SUPER_25,7390000,0,0,0,0,0,0
SUPER_25,7400000,138,10,10,158,56,82
SUPER_25,7410000,97,10,8,115,47,50
SUPER_25,7420000,292,18,21,331,164,128
SUPER_25,7430000,246,17,20,283,139,107
SUPER_25,7440000,98,8,12,118,54,44
SUPER_25,7450000,60,5,6,71,29,31
SUPER_25,7460000,78,4,4,86,36,42
SUPER_25,7470000,117,5,6,128,58,59
SUPER_25,7480000,93,4,11,108,50,43
SUPER_25,7490000,213,10,17,240,95,118
SUPER_25,7500000,99,7,6,112,52,47
SUPER_25,7510000,29,5,3,37,18,11
SUPER_25,7520000,204,14,16,234,96,108
SUPER_25,7530000,31,1,5,37,14,17
SUPER_25,7540000,54,4,6,64,30,24
SUPER_25,7550000,41,6,6,53,19,22
SUPER_25,7560000,114,7,11,132,55,59
SUPER_25,7570000,45,3,4,52,25,20
SUPER_25,7580000,15,0,1,16,11,4
SUPER_25,7590000,120,9,10,139,60,60
SUPER_25,7600000,283,26,16,325,143,140
SUPER_25,7610000,87,15,6,108,48,39
SUPER_25,7620000,9,1,0,10,1,8
SUPER_25,7630000,119,7,18,144,64,55
SUPER_25,7640000,113,16,9,138,60,53
SUPER_25,7650000,268,20,29,317,146,122
SUPER_25,7660000,163,12,19,194,63,100
SUPER_25,7670000,292,22,24,338,158,134
SUPER_25,7680000,68,2,5,75,37,31
SUPER_25,7690000,90,4,4,98,43,47
SUPER_25,7700000,118,10,10,138,59,59
SUPER_25,7710000,38,1,6,45,23,15
SUPER_25,7720000,155,4,12,171,71,84
SUPER_25,7730000,287,33,23,343,141,146
SUPER_25,7740000,257,15,33,305,134,123
SUPER_25,7750000,123,5,7,135,60,63
SUPER_25,7760000,107,6,6,119,53,54
SUPER_25,7770000,134,10,13,157,72,62
SUPER_25,7780000,254,19,17,290,121,133
SUPER_25,7790000,206,15,21,242,111,95
SUPER_25,7800000,189,15,22,226,90,99
SUPER_25,7810000,271,19,31,321,130,141
SUPER_25,7820000,79,1,8,88,35,44
SUPER_25,7830000,110,5,7,122,48,62
SUPER_25,7840000,104,5,10,119,53,51
SUPER_25,7850000,99,10,14,123,47,52
SUPER_25,7860000,175,9,14,198,98,77
SUPER_25,7870000,134,13,16,163,67,67
SUPER_25,7880000,333,23,24,380,167,166
SUPER_25,7890000,229,30,20,279,111,118
SUPER_25,7900000,308,25,19,352,172,136
SUPER_25,7910000,90,2,3,95,50,40
SUPER_25,7920000,46,0,4,50,27,19
SUPER_25,7930000,165,12,14,191,85,80
SUPER_25,7940000,169,9,11,189,80,89
SUPER_25,7950000,50,2,0,52,34,16
SUPER_25,7960000,160,19,12,191,86,74
SUPER_25,7970000,323,29,21,373,155,168
SUPER_25,7980000,296,23,25,344,141,155
SUPER_25,7990000,247,11,16,274,133,114
SUPER_25,8000000,275,27,17,319,148,127
SUPER_25,8010000,138,11,18,167,69,69
SUPER_25,8020000,40,3,3,46,22,18
SUPER_25,8030000,214,15,19,248,114,100
SUPER_25,8040000,266,14,25,305,143,123
SUPER_25,8050000,104,5,16,125,53,51
SUPER_25,8060000,97,3,9,109,52,45
SUPER_25,8070000,71,3,6,80,36,35
SUPER_25,8080000,0,0,0,0,0,0
SUPER_25,8090000,0,0,0,0,0,0
SUPER_25,8100000,108,7,9,124,51,57
SUPER_25,8110000,26,1,3,30,18,8
SUPER_25,8120000,76,7,3,86,41,35
SUPER_25,8130000,29,3,2,34,17,12
SUPER_25,8140000,106,11,7,124,61,45
SUPER_25,8150000,53,5,4,62,24,29
SUPER_25,8160000,105,14,12,131,50,55
SUPER_25,8170000,77,8,12,97,40,37
SUPER_25,8180000,36,2,2,40,20,16
SUPER_25,8190000,45,3,4,52,23,22
SUPER_25,8200000,178,16,16,210,84,94
SUPER_25,8210000,97,9,2,108,58,39
SUPER_25,8220000,91,9,10,110,48,43
SUPER_25,8230000,253,17,18,288,133,120
SUPER_25,8240000,217,8,15,240,105,112
SUPER_25,8250000,152,11,5,168,79,73
SUPER_25,8260000,264,21,28,313,139,125
SUPER_25,8270000,237,11,20,268,123,114
SUPER_25,8280000,110,6,8,124,58,52
SUPER_25,8290000,225,15,19,259,121,104
SUPER_25,8300000,65,11,5,81,37,28
SUPER_25,8310000,96,10,6,112,45,51
SUPER_25,8320000,272,22,26,320,126,146
SUPER_25,8330000,274,24,16,314,148,126
SUPER_25,8340000,250,19,21,290,126,124
SUPER_25,8350000,242,21,16,279,133,109
SUPER_25,8360000,221,20,24,265,119,102
SUPER_25,8370000,106,6,6,118,51,55
SUPER_25,8380000,206,16,20,242,100,106
SUPER_25,8390000,81,2,4,87,40,41
SUPER_25,8400000,285,21,24,330,148,137
SUPER_25,8410000,270,15,12,297,138,132
SUPER_25,8420000,258,18,29,305,121,137
SUPER_25,8430000,5,0,0,5,2,3
SUPER_25,8440000,19,2,3,24,9,10
SUPER_25,8450000,231,16,19,266,117,114
SUPER_25,8460000,115,8,12,135,61,54
SUPER_25,8470000,30,2,2,34,20,10
SUPER_25,8480000,95,8,8,111,41,54
SUPER_25,8490000,82,6,10,98,42,40
SUPER_25,8500000,204,14,18,236,102,102
SUPER_25,8510000,305,22,25,352,171,134
SUPER_25,8520000,98,7,5,110,54,44
SUPER_25,8530000,162,6,12,180,89,73
SUPER_25,8540000,256,15,17,288,125,131
SUPER_25,8550000,253,16,20,289,129,124
SUPER_25,8560000,207,22,10,239,98,109
SUPER_25,8570000,104,7,12,123,59,45
SUPER_25,8580000,164,10,17,191,88,76
SUPER_25,8590000,57,3,4,64,35,22
SUPER_25,8600000,37,0,1,38,24,13
SUPER_25,8610000,69,4,6,79,37,32
SUPER_25,8620000,53,2,1,56,28,25
SUPER_25,8630000,134,10,16,160,71,63
SUPER_25,8640000,336,36,18,390,157,179
SUPER_25,8650000,323,19,24,366,148,175
SUPER_25,8660000,305,20,19,344,151,154
SUPER_25,8670000,34,0,6,40,16,18
SUPER_25,8680000,144,9,10,163,82,62
SUPER_25,8690000,119,6,7,132,65,54
SUPER_25,8700000,187,13,7,207,99,88
SUPER_25,8710000,16,0,2,18,9,7
SUPER_25,8720000,0,0,0,0,0,0
SUPER_25,8730000,0,0,0,0,0,0
SUPER_25,8740000,59,5,3,67,24,35
SUPER_25,8750000,32,2,0,34,17,15
SUPER_25,8760000,25,3,2,30,13,12
SUPER_25,8770000,74,4,7,85,42,32
SUPER_25,8780000,200,7,16,223,110,90
SUPER_25,8790000,290,16,17,323,143,147
SUPER_25,8800000,270,11,21,302,137,133
SUPER_25,8810000,70,8,10,88,33,37
SUPER_25,8820000,158,1,6,165,80,78
SUPER_25,8830000,137,13,10,160,66,71
SUPER_25,8840000,87,4,8,99,44,43
SUPER_25,8850000,88,4,4,96,47,41
SUPER_25,8860000,160,10,7,177,87,73
SUPER_25,8870000,191,14,16,221,103,88
SUPER_25,8880000,149,9,17,175,76,73
SUPER_25,8890000,40,2,3,45,17,23
SUPER_25,8900000,8,0,1,9,4,4
SUPER_25,8910000,86,6,4,96,45,41
SUPER_25,8920000,151,11,14,176,75,76
SUPER_25,8930000,119,9,15,143,62,57
SUPER_25,8940000,207,15,27,249,103,104
SUPER_25,8950000,276,24,23,323,150,126
SUPER_25,8960000,98,6,7,111,52,46
SUPER_25,8970000,51,2,2,55,33,18
SUPER_25,8980000,169,14,11,194,83,86
SUPER_25,8990000,239,19,19,277,123,116
SUPER_25,9000000,243,14,38,295,105,138
SUPER_25,9010000,210,16,17,243,105,105
SUPER_25,9020000,101,13,9,123,56,45
SUPER_25,9030000,192,11,20,223,106,86
SUPER_25,9040000,155,11,18,184,88,67
SUPER_25,9050000,201,19,18,238,94,107
SUPER_25,9060000,86,8,3,97,43,43
SUPER_25,9070000,71,4,8,83,35,36
SUPER_25,9080000,141,20,10,171,76,65
SUPER_25,9090000,28,3,3,34,12,16
SUPER_25,9100000,126,7,7,140,77,49
SUPER_25,9110000,293,23,35,351,137,156
SUPER_25,9120000,272,25,25,322,152,120
SUPER_25,9130000,103,17,10,130,54,49
SUPER_25,9140000,268,24,21,313,127,141
SUPER_25,9150000,92,2,7,101,49,43
SUPER_25,9160000,209,16,15,240,114,95
SUPER_25,9170000,125,5,7,137,65,60
SUPER_25,9180000,262,25,25,312,134,128
SUPER_25,9190000,246,21,26,293,113,133
SUPER_25,9200000,22,0,4,26,16,6
SUPER_25,9210000,115,2,12,129,70,45
SUPER_25,9220000,269,15,19,303,150,119
SUPER_25,9230000,41,2,14,57,21,20
SUPER_25,9240000,202,16,11,229,96,106
SUPER_25,9250000,210,17,16,243,127,83
SUPER_25,9260000,168,14,11,193,91,77
SUPER_25,9270000,240,19,20,279,130,110
SUPER_25,9280000,89,6,8,103,49,40
SUPER_25,9290000,125,8,7,140,70,55
SUPER_25,9300000,182,9,17,208,99,83
SUPER_25,9310000,143,7,11,161,79,64
SUPER_25,9320000,271,18,28,317,137,134
SUPER_25,9330000,117,7,11,135,59,58
SUPER_25,9340000,100,5,6,111,60,40
SUPER_25,9350000,242,24,14,280,108,134
SUPER_25,9360000,203,32,12,247,109,94
SUPER_25,9370000,46,7,4,57,28,18
SUPER_25,9380000,105,5,7,117,57,48
SUPER_25,9390000,252,13,20,285,132,120
SUPER_25,9400000,67,5,5,77,43,24
SUPER_25,9410000,28,2,6,36,12,16
SUPER_25,9420000,174,10,10,194,95,79
SUPER_25,9430000,323,18,26,367,164,159
SUPER_25,9440000,162,8,11,181,80,82
SUPER_25,9450000,189,16,18,223,83,106
SUPER_25,9460000,90,5,6,101,42,48
SUPER_25,9470000,195,12,22,229,98,97
SUPER_25,9480000,230,14,19,263,112,118
SUPER_25,9490000,189,14,21,224,99,90
SUPER_25,9500000,201,16,31,248,110,91
SUPER_25,9510000,296,28,23,347,146,150
SUPER_25,9520000,26,0,1,27,15,11
SUPER_25,9530000,156,9,6,171,84,72
SUPER_25,9540000,257,26,37,320,128,129
SUPER_25,9550000,230,19,20,269,113,117
SUPER_25,9560000,0,0,0,0,0,0
SUPER_25,9570000,0,0,0,0,0,0
SUPER_25,9580000,0,0,0,0,0,0
SUPER_25,9590000,0,0,0,0,0,0
SUPER_25,9600000,0,0,0,0,0,0
SUPER_25,9610000,0,0,0,0,0,0
SUPER_25,9620000,0,0,0,0,0,0
SUPER_25,9630000,84,11,8,103,39,45
SUPER_25,9640000,103,6,11,120,40,63
SUPER_26,10000,30,5,0,35,14,16
SUPER_26,20000,6,0,2,8,2,4
SUPER_26,30000,3,1,0,4,2,1
SUPER_26,40000,55,2,4,61,30,25
SUPER_26,50000,247,19,23,289,141,106
SUPER_26,60000,217,16,17,250,114,103
SUPER_26,70000,73,3,10,86,49,24
SUPER_26,80000,187,8,9,204,107,80
SUPER_26,90000,70,7,7,84,35,35
SUPER_26,100000,48,5,9,62,23,25
SUPER_26,110000,197,10,8,215,99,98
SUPER_26,120000,127,10,12,149,72,55
SUPER_26,130000,111,10,6,127,55,56
SUPER_26,140000,118,5,14,137,57,61
SUPER_26,150000,123,8,8,139,68,55
SUPER_26,160000,24,0,5,29,14,10
SUPER_26,170000,3,0,1,4,3,0
SUPER_26,180000,16,1,1,18,5,11
SUPER_26,190000,150,10,8,168,70,80
SUPER_26,200000,53,1,6,60,29,24
SUPER_26,210000,114,4,7,125,58,56
SUPER_26,220000,240,15,23,278,129,111
SUPER_26,230000,138,7,16,161,73,65
SUPER_26,240000,291,15,26,332,155,136
SUPER_26,250000,268,17,19,304,155,113
SUPER_26,260000,76,3,9,88,41,35
SUPER_26,270000,194,12,20,226,103,91
SUPER_26,280000,138,10,7,155,82,56
SUPER_26,290000,163,14,8,185,87,76
SUPER_26,300000,74,3,11,88,38,36
SUPER_26,310000,81,3,4,88,38,43
SUPER_26,320000,56,2,5,63,31,25
SUPER_26,330000,58,1,2,61,36,22
SUPER_26,340000,200,7,14,221,105,95
SUPER_26,350000,183,8,10,201,104,79
SUPER_26,360000,296,23,31,350,159,137
SUPER_26,370000,253,18,16,287,138,115
SUPER_26,380000,82,7,7,96,37,45
SUPER_26,390000,137,14,6,157,70,67
SUPER_26,400000,251,29,27,307,148,103
SUPER_26,410000,153,8,11,172,81,72
SUPER_26,420000,156,23,14,193,76,80
SUPER_26,430000,83,9,9,101,41,42
SUPER_26,440000,146,15,9,170,83,63
SUPER_26,450000,125,12,5,142,72,53
SUPER_26,460000,73,8,4,85,35,38
SUPER_26,470000,39,1,3,43,22,17
SUPER_26,480000,184,23,10,217,113,71
SUPER_26,490000,117,8,5,130,64,53
SUPER_26,500000,58,6,4,68,25,33
SUPER_26,510000,201,21,21,243,106,95
SUPER_26,520000,129,22,22,173,66,63
SUPER_26,530000,132,14,18,164,65,67
SUPER_26,540000,233,26,21,280,101,132
SUPER_26,550000,87,3,2,92,53,34
SUPER_26,560000,262,24,19,305,134,128
SUPER_26,570000,266,13,19,298,135,131
SUPER_26,580000,149,16,17,182,78,71
SUPER_26,590000,94,6,8,108,47,47
SUPER_26,600000,200,19,9,228,110,90
SUPER_26,610000,130,5,7,142,75,55
SUPER_26,620000,84,8,7,99,46,38
SUPER_26,630000,107,7,10,124,47,60
SUPER_26,640000,240,11,19,270,126,114
SUPER_26,650000,129,6,14,149,67,62
SUPER_26,660000,325,21,36,382,191,134
SUPER_26,670000,198,22,16,236,105,93
SUPER_26,680000,35,2,6,43,16,19
SUPER_26,690000,33,1,1,35,15,18
SUPER_26,700000,30,1,5,36,12,18
SUPER_26,710000,220,9,19,248,109,111
SUPER_26,720000,133,9,11,153,60,73
SUPER_26,730000,149,10,8,167,83,66
SUPER_26,740000,65,0,4,69,32,33
SUPER_26,750000,88,9,13,110,48,40
SUPER_26,760000,228,23,18,269,114,114
SUPER_26,770000,167,16,12,195,87,80
SUPER_26,780000,197,11,12,220,102,95
SUPER_26,790000,28,2,2,32,20,8
SUPER_26,800000,71,3,4,78,35,36
SUPER_26,810000,89,10,6,105,47,42
SUPER_26,820000,49,4,4,57,31,18
SUPER_26,830000,97,8,4,109,63,34
SUPER_26,840000,218,19,20,257,116,102
SUPER_26,850000,190,4,15,209,99,91
SUPER_26,860000,124,6,14,144,75,49
SUPER_26,870000,270,27,25,322,136,134
SUPER_26,880000,166,15,16,197,81,85
SUPER_26,890000,88,9,12,109,46,42
SUPER_26,900000,0,0,0,0,0,0
SUPER_26,910000,0,0,0,0,0,0
SUPER_26,920000,0,0,0,0,0,0
SUPER_26,930000,145,6,9,160,72,73
SUPER_26,940000,73,11,5,89,41,32
SUPER_26,950000,0,0,0,0,0,0
SUPER_26,960000,0,0,0,0,0,0
SUPER_26,970000,97,7,9,113,54,43
SUPER_26,980000,64,5,3,72,34,30
SUPER_26,990000,0,0,0,0,0,0
SUPER_26,1000000,0,0,0,0,0,0
SUPER_26,1010000,0,0,0,0,0,0
SUPER_26,1020000,0,0,0,0,0,0
SUPER_26,1030000,41,1,1,43,22,19
SUPER_26,1040000,58,1,3,62,32,26
SUPER_26,1050000,14,1,1,16,6,8
SUPER_26,1060000,14,3,3,20,7,7
SUPER_26,1070000,4,0,0,4,0,4
SUPER_26,1080000,34,1,2,37,16,18
SUPER_26,1090000,63,2,8,73,37,26
SUPER_26,1100000,37,3,4,44,16,21
SUPER_26,1110000,0,0,0,0,0,0
SUPER_26,1120000,0,0,0,0,0,0
SUPER_26,1130000,0,0,0,0,0,0
SUPER_26,1140000,37,2,2,41,25,12
SUPER_26,1150000,107,10,7,124,59,48
SUPER_26,1160000,97,9,7,113,54,43
SUPER_26,1170000,5,1,1,7,3,2
SUPER_26,1180000,24,1,0,25,10,14
SUPER_26,1190000,1,0,0,1,0,1
SUPER_26,1200000,23,0,1,24,12,11
SUPER_26,1210000,0,0,0,0,0,0
SUPER_26,1220000,0,0,0,0,0,0
SUPER_26,1230000,0,0,0,0,0,0
SUPER_26,1240000,0,0,0,0,0,0
SUPER_26,1250000,81,8,7,96,39,42
SUPER_26,1260000,95,3,5,103,53,42
SUPER_26,1270000,32,3,2,37,14,18
SUPER_26,1280000,29,1,2,32,14,15
SUPER_26,1290000,183,10,18,211,94,89
SUPER_26,1300000,94,9,5,108,52,42
SUPER_26,1310000,54,2,2,58,23,31
SUPER_26,1320000,72,4,6,82,34,38
SUPER_26,1330000,40,3,1,44,20,20
SUPER_26,1340000,75,3,6,84,36,39
SUPER_26,1350000,120,11,9,140,67,53
SUPER_26,1360000,38,7,2,47,24,14
SUPER_26,1370000,2,2,0,4,2,0
SUPER_26,1380000,43,2,4,49,20,23
SUPER_26,1390000,103,8,8,119,53,50
SUPER_26,1400000,13,1,0,14,2,11
SUPER_26,1410000,30,2,1,33,22,8
SUPER_26,1420000,8,3,4,15,4,4
SUPER_26,1430000,30,3,1,34,15,15
SUPER_26,1440000,3,0,0,3,2,1
SUPER_26,1450000,47,6,5,58,19,28
SUPER_26,1460000,48,2,9,59,21,27
SUPER_26,1470000,38,7,2,47,16,22
SUPER_26,1480000,51,3,5,59,28,23
SUPER_26,1490000,101,9,4,114,50,51
SUPER_26,1500000,0,0,0,0,0,0
SUPER_26,1510000,0,0,0,0,0,0
SUPER_26,1520000,31,3,2,36,22,9
SUPER_26,1530000,73,2,6,81,35,38
SUPER_26,1540000,94,4,6,104,45,49
SUPER_26,1550000,95,5,8,108,53,42
SUPER_26,1560000,71,5,3,79,31,40
SUPER_26,1570000,244,18,25,287,129,115
SUPER_26,1580000,88,9,16,113,43,45
SUPER_26,1590000,145,8,16,169,82,63
SUPER_26,1600000,0,0,1,1,0,0
SUPER_26,1610000,10,0,1,11,5,5
SUPER_26,1620000,157,12,16,185,79,78
SUPER_26,1630000,231,14,17,262,119,112
SUPER_26,1640000,25,3,2,30,13,12
SUPER_26,1650000,14,0,0,14,9,5
SUPER_26,1660000,20,1,3,24,11,9
SUPER_26,1670000,47,2,5,54,27,20
SUPER_26,1680000,15,3,3,21,10,5
SUPER_26,1690000,133,6,13,152,89,44
SUPER_26,1700000,198,24,17,239,89,109
SUPER_26,1710000,36,2,1,39,14,22
SUPER_26,1720000,93,10,8,111,38,55
SUPER_26,1730000,224,13,25,262,92,132
SUPER_26,1740000,300,37,28,365,153,147
SUPER_26,1750000,157,15,18,190,80,77
SUPER_26,1760000,14,1,5,20,6,8
SUPER_26,1770000,117,10,11,138,70,47
SUPER_26,1780000,76,5,8,89,41,35
SUPER_26,1790000,266,20,20,306,148,118
SUPER_26,1800000,239,16,21,276,124,115
SUPER_26,1810000,184,12,15,211,100,84
SUPER_26,1820000,114,6,14,134,56,58
SUPER_26,1830000,248,17,25,290,121,127
SUPER_26,1840000,73,7,5,85,41,32
SUPER_26,1850000,226,18,16,260,114,112
SUPER_26,1860000,0,0,0,0,0,0
SUPER_26,1870000,0,0,0,0,0,0
SUPER_26,1880000,223,15,13,251,126,97
SUPER_26,1890000,34,3,3,40,17,17
SUPER_26,1900000,20,0,2,22,12,8
SUPER_26,1910000,65,2,2,69,41,24
SUPER_26,1920000,78,9,4,91,35,43
SUPER_26,1930000,0,0,0,0,0,0
SUPER_26,1940000,0,0,0,0,0,0
SUPER_26,1950000,0,0,0,0,0,0
SUPER_26,1960000,0,0,0,0,0,0
SUPER_26,1970000,0,0,0,0,0,0
SUPER_26,1980000,0,0,0,0,0,0
SUPER_26,1990000,0,0,0,0,0,0
SUPER_26,2000000,0,0,0,0,0,0
SUPER_26,2010000,0,0,0,0,0,0
SUPER_26,2020000,0,0,0,0,0,0
SUPER_26,2030000,273,11,29,313,149,124
SUPER_26,2040000,19,2,2,23,9,10
SUPER_26,2050000,3,3,1,7,3,0
SUPER_26,2060000,1,1,1,3,1,0
SUPER_26,2070000,1,0,0,1,1,0
SUPER_26,2080000,66,1,4,71,36,30
SUPER_26,2090000,13,0,0,13,7,6
SUPER_26,2100000,1,0,0,1,1,0
SUPER_26,2110000,42,2,1,45,24,18
SUPER_26,2120000,10,2,1,13,5,5
SUPER_26,2130000,6,2,0,8,3,3
SUPER_26,2140000,0,0,0,0,0,0
SUPER_26,2150000,0,0,0,0,0,0
SUPER_26,2160000,0,0,0,0,0,0
SUPER_26,2170000,0,0,0,0,0,0
SUPER_26,2180000,0,0,0,0,0,0
SUPER_26,2190000,0,0,0,0,0,0
SUPER_26,2200000,0,0,0,0,0,0
SUPER_26,2210000,0,0,0,0,0,0
SUPER_26,2220000,0,0,0,0,0,0
SUPER_26,2230000,0,0,0,0,0,0
SUPER_26,2240000,0,0,0,0,0,0
SUPER_26,2250000,0,0,0,0,0,0
SUPER_26,2260000,0,0,0,0,0,0
SUPER_26,2270000,0,0,0,0,0,0
SUPER_26,2280000,0,0,0,0,0,0
SUPER_26,2290000,0,0,0,0,0,0
SUPER_26,2300000,54,4,6,64,27,27
SUPER_26,2310000,6,0,2,8,2,4
SUPER_26,2320000,2,0,2,4,1,1
SUPER_26,2330000,11,3,1,15,6,5
SUPER_26,2340000,13,2,4,19,6,7
SUPER_26,2350000,14,1,0,15,8,6
SUPER_26,2360000,0,0,0,0,0,0
SUPER_26,2370000,0,0,0,0,0,0
SUPER_26,2380000,0,0,0,0,0,0
SUPER_26,2390000,38,4,1,43,19,19
SUPER_26,2400000,1,0,0,1,1,0
SUPER_26,2410000,0,0,0,0,0,0
SUPER_26,2420000,0,0,0,0,0,0
SUPER_26,2430000,0,0,0,0,0,0
SUPER_26,2440000,0,0,0,0,0,0
SUPER_26,2450000,0,0,0,0,0,0
SUPER_26,2460000,0,0,0,0,0,0
SUPER_26,2470000,27,0,3,30,14,13
SUPER_26,2480000,0,0,0,0,0,0
SUPER_26,2490000,0,0,0,0,0,0
SUPER_26,2500000,0,0,0,0,0,0
SUPER_26,2510000,0,0,0,0,0,0
SUPER_26,2520000,0,0,0,0,0,0
SUPER_26,2530000,0,0,0,0,0,0
SUPER_26,2540000,74,7,8,89,34,40
SUPER_26,2550000,0,0,0,0,0,0
SUPER_26,2560000,0,0,0,0,0,0
SUPER_26,2570000,0,0,0,0,0,0
SUPER_26,2580000,0,0,0,0,0,0
SUPER_26,2590000,0,0,0,0,0,0
SUPER_26,2600000,0,0,0,0,0,0
SUPER_26,2610000,0,0,0,0,0,0
SUPER_26,2620000,0,0,0,0,0,0
SUPER_26,2630000,0,0,0,0,0,0
SUPER_26,2640000,0,0,0,0,0,0
SUPER_26,2650000,0,0,0,0,0,0
SUPER_26,2660000,78,5,10,93,31,47
SUPER_26,2670000,0,0,0,0,0,0
SUPER_26,2680000,0,0,0,0,0,0
SUPER_26,2690000,51,7,5,63,27,24
SUPER_26,2700000,33,4,3,40,18,15
SUPER_26,2710000,9,0,0,9,4,5
SUPER_26,2720000,0,0,0,0,0,0
SUPER_26,2730000,0,0,0,0,0,0
SUPER_26,2740000,0,0,0,0,0,0
SUPER_26,2750000,0,0,0,0,0,0
SUPER_26,2760000,0,0,0,0,0,0
SUPER_26,2770000,0,0,0,0,0,0
SUPER_26,2780000,53,1,1,55,24,29
SUPER_26,2790000,39,1,2,42,19,20
SUPER_26,2800000,49,3,4,56,29,20
SUPER_26,2810000,25,3,1,29,14,11
SUPER_26,2820000,114,9,3,126,57,57
SUPER_26,2830000,10,1,1,12,5,5
SUPER_26,2840000,15,1,3,19,6,9
SUPER_26,2850000,187,19,20,226,91,96
SUPER_26,2860000,128,5,8,141,71,57
SUPER_26,2870000,36,1,3,40,16,20
SUPER_26,2880000,38,4,0,42,21,17
SUPER_26,2890000,247,22,13,282,141,106
SUPER_26,2900000,92,5,4,101,46,46
SUPER_26,2910000,198,17,11,226,105,93
SUPER_26,2920000,33,2,1,36,19,14
SUPER_26,2930000,11,0,2,13,8,3
SUPER_26,2940000,196,12,16,224,87,109
SUPER_26,2950000,299,37,30,366,150,149
SUPER_26,2960000,266,24,19,309,147,119
SUPER_26,2970000,73,7,7,87,35,38
SUPER_26,2980000,108,8,10,126,54,54
SUPER_26,2990000,283,17,32,332,157,126
SUPER_26,3000000,280,10,17,307,155,125
SUPER_26,3010000,233,5,3,241,144,89
SUPER_26,3020000,0,0,0,0,0,0
SUPER_26,3030000,0,0,0,0,0,0
SUPER_26,3040000,352,27,25,404,171,181
SUPER_26,3050000,129,6,15,150,71,58
SUPER_26,3060000,255,23,29,307,123,132
SUPER_26,3070000,277,18,19,314,135,142
SUPER_26,3080000,263,10,11,284,156,107
SUPER_26,3090000,142,6,8,156,85,57
SUPER_26,3100000,65,3,2,70,42,23
SUPER_26,3110000,4,0,0,4,3,1
SUPER_26,3120000,120,4,9,133,67,53
SUPER_26,3130000,85,2,6,93,49,36
SUPER_26,3140000,0,0,0,0,0,0
SUPER_26,3150000,0,0,0,0,0,0
SUPER_26,3160000,118,6,4,128,69,49
SUPER_26,3170000,163,13,10,186,76,87
SUPER_26,3180000,57,1,4,62,37,20
SUPER_26,3190000,68,11,6,85,34,34
SUPER_26,3200000,39,3,1,43,19,20
SUPER_26,3210000,32,1,1,34,22,10
SUPER_26,3220000,265,13,23,301,130,135
SUPER_26,3230000,189,22,15,226,99,90
SUPER_26,3240000,167,12,13,192,99,68
SUPER_26,3250000,158,5,3,166,100,58
SUPER_26,3260000,177,8,7,192,111,66
SUPER_26,3270000,0,0,0,0,0,0
SUPER_26,3280000,0,0,0,0,0,0
SUPER_26,3290000,174,8,16,198,98,76
SUPER_26,3300000,15,0,1,16,7,8
SUPER_26,3310000,52,7,9,68,26,26
SUPER_26,3320000,36,2,5,43,16,20
SUPER_26,3330000,0,0,0,0,0,0
SUPER_26,3340000,0,0,0,0,0,0
SUPER_26,3350000,0,0,0,0,0,0
SUPER_26,3360000,71,2,5,78,42,29
SUPER_26,3370000,0,0,0,0,0,0
SUPER_26,3380000,0,0,0,0,0,0
SUPER_26,3390000,0,0,0,0,0,0
SUPER_26,3400000,0,0,0,0,0,0
SUPER_26,3410000,0,0,0,0,0,0
SUPER_26,3420000,0,0,0,0,0,0
SUPER_26,3430000,0,0,0,0,0,0
SUPER_26,3440000,0,0,0,0,0,0
SUPER_26,3450000,0,0,0,0,0,0
SUPER_26,3460000,0,0,0,0,0,0
SUPER_26,3470000,0,0,0,0,0,0
SUPER_26,3480000,0,0,0,0,0,0
SUPER_26,3490000,0,0,0,0,0,0
SUPER_26,3500000,25,0,2,27,11,14
SUPER_26,3510000,145,20,17,182,65,80
SUPER_26,3520000,148,9,8,165,83,65
SUPER_26,3530000,122,11,8,141,63,59
SUPER_26,3540000,237,22,28,287,103,134
SUPER_26,3550000,135,10,14,159,72,63
SUPER_26,3560000,0,0,1,1,0,0
SUPER_26,3570000,28,1,3,32,19,9
SUPER_26,3580000,42,3,4,49,21,21
SUPER_26,3590000,17,1,3,21,12,5
SUPER_26,3600000,66,3,6,75,33,33
SUPER_26,3610000,93,8,3,104,56,37
SUPER_26,3620000,23,4,2,29,12,11
SUPER_26,3630000,141,15,14,170,75,66
SUPER_26,3640000,222,15,11,248,114,108
SUPER_26,3650000,39,3,11,53,20,19
SUPER_26,3660000,264,20,25,309,130,134
SUPER_26,3670000,113,6,9,128,60,53
SUPER_26,3680000,116,14,10,140,56,60
SUPER_26,3690000,79,6,3,88,40,39
SUPER_26,3700000,165,13,15,193,89,76
SUPER_26,3710000,228,25,14,267,118,110
SUPER_26,3720000,236,27,25,288,118,118
SUPER_26,3730000,264,10,25,299,132,132
SUPER_26,3740000,73,9,7,89,32,41
SUPER_26,3750000,34,2,4,40,12,22
SUPER_26,3760000,153,20,19,192,78,75
SUPER_26,3770000,353,23,30,406,189,164
SUPER_26,3780000,290,22,19,331,157,133
SUPER_26,3790000,105,8,11,124,64,41
SUPER_26,3800000,155,10,11,176,83,72
SUPER_26,3810000,37,1,4,42,24,13
SUPER_26,3820000,32,1,3,36,23,9
SUPER_26,3830000,46,6,2,54,17,29
SUPER_26,3840000,49,3,4,56,20,29
SUPER_26,3850000,110,6,6,122,55,55
SUPER_26,3860000,143,9,13,165,72,71
SUPER_26,3870000,23,4,3,30,12,11
SUPER_26,3880000,203,11,22,236,104,99
SUPER_26,3890000,283,20,19,322,145,138
SUPER_26,3900000,210,17,14,241,105,105
SUPER_26,3910000,52,12,7,71,26,26
SUPER_26,3920000,15,1,0,16,11,4
SUPER_26,3930000,23,1,3,27,11,12
SUPER_26,3940000,79,4,7,90,41,38
SUPER_26,3950000,138,11,11,160,79,59
SUPER_26,3960000,295,29,24,348,169,126
SUPER_26,3970000,234,21,27,282,130,104
SUPER_26,3980000,246,23,25,294,144,102
SUPER_26,3990000,142,10,10,162,80,62
SUPER_26,4000000,151,14,11,176,73,78
SUPER_26,4010000,30,3,3,36,14,16
SUPER_26,4020000,141,17,28,186,70,71
SUPER_26,4030000,0,0,0,0,0,0
SUPER_26,4040000,0,0,0,0,0,0
SUPER_26,4050000,0,0,0,0,0,0
SUPER_26,4060000,215,12,21,248,118,97
SUPER_26,4070000,68,2,4,74,32,36
SUPER_26,4080000,183,14,14,211,104,79
SUPER_26,4090000,312,31,27,370,162,150
SUPER_26,4100000,245,19,17,281,119,126
SUPER_26,4110000,2,0,0,2,0,2
SUPER_26,4120000,2,0,1,3,1,1
SUPER_26,4130000,165,9,15,189,82,83
SUPER_26,4140000,273,18,19,310,145,128
SUPER_26,4150000,101,6,10,117,41,60
SUPER_26,4160000,184,10,12,206,96,88
SUPER_26,4170000,38,1,2,41,32,6
SUPER_26,4180000,271,13,27,311,152,119
SUPER_26,4190000,133,16,11,160,57,76
SUPER_26,4200000,113,10,11,134,50,63
SUPER_26,4210000,0,0,0,0,0,0
SUPER_26,4220000,0,0,0,0,0,0
SUPER_26,4230000,0,0,0,0,0,0
SUPER_26,4240000,0,0,0,0,0,0
SUPER_26,4250000,89,11,8,108,38,51
SUPER_26,4260000,0,0,0,0,0,0
SUPER_26,4270000,0,0,0,0,0,0
SUPER_26,4280000,0,0,0,0,0,0
SUPER_26,4290000,0,0,0,0,0,0
SUPER_26,4300000,62,2,4,68,31,31
SUPER_26,4310000,0,0,0,0,0,0
SUPER_26,4320000,0,0,0,0,0,0
SUPER_26,4330000,79,7,5,91,40,39
SUPER_26,4340000,133,12,6,151,61,72
SUPER_26,4350000,30,1,3,34,15,15
SUPER_26,4360000,0,0,0,0,0,0
SUPER_26,4370000,0,0,0,0,0,0
SUPER_26,4380000,164,14,16,194,81,83
SUPER_26,4390000,24,2,4,30,15,9
SUPER_26,4400000,129,6,5,140,67,62
SUPER_26,4410000,102,8,8,118,59,43
SUPER_26,4420000,60,4,4,68,24,36
SUPER_26,4430000,0,0,0,0,0,0
SUPER_26,4440000,0,0,0,0,0,0
SUPER_26,4450000,0,0,0,0,0,0
SUPER_26,4460000,0,0,0,0,0,0
SUPER_26,4470000,102,5,8,115,54,48
SUPER_26,4480000,178,16,6,200,93,85
SUPER_26,4490000,21,0,1,22,15,6
SUPER_26,4500000,61,11,9,81,29,32
SUPER_26,4510000,26,11,6,43,11,15
SUPER_26,4520000,0,0,0,0,0,0
SUPER_26,4530000,0,0,0,0,0,0
SUPER_26,4540000,19,2,2,23,6,13
SUPER_26,4550000,29,6,3,38,16,13
SUPER_26,4560000,50,14,5,69,21,29
SUPER_26,4570000,9,0,0,9,3,6
SUPER_26,4580000,30,1,0,31,20,10
SUPER_26,4590000,0,2,0,2,0,0
SUPER_26,4600000,2,0,1,3,2,0
SUPER_26,4610000,2,1,0,3,0,2
SUPER_26,4620000,13,2,6,21,8,5
SUPER_26,4630000,50,13,5,68,17,33
SUPER_26,4640000,21,11,4,36,7,14
SUPER_26,4650000,18,8,3,29,6,12
SUPER_26,4660000,11,1,1,13,6,5
SUPER_26,4670000,34,2,1,37,20,14
SUPER_26,4680000,1,0,0,1,0,1
SUPER_26,4690000,4,0,0,4,2,2
SUPER_26,4700000,0,0,0,0,0,0
SUPER_26,4710000,0,0,0,0,0,0
SUPER_26,4720000,0,0,0,0,0,0
SUPER_26,4730000,0,0,0,0,0,0
SUPER_26,4740000,0,0,0,0,0,0
SUPER_26,4750000,90,6,5,101,48,42
SUPER_26,4760000,12,0,1,13,5,7
SUPER_26,4770000,7,1,0,8,5,2
SUPER_26,4780000,0,0,0,0,0,0
SUPER_26,4790000,0,0,0,0,0,0
SUPER_26,4800000,0,0,0,0,0,0
SUPER_26,4810000,0,0,0,0,0,0
SUPER_26,4820000,68,6,7,81,34,34
SUPER_26,4830000,33,0,2,35,16,17
SUPER_26,4840000,72,2,6,80,35,37
SUPER_26,4850000,22,4,4,30,10,12
SUPER_26,4860000,89,14,9,112,48,41
SUPER_26,4870000,63,4,4,71,32,31
SUPER_26,4880000,89,6,13,108,44,45
SUPER_26,4890000,14,4,1,19,9,5
SUPER_26,4900000,81,6,15,102,34,47
SUPER_26,4910000,0,0,0,0,0,0
SUPER_26,4920000,0,0,0,0,0,0
SUPER_26,4930000,0,0,0,0,0,0
SUPER_26,4940000,75,8,9,92,42,33
SUPER_26,4950000,0,0,0,0,0,0
SUPER_26,4960000,0,0,0,0,0,0
SUPER_26,4970000,0,0,0,0,0,0
SUPER_26,4980000,0,0,0,0,0,0
SUPER_26,4990000,0,0,0,0,0,0
SUPER_26,5000000,0,0,0,0,0,0
SUPER_26,5010000,0,0,0,0,0,0
SUPER_26,5020000,0,0,0,0,0,0
SUPER_26,5030000,0,0,0,0,0,0
SUPER_26,5040000,0,0,0,0,0,0
SUPER_26,5050000,0,0,0,0,0,0
SUPER_26,5060000,0,0,0,0,0,0
SUPER_26,5070000,0,0,0,0,0,0
SUPER_26,5080000,0,0,0,0,0,0
SUPER_26,5090000,0,0,0,0,0,0
SUPER_26,5100000,0,0,0,0,0,0
SUPER_26,5110000,0,0,0,0,0,0
SUPER_26,5120000,0,0,0,0,0,0
SUPER_26,5130000,0,0,0,0,0,0
SUPER_26,5140000,0,0,0,0,0,0
SUPER_26,5150000,0,0,0,0,0,0
SUPER_26,5160000,0,0,0,0,0,0
SUPER_26,5170000,0,0,0,0,0,0
SUPER_26,5180000,0,0,0,0,0,0
SUPER_26,5190000,0,0,0,0,0,0
SUPER_26,5200000,194,16,11,221,100,94
SUPER_26,5210000,51,4,1,56,27,24
SUPER_26,5220000,33,4,3,40,15,18
SUPER_26,5230000,24,4,7,35,12,12
SUPER_26,5240000,57,4,7,68,29,28
SUPER_26,5250000,42,4,1,47,20,22
SUPER_26,5260000,8,1,1,10,4,4
SUPER_26,5270000,5,0,1,6,3,2
SUPER_26,5280000,3,0,0,3,2,1
SUPER_26,5290000,49,3,2,54,25,24
SUPER_26,5300000,79,6,10,95,46,33
SUPER_26,5310000,0,0,0,0,0,0
SUPER_26,5320000,0,0,0,0,0,0
SUPER_26,5330000,99,11,9,119,52,47
SUPER_26,5340000,101,5,2,108,61,40
SUPER_26,5350000,0,0,0,0,0,0
SUPER_26,5360000,0,0,0,0,0,0
SUPER_26,5370000,102,7,11,120,58,44
SUPER_26,5380000,21,1,0,22,9,12
SUPER_26,5390000,43,2,6,51,21,22
SUPER_26,5400000,63,4,2,69,30,33
SUPER_26,5410000,17,1,3,21,8,9
SUPER_26,5420000,0,0,0,0,0,0
SUPER_26,5430000,0,0,0,0,0,0
SUPER_26,5440000,0,0,0,0,0,0
SUPER_26,5450000,106,6,6,118,65,41
SUPER_26,5460000,69,8,7,84,36,33
SUPER_26,5470000,0,0,0,0,0,0
SUPER_26,5480000,0,0,0,0,0,0
SUPER_26,5490000,0,0,0,0,0,0
SUPER_26,5500000,0,0,0,0,0,0
SUPER_26,5510000,29,4,2,35,11,18
SUPER_26,5520000,40,0,6,46,22,18
SUPER_26,5530000,19,2,2,23,10,9
SUPER_26,5540000,22,3,2,27,12,10
SUPER_26,5550000,15,1,1,17,7,8
SUPER_26,5560000,37,2,4,43,15,22
SUPER_26,5570000,40,1,3,44,20,20
SUPER_26,5580000,5,0,2,7,1,4
SUPER_26,5590000,41,2,3,46,28,13
SUPER_26,5600000,14,0,0,14,13,1
SUPER_26,5610000,41,5,3,49,21,20
SUPER_26,5620000,132,10,18,160,54,78
SUPER_26,5630000,70,7,6,83,37,33
SUPER_26,5640000,37,4,4,45,24,13
SUPER_26,5650000,77,9,9,95,42,35
SUPER_26,5660000,47,5,7,59,20,27
SUPER_26,5670000,107,9,7,123,49,58
SUPER_26,5680000,0,0,0,0,0,0
SUPER_26,5690000,0,0,0,0,0,0
SUPER_26,5700000,61,4,0,65,38,23
SUPER_26,5710000,0,0,0,0,0,0
SUPER_26,5720000,0,0,0,0,0,0
SUPER_26,5730000,0,0,0,0,0,0
SUPER_26,5740000,0,0,0,0,0,0
SUPER_26,5750000,0,0,0,0,0,0
SUPER_26,5760000,0,0,0,0,0,0
SUPER_26,5770000,0,0,0,0,0,0
SUPER_26,5780000,0,0,0,0,0,0
SUPER_26,5790000,237,15,21,273,135,102
SUPER_26,5800000,53,5,9,67,27,26
SUPER_26,5810000,20,2,4,26,8,12
SUPER_26,5820000,24,5,0,29,16,8
SUPER_26,5830000,2,0,0,2,2,0
SUPER_26,5840000,0,0,0,0,0,0
SUPER_26,5850000,0,0,0,0,0,0
SUPER_26,5860000,78,6,6,90,46,32
SUPER_26,5870000,0,0,0,0,0,0
SUPER_26,5880000,0,0,0,0,0,0
SUPER_26,5890000,0,0,0,0,0,0
SUPER_26,5900000,120,8,12,140,71,49
SUPER_26,5910000,127,6,3,136,63,64
SUPER_26,5920000,23,0,2,25,8,15
SUPER_26,5930000,152,11,9,172,77,75
SUPER_26,5940000,23,2,2,27,8,15
SUPER_26,5950000,66,1,5,72,38,28
SUPER_26,5960000,78,5,2,85,46,32
SUPER_26,5970000,195,13,23,231,97,98
SUPER_26,5980000,59,3,7,69,31,28
SUPER_26,5990000,32,6,4,42,17,15
SUPER_26,6000000,137,7,11,155,76,61
SUPER_26,6010000,5,0,1,6,3,2
SUPER_26,6020000,56,3,7,66,31,25
SUPER_26,6030000,89,1,3,93,49,40
SUPER_26,6040000,153,9,17,179,82,71
SUPER_26,6050000,77,5,6,88,36,41
SUPER_26,6060000,95,9,6,110,53,42
SUPER_26,6070000,0,0,0,0,0,0
SUPER_26,6080000,0,0,0,0,0,0
SUPER_26,6090000,4,1,0,5,2,2
SUPER_26,6100000,0,0,0,0,0,0
SUPER_26,6110000,0,0,0,0,0,0
SUPER_26,6120000,0,0,0,0,0,0
SUPER_26,6130000,71,4,7,82,38,33
SUPER_26,6140000,0,0,0,0,0,0
SUPER_26,6150000,0,0,0,0,0,0
SUPER_26,6160000,8,0,4,12,5,3
SUPER_26,6170000,42,4,1,47,18,24
SUPER_26,6180000,74,4,6,84,38,36
SUPER_26,6190000,53,2,8,63,26,27
SUPER_26,6200000,7,0,0,7,7,0
SUPER_26,6210000,41,2,6,49,28,13
SUPER_26,6220000,74,7,5,86,39,35
SUPER_26,6230000,84,4,8,96,41,43
SUPER_26,6240000,65,5,9,79,37,28
SUPER_26,6250000,0,0,0,0,0,0
SUPER_26,6260000,0,0,0,0,0,0
SUPER_26,6270000,45,11,4,60,20,25
SUPER_26,6280000,53,1,2,56,29,24
SUPER_26,6290000,73,5,7,85,36,37
SUPER_26,6300000,0,0,0,0,0,0
SUPER_26,6310000,0,0,0,0,0,0
SUPER_26,6320000,0,0,0,0,0,0
SUPER_26,6330000,0,0,0,0,0,0
SUPER_26,6340000,62,6,9,77,34,28
SUPER_26,6350000,30,6,7,43,15,15
SUPER_26,6360000,54,4,5,63,19,35
SUPER_26,6370000,83,12,7,102,34,49
SUPER_26,6380000,58,7,5,70,33,25
SUPER_26,6390000,76,8,9,93,42,34
SUPER_26,6400000,43,5,1,49,25,18
SUPER_26,6410000,74,9,11,94,42,32
SUPER_26,6420000,272,15,30,317,148,124
SUPER_26,6430000,225,20,25,270,113,112
SUPER_26,6440000,119,11,11,141,57,62
SUPER_26,6450000,133,14,13,160,72,61
SUPER_26,6460000,50,1,2,53,29,21
SUPER_26,6470000,31,3,6,40,9,22
SUPER_26,6480000,114,7,8,129,83,31
SUPER_26,6490000,114,9,8,131,69,45
SUPER_26,6500000,100,11,14,125,58,42
SUPER_26,6510000,243,23,26,292,118,125
SUPER_26,6520000,0,0,0,0,0,0
SUPER_26,6530000,0,0,0,0,0,0
SUPER_26,6540000,308,26,21,355,156,152
SUPER_26,6550000,332,29,25,386,188,144
SUPER_26,6560000,192,17,25,234,97,95
SUPER_26,6570000,41,2,3,46,23,18
SUPER_26,6580000,69,5,6,80,37,32
SUPER_26,6590000,85,5,10,100,47,38
SUPER_26,6600000,74,1,5,80,38,36
SUPER_26,6610000,164,12,14,190,97,67
SUPER_26,6620000,292,24,20,336,140,152
SUPER_26,6630000,0,0,0,0,0,0
SUPER_26,6640000,0,0,0,0,0,0
SUPER_26,6650000,287,16,25,328,153,134
SUPER_26,6660000,22,0,7,29,9,13
SUPER_26,6670000,85,5,11,101,46,39
SUPER_26,6680000,109,7,5,121,59,50
SUPER_26,6690000,131,8,11,150,69,62
SUPER_26,6700000,0,0,0,0,0,0
SUPER_26,6710000,0,0,0,0,0,0
SUPER_26,6720000,227,24,29,280,128,99
SUPER_26,6730000,5,0,0,5,3,2
SUPER_26,6740000,185,8,17,210,83,102
SUPER_26,6750000,248,19,31,298,128,120
SUPER_26,6760000,135,12,16,163,60,75
SUPER_26,6770000,116,4,8,128,61,55
SUPER_26,6780000,33,0,2,35,16,17
SUPER_26,6790000,38,4,5,47,20,18
SUPER_26,6800000,81,6,10,97,39,42
SUPER_26,6810000,7,3,1,11,3,4
SUPER_26,6820000,5,0,1,6,3,2
SUPER_26,6830000,58,5,9,72,35,23
SUPER_26,6840000,46,3,14,63,21,25
SUPER_26,6850000,208,18,20,246,102,106
SUPER_26,6860000,163,12,19,194,95,68
SUPER_26,6870000,143,14,13,170,68,75
SUPER_26,6880000,227,18,25,270,116,111
SUPER_26,6890000,85,11,5,101,48,37
SUPER_26,6900000,96,11,11,118,51,45
SUPER_26,6910000,8,0,0,8,2,6
SUPER_26,6920000,1,0,1,2,0,1
SUPER_26,6930000,0,0,0,0,0,0
SUPER_26,6940000,0,0,0,0,0,0
SUPER_26,6950000,85,4,4,93,46,39
SUPER_26,6960000,45,2,3,50,21,24
SUPER_26,6970000,35,5,2,42,17,18
SUPER_26,6980000,75,10,7,92,35,40
SUPER_26,6990000,136,13,10,159,63,73
SUPER_26,7000000,206,14,10,230,103,103
SUPER_26,7010000,125,22,13,160,70,55
SUPER_26,7020000,73,5,6,84,31,42
SUPER_26,7030000,52,9,4,65,29,23
SUPER_26,7040000,43,1,8,52,20,23
SUPER_26,7050000,0,0,0,0,0,0
SUPER_26,7060000,0,0,0,0,0,0
SUPER_26,7070000,64,3,2,69,32,32
SUPER_26,7080000,1,0,0,1,0,1
SUPER_26,7090000,42,9,3,54,19,23
SUPER_26,7100000,58,5,7,70,35,23
SUPER_26,7110000,44,0,5,49,26,18
SUPER_26,7120000,0,0,0,0,0,0
SUPER_26,7130000,0,0,0,0,0,0
SUPER_26,7140000,0,0,0,0,0,0
SUPER_26,7150000,0,0,0,0,0,0
SUPER_26,7160000,0,0,0,0,0,0
SUPER_26,7170000,0,0,0,0,0,0
SUPER_26,7180000,40,5,5,50,18,22
SUPER_26,7190000,0,0,0,0,0,0
SUPER_26,7200000,0,0,0,0,0,0
SUPER_26,7210000,0,0,0,0,0,0
SUPER_26,7220000,0,0,0,0,0,0
SUPER_26,7230000,29,3,1,33,15,14
SUPER_26,7240000,100,14,14,128,51,49
SUPER_26,7250000,116,13,11,140,63,53
SUPER_26,7260000,124,14,15,153,74,50
SUPER_26,7270000,159,15,16,190,74,85
SUPER_26,7280000,210,16,13,239,103,107
SUPER_26,7290000,209,25,19,253,97,112
SUPER_26,7300000,65,7,3,75,35,30
SUPER_26,7310000,16,0,3,19,8,8
SUPER_26,7320000,72,4,11,87,39,33
SUPER_26,7330000,226,21,28,275,118,108
SUPER_26,7340000,287,19,27,333,170,117
SUPER_26,7350000,287,26,27,340,135,152
SUPER_26,7360000,102,11,6,119,48,54
SUPER_26,7370000,68,3,10,81,37,31
SUPER_26,7380000,100,8,7,115,65,35
SUPER_26,7390000,231,26,24,281,118,113
SUPER_26,7400000,35,4,2,41,16,19
SUPER_26,7410000,0,0,0,0,0,0
SUPER_26,7420000,0,0,0,0,0,0
SUPER_26,7430000,255,17,17,289,122,133
SUPER_26,7440000,197,13,11,221,104,93
SUPER_26,7450000,40,5,3,48,24,16
SUPER_26,7460000,41,7,8,56,17,24
SUPER_26,7470000,75,2,5,82,32,43
SUPER_26,7480000,125,8,11,144,66,59
SUPER_26,7490000,79,3,4,86,44,35
SUPER_26,7500000,126,10,11,147,67,59
SUPER_26,7510000,22,1,1,24,14,8
SUPER_26,7520000,163,16,13,192,84,79
SUPER_26,7530000,278,27,22,327,150,128
SUPER_26,7540000,263,24,22,309,154,109
SUPER_26,7550000,245,15,23,283,133,112
SUPER_26,7560000,231,22,11,264,118,113
SUPER_26,7570000,96,10,9,115,43,53
SUPER_26,7580000,19,0,1,20,13,6
SUPER_26,7590000,35,7,5,47,17,18
SUPER_26,7600000,51,9,5,65,24,27
SUPER_26,7610000,196,22,26,244,99,97
SUPER_26,7620000,160,15,17,192,89,71
SUPER_26,7630000,48,4,7,59,19,29
SUPER_26,7640000,98,4,5,107,56,42
SUPER_26,7650000,88,11,8,107,45,43
SUPER_26,7660000,84,7,4,95,40,44
SUPER_26,7670000,84,6,9,99,48,36
SUPER_26,7680000,60,3,5,68,33,27
SUPER_26,7690000,137,9,13,159,66,71
SUPER_26,7700000,112,10,10,132,56,56
SUPER_26,7710000,41,2,3,46,22,19
SUPER_26,7720000,46,1,2,49,24,22
SUPER_26,7730000,96,12,12,120,55,41
SUPER_26,7740000,27,0,5,32,15,12
SUPER_26,7750000,92,8,9,109,47,45
SUPER_26,7760000,66,3,3,72,32,34
SUPER_26,7770000,15,0,1,16,7,8
SUPER_26,7780000,91,6,6,103,46,45
SUPER_26,7790000,244,19,30,293,110,134
SUPER_26,7800000,19,1,2,22,14,5
SUPER_26,7810000,170,9,8,187,102,68
SUPER_26,7820000,136,6,9,151,69,67
SUPER_26,7830000,110,12,9,131,61,49
SUPER_26,7840000,195,11,9,215,105,90
SUPER_26,7850000,226,19,20,265,117,109
SUPER_26,7860000,261,24,26,311,141,120
SUPER_26,7870000,121,5,6,132,52,69
SUPER_26,7880000,171,19,17,207,89,82
SUPER_26,7890000,216,26,21,263,109,107
SUPER_26,7900000,148,17,20,185,80,68
SUPER_26,7910000,102,9,9,120,63,39
SUPER_26,7920000,36,1,2,39,17,19
SUPER_26,7930000,4,1,0,5,1,3
SUPER_26,7940000,86,7,2,95,39,47
SUPER_26,7950000,157,10,9,176,84,73
SUPER_26,7960000,10,2,1,13,4,6
SUPER_26,7970000,171,18,24,213,89,82
SUPER_26,7980000,301,24,27,352,155,146
SUPER_26,7990000,80,12,6,98,46,34
SUPER_26,8000000,165,15,13,193,83,82
SUPER_26,8010000,37,8,3,48,15,22
SUPER_26,8020000,134,13,5,152,59,75
SUPER_26,8030000,300,31,33,364,156,144
SUPER_26,8040000,238,25,22,285,123,115
SUPER_26,8050000,7,1,0,8,3,4
SUPER_26,8060000,66,6,4,76,28,38
SUPER_26,8070000,32,1,4,37,14,18
SUPER_26,8080000,154,11,18,183,79,75
SUPER_26,8090000,243,21,17,281,114,129
SUPER_26,8100000,253,24,22,299,109,144
SUPER_26,8110000,235,12,21,268,128,107
SUPER_26,8120000,265,22,33,320,146,119
SUPER_26,8130000,168,15,5,188,100,68
SUPER_26,8140000,180,19,28,227,95,85
SUPER_26,8150000,286,26,14,326,138,148
SUPER_26,8160000,218,19,18,255,117,101
SUPER_26,8170000,118,10,10,138,54,64
SUPER_26,8180000,245,19,20,284,116,129
SUPER_26,8190000,34,1,4,39,15,19
SUPER_26,8200000,125,12,11,148,61,64
SUPER_26,8210000,283,34,23,340,142,141
SUPER_26,8220000,65,4,2,71,36,29
SUPER_26,8230000,27,3,5,35,13,14
SUPER_26,8240000,86,4,1,91,40,46
SUPER_26,8250000,95,3,7,105,46,49
SUPER_26,8260000,115,14,10,139,51,64
SUPER_26,8270000,298,25,30,353,148,150
SUPER_26,8280000,276,20,26,322,156,120
SUPER_26,8290000,260,19,21,300,139,121
SUPER_26,8300000,200,11,17,228,114,86
SUPER_26,8310000,280,25,21,326,139,141
SUPER_26,8320000,106,9,9,124,50,56
SUPER_26,8330000,141,24,25,190,79,62
SUPER_26,8340000,146,11,8,165,77,69
SUPER_26,8350000,0,1,0,1,0,0
SUPER_26,8360000,0,0,0,0,0,0
SUPER_26,8370000,0,0,0,0,0,0
SUPER_26,8380000,112,3,9,124,59,53
SUPER_26,8390000,46,4,7,57,28,18
SUPER_26,8400000,26,0,0,26,13,13
SUPER_26,8410000,93,8,8,109,51,42
SUPER_26,8420000,171,16,20,207,89,82
SUPER_26,8430000,238,22,23,283,109,129
SUPER_26,8440000,191,19,27,237,102,89
SUPER_26,8450000,112,9,10,131,52,60
SUPER_26,8460000,236,22,21,279,128,108
SUPER_26,8470000,238,18,25,281,126,112
SUPER_26,8480000,157,9,9,175,96,61
SUPER_26,8490000,248,15,17,280,136,112
SUPER_26,8500000,181,16,24,221,91,90
SUPER_26,8510000,126,5,13,144,56,70
SUPER_26,8520000,189,16,21,226,105,84
SUPER_26,8530000,161,26,20,207,89,72
SUPER_26,8540000,204,7,13,224,117,87
SUPER_26,8550000,148,11,12,171,85,63
SUPER_26,8560000,146,11,6,163,71,75
SUPER_26,8570000,241,21,20,282,120,121
SUPER_26,8580000,264,33,16,313,129,135
SUPER_26,8590000,241,15,20,276,132,109
SUPER_26,8600000,208,13,15,236,116,92
SUPER_26,8610000,82,6,2,90,39,43
SUPER_26,8620000,34,2,1,37,21,13
SUPER_26,8630000,110,5,8,123,64,46
SUPER_26,8640000,132,7,8,147,76,56
SUPER_26,8650000,77,1,9,87,34,43
SUPER_26,8660000,142,15,9,166,74,68
SUPER_26,8670000,201,27,22,250,110,91
SUPER_26,8680000,219,21,19,259,123,96
SUPER_26,8690000,297,27,19,343,164,133
SUPER_26,8700000,348,38,27,413,156,192
SUPER_26,8710000,124,12,7,143,62,62
SUPER_26,8720000,225,13,14,252,131,94
SUPER_26,8730000,264,16,18,298,155,109
SUPER_26,8740000,310,25,19,354,169,141
SUPER_26,8750000,260,24,24,308,137,123
SUPER_26,8760000,280,25,25,330,122,158
SUPER_26,8770000,224,13,25,262,127,97
SUPER_26,8780000,69,6,10,85,40,29
SUPER_26,8790000,102,14,13,129,54,48
SUPER_26,8800000,79,7,3,89,52,27
SUPER_26,8810000,67,2,3,72,37,30
SUPER_26,8820000,20,3,0,23,10,10
SUPER_26,8830000,2,0,0,2,1,1
SUPER_26,8840000,0,0,0,0,0,0
SUPER_26,8850000,0,0,0,0,0,0
SUPER_26,8860000,2,1,0,3,2,0
SUPER_26,8870000,0,0,0,0,0,0
SUPER_26,8880000,0,0,0,0,0,0
SUPER_26,8890000,11,0,1,12,5,6
SUPER_26,8900000,0,0,0,0,0,0
SUPER_26,8910000,0,0,0,0,0,0
SUPER_26,8920000,0,0,0,0,0,0
SUPER_26,8930000,0,0,0,0,0,0
SUPER_26,8940000,0,0,0,0,0,0
SUPER_26,8950000,0,0,0,0,0,0
SUPER_26,8960000,10,1,0,11,2,8
SUPER_26,8970000,31,12,2,45,9,22
SUPER_26,8980000,11,10,2,23,6,5
SUPER_26,8990000,35,10,1,46,10,25
SUPER_26,9000000,5,2,0,7,2,3
SUPER_26,9010000,1,0,0,1,0,1
SUPER_26,9020000,4,0,0,4,2,2
SUPER_26,9030000,2,0,1,3,1,1
SUPER_26,9040000,19,4,1,24,5,14
SUPER_26,9050000,0,0,0,0,0,0
SUPER_26,9060000,0,0,0,0,0,0
SUPER_26,9070000,0,0,0,0,0,0
SUPER_26,9080000,0,0,0,0,0,0
SUPER_26,9090000,0,0,0,0,0,0
SUPER_26,9100000,0,0,0,0,0,0
SUPER_26,9110000,25,9,5,39,6,19
SUPER_26,9120000,6,2,5,13,3,3
SUPER_26,9130000,17,2,3,22,8,9
SUPER_26,9140000,26,3,3,32,11,15
SUPER_26,9150000,0,0,0,0,0,0
SUPER_26,9160000,0,0,0,0,0,0
SUPER_26,9170000,0,0,0,0,0,0
SUPER_26,9180000,8,0,0,8,4,4
SUPER_26,9190000,39,0,0,39,23,16
SUPER_26_unloc_1,10000,75,10,6,91,50,25
SUPER_26_unloc_1,20000,9,0,2,11,5,4
SUPER_26_unloc_1,30000,6,2,1,9,1,5
SUPER_26_unloc_1,40000,3,0,0,3,2,1
SUPER_26_unloc_1,50000,20,2,1,23,9,11
SUPER_26_unloc_2,10000,6,0,0,6,5,1
SUPER_26_unloc_2,20000,9,1,0,10,4,5
SUPER_27,10000,2,0,0,2,0,2
SUPER_27,20000,86,6,7,99,55,31
SUPER_27,30000,4,1,0,5,2,2
SUPER_27,40000,60,5,5,70,41,19
SUPER_27,50000,257,25,18,300,144,113
SUPER_27,60000,219,17,32,268,110,109
SUPER_27,70000,177,16,13,206,98,79
SUPER_27,80000,172,16,12,200,81,91
SUPER_27,90000,265,17,19,301,137,128
SUPER_27,100000,23,4,2,29,12,11
SUPER_27,110000,217,15,20,252,117,100
SUPER_27,120000,236,22,28,286,138,98
SUPER_27,130000,127,9,9,145,68,59
SUPER_27,140000,274,23,23,320,136,138
SUPER_27,150000,171,12,9,192,85,86
SUPER_27,160000,242,18,20,280,128,114
SUPER_27,170000,105,4,7,116,63,42
SUPER_27,180000,329,24,24,377,164,165
SUPER_27,190000,280,19,16,315,135,145
SUPER_27,200000,83,2,4,89,37,46
SUPER_27,210000,13,0,2,15,6,7
SUPER_27,220000,33,3,6,42,15,18
SUPER_27,230000,50,3,4,57,23,27
SUPER_27,240000,6,0,0,6,1,5
SUPER_27,250000,0,0,0,0,0,0
SUPER_27,260000,0,0,0,0,0,0
SUPER_27,270000,8,0,0,8,5,3
SUPER_27,280000,3,0,0,3,0,3
SUPER_27,290000,5,0,0,5,3,2
SUPER_27,300000,3,0,0,3,1,2
SUPER_27,310000,9,0,0,9,3,6
SUPER_27,320000,21,0,1,22,13,8
SUPER_27,330000,239,11,18,268,134,105
SUPER_27,340000,219,12,17,248,125,94
SUPER_27,350000,175,12,16,203,96,79
SUPER_27,360000,258,27,21,306,124,134
SUPER_27,370000,140,13,14,167,75,65
SUPER_27,380000,156,18,13,187,82,74
SUPER_27,390000,329,19,19,367,165,164
SUPER_27,400000,125,6,9,140,71,54
SUPER_27,410000,142,6,16,164,94,48
SUPER_27,420000,98,5,11,114,47,51
SUPER_27,430000,0,0,0,0,0,0
SUPER_27,440000,0,0,0,0,0,0
SUPER_27,450000,0,0,0,0,0,0
SUPER_27,460000,369,24,34,427,196,173
SUPER_27,470000,211,21,27,259,114,97
SUPER_27,480000,199,15,11,225,92,107
SUPER_27,490000,125,6,10,141,72,53
SUPER_27,500000,194,23,20,237,100,94
SUPER_27,510000,150,13,7,170,79,71
SUPER_27,520000,77,5,3,85,45,32
SUPER_27,530000,157,10,10,177,77,80
SUPER_27,540000,15,0,1,16,9,6
SUPER_27,550000,71,3,5,79,29,42
SUPER_27,560000,196,9,17,222,101,95
SUPER_27,570000,105,5,7,117,50,55
SUPER_27,580000,79,11,3,93,38,41
SUPER_27,590000,200,19,18,237,102,98
SUPER_27,600000,113,10,7,130,64,49
SUPER_27,610000,41,2,4,47,27,14
SUPER_27,620000,16,2,2,20,7,9
SUPER_27,630000,221,21,15,257,97,124
SUPER_27,640000,262,24,19,305,141,121
SUPER_27,650000,118,8,5,131,67,51
SUPER_27,660000,171,22,19,212,84,87
SUPER_27,670000,71,9,11,91,38,33
SUPER_27,680000,72,2,7,81,40,32
SUPER_27,690000,194,18,15,227,105,89
SUPER_27,700000,284,18,11,313,144,140
SUPER_27,710000,295,26,29,350,149,146
SUPER_27,720000,345,28,32,405,168,177
SUPER_27,730000,245,21,17,283,133,112
SUPER_27,740000,53,1,8,62,28,25
SUPER_27,750000,67,3,1,71,37,30
SUPER_27,760000,161,3,10,174,94,67
SUPER_27,770000,108,18,7,133,61,47
SUPER_27,780000,270,26,28,324,143,127
SUPER_27,790000,341,28,26,395,167,174
SUPER_27,800000,319,24,22,365,159,160
SUPER_27,810000,182,7,19,208,86,96
SUPER_27,820000,137,12,14,163,69,68
SUPER_27,830000,301,26,17,344,157,144
SUPER_27,840000,241,15,11,267,134,107
SUPER_27,850000,122,10,10,142,57,65
SUPER_27,860000,362,26,22,410,176,186
SUPER_27,870000,294,17,33,344,162,132
SUPER_27,880000,276,28,20,324,136,140
SUPER_27,890000,297,20,23,340,160,137
SUPER_27,900000,0,0,0,0,0,0
SUPER_27,910000,0,0,0,0,0,0
SUPER_27,920000,0,0,0,0,0,0
SUPER_27,930000,98,7,6,111,57,41
SUPER_27,940000,89,4,9,102,48,41
SUPER_27,950000,72,6,9,87,36,36
SUPER_27,960000,183,18,15,216,92,91
SUPER_27,970000,33,3,0,36,14,19
SUPER_27,980000,117,14,13,144,63,54
SUPER_27,990000,88,15,13,116,44,44
SUPER_27,1000000,136,14,7,157,80,56
SUPER_27,1010000,76,4,8,88,38,38
SUPER_27,1020000,185,16,21,222,101,84
SUPER_27,1030000,220,20,19,259,108,112
SUPER_27,1040000,78,7,8,93,44,34
SUPER_27,1050000,0,0,0,0,0,0
SUPER_27,1060000,0,0,0,0,0,0
SUPER_27,1070000,0,0,0,0,0,0
SUPER_27,1080000,0,0,0,0,0,0
SUPER_27,1090000,0,0,0,0,0,0
SUPER_27,1100000,0,0,0,0,0,0
SUPER_27,1110000,0,0,0,0,0,0
SUPER_27,1120000,0,0,0,0,0,0
SUPER_27,1130000,0,0,0,0,0,0
SUPER_27,1140000,240,16,20,276,122,118
SUPER_27,1150000,67,3,6,76,31,36
SUPER_27,1160000,265,17,25,307,151,114
SUPER_27,1170000,275,25,17,317,134,141
SUPER_27,1180000,269,18,20,307,132,137
SUPER_27,1190000,109,5,8,122,53,56
SUPER_27,1200000,89,9,11,109,47,42
SUPER_27,1210000,264,27,22,313,111,153
SUPER_27,1220000,266,26,20,312,132,134
SUPER_27,1230000,51,2,2,55,28,23
SUPER_27,1240000,14,0,0,14,8,6
SUPER_27,1250000,123,7,11,141,66,57
SUPER_27,1260000,277,16,18,311,136,141
SUPER_27,1270000,256,20,21,297,139,117
SUPER_27,1280000,272,23,29,324,138,134
SUPER_27,1290000,28,1,2,31,15,13
SUPER_27,1300000,46,6,8,60,25,21
SUPER_27,1310000,64,0,6,70,27,37
SUPER_27,1320000,119,12,9,140,59,60
SUPER_27,1330000,83,7,7,97,42,41
SUPER_27,1340000,10,1,1,12,3,7
SUPER_27,1350000,138,11,14,163,65,73
SUPER_27,1360000,228,18,19,265,110,118
SUPER_27,1370000,109,6,11,126,57,52
SUPER_27,1380000,181,18,24,223,82,99
SUPER_27,1390000,155,16,6,177,87,68
SUPER_27,1400000,189,15,18,222,105,84
SUPER_27,1410000,130,17,9,156,61,69
SUPER_27,1420000,141,5,13,159,73,68
SUPER_27,1430000,81,6,6,93,44,37
SUPER_27,1440000,32,3,1,36,22,10
SUPER_27,1450000,41,5,5,51,20,21
SUPER_27,1460000,135,12,10,157,71,64
SUPER_27,1470000,195,19,11,225,93,102
SUPER_27,1480000,82,2,3,87,43,39
SUPER_27,1490000,277,15,27,319,149,128
SUPER_27,1500000,231,21,16,268,97,134
SUPER_27,1510000,75,5,1,81,37,38
SUPER_27,1520000,97,6,8,111,54,43
SUPER_27,1530000,135,8,6,149,73,62
SUPER_27,1540000,60,2,5,67,24,36
SUPER_27,1550000,3,1,0,4,1,2
SUPER_27,1560000,23,2,1,26,15,8
SUPER_27,1570000,88,5,7,100,46,42
SUPER_27,1580000,89,6,4,99,44,45
SUPER_27,1590000,95,6,4,105,47,48
SUPER_27,1600000,223,18,17,258,105,118
SUPER_27,1610000,312,19,29,360,164,148
SUPER_27,1620000,293,27,21,341,137,156
SUPER_27,1630000,145,9,16,170,75,70
SUPER_27,1640000,0,0,0,0,0,0
SUPER_27,1650000,0,0,0,0,0,0
SUPER_27,1660000,0,0,0,0,0,0
SUPER_27,1670000,0,0,0,0,0,0
SUPER_27,1680000,0,0,0,0,0,0
SUPER_27,1690000,0,0,0,0,0,0
SUPER_27,1700000,0,0,0,0,0,0
SUPER_27,1710000,0,0,0,0,0,0
SUPER_27,1720000,0,0,0,0,0,0
SUPER_27,1730000,0,0,0,0,0,0
SUPER_27,1740000,138,14,17,169,64,74
SUPER_27,1750000,0,0,0,0,0,0
SUPER_27,1760000,0,0,0,0,0,0
SUPER_27,1770000,0,0,0,0,0,0
SUPER_27,1780000,0,0,0,0,0,0
SUPER_27,1790000,0,0,0,0,0,0
SUPER_27,1800000,0,0,0,0,0,0
SUPER_27,1810000,0,0,0,0,0,0
SUPER_27,1820000,0,0,0,0,0,0
SUPER_27,1830000,0,0,0,0,0,0
SUPER_27,1840000,0,0,0,0,0,0
SUPER_27,1850000,0,0,0,0,0,0
SUPER_27,1860000,13,2,0,15,7,6
SUPER_27,1870000,136,12,8,156,70,66
SUPER_27,1880000,33,6,3,42,20,13
SUPER_27,1890000,32,2,2,36,16,16
SUPER_27,1900000,14,1,2,17,5,9
SUPER_27,1910000,80,2,8,90,36,44
SUPER_27,1920000,80,10,6,96,37,43
SUPER_27,1930000,25,2,2,29,12,13
SUPER_27,1940000,43,2,3,48,24,19
SUPER_27,1950000,24,0,2,26,11,13
SUPER_27,1960000,11,0,1,12,6,5
SUPER_27,1970000,134,11,9,154,75,59
SUPER_27,1980000,257,24,26,307,138,119
SUPER_27,1990000,318,19,31,368,163,155
SUPER_27,2000000,145,12,16,173,69,76
SUPER_27,2010000,38,6,5,49,22,16
SUPER_27,2020000,140,10,16,166,70,70
SUPER_27,2030000,119,6,2,127,54,65
SUPER_27,2040000,249,22,21,292,128,121
SUPER_27,2050000,264,13,22,299,138,126
SUPER_27,2060000,40,2,3,45,21,19
SUPER_27,2070000,37,1,7,45,19,18
SUPER_27,2080000,213,13,22,248,120,93
SUPER_27,2090000,250,12,21,283,138,112
SUPER_27,2100000,218,22,24,264,121,97
SUPER_27,2110000,87,6,8,101,47,40
SUPER_27,2120000,86,2,7,95,45,41
SUPER_27,2130000,241,20,28,289,116,125
SUPER_27,2140000,219,25,26,270,112,107
SUPER_27,2150000,134,14,9,157,64,70
SUPER_27,2160000,201,17,18,236,107,94
SUPER_27,2170000,145,9,11,165,76,69
SUPER_27,2180000,204,11,16,231,110,94
SUPER_27,2190000,0,0,0,0,0,0
SUPER_27,2200000,0,0,0,0,0,0
SUPER_27,2210000,0,0,0,0,0,0
SUPER_27,2220000,0,0,0,0,0,0
SUPER_27,2230000,199,12,9,220,110,89
SUPER_27,2240000,107,9,7,123,56,51
SUPER_27,2250000,150,8,12,170,79,71
SUPER_27,2260000,138,7,13,158,64,74
SUPER_27,2270000,60,3,1,64,30,30
SUPER_27,2280000,48,2,7,57,23,25
SUPER_27,2290000,8,1,0,9,8,0
SUPER_27,2300000,23,1,3,27,17,6
SUPER_27,2310000,25,2,4,31,16,9
SUPER_27,2320000,55,4,3,62,27,28
SUPER_27,2330000,22,1,2,25,14,8
SUPER_27,2340000,69,3,5,77,38,31
SUPER_27,2350000,109,8,12,129,65,44
SUPER_27,2360000,21,0,1,22,14,7
SUPER_27,2370000,36,5,8,49,17,19
SUPER_27,2380000,51,6,3,60,32,19
SUPER_27,2390000,26,4,2,32,18,8
SUPER_27,2400000,40,7,9,56,18,22
SUPER_27,2410000,160,19,13,192,83,77
SUPER_27,2420000,206,21,16,243,104,102
SUPER_27,2430000,139,10,13,162,68,71
SUPER_27,2440000,39,6,6,51,17,22
SUPER_27,2450000,100,14,9,123,48,52
SUPER_27,2460000,77,3,3,83,40,37
SUPER_27,2470000,188,12,19,219,88,100
SUPER_27,2480000,146,6,8,160,73,73
SUPER_27,2490000,290,24,35,349,154,136
SUPER_27,2500000,167,15,12,194,84,83
SUPER_27,2510000,110,9,16,135,63,47
SUPER_27,2520000,190,19,27,236,89,101
SUPER_27,2530000,205,25,11,241,108,97
SUPER_27,2540000,0,0,0,0,0,0
SUPER_27,2550000,0,0,0,0,0,0
SUPER_27,2560000,305,31,32,368,175,130
SUPER_27,2570000,140,10,10,160,74,66
SUPER_27,2580000,28,3,3,34,7,21
SUPER_27,2590000,104,8,8,120,44,60
SUPER_27,2600000,47,2,2,51,25,22
SUPER_27,2610000,93,3,7,103,53,40
SUPER_27,2620000,70,3,6,79,42,28
SUPER_27,2630000,32,2,0,34,15,17
SUPER_27,2640000,65,10,7,82,33,32
SUPER_27,2650000,30,2,4,36,20,10
SUPER_27,2660000,3,0,0,3,0,3
SUPER_27,2670000,71,1,9,81,39,32
SUPER_27,2680000,141,13,6,160,79,62
SUPER_27,2690000,194,20,20,234,96,98
SUPER_27,2700000,9,2,3,14,4,5
SUPER_27,2710000,144,12,8,164,73,71
SUPER_27,2720000,291,31,39,361,140,151
SUPER_27,2730000,326,14,32,372,163,163
SUPER_27,2740000,173,17,8,198,80,93
SUPER_27,2750000,140,8,10,158,81,59
SUPER_27,2760000,306,26,33,365,150,156
SUPER_27,2770000,0,0,0,0,0,0
SUPER_27,2780000,0,0,0,0,0,0
SUPER_27,2790000,197,16,19,232,107,89
SUPER_27,2800000,109,6,13,128,54,55
SUPER_27,2810000,155,14,15,184,72,83
SUPER_27,2820000,105,13,12,130,51,54
SUPER_27,2830000,161,13,17,191,68,93
SUPER_27,2840000,175,12,17,204,74,101
SUPER_27,2850000,76,8,5,89,45,31
SUPER_27,2860000,99,10,4,113,54,45
SUPER_27,2870000,0,0,0,0,0,0
SUPER_27,2880000,0,0,0,0,0,0
SUPER_27,2890000,0,0,0,0,0,0
SUPER_27,2900000,115,4,10,129,55,60
SUPER_27,2910000,44,4,2,50,23,21
SUPER_27,2920000,43,1,4,48,27,16
SUPER_27,2930000,249,12,25,286,130,119
SUPER_27,2940000,170,17,18,205,85,85
SUPER_27,2950000,72,11,7,90,32,40
SUPER_27,2960000,132,10,11,153,63,69
SUPER_27,2970000,190,12,16,218,102,88
SUPER_27,2980000,178,12,18,208,86,92
SUPER_27,2990000,38,1,2,41,21,17
SUPER_27,3000000,21,2,1,24,10,11
SUPER_27,3010000,47,0,3,50,26,21
SUPER_27,3020000,0,0,0,0,0,0
SUPER_27,3030000,0,0,0,0,0,0
SUPER_27,3040000,0,0,0,0,0,0
SUPER_27,3050000,0,0,0,0,0,0
SUPER_27,3060000,0,0,0,0,0,0
SUPER_27,3070000,0,0,0,0,0,0
SUPER_27,3080000,0,0,0,0,0,0
SUPER_27,3090000,0,0,0,0,0,0
SUPER_27,3100000,0,0,0,0,0,0
SUPER_27,3110000,0,0,0,0,0,0
SUPER_27,3120000,0,0,0,0,0,0
SUPER_27,3130000,0,0,0,0,0,0
SUPER_27,3140000,0,0,0,0,0,0
SUPER_27,3150000,0,0,0,0,0,0
SUPER_27,3160000,33,4,3,40,17,16
SUPER_27,3170000,57,9,6,72,32,25
SUPER_27,3180000,0,0,0,0,0,0
SUPER_27,3190000,0,0,0,0,0,0
SUPER_27,3200000,0,0,0,0,0,0
SUPER_27,3210000,0,0,0,0,0,0
SUPER_27,3220000,0,0,0,0,0,0
SUPER_27,3230000,0,0,0,0,0,0
SUPER_27,3240000,0,0,0,0,0,0
SUPER_27,3250000,0,0,0,0,0,0
SUPER_27,3260000,0,0,0,0,0,0
SUPER_27,3270000,0,0,0,0,0,0
SUPER_27,3280000,0,0,0,0,0,0
SUPER_27,3290000,0,0,0,0,0,0
SUPER_27,3300000,0,0,0,0,0,0
SUPER_27,3310000,0,0,0,0,0,0
SUPER_27,3320000,0,0,0,0,0,0
SUPER_27,3330000,0,0,0,0,0,0
SUPER_27,3340000,0,0,0,0,0,0
SUPER_27,3350000,0,0,0,0,0,0
SUPER_27,3360000,45,3,3,51,25,20
SUPER_27,3370000,57,8,11,76,25,32
SUPER_27,3380000,61,2,6,69,31,30
SUPER_27,3390000,42,2,4,48,26,16
SUPER_27,3400000,16,0,3,19,5,11
SUPER_27,3410000,33,2,4,39,12,21
SUPER_27,3420000,59,2,4,65,30,29
SUPER_27,3430000,0,0,0,0,0,0
SUPER_27,3440000,0,0,0,0,0,0
SUPER_27,3450000,0,0,0,0,0,0
SUPER_27,3460000,0,0,0,0,0,0
SUPER_27,3470000,0,0,0,0,0,0
SUPER_27,3480000,0,0,0,0,0,0
SUPER_27,3490000,0,0,0,0,0,0
SUPER_27,3500000,0,0,0,0,0,0
SUPER_27,3510000,0,0,0,0,0,0
SUPER_27,3520000,0,0,0,0,0,0
SUPER_27,3530000,0,0,0,0,0,0
SUPER_27,3540000,0,0,0,0,0,0
SUPER_27,3550000,0,0,0,0,0,0
SUPER_27,3560000,0,0,0,0,0,0
SUPER_27,3570000,0,0,0,0,0,0
SUPER_27,3580000,0,0,0,0,0,0
SUPER_27,3590000,0,0,0,0,0,0
SUPER_27,3600000,0,0,0,0,0,0
SUPER_27,3610000,0,0,0,0,0,0
SUPER_27,3620000,0,0,0,0,0,0
SUPER_27,3630000,0,0,0,0,0,0
SUPER_27,3640000,0,0,0,0,0,0
SUPER_27,3650000,0,0,0,0,0,0
SUPER_27,3660000,0,0,0,0,0,0
SUPER_27,3670000,7,1,1,9,3,4
SUPER_27,3680000,17,3,2,22,6,11
SUPER_27,3690000,0,0,0,0,0,0
SUPER_27,3700000,0,0,0,0,0,0
SUPER_27,3710000,35,2,1,38,19,16
SUPER_27,3720000,0,0,0,0,0,0
SUPER_27,3730000,0,0,0,0,0,0
SUPER_27,3740000,0,0,0,0,0,0
SUPER_27,3750000,0,0,0,0,0,0
SUPER_27,3760000,0,0,0,0,0,0
SUPER_27,3770000,0,0,0,0,0,0
SUPER_27,3780000,0,0,0,0,0,0
SUPER_27,3790000,0,0,0,0,0,0
SUPER_27,3800000,0,0,0,0,0,0
SUPER_27,3810000,27,1,7,35,14,13
SUPER_27,3820000,31,7,0,38,21,10
SUPER_27,3830000,56,4,6,66,30,26
SUPER_27,3840000,75,5,5,85,41,34
SUPER_27,3850000,124,9,10,143,56,68
SUPER_27,3860000,21,3,3,27,9,12
SUPER_27,3870000,127,8,8,143,62,65
SUPER_27,3880000,13,2,1,16,4,9
SUPER_27,3890000,108,9,16,133,60,48
SUPER_27,3900000,122,8,4,134,68,54
SUPER_27,3910000,60,5,5,70,29,31
SUPER_27,3920000,2,1,1,4,1,1
SUPER_27,3930000,55,2,4,61,31,24
SUPER_27,3940000,147,5,13,165,83,64
SUPER_27,3950000,267,23,26,316,141,126
SUPER_27,3960000,298,25,28,351,150,148
SUPER_27,3970000,229,17,22,268,118,111
SUPER_27,3980000,168,11,8,187,71,97
SUPER_27,3990000,95,7,6,108,52,43
SUPER_27,4000000,16,0,1,17,8,8
SUPER_27,4010000,23,1,2,26,12,11
SUPER_27,4020000,27,1,0,28,14,13
SUPER_27,4030000,16,1,3,20,10,6
SUPER_27,4040000,157,8,16,181,76,81
SUPER_27,4050000,234,17,23,274,118,116
SUPER_27,4060000,19,0,3,22,15,4
SUPER_27,4070000,117,14,11,142,57,60
SUPER_27,4080000,180,18,16,214,90,90
SUPER_27,4090000,211,21,14,246,107,104
SUPER_27,4100000,267,29,33,329,126,141
SUPER_27,4110000,182,19,24,225,98,84
SUPER_27,4120000,239,26,30,295,127,112
SUPER_27,4130000,184,28,25,237,82,102
SUPER_27,4140000,209,18,37,264,105,104
SUPER_27,4150000,202,28,16,246,97,105
SUPER_27,4160000,277,22,16,315,156,121
SUPER_27,4170000,91,12,13,116,39,52
SUPER_27,4180000,227,17,24,268,118,109
SUPER_27,4190000,245,18,26,289,126,119
SUPER_27,4200000,270,22,25,317,136,134
SUPER_27,4210000,283,19,28,330,137,146
SUPER_27,4220000,114,7,7,128,55,59
SUPER_27,4230000,182,11,11,204,87,95
SUPER_27,4240000,150,13,19,182,71,79
SUPER_27,4250000,304,27,25,356,153,151
SUPER_27,4260000,71,1,9,81,32,39
SUPER_27,4270000,154,13,16,183,83,71
SUPER_27,4280000,293,19,25,337,152,141
SUPER_27,4290000,99,7,10,116,59,40
SUPER_27,4300000,7,1,0,8,3,4
SUPER_27,4310000,77,6,6,89,34,43
SUPER_27,4320000,12,2,0,14,7,5
SUPER_27,4330000,106,11,11,128,60,46
SUPER_27,4340000,132,13,17,162,68,64
SUPER_27,4350000,177,15,20,212,92,85
SUPER_27,4360000,100,9,3,112,50,50
SUPER_27,4370000,93,7,8,108,42,51
SUPER_27,4380000,203,17,37,257,101,102
SUPER_27,4390000,150,7,15,172,77,73
SUPER_27,4400000,136,11,16,163,52,84
SUPER_27,4410000,69,5,3,77,44,25
SUPER_27,4420000,92,11,6,109,44,48
SUPER_27,4430000,72,3,9,84,35,37
SUPER_27,4440000,109,8,6,123,52,57
SUPER_27,4450000,202,28,24,254,108,94
SUPER_27,4460000,57,1,4,62,25,32
SUPER_27,4470000,35,3,5,43,19,16
SUPER_27,4480000,29,0,1,30,17,12
SUPER_27,4490000,207,14,18,239,112,95
SUPER_27,4500000,196,20,9,225,112,84
SUPER_27,4510000,65,0,4,69,37,28
SUPER_27,4520000,199,15,17,231,98,101
SUPER_27,4530000,157,15,12,184,79,78
SUPER_27,4540000,52,3,3,58,23,29
SUPER_27,4550000,0,0,0,0,0,0
SUPER_27,4560000,0,0,0,0,0,0
SUPER_27,4570000,227,15,20,262,125,102
SUPER_27,4580000,267,13,25,305,134,133
SUPER_27,4590000,369,32,26,427,189,180
SUPER_27,4600000,245,22,13,280,120,125
SUPER_27,4610000,56,4,7,67,22,34
SUPER_27,4620000,32,3,5,40,15,17
SUPER_27,4630000,37,3,4,44,13,24
SUPER_27,4640000,22,2,2,26,12,10
SUPER_27,4650000,168,13,18,199,80,88
SUPER_27,4660000,63,3,6,72,29,34
SUPER_27,4670000,103,12,12,127,48,55
SUPER_27,4680000,125,11,9,145,61,64
SUPER_27,4690000,247,26,30,303,118,129
SUPER_27,4700000,346,24,23,393,172,174
SUPER_27,4710000,313,24,26,363,177,136
SUPER_27,4720000,239,22,17,278,110,129
SUPER_27,4730000,139,15,10,164,80,59
SUPER_27,4740000,98,8,9,115,54,44
SUPER_27,4750000,242,17,21,280,126,116
SUPER_27,4760000,296,17,24,337,162,134
SUPER_27,4770000,73,9,6,88,46,27
SUPER_27,4780000,139,7,8,154,68,71
SUPER_27,4790000,177,12,21,210,89,88
SUPER_27,4800000,274,24,30,328,144,130
SUPER_27,4810000,223,17,23,263,115,108
SUPER_27,4820000,231,18,31,280,101,130
SUPER_27,4830000,162,13,14,189,93,69
SUPER_27,4840000,269,24,29,322,121,148
SUPER_27,4850000,250,26,23,299,115,135
SUPER_27,4860000,233,24,20,277,110,123
SUPER_27,4870000,170,20,19,209,85,85
SUPER_27,4880000,223,14,21,258,106,117
SUPER_27,4890000,255,32,29,316,123,132
SUPER_27,4900000,246,15,35,296,120,126
SUPER_27,4910000,15,0,0,15,5,10
SUPER_27,4920000,23,3,4,30,10,13
SUPER_27,4930000,98,7,9,114,40,58
SUPER_27,4940000,231,23,20,274,116,115
SUPER_27,4950000,62,2,11,75,35,27
SUPER_27,4960000,0,0,0,0,0,0
SUPER_27,4970000,0,0,0,0,0,0
SUPER_27,4980000,41,2,3,46,18,23
SUPER_27,4990000,142,10,9,161,80,62
SUPER_27,5000000,33,2,1,36,19,14
SUPER_27,5010000,47,1,7,55,22,25
SUPER_27,5020000,70,6,6,82,44,26
SUPER_27,5030000,275,22,17,314,146,129
SUPER_27,5040000,265,16,21,302,135,130
SUPER_27,5050000,23,0,0,23,9,14
SUPER_27,5060000,59,3,3,65,35,24
SUPER_27,5070000,59,2,2,63,29,30
SUPER_27,5080000,89,4,6,99,40,49
SUPER_27,5090000,51,5,4,60,32,19
SUPER_27,5100000,120,13,17,150,63,57
SUPER_27,5110000,73,6,1,80,41,32
SUPER_27,5120000,113,9,12,134,59,54
SUPER_27,5130000,246,16,12,274,126,120
SUPER_27,5140000,263,30,27,320,135,128
SUPER_27,5150000,178,10,18,206,83,95
SUPER_27,5160000,202,16,22,240,103,99
SUPER_27,5170000,8,2,0,10,6,2
SUPER_27,5180000,115,15,7,137,60,55
SUPER_27,5190000,8,0,0,8,4,4
SUPER_27,5200000,103,12,11,126,50,53
SUPER_27,5210000,178,22,22,222,83,95
SUPER_27,5220000,215,23,19,257,106,109
SUPER_27,5230000,246,12,20,278,132,114
SUPER_27,5240000,303,29,25,357,156,147
SUPER_27,5250000,238,11,16,265,130,108
SUPER_27,5260000,174,19,8,201,82,92
SUPER_27,5270000,269,17,16,302,151,118
SUPER_27,5280000,195,13,11,219,102,93
SUPER_27,5290000,11,1,3,15,4,7
SUPER_27,5300000,168,10,12,190,81,87
SUPER_27,5310000,54,6,3,63,33,21
SUPER_27,5320000,31,5,5,41,16,15
SUPER_27,5330000,232,13,23,268,120,112
SUPER_27,5340000,45,8,0,53,25,20
SUPER_27,5350000,118,10,10,138,54,64
SUPER_27,5360000,220,17,17,254,104,116
SUPER_27,5370000,99,15,9,123,50,49
SUPER_27,5380000,161,7,23,191,77,84
SUPER_27,5390000,57,2,5,64,26,31
SUPER_27,5400000,167,14,12,193,79,88
SUPER_27,5410000,34,2,5,41,22,12
SUPER_27,5420000,9,0,2,11,8,1
SUPER_27,5430000,139,15,19,173,63,76
SUPER_27,5440000,207,17,18,242,107,100
SUPER_27,5450000,141,19,22,182,66,75
SUPER_27,5460000,0,3,1,4,0,0
SUPER_27,5470000,1,0,0,1,1,0
SUPER_27,5480000,25,1,4,30,15,10
SUPER_27,5490000,159,16,23,198,66,93
SUPER_27,5500000,285,25,27,337,144,141
SUPER_27,5510000,278,28,26,332,113,165
SUPER_27,5520000,318,30,33,381,154,164
SUPER_27,5530000,56,9,3,68,27,29
SUPER_27,5540000,134,7,16,157,60,74
SUPER_27,5550000,55,3,2,60,33,22
SUPER_27,5560000,35,5,4,44,17,18
SUPER_27,5570000,152,20,26,198,68,84
SUPER_27,5580000,259,26,25,310,131,128
SUPER_27,5590000,168,13,12,193,84,84
SUPER_27,5600000,107,5,7,119,46,61
SUPER_27,5610000,182,14,15,211,94,88
SUPER_27,5620000,202,13,18,233,105,97
SUPER_27,5630000,275,26,26,327,147,128
SUPER_27,5640000,264,25,23,312,117,147
SUPER_27,5650000,273,27,20,320,122,151
SUPER_27,5660000,298,23,27,348,151,147
SUPER_27,5670000,286,26,29,341,139,147
SUPER_27,5680000,98,8,9,115,59,39
SUPER_27,5690000,127,10,12,149,63,64
SUPER_27,5700000,164,11,10,185,82,82
SUPER_27,5710000,196,18,18,232,97,99
SUPER_27,5720000,129,10,14,153,68,61
SUPER_27,5730000,87,8,10,105,45,42
SUPER_27,5740000,289,29,38,356,163,126
SUPER_27,5750000,245,17,18,280,132,113
SUPER_27,5760000,298,24,18,340,151,147
SUPER_27,5770000,193,10,16,219,107,86
SUPER_27,5780000,266,23,38,327,146,120
SUPER_27,5790000,246,22,14,282,136,110
SUPER_27,5800000,276,23,24,323,119,157
SUPER_27,5810000,158,14,14,186,83,75
SUPER_27,5820000,275,16,16,307,147,128
SUPER_27,5830000,183,23,14,220,86,97
SUPER_27,5840000,222,15,19,256,115,107
SUPER_27,5850000,107,12,8,127,58,49
SUPER_27,5860000,27,0,1,28,17,10
SUPER_27,5870000,26,4,2,32,8,18
SUPER_27,5880000,51,7,4,62,28,23
SUPER_27,5890000,0,0,0,0,0,0
SUPER_27,5900000,0,0,0,0,0,0
SUPER_27,5910000,86,2,11,99,39,47
SUPER_27,5920000,5,0,0,5,2,3
SUPER_27,5930000,63,3,7,73,31,32
SUPER_27,5940000,122,2,8,132,48,74
SUPER_27,5950000,6,0,0,6,3,3
SUPER_27,5960000,164,11,10,185,83,81
SUPER_27,5970000,102,9,6,117,56,46
SUPER_27,5980000,184,11,19,214,81,103
SUPER_27,5990000,103,9,14,126,56,47
SUPER_27,6000000,89,8,13,110,51,38
SUPER_27,6010000,117,6,11,134,60,57
SUPER_27,6020000,124,18,11,153,65,59
SUPER_27,6030000,179,13,19,211,89,90
SUPER_27,6040000,55,6,3,64,27,28
SUPER_27,6050000,199,16,25,240,84,115
SUPER_27,6060000,146,10,13,169,79,67
SUPER_27,6070000,37,3,3,43,28,9
SUPER_27,6080000,174,12,12,198,95,79
SUPER_27,6090000,184,16,20,220,97,87
SUPER_27,6100000,66,4,9,79,38,28
SUPER_27,6110000,30,1,6,37,22,8
SUPER_27,6120000,231,22,17,270,122,109
SUPER_27,6130000,175,11,16,202,84,91
SUPER_27,6140000,0,0,0,0,0,0
SUPER_27,6150000,0,0,0,0,0,0
SUPER_27,6160000,0,0,0,0,0,0
SUPER_27,6170000,0,0,0,0,0,0
SUPER_27,6180000,0,0,0,0,0,0
SUPER_27,6190000,0,0,0,0,0,0
SUPER_27,6200000,0,0,0,0,0,0
SUPER_27,6210000,0,0,0,0,0,0
SUPER_27,6220000,33,3,2,38,18,15
SUPER_27,6230000,0,0,0,0,0,0
SUPER_27,6240000,0,0,0,0,0,0
SUPER_27,6250000,0,0,0,0,0,0
SUPER_27,6260000,0,0,0,0,0,0
SUPER_27,6270000,0,0,0,0,0,0
SUPER_27,6280000,161,10,11,182,77,84
SUPER_27,6290000,51,8,0,59,29,22
SUPER_27,6300000,59,3,6,68,26,33
SUPER_27,6310000,8,0,0,8,5,3
SUPER_27,6320000,45,4,6,55,26,19
SUPER_27,6330000,0,0,0,0,0,0
SUPER_27,6340000,0,0,0,0,0,0
SUPER_27,6350000,36,1,5,42,25,11
SUPER_27,6360000,40,1,3,44,26,14
SUPER_27,6370000,14,2,1,17,11,3
SUPER_27,6380000,13,1,0,14,6,7
SUPER_27,6390000,0,0,0,0,0,0
SUPER_27,6400000,0,0,0,0,0,0
SUPER_27,6410000,19,2,1,22,9,10
SUPER_27,6420000,217,24,20,261,97,120
SUPER_27,6430000,314,26,35,375,163,151
SUPER_27,6440000,320,24,19,363,168,152
SUPER_27,6450000,273,30,18,321,123,150
SUPER_27,6460000,240,20,20,280,117,123
SUPER_27,6470000,178,15,18,211,95,83
SUPER_27,6480000,197,11,11,219,100,97
SUPER_27,6490000,260,18,27,305,115,145
SUPER_27,6500000,270,17,27,314,119,151
SUPER_27,6510000,72,3,2,77,41,31
SUPER_27,6520000,235,11,19,265,128,107
SUPER_27,6530000,284,18,36,338,149,135
SUPER_27,6540000,186,26,19,231,90,96
SUPER_27,6550000,56,3,5,64,30,26
SUPER_27,6560000,15,2,3,20,10,5
SUPER_27,6570000,70,5,7,82,29,41
SUPER_27,6580000,63,7,6,76,38,25
SUPER_27,6590000,297,21,27,345,158,139
SUPER_27,6600000,250,18,23,291,135,115
SUPER_27,6610000,214,15,9,238,96,118
SUPER_27,6620000,175,10,19,204,87,88
SUPER_27,6630000,234,21,24,279,133,101
SUPER_27,6640000,53,4,7,64,27,26
SUPER_27,6650000,219,22,22,263,103,116
SUPER_27,6660000,276,25,28,329,154,122
SUPER_27,6670000,234,22,21,277,114,120
SUPER_27,6680000,81,3,5,89,51,30
SUPER_27,6690000,65,6,3,74,32,33
SUPER_27,6700000,237,16,9,262,131,106
SUPER_27,6710000,140,12,11,163,67,73
SUPER_27,6720000,72,9,7,88,38,34
SUPER_27,6730000,217,24,23,264,107,110
SUPER_27,6740000,11,3,0,14,6,5
SUPER_27,6750000,150,11,14,175,70,80
SUPER_27,6760000,167,14,20,201,80,87
SUPER_27,6770000,166,14,16,196,77,89
SUPER_27,6780000,65,4,5,74,39,26
SUPER_27,6790000,180,9,7,196,105,75
SUPER_27,6800000,41,4,1,46,24,17
SUPER_27,6810000,16,0,0,16,9,7
SUPER_27,6820000,20,1,2,23,9,11
SUPER_27,6830000,1,1,0,2,0,1
SUPER_27,6840000,95,9,7,111,49,46
SUPER_27,6850000,58,4,4,66,30,28
SUPER_27,6860000,5,0,0,5,5,0
SUPER_27,6870000,129,13,8,150,64,65
SUPER_27,6880000,156,12,17,185,82,74
SUPER_27,6890000,59,2,2,63,30,29
SUPER_27,6900000,173,15,13,201,75,98
SUPER_27,6910000,91,8,5,104,46,45
SUPER_27,6920000,145,7,9,161,80,65
SUPER_27,6930000,281,23,26,330,148,133
SUPER_27,6940000,272,22,27,321,127,145
SUPER_27,6950000,115,9,9,133,55,60
SUPER_27,6960000,84,7,9,100,44,40
SUPER_27,6970000,258,29,18,305,116,142
SUPER_27,6980000,256,29,11,296,136,120
SUPER_27,6990000,120,12,10,142,60,60
SUPER_27,7000000,160,18,17,195,86,74
SUPER_27,7010000,184,10,18,212,93,91
SUPER_27,7020000,148,11,15,174,80,68
SUPER_27,7030000,146,9,10,165,82,64
SUPER_27,7040000,155,13,13,181,84,71
SUPER_27,7050000,56,5,1,62,34,22
SUPER_27,7060000,88,7,4,99,41,47
SUPER_27,7070000,70,3,7,80,39,31
SUPER_27,7080000,204,19,20,243,86,118
SUPER_27,7090000,9,1,2,12,6,3
SUPER_27,7100000,42,1,3,46,21,21
SUPER_27,7110000,13,3,1,17,3,10
SUPER_27,7120000,115,13,14,142,47,68
SUPER_27,7130000,157,9,16,182,86,71
SUPER_27,7140000,119,10,7,136,59,60
SUPER_27,7150000,150,1,5,156,73,77
SUPER_27,7160000,175,8,17,200,97,78
SUPER_27,7170000,188,11,11,210,99,89
SUPER_27,7180000,127,10,11,148,67,60
SUPER_27,7190000,19,0,1,20,12,7
SUPER_27,7200000,12,0,0,12,8,4
SUPER_27,7210000,56,3,4,63,28,28
SUPER_27,7220000,182,16,21,219,82,100
SUPER_27,7230000,48,1,3,52,31,17
SUPER_27,7240000,82,3,11,96,40,42
SUPER_27,7250000,125,13,8,146,63,62
SUPER_27,7260000,53,1,4,58,24,29
SUPER_27,7270000,113,6,9,128,59,54
SUPER_27,7280000,9,3,1,13,7,2
SUPER_27,7290000,126,8,11,145,59,67
SUPER_27,7300000,227,7,12,246,128,99
SUPER_27,7310000,29,1,1,31,18,11
SUPER_27,7320000,129,11,10,150,74,55
SUPER_27,7330000,117,10,6,133,66,51
SUPER_27,7340000,190,15,10,215,90,100
SUPER_27,7350000,311,24,18,353,155,156
SUPER_27,7360000,338,26,37,401,168,170
SUPER_27,7370000,204,19,24,247,99,105
SUPER_27,7380000,191,24,23,238,91,100
SUPER_27,7390000,276,24,34,334,119,157
SUPER_27,7400000,228,26,26,280,113,115
SUPER_27,7410000,168,13,16,197,78,90
SUPER_27,7420000,217,10,31,258,98,119
SUPER_27,7430000,30,2,5,37,21,9
SUPER_27,7440000,15,4,5,24,9,6
SUPER_27,7450000,90,7,11,108,36,54
SUPER_27,7460000,294,22,18,334,159,135
SUPER_27,7470000,78,8,9,95,22,56
SUPER_27,7480000,18,1,1,20,8,10
SUPER_27,7490000,92,4,10,106,42,50
SUPER_27,7500000,97,7,12,116,52,45
SUPER_27,7510000,0,0,0,0,0,0
SUPER_27,7520000,0,0,0,0,0,0
SUPER_27,7530000,201,16,12,229,101,100
SUPER_27,7540000,272,20,23,315,141,131
SUPER_27,7550000,161,19,13,193,85,76
SUPER_27,7560000,170,18,15,203,89,81
SUPER_27,7570000,295,19,16,330,154,141
SUPER_27,7580000,146,14,10,170,84,62
SUPER_27,7590000,261,14,25,300,146,115
SUPER_27,7600000,350,24,42,416,172,178
SUPER_27,7610000,180,14,12,206,95,85
SUPER_27,7620000,142,12,8,162,81,61
SUPER_27,7630000,104,5,3,112,55,49
SUPER_27,7640000,8,1,2,11,4,4
SUPER_27,7650000,168,17,13,198,102,66
SUPER_27,7660000,268,24,26,318,134,134
SUPER_27,7670000,273,22,27,322,124,149
SUPER_27,7680000,303,20,32,355,144,159
SUPER_27,7690000,313,23,28,364,167,146
SUPER_27,7700000,59,5,3,67,32,27
SUPER_27,7710000,29,1,3,33,14,15
SUPER_27,7720000,72,4,4,80,38,34
SUPER_27,7730000,212,16,14,242,102,110
SUPER_27,7740000,238,15,19,272,124,114
SUPER_27,7750000,199,15,14,228,105,94
SUPER_27,7760000,149,10,9,168,84,65
SUPER_27,7770000,227,16,20,263,120,106
SUPER_27,7780000,220,20,21,261,114,106
SUPER_27,7790000,193,18,14,225,106,87
SUPER_27,7800000,220,28,20,268,126,94
SUPER_27,7810000,160,15,9,184,96,64
SUPER_27,7820000,119,9,4,132,57,62
SUPER_27,7830000,167,11,9,187,89,78
SUPER_27,7840000,314,20,25,359,159,155
SUPER_27,7850000,106,6,5,117,56,50
SUPER_27,7860000,121,3,9,133,73,48
SUPER_27,7870000,200,14,22,236,112,88
SUPER_27,7880000,95,1,0,96,51,44
SUPER_27,7890000,120,3,5,128,60,60
SUPER_27,7900000,187,14,15,216,100,87
SUPER_27,7910000,135,8,16,159,66,69
SUPER_27,7920000,204,17,20,241,115,89
SUPER_27,7930000,242,29,27,298,115,127
SUPER_27,7940000,122,14,12,148,64,58
SUPER_27,7950000,151,11,10,172,80,71
SUPER_27,7960000,63,2,3,68,41,22
SUPER_27,7970000,214,22,20,256,111,103
SUPER_27,7980000,234,19,33,286,114,120
SUPER_27,7990000,265,16,20,301,138,127
SUPER_27,8000000,241,18,23,282,134,107
SUPER_27,8010000,112,12,10,134,52,60
SUPER_27,8020000,251,26,28,305,130,121
SUPER_27,8030000,135,13,11,159,73,62
SUPER_27,8040000,180,16,18,214,114,66
SUPER_27,8050000,0,0,0,0,0,0
SUPER_27,8060000,0,0,0,0,0,0
SUPER_27,8070000,150,17,10,177,75,75
SUPER_27,8080000,39,3,1,43,20,19
SUPER_27,8090000,5,1,1,7,2,3
SUPER_27,8100000,6,1,0,7,3,3
SUPER_27,8110000,0,0,0,0,0,0
SUPER_27,8120000,0,0,0,0,0,0
SUPER_27,8130000,0,0,0,0,0,0
SUPER_27,8140000,0,0,0,0,0,0
SUPER_27,8150000,0,0,0,0,0,0
SUPER_27,8160000,0,0,0,0,0,0
SUPER_27,8170000,0,0,0,0,0,0
SUPER_27,8180000,0,0,0,0,0,0
SUPER_27,8190000,0,0,0,0,0,0
SUPER_27,8200000,0,0,0,0,0,0
SUPER_27,8210000,0,0,0,0,0,0
SUPER_27,8220000,0,0,0,0,0,0
SUPER_28,10000,0,0,0,0,0,0
SUPER_28,20000,0,0,0,0,0,0
SUPER_28,30000,0,0,0,0,0,0
SUPER_28,40000,0,0,0,0,0,0
SUPER_28,50000,96,13,14,123,57,39
SUPER_28,60000,35,1,2,38,20,15
SUPER_28,70000,135,6,15,156,68,67
SUPER_28,80000,144,10,10,164,84,60
SUPER_28,90000,121,5,12,138,66,55
SUPER_28,100000,254,24,21,299,124,130
SUPER_28,110000,160,8,12,180,80,80
SUPER_28,120000,196,12,17,225,101,95
SUPER_28,130000,207,19,16,242,103,104
SUPER_28,140000,50,2,2,54,26,24
SUPER_28,150000,21,0,2,23,14,7
SUPER_28,160000,6,0,1,7,2,4
SUPER_28,170000,0,0,0,0,0,0
SUPER_28,180000,0,0,0,0,0,0
SUPER_28,190000,252,20,23,295,124,128
SUPER_28,200000,151,18,16,185,86,65
SUPER_28,210000,75,3,7,85,41,34
SUPER_28,220000,248,15,12,275,135,113
SUPER_28,230000,77,3,6,86,47,30
SUPER_28,240000,81,2,7,90,43,38
SUPER_28,250000,54,7,8,69,29,25
SUPER_28,260000,86,3,5,94,50,36
SUPER_28,270000,5,1,1,7,2,3
SUPER_28,280000,70,0,3,73,37,33
SUPER_28,290000,43,3,8,54,18,25
SUPER_28,300000,75,6,7,88,39,36
SUPER_28,310000,140,13,10,163,73,67
SUPER_28,320000,130,8,8,146,68,62
SUPER_28,330000,0,0,0,0,0,0
SUPER_28,340000,0,0,0,0,0,0
SUPER_28,350000,190,12,16,218,111,79
SUPER_28,360000,320,26,31,377,134,186
SUPER_28,370000,206,23,21,250,93,113
SUPER_28,380000,98,5,8,111,51,47
SUPER_28,390000,113,4,6,123,64,49
SUPER_28,400000,257,20,11,288,134,123
SUPER_28,410000,239,16,18,273,124,115
SUPER_28,420000,268,28,22,318,131,137
SUPER_28,430000,228,16,16,260,116,112
SUPER_28,440000,206,15,12,233,99,107
SUPER_28,450000,116,3,5,124,64,52
SUPER_28,460000,105,10,12,127,47,58
SUPER_28,470000,150,9,10,169,83,67
SUPER_28,480000,259,23,18,300,131,128
SUPER_28,490000,199,11,15,225,107,92
SUPER_28,500000,37,3,3,43,16,21
SUPER_28,510000,220,13,11,244,99,121
SUPER_28,520000,214,12,20,246,96,118
SUPER_28,530000,112,7,14,133,51,61
SUPER_28,540000,138,3,4,145,79,59
SUPER_28,550000,205,16,21,242,111,94
SUPER_28,560000,127,14,11,152,76,51
SUPER_28,570000,45,2,7,54,25,20
SUPER_28,580000,102,8,8,118,56,46
SUPER_28,590000,0,0,0,0,0,0
SUPER_28,600000,0,0,0,0,0,0
SUPER_28,610000,0,0,0,0,0,0
SUPER_28,620000,47,1,4,52,27,20
SUPER_28,630000,51,4,7,62,28,23
SUPER_28,640000,64,3,5,72,35,29
SUPER_28,650000,224,18,15,257,101,123
SUPER_28,660000,41,6,4,51,21,20
SUPER_28,670000,20,4,2,26,8,12
SUPER_28,680000,122,6,12,140,53,69
SUPER_28,690000,246,24,12,282,143,103
SUPER_28,700000,245,20,25,290,117,128
SUPER_28,710000,235,23,28,286,109,126
SUPER_28,720000,11,1,2,14,6,5
SUPER_28,730000,46,0,4,50,27,19
SUPER_28,740000,81,6,7,94,48,33
SUPER_28,750000,1,0,0,1,0,1
SUPER_28,760000,133,10,9,152,54,79
SUPER_28,770000,246,26,23,295,116,130
SUPER_28,780000,276,22,22,320,134,142
SUPER_28,790000,131,10,6,147,72,59
SUPER_28,800000,39,4,1,44,19,20
SUPER_28,810000,0,0,0,0,0,0
SUPER_28,820000,0,0,0,0,0,0
SUPER_28,830000,187,8,13,208,101,86
SUPER_28,840000,169,12,14,195,97,72
SUPER_28,850000,204,7,12,223,110,94
SUPER_28,860000,133,10,10,153,60,73
SUPER_28,870000,227,21,27,275,113,114
SUPER_28,880000,12,0,0,12,6,6
SUPER_28,890000,162,14,14,190,84,78
SUPER_28,900000,101,9,11,121,51,50
SUPER_28,910000,96,10,12,118,51,45
SUPER_28,920000,294,31,35,360,139,155
SUPER_28,930000,170,16,9,195,81,89
SUPER_28,940000,187,22,10,219,102,85
SUPER_28,950000,168,9,17,194,76,92
SUPER_28,960000,136,10,7,153,77,59
SUPER_28,970000,184,13,14,211,83,101
SUPER_28,980000,129,6,4,139,68,61
SUPER_28,990000,155,10,9,174,77,78
SUPER_28,1000000,157,12,12,181,83,74
SUPER_28,1010000,200,16,22,238,103,97
SUPER_28,1020000,213,16,26,255,108,105
SUPER_28,1030000,106,11,12,129,44,62
SUPER_28,1040000,183,16,18,217,105,78
SUPER_28,1050000,114,7,9,130,62,52
SUPER_28,1060000,147,20,15,182,72,75
SUPER_28,1070000,332,20,29,381,167,165
SUPER_28,1080000,185,20,14,219,102,83
SUPER_28,1090000,266,18,29,313,136,130
SUPER_28,1100000,137,14,13,164,67,70
SUPER_28,1110000,82,6,5,93,46,36
SUPER_28,1120000,76,6,4,86,42,34
SUPER_28,1130000,112,12,8,132,55,57
SUPER_28,1140000,44,6,4,54,20,24
SUPER_28,1150000,54,4,8,66,29,25
SUPER_28,1160000,42,6,5,53,21,21
SUPER_28,1170000,74,6,11,91,43,31
SUPER_28,1180000,141,6,10,157,68,73
SUPER_28,1190000,246,21,25,292,121,125
SUPER_28,1200000,190,15,22,227,95,95
SUPER_28,1210000,167,9,18,194,80,87
SUPER_28,1220000,182,18,14,214,99,83
SUPER_28,1230000,133,9,17,159,73,60
SUPER_28,1240000,232,16,16,264,117,115
SUPER_28,1250000,91,5,7,103,54,37
SUPER_28,1260000,182,11,15,208,87,95
SUPER_28,1270000,212,22,18,252,109,103
SUPER_28,1280000,44,1,4,49,28,16
SUPER_28,1290000,77,8,9,94,40,37
SUPER_28,1300000,181,12,23,216,92,89
SUPER_28,1310000,264,20,16,300,131,133
SUPER_28,1320000,134,9,16,159,61,73
SUPER_28,1330000,99,14,5,118,46,53
SUPER_28,1340000,135,6,12,153,68,67
SUPER_28,1350000,166,14,14,194,86,80
SUPER_28,1360000,232,17,17,266,116,116
SUPER_28,1370000,171,6,12,189,79,92
SUPER_28,1380000,267,37,24,328,132,135
SUPER_28,1390000,44,2,2,48,29,15
SUPER_28,1400000,12,0,1,13,5,7
SUPER_28,1410000,79,5,5,89,40,39
SUPER_28,1420000,198,21,17,236,99,99
SUPER_28,1430000,18,4,2,24,12,6
SUPER_28,1440000,170,11,18,199,78,92
SUPER_28,1450000,137,8,7,152,75,62
SUPER_28,1460000,128,14,5,147,67,61
SUPER_28,1470000,184,14,25,223,91,93
SUPER_28,1480000,169,15,8,192,94,75
SUPER_28,1490000,120,12,6,138,57,63
SUPER_28,1500000,194,16,25,235,85,109
SUPER_28,1510000,113,1,6,120,58,55
SUPER_28,1520000,0,0,0,0,0,0
SUPER_28,1530000,0,0,0,0,0,0
SUPER_28,1540000,0,0,0,0,0,0
SUPER_28,1550000,0,0,0,0,0,0
SUPER_28,1560000,0,0,0,0,0,0
SUPER_28,1570000,0,0,0,0,0,0
SUPER_28,1580000,0,0,0,0,0,0
SUPER_28,1590000,123,9,6,138,72,51
SUPER_28,1600000,190,12,12,214,88,102
SUPER_28,1610000,264,38,29,331,137,127
SUPER_28,1620000,318,32,31,381,140,178
SUPER_28,1630000,3,1,0,4,2,1
SUPER_28,1640000,129,12,15,156,56,73
SUPER_28,1650000,279,18,30,327,147,132
SUPER_28,1660000,291,29,23,343,149,142
SUPER_28,1670000,309,16,26,351,142,167
SUPER_28,1680000,84,15,12,111,41,43
SUPER_28,1690000,266,22,24,312,122,144
SUPER_28,1700000,273,24,28,325,141,132
SUPER_28,1710000,269,22,19,310,126,143
SUPER_28,1720000,298,32,14,344,132,166
SUPER_28,1730000,286,16,22,324,139,147
SUPER_28,1740000,237,21,19,277,140,97
SUPER_28,1750000,257,24,24,305,125,132
SUPER_28,1760000,285,14,28,327,149,136
SUPER_28,1770000,202,13,17,232,104,98
SUPER_28,1780000,183,7,15,205,93,90
SUPER_28,1790000,146,12,10,168,66,80
SUPER_28,1800000,200,14,14,228,113,87
SUPER_28,1810000,237,22,20,279,123,114
SUPER_28,1820000,208,24,15,247,106,102
SUPER_28,1830000,22,1,2,25,13,9
SUPER_28,1840000,69,4,12,85,36,33
SUPER_28,1850000,113,12,10,135,68,45
SUPER_28,1860000,123,14,8,145,67,56
SUPER_28,1870000,199,17,18,234,105,94
SUPER_28,1880000,219,17,18,254,115,104
SUPER_28,1890000,60,9,7,76,33,27
SUPER_28,1900000,127,7,8,142,60,67
SUPER_28,1910000,267,18,28,313,134,133
SUPER_28,1920000,115,11,6,132,60,55
SUPER_28,1930000,202,8,17,227,118,84
SUPER_28,1940000,307,14,21,342,147,160
SUPER_28,1950000,252,20,24,296,129,123
SUPER_28,1960000,247,26,15,288,121,126
SUPER_28,1970000,269,28,29,326,131,138
SUPER_28,1980000,190,6,14,210,92,98
SUPER_28,1990000,213,22,24,259,101,112
SUPER_28,2000000,286,14,31,331,144,142
SUPER_28,2010000,110,4,10,124,56,54
SUPER_28,2020000,70,6,2,78,40,30
SUPER_28,2030000,75,5,12,92,43,32
SUPER_28,2040000,156,17,11,184,75,81
SUPER_28,2050000,151,12,18,181,85,66
SUPER_28,2060000,95,8,9,112,52,43
SUPER_28,2070000,132,12,13,157,61,71
SUPER_28,2080000,246,25,39,310,120,126
SUPER_28,2090000,213,25,15,253,107,106
SUPER_28,2100000,262,23,26,311,129,133
SUPER_28,2110000,222,22,29,273,109,113
SUPER_28,2120000,178,12,21,211,90,88
SUPER_28,2130000,154,13,14,181,73,81
SUPER_28,2140000,217,21,22,260,102,115
SUPER_28,2150000,101,10,10,121,40,61
SUPER_28,2160000,64,13,5,82,31,33
SUPER_28,2170000,96,10,8,114,42,54
SUPER_28,2180000,140,22,16,178,74,66
SUPER_28,2190000,57,9,9,75,30,27
SUPER_28,2200000,197,12,20,229,108,89
SUPER_28,2210000,173,15,21,209,90,83
SUPER_28,2220000,134,18,10,162,73,61
SUPER_28,2230000,70,6,7,83,40,30
SUPER_28,2240000,202,19,33,254,100,102
SUPER_28,2250000,229,19,37,285,110,119
SUPER_28,2260000,66,8,9,83,26,40
SUPER_28,2270000,15,1,0,16,8,7
SUPER_28,2280000,26,2,1,29,14,12
SUPER_28,2290000,21,4,1,26,9,12
SUPER_28,2300000,177,14,17,208,97,80
SUPER_28,2310000,0,0,0,0,0,0
SUPER_28,2320000,0,0,0,0,0,0
SUPER_28,2330000,221,13,12,246,120,101
SUPER_28,2340000,68,5,4,77,31,37
SUPER_28,2350000,11,0,1,12,8,3
SUPER_28,2360000,29,3,1,33,10,19
SUPER_28,2370000,43,3,4,50,24,19
SUPER_28,2380000,160,7,6,173,90,70
SUPER_28,2390000,103,7,5,115,49,54
SUPER_28,2400000,131,10,10,151,73,58
SUPER_28,2410000,247,17,14,278,120,127
SUPER_28,2420000,123,8,13,144,66,57
SUPER_28,2430000,140,8,14,162,71,69
SUPER_28,2440000,121,12,14,147,63,58
SUPER_28,2450000,24,2,1,27,14,10
SUPER_28,2460000,82,4,4,90,42,40
SUPER_28,2470000,187,12,10,209,94,93
SUPER_28,2480000,136,9,7,152,67,69
SUPER_28,2490000,231,12,10,253,114,117
SUPER_28,2500000,39,3,3,45,15,24
SUPER_28,2510000,24,1,1,26,8,16
SUPER_28,2520000,126,6,14,146,62,64
SUPER_28,2530000,48,4,1,53,21,27
SUPER_28,2540000,27,1,5,33,11,16
SUPER_28,2550000,144,11,12,167,71,73
SUPER_28,2560000,36,2,2,40,13,23
SUPER_28,2570000,203,16,11,230,93,110
SUPER_28,2580000,298,27,21,346,150,148
SUPER_28,2590000,0,0,0,0,0,0
SUPER_28,2600000,0,0,0,0,0,0
SUPER_28,2610000,131,14,5,150,71,60
SUPER_28,2620000,263,23,17,303,131,132
SUPER_28,2630000,0,0,0,0,0,0
SUPER_28,2640000,0,0,0,0,0,0
SUPER_28,2650000,139,4,13,156,73,66
SUPER_28,2660000,0,0,0,0,0,0
SUPER_28,2670000,0,0,0,0,0,0
SUPER_28,2680000,0,0,0,0,0,0
SUPER_28,2690000,0,0,0,0,0,0
SUPER_28,2700000,0,0,0,0,0,0
SUPER_28,2710000,0,0,0,0,0,0
SUPER_28,2720000,0,0,0,0,0,0
SUPER_28,2730000,48,4,3,55,23,25
SUPER_28,2740000,126,5,9,140,79,47
SUPER_28,2750000,201,17,25,243,110,91
SUPER_28,2760000,191,11,11,213,86,105
SUPER_28,2770000,33,2,3,38,17,16
SUPER_28,2780000,36,1,1,38,20,16
SUPER_28,2790000,28,1,1,30,16,12
SUPER_28,2800000,8,0,0,8,3,5
SUPER_28,2810000,101,6,10,117,54,47
SUPER_28,2820000,124,7,9,140,59,65
SUPER_28,2830000,49,4,9,62,21,28
SUPER_28,2840000,148,3,14,165,80,68
SUPER_28,2850000,180,9,11,200,106,74
SUPER_28,2860000,238,15,16,269,102,136
SUPER_28,2870000,0,0,0,0,0,0
SUPER_28,2880000,0,0,0,0,0,0
SUPER_28,2890000,83,3,8,94,42,41
SUPER_28,2900000,55,2,3,60,28,27
SUPER_28,2910000,10,0,1,11,8,2
SUPER_28,2920000,47,1,3,51,24,23
SUPER_28,2930000,182,13,13,208,97,85
SUPER_28,2940000,298,15,21,334,145,153
SUPER_28,2950000,109,9,8,126,59,50
SUPER_28,2960000,130,13,9,152,68,62
SUPER_28,2970000,62,2,2,66,33,29
SUPER_28,2980000,211,11,18,240,108,103
SUPER_28,2990000,124,7,5,136,67,57
SUPER_28,3000000,48,4,5,57,28,20
SUPER_28,3010000,97,9,9,115,57,40
SUPER_28,3020000,104,8,16,128,60,44
SUPER_28,3030000,135,9,7,151,74,61
SUPER_28,3040000,186,12,9,207,102,84
SUPER_28,3050000,114,7,8,129,67,47
SUPER_28,3060000,73,4,1,78,28,45
SUPER_28,3070000,197,19,23,239,108,89
SUPER_28,3080000,196,16,21,233,90,106
SUPER_28,3090000,76,6,1,83,43,33
SUPER_28,3100000,19,1,1,21,14,5
SUPER_28,3110000,101,3,7,111,49,52
SUPER_28,3120000,129,9,7,145,80,49
SUPER_28,3130000,290,18,9,317,166,124
SUPER_28,3140000,178,12,18,208,96,82
SUPER_28,3150000,154,8,7,169,77,77
SUPER_28,3160000,193,15,18,226,100,93
SUPER_28,3170000,239,14,19,272,116,123
SUPER_28,3180000,208,29,23,260,118,90
SUPER_28,3190000,116,16,8,140,67,49
SUPER_28,3200000,104,15,7,126,56,48
SUPER_28,3210000,0,0,0,0,0,0
SUPER_28,3220000,0,0,0,0,0,0
SUPER_28,3230000,187,12,15,214,95,92
SUPER_28,3240000,77,1,4,82,40,37
SUPER_28,3250000,198,10,14,222,108,90
SUPER_28,3260000,120,6,7,133,70,50
SUPER_28,3270000,268,23,14,305,140,128
SUPER_28,3280000,101,7,8,116,58,43
SUPER_28,3290000,114,9,11,134,65,49
SUPER_28,3300000,124,5,8,137,65,59
SUPER_28,3310000,154,8,13,175,84,70
SUPER_28,3320000,50,5,4,59,33,17
SUPER_28,3330000,0,0,1,1,0,0
SUPER_28,3340000,0,0,0,0,0,0
SUPER_28,3350000,0,0,0,0,0,0
SUPER_28,3360000,42,5,1,48,28,14
SUPER_28,3370000,88,8,9,105,47,41
SUPER_28,3380000,237,16,8,261,121,116
SUPER_28,3390000,131,13,9,153,75,56
SUPER_28,3400000,36,0,4,40,24,12
SUPER_28,3410000,69,3,2,74,42,27
SUPER_28,3420000,42,3,3,48,21,21
SUPER_28,3430000,153,10,8,171,69,84
SUPER_28,3440000,73,6,10,89,39,34
SUPER_28,3450000,100,10,7,117,43,57
SUPER_28,3460000,82,7,3,92,44,38
SUPER_28,3470000,155,23,20,198,77,78
SUPER_28,3480000,332,20,29,381,176,156
SUPER_28,3490000,149,12,15,176,68,81
SUPER_28,3500000,156,14,21,191,85,71
SUPER_28,3510000,48,2,8,58,20,28
SUPER_28,3520000,111,10,14,135,57,54
SUPER_28,3530000,224,15,19,258,124,100
SUPER_28,3540000,284,28,14,326,142,142
SUPER_28,3550000,274,26,20,320,147,127
SUPER_28,3560000,275,22,14,311,147,128
SUPER_28,3570000,187,16,12,215,98,89
SUPER_28,3580000,240,20,15,275,114,126
SUPER_28,3590000,266,22,22,310,129,137
SUPER_28,3600000,265,15,21,301,134,131
SUPER_28,3610000,219,14,13,246,107,112
SUPER_28,3620000,53,4,4,61,32,21
SUPER_28,3630000,54,1,2,57,30,24
SUPER_28,3640000,207,13,10,230,107,100
SUPER_28,3650000,122,5,12,139,72,50
SUPER_28,3660000,89,6,7,102,46,43
SUPER_28,3670000,73,9,5,87,36,37
SUPER_28,3680000,262,18,25,305,138,124
SUPER_28,3690000,227,22,18,267,118,109
SUPER_28,3700000,286,24,21,331,142,144
SUPER_28,3710000,113,6,9,128,56,57
SUPER_28,3720000,1,0,0,1,1,0
SUPER_28,3730000,115,9,2,126,51,64
SUPER_28,3740000,332,15,23,370,172,160
SUPER_28,3750000,88,6,2,96,38,50
SUPER_28,3760000,19,1,0,20,8,11
SUPER_28,3770000,0,0,0,0,0,0
SUPER_28,3780000,0,0,0,0,0,0
SUPER_28,3790000,239,20,17,276,112,127
SUPER_28,3800000,254,26,17,297,127,127
SUPER_28,3810000,287,21,22,330,159,128
SUPER_28,3820000,40,3,1,44,25,15
SUPER_28,3830000,60,5,1,66,33,27
SUPER_28,3840000,210,24,12,246,110,100
SUPER_28,3850000,255,19,20,294,123,132
SUPER_28,3860000,254,13,12,279,128,126
SUPER_28,3870000,202,12,9,223,99,103
SUPER_28,3880000,158,20,18,196,80,78
SUPER_28,3890000,108,6,11,125,51,57
SUPER_28,3900000,307,19,25,351,164,143
SUPER_28,3910000,54,4,5,63,25,29
SUPER_28,3920000,234,20,13,267,110,124
SUPER_28,3930000,259,17,12,288,136,123
SUPER_28,3940000,56,6,7,69,33,23
SUPER_28,3950000,95,3,8,106,44,51
SUPER_28,3960000,68,12,9,89,29,39
SUPER_28,3970000,81,8,5,94,41,40
SUPER_28,3980000,65,8,6,79,22,43
SUPER_28,3990000,11,0,0,11,4,7
SUPER_28,4000000,196,11,9,216,119,77
SUPER_28,4010000,271,19,15,305,160,111
SUPER_28,4020000,197,10,13,220,97,100
SUPER_28,4030000,97,3,4,104,48,49
SUPER_28,4040000,86,5,6,97,43,43
SUPER_28,4050000,70,5,6,81,30,40
SUPER_28,4060000,0,0,0,0,0,0
SUPER_28,4070000,0,0,0,0,0,0
SUPER_28,4080000,124,5,4,133,66,58
SUPER_28,4090000,75,7,4,86,38,37
SUPER_28,4100000,100,9,13,122,56,44
SUPER_28,4110000,71,4,5,80,35,36
SUPER_28,4120000,311,18,25,354,169,142
SUPER_28,4130000,207,26,18,251,102,105
SUPER_28,4140000,238,18,15,271,122,116
SUPER_28,4150000,106,6,6,118,58,48
SUPER_28,4160000,52,4,6,62,29,23
SUPER_28,4170000,147,12,11,170,77,70
SUPER_28,4180000,111,10,11,132,51,60
SUPER_28,4190000,120,8,14,142,56,64
SUPER_28,4200000,255,28,18,301,136,119
SUPER_28,4210000,132,5,14,151,61,71
SUPER_28,4220000,315,20,23,358,153,162
SUPER_28,4230000,177,14,14,205,83,94
SUPER_28,4240000,52,4,5,61,31,21
SUPER_28,4250000,21,1,1,23,13,8
SUPER_28,4260000,47,6,2,55,26,21
SUPER_28,4270000,41,1,4,46,24,17
SUPER_28,4280000,88,6,8,102,40,48
SUPER_28,4290000,270,22,17,309,144,126
SUPER_28,4300000,242,24,28,294,129,113
SUPER_28,4310000,234,21,26,281,111,123
SUPER_28,4320000,323,27,28,378,180,143
SUPER_28,4330000,322,26,34,382,158,164
SUPER_28,4340000,148,18,18,184,78,70
SUPER_28,4350000,158,16,19,193,83,75
SUPER_28,4360000,180,11,15,206,83,97
SUPER_28,4370000,240,21,31,292,116,124
SUPER_28,4380000,215,13,18,246,120,95
SUPER_28,4390000,275,22,26,323,154,121
SUPER_28,4400000,273,20,16,309,145,128
SUPER_28,4410000,76,2,7,85,35,41
SUPER_28,4420000,108,4,7,119,50,58
SUPER_28,4430000,101,14,5,120,50,51
SUPER_28,4440000,0,0,0,0,0,0
SUPER_28,4450000,0,0,0,0,0,0
SUPER_28,4460000,351,25,35,411,175,176
SUPER_28,4470000,220,15,15,250,94,126
SUPER_28,4480000,73,2,11,86,43,30
SUPER_28,4490000,108,7,11,126,63,45
SUPER_28,4500000,250,14,16,280,120,130
SUPER_28,4510000,40,1,5,46,26,14
SUPER_28,4520000,39,5,0,44,25,14
SUPER_28,4530000,95,4,9,108,43,52
SUPER_28,4540000,96,2,5,103,54,42
SUPER_28,4550000,211,9,10,230,111,100
SUPER_28,4560000,43,0,5,48,22,21
SUPER_28,4570000,24,2,7,33,18,6
SUPER_28,4580000,91,8,3,102,46,45
SUPER_28,4590000,72,4,8,84,34,38
SUPER_28,4600000,23,2,1,26,12,11
SUPER_28,4610000,67,4,7,78,28,39
SUPER_28,4620000,47,3,7,57,26,21
SUPER_28,4630000,128,9,12,149,70,58
SUPER_28,4640000,90,11,10,111,49,41
SUPER_28,4650000,225,19,20,264,122,103
SUPER_28,4660000,160,22,15,197,86,74
SUPER_28,4670000,111,8,14,133,64,47
SUPER_28,4680000,246,18,26,290,130,116
SUPER_28,4690000,349,19,28,396,175,174
SUPER_28,4700000,229,19,18,266,118,111
SUPER_28,4710000,241,29,16,286,126,115
SUPER_28,4720000,137,9,16,162,69,68
SUPER_28,4730000,59,2,7,68,30,29
SUPER_28,4740000,152,5,11,168,73,79
SUPER_28,4750000,113,4,5,122,67,46
SUPER_28,4760000,69,6,3,78,39,30
SUPER_28,4770000,110,11,7,128,57,53
SUPER_28,4780000,112,7,10,129,55,57
SUPER_28,4790000,292,22,25,339,150,142
SUPER_28,4800000,293,21,28,342,136,157
SUPER_28,4810000,117,7,16,140,69,48
SUPER_28,4820000,32,6,2,40,17,15
SUPER_28,4830000,17,2,6,25,9,8
SUPER_28,4840000,255,18,21,294,137,118
SUPER_28,4850000,218,18,23,259,100,118
SUPER_28,4860000,211,23,17,251,104,107
SUPER_28,4870000,125,12,10,147,60,65
SUPER_28,4880000,141,16,8,165,82,59
SUPER_28,4890000,181,14,12,207,94,87
SUPER_28,4900000,136,11,12,159,59,77
SUPER_28,4910000,53,2,8,63,29,24
SUPER_28,4920000,105,12,11,128,47,58
SUPER_28,4930000,119,11,18,148,53,66
SUPER_28,4940000,189,20,19,228,95,94
SUPER_28,4950000,230,9,16,255,133,97
SUPER_28,4960000,112,9,15,136,58,54
SUPER_28,4970000,110,11,10,131,53,57
SUPER_28,4980000,311,24,23,358,170,141
SUPER_28,4990000,217,17,18,252,107,110
SUPER_28,5000000,79,8,8,95,39,40
SUPER_28,5010000,0,0,0,0,0,0
SUPER_28,5020000,0,0,0,0,0,0
SUPER_28,5030000,62,2,5,69,28,34
SUPER_28,5040000,57,5,3,65,22,35
SUPER_28,5050000,133,14,17,164,59,74
SUPER_28,5060000,52,2,12,66,27,25
SUPER_28,5070000,175,16,3,194,95,80
SUPER_28,5080000,310,24,23,357,163,147
SUPER_28,5090000,253,18,19,290,125,128
SUPER_28,5100000,38,0,8,46,18,20
SUPER_28,5110000,104,8,6,118,52,52
SUPER_28,5120000,27,4,2,33,12,15
SUPER_28,5130000,187,13,18,218,93,94
SUPER_28,5140000,67,4,5,76,41,26
SUPER_28,5150000,104,8,9,121,49,55
SUPER_28,5160000,228,19,18,265,112,116
SUPER_28,5170000,142,6,18,166,68,74
SUPER_28,5180000,12,2,1,15,7,5
SUPER_28,5190000,110,3,7,120,56,54
SUPER_28,5200000,223,16,15,254,117,106
SUPER_28,5210000,123,6,7,136,64,59
SUPER_28,5220000,259,14,21,294,126,133
SUPER_28,5230000,83,3,5,91,44,39
SUPER_28,5240000,214,20,14,248,103,111
SUPER_28,5250000,89,4,4,97,45,44
SUPER_28,5260000,250,12,24,286,152,98
SUPER_28,5270000,148,17,11,176,74,74
SUPER_28,5280000,159,12,15,186,73,86
SUPER_28,5290000,30,6,3,39,19,11
SUPER_28,5300000,18,1,1,20,7,11
SUPER_28,5310000,203,16,13,232,90,113
SUPER_28,5320000,293,33,21,347,155,138
SUPER_28,5330000,328,30,24,382,173,155
SUPER_28,5340000,132,5,9,146,62,70
SUPER_28,5350000,53,5,8,66,26,27
SUPER_28,5360000,205,16,17,238,91,114
SUPER_28,5370000,237,14,21,272,118,119
SUPER_28,5380000,235,14,11,260,118,117
SUPER_28,5390000,46,2,3,51,22,24
SUPER_28,5400000,266,22,21,309,129,137
SUPER_28,5410000,16,0,3,19,9,7
SUPER_28,5420000,48,1,9,58,25,23
SUPER_28,5430000,0,0,0,0,0,0
SUPER_28,5440000,0,0,0,0,0,0
SUPER_28,5450000,56,3,1,60,23,33
SUPER_28,5460000,0,0,0,0,0,0
SUPER_28,5470000,0,0,0,0,0,0
SUPER_28,5480000,0,0,0,0,0,0
SUPER_28,5490000,0,0,0,0,0,0
SUPER_28,5500000,0,0,0,0,0,0
SUPER_28,5510000,101,6,6,113,53,48
SUPER_28,5520000,142,9,8,159,68,74
SUPER_28,5530000,128,8,15,151,69,59
SUPER_28,5540000,152,10,9,171,78,74
SUPER_28,5550000,0,0,0,0,0,0
SUPER_28,5560000,0,0,0,0,0,0
SUPER_28,5570000,61,2,6,69,36,25
SUPER_28,5580000,234,19,29,282,114,120
SUPER_28,5590000,295,26,42,363,132,163
SUPER_28,5600000,279,31,26,336,134,145
SUPER_28,5610000,264,20,18,302,134,130
SUPER_28,5620000,113,5,8,126,55,58
SUPER_28,5630000,8,1,1,10,2,6
SUPER_28,5640000,18,1,2,21,9,9
SUPER_28,5650000,228,14,21,263,115,113
SUPER_28,5660000,128,20,13,161,70,58
SUPER_28,5670000,206,19,18,243,104,102
SUPER_28,5680000,165,13,15,193,92,73
SUPER_28,5690000,250,18,28,296,124,126
SUPER_28,5700000,94,3,10,107,43,51
SUPER_28,5710000,175,9,13,197,96,79
SUPER_28,5720000,108,5,10,123,53,55
SUPER_28,5730000,108,4,10,122,58,50
SUPER_28,5740000,86,8,6,100,48,38
SUPER_28,5750000,150,20,18,188,75,75
SUPER_28,5760000,131,10,12,153,53,78
SUPER_28,5770000,161,10,14,185,90,71
SUPER_28,5780000,283,18,27,328,139,144
SUPER_28,5790000,244,20,21,285,138,106
SUPER_28,5800000,197,16,17,230,103,94
SUPER_28,5810000,225,19,18,262,104,121
SUPER_28,5820000,126,14,11,151,59,67
SUPER_28,5830000,237,14,24,275,122,115
SUPER_28,5840000,165,10,17,192,68,97
SUPER_28,5850000,227,25,21,273,101,126
SUPER_28,5860000,293,26,32,351,143,150
SUPER_28,5870000,246,25,23,294,110,136
SUPER_28,5880000,337,21,29,387,177,160
SUPER_28,5890000,280,20,24,324,119,161
SUPER_28,5900000,211,19,17,247,100,111
SUPER_28,5910000,160,14,22,196,78,82
SUPER_28,5920000,111,26,20,157,48,63
SUPER_28,5930000,152,13,9,174,82,70
SUPER_28,5940000,30,1,4,35,11,19
SUPER_28,5950000,102,4,11,117,58,44
SUPER_28,5960000,285,19,33,337,130,155
SUPER_28,5970000,225,20,17,262,115,110
SUPER_28,5980000,208,24,12,244,103,105
SUPER_28,5990000,137,8,14,159,74,63
SUPER_28,6000000,0,0,0,0,0,0
SUPER_28,6010000,0,0,0,0,0,0
SUPER_28,6020000,90,2,8,100,43,47
SUPER_28,6030000,85,11,9,105,35,50
SUPER_28,6040000,163,9,14,186,84,79
SUPER_28,6050000,10,0,3,13,4,6
SUPER_28,6060000,94,7,4,105,44,50
SUPER_28,6070000,180,9,24,213,86,94
SUPER_28,6080000,272,28,28,328,120,152
SUPER_28,6090000,238,26,26,290,127,111
SUPER_28,6100000,310,22,30,362,154,156
SUPER_28,6110000,228,14,17,259,117,111
SUPER_28,6120000,143,8,16,167,65,78
SUPER_28,6130000,167,14,19,200,85,82
SUPER_28,6140000,74,12,6,92,37,37
SUPER_28,6150000,213,12,18,243,114,99
SUPER_28,6160000,109,6,14,129,59,50
SUPER_28,6170000,162,18,15,195,78,84
SUPER_28,6180000,153,7,12,172,81,72
SUPER_28,6190000,212,16,15,243,102,110
SUPER_28,6200000,239,18,26,283,120,119
SUPER_28,6210000,57,5,3,65,25,32
SUPER_28,6220000,31,0,2,33,18,13
SUPER_28,6230000,195,25,16,236,113,82
SUPER_28,6240000,206,24,25,255,93,113
SUPER_28,6250000,121,8,9,138,65,56
SUPER_28,6260000,51,3,7,61,23,28
SUPER_28,6270000,59,9,8,76,30,29
SUPER_28,6280000,0,0,0,0,0,0
SUPER_28,6290000,0,0,0,0,0,0
SUPER_28,6300000,0,0,0,0,0,0
SUPER_28,6310000,0,0,0,0,0,0
SUPER_28,6320000,181,13,21,215,86,95
SUPER_28,6330000,29,1,2,32,11,18
SUPER_28,6340000,90,6,5,101,44,46
SUPER_28,6350000,270,29,20,319,122,148
SUPER_28,6360000,143,11,22,176,73,70
SUPER_28,6370000,70,5,4,79,39,31
SUPER_28,6380000,87,5,11,103,40,47
SUPER_28,6390000,75,10,7,92,35,40
SUPER_28,6400000,65,2,8,75,38,27
SUPER_28,6410000,192,19,16,227,101,91
SUPER_28,6420000,36,1,4,41,22,14
SUPER_28,6430000,153,10,9,172,71,82
SUPER_28,6440000,260,17,28,305,125,135
SUPER_28,6450000,169,19,13,201,92,77
SUPER_28,6460000,243,21,24,288,114,129
SUPER_28,6470000,242,22,12,276,130,112
SUPER_28,6480000,190,16,19,225,94,96
SUPER_28,6490000,46,3,2,51,22,24
SUPER_28,6500000,184,16,25,225,91,93
SUPER_28,6510000,213,13,13,239,113,100
SUPER_28,6520000,40,0,1,41,24,16
SUPER_28,6530000,37,6,2,45,23,14
SUPER_28,6540000,37,3,5,45,15,22
SUPER_28,6550000,15,1,5,21,6,9
SUPER_28,6560000,134,8,12,154,69,65
SUPER_28,6570000,174,11,22,207,94,80
SUPER_28,6580000,183,18,12,213,90,93
SUPER_28,6590000,92,7,8,107,47,45
SUPER_28,6600000,35,1,7,43,16,19
SUPER_28,6610000,34,3,1,38,10,24
SUPER_28,6620000,41,2,2,45,17,24
SUPER_28,6630000,226,23,14,263,107,119
SUPER_28,6640000,295,26,21,342,153,142
SUPER_28,6650000,246,23,13,282,134,112
SUPER_28,6660000,74,1,3,78,35,39
SUPER_28,6670000,31,2,1,34,16,15
SUPER_28,6680000,152,10,13,175,69,83
SUPER_28,6690000,59,4,2,65,30,29
SUPER_28,6700000,38,0,11,49,16,22
SUPER_28,6710000,172,11,14,197,88,84
SUPER_28,6720000,265,21,34,320,141,124
SUPER_28,6730000,0,0,0,0,0,0
SUPER_28,6740000,0,0,0,0,0,0
SUPER_28,6750000,119,13,26,158,61,58
SUPER_28,6760000,109,6,9,124,50,59
SUPER_28,6770000,77,5,9,91,46,31
SUPER_28,6780000,17,3,2,22,7,10
SUPER_28,6790000,147,11,12,170,82,65
SUPER_28,6800000,60,3,8,71,35,25
SUPER_28,6810000,35,2,1,38,15,20
SUPER_28,6820000,234,17,23,274,124,110
SUPER_28,6830000,222,20,36,278,106,116
SUPER_28,6840000,40,3,4,47,20,20
SUPER_28,6850000,106,12,10,128,50,56
SUPER_28,6860000,272,15,18,305,139,133
SUPER_28,6870000,202,15,19,236,103,99
SUPER_28,6880000,204,12,18,234,109,95
SUPER_28,6890000,250,24,23,297,126,124
SUPER_28,6900000,291,21,15,327,146,145
SUPER_28,6910000,288,24,24,336,156,132
SUPER_28,6920000,203,19,12,234,104,99
SUPER_28,6930000,208,12,24,244,110,98
SUPER_28,6940000,231,12,21,264,116,115
SUPER_28,6950000,252,13,29,294,121,131
SUPER_28,6960000,269,24,21,314,152,117
SUPER_28,6970000,342,24,30,396,169,173
SUPER_28,6980000,126,8,14,148,60,66
SUPER_28,6990000,121,12,8,141,58,63
SUPER_28,7000000,167,11,12,190,81,86
SUPER_28,7010000,57,4,6,67,36,21
SUPER_28,7020000,153,10,14,177,80,73
SUPER_28,7030000,115,7,12,134,55,60
SUPER_28,7040000,189,15,16,220,98,91
SUPER_28,7050000,158,11,9,178,98,60
SUPER_28,7060000,305,23,23,351,158,147
SUPER_28,7070000,115,16,13,144,60,55
SUPER_28,7080000,270,25,22,317,134,136
SUPER_28,7090000,194,19,17,230,85,109
SUPER_28,7100000,20,0,1,21,14,6
SUPER_28,7110000,80,4,6,90,49,31
SUPER_28,7120000,127,8,9,144,62,65
SUPER_28,7130000,276,22,19,317,142,134
SUPER_28,7140000,0,0,0,0,0,0
SUPER_28,7150000,0,0,0,0,0,0
SUPER_28,7160000,318,31,19,368,162,156
SUPER_28,7170000,55,4,5,64,28,27
SUPER_28,7180000,264,20,23,307,141,123
SUPER_28,7190000,138,8,7,153,75,63
SUPER_28,7200000,0,0,0,0,0,0
SUPER_28,7210000,0,0,0,0,0,0
SUPER_28,7220000,94,4,13,111,41,53
SUPER_28,7230000,85,4,8,97,36,49
SUPER_28,7240000,89,6,5,100,43,46
SUPER_28,7250000,122,9,5,136,67,55
SUPER_28,7260000,111,8,6,125,66,45
SUPER_28,7270000,17,3,2,22,5,12
SUPER_28,7280000,154,10,8,172,85,69
SUPER_28,7290000,134,9,9,152,71,63
SUPER_28,7300000,0,0,0,0,0,0
SUPER_28,7310000,0,0,0,0,0,0
SUPER_28,7320000,104,10,13,127,51,53
SUPER_28,7330000,25,4,2,31,17,8
SUPER_28,7340000,154,8,7,169,83,71
SUPER_28,7350000,29,0,2,31,17,12
SUPER_28,7360000,38,6,4,48,23,15
SUPER_28,7370000,208,15,16,239,118,90
SUPER_28,7380000,294,13,23,330,145,149
SUPER_28,7390000,332,26,31,389,163,169
SUPER_28,7400000,147,13,9,169,96,51
SUPER_28,7410000,179,10,11,200,83,96
SUPER_28,7420000,113,10,15,138,60,53
SUPER_28,7430000,33,7,9,49,18,15
SUPER_28,7440000,184,21,11,216,95,89
SUPER_28,7450000,60,2,4,66,29,31
SUPER_28,7460000,43,4,5,52,19,24
SUPER_28,7470000,132,7,8,147,61,71
SUPER_28,7480000,85,4,15,104,45,40
SUPER_28,7490000,27,1,3,31,15,12
SUPER_28,7500000,33,2,3,38,18,15
SUPER_28,7510000,107,9,9,125,62,45
SUPER_28,7520000,293,14,31,338,139,154
SUPER_28,7530000,163,13,16,192,79,84
SUPER_28,7540000,15,2,0,17,9,6
SUPER_28,7550000,70,1,7,78,36,34
SUPER_28,7560000,215,18,14,247,107,108
SUPER_28,7570000,179,9,8,196,92,87
SUPER_28,7580000,193,15,15,223,109,84
SUPER_28,7590000,42,1,1,44,23,19
SUPER_28,7600000,209,20,21,250,113,96
SUPER_28,7610000,207,20,17,244,111,96
SUPER_28,7620000,242,24,17,283,121,121
SUPER_28,7630000,197,17,16,230,114,83
SUPER_28,7640000,195,13,13,221,110,85
SUPER_28,7650000,291,17,22,330,153,138
SUPER_28,7660000,253,24,22,299,115,138
SUPER_28,7670000,155,12,8,175,84,71
SUPER_28,7680000,96,2,5,103,48,48
SUPER_28,7690000,257,14,24,295,115,142
SUPER_28,7700000,199,14,16,229,104,95
SUPER_28,7710000,261,23,16,300,125,136
SUPER_28,7720000,137,10,8,155,68,69
SUPER_28,7730000,109,7,10,126,65,44
SUPER_28,7740000,42,5,6,53,24,18
SUPER_28,7750000,171,9,13,193,84,87
SUPER_28,7760000,236,11,16,263,113,123
SUPER_28,7770000,122,11,9,142,67,55
SUPER_28,7780000,200,16,10,226,115,85
SUPER_28,7790000,240,14,11,265,129,111
SUPER_28,7800000,291,10,19,320,149,142
SUPER_28,7810000,279,26,20,325,160,119
SUPER_28,7820000,217,26,13,256,97,120
SUPER_28,7830000,200,11,19,230,107,93
SUPER_28,7840000,311,22,23,356,181,130
SUPER_28,7850000,242,20,15,277,124,118
SUPER_28,7860000,276,20,15,311,127,149
SUPER_28,7870000,124,11,14,149,73,51
SUPER_28,7880000,242,14,20,276,118,124
SUPER_28,7890000,207,13,19,239,105,102
SUPER_28,7900000,129,5,11,145,61,68
SUPER_28,7910000,109,5,11,125,48,61
SUPER_28,7920000,76,5,4,85,41,35
SUPER_28,7930000,155,4,19,178,82,73
SUPER_28,7940000,133,13,7,153,62,71
SUPER_28,7950000,145,10,10,165,82,63
SUPER_28,7960000,76,6,14,96,30,46
SUPER_28,7970000,121,6,10,137,71,50
SUPER_28,7980000,55,3,4,62,30,25
SUPER_28,7990000,146,14,13,173,78,68
SUPER_28,8000000,187,10,21,218,107,80
SUPER_28,8010000,239,12,16,267,118,121
SUPER_28,8020000,303,23,24,350,140,163
SUPER_28,8030000,102,7,3,112,53,49
SUPER_28,8040000,38,4,2,44,20,18
SUPER_28,8050000,140,9,10,159,73,67
SUPER_28,8060000,200,17,16,233,96,104
SUPER_28,8070000,61,6,6,73,28,33
SUPER_28,8080000,133,7,10,150,72,61
SUPER_28,8090000,110,17,12,139,62,48
SUPER_28,8100000,73,8,6,87,48,25
SUPER_28,8110000,88,11,7,106,49,39
SUPER_28,8120000,55,6,2,63,31,24
SUPER_28,8130000,18,2,3,23,10,8
SUPER_28,8140000,19,1,4,24,10,9
SUPER_28,8150000,9,0,0,9,6,3
SUPER_28,8160000,14,3,3,20,7,7
SUPER_28,8170000,9,2,3,14,3,6
SUPER_28,8180000,13,5,3,21,6,7
SUPER_29,10000,0,0,0,0,0,0
SUPER_29,20000,0,0,0,0,0,0
SUPER_29,30000,22,5,3,30,10,12
SUPER_29,40000,38,3,0,41,25,13
SUPER_29,50000,16,1,1,18,12,4
SUPER_29,60000,48,3,2,53,31,17
SUPER_29,70000,0,1,0,1,0,0
SUPER_29,80000,7,0,0,7,6,1
SUPER_29,90000,16,0,0,16,13,3
SUPER_29,100000,0,0,0,0,0,0
SUPER_29,110000,0,0,0,0,0,0
SUPER_29,120000,0,0,0,0,0,0
SUPER_29,130000,0,0,0,0,0,0
SUPER_29,140000,3,0,0,3,2,1
SUPER_29,150000,3,0,0,3,3,0
SUPER_29,160000,0,0,0,0,0,0
SUPER_29,170000,0,0,0,0,0,0
SUPER_29,180000,0,0,0,0,0,0
SUPER_29,190000,6,0,0,6,1,5
SUPER_29,200000,2,0,0,2,1,1
SUPER_29,210000,0,0,0,0,0,0
SUPER_29,220000,0,0,0,0,0,0
SUPER_29,230000,8,0,0,8,5,3
SUPER_29,240000,3,0,0,3,2,1
SUPER_29,250000,5,0,0,5,3,2
SUPER_29,260000,1,0,0,1,1,0
SUPER_29,270000,1,0,0,1,1,0
SUPER_29,280000,10,0,0,10,3,7
SUPER_29,290000,0,1,1,2,0,0
SUPER_29,300000,0,0,0,0,0,0
SUPER_29,310000,0,0,0,0,0,0
SUPER_29,320000,0,0,0,0,0,0
SUPER_29,330000,0,0,0,0,0,0
SUPER_29,340000,0,0,0,0,0,0
SUPER_29,350000,0,0,0,0,0,0
SUPER_29,360000,0,0,0,0,0,0
SUPER_29,370000,0,0,0,0,0,0
SUPER_29,380000,0,0,0,0,0,0
SUPER_29,390000,0,0,0,0,0,0
SUPER_29,400000,0,0,0,0,0,0
SUPER_29,410000,0,0,0,0,0,0
SUPER_29,420000,0,0,0,0,0,0
SUPER_29,430000,0,0,0,0,0,0
SUPER_29,440000,0,0,0,0,0,0
SUPER_29,450000,157,10,8,175,85,72
SUPER_29,460000,139,7,10,156,81,58
SUPER_29,470000,217,16,20,253,113,104
SUPER_29,480000,329,26,26,381,170,159
SUPER_29,490000,254,29,21,304,135,119
SUPER_29,500000,135,14,8,157,67,68
SUPER_29,510000,90,9,6,105,55,35
SUPER_29,520000,218,15,18,251,110,108
SUPER_29,530000,86,7,6,99,49,37
SUPER_29,540000,273,31,29,333,135,138
SUPER_29,550000,195,18,12,225,103,92
SUPER_29,560000,20,3,1,24,11,9
SUPER_29,570000,54,5,2,61,24,30
SUPER_29,580000,111,7,9,127,62,49
SUPER_29,590000,238,19,12,269,125,113
SUPER_29,600000,172,9,11,192,76,96
SUPER_29,610000,254,16,17,287,136,118
SUPER_29,620000,121,5,8,134,71,50
SUPER_29,630000,136,14,12,162,75,61
SUPER_29,640000,144,9,8,161,79,65
SUPER_29,650000,140,8,13,161,72,68
SUPER_29,660000,141,7,7,155,75,66
SUPER_29,670000,0,0,0,0,0,0
SUPER_29,680000,0,0,0,0,0,0
SUPER_29,690000,0,0,0,0,0,0
SUPER_29,700000,57,4,3,64,33,24
SUPER_29,710000,0,0,0,0,0,0
SUPER_29,720000,0,0,0,0,0,0
SUPER_29,730000,71,6,8,85,33,38
SUPER_29,740000,81,12,11,104,42,39
SUPER_29,750000,173,16,17,206,90,83
SUPER_29,760000,264,23,13,300,149,115
SUPER_29,770000,338,22,31,391,188,150
SUPER_29,780000,171,14,19,204,96,75
SUPER_29,790000,250,20,21,291,135,115
SUPER_29,800000,334,27,20,381,176,158
SUPER_29,810000,188,9,9,206,94,94
SUPER_29,820000,188,15,15,218,106,82
SUPER_29,830000,187,12,17,216,85,102
SUPER_29,840000,250,25,24,299,116,134
SUPER_29,850000,135,9,20,164,70,65
SUPER_29,860000,95,7,9,111,47,48
SUPER_29,870000,265,27,22,314,131,134
SUPER_29,880000,252,30,29,311,135,117
SUPER_29,890000,177,17,21,215,88,89
SUPER_29,900000,152,8,3,163,88,64
SUPER_29,910000,127,11,16,154,69,58
SUPER_29,920000,115,10,9,134,53,62
SUPER_29,930000,108,13,5,126,51,57
SUPER_29,940000,74,7,3,84,41,33
SUPER_29,950000,152,7,14,173,84,68
SUPER_29,960000,195,10,17,222,107,88
SUPER_29,970000,87,12,11,110,49,38
SUPER_29,980000,201,13,12,226,121,80
SUPER_29,990000,287,22,32,341,162,125
SUPER_29,1000000,15,5,0,20,9,6
SUPER_29,1010000,49,5,3,57,22,27
SUPER_29,1020000,150,10,18,178,88,62
SUPER_29,1030000,172,16,12,200,84,88
SUPER_29,1040000,73,2,5,80,45,28
SUPER_29,1050000,55,3,2,60,31,24
SUPER_29,1060000,202,12,20,234,100,102
SUPER_29,1070000,151,9,17,177,79,72
SUPER_29,1080000,210,18,25,253,97,113
SUPER_29,1090000,0,0,0,0,0,0
SUPER_29,1100000,0,0,0,0,0,0
SUPER_29,1110000,61,6,15,82,37,24
SUPER_29,1120000,46,2,2,50,28,18
SUPER_29,1130000,106,3,7,116,54,52
SUPER_29,1140000,94,13,14,121,42,52
SUPER_29,1150000,45,5,6,56,17,28
SUPER_29,1160000,91,5,6,102,48,43
SUPER_29,1170000,190,12,12,214,102,88
SUPER_29,1180000,67,7,2,76,33,34
SUPER_29,1190000,14,0,0,14,10,4
SUPER_29,1200000,119,9,11,139,65,54
SUPER_29,1210000,0,0,0,0,0,0
SUPER_29,1220000,0,0,0,0,0,0
SUPER_29,1230000,0,0,0,0,0,0
SUPER_29,1240000,0,0,0,0,0,0
SUPER_29,1250000,0,0,0,0,0,0
SUPER_29,1260000,0,0,0,0,0,0
SUPER_29,1270000,20,1,1,22,11,9
SUPER_29,1280000,1,0,0,1,0,1
SUPER_29,1290000,2,0,0,2,1,1
SUPER_29,1300000,0,0,0,0,0,0
SUPER_29,1310000,0,0,0,0,0,0
SUPER_29,1320000,0,0,0,0,0,0
SUPER_29,1330000,0,0,0,0,0,0
SUPER_29,1340000,16,0,0,16,4,12
SUPER_29,1350000,58,4,10,72,30,28
SUPER_29,1360000,56,3,8,67,29,27
SUPER_29,1370000,152,20,20,192,81,71
SUPER_29,1380000,73,9,6,88,44,29
SUPER_29,1390000,29,3,2,34,11,18
SUPER_29,1400000,77,6,6,89,42,35
SUPER_29,1410000,0,0,0,0,0,0
SUPER_29,1420000,0,0,0,0,0,0
SUPER_29,1430000,0,0,0,0,0,0
SUPER_29,1440000,0,0,0,0,0,0
SUPER_29,1450000,0,0,0,0,0,0
SUPER_29,1460000,85,7,6,98,44,41
SUPER_29,1470000,43,3,3,49,21,22
SUPER_29,1480000,72,6,5,83,44,28
SUPER_29,1490000,20,4,4,28,9,11
SUPER_29,1500000,12,2,2,16,4,8
SUPER_29,1510000,37,6,2,45,14,23
SUPER_29,1520000,24,1,4,29,9,15
SUPER_29,1530000,9,1,1,11,6,3
SUPER_29,1540000,138,22,20,180,72,66
SUPER_29,1550000,268,16,22,306,138,130
SUPER_29,1560000,203,14,21,238,103,100
SUPER_29,1570000,233,19,15,267,132,101
SUPER_29,1580000,201,19,15,235,88,113
SUPER_29,1590000,190,21,17,228,101,89
SUPER_29,1600000,259,18,22,299,126,133
SUPER_29,1610000,22,1,0,23,12,10
SUPER_29,1620000,22,7,5,34,13,9
SUPER_29,1630000,55,3,6,64,40,15
SUPER_29,1640000,103,6,12,121,71,32
SUPER_29,1650000,99,16,16,131,63,36
SUPER_29,1660000,215,18,18,251,111,104
SUPER_29,1670000,94,10,3,107,48,46
SUPER_29,1680000,50,7,6,63,23,27
SUPER_29,1690000,91,12,11,114,42,49
SUPER_29,1700000,149,15,11,175,79,70
SUPER_29,1710000,67,2,3,72,40,27
SUPER_29,1720000,29,3,4,36,12,17
SUPER_29,1730000,176,19,16,211,97,79
SUPER_29,1740000,187,18,21,226,92,95
SUPER_29,1750000,50,6,10,66,26,24
SUPER_29,1760000,147,10,11,168,70,77
SUPER_29,1770000,153,16,18,187,79,74
SUPER_29,1780000,134,14,18,166,75,59
SUPER_29,1790000,205,11,18,234,106,99
SUPER_29,1800000,79,8,6,93,43,36
SUPER_29,1810000,54,4,5,63,25,29
SUPER_29,1820000,112,8,16,136,58,54
SUPER_29,1830000,0,0,0,0,0,0
SUPER_29,1840000,0,0,0,0,0,0
SUPER_29,1850000,0,0,0,0,0,0
SUPER_29,1860000,0,0,0,0,0,0
SUPER_29,1870000,65,5,9,79,22,43
SUPER_29,1880000,0,0,0,0,0,0
SUPER_29,1890000,0,0,0,0,0,0
SUPER_29,1900000,3,0,0,3,1,2
SUPER_29,1910000,4,0,0,4,1,3
SUPER_29,1920000,0,0,0,0,0,0
SUPER_29,1930000,0,0,0,0,0,0
SUPER_29,1940000,0,0,0,0,0,0
SUPER_29,1950000,0,0,0,0,0,0
SUPER_29,1960000,4,0,0,4,2,2
SUPER_29,1970000,0,0,0,0,0,0
SUPER_29,1980000,0,0,0,0,0,0
SUPER_29,1990000,0,0,0,0,0,0
SUPER_29,2000000,0,0,0,0,0,0
SUPER_29,2010000,0,0,0,0,0,0
SUPER_29,2020000,0,0,0,0,0,0
SUPER_29,2030000,20,1,1,22,9,11
SUPER_29,2040000,49,4,5,58,19,30
SUPER_29,2050000,169,13,17,199,79,90
SUPER_29,2060000,37,1,0,38,17,20
SUPER_29,2070000,120,6,13,139,72,48
SUPER_29,2080000,256,29,31,316,132,124
SUPER_29,2090000,99,9,12,120,53,46
SUPER_29,2100000,24,1,5,30,12,12
SUPER_29,2110000,10,3,2,15,6,4
SUPER_29,2120000,107,10,12,129,55,52
SUPER_29,2130000,93,7,4,104,47,46
SUPER_29,2140000,121,9,7,137,61,60
SUPER_29,2150000,265,21,18,304,142,123
SUPER_29,2160000,222,27,16,265,121,101
SUPER_29,2170000,143,7,12,162,69,74
SUPER_29,2180000,116,9,13,138,58,58
SUPER_29,2190000,120,6,7,133,65,55
SUPER_29,2200000,39,2,3,44,17,22
SUPER_29,2210000,182,16,19,217,109,73
SUPER_29,2220000,83,5,3,91,37,46
SUPER_29,2230000,155,12,11,178,79,76
SUPER_29,2240000,45,3,2,50,23,22
SUPER_29,2250000,127,11,13,151,62,65
SUPER_29,2260000,96,7,11,114,57,39
SUPER_29,2270000,208,15,17,240,113,95
SUPER_29,2280000,79,5,8,92,38,41
SUPER_29,2290000,111,10,13,134,51,60
SUPER_29,2300000,194,20,15,229,103,91
SUPER_29,2310000,58,4,7,69,30,28
SUPER_29,2320000,119,12,14,145,65,54
SUPER_29,2330000,177,16,16,209,99,78
SUPER_29,2340000,80,4,4,88,55,25
SUPER_29,2350000,144,13,18,175,83,61
SUPER_29,2360000,18,1,2,21,11,7
SUPER_29,2370000,71,6,6,83,43,28
SUPER_29,2380000,64,4,7,75,29,35
SUPER_29,2390000,79,4,2,85,38,41
SUPER_29,2400000,88,4,4,96,55,33
SUPER_29,2410000,35,2,6,43,19,16
SUPER_29,2420000,20,1,0,21,9,11
SUPER_29,2430000,31,1,4,36,21,10
SUPER_29,2440000,106,11,13,130,54,52
SUPER_29,2450000,210,16,17,243,101,109
SUPER_29,2460000,250,14,30,294,138,112
SUPER_29,2470000,162,11,11,184,85,77
SUPER_29,2480000,37,4,8,49,17,20
SUPER_29,2490000,51,1,4,56,30,21
SUPER_29,2500000,51,4,5,60,25,26
SUPER_29,2510000,149,11,20,180,75,74
SUPER_29,2520000,126,8,14,148,52,74
SUPER_29,2530000,171,11,17,199,81,90
SUPER_29,2540000,78,8,7,93,48,30
SUPER_29,2550000,208,20,16,244,103,105
SUPER_29,2560000,226,22,19,267,128,98
SUPER_29,2570000,180,19,14,213,80,100
SUPER_29,2580000,153,12,25,190,71,82
SUPER_29,2590000,116,16,14,146,57,59
SUPER_29,2600000,102,6,11,119,49,53
SUPER_29,2610000,96,8,8,112,45,51
SUPER_29,2620000,30,6,9,45,10,20
SUPER_29,2630000,115,10,13,138,56,59
SUPER_29,2640000,185,24,19,228,87,98
SUPER_29,2650000,231,16,24,271,120,111
SUPER_29,2660000,210,11,11,232,111,99
SUPER_29,2670000,199,22,24,245,104,95
SUPER_29,2680000,161,12,7,180,94,67
SUPER_29,2690000,113,13,6,132,55,58
SUPER_29,2700000,106,8,6,120,52,54
SUPER_29,2710000,168,10,15,193,82,86
SUPER_29,2720000,36,1,10,47,17,19
SUPER_29,2730000,132,12,9,153,69,63
SUPER_29,2740000,207,13,17,237,113,94
SUPER_29,2750000,223,13,22,258,127,96
SUPER_29,2760000,86,10,5,101,37,49
SUPER_29,2770000,34,3,6,43,18,16
SUPER_29,2780000,168,15,17,200,82,86
SUPER_29,2790000,20,4,2,26,11,9
SUPER_29,2800000,145,10,18,173,68,77
SUPER_29,2810000,224,13,26,263,112,112
SUPER_29,2820000,287,19,19,325,139,148
SUPER_29,2830000,97,3,8,108,50,47
SUPER_29,2840000,260,21,17,298,140,120
SUPER_29,2850000,57,1,6,64,31,26
SUPER_29,2860000,37,3,3,43,17,20
SUPER_29,2870000,52,5,3,60,25,27
SUPER_29,2880000,225,10,18,253,104,121
SUPER_29,2890000,258,26,24,308,120,138
SUPER_29,2900000,259,20,21,300,129,130
SUPER_29,2910000,221,24,20,265,119,102
SUPER_29,2920000,208,14,19,241,114,94
SUPER_29,2930000,241,22,22,285,150,91
SUPER_29,2940000,125,9,19,153,63,62
SUPER_29,2950000,142,14,18,174,73,69
SUPER_29,2960000,228,17,20,265,116,112
SUPER_29,2970000,107,7,9,123,62,45
SUPER_29,2980000,115,9,11,135,63,52
SUPER_29,2990000,85,8,8,101,34,51
SUPER_29,3000000,71,7,6,84,40,31
SUPER_29,3010000,66,7,3,76,35,31
SUPER_29,3020000,0,0,0,0,0,0
SUPER_29,3030000,0,0,0,0,0,0
SUPER_29,3040000,0,0,0,0,0,0
SUPER_29,3050000,0,0,0,0,0,0
SUPER_29,3060000,0,0,0,0,0,0
SUPER_29,3070000,0,0,0,0,0,0
SUPER_29,3080000,0,0,0,0,0,0
SUPER_29,3090000,0,0,0,0,0,0
SUPER_29,3100000,0,0,0,0,0,0
SUPER_29,3110000,0,0,0,0,0,0
SUPER_29,3120000,0,0,0,0,0,0
SUPER_29,3130000,0,0,0,0,0,0
SUPER_29,3140000,15,0,1,16,4,11
SUPER_29,3150000,5,0,0,5,3,2
SUPER_29,3160000,4,0,0,4,2,2
SUPER_29,3170000,5,0,0,5,1,4
SUPER_29,3180000,0,0,0,0,0,0
SUPER_29,3190000,0,0,0,0,0,0
SUPER_29,3200000,0,0,0,0,0,0
SUPER_29,3210000,0,0,0,0,0,0
SUPER_29,3220000,0,0,0,0,0,0
SUPER_29,3230000,0,0,0,0,0,0
SUPER_29,3240000,54,2,6,62,31,23
SUPER_29,3250000,83,6,11,100,43,40
SUPER_29,3260000,50,4,6,60,24,26
SUPER_29,3270000,83,13,10,106,49,34
SUPER_29,3280000,218,25,11,254,107,111
SUPER_29,3290000,285,20,19,324,150,135
SUPER_29,3300000,122,10,13,145,58,64
SUPER_29,3310000,101,4,4,109,56,45
SUPER_29,3320000,26,4,1,31,10,16
SUPER_29,3330000,164,12,15,191,85,79
SUPER_29,3340000,131,10,10,151,78,53
SUPER_29,3350000,201,16,15,232,102,99
SUPER_29,3360000,128,11,11,150,73,55
SUPER_29,3370000,200,13,23,236,97,103
SUPER_29,3380000,264,27,19,310,134,130
SUPER_29,3390000,196,14,19,229,107,89
SUPER_29,3400000,221,14,21,256,116,105
SUPER_29,3410000,96,8,9,113,45,51
SUPER_29,3420000,51,6,3,60,25,26
SUPER_29,3430000,147,14,22,183,63,84
SUPER_29,3440000,106,12,9,127,54,52
SUPER_29,3450000,174,14,16,204,81,93
SUPER_29,3460000,180,17,14,211,96,84
SUPER_29,3470000,106,9,8,123,56,50
SUPER_29,3480000,259,20,20,299,132,127
SUPER_29,3490000,128,3,12,143,60,68
SUPER_29,3500000,94,8,3,105,44,50
SUPER_29,3510000,36,9,8,53,18,18
SUPER_29,3520000,156,13,17,186,84,72
SUPER_29,3530000,213,18,17,248,101,112
SUPER_29,3540000,188,11,11,210,109,79
SUPER_29,3550000,8,1,0,9,3,5
SUPER_29,3560000,14,0,0,14,9,5
SUPER_29,3570000,3,0,0,3,2,1
SUPER_29,3580000,17,2,3,22,8,9
SUPER_29,3590000,49,1,3,53,32,17
SUPER_29,3600000,162,8,6,176,86,76
SUPER_29,3610000,177,21,17,215,79,98
SUPER_29,3620000,218,12,17,247,117,101
SUPER_29,3630000,178,13,13,204,96,82
SUPER_29,3640000,215,23,18,256,100,115
SUPER_29,3650000,13,1,3,17,9,4
SUPER_29,3660000,55,4,3,62,25,30
SUPER_29,3670000,60,4,8,72,28,32
SUPER_29,3680000,89,4,6,99,45,44
SUPER_29,3690000,184,17,23,224,103,81
SUPER_29,3700000,22,0,3,25,10,12
SUPER_29,3710000,74,9,6,89,37,37
SUPER_29,3720000,155,9,15,179,78,77
SUPER_29,3730000,223,21,24,268,105,118
SUPER_29,3740000,268,19,32,319,141,127
SUPER_29,3750000,328,22,29,379,151,177
SUPER_29,3760000,152,14,11,177,66,86
SUPER_29,3770000,138,8,14,160,78,60
SUPER_29,3780000,76,8,5,89,43,33
SUPER_29,3790000,89,10,16,115,41,48
SUPER_29,3800000,94,10,7,111,54,40
SUPER_29,3810000,280,21,23,324,133,147
SUPER_29,3820000,258,29,30,317,132,126
SUPER_29,3830000,141,13,10,164,80,61
SUPER_29,3840000,333,23,31,387,171,162
SUPER_29,3850000,178,15,11,204,89,89
SUPER_29,3860000,189,16,10,215,99,90
SUPER_29,3870000,274,22,18,314,140,134
SUPER_29,3880000,268,27,10,305,134,134
SUPER_29,3890000,71,6,5,82,33,38
SUPER_29,3900000,292,26,24,342,159,132
SUPER_29,3910000,264,26,19,309,136,128
SUPER_29,3920000,264,19,16,299,134,130
SUPER_29,3930000,0,1,0,1,0,0
SUPER_29,3940000,130,8,4,142,75,55
SUPER_29,3950000,133,8,13,154,74,59
SUPER_29,3960000,47,6,1,54,24,23
SUPER_29,3970000,60,3,5,68,32,28
SUPER_29,3980000,212,15,15,242,100,112
SUPER_29,3990000,136,16,19,171,63,73
SUPER_29,4000000,267,26,18,311,146,121
SUPER_29,4010000,25,3,2,30,15,10
SUPER_29,4020000,46,0,8,54,20,26
SUPER_29,4030000,208,22,16,246,111,97
SUPER_29,4040000,221,19,21,261,101,120
SUPER_29,4050000,61,2,6,69,31,30
SUPER_29,4060000,1,0,0,1,1,0
SUPER_29,4070000,129,9,12,150,69,60
SUPER_29,4080000,96,8,9,113,50,46
SUPER_29,4090000,208,25,18,251,105,103
SUPER_29,4100000,257,21,21,299,140,117
SUPER_29,4110000,168,19,13,200,87,81
SUPER_29,4120000,94,13,10,117,43,51
SUPER_29,4130000,16,0,0,16,12,4
SUPER_29,4140000,83,5,4,92,58,25
SUPER_29,4150000,253,20,19,292,129,124
SUPER_29,4160000,201,18,15,234,104,97
SUPER_29,4170000,56,6,4,66,31,25
SUPER_29,4180000,32,0,2,34,19,13
SUPER_29,4190000,43,4,5,52,21,22
SUPER_29,4200000,14,1,0,15,9,5
SUPER_29,4210000,230,12,19,261,116,114
SUPER_29,4220000,99,9,5,113,54,45
SUPER_29,4230000,84,3,5,92,48,36
SUPER_29,4240000,122,11,9,142,61,61
SUPER_29,4250000,215,22,23,260,111,104
SUPER_29,4260000,279,26,15,320,140,139
SUPER_29,4270000,222,12,18,252,112,110
SUPER_29,4280000,165,11,12,188,78,87
SUPER_29,4290000,139,9,13,161,71,68
SUPER_29,4300000,94,6,10,110,51,43
SUPER_29,4310000,298,23,32,353,144,153
SUPER_29,4320000,233,17,19,269,117,116
SUPER_29,4330000,110,5,13,128,62,48
SUPER_29,4340000,181,21,11,213,90,91
SUPER_29,4350000,161,10,10,181,82,79
SUPER_29,4360000,141,14,16,171,81,60
SUPER_29,4370000,32,5,3,40,13,19
SUPER_29,4380000,36,7,4,47,20,16
SUPER_29,4390000,33,3,4,40,15,18
SUPER_29,4400000,58,3,2,63,24,34
SUPER_29,4410000,277,26,25,328,150,127
SUPER_29,4420000,320,31,24,375,158,162
SUPER_29,4430000,205,14,12,231,117,88
SUPER_29,4440000,23,2,1,26,15,8
SUPER_29,4450000,3,0,1,4,1,2
SUPER_29,4460000,12,3,0,15,4,8
SUPER_29,4470000,3,0,0,3,0,3
SUPER_29,4480000,3,0,0,3,1,2
SUPER_29,4490000,24,1,4,29,11,13
SUPER_29,4500000,196,11,16,223,95,101
SUPER_29,4510000,210,16,23,249,122,88
SUPER_29,4520000,31,2,3,36,17,14
SUPER_29,4530000,17,2,1,20,9,8
SUPER_29,4540000,14,0,1,15,5,9
SUPER_29,4550000,9,3,1,13,4,5
SUPER_29,4560000,37,4,6,47,16,21
SUPER_29,4570000,44,3,6,53,21,23
SUPER_29,4580000,33,4,2,39,16,17
SUPER_29,4590000,47,4,2,53,24,23
SUPER_29,4600000,42,1,5,48,21,21
SUPER_29,4610000,9,1,0,10,4,5
SUPER_29,4620000,12,2,3,17,6,6
SUPER_29,4630000,27,5,4,36,13,14
SUPER_29,4640000,49,3,4,56,27,22
SUPER_29,4650000,17,1,1,19,8,9
SUPER_29,4660000,0,0,0,0,0,0
SUPER_29,4670000,0,0,0,0,0,0
SUPER_29,4680000,78,4,7,89,34,44
SUPER_29,4690000,0,0,0,0,0,0
SUPER_29,4700000,0,0,0,0,0,0
SUPER_29,4710000,0,0,0,0,0,0
SUPER_29,4720000,262,17,17,296,140,122
SUPER_29,4730000,0,0,0,0,0,0
SUPER_29,4740000,0,0,0,0,0,0
SUPER_29,4750000,0,0,0,0,0,0
SUPER_29,4760000,0,0,0,0,0,0
SUPER_29,4770000,0,0,0,0,0,0
SUPER_29,4780000,0,0,0,0,0,0
SUPER_29,4790000,0,0,0,0,0,0
SUPER_29,4800000,0,0,0,0,0,0
SUPER_29,4810000,0,0,0,0,0,0
SUPER_29,4820000,0,0,0,0,0,0
SUPER_29,4830000,40,4,5,49,28,12
SUPER_29,4840000,168,8,10,186,114,54
SUPER_29,4850000,47,0,2,49,23,24
SUPER_29,4860000,108,12,4,124,54,54
SUPER_29,4870000,189,18,16,223,97,92
SUPER_29,4880000,280,24,17,321,148,132
SUPER_29,4890000,178,19,14,211,90,88
SUPER_29,4900000,199,11,19,229,94,105
SUPER_29,4910000,173,14,13,200,86,87
SUPER_29,4920000,110,13,10,133,54,56
SUPER_29,4930000,85,4,5,94,40,45
SUPER_29,4940000,121,16,10,147,80,41
SUPER_29,4950000,116,18,10,144,58,58
SUPER_29,4960000,118,4,9,131,70,48
SUPER_29,4970000,152,14,11,177,88,64
SUPER_29,4980000,144,6,13,163,80,64
SUPER_29,4990000,272,21,12,305,136,136
SUPER_29,5000000,224,25,20,269,119,105
SUPER_29,5010000,159,12,12,183,81,78
SUPER_29,5020000,204,21,17,242,110,94
SUPER_29,5030000,144,12,21,177,74,70
SUPER_29,5040000,237,17,17,271,115,122
SUPER_29,5050000,242,18,21,281,124,118
SUPER_29,5060000,107,11,6,124,67,40
SUPER_29,5070000,30,5,5,40,14,16
SUPER_29,5080000,89,10,14,113,42,47
SUPER_29,5090000,106,17,8,131,60,46
SUPER_29,5100000,48,3,6,57,28,20
SUPER_29,5110000,22,0,2,24,16,6
SUPER_29,5120000,59,5,8,72,32,27
SUPER_29,5130000,161,23,18,202,76,85
SUPER_29,5140000,213,16,21,250,103,110
SUPER_29,5150000,164,18,21,203,87,77
SUPER_29,5160000,249,21,21,291,131,118
SUPER_29,5170000,125,9,11,145,64,61
SUPER_29,5180000,146,10,5,161,86,60
SUPER_29,5190000,110,12,12,134,56,54
SUPER_29,5200000,62,7,6,75,36,26
SUPER_29,5210000,151,16,12,179,61,90
SUPER_29,5220000,212,12,21,245,116,96
SUPER_29,5230000,226,22,23,271,113,113
SUPER_29,5240000,149,16,9,174,81,68
SUPER_29,5250000,51,6,5,62,27,24
SUPER_29,5260000,190,20,14,224,93,97
SUPER_29,5270000,97,4,9,110,55,42
SUPER_29,5280000,21,1,4,26,10,11
SUPER_29,5290000,85,8,6,99,34,51
SUPER_29,5300000,188,16,14,218,101,87
SUPER_29,5310000,230,29,23,282,115,115
SUPER_29,5320000,155,17,13,185,87,68
SUPER_29,5330000,193,15,28,236,87,106
SUPER_29,5340000,131,8,17,156,59,72
SUPER_29,5350000,176,20,18,214,91,85
SUPER_29,5360000,211,26,19,256,97,114
SUPER_29,5370000,87,12,9,108,40,47
SUPER_29,5380000,103,12,5,120,50,53
SUPER_29,5390000,172,16,17,205,83,89
SUPER_29,5400000,184,16,9,209,96,88
SUPER_29,5410000,63,4,6,73,37,26
SUPER_29,5420000,164,24,19,207,74,90
SUPER_29,5430000,225,20,15,260,111,114
SUPER_29,5440000,63,6,4,73,23,40
SUPER_29,5450000,175,21,24,220,84,91
SUPER_29,5460000,173,14,22,209,96,77
SUPER_29,5470000,209,13,26,248,98,111
SUPER_29,5480000,198,19,16,233,85,113
SUPER_29,5490000,134,19,10,163,67,67
SUPER_29,5500000,99,3,10,112,55,44
SUPER_29,5510000,120,18,12,150,71,49
SUPER_29,5520000,150,13,11,174,75,75
SUPER_29,5530000,16,0,0,16,13,3
SUPER_29,5540000,85,6,8,99,45,40
SUPER_29,5550000,260,16,26,302,132,128
SUPER_29,5560000,81,6,6,93,40,41
SUPER_29,5570000,57,7,6,70,30,27
SUPER_29,5580000,191,10,19,220,86,105
SUPER_29,5590000,162,6,11,179,81,81
SUPER_29,5600000,76,7,4,87,49,27
SUPER_29,5610000,19,2,1,22,9,10
SUPER_29,5620000,151,16,8,175,74,77
SUPER_29,5630000,145,16,11,172,74,71
SUPER_29,5640000,247,18,28,293,139,108
SUPER_29,5650000,138,14,14,166,71,67
SUPER_29,5660000,120,9,1,130,62,58
SUPER_29,5670000,29,3,2,34,16,13
SUPER_29,5680000,77,4,3,84,44,33
SUPER_29,5690000,224,10,13,247,115,109
SUPER_29,5700000,137,9,12,158,79,58
SUPER_29,5710000,127,11,12,150,63,64
SUPER_29,5720000,73,5,3,81,33,40
SUPER_29,5730000,2,0,0,2,1,1
SUPER_29,5740000,54,5,4,63,23,31
SUPER_29,5750000,75,5,9,89,36,39
SUPER_29,5760000,105,9,7,121,64,41
SUPER_29,5770000,113,7,7,127,64,49
SUPER_29,5780000,115,3,10,128,63,52
SUPER_29,5790000,33,1,2,36,15,18
SUPER_29,5800000,225,17,10,252,122,103
SUPER_29,5810000,221,12,13,246,115,106
SUPER_29,5820000,179,9,12,200,82,97
SUPER_29,5830000,133,12,14,159,61,72
SUPER_29,5840000,98,8,3,109,49,49
SUPER_29,5850000,43,3,3,49,24,19
SUPER_29,5860000,221,17,18,256,112,109
SUPER_29,5870000,271,12,16,299,150,121
SUPER_29,5880000,208,8,18,234,88,120
SUPER_29,5890000,191,16,13,220,101,90
SUPER_29,5900000,120,7,14,141,65,55
SUPER_29,5910000,136,7,13,156,69,67
SUPER_29,5920000,211,30,15,256,110,101
SUPER_29,5930000,135,3,9,147,72,63
SUPER_29,5940000,46,3,7,56,33,13
SUPER_29,5950000,220,19,18,257,114,106
SUPER_29,5960000,90,10,10,110,37,53
SUPER_29,5970000,224,16,15,255,124,100
SUPER_29,5980000,284,33,23,340,153,131
SUPER_29,5990000,257,32,20,309,139,118
SUPER_29,6000000,244,15,23,282,127,117
SUPER_29,6010000,232,10,16,258,123,109
SUPER_29,6020000,114,6,6,126,59,55
SUPER_29,6030000,220,20,16,256,113,107
SUPER_29,6040000,218,13,10,241,118,100
SUPER_29,6050000,315,25,28,368,169,146
SUPER_29,6060000,210,12,20,242,105,105
SUPER_29,6070000,188,14,15,217,101,87
SUPER_29,6080000,233,18,12,263,139,94
SUPER_29,6090000,128,15,7,150,71,57
SUPER_29,6100000,116,14,16,146,57,59
SUPER_29,6110000,165,11,13,189,88,77
SUPER_29,6120000,166,15,10,191,75,91
SUPER_29,6130000,280,23,36,339,141,139
SUPER_29,6140000,98,6,13,117,46,52
SUPER_29,6150000,142,13,11,166,74,68
SUPER_29,6160000,58,4,3,65,29,29
SUPER_29,6170000,180,11,23,214,93,87
SUPER_29,6180000,220,23,24,267,121,99
SUPER_29,6190000,119,10,9,138,58,61
SUPER_29,6200000,15,0,1,16,9,6
SUPER_29,6210000,97,6,9,112,51,46
SUPER_29,6220000,134,17,7,158,70,64
SUPER_29,6230000,212,17,25,254,90,122
SUPER_29,6240000,114,7,13,134,68,46
SUPER_29,6250000,117,9,10,136,69,48
SUPER_29,6260000,193,30,13,236,101,92
SUPER_29,6270000,50,3,5,58,21,29
SUPER_29,6280000,94,12,13,119,52,42
SUPER_29,6290000,127,10,16,153,71,56
SUPER_29,6300000,78,9,9,96,33,45
SUPER_29,6310000,57,9,3,69,31,26
SUPER_29,6320000,69,12,12,93,43,26
SUPER_29,6330000,205,16,22,243,115,90
SUPER_29,6340000,148,9,24,181,73,75
SUPER_29,6350000,229,18,20,267,114,115
SUPER_29,6360000,173,14,14,201,99,74
SUPER_29,6370000,64,5,3,72,36,28
SUPER_29,6380000,30,1,1,32,15,15
SUPER_29,6390000,196,16,19,231,100,96
SUPER_29,6400000,232,15,19,266,110,122
SUPER_29,6410000,165,12,15,192,77,88
SUPER_29,6420000,171,18,25,214,76,95
SUPER_29,6430000,63,5,7,75,25,38
SUPER_29,6440000,95,18,24,137,44,51
SUPER_29,6450000,198,9,19,226,109,89
SUPER_29,6460000,94,6,10,110,43,51
SUPER_29,6470000,38,5,2,45,21,17
SUPER_29,6480000,135,10,11,156,63,72
SUPER_29,6490000,8,1,2,11,6,2
SUPER_29,6500000,145,12,12,169,70,75
SUPER_29,6510000,126,6,8,140,58,68
SUPER_29,6520000,93,13,6,112,57,36
SUPER_29,6530000,67,6,9,82,29,38
SUPER_29,6540000,210,26,24,260,114,96
SUPER_29,6550000,226,14,22,262,126,100
SUPER_29,6560000,145,9,16,170,74,71
SUPER_29,6570000,220,17,27,264,127,93
SUPER_29,6580000,191,20,15,226,101,90
SUPER_29,6590000,148,18,16,182,65,83
SUPER_29,6600000,68,10,14,92,37,31
SUPER_29,6610000,178,25,25,228,86,92
SUPER_29,6620000,251,18,23,292,137,114
SUPER_29,6630000,148,15,19,182,72,76
SUPER_29,6640000,219,21,21,261,128,91
SUPER_29,6650000,208,22,22,252,104,104
SUPER_29,6660000,74,5,9,88,34,40
SUPER_29,6670000,88,7,7,102,41,47
SUPER_29,6680000,154,19,15,188,69,85
SUPER_29,6690000,61,3,2,66,22,39
SUPER_29,6700000,115,12,10,137,58,57
SUPER_29,6710000,251,14,25,290,131,120
SUPER_29,6720000,240,20,19,279,122,118
SUPER_29,6730000,242,21,16,279,118,124
SUPER_29,6740000,124,10,5,139,70,54
SUPER_29,6750000,209,14,29,252,106,103
SUPER_29,6760000,205,13,16,234,102,103
SUPER_29,6770000,0,0,0,0,0,0
SUPER_29,6780000,0,0,0,0,0,0
SUPER_29,6790000,77,5,5,87,38,39
SUPER_29,6800000,118,17,10,145,61,57
SUPER_29,6810000,84,13,5,102,51,33
SUPER_29,6820000,44,6,8,58,24,20
SUPER_29,6830000,119,8,10,137,70,49
SUPER_29,6840000,65,2,2,69,34,31
SUPER_29,6850000,189,11,22,222,101,87
SUPER_29,6860000,36,0,2,38,15,21
SUPER_29,6870000,44,1,4,49,20,24
SUPER_29,6880000,8,3,0,11,5,3
SUPER_29,6890000,72,4,7,83,42,30
SUPER_29,6900000,54,5,3,62,25,29
SUPER_29,6910000,20,1,3,24,10,10
SUPER_29,6920000,123,13,15,151,63,60
SUPER_29,6930000,53,6,12,71,32,21
SUPER_29,6940000,46,5,4,55,34,12
SUPER_29,6950000,68,4,4,76,33,35
SUPER_29,6960000,0,0,0,0,0,0
SUPER_29,6970000,0,0,0,0,0,0
SUPER_29,6980000,53,3,4,60,22,31
SUPER_29,6990000,0,0,0,0,0,0
SUPER_29,7000000,0,0,0,0,0,0
SUPER_29,7010000,5,0,0,5,2,3
SUPER_29,7020000,7,0,0,7,2,5
SUPER_29,7030000,1,0,0,1,0,1
SUPER_29,7040000,2,1,0,3,0,2
SUPER_29,7050000,2,0,0,2,1,1
SUPER_29,7060000,6,0,0,6,3,3
SUPER_29,7070000,2,0,0,2,2,0
SUPER_29,7080000,3,0,0,3,0,3
SUPER_29,7090000,3,0,0,3,2,1
SUPER_29,7100000,5,0,0,5,2,3
SUPER_29,7110000,12,0,0,12,7,5
SUPER_29,7120000,29,3,2,34,17,12
SUPER_29,7130000,219,16,21,256,106,113
SUPER_29,7140000,262,19,24,305,133,129
SUPER_29,7150000,85,2,6,93,51,34
SUPER_29,7160000,5,2,0,7,2,3
SUPER_29,7170000,97,3,1,101,51,46
SUPER_29,7180000,209,13,11,233,102,107
SUPER_29,7190000,118,8,13,139,58,60
SUPER_29,7200000,104,4,7,115,53,51
SUPER_29,7210000,67,2,1,70,37,30
SUPER_29,7220000,6,1,0,7,4,2
SUPER_29,7230000,120,8,8,136,68,52
SUPER_29,7240000,63,5,4,72,35,28
SUPER_29,7250000,83,6,5,94,35,48
SUPER_29,7260000,170,10,14,194,83,87
SUPER_29,7270000,78,5,4,87,44,34
SUPER_29,7280000,211,11,26,248,118,93
SUPER_29,7290000,253,24,17,294,141,112
SUPER_29,7300000,242,13,30,285,115,127
SUPER_29,7310000,177,22,17,216,90,87
SUPER_29,7320000,218,21,16,255,124,94
SUPER_29,7330000,0,0,0,0,0,0
SUPER_29,7340000,0,0,0,0,0,0
SUPER_29,7350000,0,0,0,0,0,0
SUPER_29,7360000,84,8,9,101,44,40
SUPER_29,7370000,72,5,12,89,37,35
SUPER_29,7380000,309,15,10,334,163,146
SUPER_29,7390000,334,28,23,385,175,159
SUPER_29,7400000,295,18,20,333,160,135
SUPER_29,7410000,140,8,13,161,79,61
SUPER_29,7420000,221,11,26,258,115,106
SUPER_29,7430000,0,0,0,0,0,0
SUPER_29,7440000,0,0,0,0,0,0
SUPER_29,7450000,0,0,0,0,0,0
SUPER_30,10000,163,9,13,185,89,74
SUPER_30,20000,12,1,1,14,5,7
SUPER_30,30000,11,0,3,14,3,8
SUPER_30,40000,6,6,0,12,0,6
SUPER_30,50000,2,0,0,2,0,2
SUPER_30,60000,6,0,0,6,1,5
SUPER_30,70000,25,3,3,31,10,15
SUPER_30,80000,26,0,2,28,10,16
SUPER_30,90000,4,2,2,8,2,2
SUPER_30,100000,25,2,1,28,7,18
SUPER_30,110000,15,0,1,16,8,7
SUPER_30,120000,30,2,3,35,17,13
SUPER_30,130000,3,0,1,4,0,3
SUPER_30,140000,1,0,0,1,0,1
SUPER_30,150000,2,0,0,2,0,2
SUPER_30,160000,3,1,0,4,1,2
SUPER_30,170000,2,1,1,4,0,2
SUPER_30,180000,28,3,1,32,17,11
SUPER_30,190000,47,6,6,59,28,19
SUPER_30,200000,0,0,1,1,0,0
SUPER_30,210000,51,4,8,63,34,17
SUPER_30,220000,124,9,8,141,63,60
SUPER_30,230000,93,5,8,106,59,34
SUPER_30,240000,190,18,13,221,84,106
SUPER_30,250000,112,5,10,127,53,59
SUPER_30,260000,2,0,0,2,1,1
SUPER_30,270000,142,13,12,167,69,73
SUPER_30,280000,74,1,4,79,36,38
SUPER_30,290000,85,6,10,101,45,40
SUPER_30,300000,91,8,13,112,51,40
SUPER_30,310000,138,12,14,164,77,61
SUPER_30,320000,81,5,11,97,39,42
SUPER_30,330000,74,3,4,81,46,28
SUPER_30,340000,241,19,26,286,124,117
SUPER_30,350000,89,7,10,106,47,42
SUPER_30,360000,111,10,8,129,55,56
SUPER_30,370000,313,22,29,364,163,150
SUPER_30,380000,60,3,2,65,26,34
SUPER_30,390000,225,22,18,265,115,110
SUPER_30,400000,93,7,8,108,44,49
SUPER_30,410000,215,18,21,254,117,98
SUPER_30,420000,272,18,22,312,153,119
SUPER_30,430000,162,14,14,190,87,75
SUPER_30,440000,100,2,10,112,45,55
SUPER_30,450000,299,18,25,342,157,142
SUPER_30,460000,113,7,8,128,71,42
SUPER_30,470000,91,6,5,102,43,48
SUPER_30,480000,71,3,5,79,35,36
SUPER_30,490000,14,2,2,18,7,7
SUPER_30,500000,127,7,12,146,75,52
SUPER_30,510000,121,10,12,143,57,64
SUPER_30,520000,253,20,13,286,127,126
SUPER_30,530000,72,9,4,85,36,36
SUPER_30,540000,126,6,9,141,68,58
SUPER_30,550000,162,15,16,193,86,76
SUPER_30,560000,260,13,12,285,136,124
SUPER_30,570000,22,1,9,32,11,11
SUPER_30,580000,100,7,5,112,49,51
SUPER_30,590000,144,5,9,158,74,70
SUPER_30,600000,49,3,3,55,26,23
SUPER_30,610000,0,0,0,0,0,0
SUPER_30,620000,0,0,0,0,0,0
SUPER_30,630000,73,3,6,82,47,26
SUPER_30,640000,245,21,18,284,123,122
SUPER_30,650000,114,16,12,142,49,65
SUPER_30,660000,89,3,3,95,44,45
SUPER_30,670000,110,9,10,129,59,51
SUPER_30,680000,109,10,15,134,49,60
SUPER_30,690000,196,9,22,227,101,95
SUPER_30,700000,337,33,28,398,185,152
SUPER_30,710000,219,24,7,250,114,105
SUPER_30,720000,0,0,0,0,0,0
SUPER_30,730000,0,0,0,0,0,0
SUPER_30,740000,182,8,13,203,96,86
SUPER_30,750000,185,14,15,214,92,93
SUPER_30,760000,178,13,11,202,83,95
SUPER_30,770000,189,10,19,218,97,92
SUPER_30,780000,218,22,31,271,85,133
SUPER_30,790000,93,2,15,110,49,44
SUPER_30,800000,278,15,26,319,136,142
SUPER_30,810000,0,0,0,0,0,0
SUPER_30,820000,0,0,0,0,0,0
SUPER_30,830000,0,0,0,0,0,0
SUPER_30,840000,74,8,7,89,41,33
SUPER_30,850000,94,4,3,101,51,43
SUPER_30,860000,92,3,5,100,53,39
SUPER_30,870000,270,18,19,307,145,125
SUPER_30,880000,200,13,17,230,116,84
SUPER_30,890000,116,12,6,134,64,52
SUPER_30,900000,37,3,5,45,17,20
SUPER_30,910000,14,3,4,21,5,9
SUPER_30,920000,143,15,13,171,85,58
SUPER_30,930000,212,10,7,229,101,111
SUPER_30,940000,26,1,5,32,16,10
SUPER_30,950000,111,11,19,141,52,59
SUPER_30,960000,66,6,11,83,28,38
SUPER_30,970000,53,5,5,63,34,19
SUPER_30,980000,103,8,12,123,54,49
SUPER_30,990000,70,3,5,78,33,37
SUPER_30,1000000,291,21,23,335,141,150
SUPER_30,1010000,52,5,6,63,26,26
SUPER_30,1020000,122,9,12,143,51,71
SUPER_30,1030000,258,24,24,306,121,137
SUPER_30,1040000,251,12,19,282,133,118
SUPER_30,1050000,287,28,23,338,145,142
SUPER_30,1060000,85,5,1,91,44,41
SUPER_30,1070000,56,5,10,71,31,25
SUPER_30,1080000,31,2,4,37,16,15
SUPER_30,1090000,71,2,3,76,30,41
SUPER_30,1100000,115,11,17,143,69,46
SUPER_30,1110000,198,25,15,238,101,97
SUPER_30,1120000,182,15,12,209,88,94
SUPER_30,1130000,191,9,14,214,99,92
SUPER_30,1140000,61,5,1,67,36,25
SUPER_30,1150000,121,9,15,145,56,65
SUPER_30,1160000,64,6,6,76,33,31
SUPER_30,1170000,78,3,3,84,39,39
SUPER_30,1180000,57,3,6,66,37,20
SUPER_30,1190000,231,16,15,262,122,109
SUPER_30,1200000,219,12,22,253,123,96
SUPER_30,1210000,108,6,11,125,59,49
SUPER_30,1220000,13,0,2,15,7,6
SUPER_30,1230000,7,0,0,7,5,2
SUPER_30,1240000,45,1,4,50,23,22
SUPER_30,1250000,32,2,4,38,15,17
SUPER_30,1260000,12,0,3,15,5,7
SUPER_30,1270000,22,2,5,29,12,10
SUPER_30,1280000,27,1,3,31,18,9
SUPER_30,1290000,0,0,0,0,0,0
SUPER_30,1300000,0,0,0,0,0,0
SUPER_30,1310000,0,0,0,0,0,0
SUPER_30,1320000,33,3,1,37,20,13
SUPER_30,1330000,29,1,4,34,13,16
SUPER_30,1340000,31,2,2,35,16,15
SUPER_30,1350000,63,5,6,74,34,29
SUPER_30,1360000,16,0,0,16,10,6
SUPER_30,1370000,0,0,0,0,0,0
SUPER_30,1380000,0,0,0,0,0,0
SUPER_30,1390000,174,18,12,204,101,73
SUPER_30,1400000,153,15,15,183,67,86
SUPER_30,1410000,20,1,1,22,13,7
SUPER_30,1420000,48,2,1,51,28,20
SUPER_30,1430000,22,0,2,24,8,14
SUPER_30,1440000,90,7,9,106,46,44
SUPER_30,1450000,30,4,7,41,17,13
SUPER_30,1460000,1,1,0,2,1,0
SUPER_30,1470000,18,0,2,20,12,6
SUPER_30,1480000,137,8,10,155,73,64
SUPER_30,1490000,179,12,12,203,95,84
SUPER_30,1500000,153,14,15,182,76,77
SUPER_30,1510000,16,2,1,19,7,9
SUPER_30,1520000,52,7,4,63,23,29
SUPER_30,1530000,79,11,8,98,37,42
SUPER_30,1540000,91,13,7,111,49,42
SUPER_30,1550000,219,16,24,259,117,102
SUPER_30,1560000,81,5,5,91,40,41
SUPER_30,1570000,240,9,26,275,132,108
SUPER_30,1580000,145,16,24,185,78,67
SUPER_30,1590000,173,15,16,204,91,82
SUPER_30,1600000,15,0,0,15,4,11
SUPER_30,1610000,0,0,0,0,0,0
SUPER_30,1620000,0,0,0,0,0,0
SUPER_30,1630000,99,9,10,118,60,39
SUPER_30,1640000,37,1,3,41,22,15
SUPER_30,1650000,11,3,2,16,4,7
SUPER_30,1660000,45,3,5,53,22,23
SUPER_30,1670000,179,19,17,215,88,91
SUPER_30,1680000,70,3,9,82,35,35
SUPER_30,1690000,62,8,5,75,28,34
SUPER_30,1700000,76,6,4,86,40,36
SUPER_30,1710000,130,7,10,147,68,62
SUPER_30,1720000,61,16,5,82,27,34
SUPER_30,1730000,193,12,16,221,94,99
SUPER_30,1740000,148,7,7,162,87,61
SUPER_30,1750000,209,14,16,239,106,103
SUPER_30,1760000,247,28,33,308,121,126
SUPER_30,1770000,197,13,15,225,97,100
SUPER_30,1780000,176,20,22,218,89,87
SUPER_30,1790000,79,8,5,92,48,31
SUPER_30,1800000,116,7,4,127,53,63
SUPER_30,1810000,173,7,13,193,86,87
SUPER_30,1820000,151,9,7,167,94,57
SUPER_30,1830000,0,0,0,0,0,0
SUPER_30,1840000,0,0,0,0,0,0
SUPER_30,1850000,223,14,18,255,117,106
SUPER_30,1860000,100,11,3,114,64,36
SUPER_30,1870000,153,10,17,180,76,77
SUPER_30,1880000,188,10,13,211,84,104
SUPER_30,1890000,160,5,8,173,95,65
SUPER_30,1900000,80,9,6,95,38,42
SUPER_30,1910000,55,4,2,61,27,28
SUPER_30,1920000,60,5,12,77,30,30
SUPER_30,1930000,58,7,3,68,27,31
SUPER_30,1940000,17,1,3,21,13,4
SUPER_30,1950000,21,1,0,22,7,14
SUPER_30,1960000,15,1,3,19,10,5
SUPER_30,1970000,0,0,0,0,0,0
SUPER_30,1980000,0,0,0,0,0,0
SUPER_30,1990000,0,0,0,0,0,0
SUPER_30,2000000,0,0,0,0,0,0
SUPER_30,2010000,42,2,5,49,24,18
SUPER_30,2020000,42,2,6,50,22,20
SUPER_30,2030000,138,8,6,152,79,59
SUPER_30,2040000,0,0,0,0,0,0
SUPER_30,2050000,0,0,0,0,0,0
SUPER_30,2060000,64,5,4,73,35,29
SUPER_30,2070000,21,1,2,24,10,11
SUPER_30,2080000,92,5,4,101,45,47
SUPER_30,2090000,26,0,2,28,17,9
SUPER_30,2100000,135,16,10,161,73,62
SUPER_30,2110000,129,22,10,161,65,64
SUPER_30,2120000,318,23,30,371,160,158
SUPER_30,2130000,189,12,10,211,93,96
SUPER_30,2140000,191,15,18,224,97,94
SUPER_30,2150000,31,2,5,38,18,13
SUPER_30,2160000,62,7,12,81,21,41
SUPER_30,2170000,78,4,2,84,45,33
SUPER_30,2180000,37,1,0,38,23,14
SUPER_30,2190000,0,0,0,0,0,0
SUPER_30,2200000,0,0,0,0,0,0
SUPER_30,2210000,0,0,0,0,0,0
SUPER_30,2220000,77,4,3,84,44,33
SUPER_30,2230000,1,0,0,1,0,1
SUPER_30,2240000,30,1,2,33,18,12
SUPER_30,2250000,70,7,8,85,38,32
SUPER_30,2260000,65,5,1,71,37,28
SUPER_30,2270000,12,1,0,13,6,6
SUPER_30,2280000,17,0,2,19,14,3
SUPER_30,2290000,0,0,0,0,0,0
SUPER_30,2300000,0,0,0,0,0,0
SUPER_30,2310000,0,0,0,0,0,0
SUPER_30,2320000,14,1,3,18,6,8
SUPER_30,2330000,0,0,0,0,0,0
SUPER_30,2340000,0,0,0,0,0,0
SUPER_30,2350000,0,0,0,0,0,0
SUPER_30,2360000,0,0,0,0,0,0
SUPER_30,2370000,0,0,0,0,0,0
SUPER_30,2380000,0,0,0,0,0,0
SUPER_30,2390000,0,0,0,0,0,0
SUPER_30,2400000,0,0,0,0,0,0
SUPER_30,2410000,0,0,0,0,0,0
SUPER_30,2420000,0,0,0,0,0,0
SUPER_30,2430000,0,0,0,0,0,0
SUPER_30,2440000,0,0,0,0,0,0
SUPER_30,2450000,0,0,0,0,0,0
SUPER_30,2460000,0,0,0,0,0,0
SUPER_30,2470000,0,0,0,0,0,0
SUPER_30,2480000,0,0,0,0,0,0
SUPER_30,2490000,45,2,6,53,28,17
SUPER_30,2500000,0,0,0,0,0,0
SUPER_30,2510000,0,0,0,0,0,0
SUPER_30,2520000,0,0,0,0,0,0
SUPER_30,2530000,0,0,0,0,0,0
SUPER_30,2540000,0,0,0,0,0,0
SUPER_30,2550000,0,0,0,0,0,0
SUPER_30,2560000,0,0,0,0,0,0
SUPER_30,2570000,0,0,0,0,0,0
SUPER_30,2580000,0,0,0,0,0,0
SUPER_30,2590000,0,0,0,0,0,0
SUPER_30,2600000,0,0,0,0,0,0
SUPER_30,2610000,0,0,0,0,0,0
SUPER_30,2620000,0,0,0,0,0,0
SUPER_30,2630000,0,0,0,0,0,0
SUPER_30,2640000,0,0,0,0,0,0
SUPER_30,2650000,0,0,0,0,0,0
SUPER_30,2660000,0,0,0,0,0,0
SUPER_30,2670000,0,0,0,0,0,0
SUPER_30,2680000,0,0,0,0,0,0
SUPER_30,2690000,0,0,0,0,0,0
SUPER_30,2700000,0,0,0,0,0,0
SUPER_30,2710000,0,0,0,0,0,0
SUPER_30,2720000,0,0,0,0,0,0
SUPER_30,2730000,74,4,5,83,42,32
SUPER_30,2740000,0,0,0,0,0,0
SUPER_30,2750000,0,0,0,0,0,0
SUPER_30,2760000,0,0,0,0,0,0
SUPER_30,2770000,0,0,0,0,0,0
SUPER_30,2780000,0,0,0,0,0,0
SUPER_30,2790000,10,0,1,11,2,8
SUPER_30,2800000,0,0,0,0,0,0
SUPER_30,2810000,0,0,0,0,0,0
SUPER_30,2820000,0,0,0,0,0,0
SUPER_30,2830000,0,0,0,0,0,0
SUPER_30,2840000,0,0,0,0,0,0
SUPER_30,2850000,0,0,0,0,0,0
SUPER_30,2860000,0,0,0,0,0,0
SUPER_30,2870000,0,0,0,0,0,0
SUPER_30,2880000,0,0,0,0,0,0
SUPER_30,2890000,0,0,0,0,0,0
SUPER_30,2900000,56,6,6,68,29,27
SUPER_30,2910000,120,15,16,151,58,62
SUPER_30,2920000,80,4,5,89,50,30
SUPER_30,2930000,87,9,4,100,46,41
SUPER_30,2940000,68,4,3,75,46,22
SUPER_30,2950000,5,0,0,5,4,1
SUPER_30,2960000,4,0,0,4,3,1
SUPER_30,2970000,7,1,0,8,3,4
SUPER_30,2980000,33,3,3,39,16,17
SUPER_30,2990000,0,1,0,1,0,0
SUPER_30,3000000,13,1,0,14,2,11
SUPER_30,3010000,29,0,1,30,16,13
SUPER_30,3020000,3,1,1,5,3,0
SUPER_30,3030000,177,12,15,204,88,89
SUPER_30,3040000,172,7,11,190,100,72
SUPER_30,3050000,296,16,30,342,160,136
SUPER_30,3060000,32,8,6,46,16,16
SUPER_30,3070000,161,15,14,190,72,89
SUPER_30,3080000,51,1,6,58,19,32
SUPER_30,3090000,110,9,12,131,49,61
SUPER_30,3100000,248,29,29,306,122,126
SUPER_30,3110000,317,28,26,371,175,142
SUPER_30,3120000,0,0,0,0,0,0
SUPER_30,3130000,0,0,0,0,0,0
SUPER_30,3140000,0,0,0,0,0,0
SUPER_30,3150000,178,16,13,207,86,92
SUPER_30,3160000,92,7,6,105,47,45
SUPER_30,3170000,126,7,9,142,72,54
SUPER_30,3180000,256,15,15,286,133,123
SUPER_30,3190000,103,8,5,116,59,44
SUPER_30,3200000,170,10,15,195,80,90
SUPER_30,3210000,301,18,20,339,160,141
SUPER_30,3220000,121,4,8,133,56,65
SUPER_30,3230000,117,8,10,135,64,53
SUPER_30,3240000,85,2,6,93,36,49
SUPER_30,3250000,108,11,9,128,54,54
SUPER_30,3260000,99,8,10,117,45,54
SUPER_30,3270000,0,0,0,0,0,0
SUPER_30,3280000,0,0,0,0,0,0
SUPER_30,3290000,0,0,0,0,0,0
SUPER_30,3300000,0,0,0,0,0,0
SUPER_30,3310000,27,1,0,28,18,9
SUPER_30,3320000,51,5,0,56,24,27
SUPER_30,3330000,0,0,0,0,0,0
SUPER_30,3340000,0,0,0,0,0,0
SUPER_30,3350000,74,7,3,84,33,41
SUPER_30,3360000,27,4,2,33,12,15
SUPER_30,3370000,38,1,2,41,20,18
SUPER_30,3380000,37,5,2,44,11,26
SUPER_30,3390000,20,0,4,24,10,10
SUPER_30,3400000,55,3,3,61,24,31
SUPER_30,3410000,138,12,8,158,74,64
SUPER_30,3420000,229,19,17,265,129,100
SUPER_30,3430000,63,8,3,74,32,31
SUPER_30,3440000,167,20,14,201,96,71
SUPER_30,3450000,92,7,8,107,54,38
SUPER_30,3460000,24,2,1,27,5,19
SUPER_30,3470000,79,4,6,89,36,43
SUPER_30,3480000,95,2,7,104,51,44
SUPER_30,3490000,220,22,23,265,104,116
SUPER_30,3500000,228,24,19,271,129,99
SUPER_30,3510000,144,9,11,164,66,78
SUPER_30,3520000,153,12,10,175,73,80
SUPER_30,3530000,239,27,23,289,118,121
SUPER_30,3540000,49,4,6,59,20,29
SUPER_30,3550000,0,0,0,0,0,0
SUPER_30,3560000,0,0,0,0,0,0
SUPER_30,3570000,0,0,0,0,0,0
SUPER_30,3580000,0,0,0,0,0,0
SUPER_30,3590000,0,0,0,0,0,0
SUPER_30,3600000,0,0,0,0,0,0
SUPER_30,3610000,0,0,0,0,0,0
SUPER_30,3620000,0,0,0,0,0,0
SUPER_30,3630000,0,0,0,0,0,0
SUPER_30,3640000,0,0,0,0,0,0
SUPER_30,3650000,0,0,0,0,0,0
SUPER_30,3660000,0,0,0,0,0,0
SUPER_30,3670000,0,0,0,0,0,0
SUPER_30,3680000,0,0,0,0,0,0
SUPER_30,3690000,39,5,5,49,24,15
SUPER_30,3700000,73,6,8,87,54,19
SUPER_30,3710000,26,1,0,27,8,18
SUPER_30,3720000,0,0,0,0,0,0
SUPER_30,3730000,0,0,0,0,0,0
SUPER_30,3740000,120,8,9,137,61,59
SUPER_30,3750000,2,2,0,4,1,1
SUPER_30,3760000,2,2,1,5,2,0
SUPER_30,3770000,4,1,0,5,3,1
SUPER_30,3780000,128,7,5,140,74,54
SUPER_30,3790000,29,4,2,35,21,8
SUPER_30,3800000,116,5,11,132,62,54
SUPER_30,3810000,260,27,16,303,127,133
SUPER_30,3820000,101,7,5,113,47,54
SUPER_30,3830000,180,17,20,217,83,97
SUPER_30,3840000,287,25,13,325,148,139
SUPER_30,3850000,61,4,4,69,32,29
SUPER_30,3860000,82,7,7,96,52,30
SUPER_30,3870000,0,0,0,0,0,0
SUPER_30,3880000,0,0,0,0,0,0
SUPER_30,3890000,0,0,0,0,0,0
SUPER_30,3900000,0,0,0,0,0,0
SUPER_30,3910000,0,0,0,0,0,0
SUPER_30,3920000,0,0,0,0,0,0
SUPER_30,3930000,0,0,0,0,0,0
SUPER_30,3940000,0,0,0,0,0,0
SUPER_30,3950000,0,0,0,0,0,0
SUPER_30,3960000,0,0,0,0,0,0
SUPER_30,3970000,0,0,0,0,0,0
SUPER_30,3980000,16,1,5,22,9,7
SUPER_30,3990000,122,15,15,152,51,71
SUPER_30,4000000,160,17,17,194,75,85
SUPER_30,4010000,100,6,15,121,51,49
SUPER_30,4020000,280,26,22,328,151,129
SUPER_30,4030000,59,5,1,65,26,33
SUPER_30,4040000,40,5,4,49,25,15
SUPER_30,4050000,119,11,8,138,66,53
SUPER_30,4060000,121,13,5,139,63,58
SUPER_30,4070000,232,20,21,273,120,112
SUPER_30,4080000,262,19,14,295,139,123
SUPER_30,4090000,26,5,3,34,13,13
SUPER_30,4100000,4,1,1,6,0,4
SUPER_30,4110000,117,10,10,137,64,53
SUPER_30,4120000,272,15,20,307,147,125
SUPER_30,4130000,2,0,1,3,2,0
SUPER_30,4140000,130,9,7,146,76,54
SUPER_30,4150000,118,5,6,129,64,54
SUPER_30,4160000,212,15,5,232,109,103
SUPER_30,4170000,351,21,25,397,180,171
SUPER_30,4180000,79,9,9,97,40,39
SUPER_30,4190000,108,5,9,122,65,43
SUPER_30,4200000,229,14,15,258,128,101
SUPER_30,4210000,110,7,8,125,53,57
SUPER_30,4220000,36,1,8,45,18,18
SUPER_30,4230000,210,20,16,246,110,100
SUPER_30,4240000,281,14,13,308,146,135
SUPER_30,4250000,42,5,5,52,19,23
SUPER_30,4260000,133,13,12,158,76,57
SUPER_30,4270000,149,7,12,168,73,76
SUPER_30,4280000,1,0,0,1,0,1
SUPER_30,4290000,126,7,11,144,59,67
SUPER_30,4300000,73,7,3,83,45,28
SUPER_30,4310000,0,0,0,0,0,0
SUPER_30,4320000,0,0,0,0,0,0
SUPER_30,4330000,0,0,0,0,0,0
SUPER_30,4340000,0,0,0,0,0,0
SUPER_30,4350000,0,0,0,0,0,0
SUPER_30,4360000,0,0,0,0,0,0
SUPER_30,4370000,0,0,0,0,0,0
SUPER_30,4380000,0,0,0,0,0,0
SUPER_30,4390000,0,0,0,0,0,0
SUPER_30,4400000,0,0,0,0,0,0
SUPER_30,4410000,0,0,0,0,0,0
SUPER_30,4420000,0,0,0,0,0,0
SUPER_30,4430000,0,0,0,0,0,0
SUPER_30,4440000,0,0,0,0,0,0
SUPER_30,4450000,62,4,4,70,38,24
SUPER_30,4460000,8,2,1,11,4,4
SUPER_30,4470000,90,7,9,106,45,45
SUPER_30,4480000,127,4,7,138,71,56
SUPER_30,4490000,241,25,15,281,125,116
SUPER_30,4500000,231,21,15,267,126,105
SUPER_30,4510000,181,14,12,207,88,93
SUPER_30,4520000,0,1,1,2,0,0
SUPER_30,4530000,122,4,11,137,55,67
SUPER_30,4540000,81,5,6,92,35,46
SUPER_30,4550000,34,2,0,36,18,16
SUPER_30,4560000,48,3,2,53,32,16
SUPER_30,4570000,0,0,0,0,0,0
SUPER_30,4580000,0,0,0,0,0,0
SUPER_30,4590000,171,14,13,198,87,84
SUPER_30,4600000,183,13,10,206,84,99
SUPER_30,4610000,124,11,5,140,61,63
SUPER_30,4620000,71,3,7,81,39,32
SUPER_30,4630000,59,4,5,68,33,26
SUPER_30,4640000,0,0,0,0,0,0
SUPER_30,4650000,0,0,0,0,0,0
SUPER_30,4660000,148,13,10,171,81,67
SUPER_30,4670000,11,0,3,14,4,7
SUPER_30,4680000,208,20,18,246,118,90
SUPER_30,4690000,226,13,21,260,120,106
SUPER_30,4700000,100,8,6,114,58,42
SUPER_30,4710000,40,4,5,49,21,19
SUPER_30,4720000,37,1,3,41,17,20
SUPER_30,4730000,109,3,8,120,58,51
SUPER_30,4740000,71,1,1,73,37,34
SUPER_30,4750000,74,2,4,80,31,43
SUPER_30,4760000,275,20,21,316,161,114
SUPER_30,4770000,283,20,21,324,156,127
SUPER_30,4780000,45,2,4,51,29,16
SUPER_30,4790000,158,13,9,180,96,62
SUPER_30,4800000,194,16,15,225,108,86
SUPER_30,4810000,89,1,2,92,54,35
SUPER_30,4820000,102,8,13,123,53,49
SUPER_30,4830000,129,9,13,151,64,65
SUPER_30,4840000,277,27,23,327,131,146
SUPER_30,4850000,246,14,13,273,123,123
SUPER_30,4860000,100,0,0,100,26,74
SUPER_30,4870000,233,16,9,258,119,114
SUPER_30,4880000,0,0,0,0,0,0
SUPER_30,4890000,0,0,0,0,0,0
SUPER_30,4900000,159,9,15,183,95,64
SUPER_30,4910000,77,6,10,93,37,40
SUPER_30,4920000,46,4,1,51,24,22
SUPER_30,4930000,0,0,0,0,0,0
SUPER_30,4940000,0,0,0,0,0,0
SUPER_30,4950000,78,14,5,97,40,38
SUPER_30,4960000,52,3,3,58,32,20
SUPER_30,4970000,25,1,6,32,12,13
SUPER_30,4980000,16,0,1,17,10,6
SUPER_30,4990000,22,3,3,28,14,8
SUPER_30,5000000,161,15,11,187,71,90
SUPER_30,5010000,144,12,11,167,71,73
SUPER_30,5020000,158,5,15,178,80,78
SUPER_30,5030000,174,15,14,203,105,69
SUPER_30,5040000,18,1,0,19,13,5
SUPER_30,5050000,14,4,2,20,9,5
SUPER_30,5060000,150,15,18,183,71,79
SUPER_30,5070000,90,2,1,93,49,41
SUPER_30,5080000,162,11,5,178,83,79
SUPER_30,5090000,42,2,2,46,21,21
SUPER_30,5100000,97,11,12,120,52,45
SUPER_30,5110000,42,3,2,47,21,21
SUPER_30,5120000,0,0,0,0,0,0
SUPER_30,5130000,0,0,0,0,0,0
SUPER_30,5140000,0,0,0,0,0,0
SUPER_30,5150000,0,0,0,0,0,0
SUPER_30,5160000,0,0,0,0,0,0
SUPER_30,5170000,0,0,0,0,0,0
SUPER_30,5180000,0,0,0,0,0,0
SUPER_30,5190000,0,0,0,0,0,0
SUPER_30,5200000,0,0,0,0,0,0
SUPER_30,5210000,0,0,0,0,0,0
SUPER_30,5220000,0,0,0,0,0,0
SUPER_30,5230000,0,0,0,0,0,0
SUPER_30,5240000,130,10,12,152,67,63
SUPER_30,5250000,40,3,1,44,17,23
SUPER_30,5260000,106,8,7,121,59,47
SUPER_30,5270000,97,9,11,117,51,46
SUPER_30,5280000,32,5,3,40,15,17
SUPER_30,5290000,9,3,1,13,5,4
SUPER_30,5300000,9,0,2,11,3,6
SUPER_30,5310000,288,32,35,355,140,148
SUPER_30,5320000,252,15,30,297,147,105
SUPER_30,5330000,23,2,1,26,12,11
SUPER_30,5340000,117,11,12,140,64,53
SUPER_30,5350000,173,18,8,199,87,86
SUPER_30,5360000,280,16,21,317,135,145
SUPER_30,5370000,276,21,25,322,142,134
SUPER_30,5380000,125,11,14,150,79,46
SUPER_30,5390000,190,31,28,249,99,91
SUPER_30,5400000,59,8,10,77,28,31
SUPER_30,5410000,114,3,8,125,65,49
SUPER_30,5420000,133,9,11,153,78,55
SUPER_30,5430000,47,5,3,55,31,16
SUPER_30,5440000,111,9,4,124,63,48
SUPER_30,5450000,22,0,3,25,11,11
SUPER_30,5460000,9,1,4,14,7,2
SUPER_30,5470000,143,13,14,170,74,69
SUPER_30,5480000,246,13,20,279,146,100
SUPER_30,5490000,9,0,1,10,5,4
SUPER_30,5500000,78,1,2,81,38,40
SUPER_30,5510000,115,11,7,133,58,57
SUPER_30,5520000,0,0,0,0,0,0
SUPER_30,5530000,0,0,0,0,0,0
SUPER_30,5540000,0,0,0,0,0,0
SUPER_30,5550000,40,2,4,46,19,21
SUPER_30,5560000,19,1,3,23,13,6
SUPER_30,5570000,21,0,1,22,12,9
SUPER_30,5580000,44,3,3,50,29,15
SUPER_30,5590000,98,7,12,117,47,51
SUPER_30,5600000,12,1,1,14,9,3
SUPER_30,5610000,5,0,0,5,3,2
SUPER_30,5620000,138,9,13,160,66,72
SUPER_30,5630000,38,1,2,41,22,16
SUPER_30,5640000,28,2,2,32,11,17
SUPER_30,5650000,153,16,9,178,78,75
SUPER_30,5660000,309,24,24,357,144,165
SUPER_30,5670000,277,15,17,309,150,127
SUPER_30,5680000,276,16,23,315,145,131
SUPER_30,5690000,117,7,14,138,57,60
SUPER_30,5700000,204,12,16,232,108,96
SUPER_30,5710000,84,6,9,99,41,43
SUPER_30,5720000,104,4,11,119,60,44
SUPER_30,5730000,19,3,5,27,7,12
SUPER_30,5740000,36,6,3,45,23,13
SUPER_30,5750000,1,0,1,2,1,0
SUPER_30,5760000,202,16,14,232,113,89
SUPER_30,5770000,40,2,1,43,20,20
SUPER_30,5780000,69,4,8,81,40,29
SUPER_30,5790000,116,5,15,136,60,56
SUPER_30,5800000,254,24,21,299,131,123
SUPER_30,5810000,297,20,29,346,142,155
SUPER_30,5820000,195,17,12,224,105,90
SUPER_30,5830000,2,2,0,4,1,1
SUPER_30,5840000,7,0,0,7,4,3
SUPER_30,5850000,206,17,13,236,83,123
SUPER_30,5860000,161,12,10,183,94,67
SUPER_30,5870000,77,6,10,93,39,38
SUPER_30,5880000,52,1,2,55,22,30
SUPER_30,5890000,44,4,5,53,22,22
SUPER_30,5900000,171,5,6,182,100,71
SUPER_30,5910000,319,26,26,371,151,168
SUPER_30,5920000,158,10,12,180,85,73
SUPER_30,5930000,31,0,3,34,17,14
SUPER_30,5940000,176,11,10,197,99,77
SUPER_30,5950000,222,9,14,245,128,94
SUPER_30,5960000,38,6,2,46,15,23
SUPER_30,5970000,47,2,7,56,27,20
SUPER_30,5980000,2,1,1,4,1,1
SUPER_30,5990000,36,2,4,42,19,17
SUPER_30,6000000,3,0,1,4,2,1
SUPER_30,6010000,15,1,0,16,12,3
SUPER_30,6020000,30,1,0,31,13,17
SUPER_30,6030000,103,4,7,114,61,42
SUPER_30,6040000,209,9,16,234,108,101
SUPER_30,6050000,31,1,1,33,16,15
SUPER_30,6060000,29,2,4,35,14,15
SUPER_30,6070000,129,12,10,151,73,56
SUPER_30,6080000,112,1,12,125,60,52
SUPER_30,6090000,198,13,13,224,118,80
SUPER_30,6100000,113,7,5,125,58,55
SUPER_30,6110000,22,5,4,31,11,11
SUPER_30,6120000,147,6,7,160,89,58
SUPER_30,6130000,21,0,0,21,12,9
SUPER_30,6140000,76,7,7,90,47,29
SUPER_30,6150000,178,11,15,204,75,103
SUPER_30,6160000,1,0,0,1,1,0
SUPER_30,6170000,85,3,5,93,41,44
SUPER_30,6180000,274,28,34,336,130,144
SUPER_30,6190000,215,35,32,282,97,118
SUPER_30,6200000,263,29,25,317,133,130
SUPER_30,6210000,225,24,36,285,115,110
SUPER_30,6220000,177,12,19,208,93,84
SUPER_30,6230000,93,4,3,100,50,43
SUPER_30,6240000,1,0,2,3,0,1
SUPER_30,6250000,72,5,7,84,38,34
SUPER_30,6260000,43,4,4,51,23,20
SUPER_30,6270000,102,7,3,112,52,50
SUPER_30,6280000,24,2,6,32,12,12
SUPER_30,6290000,78,6,4,88,34,44
SUPER_30,6300000,155,18,17,190,81,74
SUPER_30,6310000,59,3,7,69,37,22
SUPER_30,6320000,152,8,12,172,81,71
SUPER_30,6330000,0,0,0,0,0,0
SUPER_30,6340000,0,0,0,0,0,0
SUPER_30,6350000,227,12,17,256,125,102
SUPER_30,6360000,268,14,24,306,139,129
SUPER_30,6370000,29,0,2,31,12,17
SUPER_30,6380000,36,2,1,39,26,10
SUPER_30,6390000,1,0,0,1,0,1
SUPER_30,6400000,1,0,0,1,1,0
SUPER_30,6410000,39,4,6,49,21,18
SUPER_30,6420000,3,0,0,3,2,1
SUPER_30,6430000,26,3,1,30,15,11
SUPER_30,6440000,61,2,6,69,33,28
SUPER_30,6450000,9,0,2,11,5,4
SUPER_30,6460000,208,8,16,232,108,100
SUPER_30,6470000,90,4,9,103,51,39
SUPER_W,10000,113,3,9,125,50,63
SUPER_W,20000,4,0,0,4,2,2
SUPER_W,30000,13,0,0,13,6,7
SUPER_W,40000,6,1,0,7,1,5
SUPER_W,50000,23,0,2,25,7,16
SUPER_W,60000,9,0,0,9,5,4
SUPER_W,70000,6,0,0,6,2,4
SUPER_W,80000,0,0,0,0,0,0
SUPER_W,90000,0,0,0,0,0,0
SUPER_W,100000,9,1,0,10,3,6
SUPER_W,110000,1,1,0,2,0,1
SUPER_W,120000,3,0,1,4,2,1
SUPER_W,130000,3,0,1,4,2,1
SUPER_W,140000,8,0,0,8,6,2
SUPER_W,150000,3,0,0,3,0,3
SUPER_W,160000,0,0,1,1,0,0
SUPER_W,170000,2,2,0,4,2,0
SUPER_W,180000,10,0,0,10,5,5
SUPER_W,190000,8,0,2,10,3,5
SUPER_W,200000,2,0,0,2,2,0
SUPER_W,210000,2,0,0,2,1,1
SUPER_W,220000,4,0,0,4,2,2
SUPER_W,230000,2,1,0,3,0,2
SUPER_W,240000,2,0,0,2,1,1
SUPER_W,250000,2,0,0,2,1,1
SUPER_W,260000,0,0,0,0,0,0
SUPER_W,270000,0,0,0,0,0,0
SUPER_W,280000,5,1,0,6,3,2
SUPER_W,290000,17,0,0,17,9,8
SUPER_W,300000,2,2,2,6,1,1
SUPER_W,310000,0,0,0,0,0,0
SUPER_W,320000,0,0,0,0,0,0
SUPER_W,330000,5,0,0,5,2,3
SUPER_W,340000,4,1,0,5,1,3
SUPER_W,350000,8,0,0,8,4,4
SUPER_W,360000,0,0,1,1,0,0
SUPER_W,370000,4,0,1,5,4,0
SUPER_W,380000,4,1,0,5,0,4
SUPER_W,390000,21,2,2,25,9,12
SUPER_W,400000,6,0,0,6,2,4
SUPER_W,410000,6,0,0,6,6,0
SUPER_W,420000,10,0,0,10,7,3
SUPER_W,430000,20,0,1,21,10,10
SUPER_W,440000,4,0,1,5,3,1
SUPER_W,450000,5,1,0,6,1,4
SUPER_W,460000,4,1,0,5,2,2
SUPER_W,470000,5,1,1,7,1,4
SUPER_W,480000,3,0,1,4,1,2
SUPER_W,490000,10,0,1,11,6,4
SUPER_W,500000,3,0,0,3,2,1
SUPER_W,510000,3,0,1,4,3,0
SUPER_W,520000,4,1,0,5,2,2
SUPER_W,530000,5,0,0,5,2,3
SUPER_W,540000,1,0,0,1,1,0
SUPER_W,550000,0,0,0,0,0,0
SUPER_W,560000,0,0,0,0,0,0
SUPER_W,570000,0,0,0,0,0,0
SUPER_W,580000,8,2,1,11,6,2
SUPER_W,590000,12,2,2,16,7,5
SUPER_W,600000,0,0,0,0,0,0
SUPER_W,610000,0,0,0,0,0,0
SUPER_W,620000,0,0,0,0,0,0
SUPER_W,630000,0,0,0,0,0,0
SUPER_W,640000,0,0,0,0,0,0
SUPER_W,650000,0,0,0,0,0,0
SUPER_W,660000,0,0,0,0,0,0
SUPER_W,670000,7,1,0,8,2,5
SUPER_W,680000,0,0,0,0,0,0
SUPER_W,690000,0,0,0,0,0,0
SUPER_W,700000,0,0,0,0,0,0
SUPER_W,710000,9,1,0,10,2,7
SUPER_W,720000,27,1,4,32,11,16
SUPER_W,730000,36,0,0,36,18,18
SUPER_W,740000,5,0,2,7,1,4
SUPER_W,750000,5,0,0,5,3,2
SUPER_W,760000,0,0,0,0,0,0
SUPER_W,770000,0,0,0,0,0,0
SUPER_W,780000,44,3,3,50,24,20
SUPER_W,790000,0,0,0,0,0,0
SUPER_W,800000,0,0,0,0,0,0
SUPER_W,810000,0,0,0,0,0,0
SUPER_W,820000,0,0,0,0,0,0
SUPER_W,830000,23,1,2,26,6,17
SUPER_W,840000,4,1,0,5,3,1
SUPER_W,850000,0,0,0,0,0,0
SUPER_W,860000,0,0,0,0,0,0
SUPER_W,870000,28,2,1,31,14,14
SUPER_W,880000,0,0,0,0,0,0
SUPER_W,890000,0,0,0,0,0,0
SUPER_W,900000,0,0,0,0,0,0
SUPER_W,910000,25,1,2,28,16,9
SUPER_W,920000,12,1,1,14,4,8
SUPER_W,930000,1,0,0,1,0,1
SUPER_W,940000,12,0,1,13,3,9
SUPER_W,950000,19,0,0,19,9,10
SUPER_W,960000,0,0,0,0,0,0
SUPER_W,970000,0,0,0,0,0,0
SUPER_W,980000,0,0,0,0,0,0
SUPER_W,990000,0,0,0,0,0,0
SUPER_W,1000000,0,0,0,0,0,0
SUPER_W,1010000,0,0,0,0,0,0
SUPER_W,1020000,0,0,0,0,0,0
SUPER_W,1030000,0,0,0,0,0,0
SUPER_W,1040000,34,0,9,43,18,16
SUPER_W,1050000,0,0,0,0,0,0
SUPER_W,1060000,0,0,0,0,0,0
SUPER_W,1070000,0,0,0,0,0,0
SUPER_W,1080000,0,0,0,0,0,0
SUPER_W,1090000,0,0,0,0,0,0
SUPER_W,1100000,0,0,0,0,0,0
SUPER_W,1110000,0,0,0,0,0,0
SUPER_W,1120000,0,0,0,0,0,0
SUPER_W,1130000,0,0,0,0,0,0
SUPER_W,1140000,7,0,2,9,2,5
SUPER_W,1150000,11,4,0,15,9,2
SUPER_W,1160000,10,4,0,14,6,4
SUPER_W,1170000,2,0,0,2,2,0
SUPER_W,1180000,4,0,0,4,3,1
SUPER_W,1190000,13,3,0,16,8,5
SUPER_W,1200000,10,1,1,12,5,5
SUPER_W,1210000,4,0,1,5,2,2
SUPER_W,1220000,2,0,1,3,0,2
SUPER_W,1230000,0,0,0,0,0,0
SUPER_W,1240000,0,0,0,0,0,0
SUPER_W,1250000,7,1,0,8,6,1
SUPER_W,1260000,9,0,0,9,5,4
SUPER_W,1270000,4,0,1,5,2,2
SUPER_W,1280000,24,2,2,28,7,17
SUPER_W,1290000,12,0,0,12,4,8
SUPER_W,1300000,18,3,0,21,9,9
SUPER_W,1310000,7,0,0,7,6,1
SUPER_W,1320000,18,0,0,18,8,10
SUPER_W,1330000,10,0,0,10,1,9
SUPER_W,1340000,2,0,0,2,2,0
SUPER_W,1350000,3,0,0,3,1,2
SUPER_W,1360000,19,0,1,20,8,11
SUPER_W,1370000,26,0,0,26,12,14
SUPER_W,1380000,18,0,0,18,6,12
SUPER_W,1390000,6,0,0,6,3,3
SUPER_W,1400000,5,0,0,5,3,2
SUPER_W,1410000,1,0,1,2,0,1
SUPER_W,1420000,8,1,0,9,4,4
SUPER_W,1430000,3,1,1,5,2,1
SUPER_W,1440000,4,1,0,5,3,1
SUPER_W,1450000,2,0,0,2,0,2
SUPER_W,1460000,7,0,0,7,6,1
SUPER_W,1470000,1,1,0,2,0,1
SUPER_W,1480000,10,0,1,11,2,8
SUPER_W,1490000,0,0,0,0,0,0
SUPER_W,1500000,0,0,0,0,0,0
SUPER_W,1510000,0,0,0,0,0,0
SUPER_W,1520000,12,1,2,15,10,2
SUPER_W,1530000,6,0,0,6,4,2
SUPER_W,1540000,4,1,1,6,4,0
SUPER_W,1550000,7,0,2,9,4,3
SUPER_W,1560000,12,1,0,13,7,5
SUPER_W,1570000,11,2,2,15,8,3
SUPER_W,1580000,33,1,1,35,13,20
SUPER_W,1590000,5,1,2,8,1,4
SUPER_W,1600000,0,0,0,0,0,0
SUPER_W,1610000,0,0,0,0,0,0
SUPER_W,1620000,0,0,0,0,0,0
SUPER_W,1630000,0,0,0,0,0,0
SUPER_W,1640000,17,1,2,20,5,12
SUPER_W,1650000,9,0,2,11,6,3
SUPER_W,1660000,34,0,0,34,14,20
SUPER_W,1670000,0,0,0,0,0,0
SUPER_W,1680000,0,0,0,0,0,0
SUPER_W,1690000,0,0,0,0,0,0
SUPER_W,1700000,0,0,0,0,0,0
SUPER_W,1710000,0,0,0,0,0,0
SUPER_W,1720000,0,0,0,0,0,0
SUPER_W,1730000,8,0,0,8,4,4
SUPER_W,1740000,0,0,0,0,0,0
SUPER_W,1750000,0,0,0,0,0,0
SUPER_W,1760000,0,0,0,0,0,0
SUPER_W,1770000,0,0,0,0,0,0
SUPER_W,1780000,0,0,0,0,0,0
SUPER_W,1790000,0,0,0,0,0,0
SUPER_W,1800000,0,0,0,0,0,0
SUPER_W,1810000,0,0,0,0,0,0
SUPER_W,1820000,0,0,0,0,0,0
SUPER_W,1830000,0,0,0,0,0,0
SUPER_W,1840000,0,0,0,0,0,0
SUPER_W,1850000,0,0,0,0,0,0
SUPER_W,1860000,6,1,1,8,4,2
SUPER_W,1870000,7,1,0,8,4,3
SUPER_W,1880000,0,0,0,0,0,0
SUPER_W,1890000,0,0,0,0,0,0
SUPER_W,1900000,18,1,2,21,10,8
SUPER_W,1910000,36,9,1,46,23,13
SUPER_W,1920000,0,0,0,0,0,0
SUPER_W,1930000,0,0,0,0,0,0
SUPER_W,1940000,0,0,0,0,0,0
SUPER_W,1950000,0,0,0,0,0,0
SUPER_W,1960000,0,0,0,0,0,0
SUPER_W,1970000,0,0,0,0,0,0
SUPER_W,1980000,0,0,0,0,0,0
SUPER_W,1990000,0,0,0,0,0,0
SUPER_W,2000000,0,0,0,0,0,0
SUPER_W,2010000,0,0,0,0,0,0
SUPER_W,2020000,0,0,0,0,0,0
SUPER_W,2030000,11,1,0,12,3,8
SUPER_W,2040000,1,0,0,1,0,1
SUPER_W,2050000,5,0,0,5,3,2
SUPER_W,2060000,13,0,0,13,4,9
SUPER_W,2070000,25,0,2,27,11,14
SUPER_W,2080000,4,0,0,4,2,2
SUPER_W,2090000,0,0,0,0,0,0
SUPER_W,2100000,0,0,0,0,0,0
SUPER_W,2110000,0,0,0,0,0,0
SUPER_W,2120000,20,2,0,22,8,12
SUPER_W,2130000,11,0,0,11,4,7
SUPER_W,2140000,5,0,1,6,3,2
SUPER_W,2150000,16,1,0,17,8,8
SUPER_W,2160000,5,0,2,7,3,2
SUPER_W,2170000,8,1,2,11,5,3
SUPER_W,2180000,16,0,0,16,6,10
SUPER_W,2190000,12,0,0,12,4,8
SUPER_W,2200000,7,0,0,7,3,4
SUPER_W,2210000,4,0,0,4,2,2
SUPER_W,2220000,2,0,0,2,2,0
SUPER_W,2230000,4,0,0,4,2,2
SUPER_W,2240000,13,0,1,14,1,12
SUPER_W,2250000,23,3,2,28,10,13
SUPER_W,2260000,35,0,0,35,12,23
SUPER_W,2270000,8,0,1,9,1,7
SUPER_W,2280000,5,0,0,5,2,3
SUPER_W,2290000,0,0,0,0,0,0
SUPER_W,2300000,0,0,0,0,0,0
SUPER_W,2310000,0,0,0,0,0,0
SUPER_W,2320000,0,0,0,0,0,0
SUPER_W,2330000,0,0,0,0,0,0
SUPER_W,2340000,2,1,0,3,1,1
SUPER_W,2350000,20,3,4,27,11,9
SUPER_W,2360000,4,0,0,4,3,1
SUPER_W,2370000,3,0,4,7,2,1
SUPER_W,2380000,20,2,0,22,8,12
SUPER_W,2390000,3,0,0,3,0,3
SUPER_W,2400000,4,0,0,4,2,2
SUPER_W,2410000,6,0,2,8,2,4
SUPER_W,2420000,0,0,0,0,0,0
SUPER_W,2430000,0,0,0,0,0,0
SUPER_W,2440000,0,0,0,0,0,0
SUPER_W,2450000,0,0,0,0,0,0
SUPER_W,2460000,0,0,0,0,0,0
SUPER_W,2470000,0,0,0,0,0,0
SUPER_W,2480000,21,0,0,21,7,14
SUPER_W,2490000,0,0,0,0,0,0
SUPER_W,2500000,0,0,0,0,0,0
SUPER_W,2510000,0,0,0,0,0,0
SUPER_W,2520000,9,0,0,9,3,6
SUPER_W,2530000,6,0,0,6,2,4
SUPER_W,2540000,10,0,0,10,5,5
SUPER_W,2550000,5,0,0,5,3,2
SUPER_W,2560000,5,0,0,5,2,3
SUPER_W,2570000,1,0,0,1,0,1
SUPER_W,2580000,3,0,0,3,1,2
SUPER_W,2590000,0,0,0,0,0,0
SUPER_W,2600000,0,0,0,0,0,0
SUPER_W,2610000,0,0,0,0,0,0
SUPER_W,2620000,0,0,0,0,0,0
SUPER_W,2630000,15,0,0,15,9,6
SUPER_W,2640000,5,0,0,5,2,3
SUPER_W,2650000,0,0,0,0,0,0
SUPER_W,2660000,0,0,0,0,0,0
SUPER_W,2670000,0,0,0,0,0,0
SUPER_W,2680000,0,0,0,0,0,0
SUPER_W,2690000,0,0,0,0,0,0
SUPER_W,2700000,0,0,0,0,0,0
SUPER_W,2710000,0,0,0,0,0,0
SUPER_W,2720000,0,0,0,0,0,0
SUPER_W,2730000,0,0,0,0,0,0
SUPER_W,2740000,0,0,0,0,0,0
SUPER_W,2750000,30,3,1,34,18,12
SUPER_W,2760000,0,0,0,0,0,0
SUPER_W,2770000,0,0,0,0,0,0
SUPER_W,2780000,15,3,6,24,9,6
SUPER_W,2790000,0,0,0,0,0,0
SUPER_W,2800000,0,0,0,0,0,0
SUPER_W,2810000,0,0,0,0,0,0
SUPER_W,2820000,0,0,0,0,0,0
SUPER_W,2830000,0,0,0,0,0,0
SUPER_W,2840000,0,0,0,0,0,0
SUPER_W,2850000,0,0,0,0,0,0
SUPER_W,2860000,0,0,0,0,0,0
SUPER_W,2870000,10,0,3,13,5,5
SUPER_W,2880000,0,0,0,0,0,0
SUPER_W,2890000,0,0,0,0,0,0
SUPER_W,2900000,0,0,0,0,0,0
SUPER_W,2910000,0,0,0,0,0,0
SUPER_W,2920000,0,0,0,0,0,0
SUPER_W,2930000,0,0,0,0,0,0
SUPER_W,2940000,0,0,0,0,0,0
SUPER_W,2950000,0,0,0,0,0,0
SUPER_W,2960000,0,0,0,0,0,0
SUPER_W,2970000,0,0,0,0,0,0
SUPER_W,2980000,0,0,0,0,0,0
SUPER_W,2990000,0,0,0,0,0,0
SUPER_W,3000000,0,0,0,0,0,0
SUPER_W,3010000,0,0,0,0,0,0
SUPER_W,3020000,0,0,0,0,0,0
SUPER_W,3030000,0,0,0,0,0,0
SUPER_W,3040000,54,7,3,64,25,29
SUPER_W,3050000,36,4,2,42,20,16
SUPER_W,3060000,48,1,3,52,31,17
SUPER_W,3070000,0,0,0,0,0,0
SUPER_W,3080000,0,0,0,0,0,0
SUPER_W,3090000,70,4,7,81,41,29
SUPER_W,3100000,44,3,6,53,25,19
SUPER_W,3110000,0,0,0,0,0,0
SUPER_W,3120000,0,0,0,0,0,0
SUPER_W,3130000,0,0,0,0,0,0
SUPER_W,3140000,0,0,0,0,0,0
SUPER_W,3150000,0,0,0,0,0,0
SUPER_W,3160000,0,0,0,0,0,0
SUPER_W,3170000,0,0,0,0,0,0
SUPER_W,3180000,0,0,0,0,0,0
SUPER_W,3190000,0,0,0,0,0,0
SUPER_W,3200000,0,0,0,0,0,0
SUPER_W,3210000,0,0,0,0,0,0
SUPER_W,3220000,0,0,0,0,0,0
SUPER_W,3230000,0,0,0,0,0,0
SUPER_W,3240000,0,0,0,0,0,0
SUPER_W,3250000,0,0,0,0,0,0
SUPER_W,3260000,16,0,0,16,7,9
SUPER_W,3270000,71,6,5,82,32,39
SUPER_W,3280000,13,0,3,16,6,7
SUPER_W,3290000,0,0,0,0,0,0
SUPER_W,3300000,0,0,0,0,0,0
SUPER_W,3310000,6,0,1,7,4,2
SUPER_W,3320000,4,1,0,5,1,3
SUPER_W,3330000,1,0,0,1,1,0
SUPER_W,3340000,1,0,0,1,0,1
SUPER_W,3350000,2,0,0,2,1,1
SUPER_W,3360000,0,0,0,0,0,0
SUPER_W,3370000,0,0,0,0,0,0
SUPER_W,3380000,0,0,0,0,0,0
SUPER_W,3390000,5,0,0,5,2,3
SUPER_W,3400000,0,0,0,0,0,0
SUPER_W,3410000,0,0,0,0,0,0
SUPER_W,3420000,0,0,0,0,0,0
SUPER_W,3430000,0,0,0,0,0,0
SUPER_W,3440000,0,0,0,0,0,0
SUPER_W,3450000,0,0,0,0,0,0
SUPER_W,3460000,0,0,0,0,0,0
SUPER_W,3470000,15,2,2,19,9,6
SUPER_W,3480000,0,0,0,0,0,0
SUPER_W,3490000,0,0,0,0,0,0
SUPER_W,3500000,0,0,0,0,0,0
SUPER_W,3510000,0,0,0,0,0,0
SUPER_W,3520000,0,0,0,0,0,0
SUPER_W,3530000,0,0,0,0,0,0
SUPER_W,3540000,12,2,0,14,7,5
SUPER_W,3550000,5,2,0,7,1,4
SUPER_W,3560000,16,0,0,16,10,6
SUPER_W,3570000,41,2,1,44,21,20
SUPER_W,3580000,93,5,9,107,50,43
SUPER_W,3590000,100,11,9,120,52,48
SUPER_W,3600000,0,0,0,0,0,0
SUPER_W,3610000,0,0,0,0,0,0
SUPER_W,3620000,0,0,0,0,0,0
SUPER_W,3630000,7,1,0,8,2,5
SUPER_W,3640000,45,5,2,52,29,16
SUPER_W,3650000,36,2,5,43,15,21
SUPER_W,3660000,0,0,1,1,0,0
SUPER_W,3670000,35,4,5,44,22,13
SUPER_W,3680000,0,0,0,0,0,0
SUPER_W,3690000,0,0,0,0,0,0
SUPER_W,3700000,65,7,4,76,38,27
SUPER_W,3710000,42,3,3,48,21,21
SUPER_W,3720000,0,0,0,0,0,0
SUPER_W,3730000,0,0,0,0,0,0
SUPER_W,3740000,75,8,9,92,39,36
SUPER_W,3750000,2,2,1,5,1,1
SUPER_W,3760000,6,3,2,11,2,4
SUPER_W,3770000,34,1,3,38,18,16
SUPER_W,3780000,44,9,4,57,22,22
SUPER_W,3790000,35,3,4,42,18,17
SUPER_W,3800000,59,6,3,68,29,30
SUPER_W,3810000,49,4,10,63,30,19
SUPER_W,3820000,26,3,3,32,12,14
SUPER_W,3830000,64,5,6,75,34,30
SUPER_W,3840000,0,0,0,0,0,0
SUPER_W,3850000,0,0,0,0,0,0
SUPER_W,3860000,0,0,0,0,0,0
SUPER_W,3870000,0,0,0,0,0,0
SUPER_W,3880000,0,0,0,0,0,0
SUPER_W,3890000,0,0,0,0,0,0
SUPER_W,3900000,0,0,0,0,0,0
SUPER_W,3910000,0,0,0,0,0,0
SUPER_W,3920000,0,0,0,0,0,0
SUPER_W,3930000,0,0,0,0,0,0
SUPER_W,3940000,0,0,0,0,0,0
SUPER_W,3950000,11,0,2,13,4,7
SUPER_W,3960000,57,6,2,65,34,23
SUPER_W,3970000,8,2,0,10,7,1
SUPER_W,3980000,57,5,8,70,36,21
SUPER_W,3990000,0,0,0,0,0,0
SUPER_W,4000000,0,0,0,0,0,0
SUPER_W,4010000,50,1,2,53,26,24
SUPER_W,4020000,27,0,0,27,13,14
SUPER_W,4030000,8,0,0,8,5,3
SUPER_W,4040000,6,0,0,6,4,2
SUPER_W,4050000,8,0,1,9,5,3
SUPER_W,4060000,3,0,0,3,3,0
SUPER_W,4070000,0,0,0,0,0,0
SUPER_W,4080000,0,0,0,0,0,0
SUPER_W,4090000,0,0,0,0,0,0
SUPER_W,4100000,0,0,0,0,0,0
SUPER_W,4110000,0,0,0,0,0,0
SUPER_W,4120000,0,0,0,0,0,0
SUPER_W,4130000,0,0,0,0,0,0
SUPER_W,4140000,0,0,0,0,0,0
SUPER_W,4150000,0,0,0,0,0,0
SUPER_W,4160000,0,0,0,0,0,0
SUPER_W,4170000,16,0,0,16,6,10
SUPER_W,4180000,0,0,0,0,0,0
SUPER_W,4190000,0,0,0,0,0,0
SUPER_W,4200000,0,0,0,0,0,0
SUPER_W,4210000,0,0,0,0,0,0
SUPER_W,4220000,0,0,0,0,0,0
SUPER_W,4230000,0,0,0,0,0,0
SUPER_W,4240000,0,0,0,0,0,0
SUPER_W,4250000,3,1,0,4,2,1
SUPER_W,4260000,30,1,1,32,19,11
SUPER_W,4270000,0,0,0,0,0,0
SUPER_W,4280000,0,0,0,0,0,0
SUPER_W,4290000,2,1,0,3,1,1
SUPER_W,4300000,4,0,0,4,0,4
SUPER_W,4310000,0,0,0,0,0,0
SUPER_W,4320000,0,0,0,0,0,0
SUPER_W,4330000,0,0,0,0,0,0
SUPER_W,4340000,0,0,0,0,0,0
SUPER_W,4350000,0,0,0,0,0,0
SUPER_W,4360000,0,0,0,0,0,0
SUPER_W,4370000,5,1,0,6,2,3
SUPER_W,4380000,0,0,0,0,0,0
SUPER_W,4390000,0,0,0,0,0,0
SUPER_W,4400000,0,0,0,0,0,0
SUPER_W,4410000,2,1,0,3,1,1
SUPER_W,4420000,4,1,1,6,3,1
SUPER_W,4430000,8,2,0,10,4,4
SUPER_W,4440000,7,1,1,9,3,4
SUPER_W,4450000,0,0,0,0,0,0
SUPER_W,4460000,0,0,0,0,0,0
SUPER_W,4470000,7,1,0,8,5,2
SUPER_W,4480000,4,2,1,7,3,1
SUPER_W,4490000,5,0,1,6,2,3
SUPER_W,4500000,10,0,3,13,6,4
SUPER_W,4510000,6,3,0,9,3,3
SUPER_W,4520000,10,3,0,13,5,5
SUPER_W,4530000,4,1,2,7,3,1
SUPER_W,4540000,5,0,0,5,2,3
SUPER_W,4550000,11,2,0,13,3,8
SUPER_W,4560000,3,2,1,6,2,1
SUPER_W,4570000,9,0,2,11,5,4
SUPER_W,4580000,28,1,3,32,14,14
SUPER_W,4590000,18,0,0,18,6,12
SUPER_W,4600000,3,0,0,3,2,1
SUPER_W,4610000,6,0,2,8,5,1
SUPER_W,4620000,8,1,0,9,4,4
SUPER_W,4630000,3,0,0,3,1,2
SUPER_W,4640000,4,0,0,4,1,3
SUPER_W,4650000,6,2,0,8,4,2
SUPER_W,4660000,5,0,1,6,2,3
SUPER_W,4670000,0,0,0,0,0,0
SUPER_W,4680000,0,0,0,0,0,0
SUPER_W,4690000,0,0,0,0,0,0
SUPER_W,4700000,0,0,0,0,0,0
SUPER_W,4710000,0,0,0,0,0,0
SUPER_W,4720000,0,0,0,0,0,0
SUPER_W,4730000,0,0,0,0,0,0
SUPER_W,4740000,10,1,3,14,6,4
SUPER_W,4750000,9,1,0,10,4,5
SUPER_W,4760000,0,0,0,0,0,0
SUPER_W,4770000,0,0,0,0,0,0
SUPER_W,4780000,0,0,0,0,0,0
SUPER_W,4790000,6,1,0,7,4,2
SUPER_W,4800000,8,0,0,8,5,3
SUPER_W,4810000,0,0,0,0,0,0
SUPER_W,4820000,0,0,0,0,0,0
SUPER_W,4830000,0,0,0,0,0,0
SUPER_W,4840000,0,0,0,0,0,0
SUPER_W,4850000,8,4,1,13,6,2
SUPER_W,4860000,6,0,1,7,2,4
SUPER_W,4870000,0,0,0,0,0,0
SUPER_W,4880000,0,0,0,0,0,0
SUPER_W,4890000,6,0,0,6,2,4
SUPER_W,4900000,22,1,0,23,10,12
SUPER_W,4910000,3,0,0,3,3,0
SUPER_W,4920000,12,0,0,12,6,6
SUPER_W,4930000,7,0,0,7,3,4
SUPER_W,4940000,0,0,0,0,0,0
SUPER_W,4950000,0,0,0,0,0,0
SUPER_W,4960000,2,0,0,2,2,0
SUPER_W,4970000,3,0,0,3,0,3
SUPER_W,4980000,22,0,0,22,10,12
SUPER_W,4990000,10,0,1,11,3,7
SUPER_W,5000000,0,0,0,0,0,0
SUPER_W,5010000,0,0,0,0,0,0
SUPER_W,5020000,4,0,0,4,3,1
SUPER_W,5030000,3,1,0,4,1,2
SUPER_W,5040000,6,1,0,7,4,2
SUPER_W,5050000,5,1,4,10,3,2
SUPER_W,5060000,14,0,1,15,11,3
SUPER_W,5070000,0,0,0,0,0,0
SUPER_W,5080000,0,0,0,0,0,0
SUPER_W,5090000,12,1,0,13,5,7
SUPER_W,5100000,0,0,0,0,0,0
SUPER_W,5110000,0,0,0,0,0,0
SUPER_W,5120000,7,1,0,8,3,4
SUPER_W,5130000,7,0,0,7,3,4
SUPER_W,5140000,2,0,2,4,2,0
SUPER_W,5150000,8,3,0,11,2,6
SUPER_W,5160000,4,1,0,5,2,2
SUPER_W,5170000,5,0,0,5,4,1
SUPER_W,5180000,7,0,0,7,2,5
SUPER_W,5190000,22,0,2,24,9,13
SUPER_W,5200000,23,1,0,24,9,14
SUPER_W,5210000,5,0,0,5,3,2
SUPER_W,5220000,7,0,1,8,5,2
SUPER_W,5230000,5,0,1,6,2,3
SUPER_W,5240000,2,0,0,2,0,2
SUPER_W,5250000,0,0,0,0,0,0
SUPER_W,5260000,0,0,0,0,0,0
SUPER_W,5270000,0,0,0,0,0,0
SUPER_W,5280000,2,0,1,3,2,0
SUPER_W,5290000,2,1,2,5,0,2
SUPER_W,5300000,9,1,1,11,5,4
SUPER_W,5310000,5,0,0,5,3,2
SUPER_W,5320000,3,1,0,4,1,2
SUPER_W,5330000,10,2,1,13,5,5
SUPER_W,5340000,0,0,0,0,0,0
SUPER_W,5350000,0,0,0,0,0,0
SUPER_W,5360000,19,7,1,27,13,6
SUPER_W,5370000,7,0,1,8,3,4
SUPER_W,5380000,2,0,0,2,1,1
SUPER_W,5390000,2,0,0,2,0,2
SUPER_W,5400000,0,0,0,0,0,0
SUPER_W,5410000,0,0,0,0,0,0
SUPER_W,5420000,0,0,0,0,0,0
SUPER_W,5430000,0,0,0,0,0,0
SUPER_W,5440000,0,0,0,0,0,0
SUPER_W,5450000,0,0,0,0,0,0
SUPER_W,5460000,0,0,0,0,0,0
SUPER_W,5470000,0,0,0,0,0,0
SUPER_W,5480000,0,0,0,0,0,0
SUPER_W,5490000,0,0,0,0,0,0
SUPER_W,5500000,0,0,0,0,0,0
SUPER_W,5510000,0,0,0,0,0,0
SUPER_W,5520000,0,0,0,0,0,0
SUPER_W,5530000,0,0,0,0,0,0
SUPER_W,5540000,0,0,0,0,0,0
SUPER_W,5550000,0,0,0,0,0,0
SUPER_W,5560000,0,0,0,0,0,0
SUPER_W,5570000,0,0,0,0,0,0
SUPER_W,5580000,0,0,0,0,0,0
SUPER_W,5590000,0,0,0,0,0,0
SUPER_W,5600000,17,2,2,21,11,6
SUPER_W,5610000,0,0,0,0,0,0
SUPER_W,5620000,0,0,0,0,0,0
SUPER_W,5630000,0,0,0,0,0,0
SUPER_W,5640000,0,0,0,0,0,0
SUPER_W,5650000,0,0,0,0,0,0
SUPER_W,5660000,0,0,0,0,0,0
SUPER_W,5670000,0,0,0,0,0,0
SUPER_W,5680000,0,0,0,0,0,0
SUPER_W,5690000,0,0,0,0,0,0
SUPER_W,5700000,0,0,0,0,0,0
SUPER_W,5710000,0,0,0,0,0,0
SUPER_W,5720000,0,0,0,0,0,0
SUPER_W,5730000,0,0,0,0,0,0
SUPER_W,5740000,18,0,1,19,9,9
SUPER_W,5750000,6,0,0,6,3,3
SUPER_W,5760000,3,0,0,3,0,3
SUPER_W,5770000,0,0,0,0,0,0
SUPER_W,5780000,0,0,0,0,0,0
SUPER_W,5790000,0,0,0,0,0,0
SUPER_W,5800000,0,0,0,0,0,0
SUPER_W,5810000,0,0,0,0,0,0
SUPER_W,5820000,0,0,0,0,0,0
SUPER_W,5830000,0,0,0,0,0,0
SUPER_W,5840000,0,0,0,0,0,0
SUPER_W,5850000,0,0,0,0,0,0
SUPER_W,5860000,0,0,0,0,0,0
SUPER_W,5870000,0,0,0,0,0,0
SUPER_W,5880000,0,0,0,0,0,0
SUPER_W,5890000,0,0,0,0,0,0
SUPER_W,5900000,0,0,0,0,0,0
SUPER_W,5910000,0,0,0,0,0,0
SUPER_W,5920000,0,0,0,0,0,0
SUPER_W,5930000,0,0,0,0,0,0
SUPER_W,5940000,0,0,0,0,0,0
SUPER_W,5950000,0,0,0,0,0,0
SUPER_W,5960000,0,0,0,0,0,0
SUPER_W,5970000,0,0,0,0,0,0
SUPER_W,5980000,0,0,0,0,0,0
SUPER_W,5990000,0,0,0,0,0,0
SUPER_W,6000000,0,0,0,0,0,0
SUPER_W,6010000,0,0,0,0,0,0
SUPER_W,6020000,0,0,0,0,0,0
SUPER_W,6030000,0,0,0,0,0,0
SUPER_W,6040000,0,0,0,0,0,0
SUPER_W,6050000,0,0,0,0,0,0
SUPER_W,6060000,0,0,0,0,0,0
SUPER_W,6070000,13,1,0,14,8,5
SUPER_W,6080000,8,1,0,9,6,2
SUPER_W,6090000,46,4,5,55,22,24
SUPER_W,6100000,0,0,0,0,0,0
SUPER_W,6110000,0,0,0,0,0,0
SUPER_W,6120000,0,0,0,0,0,0
SUPER_W,6130000,2,0,1,3,1,1
SUPER_W,6140000,33,1,6,40,21,12
SUPER_W,6150000,6,3,2,11,3,3
SUPER_W,6160000,0,0,0,0,0,0
SUPER_W,6170000,0,0,0,0,0,0
SUPER_W,6180000,21,1,2,24,10,11
SUPER_W,6190000,3,0,0,3,1,2
SUPER_W,6200000,3,0,1,4,3,0
SUPER_W,6210000,0,0,0,0,0,0
SUPER_W,6220000,0,0,0,0,0,0
SUPER_W,6230000,0,0,0,0,0,0
SUPER_W,6240000,0,0,0,0,0,0
SUPER_W,6250000,0,0,0,0,0,0
SUPER_W,6260000,0,0,0,0,0,0
SUPER_W,6270000,0,0,0,0,0,0
SUPER_W,6280000,0,0,0,0,0,0
SUPER_W,6290000,5,0,1,6,3,2
SUPER_W,6300000,3,0,0,3,2,1
SUPER_W,6310000,3,0,0,3,1,2
SUPER_W,6320000,0,0,0,0,0,0
SUPER_W,6330000,0,0,0,0,0,0
SUPER_W,6340000,0,0,0,0,0,0
SUPER_W,6350000,0,0,0,0,0,0
SUPER_W,6360000,0,0,0,0,0,0
SUPER_W,6370000,6,0,0,6,2,4
SUPER_W,6380000,0,0,0,0,0,0
SUPER_W,6390000,0,0,0,0,0,0
SUPER_W,6400000,0,0,0,0,0,0
SUPER_W,6410000,0,0,0,0,0,0
SUPER_W,6420000,7,0,0,7,4,3
SUPER_W,6430000,0,0,0,0,0,0
SUPER_W,6440000,0,0,0,0,0,0
SUPER_W,6450000,0,0,0,0,0,0
SUPER_W,6460000,0,0,0,0,0,0
SUPER_W,6470000,10,0,0,10,6,4
SUPER_W,6480000,0,0,0,0,0,0
SUPER_W,6490000,0,0,0,0,0,0
SUPER_W,6500000,0,0,0,0,0,0
SUPER_W,6510000,0,0,0,0,0,0
SUPER_W,6520000,0,0,0,0,0,0
SUPER_W,6530000,0,0,0,0,0,0
SUPER_W,6540000,0,0,0,0,0,0
SUPER_W,6550000,0,0,0,0,0,0
SUPER_W,6560000,0,0,0,0,0,0
SUPER_W,6570000,0,0,0,0,0,0
SUPER_W,6580000,73,9,6,88,35,38
SUPER_W,6590000,0,0,0,0,0,0
SUPER_W,6600000,0,0,0,0,0,0
SUPER_W,6610000,0,0,0,0,0,0
SUPER_W,6620000,0,0,0,0,0,0
SUPER_W,6630000,0,0,0,0,0,0
SUPER_W,6640000,0,0,0,0,0,0
SUPER_W,6650000,0,0,0,0,0,0
SUPER_W,6660000,0,0,0,0,0,0
SUPER_W,6670000,0,0,0,0,0,0
SUPER_W,6680000,0,0,0,0,0,0
SUPER_W,6690000,0,0,0,0,0,0
SUPER_W,6700000,0,0,0,0,0,0
SUPER_W,6710000,0,0,0,0,0,0
SUPER_W,6720000,0,0,0,0,0,0
SUPER_W,6730000,45,1,5,51,24,21
SUPER_W,6740000,0,0,0,0,0,0
SUPER_W,6750000,0,0,0,0,0,0
SUPER_W,6760000,0,0,0,0,0,0
SUPER_W,6770000,0,0,0,0,0,0
SUPER_W,6780000,0,0,0,0,0,0
SUPER_W,6790000,11,0,0,11,2,9
SUPER_W,6800000,8,0,1,9,5,3
SUPER_W,6810000,10,0,0,10,6,4
SUPER_W,6820000,3,0,0,3,1,2
SUPER_W,6830000,3,0,0,3,2,1
SUPER_W,6840000,1,0,0,1,1,0
SUPER_W,6850000,4,0,0,4,3,1
SUPER_W,6860000,0,0,0,0,0,0
SUPER_W,6870000,0,0,0,0,0,0
SUPER_W,6880000,0,0,0,0,0,0
SUPER_W,6890000,3,1,0,4,1,2
SUPER_W,6900000,0,0,0,0,0,0
SUPER_W,6910000,0,0,0,0,0,0
SUPER_W,6920000,0,0,0,0,0,0
SUPER_W,6930000,0,0,0,0,0,0
SUPER_W,6940000,0,0,0,0,0,0
SUPER_W,6950000,0,0,0,0,0,0
SUPER_W,6960000,29,1,6,36,15,14
SUPER_W,6970000,43,2,1,46,27,16
SUPER_W,6980000,34,3,4,41,15,19
SUPER_W,6990000,0,0,0,0,0,0
SUPER_W,7000000,0,0,0,0,0,0
SUPER_W,7010000,0,0,0,0,0,0
SUPER_W,7020000,0,0,0,0,0,0
SUPER_W,7030000,0,0,0,0,0,0
SUPER_W,7040000,0,0,0,0,0,0
SUPER_W,7050000,0,0,0,0,0,0
SUPER_W,7060000,0,0,0,0,0,0
SUPER_W,7070000,0,0,0,0,0,0
SUPER_W,7080000,0,0,0,0,0,0
SUPER_W,7090000,0,0,0,0,0,0
SUPER_W,7100000,11,6,0,17,4,7
SUPER_W,7110000,0,0,0,0,0,0
SUPER_W,7120000,0,0,0,0,0,0
SUPER_W,7130000,2,1,0,3,1,1
SUPER_W,7140000,0,0,0,0,0,0
SUPER_W,7150000,0,0,0,0,0,0
SUPER_W,7160000,0,0,0,0,0,0
SUPER_W,7170000,0,0,0,0,0,0
SUPER_W,7180000,0,0,0,0,0,0
SUPER_W,7190000,0,0,0,0,0,0
SUPER_W,7200000,0,0,0,0,0,0
SUPER_W,7210000,0,0,0,0,0,0
SUPER_W,7220000,0,0,0,0,0,0
SUPER_W,7230000,0,0,0,0,0,0
SUPER_W,7240000,0,0,0,0,0,0
SUPER_W,7250000,0,0,0,0,0,0
SUPER_W,7260000,0,0,0,0,0,0
SUPER_W,7270000,0,0,0,0,0,0
SUPER_W,7280000,0,0,0,0,0,0
SUPER_W,7290000,0,0,0,0,0,0
SUPER_W,7300000,0,0,0,0,0,0
SUPER_W,7310000,0,0,0,0,0,0
SUPER_W,7320000,0,0,0,0,0,0
SUPER_W,7330000,0,0,0,0,0,0
SUPER_W,7340000,0,0,0,0,0,0
SUPER_W,7350000,0,0,0,0,0,0
SUPER_W,7360000,0,0,0,0,0,0
SUPER_W,7370000,0,0,0,0,0,0
SUPER_W,7380000,2,1,0,3,2,0
SUPER_W,7390000,0,0,0,0,0,0
SUPER_W,7400000,0,0,0,0,0,0
SUPER_W,7410000,0,0,0,0,0,0
SUPER_W,7420000,0,0,0,0,0,0
SUPER_W,7430000,13,0,0,13,4,9
SUPER_W,7440000,1,0,0,1,1,0
SUPER_W,7450000,3,0,0,3,1,2
SUPER_W,7460000,0,0,0,0,0,0
SUPER_W,7470000,0,0,0,0,0,0
SUPER_W,7480000,0,0,0,0,0,0
SUPER_W,7490000,0,0,0,0,0,0
SUPER_W,7500000,11,0,0,11,4,7
SUPER_W,7510000,8,0,0,8,1,7
SUPER_W,7520000,9,0,0,9,5,4
SUPER_W,7530000,16,0,1,17,8,8
SUPER_W,7540000,13,0,1,14,1,12
SUPER_W,7550000,3,0,0,3,0,3
SUPER_W,7560000,7,0,0,7,3,4
SUPER_W,7570000,18,0,0,18,5,13
SUPER_W,7580000,0,0,0,0,0,0
SUPER_W,7590000,0,0,0,0,0,0
SUPER_W,7600000,6,0,0,6,5,1
SUPER_W,7610000,0,0,0,0,0,0
SUPER_W,7620000,0,0,0,0,0,0
SUPER_W,7630000,0,0,0,0,0,0
SUPER_W,7640000,3,1,1,5,0,3
SUPER_W,7650000,12,0,3,15,3,9
SUPER_W,7660000,57,1,2,60,40,17
SUPER_W,7670000,0,0,0,0,0,0
SUPER_W,7680000,0,0,0,0,0,0
SUPER_W,7690000,0,0,0,0,0,0
SUPER_W,7700000,0,0,0,0,0,0
SUPER_W,7710000,0,0,0,0,0,0
SUPER_W,7720000,0,0,0,0,0,0
SUPER_W,7730000,19,3,3,25,8,11
SUPER_W,7740000,18,2,3,23,10,8
SUPER_W,7750000,0,0,0,0,0,0
SUPER_W,7760000,0,0,0,0,0,0
SUPER_W,7770000,42,10,1,53,24,18
SUPER_W,7780000,59,5,4,68,31,28
SUPER_W,7790000,0,0,0,0,0,0
SUPER_W,7800000,0,0,0,0,0,0
SUPER_W,7810000,0,0,0,0,0,0
SUPER_W,7820000,0,0,0,0,0,0
SUPER_W,7830000,0,0,0,0,0,0
SUPER_W,7840000,0,0,0,0,0,0
SUPER_W,7850000,0,0,0,0,0,0
SUPER_W,7860000,0,0,0,0,0,0
SUPER_W,7870000,0,0,0,0,0,0
SUPER_W,7880000,0,0,0,0,0,0
SUPER_W,7890000,0,0,0,0,0,0
SUPER_W,7900000,0,0,0,0,0,0
SUPER_W,7910000,0,0,0,0,0,0
SUPER_W,7920000,0,0,0,0,0,0
SUPER_W,7930000,0,0,0,0,0,0
SUPER_W,7940000,42,3,3,48,23,19
SUPER_W,7950000,0,0,0,0,0,0
SUPER_W,7960000,0,0,0,0,0,0
SUPER_W,7970000,6,0,0,6,3,3
SUPER_W,7980000,3,0,0,3,2,1
SUPER_W,7990000,1,0,0,1,0,1
SUPER_W,8000000,9,0,0,9,5,4
SUPER_W,8010000,7,1,0,8,3,4
SUPER_W,8020000,0,0,0,0,0,0
SUPER_W,8030000,0,0,0,0,0,0
SUPER_W,8040000,0,0,0,0,0,0
SUPER_W,8050000,0,0,0,0,0,0
SUPER_W,8060000,16,1,0,17,4,12
SUPER_W,8070000,5,0,0,5,1,4
SUPER_W,8080000,2,0,0,2,1,1
SUPER_W,8090000,9,0,0,9,5,4
SUPER_W,8100000,3,0,0,3,1,2
SUPER_W,8110000,0,0,0,0,0,0
SUPER_W,8120000,0,0,0,0,0,0
SUPER_W,8130000,18,0,0,18,4,14
SUPER_W,8140000,11,0,0,11,4,7
SUPER_W,8150000,0,0,0,0,0,0
SUPER_W,8160000,0,0,0,0,0,0
SUPER_W,8170000,13,0,1,14,7,6
SUPER_W,8180000,0,0,0,0,0,0
SUPER_W,8190000,0,0,0,0,0,0
SUPER_W,8200000,0,0,0,0,0,0
SUPER_W,8210000,24,0,0,24,12,12
SUPER_W,8220000,6,0,0,6,2,4
SUPER_W,8230000,0,0,0,0,0,0
SUPER_W,8240000,0,0,0,0,0,0
SUPER_W,8250000,8,0,0,8,4,4
SUPER_W,8260000,5,0,0,5,2,3
SUPER_W,8270000,25,0,0,25,9,16
SUPER_W,8280000,6,0,0,6,3,3
SUPER_W,8290000,4,1,0,5,1,3
SUPER_W,8300000,1,0,0,1,0,1
SUPER_W,8310000,2,0,0,2,1,1
SUPER_W,8320000,7,0,0,7,2,5
SUPER_W,8330000,8,0,0,8,2,6
SUPER_W,8340000,10,0,0,10,4,6
SUPER_W,8350000,3,0,0,3,1,2
SUPER_W,8360000,0,0,0,0,0,0
SUPER_W,8370000,0,0,0,0,0,0
SUPER_W,8380000,6,0,0,6,3,3
SUPER_W,8390000,1,0,0,1,0,1
SUPER_W,8400000,12,0,0,12,4,8
SUPER_W,8410000,6,0,0,6,2,4
SUPER_W,8420000,9,0,0,9,3,6
SUPER_W,8430000,0,0,0,0,0,0
SUPER_W,8440000,0,0,0,0,0,0
SUPER_W,8450000,15,0,0,15,10,5
SUPER_W,8460000,6,0,0,6,3,3
SUPER_W,8470000,47,1,5,53,22,25
SUPER_W,8480000,47,7,2,56,28,19
SUPER_W,8490000,0,0,0,0,0,0
SUPER_W,8500000,0,0,0,0,0,0
SUPER_W,8510000,26,2,1,29,12,14
SUPER_W,8520000,21,1,3,25,10,11
SUPER_W,8530000,2,0,0,2,2,0
SUPER_W,8540000,0,0,0,0,0,0
SUPER_W,8550000,0,0,0,0,0,0
SUPER_W,8560000,0,0,0,0,0,0
SUPER_W,8570000,0,0,0,0,0,0
SUPER_W,8580000,0,0,0,0,0,0
SUPER_W,8590000,0,0,0,0,0,0
SUPER_W,8600000,6,0,0,6,5,1
SUPER_W,8610000,3,0,0,3,0,3
SUPER_W,8620000,3,0,0,3,1,2
SUPER_W,8630000,1,0,0,1,0,1
SUPER_W,8640000,4,0,0,4,2,2
SUPER_W,8650000,7,0,0,7,3,4
SUPER_W,8660000,0,0,0,0,0,0
SUPER_W,8670000,0,0,0,0,0,0
SUPER_W,8680000,7,0,0,7,2,5
SUPER_W,8690000,0,0,0,0,0,0
SUPER_W,8700000,0,0,0,0,0,0
SUPER_W,8710000,0,0,0,0,0,0
SUPER_W,8720000,7,0,0,7,5,2
SUPER_W,8730000,3,0,0,3,1,2
SUPER_W,8740000,1,0,0,1,1,0
SUPER_W,8750000,0,0,0,0,0,0
SUPER_W,8760000,0,0,0,0,0,0
SUPER_W,8770000,21,0,0,21,12,9
SUPER_W,8780000,6,0,0,6,2,4
SUPER_W,8790000,3,0,0,3,0,3
SUPER_W,8800000,0,0,0,0,0,0
SUPER_W,8810000,0,0,0,0,0,0
SUPER_W,8820000,0,0,0,0,0,0
SUPER_W,8830000,0,0,0,0,0,0
SUPER_W,8840000,12,0,1,13,9,3
SUPER_W,8850000,0,0,0,0,0,0
SUPER_W,8860000,0,0,0,0,0,0
SUPER_W,8870000,0,0,0,0,0,0
SUPER_W,8880000,0,0,0,0,0,0
SUPER_W,8890000,16,0,0,16,10,6
SUPER_W,8900000,1,0,0,1,0,1
SUPER_W,8910000,0,0,0,0,0,0
SUPER_W,8920000,0,0,0,0,0,0
SUPER_W,8930000,0,0,0,0,0,0
SUPER_W,8940000,0,0,0,0,0,0
SUPER_W,8950000,0,0,0,0,0,0
SUPER_W,8960000,8,0,0,8,4,4
SUPER_W,8970000,4,0,0,4,0,4
SUPER_W,8980000,5,0,0,5,0,5
SUPER_W,8990000,4,1,0,5,2,2
SUPER_W,9000000,5,0,0,5,1,4
SUPER_W,9010000,0,0,0,0,0,0
SUPER_W,9020000,0,0,0,0,0,0
SUPER_W,9030000,6,0,0,6,6,0
SUPER_W,9040000,21,0,1,22,12,9
SUPER_W,9050000,71,6,3,80,45,26
SUPER_W,9060000,9,0,1,10,2,7
SUPER_W,9070000,41,4,4,49,22,19
SUPER_W,9080000,62,6,13,81,31,31
SUPER_W,9090000,11,0,1,12,3,8
SUPER_W,9100000,35,2,5,42,18,17
SUPER_W,9110000,65,5,4,74,37,28
SUPER_W,9120000,0,0,0,0,0,0
SUPER_W,9130000,0,0,0,0,0,0
SUPER_W,9140000,0,0,0,0,0,0
SUPER_W,9150000,6,0,0,6,0,6
SUPER_W,9160000,1,0,0,1,0,1
SUPER_W,9170000,2,0,0,2,0,2
SUPER_W,9180000,2,0,0,2,1,1
SUPER_W,9190000,0,0,0,0,0,0
SUPER_W,9200000,0,0,0,0,0,0
SUPER_W,9210000,0,0,0,0,0,0
SUPER_W,9220000,5,0,0,5,2,3
SUPER_W,9230000,3,0,0,3,1,2
SUPER_W,9240000,1,0,0,1,0,1
SUPER_W,9250000,0,0,0,0,0,0
SUPER_W,9260000,0,0,0,0,0,0
SUPER_W,9270000,0,0,0,0,0,0
SUPER_W,9280000,0,0,0,0,0,0
SUPER_W,9290000,4,0,0,4,3,1
SUPER_W,9300000,7,0,0,7,5,2
SUPER_W,9310000,0,0,0,0,0,0
SUPER_W,9320000,0,0,0,0,0,0
SUPER_W,9330000,0,0,0,0,0,0
SUPER_W,9340000,3,0,0,3,1,2
SUPER_W,9350000,2,0,0,2,0,2
SUPER_W,9360000,4,0,0,4,1,3
SUPER_W,9370000,3,0,0,3,1,2
SUPER_W,9380000,0,0,0,0,0,0
SUPER_W,9390000,0,0,0,0,0,0
SUPER_W,9400000,7,0,0,7,6,1
SUPER_W,9410000,1,0,0,1,0,1
SUPER_W,9420000,9,2,1,12,3,6
SUPER_W,9430000,18,3,0,21,5,13
SUPER_W,9440000,32,3,3,38,15,17
SUPER_W,9450000,89,9,8,106,49,40
SUPER_W,9460000,12,0,0,12,2,10
SUPER_W,9470000,1,1,0,2,0,1
SUPER_W,9480000,1,0,2,3,0,1
SUPER_W,9490000,23,3,6,32,12,11
SUPER_W,9500000,22,2,5,29,8,14
SUPER_W,9510000,0,0,0,0,0,0
SUPER_W,9520000,0,0,0,0,0,0
SUPER_W,9530000,0,0,0,0,0,0
SUPER_W,9540000,0,0,0,0,0,0
SUPER_W,9550000,0,0,0,0,0,0
SUPER_W,9560000,0,0,0,0,0,0
SUPER_W,9570000,123,8,7,138,66,57
SUPER_W,9580000,38,6,4,48,23,15
SUPER_W,9590000,36,4,0,40,20,16
SUPER_W,9600000,40,4,3,47,19,21
SUPER_W,9610000,44,1,1,46,27,17
SUPER_W,9620000,89,8,7,104,54,35
SUPER_W,9630000,75,5,12,92,39,36
SUPER_W,9640000,0,0,0,0,0,0
SUPER_W,9650000,0,0,0,0,0,0
SUPER_W,9660000,0,0,0,0,0,0
SUPER_W,9670000,21,0,0,21,12,9
SUPER_W,9680000,20,2,3,25,8,12
SUPER_W,9690000,0,0,0,0,0,0
SUPER_W,9700000,0,0,0,0,0,0
SUPER_W,9710000,73,6,6,85,33,40
SUPER_W,9720000,0,0,0,0,0,0
SUPER_W,9730000,0,0,0,0,0,0
SUPER_W,9740000,49,3,1,53,25,24
SUPER_W,9750000,79,0,4,83,40,39
SUPER_W,9760000,68,0,3,71,39,29
SUPER_W,9770000,0,0,0,0,0,0
SUPER_W,9780000,0,0,0,0,0,0
SUPER_W,9790000,0,0,0,0,0,0
SUPER_W,9800000,0,0,0,0,0,0
SUPER_W,9810000,0,0,0,0,0,0
SUPER_W,9820000,0,0,0,0,0,0
SUPER_W,9830000,0,0,0,0,0,0
SUPER_W,9840000,0,0,0,0,0,0
SUPER_W,9850000,0,0,0,0,0,0
SUPER_W,9860000,0,0,0,0,0,0
SUPER_W,9870000,0,0,0,0,0,0
SUPER_W,9880000,0,0,0,0,0,0
SUPER_W,9890000,0,0,0,0,0,0
SUPER_W,9900000,0,0,0,0,0,0
SUPER_W,9910000,0,0,0,0,0,0
SUPER_W,9920000,0,0,0,0,0,0
SUPER_W,9930000,0,0,0,0,0,0
SUPER_W,9940000,0,0,0,0,0,0
SUPER_W,9950000,0,0,0,0,0,0
SUPER_W,9960000,0,0,0,0,0,0
SUPER_W,9970000,50,3,5,58,23,27
SUPER_W,9980000,2,0,0,2,2,0
SUPER_W,9990000,2,0,0,2,1,1
SUPER_W,10000000,2,0,0,2,2,0
SUPER_W,10010000,1,0,0,1,0,1
SUPER_W,10020000,1,0,0,1,1,0
SUPER_W,10030000,2,0,0,2,2,0
SUPER_W,10040000,2,0,0,2,2,0
SUPER_W,10050000,0,0,0,0,0,0
SUPER_W,10060000,0,0,0,0,0,0
SUPER_W,10070000,0,0,0,0,0,0
SUPER_W,10080000,0,0,0,0,0,0
SUPER_W,10090000,0,0,0,0,0,0
SUPER_W,10100000,0,0,0,0,0,0
SUPER_W,10110000,0,0,0,0,0,0
SUPER_W,10120000,0,0,0,0,0,0
SUPER_W,10130000,0,0,0,0,0,0
SUPER_W,10140000,0,0,0,0,0,0
SUPER_W,10150000,0,0,0,0,0,0
SUPER_W,10160000,0,0,0,0,0,0
SUPER_W,10170000,0,0,0,0,0,0
SUPER_W,10180000,0,0,0,0,0,0
SUPER_W,10190000,0,0,0,0,0,0
SUPER_W,10200000,0,0,0,0,0,0
SUPER_W,10210000,0,0,0,0,0,0
SUPER_W,10220000,0,0,0,0,0,0
SUPER_W,10230000,0,0,0,0,0,0
SUPER_W,10240000,0,0,0,0,0,0
SUPER_W,10250000,0,0,0,0,0,0
SUPER_W,10260000,0,0,0,0,0,0
SUPER_W,10270000,0,0,0,0,0,0
SUPER_W,10280000,0,0,0,0,0,0
SUPER_W,10290000,0,0,0,0,0,0
SUPER_W,10300000,0,0,0,0,0,0
SUPER_W,10310000,0,0,0,0,0,0
SUPER_W,10320000,0,0,0,0,0,0
SUPER_W,10330000,0,0,0,0,0,0
SUPER_W,10340000,0,0,0,0,0,0
SUPER_W,10350000,0,0,0,0,0,0
SUPER_W,10360000,0,0,0,0,0,0
SUPER_W,10370000,0,0,0,0,0,0
SUPER_W,10380000,0,0,0,0,0,0
SUPER_W,10390000,0,0,0,0,0,0
SUPER_W,10400000,0,0,0,0,0,0
SUPER_W,10410000,0,0,0,0,0,0
SUPER_W,10420000,0,0,0,0,0,0
SUPER_W,10430000,0,0,0,0,0,0
SUPER_W,10440000,0,0,0,0,0,0
SUPER_W,10450000,0,0,0,0,0,0
SUPER_W,10460000,0,0,0,0,0,0
SUPER_W,10470000,0,0,0,0,0,0
SUPER_W,10480000,0,0,0,0,0,0
SUPER_W,10490000,0,0,0,0,0,0
SUPER_W,10500000,0,0,0,0,0,0
SUPER_W,10510000,0,0,0,0,0,0
SUPER_W,10520000,0,0,0,0,0,0
SUPER_W,10530000,0,0,0,0,0,0
SUPER_W,10540000,0,0,0,0,0,0
SUPER_W,10550000,0,0,0,0,0,0
SUPER_W,10560000,99,11,4,114,54,45
SUPER_W,10570000,0,0,0,0,0,0
SUPER_W,10580000,0,0,0,0,0,0
SUPER_W,10590000,0,0,0,0,0,0
SUPER_W,10600000,0,0,0,0,0,0
SUPER_W,10610000,0,0,0,0,0,0
SUPER_W,10620000,0,0,0,0,0,0
SUPER_W,10630000,0,0,0,0,0,0
SUPER_W,10640000,0,0,0,0,0,0
SUPER_W,10650000,0,0,0,0,0,0
SUPER_W,10660000,0,0,0,0,0,0
SUPER_W,10670000,0,0,0,0,0,0
SUPER_W,10680000,0,0,0,0,0,0
SUPER_W,10690000,0,0,0,0,0,0
SUPER_W,10700000,0,0,0,0,0,0
SUPER_W,10710000,0,0,0,0,0,0
SUPER_W,10720000,0,0,0,0,0,0
SUPER_W,10730000,0,0,0,0,0,0
SUPER_W,10740000,0,0,0,0,0,0
SUPER_W,10750000,0,0,0,0,0,0
SUPER_W,10760000,0,0,0,0,0,0
SUPER_W,10770000,0,0,0,0,0,0
SUPER_W,10780000,0,0,0,0,0,0
SUPER_W,10790000,0,0,0,0,0,0
SUPER_W,10800000,0,0,0,0,0,0
SUPER_W,10810000,0,0,0,0,0,0
SUPER_W,10820000,0,0,0,0,0,0
SUPER_W,10830000,0,0,0,0,0,0
SUPER_W,10840000,0,0,0,0,0,0
SUPER_W,10850000,0,0,0,0,0,0
SUPER_W,10860000,0,0,0,0,0,0
SUPER_W,10870000,0,0,0,0,0,0
SUPER_W,10880000,0,0,0,0,0,0
SUPER_W,10890000,0,0,0,0,0,0
SUPER_W,10900000,0,0,0,0,0,0
SUPER_W,10910000,0,0,0,0,0,0
SUPER_W,10920000,0,0,0,0,0,0
SUPER_W,10930000,0,0,0,0,0,0
SUPER_W,10940000,0,0,0,0,0,0
SUPER_W,10950000,0,0,0,0,0,0
SUPER_W,10960000,0,0,0,0,0,0
SUPER_W,10970000,0,0,0,0,0,0
SUPER_W,10980000,0,0,0,0,0,0
SUPER_W,10990000,0,0,0,0,0,0
SUPER_W,11000000,0,0,0,0,0,0
SUPER_W,11010000,0,0,0,0,0,0
SUPER_W,11020000,0,0,0,0,0,0
SUPER_W,11030000,0,0,0,0,0,0
SUPER_W,11040000,0,0,0,0,0,0
SUPER_W,11050000,0,0,0,0,0,0
SUPER_W,11060000,0,0,0,0,0,0
SUPER_W,11070000,0,0,0,0,0,0
SUPER_W,11080000,0,0,0,0,0,0
SUPER_W,11090000,0,0,0,0,0,0
SUPER_W,11100000,0,0,0,0,0,0
SUPER_W,11110000,0,0,0,0,0,0
SUPER_W,11120000,0,0,0,0,0,0
SUPER_W,11130000,0,0,0,0,0,0
SUPER_W,11140000,0,0,0,0,0,0
SUPER_W,11150000,0,0,0,0,0,0
SUPER_W,11160000,0,0,0,0,0,0
SUPER_W,11170000,0,0,0,0,0,0
SUPER_W,11180000,0,0,0,0,0,0
SUPER_W,11190000,0,0,0,0,0,0
SUPER_W,11200000,0,0,0,0,0,0
SUPER_W,11210000,0,0,0,0,0,0
SUPER_W,11220000,0,0,0,0,0,0
SUPER_W,11230000,0,0,0,0,0,0
SUPER_W,11240000,0,0,0,0,0,0
SUPER_W,11250000,0,0,0,0,0,0
SUPER_W,11260000,0,0,0,0,0,0
SUPER_W,11270000,0,0,0,0,0,0
SUPER_W,11280000,0,0,0,0,0,0
SUPER_W,11290000,0,0,0,0,0,0
SUPER_W,11300000,0,0,0,0,0,0
SUPER_W,11310000,0,0,0,0,0,0
SUPER_W,11320000,114,5,9,128,69,45
SUPER_W,11330000,0,0,0,0,0,0
SUPER_W,11340000,0,0,0,0,0,0
SUPER_W,11350000,0,0,0,0,0,0
SUPER_W,11360000,0,0,0,0,0,0
SUPER_W,11370000,0,0,0,0,0,0
SUPER_W,11380000,0,0,0,0,0,0
SUPER_W,11390000,0,0,0,0,0,0
SUPER_W,11400000,0,0,0,0,0,0
SUPER_W,11410000,0,0,0,0,0,0
SUPER_W,11420000,30,1,4,35,16,14
SUPER_W,11430000,0,0,0,0,0,0
SUPER_W,11440000,0,0,0,0,0,0
SUPER_W,11450000,0,0,0,0,0,0
SUPER_W,11460000,0,0,0,0,0,0
SUPER_W,11470000,0,0,0,0,0,0
SUPER_W,11480000,0,0,0,0,0,0
SUPER_W,11490000,0,0,0,0,0,0
SUPER_W,11500000,0,0,0,0,0,0
SUPER_W,11510000,0,0,0,0,0,0
SUPER_W,11520000,0,0,0,0,0,0
SUPER_W,11530000,0,0,0,0,0,0
SUPER_W,11540000,0,0,0,0,0,0
SUPER_W,11550000,0,0,0,0,0,0
SUPER_W,11560000,0,0,0,0,0,0
SUPER_W,11570000,0,0,0,0,0,0
SUPER_W,11580000,0,0,0,0,0,0
SUPER_W,11590000,0,0,0,0,0,0
SUPER_W,11600000,0,0,0,0,0,0
SUPER_W,11610000,0,0,0,0,0,0
SUPER_W,11620000,0,0,0,0,0,0
SUPER_W,11630000,0,0,0,0,0,0
SUPER_W,11640000,0,0,0,0,0,0
SUPER_W,11650000,0,0,0,0,0,0
SUPER_W,11660000,0,0,0,0,0,0
SUPER_W,11670000,0,0,0,0,0,0
SUPER_W,11680000,0,0,0,0,0,0
SUPER_W,11690000,0,0,0,0,0,0
SUPER_W,11700000,0,0,0,0,0,0
SUPER_W,11710000,0,0,0,0,0,0
SUPER_W,11720000,0,0,0,0,0,0
SUPER_W,11730000,0,0,0,0,0,0
SUPER_W,11740000,0,0,0,0,0,0
SUPER_W,11750000,0,0,0,0,0,0
SUPER_W,11760000,0,0,0,0,0,0
SUPER_W,11770000,0,0,0,0,0,0
SUPER_W,11780000,0,0,0,0,0,0
SUPER_W,11790000,0,0,0,0,0,0
SUPER_W,11800000,0,0,0,0,0,0
SUPER_W,11810000,0,0,0,0,0,0
SUPER_W,11820000,0,0,0,0,0,0
SUPER_W,11830000,0,0,0,0,0,0
SUPER_W,11840000,0,0,0,0,0,0
SUPER_W,11850000,0,0,0,0,0,0
SUPER_W,11860000,0,0,0,0,0,0
SUPER_W,11870000,0,0,0,0,0,0
SUPER_W,11880000,0,0,0,0,0,0
SUPER_W,11890000,0,0,0,0,0,0
SUPER_W,11900000,0,0,0,0,0,0
SUPER_W,11910000,0,0,0,0,0,0
SUPER_W,11920000,0,0,0,0,0,0
SUPER_W,11930000,0,0,0,0,0,0
SUPER_W,11940000,0,0,0,0,0,0
SUPER_W,11950000,0,0,0,0,0,0
SUPER_W,11960000,0,0,0,0,0,0
SUPER_W,11970000,0,0,0,0,0,0
SUPER_W,11980000,0,0,0,0,0,0
SUPER_W,11990000,0,0,0,0,0,0
SUPER_W,12000000,0,0,0,0,0,0
SUPER_W,12010000,0,0,0,0,0,0
SUPER_W,12020000,0,0,0,0,0,0
SUPER_W,12030000,0,0,0,0,0,0
SUPER_W,12040000,0,0,0,0,0,0
SUPER_W,12050000,0,0,0,0,0,0
SUPER_W,12060000,0,0,0,0,0,0
SUPER_W,12070000,0,0,0,0,0,0
SUPER_W,12080000,0,0,0,0,0,0
SUPER_W,12090000,0,0,0,0,0,0
SUPER_W,12100000,0,0,0,0,0,0
SUPER_W,12110000,0,0,0,0,0,0
SUPER_W,12120000,0,0,0,0,0,0
SUPER_W,12130000,0,0,0,0,0,0
SUPER_W,12140000,0,0,0,0,0,0
SUPER_W,12150000,0,0,0,0,0,0
SUPER_W,12160000,0,0,0,0,0,0
SUPER_W,12170000,0,0,0,0,0,0
SUPER_W,12180000,0,0,0,0,0,0
SUPER_W,12190000,0,0,0,0,0,0
SUPER_W,12200000,0,0,0,0,0,0
SUPER_W,12210000,0,0,0,0,0,0
SUPER_W,12220000,0,0,0,0,0,0
SUPER_W,12230000,0,0,0,0,0,0
SUPER_W,12240000,0,0,0,0,0,0
SUPER_W,12250000,0,0,0,0,0,0
SUPER_W,12260000,0,0,0,0,0,0
SUPER_W,12270000,0,0,0,0,0,0
SUPER_W,12280000,12,6,3,21,9,3
SUPER_W,12290000,0,1,1,2,0,0
SUPER_W,12300000,2,0,0,2,2,0
SUPER_W,12310000,0,0,0,0,0,0
SUPER_W,12320000,0,0,0,0,0,0
SUPER_W,12330000,0,0,0,0,0,0
SUPER_W,12340000,0,0,0,0,0,0
SUPER_W,12350000,0,0,0,0,0,0
SUPER_W,12360000,0,0,0,0,0,0
SUPER_W,12370000,0,0,0,0,0,0
SUPER_W,12380000,0,0,0,0,0,0
SUPER_W,12390000,0,0,0,0,0,0
SUPER_W,12400000,0,0,0,0,0,0
SUPER_W,12410000,0,0,0,0,0,0
SUPER_W,12420000,0,0,0,0,0,0
SUPER_W,12430000,0,0,0,0,0,0
SUPER_W,12440000,0,0,0,0,0,0
SUPER_W,12450000,0,0,0,0,0,0
SUPER_W,12460000,0,0,0,0,0,0
SUPER_W,12470000,0,0,0,0,0,0
SUPER_W,12480000,0,0,0,0,0,0
SUPER_W,12490000,0,0,0,0,0,0
SUPER_W,12500000,0,0,0,0,0,0
SUPER_W,12510000,0,0,0,0,0,0
SUPER_W,12520000,0,0,0,0,0,0
SUPER_W,12530000,0,0,0,0,0,0
SUPER_W,12540000,0,0,0,0,0,0
SUPER_W,12550000,0,0,0,0,0,0
SUPER_W,12560000,0,0,0,0,0,0
SUPER_W,12570000,0,0,0,0,0,0
SUPER_W,12580000,0,0,0,0,0,0
SUPER_W,12590000,0,0,0,0,0,0
SUPER_W,12600000,0,0,0,0,0,0
SUPER_W,12610000,0,0,0,0,0,0
SUPER_W,12620000,0,0,0,0,0,0
SUPER_W,12630000,0,0,0,0,0,0
SUPER_W,12640000,0,0,0,0,0,0
SUPER_W,12650000,0,0,0,0,0,0
SUPER_W,12660000,0,0,0,0,0,0
SUPER_W,12670000,0,0,0,0,0,0
SUPER_W,12680000,0,0,0,0,0,0
SUPER_W,12690000,0,0,0,0,0,0
SUPER_W,12700000,0,0,0,0,0,0
SUPER_W,12710000,0,0,0,0,0,0
SUPER_W,12720000,0,0,0,0,0,0
SUPER_W,12730000,0,0,0,0,0,0
SUPER_W,12740000,0,0,0,0,0,0
SUPER_W,12750000,0,0,0,0,0,0
SUPER_W,12760000,0,0,0,0,0,0
SUPER_W,12770000,0,0,0,0,0,0
SUPER_W,12780000,0,0,0,0,0,0
SUPER_W,12790000,0,0,0,0,0,0
SUPER_W,12800000,0,0,0,0,0,0
SUPER_W,12810000,0,0,0,0,0,0
SUPER_W,12820000,0,0,0,0,0,0
SUPER_W,12830000,0,0,0,0,0,0
SUPER_W,12840000,0,0,0,0,0,0
SUPER_W,12850000,0,0,0,0,0,0
SUPER_W,12860000,0,0,0,0,0,0
SUPER_W,12870000,0,0,0,0,0,0
SUPER_W,12880000,0,0,0,0,0,0
SUPER_W,12890000,0,0,0,0,0,0
SUPER_W,12900000,0,0,0,0,0,0
SUPER_W,12910000,0,0,0,0,0,0
SUPER_W,12920000,0,0,0,0,0,0
SUPER_W,12930000,0,0,0,0,0,0
SUPER_W,12940000,0,0,0,0,0,0
SUPER_W,12950000,0,0,0,0,0,0
SUPER_W,12960000,0,0,0,0,0,0
SUPER_W,12970000,0,0,0,0,0,0
SUPER_W,12980000,0,0,0,0,0,0
SUPER_W,12990000,0,0,0,0,0,0
SUPER_W,13000000,0,0,0,0,0,0
SUPER_W,13010000,0,0,0,0,0,0
SUPER_W,13020000,0,0,0,0,0,0
SUPER_W,13030000,0,0,0,0,0,0
SUPER_W,13040000,0,0,0,0,0,0
SUPER_W,13050000,0,0,0,0,0,0
SUPER_W,13060000,0,0,0,0,0,0
SUPER_W,13070000,0,0,0,0,0,0
SUPER_W,13080000,0,0,0,0,0,0
SUPER_W,13090000,0,0,0,0,0,0
SUPER_W,13100000,0,0,0,0,0,0
SUPER_W,13110000,0,0,0,0,0,0
SUPER_W,13120000,53,6,0,59,38,15
SUPER_W,13130000,12,1,1,14,8,4
SUPER_W,13140000,48,4,0,52,32,16
SUPER_Z,10000,57,10,15,82,33,24
SUPER_Z,20000,50,7,1,58,33,17
SUPER_Z,30000,9,0,0,9,7,2
SUPER_Z,40000,3,0,0,3,3,0
SUPER_Z,50000,1,0,1,2,0,1
SUPER_Z,60000,0,0,0,0,0,0
SUPER_Z,70000,0,0,0,0,0,0
SUPER_Z,80000,0,0,0,0,0,0
SUPER_Z,90000,0,0,0,0,0,0
SUPER_Z,100000,0,0,0,0,0,0
SUPER_Z,110000,0,0,0,0,0,0
SUPER_Z,120000,0,0,0,0,0,0
SUPER_Z,130000,0,0,0,0,0,0
SUPER_Z,140000,0,0,0,0,0,0
SUPER_Z,150000,0,0,0,0,0,0
SUPER_Z,160000,0,0,0,0,0,0
SUPER_Z,170000,0,0,0,0,0,0
SUPER_Z,180000,0,0,0,0,0,0
SUPER_Z,190000,0,0,0,0,0,0
SUPER_Z,200000,0,0,0,0,0,0
SUPER_Z,210000,0,0,0,0,0,0
SUPER_Z,220000,0,0,0,0,0,0
SUPER_Z,230000,0,0,0,0,0,0
SUPER_Z,240000,0,0,0,0,0,0
SUPER_Z,250000,0,0,0,0,0,0
SUPER_Z,260000,0,0,0,0,0,0
SUPER_Z,270000,0,0,0,0,0,0
SUPER_Z,280000,0,0,0,0,0,0
SUPER_Z,290000,0,0,0,0,0,0
SUPER_Z,300000,0,0,0,0,0,0
SUPER_Z,310000,0,0,0,0,0,0
SUPER_Z,320000,0,0,0,0,0,0
SUPER_Z,330000,0,0,0,0,0,0
SUPER_Z,340000,0,0,0,0,0,0
SUPER_Z,350000,0,0,0,0,0,0
SUPER_Z,360000,0,0,0,0,0,0
SUPER_Z,370000,0,0,0,0,0,0
SUPER_Z,380000,0,0,0,0,0,0
SUPER_Z,390000,0,0,0,0,0,0
SUPER_Z,400000,0,0,0,0,0,0
SUPER_Z,410000,0,0,0,0,0,0
SUPER_Z,420000,0,0,0,0,0,0
SUPER_Z,430000,0,0,0,0,0,0
SUPER_Z,440000,0,0,0,0,0,0
SUPER_Z,450000,0,0,0,0,0,0
SUPER_Z,460000,0,0,0,0,0,0
SUPER_Z,470000,0,0,0,0,0,0
SUPER_Z,480000,0,0,0,0,0,0
SUPER_Z,490000,0,0,0,0,0,0
SUPER_Z,500000,0,0,0,0,0,0
SUPER_Z,510000,0,0,0,0,0,0
SUPER_Z,520000,0,0,0,0,0,0
SUPER_Z,530000,0,0,0,0,0,0
SUPER_Z,540000,0,0,0,0,0,0
SUPER_Z,550000,0,0,0,0,0,0
SUPER_Z,560000,0,0,0,0,0,0
SUPER_Z,570000,0,0,0,0,0,0
SUPER_Z,580000,0,0,0,0,0,0
SUPER_Z,590000,0,0,0,0,0,0
SUPER_Z,600000,0,0,0,0,0,0
SUPER_Z,610000,0,0,0,0,0,0
SUPER_Z,620000,0,0,0,0,0,0
SUPER_Z,630000,0,0,0,0,0,0
SUPER_Z,640000,0,0,0,0,0,0
SUPER_Z,650000,0,0,0,0,0,0
SUPER_Z,660000,0,0,0,0,0,0
SUPER_Z,670000,0,0,0,0,0,0
SUPER_Z,680000,0,0,0,0,0,0
SUPER_Z,690000,0,0,0,0,0,0
SUPER_Z,700000,0,0,0,0,0,0
SUPER_Z,710000,0,0,0,0,0,0
SUPER_Z,720000,0,0,0,0,0,0
SUPER_Z,730000,0,0,0,0,0,0
SUPER_Z,740000,0,0,0,0,0,0
SUPER_Z,750000,0,0,0,0,0,0
SUPER_Z,760000,0,0,0,0,0,0
SUPER_Z,770000,0,0,0,0,0,0
SUPER_Z,780000,0,0,0,0,0,0
SUPER_Z,790000,0,0,0,0,0,0
SUPER_Z,800000,0,0,0,0,0,0
SUPER_Z,810000,0,0,0,0,0,0
SUPER_Z,820000,0,0,0,0,0,0
SUPER_Z,830000,0,0,0,0,0,0
SUPER_Z,840000,0,0,0,0,0,0
SUPER_Z,850000,0,0,0,0,0,0
SUPER_Z,860000,0,0,0,0,0,0
SUPER_Z,870000,0,0,0,0,0,0
SUPER_Z,880000,0,0,0,0,0,0
SUPER_Z,890000,0,0,0,0,0,0
SUPER_Z,900000,0,0,0,0,0,0
SUPER_Z,910000,0,0,0,0,0,0
SUPER_Z,920000,0,0,0,0,0,0
SUPER_Z,930000,0,0,0,0,0,0
SUPER_Z,940000,0,0,0,0,0,0
SUPER_Z,950000,0,0,0,0,0,0
SUPER_Z,960000,0,0,0,0,0,0
SUPER_Z,970000,0,0,0,0,0,0
SUPER_Z,980000,0,0,0,0,0,0
SUPER_Z,990000,0,0,0,0,0,0
SUPER_Z,1000000,0,0,0,0,0,0
SUPER_Z,1010000,0,0,0,0,0,0
SUPER_Z,1020000,0,0,0,0,0,0
SUPER_Z,1030000,0,0,0,0,0,0
SUPER_Z,1040000,0,0,0,0,0,0
SUPER_Z,1050000,0,0,0,0,0,0
SUPER_Z,1060000,0,0,0,0,0,0
SUPER_Z,1070000,0,0,0,0,0,0
SUPER_Z,1080000,0,0,0,0,0,0
SUPER_Z,1090000,0,0,0,0,0,0
SUPER_Z,1100000,0,0,0,0,0,0
SUPER_Z,1110000,0,0,0,0,0,0
SUPER_Z,1120000,0,0,0,0,0,0
SUPER_Z,1130000,0,0,0,0,0,0
SUPER_Z,1140000,0,0,0,0,0,0
SUPER_Z,1150000,0,0,0,0,0,0
SUPER_Z,1160000,0,0,0,0,0,0
SUPER_Z,1170000,0,0,0,0,0,0
SUPER_Z,1180000,0,0,0,0,0,0
SUPER_Z,1190000,0,0,0,0,0,0
SUPER_Z,1200000,0,0,0,0,0,0
SUPER_Z,1210000,0,0,0,0,0,0
SUPER_Z,1220000,0,0,0,0,0,0
SUPER_Z,1230000,0,0,0,0,0,0
SUPER_Z,1240000,0,0,0,0,0,0
SUPER_Z,1250000,0,0,0,0,0,0
SUPER_Z,1260000,0,0,0,0,0,0
SUPER_Z,1270000,0,0,0,0,0,0
SUPER_Z,1280000,0,0,0,0,0,0
SUPER_Z,1290000,0,0,0,0,0,0
SUPER_Z,1300000,0,0,0,0,0,0
SUPER_Z,1310000,0,0,0,0,0,0
SUPER_Z,1320000,0,0,0,0,0,0
SUPER_Z,1330000,0,0,0,0,0,0
SUPER_Z,1340000,0,0,0,0,0,0
SUPER_Z,1350000,0,0,0,0,0,0
SUPER_Z,1360000,0,0,0,0,0,0
SUPER_Z,1370000,0,0,0,0,0,0
SUPER_Z,1380000,0,0,0,0,0,0
SUPER_Z,1390000,0,0,0,0,0,0
SUPER_Z,1400000,0,0,0,0,0,0
SUPER_Z,1410000,0,0,0,0,0,0
SUPER_Z,1420000,0,0,0,0,0,0
SUPER_Z,1430000,0,0,0,0,0,0
SUPER_Z,1440000,0,0,0,0,0,0
SUPER_Z,1450000,0,0,0,0,0,0
SUPER_Z,1460000,0,0,0,0,0,0
SUPER_Z,1470000,0,0,0,0,0,0
SUPER_Z,1480000,0,0,0,0,0,0
SUPER_Z,1490000,0,0,0,0,0,0
SUPER_Z,1500000,0,0,0,0,0,0
SUPER_Z,1510000,0,0,0,0,0,0
SUPER_Z,1520000,0,0,0,0,0,0
SUPER_Z,1530000,0,0,0,0,0,0
SUPER_Z,1540000,0,0,0,0,0,0
SUPER_Z,1550000,0,0,0,0,0,0
SUPER_Z,1560000,0,0,0,0,0,0
SUPER_Z,1570000,0,0,0,0,0,0
SUPER_Z,1580000,0,0,0,0,0,0
SUPER_Z,1590000,0,0,0,0,0,0
SUPER_Z,1600000,0,0,0,0,0,0
SUPER_Z,1610000,0,0,0,0,0,0
SUPER_Z,1620000,0,0,0,0,0,0
SUPER_Z,1630000,0,0,0,0,0,0
SUPER_Z,1640000,0,0,0,0,0,0
SUPER_Z,1650000,0,0,0,0,0,0
SUPER_Z,1660000,0,0,0,0,0,0
SUPER_Z,1670000,0,0,0,0,0,0
SUPER_Z,1680000,0,0,0,0,0,0
SUPER_Z,1690000,0,0,0,0,0,0
SUPER_Z,1700000,0,0,0,0,0,0
SUPER_Z,1710000,0,0,0,0,0,0
SUPER_Z,1720000,0,0,0,0,0,0
SUPER_Z,1730000,0,0,0,0,0,0
SUPER_Z,1740000,0,0,0,0,0,0
SUPER_Z,1750000,0,0,0,0,0,0
SUPER_Z,1760000,0,0,0,0,0,0
SUPER_Z,1770000,0,0,0,0,0,0
SUPER_Z,1780000,0,0,0,0,0,0
SUPER_Z,1790000,0,0,0,0,0,0
SUPER_Z,1800000,0,0,0,0,0,0
SUPER_Z,1810000,0,0,0,0,0,0
SUPER_Z,1820000,0,0,0,0,0,0
SUPER_Z,1830000,0,0,0,0,0,0
SUPER_Z,1840000,0,0,0,0,0,0
SUPER_Z,1850000,0,0,0,0,0,0
SUPER_Z,1860000,0,0,0,0,0,0
SUPER_Z,1870000,0,0,0,0,0,0
SUPER_Z,1880000,0,0,0,0,0,0
SUPER_Z,1890000,0,0,0,0,0,0
SUPER_Z,1900000,0,0,0,0,0,0
SUPER_Z,1910000,0,0,0,0,0,0
SUPER_Z,1920000,0,0,0,0,0,0
SUPER_Z,1930000,0,0,0,0,0,0
SUPER_Z,1940000,0,0,0,0,0,0
SUPER_Z,1950000,0,0,0,0,0,0
SUPER_Z,1960000,0,0,0,0,0,0
SUPER_Z,1970000,0,0,0,0,0,0
SUPER_Z,1980000,0,0,0,0,0,0
SUPER_Z,1990000,0,0,0,0,0,0
SUPER_Z,2000000,0,0,0,0,0,0
SUPER_Z,2010000,0,0,0,0,0,0
SUPER_Z,2020000,0,0,0,0,0,0
SUPER_Z,2030000,0,0,0,0,0,0
SUPER_Z,2040000,0,0,0,0,0,0
SUPER_Z,2050000,0,0,0,0,0,0
SUPER_Z,2060000,0,0,0,0,0,0
SUPER_Z,2070000,0,0,0,0,0,0
SUPER_Z,2080000,0,0,0,0,0,0
SUPER_Z,2090000,0,0,0,0,0,0
SUPER_Z,2100000,0,0,0,0,0,0
SUPER_Z,2110000,0,0,0,0,0,0
SUPER_Z,2120000,0,0,0,0,0,0
SUPER_Z,2130000,0,0,0,0,0,0
SUPER_Z,2140000,0,0,0,0,0,0
SUPER_Z,2150000,0,0,0,0,0,0
SUPER_Z,2160000,0,0,0,0,0,0
SUPER_Z,2170000,0,0,0,0,0,0
SUPER_Z,2180000,0,0,0,0,0,0
SUPER_Z,2190000,0,0,0,0,0,0
SUPER_Z,2200000,0,0,0,0,0,0
SUPER_Z,2210000,0,0,0,0,0,0
SUPER_Z,2220000,0,0,0,0,0,0
SUPER_Z,2230000,0,0,0,0,0,0
SUPER_Z,2240000,0,0,0,0,0,0
SUPER_Z,2250000,0,0,0,0,0,0
SUPER_Z,2260000,0,0,0,0,0,0
SUPER_Z,2270000,0,0,0,0,0,0
SUPER_Z,2280000,0,0,0,0,0,0
SUPER_Z,2290000,0,0,0,0,0,0
SUPER_Z,2300000,0,0,0,0,0,0
SUPER_Z,2310000,0,0,0,0,0,0
SUPER_Z,2320000,0,0,0,0,0,0
SUPER_Z,2330000,0,0,0,0,0,0
SUPER_Z,2340000,0,0,0,0,0,0
SUPER_Z,2350000,0,0,0,0,0,0
SUPER_Z,2360000,0,0,0,0,0,0
SUPER_Z,2370000,0,0,0,0,0,0
SUPER_Z,2380000,0,0,0,0,0,0
SUPER_Z,2390000,0,0,0,0,0,0
SUPER_Z,2400000,0,0,0,0,0,0
SUPER_Z,2410000,0,0,0,0,0,0
SUPER_Z,2420000,0,0,0,0,0,0
SUPER_Z,2430000,0,0,0,0,0,0
SUPER_Z,2440000,0,0,0,0,0,0
SUPER_Z,2450000,0,0,0,0,0,0
SUPER_Z,2460000,0,0,0,0,0,0
SUPER_Z,2470000,0,0,0,0,0,0
SUPER_Z,2480000,0,0,0,0,0,0
SUPER_Z,2490000,0,0,0,0,0,0
SUPER_Z,2500000,0,0,0,0,0,0
SUPER_Z,2510000,0,0,0,0,0,0
SUPER_Z,2520000,0,0,0,0,0,0
SUPER_Z,2530000,0,0,0,0,0,0
SUPER_Z,2540000,0,0,0,0,0,0
SUPER_Z,2550000,0,0,0,0,0,0
SUPER_Z,2560000,0,0,0,0,0,0
SUPER_Z,2570000,0,0,0,0,0,0
SUPER_Z,2580000,0,0,0,0,0,0
SUPER_Z,2590000,0,0,0,0,0,0
SUPER_Z,2600000,0,0,0,0,0,0
SUPER_Z,2610000,0,0,0,0,0,0
SUPER_Z,2620000,0,0,0,0,0,0
SUPER_Z,2630000,0,0,0,0,0,0
SUPER_Z,2640000,0,0,0,0,0,0
SUPER_Z,2650000,0,0,0,0,0,0
SUPER_Z,2660000,0,0,0,0,0,0
SUPER_Z,2670000,0,0,0,0,0,0
SUPER_Z,2680000,0,0,0,0,0,0
SUPER_Z,2690000,0,0,0,0,0,0
SUPER_Z,2700000,0,0,0,0,0,0
SUPER_Z,2710000,4,3,7,14,1,3
SUPER_Z,2720000,0,0,0,0,0,0
SUPER_Z,2730000,0,0,0,0,0,0
SUPER_Z,2740000,0,0,0,0,0,0
SUPER_Z,2750000,0,0,0,0,0,0
SUPER_Z,2760000,0,0,0,0,0,0
SUPER_Z,2770000,0,0,0,0,0,0
SUPER_Z,2780000,0,0,0,0,0,0
SUPER_Z,2790000,0,0,0,0,0,0
SUPER_Z,2800000,0,0,0,0,0,0
SUPER_Z,2810000,0,0,0,0,0,0
SUPER_Z,2820000,0,0,0,0,0,0
SUPER_Z,2830000,0,0,0,0,0,0
SUPER_Z,2840000,0,0,0,0,0,0
SUPER_Z,2850000,0,0,0,0,0,0
SUPER_Z,2860000,0,0,0,0,0,0
SUPER_Z,2870000,0,0,0,0,0,0
SUPER_Z,2880000,0,0,0,0,0,0
SUPER_Z,2890000,0,0,0,0,0,0
SUPER_Z,2900000,0,0,0,0,0,0
SUPER_Z,2910000,0,0,0,0,0,0
SUPER_Z,2920000,0,0,0,0,0,0
SUPER_Z,2930000,0,0,0,0,0,0
SUPER_Z,2940000,0,0,0,0,0,0
SUPER_Z,2950000,0,0,0,0,0,0
SUPER_Z,2960000,0,0,0,0,0,0
SUPER_Z,2970000,0,0,0,0,0,0
SUPER_Z,2980000,0,0,0,0,0,0
SUPER_Z,2990000,0,0,0,0,0,0
SUPER_Z,3000000,0,0,0,0,0,0
SUPER_Z,3010000,0,0,0,0,0,0
SUPER_Z,3020000,0,0,0,0,0,0
SUPER_Z,3030000,0,0,0,0,0,0
SUPER_Z,3040000,0,0,0,0,0,0
SUPER_Z,3050000,0,0,0,0,0,0
SUPER_Z,3060000,0,0,0,0,0,0
SUPER_Z,3070000,0,0,0,0,0,0
SUPER_Z,3080000,0,0,0,0,0,0
SUPER_Z,3090000,0,0,0,0,0,0
SUPER_Z,3100000,0,0,0,0,0,0
SUPER_Z,3110000,0,0,0,0,0,0
SUPER_Z,3120000,0,0,0,0,0,0
SUPER_Z,3130000,0,0,0,0,0,0
SUPER_Z,3140000,0,0,0,0,0,0
SUPER_Z,3150000,0,0,0,0,0,0
SUPER_Z,3160000,0,0,0,0,0,0
SUPER_Z,3170000,0,0,0,0,0,0
SUPER_Z,3180000,0,0,0,0,0,0
SUPER_Z,3190000,0,0,0,0,0,0
SUPER_Z,3200000,0,0,0,0,0,0
SUPER_Z,3210000,0,0,0,0,0,0
SUPER_Z,3220000,0,0,0,0,0,0
SUPER_Z,3230000,0,0,0,0,0,0
SUPER_Z,3240000,0,0,0,0,0,0
SUPER_Z,3250000,0,0,0,0,0,0
SUPER_Z,3260000,0,0,0,0,0,0
SUPER_Z,3270000,0,0,0,0,0,0
SUPER_Z,3280000,0,0,0,0,0,0
SUPER_Z,3290000,0,0,0,0,0,0
SUPER_Z,3300000,0,0,0,0,0,0
SUPER_Z,3310000,0,0,0,0,0,0
SUPER_Z,3320000,0,0,0,0,0,0
SUPER_Z,3330000,0,0,0,0,0,0
SUPER_Z,3340000,0,0,0,0,0,0
SUPER_Z,3350000,0,0,0,0,0,0
SUPER_Z,3360000,0,0,0,0,0,0
SUPER_Z,3370000,0,0,0,0,0,0
SUPER_Z,3380000,0,0,0,0,0,0
SUPER_Z,3390000,0,0,0,0,0,0
SUPER_Z,3400000,0,0,0,0,0,0
SUPER_Z,3410000,0,0,0,0,0,0
SUPER_Z,3420000,0,0,0,0,0,0
SUPER_Z,3430000,0,0,0,0,0,0
SUPER_Z,3440000,0,0,0,0,0,0
SUPER_Z,3450000,0,0,0,0,0,0
SUPER_Z,3460000,0,0,0,0,0,0
SUPER_Z,3470000,0,0,0,0,0,0
SUPER_Z,3480000,0,0,0,0,0,0
SUPER_Z,3490000,0,0,0,0,0,0
SUPER_Z,3500000,0,0,0,0,0,0
SUPER_Z,3510000,0,0,0,0,0,0
SUPER_Z,3520000,0,0,0,0,0,0
SUPER_Z,3530000,0,0,0,0,0,0
SUPER_Z,3540000,0,0,0,0,0,0
SUPER_Z,3550000,0,0,0,0,0,0
SUPER_Z,3560000,0,0,0,0,0,0
SUPER_Z,3570000,0,0,0,0,0,0
SUPER_Z,3580000,0,0,0,0,0,0
SUPER_Z,3590000,0,0,0,0,0,0
SUPER_Z,3600000,0,0,0,0,0,0
SUPER_Z,3610000,0,0,0,0,0,0
SUPER_Z,3620000,0,0,0,0,0,0
SUPER_Z,3630000,0,0,0,0,0,0
SUPER_Z,3640000,0,0,0,0,0,0
SUPER_Z,3650000,0,0,0,0,0,0
SUPER_Z,3660000,0,0,0,0,0,0
SUPER_Z,3670000,0,0,0,0,0,0
SUPER_Z,3680000,0,0,0,0,0,0
SUPER_Z,3690000,0,0,0,0,0,0
SUPER_Z,3700000,0,0,0,0,0,0
SUPER_Z,3710000,0,0,0,0,0,0
SUPER_Z,3720000,0,0,0,0,0,0
SUPER_Z,3730000,0,0,0,0,0,0
SUPER_Z,3740000,0,0,0,0,0,0
SUPER_Z,3750000,0,0,0,0,0,0
SUPER_Z,3760000,0,0,0,0,0,0
SUPER_Z,3770000,0,0,0,0,0,0
SUPER_Z,3780000,0,0,0,0,0,0
SUPER_Z,3790000,0,0,0,0,0,0
SUPER_Z,3800000,0,0,0,0,0,0
SUPER_Z,3810000,0,0,0,0,0,0
SUPER_Z,3820000,0,0,0,0,0,0
SUPER_Z,3830000,0,0,0,0,0,0
SUPER_Z,3840000,0,0,0,0,0,0
SUPER_Z,3850000,0,0,0,0,0,0
SUPER_Z,3860000,0,0,0,0,0,0
SUPER_Z,3870000,0,0,0,0,0,0
SUPER_Z,3880000,0,0,0,0,0,0
SUPER_Z,3890000,0,0,0,0,0,0
SUPER_Z,3900000,0,0,0,0,0,0
SUPER_Z,3910000,0,0,0,0,0,0
SUPER_Z,3920000,0,0,0,0,0,0
SUPER_Z,3930000,0,0,0,0,0,0
SUPER_Z,3940000,0,0,0,0,0,0
SUPER_Z,3950000,0,0,0,0,0,0
SUPER_Z,3960000,0,0,0,0,0,0
SUPER_Z,3970000,0,0,0,0,0,0
SUPER_Z,3980000,0,0,0,0,0,0
SUPER_Z,3990000,0,0,0,0,0,0
SUPER_Z,4000000,0,0,0,0,0,0
SUPER_Z,4010000,0,0,0,0,0,0
SUPER_Z,4020000,0,0,0,0,0,0
SUPER_Z,4030000,0,0,0,0,0,0
SUPER_Z,4040000,0,0,0,0,0,0
SUPER_Z,4050000,0,0,0,0,0,0
SUPER_Z,4060000,0,0,0,0,0,0
SUPER_Z,4070000,0,0,0,0,0,0
SUPER_Z,4080000,0,0,0,0,0,0
SUPER_Z,4090000,0,0,0,0,0,0
SUPER_Z,4100000,0,0,0,0,0,0
SUPER_Z,4110000,0,0,0,0,0,0
SUPER_Z,4120000,0,0,0,0,0,0
SUPER_Z,4130000,0,0,0,0,0,0
SUPER_Z,4140000,0,0,0,0,0,0
SUPER_Z,4150000,0,0,0,0,0,0
SUPER_Z,4160000,0,0,0,0,0,0
SUPER_Z,4170000,0,0,0,0,0,0
SUPER_Z,4180000,0,0,0,0,0,0
SUPER_Z,4190000,0,0,0,0,0,0
SUPER_Z,4200000,0,0,0,0,0,0
SUPER_Z,4210000,0,0,0,0,0,0
SUPER_Z,4220000,0,0,0,0,0,0
SUPER_Z,4230000,0,0,0,0,0,0
SUPER_Z,4240000,0,0,0,0,0,0
SUPER_Z,4250000,0,0,0,0,0,0
SUPER_Z,4260000,0,0,0,0,0,0
SUPER_Z,4270000,0,0,0,0,0,0
SUPER_Z,4280000,0,0,0,0,0,0
SUPER_Z,4290000,0,0,0,0,0,0
SUPER_Z,4300000,0,0,0,0,0,0
SUPER_Z,4310000,0,0,0,0,0,0
SUPER_Z,4320000,0,0,0,0,0,0
SUPER_Z,4330000,0,0,0,0,0,0
SUPER_Z,4340000,0,0,0,0,0,0
SUPER_Z,4350000,0,0,0,0,0,0
SUPER_Z,4360000,0,0,0,0,0,0
SUPER_Z,4370000,0,0,0,0,0,0
SUPER_Z,4380000,0,0,0,0,0,0
SUPER_Z,4390000,0,0,0,0,0,0
SUPER_Z,4400000,0,0,0,0,0,0
SUPER_Z,4410000,0,0,0,0,0,0
SUPER_Z,4420000,0,0,0,0,0,0
SUPER_Z,4430000,0,0,0,0,0,0
SUPER_Z,4440000,0,0,0,0,0,0
SUPER_Z,4450000,0,0,0,0,0,0
SUPER_Z,4460000,0,0,0,0,0,0
SUPER_Z,4470000,0,0,0,0,0,0
SUPER_Z,4480000,0,0,0,0,0,0
SUPER_Z,4490000,0,0,0,0,0,0
SUPER_Z,4500000,0,0,0,0,0,0
SUPER_Z,4510000,0,0,0,0,0,0
SUPER_Z,4520000,0,0,0,0,0,0
SUPER_Z,4530000,0,0,0,0,0,0
SUPER_Z,4540000,0,0,0,0,0,0
SUPER_Z,4550000,0,0,0,0,0,0
SUPER_Z,4560000,0,0,0,0,0,0
SUPER_Z,4570000,0,0,0,0,0,0
SUPER_Z,4580000,0,0,0,0,0,0
SUPER_Z,4590000,0,0,0,0,0,0
SUPER_Z,4600000,0,0,0,0,0,0
SUPER_Z,4610000,0,0,0,0,0,0
SUPER_Z,4620000,0,0,0,0,0,0
SUPER_Z,4630000,0,0,0,0,0,0
SUPER_Z,4640000,0,0,0,0,0,0
SUPER_Z,4650000,0,0,0,0,0,0
SUPER_Z,4660000,0,0,0,0,0,0
SUPER_Z,4670000,0,0,0,0,0,0
SUPER_Z,4680000,0,0,0,0,0,0
SUPER_Z,4690000,0,0,0,0,0,0
SUPER_Z,4700000,0,0,0,0,0,0
SUPER_Z,4710000,0,0,0,0,0,0
SUPER_Z,4720000,0,0,0,0,0,0
SUPER_Z,4730000,0,0,0,0,0,0
SUPER_Z,4740000,0,0,0,0,0,0
SUPER_Z,4750000,0,0,0,0,0,0
SUPER_Z,4760000,0,0,0,0,0,0
SUPER_Z,4770000,0,0,0,0,0,0
SUPER_Z,4780000,0,0,0,0,0,0
SUPER_Z,4790000,0,0,0,0,0,0
SUPER_Z,4800000,0,0,0,0,0,0
SUPER_Z,4810000,0,0,0,0,0,0
SUPER_Z,4820000,0,0,0,0,0,0
SUPER_Z,4830000,0,0,0,0,0,0
SUPER_Z,4840000,0,0,0,0,0,0
SUPER_Z,4850000,0,0,0,0,0,0
SUPER_Z,4860000,0,0,0,0,0,0
SUPER_Z,4870000,0,0,0,0,0,0
SUPER_Z,4880000,0,0,0,0,0,0
SUPER_Z,4890000,0,0,0,0,0,0
SUPER_Z,4900000,0,0,0,0,0,0
SUPER_Z,4910000,0,0,0,0,0,0
SUPER_Z,4920000,0,0,0,0,0,0
SUPER_Z,4930000,0,0,0,0,0,0
SUPER_Z,4940000,0,0,0,0,0,0
SUPER_Z,4950000,0,0,0,0,0,0
SUPER_Z,4960000,0,0,0,0,0,0
SUPER_Z,4970000,0,0,0,0,0,0
SUPER_Z,4980000,0,0,0,0,0,0
SUPER_Z,4990000,0,0,0,0,0,0
SUPER_Z,5000000,0,0,0,0,0,0
SUPER_Z,5010000,0,0,0,0,0,0
SUPER_Z,5020000,0,0,0,0,0,0
SUPER_Z,5030000,0,0,0,0,0,0
SUPER_Z,5040000,0,0,0,0,0,0
SUPER_Z,5050000,0,0,0,0,0,0
SUPER_Z,5060000,0,0,0,0,0,0
SUPER_Z,5070000,0,0,0,0,0,0
SUPER_Z,5080000,0,0,0,0,0,0
SUPER_Z,5090000,0,0,0,0,0,0
SUPER_Z,5100000,0,0,0,0,0,0
SUPER_Z,5110000,0,0,0,0,0,0
SUPER_Z,5120000,0,0,0,0,0,0
SUPER_Z,5130000,0,0,0,0,0,0
SUPER_Z,5140000,0,0,0,0,0,0
SUPER_Z,5150000,0,0,0,0,0,0
SUPER_Z,5160000,0,0,0,0,0,0
SUPER_Z,5170000,0,0,0,0,0,0
SUPER_Z,5180000,0,0,0,0,0,0
SUPER_Z,5190000,0,0,0,0,0,0
SUPER_Z,5200000,0,0,0,0,0,0
SUPER_Z,5210000,0,0,0,0,0,0
SUPER_Z,5220000,0,0,0,0,0,0
SUPER_Z,5230000,0,0,0,0,0,0
SUPER_Z,5240000,0,0,0,0,0,0
SUPER_Z,5250000,0,0,0,0,0,0
SUPER_Z,5260000,0,0,0,0,0,0
SUPER_Z,5270000,0,0,0,0,0,0
SUPER_Z,5280000,0,0,0,0,0,0
SUPER_Z,5290000,0,0,0,0,0,0
SUPER_Z,5300000,0,0,0,0,0,0
SUPER_Z,5310000,0,0,0,0,0,0
SUPER_Z,5320000,0,0,0,0,0,0
SUPER_Z,5330000,0,0,0,0,0,0
SUPER_Z,5340000,0,0,0,0,0,0
SUPER_Z,5350000,0,0,0,0,0,0
SUPER_Z,5360000,0,0,0,0,0,0
SUPER_Z,5370000,0,0,0,0,0,0
SUPER_Z,5380000,0,0,0,0,0,0
SUPER_Z,5390000,0,0,0,0,0,0
SUPER_Z,5400000,0,0,0,0,0,0
SUPER_Z,5410000,0,0,0,0,0,0
SUPER_Z,5420000,0,0,0,0,0,0
SUPER_Z,5430000,0,0,0,0,0,0
SUPER_Z,5440000,0,0,0,0,0,0
SUPER_Z,5450000,0,0,0,0,0,0
SUPER_Z,5460000,0,0,0,0,0,0
SUPER_Z,5470000,0,0,0,0,0,0
SUPER_Z,5480000,0,0,0,0,0,0
SUPER_Z,5490000,0,0,0,0,0,0
SUPER_Z,5500000,0,0,0,0,0,0
SUPER_Z,5510000,0,0,0,0,0,0
SUPER_Z,5520000,0,0,0,0,0,0
SUPER_Z,5530000,0,0,0,0,0,0
SUPER_Z,5540000,0,0,0,0,0,0
SUPER_Z,5550000,0,0,0,0,0,0
SUPER_Z,5560000,0,0,0,0,0,0
SUPER_Z,5570000,0,0,0,0,0,0
SUPER_Z,5580000,0,0,0,0,0,0
SUPER_Z,5590000,0,0,0,0,0,0
SUPER_Z,5600000,0,0,0,0,0,0
SUPER_Z,5610000,0,0,0,0,0,0
SUPER_Z,5620000,0,0,0,0,0,0
SUPER_Z,5630000,0,0,0,0,0,0
SUPER_Z,5640000,0,0,0,0,0,0
SUPER_Z,5650000,0,0,0,0,0,0
SUPER_Z,5660000,0,0,0,0,0,0
SUPER_Z,5670000,0,0,0,0,0,0
SUPER_Z,5680000,0,0,0,0,0,0
SUPER_Z,5690000,0,0,0,0,0,0
SUPER_Z,5700000,0,0,0,0,0,0
SUPER_Z,5710000,0,0,0,0,0,0
SUPER_Z,5720000,0,0,0,0,0,0
SUPER_Z,5730000,0,0,0,0,0,0
SUPER_Z,5740000,0,0,0,0,0,0
SUPER_Z,5750000,0,0,0,0,0,0
SUPER_Z,5760000,0,0,0,0,0,0
SUPER_Z,5770000,0,0,0,0,0,0
SUPER_Z,5780000,0,0,0,0,0,0
SUPER_Z,5790000,0,0,0,0,0,0
SUPER_Z,5800000,0,0,0,0,0,0
SUPER_Z,5810000,0,0,0,0,0,0
SUPER_Z,5820000,0,0,0,0,0,0
SUPER_Z,5830000,0,0,0,0,0,0
SUPER_Z,5840000,0,0,0,0,0,0
SUPER_Z,5850000,0,0,0,0,0,0
SUPER_Z,5860000,0,0,0,0,0,0
SUPER_Z,5870000,0,0,0,0,0,0
SUPER_Z,5880000,0,0,0,0,0,0
SUPER_Z,5890000,0,0,0,0,0,0
SUPER_Z,5900000,0,0,0,0,0,0
SUPER_Z,5910000,0,0,0,0,0,0
SUPER_Z,5920000,0,0,0,0,0,0
SUPER_Z,5930000,0,0,0,0,0,0
SUPER_Z,5940000,0,0,0,0,0,0
SUPER_Z,5950000,0,0,0,0,0,0
SUPER_Z,5960000,0,0,0,0,0,0
SUPER_Z,5970000,0,0,0,0,0,0
SUPER_Z,5980000,0,0,0,0,0,0
SUPER_Z,5990000,0,0,0,0,0,0
SUPER_Z,6000000,0,0,0,0,0,0
SUPER_Z,6010000,0,0,0,0,0,0
SUPER_Z,6020000,0,0,0,0,0,0
SUPER_Z,6030000,0,0,0,0,0,0
SUPER_Z,6040000,0,0,0,0,0,0
SUPER_Z,6050000,0,0,0,0,0,0
SUPER_Z,6060000,0,0,0,0,0,0
SUPER_Z,6070000,0,0,0,0,0,0
SUPER_Z,6080000,0,0,0,0,0,0
SUPER_Z,6090000,0,0,0,0,0,0
SUPER_Z,6100000,0,0,0,0,0,0
SUPER_Z,6110000,0,0,0,0,0,0
SUPER_Z,6120000,0,0,0,0,0,0
SUPER_Z,6130000,0,0,0,0,0,0
SUPER_Z,6140000,0,0,0,0,0,0
SUPER_Z,6150000,0,0,0,0,0,0
SUPER_Z,6160000,0,0,0,0,0,0
SUPER_Z,6170000,0,0,0,0,0,0
SUPER_Z,6180000,0,0,0,0,0,0
SUPER_Z,6190000,0,0,0,0,0,0
SUPER_Z,6200000,0,0,0,0,0,0
SUPER_Z,6210000,0,0,0,0,0,0
SUPER_Z,6220000,0,0,0,0,0,0
SUPER_Z,6230000,0,0,0,0,0,0
SUPER_Z,6240000,0,0,0,0,0,0
SUPER_Z,6250000,0,0,0,0,0,0
SUPER_Z,6260000,0,0,0,0,0,0
SUPER_Z,6270000,0,0,0,0,0,0
SUPER_Z,6280000,0,0,0,0,0,0
SUPER_Z,6290000,0,0,0,0,0,0
SUPER_Z,6300000,0,0,0,0,0,0
SUPER_Z,6310000,0,0,0,0,0,0
SUPER_Z,6320000,0,0,0,0,0,0
SUPER_Z,6330000,0,0,0,0,0,0
SUPER_Z,6340000,0,0,0,0,0,0
SUPER_Z,6350000,0,0,0,0,0,0
SUPER_Z,6360000,0,0,0,0,0,0
SUPER_Z,6370000,0,0,0,0,0,0
SUPER_Z,6380000,0,0,0,0,0,0
SUPER_Z,6390000,0,0,0,0,0,0
SUPER_Z,6400000,0,0,0,0,0,0
SUPER_Z,6410000,0,0,0,0,0,0
SUPER_Z,6420000,0,0,0,0,0,0
SUPER_Z,6430000,0,0,0,0,0,0
SUPER_Z,6440000,0,0,0,0,0,0
SUPER_Z,6450000,0,0,0,0,0,0
SUPER_Z,6460000,0,0,0,0,0,0
SUPER_Z,6470000,0,0,0,0,0,0
SUPER_Z,6480000,0,0,0,0,0,0
SUPER_Z,6490000,0,0,0,0,0,0
SUPER_Z,6500000,0,0,0,0,0,0
SUPER_Z,6510000,0,0,0,0,0,0
SUPER_Z,6520000,0,0,0,0,0,0
SUPER_Z,6530000,0,0,0,0,0,0
SUPER_Z,6540000,0,0,0,0,0,0
SUPER_Z,6550000,0,0,0,0,0,0
SUPER_Z,6560000,0,0,0,0,0,0
SUPER_Z,6570000,0,0,0,0,0,0
SUPER_Z,6580000,0,0,0,0,0,0
SUPER_Z,6590000,0,0,0,0,0,0
SUPER_Z,6600000,0,0,0,0,0,0
SUPER_Z,6610000,0,0,0,0,0,0
SUPER_Z,6620000,0,0,0,0,0,0
SUPER_Z,6630000,0,0,0,0,0,0
SUPER_Z,6640000,0,0,0,0,0,0
SUPER_Z,6650000,0,0,0,0,0,0
SUPER_Z,6660000,0,0,0,0,0,0
SUPER_Z,6670000,0,0,0,0,0,0
SUPER_Z,6680000,0,0,0,0,0,0
SUPER_Z,6690000,0,0,0,0,0,0
SUPER_Z,6700000,0,0,0,0,0,0
SUPER_Z,6710000,0,0,0,0,0,0
SUPER_Z,6720000,0,0,0,0,0,0
SUPER_Z,6730000,0,0,0,0,0,0
SUPER_Z,6740000,0,0,0,0,0,0
SUPER_Z,6750000,0,0,0,0,0,0
SUPER_Z,6760000,0,0,0,0,0,0
SUPER_Z,6770000,0,0,0,0,0,0
SUPER_Z,6780000,0,0,0,0,0,0
SUPER_Z,6790000,0,0,0,0,0,0
SUPER_Z,6800000,0,0,0,0,0,0
SUPER_Z,6810000,0,0,0,0,0,0
SUPER_Z,6820000,0,0,0,0,0,0
SUPER_Z,6830000,0,0,0,0,0,0
SUPER_Z,6840000,0,0,0,0,0,0
SUPER_Z,6850000,0,0,0,0,0,0
SUPER_Z,6860000,0,0,0,0,0,0
SUPER_Z,6870000,0,0,0,0,0,0
SUPER_Z,6880000,0,0,0,0,0,0
SUPER_Z,6890000,0,0,0,0,0,0
SUPER_Z,6900000,0,0,0,0,0,0
SUPER_Z,6910000,0,0,0,0,0,0
SUPER_Z,6920000,0,0,0,0,0,0
SUPER_Z,6930000,0,0,0,0,0,0
SUPER_Z,6940000,0,0,0,0,0,0
SUPER_Z,6950000,0,0,0,0,0,0
SUPER_Z,6960000,0,0,0,0,0,0
SUPER_Z,6970000,0,0,0,0,0,0
SUPER_Z,6980000,0,0,0,0,0,0
SUPER_Z,6990000,0,0,0,0,0,0
SUPER_Z,7000000,0,0,0,0,0,0
SUPER_Z,7010000,0,0,0,0,0,0
SUPER_Z,7020000,0,0,0,0,0,0
SUPER_Z,7030000,0,0,0,0,0,0
SUPER_Z,7040000,0,0,0,0,0,0
SUPER_Z,7050000,0,0,0,0,0,0
SUPER_Z,7060000,0,0,0,0,0,0
SUPER_Z,7070000,0,0,0,0,0,0
SUPER_Z,7080000,0,0,0,0,0,0
SUPER_Z,7090000,0,0,0,0,0,0
SUPER_Z,7100000,0,0,0,0,0,0
SUPER_Z,7110000,0,0,0,0,0,0
SUPER_Z,7120000,0,0,0,0,0,0
SUPER_Z,7130000,0,0,0,0,0,0
SUPER_Z,7140000,0,0,0,0,0,0
SUPER_Z,7150000,0,0,0,0,0,0
SUPER_Z,7160000,0,0,0,0,0,0
SUPER_Z,7170000,0,0,0,0,0,0
SUPER_Z,7180000,0,0,0,0,0,0
SUPER_Z,7190000,0,0,0,0,0,0
SUPER_Z,7200000,0,0,0,0,0,0
SUPER_Z,7210000,0,0,0,0,0,0
SUPER_Z,7220000,0,0,0,0,0,0
SUPER_Z,7230000,0,0,0,0,0,0
SUPER_Z,7240000,0,0,0,0,0,0
SUPER_Z,7250000,0,0,0,0,0,0
SUPER_Z,7260000,0,0,0,0,0,0
SUPER_Z,7270000,0,0,0,0,0,0
SUPER_Z,7280000,0,0,0,0,0,0
SUPER_Z,7290000,0,0,0,0,0,0
SUPER_Z,7300000,0,0,0,0,0,0
SUPER_Z,7310000,0,0,0,0,0,0
SUPER_Z,7320000,0,0,0,0,0,0
SUPER_Z,7330000,0,0,0,0,0,0
SUPER_Z,7340000,0,0,0,0,0,0
SUPER_Z,7350000,0,0,0,0,0,0
SUPER_Z,7360000,0,0,0,0,0,0
SUPER_Z,7370000,0,0,0,0,0,0
SUPER_Z,7380000,0,0,0,0,0,0
SUPER_Z,7390000,0,0,0,0,0,0
SUPER_Z,7400000,0,0,0,0,0,0
SUPER_Z,7410000,0,0,0,0,0,0
SUPER_Z,7420000,0,0,0,0,0,0
SUPER_Z,7430000,0,0,0,0,0,0
SUPER_Z,7440000,0,0,0,0,0,0
SUPER_Z,7450000,0,0,0,0,0,0
SUPER_Z,7460000,0,0,0,0,0,0
SUPER_Z,7470000,0,0,0,0,0,0
SUPER_Z,7480000,0,0,0,0,0,0
SUPER_Z,7490000,0,0,0,0,0,0
SUPER_Z,7500000,0,0,0,0,0,0
SUPER_Z,7510000,0,0,0,0,0,0
SUPER_Z,7520000,0,0,0,0,0,0
SUPER_Z,7530000,0,0,0,0,0,0
SUPER_Z,7540000,0,0,0,0,0,0
SUPER_Z,7550000,0,0,0,0,0,0
SUPER_Z,7560000,0,0,0,0,0,0
SUPER_Z,7570000,0,0,0,0,0,0
SUPER_Z,7580000,0,0,0,0,0,0
SUPER_Z,7590000,0,0,0,0,0,0
SUPER_Z,7600000,0,0,0,0,0,0
SUPER_Z,7610000,0,0,0,0,0,0
SUPER_Z,7620000,0,0,0,0,0,0
SUPER_Z,7630000,0,0,0,0,0,0
SUPER_Z,7640000,0,0,0,0,0,0
SUPER_Z,7650000,0,0,0,0,0,0
SUPER_Z,7660000,0,0,0,0,0,0
SUPER_Z,7670000,0,0,0,0,0,0
SUPER_Z,7680000,0,0,0,0,0,0
SUPER_Z,7690000,0,0,0,0,0,0
SUPER_Z,7700000,0,0,0,0,0,0
SUPER_Z,7710000,0,0,0,0,0,0
SUPER_Z,7720000,0,0,0,0,0,0
SUPER_Z,7730000,0,0,0,0,0,0
SUPER_Z,7740000,0,0,0,0,0,0
SUPER_Z,7750000,0,0,0,0,0,0
SUPER_Z,7760000,0,0,0,0,0,0
SUPER_Z,7770000,0,0,0,0,0,0
SUPER_Z,7780000,0,0,0,0,0,0
SUPER_Z,7790000,0,0,0,0,0,0
SUPER_Z,7800000,0,0,0,0,0,0
SUPER_Z,7810000,0,0,0,0,0,0
SUPER_Z,7820000,0,0,0,0,0,0
SUPER_Z,7830000,0,0,0,0,0,0
SUPER_Z,7840000,0,0,0,0,0,0
SUPER_Z,7850000,0,0,0,0,0,0
SUPER_Z,7860000,0,0,0,0,0,0
SUPER_Z,7870000,0,0,0,0,0,0
SUPER_Z,7880000,0,0,0,0,0,0
SUPER_Z,7890000,0,0,0,0,0,0
SUPER_Z,7900000,0,0,0,0,0,0
SUPER_Z,7910000,0,0,0,0,0,0
SUPER_Z,7920000,0,0,0,0,0,0
SUPER_Z,7930000,0,0,0,0,0,0
SUPER_Z,7940000,0,0,0,0,0,0
SUPER_Z,7950000,0,0,0,0,0,0
SUPER_Z,7960000,0,0,0,0,0,0
SUPER_Z,7970000,0,0,0,0,0,0
SUPER_Z,7980000,0,0,0,0,0,0
SUPER_Z,7990000,0,0,0,0,0,0
SUPER_Z,8000000,0,0,0,0,0,0
SUPER_Z,8010000,0,0,0,0,0,0
SUPER_Z,8020000,0,0,0,0,0,0
SUPER_Z,8030000,0,0,0,0,0,0
SUPER_Z,8040000,0,0,0,0,0,0
SUPER_Z,8050000,0,0,0,0,0,0
SUPER_Z,8060000,0,0,0,0,0,0
SUPER_Z,8070000,0,0,0,0,0,0
SUPER_Z,8080000,0,0,0,0,0,0
SUPER_Z,8090000,0,0,0,0,0,0
SUPER_Z,8100000,0,0,0,0,0,0
SUPER_Z,8110000,0,0,0,0,0,0
SUPER_Z,8120000,0,0,0,0,0,0
SUPER_Z,8130000,0,0,0,0,0,0
SUPER_Z,8140000,0,0,0,0,0,0
SUPER_Z,8150000,0,0,0,0,0,0
SUPER_Z,8160000,0,0,0,0,0,0
SUPER_Z,8170000,0,0,0,0,0,0
SUPER_Z,8180000,0,0,0,0,0,0
SUPER_Z,8190000,0,0,0,0,0,0
SUPER_Z,8200000,0,0,0,0,0,0
SUPER_Z,8210000,0,0,0,0,0,0
SUPER_Z,8220000,0,0,0,0,0,0
SUPER_Z,8230000,0,0,0,0,0,0
SUPER_Z,8240000,0,0,0,0,0,0
SUPER_Z,8250000,0,0,0,0,0,0
SUPER_Z,8260000,0,0,0,0,0,0
SUPER_Z,8270000,0,0,0,0,0,0
SUPER_Z,8280000,0,0,0,0,0,0
SUPER_Z,8290000,0,0,0,0,0,0
SUPER_Z,8300000,0,0,0,0,0,0
SUPER_Z,8310000,0,0,0,0,0,0
SUPER_Z,8320000,0,0,0,0,0,0
SUPER_Z,8330000,0,0,0,0,0,0
SUPER_Z,8340000,0,0,0,0,0,0
SUPER_Z,8350000,0,0,0,0,0,0
SUPER_Z,8360000,0,0,0,0,0,0
SUPER_Z,8370000,0,0,0,0,0,0
SUPER_Z,8380000,0,0,0,0,0,0
SUPER_Z,8390000,0,0,0,0,0,0
SUPER_Z,8400000,0,0,0,0,0,0
SUPER_Z,8410000,0,0,0,0,0,0
SUPER_Z,8420000,0,0,0,0,0,0
SUPER_Z,8430000,0,0,0,0,0,0
SUPER_Z,8440000,0,0,0,0,0,0
SUPER_Z,8450000,0,0,0,0,0,0
SUPER_Z,8460000,0,0,0,0,0,0
SUPER_Z,8470000,0,0,0,0,0,0
SUPER_Z,8480000,0,0,0,0,0,0
SUPER_Z,8490000,0,0,0,0,0,0
SUPER_Z,8500000,0,0,0,0,0,0
SUPER_Z,8510000,0,0,0,0,0,0
SUPER_Z,8520000,0,0,0,0,0,0
SUPER_Z,8530000,0,0,0,0,0,0
SUPER_Z,8540000,0,0,0,0,0,0
SUPER_Z,8550000,0,0,0,0,0,0
SUPER_Z,8560000,0,0,0,0,0,0
SUPER_Z,8570000,0,0,0,0,0,0
SUPER_Z,8580000,0,0,0,0,0,0
SUPER_Z,8590000,0,0,0,0,0,0
SUPER_Z,8600000,0,0,0,0,0,0
SUPER_Z,8610000,0,0,0,0,0,0
SUPER_Z,8620000,0,0,0,0,0,0
SUPER_Z,8630000,0,0,0,0,0,0
SUPER_Z,8640000,0,0,0,0,0,0
SUPER_Z,8650000,0,0,0,0,0,0
SUPER_Z,8660000,0,0,0,0,0,0
SUPER_Z,8670000,0,0,0,0,0,0
SUPER_Z,8680000,0,0,0,0,0,0
SUPER_Z,8690000,0,0,0,0,0,0
SUPER_Z,8700000,0,0,0,0,0,0
SUPER_Z,8710000,0,0,0,0,0,0
SUPER_Z,8720000,0,0,0,0,0,0
SUPER_Z,8730000,0,0,0,0,0,0
SUPER_Z,8740000,13,8,9,30,1,12
SUPER_Z,8750000,0,0,0,0,0,0
SUPER_Z,8760000,0,0,0,0,0,0
SUPER_Z,8770000,0,0,0,0,0,0
SUPER_Z,8780000,0,0,0,0,0,0
SUPER_Z,8790000,0,0,0,0,0,0
SUPER_Z,8800000,0,0,0,0,0,0
SUPER_Z,8810000,0,0,0,0,0,0
SUPER_Z,8820000,0,0,0,0,0,0
SUPER_Z,8830000,0,0,0,0,0,0
SUPER_Z,8840000,0,0,0,0,0,0
SUPER_Z,8850000,0,0,0,0,0,0
SUPER_Z,8860000,0,0,0,0,0,0
SUPER_Z,8870000,0,0,0,0,0,0
SUPER_Z,8880000,0,0,0,0,0,0
SUPER_Z,8890000,0,0,0,0,0,0
SUPER_Z,8900000,0,0,0,0,0,0
SUPER_Z,8910000,0,0,0,0,0,0
SUPER_Z,8920000,0,0,0,0,0,0
SUPER_Z,8930000,0,0,0,0,0,0
SUPER_Z,8940000,0,0,0,0,0,0
SUPER_Z,8950000,0,0,0,0,0,0
SUPER_Z,8960000,0,0,0,0,0,0
SUPER_Z,8970000,0,0,0,0,0,0
SUPER_Z,8980000,0,0,0,0,0,0
SUPER_Z,8990000,0,0,0,0,0,0
SUPER_Z,9000000,0,0,0,0,0,0
SUPER_Z,9010000,0,0,0,0,0,0
SUPER_Z,9020000,0,0,0,0,0,0
SUPER_Z,9030000,0,0,0,0,0,0
SUPER_Z,9040000,0,0,0,0,0,0
SUPER_Z,9050000,0,0,0,0,0,0
SUPER_Z,9060000,0,0,0,0,0,0
SUPER_Z,9070000,0,0,0,0,0,0
SUPER_Z,9080000,0,0,0,0,0,0
SUPER_Z,9090000,0,0,0,0,0,0
SUPER_Z,9100000,0,0,0,0,0,0
SUPER_Z,9110000,0,0,0,0,0,0
SUPER_Z,9120000,0,0,0,0,0,0
SUPER_Z,9130000,0,0,0,0,0,0
SUPER_Z,9140000,0,0,0,0,0,0
SUPER_Z,9150000,0,0,0,0,0,0
SUPER_Z,9160000,0,0,0,0,0,0
SUPER_Z,9170000,0,0,0,0,0,0
SUPER_Z,9180000,0,0,0,0,0,0
SUPER_Z,9190000,0,0,0,0,0,0
SUPER_Z,9200000,0,0,0,0,0,0
SUPER_Z,9210000,0,0,0,0,0,0
SUPER_Z,9220000,0,0,0,0,0,0
SUPER_Z,9230000,0,0,0,0,0,0
SUPER_Z,9240000,0,0,0,0,0,0
SUPER_Z,9250000,0,0,0,0,0,0
SUPER_Z,9260000,0,0,0,0,0,0
SUPER_Z,9270000,0,0,0,0,0,0
SUPER_Z,9280000,0,0,0,0,0,0
SUPER_Z,9290000,0,0,0,0,0,0
SUPER_Z,9300000,0,0,0,0,0,0
SUPER_Z,9310000,0,0,0,0,0,0
SUPER_Z,9320000,0,0,0,0,0,0
SUPER_Z,9330000,0,0,0,0,0,0
SUPER_Z,9340000,0,0,0,0,0,0
SUPER_Z,9350000,0,0,0,0,0,0
SUPER_Z,9360000,0,0,0,0,0,0
SUPER_Z,9370000,0,0,0,0,0,0
SUPER_Z,9380000,0,0,0,0,0,0
SUPER_Z,9390000,0,0,0,0,0,0
SUPER_Z,9400000,0,0,0,0,0,0
SUPER_Z,9410000,0,0,0,0,0,0
SUPER_Z,9420000,0,0,0,0,0,0
SUPER_Z,9430000,0,0,0,0,0,0
SUPER_Z,9440000,0,0,0,0,0,0
SUPER_Z,9450000,0,0,0,0,0,0
SUPER_Z,9460000,0,0,0,0,0,0
SUPER_Z,9470000,0,0,0,0,0,0
SUPER_Z,9480000,0,0,0,0,0,0
SUPER_Z,9490000,0,0,0,0,0,0
SUPER_Z,9500000,0,0,0,0,0,0
SUPER_Z,9510000,0,0,0,0,0,0
SUPER_Z,9520000,0,0,0,0,0,0
SUPER_Z,9530000,0,0,0,0,0,0
SUPER_Z,9540000,0,0,0,0,0,0
SUPER_Z,9550000,0,0,0,0,0,0
SUPER_Z,9560000,0,0,0,0,0,0
SUPER_Z,9570000,0,0,0,0,0,0
SUPER_Z,9580000,0,0,0,0,0,0
SUPER_Z,9590000,0,0,0,0,0,0
SUPER_Z,9600000,0,0,0,0,0,0
SUPER_Z,9610000,0,0,0,0,0,0
SUPER_Z,9620000,0,0,0,0,0,0
SUPER_Z,9630000,0,0,0,0,0,0
SUPER_Z,9640000,0,0,0,0,0,0
SUPER_Z,9650000,0,0,0,0,0,0
SUPER_Z,9660000,0,0,0,0,0,0
SUPER_Z,9670000,0,0,0,0,0,0
SUPER_Z,9680000,0,0,0,0,0,0
SUPER_Z,9690000,4,1,0,5,0,4
SUPER_Z,9700000,0,0,0,0,0,0
SUPER_Z,9710000,0,0,0,0,0,0
SUPER_Z,9720000,0,0,0,0,0,0
SUPER_Z,9730000,0,0,0,0,0,0
SUPER_Z,9740000,0,0,0,0,0,0
SUPER_Z,9750000,0,0,0,0,0,0
SUPER_Z,9760000,0,0,0,0,0,0
SUPER_Z,9770000,0,0,0,0,0,0
SUPER_Z,9780000,0,0,0,0,0,0
SUPER_Z,9790000,0,0,0,0,0,0
SUPER_Z,9800000,0,0,0,0,0,0
SUPER_Z,9810000,0,0,0,0,0,0
SUPER_Z,9820000,0,0,0,0,0,0
SUPER_Z,9830000,0,0,0,0,0,0
SUPER_Z,9840000,0,0,0,0,0,0
SUPER_Z,9850000,0,0,0,0,0,0
SUPER_Z,9860000,0,0,0,0,0,0
SUPER_Z,9870000,0,0,0,0,0,0
SUPER_Z,9880000,0,0,0,0,0,0
SUPER_Z,9890000,0,0,0,0,0,0
SUPER_Z,9900000,0,0,0,0,0,0
SUPER_Z,9910000,0,0,0,0,0,0
SUPER_Z,9920000,0,0,0,0,0,0
SUPER_Z,9930000,0,0,0,0,0,0
SUPER_Z,9940000,0,0,0,0,0,0
SUPER_Z,9950000,0,0,0,0,0,0
SUPER_Z,9960000,0,0,0,0,0,0
SUPER_Z,9970000,0,0,0,0,0,0
SUPER_Z,9980000,0,0,0,0,0,0
SUPER_Z,9990000,0,0,0,0,0,0
SUPER_Z,10000000,0,0,0,0,0,0
SUPER_Z,10010000,0,0,0,0,0,0
SUPER_Z,10020000,0,0,0,0,0,0
SUPER_Z,10030000,0,0,0,0,0,0
SUPER_Z,10040000,0,0,0,0,0,0
SUPER_Z,10050000,0,0,0,0,0,0
SUPER_Z,10060000,0,0,0,0,0,0
SUPER_Z,10070000,0,0,0,0,0,0
SUPER_Z,10080000,0,0,0,0,0,0
SUPER_Z,10090000,0,0,0,0,0,0
SUPER_Z,10100000,0,0,0,0,0,0
SUPER_Z,10110000,0,0,0,0,0,0
SUPER_Z,10120000,0,0,0,0,0,0
SUPER_Z,10130000,0,0,0,0,0,0
SUPER_Z,10140000,0,0,0,0,0,0
SUPER_Z,10150000,0,0,0,0,0,0
SUPER_Z,10160000,0,0,0,0,0,0
SUPER_Z,10170000,0,0,0,0,0,0
SUPER_Z,10180000,0,0,0,0,0,0
SUPER_Z,10190000,0,0,0,0,0,0
SUPER_Z,10200000,0,0,0,0,0,0
SUPER_Z,10210000,0,0,0,0,0,0
SUPER_Z,10220000,0,0,0,0,0,0
SUPER_Z,10230000,0,0,0,0,0,0
SUPER_Z,10240000,0,0,0,0,0,0
SUPER_Z,10250000,0,0,0,0,0,0
SUPER_Z,10260000,0,0,0,0,0,0
SUPER_Z,10270000,0,0,0,0,0,0
SUPER_Z,10280000,0,0,0,0,0,0
SUPER_Z,10290000,0,0,0,0,0,0
SUPER_Z,10300000,0,0,0,0,0,0
SUPER_Z,10310000,0,0,0,0,0,0
SUPER_Z,10320000,0,0,0,0,0,0
SUPER_Z,10330000,0,0,0,0,0,0
SUPER_Z,10340000,0,0,0,0,0,0
SUPER_Z,10350000,0,0,0,0,0,0
SUPER_Z,10360000,0,0,0,0,0,0
SUPER_Z,10370000,0,0,0,0,0,0
SUPER_Z,10380000,0,0,0,0,0,0
SUPER_Z,10390000,0,0,0,0,0,0
SUPER_Z,10400000,0,0,0,0,0,0
SUPER_Z,10410000,0,0,0,0,0,0
SUPER_Z,10420000,0,0,0,0,0,0
SUPER_Z,10430000,0,0,0,0,0,0
SUPER_Z,10440000,0,0,0,0,0,0
SUPER_Z,10450000,0,0,0,0,0,0
SUPER_Z,10460000,0,0,0,0,0,0
SUPER_Z,10470000,0,0,0,0,0,0
SUPER_Z,10480000,0,0,0,0,0,0
SUPER_Z,10490000,0,0,0,0,0,0
SUPER_Z,10500000,0,0,0,0,0,0
SUPER_Z,10510000,0,0,0,0,0,0
SUPER_Z,10520000,0,0,0,0,0,0
SUPER_Z,10530000,0,0,0,0,0,0
SUPER_Z,10540000,0,0,0,0,0,0
SUPER_Z,10550000,0,0,0,0,0,0
SUPER_Z,10560000,0,0,0,0,0,0
SUPER_Z,10570000,0,0,0,0,0,0
SUPER_Z,10580000,0,0,0,0,0,0
SUPER_Z,10590000,0,0,0,0,0,0
SUPER_Z,10600000,0,0,0,0,0,0
SUPER_Z,10610000,0,0,0,0,0,0
SUPER_Z,10620000,0,0,0,0,0,0
SUPER_Z,10630000,0,0,0,0,0,0
SUPER_Z,10640000,0,0,0,0,0,0
SUPER_Z,10650000,0,0,0,0,0,0
SUPER_Z,10660000,0,0,0,0,0,0
SUPER_Z,10670000,0,0,0,0,0,0
SUPER_Z,10680000,0,0,0,0,0,0
SUPER_Z,10690000,0,0,0,0,0,0
SUPER_Z,10700000,0,0,0,0,0,0
SUPER_Z,10710000,0,0,0,0,0,0
SUPER_Z,10720000,0,0,0,0,0,0
SUPER_Z,10730000,0,0,0,0,0,0
SUPER_Z,10740000,0,0,0,0,0,0
SUPER_Z,10750000,0,0,0,0,0,0
SUPER_Z,10760000,0,0,0,0,0,0
SUPER_Z,10770000,0,0,0,0,0,0
SUPER_Z,10780000,0,0,0,0,0,0
SUPER_Z,10790000,0,0,0,0,0,0
SUPER_Z,10800000,0,0,0,0,0,0
SUPER_Z,10810000,0,0,0,0,0,0
SUPER_Z,10820000,0,0,0,0,0,0
SUPER_Z,10830000,0,0,0,0,0,0
SUPER_Z,10840000,0,0,0,0,0,0
SUPER_Z,10850000,0,0,0,0,0,0
SUPER_Z,10860000,0,0,0,0,0,0
SUPER_Z,10870000,0,0,0,0,0,0
SUPER_Z,10880000,0,0,0,0,0,0
SUPER_Z,10890000,0,0,0,0,0,0
SUPER_Z,10900000,0,0,0,0,0,0
SUPER_Z,10910000,0,0,0,0,0,0
SUPER_Z,10920000,0,0,0,0,0,0
SUPER_Z,10930000,0,0,0,0,0,0
SUPER_Z,10940000,0,0,0,0,0,0
SUPER_Z,10950000,0,0,0,0,0,0
SUPER_Z,10960000,0,0,0,0,0,0
SUPER_Z,10970000,0,0,0,0,0,0
SUPER_Z,10980000,0,0,0,0,0,0
SUPER_Z,10990000,0,0,0,0,0,0
SUPER_Z,11000000,0,0,0,0,0,0
SUPER_Z,11010000,0,0,0,0,0,0
SUPER_Z,11020000,0,0,0,0,0,0
SUPER_Z,11030000,0,0,0,0,0,0
SUPER_Z,11040000,0,0,0,0,0,0
SUPER_Z,11050000,0,0,0,0,0,0
SUPER_Z,11060000,0,0,0,0,0,0
SUPER_Z,11070000,0,0,0,0,0,0
SUPER_Z,11080000,0,0,0,0,0,0
SUPER_Z,11090000,0,0,0,0,0,0
SUPER_Z,11100000,0,0,0,0,0,0
SUPER_Z,11110000,0,0,0,0,0,0
SUPER_Z,11120000,0,0,0,0,0,0
SUPER_Z,11130000,0,0,0,0,0,0
SUPER_Z,11140000,0,0,0,0,0,0
SUPER_Z,11150000,0,0,0,0,0,0
SUPER_Z,11160000,0,0,0,0,0,0
SUPER_Z,11170000,0,0,0,0,0,0
SUPER_Z,11180000,0,0,0,0,0,0
SUPER_Z,11190000,0,0,0,0,0,0
SUPER_Z,11200000,0,0,0,0,0,0
SUPER_Z,11210000,0,0,0,0,0,0
SUPER_Z,11220000,0,0,0,0,0,0
SUPER_Z,11230000,0,0,0,0,0,0
SUPER_Z,11240000,0,0,0,0,0,0
SUPER_Z,11250000,0,0,0,0,0,0
SUPER_Z,11260000,0,0,0,0,0,0
SUPER_Z,11270000,0,0,0,0,0,0
SUPER_Z,11280000,0,0,0,0,0,0
SUPER_Z,11290000,0,0,0,0,0,0
SUPER_Z,11300000,0,0,0,0,0,0
SUPER_Z,11310000,0,0,0,0,0,0
SUPER_Z,11320000,0,0,0,0,0,0
SUPER_Z,11330000,0,0,0,0,0,0
SUPER_Z,11340000,0,0,0,0,0,0
SUPER_Z,11350000,0,0,0,0,0,0
SUPER_Z,11360000,0,0,0,0,0,0
SUPER_Z,11370000,0,0,0,0,0,0
SUPER_Z,11380000,0,0,0,0,0,0
SUPER_Z,11390000,0,0,0,0,0,0
SUPER_Z,11400000,0,0,0,0,0,0
SUPER_Z,11410000,0,0,0,0,0,0
SUPER_Z,11420000,0,0,0,0,0,0
SUPER_Z,11430000,0,0,0,0,0,0
SUPER_Z,11440000,0,0,0,0,0,0
SUPER_Z,11450000,0,0,0,0,0,0
SUPER_Z,11460000,0,0,0,0,0,0
SUPER_Z,11470000,0,0,0,0,0,0
SUPER_Z,11480000,0,0,0,0,0,0
SUPER_Z,11490000,0,0,0,0,0,0
SUPER_Z,11500000,0,0,0,0,0,0
SUPER_Z,11510000,0,0,0,0,0,0
SUPER_Z,11520000,0,0,0,0,0,0
SUPER_Z,11530000,0,0,0,0,0,0
SUPER_Z,11540000,0,0,0,0,0,0
SUPER_Z,11550000,0,0,0,0,0,0
SUPER_Z,11560000,0,0,0,0,0,0
SUPER_Z,11570000,0,0,0,0,0,0
SUPER_Z,11580000,0,0,0,0,0,0
SUPER_Z,11590000,0,0,0,0,0,0
SUPER_Z,11600000,0,0,0,0,0,0
SUPER_Z,11610000,0,0,0,0,0,0
SUPER_Z,11620000,0,0,0,0,0,0
SUPER_Z,11630000,0,0,0,0,0,0
SUPER_Z,11640000,0,0,0,0,0,0
SUPER_Z,11650000,0,0,0,0,0,0
SUPER_Z,11660000,0,0,0,0,0,0
SUPER_Z,11670000,0,0,0,0,0,0
SUPER_Z,11680000,0,0,0,0,0,0
SUPER_Z,11690000,0,0,0,0,0,0
SUPER_Z,11700000,0,0,0,0,0,0
SUPER_Z,11710000,0,0,0,0,0,0
SUPER_Z,11720000,0,0,0,0,0,0
SUPER_Z,11730000,0,0,0,0,0,0
SUPER_Z,11740000,0,0,0,0,0,0
SUPER_Z,11750000,0,0,0,0,0,0
SUPER_Z,11760000,0,0,0,0,0,0
SUPER_Z,11770000,0,0,0,0,0,0
SUPER_Z,11780000,0,0,0,0,0,0
SUPER_Z,11790000,0,0,0,0,0,0
SUPER_Z,11800000,0,0,0,0,0,0
SUPER_Z,11810000,0,0,0,0,0,0
SUPER_Z,11820000,0,0,0,0,0,0
SUPER_Z,11830000,0,0,0,0,0,0
SUPER_Z,11840000,0,0,0,0,0,0
SUPER_Z,11850000,0,0,0,0,0,0
SUPER_Z,11860000,0,0,0,0,0,0
SUPER_Z,11870000,0,0,0,0,0,0
SUPER_Z,11880000,0,0,0,0,0,0
SUPER_Z,11890000,0,0,0,0,0,0
SUPER_Z,11900000,0,0,0,0,0,0
SUPER_Z,11910000,0,0,0,0,0,0
SUPER_Z,11920000,0,0,0,0,0,0
SUPER_Z,11930000,0,0,0,0,0,0
SUPER_Z,11940000,0,0,0,0,0,0
SUPER_Z,11950000,0,0,0,0,0,0
SUPER_Z,11960000,0,0,0,0,0,0
SUPER_Z,11970000,0,0,0,0,0,0
SUPER_Z,11980000,0,0,0,0,0,0
SUPER_Z,11990000,0,0,0,0,0,0
SUPER_Z,12000000,0,0,0,0,0,0
SUPER_Z,12010000,0,0,0,0,0,0
SUPER_Z,12020000,0,0,0,0,0,0
SUPER_Z,12030000,0,0,0,0,0,0
SUPER_Z,12040000,0,0,0,0,0,0
SUPER_Z,12050000,0,0,0,0,0,0
SUPER_Z,12060000,0,0,0,0,0,0
SUPER_Z,12070000,0,0,0,0,0,0
SUPER_Z,12080000,0,0,0,0,0,0
SUPER_Z,12090000,0,0,0,0,0,0
SUPER_Z,12100000,0,0,0,0,0,0
SUPER_Z,12110000,0,0,0,0,0,0
SUPER_Z,12120000,0,0,0,0,0,0
SUPER_Z,12130000,0,0,0,0,0,0
SUPER_Z,12140000,0,0,0,0,0,0
SUPER_Z,12150000,0,0,0,0,0,0
SUPER_Z,12160000,0,0,0,0,0,0
SUPER_Z,12170000,0,0,0,0,0,0
SUPER_Z,12180000,0,0,0,0,0,0
SUPER_Z,12190000,0,0,0,0,0,0
SUPER_Z,12200000,0,0,0,0,0,0
SUPER_Z,12210000,0,0,0,0,0,0
SUPER_Z,12220000,0,0,0,0,0,0
SUPER_Z,12230000,0,0,0,0,0,0
SUPER_Z,12240000,0,0,0,0,0,0
SUPER_Z,12250000,0,0,0,0,0,0
SUPER_Z,12260000,0,0,0,0,0,0
SUPER_Z,12270000,0,0,0,0,0,0
SUPER_Z,12280000,0,0,0,0,0,0
SUPER_Z,12290000,0,0,0,0,0,0
SUPER_Z,12300000,0,0,0,0,0,0
SUPER_Z,12310000,0,0,0,0,0,0
SUPER_Z,12320000,0,0,0,0,0,0
SUPER_Z,12330000,0,0,0,0,0,0
SUPER_Z,12340000,0,0,0,0,0,0
SUPER_Z,12350000,0,0,0,0,0,0
SUPER_Z,12360000,0,0,0,0,0,0
SUPER_Z,12370000,0,0,0,0,0,0
SUPER_Z,12380000,0,0,0,0,0,0
SUPER_Z,12390000,0,0,0,0,0,0
SUPER_Z,12400000,0,0,0,0,0,0
SUPER_Z,12410000,0,0,0,0,0,0
SUPER_Z,12420000,0,0,0,0,0,0
SUPER_Z,12430000,0,0,0,0,0,0
SUPER_Z,12440000,0,0,0,0,0,0
SUPER_Z,12450000,0,0,0,0,0,0
SUPER_Z,12460000,0,0,0,0,0,0
SUPER_Z,12470000,0,0,0,0,0,0
SUPER_Z,12480000,0,0,0,0,0,0
SUPER_Z,12490000,0,0,0,0,0,0
SUPER_Z,12500000,0,0,0,0,0,0
SUPER_Z,12510000,0,0,0,0,0,0
SUPER_Z,12520000,0,0,0,0,0,0
SUPER_Z,12530000,0,0,0,0,0,0
SUPER_Z,12540000,0,0,0,0,0,0
SUPER_Z,12550000,0,0,0,0,0,0
SUPER_Z,12560000,0,0,0,0,0,0
SUPER_Z,12570000,0,0,0,0,0,0
SUPER_Z,12580000,0,0,0,0,0,0
SUPER_Z,12590000,0,0,0,0,0,0
SUPER_Z,12600000,0,0,0,0,0,0
SUPER_Z,12610000,0,0,0,0,0,0
SUPER_Z,12620000,0,0,0,0,0,0
SUPER_Z,12630000,0,0,0,0,0,0
SUPER_Z,12640000,0,0,0,0,0,0
SUPER_Z,12650000,0,0,0,0,0,0
SUPER_Z,12660000,0,0,0,0,0,0
SUPER_Z,12670000,0,0,0,0,0,0
SUPER_Z,12680000,0,0,0,0,0,0
SUPER_Z,12690000,0,0,0,0,0,0
SUPER_Z,12700000,0,0,0,0,0,0
SUPER_Z,12710000,0,0,0,0,0,0
SUPER_Z,12720000,0,0,0,0,0,0
SUPER_Z,12730000,0,0,0,0,0,0
SUPER_Z,12740000,0,0,0,0,0,0
SUPER_Z,12750000,0,0,0,0,0,0
SUPER_Z,12760000,0,0,0,0,0,0
SUPER_Z,12770000,0,0,0,0,0,0
SUPER_Z,12780000,0,0,0,0,0,0
SUPER_Z,12790000,0,0,0,0,0,0
SUPER_Z,12800000,0,0,0,0,0,0
SUPER_Z,12810000,0,0,0,0,0,0
SUPER_Z,12820000,0,0,0,0,0,0
SUPER_Z,12830000,0,0,0,0,0,0
SUPER_Z,12840000,0,0,0,0,0,0
SUPER_Z,12850000,0,0,0,0,0,0
SUPER_Z,12860000,0,0,0,0,0,0
SUPER_Z,12870000,0,0,0,0,0,0
SUPER_Z,12880000,0,0,0,0,0,0
SUPER_Z,12890000,0,0,0,0,0,0
SUPER_Z,12900000,0,0,0,0,0,0
SUPER_Z,12910000,0,0,0,0,0,0
SUPER_Z,12920000,0,0,0,0,0,0
SUPER_Z,12930000,0,0,0,0,0,0
SUPER_Z,12940000,0,0,0,0,0,0
SUPER_Z,12950000,0,0,0,0,0,0
SUPER_Z,12960000,0,0,0,0,0,0
SUPER_Z,12970000,0,0,0,0,0,0
SUPER_Z,12980000,0,0,0,0,0,0
SUPER_Z,12990000,0,0,0,0,0,0
SUPER_Z,13000000,0,0,0,0,0,0
SUPER_Z,13010000,0,0,0,0,0,0
SUPER_Z,13020000,0,0,0,0,0,0
SUPER_Z,13030000,0,0,0,0,0,0
SUPER_Z,13040000,0,0,0,0,0,0
SUPER_Z,13050000,0,0,0,0,0,0
SUPER_Z,13060000,0,0,0,0,0,0
SUPER_Z,13070000,0,0,0,0,0,0
SUPER_Z,13080000,0,0,0,0,0,0
SUPER_Z,13090000,0,0,0,0,0,0
SUPER_Z,13100000,0,0,0,0,0,0
SUPER_Z,13110000,0,0,0,0,0,0
SUPER_Z,13120000,0,0,0,0,0,0
SUPER_Z,13130000,0,0,0,0,0,0
SUPER_Z,13140000,0,0,0,0,0,0
SUPER_Z,13150000,0,0,0,0,0,0
SUPER_Z,13160000,0,0,0,0,0,0
SUPER_Z,13170000,23,6,7,36,11,12
SUPER_Z,13180000,0,0,0,0,0,0
SUPER_Z,13190000,0,0,0,0,0,0
SUPER_Z,13200000,0,0,0,0,0,0
SUPER_Z,13210000,0,0,0,0,0,0
SUPER_Z,13220000,0,0,0,0,0,0
SUPER_Z,13230000,0,0,0,0,0,0
SUPER_Z,13240000,0,0,0,0,0,0
SUPER_Z,13250000,0,0,0,0,0,0
SUPER_Z,13260000,0,0,0,0,0,0
SUPER_Z,13270000,0,0,0,0,0,0
SUPER_Z,13280000,0,0,0,0,0,0
SUPER_Z,13290000,0,0,0,0,0,0
SUPER_Z,13300000,0,0,0,0,0,0
SUPER_Z,13310000,0,0,0,0,0,0
SUPER_Z,13320000,0,0,0,0,0,0
SUPER_Z,13330000,0,0,0,0,0,0
SUPER_Z,13340000,0,0,0,0,0,0
SUPER_Z,13350000,0,0,0,0,0,0
SUPER_Z,13360000,0,0,0,0,0,0
SUPER_Z,13370000,0,0,0,0,0,0
SUPER_Z,13380000,0,0,0,0,0,0
SUPER_Z,13390000,0,0,0,0,0,0
SUPER_Z,13400000,0,0,0,0,0,0
SUPER_Z,13410000,0,0,0,0,0,0
SUPER_Z,13420000,0,0,0,0,0,0
SUPER_Z,13430000,0,0,0,0,0,0
SUPER_Z,13440000,0,0,0,0,0,0
SUPER_Z,13450000,0,0,0,0,0,0
SUPER_Z,13460000,0,0,0,0,0,0
SUPER_Z,13470000,0,0,0,0,0,0
SUPER_Z,13480000,0,0,0,0,0,0
SUPER_Z,13490000,0,0,0,0,0,0
SUPER_Z,13500000,0,0,0,0,0,0
SUPER_Z,13510000,0,0,0,0,0,0
SUPER_Z,13520000,0,0,0,0,0,0
SUPER_Z,13530000,0,0,0,0,0,0
SUPER_Z,13540000,0,0,0,0,0,0
SUPER_Z,13550000,0,0,0,0,0,0
SUPER_Z,13560000,0,0,0,0,0,0
SUPER_Z,13570000,0,0,0,0,0,0
SUPER_Z,13580000,0,0,0,0,0,0
SUPER_Z,13590000,0,0,0,0,0,0
SUPER_Z,13600000,0,0,0,0,0,0
SUPER_Z,13610000,0,0,0,0,0,0
SUPER_Z,13620000,0,0,0,0,0,0
SUPER_Z,13630000,0,0,0,0,0,0
SUPER_Z,13640000,0,0,0,0,0,0
SUPER_Z,13650000,0,0,0,0,0,0
SUPER_Z,13660000,0,0,0,0,0,0
SUPER_Z,13670000,0,0,0,0,0,0
SUPER_Z,13680000,0,0,0,0,0,0
SUPER_Z,13690000,0,0,0,0,0,0
SUPER_Z,13700000,0,0,0,0,0,0
SUPER_Z,13710000,0,0,0,0,0,0
SUPER_Z,13720000,0,0,0,0,0,0
SUPER_Z,13730000,0,0,0,0,0,0
SUPER_Z,13740000,0,0,0,0,0,0
SUPER_Z,13750000,0,0,0,0,0,0
SUPER_Z,13760000,0,0,0,0,0,0
SUPER_Z,13770000,0,0,0,0,0,0
SUPER_Z,13780000,0,0,0,0,0,0
SUPER_Z,13790000,0,0,0,0,0,0
SUPER_Z,13800000,0,0,0,0,0,0
SUPER_Z,13810000,0,0,0,0,0,0
SUPER_Z,13820000,0,0,0,0,0,0
SUPER_Z,13830000,0,0,0,0,0,0
SUPER_Z,13840000,0,0,0,0,0,0
SUPER_Z,13850000,0,0,0,0,0,0
SUPER_Z,13860000,0,0,0,0,0,0
SUPER_Z,13870000,0,0,0,0,0,0
SUPER_Z,13880000,0,0,0,0,0,0
SUPER_Z,13890000,0,0,0,0,0,0
SUPER_Z,13900000,0,0,0,0,0,0
SUPER_Z,13910000,0,0,0,0,0,0
SUPER_Z,13920000,0,0,0,0,0,0
SUPER_Z,13930000,0,0,0,0,0,0
SUPER_Z,13940000,0,0,0,0,0,0
SUPER_Z,13950000,0,0,0,0,0,0
SUPER_Z,13960000,0,0,0,0,0,0
SUPER_Z,13970000,0,0,0,0,0,0
SUPER_Z,13980000,0,0,0,0,0,0
SUPER_Z,13990000,0,0,0,0,0,0
SUPER_Z,14000000,0,0,0,0,0,0
SUPER_Z,14010000,0,0,0,0,0,0
SUPER_Z,14020000,0,0,0,0,0,0
SUPER_Z,14030000,0,0,0,0,0,0
SUPER_Z,14040000,0,0,0,0,0,0
SUPER_Z,14050000,0,0,0,0,0,0
SUPER_Z,14060000,0,0,0,0,0,0
SUPER_Z,14070000,0,0,0,0,0,0
SUPER_Z,14080000,0,0,0,0,0,0
SUPER_Z,14090000,0,0,0,0,0,0
SUPER_Z,14100000,0,0,0,0,0,0
SUPER_Z,14110000,0,0,0,0,0,0
SUPER_Z,14120000,0,0,0,0,0,0
SUPER_Z,14130000,0,0,0,0,0,0
SUPER_Z,14140000,0,0,0,0,0,0
SUPER_Z,14150000,0,0,0,0,0,0
SUPER_Z,14160000,0,0,0,0,0,0
SUPER_Z,14170000,0,0,0,0,0,0
SUPER_Z,14180000,0,0,0,0,0,0
SUPER_Z,14190000,0,0,0,0,0,0
SUPER_Z,14200000,0,0,0,0,0,0
SUPER_Z,14210000,0,0,0,0,0,0
SUPER_Z,14220000,0,0,0,0,0,0
SUPER_Z,14230000,0,0,0,0,0,0
SUPER_Z,14240000,0,0,0,0,0,0
SUPER_Z,14250000,0,0,0,0,0,0
SUPER_Z,14260000,0,0,0,0,0,0
SUPER_Z,14270000,0,0,0,0,0,0
SUPER_Z,14280000,0,0,0,0,0,0
SUPER_Z,14290000,0,0,0,0,0,0
SUPER_Z,14300000,0,0,0,0,0,0
SUPER_Z,14310000,0,0,0,0,0,0
SUPER_Z,14320000,0,0,0,0,0,0
SUPER_Z,14330000,0,0,0,0,0,0
SUPER_Z,14340000,0,0,0,0,0,0
SUPER_Z,14350000,0,0,0,0,0,0
SUPER_Z,14360000,0,0,0,0,0,0
SUPER_Z,14370000,0,0,0,0,0,0
SUPER_Z,14380000,0,0,0,0,0,0
SUPER_Z,14390000,0,0,0,0,0,0
SUPER_Z,14400000,0,0,0,0,0,0
SUPER_Z,14410000,0,0,0,0,0,0
SUPER_Z,14420000,0,0,0,0,0,0
SUPER_Z,14430000,0,0,0,0,0,0
SUPER_Z,14440000,0,0,0,0,0,0
SUPER_Z,14450000,0,0,0,0,0,0
SUPER_Z,14460000,0,0,0,0,0,0
SUPER_Z,14470000,0,0,0,0,0,0
SUPER_Z,14480000,0,0,0,0,0,0
SUPER_Z,14490000,0,0,0,0,0,0
SUPER_Z,14500000,0,0,0,0,0,0
SUPER_Z,14510000,0,0,0,0,0,0
SUPER_Z,14520000,0,0,0,0,0,0
SUPER_Z,14530000,0,0,0,0,0,0
SUPER_Z,14540000,0,0,0,0,0,0
SUPER_Z,14550000,0,0,0,0,0,0
SUPER_Z,14560000,0,0,0,0,0,0
SUPER_Z,14570000,0,0,0,0,0,0
SUPER_Z,14580000,0,0,0,0,0,0
SUPER_Z,14590000,0,0,0,0,0,0
SUPER_Z,14600000,0,0,0,0,0,0
SUPER_Z,14610000,0,0,0,0,0,0
SUPER_Z,14620000,0,0,0,0,0,0
SUPER_Z,14630000,0,0,0,0,0,0
SUPER_Z,14640000,0,0,0,0,0,0
SUPER_Z,14650000,0,0,0,0,0,0
SUPER_Z,14660000,0,0,0,0,0,0
SUPER_Z,14670000,0,0,0,0,0,0
SUPER_Z,14680000,0,0,0,0,0,0
SUPER_Z,14690000,0,0,0,0,0,0
SUPER_Z,14700000,0,0,0,0,0,0
SUPER_Z,14710000,0,0,0,0,0,0
SUPER_Z,14720000,0,0,0,0,0,0
SUPER_Z,14730000,0,0,0,0,0,0
SUPER_Z,14740000,0,0,0,0,0,0
SUPER_Z,14750000,0,0,0,0,0,0
SUPER_Z,14760000,0,0,0,0,0,0
SUPER_Z,14770000,0,0,0,0,0,0
SUPER_Z,14780000,0,0,0,0,0,0
SUPER_Z,14790000,0,0,0,0,0,0
SUPER_Z,14800000,0,0,0,0,0,0
SUPER_Z,14810000,0,0,0,0,0,0
SUPER_Z,14820000,0,0,0,0,0,0
SUPER_Z,14830000,0,0,0,0,0,0
SUPER_Z,14840000,0,0,0,0,0,0
SUPER_Z,14850000,0,0,0,0,0,0
SUPER_Z,14860000,0,0,0,0,0,0
SUPER_Z,14870000,0,0,0,0,0,0
SUPER_Z,14880000,0,0,0,0,0,0
SUPER_Z,14890000,0,0,0,0,0,0
SUPER_Z,14900000,0,0,0,0,0,0
SUPER_Z,14910000,0,0,0,0,0,0
SUPER_Z,14920000,0,0,0,0,0,0
SUPER_Z,14930000,0,0,0,0,0,0
SUPER_Z,14940000,0,0,0,0,0,0
SUPER_Z,14950000,0,0,0,0,0,0
SUPER_Z,14960000,0,0,0,0,0,0
SUPER_Z,14970000,0,0,0,0,0,0
SUPER_Z,14980000,0,0,0,0,0,0
SUPER_Z,14990000,0,0,0,0,0,0
SUPER_Z,15000000,0,0,0,0,0,0
SUPER_Z,15010000,0,0,0,0,0,0
SUPER_Z,15020000,0,0,0,0,0,0
SUPER_Z,15030000,0,0,0,0,0,0
SUPER_Z,15040000,0,0,0,0,0,0
SUPER_Z,15050000,0,0,0,0,0,0
SUPER_Z,15060000,0,0,0,0,0,0
SUPER_Z,15070000,0,0,0,0,0,0
SUPER_Z,15080000,0,0,0,0,0,0
SUPER_Z,15090000,0,0,0,0,0,0
SUPER_Z,15100000,0,0,0,0,0,0
SUPER_Z,15110000,0,0,0,0,0,0
SUPER_Z,15120000,0,0,0,0,0,0
SUPER_Z,15130000,0,0,0,0,0,0
SUPER_Z,15140000,0,0,0,0,0,0
SUPER_Z,15150000,0,0,0,0,0,0
SUPER_Z,15160000,0,0,0,0,0,0
SUPER_Z,15170000,0,0,0,0,0,0
SUPER_Z,15180000,0,0,0,0,0,0
SUPER_Z,15190000,0,0,0,0,0,0
SUPER_Z,15200000,0,0,0,0,0,0
SUPER_Z,15210000,0,0,0,0,0,0
SUPER_Z,15220000,0,0,0,0,0,0
SUPER_Z,15230000,0,0,0,0,0,0
SUPER_Z,15240000,0,0,0,0,0,0
SUPER_Z,15250000,0,0,0,0,0,0
SUPER_Z,15260000,0,0,0,0,0,0
SUPER_Z,15270000,0,0,0,0,0,0
SUPER_Z,15280000,0,0,0,0,0,0
SUPER_Z,15290000,0,0,0,0,0,0
SUPER_Z,15300000,0,0,0,0,0,0
SUPER_Z,15310000,0,0,0,0,0,0
SUPER_Z,15320000,0,0,0,0,0,0
SUPER_Z,15330000,0,0,0,0,0,0
SUPER_Z,15340000,0,0,0,0,0,0
SUPER_Z,15350000,0,0,0,0,0,0
SUPER_Z,15360000,0,0,0,0,0,0
SUPER_Z,15370000,0,0,0,0,0,0
SUPER_Z,15380000,0,0,0,0,0,0
SUPER_Z,15390000,0,0,0,0,0,0
SUPER_Z,15400000,0,0,0,0,0,0
SUPER_Z,15410000,0,0,0,0,0,0
SUPER_Z,15420000,0,0,0,0,0,0
SUPER_Z,15430000,0,0,0,0,0,0
SUPER_Z,15440000,0,0,0,0,0,0
SUPER_Z,15450000,0,0,0,0,0,0
SUPER_Z,15460000,0,0,0,0,0,0
SUPER_Z,15470000,0,0,0,0,0,0
SUPER_Z,15480000,0,0,0,0,0,0
SUPER_Z,15490000,0,0,0,0,0,0
SUPER_Z,15500000,0,0,0,0,0,0
SUPER_Z,15510000,0,0,0,0,0,0
SUPER_Z,15520000,0,0,0,0,0,0
SUPER_Z,15530000,0,0,0,0,0,0
SUPER_Z,15540000,0,0,0,0,0,0
SUPER_Z,15550000,0,0,0,0,0,0
SUPER_Z,15560000,0,0,0,0,0,0
SUPER_Z,15570000,0,0,0,0,0,0
SUPER_Z,15580000,0,0,0,0,0,0
SUPER_Z,15590000,0,0,0,0,0,0
SUPER_Z,15600000,0,0,0,0,0,0
SUPER_Z,15610000,0,0,0,0,0,0
SUPER_Z,15620000,0,0,0,0,0,0
SUPER_Z,15630000,0,0,0,0,0,0
SUPER_Z,15640000,0,0,0,0,0,0
SUPER_Z,15650000,0,0,0,0,0,0
SUPER_Z,15660000,0,0,0,0,0,0
SUPER_Z,15670000,0,0,0,0,0,0
SUPER_Z,15680000,0,0,0,0,0,0
SUPER_Z,15690000,0,0,0,0,0,0
SUPER_Z,15700000,0,0,0,0,0,0
SUPER_Z,15710000,0,0,0,0,0,0
SUPER_Z,15720000,0,0,0,0,0,0
SUPER_Z,15730000,0,0,0,0,0,0
SUPER_Z,15740000,0,0,0,0,0,0
SUPER_Z,15750000,0,0,0,0,0,0
SUPER_Z,15760000,0,0,0,0,0,0
SUPER_Z,15770000,0,0,0,0,0,0
SUPER_Z,15780000,0,0,0,0,0,0
SUPER_Z,15790000,0,0,0,0,0,0
SUPER_Z,15800000,0,0,0,0,0,0
SUPER_Z,15810000,0,0,0,0,0,0
SUPER_Z,15820000,0,0,0,0,0,0
SUPER_Z,15830000,0,0,0,0,0,0
SUPER_Z,15840000,0,0,0,0,0,0
SUPER_Z,15850000,0,0,0,0,0,0
SUPER_Z,15860000,0,0,0,0,0,0
SUPER_Z,15870000,0,0,0,0,0,0
SUPER_Z,15880000,0,0,0,0,0,0
SUPER_Z,15890000,0,0,0,0,0,0
SUPER_Z,15900000,0,0,0,0,0,0
SUPER_Z,15910000,0,0,0,0,0,0
SUPER_Z,15920000,0,0,0,0,0,0
SUPER_Z,15930000,0,0,0,0,0,0
SUPER_Z,15940000,0,0,0,0,0,0
SUPER_Z,15950000,0,0,0,0,0,0
SUPER_Z,15960000,0,0,0,0,0,0
SUPER_Z,15970000,0,0,0,0,0,0
SUPER_Z,15980000,0,0,0,0,0,0
SUPER_Z,15990000,0,0,0,0,0,0
SUPER_Z,16000000,0,0,0,0,0,0
SUPER_Z,16010000,0,0,0,0,0,0
SUPER_Z,16020000,0,0,0,0,0,0
SUPER_Z,16030000,0,0,0,0,0,0
SUPER_Z,16040000,0,0,0,0,0,0
SUPER_Z,16050000,0,0,0,0,0,0
SUPER_Z,16060000,0,0,0,0,0,0
SUPER_Z,16070000,0,0,0,0,0,0
SUPER_Z,16080000,0,0,0,0,0,0
SUPER_Z,16090000,0,0,0,0,0,0
SUPER_Z,16100000,0,0,0,0,0,0
SUPER_Z,16110000,0,0,0,0,0,0
SUPER_Z,16120000,0,0,0,0,0,0
SUPER_Z,16130000,0,0,0,0,0,0
SUPER_Z,16140000,0,0,0,0,0,0
SUPER_Z,16150000,0,0,0,0,0,0
SUPER_Z,16160000,0,0,0,0,0,0
SUPER_Z,16170000,0,0,0,0,0,0
SUPER_Z,16180000,0,0,0,0,0,0
SUPER_Z,16190000,0,0,0,0,0,0
SUPER_Z,16200000,0,0,0,0,0,0
SUPER_Z,16210000,0,0,0,0,0,0
SUPER_Z,16220000,0,0,0,0,0,0
SUPER_Z,16230000,0,0,0,0,0,0
SUPER_Z,16240000,0,0,0,0,0,0
SUPER_Z,16250000,0,0,0,0,0,0
SUPER_Z,16260000,0,0,0,0,0,0
SUPER_Z,16270000,0,0,0,0,0,0
SUPER_Z,16280000,0,0,0,0,0,0
SUPER_Z,16290000,0,0,0,0,0,0
SUPER_Z,16300000,0,0,0,0,0,0
SUPER_Z,16310000,0,0,0,0,0,0
SUPER_Z,16320000,0,0,0,0,0,0
SUPER_Z,16330000,0,0,0,0,0,0
SUPER_Z,16340000,0,0,0,0,0,0
SUPER_Z,16350000,0,0,0,0,0,0
SUPER_Z,16360000,0,0,0,0,0,0
SUPER_Z,16370000,0,0,0,0,0,0
SUPER_Z,16380000,0,0,0,0,0,0
SUPER_Z,16390000,0,0,0,0,0,0
SUPER_Z,16400000,0,0,0,0,0,0
SUPER_Z,16410000,0,0,0,0,0,0
SUPER_Z,16420000,0,0,0,0,0,0
SUPER_Z,16430000,0,0,0,0,0,0
SUPER_Z,16440000,0,0,0,0,0,0
SUPER_Z,16450000,0,0,0,0,0,0
SUPER_Z,16460000,0,0,0,0,0,0
SUPER_Z,16470000,0,0,0,0,0,0
SUPER_Z,16480000,0,0,0,0,0,0
SUPER_Z,16490000,0,0,0,0,0,0
SUPER_Z,16500000,0,0,0,0,0,0
SUPER_Z,16510000,0,0,0,0,0,0
SUPER_Z,16520000,0,0,0,0,0,0
SUPER_Z,16530000,0,0,0,0,0,0
SUPER_Z,16540000,0,0,0,0,0,0
SUPER_Z,16550000,0,0,0,0,0,0
SUPER_Z,16560000,0,0,0,0,0,0
SUPER_Z,16570000,0,0,0,0,0,0
SUPER_Z,16580000,0,0,0,0,0,0
SUPER_Z,16590000,0,0,0,0,0,0
SUPER_Z,16600000,0,0,0,0,0,0
SUPER_Z,16610000,0,0,0,0,0,0
SUPER_Z,16620000,0,0,0,0,0,0
SUPER_Z,16630000,0,0,0,0,0,0
SUPER_Z,16640000,0,0,0,0,0,0
SUPER_Z,16650000,0,0,0,0,0,0
SUPER_Z,16660000,0,0,0,0,0,0
SUPER_Z,16670000,0,0,0,0,0,0
scaffold_MT,10000,21,15,25,61,11,10
